49 62 1582
94 29 64 6 68 15 4 40 5 75 32 74 16 98 61 19 91 51 27 99 78 94 2 4 2 61 16 7 98 74 53 91 2 16 97 70 82 100 61 86 26 92 12 41 42 24 60 84 75 86 83 4 31 36 7 84 96 74 91 45 47 95 
36 1 10 84 22 44 35 82 29 60 25 92 100 18 16 11 2 90 48 36 93 79 71 51 14 66 77 56 11 23 50 98 23 12 33 96 55 67 77 35 26 54 27 77 71 42 88 24 83 35 59 75 65 29 77 79 47 53 86 57 28 36 
6 2 47 38 98 53 4 74 87 81 79 13 57 50 6 96 25 88 83 84 62 47 12 91 77 58 43 63 66 70 50 23 24 48 60 21 100 15 46 86 95 25 51 4 26 56 99 50 44 81 33 57 80 97 99 8 6 42 22 24 63 71 
46 86 18 58 6 69 24 52 7 19 28 57 74 53 64 72 2 59 5 87 68 36 35 66 95 40 7 17 15 22 39 61 59 9 70 17 77 93 20 83 63 47 91 36 51 7 60 4 65 16 42 84 51 76 50 45 68 8 13 82 81 52 
94 40 60 63 56 88 8 27 71 70 25 13 6 75 71 17 78 88 32 20 71 34 47 20 78 14 80 43 48 60 94 41 99 5 56 6 92 63 84 14 84 8 79 41 82 49 57 12 36 40 31 59 73 29 30 3 43 9 45 42 69 90 
82 19 94 89 77 85 3 60 51 87 68 29 27 49 77 36 60 65 75 42 75 48 71 4 50 65 65 46 6 33 35 39 3 28 28 79 64 82 39 14 68 6 42 47 6 71 82 18 87 8 59 61 55 81 16 56 45 80 53 50 12 87 
41 15 66 20 45 82 1 83 47 21 40 41 19 46 11 100 63 49 59 73 9 66 54 24 21 98 4 26 100 67 64 40 33 82 59 78 63 11 12 61 31 52 1 49 97 11 100 11 59 59 83 19 76 36 95 96 86 98 73 85 16 37 
76 49 18 86 78 32 96 89 92 79 40 93 79 88 55 79 50 66 89 33 36 64 20 30 11 5 79 36 41 47 72 16 95 41 1 24 24 49 12 67 27 4 11 5 43 18 35 93 83 75 25 70 38 44 52 1 1 30 36 41 76 59 
57 22 51 9 45 74 57 9 40 83 64 51 40 6 68 74 50 2 49 74 23 38 70 74 90 70 4 25 62 31 35 18 5 85 79 1 58 35 61 50 70 24 100 9 82 19 34 31 72 34 57 94 72 26 68 13 47 23 90 60 5 24 
30 9 9 8 62 18 42 22 19 11 98 70 71 79 88 5 9 11 38 65 5 61 42 24 26 40 46 15 52 2 38 81 63 98 88 24 68 29 45 86 92 42 56 62 72 95 18 33 6 8 49 10 68 43 85 93 34 30 59 85 83 97 
65 45 46 52 68 65 33 65 51 24 58 58 37 30 52 55 14 57 62 62 18 81 4 2 26 38 83 84 22 66 32 39 62 30 90 30 94 74 46 44 97 3 1 34 84 5 40 97 61 53 59 31 33 62 84 10 51 67 94 25 84 25 
63 45 54 4 26 100 78 71 43 74 26 96 59 9 100 50 58 12 2 68 42 87 81 26 96 32 44 89 56 27 66 18 23 71 21 1 70 50 23 65 24 48 60 34 9 11 36 66 22 37 85 64 23 65 89 19 96 32 59 3 10 76 
72 84 47 93 84 68 42 7 32 17 6 43 3 14 53 38 31 75 26 15 38 1 80 78 71 27 61 81 30 22 57 1 5 55 45 41 22 39 99 6 7 4 48 61 18 1 50 100 75 76 15 64 28 46 93 50 72 5 30 53 78 86 
54 34 92 50 74 14 40 72 19 47 76 66 7 45 18 9 44 44 84 10 7 63 55 51 12 79 55 93 31 84 79 36 18 22 38 91 35 77 15 5 23 42 23 82 86 40 90 81 84 25 43 42 39 49 45 50 27 51 42 10 35 72 
97 52 94 86 42 80 63 56 85 37 49 59 18 86 98 59 67 33 35 61 75 73 9 19 74 88 21 68 49 55 39 97 6 84 83 48 16 45 55 52 33 56 10 3 41 59 61 59 92 48 19 18 20 80 88 94 67 8 61 67 63 51 
63 68 87 45 67 54 41 74 5 74 29 14 76 69 24 88 80 67 35 98 84 7 77 23 100 95 83 12 61 45 14 76 64 52 72 83 5 65 8 9 38 36 74 65 56 50 4 35 16 91 85 52 97 13 74 48 8 56 59 20 52 24 
95 68 28 19 50 32 83 57 93 72 44 18 88 51 67 91 38 83 81 74 34 77 86 59 24 93 15 34 65 18 10 11 85 37 29 86 20 11 94 12 82 37 30 69 40 48 60 29 30 92 2 15 21 87 26 96 32 40 82 96 9 91 
6 94 79 35 79 98 97 73 10 79 61 91 99 100 38 10 80 20 2 81 86 74 20 11 69 51 2 50 98 11 92 55 4 70 89 34 20 38 6 29 16 67 71 14 18 8 76 50 79 77 30 65 2 49 75 70 51 29 72 48 39 63 
3 94 85 43 27 4 80 33 84 47 51 54 13 20 13 88 69 92 16 51 56 17 99 82 86 50 62 57 97 100 72 51 93 8 94 20 11 73 4 94 72 54 99 84 25 11 71 46 2 86 96 9 2 94 43 39 95 4 96 44 4 19 
94 48 26 39 67 88 64 70 33 35 75 31 18 52 41 88 97 95 25 92 3 26 85 97 64 32 1 11 75 4 81 20 3 6 59 70 45 74 91 77 8 66 59 25 69 52 64 65 46 88 56 100 65 92 97 28 23 97 91 49 52 71 
21 54 77 79 75 73 52 66 50 11 83 60 87 51 11 50 15 56 37 22 8 53 13 4 80 88 52 70 36 3 93 56 8 21 86 83 93 89 100 94 99 34 54 85 84 64 86 50 72 74 71 79 26 35 82 58 22 33 79 58 87 71 
65 46 91 3 80 84 91 31 77 42 64 30 78 99 46 16 48 17 89 70 95 15 5 28 72 26 12 50 35 50 73 100 47 63 2 27 46 44 57 75 85 21 4 15 19 1 30 19 17 18 88 63 84 92 42 7 18 53 9 4 54 81 
3 1 43 56 79 41 100 35 15 36 7 70 50 78 71 31 96 39 1 83 54 36 27 95 43 96 100 3 99 5 35 54 5 29 9 83 69 8 70 35 44 76 5 45 5 27 28 100 65 28 35 70 63 13 65 57 8 16 11 58 20 45 
11 77 74 72 11 94 79 80 29 74 8 85 71 12 11 98 64 27 77 98 97 91 62 13 48 21 28 10 78 99 7 41 75 32 12 86 25 42 65 5 68 24 89 38 36 51 35 51 30 63 100 26 53 61 90 52 81 69 62 10 67 68 
2 42 99 65 27 75 7 43 80 74 67 20 63 54 23 49 56 52 11 55 29 63 67 18 15 47 38 76 8 4 95 10 45 93 26 23 67 32 18 98 57 36 70 19 41 92 67 96 43 77 50 23 92 16 92 6 14 29 33 73 32 27 
34 29 19 60 3 37 43 20 87 100 55 56 70 95 47 89 42 41 17 91 15 8 58 6 65 23 86 97 96 69 23 29 49 93 88 52 82 31 23 68 82 78 23 3 24 21 91 66 13 8 8 27 67 18 84 32 92 21 28 87 89 3 
68 38 47 7 41 28 89 63 47 70 92 21 73 16 41 15 33 5 74 92 83 41 61 66 24 53 86 3 39 27 57 58 64 4 65 4 31 53 66 30 75 58 50 47 25 91 13 9 47 87 100 30 79 61 95 2 13 33 56 3 59 13 
61 74 16 77 29 98 29 46 27 3 55 77 1 79 19 14 39 65 52 39 94 82 51 41 83 15 73 90 69 83 2 81 8 69 57 36 67 86 81 45 40 36 21 41 66 91 6 5 56 9 95 1 90 45 41 24 11 65 13 79 99 67 
60 6 35 68 41 1 5 74 98 45 61 18 37 78 9 94 82 16 2 28 16 43 24 9 66 34 73 30 65 72 96 76 77 31 43 70 83 100 95 80 44 7 50 32 84 10 25 18 77 78 45 92 20 69 100 37 54 25 66 70 96 14 
45 24 44 40 45 78 91 39 10 34 45 59 17 81 20 93 98 96 22 94 39 93 62 39 29 68 15 46 37 10 59 34 85 54 25 30 84 15 20 93 100 17 51 16 97 22 60 94 17 81 39 55 73 1 45 53 20 59 50 56 20 9 
41 5 14 65 34 97 79 5 89 30 21 91 45 17 12 4 62 80 36 1 35 8 53 79 12 72 90 62 79 9 22 72 65 35 36 98 84 67 55 72 96 75 15 93 44 78 48 57 58 84 57 92 43 61 22 55 84 11 68 15 72 89 
86 36 75 73 86 58 91 40 82 87 66 96 31 9 25 78 66 82 13 74 73 56 35 47 62 70 9 29 84 32 17 69 68 91 94 5 1 84 44 82 22 9 29 52 70 53 82 35 35 94 8 59 49 94 5 62 64 66 90 47 97 6 
68 16 49 61 20 49 96 15 30 18 76 10 69 45 62 50 31 48 96 90 7 44 84 63 58 99 28 47 97 77 5 16 92 53 28 64 53 24 78 34 41 5 43 9 49 4 11 31 52 6 21 10 1 56 72 58 54 52 57 2 80 61 
18 23 65 45 86 17 68 16 50 60 20 92 21 21 47 83 51 50 88 23 11 40 78 35 50 83 38 6 85 17 18 54 39 82 50 77 98 70 92 99 29 63 42 49 83 40 31 86 90 70 8 52 62 38 86 11 72 23 68 56 39 85 
61 30 66 11 58 15 32 49 13 60 63 54 61 98 93 43 83 34 65 42 86 26 31 23 88 3 46 55 10 36 39 71 17 56 33 74 70 64 74 82 75 37 87 87 34 31 30 16 65 46 9 2 71 40 76 10 94 21 64 3 9 54 
25 25 9 57 99 78 72 72 11 47 8 97 33 93 27 14 60 43 59 69 96 81 60 72 90 53 44 5 7 52 10 32 77 18 88 27 95 12 50 57 58 10 53 42 2 32 56 62 26 66 82 22 99 93 45 40 45 88 97 3 92 6 
34 68 24 74 46 70 85 95 27 42 4 31 35 58 62 42 19 88 8 52 61 58 44 57 97 40 44 93 42 87 99 28 54 74 1 51 43 85 46 21 78 1 52 12 58 65 6 28 52 65 31 64 22 74 20 70 65 16 63 59 2 13 
86 8 38 86 10 32 22 55 53 99 8 4 62 17 68 67 97 72 31 27 87 4 53 59 74 69 26 88 27 79 52 64 86 89 49 96 20 22 2 72 20 61 27 34 30 47 52 26 18 35 4 56 38 56 14 11 25 39 98 3 18 49 
67 55 89 67 2 9 89 56 32 60 68 59 93 97 5 97 22 74 31 26 29 68 33 95 79 9 33 28 12 2 29 30 9 17 96 10 77 36 17 9 96 85 19 40 81 75 36 55 48 66 32 28 86 64 22 16 25 7 43 88 60 71 
17 68 40 64 30 16 100 46 24 47 82 42 86 63 68 74 17 15 39 100 95 76 63 68 91 39 26 86 26 86 8 94 5 47 58 34 63 57 32 38 3 13 32 40 27 99 13 95 66 4 94 60 79 57 79 22 47 5 7 73 42 14 
66 46 61 75 32 75 83 15 64 37 27 47 77 54 46 41 48 63 44 94 74 75 2 52 96 48 56 54 20 97 67 38 95 79 12 26 5 95 40 69 83 18 67 59 23 12 100 23 26 95 16 99 21 17 51 16 64 6 69 36 55 88 
73 49 18 36 74 23 82 65 43 65 82 9 75 5 73 26 27 98 21 42 97 41 58 99 9 21 4 29 8 10 68 80 58 86 68 83 8 49 47 50 65 29 10 92 85 34 17 11 32 89 4 80 82 61 78 42 33 33 70 93 43 38 
72 100 23 91 83 82 92 29 83 8 9 44 99 93 78 16 55 9 4 58 40 37 70 17 78 3 49 48 95 43 37 18 43 11 61 77 44 52 57 26 59 66 69 58 10 46 25 65 6 80 22 45 17 92 13 94 46 14 41 92 56 29 
61 50 91 73 78 34 24 35 11 35 52 80 44 61 77 68 25 35 47 99 31 63 42 96 57 39 9 49 82 16 30 42 18 20 15 95 54 90 29 16 24 32 95 19 93 24 86 69 10 85 19 40 47 60 35 55 98 95 56 79 11 85 
73 80 56 39 74 61 28 55 77 4 86 23 22 78 46 60 99 7 44 17 47 42 77 33 49 26 80 4 57 90 40 81 21 47 19 94 8 98 48 84 1 34 6 75 63 4 86 13 62 29 30 8 22 58 93 22 35 72 25 91 13 16 
23 33 63 41 78 70 91 26 5 91 11 62 17 25 17 2 38 79 82 67 38 56 76 82 77 10 53 54 53 17 21 75 1 83 68 79 4 58 56 60 100 66 22 17 90 90 70 79 20 4 45 58 11 72 39 39 82 44 92 34 12 13 
60 13 47 27 91 3 84 46 62 84 63 35 52 4 77 73 83 96 28 79 53 38 51 44 29 84 39 20 69 50 84 28 62 83 55 4 85 90 1 98 25 63 85 76 67 61 1 1 56 28 31 61 18 81 4 46 64 42 17 32 91 1 
12 5 35 18 8 19 7 9 68 84 23 52 59 41 12 11 93 68 91 24 80 8 4 83 5 20 76 21 3 66 73 14 22 7 83 30 77 42 90 45 25 64 48 83 5 60 46 97 79 36 20 58 43 76 92 47 47 67 19 49 84 92 
15 6 50 97 87 27 38 28 23 62 91 70 97 47 81 94 44 11 29 15 20 23 42 11 21 88 29 39 89 13 82 55 70 32 51 56 10 41 83 84 54 73 5 2 20 86 95 15 48 75 81 68 97 75 30 17 62 59 8 2 23 89 
1 1 1 0 0 0 0 0 1 1 0 0 1 1 1 1 1 0 0 0 1 0 0 1 1 1 1 0 1 1 0 0 0 0 0 0 0 0 0 0 0 0 0 1 0 1 0 1 1 0 1 1 1 1 0 0 1 1 0 0 0 0 
0 0 0 1 0 1 1 0 1 1 0 1 0 0 0 1 0 1 1 1 0 0 1 0 0 0 1 0 0 1 1 0 1 1 1 1 0 1 1 1 0 0 0 1 0 0 0 0 0 1 0 0 0 1 1 0 1 0 1 1 0 0 
1 1 1 1 1 0 0 0 1 0 0 0 1 1 0 1 1 0 1 1 1 1 0 0 1 1 0 0 0 0 0 0 0 0 1 1 0 1 1 1 1 0 1 1 1 0 0 0 0 1 0 1 0 0 1 0 0 0 0 0 0 1 
0 0 1 1 1 1 0 1 0 0 1 0 1 0 0 1 0 0 1 0 0 1 1 1 1 1 1 0 1 0 1 0 0 0 1 0 1 0 1 1 0 0 1 1 0 1 0 0 0 1 1 0 1 0 1 0 1 1 0 0 1 1 
0 1 1 0 1 0 0 0 0 0 0 1 1 0 1 1 1 1 1 0 1 0 0 0 0 1 1 1 1 0 0 0 0 0 0 1 0 0 0 0 0 0 0 1 1 1 0 0 0 1 0 1 1 0 1 0 1 1 1 0 1 1 
0 1 1 0 1 0 0 1 0 0 1 0 1 0 1 0 0 1 1 0 0 1 0 0 1 1 1 0 0 0 1 0 0 1 1 1 1 1 0 1 0 1 0 1 0 1 1 0 1 1 1 1 0 1 1 1 1 0 1 1 1 0 
1 1 1 0 0 0 0 0 0 0 1 0 1 1 1 1 0 0 0 1 0 0 0 1 1 1 0 0 0 1 0 0 0 0 0 0 0 0 0 0 0 1 0 0 1 0 1 1 0 1 0 0 1 0 0 0 0 0 0 0 1 0 
0 1 0 1 1 1 1 1 1 0 0 0 0 1 0 1 0 0 0 0 1 1 1 1 1 1 1 1 1 0 1 0 1 0 1 0 1 0 1 0 0 1 0 0 1 0 1 1 1 1 0 0 0 1 1 1 0 0 0 1 0 0 
1 1 0 0 1 1 1 0 1 1 1 0 0 0 0 1 0 1 1 0 1 1 1 0 1 1 0 1 0 0 1 0 1 1 0 0 0 1 0 0 1 0 0 1 0 0 0 0 0 1 0 1 1 1 0 0 0 0 1 1 1 1 
1 0 0 1 1 1 1 1 1 0 1 1 1 0 1 1 0 1 1 1 1 0 0 1 0 1 1 1 0 0 0 1 1 1 0 0 0 1 1 1 1 1 0 0 1 1 0 1 1 1 0 0 1 1 1 1 0 0 0 0 1 1 
1 0 0 1 0 0 1 1 1 0 0 1 1 1 0 1 1 1 0 1 1 1 0 0 0 0 1 0 0 0 1 1 0 1 1 0 1 0 1 0 0 0 1 1 1 0 0 0 1 0 0 1 1 0 1 1 1 0 0 1 0 1 
1 0 1 0 0 0 0 0 1 0 0 0 0 1 0 0 0 0 1 0 1 0 0 0 0 1 1 0 1 1 1 0 0 0 0 0 1 0 0 0 0 0 0 0 0 1 1 0 1 0 0 0 0 0 0 0 0 1 0 1 1 0 
1 1 0 1 1 1 1 0 1 1 0 0 0 0 1 1 0 0 1 0 0 1 1 0 0 1 0 0 0 1 0 1 0 1 0 1 0 1 1 0 0 0 0 0 0 1 1 1 1 0 1 1 0 0 1 0 1 1 0 1 0 1 
0 0 0 0 0 0 1 1 0 0 1 0 0 0 1 0 1 0 0 0 1 0 1 1 0 0 0 1 0 1 0 0 1 0 1 1 0 0 1 1 0 0 1 1 0 1 1 1 1 1 0 1 0 1 0 0 1 0 1 1 1 1 
0 1 1 1 0 0 1 1 1 0 0 0 1 0 1 0 0 1 1 0 0 1 1 0 0 0 0 1 0 0 1 0 1 0 1 1 0 0 1 1 0 1 0 1 1 1 1 1 0 1 1 0 0 0 0 0 1 1 0 1 1 1 
1 0 1 0 1 0 0 0 1 1 1 1 0 1 1 0 0 1 1 0 0 1 0 0 0 1 1 0 0 0 1 1 0 0 1 0 0 0 0 0 1 0 1 1 1 0 1 1 0 0 1 0 0 0 0 0 1 0 0 0 0 1 
1 1 1 1 1 0 1 1 0 0 1 1 1 0 0 1 0 0 1 1 0 1 1 0 1 1 0 1 1 1 0 0 0 0 1 1 0 0 0 0 0 0 1 0 0 1 1 0 1 0 0 1 0 1 0 1 0 0 1 1 1 1 
0 1 1 1 0 1 0 1 1 0 1 1 0 1 0 1 0 0 0 0 1 0 1 1 1 0 0 0 1 1 0 1 1 1 1 1 1 1 0 0 1 1 1 0 1 0 1 1 0 1 1 1 1 0 1 1 0 1 1 0 0 1 
1 1 1 0 1 0 1 1 0 1 1 0 1 0 0 0 1 0 0 0 1 1 0 0 0 1 1 0 1 0 1 0 1 0 1 0 0 0 0 1 1 1 1 0 1 1 1 0 1 1 0 0 0 0 1 1 1 0 1 0 0 0 
1 0 1 0 0 1 0 0 0 0 1 1 0 0 0 1 0 1 0 0 0 1 1 1 0 0 1 1 1 0 1 0 0 0 0 0 0 0 1 0 0 0 0 1 1 0 0 1 0 1 0 0 0 1 1 0 1 0 1 0 0 0 
0 0 1 0 1 1 1 0 1 1 0 1 0 1 0 1 1 0 0 1 0 0 0 1 0 1 1 1 0 0 1 0 0 0 1 1 1 0 1 1 1 0 0 0 1 0 1 0 0 1 1 0 1 1 1 1 1 1 0 1 1 1 
1 1 0 0 1 1 0 0 0 0 0 1 0 0 1 1 0 0 0 0 0 1 1 0 0 0 1 0 1 0 1 1 1 1 1 0 1 0 1 1 0 1 0 0 1 0 1 0 0 1 0 0 0 1 0 0 0 1 0 1 1 1 
0 1 1 0 1 0 0 0 1 0 0 0 0 1 0 1 1 0 0 1 0 0 1 1 0 1 0 0 0 0 1 1 1 0 1 0 0 1 1 0 1 1 0 1 0 0 0 0 0 0 1 0 0 0 1 0 1 0 0 0 0 1 
1 1 0 0 1 0 1 0 0 0 1 0 1 0 0 1 0 0 1 1 1 1 0 0 1 1 0 1 1 0 0 0 1 0 0 1 1 1 1 1 1 1 0 0 1 0 1 1 1 0 0 0 1 0 0 0 0 1 1 1 1 0 
0 1 0 0 0 1 0 1 1 1 0 1 0 1 1 1 0 0 0 1 0 1 1 1 0 1 0 1 1 1 1 1 0 0 1 0 1 1 0 0 1 0 1 1 0 1 0 0 1 0 1 0 0 1 1 0 0 1 1 1 0 1 
0 1 1 0 1 0 1 1 1 0 0 0 1 0 1 0 0 1 0 0 1 0 1 0 0 1 1 0 1 1 1 1 0 0 1 0 0 1 1 1 1 1 0 1 1 1 1 0 0 1 0 1 0 1 1 0 0 0 0 1 0 1 
1 0 1 0 0 0 1 0 1 1 1 1 0 1 1 1 1 1 0 1 1 0 0 0 1 0 1 1 0 1 1 1 1 0 1 0 0 1 0 0 0 1 1 0 0 0 1 1 0 1 0 1 0 0 1 1 1 0 0 1 1 1 
0 1 0 1 1 0 0 1 0 0 0 0 0 1 0 1 0 0 1 1 1 1 1 1 0 0 1 0 1 1 0 1 0 0 1 1 0 1 0 1 0 0 1 0 1 1 0 0 0 1 1 1 0 0 0 0 1 0 0 0 1 0 
0 1 0 1 0 1 0 0 0 0 0 1 1 0 0 1 0 0 0 1 0 0 1 0 0 0 0 0 1 1 1 1 0 1 0 0 0 0 0 0 1 1 1 0 1 0 1 1 0 1 0 0 1 1 1 1 0 1 1 1 1 0 
0 1 0 0 0 0 0 0 1 1 1 0 1 0 0 0 1 1 1 1 1 0 1 0 1 1 0 1 0 1 1 0 0 1 0 0 0 0 1 1 0 0 1 1 1 0 0 0 1 1 0 0 0 1 1 1 0 1 0 0 0 0 
0 0 1 0 1 1 0 0 0 0 0 0 0 1 0 0 0 1 1 0 1 1 1 0 1 1 1 1 1 1 1 1 0 1 1 1 0 1 1 1 0 1 1 0 1 1 0 1 0 1 1 1 1 0 0 0 1 1 1 0 1 1 
1 1 0 0 0 0 1 1 1 1 0 0 1 1 1 1 0 1 1 1 1 0 1 1 0 0 0 1 0 1 0 1 0 0 1 0 1 1 1 0 0 0 1 0 1 0 1 0 0 0 1 1 0 1 0 0 1 0 0 0 0 0 
1 0 1 1 1 0 0 0 0 0 0 1 0 0 0 0 0 0 0 1 1 1 0 1 1 0 1 1 0 1 0 1 0 1 0 1 1 0 1 1 1 0 1 1 0 1 1 0 1 0 1 0 1 0 1 0 0 0 0 0 0 0 
1 0 1 0 1 0 0 0 1 1 0 0 1 0 1 0 0 0 0 0 0 1 0 1 0 0 0 0 0 0 0 1 0 1 1 1 1 0 1 0 1 0 1 0 0 0 1 1 1 1 1 1 1 1 1 1 1 1 1 1 1 1 
0 1 0 0 0 1 0 1 1 1 1 0 0 0 1 1 1 0 0 0 1 1 1 0 0 0 1 1 1 0 0 1 1 0 1 1 1 1 1 1 1 0 1 1 0 0 0 1 0 0 1 0 0 0 0 0 0 0 0 1 0 0 
1 0 1 0 1 0 0 0 1 1 1 1 0 1 1 0 1 0 0 0 0 0 1 0 1 1 0 1 1 1 1 0 1 0 0 0 1 0 1 0 1 0 1 1 1 1 1 0 1 0 1 1 0 0 1 1 1 0 0 0 1 0 
0 0 0 1 0 1 1 1 0 1 1 1 0 1 0 0 1 1 0 0 0 0 0 0 0 0 0 0 0 1 0 1 1 1 0 1 0 1 1 0 0 0 0 1 1 0 1 1 0 1 1 0 1 0 0 1 0 0 0 0 1 0 
1 0 1 1 0 0 1 1 0 1 1 0 0 1 1 1 0 1 0 1 1 0 1 0 1 1 0 1 0 0 0 1 0 1 1 0 1 0 1 0 1 1 0 0 0 1 1 0 0 0 1 0 0 1 0 1 0 0 1 0 0 1 
0 1 0 1 1 0 1 1 0 0 0 0 0 0 0 0 0 0 0 1 0 0 0 0 1 1 1 0 1 1 1 1 0 0 0 0 0 1 1 0 0 1 0 0 1 0 0 1 1 0 0 1 0 1 0 0 0 1 0 1 0 0 
1 1 0 1 1 0 1 0 0 1 1 0 1 0 1 0 1 0 0 1 1 1 0 1 1 0 0 1 0 1 1 1 0 1 0 1 1 1 1 1 0 0 0 0 0 1 0 1 1 0 0 0 1 1 0 0 1 0 0 1 1 1 
0 1 1 1 0 0 0 1 0 1 1 0 1 1 1 1 0 0 1 1 0 1 0 0 1 1 1 1 1 0 1 1 0 0 0 0 0 1 0 0 0 1 0 1 1 1 0 1 1 1 0 0 0 0 0 0 0 1 1 1 0 0 
0 0 0 1 0 1 0 0 1 0 0 0 1 1 1 1 0 1 0 1 1 1 1 1 1 1 1 0 0 1 1 1 1 1 0 1 0 0 0 0 0 0 0 1 1 1 0 1 0 0 0 1 1 0 1 0 1 0 1 0 1 0 
1 0 1 1 1 0 1 1 0 1 1 0 0 0 1 0 0 0 0 0 1 0 0 0 0 0 0 1 0 1 1 1 1 1 0 1 1 1 0 1 0 0 1 0 0 0 0 0 0 0 1 0 0 1 0 1 1 1 0 1 0 0 
0 0 1 0 1 0 1 1 1 1 1 0 1 0 0 1 0 1 0 1 1 0 1 1 1 0 0 0 0 1 0 0 1 1 1 0 1 0 1 0 0 1 0 1 1 0 1 1 1 1 1 0 1 0 0 1 0 0 1 0 1 1 
1 0 0 0 0 1 0 0 1 0 1 1 0 0 1 1 1 1 0 0 1 1 0 1 0 1 0 1 1 1 0 0 0 0 0 0 1 1 0 0 1 1 1 1 1 1 0 1 0 0 1 1 0 0 1 0 1 1 0 0 0 0 
1 0 1 1 1 0 0 1 1 0 1 0 1 0 1 0 1 1 0 1 1 0 1 0 1 0 1 1 0 1 1 1 0 0 1 1 1 1 0 0 1 1 0 1 0 0 1 1 1 1 0 0 0 1 0 1 1 1 0 0 1 1 
1 1 0 0 0 1 0 0 1 1 0 1 0 0 1 1 1 1 1 0 1 1 1 0 0 1 1 0 1 0 1 0 1 1 1 1 0 1 0 1 0 0 1 1 0 0 0 1 1 1 1 1 0 1 1 0 0 0 0 1 1 0 
1 0 1 0 0 0 1 0 1 0 0 0 1 0 1 1 1 0 1 1 1 1 0 0 0 0 1 0 1 0 0 0 0 0 1 0 0 0 0 1 0 0 0 1 0 1 1 0 1 0 1 1 1 1 1 1 1 0 0 0 0 0 
0 1 0 1 1 0 0 0 0 0 0 0 0 1 1 1 1 0 1 0 1 0 1 1 0 0 1 0 0 0 0 0 1 1 0 0 1 0 0 1 0 1 1 0 0 0 1 1 1 0 1 0 1 0 1 1 0 1 1 0 1 1 
