58 42 1638
54 68 51 4 56 84 84 74 92 78 81 10 1 53 73 75 37 36 11 79 73 63 96 35 80 91 92 14 83 49 60 88 68 62 92 24 97 27 49 41 56 30 
2 56 34 74 30 71 62 40 49 34 55 97 69 34 87 60 47 21 61 58 9 28 19 52 51 68 30 100 8 85 81 9 93 14 83 22 84 44 14 33 29 68 
81 97 53 67 9 99 40 21 9 48 48 79 51 51 46 80 2 53 16 82 14 8 47 96 30 31 91 43 15 19 62 95 68 14 13 28 64 52 48 24 51 47 
3 1 97 100 80 98 5 96 31 18 55 78 65 84 60 55 78 74 25 91 20 44 56 32 71 20 36 70 95 86 17 97 39 65 97 18 15 53 65 45 70 20 
74 86 55 33 92 85 58 16 75 29 12 83 13 82 2 48 4 96 85 72 45 23 36 93 93 50 45 9 47 66 80 72 51 35 57 42 71 14 9 97 95 20 
79 7 54 80 54 57 28 38 28 24 13 15 16 5 17 12 65 15 77 45 86 27 31 94 20 1 8 80 97 2 100 76 60 53 7 13 61 86 2 40 9 14 
54 76 70 70 87 35 36 15 31 22 93 61 15 12 61 74 92 9 27 43 36 86 47 43 50 59 80 52 98 89 17 3 16 39 25 3 25 60 69 55 33 62 
15 100 25 27 73 16 35 52 10 71 89 56 65 39 66 44 42 63 84 10 66 100 100 90 54 24 1 22 78 34 83 44 33 8 22 57 75 57 8 37 79 49 
92 95 39 58 38 80 72 74 41 89 73 41 78 78 16 79 99 46 64 34 89 96 93 63 52 67 71 12 3 49 60 47 95 50 56 84 81 79 57 21 68 81 
13 97 58 29 27 9 74 90 42 14 85 34 28 89 52 98 52 55 98 63 53 92 12 60 76 92 38 84 64 5 65 77 2 74 57 28 82 82 70 23 95 6 
8 75 94 60 72 97 66 70 59 18 61 22 77 88 65 66 72 29 71 88 5 24 61 61 3 43 42 72 65 88 78 73 62 23 84 86 72 49 55 82 66 67 
4 94 55 68 11 26 48 33 65 52 56 25 64 11 67 57 34 84 97 63 56 10 38 91 95 9 39 49 90 56 16 45 1 22 65 11 99 12 44 63 16 51 
87 79 13 54 88 47 37 84 61 44 45 98 34 40 58 24 40 48 79 7 44 79 28 60 41 78 72 36 40 87 39 79 17 51 32 56 49 20 91 10 15 36 
7 100 27 65 23 66 64 53 25 59 83 4 19 75 82 42 11 21 80 49 51 48 51 82 4 100 53 94 61 19 29 67 18 7 83 92 73 98 44 97 57 78 
100 27 53 33 68 63 54 47 63 4 94 13 38 49 64 42 43 24 61 23 43 30 30 77 22 54 75 17 2 83 95 1 9 47 34 28 9 39 26 23 94 71 
35 83 20 51 77 62 26 37 36 68 66 65 45 39 70 71 56 71 5 50 24 65 96 9 92 56 99 17 78 44 39 64 27 58 66 55 71 92 43 7 59 60 
23 55 99 93 77 54 63 81 55 86 45 2 46 88 57 44 56 86 88 95 1 66 52 67 20 23 58 62 81 68 21 3 23 19 47 99 24 62 32 78 47 76 
31 45 64 87 88 71 24 75 65 25 40 17 91 11 91 48 72 71 15 93 25 89 63 72 40 39 33 71 68 31 98 99 75 13 85 63 84 9 89 48 85 81 
16 75 91 6 74 63 28 40 7 53 29 21 24 68 59 8 38 27 38 87 25 65 100 61 79 83 21 67 30 5 99 46 31 90 3 4 4 31 44 62 35 72 
82 10 91 93 17 80 19 6 66 95 70 65 55 48 47 76 67 29 32 65 26 63 6 28 66 61 58 61 22 44 32 56 53 22 48 69 53 66 75 19 12 96 
35 66 96 82 93 14 62 25 30 87 39 36 14 4 96 24 65 70 67 48 25 20 22 72 40 74 89 66 44 100 62 79 65 9 12 10 22 73 86 51 59 24 
38 72 79 34 95 95 55 14 43 79 85 16 50 24 41 38 90 85 89 3 15 53 11 26 62 32 98 99 34 56 22 72 79 1 57 26 95 11 39 89 89 23 
56 90 98 97 79 87 33 67 89 99 71 51 24 85 34 73 83 68 80 5 39 58 57 95 83 51 57 73 92 97 47 47 38 45 95 16 83 79 34 24 77 4 
74 100 40 8 72 23 27 3 79 65 61 35 11 95 37 19 20 80 15 66 79 52 62 73 19 45 52 52 20 80 7 93 80 47 52 3 21 30 6 99 46 18 
85 8 64 73 26 83 53 92 1 31 43 62 55 13 58 58 64 77 38 23 22 69 69 25 71 89 55 28 39 100 97 23 8 61 95 85 95 99 77 95 81 71 
9 36 84 18 93 99 47 82 21 68 50 41 44 73 81 50 52 19 50 49 93 9 61 40 45 55 38 73 2 19 44 10 6 79 79 50 77 25 32 50 92 81 
90 88 5 71 37 57 41 38 5 34 98 17 73 43 71 62 15 24 32 58 85 89 88 64 39 65 88 70 66 32 2 55 19 7 77 55 63 18 93 19 3 42 
35 75 84 57 88 99 33 20 8 17 60 48 80 98 64 68 19 29 51 21 35 69 79 12 75 41 81 19 11 83 61 97 9 96 5 48 94 37 19 54 54 79 
53 33 76 16 52 95 44 2 15 78 22 45 41 49 85 21 19 47 55 79 43 63 75 47 11 20 84 29 25 37 59 77 21 35 92 25 29 35 78 95 65 52 
39 5 100 75 78 18 21 84 49 15 99 23 13 61 94 96 41 19 84 100 47 57 34 91 81 14 77 10 8 41 61 98 98 60 24 27 30 96 10 78 10 8 
52 22 68 45 70 9 15 5 8 14 13 93 4 45 6 80 55 65 21 15 62 70 27 85 96 56 80 57 85 41 65 36 14 84 32 35 44 47 92 51 12 4 
95 15 49 100 94 55 64 66 21 25 87 47 61 34 54 92 91 38 84 7 25 50 90 57 84 86 55 75 88 66 31 83 32 31 82 25 85 46 43 5 22 29 
4 35 15 57 26 5 47 62 63 71 11 52 79 94 89 85 21 77 50 3 59 33 33 40 58 69 37 52 25 59 32 28 93 46 37 70 2 83 83 64 5 93 
68 36 39 56 20 11 32 22 13 90 54 97 82 63 17 18 14 41 28 98 69 72 95 57 42 97 91 24 60 47 69 79 82 7 35 2 17 18 23 81 60 76 
29 93 39 45 10 4 85 90 53 5 61 48 61 54 44 51 78 55 98 98 86 31 4 20 32 72 89 6 4 48 34 32 40 24 76 2 27 60 91 32 65 3 
79 77 57 74 80 86 80 29 83 65 59 38 36 43 9 25 48 64 24 33 95 16 56 70 69 35 81 59 66 97 61 96 74 17 69 5 54 48 33 36 65 43 
73 100 85 33 76 85 96 100 69 42 67 25 63 35 59 44 93 76 40 5 71 65 74 39 21 27 38 53 15 2 48 87 54 84 72 29 20 19 80 89 13 46 
13 75 80 23 18 24 98 10 81 20 26 6 58 47 84 47 51 98 1 50 37 54 34 8 34 53 78 14 93 90 11 57 17 43 79 86 18 28 95 98 47 73 
55 56 71 39 3 73 36 3 23 72 8 56 31 41 60 61 6 53 2 69 9 18 11 40 4 80 67 50 30 66 74 84 21 44 22 23 17 10 77 39 81 84 
46 64 77 5 76 34 9 77 2 18 95 64 9 50 44 75 99 73 92 73 56 13 68 78 87 84 87 64 74 19 99 19 34 27 76 9 61 84 86 62 53 32 
26 13 81 69 88 31 41 31 55 48 43 23 77 30 6 63 45 32 34 95 2 19 22 77 28 82 13 65 43 17 48 20 30 80 88 69 10 80 99 65 80 94 
87 56 75 44 71 19 27 4 13 29 22 34 57 1 15 21 17 10 38 64 29 19 43 69 39 5 100 89 69 79 82 7 35 56 2 5 26 29 60 39 57 33 
24 65 34 91 86 50 100 75 66 80 93 60 48 31 64 100 71 84 78 53 90 64 60 44 68 86 72 79 76 80 12 99 44 97 89 81 98 40 55 63 20 47 
23 19 29 86 70 100 70 100 4 11 63 63 54 83 48 77 61 23 8 24 22 52 20 62 32 18 54 87 32 25 85 54 95 14 92 65 65 13 64 68 75 26 
30 81 60 78 57 21 52 65 44 25 68 16 87 51 33 40 89 16 16 74 22 10 39 13 74 55 77 89 22 51 15 3 31 26 80 40 46 84 4 42 8 23 
57 46 73 41 37 62 56 52 87 77 62 25 41 35 79 17 76 52 20 90 54 2 67 86 41 13 69 44 6 76 18 62 74 91 54 10 4 61 62 90 90 23 
66 30 9 96 99 84 47 18 25 100 19 92 85 12 56 5 7 61 33 25 74 6 15 27 15 18 39 76 59 28 50 24 58 59 19 8 94 65 77 19 16 47 
10 53 58 17 9 65 77 41 89 50 46 55 28 13 24 66 88 82 94 38 5 3 48 75 10 41 91 38 11 58 84 72 10 42 88 19 58 64 59 46 65 57 
100 92 69 23 58 8 56 3 97 60 5 44 86 66 37 76 3 47 33 38 19 95 31 6 65 88 22 75 33 86 31 84 78 51 58 87 11 13 41 7 24 45 
3 9 62 39 36 16 37 21 5 7 15 36 65 31 23 86 5 8 71 88 91 100 38 49 38 48 13 78 7 37 74 9 45 35 99 33 2 35 53 7 94 19 
94 58 49 16 43 53 75 65 40 18 65 30 18 2 29 30 80 35 66 5 43 63 92 93 95 93 80 47 51 73 65 96 30 13 64 72 65 38 88 57 55 52 
86 72 6 66 2 37 1 67 41 95 29 32 88 75 77 19 21 27 91 85 23 20 49 86 43 66 75 30 22 30 34 59 53 91 24 6 27 76 25 67 71 5 
99 10 80 75 28 100 53 18 37 27 89 85 64 83 50 39 64 23 20 49 81 24 39 57 30 65 32 54 84 54 58 82 15 37 8 42 89 12 11 25 91 51 
9 54 33 11 44 49 33 15 97 66 39 36 74 20 52 57 73 35 11 82 16 25 71 75 19 59 39 29 83 29 80 43 82 64 53 78 12 86 44 9 3 82 
96 76 53 47 32 25 82 94 59 49 19 29 76 89 87 14 17 21 42 48 63 75 12 68 4 23 5 48 83 7 81 78 82 34 77 65 10 58 59 68 58 29 
96 33 17 34 46 33 6 39 33 21 66 44 88 69 18 44 16 1 50 97 30 83 82 6 99 91 15 57 59 73 85 6 5 53 92 3 86 97 41 70 17 58 
13 56 27 82 99 94 82 100 42 64 82 23 21 81 14 36 89 24 60 26 81 16 78 72 18 15 21 11 84 89 68 48 45 46 30 95 40 63 95 33 26 28 
56 99 60 21 34 1 44 45 26 24 60 3 48 78 18 68 40 1 56 59 49 52 5 78 47 96 40 93 28 18 72 35 16 32 55 1 84 50 45 9 26 56 
0 0 0 1 1 1 0 0 0 0 0 0 1 0 1 0 0 0 1 1 1 0 0 1 0 1 1 0 1 0 0 0 0 0 1 1 0 1 1 0 1 1 
0 0 1 1 1 1 1 0 1 0 1 1 0 1 1 1 0 0 1 0 0 1 0 0 0 0 1 1 0 1 1 0 1 0 1 0 0 1 1 1 1 0 
0 1 1 1 0 1 0 1 1 0 0 0 0 0 0 0 0 1 1 1 1 0 1 1 1 1 0 0 0 1 0 1 1 1 0 1 1 0 1 0 1 1 
0 1 0 1 1 0 0 0 1 1 1 0 0 0 0 0 0 0 0 0 1 1 1 0 0 0 0 1 1 1 1 1 1 1 0 0 1 0 1 0 0 0 
0 0 0 0 1 0 1 1 0 0 0 1 0 0 0 1 0 1 0 1 0 1 0 1 0 1 1 1 1 1 1 1 0 1 0 1 1 1 0 1 1 0 
0 0 0 0 1 0 1 1 1 0 1 1 1 1 0 0 0 1 0 1 1 0 0 1 1 1 0 1 0 1 1 0 1 1 1 0 0 0 0 1 0 1 
1 1 0 1 0 0 1 0 1 0 0 1 1 1 0 1 0 0 0 1 0 0 0 1 0 0 0 0 0 0 1 1 0 1 0 0 1 1 0 0 1 0 
1 0 1 1 1 1 1 0 0 0 0 0 1 0 1 1 1 1 0 0 0 0 0 0 0 1 0 0 0 1 0 1 0 1 1 1 0 0 1 0 0 1 
0 0 0 1 1 1 0 1 1 0 1 1 1 1 1 1 1 1 0 1 0 0 0 1 0 0 0 1 0 0 1 1 0 1 0 0 0 1 1 1 1 1 
1 0 0 0 1 0 1 0 1 1 0 0 1 0 0 1 0 1 1 1 0 0 0 0 0 0 1 1 1 1 0 0 1 1 0 1 1 1 1 0 1 1 
0 0 0 1 1 0 0 0 1 0 0 1 0 0 1 0 0 0 1 0 1 0 1 1 1 0 1 0 1 0 0 1 0 0 0 1 0 0 1 1 0 0 
0 1 0 1 1 0 1 0 1 0 0 0 0 0 1 1 0 0 1 0 1 1 0 0 0 0 0 1 1 1 1 1 0 0 0 1 0 0 1 1 0 1 
0 0 1 1 1 0 1 0 0 0 1 1 0 1 1 1 1 1 0 0 0 0 0 1 1 1 1 0 0 1 1 0 0 1 1 1 1 0 0 1 1 1 
0 1 1 0 0 0 1 0 0 1 0 1 0 1 0 1 1 0 1 1 1 1 0 0 0 1 1 0 0 0 0 1 1 1 1 0 1 0 0 1 1 1 
0 0 0 0 1 0 1 0 1 0 1 1 0 0 0 1 0 0 1 0 1 1 1 0 1 0 0 1 0 0 0 0 0 1 1 1 1 0 0 0 0 1 
1 0 1 1 0 0 1 1 0 1 0 0 1 1 0 0 1 0 0 1 1 0 0 0 1 1 0 1 1 0 1 0 0 0 1 0 0 1 0 1 0 0 
1 1 0 1 1 1 0 1 0 1 1 1 1 1 0 1 0 0 1 1 0 1 0 0 0 0 1 0 1 1 0 0 0 0 0 0 1 0 1 0 1 1 
1 0 0 1 1 0 1 0 0 0 1 0 0 1 0 1 1 0 0 0 0 0 0 0 0 0 0 0 0 1 1 1 1 1 0 0 1 0 0 1 0 0 
1 0 1 0 1 1 0 1 1 0 1 1 1 0 1 1 0 1 1 1 0 0 0 1 1 1 1 1 1 1 1 0 1 1 0 0 0 0 1 1 1 0 
0 0 0 0 1 0 1 0 1 0 1 1 1 0 1 0 1 0 1 1 0 0 0 1 0 0 1 1 1 0 1 1 0 0 1 0 0 1 0 0 1 1 
1 0 1 0 0 1 0 1 0 1 1 0 0 1 0 1 0 1 0 1 0 0 1 0 0 0 1 1 0 0 0 1 0 0 0 0 1 0 1 1 1 0 
1 1 1 1 1 1 0 1 0 0 1 0 0 0 0 1 1 0 1 1 1 1 1 1 1 0 0 0 1 1 0 0 1 1 1 0 0 1 1 1 0 0 
1 0 0 1 0 1 1 1 1 0 1 0 0 0 1 0 1 0 1 1 1 0 1 0 0 1 0 1 0 0 0 1 0 0 0 0 0 1 0 1 0 1 
1 0 1 0 0 0 1 1 0 0 0 1 0 0 0 0 0 1 0 0 0 1 0 1 1 0 0 1 1 0 0 1 0 0 1 0 0 0 0 0 0 0 
1 1 0 0 1 0 1 0 0 1 1 1 0 0 1 1 0 1 1 0 0 0 0 1 0 1 0 0 1 0 0 1 1 1 1 1 1 0 1 0 1 0 
1 0 0 0 1 0 1 0 1 1 0 1 1 1 0 1 1 0 1 0 1 1 1 0 0 0 0 1 0 1 1 1 1 1 0 0 0 1 1 1 1 1 
0 0 0 1 1 0 1 0 0 0 1 1 0 1 1 0 0 0 1 1 1 1 1 1 1 1 1 0 0 0 0 0 0 0 1 1 0 0 1 0 0 1 
1 0 0 1 0 1 1 0 0 0 1 1 0 0 0 1 1 0 1 1 1 1 1 0 0 0 1 1 0 1 0 0 0 1 1 0 0 0 0 0 0 1 
0 0 0 0 1 1 1 0 0 0 1 1 0 1 1 1 1 0 1 1 0 1 0 1 1 0 1 0 1 1 1 1 0 1 1 1 0 0 0 0 0 1 
0 1 1 1 0 0 1 1 1 1 0 0 0 0 0 1 0 1 1 1 0 1 1 0 0 1 0 0 0 1 0 0 0 1 1 0 1 1 0 0 0 0 
0 1 0 1 0 0 0 1 0 1 0 1 1 1 0 1 1 0 0 1 0 0 0 0 1 1 1 1 0 1 1 0 0 0 1 1 0 0 0 0 1 1 
1 0 0 0 1 1 0 0 1 1 0 1 1 1 1 0 0 1 1 0 1 0 0 1 1 0 1 1 1 0 0 0 0 0 0 1 0 1 1 1 0 0 
0 1 1 1 1 0 0 0 0 0 0 0 1 1 0 0 1 1 0 1 0 0 0 0 1 0 1 1 1 1 1 1 0 0 1 1 0 1 0 0 1 0 
0 0 0 1 0 1 0 0 0 0 0 0 1 0 0 0 1 1 0 0 1 0 0 0 0 1 1 0 1 1 0 0 1 0 1 0 1 1 0 0 0 1 
0 1 1 1 1 0 0 1 0 1 0 0 1 0 1 1 0 1 0 0 1 1 1 0 1 0 1 0 0 1 1 1 0 0 0 0 0 0 1 0 0 1 
0 1 1 0 0 1 1 0 0 0 0 1 0 1 1 1 1 0 1 0 1 1 0 1 1 0 1 1 0 1 0 1 1 0 1 1 1 0 0 1 0 0 
0 0 1 0 1 1 0 0 1 1 0 0 0 1 0 1 0 1 1 1 0 0 1 1 1 0 1 1 0 1 1 0 1 1 0 0 0 0 1 1 1 1 
1 1 0 0 1 1 1 0 0 1 0 1 0 1 1 1 1 1 0 0 0 1 1 0 1 1 1 0 1 0 1 0 0 0 0 1 1 1 1 1 0 1 
0 0 0 1 1 1 1 1 0 1 0 1 1 0 1 0 0 0 1 0 0 1 0 1 0 1 0 1 0 1 0 0 1 0 1 1 0 0 0 0 1 1 
1 1 1 0 1 1 0 0 1 1 1 1 0 1 0 0 0 0 1 0 0 1 1 0 0 1 0 0 1 0 1 0 1 0 1 0 0 1 1 1 0 0 
1 0 0 1 1 0 0 0 1 0 1 0 0 1 1 1 0 0 1 1 0 0 0 1 0 0 1 1 1 1 0 0 0 0 0 1 0 0 1 1 0 1 
1 1 0 0 0 0 0 1 0 1 1 0 0 1 0 1 1 1 1 1 0 1 1 0 0 1 0 1 1 0 0 0 1 1 1 1 1 1 0 1 0 1 
1 1 1 1 0 0 1 1 1 1 0 0 1 0 1 1 0 0 1 0 1 1 1 0 0 1 1 1 0 0 0 0 1 1 1 1 1 0 1 0 1 1 
0 0 0 0 1 0 0 1 0 1 0 0 1 0 1 1 1 1 1 0 1 0 1 1 1 1 1 0 1 1 0 0 1 0 0 1 0 0 0 0 0 0 
0 1 0 1 0 0 1 1 0 0 1 1 1 1 0 1 1 0 0 1 0 1 1 0 0 1 0 0 0 0 0 0 0 1 0 0 1 1 0 1 1 1 
0 1 0 1 0 0 1 0 1 1 1 1 1 0 0 1 0 0 0 1 1 0 0 1 0 1 0 0 0 1 0 0 0 0 1 0 0 0 0 0 1 0 
1 0 0 1 0 0 0 0 1 1 0 1 0 0 0 0 1 0 1 1 1 0 1 0 0 0 1 1 0 0 1 1 1 1 0 1 1 0 1 1 1 1 
0 1 1 1 1 0 1 1 1 0 1 1 1 1 1 0 0 1 0 1 0 1 0 0 0 0 1 1 1 0 0 1 0 0 0 1 0 0 0 0 0 1 
1 1 1 0 1 1 1 0 1 1 1 1 1 0 1 0 1 0 1 0 0 1 0 0 0 0 0 1 0 1 0 1 0 1 1 0 1 0 0 0 1 1 
1 1 1 1 1 1 1 0 1 1 1 1 0 0 1 0 1 0 1 1 1 0 1 1 0 0 1 0 0 1 1 1 0 1 0 1 0 0 0 1 1 1 
0 1 1 1 0 0 1 1 0 1 1 1 0 1 1 1 1 1 0 1 0 0 0 1 0 0 1 0 1 0 1 1 0 1 0 0 1 0 1 1 1 1 
0 1 0 1 0 0 0 1 1 1 1 1 0 1 1 1 1 0 1 1 1 1 0 1 1 1 1 1 1 0 0 1 1 0 1 0 0 1 1 1 0 0 
0 0 0 1 1 1 1 1 0 0 0 0 0 0 0 1 1 1 0 1 0 1 1 1 1 0 1 0 1 1 1 0 0 1 1 1 0 1 0 1 1 1 
1 1 1 1 1 0 0 1 1 1 0 0 0 0 0 1 0 0 1 1 0 1 0 1 0 1 0 1 0 0 0 1 1 1 1 0 1 1 1 0 0 0 
0 1 0 1 0 0 1 1 0 1 0 0 0 1 1 1 0 1 1 0 1 0 1 0 1 0 1 0 0 0 0 0 1 0 1 1 1 0 1 1 1 1 
1 0 0 1 1 0 0 0 0 1 0 1 1 1 1 1 0 1 1 0 0 0 1 1 1 0 0 0 1 1 0 0 1 0 1 0 1 0 0 1 1 1 
1 1 0 0 0 0 0 1 1 0 1 0 1 0 0 1 1 1 1 1 1 0 1 1 1 0 1 1 0 0 0 1 1 1 1 1 1 1 0 0 1 1 
0 1 0 0 0 1 1 1 0 1 0 1 0 1 0 1 0 0 1 1 1 1 0 0 0 1 0 1 0 1 0 0 0 0 1 1 1 0 0 1 1 0 
