44 61 1404
86 37 27 16 72 44 32 22 23 55 62 76 77 55 61 16 87 56 42 16 93 17 53 61 94 27 74 33 88 23 85 74 11 11 41 34 6 24 56 81 79 69 56 7 23 17 75 9 24 16 77 16 84 29 28 77 7 2 62 47 76 
98 72 86 60 12 19 18 35 74 98 65 94 53 72 16 21 46 77 44 13 53 12 97 33 39 25 39 92 38 37 67 35 8 4 47 71 23 64 6 48 61 22 42 65 93 9 86 90 85 29 3 37 92 99 21 83 75 12 26 13 48 
93 99 8 96 45 78 70 8 35 70 20 57 63 85 49 71 70 39 8 50 41 96 94 91 17 76 17 28 1 81 75 45 32 82 93 76 12 14 36 46 83 7 2 45 91 3 68 12 93 75 62 85 70 55 27 38 82 43 65 34 76 
92 79 7 25 23 34 36 36 21 34 71 28 35 67 18 89 34 82 81 60 43 65 82 49 91 19 82 86 36 67 61 79 45 19 3 19 52 91 55 73 24 25 100 10 91 69 99 77 50 31 88 44 96 69 44 38 40 77 23 27 44 
35 5 40 53 59 59 57 49 65 81 24 41 32 86 83 100 36 59 2 66 47 97 13 67 93 51 58 69 25 84 64 12 88 4 16 47 14 72 47 78 52 23 18 83 8 100 35 43 11 88 60 9 36 73 27 28 75 85 49 51 68 
12 14 56 67 30 54 80 53 100 57 57 22 26 91 81 78 77 75 88 64 35 48 52 7 74 79 33 58 79 83 26 91 49 33 9 78 86 89 82 37 45 38 11 23 81 91 100 57 66 87 73 52 34 24 10 59 54 42 17 33 76 
42 75 24 26 83 53 11 71 35 99 68 24 9 90 4 52 41 61 17 79 33 20 64 8 29 22 61 22 38 93 97 31 19 73 56 2 77 18 24 11 17 91 87 25 32 90 76 24 2 44 2 34 63 65 41 43 87 54 64 24 98 
13 7 17 37 62 18 13 80 41 76 48 84 62 72 67 51 100 91 53 95 92 38 10 9 31 52 95 84 68 70 81 80 76 49 16 90 66 80 21 59 55 68 94 16 91 60 19 90 2 23 37 46 12 46 54 42 49 100 77 16 69 
10 95 97 58 62 86 76 42 6 86 48 25 79 64 15 90 34 57 92 8 93 37 19 38 42 13 86 41 89 2 9 50 48 57 60 62 42 87 55 99 72 2 23 2 17 38 91 2 94 82 9 38 70 28 75 63 40 12 3 80 65 
64 82 65 20 41 26 62 79 32 12 50 33 35 3 2 24 93 3 17 27 12 54 48 39 80 11 30 43 13 9 8 76 42 24 96 34 1 9 12 32 20 13 16 6 15 17 29 8 20 97 86 83 2 33 73 81 43 2 76 56 62 
35 83 4 58 30 37 58 90 1 41 10 13 56 67 80 73 96 87 44 92 24 26 94 56 98 26 99 51 53 54 12 87 88 67 44 18 56 53 7 56 93 68 20 1 35 99 73 30 37 16 73 60 93 18 16 42 96 14 92 48 19 
55 35 58 74 30 75 29 35 82 36 79 1 7 79 35 6 51 16 42 18 41 54 62 58 69 3 53 34 46 1 4 1 87 61 26 16 36 6 50 69 41 29 21 47 59 56 4 10 23 46 79 63 51 41 73 19 95 25 4 41 77 
7 93 63 19 18 31 54 23 32 74 15 12 95 13 71 2 17 32 24 14 10 39 64 2 11 34 49 87 37 89 64 43 33 78 61 2 8 67 24 92 92 90 3 38 2 25 39 70 56 15 83 18 5 98 71 15 31 19 1 67 59 
16 61 91 94 74 44 53 40 19 44 83 8 99 21 62 23 11 31 31 77 66 100 81 63 70 95 94 89 48 60 99 63 21 42 56 94 85 61 85 4 4 19 11 54 39 24 29 2 55 59 78 72 10 59 34 79 5 27 19 52 39 
18 67 11 59 74 4 95 34 40 98 90 58 61 43 49 36 23 50 90 33 79 13 42 37 47 21 94 73 39 97 63 8 63 73 18 37 28 13 70 67 62 11 77 74 54 25 10 76 26 51 9 4 64 50 93 10 22 86 34 13 82 
97 20 45 69 90 33 49 54 54 15 15 65 43 89 18 19 50 45 96 100 5 100 63 7 44 24 28 29 58 40 62 6 12 58 26 1 90 74 54 44 41 20 8 83 60 77 54 9 73 49 9 78 100 23 84 43 99 63 71 56 55 
33 13 66 90 38 18 32 12 23 75 4 42 34 86 2 62 91 62 34 40 22 11 91 97 46 34 95 61 56 2 15 88 14 32 30 3 1 13 14 23 39 17 16 72 55 69 33 97 31 18 36 4 29 27 100 26 12 94 38 67 95 
52 7 60 35 88 63 87 100 28 61 38 45 77 61 51 97 45 47 79 62 35 83 42 13 34 68 24 28 5 42 74 9 48 34 95 35 96 34 34 23 94 23 19 22 35 21 19 79 20 49 41 54 31 82 18 65 1 93 44 58 34 
17 18 82 2 64 16 49 97 2 24 91 76 94 12 11 15 82 89 86 83 81 91 13 15 8 29 67 52 24 24 85 93 93 18 46 57 86 95 53 87 70 43 14 63 7 24 29 40 65 14 22 97 4 87 11 63 67 78 14 91 53 
51 35 46 68 80 2 53 74 54 91 95 49 5 58 55 28 86 46 44 52 68 41 7 6 3 22 72 80 35 14 85 37 48 30 5 28 83 57 53 36 48 48 36 4 57 42 83 94 88 27 45 7 19 4 12 21 25 83 53 11 97 
37 48 44 18 52 23 100 60 28 87 59 75 75 62 31 16 97 76 3 23 21 9 93 24 20 13 100 55 17 10 51 53 57 46 22 60 21 73 20 48 12 30 22 86 92 4 1 88 31 56 62 51 16 6 26 88 18 25 42 35 87 
44 39 43 89 13 3 61 85 74 8 96 3 81 33 46 36 34 85 67 41 98 17 56 3 95 43 21 71 84 7 57 79 97 52 20 61 6 80 98 79 88 45 81 68 78 79 4 63 63 70 3 61 38 58 63 84 1 35 55 36 93 
63 15 42 14 34 2 71 13 99 49 100 44 82 68 73 60 23 35 22 92 37 34 81 94 97 65 46 83 71 82 76 85 96 69 51 29 70 21 41 21 70 93 16 3 60 88 62 34 74 35 77 10 69 57 55 17 73 1 51 43 82 
26 28 77 46 78 57 68 50 49 88 71 41 55 73 52 94 34 85 67 21 61 76 41 18 82 9 42 82 59 85 63 37 64 91 82 93 47 49 42 96 88 13 88 42 85 40 87 71 24 53 43 37 80 83 6 62 91 47 43 1 31 
58 37 46 100 19 38 47 67 32 94 55 96 33 48 32 72 35 54 48 39 96 84 19 30 89 32 72 35 74 73 18 83 9 15 83 27 53 81 46 36 74 52 31 6 51 14 30 37 68 77 76 63 60 46 45 100 77 16 86 50 40 
3 33 49 18 67 27 22 47 24 9 20 27 91 77 78 4 58 14 71 34 41 86 45 86 30 96 62 97 82 64 37 84 48 37 53 14 15 26 60 91 34 31 17 24 59 94 80 17 60 50 2 100 87 99 38 68 94 99 65 75 14 
53 11 61 41 15 74 7 41 85 97 26 15 66 2 74 11 81 42 70 82 43 22 69 41 59 36 87 9 52 61 23 56 23 35 96 38 61 3 78 45 51 3 60 16 4 85 27 36 26 48 18 20 21 38 13 79 25 99 40 77 11 
62 84 34 96 80 71 56 34 48 53 36 2 12 52 58 48 30 93 25 29 62 44 50 51 56 80 76 6 19 4 17 32 87 2 28 18 72 35 51 71 39 87 24 50 90 81 49 71 26 73 51 87 69 100 90 76 80 65 82 98 20 
50 30 6 51 9 24 22 95 26 44 34 64 67 35 5 48 84 27 73 8 78 11 76 77 100 52 8 16 85 58 35 34 39 93 84 99 16 57 93 93 100 78 57 66 65 13 13 100 40 37 7 17 100 35 45 51 86 53 67 22 10 
53 55 100 45 38 98 12 94 42 5 93 20 13 58 36 25 23 35 64 11 93 32 10 27 77 13 64 29 79 85 90 31 91 89 28 28 86 39 73 27 43 17 98 7 27 85 32 49 19 47 11 64 79 73 90 55 85 6 35 15 42 
24 97 33 12 24 12 49 63 85 27 57 53 77 64 79 61 47 79 80 93 90 43 71 62 84 77 46 41 11 60 35 86 56 67 49 32 30 97 94 66 76 2 19 52 65 97 12 11 76 43 56 65 37 78 78 73 55 75 13 17 34 
47 3 41 65 3 72 95 100 17 60 27 19 30 78 83 27 41 46 2 84 53 18 72 30 47 44 36 21 9 5 54 7 7 46 72 61 70 18 60 86 29 86 4 59 15 39 37 56 36 90 91 88 7 62 69 53 6 5 25 14 9 
30 72 67 75 95 27 44 64 39 82 45 76 37 3 91 75 91 98 62 80 88 49 38 1 18 42 6 74 66 71 82 95 43 100 21 89 78 17 53 16 98 97 44 34 51 86 61 41 83 22 20 22 71 9 22 40 50 28 65 15 50 
98 61 44 97 81 33 74 97 85 42 46 81 85 80 83 70 40 23 4 13 94 25 35 2 46 26 3 25 90 17 75 87 29 70 83 61 54 9 58 38 2 55 70 38 34 52 59 25 26 62 90 19 86 24 72 83 50 74 8 39 42 
34 26 70 3 60 31 57 20 40 46 21 94 68 58 80 71 16 4 97 29 93 67 66 69 39 49 18 12 56 8 54 41 85 23 43 45 5 51 16 44 49 37 38 68 46 17 38 14 72 86 42 17 53 8 85 43 8 54 54 63 13 
59 55 98 34 97 94 38 100 9 82 100 97 71 67 43 39 56 8 62 94 1 78 46 8 14 88 67 19 93 81 32 52 35 29 85 32 74 22 83 82 55 34 79 77 52 73 15 59 80 77 52 80 6 97 40 20 36 6 38 29 87 
69 80 21 49 16 4 22 37 38 56 44 23 34 20 74 58 87 33 37 63 36 68 68 33 59 39 20 65 77 100 3 97 31 75 98 46 31 19 35 68 74 78 43 59 49 16 16 35 100 4 97 36 72 17 20 30 7 91 46 35 91 
100 32 21 75 81 67 5 99 53 24 25 30 66 35 78 34 51 65 85 54 61 72 77 29 43 59 36 34 4 70 76 4 53 96 30 33 14 86 84 66 9 60 47 27 94 77 60 44 41 44 50 53 68 78 34 10 36 69 43 92 90 
18 47 95 66 76 79 31 61 14 97 21 73 95 47 67 71 6 62 63 2 63 16 69 41 49 78 28 69 73 19 10 42 65 56 7 92 87 38 4 100 86 25 73 32 71 91 55 29 4 17 30 67 84 50 59 84 27 86 4 51 57 
66 93 73 21 51 65 7 40 68 59 25 44 83 9 15 73 63 95 28 79 24 94 15 25 4 98 3 90 2 54 46 67 98 18 39 48 34 98 88 54 56 64 97 38 24 63 62 86 57 89 17 32 35 31 56 38 80 59 79 33 64 
76 51 61 94 90 8 79 87 47 32 94 63 81 31 86 43 44 24 52 32 40 83 18 22 39 56 1 49 86 86 12 62 36 72 7 77 31 85 15 30 69 8 92 49 90 29 43 33 52 94 17 43 77 34 64 67 41 17 67 27 2 
78 88 89 1 46 66 83 30 80 12 50 88 55 98 29 36 41 62 87 86 30 30 62 15 45 80 56 61 46 34 14 75 73 3 75 18 20 58 47 99 21 97 38 76 46 67 11 38 80 49 24 9 30 37 23 75 69 30 87 14 63 
53 41 35 55 15 4 74 24 51 24 97 99 62 72 96 80 34 86 59 34 9 19 64 97 41 90 65 23 28 31 37 80 71 72 34 37 75 59 13 77 83 9 27 96 32 75 75 17 60 85 50 68 3 65 16 95 54 81 17 82 11 
54 61 33 77 47 69 3 57 33 32 91 41 58 86 24 32 12 40 43 96 90 62 50 54 78 45 60 10 61 93 20 66 5 4 42 51 24 97 60 57 28 50 97 85 88 21 69 99 60 63 47 1 25 96 7 2 92 18 11 53 10 
1 1 1 0 1 0 1 1 1 1 0 0 0 0 1 0 0 0 1 1 0 0 1 1 0 0 1 1 0 1 0 1 0 1 1 1 1 0 0 0 0 0 1 0 1 0 0 1 0 1 0 0 1 1 0 1 1 1 0 1 0 
0 0 0 0 1 0 1 0 0 0 0 1 1 0 0 1 0 1 0 1 0 0 1 1 0 0 1 1 1 0 1 1 1 0 1 0 0 1 0 0 1 0 1 0 0 1 1 0 1 1 0 1 0 1 0 0 1 1 0 0 0 
1 0 1 1 1 1 1 0 0 0 1 0 1 1 1 1 1 1 0 0 1 1 0 0 1 1 0 1 1 0 1 0 0 0 0 0 1 1 0 1 1 0 0 1 1 1 0 0 0 0 1 0 1 1 0 0 0 0 1 1 1 
0 0 1 0 0 1 0 1 0 1 1 0 1 0 1 0 0 0 1 0 1 1 1 0 1 1 1 0 1 0 1 1 0 0 0 0 0 0 0 0 1 1 0 1 1 1 1 1 1 0 1 0 1 0 1 1 1 0 1 0 0 
0 0 1 0 0 1 0 0 1 0 1 0 0 0 1 0 0 0 1 0 1 0 0 1 1 1 1 1 0 1 1 0 1 0 0 1 0 1 1 1 1 1 0 0 1 1 0 1 0 1 0 1 1 0 1 0 1 0 1 1 1 
1 1 1 1 1 0 1 0 0 1 0 1 1 0 0 0 0 0 0 1 0 0 1 0 1 1 1 1 1 0 0 0 1 1 1 0 0 1 1 0 0 1 1 1 1 1 1 1 1 0 0 1 0 1 1 1 1 0 0 0 0 
0 0 1 0 1 0 0 0 1 0 0 0 1 1 1 0 1 0 0 1 0 1 1 0 1 0 1 1 0 1 0 0 1 1 0 0 1 0 1 0 0 1 0 1 1 1 0 0 1 0 1 0 1 0 0 0 0 1 0 0 0 
0 0 1 1 1 1 1 1 0 1 0 0 0 1 1 1 1 1 1 1 0 1 1 0 1 1 0 0 1 0 0 1 0 1 1 1 0 0 1 1 1 1 1 1 0 0 1 0 1 0 1 1 1 0 1 0 0 1 0 1 1 
0 1 1 1 0 1 1 0 0 0 1 1 1 1 1 1 0 1 0 0 1 1 1 1 0 1 1 1 1 1 0 1 0 0 0 0 1 1 0 1 0 1 0 1 0 1 1 0 1 1 0 0 1 1 1 1 0 1 1 1 0 
1 0 0 1 0 0 0 0 0 1 0 1 1 1 0 1 0 0 0 0 1 0 1 0 1 0 1 0 1 0 0 1 1 0 0 1 0 1 1 0 0 1 0 0 1 0 1 1 0 1 1 1 1 0 0 0 1 1 1 0 1 
1 1 0 0 0 0 0 1 1 1 1 1 1 1 0 1 0 1 1 1 1 1 0 1 1 1 0 0 0 1 1 1 0 0 1 0 0 0 1 1 1 1 0 0 0 0 1 1 0 0 0 1 1 1 0 0 0 1 0 0 0 
0 1 0 0 1 1 0 1 0 1 0 1 0 0 0 0 1 1 0 1 1 1 1 0 0 1 0 1 0 0 1 0 0 1 0 1 0 0 0 1 1 0 0 1 0 0 0 1 1 0 0 1 0 1 1 0 1 0 1 1 0 
0 1 0 1 1 1 0 1 1 1 0 1 1 0 1 0 0 0 1 0 1 0 0 0 0 0 1 0 1 0 0 1 1 1 1 0 0 1 1 0 0 0 1 1 0 1 1 0 1 1 0 0 1 1 1 1 1 0 1 1 1 
0 0 0 1 1 1 1 0 0 1 0 0 1 0 0 0 1 0 1 0 1 0 0 0 1 1 1 1 1 0 0 1 1 1 0 0 0 1 1 0 1 1 1 0 1 1 0 1 0 1 1 1 1 1 1 0 1 0 0 0 1 
0 1 0 1 1 0 1 0 1 0 1 1 1 1 0 0 1 1 0 1 1 1 0 0 0 1 1 1 1 1 0 1 0 0 1 1 0 0 0 0 0 1 1 1 1 1 0 0 1 0 1 0 0 0 0 0 1 0 1 0 1 
1 1 0 1 0 1 0 1 1 0 1 1 1 1 0 0 1 0 1 1 0 1 1 0 0 0 1 0 1 1 1 1 0 1 0 1 1 0 0 0 0 1 1 1 0 1 0 1 0 1 1 0 1 0 0 1 0 1 1 0 0 
0 1 0 0 1 1 1 0 1 1 0 1 1 0 1 0 0 1 0 1 0 0 0 0 0 1 1 1 0 1 1 1 0 0 1 1 1 0 1 1 1 0 0 0 0 1 1 0 0 1 1 0 0 0 1 0 1 0 0 0 1 
1 1 1 1 0 0 1 0 0 0 1 0 0 0 0 1 1 0 0 0 1 0 0 1 1 1 1 1 1 1 0 0 0 1 0 0 0 1 0 0 1 1 0 1 1 0 0 0 0 0 1 1 1 1 1 0 0 0 0 1 1 
0 0 1 0 0 1 0 1 1 0 0 0 0 1 0 0 1 0 0 0 1 1 1 1 0 1 1 0 1 1 1 0 1 0 0 1 1 0 0 0 0 0 1 0 1 1 0 0 1 0 0 1 1 1 0 0 1 1 0 0 0 
0 0 1 0 0 0 0 0 0 0 0 0 1 0 1 0 0 0 0 0 0 1 0 0 1 0 1 0 0 1 1 0 0 0 1 0 1 1 1 1 1 1 0 1 0 1 1 0 1 1 1 0 0 1 0 1 1 1 0 1 0 
1 0 0 1 1 1 0 0 0 0 1 1 0 0 1 1 0 0 1 1 1 1 0 0 1 1 1 0 1 0 0 0 0 1 0 1 0 0 1 0 0 1 1 0 1 1 0 1 1 1 1 0 0 1 0 1 0 1 1 0 1 
1 0 0 0 0 1 0 1 1 0 1 0 0 0 1 1 0 1 0 1 0 0 1 1 0 0 1 1 1 1 0 0 0 0 1 0 0 1 1 1 0 1 1 0 1 0 1 1 1 1 0 1 1 1 0 1 1 0 0 0 1 
0 0 1 1 1 0 1 1 1 0 1 0 1 1 1 1 0 0 1 1 0 0 0 1 1 1 0 1 1 0 0 1 1 0 0 0 0 1 1 1 1 0 0 0 1 1 0 1 0 1 0 0 1 0 0 0 1 0 1 0 1 
0 0 0 0 0 0 0 0 0 1 1 0 1 0 0 1 0 1 1 1 0 1 0 0 1 1 0 0 0 0 1 0 0 1 0 1 1 0 1 1 0 0 0 1 0 0 0 0 1 1 1 1 1 0 0 0 1 0 0 1 0 
1 0 1 0 0 0 0 1 1 1 1 1 1 0 0 1 1 0 1 0 0 0 1 0 0 0 1 0 0 0 1 0 0 0 0 1 0 0 0 1 0 1 0 1 1 0 1 0 1 0 1 1 0 0 1 1 0 0 1 1 0 
0 1 1 0 1 0 0 0 0 1 0 1 0 1 0 0 0 1 1 0 0 0 1 0 1 0 1 1 1 0 0 0 1 1 0 0 1 1 0 1 0 0 0 0 0 0 1 0 1 0 1 1 1 0 0 0 0 1 0 1 1 
0 1 0 1 0 0 0 1 1 1 1 1 1 0 1 1 1 0 1 1 1 0 0 1 0 1 1 1 1 0 0 1 0 0 0 0 1 0 1 0 1 0 1 0 0 1 1 1 1 0 1 0 1 1 1 1 0 0 1 1 0 
1 0 0 0 0 0 1 0 1 1 1 0 0 1 0 1 1 0 0 1 1 0 0 0 1 0 1 1 1 0 0 0 1 0 0 1 1 1 0 0 0 1 0 1 1 1 0 0 1 1 1 0 1 0 0 1 0 1 0 1 0 
0 1 1 1 0 0 0 1 0 0 0 0 1 1 1 0 1 1 1 0 0 1 0 0 1 1 0 1 1 1 1 0 1 0 1 1 0 1 0 1 1 0 1 0 1 0 0 1 1 1 1 1 0 1 0 0 0 0 1 0 0 
0 0 1 0 1 0 0 0 0 1 1 1 0 0 0 0 0 1 1 0 1 1 0 0 1 0 1 1 1 1 1 1 1 0 1 0 0 0 0 1 1 1 0 0 1 0 0 0 0 0 0 1 1 0 1 0 1 0 1 0 1 
1 0 0 1 1 0 0 1 0 1 1 0 1 1 1 1 1 1 1 1 1 0 0 0 0 0 1 0 0 1 0 1 1 0 0 1 1 0 0 1 1 1 1 0 0 1 0 0 0 1 1 0 0 0 0 0 0 1 0 0 0 
0 1 0 1 0 1 0 0 1 1 0 1 1 0 1 0 0 1 0 0 1 0 0 1 0 0 1 1 0 0 0 1 1 0 0 1 1 0 0 0 1 0 1 0 0 1 0 1 0 1 1 1 1 1 0 0 1 0 1 1 0 
1 0 1 1 0 1 0 0 1 1 0 1 0 0 1 1 1 0 0 0 1 1 1 0 0 1 1 0 1 1 0 0 1 1 0 0 0 0 0 1 1 0 0 0 1 0 1 0 0 1 0 0 1 1 0 1 1 0 1 0 1 
1 0 0 0 0 0 1 1 1 0 0 1 1 0 0 1 0 0 1 1 0 1 0 0 0 1 1 0 0 1 1 1 1 1 0 0 0 1 1 1 1 1 0 0 0 1 1 0 1 1 1 0 0 0 0 0 1 1 0 0 0 
1 1 1 1 1 1 1 0 0 0 0 0 0 0 0 1 0 0 1 1 1 1 1 1 1 0 1 0 0 1 0 0 0 1 1 0 1 0 0 1 0 0 1 0 1 1 0 1 1 1 0 1 0 1 0 1 1 1 1 0 0 
1 0 1 0 1 1 1 1 1 1 1 0 0 1 1 0 1 0 1 0 0 0 0 1 1 1 1 0 0 1 1 1 1 0 0 0 1 1 1 0 0 0 0 1 1 1 1 1 1 0 1 1 1 0 1 0 1 0 0 0 1 
1 1 0 1 1 0 0 1 1 1 1 1 1 0 0 1 1 1 0 0 1 0 1 1 1 1 0 1 1 0 0 1 0 0 0 1 0 1 0 1 0 0 0 1 0 0 0 0 0 1 0 1 1 1 0 0 0 0 1 1 1 
1 0 1 1 1 0 1 0 1 0 0 1 0 1 1 0 0 1 0 1 1 1 0 0 1 0 0 0 1 0 1 0 0 0 1 1 0 0 1 1 0 1 0 0 1 0 0 1 1 1 0 1 0 0 1 0 0 0 0 1 0 
1 1 0 1 0 0 1 0 1 1 0 1 1 0 0 1 0 1 1 1 1 0 0 1 1 0 1 1 0 0 1 1 1 0 0 1 0 1 1 1 0 1 0 0 1 0 1 1 1 0 1 0 0 1 1 0 1 0 1 1 0 
1 0 1 1 0 0 1 1 1 0 0 0 1 0 1 1 1 1 1 0 0 1 0 1 1 0 0 1 0 1 0 1 1 1 0 1 0 1 0 1 1 0 0 0 0 1 0 0 0 1 0 0 0 0 1 1 1 1 1 1 0 
1 0 1 0 0 0 0 1 1 0 0 1 0 1 0 1 1 0 0 0 0 0 0 0 0 0 1 1 1 0 0 0 0 1 0 0 0 1 1 1 1 0 0 1 1 0 0 0 0 0 0 0 1 0 1 1 0 0 0 1 1 
0 1 1 0 0 0 0 1 1 1 0 1 1 1 0 0 1 0 0 0 0 1 1 1 0 0 1 0 0 1 1 1 0 1 1 0 1 1 1 0 0 1 0 1 0 0 1 0 1 0 0 1 1 1 0 1 1 0 1 1 1 
1 0 1 0 1 0 1 0 1 1 0 1 1 0 1 0 1 1 1 1 1 0 0 0 1 1 1 1 1 1 0 0 1 1 0 1 1 1 1 1 0 0 0 0 0 1 0 1 1 1 1 0 1 1 1 0 1 0 1 0 1 
1 0 1 1 0 0 0 1 1 1 1 1 1 1 1 1 1 1 0 0 0 0 0 1 1 0 0 0 0 0 1 1 0 0 0 0 0 1 1 0 0 1 1 0 0 1 1 0 0 1 0 0 1 0 1 1 1 0 1 1 0 
