56 42 586
24 75 56 91 10 95 47 50 93 63 65 56 18 82 23 14 49 39 78 16 29 62 4 10 58 68 85 68 52 67 50 28 93 57 18 2 51 16 3 95 31 68 
50 48 49 24 14 49 62 91 64 43 4 19 52 62 87 88 29 90 6 30 69 98 86 86 51 88 54 54 34 84 21 36 31 21 59 96 70 73 39 85 15 42 
4 18 55 42 5 84 31 11 65 100 60 3 37 11 42 42 64 28 77 36 63 60 56 21 55 25 93 93 62 59 35 17 76 89 58 33 24 40 43 41 91 54 
95 80 64 88 73 79 15 50 14 77 9 70 50 15 46 94 8 7 53 94 23 80 34 80 12 10 72 6 2 62 60 48 41 75 35 14 54 2 15 67 78 75 
36 27 89 82 73 48 88 25 93 11 56 79 42 68 88 13 25 41 27 36 88 19 11 74 84 64 75 98 30 5 72 18 83 61 51 55 60 38 79 53 100 35 
31 94 54 70 58 30 10 84 66 49 3 76 74 86 91 49 36 20 5 59 89 87 71 39 42 31 29 72 83 80 6 65 73 11 34 31 41 95 66 6 95 20 
33 68 58 23 68 93 94 72 51 83 59 22 73 100 52 1 71 86 81 29 50 5 39 35 87 31 29 53 36 23 72 20 42 29 42 10 73 36 81 76 70 91 
97 42 90 100 95 13 37 27 41 38 31 31 72 18 62 52 70 49 26 93 69 67 74 62 28 46 49 61 21 70 51 69 64 93 20 58 5 56 84 97 45 66 
79 16 83 92 19 52 93 96 97 13 15 70 74 42 67 75 2 88 44 5 8 7 97 28 16 53 35 51 49 80 17 79 95 99 71 66 3 63 61 99 75 75 
20 100 69 86 74 22 25 70 26 33 28 74 60 44 26 94 94 26 73 10 5 20 61 27 37 63 41 49 13 67 76 32 66 44 69 92 17 94 61 95 26 88 
68 37 83 46 82 77 71 7 38 27 78 98 5 14 12 45 14 24 11 89 7 29 84 76 20 1 21 32 95 98 71 14 86 54 59 19 82 82 25 71 60 54 
21 65 19 84 9 33 60 72 21 66 100 5 93 19 5 65 2 51 62 24 64 47 77 75 66 10 8 42 33 67 96 53 31 14 88 92 98 47 63 19 13 62 
75 57 32 31 22 33 81 83 8 96 82 85 70 99 46 29 40 30 96 87 34 78 53 22 69 50 68 83 20 32 96 94 89 27 24 62 11 56 96 19 52 77 
55 73 27 52 2 19 82 49 5 15 26 9 88 47 11 56 29 30 87 25 76 27 3 99 88 14 55 36 84 58 64 38 30 91 41 83 9 22 31 65 89 9 
26 76 55 36 83 83 65 22 59 40 100 62 91 40 27 97 75 10 54 38 99 35 80 39 18 88 13 100 5 1 8 30 28 14 17 11 49 81 84 7 73 83 
20 63 22 46 11 96 7 64 86 5 50 65 44 67 5 56 19 61 8 78 90 35 92 6 97 40 38 32 98 62 15 18 76 88 15 86 36 22 49 21 26 99 
37 21 17 41 28 87 1 87 65 42 22 8 99 70 99 37 54 96 98 68 13 26 7 28 11 42 1 12 14 26 62 51 99 78 91 78 17 44 65 33 85 38 
40 84 7 90 72 12 85 21 31 50 46 38 77 57 79 77 68 93 54 29 95 4 58 85 82 26 28 46 58 65 83 49 48 41 38 19 53 75 91 83 24 37 
20 100 93 51 28 12 95 33 92 89 37 1 25 70 27 5 15 36 69 97 85 68 89 74 38 41 48 28 24 23 64 95 22 8 45 1 19 39 86 10 79 74 
11 4 43 89 8 57 24 28 5 60 95 93 86 32 86 33 59 9 56 23 3 29 30 100 82 1 90 19 62 21 92 24 24 86 12 83 94 88 10 50 47 4 
42 32 35 27 17 45 87 24 67 42 4 49 93 37 1 82 55 62 54 98 86 77 83 49 11 76 36 20 77 83 75 19 66 61 97 82 6 36 57 24 29 61 
24 21 97 24 54 4 86 8 1 23 84 36 71 47 63 59 66 40 41 93 10 58 53 6 92 58 93 48 34 21 8 57 41 57 33 95 60 18 54 12 92 89 
47 14 35 10 72 1 49 64 45 58 22 97 15 13 7 8 60 40 80 20 48 21 76 80 67 87 49 20 98 40 8 97 54 95 6 77 47 6 41 91 15 62 
87 29 26 93 88 85 84 68 56 84 40 83 15 58 69 64 29 19 55 88 15 60 82 72 37 28 77 77 18 91 90 5 71 67 49 11 3 85 30 59 20 21 
41 34 78 62 97 58 80 52 45 46 63 27 17 99 54 45 27 24 87 68 80 57 34 80 19 89 64 48 47 35 20 39 69 97 100 65 54 31 68 51 28 83 
77 44 81 82 40 60 5 26 79 84 35 13 64 53 1 79 53 99 14 72 89 34 21 89 98 26 71 18 76 99 52 4 94 32 38 86 43 42 11 22 78 97 
86 93 50 38 23 54 36 36 77 76 69 49 64 19 75 87 88 2 37 39 58 82 22 95 67 17 88 30 38 65 26 23 9 27 12 32 32 47 19 9 22 88 
57 38 58 83 76 97 37 64 87 94 45 60 88 64 76 27 93 13 92 70 87 100 97 98 31 28 96 50 88 70 89 45 59 98 79 86 46 67 49 32 60 45 
91 99 60 19 26 4 31 69 74 70 20 70 67 51 49 63 52 37 84 92 33 42 41 63 27 86 30 27 17 41 71 59 92 31 77 69 34 60 89 59 29 8 
80 95 10 29 9 13 65 44 4 49 85 44 11 63 29 92 89 97 33 12 8 76 94 36 44 79 95 32 38 23 39 17 70 1 97 30 13 13 74 17 61 10 
12 24 25 93 15 65 41 99 76 48 74 21 84 69 52 30 100 89 53 91 57 74 43 54 55 55 66 80 23 79 90 35 2 66 27 68 30 67 67 58 67 92 
78 2 61 81 31 12 69 35 54 78 60 96 83 15 51 100 94 73 30 35 59 31 100 37 51 30 56 17 39 22 60 68 23 20 49 5 84 17 40 37 46 99 
33 80 13 35 80 59 59 9 45 70 92 45 6 42 26 61 10 64 34 69 31 8 41 79 13 24 48 52 60 45 50 44 25 15 30 56 25 41 64 69 10 7 
65 15 48 42 28 9 5 61 78 88 69 70 18 33 93 17 84 52 14 85 48 38 51 77 45 75 17 8 96 78 67 60 93 14 2 20 75 58 32 52 97 52 
21 67 84 65 35 19 68 48 4 15 37 6 44 33 33 12 41 28 90 7 39 82 72 92 53 46 2 36 49 50 88 21 16 23 85 3 42 53 2 97 19 39 
54 62 71 86 74 63 65 15 21 4 96 45 47 100 42 48 35 43 98 74 63 65 49 100 67 90 4 69 38 74 59 91 36 81 77 61 96 41 75 68 96 22 
64 43 73 6 42 59 48 91 33 62 56 81 13 74 22 68 94 11 42 52 1 29 85 29 41 32 70 67 99 17 88 63 11 12 20 53 70 19 43 54 32 50 
86 45 24 7 64 17 69 5 21 70 85 57 98 25 88 19 43 38 36 82 100 46 93 71 50 63 89 45 16 21 94 54 17 69 12 80 38 81 37 58 50 21 
66 47 98 53 18 40 90 53 22 42 50 14 12 52 28 1 96 96 73 89 49 89 10 60 68 47 40 4 56 41 25 21 88 22 73 5 13 14 9 34 55 10 
100 67 61 27 19 56 22 91 97 70 79 6 82 98 4 21 2 59 62 78 79 1 51 3 57 63 16 17 49 23 26 48 41 87 74 59 94 96 1 90 17 31 
47 98 28 50 71 81 60 32 10 90 84 60 92 40 75 60 56 23 82 33 70 22 19 43 32 13 90 84 54 59 14 53 56 93 54 78 26 14 9 35 3 44 
95 47 35 21 6 90 43 39 23 64 12 93 58 95 57 48 78 11 6 43 63 13 35 16 91 12 81 51 47 36 95 93 82 81 13 39 71 7 77 45 70 40 
89 27 34 46 74 11 8 31 5 70 96 91 37 38 3 18 88 49 5 34 41 86 15 5 24 37 11 52 33 80 91 73 6 24 18 32 86 25 14 90 46 9 
80 35 98 82 4 38 82 8 23 74 93 37 78 68 25 88 19 9 19 9 82 77 32 51 8 69 76 73 58 73 34 89 7 31 23 10 68 4 69 91 78 61 
79 7 28 56 47 98 64 65 6 97 41 89 48 100 57 75 73 66 47 6 55 54 88 77 15 56 32 84 98 61 96 28 68 76 83 14 73 99 78 31 95 71 
71 42 70 28 16 42 93 15 99 99 20 87 27 34 94 59 69 43 19 17 70 86 44 53 51 16 51 81 98 97 51 69 39 20 48 6 14 40 20 64 91 39 
2 17 25 95 75 45 37 46 13 7 83 56 11 34 24 61 14 21 57 16 89 47 35 36 5 100 28 24 64 70 15 65 86 91 12 13 87 100 10 100 58 92 
55 68 77 78 80 42 51 89 57 91 35 44 79 39 43 58 15 58 27 81 75 64 71 86 76 9 85 37 8 95 81 15 62 57 44 42 51 94 30 7 37 16 
2 15 7 45 72 73 54 50 53 28 13 75 13 41 83 50 77 91 44 57 57 57 66 100 50 16 46 31 74 82 47 76 96 53 20 19 77 73 68 29 1 32 
3 65 72 37 66 49 27 61 57 35 18 22 35 67 37 80 98 63 13 96 38 60 100 57 78 76 81 97 4 33 28 58 50 52 94 67 100 73 28 8 7 97 
30 93 63 18 24 12 80 36 59 17 95 58 25 24 85 58 72 40 42 52 97 91 3 43 58 54 67 37 61 25 33 90 18 47 60 93 59 39 81 69 8 27 
27 32 51 11 89 74 3 83 25 99 73 79 93 82 32 59 18 93 36 50 82 5 97 41 97 7 32 77 75 39 4 53 22 6 16 63 79 18 45 56 68 69 
34 61 51 66 71 20 10 6 70 91 62 18 84 59 76 67 35 2 5 90 55 78 95 22 40 26 39 84 33 58 53 66 18 55 83 41 74 92 98 95 35 60 
64 70 70 39 36 56 41 92 46 47 21 92 68 61 17 58 96 49 15 100 67 85 6 1 25 80 45 74 26 79 85 90 100 54 80 87 10 72 30 55 18 50 
98 37 10 15 94 58 15 61 57 33 45 15 34 21 94 78 46 71 8 31 60 7 36 40 93 45 63 22 51 81 23 49 69 85 15 15 42 29 75 50 62 71 
64 47 91 9 24 36 80 31 18 91 89 54 30 81 50 93 54 53 25 76 1 93 60 67 59 53 47 33 3 60 3 18 6 45 27 81 33 58 63 50 48 51 
0 1 0 0 1 1 0 1 1 0 1 0 0 0 1 0 0 1 0 1 0 1 1 0 0 1 1 0 1 1 1 1 0 1 1 1 1 1 0 0 1 1 
0 1 1 1 0 0 0 0 1 1 1 0 1 1 0 1 0 1 0 1 0 0 0 0 1 1 1 1 1 1 0 0 0 0 1 0 0 0 0 1 1 0 
1 0 1 1 1 1 0 1 0 1 1 1 1 0 0 0 1 0 1 0 0 0 0 1 0 0 1 1 1 0 1 0 1 0 0 0 0 0 0 0 1 1 
1 0 0 0 1 1 0 0 1 0 0 1 1 1 1 1 0 0 1 1 1 0 1 1 1 1 1 1 0 1 0 1 1 0 1 0 0 1 1 1 1 1 
1 1 0 0 0 0 1 1 1 0 0 1 1 1 0 0 0 0 1 0 0 1 1 1 1 1 1 0 0 0 0 1 1 0 0 1 1 1 1 0 1 1 
1 0 0 0 0 0 0 0 0 0 1 1 0 0 0 1 1 1 1 1 0 1 1 0 0 0 1 1 1 0 0 0 0 0 0 1 0 1 1 1 1 0 
0 1 0 1 0 1 0 0 0 0 1 0 1 1 0 0 1 1 1 1 0 1 0 0 0 0 1 1 1 1 1 0 0 0 1 1 1 1 1 0 1 0 
0 0 1 0 1 0 0 0 0 0 1 0 0 0 0 0 1 0 1 1 0 1 1 1 0 0 0 1 0 1 1 0 0 1 1 1 1 1 1 1 1 0 
1 1 0 0 1 0 0 0 1 0 0 0 1 0 0 1 0 1 0 1 1 0 0 0 1 0 1 0 1 0 1 1 0 1 1 1 1 1 0 0 1 0 
0 0 0 1 1 0 0 1 0 1 0 0 0 1 0 1 0 0 0 1 1 0 0 0 1 0 1 1 0 0 1 1 0 0 0 1 0 0 0 0 1 0 
1 1 0 1 1 0 1 1 1 0 1 1 0 0 1 1 0 0 1 1 1 1 1 1 0 0 1 1 0 0 1 1 0 1 1 1 1 0 0 0 1 1 
0 1 1 1 1 1 1 0 1 0 0 0 1 0 0 0 1 1 1 1 0 1 0 1 0 0 0 0 0 1 1 0 0 0 0 1 0 1 0 1 0 0 
1 1 0 0 0 0 1 1 1 1 0 1 1 0 1 1 0 0 0 1 0 0 1 0 0 1 0 0 0 0 0 0 1 0 0 1 0 1 0 1 0 0 
1 1 0 0 0 0 0 0 1 1 1 1 1 1 0 1 1 1 1 1 1 1 1 1 0 0 0 1 1 0 1 0 0 0 1 0 0 1 1 0 0 0 
1 0 1 1 1 0 0 1 1 1 0 0 0 0 0 0 1 0 1 1 0 1 1 1 1 1 1 0 1 1 0 0 1 1 0 1 1 0 0 0 0 0 
1 0 0 1 1 0 1 0 1 0 1 0 1 0 1 0 1 1 0 1 1 1 1 1 0 0 0 0 1 0 0 0 0 1 1 1 1 1 1 0 1 0 
0 0 1 1 1 0 0 1 1 0 0 0 1 1 1 1 1 0 1 0 0 0 1 1 1 0 0 1 0 1 1 0 0 0 1 1 0 0 0 0 0 0 
0 1 1 1 1 1 1 0 1 1 0 0 1 0 0 1 1 0 1 0 0 1 1 1 0 1 1 0 1 1 0 0 1 0 1 0 1 1 0 0 0 1 
0 1 1 0 1 0 0 0 0 0 1 1 1 1 1 1 1 0 0 1 0 1 1 0 1 0 1 0 0 1 1 0 1 0 0 0 0 0 0 0 0 1 
0 0 0 1 1 1 1 1 0 0 1 0 0 0 0 1 0 1 0 1 1 1 1 0 1 1 0 1 0 1 0 0 1 0 1 0 1 0 1 0 0 0 
0 0 1 0 1 1 1 0 1 1 1 0 1 1 0 1 0 0 0 1 0 1 1 1 1 1 1 1 1 0 1 1 0 0 1 0 0 1 0 1 0 1 
1 1 0 1 0 1 1 1 0 1 0 1 0 0 0 0 1 1 0 0 0 0 1 0 0 1 1 0 0 1 0 1 0 0 1 0 1 0 1 1 0 0 
1 0 0 1 0 1 1 0 1 1 1 0 1 1 1 0 0 1 1 0 1 1 0 0 0 0 0 1 1 0 1 0 1 1 0 1 0 1 0 0 0 1 
0 0 0 0 0 0 1 0 0 0 1 1 0 1 1 1 1 0 1 0 1 0 0 1 0 0 0 0 0 0 1 1 0 1 1 1 0 0 1 0 1 0 
1 1 0 0 0 1 1 0 1 0 0 1 1 0 0 1 0 0 1 1 1 0 1 0 1 1 1 0 1 0 0 1 1 0 1 0 1 0 0 1 0 0 
0 1 1 0 0 1 1 0 1 0 0 0 1 1 1 0 1 0 0 1 1 1 0 1 1 1 1 1 0 0 0 1 1 1 1 0 0 0 0 1 1 0 
1 0 1 0 0 0 1 0 1 0 1 1 1 1 1 1 0 1 1 0 0 0 1 0 0 0 0 0 1 1 0 1 1 1 1 1 1 0 1 1 1 1 
0 0 0 1 1 0 1 0 1 1 1 0 1 1 0 0 0 0 1 0 1 1 0 0 0 1 1 0 0 0 1 1 0 1 0 0 1 1 0 0 1 1 
1 0 1 1 0 1 1 0 1 0 1 1 1 1 1 0 1 1 0 0 0 0 1 1 0 1 0 1 1 1 0 0 0 1 0 0 0 1 0 0 0 1 
1 1 1 0 1 0 0 1 1 0 1 0 1 0 1 0 1 1 1 1 1 1 1 1 0 1 1 0 1 1 0 1 0 1 1 1 1 1 0 0 0 1 
1 1 1 0 1 0 1 1 0 1 0 1 0 0 0 1 1 0 0 1 1 0 0 0 1 1 0 1 0 0 1 1 1 0 1 1 1 1 0 1 0 0 
0 0 1 0 0 0 0 0 1 1 1 1 0 0 0 0 0 0 0 1 1 1 1 1 0 0 0 0 1 0 1 1 0 0 0 0 0 0 1 1 0 0 
0 0 0 0 0 0 1 0 1 0 1 1 1 0 1 1 0 1 1 1 0 0 1 0 0 1 1 1 0 1 1 0 1 0 1 1 0 0 1 0 0 0 
1 0 0 0 1 1 1 1 0 0 1 0 0 1 1 1 1 0 0 0 0 1 0 1 0 1 1 1 1 0 0 0 0 0 0 1 1 0 0 0 0 1 
0 0 1 1 0 0 1 0 0 0 0 1 1 0 0 1 0 1 1 0 1 1 0 1 0 0 1 1 0 1 0 0 0 1 1 0 1 1 0 0 1 0 
1 0 1 1 1 1 0 0 1 1 1 1 0 0 1 0 1 1 1 1 1 1 1 1 1 0 0 0 0 1 0 1 1 1 0 1 0 0 1 1 1 1 
1 0 1 0 0 0 0 1 1 1 1 0 0 0 1 0 0 1 1 1 1 1 0 1 0 1 0 1 0 1 0 1 1 1 0 1 1 0 1 1 1 0 
1 0 0 0 0 1 0 0 0 1 1 0 0 1 1 0 0 0 0 1 1 1 0 1 1 0 1 0 1 1 0 0 1 0 1 1 1 1 1 1 0 0 
0 0 1 1 1 0 1 1 1 1 0 1 0 1 1 0 1 0 1 1 1 0 0 0 1 1 1 1 1 1 1 1 1 1 0 0 1 0 1 0 1 0 
1 1 1 1 1 1 1 0 0 0 0 0 0 0 0 1 1 1 0 0 0 0 1 0 0 0 0 0 0 1 0 0 1 1 1 0 0 0 1 1 1 1 
1 1 1 1 1 0 0 1 1 0 1 0 1 0 1 1 0 1 1 0 1 0 1 0 0 0 1 1 1 0 1 0 1 0 0 0 1 0 0 0 1 1 
0 0 1 1 1 1 1 0 1 0 0 1 1 1 1 0 0 0 0 1 0 1 0 0 0 1 1 0 1 0 1 1 0 1 1 1 0 0 0 0 0 0 
1 1 1 0 1 0 0 1 1 0 1 1 1 1 0 0 1 1 0 0 1 0 1 0 1 0 0 1 0 0 0 1 0 1 1 1 1 1 1 1 1 0 
0 0 1 1 0 0 0 0 0 1 0 0 1 0 0 1 1 0 0 1 1 0 1 0 1 0 1 0 1 0 0 0 1 1 1 1 1 1 0 0 1 0 
0 0 0 0 0 0 0 0 1 1 0 0 1 1 1 0 0 0 0 0 0 1 0 1 1 1 1 1 1 0 1 1 0 0 1 0 0 1 0 1 0 0 
0 1 0 1 1 0 1 0 0 0 1 0 1 0 0 0 1 1 0 1 1 1 1 0 1 1 0 0 0 0 0 0 0 0 1 1 0 1 1 1 1 1 
1 0 1 1 1 1 1 1 0 0 0 1 0 0 0 0 0 0 1 0 1 1 1 0 0 1 1 0 0 0 1 0 1 0 1 0 1 0 1 1 0 0 
0 1 0 0 1 0 1 0 0 0 1 1 0 0 1 0 0 1 0 1 1 1 1 1 1 1 1 1 0 0 1 1 1 1 1 0 1 0 1 1 0 0 
1 1 0 0 1 0 1 1 1 1 1 1 0 0 0 1 1 0 1 0 1 0 1 1 1 0 1 0 0 0 0 1 1 1 1 0 1 0 1 1 1 0 
0 1 1 0 1 0 0 0 1 0 1 0 1 0 1 0 0 1 0 0 0 1 1 1 1 1 1 1 0 1 1 0 0 0 0 1 1 0 0 0 0 1 
0 1 1 1 0 1 0 0 1 0 0 1 1 1 0 1 0 0 0 0 0 0 0 0 0 1 0 0 1 1 1 0 0 0 1 0 1 0 1 0 0 1 
1 0 0 1 1 1 1 1 1 1 1 1 1 1 1 0 1 0 1 0 0 1 0 0 0 1 0 1 0 0 0 1 0 0 1 1 1 0 0 0 0 0 
0 1 1 1 1 1 1 0 1 0 0 0 0 0 1 0 1 1 0 1 1 1 1 0 0 1 0 1 1 0 1 1 0 0 0 1 1 0 0 1 0 0 
1 0 0 0 0 1 0 0 0 1 1 1 1 0 0 1 1 0 0 0 1 0 0 0 1 0 0 1 1 0 1 0 0 1 0 0 0 0 0 0 1 0 
0 0 0 0 0 1 0 0 1 0 0 1 0 1 1 0 1 0 0 0 0 0 0 1 0 0 1 0 1 1 0 1 1 0 1 1 1 0 1 0 0 1 
0 0 1 1 0 0 0 0 0 0 0 0 1 0 1 1 0 0 0 1 1 1 1 0 1 1 0 0 1 0 0 1 0 1 1 0 1 1 0 1 1 0 
