55 57 1463
95 87 65 75 53 90 94 34 15 85 66 66 55 59 93 14 14 12 2 92 17 47 100 75 36 77 4 16 50 68 63 96 54 27 22 58 68 15 43 83 51 60 100 5 71 92 18 84 55 71 75 71 69 74 97 5 50 
100 20 51 68 34 99 73 60 72 83 80 39 25 62 89 85 13 94 55 56 63 90 10 34 64 32 2 37 29 58 38 80 77 40 99 10 38 24 22 62 58 1 100 82 14 88 18 26 81 24 81 96 13 42 29 76 73 
82 64 53 40 1 85 68 93 35 78 82 58 51 43 15 3 94 49 16 82 66 93 14 90 25 9 2 18 89 30 90 71 93 95 10 46 79 77 90 65 6 71 23 8 66 89 10 59 37 25 40 55 69 6 96 93 14 
97 10 3 78 52 73 23 98 34 68 28 62 57 92 68 79 14 27 44 55 37 3 43 61 94 97 82 99 92 26 65 41 88 67 18 39 91 40 88 76 59 15 37 67 6 56 98 72 83 41 26 19 95 68 31 41 17 
12 91 8 90 55 100 77 73 70 67 63 61 54 90 20 68 27 38 73 82 35 96 16 28 73 34 22 41 17 14 9 80 5 68 69 11 68 45 84 37 11 98 49 64 88 20 83 66 58 8 47 92 3 15 19 76 100 
93 68 16 58 76 96 62 43 16 73 62 13 8 50 75 57 99 91 44 18 73 61 27 80 8 19 35 74 89 10 73 33 77 89 91 4 36 4 98 3 28 60 15 35 61 90 44 11 80 87 29 4 48 7 84 7 25 
18 32 66 79 4 50 7 92 92 10 79 96 59 82 23 70 96 10 31 37 53 41 68 91 21 72 90 28 7 48 4 76 79 21 54 83 23 12 26 14 73 5 9 31 86 32 1 33 93 83 70 45 75 89 87 48 60 
77 27 66 24 82 41 3 3 46 37 25 57 62 90 29 66 99 60 3 82 12 88 74 46 9 70 20 97 56 19 57 84 45 22 8 27 15 62 81 60 50 57 69 11 46 97 29 96 8 83 77 71 70 2 16 78 71 
88 75 79 6 83 62 51 56 21 29 22 34 9 82 83 17 2 94 62 98 74 58 58 56 86 28 26 88 44 55 10 83 81 40 88 63 54 90 71 74 18 92 8 78 73 42 94 26 87 8 24 60 17 81 16 54 60 
93 93 55 47 3 37 28 94 25 42 47 14 12 21 84 4 80 61 28 73 7 54 60 66 29 19 82 61 86 87 20 78 80 75 77 34 11 56 27 87 97 74 53 61 46 36 16 77 48 95 49 54 48 8 19 28 27 
52 88 64 39 60 94 18 86 70 51 96 77 29 35 25 2 87 85 99 22 52 75 21 47 24 75 94 31 45 74 9 97 61 73 87 72 66 56 57 87 58 5 63 86 39 87 40 77 24 38 50 75 13 70 21 36 44 
67 66 89 40 27 37 52 99 23 24 16 78 80 54 35 84 16 72 74 54 11 50 77 49 99 52 61 69 24 96 64 90 13 4 29 91 40 33 41 14 56 56 91 87 61 77 71 28 1 44 82 11 46 10 11 44 61 
71 64 85 18 28 26 83 31 55 73 71 87 14 36 94 21 27 80 82 55 2 9 55 98 42 18 43 52 28 86 12 51 2 48 68 29 74 2 11 80 75 33 18 40 69 11 60 47 42 41 53 44 2 60 41 43 77 
83 94 4 20 58 54 73 57 74 1 82 75 64 61 1 96 30 40 16 92 100 62 34 92 15 29 45 74 69 40 2 3 85 57 74 42 63 47 51 36 99 32 62 14 45 15 10 26 54 77 18 5 91 3 49 57 31 
45 82 51 84 83 5 69 39 78 62 1 76 12 88 27 96 2 40 92 68 49 17 73 78 86 78 68 88 78 24 70 22 5 72 6 39 76 26 77 6 87 30 33 51 69 59 46 22 99 37 89 99 5 62 76 91 91 
95 30 20 18 100 41 74 71 98 12 99 23 41 56 62 22 88 12 90 47 57 64 45 45 4 95 49 65 71 91 7 65 21 26 35 20 19 8 42 16 72 92 91 12 47 52 85 87 63 74 33 71 89 29 67 93 23 
15 9 45 6 68 62 26 93 48 97 63 7 90 31 78 34 21 41 80 24 25 18 38 51 2 8 39 30 74 83 5 40 92 1 97 59 14 74 3 61 22 66 68 12 96 45 45 68 38 76 91 62 94 28 64 47 87 
3 29 12 37 85 51 28 85 100 38 99 73 41 59 95 58 78 58 53 23 54 72 60 29 62 73 74 41 37 21 79 91 49 90 27 33 92 7 69 91 44 19 16 36 30 10 93 7 19 97 81 72 68 92 52 81 65 
26 73 53 98 51 95 98 92 21 82 84 27 2 26 23 21 41 58 50 2 3 8 72 99 89 43 19 80 95 51 96 72 24 100 21 26 94 70 18 15 51 53 93 52 30 15 24 23 25 25 76 27 33 48 77 21 90 
47 52 36 98 100 7 73 99 79 50 93 48 19 7 50 23 51 54 53 18 77 75 42 2 50 20 86 49 48 58 39 95 9 26 44 8 85 68 7 63 69 51 63 88 9 12 10 59 65 62 76 94 88 69 95 90 40 
32 38 88 89 28 34 49 54 29 9 38 96 67 52 16 17 14 3 25 26 65 35 42 78 63 35 66 31 81 7 23 12 44 62 52 24 47 1 29 75 9 66 22 27 69 37 43 83 92 19 60 56 53 1 33 15 36 
50 98 68 56 72 80 52 33 31 75 79 83 3 5 43 20 26 69 88 14 63 22 5 81 33 60 86 86 93 52 73 94 1 40 50 72 19 1 56 2 75 34 84 29 38 79 48 15 47 87 29 62 61 33 94 93 45 
79 30 89 83 2 82 83 42 31 55 12 83 10 65 9 96 1 37 85 79 36 100 77 75 80 38 35 64 32 79 8 62 61 48 44 62 30 79 55 12 33 19 95 94 83 3 89 83 92 26 13 79 77 90 53 56 79 
39 19 62 70 79 76 30 26 71 43 55 49 98 19 33 16 13 27 50 67 67 33 58 92 97 37 68 86 41 75 17 80 46 78 1 24 53 30 1 24 24 56 72 21 26 5 88 38 83 38 4 1 22 14 93 18 2 
12 4 42 87 20 73 32 49 73 7 2 54 7 25 78 14 48 50 39 4 38 28 86 75 84 87 96 97 31 65 50 94 68 91 32 39 16 15 88 40 21 41 46 80 17 75 93 16 24 84 20 61 11 57 87 94 95 
34 42 77 99 91 71 18 34 54 9 1 69 48 40 41 40 85 20 56 59 65 71 35 100 42 47 10 99 34 56 45 19 49 22 69 40 44 39 25 97 47 25 17 46 64 10 85 1 29 92 11 45 62 45 44 56 92 
6 6 77 13 50 95 61 23 16 52 66 54 76 15 52 100 83 49 64 92 33 16 73 76 26 17 37 71 13 44 62 70 49 38 82 51 84 94 73 51 46 91 4 21 57 7 21 39 55 36 31 39 51 55 14 28 71 
3 98 35 46 59 56 47 48 89 97 84 83 69 34 28 59 90 100 67 96 20 6 3 7 88 41 9 42 7 37 64 9 34 51 6 45 6 52 44 95 48 27 77 69 13 56 79 2 55 46 49 27 3 3 33 90 96 
94 83 2 30 46 62 15 96 19 59 54 71 55 48 70 33 76 38 45 83 69 98 37 14 99 15 16 1 100 57 48 93 39 49 74 36 62 88 84 81 99 37 3 53 36 72 37 63 62 34 45 30 31 33 95 81 48 
62 34 47 18 81 91 8 82 64 95 95 51 78 75 1 66 29 5 1 1 42 63 14 75 7 95 57 92 89 90 39 2 23 37 19 55 27 78 88 42 72 83 92 2 9 45 67 38 49 20 90 90 82 3 64 41 49 
73 32 37 62 22 90 84 58 60 90 36 37 78 77 60 12 68 13 20 64 80 57 13 99 98 2 32 100 18 72 100 90 55 88 51 76 77 86 85 36 27 20 24 56 96 84 67 16 96 39 79 27 95 91 25 45 45 
9 96 62 80 96 3 87 83 5 62 60 90 99 95 68 18 19 24 14 54 90 81 1 28 59 28 75 2 4 19 46 12 14 59 92 61 61 30 44 65 43 3 6 41 49 73 59 19 48 24 72 38 4 73 17 14 100 
43 67 3 13 64 15 79 22 58 39 34 87 82 98 29 36 55 22 85 80 80 3 27 55 27 64 10 99 33 75 50 75 42 52 88 5 18 66 27 75 4 60 13 38 10 94 73 16 15 9 95 46 12 22 100 38 37 
9 88 69 35 37 96 76 88 83 81 58 100 59 32 55 70 97 92 31 90 17 47 56 25 41 1 36 14 52 25 51 12 12 71 46 48 66 22 88 100 54 45 51 12 28 6 33 24 49 64 65 65 62 72 90 54 24 
77 20 75 2 22 86 13 92 32 13 10 5 100 61 58 44 12 21 23 69 5 99 17 20 63 34 81 87 23 87 10 99 6 85 52 27 22 65 70 5 29 79 9 28 92 18 23 55 90 45 23 95 43 91 14 58 76 
47 96 98 33 5 49 90 41 100 16 63 16 37 67 44 16 28 23 59 45 45 13 35 42 87 81 36 29 94 93 5 92 88 2 24 45 2 65 85 2 32 99 69 69 18 13 36 45 87 94 41 32 58 27 25 44 7 
60 72 1 5 28 44 44 82 20 88 83 84 25 36 16 23 5 36 40 17 71 36 3 16 77 86 73 55 62 68 62 22 91 14 26 19 57 21 100 76 9 82 60 85 18 27 59 22 62 51 90 32 86 44 47 14 82 
71 69 43 38 30 16 28 95 93 46 51 14 97 27 74 79 38 58 48 64 16 21 77 66 62 60 4 57 58 69 38 28 89 33 65 70 48 44 64 41 42 15 54 38 93 79 68 82 36 15 97 3 87 73 21 48 32 
76 57 89 44 94 68 33 78 84 2 26 27 66 18 20 32 23 58 76 1 25 57 36 92 5 90 30 77 10 30 60 37 86 100 81 31 67 65 9 2 66 86 28 83 3 100 66 25 57 93 77 33 1 12 76 5 53 
58 33 15 87 92 51 72 43 31 2 9 95 62 62 13 47 42 47 1 41 65 77 97 57 53 81 58 64 9 14 69 66 47 83 52 38 33 75 81 16 28 41 62 90 3 26 88 44 73 89 36 89 65 32 45 18 64 
54 33 72 68 1 37 14 35 40 3 68 66 35 35 94 28 96 35 82 22 22 77 46 62 12 34 27 43 30 96 58 36 80 30 3 33 18 68 67 10 70 86 75 57 20 68 84 16 54 65 89 76 41 34 89 52 19 
67 46 48 62 55 83 94 36 37 26 6 4 92 15 26 78 89 34 49 9 17 64 62 33 52 89 73 37 78 76 55 96 73 55 58 27 89 51 63 26 28 68 81 19 34 58 48 74 91 97 34 59 12 48 91 16 36 
15 52 65 90 59 61 14 13 70 93 53 72 55 78 99 74 11 69 7 68 69 32 11 65 66 69 28 13 12 43 100 26 47 65 68 5 77 81 69 46 73 21 69 79 51 19 4 13 87 62 32 55 94 42 71 59 63 
99 23 74 41 22 99 39 38 66 95 14 99 63 11 23 36 79 54 38 97 57 50 36 71 81 90 64 75 13 74 37 11 48 10 3 69 8 94 7 26 88 72 76 51 83 98 38 13 3 27 62 60 76 97 82 8 38 
97 82 2 22 18 64 69 79 19 37 87 12 95 64 99 19 39 1 1 88 38 65 91 16 78 2 91 26 35 51 16 31 32 17 52 2 81 20 80 99 8 18 62 55 33 60 73 23 61 25 63 50 89 5 66 67 58 
8 44 92 10 59 22 42 76 73 95 8 44 26 58 3 96 19 57 28 30 29 51 90 53 13 92 94 69 9 12 26 68 55 17 78 14 38 71 41 62 65 100 57 42 57 59 37 27 16 65 56 96 67 98 49 31 89 
42 99 49 5 24 16 59 40 93 24 29 15 16 42 79 15 98 21 23 8 57 1 23 73 57 19 91 6 19 21 46 12 71 94 16 94 61 26 85 6 50 65 20 17 58 51 32 55 71 6 63 79 59 37 4 67 7 
94 72 25 67 17 36 37 62 3 83 22 29 19 79 78 84 99 46 93 49 29 48 71 35 62 1 45 50 56 11 57 50 82 33 16 50 69 4 11 23 86 84 51 57 63 80 40 61 26 84 61 54 83 83 40 44 83 
84 46 39 94 54 40 27 86 7 76 6 10 86 29 48 22 79 4 84 11 95 96 36 78 8 41 61 90 81 56 24 16 53 14 62 6 53 88 92 11 64 97 21 1 77 20 74 8 75 57 18 69 4 53 98 11 93 
58 100 25 66 24 41 18 89 2 24 42 41 67 4 56 15 24 9 92 95 82 99 69 39 16 37 42 20 87 5 64 96 4 89 61 79 81 31 68 82 6 61 74 72 64 30 86 40 38 29 34 19 79 55 9 46 43 
3 17 29 7 81 25 62 69 85 41 1 67 60 34 72 72 7 43 87 36 81 26 25 61 12 44 40 66 4 37 8 6 54 89 64 34 13 26 54 49 66 54 16 77 87 87 48 45 82 34 81 62 12 5 22 23 100 
13 40 4 2 99 61 55 87 25 40 99 50 93 100 67 98 15 43 36 53 42 80 34 27 12 95 38 17 69 12 68 33 3 23 34 2 84 40 40 60 79 39 9 23 90 27 20 4 21 7 56 14 87 90 40 98 36 
30 66 56 41 34 89 96 8 74 97 91 14 36 50 92 26 10 15 15 88 86 70 8 45 78 21 31 67 13 80 54 42 46 10 34 31 50 29 38 23 77 81 36 13 82 80 90 44 46 57 31 83 78 91 27 55 63 
57 73 27 89 27 68 86 88 2 16 37 82 5 59 59 37 47 23 71 26 64 14 23 20 96 5 50 38 32 4 53 40 77 79 28 55 47 13 42 100 80 30 33 37 88 91 25 86 65 95 63 29 8 85 100 56 42 
49 93 73 5 97 12 81 76 92 87 74 56 28 73 36 9 5 24 48 48 48 34 12 43 48 92 2 33 92 57 26 92 2 98 96 98 61 28 25 4 66 98 60 45 70 95 53 27 18 1 26 17 34 89 59 81 81 
0 0 1 0 1 0 1 0 0 1 1 1 1 0 1 1 1 1 0 1 0 0 0 0 1 1 1 0 1 1 0 1 0 1 0 1 1 1 0 1 0 1 1 0 1 0 1 1 1 1 0 1 0 1 1 1 0 
0 1 1 0 1 1 0 0 1 1 0 0 1 1 1 0 0 1 0 0 0 1 0 1 1 1 1 0 1 1 0 1 0 0 1 0 1 1 0 0 1 0 0 0 0 1 1 0 0 1 1 0 0 1 0 1 0 
1 0 1 0 0 1 1 0 0 1 1 0 1 1 1 0 0 1 0 1 0 0 0 1 1 0 1 0 0 1 1 0 1 0 0 1 1 1 0 0 0 1 0 0 1 1 0 1 0 0 0 1 0 0 0 0 1 
0 0 1 1 1 1 0 0 0 1 1 1 1 1 0 1 1 0 0 0 0 1 1 0 1 0 0 0 0 0 1 0 1 0 1 0 0 1 0 0 1 0 1 0 1 1 1 1 1 1 1 1 0 0 1 0 0 
0 0 1 0 1 1 1 1 1 0 1 0 0 1 1 0 1 0 0 0 1 1 0 1 0 1 1 1 1 1 1 1 1 0 1 0 0 1 0 1 1 1 1 1 1 1 0 0 1 0 0 0 1 0 1 1 0 
1 0 1 0 0 0 0 0 1 0 0 0 0 1 1 0 1 1 1 0 1 1 1 1 1 1 0 0 1 1 0 0 0 1 0 0 1 0 0 0 1 1 1 1 0 0 1 1 1 0 1 0 1 0 1 1 0 
1 1 1 1 1 1 1 0 1 1 1 0 1 1 1 0 0 0 1 1 0 0 0 0 0 1 0 0 0 1 0 0 0 1 1 1 0 0 1 0 1 0 0 0 1 1 1 0 1 0 1 1 0 1 0 0 0 
0 1 1 1 1 1 1 1 0 0 1 0 1 1 1 1 1 1 0 0 0 0 0 0 1 1 1 1 1 1 1 1 0 0 0 0 1 1 1 1 1 0 1 0 0 0 1 1 0 0 0 0 0 0 1 0 1 
0 1 1 1 0 0 0 1 1 0 0 0 1 0 0 1 1 0 1 0 0 1 0 0 1 0 0 1 1 0 0 1 1 1 1 0 0 1 1 1 1 1 1 0 1 1 1 1 0 1 1 0 0 1 0 1 1 
0 0 1 1 0 0 0 0 1 0 0 0 1 1 1 1 0 1 0 0 1 1 0 0 0 0 0 1 0 1 1 0 1 0 1 1 0 0 1 0 0 1 0 0 0 0 1 1 1 1 1 0 1 1 0 1 1 
0 1 1 1 0 1 0 0 1 0 0 1 1 0 1 1 1 1 1 1 0 0 0 0 1 1 1 0 1 0 1 0 1 0 1 1 0 0 1 1 0 0 0 1 0 1 0 1 1 0 0 1 0 1 1 0 0 
0 0 1 1 0 1 0 0 1 0 0 1 1 1 1 1 1 0 0 1 1 1 0 1 0 1 1 1 1 1 1 1 0 0 0 0 0 1 0 1 1 1 0 0 0 1 0 0 1 0 1 0 1 1 1 1 0 
1 0 1 0 1 1 0 0 1 0 0 0 1 1 1 0 1 0 0 0 0 0 1 0 1 0 1 0 1 1 1 0 1 0 1 1 1 1 1 1 0 1 1 1 0 1 1 1 1 1 1 1 0 0 1 1 0 
0 0 0 1 1 0 1 1 1 0 1 1 1 0 1 0 1 0 0 0 1 1 1 0 0 0 0 0 1 0 1 0 0 1 1 1 1 0 0 1 0 1 0 1 1 1 1 1 1 1 1 0 0 1 0 0 1 
1 1 1 1 0 1 1 1 0 0 0 1 0 1 1 0 1 1 1 0 0 0 1 0 0 1 0 1 0 1 0 1 0 1 0 0 0 1 1 1 1 1 0 1 1 1 1 0 0 1 1 1 1 0 1 1 0 
1 0 0 0 1 1 0 0 1 0 1 0 1 0 1 1 0 0 0 1 0 0 0 1 1 1 0 0 0 0 0 1 0 0 0 1 1 0 0 0 1 1 0 0 1 1 1 1 1 1 0 1 0 0 0 1 1 
1 1 1 1 1 1 1 1 1 1 0 1 1 0 0 0 0 1 1 1 0 0 1 0 0 0 0 1 1 1 0 0 1 0 1 0 1 0 0 0 1 0 1 0 1 0 0 1 1 1 1 1 1 0 1 0 0 
1 1 1 1 1 1 0 1 0 0 0 1 0 0 0 1 0 1 0 0 1 1 1 1 0 0 0 0 0 0 1 1 1 0 0 1 0 0 0 0 1 1 1 1 1 0 0 1 1 0 1 0 0 0 1 0 1 
0 1 1 0 0 0 0 0 1 1 0 1 1 1 0 0 0 0 0 0 0 1 1 1 1 0 1 1 1 1 0 1 0 1 0 0 0 0 1 1 1 1 0 0 0 1 1 1 1 1 1 1 0 1 0 1 1 
1 1 0 1 1 0 1 1 0 0 1 0 1 0 1 0 0 1 1 1 0 0 0 1 1 0 0 0 0 1 1 0 0 0 1 0 0 0 1 0 0 0 0 1 0 1 0 0 0 1 0 1 1 0 0 0 0 
0 1 1 0 0 1 0 0 0 0 0 0 1 0 1 1 0 0 1 1 0 0 0 1 0 1 0 0 1 1 1 0 0 0 0 0 1 0 1 1 1 1 1 0 0 0 0 0 1 1 0 1 1 0 1 1 1 
1 0 0 0 1 0 0 1 0 1 0 1 0 1 0 1 0 0 1 1 0 0 0 0 0 1 1 0 0 1 1 0 1 1 0 0 0 1 1 0 0 1 1 0 0 1 1 0 0 1 1 0 1 1 0 1 1 
0 1 1 1 0 1 0 1 0 0 1 1 1 0 1 0 1 1 0 1 0 0 1 1 0 1 0 1 0 1 0 0 0 0 1 0 1 1 0 1 1 1 0 0 1 1 0 1 0 0 0 1 0 1 0 0 0 
1 0 0 0 0 0 1 0 1 1 0 0 1 1 1 1 0 1 0 1 1 1 0 1 1 1 0 0 1 0 1 0 0 1 1 1 0 0 1 1 1 1 0 1 1 1 0 1 1 0 0 0 0 0 0 1 1 
0 0 1 0 1 1 1 0 0 0 0 0 1 0 0 1 0 1 0 1 1 1 0 1 1 1 1 0 1 1 1 1 1 0 1 0 0 0 0 0 0 1 1 0 1 1 1 1 0 1 0 1 0 1 0 1 0 
0 1 1 1 1 0 0 1 1 0 1 0 0 0 0 1 1 0 0 0 1 1 0 0 0 1 0 1 1 0 1 1 1 0 0 0 0 0 0 1 0 1 1 1 1 0 0 0 0 1 0 0 0 0 0 0 1 
1 1 1 1 0 0 0 0 1 1 0 1 1 0 0 0 1 1 0 1 1 0 0 0 1 0 1 1 0 1 1 1 1 0 0 1 0 1 0 1 0 0 1 1 0 1 1 0 0 1 1 1 0 1 0 1 1 
1 0 0 0 1 1 1 1 0 1 0 1 1 1 1 1 0 0 0 1 1 0 1 1 1 1 1 1 1 0 0 0 0 0 0 0 0 0 1 0 1 1 1 0 1 0 1 1 0 1 1 1 1 0 0 1 1 
1 0 0 1 0 0 0 1 1 0 1 1 1 1 0 1 0 0 0 0 1 1 0 1 0 1 0 1 0 1 0 1 1 1 1 0 1 1 1 0 1 0 1 0 1 1 1 1 1 1 1 1 1 1 0 1 0 
0 0 0 0 1 0 1 0 1 1 1 0 0 0 1 0 1 1 1 1 1 0 0 0 1 1 1 0 1 1 1 0 1 1 0 0 1 1 0 0 1 0 0 1 0 1 0 1 1 1 0 0 0 1 0 1 0 
0 0 0 1 1 0 0 0 0 1 0 1 1 0 0 1 1 0 1 0 0 1 1 1 1 1 1 0 0 1 1 0 1 1 1 0 1 1 0 1 0 0 0 0 1 1 1 0 1 1 0 1 0 0 0 1 1 
0 0 1 1 1 1 0 0 0 0 1 0 0 0 0 1 0 0 0 1 0 0 0 1 0 1 1 0 0 0 0 0 0 1 1 1 1 1 1 1 1 0 1 1 0 0 0 1 0 0 0 0 0 1 1 1 0 
0 1 0 1 1 0 1 1 1 1 0 0 0 1 1 1 1 1 1 1 1 0 1 0 1 0 0 0 1 1 0 0 1 1 1 0 1 0 1 1 1 1 1 0 1 1 1 0 0 0 1 1 1 0 1 0 0 
0 0 0 1 0 0 0 1 1 1 1 1 0 0 1 0 1 1 1 0 0 1 0 0 0 0 1 0 1 1 1 1 1 1 1 0 1 1 1 0 0 0 1 1 0 0 1 0 1 0 0 1 1 1 0 1 1 
1 1 0 1 0 0 0 1 1 0 0 0 0 0 1 0 0 0 1 0 1 1 0 1 1 1 0 0 1 1 1 1 0 0 0 1 0 0 0 1 1 1 1 1 1 0 1 1 0 0 0 1 1 0 0 1 1 
0 1 1 1 1 0 0 1 0 1 1 0 1 0 1 0 1 0 0 0 0 1 0 0 1 0 0 1 0 1 1 1 0 0 0 1 0 0 0 0 1 1 0 1 1 0 1 1 0 1 1 0 1 1 1 0 1 
1 0 0 0 1 1 0 1 1 0 1 0 0 1 1 0 1 0 1 1 0 0 0 1 1 0 0 1 1 1 0 0 1 0 0 0 1 1 1 1 1 0 1 1 1 0 1 0 1 1 0 1 1 0 0 1 0 
1 0 0 0 0 0 1 1 1 1 0 0 0 1 1 0 0 0 1 1 0 1 0 1 1 1 0 1 1 1 0 0 1 0 0 0 0 1 1 1 0 1 1 0 1 0 0 1 1 1 0 1 1 0 0 0 1 
0 0 1 0 0 1 1 0 0 1 0 1 0 0 0 0 1 0 1 0 1 0 1 0 1 0 1 1 0 0 1 0 0 0 0 0 1 0 0 1 1 0 1 0 0 1 0 0 1 1 0 0 1 1 1 0 1 
0 0 1 0 1 1 0 1 0 0 0 0 0 0 1 1 1 1 1 0 1 1 1 0 1 0 0 0 1 0 1 1 0 0 0 1 0 0 0 0 1 1 0 1 1 1 0 0 1 0 0 0 1 1 1 1 1 
1 1 0 1 1 0 0 1 0 1 1 0 0 1 1 1 1 1 0 1 1 0 0 1 0 0 1 1 1 0 1 0 1 1 0 0 1 0 0 1 1 1 0 1 1 1 0 0 0 0 1 0 0 1 1 0 0 
0 0 1 0 1 0 0 0 0 0 0 0 0 1 1 0 1 1 1 1 1 1 1 0 1 1 0 0 1 1 0 1 1 0 0 0 0 0 0 0 0 0 0 1 0 1 1 1 0 0 0 0 1 0 0 0 1 
0 1 0 1 1 0 0 1 0 0 1 0 1 1 0 1 1 1 1 1 0 1 1 0 1 1 0 1 1 0 1 0 1 1 1 1 1 0 0 1 0 0 1 1 1 0 1 1 1 0 0 0 1 1 0 1 1 
0 0 0 1 1 0 0 1 0 1 0 0 0 0 0 0 1 0 1 1 1 0 1 1 0 1 1 0 1 0 1 0 0 1 1 0 0 1 1 0 1 1 0 1 1 0 1 1 0 0 0 1 1 1 1 1 0 
0 1 0 0 0 0 0 0 1 0 0 0 1 0 1 1 0 0 0 0 1 1 1 0 0 0 1 1 1 0 0 1 0 0 1 0 0 0 0 1 0 0 1 0 0 1 1 0 1 1 1 1 1 0 1 1 0 
0 0 0 0 0 1 0 0 1 1 0 1 1 1 1 0 1 1 0 0 0 1 1 0 0 0 1 0 1 0 0 1 0 0 0 1 0 0 1 1 1 0 0 1 1 1 1 0 1 1 0 1 0 0 1 0 0 
0 0 0 0 1 1 1 1 1 0 1 0 1 0 1 1 0 0 1 0 1 1 1 1 0 0 1 0 0 0 0 0 0 0 1 1 0 0 1 1 0 0 1 1 1 1 1 1 1 0 1 1 1 0 0 1 1 
1 1 1 1 0 1 0 0 0 1 0 0 0 0 0 1 1 0 0 0 1 1 0 1 1 1 0 1 1 0 0 0 1 1 0 1 1 0 0 1 1 0 0 0 0 0 1 0 0 1 0 1 0 0 0 1 1 
1 1 0 1 1 1 0 1 1 0 0 1 0 1 0 0 1 0 1 0 1 1 0 0 1 0 1 0 0 0 1 1 1 0 0 1 1 1 0 0 1 0 1 1 1 1 1 1 0 0 1 1 1 1 0 1 1 
1 1 0 1 0 1 1 0 0 0 1 1 0 1 0 0 0 1 1 0 0 0 0 1 1 1 0 1 1 1 0 0 0 0 0 1 0 1 1 0 1 1 1 1 0 1 1 1 0 0 1 0 1 1 1 0 0 
0 1 0 1 0 0 0 0 0 1 0 1 0 0 0 1 1 1 0 0 0 1 0 1 0 1 0 1 0 0 1 0 0 1 0 0 0 0 0 0 1 1 0 1 1 0 1 1 0 1 1 0 0 0 1 0 1 
1 1 1 0 0 0 0 0 0 0 0 0 0 0 1 1 0 0 1 1 1 0 1 0 1 1 0 1 1 0 0 0 1 0 0 0 0 0 0 0 0 0 0 1 0 1 0 1 1 1 0 1 1 1 1 1 0 
0 0 1 0 1 0 0 1 0 0 1 1 0 1 1 0 1 0 0 0 1 1 1 0 1 0 0 0 0 1 1 0 1 0 0 0 0 0 1 1 0 0 0 0 1 1 0 0 0 1 0 1 0 0 1 0 0 
1 0 0 0 1 0 0 0 1 0 0 1 0 1 0 0 1 0 0 1 1 0 1 0 1 0 0 1 1 0 1 1 1 0 1 0 0 1 0 1 0 1 1 0 0 1 0 0 1 0 1 0 1 0 0 0 0 
1 1 1 1 0 0 0 0 0 1 1 1 1 0 1 0 1 1 1 0 0 1 0 0 0 0 1 0 1 1 0 0 0 1 1 1 0 0 1 0 1 0 1 0 1 1 1 0 0 0 1 0 1 1 1 1 1 
