70 46 502
99 18 31 1 92 96 18 62 62 29 63 57 90 15 49 45 27 16 68 13 61 27 62 79 73 89 44 44 27 7 37 25 76 19 78 19 14 95 33 75 75 95 32 17 61 80 
61 87 47 80 51 59 7 12 37 79 100 81 74 78 39 10 55 66 80 32 84 93 78 16 67 52 62 50 68 22 81 81 8 27 60 58 38 18 21 74 96 73 6 21 50 96 
82 56 61 61 39 45 53 16 12 72 20 74 73 39 47 54 19 55 32 31 64 69 48 85 95 96 57 52 16 58 48 50 14 8 10 52 4 15 20 68 38 91 93 62 29 39 
67 100 93 51 30 57 19 77 93 65 24 1 17 40 58 64 41 23 23 50 27 27 16 46 94 5 36 38 67 16 76 85 15 21 35 96 29 54 25 21 70 48 21 86 39 30 
1 79 53 24 81 31 2 96 76 95 53 63 84 19 78 59 3 45 79 38 92 7 43 16 79 12 64 99 50 2 81 50 33 33 25 13 63 26 8 90 72 60 4 55 30 33 
14 85 77 44 74 69 51 68 36 29 31 51 80 80 5 60 82 37 44 6 49 58 32 8 99 3 20 2 58 1 34 23 85 63 66 10 83 68 77 18 49 8 69 28 39 25 
39 20 61 82 26 61 91 9 68 41 11 39 42 20 40 27 42 76 89 8 38 71 27 14 41 75 73 61 2 12 85 92 31 97 25 8 57 15 16 76 55 79 15 48 98 6 
75 92 33 63 51 70 86 77 84 26 52 56 86 5 19 22 97 2 18 21 9 74 88 77 49 42 7 15 42 56 72 16 47 5 30 97 74 15 26 9 92 77 17 77 33 35 
98 29 36 15 2 97 40 89 73 41 82 31 7 23 86 79 90 33 83 20 81 8 86 6 17 78 34 33 6 67 19 4 47 55 70 48 3 62 88 75 2 22 57 8 96 42 
38 86 74 20 57 7 80 42 12 96 71 46 80 77 64 50 32 62 56 1 62 58 14 49 84 15 22 40 75 18 82 12 55 7 32 63 13 63 56 77 10 27 74 41 3 37 
90 86 50 46 86 11 3 100 12 87 66 33 26 40 2 59 52 56 66 35 18 30 49 26 6 58 52 31 98 6 19 87 91 69 32 28 79 87 79 90 25 45 23 50 36 24 
61 39 32 78 25 1 59 73 26 65 30 29 47 27 34 66 66 76 34 49 4 12 35 34 54 59 78 76 61 66 51 73 4 34 50 81 87 8 53 12 24 35 93 71 13 78 
36 78 54 21 27 9 32 13 42 85 24 72 12 84 37 15 56 92 100 57 72 86 16 77 50 92 11 42 62 23 19 49 1 72 21 79 32 4 43 74 41 66 45 52 1 33 
18 8 76 18 64 48 55 32 76 4 23 86 45 36 8 16 36 60 87 56 90 71 59 33 44 99 50 40 3 51 24 72 58 99 41 74 98 96 5 73 99 27 58 96 14 18 
11 49 29 49 4 71 19 14 55 14 13 4 53 15 54 76 38 12 75 79 37 72 74 41 45 72 19 54 19 32 23 29 80 4 78 35 74 48 48 28 62 60 31 14 26 37 
42 64 100 16 42 36 39 67 28 35 90 46 41 9 77 63 37 8 66 66 94 91 14 41 18 75 53 1 40 78 37 81 93 36 48 86 23 87 52 50 73 42 95 13 50 23 
28 38 82 45 56 75 36 69 15 5 95 19 5 34 97 93 67 41 80 14 79 2 52 30 51 77 23 97 41 24 71 68 14 4 13 69 78 48 37 45 4 83 63 9 68 11 
1 34 4 81 100 82 34 3 63 85 31 86 33 72 61 56 39 74 59 51 42 37 50 30 33 54 12 47 14 32 10 66 17 13 46 16 94 80 71 56 16 1 93 100 72 54 
55 11 27 14 13 21 2 15 2 86 20 66 32 33 97 41 98 13 5 96 81 98 27 51 6 94 3 98 93 75 3 100 37 82 13 1 2 66 67 3 51 86 68 34 70 16 
27 20 29 31 67 9 81 45 11 86 38 13 35 82 39 90 81 75 71 45 28 24 62 94 78 12 32 98 98 53 13 76 72 41 6 90 1 38 34 11 75 23 76 10 5 14 
51 37 41 21 82 20 44 43 13 21 7 44 18 56 49 83 31 20 23 88 62 76 26 95 38 100 18 13 61 74 79 11 10 19 83 91 38 78 86 2 51 44 98 68 99 46 
50 81 17 25 68 78 100 45 25 89 45 42 2 57 67 80 20 76 50 2 19 39 80 4 92 30 99 89 49 49 86 51 29 3 27 96 32 78 41 56 66 37 49 67 93 15 
98 64 43 99 66 61 89 97 16 81 26 14 21 26 62 59 28 42 13 54 37 44 31 29 52 97 17 52 15 62 19 65 25 61 15 90 73 4 86 40 36 63 53 8 41 66 
66 68 59 78 22 95 22 4 76 25 100 92 28 67 5 46 83 30 58 97 19 30 52 57 69 87 71 73 95 63 90 60 31 48 90 4 95 63 7 22 87 59 65 14 77 70 
12 59 99 69 7 69 51 59 77 71 97 100 96 43 62 37 3 44 37 44 47 31 6 6 4 44 16 68 57 92 89 20 2 87 41 8 8 91 66 84 13 15 83 60 57 97 
97 11 40 33 54 87 15 59 92 18 2 59 37 11 50 26 30 51 12 70 58 71 12 76 55 77 42 89 36 98 85 84 9 25 68 62 63 82 73 6 99 74 64 36 84 65 
61 66 15 24 87 24 47 51 51 53 79 92 41 14 42 78 50 50 54 17 63 68 99 35 73 49 61 88 36 96 52 48 61 18 24 100 41 70 50 44 22 28 87 14 93 28 
91 94 29 96 11 92 63 61 26 87 61 38 74 97 34 77 44 46 94 19 45 87 88 46 82 9 25 68 23 18 48 65 63 76 61 73 67 23 85 45 62 46 82 35 42 67 
64 37 13 57 56 9 95 95 55 28 4 79 96 78 48 43 94 11 70 54 35 89 29 20 33 90 65 66 76 58 85 39 94 97 48 1 5 42 96 11 70 51 90 17 80 89 
11 73 51 32 27 86 20 7 5 4 96 21 22 71 78 6 62 71 2 9 24 58 2 19 69 23 21 10 39 100 50 1 24 1 33 2 86 52 8 42 56 3 62 77 26 39 
34 87 61 87 47 84 44 48 54 64 71 26 25 61 77 75 62 1 75 94 2 60 97 10 53 4 64 14 80 41 4 65 79 16 51 25 52 95 73 57 10 43 83 35 3 59 
9 16 11 35 61 13 46 58 74 98 61 89 11 93 82 66 57 60 81 8 85 32 54 9 89 63 3 23 49 57 33 9 73 44 43 33 8 88 42 81 85 3 21 47 47 2 
12 55 14 45 62 50 28 67 58 16 82 60 90 82 16 23 91 40 66 33 25 73 73 66 5 57 20 77 56 18 31 19 73 44 63 86 93 43 5 50 10 86 61 100 67 28 
22 9 20 39 42 44 11 14 61 67 22 81 95 29 50 25 48 22 68 62 60 60 4 64 61 14 49 73 13 67 1 86 76 20 24 69 15 86 82 75 52 55 7 98 84 57 
23 83 78 90 44 37 2 48 52 14 13 100 87 25 19 39 10 94 58 33 62 72 18 95 46 21 1 53 18 84 9 92 18 38 34 62 27 35 61 78 100 73 30 86 97 48 
24 58 41 33 42 54 4 11 100 2 31 100 6 100 36 66 92 53 55 25 14 81 11 74 11 10 98 92 48 94 39 23 3 31 56 44 36 11 54 35 64 36 34 69 88 21 
86 31 74 41 7 39 73 17 13 35 78 10 26 77 56 64 100 10 46 55 54 81 65 59 15 81 47 1 49 86 21 35 16 94 27 22 33 99 90 97 34 19 58 11 96 65 
75 95 75 72 1 80 53 17 90 19 97 88 71 46 73 92 32 40 37 10 61 21 8 2 69 93 21 27 4 68 43 30 62 69 1 14 48 5 30 90 24 27 77 46 24 50 
37 7 89 26 16 2 46 75 55 15 68 27 93 23 94 87 52 7 56 4 20 55 9 2 44 84 80 73 29 55 22 18 61 62 95 28 15 40 2 70 6 21 96 50 95 42 
89 98 48 44 2 20 50 62 21 94 97 100 66 77 6 39 46 66 52 40 45 67 80 98 88 37 71 35 39 65 76 27 63 76 22 16 95 71 29 67 16 25 18 81 1 23 
71 47 40 23 38 84 41 17 33 28 6 3 62 96 20 90 22 34 65 43 49 11 65 77 77 81 53 46 13 5 68 84 3 59 58 41 42 98 9 74 25 14 29 38 9 48 
27 82 81 43 76 81 53 93 57 81 73 61 26 85 65 45 20 68 3 29 8 96 26 16 22 2 82 50 40 42 97 18 24 29 61 51 9 65 43 17 46 67 77 23 4 41 
68 23 60 70 52 67 18 29 35 39 31 16 40 22 9 88 91 84 16 3 35 24 68 29 92 13 96 68 35 99 60 54 73 20 76 76 86 93 5 72 31 87 87 70 60 48 
57 50 31 24 5 65 99 72 46 90 36 41 57 22 91 68 76 63 87 51 91 25 43 47 96 25 33 35 46 44 82 54 45 64 77 49 29 75 20 26 16 55 66 24 77 8 
91 4 70 30 54 12 54 48 58 1 24 90 87 69 33 20 22 30 84 50 78 64 76 98 89 91 4 6 14 32 13 4 35 34 85 40 46 38 87 3 91 62 45 77 30 29 
49 3 58 32 4 36 47 79 85 35 21 40 40 34 72 52 90 58 37 74 50 82 64 88 85 54 50 29 82 79 57 30 34 67 13 37 2 59 68 38 45 88 77 84 22 100 
87 63 58 24 88 59 57 51 46 41 56 95 21 38 26 30 19 59 96 32 47 49 42 14 86 87 2 62 22 75 62 9 37 71 84 24 81 40 27 26 33 82 21 5 19 46 
34 90 56 81 21 2 29 14 16 14 100 69 28 22 43 41 82 31 63 65 6 43 56 32 68 40 66 40 45 36 37 30 25 92 63 97 94 91 11 61 57 10 29 36 83 23 
76 64 5 38 28 10 32 36 94 51 27 11 91 71 46 27 53 71 19 15 19 64 57 29 24 65 91 4 100 73 78 75 37 82 64 16 43 47 3 88 98 30 98 88 52 96 
14 4 66 84 70 36 47 79 65 22 43 55 77 95 79 6 21 15 87 85 83 82 31 85 69 28 14 19 67 66 14 81 21 31 16 43 66 15 73 82 36 67 88 65 61 67 
70 82 33 9 18 15 42 48 52 62 28 65 80 94 82 45 26 55 75 42 49 93 8 21 74 95 39 14 59 100 80 81 81 64 41 50 79 82 97 82 95 76 46 75 22 80 
71 99 86 98 92 86 90 99 6 15 94 44 28 4 95 59 84 27 23 76 76 53 9 25 34 4 100 31 30 73 62 100 72 47 97 63 32 38 62 89 5 7 85 84 10 31 
43 46 58 17 21 33 21 82 57 6 85 9 36 14 81 50 13 4 48 62 67 80 51 80 20 55 86 56 39 95 87 33 92 96 49 13 28 21 94 37 26 30 97 13 43 29 
62 7 33 10 20 51 41 71 30 12 25 15 20 63 61 6 47 5 1 47 69 80 67 14 68 44 43 64 57 37 93 70 43 77 31 15 27 71 85 56 35 9 22 54 24 34 
11 22 38 63 69 6 42 87 19 10 31 61 25 87 97 69 8 92 45 39 6 71 61 42 78 95 2 99 100 77 85 10 99 22 72 67 80 66 53 98 27 35 11 51 73 59 
20 81 2 16 71 59 87 31 100 64 78 2 15 77 78 99 39 28 72 62 94 51 27 99 49 5 33 11 56 6 21 27 38 23 42 8 81 80 38 81 44 67 34 10 96 11 
8 34 39 79 47 84 82 26 34 82 30 19 92 37 76 12 15 13 34 57 72 67 88 61 99 31 28 32 92 23 94 51 8 84 82 6 68 63 31 53 44 61 71 35 49 46 
98 64 10 84 72 81 50 59 94 100 42 21 31 33 95 24 84 54 8 65 59 27 27 90 31 22 2 2 8 50 99 5 65 61 40 36 93 41 95 86 40 36 6 70 20 52 
46 3 5 5 19 64 83 97 5 13 18 6 66 25 7 65 30 24 77 69 59 69 10 5 55 49 40 12 71 12 64 16 14 68 72 85 83 54 81 87 18 99 44 84 23 51 
100 4 26 76 25 84 96 34 89 50 34 80 62 56 43 77 23 57 44 94 93 79 99 73 65 17 71 9 100 46 11 51 49 36 26 73 71 21 58 11 23 44 43 36 51 85 
12 74 93 7 19 85 85 18 58 2 86 80 10 37 77 72 87 26 7 64 50 29 36 60 40 58 3 82 93 53 18 56 78 11 15 97 95 99 66 4 100 51 36 61 87 12 
32 25 89 90 88 39 19 23 98 10 33 52 43 77 4 60 33 34 70 47 30 17 97 95 72 49 97 7 9 83 71 93 59 59 82 46 49 52 20 46 61 52 49 3 29 53 
15 61 38 84 59 67 52 55 13 76 55 9 82 64 43 4 56 1 63 89 98 11 41 17 9 53 69 57 8 97 61 22 9 98 57 67 16 61 73 28 36 28 36 69 43 30 
73 50 30 35 90 27 97 30 44 5 35 64 14 42 60 74 15 20 24 23 86 39 83 10 67 18 89 54 87 31 36 59 32 65 45 22 44 41 3 39 98 37 2 63 30 13 
88 96 32 11 19 69 50 1 30 68 19 19 73 57 1 8 15 85 25 11 6 20 3 8 10 100 97 63 14 78 75 2 74 58 12 44 78 13 44 59 32 14 77 57 70 30 
64 36 14 40 46 71 59 49 78 68 100 26 30 14 4 56 67 29 65 78 72 42 43 67 1 26 33 29 82 2 10 46 90 75 37 87 45 96 87 23 15 39 100 45 4 55 
52 70 83 17 99 6 10 41 73 10 67 5 91 100 58 52 97 99 27 34 86 71 29 72 45 43 62 45 39 65 99 91 34 34 59 33 39 68 25 63 30 43 19 72 43 77 
23 39 27 49 72 12 72 52 36 16 47 97 12 37 62 63 79 47 48 37 79 38 5 56 1 86 98 19 57 92 47 79 83 74 80 6 37 51 58 24 18 56 21 82 92 34 
96 71 80 43 7 11 80 63 18 32 100 67 51 56 59 49 87 93 74 18 98 63 20 7 86 37 14 58 70 6 43 65 28 23 7 86 85 39 49 2 70 100 68 72 56 78 
73 94 70 98 11 20 60 30 78 98 18 92 55 40 97 98 4 76 72 63 61 56 1 9 9 70 61 28 94 16 6 66 61 27 63 23 46 75 4 24 72 73 67 78 12 15 
0 1 1 1 1 1 0 1 0 0 0 0 0 1 1 1 0 1 1 1 1 1 1 0 0 0 0 0 1 0 0 0 1 1 1 0 0 0 1 0 0 1 0 0 1 1 
1 1 0 1 0 1 0 1 1 0 1 0 0 1 0 0 1 1 1 0 1 1 0 0 0 1 1 0 1 0 0 1 0 0 0 0 0 0 0 1 0 1 1 0 0 1 
0 1 0 1 0 1 0 0 1 0 1 1 1 1 1 1 0 1 1 0 0 1 0 0 1 0 1 0 0 0 0 0 1 0 1 1 0 1 0 1 0 1 0 1 0 0 
0 0 1 1 0 1 1 0 1 0 0 1 0 0 1 0 0 0 1 1 0 1 1 0 0 1 1 1 0 0 1 0 0 0 1 1 0 0 1 1 0 0 0 1 0 1 
1 1 0 0 0 0 1 1 0 0 0 1 1 0 1 0 0 0 0 0 1 0 0 0 0 1 0 0 0 1 0 1 0 0 0 0 0 1 0 0 1 0 1 0 1 1 
0 1 1 1 1 0 1 0 0 1 1 1 0 1 0 0 0 0 0 0 0 0 0 0 0 1 1 1 0 0 0 0 1 1 1 1 1 1 1 0 0 0 1 0 1 1 
0 1 1 0 0 1 0 0 0 0 1 1 0 1 1 0 0 0 0 1 1 1 0 0 1 1 0 0 1 1 1 0 1 0 0 1 0 1 1 0 1 0 1 1 0 0 
0 0 0 0 1 0 1 0 0 1 1 1 1 0 0 1 0 1 1 1 0 1 0 1 1 1 0 0 1 0 0 1 0 1 1 1 1 0 1 1 1 0 0 1 1 1 
0 1 0 1 0 1 1 0 0 0 0 0 1 1 0 1 0 0 0 1 0 1 1 1 1 1 0 1 0 1 0 0 0 1 1 1 0 0 1 0 1 1 1 0 0 1 
1 0 0 0 1 0 1 1 1 0 0 1 0 0 0 0 0 1 1 1 0 1 0 1 0 1 1 1 1 1 0 0 0 0 0 1 0 0 0 0 0 0 1 0 0 0 
1 0 1 0 0 1 0 0 0 0 1 1 1 0 1 1 0 1 0 1 0 0 1 1 0 1 1 0 0 0 0 1 0 1 1 0 0 1 0 0 1 1 0 0 1 1 
0 0 0 0 1 0 0 0 1 1 1 1 1 1 1 1 0 1 0 0 0 0 1 0 0 1 0 0 1 1 1 1 1 1 1 0 0 0 0 1 1 0 0 0 1 1 
1 0 1 1 0 1 1 1 1 1 0 1 0 0 1 1 1 0 1 1 1 1 1 1 0 0 1 1 0 1 0 1 1 1 0 1 0 1 0 0 0 1 1 0 1 0 
0 0 1 1 1 0 0 0 1 0 0 1 1 0 0 0 1 1 1 1 0 0 0 0 0 1 1 1 1 0 0 1 1 1 0 0 1 0 1 0 1 1 1 0 0 1 
0 1 0 0 1 0 0 1 1 0 0 0 1 0 1 1 1 0 0 0 0 1 0 1 0 1 1 1 0 1 1 0 0 1 0 1 0 0 1 1 0 1 1 0 1 0 
1 1 0 0 1 1 1 1 0 1 1 1 1 1 0 0 1 1 1 0 0 1 0 1 0 1 1 0 1 0 0 0 1 1 0 0 0 0 0 0 1 1 0 0 0 0 
0 1 1 0 1 0 1 0 1 0 1 0 0 0 1 0 0 0 1 1 1 1 1 1 0 0 0 0 1 0 0 1 1 0 1 1 0 1 1 1 1 0 0 1 0 1 
1 0 1 1 1 0 0 0 1 0 1 1 0 0 1 1 1 1 1 1 0 1 0 1 0 1 1 0 0 1 1 1 1 1 0 1 1 1 1 1 1 0 0 0 0 0 
1 0 1 0 1 1 1 1 0 1 0 1 0 0 0 1 1 1 0 0 0 0 1 0 1 0 0 1 0 1 1 1 1 0 1 0 1 0 1 1 0 1 0 0 1 0 
1 0 0 0 0 0 0 1 0 1 0 1 0 0 0 0 0 1 0 1 1 0 0 0 1 0 1 0 0 0 0 1 0 0 1 1 1 1 0 1 0 0 0 1 1 0 
1 1 1 1 0 0 1 0 0 1 0 1 1 0 1 1 0 0 0 1 1 1 1 1 0 1 0 1 0 1 1 1 0 1 1 0 1 0 1 0 1 1 1 0 0 1 
0 0 1 0 1 0 1 0 1 1 0 1 0 0 0 0 0 0 1 1 1 0 1 0 0 1 1 0 1 1 1 1 1 0 1 1 0 0 1 1 0 1 1 0 0 1 
0 0 0 1 1 1 0 0 1 0 1 0 0 1 0 1 0 1 1 0 0 1 0 0 1 0 1 0 1 1 1 1 1 1 1 0 0 1 1 1 1 0 0 0 1 0 
1 0 1 1 0 0 0 0 0 1 1 1 1 0 1 1 1 0 0 0 1 1 1 0 0 1 0 0 1 0 0 0 0 0 1 0 0 0 0 0 1 1 1 1 1 0 
0 1 1 0 1 0 1 1 0 0 0 0 0 1 0 1 1 0 1 1 0 1 1 1 1 0 0 0 1 0 1 1 1 0 0 0 0 1 1 0 1 1 0 0 0 1 
1 0 1 0 1 0 1 0 1 0 0 1 0 0 1 1 1 0 1 1 1 1 1 0 1 0 0 0 0 0 1 1 0 0 1 1 0 0 1 1 0 0 1 1 0 0 
0 1 1 0 1 0 1 0 0 1 0 0 1 1 1 0 0 1 0 0 1 1 0 0 0 1 0 1 0 0 0 0 0 1 0 1 1 0 1 1 1 1 0 0 0 1 
0 1 0 0 1 1 1 1 0 0 0 0 1 0 1 1 1 1 0 1 0 1 1 1 1 0 0 1 0 1 0 0 0 0 1 1 0 0 0 0 0 1 0 0 1 1 
1 0 0 0 0 0 1 1 1 0 0 0 1 0 1 1 1 1 0 0 0 0 0 0 0 1 1 0 1 1 0 0 1 0 0 1 1 0 1 0 0 1 0 0 1 1 
1 0 0 1 0 0 1 1 1 1 0 0 0 1 1 0 1 1 0 0 0 1 0 1 0 0 0 0 0 0 0 0 0 0 1 1 1 1 0 0 0 0 0 0 1 0 
0 0 1 1 0 1 0 0 1 0 1 1 1 1 1 1 1 0 1 1 1 0 0 1 0 0 1 1 1 0 1 1 0 0 0 1 1 1 1 0 1 0 0 0 0 1 
1 1 1 1 0 0 1 0 1 0 1 0 1 0 0 0 1 1 0 0 0 1 1 1 0 0 0 0 1 0 1 0 1 1 1 0 1 1 0 1 1 1 1 0 1 0 
0 1 1 0 1 1 1 0 0 1 0 0 1 1 0 1 0 0 0 1 0 1 0 0 0 1 0 0 1 1 0 1 0 1 1 1 0 1 1 0 0 0 1 0 1 1 
1 1 1 1 1 1 0 1 0 1 1 0 1 0 1 1 0 0 0 1 1 0 0 1 0 1 1 1 1 0 1 0 0 0 1 1 0 1 0 0 0 1 0 1 0 1 
0 0 1 0 1 1 0 0 0 1 1 1 0 0 1 1 0 1 0 1 0 0 0 1 0 1 0 0 0 0 1 1 0 1 1 0 0 0 0 0 1 1 1 1 1 0 
1 1 0 1 0 0 1 0 1 1 1 0 1 0 0 0 1 1 1 0 1 1 0 1 1 1 0 0 1 1 1 0 0 1 1 0 1 0 0 1 1 0 1 0 0 1 
0 1 0 0 1 1 1 0 0 1 1 0 1 0 1 0 0 1 1 1 1 1 1 0 0 0 0 1 0 0 0 1 1 1 1 0 0 0 0 1 1 0 1 1 0 1 
1 1 0 1 0 0 0 0 0 0 0 0 1 1 0 1 0 1 0 1 1 1 1 0 0 1 0 1 0 0 0 1 1 1 0 0 1 0 0 1 0 0 1 1 1 1 
1 1 0 1 0 1 0 0 1 0 1 1 0 1 0 0 0 1 1 1 1 0 1 1 1 0 0 0 1 1 1 0 1 1 0 1 1 0 1 0 1 0 0 1 1 0 
1 0 1 1 1 1 1 0 0 1 0 0 1 0 0 1 0 1 0 0 0 1 1 0 0 0 0 0 1 0 0 0 0 1 1 1 0 1 1 1 0 0 1 1 0 1 
0 0 0 1 1 1 0 0 1 0 0 1 0 1 1 0 1 1 0 1 0 0 0 0 1 0 0 1 1 0 0 0 0 1 1 1 0 1 1 1 0 1 0 0 0 0 
1 0 1 1 1 0 1 1 0 1 1 0 0 0 0 0 0 0 1 1 0 1 1 1 0 1 1 1 1 1 1 0 1 0 1 0 0 1 1 0 0 0 0 0 1 0 
0 1 1 0 1 1 1 0 0 0 1 1 1 0 1 0 1 0 0 0 1 1 1 0 1 1 1 0 1 0 0 0 1 1 0 0 0 1 0 1 1 1 0 0 0 1 
0 1 0 1 1 1 0 1 1 1 0 0 1 0 0 0 0 0 1 0 0 0 1 1 1 1 0 1 1 0 1 0 1 1 1 1 0 1 0 1 0 0 0 0 0 0 
0 0 0 1 0 1 1 0 0 0 1 0 0 0 1 1 0 0 0 1 1 0 0 1 1 1 0 1 1 0 0 1 1 0 0 1 1 0 1 1 0 0 0 0 1 1 
1 1 1 1 1 1 1 1 0 1 0 0 0 1 1 0 0 0 1 1 1 0 1 1 0 1 1 0 0 0 1 1 0 0 1 1 1 0 0 0 1 1 0 0 0 1 
0 1 1 1 0 1 0 1 0 0 0 1 0 0 0 1 0 0 1 1 1 1 1 1 1 1 0 1 1 1 1 1 0 0 1 0 1 1 1 1 1 1 1 1 0 1 
0 0 1 1 1 0 0 0 1 1 1 0 1 0 1 0 0 1 0 1 1 0 0 0 1 1 1 0 0 1 1 0 1 0 1 0 0 0 1 0 1 0 0 0 1 1 
0 1 0 1 0 1 1 0 1 0 1 0 1 1 0 0 1 1 1 0 0 1 0 1 1 0 1 1 0 0 0 1 1 0 0 1 1 1 1 0 1 0 1 0 1 1 
1 0 0 0 1 0 1 1 1 1 1 1 0 0 1 1 1 1 1 1 0 1 0 0 1 1 0 0 0 0 1 1 0 0 1 1 0 0 1 0 1 0 1 0 0 0 
1 1 1 0 0 0 1 0 0 1 0 0 1 0 0 1 1 1 1 0 0 1 0 1 1 0 0 0 0 0 1 1 0 0 1 0 0 1 1 0 0 1 1 1 1 1 
0 0 0 1 0 1 1 0 0 0 0 0 1 0 1 0 1 1 0 1 1 1 0 0 1 0 1 0 1 0 0 0 0 0 1 0 1 0 1 0 1 1 0 0 0 1 
0 1 0 0 0 0 1 0 0 1 0 0 1 0 0 1 0 1 0 1 1 1 0 0 1 1 0 0 1 0 1 1 1 0 1 0 0 1 0 0 0 1 0 1 1 1 
1 1 0 1 0 1 0 0 0 0 1 0 0 0 0 1 1 1 1 1 1 1 0 0 0 0 1 0 1 0 1 0 1 1 1 1 1 0 0 1 0 1 1 0 0 1 
1 1 0 1 0 0 0 0 0 0 0 1 1 0 1 0 0 0 0 0 1 1 0 1 0 0 1 1 0 1 0 1 0 0 0 1 0 1 1 0 1 0 1 0 0 0 
1 0 0 1 0 0 0 0 1 0 0 0 1 0 1 1 0 0 1 0 1 0 1 0 0 1 0 0 1 0 0 0 1 1 1 1 1 1 0 0 1 0 1 0 1 0 
1 1 0 1 1 1 1 1 0 1 0 0 1 1 1 0 0 0 1 1 1 0 1 1 0 0 0 1 1 1 0 0 0 0 1 1 0 0 0 0 0 0 0 1 0 1 
1 0 1 0 1 1 0 0 0 1 1 0 0 0 1 0 0 1 1 0 1 1 0 1 1 0 0 1 0 0 1 1 0 0 0 1 1 0 0 0 1 1 0 0 1 0 
0 1 1 1 1 0 0 0 0 1 0 0 1 0 0 0 0 0 0 0 1 0 0 1 0 0 0 0 0 1 0 0 1 0 0 0 0 0 0 0 0 1 0 1 1 0 
1 1 0 1 1 0 1 0 1 1 0 0 0 0 1 0 0 0 0 0 1 1 1 1 1 1 0 0 0 0 0 1 1 1 0 1 1 0 1 0 1 1 0 1 1 0 
0 1 0 0 0 1 1 1 1 1 0 1 1 0 1 1 1 1 0 1 0 1 1 1 0 1 0 0 0 1 0 0 0 1 1 0 0 0 1 1 1 1 1 0 1 0 
0 0 1 0 0 1 0 1 0 0 0 0 0 1 1 1 1 0 0 0 0 0 1 0 0 0 1 1 1 1 1 1 1 1 1 1 0 1 1 1 1 1 1 0 0 1 
1 0 1 1 0 1 1 1 1 1 0 1 0 1 0 0 0 1 1 1 1 1 1 0 0 0 1 0 0 0 1 1 0 0 0 0 1 0 0 1 1 0 0 0 1 0 
0 1 1 1 0 0 0 1 0 1 0 0 1 0 0 0 0 0 0 0 0 1 0 0 0 0 0 0 0 1 0 0 0 0 1 1 0 1 0 1 0 0 1 1 1 1 
1 1 1 1 1 1 1 0 0 1 0 0 0 0 0 0 0 0 0 1 1 1 0 0 0 1 0 1 0 1 0 0 0 1 1 0 0 0 0 0 0 0 1 0 0 1 
0 0 1 1 1 1 0 1 1 0 0 1 1 1 1 1 1 1 0 0 1 0 1 1 1 1 1 0 1 1 1 1 1 0 0 0 1 0 0 0 0 0 0 1 1 1 
0 0 0 0 1 0 1 0 1 0 1 1 0 0 0 1 1 0 1 0 0 1 0 0 1 1 1 1 0 0 0 1 1 1 1 0 1 0 0 0 0 1 1 0 1 0 
1 0 0 1 0 0 0 1 1 1 0 0 1 0 0 1 1 1 0 1 1 1 1 1 0 0 0 1 0 1 1 0 0 1 1 0 0 1 1 1 0 1 1 1 0 1 
1 1 1 1 0 0 1 0 0 1 0 0 0 0 0 0 0 0 1 1 0 1 0 0 0 1 1 1 0 1 1 1 1 0 1 1 0 0 1 0 1 1 1 1 0 1 
1 0 1 1 0 1 0 0 1 1 1 1 0 0 0 1 1 1 1 0 1 0 0 0 0 1 0 1 1 0 0 0 0 1 1 0 1 0 1 0 1 0 1 1 0 0 
