41 59 39
2 28 61 51 40 90 65 47 72 37 98 36 81 28 16 8 1 34 3 44 100 3 3 61 65 13 90 29 37 79 84 90 7 97 40 98 86 5 96 10 93 93 45 25 20 60 32 73 46 87 16 97 89 18 57 5 82 46 33 
18 25 69 7 83 65 99 32 2 3 28 63 47 20 7 72 92 19 3 64 16 41 31 12 81 100 68 86 81 13 70 51 89 38 9 23 54 7 55 8 61 82 70 8 53 29 79 44 47 33 59 62 26 41 25 6 40 92 43 
73 56 65 75 97 54 35 19 8 94 73 67 54 6 36 13 59 64 43 54 10 28 65 23 53 5 47 10 97 90 5 69 98 69 95 94 22 29 12 81 22 37 47 76 42 83 40 52 98 35 58 60 62 74 82 66 78 81 27 
74 22 31 94 19 51 88 12 73 17 76 53 38 12 52 65 5 34 57 9 31 91 18 90 4 91 24 21 20 56 47 46 77 30 39 96 80 79 7 4 47 34 9 36 45 60 53 2 45 9 62 75 51 79 17 6 21 92 26 
40 47 24 37 75 5 28 70 85 6 29 40 4 62 48 39 59 7 91 12 51 51 73 78 1 3 46 6 75 89 83 66 35 7 3 9 11 30 31 47 87 11 87 90 72 86 28 82 45 19 45 95 69 69 24 22 71 21 79 
97 9 62 63 43 68 65 4 30 94 86 29 80 96 67 21 19 52 48 53 96 18 97 43 39 66 66 60 88 87 90 85 95 51 99 90 70 63 45 100 8 30 80 39 77 46 59 95 97 58 47 93 76 96 87 14 13 52 25 
100 90 14 36 37 65 86 26 86 48 22 37 7 51 16 97 27 61 55 73 58 13 72 2 40 67 88 53 79 91 29 30 81 94 18 69 58 3 94 96 3 15 32 61 17 48 58 95 8 12 67 17 76 90 70 15 56 9 19 
86 100 99 68 32 93 37 100 2 91 45 97 45 11 29 6 27 28 15 73 87 78 39 4 54 29 25 20 36 34 91 74 33 89 93 16 81 29 15 83 71 59 31 16 21 59 73 47 38 87 19 25 64 9 80 69 89 4 41 
77 37 31 2 21 71 94 36 52 74 2 86 44 12 16 11 32 27 83 78 16 21 48 40 37 9 71 57 49 27 97 77 15 79 78 36 50 23 23 53 96 25 90 92 36 57 2 20 83 37 97 51 9 97 90 45 57 13 2 
57 39 50 34 53 29 11 40 30 34 63 82 81 39 71 72 26 27 26 45 62 62 94 12 70 42 53 67 98 65 20 54 55 69 39 8 49 2 99 78 87 61 11 67 99 81 39 77 60 16 21 21 77 14 84 98 55 36 16 
4 53 87 58 59 8 48 18 56 49 17 86 35 77 96 2 28 29 92 4 88 7 76 60 35 90 43 32 44 30 100 48 34 86 57 93 93 4 10 1 5 26 86 39 55 81 92 34 9 83 37 48 41 12 7 75 53 49 59 
49 79 10 48 12 95 4 56 88 59 66 40 15 43 25 54 97 57 45 30 18 80 18 65 20 82 72 47 34 72 57 34 2 66 81 66 60 36 21 99 47 38 38 61 81 14 66 29 71 11 11 88 42 28 4 13 61 27 59 
47 99 67 80 100 32 61 65 92 96 38 42 94 75 32 55 7 45 20 36 67 82 46 6 23 25 10 88 86 36 98 84 86 65 63 86 96 75 2 39 23 39 33 16 66 64 70 72 60 42 7 27 23 4 32 98 81 93 85 
66 81 82 1 66 98 63 3 94 90 5 84 12 95 16 27 60 31 49 84 91 90 42 69 64 46 100 61 26 45 97 43 25 31 95 90 28 57 93 73 46 49 9 9 43 24 36 55 7 36 38 97 25 79 65 40 76 16 1 
53 12 49 47 36 79 41 78 59 50 22 31 47 70 39 56 64 15 91 70 21 26 59 69 2 90 85 41 17 100 93 70 12 42 68 99 72 9 76 30 10 49 13 56 18 3 11 34 17 53 55 89 30 14 9 31 3 93 24 
19 45 68 40 8 9 60 6 33 20 34 62 29 82 74 84 52 29 47 85 45 99 39 86 29 4 94 11 58 87 86 29 31 54 68 38 14 79 95 46 98 28 60 26 62 33 62 13 13 8 49 10 58 39 95 38 43 40 1 
100 26 86 28 8 91 48 97 5 78 44 2 76 23 61 53 84 46 14 96 58 73 44 67 83 83 61 72 77 53 72 28 78 10 56 38 100 55 86 56 32 29 58 59 4 70 12 87 15 25 35 73 50 30 91 84 12 4 55 
40 56 27 68 85 88 75 22 39 81 60 95 64 40 4 23 43 73 34 30 40 10 64 64 11 93 54 94 57 57 49 48 12 27 15 97 14 41 70 52 21 29 98 85 69 53 59 63 78 92 92 17 53 7 80 64 52 33 57 
60 42 57 7 53 83 74 49 96 14 19 100 87 99 97 23 19 2 81 82 79 72 25 47 76 84 26 39 35 10 48 46 3 4 4 56 87 29 56 34 43 26 85 81 25 82 3 95 35 83 76 13 6 1 59 81 84 36 72 
70 97 19 67 100 74 70 7 12 99 62 98 93 40 82 73 64 15 27 10 49 9 86 13 66 38 71 98 73 58 69 42 7 39 8 58 13 29 64 76 27 77 73 71 16 55 95 31 69 21 41 18 81 26 30 46 63 53 96 
35 62 64 28 68 55 87 77 67 15 40 42 94 17 15 16 84 21 11 15 89 83 55 58 64 32 88 61 46 92 56 32 53 72 59 73 26 97 49 44 63 41 37 8 9 3 24 92 23 86 6 64 68 12 21 31 43 8 44 
40 51 51 71 4 22 81 28 99 77 28 94 92 68 31 99 76 33 74 68 8 59 25 71 27 37 91 9 31 51 52 71 1 3 93 56 76 74 35 75 2 63 68 93 30 50 92 58 35 17 77 42 76 1 64 2 89 6 62 
20 56 14 42 9 68 34 16 43 7 51 69 61 65 89 53 46 90 96 3 24 13 31 17 88 32 32 41 20 38 54 91 45 67 84 53 86 18 21 81 76 23 49 36 39 89 89 84 79 36 39 54 48 69 71 87 52 2 79 
24 39 33 14 36 51 98 40 37 67 60 17 42 34 17 78 72 58 18 56 36 5 46 89 5 14 11 43 66 13 22 89 3 6 54 38 8 3 78 96 69 89 64 63 23 33 92 94 90 61 1 77 65 46 17 69 12 28 12 
29 92 85 69 94 90 22 84 49 77 13 45 45 1 8 7 75 40 50 69 29 10 21 57 75 67 74 43 30 1 6 58 92 90 26 37 31 47 72 80 23 84 24 20 37 83 78 63 75 28 83 55 37 4 12 63 22 85 58 
51 85 63 8 28 53 33 16 35 31 88 14 6 23 89 25 11 24 54 74 98 81 56 52 70 59 63 84 80 47 41 82 83 4 89 62 8 73 78 42 4 17 56 9 39 96 85 2 19 38 75 68 71 30 20 92 41 82 75 
72 81 16 54 15 71 94 77 78 67 6 19 70 22 26 30 12 74 66 13 92 3 39 60 25 69 31 16 61 64 91 32 44 58 37 59 28 31 87 5 97 92 75 18 65 53 47 76 26 12 41 69 66 79 80 91 99 10 58 
11 74 48 95 69 57 31 27 84 61 65 40 9 8 15 26 72 67 24 100 92 87 92 12 5 22 92 95 73 1 4 83 74 52 29 43 60 60 21 44 72 38 83 33 45 49 10 69 67 34 68 10 72 11 22 76 32 13 22 
56 13 26 39 39 29 67 33 88 78 53 31 2 90 66 34 87 14 43 55 33 28 74 42 100 36 63 75 67 75 97 75 88 74 13 78 2 31 10 89 61 14 72 62 56 37 47 42 2 89 48 34 17 21 76 68 8 90 42 
74 65 90 48 4 63 12 81 64 95 42 5 7 55 76 20 10 64 66 51 65 6 98 51 22 70 78 41 77 67 83 3 31 24 2 86 39 66 18 54 12 59 58 70 14 33 89 23 96 6 74 13 11 23 63 85 45 92 25 
73 58 59 27 41 83 81 26 21 98 44 74 9 54 84 30 67 68 18 90 64 23 15 28 85 89 42 69 33 33 94 6 90 52 84 82 86 64 8 58 61 3 32 21 56 67 50 75 34 19 64 49 41 30 76 26 18 17 46 
51 49 39 8 39 43 43 72 28 7 79 86 19 33 69 40 41 35 41 15 68 60 30 17 100 11 44 77 28 61 23 30 9 13 89 99 55 32 71 35 38 1 20 8 86 88 47 26 74 88 92 93 47 73 61 98 83 5 27 
62 65 1 92 25 13 80 24 20 11 94 54 100 46 25 60 31 12 6 8 37 45 51 29 43 23 42 93 57 46 19 19 10 71 62 34 35 41 9 54 4 54 7 55 100 83 14 30 94 72 90 82 16 40 63 11 63 4 3 
71 49 73 89 10 95 50 95 29 43 4 83 46 57 41 52 8 24 66 38 69 37 79 51 4 18 65 14 32 68 68 3 16 92 43 77 86 93 71 15 87 74 49 84 31 41 35 90 64 52 79 85 88 57 87 44 75 51 9 
6 18 77 8 85 20 51 61 58 95 31 72 33 5 72 16 87 12 2 76 28 54 7 12 93 63 98 36 37 100 45 95 17 73 54 53 44 56 13 1 50 43 24 34 99 95 49 37 59 51 65 86 56 71 49 48 85 98 36 
22 97 32 16 65 4 21 17 99 77 29 100 26 23 23 12 74 70 60 62 28 62 26 65 69 48 13 17 33 10 4 6 6 35 73 70 90 93 38 88 69 66 87 47 40 62 58 13 31 69 75 10 83 52 74 51 52 38 19 
84 99 22 41 56 56 13 77 45 5 14 33 26 79 71 72 18 32 81 83 62 49 57 23 31 60 48 82 11 85 100 94 83 74 86 38 29 98 14 26 55 27 58 80 57 28 3 27 12 83 9 73 83 17 48 14 76 95 47 
87 80 98 32 14 71 18 4 52 15 69 77 21 48 86 52 4 65 54 82 76 88 90 49 71 6 48 36 34 42 34 20 73 31 3 39 54 20 42 5 87 62 33 7 9 18 11 65 82 64 46 58 52 36 58 74 93 5 61 
78 98 94 97 71 76 52 9 29 23 2 85 9 63 69 68 72 86 78 36 20 93 33 29 96 68 86 69 13 42 29 90 39 74 39 61 50 42 21 30 64 74 67 25 37 35 92 60 73 21 47 44 13 79 72 61 99 9 29 
63 50 10 4 40 35 94 1 84 35 73 66 99 47 84 23 35 70 66 94 94 38 92 37 2 22 8 62 20 68 43 34 17 52 38 9 38 83 9 22 18 33 39 68 79 74 42 13 43 59 58 37 96 1 25 97 23 85 59 
94 52 53 28 69 4 17 29 41 99 37 14 68 21 4 87 52 77 28 16 72 86 74 8 81 26 32 30 48 68 40 94 20 92 73 40 47 89 68 39 39 56 5 59 76 8 45 27 37 73 43 8 10 68 67 43 93 50 72 
0 1 0 1 0 1 1 1 1 1 0 1 1 1 1 1 0 1 0 1 1 0 1 0 1 0 0 1 0 1 0 0 0 0 1 0 1 0 1 0 1 1 0 1 0 1 0 1 0 0 0 1 0 1 1 0 1 1 1 
1 1 0 0 1 0 1 0 0 0 1 0 1 1 0 0 1 0 1 0 0 1 0 0 0 1 1 0 0 1 1 0 0 1 0 1 0 1 1 0 1 1 0 1 0 1 1 1 1 0 0 1 0 0 1 0 0 1 0 
0 0 1 0 0 1 0 1 1 0 1 1 1 0 1 0 0 0 0 1 1 0 1 1 0 0 0 0 0 1 0 0 1 0 1 1 1 1 1 0 1 0 1 1 0 0 1 0 1 1 1 0 0 1 1 0 1 0 1 
1 1 1 1 1 1 0 0 0 0 1 0 1 1 1 0 1 0 0 1 1 1 1 1 1 0 1 0 1 1 1 0 0 0 1 1 0 0 0 0 0 1 1 1 1 0 0 0 0 0 0 1 1 1 1 1 1 0 1 
0 1 0 0 1 0 1 1 0 1 1 1 1 0 0 1 1 0 1 0 1 1 0 0 0 1 1 1 0 1 0 0 0 0 0 0 1 1 1 1 1 0 0 0 0 0 1 0 1 0 0 0 1 0 0 0 1 0 1 
1 1 0 1 0 0 1 0 1 0 1 1 1 1 1 0 1 0 1 1 1 0 1 1 1 1 1 1 0 1 1 1 1 1 0 1 1 1 1 1 0 0 0 1 1 1 1 0 1 1 0 0 1 1 1 0 1 1 0 
1 0 1 1 1 0 1 0 1 1 1 0 1 1 0 0 0 0 0 1 1 1 1 0 0 0 1 0 1 0 0 1 1 1 0 0 1 1 1 1 0 0 1 1 0 0 0 0 0 0 1 1 1 0 1 1 1 1 1 
0 1 0 1 0 1 1 1 1 1 0 0 1 0 1 1 0 1 1 1 1 1 0 1 0 1 0 1 0 1 0 0 1 0 0 1 0 1 0 1 0 0 1 0 1 0 1 1 0 0 0 1 1 1 0 1 0 1 0 
0 0 0 0 1 1 0 1 1 0 1 0 0 0 1 0 1 1 1 0 1 1 1 1 0 0 1 1 0 0 1 0 1 0 0 0 1 1 1 0 1 1 0 1 1 1 0 0 0 1 0 0 1 1 1 1 1 0 1 
1 1 0 1 0 0 0 0 1 1 0 1 0 1 1 1 0 0 1 0 1 1 0 1 0 0 0 1 1 0 0 1 1 1 0 1 1 0 0 1 1 0 0 1 1 0 1 1 0 0 1 1 1 1 0 1 1 0 1 
1 1 1 0 0 0 0 0 0 1 0 1 0 0 1 0 1 1 1 0 0 1 1 1 1 0 0 0 0 0 1 1 1 1 1 0 1 1 0 1 0 0 0 1 0 0 1 1 1 0 1 1 1 0 1 0 0 1 1 
0 1 0 1 1 1 0 1 1 0 1 0 0 1 1 1 1 1 0 0 0 0 1 0 0 1 1 0 1 0 1 0 1 0 1 0 1 0 1 0 0 0 1 0 1 0 0 0 1 0 0 1 1 1 1 1 0 0 1 
0 0 1 0 0 1 1 0 0 1 0 1 1 0 0 0 0 0 0 0 1 0 1 0 1 0 0 0 1 0 0 1 1 1 1 1 0 0 1 0 0 1 1 1 0 1 1 0 1 1 0 0 0 1 1 1 0 1 0 
1 1 0 0 0 1 1 1 1 1 1 1 1 0 1 1 0 0 0 0 0 0 1 0 0 0 1 1 0 0 1 1 0 1 1 0 0 0 0 1 0 1 1 1 1 0 0 0 0 1 0 0 1 1 1 1 0 0 0 
0 1 0 0 1 1 1 1 0 0 1 1 0 0 0 1 0 0 0 0 1 1 0 1 0 0 0 1 0 1 1 0 0 1 0 1 1 0 0 1 0 0 0 0 0 1 1 0 1 1 0 0 0 1 0 0 1 0 1 
1 1 1 1 1 0 0 0 1 0 1 0 0 1 1 0 1 0 1 0 1 1 0 0 1 1 0 0 0 0 1 1 0 0 1 1 1 1 0 0 1 1 1 1 0 0 1 1 0 0 1 1 1 0 1 1 1 1 1 
0 0 0 1 0 1 0 1 0 1 1 0 0 0 1 1 0 1 0 0 1 1 1 1 0 1 0 1 1 0 0 1 0 1 0 0 0 1 1 0 0 1 0 1 1 0 0 0 1 1 0 1 0 1 0 0 1 0 0 
0 0 0 1 0 1 1 0 1 0 0 1 1 1 0 0 0 0 0 0 1 1 0 0 1 0 0 0 1 1 0 1 1 0 0 0 0 1 0 1 0 0 1 1 1 1 1 0 1 1 0 0 1 1 1 0 1 1 0 
0 0 0 1 0 1 1 0 1 0 0 0 0 1 1 1 0 0 0 0 1 0 1 0 1 0 1 1 1 0 0 1 1 0 0 1 1 1 1 0 1 1 1 0 0 0 1 1 1 0 1 0 0 0 0 1 0 1 0 
1 0 0 0 1 1 0 0 0 1 1 1 1 0 0 1 1 0 0 0 1 0 1 0 0 0 0 1 0 0 0 0 0 0 0 1 1 1 1 0 0 0 1 1 0 1 0 1 1 1 1 1 1 1 1 0 1 1 1 
1 1 1 1 1 0 0 0 1 1 1 1 1 1 0 1 0 1 1 1 1 0 1 0 0 0 1 0 1 0 1 0 0 1 0 1 1 0 0 0 1 1 0 0 1 0 1 1 0 1 0 1 1 1 1 1 1 0 1 
0 0 1 1 0 0 1 0 1 1 0 1 0 1 1 0 0 0 0 1 0 1 0 1 0 1 0 0 1 0 1 1 0 0 0 1 0 1 1 1 0 1 1 0 0 0 1 1 0 1 0 0 0 0 1 0 0 1 0 
1 1 0 0 0 0 1 1 1 0 0 0 1 1 1 1 1 0 0 0 0 1 1 1 1 1 0 0 1 0 0 0 1 0 1 1 1 0 0 0 0 0 0 1 1 0 1 1 0 1 1 0 1 0 1 0 0 0 0 
1 0 1 0 1 1 1 1 0 1 1 0 1 0 1 1 1 1 0 0 1 1 0 1 0 0 1 1 0 1 1 0 1 0 0 0 0 1 1 0 0 1 1 1 1 0 0 0 1 0 1 0 0 1 1 0 1 0 1 
0 1 1 0 0 1 0 1 1 1 0 0 1 1 1 0 0 1 1 1 0 1 0 0 1 1 1 0 0 0 1 0 1 0 0 0 0 0 1 1 1 1 1 0 1 0 1 1 1 0 0 1 1 0 1 1 1 1 1 
0 1 0 0 0 1 1 0 1 1 1 0 1 1 0 1 0 0 0 1 0 0 0 1 0 0 1 1 0 0 0 0 1 0 0 1 1 1 0 0 1 1 1 0 0 1 1 0 1 0 0 1 0 0 1 0 0 0 1 
0 0 1 0 1 0 1 0 1 0 0 0 1 0 1 1 0 0 1 1 1 1 1 1 1 1 0 0 1 0 1 0 0 1 0 1 1 1 1 0 0 0 0 1 0 1 1 0 1 0 1 1 1 0 0 0 1 0 0 
1 0 0 1 0 1 1 1 0 1 0 0 1 0 1 0 0 0 1 1 0 1 0 1 0 1 1 1 0 1 1 1 1 1 0 1 0 0 0 0 1 0 1 0 1 0 0 1 0 0 0 0 1 1 1 0 0 0 1 
0 1 0 0 0 0 0 1 0 0 1 1 1 0 0 1 1 0 0 0 0 0 1 1 1 0 0 1 0 1 0 0 0 1 0 1 1 1 0 1 1 0 0 1 0 0 0 1 0 0 1 1 0 0 0 0 0 0 1 
0 1 0 1 0 1 1 1 0 0 1 1 0 1 0 1 1 0 1 0 1 0 0 0 0 0 0 0 1 0 0 1 0 0 0 0 1 0 1 1 0 0 0 0 0 0 1 1 1 1 0 0 1 0 0 1 0 0 0 
1 0 0 1 0 0 1 0 1 1 1 0 0 0 0 0 0 1 0 1 0 1 1 0 0 1 0 1 0 0 1 1 0 1 0 1 1 0 1 0 1 1 0 1 1 1 0 1 0 0 0 0 1 0 0 1 1 0 0 
1 0 0 1 0 1 1 1 1 1 1 1 1 0 0 0 1 1 0 0 1 0 0 1 1 0 1 0 0 1 1 1 1 1 0 1 0 0 1 1 1 0 1 0 0 1 1 1 0 1 1 1 0 1 0 1 0 1 0 
0 0 1 1 1 0 0 0 0 0 1 0 1 1 1 0 1 0 1 0 0 0 1 1 0 1 1 0 1 0 0 1 0 1 0 1 1 0 1 1 0 1 1 0 0 0 0 0 0 1 0 0 1 0 1 0 1 0 0 
0 0 0 1 0 1 1 1 0 0 1 1 0 0 1 0 0 1 0 0 0 1 1 0 1 1 0 1 0 0 1 0 1 1 1 1 0 0 1 0 0 0 1 1 0 0 1 0 0 0 1 0 1 0 0 0 1 0 1 
1 1 0 1 0 1 0 1 1 0 0 1 1 0 1 0 0 1 1 1 1 1 0 1 1 0 0 1 1 0 1 0 1 1 1 1 1 1 1 0 1 1 0 0 0 1 0 0 0 0 1 0 1 1 1 0 1 1 0 
0 0 1 0 1 0 1 1 1 0 0 0 0 1 0 0 1 1 1 0 1 1 1 1 0 1 1 1 0 0 1 1 0 0 1 0 0 1 1 0 1 1 0 1 0 0 0 0 1 1 0 0 0 1 0 0 0 1 1 
1 1 0 0 0 0 1 0 1 0 1 1 0 0 1 1 0 1 1 0 0 0 0 0 0 0 0 1 0 1 0 1 1 1 1 1 1 1 1 0 1 0 1 1 0 0 1 0 1 0 1 1 1 1 0 1 1 0 0 
0 0 1 1 1 0 1 0 1 0 1 0 1 1 1 1 1 0 0 1 1 0 0 1 1 0 1 1 1 1 1 1 1 0 1 0 0 0 0 0 0 1 0 1 0 1 0 1 1 0 1 1 1 1 0 0 1 1 1 
1 0 1 0 0 1 1 0 0 1 1 0 1 0 0 1 1 1 1 0 1 0 1 0 1 1 0 1 0 1 1 1 1 0 0 1 1 1 0 1 1 1 1 0 1 1 1 0 1 1 1 0 1 0 0 0 1 0 1 
0 1 0 1 0 0 1 0 0 1 0 1 0 1 1 0 0 0 0 1 1 1 0 1 0 0 1 0 0 1 1 0 0 0 1 1 0 1 1 0 0 1 0 0 0 1 0 0 1 0 1 1 1 1 0 1 0 0 1 
0 1 1 0 0 1 1 1 1 0 0 0 0 1 0 0 1 1 1 1 0 1 1 1 1 0 0 0 0 0 0 0 1 1 0 1 0 0 0 1 0 0 1 1 1 1 1 0 0 0 0 1 0 1 0 1 1 0 1 
