68 44 2720
40 31 39 74 68 24 64 30 58 61 78 92 37 84 62 9 70 8 14 63 47 38 95 26 100 35 81 93 58 92 12 98 74 2 23 41 78 86 22 35 47 100 79 35 
35 92 95 57 99 8 19 97 97 65 22 97 51 3 41 9 46 4 58 19 6 80 11 35 18 85 69 16 36 47 50 70 91 44 26 89 3 96 38 52 12 59 100 63 
13 40 23 10 43 80 28 100 11 91 34 80 75 3 95 10 1 96 79 91 91 57 32 46 4 69 97 16 79 96 30 44 35 4 53 29 35 33 29 97 23 62 77 97 
16 23 6 17 19 36 59 61 44 42 6 48 62 54 15 93 49 96 36 35 99 40 64 85 72 92 81 46 5 9 42 21 32 99 89 2 87 99 62 30 41 68 77 54 
21 43 46 22 38 33 56 88 73 71 24 96 62 5 42 19 13 35 39 96 86 79 97 24 77 59 53 69 78 82 23 98 24 20 19 14 53 27 53 77 97 77 72 11 
81 65 29 45 52 19 93 89 97 89 12 73 99 64 42 76 97 16 74 21 35 44 86 87 70 38 63 19 14 87 29 94 3 9 91 54 27 83 94 75 23 5 47 22 
21 40 97 17 55 22 89 42 66 74 28 87 12 43 57 25 81 37 71 83 45 13 89 23 47 34 97 69 39 96 42 11 35 39 79 42 12 68 83 77 93 62 16 4 
56 24 81 36 61 51 71 57 15 59 80 61 44 28 81 82 75 23 44 10 13 23 3 24 42 85 53 34 98 68 90 54 43 70 41 3 72 11 12 86 21 43 98 65 
70 78 98 45 100 42 6 12 16 8 36 9 44 40 94 93 7 83 98 1 4 39 4 75 49 67 12 22 9 9 86 30 39 35 74 38 28 31 2 43 90 89 3 85 
28 97 78 86 31 75 38 35 65 93 61 66 59 73 87 67 33 24 97 71 58 22 61 86 53 14 80 94 54 83 79 33 79 8 18 61 34 7 95 99 100 56 64 58 
80 50 25 64 25 73 87 82 94 47 67 98 12 47 44 65 81 22 97 11 81 66 71 14 72 66 64 71 73 79 81 4 28 5 67 4 29 53 86 22 51 4 72 62 
2 15 78 82 88 26 92 68 91 63 33 15 80 49 37 4 27 17 7 7 73 25 10 1 78 95 75 80 99 98 42 52 64 71 34 51 97 77 70 39 91 54 5 70 
2 42 25 29 10 31 87 35 56 96 87 85 43 61 64 93 10 57 44 73 28 77 23 76 54 44 14 44 50 71 66 51 64 90 31 73 73 17 59 28 13 46 64 55 
58 27 47 68 84 90 40 63 19 15 90 24 58 55 19 7 25 84 10 88 26 92 13 98 9 71 77 73 16 40 79 74 18 25 93 1 66 32 15 36 46 56 59 56 
11 78 14 35 13 75 75 38 67 39 87 75 9 63 99 77 54 77 2 72 53 94 24 18 77 91 54 75 46 64 82 56 41 95 43 6 22 69 95 88 7 82 14 67 
96 12 43 2 40 96 73 92 41 48 9 18 38 14 92 84 30 73 91 22 19 33 27 40 1 22 79 7 55 44 74 2 7 68 3 46 16 27 37 56 75 98 73 12 
63 16 47 92 88 38 14 59 70 40 50 23 13 29 81 19 24 6 21 31 74 23 76 89 2 65 44 76 62 69 87 24 84 34 68 24 23 81 82 92 72 31 66 37 
11 47 55 35 52 75 17 77 50 92 65 51 8 61 78 69 81 64 45 64 49 12 39 71 44 20 15 15 3 80 51 13 78 58 99 30 32 15 6 33 59 23 35 66 
35 12 87 15 28 83 30 28 94 69 51 89 40 65 3 42 96 6 7 26 63 5 7 46 72 64 79 30 86 65 47 72 77 33 38 56 15 20 83 60 88 85 48 79 
49 3 21 97 60 79 74 74 35 80 19 6 43 49 87 81 66 34 52 42 18 42 49 33 61 83 44 100 68 44 78 68 46 50 16 57 80 89 30 15 68 100 72 11 
49 59 91 14 44 94 7 61 35 7 45 47 89 89 46 56 84 76 76 81 77 91 37 57 80 18 71 47 17 42 9 17 52 51 82 95 45 40 56 31 46 52 78 35 
92 75 42 75 2 17 55 79 60 43 35 39 60 57 37 77 98 98 45 2 48 27 96 44 66 3 27 64 55 56 98 98 30 91 73 84 60 79 62 71 22 48 9 33 
4 97 61 53 46 6 54 94 84 2 89 49 4 15 12 10 70 61 8 52 4 32 35 15 62 96 85 83 95 45 68 50 41 28 2 39 33 8 32 68 9 72 17 64 
87 80 26 56 93 85 7 96 16 41 10 77 88 46 12 34 90 79 83 82 58 85 20 43 44 3 10 4 75 78 67 61 58 44 68 50 28 75 97 43 67 58 72 7 
3 35 40 44 13 23 25 22 7 97 64 2 99 74 5 25 51 23 37 60 67 5 61 94 79 57 89 97 66 60 3 68 46 43 63 10 65 40 31 23 36 95 24 86 
20 80 11 22 2 47 34 68 3 94 14 33 3 2 30 68 13 32 88 58 74 50 19 90 89 49 12 76 95 87 62 66 66 24 40 20 22 73 39 25 18 52 57 20 
5 38 40 69 70 27 78 95 28 96 37 69 97 100 44 91 87 57 57 4 32 48 23 54 20 14 30 37 65 38 9 22 76 48 42 97 26 20 43 5 67 79 73 63 
79 17 6 65 25 62 20 57 9 95 62 80 8 91 68 72 80 28 45 55 27 87 3 52 58 46 57 76 24 81 39 54 49 44 70 74 57 90 82 17 84 43 96 91 
85 15 14 64 43 11 71 21 49 25 73 6 70 81 81 46 61 71 99 62 14 21 35 22 10 16 38 45 10 85 87 94 52 52 9 46 62 31 66 10 56 90 67 77 
70 100 74 83 70 25 44 36 45 30 9 6 97 47 50 6 83 88 51 34 39 11 31 1 94 97 62 49 86 29 77 8 80 51 90 49 75 85 36 19 14 45 24 62 
43 25 19 25 12 21 11 2 31 93 2 24 89 16 24 75 96 1 82 75 3 23 75 77 7 11 95 72 7 70 85 49 46 3 25 57 23 87 58 5 80 12 81 68 
79 56 94 74 8 75 48 10 49 74 86 7 84 32 78 90 53 14 90 98 16 15 6 90 1 16 95 80 79 27 100 57 82 93 82 42 20 81 51 68 54 89 75 90 
72 4 31 77 18 21 74 85 35 32 75 87 99 21 19 29 47 18 85 80 10 18 21 29 98 24 49 51 64 75 92 35 78 23 11 47 95 37 32 29 20 58 67 70 
30 85 98 28 54 34 7 64 51 80 44 48 55 92 50 18 18 42 4 96 16 67 94 10 55 77 90 74 86 8 43 15 93 40 42 46 73 1 61 75 32 5 22 86 
48 23 55 18 16 58 13 83 24 58 92 30 87 33 3 72 41 97 87 33 88 80 30 12 80 43 86 11 99 59 48 98 34 2 15 49 12 79 32 87 37 75 17 23 
8 71 46 48 68 84 32 7 64 13 19 43 55 56 6 53 15 53 3 100 7 17 48 70 96 31 56 84 58 24 58 65 95 3 64 14 87 47 20 2 59 90 96 66 
46 1 70 12 6 72 11 64 89 10 33 84 93 40 67 50 64 24 66 58 78 81 23 16 27 42 17 85 32 13 2 29 13 72 92 70 43 2 33 83 63 17 66 55 
57 84 56 20 59 21 29 37 1 51 52 27 44 21 64 27 33 17 55 97 88 46 19 83 99 51 65 62 20 31 68 76 66 24 47 25 96 75 13 49 77 16 27 20 
36 90 47 20 59 53 17 46 51 35 80 49 37 45 62 8 27 82 83 92 57 29 68 52 55 32 100 31 48 27 3 35 68 49 55 26 53 23 24 3 9 3 4 97 
99 17 5 25 50 87 69 6 68 36 58 74 20 9 5 67 87 59 53 55 59 59 32 11 81 7 66 41 62 21 38 60 37 42 85 39 80 53 44 99 40 53 73 11 
62 29 29 100 87 82 6 45 40 90 55 73 96 72 13 57 92 50 17 81 43 53 19 75 57 62 73 48 67 45 59 80 73 87 79 59 68 85 55 60 74 10 84 21 
33 96 78 25 98 46 57 92 50 75 66 6 88 39 53 54 83 11 85 8 50 64 18 69 100 73 28 73 34 11 93 66 59 22 42 8 19 98 99 68 24 65 73 12 
3 78 17 37 40 2 96 89 65 14 58 64 86 37 88 71 100 32 36 58 6 78 65 24 27 63 92 51 79 16 62 33 93 30 70 33 31 17 73 47 30 30 62 67 
19 1 89 18 33 25 75 38 54 91 13 80 5 4 82 84 20 95 16 64 25 37 48 7 54 21 54 35 2 67 54 20 68 42 37 52 18 63 89 23 53 1 55 58 
57 36 93 28 31 8 91 55 97 39 13 2 59 66 88 12 85 41 32 52 35 68 3 52 31 43 75 35 95 29 92 51 16 84 78 46 44 69 52 40 59 65 93 69 
82 80 80 66 21 11 17 7 31 71 58 61 13 84 47 8 64 39 58 80 74 88 77 17 8 81 8 66 45 100 86 78 80 17 44 52 28 12 58 10 83 67 22 47 
51 68 54 66 6 64 97 32 51 74 100 10 54 8 27 50 59 12 27 90 28 22 41 7 34 50 16 68 17 37 14 19 5 20 84 62 83 81 93 85 54 93 94 59 
52 20 60 10 83 86 52 10 60 92 69 93 42 84 12 58 73 25 28 29 44 11 90 78 91 35 14 96 79 7 6 82 78 65 43 12 3 94 74 62 86 42 6 79 
77 17 88 1 93 15 29 89 25 71 66 68 57 32 15 35 90 21 16 68 37 58 31 39 4 4 52 89 45 57 19 74 25 6 74 70 20 3 58 96 25 75 63 81 
6 30 67 96 2 34 15 38 43 45 29 46 49 80 34 45 89 52 18 65 9 92 34 28 46 91 76 22 66 90 2 23 19 20 18 20 53 32 10 95 29 38 41 77 
69 26 21 9 30 91 74 90 34 59 18 31 50 45 52 67 34 5 41 5 24 59 24 28 42 33 22 70 22 14 98 91 92 71 99 21 61 24 10 94 83 79 24 84 
75 27 2 9 31 42 13 6 52 88 33 46 73 54 67 94 20 65 84 11 35 35 83 47 58 44 40 40 23 15 75 49 41 76 57 23 70 21 28 21 9 60 18 81 
65 85 74 84 1 10 46 87 44 28 33 53 72 24 93 46 90 19 94 82 95 3 4 16 23 83 88 83 94 6 63 58 42 89 94 42 50 91 80 93 19 64 97 42 
87 41 39 28 60 32 9 6 86 64 21 9 46 8 43 91 65 6 100 6 46 93 99 47 36 78 91 54 93 87 47 31 28 85 58 87 68 18 92 54 81 12 14 78 
71 56 68 36 13 68 93 10 12 92 56 47 21 46 52 14 33 98 44 60 34 54 46 2 71 89 7 52 100 72 81 22 27 49 57 40 16 50 1 79 93 57 26 13 
2 77 78 34 27 74 45 12 27 90 65 97 30 71 100 29 42 81 3 21 81 59 12 96 60 12 26 52 68 51 17 22 80 46 7 58 19 52 69 97 93 34 94 23 
4 45 3 98 25 5 70 5 16 81 52 75 92 78 79 12 80 47 85 59 44 91 16 63 94 85 59 87 70 4 61 25 49 63 22 25 20 91 82 35 23 33 61 67 
62 91 30 42 89 14 52 33 4 20 47 98 56 5 36 25 61 96 49 9 10 23 85 81 65 66 15 88 51 28 6 12 70 35 5 11 48 57 43 51 76 89 100 31 
45 87 7 5 82 55 65 44 29 50 24 94 67 91 33 17 70 38 81 39 72 85 49 19 93 43 21 20 83 73 2 28 59 8 84 93 15 49 36 43 50 59 36 68 
49 68 85 70 5 17 61 28 53 61 46 46 4 19 17 86 91 19 65 49 26 49 41 92 97 28 35 98 87 70 65 87 90 1 57 46 17 69 74 22 29 71 67 32 
89 35 70 31 53 34 80 31 82 72 22 30 100 8 79 38 78 44 76 19 96 84 64 65 52 89 86 81 12 4 12 100 38 33 83 43 67 14 25 48 85 46 78 36 
54 56 25 83 51 1 53 99 36 68 63 88 9 48 20 20 3 83 19 92 16 53 34 82 66 58 29 51 56 58 38 61 66 15 95 68 67 47 66 2 66 28 41 74 
27 60 93 81 43 64 73 58 16 58 39 82 16 19 84 23 29 73 35 94 87 29 61 53 27 27 55 92 6 95 66 33 7 10 13 49 73 37 58 41 95 96 22 10 
66 5 84 94 77 18 39 64 46 100 68 24 78 22 15 83 69 32 67 75 42 80 75 66 16 32 6 62 79 27 71 44 83 6 90 12 23 28 27 20 27 94 43 56 
68 10 39 88 93 5 14 34 36 88 52 4 71 9 65 49 88 88 44 70 45 33 33 68 61 59 39 39 5 82 95 24 43 85 11 35 41 76 21 77 63 72 32 33 
32 48 33 19 87 76 89 32 9 73 99 21 84 89 59 88 22 5 63 64 41 25 51 82 100 71 10 14 94 41 98 25 40 30 44 27 57 84 58 65 56 8 37 91 
96 48 78 18 52 92 81 45 16 83 26 67 53 35 80 98 27 77 75 66 58 18 92 15 53 49 31 60 56 68 51 52 15 80 21 18 72 1 62 39 36 39 6 88 
73 85 38 51 14 12 17 71 29 8 37 33 9 68 92 64 35 42 67 1 22 87 70 45 40 84 83 75 22 40 14 47 25 51 97 90 62 13 12 42 73 49 74 81 
1 1 1 1 0 0 1 1 0 0 1 1 1 0 1 1 1 1 1 1 1 1 0 1 0 0 0 0 0 0 0 1 1 1 0 1 1 1 1 0 1 0 1 1 
0 1 0 0 0 1 1 1 0 0 0 0 0 1 0 0 1 0 1 0 0 1 1 1 0 0 1 1 1 1 0 1 0 0 1 0 1 1 1 0 1 0 0 1 
1 1 1 0 1 0 0 1 1 1 1 1 0 0 0 1 1 1 0 1 1 0 1 1 1 1 1 0 1 1 1 0 0 0 0 0 0 0 1 1 1 0 0 1 
1 0 0 0 1 1 0 1 1 1 0 0 0 1 0 1 0 1 1 1 1 1 1 1 1 0 0 1 1 0 0 0 0 1 0 0 0 0 1 1 0 1 1 0 
0 1 0 0 0 1 1 1 1 0 0 0 1 0 1 0 0 0 0 0 1 0 0 1 1 1 0 1 0 1 1 0 0 1 1 0 1 0 1 0 1 1 0 0 
1 0 0 1 0 0 1 1 0 0 0 1 1 0 0 0 1 0 0 1 1 1 1 0 0 0 0 1 1 1 1 0 1 1 1 1 1 0 0 1 0 0 1 0 
0 1 0 1 1 0 0 1 0 1 1 0 1 0 1 0 1 0 0 0 1 1 1 0 1 1 1 0 1 0 0 1 0 0 0 1 0 0 0 0 1 0 0 0 
0 1 0 1 1 0 1 0 1 0 0 0 1 0 0 0 0 0 1 0 0 1 0 1 1 0 1 0 0 0 0 0 1 0 1 1 0 0 1 1 0 0 1 1 
0 0 1 0 0 0 1 1 1 1 0 0 1 1 0 0 1 0 0 1 0 0 0 0 0 1 1 1 1 1 0 1 1 0 0 1 0 1 0 0 0 0 0 1 
0 1 1 1 1 0 0 0 0 0 0 0 0 0 1 1 1 0 1 0 0 1 1 0 0 0 0 0 0 1 1 0 0 1 0 1 1 0 1 1 1 0 1 1 
0 1 0 1 1 1 1 1 0 0 1 0 0 0 0 1 1 0 1 1 1 1 0 0 0 0 1 1 0 0 0 0 1 0 1 0 0 0 1 0 0 1 1 1 
1 1 0 0 1 1 1 0 1 1 0 1 1 1 0 1 0 0 1 1 0 0 0 0 0 1 1 1 0 0 0 1 1 0 1 1 1 0 1 0 0 0 1 1 
1 1 1 1 1 0 1 0 1 1 0 1 0 1 0 1 1 0 0 1 0 0 0 0 0 1 0 0 1 0 0 1 1 1 0 1 1 1 1 0 0 1 0 1 
1 0 0 0 1 0 1 1 0 1 1 1 1 0 1 0 0 1 1 1 0 0 0 0 1 1 0 0 1 0 1 0 1 1 0 0 1 0 1 0 1 1 1 0 
1 0 1 1 0 0 0 0 0 1 0 0 0 1 0 1 1 1 1 0 0 0 0 1 0 0 1 1 1 0 0 0 1 1 1 1 1 1 1 0 0 0 0 1 
1 0 0 0 1 0 1 1 0 1 0 0 1 0 1 0 0 1 0 1 0 1 0 0 1 0 0 1 0 0 0 1 0 1 1 1 1 0 0 1 0 0 1 1 
0 0 0 1 0 0 0 0 0 1 0 1 1 0 0 1 0 1 0 0 0 1 1 1 0 1 0 0 0 1 1 0 1 1 1 1 0 0 0 0 1 0 1 0 
1 1 1 1 0 1 0 0 0 1 1 0 1 1 0 1 0 0 1 0 1 1 1 1 1 1 1 0 0 0 0 1 0 1 0 0 0 0 1 0 0 0 1 1 
0 1 0 0 1 1 0 1 0 0 0 1 1 0 1 1 0 1 0 0 0 1 1 0 1 0 1 1 0 0 0 0 1 0 1 1 0 1 0 0 1 0 0 1 
0 1 0 1 1 1 1 1 0 0 0 1 0 1 1 1 1 1 1 0 0 0 1 0 0 1 0 1 0 0 0 0 0 1 1 1 0 1 0 0 1 0 1 0 
1 0 1 0 0 0 1 0 1 0 0 1 0 0 0 0 1 1 0 1 0 0 0 0 1 0 0 0 1 1 0 0 0 1 1 0 0 0 0 1 0 0 0 0 
0 0 0 1 1 1 0 1 1 0 1 0 1 1 0 0 1 1 0 1 0 1 1 0 1 1 1 0 1 1 0 1 0 1 1 1 0 1 1 1 0 0 1 1 
0 1 1 1 0 1 0 1 1 1 1 0 0 1 0 1 0 1 0 0 0 1 0 0 1 1 1 1 1 0 0 1 1 1 0 0 0 0 1 1 1 0 0 1 
1 0 0 0 1 1 0 1 0 0 1 1 1 0 0 1 0 0 0 0 1 1 0 0 1 1 1 1 1 1 0 1 0 1 1 1 0 1 1 0 0 0 0 1 
1 0 0 1 1 1 1 0 0 1 0 1 0 0 0 0 1 1 1 1 0 0 1 0 1 0 0 1 0 0 1 1 1 1 1 0 0 0 0 0 0 1 0 0 
1 0 0 0 1 1 0 1 1 1 1 1 1 0 0 1 0 1 1 1 1 0 1 1 0 0 0 0 1 0 1 0 0 1 0 0 1 0 1 0 1 1 1 0 
1 0 0 1 1 1 1 0 1 0 0 1 0 0 0 1 0 1 1 0 0 0 0 1 0 0 0 0 1 1 0 0 1 0 1 1 1 0 1 0 1 1 0 1 
1 0 1 1 1 0 0 1 0 0 1 1 0 1 1 1 0 1 1 0 0 1 1 1 1 0 0 0 0 0 0 1 0 1 1 1 1 1 0 0 1 1 1 0 
0 0 1 1 1 1 1 1 0 0 1 1 0 1 0 0 1 0 0 1 1 1 0 0 0 0 0 1 0 1 1 0 1 1 1 1 0 0 0 0 0 1 1 1 
0 1 1 1 1 1 0 0 0 0 1 0 1 1 0 1 1 1 1 0 0 1 1 0 1 0 0 0 1 0 1 0 1 0 1 1 0 0 1 0 0 0 1 1 
0 1 0 1 0 0 1 1 1 1 1 0 1 0 0 0 0 1 0 1 0 0 0 0 0 0 0 0 0 1 0 0 0 0 1 1 0 1 0 1 0 1 0 1 
1 0 1 1 0 0 1 0 0 1 0 0 1 0 0 0 0 0 0 0 1 0 1 1 1 1 1 1 1 1 0 0 1 1 0 1 1 1 1 1 0 1 1 0 
0 0 0 0 0 0 0 1 0 0 1 1 1 0 0 0 1 0 1 0 0 1 0 1 0 1 1 0 1 0 0 1 0 0 1 1 1 1 0 1 1 1 1 1 
1 1 1 0 0 0 1 0 1 1 1 1 0 0 0 1 1 0 0 1 1 1 0 0 1 1 1 0 0 0 1 0 0 1 0 0 1 1 0 1 0 1 0 1 
0 0 0 1 1 1 0 0 0 1 0 1 0 1 0 0 0 1 0 0 0 1 0 0 0 0 1 1 1 1 0 1 0 0 0 1 1 1 1 0 0 1 1 0 
0 1 0 0 1 1 0 1 0 0 1 0 0 0 1 0 0 1 1 0 0 0 1 1 1 0 1 1 1 1 1 1 0 1 0 1 0 0 1 0 1 0 1 1 
1 0 1 1 0 1 1 0 1 0 1 0 0 1 1 1 0 0 0 0 1 0 0 0 1 1 0 0 1 1 1 0 0 1 1 0 0 0 0 1 0 1 1 0 
0 0 1 0 0 0 1 1 0 1 1 1 0 0 1 1 1 1 0 1 0 1 1 0 0 1 1 0 1 0 1 1 0 0 0 0 0 1 1 1 0 1 0 0 
1 0 1 0 1 1 0 1 1 1 1 1 1 0 1 0 0 0 1 0 1 1 0 1 0 1 0 0 0 1 0 1 1 0 0 0 1 0 1 0 1 0 1 0 
0 1 0 0 1 0 0 0 1 0 0 0 1 0 0 0 1 1 1 0 1 1 0 0 1 1 1 1 1 0 1 1 1 0 1 1 0 1 1 1 1 1 1 1 
0 0 1 1 1 0 0 0 0 0 0 1 0 1 0 1 0 0 1 1 0 0 0 0 0 0 1 1 1 1 0 1 1 1 1 0 0 1 0 0 1 0 1 1 
0 0 1 0 0 0 1 0 0 0 0 0 0 1 0 1 0 0 1 1 0 0 1 0 1 1 0 0 0 1 0 0 1 1 0 1 1 1 1 1 1 1 0 1 
1 0 1 1 0 0 1 0 0 0 0 1 0 0 1 0 0 1 0 1 0 0 1 1 1 0 1 1 0 1 0 1 1 1 0 1 1 1 0 1 0 0 0 0 
1 0 0 1 1 0 0 0 0 1 1 1 0 0 0 0 1 1 1 0 0 1 0 0 1 0 1 1 0 0 1 1 0 1 0 1 1 1 1 1 0 1 0 0 
1 1 0 1 0 1 1 0 1 1 0 0 1 0 1 0 0 0 1 0 1 0 1 0 1 1 1 1 0 1 0 1 0 0 0 0 0 0 1 1 1 1 1 1 
1 0 1 1 0 0 1 1 0 1 1 1 0 0 1 0 1 1 1 0 1 0 0 1 0 1 0 1 1 1 0 0 1 1 0 1 0 1 0 0 0 1 0 0 
1 1 0 1 0 0 1 1 0 1 1 0 1 1 1 0 1 0 0 0 1 0 0 1 0 0 0 0 0 0 1 1 1 1 0 1 1 1 0 1 1 1 1 0 
1 1 0 0 1 0 0 0 1 0 0 1 1 0 1 1 0 0 0 1 0 1 0 1 0 0 1 1 0 0 1 1 1 1 1 0 0 1 1 1 0 1 0 1 
1 1 0 1 0 0 0 0 1 0 1 0 0 0 1 0 1 1 1 0 0 0 1 0 0 0 1 0 1 1 1 0 1 1 1 1 1 1 1 1 1 0 1 1 
1 0 0 0 1 1 0 0 0 1 0 0 1 0 0 0 1 1 0 0 0 1 1 1 0 0 0 1 1 1 1 0 0 1 0 1 0 0 1 0 0 0 0 1 
0 0 0 1 1 0 0 1 0 1 1 0 0 1 0 1 1 1 1 1 0 1 0 0 1 0 1 1 0 1 1 0 0 1 1 1 1 1 1 1 1 0 0 1 
1 0 0 0 1 1 1 1 0 0 1 1 0 0 1 0 0 0 0 0 1 1 1 0 1 0 0 0 0 0 1 0 0 1 0 1 0 0 0 0 0 1 1 0 
0 0 0 0 0 0 0 1 1 1 0 0 0 0 0 0 0 1 0 0 0 1 1 0 1 1 0 1 0 0 1 0 0 1 0 1 1 0 0 0 0 0 1 0 
0 1 0 0 1 1 0 1 0 1 0 1 0 0 0 1 0 1 1 1 0 0 0 1 0 0 1 0 1 0 0 1 0 1 0 1 0 0 0 0 0 0 1 0 
1 1 1 1 0 1 0 0 1 0 1 1 1 0 0 0 1 0 1 1 1 1 0 1 0 0 1 0 1 0 0 0 1 0 1 1 1 0 1 0 0 0 1 1 
1 1 1 0 0 1 1 1 0 1 1 0 1 0 0 0 1 1 0 0 1 0 0 0 0 1 0 0 0 1 0 1 1 1 1 1 0 0 0 1 1 1 1 0 
0 0 1 1 1 1 1 0 1 1 0 1 1 0 0 1 1 0 0 0 1 1 1 0 1 0 1 0 1 0 0 1 0 1 0 1 1 0 1 0 1 1 0 0 
1 0 1 1 0 1 1 1 0 1 1 1 1 0 1 0 1 0 0 1 1 0 1 0 0 0 1 0 0 1 0 1 1 0 0 1 1 0 0 0 1 0 1 0 
0 1 0 1 1 0 1 0 1 0 1 1 0 0 1 0 1 0 0 0 0 0 1 1 0 1 1 1 1 1 1 0 0 0 1 1 0 0 1 1 0 0 1 1 
0 0 1 1 0 1 1 0 0 0 0 0 0 1 0 1 0 1 1 0 1 1 1 0 1 1 1 0 1 0 1 0 1 0 1 1 0 1 0 0 1 0 0 1 
1 0 1 0 0 0 0 1 1 0 1 1 1 1 1 0 1 0 0 0 0 0 0 0 1 0 0 0 0 1 0 1 1 1 1 1 1 0 1 1 0 0 0 1 
1 1 1 1 1 0 1 1 0 1 0 1 1 0 1 1 1 1 1 1 0 0 0 0 0 1 1 0 0 1 1 1 0 1 0 1 1 0 0 1 1 0 0 1 
1 1 0 0 1 1 1 1 0 0 1 0 1 0 1 1 1 0 1 1 1 1 0 0 1 1 1 1 1 1 0 0 1 0 1 0 0 0 1 0 0 1 0 0 
1 1 1 1 0 0 0 1 0 1 0 1 0 1 0 1 1 0 0 0 1 1 0 1 1 1 1 0 0 1 0 0 1 1 1 1 0 1 0 0 0 0 1 0 
0 0 0 1 0 0 1 1 1 1 0 0 0 1 0 1 1 0 1 0 0 0 1 0 1 1 0 0 0 1 0 0 1 0 1 0 0 0 1 1 1 0 0 1 
1 0 0 0 1 1 0 1 1 1 1 1 1 1 1 1 0 1 1 0 0 0 0 0 0 1 0 1 1 0 0 1 0 1 1 1 0 0 0 0 1 1 1 0 
0 0 1 1 1 0 1 1 0 1 0 0 0 0 1 0 0 0 1 0 1 0 0 1 0 0 1 0 0 0 0 0 0 0 1 0 0 0 1 1 1 1 1 0 
1 1 0 1 1 1 0 0 1 0 1 0 0 1 0 0 1 0 1 0 0 0 0 1 1 1 0 0 1 1 0 0 0 0 0 1 1 0 1 1 0 1 1 0 
