69 42 1681
78 51 46 42 88 50 76 61 32 32 53 41 92 90 87 69 38 96 91 62 44 44 87 8 61 11 5 55 57 98 45 86 1 42 27 88 44 2 49 27 34 53 
68 77 94 54 45 83 1 35 45 96 30 31 4 43 94 8 97 2 58 94 87 58 35 14 97 30 67 45 57 52 49 76 28 95 29 25 77 81 11 73 76 41 
56 31 83 49 91 31 2 48 24 88 57 11 53 53 40 20 50 48 23 50 23 3 44 3 27 73 83 37 45 11 29 100 41 11 100 31 94 1 30 69 41 38 
79 93 91 71 64 92 18 87 93 41 89 37 95 15 9 30 3 5 40 32 5 80 94 56 11 87 57 92 56 97 30 86 41 72 56 5 63 26 91 7 18 31 
43 12 97 3 41 99 8 80 82 64 12 76 71 22 14 79 13 21 75 94 7 68 65 14 72 27 39 14 86 56 44 28 68 92 83 60 42 42 92 24 57 3 
51 27 76 64 6 88 85 32 82 43 99 98 56 70 25 47 35 10 2 78 89 21 21 23 81 63 64 24 38 20 26 88 47 1 3 4 40 39 35 73 81 34 
71 89 55 47 35 90 8 88 19 96 9 40 71 41 54 34 64 91 6 41 78 4 41 80 7 80 71 41 53 51 26 23 91 81 69 25 70 76 65 40 23 73 
79 93 65 32 79 80 74 36 20 51 39 60 83 45 91 53 37 95 55 63 69 46 43 37 22 64 64 86 3 39 10 34 83 26 65 61 5 39 96 76 41 86 
87 75 82 78 27 19 72 34 81 93 79 75 81 52 38 45 38 92 35 99 25 17 25 42 30 29 32 77 57 72 63 43 99 96 20 77 14 44 10 46 36 40 
20 16 92 9 12 81 53 46 31 77 15 55 70 96 36 1 72 92 25 86 34 23 82 6 99 47 49 61 93 36 100 64 51 91 25 15 23 77 12 54 5 26 
8 75 21 95 27 45 86 51 82 72 25 15 77 24 62 77 84 6 12 35 21 14 26 45 28 100 21 40 53 78 17 13 52 38 7 78 34 45 81 67 68 5 
82 44 28 95 20 63 52 83 98 72 96 75 17 24 74 89 15 79 66 31 43 17 20 49 47 53 45 27 72 12 31 53 7 11 99 78 25 50 60 74 21 56 
100 37 79 26 78 45 4 43 75 46 12 95 46 58 47 43 36 18 54 66 22 13 28 20 90 5 21 50 78 42 5 78 30 35 3 59 79 58 2 53 55 13 
99 100 22 46 42 57 15 48 74 89 60 2 60 1 6 81 50 35 74 6 64 55 40 66 14 70 75 15 75 29 79 73 29 100 70 22 8 37 21 81 25 32 
34 36 33 91 16 34 26 41 40 89 96 31 7 61 53 81 27 27 10 5 99 90 56 21 63 63 57 36 95 33 19 29 68 3 71 36 37 48 76 76 37 23 
58 95 83 10 27 61 36 88 17 87 29 72 7 44 86 15 79 33 47 97 13 14 100 83 49 88 31 77 63 19 99 20 65 34 82 91 46 17 79 63 55 7 
86 13 50 72 27 80 56 25 29 68 39 28 50 39 15 32 15 29 50 66 100 14 51 81 5 96 50 35 58 4 93 44 69 95 67 95 74 22 20 2 41 10 
81 90 100 47 22 67 75 23 84 27 37 34 59 93 81 8 79 39 64 71 34 32 65 52 78 91 25 49 92 65 10 25 6 10 71 79 28 98 2 11 24 90 
44 82 34 76 42 12 14 57 34 99 88 51 2 17 41 26 18 84 42 27 60 48 88 31 26 15 28 79 77 51 68 72 84 53 48 25 16 13 81 50 12 20 
52 65 89 44 91 6 79 84 84 39 31 24 69 9 90 48 39 67 50 59 38 33 11 37 10 27 50 42 28 13 62 31 77 2 74 19 59 52 3 42 90 85 
17 10 45 7 57 84 25 6 42 62 91 52 51 100 30 100 41 9 12 54 39 88 55 12 7 13 16 61 7 57 45 23 19 90 81 27 25 5 33 66 19 75 
69 69 74 99 68 66 59 31 20 98 70 26 61 76 39 28 88 97 85 85 71 55 26 52 81 50 8 65 15 78 39 35 46 12 85 65 78 44 95 49 41 65 
74 53 92 64 81 32 60 17 16 83 71 41 86 3 42 93 68 8 71 6 42 68 18 27 33 47 70 79 47 62 95 20 66 39 36 46 70 47 14 85 29 36 
77 14 39 18 59 6 25 81 11 18 48 80 44 32 78 65 11 24 78 57 96 44 95 83 41 64 29 55 48 10 90 76 75 80 45 33 85 69 65 48 39 13 
79 82 44 9 99 6 84 76 63 31 19 57 13 60 21 94 66 20 3 7 48 77 87 92 62 23 13 26 22 51 38 1 32 34 61 82 91 44 58 53 75 28 
62 39 39 34 32 4 53 34 11 52 63 97 44 24 71 56 49 93 6 39 93 89 72 5 23 62 48 32 67 74 59 28 65 50 61 96 53 65 82 15 17 44 
63 12 67 34 67 67 26 24 5 70 64 76 26 86 90 73 17 56 99 28 35 63 77 47 10 81 11 91 48 79 34 10 90 52 95 8 19 72 83 23 93 47 
51 18 84 92 43 53 47 93 80 33 7 8 79 16 40 89 7 87 20 92 49 9 96 43 69 14 67 51 88 59 49 90 29 85 81 23 37 27 15 68 11 21 
27 89 36 66 30 94 53 49 38 1 9 85 95 77 98 13 80 37 72 28 27 52 64 7 74 100 86 88 19 48 60 45 37 47 11 66 41 15 66 30 15 74 
14 61 3 63 74 34 51 97 13 77 100 77 36 73 76 73 12 95 20 23 91 8 69 1 25 9 15 90 90 81 16 3 94 70 17 67 3 68 15 15 96 14 
91 83 38 19 55 1 65 27 23 55 34 91 8 59 52 22 100 41 3 15 96 96 84 64 14 86 31 80 53 79 93 95 61 82 13 68 82 29 94 4 36 79 
46 43 37 97 64 89 90 18 3 37 65 39 100 30 76 83 9 28 61 53 23 21 34 87 88 67 68 33 70 3 12 16 97 100 64 60 88 53 30 43 89 94 
81 41 76 56 23 84 36 35 37 58 55 22 96 95 89 15 79 10 17 42 77 13 42 41 25 81 45 6 23 86 51 3 26 26 11 100 10 46 34 98 55 40 
71 2 86 59 17 65 21 85 6 97 50 99 89 74 80 34 79 54 19 29 9 96 7 19 95 68 16 28 65 70 19 87 71 5 98 87 69 18 72 26 66 21 
77 55 46 56 88 76 61 58 56 69 53 62 87 99 81 54 78 45 23 96 84 94 100 81 32 20 98 55 98 63 27 74 17 24 81 56 51 41 13 7 10 17 
20 48 15 1 2 92 97 76 40 80 21 91 12 53 11 9 59 60 24 86 33 92 61 65 48 12 5 12 70 66 29 41 66 95 93 67 39 90 42 78 21 15 
68 33 67 30 93 77 89 16 62 73 60 23 37 59 86 94 70 55 59 50 95 76 97 88 42 35 29 36 12 1 50 31 33 68 61 78 44 1 45 58 74 4 
32 62 62 17 55 84 23 66 85 17 41 81 56 35 67 84 22 30 37 23 61 69 42 73 98 85 73 43 94 98 46 25 60 60 93 66 95 15 31 79 84 24 
12 39 10 30 75 31 60 11 5 72 31 46 44 29 30 68 23 76 66 20 100 77 79 45 42 73 59 25 4 94 48 67 85 57 96 59 39 55 21 43 26 3 
88 21 83 69 41 5 44 6 25 96 82 3 92 75 28 2 99 83 96 98 49 80 54 44 90 44 99 10 38 76 12 25 49 95 46 89 51 41 46 75 88 79 
30 79 53 57 81 52 39 28 49 87 7 55 82 96 98 32 57 36 8 20 12 8 66 57 48 17 50 93 91 37 71 20 68 23 28 48 74 66 75 75 4 33 
29 86 80 78 17 36 13 76 7 77 35 73 85 82 89 34 26 79 23 96 51 90 71 78 89 96 96 15 70 51 47 98 88 78 76 57 13 40 84 71 68 19 
43 53 52 31 38 78 62 60 73 64 1 95 41 89 91 88 3 60 39 49 10 26 78 37 82 90 28 66 13 96 36 55 100 87 38 37 64 51 49 89 14 49 
83 6 38 25 94 92 37 84 93 46 9 70 34 43 12 61 60 24 56 95 78 7 81 15 44 45 17 44 85 30 92 67 88 81 44 81 73 80 16 65 25 76 
34 58 18 45 70 77 68 78 23 98 84 4 64 79 100 81 22 84 10 14 2 49 46 45 29 18 24 96 34 100 72 20 9 89 16 79 18 36 56 40 33 91 
95 96 70 94 28 91 29 90 56 31 38 2 75 19 71 51 14 57 50 85 76 59 26 43 89 95 78 44 34 10 34 81 58 3 74 85 46 3 74 1 33 64 
54 59 82 77 61 95 85 63 32 12 21 9 54 9 3 32 4 88 93 89 68 50 44 42 87 89 96 12 41 80 75 47 90 56 75 51 3 59 13 86 70 85 
94 23 45 96 6 48 83 99 36 51 100 31 44 86 19 91 98 12 70 24 58 59 32 32 9 86 42 73 71 63 57 64 85 53 11 43 100 93 41 88 95 40 
18 90 78 89 80 27 100 49 50 9 60 33 40 20 18 33 93 88 95 1 3 31 6 13 73 5 58 13 44 4 5 14 46 82 54 25 8 53 26 9 61 37 
42 52 56 11 84 100 99 30 53 53 60 58 66 33 14 75 97 58 78 53 23 23 34 76 100 93 28 77 54 40 13 95 43 20 5 78 20 55 7 72 8 66 
29 25 50 94 99 99 3 28 51 25 3 37 100 2 81 79 30 34 70 42 80 12 61 37 89 32 91 47 55 50 65 35 26 14 29 24 64 31 4 15 56 6 
3 7 59 83 38 88 69 59 81 48 71 93 36 11 77 27 10 31 28 74 66 54 87 94 29 3 24 32 17 31 89 71 90 47 5 27 86 73 37 18 73 7 
11 8 70 87 86 79 69 14 4 34 19 42 79 47 44 55 31 12 85 19 82 26 18 87 4 55 11 41 73 83 99 35 43 68 73 28 98 41 93 53 75 11 
95 5 10 38 59 40 50 44 10 83 21 79 21 25 34 32 65 58 66 63 92 8 83 16 36 80 56 28 33 82 39 79 87 100 16 45 39 17 40 100 100 61 
31 72 37 16 3 1 73 69 63 16 76 45 31 63 77 38 91 61 20 81 91 58 80 6 54 70 75 94 21 26 6 51 97 94 66 52 94 90 20 8 5 47 
5 87 10 33 25 52 93 96 84 83 5 63 40 58 84 66 3 4 43 60 55 40 53 72 91 46 62 62 54 18 60 10 57 21 42 33 24 34 80 7 68 84 
69 59 41 4 77 96 8 19 55 14 10 8 85 52 5 98 65 10 68 25 19 76 97 60 8 21 45 39 27 64 22 48 75 14 51 51 9 10 21 16 23 31 
75 60 82 79 9 47 41 76 23 59 3 19 71 10 39 15 100 18 31 21 17 5 87 19 7 47 29 27 62 3 57 36 62 39 67 71 37 7 98 59 17 1 
77 87 62 68 2 62 85 32 34 53 88 20 71 94 67 99 20 80 2 29 68 15 67 86 85 3 92 83 13 8 35 89 95 96 56 48 9 92 31 43 44 18 
14 15 63 32 65 82 64 66 10 31 33 28 16 17 82 59 51 94 18 37 35 12 33 42 11 93 34 41 87 29 10 1 43 72 32 60 6 47 77 67 77 9 
47 44 78 28 2 28 74 20 65 8 83 49 1 46 93 34 38 80 15 48 80 9 71 63 68 28 10 45 95 38 5 41 82 82 20 35 10 45 6 26 4 41 
26 5 86 18 90 23 97 4 22 28 13 93 91 80 20 52 76 66 89 81 58 22 14 78 9 23 74 14 100 78 6 25 82 91 43 71 66 91 27 87 19 39 
31 61 70 3 12 98 68 52 30 78 74 43 7 82 18 80 47 17 57 53 94 90 95 88 13 12 78 39 51 96 29 81 56 50 35 19 47 55 71 76 32 96 
19 38 77 36 17 75 4 26 79 97 15 26 84 79 37 62 17 87 9 97 20 17 47 6 35 93 60 57 21 43 52 39 32 80 26 1 7 29 26 85 26 92 
10 61 71 99 74 39 37 83 36 8 51 34 14 37 26 25 94 46 68 97 36 51 77 61 51 83 42 28 19 19 72 81 79 94 79 53 32 15 87 19 23 37 
52 88 25 30 12 18 27 31 15 63 82 43 75 84 77 16 12 95 86 35 27 17 28 5 21 11 72 7 82 46 95 33 33 19 14 44 89 41 27 55 55 60 
97 29 43 25 97 6 71 82 40 98 50 67 2 70 30 25 76 11 70 22 95 2 93 9 98 81 1 24 35 55 83 83 83 77 7 31 83 29 65 22 26 14 
41 80 84 22 4 11 32 74 85 26 75 77 86 72 57 86 47 43 40 29 25 75 6 83 57 40 63 21 13 89 87 5 68 22 26 23 32 57 96 68 83 23 
44 68 46 52 6 93 94 97 73 70 71 30 4 80 69 67 100 82 7 38 86 26 59 12 48 43 20 96 10 54 18 6 22 15 57 79 7 3 75 32 24 98 
0 1 0 1 1 1 0 1 1 1 0 1 0 1 1 0 0 1 1 1 0 0 0 0 0 0 0 1 1 0 0 0 1 0 1 0 1 1 1 0 0 1 
0 1 0 1 1 1 0 0 0 0 1 0 1 1 1 1 0 0 1 0 0 0 0 1 0 0 0 1 0 1 0 0 0 1 0 1 0 0 1 0 1 0 
1 0 0 0 1 0 0 1 1 1 1 1 0 0 1 1 1 0 0 0 0 0 1 0 1 1 1 0 1 0 1 0 0 1 0 1 1 1 0 0 0 0 
0 0 0 1 1 1 1 1 1 0 1 0 0 0 1 1 1 1 1 0 1 1 1 0 1 0 1 1 1 1 1 1 1 1 0 1 1 0 0 0 0 0 
1 0 0 0 0 1 1 1 1 1 1 0 1 0 1 0 1 0 1 1 1 0 0 1 1 1 1 0 0 1 0 1 0 0 1 0 0 1 1 1 0 0 
0 1 0 1 1 0 1 0 1 0 0 1 1 0 1 1 0 1 0 0 0 0 0 1 0 0 0 0 0 0 0 0 1 1 1 0 1 0 0 0 0 1 
1 1 1 0 0 1 1 1 1 1 1 1 1 0 0 1 0 0 0 0 0 1 1 1 0 0 1 0 0 1 1 0 0 0 0 1 1 0 0 0 1 1 
0 0 1 0 0 1 0 0 0 0 1 1 1 1 0 0 0 0 1 1 0 1 0 1 0 1 1 0 0 0 0 0 1 1 0 1 1 0 1 1 0 0 
0 1 0 0 1 0 1 0 1 1 1 1 0 0 1 1 0 1 0 0 1 1 0 1 0 1 1 1 0 1 1 0 0 1 1 1 1 0 1 1 1 0 
0 0 0 1 1 1 0 1 1 1 0 1 0 0 0 1 1 0 0 1 1 0 0 0 1 0 0 0 1 1 1 1 1 1 1 1 0 1 0 0 1 1 
1 1 1 0 1 1 0 1 0 1 0 0 1 1 0 1 0 1 1 1 1 0 0 0 1 1 1 0 1 0 1 0 0 0 0 1 1 1 0 1 0 0 
0 0 0 0 1 0 0 0 1 1 1 1 1 0 0 0 0 1 1 1 0 1 0 0 0 1 1 0 1 0 1 1 0 1 1 1 1 1 0 0 0 1 
1 1 1 0 0 0 1 1 1 1 0 1 0 0 1 1 0 0 1 1 1 1 0 0 1 1 0 1 1 0 0 1 0 1 1 0 1 0 1 1 0 1 
0 0 1 1 1 1 1 1 1 0 0 1 1 1 1 1 0 0 1 0 1 1 0 0 1 1 1 0 0 1 1 1 1 0 0 0 0 0 1 1 0 0 
0 1 1 1 0 0 0 0 0 1 1 0 0 1 0 1 1 0 0 1 1 1 1 0 1 1 0 1 0 0 1 1 0 0 0 0 0 0 0 1 0 0 
1 0 1 1 1 0 0 1 1 1 0 1 1 1 0 1 0 1 0 1 0 0 0 0 0 0 1 1 1 1 1 1 1 0 0 0 0 0 1 0 0 1 
1 1 0 1 1 1 0 1 0 0 1 0 1 1 1 0 0 0 1 1 1 0 1 0 0 0 0 1 0 0 0 1 0 0 0 1 1 1 0 0 1 1 
0 0 0 1 0 1 0 1 0 1 1 0 1 1 0 0 0 0 0 0 1 0 1 1 1 0 0 1 0 0 0 1 0 1 0 1 0 0 0 0 0 0 
0 1 1 0 1 0 0 0 0 1 0 1 1 0 0 1 1 0 1 0 1 0 1 0 1 1 0 1 1 0 1 0 0 1 0 1 1 1 1 1 0 0 
1 1 0 1 1 1 1 0 1 1 0 0 1 1 1 1 1 1 0 0 1 0 1 1 1 0 0 1 0 1 1 1 0 1 0 1 0 1 0 0 0 0 
0 1 0 0 1 1 1 1 1 0 1 1 1 0 1 0 1 1 1 0 0 1 1 0 1 0 0 1 0 0 1 0 0 1 0 1 0 1 0 0 1 1 
1 1 1 0 1 1 0 0 1 0 1 1 1 0 1 1 1 1 1 1 1 1 0 0 0 1 1 0 1 1 1 0 0 1 0 1 0 0 1 1 1 0 
0 0 1 1 1 0 0 0 1 0 0 0 0 0 1 1 1 0 0 0 0 0 1 0 1 1 1 0 1 0 1 1 0 0 1 1 0 1 1 0 1 1 
0 1 0 1 1 1 1 1 1 1 0 1 1 1 0 0 0 1 0 1 1 0 1 0 1 1 1 1 1 1 0 1 0 0 0 1 1 1 1 1 0 1 
0 0 0 0 0 0 0 1 1 1 1 0 1 1 0 0 0 1 1 0 1 0 1 1 1 0 1 0 1 1 1 1 1 0 0 0 0 0 1 0 1 0 
0 0 1 0 0 1 0 0 0 1 0 1 0 1 1 1 0 1 1 1 0 0 1 0 0 0 0 1 0 1 0 0 1 1 1 0 1 1 0 1 0 0 
0 0 1 1 0 1 0 1 1 1 1 0 1 0 0 0 1 0 1 1 1 1 1 0 1 0 1 1 1 1 1 1 1 0 0 1 0 1 0 1 0 0 
1 1 0 0 1 1 0 1 1 1 0 0 1 1 0 0 0 1 1 1 0 1 1 0 0 1 1 1 0 1 1 0 1 1 0 0 0 0 1 1 0 1 
1 1 0 1 0 0 0 1 1 0 0 1 1 1 0 0 0 1 0 1 1 1 0 1 1 0 1 1 0 1 0 1 1 1 1 1 1 1 0 1 0 1 
0 1 0 0 1 0 1 1 1 0 0 1 1 0 1 1 1 1 0 1 1 1 0 0 0 0 1 1 1 1 0 1 0 0 1 0 0 1 1 1 1 0 
0 1 0 1 0 1 1 0 0 0 0 1 0 0 1 1 1 0 1 1 1 1 1 0 1 1 1 1 0 1 1 0 0 1 0 0 0 1 0 0 1 0 
1 1 1 0 0 0 0 1 0 1 1 1 0 0 1 1 1 1 0 0 0 0 1 0 0 1 1 1 0 0 1 1 1 0 0 1 1 0 1 1 0 0 
0 0 0 1 1 0 1 0 0 1 0 0 1 1 1 0 0 1 0 1 1 1 0 1 0 1 1 1 0 1 1 0 1 0 0 1 0 1 1 0 0 1 
0 1 0 0 1 0 1 1 0 0 0 0 1 0 1 1 0 1 0 1 1 0 1 1 1 1 0 0 0 0 1 0 1 0 0 0 0 0 1 0 0 1 
0 0 0 1 1 0 0 1 1 0 1 1 1 0 0 0 0 0 0 0 1 0 0 1 0 0 1 0 1 0 1 1 0 1 1 1 1 1 0 1 1 0 
0 1 0 0 1 1 1 1 1 0 1 1 1 0 1 1 0 0 1 1 0 1 1 1 0 0 0 0 1 0 0 1 1 1 0 0 0 1 1 1 1 1 
0 0 1 1 1 1 0 0 0 0 1 1 1 1 0 1 0 1 1 0 1 0 1 1 0 1 0 0 0 1 1 0 1 0 0 1 1 0 1 1 0 1 
1 1 0 1 0 0 0 0 1 1 0 0 0 1 0 0 1 0 1 0 1 1 0 1 0 1 1 1 0 1 0 1 0 1 0 0 1 1 0 0 0 1 
1 1 0 1 1 1 1 1 1 0 0 1 1 0 0 0 1 0 1 0 0 1 1 0 0 0 1 0 1 0 1 0 1 1 1 0 0 0 1 1 1 1 
0 0 1 0 1 1 1 0 1 1 0 0 1 0 0 1 0 1 1 0 1 0 1 0 0 0 1 0 1 0 1 0 0 1 0 1 0 1 0 1 0 0 
1 0 0 1 1 0 1 0 0 0 0 0 1 0 0 0 0 1 0 0 1 0 1 0 0 1 1 0 0 0 0 1 0 0 0 1 0 1 1 1 0 1 
1 1 1 1 1 0 0 1 0 0 1 1 0 1 0 1 1 0 1 1 1 1 1 1 0 0 1 1 1 1 0 0 0 0 1 1 0 1 0 0 1 1 
1 1 1 1 1 0 1 0 0 0 0 1 1 0 1 0 0 0 1 0 0 1 0 1 0 0 1 0 0 0 0 1 0 1 0 1 1 1 1 1 1 1 
1 1 0 0 1 0 1 1 0 1 0 1 1 1 1 0 1 0 0 1 1 0 0 0 1 0 1 1 1 1 0 0 0 0 1 1 0 0 0 1 1 1 
0 0 0 1 0 1 1 1 1 1 1 1 1 1 1 0 0 1 1 0 1 1 1 0 1 1 0 1 0 0 0 0 0 0 0 1 0 1 0 1 0 1 
0 1 0 0 0 0 1 1 1 0 1 0 1 0 1 1 1 0 1 0 0 0 0 0 1 0 0 1 1 0 0 0 0 1 0 0 1 1 1 0 1 0 
0 0 0 0 0 0 0 1 0 0 1 0 1 0 1 1 1 0 1 0 0 1 1 0 1 0 1 1 1 1 1 1 1 0 1 1 0 1 1 0 0 0 
0 1 1 1 0 0 0 1 0 0 1 1 1 0 0 0 1 1 1 1 0 1 1 0 0 1 1 1 1 1 0 1 0 1 1 0 1 1 0 0 1 1 
1 0 1 1 1 1 0 0 0 1 1 1 1 0 0 0 1 1 0 1 0 0 0 1 1 0 0 1 0 0 0 1 0 1 1 1 0 1 0 0 0 1 
1 1 1 1 0 1 0 0 0 1 0 1 0 1 1 1 0 1 1 0 0 1 0 1 1 0 1 1 1 1 0 0 1 0 0 1 1 0 1 1 1 1 
0 0 1 1 1 1 0 0 0 1 1 0 0 0 0 1 1 1 1 0 0 0 0 0 1 1 0 0 0 0 1 1 0 0 0 1 0 1 1 0 0 0 
0 0 1 0 0 0 0 1 0 0 1 0 0 0 1 0 0 0 0 1 1 0 0 1 1 0 0 0 0 0 1 0 1 0 0 1 0 0 0 1 0 1 
1 0 1 1 1 1 1 1 0 0 0 0 1 1 0 0 0 0 0 1 0 1 1 1 0 1 1 0 0 0 1 0 0 0 1 1 1 0 1 0 0 1 
0 1 0 1 1 0 1 0 1 0 1 0 1 0 0 0 0 0 0 0 0 1 0 1 0 0 1 1 0 1 0 0 1 1 1 0 1 1 0 1 1 0 
1 0 0 1 0 0 0 1 0 0 0 1 0 0 1 1 0 1 1 0 1 0 1 1 0 1 0 1 0 1 1 1 1 1 1 1 1 1 0 0 1 0 
1 1 1 0 1 1 1 0 1 0 0 1 1 0 0 1 1 0 0 0 1 1 1 0 1 1 1 1 1 1 0 0 0 1 0 1 0 1 1 1 1 1 
0 1 0 0 0 1 0 1 0 0 0 1 0 1 0 0 1 1 1 1 1 1 0 1 1 0 0 0 1 0 0 0 1 0 0 1 1 1 0 1 1 1 
1 1 0 1 1 1 1 0 0 0 0 0 0 1 0 0 1 0 0 1 0 1 1 0 1 1 1 1 0 0 0 1 0 1 1 1 0 0 0 1 0 0 
1 0 1 0 1 0 0 1 0 0 1 1 0 0 0 0 1 1 0 0 0 0 1 1 0 1 1 0 0 0 0 0 0 1 0 1 1 0 1 1 0 0 
1 0 0 1 0 1 0 1 1 1 1 0 0 1 0 0 1 0 0 1 0 0 0 0 0 0 0 1 1 0 1 0 1 1 0 1 0 0 0 0 1 0 
0 0 1 0 0 1 1 0 0 1 0 1 0 0 1 0 1 0 1 0 1 0 1 1 1 0 1 0 0 1 0 0 1 1 1 1 0 0 1 1 1 1 
0 1 0 1 0 1 1 1 0 0 1 1 1 0 1 1 0 1 0 0 0 1 0 1 0 0 1 1 1 0 0 1 0 0 0 0 0 0 1 0 0 0 
1 0 0 1 1 1 0 1 1 0 0 1 1 0 0 0 1 1 1 1 1 1 0 1 1 0 1 0 0 0 0 1 0 0 0 1 1 1 0 1 1 0 
0 1 0 0 1 1 0 0 0 1 1 0 0 0 0 0 0 0 0 0 0 0 1 0 1 0 1 1 1 1 1 0 0 1 0 1 0 0 0 0 1 1 
1 0 0 1 0 0 0 0 1 0 0 0 0 1 0 0 0 0 1 1 0 1 0 0 0 0 1 0 0 0 0 1 0 0 1 0 0 1 0 1 1 0 
1 1 1 0 1 1 0 0 0 0 1 0 0 0 0 1 0 1 0 0 0 0 0 1 1 1 0 1 0 1 0 0 1 1 0 0 1 0 1 1 0 0 
0 0 0 0 0 1 1 0 1 0 0 0 1 1 1 0 1 1 1 1 1 0 0 1 1 1 1 0 1 1 0 1 0 1 1 0 0 1 0 1 1 0 
1 0 0 0 0 1 0 0 0 1 0 0 1 1 0 0 1 1 0 0 0 0 1 1 0 1 0 0 0 1 0 0 0 0 0 0 1 0 0 1 0 1 
0 1 0 0 1 0 1 1 0 1 1 1 0 1 0 1 1 0 0 0 0 0 0 1 1 0 1 1 1 1 0 1 0 1 1 0 1 0 1 1 1 1 
