70 69 3356
93 46 1 76 71 77 50 23 19 1 48 60 56 81 35 7 6 40 22 94 29 80 14 24 95 1 31 52 49 17 77 42 15 29 69 37 6 18 59 76 71 6 35 78 86 22 84 43 13 58 89 41 89 2 64 83 54 47 34 3 15 62 44 29 43 64 65 48 33 
75 75 3 32 10 33 69 83 16 12 95 25 100 87 13 53 51 95 6 49 80 8 63 42 3 92 84 18 8 83 51 35 57 5 66 18 37 35 100 5 98 46 29 49 33 42 1 35 88 58 83 68 18 45 61 72 88 44 90 48 78 40 82 86 44 99 4 33 85 
55 37 82 53 65 30 85 58 82 19 98 92 53 17 9 49 77 80 37 72 69 84 49 60 17 34 56 15 89 88 100 44 24 81 48 40 63 32 50 96 2 47 87 6 63 47 54 39 27 90 10 47 25 10 59 41 43 14 56 84 1 55 79 76 87 26 67 1 57 
16 49 10 62 87 15 24 34 68 14 12 10 75 10 86 84 68 27 79 81 34 14 33 40 92 60 78 17 27 31 25 42 79 34 4 65 100 79 98 19 45 61 80 19 71 66 55 38 44 85 71 77 98 55 68 89 15 45 5 41 75 29 82 53 14 37 70 13 16 
19 83 60 80 63 30 2 28 84 91 71 68 61 99 65 16 66 53 30 62 9 22 89 37 3 93 2 40 62 66 7 81 49 18 12 11 47 65 90 31 55 12 50 16 10 15 83 27 19 64 40 28 85 28 16 87 21 70 78 82 35 84 14 83 53 77 45 100 41 
34 82 96 97 31 63 58 97 97 84 16 60 76 95 96 3 62 34 23 31 64 57 18 99 22 100 52 51 97 51 91 82 32 38 79 62 52 36 11 100 20 78 11 47 72 6 49 85 92 24 68 55 80 85 53 53 36 4 3 32 54 46 14 37 83 92 51 87 27 
61 86 98 38 97 44 61 54 45 45 45 68 64 51 99 48 4 51 84 7 6 67 13 51 32 1 85 23 51 23 2 11 9 51 100 57 47 60 62 91 57 59 58 20 9 8 68 12 10 3 71 15 21 35 65 53 35 2 75 86 24 28 48 84 79 48 92 77 59 
54 67 15 12 76 35 20 83 54 84 92 56 6 59 76 40 23 28 74 76 55 11 100 34 59 83 64 58 75 40 16 80 6 83 91 33 17 62 67 70 97 11 77 2 69 52 41 43 32 67 19 38 77 18 71 87 52 35 96 26 74 64 5 32 46 47 64 62 61 
83 83 57 93 59 11 61 62 51 3 93 69 21 30 46 90 53 84 42 87 80 19 12 43 76 43 40 22 59 53 34 93 35 91 85 45 53 45 6 3 99 99 72 72 80 69 61 84 52 2 70 83 73 34 77 48 76 16 21 86 68 55 78 54 97 14 98 49 10 
4 51 9 54 74 80 85 94 40 69 98 94 38 80 18 71 57 65 99 24 85 36 92 39 66 45 87 79 43 35 89 98 38 49 51 11 28 35 57 19 3 54 64 93 33 81 15 41 45 65 65 82 53 8 72 18 4 59 48 46 93 88 95 82 36 97 93 15 32 
1 34 86 54 49 30 38 30 97 31 26 61 95 59 13 2 31 82 5 41 82 3 85 69 49 67 57 46 11 71 29 11 56 66 16 5 96 5 86 92 35 11 4 29 70 69 82 52 50 39 44 31 93 28 52 41 46 60 38 56 30 66 18 38 32 85 94 79 90 
79 70 24 89 25 53 10 93 86 13 95 76 56 77 68 36 28 61 81 87 98 89 69 16 6 58 47 43 51 25 32 29 46 55 69 22 59 31 15 45 43 9 72 51 37 40 86 17 52 18 55 1 6 23 16 64 32 14 6 82 90 37 62 87 43 31 9 2 61 
75 98 55 35 69 5 71 60 42 87 63 60 42 64 17 16 31 32 48 97 89 29 38 77 43 25 20 73 85 21 85 59 70 39 93 38 96 63 50 37 50 12 48 43 27 65 58 58 48 5 6 37 86 43 13 28 67 84 52 3 4 36 61 25 26 53 63 21 68 
64 10 69 75 57 11 2 21 68 11 69 25 16 57 62 10 69 89 29 53 92 31 8 79 92 33 4 96 47 77 63 62 86 31 36 42 93 89 15 13 99 35 37 66 91 98 76 11 38 4 63 29 34 23 7 25 7 62 73 5 90 87 66 75 18 1 69 62 90 
83 74 40 69 10 6 59 59 81 69 48 36 84 28 69 58 86 46 64 48 18 68 37 4 85 64 73 37 32 87 78 66 60 18 34 22 75 44 32 55 64 80 90 47 7 10 56 93 55 19 92 24 38 28 80 22 43 52 11 74 38 88 91 50 5 24 71 79 67 
2 85 83 81 26 81 40 36 37 32 42 7 23 66 45 2 45 18 45 48 28 70 38 16 61 87 72 36 57 3 55 10 87 37 43 65 17 82 52 5 65 45 12 39 10 8 92 6 77 88 6 57 10 43 24 70 81 95 57 37 97 11 98 36 47 92 52 16 73 
3 20 89 47 31 27 9 90 71 66 67 58 23 23 67 65 46 88 45 92 45 33 89 55 83 76 54 74 79 21 99 33 92 87 31 23 66 91 64 88 57 30 45 31 52 64 48 49 3 44 41 47 29 81 54 11 56 59 36 86 79 34 18 70 73 48 44 38 39 
8 77 47 89 21 77 41 36 24 89 39 68 81 37 96 61 90 58 68 48 93 53 78 27 70 100 51 70 95 88 8 2 16 6 43 36 34 83 24 10 23 62 77 56 98 24 16 40 33 84 39 25 36 17 3 6 68 53 75 62 92 34 16 7 39 58 95 24 92 
18 33 66 31 61 21 80 84 37 71 68 20 10 45 55 78 47 12 45 52 38 6 95 71 21 2 61 78 48 85 21 17 17 87 99 78 7 78 13 43 49 33 62 10 77 69 87 75 32 31 26 70 36 73 92 9 26 5 38 73 41 59 41 9 45 39 38 51 68 
51 46 68 35 59 77 11 27 63 85 59 45 63 80 33 35 71 41 60 75 30 84 67 40 24 76 84 62 13 87 29 15 84 49 49 42 25 59 69 40 96 79 84 58 58 16 44 80 8 55 7 38 38 73 29 61 48 13 74 61 51 54 75 34 2 24 27 79 34 
47 18 29 25 1 38 34 69 81 14 76 35 72 65 24 44 94 36 92 58 9 4 60 15 30 45 16 5 71 94 39 18 63 19 94 64 57 80 84 89 93 11 76 64 76 99 59 21 35 2 30 95 5 89 9 87 33 77 91 55 70 81 24 33 100 18 48 56 97 
83 96 41 93 71 56 20 70 66 40 56 68 69 50 24 9 11 10 41 87 53 48 8 33 71 92 32 40 91 39 88 73 35 28 66 57 35 85 78 1 77 33 68 45 35 43 54 45 53 46 83 57 45 90 89 16 82 73 55 72 11 43 97 97 22 62 54 57 98 
31 9 74 16 76 71 2 18 76 98 22 73 80 78 18 21 19 85 54 91 91 26 53 33 74 2 7 87 7 15 84 89 23 10 4 50 32 57 19 59 54 93 31 33 70 100 54 40 84 7 30 75 84 35 59 9 36 65 95 42 31 31 82 53 40 86 54 23 94 
73 81 48 17 63 80 38 63 85 78 98 44 7 72 79 93 83 88 28 99 82 21 30 12 3 34 3 40 88 77 33 12 9 80 28 72 12 65 86 48 94 83 91 53 7 70 45 41 9 25 39 42 45 68 54 99 54 8 38 93 37 23 4 45 54 83 16 65 99 
53 65 93 88 55 97 94 76 41 86 36 65 24 78 62 44 83 60 97 90 50 89 26 72 44 23 77 78 38 42 76 43 58 20 30 12 16 75 40 9 60 75 73 83 4 86 78 86 46 26 76 95 14 53 18 9 75 94 86 65 87 14 7 44 85 88 8 53 62 
99 61 73 25 85 7 29 71 85 14 16 10 41 62 76 46 31 84 72 76 22 36 63 35 94 58 71 81 17 23 94 15 83 66 40 68 73 20 90 9 33 5 18 74 18 45 19 100 29 90 75 50 78 89 36 23 99 6 56 15 29 1 82 63 67 73 82 91 92 
71 51 24 27 20 49 96 65 19 95 93 61 70 94 90 10 81 12 8 86 19 23 66 20 56 81 38 28 62 28 19 33 30 94 59 49 95 55 13 65 1 57 25 22 50 14 32 30 78 39 68 96 13 85 67 68 65 4 47 79 83 17 11 12 63 21 61 57 27 
73 21 28 30 98 49 31 63 32 13 40 71 32 88 35 68 54 55 85 58 53 63 92 70 73 4 32 45 16 40 24 40 12 3 21 9 3 52 72 35 16 63 57 47 50 91 14 56 97 98 65 50 12 56 71 36 11 2 81 26 93 4 66 4 58 86 65 60 89 
36 94 4 50 2 2 100 45 68 7 41 65 71 42 29 78 12 64 89 65 44 14 57 99 31 13 56 17 77 68 5 64 13 61 13 15 62 64 59 29 70 51 46 92 93 74 70 4 37 10 69 33 23 77 31 6 89 39 22 65 6 78 28 70 38 93 84 100 56 
94 28 26 45 25 69 89 98 38 92 35 47 12 67 22 41 49 27 29 39 100 46 96 77 25 66 67 17 49 18 73 43 97 50 39 22 18 27 19 8 70 5 6 34 71 79 74 72 57 54 10 56 99 6 85 24 71 3 92 71 20 16 65 16 65 3 37 35 81 
8 94 51 12 51 84 35 30 9 6 86 62 67 94 13 72 30 88 94 32 79 65 51 95 29 18 11 84 55 97 64 62 42 66 25 93 49 59 74 9 16 11 71 83 56 83 6 85 70 100 16 100 16 18 46 96 36 57 79 42 5 95 55 99 60 79 91 61 38 
16 69 5 26 91 87 34 25 93 18 94 44 86 46 59 3 91 6 90 99 37 31 4 31 37 2 42 16 44 2 5 11 23 9 88 13 48 21 90 40 39 35 35 76 80 45 30 71 50 20 69 38 2 24 68 39 77 62 54 72 15 10 82 37 70 70 2 17 42 
91 8 80 25 42 7 5 86 37 27 88 56 47 25 9 23 45 47 51 6 52 23 20 61 56 9 31 77 10 99 19 52 7 50 28 48 57 84 86 93 10 25 100 9 1 8 31 45 7 33 2 58 55 74 71 63 34 53 91 43 51 9 46 9 11 73 9 67 9 
46 11 18 70 62 78 70 21 60 67 27 93 20 37 99 93 59 61 78 11 52 72 13 12 17 22 22 42 30 40 50 75 2 19 96 63 97 65 36 8 83 62 100 3 50 99 47 8 11 25 70 62 96 83 26 65 56 47 6 85 39 7 11 40 25 6 55 73 22 
90 81 5 3 80 59 53 30 57 12 41 33 82 54 81 16 79 97 71 78 54 55 16 60 17 55 84 22 9 9 95 98 89 51 53 20 61 57 50 18 68 42 2 1 95 34 16 74 30 86 51 83 92 66 94 8 72 30 81 81 38 76 30 78 26 34 97 87 90 
98 56 58 39 9 58 86 43 74 59 24 11 61 7 3 78 52 10 49 81 43 81 18 18 63 95 95 96 44 81 86 93 88 43 32 97 52 69 91 77 27 14 88 39 72 90 16 24 51 16 4 93 97 22 62 59 68 57 54 63 89 39 56 77 33 39 73 85 7 
63 13 85 28 100 23 100 41 90 75 44 5 78 88 1 51 50 59 71 6 65 33 94 3 88 22 88 78 94 24 84 8 36 20 88 88 42 87 28 83 13 23 88 90 11 40 93 60 51 63 17 15 95 62 69 35 84 8 12 29 31 48 89 19 67 76 6 61 14 
85 43 26 8 82 67 18 22 59 77 72 73 45 38 20 6 58 54 89 66 17 18 96 16 6 14 83 33 71 43 46 56 37 23 63 19 89 80 92 100 8 15 72 52 4 91 57 61 96 98 26 13 15 74 28 72 39 62 4 10 56 1 65 93 23 79 63 11 58 
6 10 17 20 82 68 75 24 76 35 20 73 13 84 39 38 63 10 76 25 13 37 80 65 1 24 87 31 38 98 40 43 59 56 14 92 75 88 68 51 75 87 75 87 70 14 24 84 23 51 8 88 88 40 52 40 15 91 71 53 88 10 47 98 18 61 42 92 100 
9 94 26 95 69 64 16 82 39 99 56 90 59 95 29 50 99 68 64 89 90 16 28 52 63 25 21 75 18 12 26 26 58 52 72 26 15 87 59 54 38 66 95 48 13 23 97 11 42 60 99 84 28 78 87 42 54 7 16 72 70 93 97 27 44 69 4 11 7 
14 16 96 80 10 95 92 84 91 54 77 3 4 12 30 81 98 71 34 56 38 5 26 30 54 4 26 74 8 36 32 73 3 28 52 64 22 95 47 65 100 75 67 3 87 96 83 36 66 17 92 3 73 17 32 78 72 9 51 79 44 83 52 46 62 55 9 35 2 
7 99 1 34 65 4 20 12 38 55 29 6 98 83 79 14 67 8 86 75 59 16 19 93 19 16 6 26 77 40 79 83 91 79 16 7 34 87 19 24 94 47 29 91 82 59 57 48 67 42 22 77 9 92 69 80 8 74 5 84 65 83 18 55 13 86 62 99 72 
80 22 17 78 2 8 59 13 64 6 31 57 80 7 17 71 27 96 78 52 52 13 16 34 31 71 99 68 84 49 91 15 22 8 92 23 15 3 87 78 60 17 86 39 23 2 10 49 98 39 52 49 52 68 35 34 90 85 1 73 33 91 87 54 98 30 28 64 32 
15 41 44 31 78 82 6 80 43 6 77 82 58 77 85 77 11 18 18 95 70 90 27 12 28 32 10 9 12 25 93 26 18 36 8 95 17 13 74 60 71 2 93 28 79 77 56 89 94 73 36 63 14 14 26 41 98 87 1 9 12 93 34 29 28 93 23 45 58 
49 56 28 50 48 7 28 24 62 69 69 34 56 83 99 69 8 91 66 95 91 74 6 84 59 86 11 52 8 7 9 8 62 88 58 61 94 37 36 55 5 4 40 60 86 90 81 46 80 98 40 70 72 97 53 82 82 64 85 41 70 93 49 84 32 58 44 25 94 
32 31 51 35 22 62 73 11 94 70 90 92 9 60 15 57 12 96 90 27 81 82 49 25 82 32 9 39 27 33 85 58 64 35 45 37 48 17 48 42 86 89 33 46 100 99 54 64 94 43 90 26 76 38 3 58 21 11 48 48 95 32 5 10 18 1 47 66 17 
46 59 54 34 43 51 34 41 4 97 86 98 38 12 26 76 66 83 96 28 30 95 22 14 52 32 31 52 30 48 21 75 6 74 60 48 77 45 88 32 93 74 82 31 37 7 58 54 89 53 33 70 100 54 83 51 37 66 2 18 13 22 44 71 48 4 18 24 48 
58 55 41 83 88 23 71 94 80 76 34 84 8 4 83 13 38 85 50 3 87 19 68 60 63 38 59 66 7 82 65 64 89 57 98 76 31 68 22 10 43 55 94 50 58 28 15 48 13 64 2 51 34 69 10 96 6 69 13 65 2 30 80 42 38 78 70 69 97 
91 78 40 45 23 41 55 51 55 2 63 70 3 13 56 24 74 51 81 94 16 45 96 45 25 89 82 2 58 50 98 48 80 89 45 2 82 99 52 88 100 66 10 54 30 65 77 56 67 10 49 82 54 96 26 78 85 60 31 42 9 81 42 40 21 86 42 54 84 
45 94 35 63 3 40 92 19 69 47 85 78 48 19 31 43 44 61 27 3 43 21 64 75 62 3 96 47 96 1 82 41 94 68 3 48 7 46 66 75 45 3 4 92 21 87 34 16 99 13 71 41 33 34 16 94 88 63 92 84 15 25 76 9 92 30 56 98 75 
74 25 19 28 80 62 100 66 96 15 64 8 85 57 40 70 72 85 10 86 28 45 100 52 20 60 43 49 68 92 75 41 68 46 20 48 7 19 13 2 33 77 61 70 33 52 91 56 88 52 93 15 96 44 66 67 4 60 15 71 4 42 63 71 87 34 18 93 52 
83 95 36 11 7 57 95 59 48 2 98 51 94 13 47 89 30 13 92 42 80 14 45 21 28 15 7 61 85 99 12 19 45 100 29 4 56 23 62 55 24 59 6 69 23 4 57 53 68 1 46 47 14 90 67 94 56 25 54 40 76 18 58 20 17 38 23 24 12 
36 79 35 47 36 55 69 39 64 73 6 64 18 5 29 59 23 22 15 48 28 6 23 45 16 94 61 53 69 84 65 4 14 51 2 49 58 23 39 21 47 97 36 17 1 16 75 75 38 89 74 17 47 48 61 62 42 73 66 10 56 30 65 22 33 67 22 90 89 
13 62 87 9 97 3 61 12 78 87 1 18 61 17 64 8 29 25 49 1 91 10 9 72 27 30 4 93 51 45 33 15 6 19 23 2 22 35 66 51 22 66 68 82 35 32 89 63 8 90 64 50 51 24 74 77 53 29 69 55 74 53 70 79 24 44 33 97 79 
98 47 52 15 66 85 1 49 73 64 9 14 79 58 65 2 83 41 6 12 62 12 85 66 33 15 89 77 47 37 7 96 83 58 63 1 42 63 49 66 26 57 32 56 67 96 9 49 88 66 12 1 78 48 67 10 63 7 38 61 44 44 57 78 53 19 78 46 33 
79 64 59 35 95 66 53 42 27 2 81 92 65 82 21 13 100 31 75 6 20 35 1 64 43 31 68 13 8 14 98 38 29 56 73 23 73 25 64 99 78 44 91 43 77 63 55 76 93 81 34 65 67 86 80 62 16 47 26 76 12 23 13 40 30 85 62 3 62 
77 53 91 73 95 85 1 58 91 29 2 23 62 66 90 47 45 3 63 44 28 38 55 3 50 47 32 87 60 86 100 37 39 42 61 85 27 13 94 69 41 96 92 2 13 33 1 58 35 63 1 62 52 7 64 53 53 48 91 13 33 90 1 23 32 13 60 10 25 
53 78 66 100 21 19 13 53 19 70 87 33 22 1 84 80 16 89 33 15 79 97 48 69 97 22 52 61 33 13 85 86 42 50 85 63 21 97 67 39 18 54 72 91 6 7 71 73 47 55 88 26 51 87 46 99 60 49 59 93 61 43 78 2 45 14 64 17 63 
31 55 32 36 78 23 93 37 45 17 83 99 4 60 49 42 5 99 2 53 57 46 65 51 75 67 47 88 30 63 2 12 70 34 99 47 56 91 35 100 8 18 50 63 29 98 57 34 48 58 38 4 55 3 6 29 69 53 68 50 67 70 14 36 3 12 35 10 55 
69 9 14 38 10 28 67 7 84 100 6 93 89 61 47 43 66 75 11 70 95 13 37 64 78 24 18 41 58 27 95 27 87 60 64 96 40 30 54 23 81 59 68 22 19 14 64 84 41 27 6 35 39 42 50 68 17 67 8 75 93 55 1 79 14 16 74 5 46 
79 28 78 37 95 99 55 60 63 90 52 89 47 86 79 88 35 46 5 1 53 31 45 59 31 23 73 98 48 29 43 26 56 73 14 2 71 20 14 33 10 65 73 56 3 51 96 89 48 52 90 1 34 86 11 64 61 83 61 8 64 56 86 19 28 99 73 50 71 
86 83 80 2 7 87 4 58 34 93 5 37 34 57 70 19 68 85 31 2 98 39 65 5 76 36 32 26 60 81 96 97 15 27 98 22 66 54 31 51 46 87 88 31 96 9 1 15 46 32 68 43 22 85 47 49 72 30 74 31 62 22 79 29 100 28 2 65 81 
84 16 78 22 55 60 17 15 61 83 60 92 51 54 65 87 52 13 10 33 38 92 95 59 70 75 11 97 28 75 30 11 42 7 32 48 67 1 63 79 83 74 22 85 28 86 23 79 50 32 12 87 23 58 98 92 32 8 41 11 34 70 21 76 76 52 75 94 52 
37 72 87 11 45 71 90 30 94 68 31 77 31 18 100 40 67 91 23 26 83 33 59 52 53 86 80 57 61 25 60 49 49 46 59 93 69 100 75 14 20 5 90 50 22 89 90 40 32 12 65 66 45 76 18 49 61 97 5 73 73 65 22 21 62 32 14 82 32 
88 95 51 92 37 52 66 77 93 57 60 5 74 26 1 49 43 49 61 91 6 34 63 22 7 36 35 38 49 17 21 88 63 71 31 99 75 48 76 67 5 87 23 30 12 23 78 6 24 38 48 81 23 63 2 29 98 36 67 98 52 39 37 67 10 67 65 36 67 
92 2 23 79 25 52 42 99 81 48 22 18 47 2 93 9 55 21 6 43 39 55 46 78 91 12 39 10 77 74 28 20 27 50 50 51 53 92 50 33 91 23 2 37 77 94 46 31 67 3 73 57 58 71 86 100 82 76 9 10 1 36 30 28 37 79 30 89 22 
79 73 64 54 75 1 82 20 98 12 38 52 37 95 61 59 80 61 40 56 21 50 56 9 79 35 45 9 65 86 83 95 58 46 48 32 98 81 4 47 45 41 99 33 35 59 91 67 71 30 74 92 79 81 100 9 16 96 18 80 81 100 26 39 97 26 22 95 6 
77 41 50 18 91 82 4 2 72 70 72 2 95 15 32 76 66 41 91 62 10 22 94 61 47 84 57 72 58 3 30 34 44 79 3 34 61 7 35 84 28 59 85 23 25 69 98 91 9 40 4 70 61 49 30 59 33 38 83 42 41 12 75 84 42 78 69 54 36 
56 38 63 66 74 85 90 42 34 80 2 73 35 71 85 84 52 96 68 90 78 9 30 41 83 13 34 12 33 88 99 40 25 62 5 98 98 95 92 32 26 93 56 61 16 41 96 67 36 63 56 65 71 85 57 5 49 90 69 34 77 67 73 1 80 78 51 78 72 
94 9 49 38 16 61 53 56 56 20 43 70 27 7 40 12 63 97 12 53 17 45 29 83 18 82 15 95 84 92 18 29 52 18 66 67 79 19 75 86 90 17 56 16 24 47 79 38 95 91 90 11 87 71 46 4 4 60 50 39 51 19 67 54 89 32 20 67 2 
1 1 0 0 0 0 1 1 0 0 1 0 0 0 1 0 1 0 1 0 0 1 0 0 1 1 0 0 0 0 0 0 0 0 0 0 0 1 1 1 1 1 1 1 1 0 1 0 1 0 0 1 1 0 1 0 1 0 1 1 0 1 1 0 1 1 1 0 0 
0 1 0 1 0 1 0 1 1 0 0 1 0 1 1 0 0 1 1 0 0 1 1 1 0 1 1 0 0 1 0 1 0 0 0 0 0 1 1 1 1 1 0 0 0 1 0 1 1 0 1 1 1 0 1 1 0 0 1 0 1 0 1 1 0 0 1 0 1 
1 1 0 0 0 0 1 1 1 0 0 1 1 0 0 0 1 1 0 1 1 0 0 1 0 1 1 0 0 0 1 1 1 1 0 1 0 1 1 1 1 1 0 0 1 0 0 0 1 0 1 0 1 1 1 1 0 1 1 1 1 0 0 0 1 0 0 1 1 
1 0 0 0 0 1 0 0 1 0 0 0 0 0 1 1 0 0 0 1 1 1 0 1 1 0 0 0 0 0 1 1 0 0 0 1 1 0 1 0 0 1 0 0 0 1 0 0 1 0 1 0 1 1 1 0 1 0 0 0 0 0 1 0 0 1 1 1 1 
1 1 0 0 0 0 0 1 0 0 1 0 1 1 1 0 1 0 0 1 0 0 1 0 1 1 0 1 1 1 0 0 1 0 0 1 1 1 0 1 1 1 0 1 1 1 1 0 1 1 1 0 1 0 0 1 1 1 0 0 0 0 0 1 1 1 0 0 0 
1 1 1 0 1 0 1 1 0 1 0 1 0 0 1 0 1 0 0 0 0 0 0 0 1 0 1 0 0 1 0 1 1 1 0 0 0 1 1 0 1 0 1 1 0 0 0 1 0 0 1 0 0 0 1 1 0 0 1 0 0 1 0 1 1 0 1 1 1 
1 1 0 1 0 0 1 1 0 1 1 0 0 0 0 0 1 0 0 1 1 1 1 1 1 0 0 1 0 1 0 1 0 1 0 0 1 1 1 1 0 1 1 1 1 1 1 0 1 0 1 1 1 1 0 0 1 0 1 1 1 1 0 1 0 0 1 1 0 
1 0 0 0 1 1 1 1 1 1 0 1 0 1 0 1 1 0 1 1 1 0 0 0 1 1 1 1 1 0 1 0 1 0 0 0 1 1 1 0 0 0 1 0 1 1 0 1 1 1 0 0 1 1 1 0 0 0 0 1 0 1 1 1 1 1 0 1 0 
1 1 0 1 1 1 1 0 1 0 0 0 0 0 1 1 1 0 0 1 0 1 0 1 1 1 1 0 1 0 1 1 1 1 0 0 0 1 1 1 1 1 1 0 1 1 1 1 1 1 0 1 1 0 0 0 0 1 0 1 1 1 0 1 1 1 1 1 0 
0 1 0 1 0 0 1 1 1 0 0 1 0 1 0 1 0 0 1 1 0 0 1 0 1 0 1 0 1 0 0 0 1 0 1 0 0 0 1 0 0 0 1 1 1 1 0 1 1 1 1 1 1 0 1 0 0 0 0 1 1 1 1 0 1 1 0 0 1 
0 0 0 0 1 1 1 0 1 1 1 0 0 0 1 0 0 0 0 0 0 1 1 1 1 0 1 0 0 1 1 0 1 1 0 0 0 0 0 1 1 1 1 1 1 1 1 1 1 1 0 1 0 1 1 1 1 0 1 0 1 1 0 0 0 1 0 1 1 
0 0 0 1 0 1 0 1 0 0 0 1 0 1 1 1 0 1 1 0 0 1 1 1 1 1 0 0 1 1 1 1 1 1 0 1 0 1 0 0 1 0 1 1 0 1 0 0 0 1 1 0 0 0 0 0 0 0 0 1 1 0 1 0 1 1 0 0 0 
0 0 1 1 0 0 1 1 1 1 1 0 0 1 1 1 1 1 1 1 1 0 0 1 1 1 1 1 1 1 1 1 1 1 0 1 1 1 0 0 1 1 1 1 1 0 0 0 1 1 0 0 0 0 0 1 1 1 0 0 0 0 0 1 1 0 1 0 0 
1 1 1 1 0 0 0 0 1 0 1 0 0 1 0 1 1 0 0 0 0 1 0 0 1 0 1 1 1 0 1 0 1 0 1 1 1 1 1 0 0 0 0 0 1 1 1 1 1 0 1 1 1 0 0 0 0 1 1 1 1 1 1 0 1 1 1 0 0 
0 0 0 0 1 1 0 0 0 1 1 0 0 0 1 0 0 1 0 0 1 1 1 0 1 0 1 0 1 0 0 0 0 1 0 1 0 0 1 0 1 0 1 0 1 0 0 1 0 1 1 1 0 1 1 1 1 0 1 0 0 0 0 1 1 1 0 1 1 
0 1 1 0 0 1 1 1 1 1 1 0 0 0 1 1 1 0 0 1 0 1 0 0 1 1 1 0 1 0 0 1 1 1 0 0 0 1 1 1 0 0 0 1 0 1 0 1 1 1 0 1 0 0 1 1 1 0 0 1 0 0 0 0 1 0 0 1 0 
1 0 0 1 0 1 1 1 0 0 1 1 0 0 1 1 0 0 0 0 0 1 1 0 0 1 1 0 1 0 0 0 1 1 1 1 0 0 1 0 0 0 1 0 0 0 1 0 1 0 1 1 1 0 0 1 1 1 0 0 0 0 0 1 1 1 0 0 1 
1 0 1 1 0 1 0 0 1 0 1 1 1 1 0 1 1 0 0 0 0 0 0 0 0 1 0 1 0 0 0 1 0 1 1 0 1 1 1 0 1 0 1 1 1 1 0 0 1 1 1 1 1 1 0 0 1 0 1 1 0 0 0 0 1 1 1 0 0 
0 0 0 0 1 1 0 1 1 0 0 0 1 0 0 1 0 0 0 0 1 1 0 1 1 0 1 1 1 1 1 1 0 1 0 1 0 0 0 0 0 1 0 0 1 0 1 1 0 1 1 0 0 1 1 1 1 0 0 1 0 0 0 0 1 0 1 0 0 
0 0 1 1 0 1 0 1 0 1 1 1 0 1 1 1 1 0 0 1 1 1 1 1 0 1 0 0 1 0 1 1 0 0 0 1 1 0 0 1 1 1 0 1 1 1 0 0 1 0 1 0 0 1 1 0 0 0 0 1 0 1 0 1 1 0 0 0 0 
0 1 1 1 1 0 0 0 0 0 0 1 0 0 1 1 0 1 1 0 1 1 0 1 1 1 0 0 1 1 0 1 0 0 1 0 0 1 0 1 0 0 0 0 1 1 1 1 0 0 1 1 1 1 0 1 1 1 1 0 0 1 0 0 1 1 0 0 0 
1 1 0 1 1 0 0 0 1 1 0 0 0 1 1 0 0 0 1 1 1 1 1 1 1 1 0 0 0 0 1 1 1 1 0 0 0 1 0 1 0 0 1 1 0 1 1 0 1 0 1 1 1 0 0 1 1 0 1 1 1 0 0 0 0 1 1 0 0 
1 1 0 0 1 1 0 0 0 0 1 0 1 0 0 1 0 1 0 1 0 0 0 1 0 0 1 1 1 1 1 1 0 0 1 1 1 1 1 0 1 1 0 0 1 0 1 0 1 1 1 0 1 1 1 0 1 0 1 1 1 1 0 1 1 1 1 0 0 
0 0 1 1 1 1 1 1 0 1 1 1 0 1 1 1 0 1 0 0 0 1 1 1 1 0 0 0 1 1 0 0 1 1 1 0 0 0 0 0 1 1 0 1 0 1 0 0 0 1 0 0 0 1 0 0 1 0 0 1 1 1 1 1 0 0 1 1 1 
1 1 0 0 1 0 0 0 0 0 0 1 0 1 0 1 1 0 1 1 0 0 1 1 1 0 0 1 1 1 0 1 0 1 1 0 1 0 0 1 0 1 1 1 0 1 0 1 1 1 0 1 1 1 1 0 1 1 0 1 0 0 0 0 1 1 0 0 1 
1 0 0 0 1 1 0 0 1 1 1 1 1 0 0 1 1 1 0 0 1 1 0 1 1 1 1 1 1 1 0 0 1 0 0 0 1 0 0 1 1 1 0 1 0 0 0 1 1 0 0 0 0 0 0 1 1 1 0 1 0 1 1 0 1 0 0 1 0 
1 0 0 0 0 1 0 0 1 0 0 1 0 0 1 0 0 1 0 1 1 1 0 0 0 0 0 0 0 1 1 1 1 1 0 1 0 0 1 1 0 1 0 0 0 0 1 0 1 1 0 0 0 0 1 0 0 1 1 0 0 0 0 1 1 0 0 1 0 
1 0 1 1 0 1 1 0 0 1 1 1 1 0 1 1 1 0 1 0 1 0 0 1 0 1 0 0 1 1 0 0 1 1 1 1 1 0 0 1 0 1 1 1 1 0 1 0 0 0 0 1 0 0 0 0 1 0 0 0 1 1 1 0 0 0 0 1 1 
0 1 1 1 0 0 1 0 1 1 1 0 0 0 0 0 1 1 0 1 1 0 1 0 1 1 1 0 1 0 1 1 1 0 1 1 0 0 0 0 1 1 0 1 1 0 0 0 1 0 0 1 0 1 1 0 0 0 0 0 1 1 1 0 1 0 0 1 0 
0 1 0 1 1 1 0 0 1 1 1 1 1 0 0 0 0 0 0 0 0 0 1 1 0 0 0 0 0 1 1 0 1 1 1 0 0 1 0 0 0 0 1 1 0 1 1 0 1 0 1 1 0 0 0 0 0 0 1 0 0 0 0 1 1 1 1 1 1 
0 1 1 0 1 1 0 0 0 1 0 0 0 1 1 0 0 1 1 0 0 1 0 0 0 1 1 1 1 1 0 1 0 0 1 1 1 1 0 1 0 0 0 0 1 1 1 1 0 0 0 1 1 0 1 1 0 1 1 1 0 1 0 0 1 1 0 0 0 
0 0 1 0 0 1 1 1 0 1 1 0 1 0 0 1 0 1 1 1 0 0 1 0 0 1 1 1 1 0 0 1 0 1 1 0 0 1 1 1 0 0 1 1 1 1 0 1 1 0 0 1 0 1 1 1 0 1 0 0 1 0 1 1 1 1 1 0 0 
0 1 0 0 0 1 1 0 1 0 1 1 0 0 0 1 0 1 0 1 1 0 0 0 1 1 1 0 0 1 0 0 0 0 0 1 1 0 1 1 0 0 0 1 0 0 0 0 1 0 1 1 0 1 1 0 0 0 0 0 0 1 0 0 1 1 1 1 1 
0 0 1 0 0 0 1 1 1 1 0 1 1 1 0 0 0 0 1 1 0 1 1 1 0 1 1 1 1 0 0 1 0 1 0 0 0 1 1 1 0 0 0 1 1 0 0 0 0 1 1 1 0 0 0 0 1 1 1 0 1 1 0 1 1 0 0 1 1 
1 0 1 1 0 1 1 1 1 1 1 0 0 0 0 0 1 1 1 0 0 0 0 0 0 1 1 0 1 0 1 1 0 0 0 0 1 1 1 0 0 1 0 0 1 1 0 0 0 0 1 0 0 1 0 0 0 1 0 0 1 1 1 1 1 1 0 1 1 
1 1 1 0 0 0 0 1 0 0 1 0 1 1 0 0 0 0 1 1 0 1 1 1 0 0 1 1 0 0 0 0 1 0 0 1 0 0 0 0 1 1 1 0 1 1 1 1 0 0 0 0 1 1 0 1 0 1 0 0 1 1 0 0 1 1 0 1 1 
0 1 0 0 0 1 1 0 0 0 0 0 0 0 1 0 0 0 0 1 0 0 0 1 1 1 0 0 1 1 1 1 1 0 1 1 1 0 1 1 0 1 1 1 0 0 1 0 0 1 0 0 1 0 0 0 1 0 0 0 0 0 0 1 0 1 0 1 0 
0 0 0 1 1 1 1 1 0 0 1 1 0 1 1 0 1 1 0 0 0 0 0 0 0 1 0 0 1 1 0 1 1 0 1 0 0 0 1 0 0 0 0 0 1 1 1 1 0 1 1 0 1 1 0 0 0 0 0 1 1 0 1 0 0 0 0 0 0 
1 1 1 1 1 1 1 0 0 0 0 1 1 1 1 0 1 1 0 0 1 1 1 1 0 0 1 0 0 0 1 0 1 0 1 0 1 0 0 0 0 0 1 1 1 0 1 1 1 1 1 0 1 0 1 1 0 1 0 1 1 1 1 0 1 0 0 0 1 
0 0 1 0 0 1 0 0 0 1 0 0 0 0 1 0 0 0 1 1 0 0 0 1 1 0 0 1 0 1 0 0 1 0 0 1 1 0 0 1 1 0 1 1 0 0 0 0 1 1 1 1 1 1 1 0 1 1 1 1 0 0 1 0 0 0 1 1 0 
1 0 0 1 0 1 0 0 1 0 1 0 0 1 1 1 0 1 1 1 1 0 0 1 0 0 1 0 1 0 0 1 0 0 0 0 0 0 1 1 1 0 0 1 1 1 0 1 1 1 1 0 0 1 1 0 1 0 0 0 0 0 1 0 1 0 1 1 0 
0 0 1 0 0 0 0 0 1 1 1 0 0 1 0 1 0 0 0 0 0 1 0 1 0 0 0 0 1 1 1 1 1 0 0 0 1 0 0 0 1 1 0 0 0 1 1 0 1 0 0 0 1 0 1 1 0 1 0 0 0 1 1 1 1 1 1 0 1 
1 0 1 0 1 1 0 0 0 0 1 0 0 1 1 0 0 1 1 1 1 1 1 0 0 1 1 0 0 0 1 0 0 0 0 1 1 1 1 0 1 1 0 0 0 0 0 1 1 1 0 0 0 0 0 1 1 1 1 1 1 0 1 0 1 0 1 0 1 
1 0 0 0 1 0 0 1 1 1 0 0 0 0 1 0 0 0 1 1 1 0 1 1 0 1 0 0 0 1 1 1 1 1 1 0 0 0 1 1 1 1 1 1 1 0 1 1 0 0 1 1 1 0 1 1 1 1 1 1 0 0 1 0 1 0 0 1 0 
0 0 0 1 0 1 1 0 1 0 1 1 1 0 0 1 1 1 0 1 0 0 1 0 1 1 0 1 0 1 0 0 0 0 1 0 1 0 0 0 1 1 0 0 0 0 0 1 0 0 0 0 0 0 1 1 1 1 1 1 0 1 1 0 1 1 0 0 1 
1 1 0 0 1 1 0 1 1 0 1 1 0 0 0 0 1 1 0 0 0 1 0 1 1 1 0 0 1 1 1 0 0 0 1 1 1 1 0 0 1 0 1 0 0 1 0 1 1 0 1 1 0 1 1 1 0 1 1 0 0 0 0 0 0 1 1 1 1 
0 1 0 0 1 0 0 0 1 1 1 1 0 1 1 1 0 0 0 1 1 0 0 0 0 0 0 0 0 0 1 0 1 1 0 0 0 0 1 1 1 0 0 1 1 0 0 1 0 0 1 0 0 1 0 1 1 0 1 1 0 0 1 0 1 1 0 1 1 
1 0 0 0 1 1 1 1 0 1 1 0 0 1 1 1 1 0 0 0 1 0 0 1 1 0 0 1 1 0 0 0 0 1 0 1 0 0 0 0 1 0 1 1 1 0 0 1 0 0 1 1 0 1 0 0 0 0 1 1 0 1 1 1 0 0 0 1 0 
1 1 1 1 0 0 0 0 0 1 0 0 0 1 1 0 1 1 0 0 0 1 0 1 0 1 0 0 0 1 0 1 0 1 0 1 1 0 1 1 0 0 0 0 1 1 0 1 0 0 1 0 1 1 1 0 1 1 0 1 0 1 0 1 0 0 0 0 0 
1 1 0 1 1 1 1 0 1 0 0 0 1 0 1 0 0 1 1 1 0 0 0 1 0 1 1 0 1 1 1 0 1 1 0 0 0 1 1 0 1 1 0 0 0 1 0 0 1 0 1 1 0 1 0 1 0 1 1 1 1 0 0 0 0 0 0 0 1 
1 0 0 1 0 0 1 0 0 1 1 0 0 0 1 0 0 0 0 1 1 0 0 0 0 0 0 0 1 0 1 0 1 1 1 1 1 0 1 1 1 0 0 0 0 1 0 0 1 0 0 0 0 0 0 0 1 0 0 0 1 1 0 0 0 0 1 1 0 
1 1 0 1 1 0 0 0 0 0 1 0 0 1 1 1 0 1 0 0 0 0 1 1 0 1 0 0 1 1 1 0 0 1 1 1 1 1 1 1 0 0 1 0 0 0 1 0 0 1 0 0 1 0 1 0 1 1 0 0 1 1 0 1 0 0 1 1 1 
0 0 1 1 0 0 1 0 1 1 0 1 1 0 0 1 0 0 1 1 1 1 0 0 0 0 1 0 1 0 1 1 1 1 0 1 1 1 1 0 0 0 1 0 0 0 1 0 0 0 0 1 0 0 0 0 0 1 0 1 1 1 1 0 0 1 1 1 1 
1 0 1 1 1 1 1 1 1 0 0 1 0 1 1 0 1 1 1 0 1 0 0 1 1 0 1 1 0 1 0 1 1 1 0 0 1 1 0 0 1 0 1 1 1 1 0 1 0 1 1 0 1 1 1 1 0 0 0 0 1 0 1 0 1 1 1 0 0 
1 0 0 1 0 1 0 1 1 1 1 0 1 1 0 0 0 1 0 1 1 0 0 1 1 1 0 0 0 1 1 1 1 1 0 1 0 0 0 0 0 0 0 1 1 0 1 0 1 0 1 0 0 1 1 0 0 0 0 0 1 1 1 0 0 1 0 1 0 
0 1 0 0 1 1 0 0 0 0 1 0 1 0 1 0 1 1 1 1 1 1 0 1 1 1 1 0 1 0 0 1 1 0 0 1 1 0 1 0 0 0 0 1 0 1 1 0 0 0 1 0 0 0 1 1 1 0 1 0 1 0 1 0 0 1 1 0 1 
0 0 1 1 0 0 1 0 0 1 0 0 1 0 0 1 1 1 0 0 1 0 1 1 1 1 1 1 1 1 0 1 1 0 0 0 0 0 0 0 1 0 1 0 1 1 1 0 1 1 0 0 1 1 1 1 1 0 0 0 0 0 1 1 0 0 1 1 0 
1 1 1 0 0 0 1 0 1 1 1 1 0 1 0 1 0 1 0 0 1 0 0 0 0 0 0 0 1 1 0 1 1 1 1 1 1 0 1 1 1 0 0 1 1 0 1 1 0 1 0 1 0 0 1 0 0 0 0 0 1 0 1 0 1 0 0 1 0 
1 0 1 0 0 1 1 0 0 1 0 1 1 0 1 1 1 1 0 1 1 0 1 1 1 1 1 1 1 0 1 1 0 0 1 0 1 0 0 1 1 1 1 0 1 0 0 0 0 0 0 1 0 1 1 1 0 0 0 0 0 1 1 0 1 0 0 1 0 
0 0 0 1 1 0 0 0 0 1 0 0 1 1 0 0 0 1 0 0 1 0 0 0 1 0 0 1 0 1 0 1 1 0 0 1 0 1 1 1 0 1 1 1 0 0 1 1 1 1 1 1 0 0 1 1 0 1 1 1 0 1 0 0 1 0 1 1 1 
0 0 1 1 0 0 1 0 1 0 1 1 0 0 1 0 0 0 0 1 1 1 0 0 1 0 1 0 1 1 1 1 1 1 0 1 1 1 1 1 0 1 0 0 1 1 0 1 1 0 1 1 0 1 1 1 1 1 1 0 0 1 1 1 0 1 1 1 0 
0 0 0 1 0 0 1 1 0 0 1 1 1 0 1 0 1 0 1 0 0 1 0 1 0 0 1 1 1 0 0 1 1 0 1 1 1 0 1 1 0 0 0 0 0 1 0 1 0 0 0 0 1 0 1 0 0 0 1 1 0 1 1 1 0 0 1 1 0 
0 0 0 0 1 0 0 0 1 1 0 1 1 0 0 0 1 0 0 1 0 0 0 1 1 1 1 1 0 0 1 0 1 1 0 0 0 0 0 1 0 1 0 1 1 0 1 1 1 0 0 1 0 0 0 1 0 0 0 0 0 1 1 1 0 1 1 0 0 
0 1 0 1 1 1 0 0 1 1 1 1 0 0 1 0 0 0 0 0 0 1 1 1 0 0 1 1 0 0 1 0 1 1 1 1 1 1 1 0 1 0 1 1 0 0 1 0 0 0 1 0 1 0 1 1 0 0 0 0 0 0 0 0 1 1 1 0 1 
0 0 0 0 1 1 0 1 0 0 1 0 1 1 1 1 0 0 0 1 1 0 1 1 1 1 0 0 0 1 1 0 1 1 0 1 0 0 0 1 1 0 1 0 1 1 0 0 1 0 1 0 0 0 1 1 0 0 0 0 1 1 1 0 1 1 1 1 0 
0 0 1 0 0 1 1 1 1 1 0 1 0 1 0 1 0 1 1 0 1 1 1 1 0 0 0 0 1 1 0 1 0 1 1 0 0 1 1 0 0 1 1 1 0 1 0 1 1 1 1 0 0 1 1 1 1 1 1 0 1 1 0 1 0 1 1 0 0 
0 0 1 1 0 0 0 1 0 1 0 1 0 1 1 1 0 0 0 0 1 1 1 0 1 0 0 0 1 1 1 1 1 0 0 1 0 0 1 0 1 1 1 0 0 0 1 1 1 0 1 0 1 0 1 0 0 1 0 1 0 1 0 0 1 0 1 1 1 
0 1 0 0 0 0 0 1 0 1 0 0 0 0 1 0 1 1 0 1 1 1 1 1 1 1 0 0 1 0 1 1 1 1 1 0 0 0 1 0 1 1 0 0 1 1 0 1 0 1 0 1 0 1 0 0 1 1 0 0 1 1 1 0 0 1 0 0 1 
1 0 0 0 0 0 0 1 1 1 1 0 1 1 0 0 1 0 1 0 0 1 1 1 1 0 0 0 0 0 1 0 1 1 0 1 0 0 1 1 1 0 1 0 1 1 1 1 0 0 1 0 0 1 0 1 1 0 1 1 0 0 1 1 1 0 1 1 0 
0 0 0 0 1 0 0 1 1 1 1 0 0 1 0 1 1 1 0 1 0 0 0 0 1 1 1 1 0 1 0 0 1 0 1 1 0 1 0 0 0 1 0 0 0 0 0 0 1 0 1 1 0 1 1 0 1 0 1 1 1 1 0 1 1 1 0 0 0 
