50 66 2813
80 59 59 14 48 39 9 14 53 29 73 55 51 59 12 1 4 74 6 84 29 20 64 8 99 6 57 80 23 59 44 2 69 2 16 16 93 76 29 45 4 1 99 7 12 62 59 15 87 64 50 15 35 13 75 34 70 31 65 93 41 8 46 9 61 13 
24 53 88 52 49 44 5 47 50 68 60 60 82 46 23 31 13 10 95 87 43 16 69 59 8 10 66 6 18 78 70 94 31 58 97 31 53 53 30 54 20 89 13 1 87 87 83 51 96 29 37 38 45 57 48 4 66 13 9 36 91 79 81 73 88 77 
55 92 30 84 45 1 73 9 2 11 95 36 61 91 65 49 80 9 5 28 12 23 92 73 10 34 3 90 58 90 18 13 81 47 96 77 48 20 85 1 30 79 88 42 21 52 90 1 12 95 80 76 17 71 48 78 5 50 67 62 91 84 74 23 83 22 
51 82 41 35 82 23 65 21 64 86 73 54 38 36 48 17 11 16 87 58 93 43 59 11 5 1 94 30 23 28 51 73 9 92 59 42 66 24 63 29 61 87 82 98 22 81 14 33 48 52 42 40 95 53 2 51 53 48 80 28 75 31 100 36 74 11 
77 39 86 91 19 46 77 1 95 51 81 8 35 29 11 28 20 57 80 22 7 33 69 87 60 95 69 11 30 94 21 7 84 6 49 2 3 78 2 97 80 35 56 14 15 67 41 86 23 21 59 30 5 79 68 64 74 88 26 3 81 47 61 16 4 62 
17 59 39 71 55 18 57 63 83 23 29 23 8 3 95 19 84 99 97 3 14 22 90 40 25 22 38 37 89 41 98 6 51 88 28 58 5 36 20 87 58 100 62 17 2 56 35 38 7 84 40 20 5 82 59 81 55 48 18 44 41 67 1 91 55 28 
48 11 63 67 50 72 66 63 88 20 70 75 57 76 58 48 48 62 29 58 95 84 6 12 79 46 30 79 36 36 6 84 99 20 2 100 91 68 62 30 39 31 4 95 59 13 94 6 27 75 63 21 58 68 84 36 13 65 66 1 1 71 84 51 42 37 
50 84 56 63 13 94 93 69 40 3 81 34 8 59 8 23 79 17 42 14 4 7 79 69 7 31 91 42 81 84 78 30 67 34 92 79 79 36 99 71 91 32 4 50 90 63 72 21 31 66 34 86 72 64 6 78 94 96 71 74 31 48 55 97 33 98 
27 64 86 26 34 76 57 89 25 98 51 97 70 33 14 4 18 85 19 23 14 13 70 84 86 100 83 93 96 16 90 74 31 75 99 64 50 7 52 75 57 54 23 26 86 36 81 3 72 100 77 85 12 46 68 49 97 2 41 44 17 83 17 47 57 68 
62 59 26 13 85 82 66 59 8 51 46 88 5 17 39 81 53 50 78 72 51 26 73 91 21 42 25 38 40 34 57 2 92 82 14 28 64 32 38 23 34 83 10 39 51 49 71 3 50 1 26 100 26 98 43 47 39 67 36 79 52 92 32 95 73 97 
22 88 28 59 10 62 93 72 52 43 20 22 97 21 22 22 73 100 72 15 98 62 33 85 40 85 28 23 79 100 20 53 40 47 63 49 60 56 20 11 50 91 85 99 12 58 72 84 57 43 50 6 5 82 90 96 18 17 19 49 69 38 53 8 36 15 
8 48 22 28 58 24 70 42 22 81 100 93 16 8 88 17 14 92 51 55 39 68 24 57 68 44 46 20 3 34 87 10 81 8 89 90 31 59 32 52 91 83 97 59 90 84 75 55 27 25 62 65 45 37 74 64 80 71 84 34 56 22 95 36 29 36 
78 12 46 9 15 88 91 11 46 32 46 73 39 72 49 100 89 45 36 14 9 67 84 44 52 40 65 98 27 45 33 4 56 78 64 71 66 6 33 63 90 79 87 28 2 36 27 42 32 14 55 92 32 91 35 83 82 51 32 8 48 65 64 3 94 79 
25 59 85 58 74 74 88 60 53 89 47 79 31 79 44 85 22 27 75 57 61 8 59 92 16 6 56 31 61 50 61 85 60 97 94 85 70 81 97 74 22 43 4 52 73 47 88 95 73 15 3 33 22 13 25 89 71 32 71 31 81 32 67 93 28 61 
77 50 93 73 23 14 68 27 17 92 25 5 38 98 71 40 82 44 5 58 33 75 90 3 5 22 86 23 66 14 35 43 15 28 67 89 41 86 15 10 78 40 66 67 89 36 7 22 79 63 80 63 37 69 18 93 42 3 15 8 68 50 50 82 77 68 
71 69 6 37 30 35 28 95 1 16 30 59 90 61 21 69 23 57 89 40 1 30 95 16 37 62 65 38 96 93 58 18 13 63 54 43 97 82 89 49 49 19 60 38 31 80 58 53 89 46 45 89 76 39 56 12 52 20 50 47 64 7 64 29 21 18 
23 69 51 11 17 51 81 76 89 11 8 46 16 48 44 60 36 19 50 92 30 1 63 31 48 79 89 63 7 9 80 81 77 82 91 46 33 72 21 73 34 80 70 1 27 13 60 15 31 61 58 13 62 72 43 61 50 32 23 8 40 55 88 69 36 31 
14 68 54 86 92 87 66 62 88 44 74 99 10 57 12 19 69 25 91 63 85 92 46 59 52 38 13 39 6 1 21 19 20 74 56 12 13 73 25 52 69 98 50 78 6 61 97 74 85 87 89 21 30 34 32 81 71 44 72 28 96 92 98 16 18 54 
79 30 26 3 81 94 52 82 24 58 95 20 31 31 58 71 4 87 5 35 20 27 30 91 55 26 34 52 93 3 5 71 32 83 73 64 28 76 98 51 33 44 22 16 26 79 86 29 18 42 63 37 69 45 79 23 70 64 74 14 67 31 84 50 65 8 
14 92 83 63 43 68 6 64 83 31 95 68 12 12 10 26 100 30 70 30 52 39 93 77 52 11 7 87 61 71 46 26 15 29 88 57 48 93 72 30 75 66 49 86 29 10 12 80 39 81 61 90 72 6 67 75 16 25 14 76 48 59 1 62 39 88 
70 86 32 41 15 59 59 16 44 39 25 7 71 64 40 31 5 63 36 71 89 52 48 2 27 95 13 80 8 51 19 77 89 51 69 55 61 27 70 4 18 95 63 88 10 54 70 14 16 6 37 4 9 84 58 87 30 70 66 37 20 85 13 60 87 81 
15 47 60 84 2 77 30 64 16 39 17 85 53 84 42 89 88 50 24 97 37 53 66 54 89 37 38 1 97 76 33 11 22 92 46 76 68 28 39 35 66 8 20 70 43 61 10 82 11 85 78 99 37 43 52 25 80 42 77 28 17 10 38 91 53 35 
66 73 62 56 7 80 15 26 1 58 39 63 91 1 47 69 51 84 11 2 60 42 95 89 69 64 50 58 6 2 93 71 74 6 78 33 85 93 10 38 2 48 100 92 100 46 60 50 81 23 4 41 16 98 81 85 13 30 42 18 83 86 40 9 44 18 
41 80 62 50 17 63 50 16 6 49 62 18 99 94 92 54 34 7 51 66 91 64 95 85 33 30 22 73 38 65 90 30 45 51 31 61 65 80 29 22 81 90 39 31 83 30 84 69 37 86 86 79 1 33 63 34 62 85 58 51 1 47 80 45 49 62 
58 13 94 86 86 74 27 25 56 61 54 91 81 42 28 67 21 29 99 35 14 60 71 71 62 72 69 41 16 17 54 73 81 47 10 66 72 36 42 79 97 96 69 77 89 97 95 61 77 93 96 90 4 66 12 65 37 80 57 5 96 11 29 28 57 39 
93 81 26 35 59 22 82 28 51 22 76 45 83 52 90 78 93 93 95 4 58 84 83 14 88 30 76 68 9 33 6 1 65 32 87 23 5 20 2 7 94 77 4 76 80 93 5 72 85 99 75 94 34 9 8 21 90 83 89 98 67 46 51 83 29 89 
6 34 9 7 92 2 36 95 29 15 39 33 39 24 83 65 17 17 74 76 89 15 11 77 13 29 75 63 12 3 51 69 88 11 27 80 64 14 26 92 29 65 76 19 40 59 83 56 27 8 84 15 23 46 44 35 26 18 49 89 72 51 57 60 62 36 
39 25 49 16 69 29 80 44 47 19 2 82 27 80 89 62 95 11 7 38 97 32 7 45 73 78 96 29 37 9 16 27 85 17 43 53 45 74 97 44 45 50 25 71 30 65 84 24 76 90 13 24 73 71 69 97 48 16 26 37 76 93 15 60 9 9 
13 6 83 9 49 79 58 25 49 87 41 84 62 68 25 74 92 97 44 12 46 44 27 71 32 54 15 46 13 24 55 25 81 89 85 29 67 95 5 67 33 97 50 95 65 74 20 56 22 16 67 67 59 45 89 90 98 4 87 10 79 93 87 59 81 23 
39 99 17 95 65 50 91 14 96 55 39 15 10 61 30 28 79 40 72 68 81 21 23 20 83 53 12 21 11 93 43 1 43 12 47 8 13 37 73 8 44 64 74 53 76 56 33 54 47 4 73 80 77 47 99 59 99 10 79 61 54 73 61 97 84 59 
56 96 96 28 55 39 91 81 43 66 36 75 72 82 31 44 61 7 91 11 17 41 21 95 2 74 19 14 22 3 73 77 50 20 57 5 58 99 37 52 65 72 27 88 5 9 31 18 67 73 28 83 14 48 29 67 74 47 32 95 1 4 24 51 23 80 
7 32 78 43 84 94 66 62 81 70 70 64 87 36 88 67 70 53 66 98 19 39 96 51 86 97 6 9 99 81 40 5 12 69 99 47 63 64 8 95 85 29 58 24 16 98 90 85 50 55 34 21 46 82 23 31 78 28 91 28 8 82 84 72 50 82 
70 12 97 78 59 81 6 16 4 22 65 45 58 15 100 92 35 97 73 57 27 2 36 69 29 96 50 12 19 51 45 88 63 41 65 21 73 23 88 29 96 53 73 53 19 24 96 5 20 20 61 98 21 48 66 1 43 67 64 61 18 60 49 32 52 65 
4 25 39 43 53 34 47 77 39 65 53 34 69 72 6 81 22 26 29 39 79 71 6 94 84 75 54 32 58 5 48 61 81 87 3 85 20 2 62 10 66 66 96 87 89 1 19 10 78 47 49 56 70 6 2 53 80 55 36 89 11 35 49 44 21 3 
28 93 4 41 54 22 6 49 60 95 49 78 56 27 25 4 34 46 61 35 50 92 41 37 80 4 71 80 47 44 83 26 88 38 67 41 11 24 90 70 70 38 100 26 16 24 81 50 21 42 36 70 33 77 58 65 80 80 44 78 23 26 3 62 16 21 
3 78 45 44 48 14 33 47 91 49 22 72 50 94 65 85 15 49 13 72 13 44 51 57 21 26 34 24 39 1 96 41 79 40 36 78 6 69 24 48 69 97 71 18 90 35 54 56 36 67 27 48 10 29 56 31 6 42 6 45 42 1 37 20 93 25 
49 50 93 72 97 13 20 68 30 61 54 35 16 89 1 94 37 63 23 44 45 80 85 50 76 79 2 13 98 46 37 99 95 81 70 92 93 42 11 74 54 64 8 70 53 61 15 41 23 89 84 67 69 21 68 44 99 21 8 48 67 96 46 61 76 68 
4 20 61 66 93 14 30 53 83 34 13 50 74 87 38 9 53 6 81 72 2 31 92 9 79 58 5 76 71 32 95 74 52 55 40 44 69 21 48 3 54 60 52 79 46 90 39 50 47 20 21 48 50 13 9 80 22 13 8 92 96 2 18 47 57 9 
43 25 29 90 79 34 2 31 12 99 72 2 1 18 73 21 18 23 85 26 54 7 90 61 50 85 15 67 32 71 75 26 47 55 67 25 88 68 7 51 19 78 53 19 48 25 91 65 99 28 90 5 86 31 17 35 15 31 2 98 1 28 75 99 35 42 
24 22 61 82 25 79 60 77 49 7 53 40 23 4 19 64 8 4 94 24 38 60 7 91 58 59 71 84 58 5 25 81 78 86 14 2 16 73 30 65 31 83 56 5 38 74 68 45 77 13 20 66 73 26 57 82 37 27 65 94 31 90 26 8 27 39 
10 42 12 91 58 94 25 13 99 62 38 18 58 66 31 78 32 3 55 88 84 91 14 100 36 96 89 61 3 67 100 64 61 63 55 18 56 79 83 6 41 20 24 50 38 6 27 69 8 34 56 43 76 21 42 12 16 83 72 70 49 23 34 61 85 40 
79 93 70 13 50 62 84 25 12 21 30 90 89 37 23 44 31 51 16 73 14 31 7 85 53 7 60 38 68 96 77 98 88 46 10 90 60 93 14 71 14 44 60 54 32 35 98 63 37 65 87 50 48 45 86 100 51 45 37 70 41 13 67 80 10 76 
69 69 21 83 91 34 26 3 87 9 37 36 71 73 53 9 74 100 53 59 99 4 4 35 73 44 99 92 75 8 67 44 29 39 78 71 24 3 73 63 63 61 50 34 85 2 42 58 1 47 17 99 50 20 33 74 15 83 65 41 43 84 84 71 74 61 
93 98 15 66 60 78 78 9 63 63 11 56 20 11 2 88 62 3 59 46 77 25 29 93 66 71 28 49 93 2 62 85 99 76 2 10 5 80 18 67 94 80 23 65 91 76 53 4 79 11 49 55 36 77 99 1 47 79 1 91 80 62 76 30 90 29 
39 46 8 8 13 53 88 87 18 30 14 22 33 92 84 81 98 19 10 97 71 56 27 24 47 6 37 74 87 26 2 25 24 62 32 88 14 71 74 83 100 39 4 32 31 88 65 28 58 74 76 81 81 2 4 79 59 40 52 45 18 6 21 41 67 53 
28 32 23 53 67 75 91 22 6 73 61 70 1 71 95 28 51 76 82 54 54 92 45 58 37 14 15 57 54 33 61 81 64 36 85 82 10 76 4 67 100 16 89 100 86 83 80 36 10 13 41 16 4 86 73 92 99 87 49 5 19 61 37 34 48 22 
68 9 49 71 28 48 86 16 100 72 50 31 59 12 43 100 27 98 37 51 90 87 37 90 91 7 2 80 92 50 53 59 10 53 81 37 52 67 4 51 90 54 33 100 17 75 99 43 25 87 93 14 74 81 3 16 39 4 47 30 5 99 89 15 51 21 
51 3 39 55 5 28 60 38 80 76 64 78 18 88 17 62 1 90 42 55 57 32 59 4 61 63 54 1 77 5 22 80 59 12 34 63 92 93 52 71 20 68 48 89 55 64 50 8 5 43 62 14 74 72 69 86 87 22 39 15 78 12 94 36 23 79 
51 14 23 54 84 42 21 84 30 28 99 31 35 56 25 48 69 98 72 37 36 10 10 74 76 88 37 22 75 59 100 25 25 75 31 8 68 51 43 50 78 42 80 64 97 5 64 65 54 87 53 89 96 62 14 71 49 50 44 24 61 44 100 85 18 82 
44 37 33 87 86 62 28 66 78 76 22 93 92 75 79 44 16 26 57 29 48 6 31 92 81 91 87 32 75 56 14 18 92 98 4 78 11 83 95 88 58 16 32 1 90 10 44 57 87 1 86 35 58 16 78 90 58 64 21 32 19 86 1 62 35 57 
0 1 0 0 0 0 1 0 0 1 1 0 1 0 0 0 0 1 1 1 0 0 0 0 1 0 0 0 1 0 0 0 1 0 0 0 0 0 0 1 1 1 1 0 1 1 1 1 0 0 0 0 1 0 0 0 0 0 0 0 1 0 0 0 1 0 
0 1 0 0 0 1 0 1 0 1 0 1 1 0 1 1 0 0 0 1 1 0 1 1 0 0 0 0 1 1 1 1 0 1 0 1 1 0 0 1 1 1 0 0 1 1 0 0 0 0 1 1 0 0 0 1 1 0 1 0 1 0 1 0 0 1 
1 1 1 1 0 1 0 0 1 0 1 1 0 1 1 1 0 0 1 1 1 0 1 0 0 1 1 0 1 1 1 0 0 1 1 0 0 0 0 1 0 1 1 0 1 0 1 1 0 0 0 1 1 0 0 1 1 1 1 0 0 1 0 0 0 1 
0 0 1 0 1 1 1 0 1 0 1 0 0 1 1 0 1 0 0 1 1 1 0 1 1 0 0 1 0 0 1 0 0 0 0 1 0 1 0 1 0 1 0 0 0 1 0 1 1 1 0 0 0 0 1 0 0 1 1 0 1 0 0 1 1 0 
1 1 0 1 0 0 0 0 0 0 1 0 0 0 1 0 1 0 1 0 0 1 0 1 0 1 0 0 1 1 1 0 0 1 1 0 1 1 1 1 1 0 1 1 1 1 0 0 1 1 0 1 0 0 0 0 0 0 1 1 1 0 1 1 1 0 
0 0 1 1 1 0 1 0 0 0 1 0 0 0 1 1 1 1 1 0 0 1 0 1 0 0 1 1 1 0 1 1 0 0 0 1 1 0 1 1 0 1 1 1 1 0 0 1 1 1 1 1 1 1 0 1 1 1 1 1 1 0 0 1 1 1 
0 0 1 0 1 1 1 0 0 0 0 0 1 1 0 0 1 1 0 1 0 1 1 1 0 0 0 1 0 1 0 0 1 1 0 0 0 1 0 1 0 0 1 1 1 1 0 0 0 0 0 1 1 1 0 0 1 0 1 1 1 1 0 0 0 0 
0 0 0 0 1 0 0 1 1 0 0 1 0 1 1 0 0 1 1 0 1 1 1 0 0 0 1 0 1 1 1 1 1 1 0 1 1 0 0 0 0 0 0 1 1 1 1 1 0 1 0 1 0 1 1 0 1 0 1 0 1 0 0 1 1 0 
0 0 0 0 0 1 0 0 0 0 0 1 1 0 0 1 0 0 0 1 1 0 0 0 0 1 0 0 0 1 0 0 1 1 0 1 0 1 0 0 1 0 1 0 0 0 0 0 0 0 0 1 0 0 1 1 1 1 1 0 0 0 0 1 1 1 
1 1 0 1 1 1 1 0 1 1 0 1 0 1 0 0 0 0 0 0 1 1 1 1 1 0 1 0 1 0 1 0 1 1 1 0 0 0 0 1 0 1 1 0 0 1 0 0 1 0 0 1 1 0 0 1 0 1 1 1 1 0 0 0 1 1 
0 1 0 0 0 0 1 1 0 1 0 0 0 0 0 0 1 1 0 1 0 0 0 1 0 1 1 0 1 0 1 1 1 1 1 0 1 1 1 1 0 0 1 0 0 1 1 1 1 1 0 1 0 0 1 0 1 0 0 0 1 1 1 0 1 0 
0 0 1 0 0 0 0 1 0 0 1 1 1 0 1 1 1 1 1 0 1 0 1 1 0 0 0 1 0 1 1 1 0 1 1 0 1 1 1 1 1 0 1 0 0 0 1 0 1 0 0 0 0 1 1 0 1 1 1 0 1 0 1 1 1 0 
1 0 1 0 0 0 1 1 0 1 1 1 1 0 1 0 0 1 1 1 1 1 0 0 1 1 0 0 0 0 0 1 0 1 0 0 1 1 1 1 0 0 0 0 0 1 0 0 0 1 1 1 0 0 1 1 1 1 1 0 1 1 1 0 0 1 
0 1 0 0 0 1 0 0 1 1 1 1 1 1 0 1 0 1 1 1 0 0 1 0 0 0 1 0 0 0 1 1 1 0 1 0 1 1 0 0 0 0 1 0 1 1 1 0 0 0 1 1 0 0 1 1 1 0 1 1 0 0 0 0 0 1 
0 1 1 0 1 1 0 0 1 0 0 0 0 0 0 1 1 1 0 0 0 1 1 1 0 1 1 1 1 0 0 1 1 1 0 1 1 0 1 0 0 1 1 0 0 1 0 1 0 0 0 0 1 1 1 1 0 1 0 0 1 1 1 0 0 1 
1 1 0 1 0 0 0 1 1 0 0 1 0 1 1 0 1 0 1 1 1 1 0 0 1 1 1 1 1 1 0 1 1 0 0 1 1 0 0 0 1 0 1 1 1 0 1 1 0 0 0 1 1 0 1 1 1 0 0 0 0 0 1 1 1 1 
0 0 0 0 0 1 0 1 0 0 1 1 1 1 1 1 0 0 1 0 1 0 0 1 0 0 0 0 1 1 1 1 1 1 1 1 0 0 0 0 0 1 1 1 0 0 0 0 1 1 0 0 1 1 0 1 1 0 1 1 1 1 0 0 0 0 
1 1 0 1 1 0 0 1 1 0 1 1 0 0 0 1 1 1 0 1 0 1 1 0 0 0 1 1 0 1 1 1 0 1 0 0 1 0 1 0 0 0 1 0 1 1 1 0 0 1 1 0 1 0 0 1 0 1 0 0 1 1 1 1 0 1 
1 1 1 0 1 1 1 0 1 0 1 1 0 1 0 1 0 1 1 0 1 1 0 1 1 1 1 0 0 1 1 0 1 0 0 0 1 1 1 0 1 0 1 1 0 0 0 0 1 1 0 0 0 0 0 1 1 1 1 0 0 0 0 1 0 0 
0 1 0 1 0 1 1 1 1 1 1 1 1 1 1 0 1 1 0 1 1 0 0 0 0 1 1 0 0 1 0 0 1 0 1 1 0 1 0 1 0 0 0 0 1 1 0 0 1 0 0 0 0 0 0 0 1 1 0 0 1 1 0 0 1 0 
1 1 1 1 0 1 1 1 1 0 0 1 1 1 0 1 1 0 1 0 1 1 1 1 1 0 0 1 0 0 1 1 1 0 1 0 0 0 1 1 1 1 1 0 1 1 1 0 1 0 0 0 1 0 0 0 0 0 0 1 0 1 0 0 0 1 
0 0 0 1 1 1 0 0 1 1 1 0 0 1 0 0 1 0 0 1 0 1 0 0 0 0 0 0 0 0 0 0 0 0 1 1 1 0 0 0 1 1 0 1 0 0 0 0 0 0 1 1 1 1 1 1 0 1 0 0 1 0 1 1 0 0 
1 1 0 1 1 0 0 1 1 1 1 1 1 0 0 0 1 1 0 0 1 0 0 1 0 1 1 1 1 1 0 0 0 0 1 1 0 1 0 0 0 1 1 1 1 1 0 0 1 0 1 0 0 1 1 0 0 0 0 1 1 0 1 1 0 0 
0 1 0 0 1 0 1 0 0 1 0 0 1 1 0 0 1 0 1 0 0 0 0 0 1 1 0 1 0 1 1 0 0 1 0 1 0 1 1 0 0 1 0 0 0 0 0 1 0 0 1 0 0 1 1 1 0 1 0 0 0 0 0 0 1 0 
1 1 0 1 1 0 0 1 0 1 1 1 0 1 1 0 0 1 1 1 0 0 0 1 0 1 1 1 1 0 1 1 0 1 0 1 0 0 1 0 1 0 1 0 0 0 0 0 1 1 1 0 1 1 1 0 0 0 1 0 0 0 1 0 0 1 
0 0 1 1 0 1 1 0 1 1 0 1 1 0 0 0 0 0 0 1 0 0 1 1 0 1 1 1 0 1 0 0 1 0 1 0 1 0 0 0 0 0 1 1 0 1 0 0 1 0 1 1 0 0 0 1 0 0 0 0 1 1 0 1 1 1 
1 0 1 1 0 1 1 1 1 0 0 1 0 0 1 0 1 1 0 0 0 0 0 1 0 1 0 0 0 1 1 1 1 1 0 1 0 0 0 1 0 0 0 0 0 1 0 0 1 1 0 1 1 0 0 0 1 0 0 0 1 0 1 0 1 0 
1 1 0 1 1 0 0 1 0 0 1 1 0 0 0 0 1 1 0 0 1 0 0 0 0 0 0 1 0 1 1 0 0 1 1 1 1 1 1 0 0 0 1 0 0 1 1 1 0 1 1 0 1 0 0 1 0 0 1 0 1 0 0 1 0 0 
1 1 1 0 1 1 0 0 0 0 1 1 1 0 0 1 0 0 1 0 1 1 0 0 1 1 1 0 0 1 0 1 0 1 1 0 1 1 0 1 1 0 0 1 0 0 0 0 0 1 0 0 0 0 0 1 1 1 1 1 0 1 1 1 1 0 
1 0 0 1 1 1 1 1 0 1 1 0 1 0 1 1 0 1 1 0 1 0 0 0 0 0 0 1 1 1 1 0 1 1 0 0 1 1 1 1 1 0 0 0 0 1 0 0 1 1 1 0 0 1 0 0 1 0 1 1 1 0 1 0 0 1 
0 1 1 1 0 0 0 0 0 0 0 0 1 1 0 0 1 0 1 1 0 0 0 1 1 1 1 1 0 1 0 0 0 1 0 1 1 0 1 0 0 1 0 1 0 0 1 1 0 0 1 0 1 1 1 0 0 1 1 0 0 0 1 1 1 1 
0 1 1 1 1 1 1 1 1 1 0 0 1 0 1 0 1 0 1 0 0 1 1 0 0 0 0 1 1 1 0 1 0 1 0 1 0 1 1 1 1 1 0 0 1 1 0 0 1 1 1 1 0 0 1 0 0 1 1 1 1 1 0 1 0 1 
1 1 0 0 0 1 1 0 1 0 1 1 1 0 0 0 0 1 0 1 1 1 1 1 0 0 0 1 1 1 0 0 0 0 0 0 0 1 1 1 0 0 1 1 1 1 1 1 0 1 0 0 0 1 1 1 1 1 0 1 0 0 1 0 0 0 
1 0 1 0 0 1 0 1 0 1 0 1 0 1 1 1 1 1 0 0 0 0 1 0 1 0 0 0 0 1 0 1 1 0 1 1 1 0 0 0 1 1 1 0 0 0 1 1 0 1 1 0 1 0 1 0 0 1 1 1 0 1 0 0 1 0 
1 1 0 0 1 1 1 0 1 1 1 0 0 1 0 1 1 1 1 0 0 0 0 1 1 0 0 1 0 0 1 0 1 1 0 0 1 1 0 0 0 1 1 0 0 1 1 0 0 0 0 0 0 0 1 1 1 0 1 1 0 0 1 1 0 1 
1 1 0 1 1 0 1 0 0 1 1 1 1 0 0 0 0 0 0 0 0 1 0 1 1 0 1 0 1 1 0 0 0 0 1 0 1 0 0 1 0 0 1 1 0 1 1 0 1 0 0 1 1 0 0 0 0 0 1 1 1 1 1 0 1 1 
0 0 1 0 0 1 0 1 1 0 0 0 1 1 0 1 1 0 0 1 0 0 1 1 0 1 0 1 1 0 0 1 0 0 1 0 1 0 1 0 0 1 1 1 1 1 1 0 1 1 1 0 1 1 1 1 0 0 1 1 0 1 0 0 1 1 
1 1 1 0 1 0 0 0 1 1 0 0 1 1 1 0 1 1 1 1 0 1 1 1 0 1 1 0 1 0 0 0 1 1 1 1 1 1 1 1 0 1 1 1 1 1 1 0 0 1 1 0 0 0 0 1 1 1 1 1 1 1 1 1 1 0 
0 0 1 1 1 1 1 1 0 0 0 0 0 0 1 0 0 1 0 0 0 0 1 0 1 1 1 0 0 0 1 0 1 0 1 0 0 0 1 0 0 1 0 1 1 1 1 0 1 1 0 1 1 0 1 0 1 1 1 1 1 0 1 0 0 0 
1 0 1 0 1 1 0 1 0 1 1 1 1 0 1 0 1 0 0 1 1 1 0 0 0 1 0 1 0 0 1 1 1 0 1 0 0 1 1 0 1 0 0 0 0 1 0 0 1 0 1 0 1 1 0 1 0 0 0 0 1 0 1 0 0 1 
0 0 0 1 1 1 0 1 0 0 0 0 0 1 1 1 0 0 0 0 0 1 1 0 1 0 0 1 0 1 0 0 1 0 1 0 0 1 1 0 0 1 0 0 1 1 0 1 0 0 1 0 1 0 0 1 0 1 0 0 0 0 0 1 0 0 
0 0 1 1 0 1 1 1 0 0 0 0 1 0 0 0 0 0 1 1 1 1 0 1 0 0 1 0 1 1 0 1 0 0 1 0 1 0 1 1 0 0 1 1 0 0 1 1 0 0 0 1 0 0 0 0 0 1 0 1 0 1 1 0 1 0 
1 0 0 0 0 0 0 1 1 1 1 0 0 1 1 0 0 1 0 0 1 0 1 1 1 0 0 0 0 1 0 1 0 0 0 0 0 0 1 1 1 1 0 1 0 1 1 1 0 1 1 1 1 1 0 1 1 1 1 1 0 0 1 0 0 1 
0 1 1 0 0 1 1 0 0 1 1 0 0 1 1 0 0 1 1 1 0 0 0 1 1 0 1 0 1 0 1 1 1 1 1 1 0 0 0 0 0 1 0 0 1 0 0 1 1 1 0 1 1 0 0 1 1 0 1 0 0 1 1 1 0 1 
0 0 1 0 0 1 0 1 0 1 1 0 0 0 0 1 1 1 1 1 0 0 1 0 0 1 1 0 0 1 1 1 1 0 1 1 0 1 0 0 0 1 0 1 1 0 0 0 0 1 0 0 0 1 0 0 1 1 0 1 0 1 0 1 0 0 
1 0 1 1 0 0 1 0 1 0 1 1 1 1 0 1 1 0 0 0 1 1 1 1 1 0 1 1 1 1 1 0 1 1 0 1 1 1 1 0 1 0 1 0 1 1 1 1 0 0 1 1 1 0 0 0 0 1 0 0 0 1 0 1 0 0 
0 1 1 0 1 1 0 0 1 0 0 1 1 0 1 0 1 0 0 1 1 1 1 1 1 1 0 1 1 1 0 1 0 1 1 0 0 0 0 0 0 0 1 1 0 0 1 1 0 1 1 1 0 0 0 1 1 1 1 0 0 1 0 0 0 1 
0 1 1 1 1 1 1 0 0 0 0 1 1 0 1 0 0 1 0 0 1 0 1 0 0 1 1 0 0 1 0 0 0 1 1 1 1 1 1 1 1 1 1 0 0 0 1 0 1 1 0 0 1 0 0 0 1 1 0 1 1 0 0 1 0 1 
1 1 0 0 0 1 0 1 0 0 1 1 0 1 0 0 1 0 0 0 0 0 1 0 1 0 1 1 0 1 1 1 0 1 1 0 1 1 0 1 1 1 0 1 0 0 0 0 0 0 0 0 0 1 1 0 0 0 1 0 1 0 1 1 0 0 
1 1 0 1 0 1 1 0 1 1 0 1 1 1 1 1 1 0 1 0 0 1 0 1 1 1 0 0 0 0 0 0 1 0 1 1 0 0 1 1 0 1 0 1 0 1 1 0 1 0 0 1 1 1 1 0 0 1 0 1 1 0 1 0 1 0 
