44 56 2289
99 4 34 28 21 89 65 7 84 81 77 24 12 20 88 87 85 72 52 34 44 64 100 63 54 38 46 75 99 100 47 49 55 81 76 27 69 93 85 4 73 13 28 36 33 67 74 17 90 25 2 33 88 2 47 93 
91 92 20 90 43 66 90 97 46 66 76 15 10 60 70 34 73 49 69 5 15 42 21 4 18 23 88 57 76 34 49 66 77 68 7 19 86 97 68 31 14 43 97 23 2 67 56 74 15 76 78 82 17 51 37 86 
25 25 42 100 58 90 17 35 10 76 5 95 24 72 77 37 14 74 11 68 40 18 41 6 93 71 87 9 21 24 94 97 100 35 96 9 76 64 95 37 39 100 83 62 23 60 50 89 33 60 56 24 77 96 29 21 
18 68 29 90 43 74 86 42 60 81 50 88 97 97 24 35 96 59 49 70 18 50 58 2 62 13 25 90 61 5 11 78 24 39 68 66 65 53 59 76 86 61 63 34 57 39 68 4 97 68 73 66 18 31 67 31 
95 43 20 55 99 30 33 23 21 52 88 85 56 99 60 41 59 75 74 15 13 94 70 9 13 42 74 82 24 92 12 19 34 32 73 84 61 57 6 81 8 46 17 64 44 29 56 54 3 82 68 15 27 89 75 39 
30 48 73 6 91 84 24 24 67 48 7 80 57 65 60 64 62 29 79 5 57 35 58 59 16 77 25 94 17 99 32 98 98 56 3 88 40 78 63 58 78 21 37 34 85 49 97 46 77 76 2 85 62 11 95 29 
39 19 22 55 17 5 53 66 61 55 53 52 85 67 61 62 87 98 95 24 46 91 21 74 18 23 10 31 85 4 59 24 22 80 78 90 37 82 7 49 89 59 100 73 25 60 34 11 9 28 86 6 70 7 79 40 
29 88 70 13 43 29 88 16 60 18 57 48 99 63 96 39 21 47 11 97 59 96 60 67 75 45 73 45 51 3 36 31 43 5 96 37 85 83 53 97 52 9 44 51 72 40 89 44 38 52 41 96 47 100 63 74 
96 87 70 47 41 5 29 35 61 24 72 46 59 24 94 10 32 37 12 55 28 53 99 66 4 39 13 2 90 27 75 37 13 44 35 6 100 64 40 61 39 11 58 97 86 51 59 70 39 70 24 19 22 74 36 77 
64 48 31 5 75 57 42 39 53 76 44 52 39 84 64 78 46 21 26 84 23 84 53 14 54 28 32 27 2 67 56 65 14 38 70 88 46 11 27 98 38 22 2 77 57 65 6 3 38 31 86 12 67 90 25 72 
17 56 98 70 22 5 35 88 42 56 27 40 18 53 37 55 75 38 83 83 55 88 85 44 71 22 55 37 63 80 8 80 87 57 49 61 62 35 48 55 90 74 94 59 79 83 14 5 72 96 87 26 36 24 21 6 
97 76 42 60 7 1 91 45 57 91 5 70 26 4 77 67 30 22 26 8 4 91 64 76 86 50 53 73 25 26 78 22 1 71 81 59 71 71 3 80 13 60 1 38 63 77 57 92 99 34 51 54 24 14 29 61 
64 34 34 88 59 63 61 11 34 41 21 56 63 23 35 76 82 36 65 97 12 21 88 62 54 39 16 29 4 96 42 19 81 75 59 91 37 19 1 22 60 21 78 74 96 12 49 29 99 66 25 63 86 65 24 92 
55 91 72 58 39 13 77 19 39 35 10 76 53 62 97 64 35 26 38 30 38 38 58 88 55 35 50 41 99 26 84 5 16 7 62 6 20 90 25 58 24 34 85 29 47 34 92 81 59 81 10 48 71 20 36 25 
6 37 17 56 62 52 60 30 59 73 87 30 63 11 39 86 96 24 66 43 9 58 23 19 90 85 19 60 56 54 37 61 42 53 68 56 5 27 37 15 99 23 44 61 34 82 99 81 57 64 75 17 73 50 36 63 
34 54 74 41 59 62 1 100 15 68 7 71 46 43 85 96 66 80 57 51 61 7 83 70 22 58 86 95 7 21 9 92 26 34 32 84 96 84 36 62 3 42 84 48 85 68 43 2 99 51 4 11 57 86 80 79 
43 66 25 1 38 33 92 64 66 23 47 13 6 82 74 60 24 57 7 60 76 2 61 74 52 16 85 61 1 16 91 96 81 15 48 19 99 40 82 64 14 80 29 72 62 2 31 37 59 38 96 86 91 8 12 42 
75 48 2 27 63 44 22 44 58 22 14 56 61 47 72 26 26 100 97 87 1 80 75 11 69 22 49 59 29 60 52 55 7 6 82 69 49 55 64 7 76 77 14 88 23 85 14 49 84 62 87 37 41 62 99 61 
35 99 19 64 58 71 18 16 76 51 85 24 6 100 82 81 77 96 69 51 32 34 51 16 95 90 4 88 3 54 48 37 53 67 52 62 89 22 78 64 72 14 39 77 13 73 58 41 68 26 92 99 59 94 66 5 
83 21 92 85 27 40 22 79 58 73 40 46 94 69 61 66 82 51 42 95 23 51 35 90 76 26 41 86 20 58 91 54 79 34 39 5 73 12 35 82 84 26 27 30 95 39 47 76 90 88 70 12 39 5 54 66 
82 46 4 53 3 46 59 81 79 97 37 4 8 23 85 43 49 64 72 43 2 18 18 43 58 40 55 48 96 60 65 29 5 68 34 7 13 92 40 44 88 28 47 47 51 31 41 99 46 13 41 100 82 10 42 91 
1 48 38 96 7 55 25 63 22 10 70 87 1 61 30 40 88 76 86 90 58 26 88 4 90 80 3 24 42 96 14 42 44 4 90 2 58 66 65 31 75 86 69 75 98 50 14 37 25 51 27 35 28 66 90 70 
46 44 93 39 39 58 32 34 61 21 88 70 38 52 53 12 89 21 38 86 71 3 22 47 53 100 33 33 66 22 2 63 17 94 1 8 51 32 41 64 5 28 33 42 31 85 6 19 58 43 56 28 46 30 26 50 
29 59 34 46 32 35 8 49 80 8 56 83 92 48 46 96 76 30 37 58 67 42 29 24 37 84 3 34 65 28 35 46 38 69 91 70 3 99 18 83 58 25 65 49 72 62 44 99 91 33 9 9 26 37 84 62 
72 86 95 37 66 30 34 55 50 24 24 52 22 93 86 80 69 2 28 41 63 24 91 6 56 99 14 81 87 50 95 59 35 41 47 52 70 80 7 19 3 82 23 77 75 60 8 43 62 87 35 76 10 78 81 17 
28 47 50 15 96 44 25 82 84 71 86 6 2 92 76 56 73 50 32 99 10 39 94 71 26 80 98 87 57 31 4 85 29 53 99 76 48 75 57 31 45 42 88 98 85 16 53 10 65 85 60 74 75 53 96 52 
33 94 39 41 24 94 25 52 98 75 27 45 49 35 27 45 29 67 42 65 82 95 74 46 31 86 20 5 38 67 9 22 60 47 15 35 92 39 38 89 66 64 85 66 51 63 11 79 29 4 43 62 98 69 8 80 
54 79 85 43 45 45 17 57 43 31 91 34 21 29 74 86 44 10 4 94 72 14 24 53 69 19 14 19 87 73 98 92 3 34 34 48 78 50 56 20 80 98 53 53 26 78 38 22 87 41 67 11 6 91 63 75 
9 28 93 47 53 42 38 55 76 71 54 53 73 9 25 4 7 77 56 84 7 46 5 93 38 24 3 96 66 17 22 26 97 66 72 49 7 61 3 82 83 57 87 55 65 11 11 23 39 66 7 45 63 63 38 53 
38 92 48 3 9 21 28 57 86 51 5 92 11 7 26 94 15 64 100 80 74 10 54 64 28 60 9 42 75 98 94 12 89 93 15 49 13 94 5 98 45 61 42 7 68 67 52 82 82 52 13 55 13 67 70 92 
78 78 34 52 27 27 64 68 20 30 16 32 75 73 82 19 33 23 78 52 41 29 86 22 32 50 28 45 16 97 36 94 27 69 97 53 48 12 20 19 93 88 2 68 12 83 38 96 57 15 100 49 44 85 70 27 
34 49 71 2 98 59 47 76 79 43 28 26 7 100 44 99 39 46 66 2 80 4 49 37 18 48 85 13 84 7 40 18 7 62 71 56 20 17 31 99 11 11 76 17 62 72 16 100 69 33 53 48 36 1 36 6 
49 73 70 32 31 61 1 37 23 23 45 94 39 75 44 2 85 20 18 98 91 85 49 59 18 1 58 53 2 94 10 2 18 32 85 48 92 38 36 66 60 80 12 51 55 55 52 91 26 69 89 68 54 37 78 71 
90 36 75 43 81 37 44 50 68 80 97 59 17 32 77 77 64 88 27 18 42 78 60 68 98 100 87 51 89 65 73 78 52 48 20 32 36 15 33 3 94 29 13 11 12 89 39 75 76 17 44 70 94 4 37 43 
3 75 94 91 39 18 20 90 17 91 73 52 5 5 54 99 85 67 61 97 55 51 23 83 67 67 52 60 70 40 54 24 14 47 67 5 17 86 94 33 77 19 85 33 75 90 83 60 8 43 8 15 93 30 97 11 
96 48 70 17 87 24 41 52 22 59 56 90 44 2 23 72 20 59 5 46 100 87 57 8 82 64 22 26 46 70 37 41 17 58 10 55 33 2 6 7 60 62 96 55 15 70 27 34 80 31 31 80 69 88 39 2 
51 12 28 96 81 16 89 97 73 50 3 6 51 8 64 62 21 59 16 35 81 42 20 60 24 51 91 45 90 29 46 40 40 25 88 20 40 28 68 13 77 70 70 79 30 33 40 2 43 7 89 75 49 60 35 24 
62 77 20 51 6 66 43 97 90 30 69 30 9 88 94 37 10 63 15 39 47 6 92 41 12 32 16 12 92 2 36 5 78 55 8 35 72 50 32 62 31 52 43 39 39 36 75 48 50 41 38 96 46 30 36 57 
13 3 21 56 4 8 61 34 14 68 68 86 69 51 99 99 2 41 37 93 28 63 40 77 3 78 24 100 59 11 8 23 14 28 79 69 35 91 2 49 10 22 86 78 72 84 76 26 76 64 18 55 78 9 83 32 
38 6 31 48 68 90 71 33 18 49 2 4 39 55 4 48 76 89 77 100 72 52 77 99 67 94 53 44 54 35 27 92 92 57 39 12 46 9 44 15 9 97 19 99 52 22 98 79 63 74 30 86 77 6 85 95 
51 89 90 57 76 16 48 19 72 38 30 70 99 74 36 59 70 54 58 73 28 7 4 90 33 85 27 9 43 11 56 45 52 45 1 27 61 100 45 84 38 75 5 88 100 41 46 21 46 55 46 25 62 49 66 46 
85 93 54 27 3 61 72 54 6 72 32 18 72 77 1 61 3 58 48 2 98 45 22 95 52 19 20 13 67 85 58 4 77 63 30 32 24 1 37 81 25 69 98 48 97 50 8 51 7 7 52 56 3 25 51 54 
44 70 18 62 6 75 65 83 90 47 66 65 99 2 97 23 22 94 70 70 95 29 20 2 87 23 9 90 100 59 43 95 80 61 56 86 87 73 20 28 19 85 92 17 38 88 92 60 33 13 29 28 42 1 81 28 
23 89 17 22 100 12 16 31 72 24 16 10 48 87 38 18 23 81 86 61 69 77 72 53 90 52 32 83 52 12 62 27 53 79 48 4 42 16 34 13 91 2 22 38 88 11 7 63 92 92 23 12 69 46 64 10 
0 1 1 0 0 0 0 0 0 1 1 1 0 1 1 0 0 1 1 1 1 1 1 0 1 1 1 1 0 1 0 1 0 1 1 0 1 1 1 0 0 0 1 1 1 1 1 1 0 1 1 1 0 0 0 1 
0 1 0 0 0 0 1 0 1 0 1 1 1 0 1 0 0 0 1 0 1 0 1 1 1 0 1 0 1 1 1 1 0 0 1 1 0 1 1 0 1 0 1 1 0 0 1 1 0 0 1 0 0 0 1 0 
1 0 0 0 1 1 1 0 1 0 1 0 1 0 0 1 1 1 0 1 1 1 0 1 1 1 1 1 0 1 1 1 1 1 1 1 1 0 1 0 0 0 0 0 0 0 1 1 1 1 1 0 0 1 0 1 
1 1 0 1 0 0 0 0 1 1 1 0 1 0 1 1 0 1 1 0 0 0 0 1 1 1 0 1 0 0 0 1 1 1 0 0 1 0 0 0 1 1 1 0 1 0 0 1 1 1 1 1 0 1 1 1 
0 1 1 1 1 1 0 0 0 1 0 1 1 0 0 1 1 1 1 0 1 1 1 0 1 1 0 1 0 1 0 1 0 1 0 1 1 0 1 1 1 0 1 1 0 1 0 0 0 1 0 1 1 0 1 0 
1 1 1 1 0 1 0 0 1 0 1 0 1 1 1 0 1 0 1 1 1 1 1 1 1 0 0 0 0 0 0 1 1 1 0 0 0 1 0 1 1 0 1 0 1 1 1 0 1 0 1 1 0 1 0 1 
1 1 1 1 1 1 0 0 0 0 0 0 1 1 0 1 1 1 1 0 0 0 0 0 1 1 1 1 0 1 0 1 0 1 0 1 0 0 0 0 1 0 0 0 1 0 1 0 0 1 0 0 1 0 0 0 
0 1 1 0 1 1 0 1 0 0 1 0 1 1 0 0 1 1 0 1 1 0 1 1 1 0 0 0 0 0 1 0 0 0 1 1 0 1 0 0 1 1 1 0 0 1 0 0 0 1 1 0 1 0 1 0 
0 1 0 1 0 1 1 0 0 0 1 0 1 1 0 1 1 1 1 1 1 0 1 1 1 0 1 0 1 1 0 1 0 0 0 0 0 0 0 0 0 1 0 0 1 0 1 0 0 0 1 1 0 1 0 1 
1 0 1 0 1 1 0 1 0 0 0 0 0 0 0 1 0 0 1 1 0 0 1 0 0 0 1 1 1 0 0 1 0 0 1 1 1 1 0 1 0 0 1 0 1 1 1 1 1 0 0 0 0 1 0 1 
1 0 0 1 0 0 0 0 0 1 1 0 1 1 1 1 0 1 1 1 0 1 0 0 1 0 0 0 1 0 1 0 0 1 1 0 1 1 0 0 1 1 0 0 1 1 1 1 0 0 0 1 1 0 1 1 
0 1 1 1 1 0 1 0 1 1 0 0 0 1 0 1 0 0 1 1 0 0 0 0 1 0 1 0 0 0 1 0 1 0 1 1 0 1 1 1 0 1 0 0 0 0 0 1 1 1 0 1 0 1 1 1 
1 1 1 0 1 1 0 1 1 0 0 0 1 1 1 1 0 1 1 1 0 1 0 1 1 0 0 1 1 1 0 1 0 1 1 0 0 1 1 0 1 1 0 0 0 1 1 0 1 1 1 1 0 1 0 1 
0 0 0 1 1 0 0 0 0 1 0 0 1 1 0 0 0 0 1 0 0 0 0 1 1 0 0 0 1 0 1 1 0 0 1 1 0 1 1 0 1 1 1 0 0 1 0 0 0 1 0 0 0 1 1 1 
1 1 1 0 1 1 0 1 1 1 0 1 0 0 0 1 1 1 1 0 0 0 0 0 1 1 0 1 0 1 1 1 0 0 1 1 1 1 0 0 0 1 0 1 1 0 0 0 1 0 0 1 0 1 0 1 
0 0 1 0 0 0 1 0 0 0 0 0 0 0 0 0 1 0 1 0 0 0 1 1 0 1 1 0 0 1 1 0 1 0 0 1 0 1 0 1 0 0 1 0 0 1 0 0 0 0 0 0 0 1 0 0 
1 1 0 1 0 1 0 1 0 0 1 0 0 1 1 0 1 0 0 1 0 0 1 0 0 0 0 0 1 0 0 0 1 0 0 1 0 0 1 0 0 0 0 0 1 0 0 0 0 0 1 0 1 1 0 1 
1 1 0 0 1 0 1 1 1 1 0 1 1 1 1 1 1 1 0 0 1 0 0 0 1 0 0 0 1 1 1 0 0 1 0 1 0 1 0 1 0 1 0 1 0 1 1 0 0 1 0 0 1 1 0 0 
1 0 0 0 1 0 0 1 1 0 1 1 0 1 0 0 0 0 0 1 1 1 1 0 0 1 0 1 0 0 0 1 0 0 1 0 0 1 1 0 0 0 1 0 0 0 0 0 0 0 1 0 1 0 0 1 
0 0 1 0 0 1 0 0 1 1 0 0 1 0 0 1 0 1 1 0 1 1 1 0 0 0 0 1 1 0 1 1 0 0 1 0 1 1 0 0 1 1 0 0 1 0 1 1 0 0 0 1 1 1 1 1 
1 1 1 0 1 0 1 1 0 1 1 1 0 0 1 1 1 0 1 0 0 0 1 0 0 1 0 0 0 1 1 0 1 0 0 0 0 0 0 0 1 1 1 1 1 1 1 0 1 0 0 1 1 0 0 1 
1 0 1 0 1 1 0 0 1 0 1 0 0 1 0 1 0 0 1 0 1 0 0 0 0 1 1 1 1 1 1 0 1 0 0 1 1 0 1 1 1 0 1 1 1 1 1 0 1 0 0 0 0 0 0 0 
1 0 0 0 1 1 1 1 1 1 0 1 0 1 0 1 0 1 0 1 0 1 1 0 1 1 0 1 0 1 0 1 1 0 0 0 1 1 1 0 0 1 1 0 1 1 1 1 0 0 0 1 1 0 1 1 
1 1 0 1 0 0 1 1 0 1 0 1 0 1 0 0 1 1 1 0 1 0 1 1 0 1 0 0 1 1 1 1 1 1 0 1 0 1 1 0 0 1 0 0 0 0 1 1 1 0 1 0 0 0 0 1 
0 0 1 1 0 0 0 1 1 1 0 1 0 1 0 1 0 0 1 1 0 0 0 1 0 0 0 1 0 0 0 0 0 1 0 0 1 0 1 0 1 0 0 0 1 0 1 0 0 0 1 0 1 1 1 1 
1 1 0 0 1 0 0 0 1 0 0 0 1 0 1 0 0 1 0 1 1 1 1 1 0 0 1 1 0 0 0 1 0 1 1 1 1 0 1 1 0 0 1 1 0 0 0 0 1 0 1 0 0 1 1 0 
1 0 1 1 1 1 1 1 0 0 0 0 0 0 1 1 0 0 0 0 1 0 0 0 1 1 1 1 0 0 1 0 1 0 1 0 1 0 1 0 1 1 0 1 1 1 0 1 1 1 1 0 1 1 1 0 
1 0 1 1 0 0 1 1 0 1 1 0 1 0 0 0 0 0 0 1 1 0 1 0 1 0 1 1 0 0 1 1 0 1 0 0 1 0 0 0 1 1 0 0 0 0 1 0 0 1 1 1 1 0 1 1 
1 0 0 1 0 1 0 0 0 0 1 0 0 1 0 1 0 0 0 0 0 1 0 0 0 0 1 1 0 0 0 1 1 0 0 1 0 0 0 0 1 1 0 1 0 0 1 0 0 1 1 0 0 1 0 0 
1 1 1 0 0 0 1 1 0 0 0 0 0 0 1 1 1 1 1 1 0 0 0 0 1 1 1 1 0 1 1 0 1 0 0 1 0 1 0 1 1 0 1 0 1 0 1 0 0 0 0 0 0 0 0 1 
1 1 0 1 1 1 1 0 0 1 1 0 1 1 1 0 1 1 0 0 1 0 1 1 0 1 1 1 1 0 0 0 1 1 1 0 0 1 0 0 0 1 1 1 0 0 0 0 1 0 0 1 0 1 0 1 
0 0 0 1 0 0 1 1 1 1 0 0 0 0 0 0 0 1 0 0 0 0 0 1 0 1 0 1 0 1 0 1 1 0 0 1 0 0 0 0 1 0 0 1 1 0 1 1 0 1 1 0 1 0 1 0 
1 0 1 1 1 1 0 0 1 1 1 1 1 1 1 0 0 1 1 1 0 0 0 0 0 1 0 1 1 1 1 0 1 0 0 0 1 0 0 0 1 1 0 0 1 1 0 1 1 1 0 1 0 0 1 0 
1 1 1 1 0 1 1 0 1 1 0 1 0 1 1 1 0 1 0 1 1 0 0 0 0 0 1 0 0 0 0 0 1 1 1 1 0 0 1 0 0 0 1 0 1 0 1 1 0 1 1 1 0 1 1 0 
0 0 0 0 0 0 0 1 1 1 0 0 0 0 0 0 0 1 0 1 1 1 0 1 1 1 0 1 1 1 1 1 1 1 1 1 1 0 0 0 1 1 0 1 1 0 1 1 1 1 0 1 1 0 0 0 
0 1 1 1 0 0 0 0 1 1 1 0 1 0 0 1 1 1 0 0 1 0 1 1 1 1 0 0 1 0 0 1 1 1 0 0 1 0 0 0 0 1 0 1 1 1 0 0 0 1 0 1 1 1 0 0 
0 0 1 0 1 1 1 0 1 0 0 0 0 0 1 0 0 1 0 1 0 0 0 0 1 0 0 0 0 0 1 0 1 0 0 0 1 0 0 0 0 1 1 0 1 0 1 1 1 1 1 0 1 1 0 1 
1 0 1 1 1 0 0 0 0 0 0 0 0 0 0 0 1 1 1 1 1 0 0 1 1 1 1 0 0 1 1 0 0 1 1 1 1 1 1 0 0 1 0 0 1 0 1 1 0 0 0 1 0 0 0 1 
0 1 1 0 1 1 0 1 0 0 0 1 1 1 1 1 0 1 0 1 0 1 0 0 1 0 1 1 1 0 0 1 1 1 1 0 0 0 1 0 0 1 0 1 0 1 1 0 1 1 0 1 0 0 1 1 
1 0 0 0 0 0 1 0 1 0 0 0 0 0 0 0 1 0 0 0 0 1 0 1 0 0 0 0 1 1 1 0 1 1 0 0 1 1 0 0 1 0 0 0 0 1 0 0 1 0 0 1 1 0 0 1 
1 0 1 0 1 0 0 1 1 0 1 0 1 1 1 0 1 1 0 0 0 1 0 0 1 0 1 1 0 0 0 1 0 0 1 0 0 1 1 0 1 0 0 0 1 1 1 0 1 1 0 1 0 0 1 0 
0 1 1 1 1 1 0 1 1 0 1 0 1 0 0 1 0 0 1 1 0 0 0 1 0 0 0 0 1 0 0 1 1 1 0 0 1 1 1 0 1 1 0 0 1 0 1 0 1 1 1 1 1 1 0 1 
0 0 0 1 0 0 0 1 0 1 1 1 0 1 1 1 0 0 1 1 0 1 1 1 0 1 0 1 0 0 1 0 1 1 1 1 1 0 1 1 1 0 0 1 1 0 0 1 0 1 1 0 0 0 0 0 
1 0 0 0 1 1 0 0 0 0 1 1 0 0 1 1 1 1 0 0 1 0 0 1 1 1 0 0 1 0 0 1 0 0 1 1 1 1 1 1 1 1 1 1 1 0 0 0 1 0 1 1 0 1 0 0 
