41 67 2583
92 82 85 10 87 5 87 57 31 85 29 91 42 65 68 97 30 85 10 6 99 52 45 15 38 88 28 25 49 1 21 92 34 57 53 21 62 40 29 44 24 9 34 17 74 1 66 55 86 27 60 36 78 5 3 15 44 30 92 44 82 64 35 15 20 87 35 
33 78 15 76 54 24 9 22 97 62 87 51 99 14 63 86 43 19 88 10 62 69 1 5 50 64 91 65 83 29 51 16 7 66 43 60 89 4 81 37 65 20 87 15 85 49 100 27 19 40 36 80 8 88 36 58 51 26 74 86 55 24 53 13 41 95 72 
29 98 4 17 14 75 4 80 59 4 80 38 23 71 25 54 78 13 90 87 15 15 60 100 21 36 4 33 76 51 4 57 100 60 73 66 86 76 45 45 32 76 82 6 46 6 59 76 70 48 62 85 15 74 36 35 9 92 68 84 42 23 40 93 34 13 58 
20 40 3 64 23 30 97 28 76 54 87 51 76 86 64 60 52 37 47 87 45 38 6 81 31 28 72 24 14 84 33 33 76 35 48 98 17 96 26 92 49 64 94 24 1 57 35 53 94 82 91 90 71 48 22 2 27 94 77 40 29 9 72 4 96 71 2 
12 66 79 3 67 94 48 42 94 4 29 98 49 62 40 91 32 87 12 85 14 5 61 53 86 22 77 89 17 99 42 28 17 72 82 83 65 29 76 11 84 56 8 33 17 100 75 1 86 86 85 51 43 98 4 28 19 32 16 35 82 10 14 98 81 47 32 
98 27 60 8 62 15 67 94 32 66 20 32 4 6 68 54 48 65 9 27 83 40 42 69 74 3 82 71 84 80 55 81 6 14 40 68 28 6 13 59 72 85 42 75 90 10 80 89 74 89 15 57 80 8 77 53 11 59 76 46 90 30 78 48 43 69 67 
70 74 31 81 97 15 74 23 4 83 3 44 9 43 58 17 22 18 93 75 80 3 2 77 93 31 6 92 25 74 58 94 99 88 26 48 3 52 70 58 34 24 54 94 66 63 10 40 80 55 66 11 9 67 87 53 49 92 44 73 17 1 18 16 41 44 63 
95 47 84 52 32 60 57 26 77 20 87 16 99 93 33 10 2 99 48 54 47 92 98 71 8 50 89 75 90 84 89 36 30 25 40 61 84 96 86 12 15 25 28 14 17 12 75 18 63 22 72 61 13 21 32 73 70 20 47 12 3 36 47 32 60 86 44 
95 82 30 6 96 6 85 61 22 97 35 92 59 9 15 19 73 35 2 45 56 21 92 19 75 79 66 58 90 3 2 84 36 83 41 84 88 26 44 9 74 31 100 32 91 14 2 63 100 4 8 8 76 51 26 51 81 43 8 70 46 61 5 33 43 45 16 
30 22 12 91 95 94 42 26 84 8 80 46 7 35 5 14 10 7 40 12 39 34 72 60 79 32 64 64 75 61 79 4 82 90 94 77 83 88 54 18 95 33 16 1 19 72 67 29 31 58 92 69 91 63 29 22 95 44 85 69 56 15 24 38 5 70 66 
39 57 19 9 51 4 24 3 22 95 21 2 25 78 94 46 21 56 74 42 2 69 78 22 77 92 46 14 48 15 31 87 23 1 95 73 4 70 27 78 64 48 79 41 77 72 86 97 80 11 38 81 31 15 3 7 59 100 72 6 66 2 92 88 3 38 12 
58 59 90 35 23 37 66 15 14 89 52 10 68 62 100 1 92 66 55 51 24 6 22 30 71 76 73 10 30 63 21 87 21 62 22 95 99 87 9 64 75 60 25 95 73 24 47 17 42 53 67 65 58 40 46 28 67 19 89 96 33 61 83 5 22 56 100 
20 94 60 35 20 72 60 66 96 35 12 12 76 64 30 41 73 22 38 100 88 8 40 84 40 100 18 45 22 73 96 93 18 55 28 37 78 39 55 74 73 66 85 49 82 67 41 54 88 78 6 27 86 45 62 77 97 79 21 18 3 68 62 72 23 89 9 
52 79 15 25 52 80 62 100 13 28 40 19 67 69 24 45 54 20 7 31 16 85 3 85 40 71 47 11 45 87 71 96 66 85 21 17 17 34 68 29 13 7 47 79 75 22 75 81 94 81 63 9 18 65 46 9 87 92 19 31 30 42 79 95 26 51 63 
94 84 30 23 96 88 21 26 15 95 100 95 88 33 57 48 50 73 93 10 60 36 28 42 18 69 72 12 47 22 27 40 5 8 14 52 48 87 29 62 81 81 8 20 65 16 67 66 40 12 75 51 99 2 93 16 23 64 80 69 38 6 60 94 65 74 46 
12 60 26 25 92 58 32 11 22 99 29 87 39 40 61 89 39 63 33 54 37 49 33 5 86 90 16 79 55 89 76 18 100 54 43 43 11 74 53 33 25 34 19 63 73 80 3 63 94 88 17 30 36 1 86 73 43 1 51 97 42 79 14 93 32 8 36 
94 34 40 26 58 73 97 72 98 76 26 60 21 13 28 2 48 81 87 20 23 39 23 71 32 53 36 25 36 44 12 29 77 3 7 86 28 3 57 25 30 82 36 50 95 64 51 94 96 89 66 18 27 40 40 11 92 75 35 79 70 98 7 98 52 13 83 
79 15 91 55 44 73 91 45 19 6 95 64 53 35 81 22 62 20 61 72 63 87 58 41 57 7 48 54 10 12 89 41 79 79 95 74 3 37 19 21 94 65 37 46 100 17 67 13 37 79 36 51 66 45 92 22 51 91 27 60 2 67 100 32 46 47 6 
48 35 24 21 29 40 57 26 39 25 93 3 13 23 38 64 88 82 55 61 32 97 40 44 50 6 95 82 51 93 87 51 28 62 71 56 1 79 33 92 55 77 94 68 100 32 31 87 13 37 100 97 33 39 92 82 44 38 15 47 31 53 49 10 14 71 17 
15 49 49 58 3 26 51 22 25 34 52 63 47 40 62 95 72 52 38 6 48 75 72 46 57 25 94 18 38 64 34 4 64 35 61 18 60 64 40 36 97 43 50 43 83 64 89 54 15 26 11 14 53 83 59 61 7 52 79 96 15 64 100 78 98 12 48 
9 75 87 44 72 29 94 66 11 9 7 17 23 84 27 37 36 61 95 49 67 99 79 63 65 42 14 95 40 25 42 100 52 28 44 23 56 89 40 19 49 46 35 71 30 13 59 17 74 6 65 92 4 43 6 68 37 19 62 28 96 3 27 47 82 22 21 
90 62 60 8 10 58 94 33 39 6 91 55 31 96 72 75 51 66 80 71 2 51 84 29 98 39 8 96 20 29 16 9 43 27 68 52 36 61 84 74 19 27 29 1 74 100 75 25 65 7 47 19 57 30 47 6 68 6 1 88 35 16 48 29 94 16 80 
30 28 16 3 98 94 83 99 67 34 25 91 99 31 37 69 39 19 67 44 86 73 44 25 59 11 25 87 57 40 18 38 19 85 40 17 78 23 67 45 8 91 87 6 22 76 26 12 94 93 56 31 65 51 56 75 14 80 61 70 71 30 7 41 15 98 9 
92 72 75 88 80 66 75 37 39 50 63 50 95 55 57 25 71 8 32 45 73 63 57 94 85 86 100 26 52 49 34 44 21 9 83 52 26 57 88 64 58 2 65 4 8 22 29 30 81 12 74 53 75 82 46 59 68 97 36 19 45 70 14 17 30 97 20 
7 5 60 22 63 61 86 66 21 59 46 50 39 58 76 43 84 57 40 94 24 36 30 95 33 51 60 1 80 56 21 38 61 80 59 75 92 96 92 64 55 90 14 45 47 89 88 82 45 27 75 21 15 4 15 47 6 26 99 37 82 19 74 94 50 32 20 
94 28 63 57 34 52 22 78 50 10 17 31 7 44 58 79 10 13 93 8 19 18 6 55 51 77 29 96 78 12 15 23 39 78 80 24 81 53 2 31 15 18 13 21 13 70 99 22 83 43 29 1 12 87 7 15 63 87 10 92 99 77 15 89 6 46 13 
86 98 14 68 12 83 81 84 96 2 82 17 84 76 98 36 40 84 43 54 98 29 15 89 79 91 3 68 48 48 80 86 98 45 53 9 27 85 93 22 87 26 91 70 2 40 58 41 23 100 46 72 80 60 60 59 3 15 78 50 14 9 35 11 53 40 20 
31 24 64 53 10 89 95 80 42 34 89 82 8 88 79 79 19 39 90 29 41 4 6 42 70 14 29 80 18 68 51 49 91 14 53 53 55 99 84 96 32 72 78 91 59 8 69 29 46 10 10 38 66 15 80 35 81 60 14 50 27 17 50 69 82 54 21 
36 52 4 32 35 75 61 25 85 68 45 66 14 55 75 3 20 41 34 54 21 93 19 23 71 87 72 40 69 26 12 4 77 68 35 64 42 95 88 79 15 33 44 28 39 18 82 58 58 16 63 31 60 33 5 31 20 76 22 88 53 33 91 82 100 26 45 
94 72 32 72 86 16 67 65 6 36 47 63 45 14 77 27 73 10 31 3 29 7 76 68 11 61 58 92 60 35 36 5 59 20 28 96 87 46 61 93 81 59 7 26 72 36 52 96 45 35 51 25 93 26 92 3 86 1 95 98 36 82 2 46 53 82 41 
40 27 1 84 8 11 42 85 34 77 88 30 73 22 32 97 14 57 40 17 95 41 63 92 28 96 45 25 49 26 65 88 5 18 23 64 28 64 48 62 93 35 43 65 9 74 14 22 82 53 90 76 45 4 19 24 100 64 48 48 41 13 87 45 82 9 8 
9 24 7 22 16 94 64 81 2 89 46 75 71 98 65 98 95 68 17 70 19 80 70 66 72 34 4 69 15 64 28 23 88 35 97 55 28 60 87 29 1 32 3 23 82 19 20 28 39 36 97 57 67 18 75 39 51 78 7 17 94 34 40 33 20 36 87 
47 47 26 27 99 57 30 21 90 100 41 17 38 76 66 95 95 83 21 33 86 50 91 2 43 76 93 75 96 80 14 94 79 39 21 77 47 2 98 37 1 90 53 39 17 70 85 11 53 5 95 90 54 85 91 97 13 36 23 8 15 36 53 93 26 73 22 
73 74 71 9 75 60 61 65 28 83 49 39 35 5 85 76 58 22 66 6 34 1 29 93 68 16 45 12 42 70 33 14 43 3 74 69 14 86 33 42 68 33 32 2 37 16 29 47 37 95 52 70 47 32 14 66 100 59 78 41 28 10 6 22 65 79 91 
78 16 75 19 84 60 2 37 96 18 66 42 54 12 46 76 58 29 89 76 28 99 53 20 78 62 77 52 26 7 94 56 23 68 26 6 79 28 42 75 45 7 68 50 18 65 25 28 94 66 3 73 16 7 45 94 68 21 97 46 28 90 1 50 9 26 7 
88 53 48 14 49 7 81 99 76 98 75 55 43 92 9 15 8 15 59 53 83 32 49 80 59 38 32 60 46 9 66 85 14 65 98 62 23 79 12 99 28 87 53 70 78 62 36 85 76 95 89 10 78 37 41 88 26 72 47 24 81 64 8 94 80 6 7 
3 36 19 1 63 5 5 84 34 18 19 71 46 65 59 7 42 48 48 29 73 19 27 48 51 42 8 44 22 65 51 24 100 69 76 14 25 32 49 58 2 67 28 47 32 39 53 25 86 100 6 10 71 32 58 21 26 17 17 47 81 19 22 32 87 49 45 
63 32 45 20 33 11 100 79 94 38 84 71 75 83 76 84 5 59 93 78 84 9 94 82 89 12 3 20 50 3 16 12 35 60 83 67 23 34 98 68 23 81 38 97 63 13 33 20 24 25 97 7 34 90 41 74 53 95 46 2 98 13 65 84 73 99 50 
47 33 47 14 7 27 4 4 42 68 36 13 91 60 9 50 45 50 90 71 2 84 16 55 33 28 19 16 52 69 18 50 53 16 64 60 95 67 63 88 86 50 100 77 9 8 26 6 9 67 28 10 50 43 16 35 22 86 50 26 54 19 75 7 35 90 66 
29 56 80 16 94 29 67 70 89 74 47 46 34 13 73 95 14 67 10 48 89 95 50 14 100 68 88 6 2 78 23 30 85 54 97 78 82 63 99 23 88 45 68 21 57 41 15 71 7 76 70 47 70 19 60 70 87 100 27 88 29 2 70 65 55 18 95 
37 33 93 59 20 90 78 93 98 18 59 20 77 35 90 23 56 8 35 77 94 34 4 34 14 5 55 30 59 72 24 47 4 69 57 76 10 35 20 7 4 30 27 80 16 16 3 72 75 37 48 69 22 3 54 87 59 8 16 70 31 92 68 87 60 25 14 
0 0 0 0 1 1 0 1 1 1 1 0 0 1 1 0 0 0 1 0 0 0 1 1 0 0 1 0 1 1 1 1 1 1 0 0 1 0 1 0 0 0 0 0 1 1 0 1 1 1 1 0 1 1 1 1 1 0 0 1 1 1 0 0 1 0 1 
0 1 0 0 1 1 0 1 0 1 1 0 1 0 1 1 1 0 0 0 0 1 0 1 0 0 1 1 1 0 0 1 1 0 1 0 1 1 1 0 0 0 0 1 0 1 0 1 0 1 1 0 0 0 1 0 0 0 1 1 0 1 0 1 0 1 1 
1 0 0 1 0 0 1 0 0 1 0 1 1 1 1 1 1 1 0 0 1 0 1 0 1 1 0 0 1 1 0 0 1 0 0 1 1 1 1 1 0 0 1 1 1 0 0 1 1 0 1 0 1 0 0 0 1 0 0 0 1 0 1 0 1 1 1 
0 0 1 1 1 1 0 0 0 0 1 1 1 1 0 1 0 1 1 0 0 1 1 1 0 1 0 0 0 1 0 0 1 1 0 0 0 0 1 0 1 0 0 0 1 0 0 0 1 1 0 0 1 1 1 1 1 1 0 1 0 0 0 1 1 0 0 
1 0 1 1 1 1 1 0 0 0 0 0 1 1 1 1 0 0 0 0 1 1 0 1 1 0 1 1 1 1 1 0 1 0 1 1 1 1 1 1 1 1 0 0 0 1 0 1 1 0 1 1 0 1 0 1 1 1 0 0 0 1 0 1 1 1 0 
0 0 1 0 1 0 0 0 1 1 0 0 0 0 1 1 0 0 1 0 1 0 0 1 0 0 1 0 1 0 0 0 1 0 0 0 0 0 0 1 1 0 1 1 1 0 1 1 0 0 1 1 1 0 0 1 0 1 1 1 0 0 1 1 0 1 1 
0 1 0 0 0 0 1 0 1 0 1 1 0 1 0 0 0 0 0 0 0 0 1 0 0 1 1 1 1 1 0 0 0 0 0 1 1 1 1 0 1 0 1 0 1 0 0 0 0 0 0 1 0 1 1 0 1 0 1 0 1 0 0 0 0 0 1 
1 0 0 0 1 0 1 1 1 1 1 1 0 0 1 1 0 1 0 1 0 0 0 0 0 0 1 0 1 1 1 0 1 1 0 1 1 0 0 0 1 0 0 1 0 1 0 0 0 0 1 0 1 0 1 1 0 0 1 1 1 0 0 1 1 0 0 
0 0 0 0 0 0 0 1 0 0 0 1 0 0 0 1 1 0 0 0 1 0 1 0 1 1 0 0 0 1 0 0 1 1 1 1 1 1 1 0 1 1 1 0 1 1 1 1 0 1 1 1 1 1 1 0 0 0 1 1 1 1 1 0 0 0 0 
0 0 1 0 1 0 1 1 1 0 0 0 0 1 0 1 0 1 1 1 1 1 0 0 0 1 0 0 0 0 0 0 0 1 0 0 1 1 1 1 1 0 1 0 1 1 1 0 0 0 1 0 1 1 0 1 0 0 0 0 1 0 0 1 0 0 1 
1 1 1 0 1 1 0 1 0 1 0 0 0 1 1 0 0 0 0 0 1 1 0 1 0 0 0 1 0 0 1 0 0 0 0 1 1 0 0 1 0 0 0 0 1 1 0 0 0 0 0 1 1 0 0 1 0 0 1 1 1 0 1 1 0 1 0 
1 0 0 0 0 0 0 0 0 0 0 0 0 0 0 1 0 0 1 1 0 0 0 1 1 0 0 0 0 0 0 1 0 0 0 0 0 0 0 0 0 0 0 0 0 0 1 0 0 1 0 1 1 0 0 0 1 1 0 1 1 0 1 1 0 1 1 
0 1 1 1 0 1 1 0 1 0 0 0 0 1 0 1 0 0 0 0 1 1 0 1 0 0 0 1 0 1 0 0 0 1 1 0 0 1 1 1 1 1 1 1 0 1 1 0 0 1 0 1 0 0 0 0 0 0 1 0 1 1 0 0 0 0 0 
0 1 1 1 0 0 1 1 0 0 0 0 0 1 0 0 1 0 0 1 0 1 0 0 0 1 1 0 1 1 1 1 0 0 1 0 1 0 1 1 0 0 0 1 1 0 1 1 1 1 0 1 0 1 0 1 0 1 1 0 0 0 1 0 1 0 0 
0 0 1 1 1 1 1 0 1 0 1 0 1 0 0 0 1 1 0 0 0 1 1 0 1 0 1 1 1 0 1 1 0 1 0 1 0 0 1 1 0 0 1 1 1 0 1 0 1 0 0 1 1 1 1 1 1 1 0 0 1 0 1 1 1 0 1 
1 0 0 1 0 1 0 1 0 0 0 0 0 0 0 1 0 1 1 1 1 0 1 1 1 1 1 0 0 1 1 0 1 0 1 1 1 1 0 1 0 0 1 0 1 1 1 1 0 0 0 1 0 1 1 1 1 0 0 1 1 1 1 0 1 0 1 
0 0 1 1 0 1 0 0 0 1 1 1 0 0 1 1 0 1 0 0 0 0 0 1 1 1 1 1 1 1 0 1 1 1 1 1 1 1 1 1 1 1 1 1 1 0 0 1 1 1 1 1 1 1 1 1 1 0 0 0 1 1 1 1 0 0 0 
1 0 0 1 1 1 0 0 0 0 0 1 0 1 1 1 1 0 0 0 1 0 0 1 0 1 1 1 0 1 1 1 1 1 0 0 0 0 0 0 1 1 0 1 0 1 0 1 1 1 1 1 1 0 0 1 1 1 0 1 1 0 1 0 1 1 1 
0 0 1 0 1 0 0 0 1 1 0 0 1 1 0 0 1 0 0 0 1 0 1 1 1 1 0 1 0 1 0 0 1 0 1 0 0 1 0 1 1 1 0 0 0 0 0 1 0 0 0 1 0 1 0 1 0 0 1 0 0 1 1 1 1 0 0 
0 1 0 1 0 1 1 0 0 1 0 1 1 1 1 1 1 0 1 1 0 0 0 1 0 1 0 1 1 0 1 1 1 0 0 0 1 0 0 1 1 1 1 1 0 0 0 1 1 1 0 1 1 0 0 1 0 0 1 1 0 0 0 0 0 0 0 
0 0 0 1 0 1 0 1 1 1 1 1 0 0 1 1 0 0 0 1 0 0 0 1 1 1 1 1 1 1 1 1 0 1 1 0 1 1 1 0 0 0 1 0 0 1 0 0 1 0 0 1 0 0 0 1 1 1 0 1 0 1 0 0 1 1 0 
0 1 1 0 1 1 0 0 0 1 0 0 0 0 0 1 0 1 1 0 0 0 0 1 0 0 0 1 1 1 1 1 0 1 1 0 0 1 0 0 0 0 1 0 0 1 1 0 0 0 0 1 0 1 0 1 1 0 0 0 0 1 1 0 0 0 0 
1 0 0 1 0 0 0 1 0 0 0 1 0 1 1 1 1 0 0 0 1 0 0 1 0 0 0 1 0 1 1 1 1 0 1 1 0 1 0 1 1 1 0 0 0 1 1 1 0 1 0 1 0 0 1 0 0 1 1 1 0 1 0 1 1 1 1 
1 1 1 0 0 0 0 0 0 0 0 0 0 1 0 1 1 0 0 0 1 0 1 0 0 0 0 0 1 0 1 1 1 0 1 1 1 0 0 1 0 0 1 0 1 1 1 1 0 0 1 1 0 0 1 0 1 1 0 0 1 1 1 0 0 1 0 
1 1 0 0 1 0 0 1 1 1 0 0 1 0 1 0 0 0 1 1 1 1 1 1 0 1 1 1 1 0 1 0 1 1 0 0 1 0 1 0 0 1 1 1 0 0 0 0 0 1 1 1 0 1 1 1 0 0 0 1 0 1 1 1 0 1 1 
1 0 0 1 0 1 0 1 1 1 1 0 1 1 1 1 1 0 0 0 0 0 0 1 0 1 0 1 1 0 0 0 0 0 0 0 1 0 1 1 1 1 1 1 0 0 0 1 1 0 0 1 0 0 1 0 0 1 1 1 1 1 0 1 1 0 1 
0 0 1 1 0 0 0 1 0 1 1 1 0 1 1 1 1 0 0 1 0 0 0 1 1 1 1 1 0 1 0 0 0 1 0 0 1 0 1 1 1 0 1 1 1 0 1 0 0 1 1 0 1 1 0 1 0 1 0 0 1 0 0 1 0 0 1 
1 1 0 1 0 0 0 0 1 0 1 1 1 0 0 1 0 1 1 1 1 1 1 1 0 1 1 1 1 0 0 1 1 0 0 1 0 0 1 1 0 0 0 1 1 0 1 1 1 0 0 0 1 1 1 1 0 0 0 0 0 0 1 1 0 1 1 
0 1 0 1 1 1 1 1 0 1 0 1 0 0 1 0 0 0 1 1 0 0 0 0 0 0 1 0 1 0 1 1 1 1 1 1 0 0 0 0 0 0 1 0 0 0 1 0 0 0 0 1 0 0 1 1 0 1 1 1 1 0 1 1 1 0 0 
0 0 0 0 0 0 0 1 0 0 0 1 1 0 1 0 1 1 1 0 1 0 1 1 0 1 0 1 0 0 1 0 0 1 1 1 1 1 0 1 1 0 0 0 0 1 0 1 0 0 1 0 0 0 1 0 1 1 1 0 1 0 0 1 1 1 0 
0 0 0 0 0 0 0 0 1 0 1 0 0 1 0 0 1 0 1 0 0 0 1 0 1 0 0 1 1 0 1 0 0 0 0 0 0 0 1 1 0 0 0 1 1 0 1 0 0 1 0 0 1 0 0 1 0 1 0 1 1 1 1 1 1 1 0 
0 0 1 1 0 1 1 1 0 1 1 0 0 0 1 0 1 1 1 0 1 0 0 0 1 0 0 0 1 1 0 1 1 1 1 0 0 0 1 0 0 0 1 0 0 0 0 0 1 1 0 0 1 1 0 0 1 0 1 0 0 1 0 1 1 1 1 
1 1 1 0 1 1 1 1 0 1 0 0 0 1 0 0 1 1 0 1 0 1 0 1 1 0 1 0 1 0 0 0 1 1 0 1 0 1 0 0 0 0 0 0 0 1 0 1 0 1 0 1 0 1 0 1 1 1 1 0 1 1 0 0 0 1 1 
1 0 0 1 1 0 0 1 0 1 0 1 1 1 0 0 1 1 0 0 0 1 1 0 0 1 0 1 1 1 0 0 0 0 0 1 1 0 0 1 1 0 1 0 1 1 1 0 0 1 0 0 1 0 0 1 1 0 0 0 0 1 1 0 1 1 1 
0 1 1 0 0 0 1 0 1 0 1 0 0 1 0 0 0 0 0 1 1 0 0 0 0 1 1 0 0 0 1 1 1 1 1 1 1 0 1 0 0 1 0 0 0 1 0 0 1 0 1 1 0 1 1 1 0 0 1 1 0 1 0 1 0 1 0 
1 1 1 1 1 0 0 1 0 1 1 0 0 1 0 1 1 1 0 0 0 0 0 1 0 1 1 1 1 0 1 0 1 1 1 0 1 1 1 0 0 0 0 1 1 0 0 0 0 1 1 0 1 1 1 0 0 0 1 1 0 1 1 1 0 0 1 
1 0 0 1 0 0 0 1 1 0 0 1 0 1 0 0 0 1 1 0 1 1 0 0 1 1 1 0 1 0 1 0 0 1 0 0 1 0 0 0 0 0 0 1 1 0 1 1 0 1 0 1 0 0 0 0 1 1 0 0 1 0 0 1 1 0 0 
1 0 0 1 1 0 1 0 1 0 1 0 0 0 0 1 1 0 1 1 1 1 1 1 0 1 0 0 1 0 0 0 1 0 1 0 0 1 0 1 1 1 1 1 0 0 0 1 0 0 0 0 1 1 1 1 1 1 1 0 0 1 0 1 1 1 1 
1 0 1 0 1 0 0 0 0 0 1 1 0 1 1 0 0 1 0 1 0 1 1 0 1 0 0 0 0 1 1 1 0 0 0 1 1 0 0 1 0 1 1 0 0 0 1 0 1 1 1 1 0 0 1 0 1 1 0 1 1 0 0 1 0 0 0 
1 0 0 1 0 1 0 1 1 0 0 1 0 1 1 1 1 1 1 1 0 0 0 1 1 0 0 0 0 0 1 0 1 1 1 1 1 1 0 0 1 0 0 1 1 1 1 1 0 0 0 1 0 0 0 0 0 0 0 1 1 1 1 0 1 0 1 
0 1 0 0 0 0 0 0 0 1 1 1 0 1 1 1 1 0 1 1 0 0 0 1 1 1 0 1 0 0 0 0 1 0 1 0 1 1 0 1 1 1 0 1 0 1 0 1 1 1 1 0 1 1 1 0 0 0 1 1 0 0 1 0 0 0 0 
