50 59 1594
46 85 48 9 14 43 72 5 34 82 18 65 41 46 45 99 43 23 55 94 71 12 83 27 99 54 26 90 62 5 33 8 89 33 68 55 75 91 59 60 25 28 76 65 73 20 15 15 43 69 60 13 32 43 91 30 48 17 71 
9 73 3 68 14 87 88 68 13 78 78 73 54 57 48 18 81 20 84 48 62 52 7 26 35 49 68 16 48 36 86 57 9 41 76 74 27 63 93 92 93 22 64 46 78 63 16 58 34 99 5 47 51 12 24 37 12 92 53 
12 27 38 68 87 30 43 12 57 58 4 100 50 25 15 95 2 77 10 12 63 61 16 9 63 79 33 99 43 76 51 54 54 41 73 41 70 67 4 78 24 8 77 73 84 91 20 38 20 81 49 82 41 16 42 3 47 74 54 
89 1 4 94 55 44 18 95 14 84 50 91 8 57 20 32 93 10 3 30 81 36 78 14 76 45 56 31 91 81 84 31 82 39 24 36 83 93 82 48 77 31 90 36 40 9 19 32 71 22 61 3 57 90 17 84 86 24 66 
77 4 49 7 37 88 83 24 22 75 5 69 3 88 10 38 27 19 57 10 41 30 22 43 38 11 11 21 96 34 87 24 90 87 83 78 26 17 2 47 43 6 67 46 45 77 35 71 95 43 32 87 72 53 81 9 63 44 82 
11 29 20 86 18 6 68 48 32 84 49 30 27 6 97 24 51 73 58 73 19 1 5 5 24 57 37 85 72 80 66 34 9 85 19 78 42 87 25 73 22 73 3 100 79 51 23 81 23 33 53 41 85 57 97 8 66 33 92 
37 65 57 70 73 93 88 2 35 26 27 59 100 51 13 51 81 63 74 61 85 58 14 77 42 22 73 49 39 58 93 75 22 49 96 46 94 84 47 80 61 25 38 12 76 3 63 56 17 88 17 54 45 82 30 38 55 55 38 
94 64 30 68 85 31 64 82 24 99 28 3 11 53 92 23 80 46 37 35 63 24 51 16 20 84 45 57 39 51 94 84 14 24 51 50 54 66 31 29 16 11 83 79 15 26 53 94 72 89 80 34 12 83 49 83 66 45 39 
56 48 84 39 61 7 90 63 12 7 93 40 75 55 74 53 21 100 5 66 71 45 46 56 8 28 4 90 93 100 28 1 47 11 39 60 70 80 22 81 87 66 73 13 21 46 65 93 97 21 59 19 65 56 74 72 83 29 13 
27 29 40 27 27 2 66 86 23 45 7 56 83 73 28 47 45 25 11 37 74 83 47 92 99 2 66 22 84 94 34 63 74 25 41 1 79 6 86 1 3 45 56 37 69 35 84 13 12 46 1 85 81 48 28 79 1 93 1 
37 39 34 99 12 11 91 64 89 97 2 89 51 46 97 39 14 31 74 78 94 72 30 30 52 29 58 30 30 50 82 66 40 68 16 4 78 6 67 66 54 68 6 56 65 2 47 30 85 20 7 78 91 89 60 94 17 17 76 
46 18 57 63 58 24 78 61 53 36 27 18 41 47 76 97 11 77 43 41 13 14 99 43 57 87 2 50 4 18 25 1 87 34 64 44 57 93 56 62 28 35 79 21 81 6 17 91 35 11 83 47 24 82 89 32 20 42 82 
23 59 58 24 98 91 39 41 100 31 97 61 11 83 91 31 63 97 99 5 31 9 88 77 84 21 18 16 40 59 49 15 70 6 90 67 97 28 59 48 10 7 8 72 89 98 2 3 46 52 8 76 60 47 5 96 19 74 63 
10 84 11 24 5 68 65 23 16 92 82 63 54 40 70 25 81 20 27 83 65 30 42 41 42 40 97 37 58 70 51 20 53 61 95 10 80 60 32 96 3 65 58 56 5 80 81 85 99 59 19 15 88 13 55 29 52 3 17 
62 24 67 81 29 79 75 38 59 86 69 54 89 34 63 44 90 94 76 26 92 34 44 7 74 56 13 2 60 68 19 21 91 85 53 19 16 79 56 74 65 77 79 5 10 93 48 51 87 76 76 30 9 71 36 82 79 1 36 
38 68 54 10 10 90 62 29 57 92 36 30 56 12 60 60 73 53 60 23 91 35 98 20 95 21 56 29 99 8 64 88 27 69 97 36 10 10 64 67 1 100 96 57 63 8 68 36 12 79 58 2 65 8 21 60 80 76 88 
78 35 3 65 61 71 13 97 80 22 12 46 22 63 94 30 26 1 98 61 12 28 70 13 93 29 33 52 8 61 91 37 95 93 53 8 63 65 56 42 86 67 40 8 82 33 89 7 85 86 19 96 14 40 60 6 21 44 9 
80 4 99 17 51 43 69 10 5 86 65 98 23 31 37 30 64 21 19 70 5 56 40 52 21 80 11 78 52 55 38 31 10 88 47 12 30 68 21 34 5 85 84 27 68 20 9 31 93 79 53 97 34 92 49 7 23 59 36 
74 65 74 5 75 61 3 86 91 22 7 76 26 43 59 53 10 31 61 93 23 39 45 71 24 88 19 30 11 30 66 36 94 91 40 20 51 95 6 93 16 64 69 42 58 79 94 68 61 6 60 83 44 56 54 67 43 24 49 
5 53 66 41 99 56 80 18 58 74 75 51 42 90 19 83 48 49 28 67 10 33 78 44 28 33 49 46 27 73 94 32 77 11 72 75 66 51 93 24 77 19 26 18 9 44 52 56 44 79 22 53 11 51 97 90 83 45 35 
9 69 29 40 46 39 63 20 57 14 64 32 42 83 57 11 43 52 62 98 95 92 71 48 54 21 96 43 55 40 77 15 61 5 7 6 96 69 77 4 34 41 35 75 75 43 37 17 94 50 14 88 41 36 87 94 8 34 36 
14 26 13 28 86 69 34 91 16 3 67 19 36 59 5 63 33 47 99 49 92 49 14 32 89 1 70 35 8 4 70 73 29 34 1 14 3 86 56 70 88 22 41 76 33 45 38 65 44 88 66 35 88 79 18 77 32 88 63 
91 91 32 64 71 66 64 84 20 49 39 41 89 12 81 16 96 78 53 61 21 92 26 7 80 56 25 8 87 64 70 78 6 1 41 76 18 56 59 89 56 49 30 96 12 62 11 8 39 15 68 11 7 45 18 86 52 94 93 
91 9 62 20 14 14 12 89 84 19 99 24 74 47 5 22 58 67 32 65 57 47 84 68 53 80 37 90 84 30 82 74 90 95 45 3 60 56 91 43 74 89 67 99 87 23 20 44 89 52 61 46 98 96 65 2 76 1 91 
11 82 24 84 71 18 28 25 29 35 15 72 8 55 90 6 41 12 78 36 53 29 96 50 78 44 14 31 19 66 73 29 99 96 64 69 65 43 93 93 77 59 16 36 65 57 93 5 69 70 92 73 50 40 74 27 83 39 9 
1 4 81 81 2 28 96 22 92 38 66 37 66 76 52 1 40 9 45 44 29 15 87 53 64 26 26 43 8 64 51 60 19 84 40 72 11 87 93 55 24 10 91 41 85 94 41 24 54 86 19 34 52 5 86 67 31 11 9 
90 26 12 50 44 47 41 67 57 28 59 63 51 20 53 44 4 47 84 27 52 21 97 86 24 54 71 91 36 34 51 25 11 62 74 55 60 15 21 17 42 32 79 44 51 84 87 7 82 23 85 33 95 82 18 19 35 41 61 
22 74 11 46 84 25 20 90 84 86 63 52 27 46 83 22 48 66 61 54 99 83 39 83 29 72 1 99 58 93 59 79 18 70 24 1 94 95 43 29 80 57 81 58 54 63 32 1 80 92 7 30 26 45 12 54 68 12 53 
25 56 63 55 73 32 78 26 77 25 68 58 56 76 38 66 29 52 49 81 83 40 87 12 65 83 23 70 50 87 74 26 42 37 80 15 68 10 92 97 34 11 54 41 86 43 58 66 46 6 98 28 45 85 39 61 19 13 83 
69 99 56 94 93 92 26 59 12 35 50 60 20 60 13 60 97 7 18 62 52 23 59 79 20 95 69 32 14 81 14 82 32 22 27 76 13 52 34 76 38 35 35 57 94 99 17 90 57 86 3 8 60 13 38 31 8 6 63 
73 39 28 6 22 49 32 97 14 36 82 89 73 16 76 30 61 26 98 2 83 35 56 90 46 68 28 77 27 85 91 99 23 70 56 96 71 40 44 84 75 25 24 99 92 51 80 4 77 29 57 59 15 12 100 61 32 79 89 
10 64 31 61 38 100 16 34 22 55 29 5 81 54 29 80 97 79 11 53 7 40 9 17 54 73 17 66 4 95 6 13 10 36 73 100 88 89 85 9 95 13 66 76 18 46 7 15 76 17 19 83 8 27 99 14 99 67 31 
54 14 37 67 23 24 91 22 11 31 6 72 26 19 37 53 88 34 59 2 9 27 72 91 35 99 42 100 49 8 30 3 21 66 21 44 90 11 17 52 94 75 75 71 45 63 23 32 96 33 86 5 59 57 95 45 7 88 44 
56 96 74 58 16 91 78 11 80 40 80 84 85 54 58 55 98 21 29 81 16 61 66 72 72 75 19 16 81 6 12 36 1 37 45 69 27 74 79 7 66 58 42 50 63 99 5 12 19 85 93 87 98 10 58 69 84 76 36 
65 34 99 52 34 35 97 2 62 70 33 20 35 42 61 85 5 11 41 68 30 77 60 68 74 22 77 94 5 5 30 21 38 80 73 23 15 21 77 28 90 9 47 77 2 59 13 58 69 5 26 50 81 37 69 55 58 46 48 
15 50 29 87 39 9 11 61 75 31 37 2 73 97 100 49 99 58 13 56 78 17 33 28 97 70 96 3 79 93 3 45 42 31 32 80 91 42 93 65 73 29 18 45 26 17 45 76 74 57 31 52 73 64 31 21 85 78 24 
63 71 78 8 12 60 91 44 51 32 88 67 56 16 85 52 93 53 96 68 79 4 51 30 28 66 12 49 50 89 24 64 59 1 23 23 12 65 18 62 97 5 81 4 72 17 56 65 69 3 84 47 7 34 28 34 51 39 34 
52 80 57 68 90 9 90 64 21 7 81 34 3 37 66 58 9 82 13 25 51 68 8 49 74 94 77 59 96 67 93 48 46 1 15 88 10 56 51 82 62 84 67 16 20 33 74 80 14 38 4 16 5 64 65 78 9 41 37 
4 59 81 3 5 81 17 44 42 73 94 75 86 77 42 2 97 74 27 28 39 64 84 55 69 99 71 98 7 11 86 62 69 66 65 25 99 33 68 40 57 14 67 43 90 8 96 38 33 22 66 71 37 1 77 5 99 47 55 
5 9 40 18 30 58 34 6 8 67 74 99 75 39 65 69 28 72 64 18 56 37 35 27 74 35 55 30 33 2 84 89 10 76 58 39 85 92 45 92 10 70 90 84 60 7 5 87 78 68 56 86 57 90 12 30 76 18 11 
8 19 95 48 81 22 6 71 6 97 67 97 58 88 38 93 47 44 97 86 74 17 41 59 73 83 22 54 58 39 64 18 10 10 17 90 31 22 12 36 70 79 84 27 66 74 20 65 69 68 50 42 84 42 52 8 24 73 61 
34 64 77 3 25 86 19 66 69 41 77 4 62 55 40 41 73 65 60 37 33 79 86 27 63 27 78 70 3 3 83 36 18 59 90 42 96 8 7 64 100 83 20 62 90 11 2 62 75 13 98 7 91 35 33 5 13 63 27 
15 65 9 2 82 19 91 75 14 99 81 78 50 15 97 11 4 59 64 65 33 28 14 91 71 48 76 75 13 38 53 27 54 13 81 87 31 71 61 97 21 41 74 71 55 22 33 11 80 49 75 64 76 41 54 98 40 29 73 
52 18 77 31 71 90 11 57 20 81 17 16 54 9 41 76 16 14 60 26 45 8 52 8 36 92 62 33 32 42 57 35 60 34 65 30 75 75 39 94 8 7 62 13 16 2 88 83 68 47 60 12 7 11 20 94 55 33 26 
38 74 35 72 33 20 89 15 94 15 53 39 22 59 100 86 26 54 73 8 73 72 19 84 78 30 3 71 36 35 48 73 9 34 96 93 53 36 7 98 51 59 37 24 18 88 10 95 93 82 3 65 5 21 1 82 2 55 4 
89 90 52 13 50 37 61 94 90 96 1 39 46 11 27 70 28 15 31 23 59 12 77 76 17 49 76 50 3 30 6 91 71 9 4 72 45 16 66 34 11 18 25 57 28 51 78 8 17 8 30 76 71 58 3 39 58 30 41 
60 11 46 3 34 54 58 5 98 73 22 84 83 39 8 91 67 58 68 26 75 27 7 2 50 64 56 88 21 85 28 33 95 73 35 28 78 92 85 76 64 6 11 98 97 18 89 15 27 8 40 53 35 46 54 36 61 9 23 
33 45 3 65 40 27 51 19 5 42 3 32 57 61 42 55 9 11 43 23 37 2 14 90 36 59 95 71 71 4 46 3 100 48 20 39 74 70 10 30 64 12 61 20 24 2 74 32 12 68 6 1 70 19 90 57 29 36 80 
99 91 25 54 91 24 73 29 49 94 38 79 57 2 91 77 77 93 2 9 56 70 14 56 91 85 97 47 13 33 26 64 23 2 69 13 77 93 94 26 86 83 56 43 36 46 71 13 90 72 21 46 93 86 53 83 22 2 30 
87 86 7 50 60 61 70 73 37 62 18 62 99 100 69 41 36 15 63 100 4 35 20 1 79 57 6 62 79 7 43 65 44 1 66 3 61 35 27 98 48 44 11 46 96 80 39 83 46 1 82 49 87 53 2 66 9 7 79 
0 0 0 0 1 0 1 1 1 1 0 0 0 1 0 0 0 1 0 0 0 0 1 1 1 1 0 0 0 0 0 0 0 0 1 1 0 0 0 1 0 0 1 0 0 0 0 0 1 0 1 0 1 0 1 0 0 1 0 
0 1 0 0 1 0 1 0 0 0 0 0 0 1 1 0 1 1 1 1 1 1 0 1 0 1 0 0 1 1 0 1 0 0 1 1 0 1 1 1 1 1 1 1 0 0 1 1 0 0 1 1 0 1 0 0 0 0 1 
1 1 1 0 1 0 0 0 0 1 1 1 0 0 0 1 1 1 0 0 1 1 1 0 1 1 0 1 1 0 0 1 1 0 1 0 0 1 0 0 0 1 0 0 1 0 1 0 1 0 1 0 1 0 0 0 1 0 1 
1 0 0 0 1 0 1 1 0 1 1 0 1 0 0 0 0 1 1 0 0 1 1 1 0 0 1 0 1 0 0 0 0 0 0 0 0 0 1 0 1 1 0 0 1 1 0 1 0 0 0 0 1 1 1 0 1 1 0 
1 1 0 1 1 0 0 1 0 0 1 0 1 0 1 1 1 0 0 1 0 0 1 0 1 0 0 1 0 1 0 1 0 0 0 1 1 0 1 1 0 0 0 1 0 1 1 1 1 1 0 1 1 1 1 0 0 1 0 
0 0 0 1 0 0 1 0 1 0 1 1 0 1 1 0 1 0 1 0 1 0 1 0 1 0 1 1 0 1 1 0 1 1 1 0 0 1 0 1 1 1 0 1 0 1 1 1 1 0 1 0 0 0 0 1 1 0 1 
1 1 0 0 0 0 1 0 0 0 0 1 1 1 0 1 1 1 0 0 1 1 0 1 1 0 0 1 1 0 0 1 1 0 1 1 0 0 0 0 1 0 0 0 0 0 1 1 1 0 0 0 1 0 0 0 0 0 1 
0 0 1 1 1 0 0 0 0 0 0 1 1 1 1 0 1 1 1 0 0 1 0 1 0 0 1 1 1 1 0 1 1 0 0 0 0 0 0 0 0 1 1 0 0 0 0 1 1 1 1 0 1 0 1 1 0 0 0 
1 1 1 0 0 1 0 0 1 0 0 1 1 1 1 1 1 1 1 0 1 0 0 1 1 0 0 1 0 0 1 0 1 0 0 1 1 1 1 0 1 1 0 0 1 1 1 0 0 0 1 1 1 1 0 0 1 0 1 
1 0 1 1 1 1 0 0 1 1 1 1 0 1 1 1 0 0 0 0 1 1 1 0 0 0 1 0 1 1 0 1 0 1 0 1 0 0 0 1 1 1 1 0 0 0 1 0 1 1 1 0 0 0 0 0 1 1 1 
0 1 1 1 1 0 0 0 0 0 0 0 0 0 1 0 0 1 1 1 0 0 0 0 1 0 1 1 1 0 0 0 1 1 1 0 1 1 1 0 0 1 0 0 1 1 0 0 0 1 1 1 1 1 1 0 1 0 0 
1 1 0 1 0 0 0 1 1 0 0 1 0 1 1 0 1 0 0 1 1 1 0 0 0 1 1 1 0 0 1 1 1 1 0 1 1 1 0 1 1 0 0 1 0 0 1 1 0 1 0 1 0 0 1 0 1 1 1 
1 1 0 1 0 0 1 1 1 0 0 0 1 0 1 0 0 1 1 1 1 0 1 1 0 1 0 1 0 1 0 0 0 1 1 0 1 0 0 0 1 0 1 0 0 0 1 1 1 0 0 0 1 0 1 1 1 0 0 
0 1 1 0 0 0 1 0 1 1 0 1 0 0 0 1 1 0 0 0 1 0 0 0 1 0 1 1 0 1 1 0 1 0 0 1 0 1 1 1 0 0 1 1 0 1 0 1 0 0 1 1 0 0 1 0 0 1 1 
0 0 0 0 1 1 0 0 1 1 0 1 0 0 0 1 0 1 1 0 1 1 1 1 1 1 0 1 0 1 0 0 0 1 1 1 0 1 0 1 1 0 0 1 0 0 0 0 0 1 0 1 0 0 0 1 1 1 1 
1 0 1 0 0 0 1 0 0 0 0 0 1 0 0 0 0 1 0 0 1 1 1 0 1 1 1 1 0 0 0 0 0 1 0 1 0 1 1 0 1 1 0 1 1 1 1 1 0 0 1 1 1 0 1 1 1 0 0 
0 0 0 0 1 1 0 0 1 1 1 0 0 0 0 1 1 1 1 0 1 1 1 0 0 0 0 1 1 0 1 1 1 1 1 0 1 1 0 0 0 1 0 1 1 1 0 0 0 1 0 0 0 1 0 1 1 0 0 
1 1 0 0 0 1 0 0 0 1 0 1 0 1 1 1 0 0 1 0 1 1 0 1 1 1 1 0 1 0 1 0 1 1 0 1 0 0 1 1 0 1 0 0 0 1 1 0 0 0 0 1 1 0 0 1 1 1 1 
0 1 0 0 0 1 1 1 0 1 0 1 1 1 1 1 1 0 0 1 0 1 1 1 0 1 1 1 1 1 1 1 0 1 0 1 1 1 0 1 0 1 0 0 0 1 1 0 1 0 1 0 1 1 1 1 0 1 1 
1 0 0 1 0 1 1 1 0 0 0 1 0 1 1 0 1 0 0 1 0 0 1 0 1 0 1 0 0 0 1 0 0 1 1 1 1 0 0 1 0 0 1 0 1 0 1 1 1 1 0 1 1 1 1 0 1 0 0 
0 1 0 0 1 1 1 0 0 1 1 0 1 1 1 1 1 1 0 0 0 1 0 1 0 0 0 0 1 1 1 1 0 1 1 1 0 0 0 1 1 1 1 0 0 0 0 1 1 0 1 0 0 0 1 0 0 0 1 
1 1 0 1 1 1 0 0 1 1 0 0 0 1 1 1 0 1 1 1 1 1 1 1 1 1 0 0 1 0 1 0 1 1 1 0 0 0 1 1 1 1 0 1 1 1 0 1 1 1 0 0 1 1 1 0 0 1 0 
1 0 1 0 1 0 1 0 0 1 1 0 0 0 0 0 1 1 0 0 0 0 1 0 1 0 1 1 1 1 0 0 1 1 0 0 0 0 0 0 1 1 0 0 0 0 0 1 0 0 0 0 0 1 1 1 1 0 1 
0 1 1 1 0 0 1 1 0 1 1 1 1 1 1 1 1 0 1 0 0 1 0 0 0 1 1 1 1 0 0 1 1 1 0 0 0 0 1 0 1 0 1 0 1 1 1 0 1 0 1 1 0 1 1 0 1 1 1 
0 1 0 1 0 1 0 0 1 0 1 0 1 0 1 0 1 0 1 0 1 0 1 0 0 0 0 0 1 1 1 1 0 1 1 0 1 1 1 0 1 0 0 0 0 0 0 0 0 0 0 0 0 1 0 0 1 0 0 
1 1 1 0 1 1 1 0 0 0 1 0 1 1 1 0 0 1 0 0 1 0 0 1 0 1 0 0 0 0 0 1 0 0 0 1 1 1 1 1 0 0 1 1 0 0 1 0 1 0 0 1 0 0 0 1 1 0 1 
1 1 0 1 1 0 1 0 1 0 0 0 0 0 1 0 0 0 1 0 1 1 0 0 0 0 1 1 1 1 0 1 0 0 0 1 0 1 0 1 1 0 1 0 0 1 0 1 1 1 1 0 1 0 1 1 0 0 0 
0 1 0 1 0 1 1 1 1 0 1 1 1 1 0 1 0 1 1 1 0 1 0 1 0 0 0 1 1 0 1 1 1 1 0 1 0 1 1 0 1 0 1 0 0 1 0 0 1 1 1 1 0 1 0 0 0 0 1 
1 0 0 0 0 0 0 1 0 1 0 0 0 1 1 0 1 1 0 1 0 0 0 1 0 1 0 1 1 0 0 0 1 1 0 1 1 0 0 1 1 1 0 1 0 1 0 1 0 0 0 0 0 0 0 1 1 0 0 
1 0 0 1 1 1 0 0 0 0 1 0 0 0 0 1 0 1 1 1 0 0 1 0 0 1 0 1 0 0 1 1 1 0 1 0 1 1 1 0 1 0 0 1 0 0 1 0 1 0 1 1 0 0 0 1 1 0 0 
1 1 0 1 0 0 0 0 1 1 1 1 0 1 1 0 1 1 1 1 1 1 0 0 0 0 0 1 1 1 1 1 0 1 0 0 1 0 0 1 1 0 0 1 1 0 1 1 1 0 0 0 0 1 1 0 1 1 1 
1 0 0 0 0 0 0 0 1 0 1 0 1 1 1 0 0 1 0 1 0 0 0 1 0 1 0 0 0 1 1 1 0 0 1 0 0 1 1 1 1 0 0 0 1 1 1 1 0 1 1 0 1 1 1 0 0 1 0 
0 1 0 0 1 0 1 1 0 1 0 1 0 0 1 1 1 0 0 1 0 1 0 1 0 1 0 0 1 0 1 1 1 1 1 0 1 1 1 1 0 0 0 0 0 0 1 0 0 1 1 1 0 1 0 1 0 0 1 
1 0 0 0 1 1 0 1 0 1 1 1 1 1 0 1 1 0 1 1 0 0 0 1 1 1 1 0 1 0 1 0 0 0 1 0 1 1 1 0 0 0 1 1 1 1 0 1 1 1 0 0 0 1 1 1 0 1 1 
0 1 0 0 1 0 1 1 0 0 1 0 0 1 1 1 1 1 0 0 0 1 0 0 1 1 0 0 0 1 1 0 0 0 0 1 0 0 1 0 0 0 0 1 1 0 0 0 1 0 0 1 0 1 0 1 0 0 0 
0 1 1 0 1 1 1 0 0 1 1 0 1 1 1 0 1 1 1 1 0 1 0 1 1 1 1 1 1 1 1 0 0 0 0 1 0 1 0 0 0 1 0 0 1 1 0 0 0 1 1 0 1 1 0 0 0 1 1 
0 1 0 0 1 1 0 1 1 0 1 1 0 0 1 0 1 1 1 1 1 0 1 0 1 0 0 0 1 1 1 1 0 0 1 0 1 1 1 0 1 0 1 0 0 0 0 0 1 1 1 1 0 0 1 1 1 1 1 
0 0 1 1 1 1 0 1 0 1 0 0 1 0 1 1 0 1 1 0 1 1 0 0 1 0 1 0 1 0 0 1 0 1 0 1 0 0 0 0 0 0 0 1 0 1 0 1 0 1 1 1 0 1 1 1 0 0 0 
1 0 0 1 1 1 1 0 1 0 1 1 0 1 1 1 0 0 1 1 0 0 0 0 1 0 1 0 0 0 0 1 0 0 0 1 1 0 0 0 0 1 1 0 0 0 1 0 0 0 1 1 0 0 1 1 0 0 0 
0 0 0 1 1 1 0 0 0 0 0 1 0 1 0 0 0 1 1 0 1 1 0 0 1 0 1 1 0 0 1 0 0 1 1 1 0 1 0 1 1 0 0 1 0 0 1 0 1 0 0 1 1 0 1 1 0 1 0 
0 1 1 0 1 0 0 1 1 1 1 0 1 1 0 0 1 0 0 1 0 0 0 1 0 0 0 1 1 1 1 1 0 0 0 0 0 0 1 1 1 0 1 0 1 1 1 1 0 1 0 0 1 0 1 1 1 1 0 
0 1 1 1 1 1 1 1 0 1 0 1 1 0 1 1 0 0 0 1 0 1 1 0 1 0 1 0 1 1 1 1 0 0 0 1 0 0 1 0 1 1 1 0 0 0 0 0 1 0 1 1 0 0 0 1 0 1 1 
1 0 0 0 0 1 1 0 1 1 1 1 0 0 0 1 0 1 1 0 0 1 1 1 1 0 1 0 0 1 0 0 1 0 0 0 1 1 0 0 0 1 1 1 1 0 0 0 1 1 0 1 0 0 0 0 0 0 0 
0 1 0 0 0 1 1 0 0 0 0 1 1 1 0 0 1 0 0 1 1 1 1 0 1 1 1 1 1 1 0 0 0 0 0 0 1 1 1 0 0 1 1 1 1 1 1 0 0 1 1 1 0 0 0 1 0 1 1 
1 0 1 1 0 1 0 0 1 1 1 1 1 1 0 0 0 1 1 0 1 0 1 1 0 1 1 0 1 0 1 1 0 0 0 0 1 0 0 0 0 0 1 1 1 1 0 1 1 1 1 0 0 0 1 0 1 0 0 
1 0 1 0 0 1 0 0 1 1 1 1 1 1 1 0 0 0 0 1 1 0 0 0 0 0 1 0 1 0 1 0 0 0 0 1 0 1 1 1 0 0 0 1 1 1 1 1 0 0 0 1 0 0 1 0 0 1 0 
0 1 1 0 1 0 1 0 0 0 0 1 0 0 1 1 0 1 0 1 1 0 0 0 0 0 0 0 1 1 1 1 0 0 1 1 0 0 0 0 0 0 1 0 0 1 1 0 0 0 0 1 0 0 1 1 0 1 1 
1 0 0 0 0 1 0 0 1 0 0 0 1 0 1 1 0 0 1 1 0 1 1 1 1 1 1 0 1 0 0 1 1 0 1 1 1 1 1 1 0 1 1 1 1 0 0 0 1 1 1 1 0 0 1 0 1 0 0 
0 0 0 1 1 1 1 1 0 0 0 1 0 0 0 1 1 1 0 1 0 1 0 1 0 0 0 0 1 0 0 0 1 1 1 0 0 0 1 0 1 0 0 1 0 0 1 1 1 1 1 1 0 1 1 0 0 1 0 
1 0 1 1 1 0 1 1 0 1 1 0 0 1 0 0 1 1 1 0 0 0 1 0 0 1 1 1 1 0 1 0 0 0 0 1 0 1 1 0 0 0 1 1 1 1 1 0 0 0 0 1 0 0 1 0 1 0 1 
