56 55 614
70 26 34 70 96 100 39 97 31 65 88 67 97 84 6 84 3 52 78 57 24 78 69 35 36 21 43 64 26 64 37 95 89 23 17 36 22 55 33 4 71 20 70 67 3 75 2 5 79 79 14 54 9 82 89 
44 55 31 7 80 46 95 26 86 17 42 22 90 96 54 94 18 25 15 84 79 42 85 36 20 16 49 25 24 82 13 19 36 96 25 67 41 71 93 79 88 34 100 29 30 5 22 47 81 37 83 59 78 19 46 
49 86 94 25 61 28 38 79 63 85 3 30 77 74 22 55 13 55 6 41 36 62 15 35 42 51 17 53 80 87 50 80 73 44 4 33 71 93 12 85 77 66 14 6 39 87 60 3 94 18 44 29 79 58 15 
73 60 31 77 91 18 26 70 90 21 25 74 43 18 85 28 46 51 93 51 41 32 63 96 25 80 39 5 10 48 20 34 7 50 10 97 19 88 18 60 8 42 34 3 11 70 30 57 72 22 7 65 5 69 60 
29 100 50 34 10 97 53 43 3 54 5 51 25 44 20 36 3 61 21 5 72 91 34 28 14 8 86 78 12 7 89 93 6 38 26 67 34 30 62 88 35 18 90 59 61 9 47 63 70 67 20 93 9 53 72 
23 12 9 52 76 15 41 68 73 78 45 39 64 74 52 51 8 69 41 19 81 49 17 96 70 83 15 14 92 19 85 14 31 94 17 6 60 57 25 32 87 69 23 50 42 74 52 1 95 92 71 75 93 87 22 
14 70 36 28 13 55 12 78 37 57 94 42 17 3 18 48 89 86 22 90 79 96 41 79 42 85 2 68 77 40 90 90 61 25 17 73 31 81 50 67 37 96 60 53 98 77 53 86 62 74 27 92 21 67 23 
14 51 24 82 79 63 71 21 76 47 89 48 78 69 50 44 58 45 56 62 94 32 66 31 46 92 57 37 12 75 11 26 78 34 59 56 49 29 28 24 75 17 23 4 37 24 100 46 20 55 8 13 38 73 43 
83 64 51 72 28 26 82 5 3 68 15 10 68 43 38 43 69 6 65 25 42 89 24 40 8 78 47 73 67 71 15 2 87 66 73 66 91 6 22 45 25 36 54 92 30 91 34 98 48 51 74 42 39 97 81 
98 26 27 70 93 49 37 94 35 2 18 52 44 75 73 40 100 8 93 43 37 36 77 87 83 27 60 24 17 9 56 66 86 34 88 30 83 24 75 69 77 44 21 72 19 93 11 70 53 55 12 41 90 40 79 
25 18 91 100 86 99 56 4 36 89 91 66 23 14 40 92 90 84 64 13 54 8 23 23 60 77 86 53 19 78 31 43 47 21 42 33 71 49 88 7 38 78 24 12 91 63 3 32 46 18 44 99 26 18 73 
37 46 11 89 64 88 72 58 86 44 100 18 15 100 5 73 89 34 96 1 24 10 55 7 8 73 2 58 98 71 31 86 17 93 75 32 80 98 90 65 41 41 35 55 40 91 79 29 25 26 29 100 36 83 59 
43 7 60 100 56 31 82 42 99 74 68 30 5 65 71 22 5 11 8 12 3 98 90 83 74 16 11 26 3 45 84 97 4 95 96 59 77 30 100 75 55 67 57 60 83 27 81 88 90 40 99 44 37 40 26 
63 7 88 88 9 84 23 5 87 17 53 46 94 34 97 20 88 64 76 99 46 55 31 85 96 70 83 39 7 75 16 21 81 3 8 90 86 82 46 73 98 50 70 43 83 66 63 23 29 90 21 27 96 52 11 
43 21 46 81 79 20 48 51 100 50 10 41 88 91 39 60 41 40 81 83 23 46 97 45 27 87 17 5 34 68 15 77 41 12 9 71 83 57 22 35 6 31 27 93 74 65 4 14 5 84 96 79 82 93 75 
8 31 91 12 64 11 78 92 51 90 1 73 24 57 94 58 14 77 85 59 50 1 62 63 5 98 10 35 79 2 9 38 84 100 49 100 10 78 91 12 19 91 84 43 47 30 100 13 58 84 71 7 85 84 21 
41 81 30 76 11 84 36 48 67 35 48 18 96 26 9 59 44 99 95 86 98 24 38 62 33 73 32 91 57 15 11 50 48 92 77 58 75 12 58 94 99 57 11 94 82 19 5 78 70 99 15 19 74 52 80 
6 77 63 96 85 77 58 34 24 49 10 34 24 74 43 17 72 99 79 17 33 50 21 62 19 19 76 89 44 80 20 49 56 34 96 40 10 53 26 86 2 87 71 77 60 13 45 83 63 23 100 95 72 72 56 
42 43 84 82 86 63 53 35 70 86 82 61 48 35 86 85 88 73 55 64 84 19 8 19 81 82 18 28 54 41 83 47 83 66 29 69 80 81 55 1 19 36 62 66 22 99 50 61 23 4 24 7 74 83 25 
54 65 94 81 70 86 16 16 69 33 96 37 65 77 43 65 47 78 26 12 52 77 61 12 99 16 88 5 89 70 81 94 86 26 27 55 12 94 71 32 26 18 68 90 46 10 7 92 39 84 3 42 60 15 6 
59 82 93 15 70 62 48 16 48 25 94 54 36 87 76 67 12 94 86 54 39 47 60 31 38 43 85 31 3 100 36 13 81 28 27 3 42 74 70 41 99 63 94 86 49 70 5 12 15 42 17 53 89 76 35 
78 71 72 8 25 71 44 37 3 71 63 57 12 89 26 52 39 40 98 24 40 67 28 52 33 70 20 37 10 48 72 87 18 43 94 94 65 89 30 19 60 44 76 23 84 1 75 22 41 72 46 32 90 25 35 
74 46 55 10 7 2 81 93 71 75 39 64 91 79 45 10 38 40 37 13 24 37 87 45 29 10 42 13 51 19 47 24 16 1 33 23 54 66 67 24 92 5 39 35 36 35 96 73 27 32 85 50 20 23 46 
1 84 40 13 86 58 59 61 25 60 46 47 13 63 14 89 54 70 79 40 5 14 35 30 92 66 14 41 86 89 38 86 24 29 98 10 38 56 22 63 67 67 9 80 29 22 20 35 44 98 74 48 63 9 77 
54 26 43 46 11 83 36 96 6 64 45 67 2 1 89 64 67 7 72 98 88 46 69 22 89 67 47 88 81 7 17 87 33 59 84 43 41 19 91 98 83 35 17 84 87 57 99 6 63 22 3 50 19 72 71 
59 90 70 47 22 76 63 8 8 73 92 51 65 10 93 62 44 27 30 79 14 86 77 19 49 51 73 98 69 96 21 28 85 42 26 7 17 88 66 25 12 57 27 76 19 19 89 62 97 19 93 62 4 69 32 
4 19 5 54 40 52 26 67 37 67 92 95 83 31 60 59 42 69 85 69 87 55 9 100 52 27 92 13 83 13 45 38 83 1 91 22 52 68 40 40 34 31 34 69 13 46 27 54 14 64 74 52 18 83 3 
69 61 95 34 43 59 78 33 41 30 23 15 33 91 54 73 76 85 58 96 49 3 23 3 68 38 28 19 55 10 22 76 71 68 9 65 26 38 97 18 67 72 32 99 14 86 23 89 22 81 85 70 35 59 24 
3 96 4 73 2 13 46 77 35 65 85 100 90 22 96 60 40 19 43 91 32 80 13 73 1 45 9 23 80 67 98 34 14 1 58 67 66 4 44 100 68 80 51 10 54 47 21 93 17 63 35 49 43 100 21 
95 44 29 69 75 47 67 60 12 19 18 78 36 73 73 36 92 53 86 53 6 84 73 50 1 36 85 49 30 84 21 24 79 1 93 54 99 11 65 10 81 82 39 17 6 64 52 98 68 89 50 25 73 75 74 
25 10 10 25 39 45 97 14 24 97 58 29 95 20 45 56 1 27 46 69 84 61 72 33 28 60 83 52 84 57 78 60 18 39 84 8 84 80 73 59 28 31 39 74 50 83 81 2 61 27 70 45 39 41 77 
67 53 11 70 36 19 99 96 36 38 31 95 73 11 68 31 38 98 21 64 99 3 44 53 64 22 22 60 61 15 88 27 67 99 48 2 17 47 49 5 36 80 99 8 90 18 90 79 67 10 94 66 64 38 70 
79 59 91 38 19 5 26 97 71 24 97 25 92 43 73 48 30 52 47 37 93 16 78 24 83 39 17 100 2 54 69 81 13 59 70 83 16 95 32 38 70 28 62 14 22 35 61 51 86 59 39 31 75 16 54 
57 6 70 56 59 24 24 39 88 34 61 22 1 55 53 39 77 80 100 90 1 34 50 3 72 9 41 54 83 8 7 91 13 76 98 24 51 73 14 90 6 74 12 59 81 16 97 57 96 96 98 48 82 99 51 
5 59 43 58 93 3 64 83 15 91 80 90 94 4 4 83 10 77 46 68 57 62 16 65 9 11 14 8 44 13 58 48 23 53 5 16 55 20 50 21 11 82 11 56 85 14 38 46 42 36 65 99 49 80 15 
57 43 29 64 86 93 74 34 15 26 90 82 32 10 32 52 72 65 14 27 49 79 64 47 21 51 11 71 99 91 85 55 85 65 71 70 57 44 3 24 21 45 57 52 54 40 55 25 4 21 51 5 99 66 51 
19 17 61 89 67 3 74 22 87 90 44 9 99 87 11 74 59 55 30 62 60 70 68 84 73 88 86 77 87 4 79 5 20 40 46 38 94 71 11 33 60 54 41 58 92 3 31 50 10 61 63 69 82 31 5 
6 18 42 35 56 45 13 61 16 4 58 54 98 28 64 30 87 18 22 97 9 24 27 11 33 39 73 54 72 3 58 78 73 51 12 28 96 24 40 11 28 97 64 77 24 80 6 63 97 79 59 57 2 37 67 
87 76 40 40 47 94 49 76 66 99 87 46 46 11 85 57 90 34 72 66 9 51 23 71 47 1 29 56 54 66 22 40 93 13 31 91 59 31 67 76 30 53 21 75 15 58 83 56 91 55 21 51 5 95 22 
4 95 2 59 49 67 32 40 11 97 71 2 55 1 20 82 82 72 3 9 39 12 43 46 54 97 67 4 54 13 25 57 8 27 67 8 45 50 99 56 46 21 9 52 22 28 34 55 51 88 15 41 99 58 87 
52 6 53 55 11 65 32 67 24 10 85 83 54 35 82 61 80 2 69 84 75 48 17 82 99 4 48 39 2 57 25 5 63 29 59 73 46 42 92 21 51 28 4 5 62 37 17 94 90 38 77 17 85 93 98 
83 48 97 74 49 54 98 53 68 27 63 40 24 5 83 44 55 11 99 11 24 35 80 69 77 17 97 93 1 89 42 36 88 38 9 36 43 6 40 10 84 55 2 59 59 84 3 65 46 1 28 22 88 7 90 
16 23 87 8 75 27 1 10 15 90 18 2 33 76 94 94 11 48 95 70 58 31 72 22 76 24 1 49 63 7 39 78 81 77 37 8 55 37 17 69 79 87 23 63 62 16 56 72 15 3 93 72 33 64 45 
60 40 46 9 2 4 99 80 37 75 16 44 29 5 12 50 35 98 24 49 59 91 4 83 5 58 75 76 90 91 72 50 30 17 58 31 73 56 62 61 82 30 4 62 86 15 11 20 13 86 68 23 76 23 57 
32 81 32 59 22 74 31 71 3 99 80 85 23 35 99 83 68 28 86 30 13 53 92 84 17 78 3 91 5 25 48 37 57 31 95 79 4 77 49 6 76 29 42 98 15 40 81 83 19 18 64 83 22 55 66 
38 32 68 29 37 45 28 73 1 58 19 79 61 96 80 18 71 60 59 20 26 51 52 60 69 70 23 52 43 78 69 33 61 37 61 97 81 40 21 33 97 92 12 9 87 43 26 9 54 36 28 79 86 32 39 
7 53 13 10 95 90 78 27 51 66 39 99 98 78 20 31 26 63 94 34 49 88 11 9 41 47 88 19 84 19 9 42 71 22 51 18 63 81 44 65 46 35 64 96 64 35 26 90 97 71 75 97 58 86 5 
98 84 92 68 19 11 29 61 33 2 63 50 64 43 46 29 41 80 92 36 43 78 13 84 74 83 59 70 92 96 74 41 31 65 60 49 27 88 9 60 41 72 61 5 66 6 85 6 85 76 93 80 5 5 63 
78 39 73 99 82 68 24 22 98 40 34 99 67 73 59 78 14 82 38 18 48 96 2 53 32 29 46 11 33 2 26 62 93 98 12 74 18 35 96 67 74 81 65 92 53 24 69 66 5 59 83 4 6 36 57 
37 16 54 100 48 7 25 61 99 22 72 73 39 6 20 6 32 100 22 23 52 45 44 18 2 2 52 5 7 40 13 95 55 18 94 55 25 18 15 75 92 39 47 82 96 18 39 27 17 61 2 21 57 45 90 
10 46 93 15 4 32 79 98 87 97 92 41 73 61 7 47 52 97 46 86 93 15 24 71 84 36 72 4 45 16 45 54 13 37 20 16 21 99 66 59 47 9 51 71 69 57 69 73 54 14 58 98 81 33 68 
64 69 92 19 13 7 63 18 72 51 38 39 23 88 4 81 34 64 31 4 33 40 72 57 45 38 14 42 18 98 61 33 66 52 51 30 11 65 48 82 15 37 72 90 24 76 70 57 39 1 12 23 40 35 79 
84 72 44 77 41 42 89 73 59 41 23 41 3 39 40 36 6 76 7 95 51 34 64 7 25 16 70 99 55 4 78 90 28 73 18 68 66 7 93 25 99 67 65 1 6 56 88 11 31 94 5 81 28 20 39 
4 36 60 2 42 63 31 84 42 4 1 62 69 7 54 45 57 72 61 57 29 16 44 39 98 90 95 30 69 67 68 72 2 79 73 43 94 4 26 35 7 79 96 27 85 1 72 94 25 32 50 53 48 46 44 
97 35 90 27 3 56 46 74 57 25 98 52 18 1 29 52 59 7 100 86 44 52 9 37 76 40 38 29 39 83 72 36 69 13 62 71 69 7 96 77 83 94 28 100 46 57 4 5 15 3 42 58 54 50 94 
82 41 84 10 80 66 33 67 35 45 80 57 65 38 5 42 21 50 69 20 95 77 23 51 92 77 92 1 83 93 47 64 34 30 25 65 47 57 83 33 53 62 90 18 99 46 11 19 95 31 91 41 8 13 92 
0 1 0 0 1 1 0 0 0 1 0 0 0 0 0 0 0 1 1 1 1 0 1 0 0 0 0 1 1 0 0 1 1 0 1 0 1 0 0 1 1 0 1 1 0 1 0 1 0 1 0 0 0 0 0 
0 0 0 1 1 0 1 0 0 0 1 0 1 1 1 1 1 1 0 0 0 0 0 1 0 0 1 0 0 1 0 0 1 0 0 0 1 1 0 1 1 0 1 1 1 0 0 0 0 0 1 0 0 1 1 
1 1 0 1 1 0 0 0 1 0 0 0 1 1 0 0 1 0 0 0 0 0 0 0 0 0 1 0 1 1 1 0 0 0 1 0 0 1 0 1 0 0 1 1 1 0 0 0 0 0 0 0 0 0 1 
1 1 0 1 0 1 1 0 0 1 1 0 1 1 0 0 1 0 0 0 1 0 0 0 0 0 0 1 1 1 0 0 0 0 1 0 0 0 0 0 1 1 0 0 0 0 1 1 0 1 0 1 1 0 1 
1 1 0 0 0 1 0 0 1 1 1 1 1 0 1 1 1 0 1 0 1 1 1 0 1 0 0 0 1 1 0 0 0 0 1 0 1 1 0 0 0 1 1 1 1 0 0 1 0 1 1 1 0 0 0 
1 0 0 0 1 1 0 1 1 0 0 1 1 0 1 1 0 1 0 0 0 0 0 1 0 0 0 0 0 0 0 0 0 0 0 1 0 0 1 1 0 1 1 1 1 0 0 0 1 0 0 0 0 0 1 
0 0 0 0 1 0 0 1 1 1 1 0 1 1 1 0 1 1 1 0 0 0 0 0 1 0 0 1 0 1 1 0 1 1 1 0 1 1 1 0 0 0 1 1 1 0 0 0 1 1 0 0 1 0 0 
1 0 1 0 0 0 1 1 1 0 0 0 0 1 1 0 0 0 1 1 1 0 1 0 1 1 0 1 0 1 0 1 1 1 0 0 1 1 1 0 0 1 0 0 0 0 0 0 0 0 0 1 0 1 1 
1 0 0 1 1 1 1 0 0 0 0 0 1 0 1 1 0 0 0 0 1 0 0 1 0 0 1 1 0 1 1 0 1 1 1 0 0 0 1 0 0 1 1 1 1 0 0 1 1 0 1 0 0 0 1 
0 0 1 0 1 0 1 1 1 0 0 0 0 0 1 0 0 0 1 1 0 0 1 1 1 0 1 1 0 1 0 1 1 1 1 0 1 0 1 1 0 1 1 0 1 0 0 1 0 0 0 0 0 0 0 
1 0 1 0 0 0 0 1 1 0 0 0 1 0 1 0 0 1 1 0 0 1 1 0 0 1 0 0 1 0 0 0 0 1 0 1 1 0 0 1 0 1 1 0 1 0 0 0 1 0 0 0 1 1 0 
1 0 0 0 1 1 0 1 1 0 1 0 1 0 1 0 0 0 1 0 1 0 1 1 1 1 0 1 0 1 1 0 0 0 0 1 1 0 1 0 0 0 1 0 0 0 0 1 0 0 1 1 0 0 1 
1 1 1 1 0 0 0 0 0 0 0 0 1 0 1 0 1 1 1 1 0 1 1 1 1 1 0 0 1 1 1 1 0 0 0 0 1 0 0 1 1 0 1 0 1 0 0 0 0 1 1 0 0 0 1 
1 0 1 0 1 0 1 0 1 0 0 1 1 1 0 0 0 0 0 0 1 0 1 1 0 0 0 0 1 1 1 0 1 1 0 0 1 0 1 0 0 1 0 1 0 0 1 0 0 1 1 0 0 0 1 
0 0 0 1 1 1 0 0 0 1 0 0 1 0 1 1 0 1 1 1 1 1 1 0 0 0 1 0 0 1 1 1 1 1 0 1 0 0 1 0 0 1 1 1 0 0 0 0 1 0 0 1 1 1 1 
1 1 0 1 0 1 1 1 0 0 1 1 1 1 0 1 1 0 0 0 0 1 1 0 0 1 0 1 0 1 0 0 1 0 1 1 1 0 0 0 1 1 1 0 0 0 1 0 0 0 0 0 1 1 0 
1 0 1 1 1 0 1 1 1 0 0 0 1 1 0 1 0 1 1 0 0 1 1 0 1 1 0 1 0 0 1 0 0 0 1 1 1 0 0 0 0 1 1 0 0 1 1 0 1 0 0 1 1 1 1 
0 1 1 1 1 1 1 1 0 1 0 1 0 1 0 1 1 1 0 1 1 1 1 1 0 1 1 1 1 0 0 1 1 0 1 1 1 0 0 1 1 1 1 0 0 1 1 1 0 1 1 1 0 0 0 
1 1 1 0 0 1 1 0 1 1 1 0 0 1 0 0 0 1 1 0 1 0 1 1 0 0 0 1 1 0 1 0 1 0 0 0 1 1 0 0 0 1 0 1 0 1 1 0 0 0 1 0 0 0 1 
0 1 1 1 0 1 0 0 0 0 0 0 1 0 0 0 0 1 0 1 1 1 0 0 0 0 1 0 0 1 1 0 0 0 1 0 1 1 0 1 1 1 0 1 1 0 1 1 0 1 1 1 1 1 1 
1 0 0 1 0 0 0 1 0 0 0 1 1 0 1 0 1 0 0 0 1 1 1 1 1 1 0 0 0 1 0 1 1 0 0 0 0 0 1 1 0 1 0 1 1 1 1 1 0 0 1 1 1 1 0 
0 0 0 0 0 0 0 1 1 1 1 1 1 1 0 0 1 0 0 0 1 0 1 0 0 1 0 1 0 1 0 0 1 0 1 1 0 1 0 0 0 1 1 0 0 0 0 1 0 1 1 1 1 0 0 
1 0 0 0 0 1 0 1 0 1 0 1 1 1 1 1 0 0 1 0 0 1 0 1 1 1 0 0 0 0 0 1 0 0 0 1 1 0 0 1 1 0 0 1 1 1 0 1 1 1 1 1 0 0 0 
1 1 0 0 0 1 0 1 1 1 1 0 0 0 0 0 1 0 0 0 0 0 1 1 1 0 1 1 1 1 1 0 0 0 0 0 1 1 0 0 0 1 1 0 1 1 0 1 0 1 1 0 1 0 1 
0 1 0 1 0 1 1 0 0 1 1 0 0 0 0 0 0 0 1 0 1 1 1 0 1 0 0 1 1 0 0 1 1 1 1 1 0 0 0 0 1 1 1 1 1 1 1 1 1 1 1 1 0 0 1 
1 0 1 0 1 0 0 1 1 1 0 1 0 0 1 0 1 0 1 0 1 1 1 0 0 0 1 1 0 0 1 1 0 0 1 0 0 0 1 0 1 1 1 1 1 0 0 0 0 1 0 1 0 1 1 
1 0 0 0 0 0 1 0 1 0 1 1 0 1 0 0 1 1 1 0 0 1 0 0 1 0 0 0 0 1 1 1 1 0 0 0 0 1 0 1 1 1 0 0 1 0 0 0 1 0 0 1 1 1 1 
1 1 1 1 1 1 1 1 0 1 1 0 1 0 0 1 0 0 1 0 1 0 0 1 1 0 1 1 0 0 0 1 1 0 0 1 1 1 0 1 0 1 0 0 1 0 1 1 0 0 1 1 0 0 0 
0 0 0 1 0 0 1 1 0 1 0 1 0 1 1 0 0 0 0 0 1 0 1 1 1 1 0 0 0 0 1 0 1 1 1 1 1 0 1 1 0 1 0 0 0 1 0 0 1 0 0 1 1 1 0 
0 1 0 0 1 1 1 1 0 0 0 1 0 0 0 1 0 1 0 1 0 1 1 0 1 0 1 0 1 0 0 1 1 0 1 0 1 1 1 1 1 1 1 1 0 1 1 0 1 1 1 1 0 1 1 
1 1 0 1 0 1 1 1 0 0 0 1 1 1 0 1 1 0 0 0 0 1 1 0 0 0 0 1 1 1 1 0 0 1 0 0 0 1 1 1 1 1 0 1 1 0 0 0 0 0 0 0 1 0 1 
0 0 1 1 1 0 0 0 0 0 0 0 0 1 1 1 1 0 1 0 1 0 0 1 0 0 0 1 1 0 0 1 0 1 1 0 1 1 0 1 1 0 1 0 1 0 1 0 0 1 0 0 1 0 1 
1 0 1 0 0 1 0 1 0 1 0 0 0 0 0 1 1 0 0 1 1 0 1 0 1 0 0 1 1 1 0 0 1 0 1 1 1 1 1 1 1 1 1 1 1 1 1 1 1 1 0 1 0 1 1 
1 1 1 0 0 0 0 1 0 0 0 1 0 1 0 1 0 0 1 0 1 0 1 0 0 0 1 1 0 0 0 1 0 1 1 0 0 0 1 0 0 1 1 0 1 0 0 1 0 1 1 1 1 0 0 
1 1 1 0 1 1 0 1 1 0 0 0 0 0 1 0 1 1 1 1 0 1 1 1 1 0 1 1 0 1 1 1 0 0 0 0 1 0 1 1 0 1 1 0 0 0 0 1 1 0 0 1 1 0 1 
1 0 0 0 0 1 1 0 0 1 0 0 0 0 1 1 1 0 0 1 0 1 0 1 0 0 0 0 1 0 1 0 0 1 0 1 0 1 1 0 0 1 0 1 1 1 0 0 0 1 0 0 0 0 0 
0 0 0 0 1 0 1 0 0 0 0 1 1 0 0 1 0 1 0 1 1 1 0 1 1 1 1 0 1 1 0 1 1 0 0 1 0 1 1 0 0 1 0 1 1 0 0 0 0 0 1 1 0 1 0 
1 0 0 1 1 1 1 1 1 1 1 0 1 0 1 0 0 0 0 1 0 0 0 0 0 0 1 1 0 1 0 0 1 0 1 1 1 1 0 0 0 1 0 0 1 1 0 0 0 0 1 0 0 1 0 
1 0 1 0 0 0 0 0 0 0 0 1 0 1 1 0 1 0 1 1 1 0 1 1 0 1 1 0 0 0 0 1 0 0 1 1 0 0 1 0 0 1 1 0 0 0 1 0 0 0 1 0 0 1 1 
1 0 0 1 0 1 0 1 1 0 1 0 0 1 0 1 1 1 0 0 0 1 1 0 1 1 1 1 1 0 1 0 1 1 0 1 0 0 1 0 0 0 0 0 1 0 1 0 0 0 0 0 1 1 0 
0 0 1 0 0 0 1 0 1 0 0 0 1 0 1 1 0 1 1 1 0 0 0 1 0 0 1 0 1 1 0 0 1 1 0 1 1 1 0 0 1 0 1 0 1 0 1 1 0 1 0 0 1 1 1 
1 1 1 1 1 0 1 1 1 0 1 1 0 0 1 0 1 1 1 0 0 0 1 0 0 0 0 0 1 1 0 0 1 1 1 0 1 0 1 0 1 0 1 1 0 0 1 1 0 1 1 0 1 1 0 
1 1 1 1 1 0 1 1 1 0 1 1 1 1 0 0 0 0 1 1 0 0 1 0 0 0 1 0 1 0 1 0 0 0 1 1 0 1 0 0 1 1 1 1 1 0 1 1 0 0 1 1 0 0 1 
0 0 0 1 1 1 0 1 1 0 0 0 0 1 0 0 1 0 0 0 1 0 1 0 0 1 1 1 0 1 0 0 1 1 1 0 0 1 1 1 1 0 1 0 1 1 0 0 1 0 0 0 0 1 1 
1 1 0 0 1 0 1 1 1 0 1 0 0 0 1 1 0 1 0 0 1 1 0 1 1 1 0 1 1 1 0 0 0 1 1 1 1 0 1 0 0 0 0 0 0 0 1 0 1 1 0 0 0 1 0 
1 0 0 1 1 1 1 0 0 0 1 1 1 1 0 0 1 0 0 1 1 0 0 1 0 1 0 0 1 1 0 1 1 0 0 0 0 1 0 0 0 1 1 1 0 0 1 1 0 0 0 1 0 0 1 
0 1 1 1 1 0 1 0 1 0 0 1 0 1 0 0 1 1 1 1 0 1 0 1 0 0 0 1 1 0 0 1 0 1 0 1 1 0 1 0 0 1 0 0 0 0 0 0 1 1 1 1 1 1 1 
1 0 1 0 1 1 1 0 1 0 1 0 0 1 1 0 1 0 0 1 1 0 1 1 0 0 0 1 1 1 0 0 1 1 1 0 1 0 1 0 0 0 1 0 1 0 1 0 1 1 1 0 0 0 1 
0 0 1 1 0 0 0 0 0 1 1 0 0 1 1 1 0 1 0 0 0 0 1 0 1 1 1 1 1 1 0 1 0 1 0 0 0 0 0 0 0 0 0 0 1 0 1 1 1 1 0 0 0 1 0 
1 0 0 1 1 1 1 0 1 1 1 1 1 1 0 1 1 0 1 0 1 1 1 1 1 1 1 1 1 0 1 0 1 1 1 0 1 1 1 0 0 0 0 1 1 0 0 1 0 1 1 1 1 0 0 
0 1 1 1 0 0 0 1 1 0 0 1 1 1 0 1 1 0 1 0 0 1 0 1 1 0 0 1 1 0 1 1 0 1 0 0 1 0 1 0 0 0 1 1 1 0 1 1 0 0 1 0 0 0 1 
1 0 1 0 1 0 0 0 0 1 0 0 0 0 0 0 1 0 1 0 1 1 1 0 0 0 0 0 0 0 0 1 0 1 0 1 1 0 1 1 1 1 0 1 1 0 1 0 0 0 1 1 0 0 0 
0 0 0 0 0 0 0 0 0 0 0 1 1 0 0 1 1 1 1 0 0 1 1 1 1 1 0 0 1 0 0 1 1 0 0 1 0 0 1 0 0 1 1 0 1 1 1 0 0 0 0 1 1 1 0 
0 1 0 0 0 0 1 0 1 1 0 1 0 0 0 0 1 0 0 1 1 1 0 0 0 0 0 1 1 0 1 1 1 1 1 1 1 0 1 1 0 1 0 0 0 0 0 1 0 0 0 0 0 0 0 
0 0 0 1 1 0 0 0 1 1 1 1 0 0 0 1 0 0 1 0 0 0 0 1 0 1 1 0 1 1 0 1 1 1 0 0 1 0 0 1 1 1 0 1 1 0 1 1 0 0 1 0 0 0 1 
1 1 0 1 0 1 0 1 0 1 1 0 0 1 0 1 0 0 1 1 1 0 0 1 0 1 0 1 1 0 0 0 1 1 0 1 0 0 0 1 1 1 1 1 0 0 1 0 0 0 0 1 0 0 0 
