44 69 2244
24 45 99 4 94 19 75 84 58 51 97 24 1 59 66 20 71 64 27 98 3 20 83 36 22 23 79 26 83 6 97 7 50 95 10 95 65 37 78 23 87 26 46 39 85 11 58 7 26 37 56 29 8 91 64 29 13 94 54 95 99 50 1 1 97 63 95 61 99 
25 35 37 50 33 75 86 43 33 44 21 21 52 49 28 42 64 56 54 10 61 100 8 10 53 8 58 15 55 19 65 79 5 53 80 37 27 18 80 11 13 52 83 64 52 10 57 67 17 10 76 77 62 36 87 14 43 44 28 49 14 44 79 19 48 11 7 26 28 
86 89 92 89 71 8 40 81 64 7 97 26 82 74 87 17 12 100 12 7 79 12 73 22 91 91 21 1 97 46 80 35 34 23 23 5 30 15 85 94 21 33 19 2 58 57 71 69 56 34 76 34 45 48 7 35 90 27 87 38 72 18 24 58 41 99 62 70 13 
98 15 33 30 33 86 88 89 8 8 96 41 35 29 86 34 87 72 23 13 11 13 37 28 36 94 68 86 7 38 98 4 52 82 33 37 20 72 77 27 80 73 20 66 53 57 100 40 28 22 4 38 86 92 66 74 85 85 59 43 22 57 46 26 90 31 14 9 2 
90 88 33 14 7 99 67 63 98 58 42 71 61 32 9 53 49 82 89 33 40 32 7 48 77 32 38 59 45 98 61 86 85 45 100 43 95 18 5 44 75 99 15 35 30 23 39 78 56 80 10 95 11 68 43 39 99 32 98 95 29 10 33 14 54 84 56 1 1 
13 44 75 63 58 61 92 32 52 21 39 31 82 34 41 50 28 31 100 59 80 47 87 89 79 52 95 62 60 95 14 72 38 88 86 48 100 29 31 51 49 70 81 82 3 73 83 82 56 83 40 35 29 78 76 59 82 70 72 41 16 85 64 53 24 49 100 23 77 
83 26 77 52 58 58 6 31 93 87 86 75 78 72 55 55 47 65 36 68 36 28 83 20 91 36 95 39 87 17 67 69 42 43 20 100 53 25 82 45 63 19 71 40 90 77 47 89 93 34 56 28 62 39 99 4 26 93 95 12 61 61 33 55 56 52 54 60 29 
87 56 43 57 78 83 98 54 81 86 46 14 94 25 27 32 23 31 57 67 77 20 27 37 52 81 44 56 86 3 84 72 58 26 80 35 60 78 40 40 15 37 6 8 13 84 39 35 66 47 53 42 67 80 31 70 60 74 25 98 77 60 21 86 38 1 73 97 78 
64 89 92 53 46 52 65 29 90 52 47 89 4 88 7 83 18 76 95 92 53 92 20 12 12 57 49 12 81 98 41 45 38 33 49 83 84 13 63 25 64 9 65 68 97 23 50 66 51 96 57 3 87 28 14 99 37 15 10 17 12 3 13 49 87 61 83 22 74 
45 46 89 6 63 56 54 85 58 19 35 53 28 37 92 7 3 90 43 17 51 60 80 53 24 28 39 85 62 60 10 6 58 98 63 20 6 16 56 15 87 43 67 14 31 58 72 33 99 15 1 50 26 80 54 49 59 93 85 20 4 94 78 61 44 40 32 49 8 
40 63 94 82 81 59 12 91 30 97 41 44 97 42 69 77 96 70 87 40 54 7 43 48 84 56 91 23 87 91 30 78 5 75 59 85 33 23 27 63 19 68 6 15 9 27 43 56 96 82 95 1 88 38 48 71 45 90 45 31 32 27 9 36 1 19 73 86 41 
99 48 11 18 5 78 79 31 72 34 78 53 81 79 40 70 78 62 14 20 59 96 51 37 56 87 89 75 59 74 67 9 21 78 79 26 55 9 8 26 94 38 79 74 68 70 95 97 84 8 16 42 4 67 78 11 5 18 85 15 92 4 23 12 33 53 89 87 61 
49 64 7 86 94 32 5 16 27 1 99 34 17 92 89 35 21 100 39 38 36 53 29 39 27 41 71 32 81 9 44 29 25 50 66 18 82 22 33 8 23 83 93 91 74 82 77 94 33 15 32 68 19 60 59 97 52 81 28 85 42 24 65 66 73 31 35 6 52 
20 13 26 2 58 68 28 39 44 21 23 10 4 42 80 16 52 77 19 85 56 3 26 79 68 91 4 50 77 9 53 96 74 31 50 31 98 77 21 42 49 43 3 53 36 83 20 88 11 38 72 66 93 97 97 12 39 100 13 15 60 65 63 33 95 12 63 45 88 
83 38 88 77 40 40 13 22 11 100 32 49 23 50 93 71 98 4 9 49 16 75 8 32 89 41 79 100 55 23 39 38 60 27 66 51 18 78 73 81 29 56 81 51 57 73 73 54 28 33 54 95 8 62 26 48 54 4 48 8 78 38 97 89 16 15 40 86 92 
64 66 73 71 46 75 28 18 48 33 97 80 87 91 39 100 16 87 53 72 86 12 1 23 61 90 91 75 81 76 18 44 41 42 66 38 17 93 7 64 78 3 95 64 93 34 15 8 72 67 31 57 30 32 31 42 73 21 68 53 48 86 48 40 27 13 77 95 58 
83 58 35 37 53 50 29 38 64 89 9 82 19 17 63 50 47 5 74 20 72 26 19 9 73 59 36 38 87 30 47 22 40 81 58 44 82 87 33 97 75 41 78 45 57 92 47 55 96 20 26 68 46 45 76 70 3 63 59 89 45 5 62 36 37 20 79 18 58 
11 66 84 3 95 28 11 87 74 17 82 94 43 1 91 87 29 12 89 43 71 29 87 27 43 22 64 62 52 33 19 14 99 2 16 45 81 78 31 55 95 65 100 37 65 42 23 45 5 63 88 27 43 26 54 85 100 69 98 51 53 16 65 3 69 32 48 2 62 
78 8 56 94 7 44 11 100 66 55 4 80 94 83 74 20 36 59 19 56 8 21 8 76 37 11 44 21 58 97 82 87 4 89 81 62 32 91 61 49 45 17 80 91 99 53 10 86 63 80 41 71 52 48 46 89 58 41 61 67 38 94 54 41 82 34 3 13 76 
15 13 20 83 92 10 81 96 71 18 59 2 58 81 54 58 78 94 67 70 54 34 7 47 39 100 28 24 54 92 99 20 56 70 3 47 32 35 42 2 53 52 4 62 32 9 71 61 2 90 31 55 23 89 53 13 40 32 36 93 75 86 65 30 55 19 28 86 53 
21 40 57 73 95 71 56 3 41 17 4 30 47 10 4 87 14 68 27 45 55 71 71 40 35 100 47 53 79 84 58 99 23 14 71 17 36 79 71 29 47 26 10 45 35 14 31 100 33 57 96 88 28 66 27 14 17 25 19 95 9 76 94 31 41 16 100 29 94 
70 57 92 96 66 36 82 79 67 34 64 75 29 51 54 95 29 68 63 54 86 58 62 13 3 44 5 18 43 33 64 65 89 55 12 55 91 93 85 9 26 48 83 7 98 37 1 79 56 15 32 93 72 45 5 74 88 9 44 31 42 7 95 82 13 6 36 55 50 
73 63 28 20 98 34 70 86 86 48 41 100 31 85 24 75 89 97 62 49 92 44 42 98 90 24 63 47 59 17 97 31 32 76 3 81 9 24 18 46 23 10 97 53 94 20 79 34 17 92 82 60 36 24 10 25 99 72 72 9 40 20 92 23 47 94 3 7 69 
72 52 91 81 48 43 74 68 73 7 36 64 41 95 99 16 4 76 14 27 99 22 67 18 13 89 64 58 44 22 26 67 73 16 48 72 10 73 39 82 32 26 46 72 21 96 39 76 23 52 3 21 73 21 90 38 9 5 95 4 26 21 71 98 36 70 70 46 42 
60 79 73 86 76 96 58 24 34 33 46 37 87 67 10 7 56 47 68 61 93 23 86 13 93 36 1 14 57 98 56 16 76 80 53 4 28 10 27 13 95 72 50 33 38 11 40 46 9 59 6 1 81 43 14 26 78 14 39 86 11 46 2 38 78 54 41 5 16 
67 69 62 91 18 94 28 28 33 73 36 43 30 37 24 25 2 1 54 67 39 40 29 37 41 18 14 46 59 70 13 77 38 74 67 56 68 47 35 52 71 71 95 53 59 70 77 12 70 30 78 60 69 58 96 61 75 61 7 33 30 19 62 68 45 80 75 12 78 
9 15 49 31 61 53 89 30 29 100 51 10 29 11 79 86 58 91 61 19 97 45 100 68 58 67 64 38 93 75 15 54 41 15 84 2 67 25 83 47 76 34 57 5 96 35 42 53 25 54 71 74 51 71 93 8 89 56 97 34 82 64 87 74 78 70 75 97 46 
58 43 22 43 99 78 38 85 71 90 62 25 13 87 75 35 31 34 23 38 83 8 19 46 94 44 23 16 19 71 61 28 14 34 70 64 63 59 49 34 48 62 58 12 48 84 46 30 69 21 67 51 28 37 96 22 80 71 89 50 41 1 77 6 35 98 70 97 56 
70 30 56 83 39 67 82 74 13 11 43 85 77 93 12 13 89 85 44 11 73 94 3 74 22 9 60 20 30 56 27 99 38 34 33 76 53 14 50 17 24 44 1 52 36 12 16 76 97 59 86 21 4 89 94 26 49 53 97 78 61 75 28 98 9 60 25 13 25 
26 29 100 69 29 51 57 92 18 84 40 28 22 61 32 62 54 57 10 59 5 87 19 79 66 68 39 77 44 3 1 22 31 100 42 11 2 98 55 19 34 94 46 55 54 29 16 60 37 25 70 41 63 88 72 28 7 10 4 2 65 56 23 95 55 65 58 56 14 
12 26 47 5 71 1 11 100 68 70 88 92 39 29 6 78 100 85 36 61 40 37 25 95 60 72 49 76 29 56 89 92 81 88 96 4 40 58 55 8 27 42 99 17 70 57 46 21 41 81 34 81 70 10 75 81 81 76 56 61 31 96 52 12 35 100 67 75 57 
21 82 36 62 32 4 84 88 50 56 81 82 89 61 3 99 87 83 31 62 90 92 93 38 95 56 72 46 74 46 3 94 79 90 7 63 93 90 50 94 46 82 28 86 42 30 84 29 65 67 42 54 10 86 91 4 93 15 50 66 12 4 59 91 93 66 53 37 7 
54 31 52 36 10 38 77 39 73 57 3 39 99 9 100 84 51 56 29 17 5 94 29 60 53 19 4 70 23 40 76 76 22 80 11 31 69 40 22 93 48 76 84 98 36 83 34 87 38 62 3 94 55 31 53 59 1 8 80 23 48 56 99 21 87 61 4 55 52 
25 99 52 52 82 49 88 65 82 26 2 95 80 96 50 63 100 60 63 8 40 38 7 47 36 27 33 48 30 39 52 6 37 3 58 19 51 45 35 85 70 36 79 49 83 80 11 35 92 26 42 31 63 48 29 50 26 61 49 8 51 100 13 39 2 70 9 5 66 
43 41 87 31 71 88 13 3 50 99 94 75 40 76 89 39 4 90 17 16 39 24 18 38 36 56 92 58 65 48 75 7 88 14 89 10 1 54 12 2 52 57 29 92 84 17 82 87 7 98 54 45 21 71 34 9 27 77 18 43 76 92 1 63 5 90 25 57 43 
88 59 94 45 87 37 28 55 19 67 13 68 20 9 41 43 95 1 21 71 18 63 47 61 63 61 18 52 85 26 94 73 84 40 69 22 76 96 29 46 14 41 14 34 50 6 76 44 6 48 66 23 10 64 35 24 25 52 76 61 78 21 85 13 60 53 87 88 1 
15 33 14 7 98 99 56 3 26 51 60 73 69 82 82 32 69 6 56 20 33 69 49 5 5 62 17 58 48 4 10 14 88 75 20 38 74 28 40 99 78 100 24 98 33 5 30 1 62 37 73 46 5 21 51 10 34 67 19 33 22 80 46 9 54 18 46 27 45 
38 78 74 89 1 72 73 57 1 26 71 37 98 16 94 70 18 55 56 36 25 88 57 4 86 18 57 55 63 84 99 52 13 24 40 13 95 65 21 47 90 91 84 39 59 29 60 76 35 15 64 59 55 20 62 92 37 18 46 52 53 96 3 17 19 95 81 14 11 
2 60 100 44 95 90 54 75 49 30 9 64 93 19 70 64 80 61 1 50 58 4 54 53 58 71 23 52 51 88 62 4 100 13 48 46 2 1 21 51 82 81 66 26 100 87 42 31 47 42 80 56 97 86 60 54 56 82 58 58 22 71 14 21 84 13 66 37 65 
38 39 47 71 56 24 70 42 65 52 88 58 32 95 54 69 54 8 24 88 17 33 9 87 98 29 70 10 46 59 75 36 97 73 58 53 96 27 94 13 30 34 70 61 28 76 29 34 35 4 21 51 89 29 37 86 9 59 48 6 17 22 93 65 94 50 17 41 28 
63 53 58 48 75 70 75 50 99 8 36 54 80 86 94 8 74 32 68 32 79 74 100 100 66 65 45 16 33 85 95 95 38 52 42 12 22 69 13 72 28 48 77 8 85 71 67 10 2 35 94 80 60 93 31 77 9 75 44 42 59 39 88 48 90 30 11 63 50 
23 34 77 22 63 36 58 33 55 68 86 41 13 17 100 57 47 76 66 73 20 7 83 10 94 31 99 75 93 14 76 16 99 5 89 61 40 99 45 46 18 30 86 30 46 85 86 44 13 51 16 32 9 99 41 55 81 91 81 73 56 57 40 55 61 81 67 52 79 
12 98 96 41 83 77 39 68 62 82 80 65 50 63 73 100 55 79 80 97 60 4 53 68 96 7 28 76 25 79 54 36 28 1 77 11 77 67 30 90 48 9 54 49 23 79 48 77 57 79 73 68 35 77 35 30 83 62 5 60 93 10 95 20 62 23 30 38 89 
11 27 89 19 33 37 93 11 37 21 67 15 46 35 49 22 69 30 57 83 86 16 75 95 10 46 8 33 28 45 73 38 24 61 9 56 50 1 66 86 22 84 100 19 70 1 40 39 30 96 73 16 11 99 62 21 44 70 5 23 66 77 61 89 90 69 96 39 21 
0 1 1 0 0 1 1 0 1 1 0 0 1 1 1 1 0 1 1 1 1 1 1 1 1 1 0 1 1 0 0 1 1 1 1 0 1 1 0 0 0 0 0 0 1 1 1 0 0 0 1 1 0 0 1 1 0 1 1 1 0 1 0 1 0 0 1 1 1 
0 1 1 0 0 1 0 1 1 0 0 1 1 1 1 0 0 1 0 0 0 1 0 1 1 1 1 1 1 1 0 1 0 0 1 0 1 1 0 0 1 0 0 1 1 1 1 0 0 1 0 0 0 0 1 1 1 1 1 0 0 1 1 0 1 1 1 1 0 
1 1 0 1 1 1 0 1 0 0 1 1 0 0 1 0 1 0 0 0 1 0 0 1 0 1 0 1 0 1 1 1 1 1 0 0 0 0 1 0 1 1 1 1 1 0 0 0 1 0 1 0 0 1 1 0 0 0 1 0 1 1 1 0 0 1 1 1 0 
0 1 1 1 1 0 0 1 0 1 0 0 0 1 1 1 0 1 0 0 1 0 0 0 0 0 0 1 1 1 1 0 1 0 1 0 1 0 1 1 1 0 0 1 1 1 0 1 0 0 0 1 1 0 1 1 0 0 0 0 1 0 0 0 0 1 0 1 1 
0 1 0 0 1 1 1 0 0 0 0 0 0 0 1 0 1 0 1 1 1 1 1 1 1 1 1 0 0 1 0 0 0 0 0 1 0 1 1 0 1 1 0 0 1 0 0 1 0 1 0 1 0 1 0 1 1 0 0 1 1 0 1 1 0 1 0 0 0 
1 0 1 0 1 1 0 1 0 1 1 1 1 1 0 1 1 1 0 1 1 1 0 1 0 1 0 1 1 0 1 0 1 0 1 0 0 1 1 0 0 0 1 1 1 1 0 1 1 0 0 0 1 1 0 1 0 0 0 0 0 1 0 1 0 1 1 0 0 
0 0 0 1 1 0 0 1 0 1 0 1 0 0 0 1 0 0 1 0 0 1 1 0 0 0 0 1 0 0 0 0 0 0 1 1 0 0 0 1 1 0 0 1 1 0 0 1 0 0 0 1 1 1 1 1 1 1 1 1 1 1 0 1 1 1 0 0 1 
1 1 1 1 1 0 0 1 1 0 0 1 0 1 0 1 0 0 0 1 1 0 0 0 0 1 1 1 1 1 1 0 0 0 0 1 0 0 1 1 0 1 0 0 0 1 1 0 1 0 1 0 0 1 0 0 0 1 1 1 1 0 0 1 0 0 1 1 0 
0 0 1 1 1 1 1 0 1 1 1 1 0 1 1 1 1 1 1 0 0 0 1 1 0 1 1 0 0 0 1 0 1 0 1 0 1 0 0 0 1 1 1 1 0 0 0 1 1 1 1 0 1 1 1 0 0 0 0 0 1 1 0 0 1 1 0 1 1 
0 1 0 1 1 1 1 1 1 0 1 0 1 1 1 0 0 1 0 0 0 0 1 1 0 1 1 1 1 0 0 1 1 0 0 0 1 1 0 0 1 1 0 1 0 0 1 0 1 0 0 1 0 0 1 1 1 0 0 1 0 1 0 1 1 1 0 1 0 
0 1 0 1 0 1 1 0 0 1 1 0 1 1 1 1 0 0 1 0 0 0 0 1 0 1 1 1 1 0 0 1 1 0 0 1 1 1 1 1 0 1 0 0 0 1 1 0 1 0 0 1 0 0 1 1 1 0 0 1 0 0 0 1 0 1 1 1 0 
0 1 1 1 1 1 1 0 0 1 1 1 1 0 1 1 1 0 1 1 1 0 1 1 0 1 0 1 0 1 0 0 0 1 0 1 0 1 1 0 1 0 1 0 1 1 0 0 1 1 0 0 1 1 0 1 0 0 1 0 1 1 1 0 0 1 1 0 0 
1 0 1 1 0 0 0 1 0 1 0 1 1 1 0 0 1 1 1 1 0 1 0 1 0 0 1 1 0 1 0 1 0 1 0 0 1 1 1 1 0 1 0 1 0 0 1 1 0 0 0 0 0 1 0 0 1 1 0 1 1 0 0 1 1 1 1 1 0 
0 0 0 1 1 1 0 1 0 1 1 1 0 0 1 1 0 1 0 1 1 0 0 1 0 1 1 1 0 0 1 0 0 1 0 1 0 0 1 1 1 0 0 1 0 1 0 0 0 1 0 0 1 0 1 1 0 0 1 0 0 0 1 1 0 1 0 0 1 
1 1 0 0 1 0 0 0 0 1 1 1 1 1 0 1 0 0 1 1 1 0 1 1 1 0 1 0 1 0 1 0 1 1 0 1 1 1 1 0 0 0 1 1 1 0 0 0 0 0 1 1 0 0 0 1 1 0 1 0 0 0 0 1 1 1 0 1 0 
0 1 0 0 0 1 0 0 1 0 0 1 1 1 1 1 0 0 0 0 1 0 0 1 1 1 1 0 0 0 0 0 1 0 0 1 1 0 0 0 0 0 0 1 0 1 1 0 0 1 0 1 0 0 1 1 1 0 1 1 0 1 1 1 1 0 0 0 0 
0 0 1 1 0 0 1 0 1 1 0 1 1 1 1 1 0 0 0 0 1 0 0 0 1 1 1 1 0 1 0 0 1 1 1 0 1 0 0 1 1 0 0 0 1 1 1 0 1 0 0 0 0 1 0 1 0 1 1 0 0 1 1 1 0 0 1 1 1 
1 0 0 1 0 1 1 1 0 1 0 0 1 0 0 0 0 0 1 1 1 1 1 0 0 1 0 1 0 1 0 0 0 0 1 0 1 0 0 0 1 0 0 1 1 1 1 1 1 0 1 0 0 0 0 0 1 0 1 0 1 1 0 1 0 1 0 1 0 
0 1 1 0 0 0 1 1 0 1 0 0 0 0 0 0 0 1 0 0 0 0 1 0 0 1 0 1 1 1 1 1 1 1 1 1 1 1 0 1 0 0 0 0 0 0 0 0 1 0 0 0 0 1 0 0 0 0 0 1 1 1 0 0 0 0 1 0 1 
1 1 1 1 1 1 1 0 1 1 1 0 1 1 0 1 1 1 1 1 1 1 1 0 1 1 1 1 1 1 0 0 0 1 0 0 0 1 0 0 1 1 0 0 1 0 1 0 1 1 0 0 0 1 1 1 0 0 1 1 1 1 0 1 1 0 1 1 1 
1 1 0 1 1 1 0 0 0 0 1 1 0 0 1 1 1 1 0 1 0 1 0 1 1 1 0 1 1 0 1 0 1 1 1 1 0 1 1 1 0 0 0 0 0 0 0 1 1 0 0 1 1 0 0 1 0 1 0 1 1 1 1 0 1 1 1 1 0 
0 0 0 1 1 1 1 1 1 1 0 1 1 1 0 0 1 1 0 0 0 1 1 1 0 0 0 1 1 0 0 0 0 0 1 1 1 0 0 0 1 0 1 1 1 0 1 1 1 1 1 1 0 1 1 0 1 1 0 0 1 0 0 0 0 1 1 0 0 
0 0 1 0 0 0 0 0 1 1 1 0 0 1 0 1 0 1 0 1 1 1 1 1 1 1 1 1 0 1 1 0 0 0 1 0 1 1 0 0 0 1 1 0 0 1 0 0 0 0 0 1 1 1 0 1 0 0 0 0 1 1 1 1 1 0 1 0 1 
1 1 1 1 0 1 1 1 1 0 0 0 0 1 1 1 0 0 1 0 0 1 1 1 0 1 1 0 0 1 1 0 0 0 1 0 0 0 0 1 0 0 1 0 1 1 1 1 1 0 1 0 0 1 1 0 0 0 1 0 0 0 0 0 1 1 1 1 0 
1 0 0 1 0 1 0 1 0 0 0 1 1 0 1 0 0 1 0 0 0 1 0 1 1 1 0 1 0 1 1 1 1 1 0 1 0 0 0 1 0 1 0 0 1 1 0 1 0 1 0 1 0 0 0 1 1 0 0 1 1 1 0 0 1 0 0 1 1 
0 0 1 1 0 1 1 1 0 0 0 1 0 1 1 1 1 0 0 1 1 0 0 0 0 0 1 1 0 1 0 1 1 1 0 0 1 1 1 1 0 1 0 0 0 1 1 1 1 0 0 0 0 0 1 0 1 0 1 1 1 1 0 1 1 1 1 0 0 
0 1 0 0 1 1 0 0 0 0 1 0 0 0 0 1 1 1 0 1 0 1 1 0 0 0 1 1 1 1 1 1 0 0 1 1 1 0 1 1 0 0 0 0 0 0 1 1 1 1 1 0 1 0 0 1 0 1 0 1 0 1 0 0 1 0 1 0 0 
0 0 0 0 0 0 1 0 0 0 0 1 1 0 0 1 0 1 1 1 1 0 1 1 1 1 0 1 0 1 1 0 1 1 0 1 1 1 1 1 0 1 1 1 1 1 1 1 1 0 0 0 1 1 1 0 0 0 1 0 1 0 0 0 1 1 1 0 0 
0 0 0 0 1 0 1 0 1 1 1 1 1 0 0 1 1 0 1 1 1 0 0 1 0 0 0 1 1 1 0 0 1 0 0 0 0 1 0 1 0 0 1 0 0 1 1 1 0 0 1 1 0 1 1 1 0 1 0 1 0 0 1 1 1 1 1 1 1 
0 1 1 0 0 1 0 1 0 1 1 1 0 1 1 0 0 0 0 1 1 1 0 1 1 1 0 0 1 0 1 1 1 1 1 1 0 1 0 1 0 0 0 1 1 1 1 1 0 1 0 1 0 0 0 1 0 1 0 1 1 1 0 0 0 1 1 1 0 
1 0 0 1 0 1 0 1 0 1 1 1 0 0 0 0 1 1 0 0 1 1 1 1 1 1 1 0 0 0 0 1 0 1 1 0 0 1 0 1 1 1 0 1 0 0 1 1 0 0 1 1 1 0 0 1 1 0 1 1 0 0 0 1 1 1 1 1 1 
1 0 0 1 1 1 1 1 0 0 1 0 1 1 0 1 1 1 0 1 0 1 0 0 1 1 1 1 0 1 0 0 1 0 1 0 1 0 0 1 0 1 0 1 0 0 0 0 1 0 1 1 1 1 0 0 0 1 1 1 0 1 1 0 1 0 0 0 0 
0 0 0 0 0 1 0 0 1 0 1 1 0 0 0 1 0 0 0 0 0 1 0 1 0 0 1 0 1 1 0 1 1 0 1 1 1 0 1 0 0 0 1 0 1 1 0 1 1 0 1 1 1 0 1 1 0 0 1 1 1 1 1 1 1 0 0 0 0 
0 0 1 0 1 1 1 0 1 1 1 1 0 1 0 0 0 1 1 0 0 0 1 1 1 0 0 0 1 0 0 1 0 1 1 1 1 1 1 0 0 1 0 0 0 0 1 0 0 0 0 0 0 1 0 0 0 0 0 1 1 0 0 1 0 1 1 1 0 
0 1 0 1 1 1 1 0 0 1 0 0 1 0 0 1 0 0 1 1 0 0 0 1 0 1 1 1 0 0 0 1 1 0 0 1 1 0 1 1 1 1 1 1 1 0 0 0 0 1 1 1 1 1 0 1 0 1 0 1 1 0 0 0 1 0 1 0 0 
0 0 0 1 1 1 1 1 1 1 0 0 0 1 1 1 1 0 1 0 0 0 1 1 0 1 0 1 1 0 1 1 0 1 1 0 0 0 1 1 1 1 1 1 0 0 0 1 0 1 1 1 0 0 0 0 0 0 1 1 0 1 0 1 0 1 1 1 1 
0 0 0 0 0 1 0 0 1 0 1 1 1 0 1 0 0 1 0 0 1 1 0 0 1 1 0 1 0 1 0 1 0 1 1 0 0 1 0 0 1 1 1 1 1 0 1 1 1 1 1 0 0 0 0 1 1 1 0 0 0 1 1 0 0 0 0 0 1 
1 0 1 0 1 0 0 1 1 1 1 0 1 1 0 1 0 1 0 1 0 0 1 1 1 0 1 1 0 1 1 1 0 0 0 1 0 0 1 1 1 0 1 0 1 1 1 1 0 0 0 0 0 0 1 0 0 0 1 0 0 0 0 0 0 0 1 0 0 
0 1 1 0 0 0 0 1 1 1 0 1 0 0 0 0 0 0 0 0 1 0 0 0 0 0 0 0 0 1 0 0 0 0 1 1 0 1 0 1 0 0 1 0 1 1 0 1 1 0 1 0 1 0 0 1 0 1 0 0 0 0 1 0 0 0 1 0 1 
0 0 1 0 1 0 1 0 0 0 1 1 0 1 0 0 0 1 0 1 1 1 1 0 0 1 0 0 1 1 1 1 1 0 1 0 0 1 0 1 1 1 0 1 0 0 1 0 1 0 1 1 1 0 1 1 0 1 1 1 0 0 0 1 0 1 1 1 0 
1 0 0 0 0 1 1 0 1 1 1 1 1 0 0 1 1 1 1 1 0 0 1 0 0 1 0 0 0 1 0 0 1 0 0 1 0 1 1 1 1 1 0 0 1 0 1 1 1 1 0 1 1 1 1 0 0 1 0 1 1 0 1 0 1 1 0 1 1 
1 0 0 0 0 0 0 0 1 1 1 0 1 0 0 0 1 0 1 0 0 0 1 0 1 0 1 0 0 0 1 1 0 1 0 0 1 0 0 1 1 1 1 0 1 1 0 0 1 1 1 1 1 0 0 0 0 1 1 0 0 0 0 0 0 0 1 1 0 
1 0 1 1 0 1 0 1 1 1 1 1 0 0 0 0 0 1 1 0 0 1 0 0 1 0 0 1 1 0 1 1 0 0 0 0 1 0 0 1 1 1 0 1 1 0 0 0 1 1 0 1 0 0 0 0 0 0 1 0 0 1 1 1 1 1 1 1 1 
1 0 1 0 0 0 0 0 0 0 0 1 0 1 0 0 1 0 0 0 1 0 0 0 1 1 0 0 1 1 0 0 1 1 1 1 1 1 1 0 1 1 1 1 1 1 1 0 1 1 0 1 0 1 1 1 0 1 0 1 0 0 0 1 1 1 0 0 0 
