58 52 475
67 68 93 32 95 67 52 36 23 81 68 34 49 39 79 27 37 83 100 64 56 4 26 54 15 31 68 46 65 70 48 31 37 40 14 32 58 65 19 80 97 38 14 46 29 92 24 65 26 23 80 82 
78 6 35 44 36 55 90 100 24 37 82 12 29 95 95 86 12 14 18 8 51 83 5 79 26 80 95 52 3 75 85 32 32 71 76 67 25 65 66 100 1 99 64 29 93 58 67 56 23 36 64 26 
18 20 56 43 100 51 46 54 77 30 85 8 1 60 26 77 24 43 29 77 41 92 57 85 1 75 41 24 10 56 49 79 75 4 22 26 6 19 79 34 1 64 93 53 75 18 29 51 60 9 79 52 
52 87 37 5 62 29 28 71 36 28 2 62 83 23 88 41 93 18 74 93 33 19 45 8 36 26 10 48 86 88 51 38 74 39 94 87 67 21 10 2 100 11 64 82 85 3 22 77 20 48 22 53 
66 66 12 53 43 21 52 29 60 3 18 33 41 11 20 60 83 29 61 34 39 76 15 75 30 89 51 50 88 72 54 53 90 65 57 32 85 9 12 44 11 81 28 3 43 99 62 25 27 75 58 17 
50 25 91 32 65 94 81 52 65 34 4 6 50 12 90 34 20 1 29 82 82 56 85 24 55 46 1 33 20 10 2 22 86 44 53 50 37 85 1 54 70 56 11 19 68 100 52 39 1 32 21 34 
87 57 9 93 2 61 78 74 71 31 47 56 74 51 6 63 35 58 68 4 14 78 22 33 78 25 71 30 56 91 63 94 47 23 39 1 84 68 26 6 98 72 13 23 74 70 85 8 28 4 63 93 
82 84 25 11 60 47 40 67 38 54 12 36 28 50 88 11 17 65 68 66 88 81 89 61 2 25 68 29 29 30 21 62 65 97 72 76 44 63 42 33 16 54 20 43 55 60 6 24 24 25 89 12 
57 29 24 59 54 92 87 34 73 60 95 90 8 18 17 3 80 59 35 95 64 7 89 70 66 94 93 41 71 82 4 27 10 28 85 15 19 24 48 43 35 94 84 42 11 1 45 90 11 31 84 74 
37 25 95 54 70 88 95 40 69 98 67 30 25 51 45 95 74 44 90 60 38 73 54 48 73 98 38 35 80 73 60 69 97 55 22 67 42 68 6 62 18 72 91 94 75 87 89 100 31 30 60 68 
2 13 15 27 62 4 61 93 77 21 61 25 27 35 43 68 54 1 29 71 24 71 65 98 10 5 98 40 34 9 59 87 73 25 65 86 29 78 78 57 50 91 33 76 25 76 43 78 76 23 1 99 
45 65 49 54 21 46 93 6 6 3 92 78 28 9 15 8 86 92 64 35 82 96 62 58 23 56 88 98 78 88 49 74 4 97 28 76 94 72 81 99 75 24 28 2 84 94 9 69 85 24 55 19 
71 16 76 94 23 15 43 100 54 91 74 9 39 53 84 32 24 16 82 50 92 61 3 75 54 63 96 91 86 50 9 57 18 36 2 40 51 44 92 56 87 17 65 25 21 100 9 44 16 90 46 59 
3 48 33 56 11 28 46 48 30 54 4 99 42 57 90 92 53 81 99 39 49 63 15 69 63 23 65 30 65 10 88 67 57 72 74 19 52 72 67 81 77 22 31 18 31 20 61 83 1 60 73 1 
22 87 70 36 62 86 17 78 95 56 96 3 28 69 74 79 40 40 11 17 13 41 86 43 60 47 25 12 6 49 13 79 88 34 15 49 71 83 78 65 39 73 19 66 93 44 96 33 35 58 1 48 
98 86 42 9 32 67 73 89 67 37 68 54 70 34 54 92 16 31 8 54 55 26 71 48 22 18 32 56 75 32 3 24 69 45 33 53 63 57 41 29 93 8 83 14 93 36 5 9 19 12 14 73 
89 37 20 10 54 51 66 29 34 20 4 3 64 88 7 78 44 47 59 36 7 41 49 99 28 5 59 98 16 25 23 57 61 42 66 14 45 83 94 30 3 98 84 18 85 90 96 29 89 54 16 95 
46 17 45 25 21 4 75 89 80 97 45 40 90 62 53 86 45 99 16 47 96 51 16 32 41 11 12 29 16 28 75 13 96 19 38 16 74 12 56 53 60 52 44 49 14 49 35 10 47 50 8 94 
52 23 25 92 34 37 72 1 16 98 14 11 17 3 78 42 66 34 47 25 37 90 73 2 38 7 11 36 8 18 29 60 93 6 3 78 94 27 78 9 24 91 71 92 93 48 86 58 33 32 82 70 
21 7 71 11 13 34 46 73 3 75 84 95 80 86 72 73 64 50 33 88 92 3 31 37 2 16 94 87 47 28 8 20 86 78 30 50 63 27 22 66 1 5 12 32 43 84 56 6 85 40 45 76 
42 28 12 96 43 58 82 42 37 89 13 22 18 94 71 33 20 45 98 73 1 61 4 43 44 12 1 80 51 45 8 45 72 71 40 67 28 73 60 16 61 72 89 30 65 12 62 36 56 11 8 56 
72 64 51 67 75 51 47 25 95 54 69 19 24 60 37 4 32 96 71 44 67 12 74 83 23 87 18 30 98 78 37 21 41 39 39 15 89 37 91 36 90 12 6 66 71 42 21 55 37 43 98 55 
54 23 89 28 62 58 57 11 35 46 83 27 84 21 93 73 58 84 60 99 95 65 16 17 6 36 71 94 79 21 100 84 95 40 12 8 97 20 18 84 65 100 10 1 21 3 73 78 38 84 28 32 
48 44 100 5 79 23 50 9 43 1 45 89 40 56 97 88 75 14 23 92 66 85 92 86 87 16 15 76 99 42 59 98 37 58 54 68 80 55 28 74 55 72 63 46 27 59 33 54 24 56 45 89 
40 88 26 78 3 92 5 1 86 63 50 22 20 3 89 52 57 17 25 63 88 39 8 67 97 92 72 73 99 68 61 90 55 87 67 57 78 71 9 15 85 10 37 57 64 25 8 72 93 84 34 33 
23 93 51 71 84 22 43 83 89 56 72 95 42 91 3 71 13 11 86 98 20 74 6 35 50 13 6 43 48 39 75 22 31 77 93 66 98 87 48 38 42 72 84 35 14 86 6 26 96 43 75 67 
16 80 1 65 44 58 59 44 96 85 65 78 61 57 95 10 96 43 99 37 66 82 72 79 67 29 56 14 23 31 32 38 62 32 54 6 41 65 49 36 49 65 65 62 74 60 71 69 54 70 5 71 
51 28 49 18 56 4 83 78 86 15 67 48 98 73 5 39 37 5 26 37 69 91 98 42 2 69 10 55 90 67 25 40 94 25 9 2 80 92 31 18 58 98 65 55 22 21 93 58 25 19 94 93 
9 92 35 62 12 96 16 1 62 92 92 8 68 53 61 47 44 91 64 53 40 80 7 61 100 100 18 24 70 64 69 30 7 55 91 18 50 58 70 64 49 61 23 68 13 83 14 8 73 30 60 13 
61 67 73 13 18 43 88 87 58 56 16 64 10 6 33 12 63 2 75 63 62 97 30 27 31 95 34 3 76 46 67 89 12 92 1 81 34 88 67 91 44 82 6 5 39 38 16 53 91 42 15 52 
38 96 30 20 90 16 23 18 61 41 6 24 32 6 4 17 93 22 59 88 55 64 93 93 53 60 45 43 2 11 47 91 6 76 11 47 91 85 64 3 25 69 26 57 26 81 25 71 2 84 58 56 
47 2 48 100 62 44 94 15 6 40 5 63 16 67 10 58 51 25 61 76 46 38 84 71 19 8 41 20 43 51 28 90 52 27 41 65 71 34 79 28 26 84 91 93 50 52 50 53 28 62 80 73 
52 63 96 70 22 88 41 65 38 68 6 42 95 98 6 17 83 37 44 8 72 86 100 73 89 2 25 17 63 4 41 14 18 88 35 92 76 76 56 65 95 13 58 89 10 16 5 92 52 1 52 23 
38 51 47 27 52 72 95 67 27 87 80 45 75 67 36 2 42 43 66 36 7 76 77 16 91 81 59 42 33 10 16 71 61 62 49 64 85 95 30 12 81 62 8 55 28 43 8 69 37 26 56 43 
1 32 10 91 65 20 84 97 30 99 19 42 12 19 5 97 13 87 8 94 48 15 100 75 9 8 43 97 33 50 91 33 34 100 75 98 19 58 46 100 8 17 93 19 35 98 67 48 84 26 93 31 
92 44 57 100 51 51 48 35 100 38 19 33 89 93 82 60 2 28 59 9 44 52 80 30 1 46 77 36 72 21 18 63 65 74 15 15 24 62 2 75 52 20 8 40 65 89 51 66 68 10 27 63 
13 6 93 65 51 21 100 74 42 69 37 6 42 3 72 17 64 25 91 67 97 50 7 61 91 57 78 58 18 56 21 82 61 65 98 64 85 49 37 26 17 25 83 10 27 7 26 43 31 17 9 27 
18 67 39 8 76 17 66 45 72 38 79 85 54 76 48 38 25 36 16 93 13 50 3 39 56 28 33 87 96 94 65 14 12 4 73 39 72 90 84 43 79 14 79 32 41 26 22 65 14 37 58 26 
38 12 16 94 39 49 32 87 94 96 52 5 51 24 44 22 14 79 17 44 44 95 76 84 73 97 1 86 85 58 11 22 21 78 67 11 26 98 97 71 46 100 28 96 76 23 70 41 53 86 84 96 
80 59 79 52 7 79 89 91 88 99 65 60 77 31 71 54 81 19 77 26 19 4 73 94 26 94 34 78 79 17 73 11 28 3 14 34 34 3 25 73 53 89 33 29 71 3 35 51 21 11 28 91 
14 1 84 91 46 69 68 25 86 92 35 65 46 100 98 79 2 22 4 55 62 36 35 33 38 69 83 10 31 63 1 96 15 36 38 60 5 5 84 42 48 70 6 46 70 3 76 23 77 79 77 90 
14 12 22 3 32 57 65 15 19 65 10 33 100 48 92 56 4 28 97 4 49 2 49 70 57 24 93 33 3 69 74 68 32 96 71 64 4 35 78 74 51 39 6 50 38 49 6 42 28 54 97 77 
8 45 46 64 20 38 48 22 59 21 42 90 68 12 53 71 98 82 44 100 73 1 1 10 2 58 3 29 12 99 57 19 95 55 34 15 44 81 88 2 53 29 92 21 92 96 43 41 78 39 40 50 
91 41 11 92 98 14 73 61 12 81 79 59 35 12 73 79 44 60 80 49 41 23 69 84 19 63 25 48 1 16 49 92 56 59 35 6 72 7 66 36 88 97 94 74 60 66 52 4 77 84 52 69 
6 72 53 76 34 29 23 87 44 71 78 52 30 12 57 53 71 74 88 10 70 33 83 30 98 87 85 27 22 88 47 27 59 51 55 44 79 77 30 75 100 59 26 81 71 34 33 41 7 73 50 29 
5 84 58 55 70 42 33 91 81 79 70 39 30 24 34 8 52 16 82 51 74 59 31 96 92 16 36 51 88 37 79 92 73 36 98 42 29 30 85 9 9 6 99 90 81 84 49 32 99 83 35 73 
41 17 68 85 84 56 35 71 44 13 15 16 48 64 10 28 94 46 88 54 51 86 43 31 21 43 14 20 25 100 44 18 69 63 2 52 70 36 75 14 48 89 81 47 52 42 74 97 87 61 50 37 
98 44 19 18 87 33 37 63 84 32 80 52 95 81 4 16 16 78 29 15 18 62 61 21 3 34 18 90 46 19 78 43 63 97 13 1 81 1 15 64 33 47 68 79 27 23 94 95 52 75 61 69 
88 22 41 90 7 58 31 5 29 9 99 43 5 11 95 37 12 9 100 96 55 19 26 34 41 19 80 92 45 40 12 32 13 53 74 20 62 4 24 90 64 22 84 68 85 78 56 48 87 8 43 93 
26 68 78 67 38 57 10 83 49 22 14 61 26 39 32 39 43 7 81 6 29 64 26 65 42 81 12 80 88 6 72 66 73 2 32 62 58 93 44 58 14 10 19 91 48 50 30 42 57 10 48 37 
25 25 53 66 57 64 45 45 69 69 10 93 70 93 54 79 85 50 37 51 59 7 93 58 8 22 100 16 83 99 4 8 23 56 25 79 19 70 75 39 90 36 83 59 28 37 89 65 38 25 67 96 
83 59 5 91 33 4 6 67 2 10 74 76 65 51 55 36 20 81 26 9 17 9 19 96 97 7 60 86 84 78 33 66 37 37 56 69 41 14 35 94 23 61 70 39 11 76 26 82 8 4 42 24 
12 60 20 60 18 31 45 53 61 77 19 97 65 26 17 57 91 51 51 65 63 72 4 73 99 81 6 6 84 47 82 47 58 53 58 76 35 2 28 95 30 98 91 47 76 7 3 66 10 53 31 72 
76 86 97 26 66 2 32 50 49 13 96 6 65 6 33 99 7 13 94 89 10 36 35 85 95 89 3 4 94 33 27 69 18 23 95 35 25 78 84 73 42 32 30 58 37 15 8 95 27 53 35 88 
89 21 25 35 10 27 38 3 59 64 23 28 87 69 62 63 98 98 87 39 81 68 48 69 82 56 63 8 8 50 96 48 22 20 82 31 46 71 85 56 87 8 35 25 28 48 87 26 45 73 64 25 
40 12 93 22 19 8 81 78 9 76 26 30 47 59 13 44 82 97 99 68 56 85 92 84 33 30 9 77 54 24 54 93 87 98 66 5 57 99 35 65 74 12 47 21 70 59 16 3 7 15 22 63 
51 13 98 83 94 58 12 47 33 17 40 72 66 57 28 23 55 62 39 81 73 37 53 95 95 68 97 54 34 19 68 85 83 65 19 77 74 30 23 6 46 14 29 12 23 57 86 29 18 76 9 91 
13 13 37 59 81 33 12 66 3 31 50 38 47 21 66 20 50 40 78 48 6 6 11 28 62 96 8 32 23 69 22 87 81 10 46 13 42 9 79 97 40 80 86 86 100 51 58 2 90 35 49 95 
1 0 1 1 1 1 0 1 1 1 0 1 0 1 0 1 1 0 1 0 1 0 0 1 0 1 0 0 1 0 0 0 0 0 1 1 1 1 0 0 0 0 1 0 1 1 0 1 1 1 1 1 
0 1 0 0 0 0 0 1 0 1 0 0 1 1 1 0 1 1 0 1 0 1 0 1 1 0 0 0 1 0 1 1 1 1 0 0 1 0 1 1 1 1 1 0 1 0 0 0 0 0 1 0 
0 1 1 1 1 0 1 1 0 1 0 1 0 0 1 0 1 1 1 0 0 1 1 1 1 1 1 1 0 1 1 0 0 1 1 0 1 0 1 1 1 1 0 0 0 0 0 1 1 1 1 1 
0 0 1 0 0 0 1 0 1 1 0 0 0 1 0 1 1 1 0 1 0 0 1 0 0 1 1 1 0 1 1 1 1 0 1 1 0 0 1 0 1 1 0 1 0 0 0 0 1 0 1 1 
1 0 0 1 1 1 1 1 0 0 0 0 0 1 1 0 0 1 0 1 0 0 1 1 0 1 1 1 0 0 1 1 0 1 0 1 0 1 0 1 1 1 1 1 0 0 0 0 1 0 0 0 
1 1 1 1 0 0 1 0 0 0 1 0 1 0 1 1 1 1 0 1 0 1 0 1 0 0 1 1 1 1 1 0 0 0 1 1 0 0 1 0 0 1 0 1 1 1 1 0 1 1 1 1 
1 0 0 1 0 0 0 1 1 0 1 0 0 1 1 1 1 0 1 0 1 0 1 0 1 0 1 0 0 0 0 1 0 0 0 1 0 0 0 0 0 0 0 1 1 1 0 0 1 1 0 1 
1 0 1 1 0 0 1 0 1 1 1 1 0 1 0 0 0 1 0 0 1 0 1 0 1 1 0 1 1 1 0 0 1 1 1 1 0 1 0 1 0 1 0 0 1 1 1 1 0 1 1 1 
0 1 1 1 0 1 0 1 0 0 0 1 0 1 1 0 0 1 1 1 0 1 1 1 0 0 0 0 0 0 1 0 1 0 1 1 0 0 1 0 0 1 0 0 0 1 0 1 0 1 0 0 
1 1 0 1 0 0 0 0 0 1 0 1 0 1 1 0 1 0 0 0 1 0 0 1 1 1 0 1 0 0 0 1 0 0 1 0 0 1 0 1 0 0 0 0 1 1 0 1 1 1 1 0 
1 1 0 1 0 0 0 1 1 0 0 1 0 1 1 1 0 1 0 1 1 0 1 0 0 0 1 1 1 0 0 0 0 0 1 0 0 0 1 1 0 0 0 1 1 1 0 0 0 0 1 1 
0 0 0 0 0 1 0 1 0 0 0 0 0 1 0 0 1 0 0 0 0 0 1 1 0 1 1 0 1 0 0 1 1 0 0 1 1 0 1 1 0 1 1 0 0 0 0 0 0 0 0 0 
1 1 1 1 0 1 1 1 1 1 0 0 1 0 0 1 0 1 0 0 0 0 0 0 0 1 0 0 1 0 0 0 1 1 1 1 0 1 0 0 0 1 0 0 1 0 1 0 1 1 0 1 
1 1 0 1 0 0 1 1 1 1 0 0 1 1 0 1 0 0 1 1 1 0 1 1 0 0 1 0 1 1 1 1 0 1 0 0 0 0 0 1 1 0 1 0 1 1 0 0 0 1 1 1 
1 0 0 0 0 1 0 1 1 1 0 1 1 1 0 1 1 0 0 0 0 1 1 1 1 1 1 1 0 0 0 0 0 1 0 0 0 0 0 1 1 0 1 0 1 1 1 0 1 1 1 1 
1 0 0 0 1 0 1 1 0 1 1 1 0 1 1 1 1 1 0 1 0 1 1 1 0 1 0 1 0 1 0 1 1 1 1 0 1 0 1 1 0 1 0 0 0 0 1 0 1 0 1 1 
1 0 1 0 1 1 1 0 0 0 1 1 1 1 1 0 1 0 1 1 1 0 0 0 0 1 0 1 1 1 1 1 1 0 1 1 1 0 1 1 0 0 0 1 1 1 1 1 1 1 0 1 
1 0 1 1 0 1 0 1 0 1 0 1 1 1 0 0 0 1 1 0 0 1 0 1 0 1 0 0 0 1 1 1 1 0 0 1 1 1 1 1 0 1 0 0 1 1 0 1 0 0 1 0 
1 1 0 0 1 0 0 1 1 1 1 1 1 1 0 0 0 1 1 1 1 1 1 0 0 1 1 1 1 0 1 1 0 1 1 1 0 1 0 1 0 1 0 1 1 1 1 1 0 0 0 1 
1 1 1 0 1 0 1 0 1 0 1 1 0 0 0 0 1 0 1 1 0 0 0 1 1 1 0 1 1 1 1 1 0 0 1 1 1 0 0 0 0 1 1 0 0 1 0 1 1 0 1 1 
0 1 0 1 1 1 0 0 0 1 1 0 0 0 0 1 0 0 1 1 1 0 1 1 1 0 1 0 0 0 0 0 1 0 1 0 1 1 1 1 1 0 0 1 1 0 0 1 0 1 0 1 
1 0 1 0 0 0 0 0 0 0 0 1 1 1 0 0 0 1 0 1 1 0 0 0 0 0 0 0 1 0 1 0 0 0 0 0 0 1 0 0 1 0 0 0 1 0 1 0 1 1 1 0 
1 0 1 1 0 1 1 0 1 0 0 0 1 1 0 1 0 1 0 1 1 0 0 1 0 1 1 1 0 0 1 1 0 0 0 1 1 1 1 1 1 1 1 0 0 1 0 0 0 0 0 0 
0 0 1 0 1 0 1 1 0 0 0 1 1 0 0 0 1 1 1 0 0 0 1 1 0 1 1 0 1 1 0 1 1 1 1 0 1 0 1 0 0 1 1 1 1 1 0 0 0 1 1 0 
0 0 1 0 1 1 0 0 0 1 1 0 0 0 0 0 0 0 0 0 1 1 0 1 0 0 1 0 1 0 0 1 0 0 1 1 1 0 1 1 1 0 1 1 0 0 1 0 0 1 1 1 
0 1 0 0 1 0 0 0 0 1 0 1 1 1 0 0 1 0 1 0 0 1 0 1 1 1 1 1 1 0 0 1 1 1 0 0 1 0 1 1 1 1 0 0 0 1 0 0 1 0 0 1 
1 0 0 0 0 0 1 1 0 1 0 0 0 0 0 1 1 1 1 0 0 1 1 1 0 1 1 1 1 1 1 0 0 1 0 0 1 1 1 0 1 1 0 1 0 0 1 1 0 0 1 0 
1 0 1 0 0 0 1 1 0 0 0 0 0 0 0 1 0 1 1 1 0 1 0 0 0 1 1 0 1 1 0 1 1 0 1 1 0 0 1 0 1 1 0 1 1 0 0 1 1 0 0 0 
1 1 0 1 0 0 1 0 1 0 1 0 0 0 0 0 0 1 1 1 0 1 0 1 0 1 1 1 1 1 1 0 0 0 0 1 0 1 1 1 1 0 1 1 0 1 0 0 0 1 0 0 
0 0 0 0 1 1 0 0 0 1 1 1 1 1 0 1 0 1 0 0 1 0 1 1 1 1 1 0 0 1 0 1 0 0 1 1 1 1 0 0 1 1 1 0 0 1 0 0 0 0 0 1 
0 0 0 0 1 1 0 0 1 0 1 1 1 0 0 0 0 0 0 1 1 1 1 1 0 1 0 0 0 0 1 0 0 1 0 0 1 0 0 0 1 1 1 0 1 1 0 1 0 1 0 1 
0 0 1 1 1 1 1 1 1 1 0 0 0 0 0 1 1 0 1 0 1 0 0 0 0 0 0 0 1 0 1 0 0 0 1 0 1 0 1 1 1 1 1 0 0 1 1 1 1 1 1 0 
1 1 0 1 1 0 1 1 1 1 1 1 1 0 1 1 0 1 0 0 0 1 0 0 0 1 1 1 0 0 1 0 1 1 1 1 0 1 0 1 0 1 0 1 1 0 0 1 1 0 1 1 
1 1 0 1 1 1 0 1 0 1 1 1 1 1 0 1 0 0 0 0 1 0 1 0 0 0 0 1 0 1 1 0 1 1 1 0 0 0 1 0 1 1 0 0 0 0 1 0 1 1 0 0 
0 1 1 0 1 1 0 0 0 1 0 1 0 1 1 0 1 1 1 1 0 1 1 0 1 1 0 0 0 0 1 0 1 0 1 1 1 1 1 1 0 1 1 0 0 0 0 0 1 1 1 1 
0 0 1 0 1 1 0 0 1 1 0 1 1 1 0 0 0 1 0 0 0 1 0 0 1 1 0 1 0 1 0 1 0 0 1 1 1 1 1 1 1 0 0 0 1 0 1 0 1 1 0 1 
0 1 1 1 0 0 0 0 1 1 1 1 1 0 1 0 0 0 1 1 0 1 1 0 1 0 0 0 1 0 1 1 1 1 1 1 1 1 0 0 0 1 0 1 0 1 0 0 1 1 1 0 
1 0 0 0 1 0 1 0 0 0 0 0 1 1 1 0 0 1 1 1 1 1 0 1 0 0 1 1 0 0 1 1 0 1 1 1 1 0 0 0 1 0 0 0 1 1 1 1 1 0 0 0 
1 1 1 1 1 0 0 1 0 0 0 0 1 0 0 1 0 0 1 1 0 1 0 1 0 1 0 1 1 1 1 0 0 0 1 1 0 1 1 0 1 1 1 1 1 1 0 0 1 1 1 1 
0 1 0 0 0 0 0 1 1 1 1 1 0 0 1 0 0 0 1 1 1 0 0 1 1 0 1 0 1 0 1 1 0 1 0 0 1 0 0 1 1 1 0 1 0 1 0 0 1 1 1 1 
1 0 0 0 0 1 0 0 1 1 1 1 0 1 0 1 1 0 0 1 1 1 0 1 0 0 1 0 1 1 1 0 1 1 0 1 0 0 1 1 1 1 1 1 0 1 1 0 1 1 1 0 
0 1 0 1 0 1 1 1 0 0 0 1 1 0 1 1 1 0 0 0 1 1 0 0 0 1 0 1 0 1 0 1 0 0 0 0 1 1 0 0 1 0 1 0 0 0 1 1 1 1 0 0 
1 0 0 1 1 0 1 1 1 1 0 0 1 0 0 0 1 0 0 0 0 0 0 1 0 1 0 1 1 0 0 0 0 0 1 1 1 0 1 0 1 1 0 0 0 1 1 1 1 1 0 0 
1 0 1 0 0 1 1 1 0 1 1 0 0 0 0 1 1 1 1 0 0 0 1 0 1 0 0 0 1 0 0 1 0 1 1 0 1 0 1 1 0 0 1 0 1 1 1 0 0 0 0 1 
0 1 1 1 1 1 0 1 1 0 0 0 0 1 0 1 1 0 0 1 0 1 1 1 1 0 1 1 1 0 0 1 1 0 1 1 1 1 0 1 1 0 1 1 1 1 0 0 1 0 0 0 
0 1 1 1 0 1 0 1 1 1 0 0 1 1 1 0 0 1 1 0 1 0 1 0 0 0 1 1 0 1 1 0 0 1 1 0 0 0 1 1 1 0 1 0 1 1 0 0 0 0 0 0 
0 1 0 0 1 1 0 0 0 1 0 1 0 0 1 0 0 1 1 1 1 1 1 0 0 1 0 0 1 0 0 0 0 1 0 1 0 0 1 1 0 0 0 0 0 1 1 0 0 0 1 1 
1 0 0 1 1 0 0 1 1 0 1 1 1 1 0 0 0 0 1 0 0 1 0 0 0 1 0 1 0 1 0 1 1 0 1 0 1 1 1 0 1 0 1 1 0 1 1 0 1 0 0 1 
1 0 1 1 0 1 0 0 0 1 1 1 1 0 0 0 1 1 0 1 0 1 0 0 1 1 0 0 1 0 0 0 0 1 1 0 1 0 0 1 1 0 1 0 0 1 1 0 0 1 1 0 
1 1 0 0 0 0 0 1 0 0 1 1 0 0 1 1 0 0 0 1 0 1 0 0 0 1 0 1 0 1 1 1 0 0 1 0 0 0 1 1 0 0 0 0 1 1 1 1 1 0 1 1 
1 1 0 0 0 0 1 0 0 0 0 0 0 1 1 1 1 0 0 0 1 0 0 0 1 0 1 1 0 0 0 1 1 0 1 1 1 0 0 1 1 0 1 1 1 0 0 1 1 0 1 0 
0 1 0 0 1 1 1 1 0 1 1 1 0 0 1 1 1 1 0 0 1 1 1 0 0 0 1 1 0 0 1 1 0 1 1 1 0 0 1 0 1 0 0 1 0 1 0 1 0 0 1 1 
0 1 1 0 1 1 1 1 1 0 0 1 1 1 1 1 1 0 0 1 0 0 0 0 1 1 0 1 1 1 0 1 0 1 1 1 0 0 1 0 0 1 1 1 1 0 1 0 0 1 1 0 
1 0 1 0 1 1 1 0 0 1 0 1 0 1 0 1 0 1 1 0 1 0 0 0 1 1 0 1 0 0 0 1 0 1 1 1 0 0 1 0 1 1 1 1 1 0 0 1 1 1 1 0 
0 1 0 1 0 1 0 0 1 0 1 1 1 0 0 1 0 1 0 1 1 1 1 0 1 1 1 1 1 0 1 1 0 0 0 0 1 0 1 0 1 0 1 0 1 1 0 1 0 0 1 1 
1 0 1 1 1 0 0 0 1 1 1 1 1 1 1 0 0 0 0 1 1 1 1 0 0 1 1 1 1 0 0 1 0 0 0 0 0 0 0 1 1 0 0 1 1 0 1 1 0 0 0 1 
1 0 1 0 1 1 1 1 1 1 0 0 1 0 0 0 0 0 1 1 0 0 0 0 0 0 1 0 0 0 0 1 0 1 1 1 0 0 0 0 0 0 0 1 0 0 1 0 0 1 0 1 
1 0 1 1 0 0 1 0 0 1 0 0 1 1 0 1 0 0 1 0 1 1 1 1 1 1 0 0 0 0 1 1 0 0 0 1 0 1 1 1 1 1 1 0 1 1 1 1 0 1 1 1 
