66 55 740
32 78 27 33 21 80 18 35 19 56 7 17 30 7 89 89 13 3 20 35 71 31 64 32 10 65 63 31 65 71 10 96 48 89 80 69 68 49 3 86 4 9 54 85 67 42 26 79 45 45 13 67 28 29 99 
37 93 13 68 9 83 29 56 83 17 87 3 84 36 57 21 91 65 75 28 83 16 53 62 12 49 26 79 76 54 29 65 99 41 84 7 75 12 63 9 29 49 11 64 36 67 85 27 83 11 54 66 78 58 27 
42 58 4 20 34 58 100 50 56 40 33 62 66 96 76 75 24 77 37 40 12 4 24 38 86 86 43 3 63 52 81 4 10 85 75 43 42 74 44 49 65 76 62 83 71 38 9 47 14 45 86 25 48 61 15 
86 98 9 40 60 61 21 16 70 5 42 64 46 16 7 46 32 34 7 14 4 44 74 2 9 19 39 86 18 51 52 55 48 60 95 8 20 15 75 41 19 16 4 16 83 62 61 15 95 67 80 51 63 54 52 
23 24 43 60 41 93 11 96 41 23 90 100 42 4 74 35 74 41 38 89 24 100 1 90 94 19 21 96 33 26 48 56 49 90 67 90 82 78 37 74 100 26 73 93 81 46 27 6 39 17 94 62 68 46 3 
13 64 23 9 97 49 8 4 49 49 70 90 82 99 26 56 50 3 28 95 35 26 21 40 64 89 33 77 56 30 79 21 94 53 29 42 53 36 97 2 84 18 91 17 17 69 72 18 71 52 12 6 77 85 45 
92 73 30 68 81 59 98 1 4 50 29 97 3 16 93 56 51 11 46 67 79 66 91 96 37 42 60 94 70 44 38 61 68 19 80 48 30 77 48 85 78 28 82 32 95 26 39 45 88 37 64 66 2 54 14 
38 95 25 31 64 68 21 76 35 91 55 83 20 83 82 5 12 62 38 96 56 63 34 53 51 70 68 68 72 21 33 61 67 57 44 82 76 64 57 11 6 63 45 78 97 78 34 8 39 71 55 47 85 89 51 
35 58 18 55 81 38 39 42 56 96 85 37 71 100 45 33 57 7 77 34 55 55 67 62 45 37 69 43 74 57 93 60 66 10 14 47 99 53 40 54 100 76 42 22 75 86 7 31 44 83 17 98 89 83 12 
86 72 80 28 45 88 73 4 53 34 70 51 33 74 42 38 25 17 32 98 43 17 4 26 13 39 42 10 79 76 73 16 47 4 44 43 91 68 99 96 1 68 98 33 93 40 23 17 56 54 66 51 22 70 76 
34 8 69 96 38 44 68 54 91 24 49 85 14 16 83 9 16 50 7 1 94 98 75 62 5 28 28 55 1 97 82 35 56 50 82 93 94 1 98 36 24 46 20 38 13 3 98 81 4 56 33 98 53 7 59 
10 86 86 16 86 34 98 72 89 99 53 34 92 54 83 27 77 81 99 66 93 1 16 25 4 71 57 53 76 15 12 37 100 49 52 38 35 49 9 75 48 14 8 91 19 43 70 47 23 68 13 67 68 80 92 
23 50 48 76 77 15 39 13 14 39 65 3 73 65 64 48 64 77 7 55 47 49 76 93 23 43 57 90 10 36 33 84 38 32 11 14 46 49 79 12 40 95 14 12 11 29 11 75 57 18 81 3 18 56 96 
93 98 52 34 59 40 66 42 77 97 53 42 43 53 72 6 92 66 71 56 77 100 66 51 56 35 83 59 5 38 54 97 35 57 30 45 96 47 86 24 43 90 66 37 95 37 42 86 55 13 93 31 12 11 33 
19 97 15 77 1 4 82 49 90 91 30 34 86 76 71 62 71 13 27 7 7 15 1 44 69 13 37 51 76 47 83 46 43 49 75 96 52 56 96 41 46 26 74 84 53 97 45 23 9 23 30 15 89 82 58 
58 46 46 8 73 44 43 18 39 91 92 34 95 100 29 35 45 6 61 80 59 57 76 33 65 50 14 31 39 95 40 48 40 86 7 12 29 1 82 67 92 73 52 86 72 33 72 69 38 32 100 48 40 28 81 
56 77 94 86 67 89 26 66 80 63 73 44 91 73 25 58 16 97 61 53 21 93 25 41 31 8 40 78 100 19 10 55 96 4 93 14 44 70 80 23 32 52 66 22 76 42 31 92 91 92 96 11 84 72 3 
66 80 94 96 79 13 5 85 8 60 77 73 55 46 52 78 29 3 95 51 31 37 33 74 27 76 69 89 12 41 91 29 72 84 24 2 48 81 86 7 92 15 80 47 12 31 76 41 86 70 43 16 58 75 89 
36 3 9 24 14 49 66 42 20 2 18 73 49 50 59 56 41 25 35 87 36 17 62 76 2 84 18 69 93 45 9 29 47 18 52 12 18 70 5 90 71 74 62 19 23 72 26 16 96 12 2 32 29 16 59 
82 51 29 51 43 73 11 71 71 28 75 34 46 44 90 87 14 64 48 84 86 20 62 1 67 25 55 50 53 22 9 87 24 37 89 66 61 99 89 83 79 63 16 76 6 5 62 71 20 9 6 6 80 19 58 
47 44 64 48 96 37 56 34 60 44 22 78 56 73 66 38 51 28 5 26 85 10 87 7 29 47 64 86 79 83 96 77 26 11 24 73 100 80 7 59 75 80 88 31 52 53 68 54 32 73 31 68 34 17 26 
14 16 90 52 46 72 99 22 49 61 45 73 60 76 31 71 51 11 58 33 14 11 100 20 94 24 50 62 9 19 39 75 86 28 26 31 51 76 52 51 36 48 24 96 76 54 66 78 16 75 10 82 37 61 1 
31 37 2 44 45 20 82 19 5 62 96 35 12 71 38 63 59 86 38 54 13 91 71 90 59 45 99 92 82 11 44 64 47 45 7 92 65 40 62 21 1 10 8 65 80 45 79 90 82 16 95 94 58 65 35 
16 62 33 59 95 44 2 10 42 47 68 33 63 7 47 83 60 56 42 24 87 39 2 77 20 17 71 66 26 88 100 94 1 85 52 47 80 54 56 21 100 23 6 14 81 52 96 40 59 90 63 97 28 16 73 
47 84 96 64 10 35 16 3 35 100 54 81 31 7 88 51 58 10 8 71 42 11 19 82 69 8 96 66 35 64 90 33 47 37 49 56 23 64 10 57 15 64 89 97 22 28 47 32 89 55 54 31 17 72 64 
86 31 11 3 17 74 44 2 21 81 2 28 3 17 90 12 31 5 52 27 26 80 25 9 68 31 63 50 48 86 13 85 69 24 87 37 97 30 38 69 62 39 49 17 55 38 28 37 42 31 15 19 10 92 80 
30 22 42 79 21 79 44 5 47 67 43 84 15 25 73 36 86 64 84 54 18 73 81 7 66 64 73 36 25 64 15 54 38 56 85 58 35 28 15 33 46 9 16 12 33 41 47 71 4 82 24 73 6 57 79 
71 20 52 7 44 67 21 50 4 29 86 62 15 65 28 99 10 36 15 73 69 7 72 91 10 53 14 82 11 22 13 81 41 16 39 37 82 12 38 86 92 23 47 6 87 74 4 96 9 70 20 29 76 91 19 
37 96 85 19 6 6 31 38 99 46 77 87 27 40 24 64 31 46 10 88 32 35 91 79 96 13 98 76 40 89 95 77 84 31 47 41 36 29 78 86 26 6 72 52 45 95 16 27 40 77 14 71 64 57 1 
59 69 99 34 60 39 80 36 74 10 34 14 98 62 43 83 87 49 7 91 93 1 58 20 93 34 85 15 49 41 16 59 61 66 93 21 56 24 8 29 86 42 94 35 3 36 69 90 36 75 32 81 28 89 52 
20 74 36 34 23 77 49 81 37 66 25 9 21 1 17 49 38 58 94 72 12 30 40 53 17 67 84 97 94 24 48 13 98 84 46 72 12 47 4 100 12 81 9 33 81 77 33 18 86 27 41 97 8 32 2 
24 98 37 73 43 61 20 7 58 55 5 81 18 51 84 18 14 64 78 98 96 54 31 13 91 57 5 39 16 37 40 91 86 77 63 29 37 83 35 46 89 39 78 7 41 61 24 55 77 53 52 72 58 34 37 
48 42 41 86 57 29 78 48 15 54 10 95 42 44 29 39 33 20 16 39 12 28 14 66 4 18 70 28 75 55 64 74 97 56 11 5 85 88 52 51 93 14 45 34 9 25 24 93 44 39 83 56 67 48 73 
22 65 94 49 91 49 64 64 45 20 75 49 56 14 53 6 7 18 50 92 78 74 16 71 70 6 53 77 72 53 49 46 17 95 46 8 43 10 23 39 81 97 39 88 11 43 93 69 12 94 60 90 19 27 12 
88 33 16 64 56 68 65 53 85 59 99 44 53 8 66 91 40 15 29 27 77 24 71 45 35 16 56 24 34 83 35 22 67 51 37 22 18 53 75 54 11 25 97 63 84 63 53 23 77 34 1 53 57 71 49 
43 86 4 67 71 38 53 44 4 55 81 78 25 33 4 30 96 28 27 58 11 41 63 85 69 48 85 73 56 7 73 98 44 76 16 14 66 21 10 21 75 90 50 51 74 53 81 21 32 59 31 94 99 45 30 
19 92 66 91 99 24 63 96 67 90 64 33 7 84 42 28 58 83 77 61 8 82 41 29 65 99 11 11 49 55 40 67 98 58 9 96 81 23 43 100 12 6 32 19 41 25 98 51 59 74 11 66 7 3 46 
72 1 56 34 1 62 25 67 59 82 27 6 15 49 49 14 12 6 97 82 47 21 79 49 31 5 59 96 11 61 94 34 13 49 67 13 11 44 31 21 77 57 27 91 57 27 4 68 32 100 50 30 72 28 78 
2 32 88 50 95 100 43 80 12 43 47 76 5 42 6 26 18 14 52 9 70 78 64 90 61 16 39 43 39 18 72 41 2 12 42 48 11 36 27 23 78 25 98 83 66 56 8 84 69 11 44 91 40 7 80 
52 22 70 46 61 87 18 53 40 29 46 87 39 81 14 13 58 38 11 92 56 18 51 39 86 13 34 76 52 40 7 56 14 76 1 26 15 18 30 6 98 75 93 89 55 58 1 64 47 63 56 2 80 58 92 
18 71 25 45 22 65 52 29 30 79 30 55 93 99 36 99 49 10 43 37 16 52 89 31 98 4 86 100 83 96 91 52 66 68 97 39 84 48 68 13 78 97 19 23 47 54 73 95 15 15 31 30 66 72 60 
15 75 98 14 57 93 57 61 10 24 57 48 59 56 15 71 33 63 41 55 10 94 27 4 60 93 87 89 10 58 100 25 32 49 38 40 41 46 100 2 21 8 50 79 63 16 1 48 31 41 54 92 86 81 47 
45 25 33 33 35 42 85 59 25 33 48 65 26 94 16 27 66 24 76 45 38 44 45 85 74 38 91 65 23 71 11 68 95 96 52 81 89 36 39 14 21 39 78 46 84 45 72 49 20 100 93 10 95 90 46 
20 27 36 84 49 58 46 68 53 93 20 85 82 7 24 95 27 14 24 24 97 20 48 45 40 99 90 1 93 79 46 12 57 82 47 5 39 44 73 43 89 44 80 70 50 3 16 29 68 91 52 64 10 99 8 
1 97 97 1 89 27 99 52 83 32 98 40 22 94 12 65 82 7 44 3 56 98 18 36 17 8 88 80 69 86 87 22 83 36 74 23 62 72 75 97 3 24 36 25 17 99 41 50 5 36 52 12 85 21 48 
1 80 35 32 49 72 70 22 6 5 95 29 19 67 55 15 21 30 50 97 99 48 89 48 4 76 52 15 12 72 14 64 4 48 95 52 72 65 25 77 21 19 57 39 37 63 53 58 93 54 6 43 1 47 42 
4 22 93 71 34 17 84 49 20 84 44 23 55 60 47 83 80 17 40 19 54 54 23 63 46 77 68 40 29 14 82 85 88 26 7 73 94 90 21 65 73 16 39 79 75 37 62 7 54 53 25 7 6 99 69 
4 27 88 95 56 54 76 92 41 54 98 65 47 39 85 64 64 53 2 42 27 39 55 33 92 59 9 50 65 60 70 20 86 9 14 93 62 42 36 54 47 33 18 45 72 55 8 35 7 10 28 85 100 35 70 
43 93 78 92 9 37 13 80 75 21 94 19 83 87 55 88 33 39 58 77 10 12 85 96 70 46 76 54 45 10 23 87 54 53 30 15 41 42 94 67 62 87 86 96 25 40 36 57 78 93 86 40 56 22 87 
77 67 62 30 63 23 5 1 29 9 82 43 49 23 36 16 36 75 53 84 99 92 71 8 69 63 93 60 70 66 47 46 32 60 27 46 35 83 98 63 91 79 57 92 53 92 59 88 66 11 23 17 2 93 76 
22 7 20 34 76 85 80 73 16 91 100 13 25 34 10 87 25 88 95 16 40 87 26 79 4 36 2 72 89 46 47 10 53 66 43 28 50 74 1 17 65 52 29 89 85 90 28 61 29 22 28 20 60 53 51 
16 88 4 87 76 49 34 38 1 51 32 81 1 58 33 69 22 84 50 62 20 39 41 81 20 15 8 91 26 13 41 41 100 44 28 28 93 13 17 93 63 48 73 15 5 5 84 78 40 85 92 12 75 84 92 
94 98 51 37 76 63 77 16 15 21 43 42 65 7 58 9 70 57 34 36 14 90 71 43 30 55 34 41 82 70 84 27 19 34 63 94 49 40 10 63 12 4 56 28 11 13 36 32 21 69 19 34 11 90 29 
92 96 14 32 77 83 67 56 2 52 18 95 100 57 56 14 20 60 69 47 22 33 83 5 54 3 23 39 13 64 67 4 12 81 87 40 63 5 95 16 57 13 11 8 21 18 74 93 29 42 39 50 75 73 6 
28 28 81 66 92 96 33 48 7 65 86 99 27 91 93 43 99 57 5 58 30 22 31 22 3 73 12 4 99 37 10 26 64 90 43 7 85 27 54 44 91 40 42 70 82 86 12 32 95 68 89 76 41 72 49 
43 96 60 47 94 96 8 71 11 97 13 70 33 40 23 28 82 14 69 51 47 7 14 78 1 81 19 28 74 90 76 68 37 35 66 30 83 73 100 45 21 64 14 6 3 89 33 85 2 2 87 1 60 1 78 
12 33 48 39 6 89 14 26 25 100 91 54 34 64 5 79 84 69 44 41 23 32 74 59 86 75 46 86 86 98 15 97 30 63 35 88 3 100 13 28 99 55 33 33 18 90 63 54 58 6 94 32 90 67 91 
75 93 88 12 30 85 78 26 66 92 12 53 95 63 17 22 62 72 6 46 41 95 60 46 4 65 92 36 6 10 26 32 55 65 43 84 49 73 62 14 64 73 19 58 88 35 79 49 58 37 46 51 31 5 96 
35 21 39 70 27 49 47 58 3 11 53 38 11 25 99 76 88 24 94 98 11 81 28 11 38 64 8 40 95 12 36 81 84 74 50 10 74 48 20 76 10 24 14 72 48 64 47 87 87 41 84 49 73 12 11 
10 75 18 2 21 29 37 1 65 62 50 74 36 49 45 63 10 68 28 81 67 92 28 54 30 20 37 31 92 100 41 53 27 59 54 47 39 42 48 3 4 49 29 91 50 25 5 59 93 33 40 59 76 19 64 
57 38 53 39 81 52 80 33 78 90 39 25 80 80 24 35 35 72 63 77 21 39 82 32 31 66 71 42 41 89 5 49 78 57 88 58 9 67 42 38 8 32 14 87 64 37 21 98 61 35 27 33 74 8 64 
56 25 34 97 65 74 2 13 3 58 52 12 18 18 54 56 77 37 69 64 100 58 36 50 18 23 76 50 48 35 66 55 59 51 52 75 25 5 39 79 62 91 91 80 60 96 87 37 32 55 52 32 64 39 81 
33 61 8 35 60 42 100 15 52 50 18 26 26 22 64 5 83 54 95 14 14 90 100 2 21 7 53 52 22 91 84 55 4 91 89 63 84 88 29 35 37 46 60 15 67 76 19 2 29 13 67 94 54 19 95 
74 25 99 78 46 90 13 52 93 4 40 55 87 27 36 22 16 81 33 30 100 8 48 1 89 12 67 34 65 85 81 90 61 79 19 59 68 32 10 60 87 50 67 25 28 2 46 43 34 31 24 33 38 71 85 
78 34 4 12 98 40 92 40 53 70 58 11 90 41 72 1 27 73 67 52 53 20 49 95 54 79 19 38 69 41 23 46 75 26 9 24 65 100 15 17 22 73 79 63 65 3 63 92 75 82 95 27 1 43 74 
6 74 44 44 94 36 66 91 62 43 100 38 59 51 52 28 24 76 6 86 41 60 49 32 87 30 78 65 82 20 38 88 45 33 31 38 21 48 29 82 42 80 19 100 30 23 27 54 98 85 91 38 44 39 21 
1 1 1 0 1 1 1 0 1 0 0 1 0 1 1 1 0 0 0 1 1 0 0 0 1 0 1 1 1 1 1 1 1 1 1 0 0 0 0 1 0 0 0 0 1 1 0 1 1 0 0 1 0 0 1 
1 0 0 0 0 0 0 1 1 1 0 1 1 0 1 0 1 1 1 1 0 0 1 1 0 1 1 1 1 0 0 1 0 1 1 0 1 1 1 0 0 1 1 1 0 0 0 1 1 1 0 1 1 0 0 
1 1 1 0 1 1 1 0 0 0 1 0 1 1 0 1 1 1 0 1 1 0 1 0 1 0 1 0 1 1 0 1 0 1 1 1 1 0 1 1 0 1 1 1 0 1 0 1 1 0 0 0 0 1 1 
1 1 0 1 1 1 1 0 1 1 1 1 0 0 0 1 0 1 0 0 1 0 0 1 1 1 1 1 1 1 0 1 0 0 0 1 1 0 1 1 1 1 0 1 1 0 0 1 0 0 1 1 0 0 0 
1 1 0 1 0 1 1 1 1 0 0 1 1 0 0 0 1 1 0 0 0 1 0 0 1 0 1 0 1 1 1 0 0 1 1 1 0 1 0 1 1 0 0 0 0 1 1 1 0 1 1 1 0 1 1 
1 0 0 0 1 0 1 1 0 0 1 1 0 0 0 1 1 0 0 1 1 1 0 0 1 0 0 0 0 1 1 0 1 0 0 0 0 1 0 0 1 1 0 1 1 0 0 0 0 0 1 1 1 0 0 
1 0 0 1 0 1 1 0 1 1 0 1 1 1 1 1 0 0 1 1 1 1 0 1 0 0 1 1 0 1 1 1 1 1 0 1 1 1 0 0 0 0 1 1 0 1 1 0 1 0 0 1 0 0 0 
0 0 1 1 0 0 1 1 1 0 0 1 1 1 1 1 0 1 1 1 1 0 0 0 1 1 0 0 1 0 1 1 0 0 0 1 1 1 0 0 0 0 1 1 0 0 1 0 0 0 1 1 0 0 1 
1 1 1 0 0 1 1 1 0 1 1 1 0 1 1 1 1 0 0 0 0 1 1 0 1 1 1 0 1 1 0 1 0 1 1 0 1 0 1 1 1 1 0 0 0 1 1 1 1 1 1 1 0 1 1 
1 0 1 0 0 0 0 1 1 1 0 1 0 0 1 1 1 0 1 1 0 1 0 1 0 0 0 0 0 1 1 0 0 0 0 0 1 0 1 0 1 1 1 0 1 0 1 0 0 1 0 0 0 0 1 
0 0 0 0 1 1 0 1 1 0 1 1 1 1 0 1 0 1 1 0 0 1 0 1 0 1 1 0 1 1 0 1 0 0 0 1 1 0 0 1 0 1 0 0 0 1 1 0 0 0 1 1 0 1 0 
0 0 1 0 1 0 0 0 0 0 0 1 0 0 1 1 1 0 1 1 0 0 0 1 1 1 0 0 1 1 0 1 1 1 1 0 1 0 0 0 0 1 1 0 1 1 1 0 1 1 1 0 1 0 1 
0 1 1 0 0 0 0 1 1 1 0 1 1 0 1 1 1 0 0 1 0 1 1 0 1 0 0 1 1 0 0 0 1 1 0 1 1 1 0 0 0 0 1 1 1 0 0 0 1 1 1 1 0 0 1 
1 0 1 0 0 1 0 0 0 1 0 1 0 1 1 0 0 0 1 1 1 0 0 1 1 1 0 0 1 1 1 1 1 1 1 1 0 0 1 1 1 0 0 0 1 0 0 1 0 0 1 1 0 1 0 
1 0 0 1 1 1 0 0 1 1 0 0 0 0 0 1 1 0 1 1 1 1 0 1 1 0 0 0 0 1 0 1 1 1 0 0 0 0 1 1 0 1 0 0 1 0 1 0 0 0 0 1 0 0 0 
1 0 0 0 0 1 0 1 0 1 1 1 0 1 0 1 1 1 1 1 0 1 0 0 1 1 0 1 1 0 1 0 0 0 0 0 1 1 1 0 0 0 1 0 0 1 0 1 0 1 1 0 1 1 0 
0 0 1 1 1 1 1 0 0 1 0 0 0 1 0 0 0 0 1 0 0 0 0 0 0 0 1 0 1 0 1 1 1 0 1 0 1 0 0 1 1 1 0 1 0 0 0 0 0 1 1 1 0 1 1 
0 1 0 1 0 0 0 0 1 0 1 0 1 1 0 1 0 1 1 1 0 1 1 0 1 1 1 0 1 1 1 1 0 1 0 1 0 0 1 1 0 0 1 0 1 0 1 1 1 0 0 1 1 0 0 
0 1 1 1 0 0 0 1 1 0 0 0 0 0 1 1 1 1 1 1 0 1 0 1 0 0 1 0 1 1 0 1 0 1 0 0 0 1 0 1 1 0 1 1 0 0 0 1 1 1 0 1 0 0 0 
1 0 1 1 1 1 1 1 1 0 1 0 0 0 0 1 1 0 0 0 0 0 1 0 1 0 0 0 1 1 0 0 1 0 1 1 1 0 0 0 0 1 0 1 0 0 0 1 0 1 0 1 1 1 1 
1 1 1 1 0 0 0 0 0 0 1 1 1 1 1 1 0 0 0 1 0 0 1 0 1 0 0 0 0 1 1 1 0 0 0 1 1 0 1 1 0 1 0 1 0 1 1 0 1 1 1 0 1 1 0 
0 1 0 0 1 1 1 0 1 0 1 0 1 1 0 0 0 1 0 1 1 1 0 0 0 1 1 0 1 0 0 1 0 0 0 1 1 1 0 1 1 1 1 0 0 1 0 0 0 0 0 0 1 0 0 
0 0 1 0 1 0 1 0 0 1 0 1 1 0 1 0 1 0 1 0 1 1 0 1 1 1 1 1 0 0 1 0 0 1 1 1 1 0 1 1 1 0 0 0 0 0 0 1 0 0 1 1 1 0 1 
0 1 0 0 1 0 1 0 0 0 1 1 1 1 1 0 0 1 1 1 1 1 1 0 1 1 0 1 0 0 0 1 1 0 1 0 1 0 0 1 1 1 1 0 0 0 1 1 1 0 0 0 1 1 0 
0 1 0 1 1 0 1 0 1 0 1 0 1 0 0 0 1 0 1 1 0 1 0 1 0 0 1 0 1 1 1 0 0 1 1 1 0 1 0 1 1 1 1 0 1 0 0 0 0 0 0 0 1 0 0 
0 1 1 0 0 0 1 0 0 1 0 0 1 1 0 0 0 1 0 0 1 0 0 1 0 0 1 0 0 0 0 0 1 0 0 1 0 0 0 1 1 0 1 0 1 1 0 1 0 0 1 1 0 1 1 
0 0 0 1 0 0 1 0 1 1 0 1 0 0 1 1 1 1 0 1 0 1 0 1 1 0 0 1 1 1 0 1 1 0 0 1 1 0 1 0 1 0 1 1 0 0 0 0 1 0 1 1 1 1 0 
1 0 0 0 1 0 0 0 1 0 1 1 1 1 0 0 0 0 1 0 1 0 0 1 1 1 0 1 0 0 1 1 0 0 1 1 0 1 1 1 0 0 0 1 1 1 1 0 1 1 0 0 1 0 1 
0 1 0 1 0 0 1 1 0 1 1 1 1 0 0 0 0 1 1 0 0 0 1 0 1 0 0 0 1 1 1 0 0 1 1 0 1 0 0 1 1 1 0 0 1 1 1 0 0 0 0 0 0 1 1 
1 0 1 1 1 0 1 1 1 0 1 1 0 1 1 1 1 0 0 1 0 1 0 0 1 0 0 1 0 1 0 0 1 0 1 1 0 0 0 1 1 1 1 1 1 0 0 0 1 0 1 1 1 0 1 
0 0 1 0 1 0 0 1 0 0 0 1 1 1 1 0 0 1 1 1 0 0 1 0 1 0 1 0 1 1 1 0 0 0 0 1 0 0 0 0 1 0 1 0 1 1 0 1 0 0 0 0 0 0 0 
1 0 1 1 1 1 0 1 1 0 1 0 0 0 0 1 1 0 0 1 0 1 1 1 1 1 0 1 1 0 1 0 0 1 1 1 0 1 1 1 1 0 1 0 0 1 1 1 1 1 0 1 1 0 1 
0 1 1 0 1 1 1 1 1 0 1 0 0 0 1 1 0 0 0 0 0 1 1 0 1 0 0 0 1 0 1 0 0 0 0 1 1 1 0 0 0 1 1 0 0 0 0 0 0 0 0 1 0 1 1 
1 1 1 1 1 0 1 1 0 1 1 1 1 0 1 1 0 1 0 1 1 1 1 1 1 1 1 0 1 0 1 0 1 1 0 0 1 1 1 1 0 0 0 1 1 1 1 1 0 1 0 1 0 1 0 
0 1 1 0 0 1 0 1 1 1 1 1 0 0 1 1 0 1 1 0 0 0 1 0 1 0 0 0 1 0 1 1 1 0 1 1 0 1 0 1 0 1 0 0 1 1 1 0 1 0 0 1 1 1 1 
0 1 0 0 0 0 1 1 1 0 1 0 0 0 1 1 1 0 1 1 0 1 1 0 0 1 0 1 0 1 1 0 0 1 1 1 1 0 0 0 0 1 0 0 0 1 1 1 0 1 0 0 0 1 0 
0 1 0 1 1 1 0 0 1 1 1 0 0 1 1 0 0 0 1 0 0 0 0 1 0 1 0 0 1 1 0 1 0 0 0 0 1 1 0 1 0 1 1 1 0 0 1 0 1 0 1 1 1 1 1 
1 0 1 0 1 0 0 0 1 1 0 1 0 1 1 1 0 0 1 1 0 1 0 1 0 1 0 0 0 1 1 1 1 0 1 0 0 0 0 1 1 0 0 1 0 1 1 0 1 0 1 0 1 1 1 
0 0 1 0 0 0 1 0 1 1 1 1 1 1 1 1 0 1 1 0 1 1 1 1 0 1 0 0 0 0 1 0 0 0 0 1 0 1 1 1 0 0 0 0 0 1 1 0 1 0 0 0 1 1 0 
0 0 0 0 1 0 0 1 1 0 0 0 1 1 1 0 0 1 1 0 1 0 1 0 1 1 0 0 1 0 0 1 0 0 1 1 1 1 1 0 0 1 0 1 0 1 1 0 0 0 0 0 1 1 0 
0 1 0 0 0 0 0 1 1 1 0 0 0 0 1 0 0 0 0 1 1 1 0 1 1 1 0 1 0 1 1 0 0 0 1 0 0 1 1 1 0 0 0 0 0 1 0 0 0 0 1 1 1 1 0 
1 0 0 0 0 0 0 1 0 0 0 1 0 1 0 0 0 0 0 0 0 1 1 0 1 1 1 0 1 1 1 0 1 1 0 0 1 0 1 0 0 1 1 1 0 1 1 0 0 1 1 0 0 0 1 
0 1 0 0 0 1 1 0 1 1 1 1 0 1 0 0 0 1 1 1 1 1 0 0 1 1 1 1 1 1 0 1 0 1 0 1 0 1 1 1 0 0 0 1 0 0 1 0 1 1 1 1 0 1 1 
1 0 0 0 1 1 1 1 1 0 1 0 0 0 0 0 1 0 0 0 0 1 1 0 0 0 1 1 0 0 0 1 0 0 0 0 1 1 1 1 1 0 1 1 0 1 1 1 0 0 1 0 1 1 1 
1 1 0 1 0 1 1 1 1 0 1 1 1 0 0 0 1 0 0 1 1 1 0 0 1 0 0 0 1 1 1 1 0 1 0 0 0 1 0 0 1 1 1 1 0 0 1 1 0 1 0 1 1 1 0 
0 1 0 0 1 1 1 0 1 1 0 0 1 1 0 1 1 1 1 0 1 1 1 1 1 1 1 1 0 0 1 0 0 1 1 1 0 0 1 1 1 1 1 1 0 1 0 1 1 1 1 0 0 1 1 
0 0 1 1 0 1 0 0 1 1 1 0 1 0 1 0 1 0 0 0 1 1 1 0 0 0 0 1 1 1 0 1 1 1 0 1 1 0 1 0 1 1 1 0 1 0 0 0 1 0 1 0 0 0 0 
0 0 0 1 1 1 0 0 0 1 0 1 0 0 1 1 1 0 0 1 1 0 0 1 1 0 0 1 0 0 0 1 1 0 0 0 0 0 1 0 0 1 0 0 0 1 1 1 1 1 1 0 0 1 1 
1 1 0 1 0 0 1 1 1 1 1 0 1 0 1 0 0 0 0 0 0 1 0 0 0 1 1 0 1 0 1 1 1 1 0 1 0 1 0 1 0 0 1 0 0 0 0 0 1 0 0 1 1 0 1 
1 0 0 1 1 0 0 0 0 0 0 1 0 1 0 1 0 0 1 0 0 1 0 0 0 0 0 0 1 1 1 0 1 0 1 0 0 1 1 0 1 1 0 1 1 0 1 1 0 0 1 0 1 1 0 
0 1 0 0 0 1 1 0 0 1 1 1 0 0 0 0 0 1 0 1 0 0 0 1 0 0 0 0 0 1 0 0 0 1 0 0 0 1 0 1 1 1 0 1 0 0 1 0 1 0 1 0 0 0 1 
1 0 0 1 0 1 0 0 0 1 0 0 1 0 1 0 1 0 0 0 0 0 1 0 0 1 0 0 0 0 1 1 0 1 0 1 1 0 1 1 1 0 1 1 0 0 1 1 1 0 1 1 0 0 0 
0 0 0 0 0 0 0 1 0 1 1 1 0 0 1 1 1 1 1 0 1 1 0 0 0 0 1 0 0 1 0 1 1 0 1 1 0 1 0 0 1 0 0 1 0 1 1 1 0 0 0 1 1 0 1 
0 0 0 0 0 1 0 1 1 0 1 0 0 0 1 0 1 1 0 1 1 1 0 0 1 0 0 0 1 0 1 1 0 1 1 1 1 1 0 0 1 1 0 1 0 1 0 1 0 0 0 1 0 0 0 
1 0 0 0 0 1 1 1 1 1 1 0 0 0 1 0 0 0 0 1 0 0 1 0 0 0 0 0 0 1 0 1 1 0 1 1 1 1 1 1 0 0 1 0 0 0 0 0 1 0 0 1 0 1 1 
1 1 0 1 1 1 1 1 0 1 0 0 1 1 1 0 1 1 1 1 1 0 1 0 1 0 0 0 0 1 0 1 1 0 0 0 1 1 1 1 1 0 1 0 1 0 0 1 1 1 0 1 1 0 1 
0 0 1 1 0 0 1 0 1 1 0 0 0 0 1 1 1 1 1 1 1 1 1 0 1 0 0 0 0 0 1 0 0 0 1 1 0 0 1 0 1 1 0 1 1 1 1 0 1 0 1 0 1 0 0 
0 1 0 0 1 1 1 1 1 1 1 0 0 1 1 0 1 1 0 0 0 1 1 1 0 1 0 0 1 1 0 1 0 1 0 1 0 1 0 1 1 1 0 1 1 1 1 0 0 1 0 1 0 0 0 
1 1 0 1 0 1 0 0 1 1 0 0 1 1 1 0 0 0 0 1 1 0 0 1 0 1 0 1 0 0 1 1 1 0 0 0 1 0 0 1 1 0 1 0 1 0 1 0 1 1 1 0 1 0 0 
0 1 0 1 1 0 1 0 1 1 1 1 0 1 1 1 1 1 1 1 1 1 0 1 0 0 0 1 1 0 1 1 0 1 1 1 1 0 0 0 1 1 0 1 0 1 1 1 1 0 1 0 1 1 1 
0 1 1 1 1 0 0 0 0 1 1 1 0 1 1 0 0 0 0 0 1 0 1 0 1 1 1 1 0 1 0 0 0 1 1 1 1 1 0 1 0 1 1 0 1 0 1 1 1 1 1 0 1 0 0 
0 1 0 1 0 1 1 0 1 1 0 1 0 1 1 0 0 0 1 0 1 1 1 1 0 1 0 0 0 1 1 1 0 1 0 0 0 0 1 1 1 1 0 1 0 1 1 0 0 0 1 1 0 0 0 
0 1 1 1 0 0 0 1 0 1 1 1 1 1 0 0 0 1 1 0 1 0 1 0 0 0 1 0 0 1 0 0 1 1 1 1 1 1 0 0 0 1 1 1 1 1 0 1 0 1 1 1 1 1 1 
0 1 0 0 1 0 0 1 1 0 1 0 1 0 0 1 1 1 0 0 0 1 0 0 1 1 1 1 1 0 0 1 1 1 1 0 1 1 0 0 1 1 0 1 1 0 0 0 1 1 1 0 0 1 0 
0 1 1 1 0 0 1 1 1 0 0 0 1 1 0 1 1 1 1 0 0 1 0 1 1 1 0 1 0 1 1 0 0 0 1 0 0 0 1 0 1 1 0 0 1 0 0 0 1 1 0 1 1 0 0 
0 0 0 1 0 0 0 0 0 0 1 1 1 1 0 1 0 0 1 1 1 1 1 1 0 0 1 1 1 1 0 1 1 0 0 1 0 0 1 1 1 0 0 0 0 0 1 0 0 0 1 1 1 0 0 
