58 60 1564
81 96 28 2 93 58 21 60 63 85 57 56 51 16 88 79 43 77 12 96 71 94 99 48 75 95 63 76 36 57 51 68 5 78 70 97 88 42 56 50 78 65 6 29 80 45 59 22 73 70 69 95 15 68 42 89 14 57 64 49 
13 15 69 69 44 38 65 31 31 73 81 9 37 38 37 16 34 95 89 7 16 58 1 30 77 95 70 90 51 33 90 15 99 58 84 43 95 100 25 78 72 5 86 60 42 22 27 76 68 68 34 35 25 86 64 53 80 33 42 82 
17 31 97 68 41 80 62 87 31 86 64 3 91 49 14 84 22 41 11 41 8 96 75 84 82 90 36 13 22 77 95 91 59 91 58 51 22 19 38 4 4 1 6 46 2 72 82 75 12 92 16 19 88 42 2 69 32 89 33 5 
17 27 95 27 69 4 78 42 74 15 46 30 67 3 75 20 74 56 95 37 100 62 55 87 3 8 7 86 96 39 91 64 18 37 91 38 93 68 32 66 34 77 95 100 31 22 20 57 29 66 93 28 27 48 14 29 7 72 15 55 
63 57 18 80 45 60 69 37 27 100 3 12 28 49 12 59 70 83 15 99 48 7 78 26 6 44 6 65 15 72 19 77 28 88 8 73 48 77 9 26 76 63 38 4 12 1 14 33 35 28 31 34 86 61 59 44 4 16 8 18 
88 78 47 15 65 54 39 64 30 100 42 58 62 79 13 73 31 26 6 17 5 88 2 90 48 60 33 3 75 92 21 14 69 67 29 34 72 19 49 54 18 90 11 32 20 23 56 2 100 13 18 4 1 19 93 100 30 78 3 57 
69 75 70 38 93 50 23 64 21 71 17 38 13 27 21 32 1 77 86 100 89 55 3 41 26 48 41 7 25 95 63 93 21 85 82 13 86 4 76 58 27 93 48 39 71 68 22 24 44 59 23 33 14 78 73 39 25 65 45 49 
11 60 93 31 96 75 95 33 78 71 91 56 15 38 94 37 5 68 60 49 26 35 33 39 64 5 29 88 22 74 88 84 85 80 15 80 54 61 12 84 31 2 39 97 91 85 86 96 52 97 96 29 31 28 68 46 84 48 33 5 
73 20 41 57 52 7 88 57 67 100 40 50 53 79 46 44 15 83 91 66 80 86 94 62 13 13 8 96 61 40 53 85 12 45 42 63 51 29 19 17 80 11 66 33 41 12 28 55 46 18 72 25 3 17 87 67 30 94 14 42 
85 18 26 48 62 19 10 12 48 81 29 79 43 94 11 83 57 90 37 3 7 60 79 61 76 65 79 57 10 93 50 95 62 28 94 24 46 56 87 45 36 67 24 30 13 86 12 69 76 100 23 34 59 2 47 86 18 77 43 28 
69 92 74 83 19 67 58 65 22 44 61 9 63 84 38 75 22 1 95 97 52 18 82 10 71 80 96 88 57 90 67 77 81 92 59 100 59 16 16 32 12 76 93 74 12 82 100 33 83 94 81 34 11 62 96 33 94 43 73 50 
32 39 26 64 31 85 63 41 52 30 72 15 58 16 40 21 98 39 53 80 33 85 65 95 98 12 28 91 54 100 40 37 90 66 1 20 2 15 60 53 97 84 68 54 99 7 74 96 98 78 27 30 14 44 24 11 55 3 2 61 
54 93 49 44 58 1 15 59 16 27 64 64 10 31 17 60 89 42 8 86 71 86 67 84 29 43 46 36 45 47 48 51 92 96 94 1 97 60 60 64 86 75 27 95 57 95 7 45 88 14 83 58 99 49 93 80 91 38 67 88 
37 14 38 80 9 83 80 57 42 39 20 80 13 98 26 69 44 32 66 31 97 100 40 48 48 84 27 91 22 93 30 10 6 19 89 66 1 68 75 94 59 46 73 23 44 99 44 87 82 61 70 79 60 9 26 59 93 4 49 66 
48 78 27 5 96 67 22 48 86 96 94 44 42 66 19 37 16 14 23 98 74 44 28 33 5 53 91 49 8 92 66 55 69 92 11 17 58 32 64 95 28 57 39 69 75 9 5 42 22 79 39 95 23 18 79 27 22 21 27 29 
12 92 35 33 83 45 49 92 77 64 86 4 73 76 24 47 84 28 40 57 58 31 51 80 48 81 58 70 2 84 50 13 75 85 97 9 29 45 52 57 61 90 60 33 65 83 31 1 62 70 57 20 100 60 51 48 92 61 69 93 
44 18 58 71 54 54 31 83 51 83 39 11 24 51 95 88 85 25 40 99 46 49 18 46 8 68 45 51 28 65 44 24 82 53 46 36 58 28 70 60 10 60 70 85 62 16 73 47 92 64 45 38 12 14 35 71 33 31 22 13 
95 17 88 28 69 33 15 26 60 36 86 22 48 7 6 9 75 30 7 66 94 3 55 57 16 89 28 1 71 49 13 65 65 100 45 85 84 11 62 95 47 99 16 46 58 74 54 32 55 61 97 48 15 4 5 83 92 84 83 63 
32 95 79 48 46 75 32 29 38 45 75 84 44 91 81 1 16 34 32 70 46 80 70 61 83 26 95 27 9 77 41 92 23 71 39 20 46 22 100 83 18 74 18 61 16 98 13 31 83 44 53 81 76 22 93 10 99 87 36 7 
63 28 98 37 99 88 56 44 61 55 78 78 28 47 91 44 44 3 26 78 99 78 58 74 51 50 35 49 36 23 55 50 50 4 86 48 43 41 43 55 47 72 33 27 18 75 70 13 77 47 91 75 25 100 100 75 50 35 24 37 
57 30 87 58 34 72 6 28 65 100 83 63 72 67 89 41 41 10 6 17 57 96 44 81 47 43 7 96 29 82 85 37 12 71 95 97 94 52 24 10 51 58 73 74 24 61 67 16 71 72 33 27 19 28 59 65 70 17 13 99 
99 97 35 10 19 81 6 12 32 81 22 35 91 94 8 14 6 26 30 76 97 14 54 67 41 64 84 62 81 96 60 79 44 47 40 62 27 45 73 59 77 46 45 67 39 4 33 45 30 62 72 78 27 78 45 19 41 28 80 21 
75 92 51 18 38 90 79 16 86 3 26 15 49 70 81 87 74 13 83 3 26 55 32 4 84 76 22 24 55 2 97 29 93 47 46 82 89 76 97 74 79 75 88 27 44 21 65 69 85 100 23 63 6 55 66 89 82 88 12 37 
41 60 65 85 7 63 66 47 90 14 20 68 88 60 46 84 80 63 52 64 62 75 78 67 81 44 55 62 83 18 98 23 78 15 7 36 29 24 82 18 37 53 38 25 12 83 8 43 97 11 59 58 85 36 76 65 79 82 79 13 
100 76 87 29 42 45 64 22 68 45 40 5 49 77 81 61 11 40 55 8 50 13 17 87 1 45 51 31 26 29 44 25 57 30 5 50 27 68 72 94 64 63 50 13 39 82 25 1 21 31 60 71 44 29 57 44 73 59 74 98 
40 69 75 48 51 79 97 77 99 20 70 14 82 72 78 72 53 2 73 74 33 84 96 28 12 4 23 36 14 96 34 53 17 60 52 67 90 1 43 88 20 12 2 2 35 79 25 88 33 49 61 17 33 8 44 96 11 66 32 24 
13 17 29 29 28 32 95 17 32 37 5 4 1 58 5 35 36 81 74 20 30 86 36 62 93 79 9 55 96 92 31 9 60 11 89 87 42 36 4 26 24 60 29 76 17 85 63 52 65 36 72 94 22 59 7 66 38 68 73 85 
59 3 93 19 65 34 5 6 69 60 31 44 19 11 20 35 95 82 39 60 17 62 5 90 20 12 8 9 79 80 94 89 34 38 7 98 71 64 55 91 75 38 35 94 48 54 80 43 35 70 54 3 31 58 45 3 21 52 11 51 
31 4 40 16 42 98 13 64 61 67 55 88 56 41 81 4 46 12 98 32 82 3 34 12 60 78 14 33 81 77 83 63 80 22 78 73 20 90 37 32 9 43 19 64 35 51 19 80 63 68 11 96 70 96 7 82 26 73 14 6 
1 48 69 80 70 46 5 41 88 93 72 48 87 43 63 21 93 82 100 7 1 62 2 71 57 61 52 82 85 17 88 85 64 8 16 85 5 20 25 92 12 49 91 98 91 54 18 35 87 69 94 87 30 47 9 39 7 60 20 43 
28 59 27 92 66 43 76 71 14 53 14 26 1 5 75 43 10 45 29 96 65 74 34 47 21 43 85 27 54 4 22 82 63 48 25 80 42 52 50 56 4 16 33 56 72 7 50 81 3 31 28 68 4 61 14 24 55 98 3 9 
53 24 42 67 23 66 47 65 69 48 20 73 63 4 80 34 62 30 66 65 60 93 84 63 6 49 39 60 98 41 20 50 16 13 17 38 30 15 2 99 62 73 71 77 28 2 62 90 31 80 6 42 72 89 5 29 37 95 41 34 
87 12 35 2 25 3 91 54 17 45 4 31 69 26 59 97 28 72 86 58 51 91 100 75 31 56 55 19 50 95 4 88 7 38 89 83 41 31 88 9 75 92 91 44 17 49 40 44 21 77 54 23 19 5 97 49 60 52 67 61 
98 22 48 56 59 88 90 51 18 78 60 93 21 2 88 37 51 27 33 23 3 86 97 73 90 46 21 1 49 39 13 46 60 60 54 70 99 43 21 16 20 32 60 40 33 47 29 35 25 61 9 79 98 6 51 39 51 23 39 99 
61 3 96 72 62 49 42 60 92 62 27 63 45 39 55 77 37 83 64 62 95 72 92 92 29 43 82 31 17 72 81 78 74 29 49 87 77 42 46 20 3 24 83 99 62 37 28 51 71 91 12 65 14 3 8 43 97 89 25 14 
60 6 43 85 34 43 71 62 85 68 82 39 91 16 38 5 4 65 55 74 55 18 38 20 72 97 14 21 85 39 86 96 96 28 80 81 70 50 42 6 17 75 45 59 42 82 15 45 98 21 18 4 38 7 23 62 3 37 82 39 
75 67 86 22 46 17 2 67 18 95 73 86 22 17 97 63 50 11 8 47 32 77 50 21 36 24 82 90 60 15 81 86 81 66 7 78 35 60 45 52 7 17 90 28 85 86 90 86 96 49 84 79 78 85 52 13 8 33 2 68 
100 82 53 32 100 12 10 34 23 54 37 29 22 26 56 6 11 98 43 59 98 26 89 75 10 40 87 17 73 41 84 24 22 89 55 73 52 64 58 74 69 95 3 90 72 10 47 83 59 89 93 57 14 81 31 23 21 70 92 45 
10 27 68 83 15 22 56 18 38 13 44 6 59 46 96 31 7 94 65 66 83 9 22 48 89 4 23 61 73 14 5 82 40 24 65 7 98 72 76 35 36 19 92 95 16 39 77 23 33 93 40 67 1 13 14 41 16 36 2 89 
1 58 22 93 82 38 99 31 9 74 65 45 93 56 91 60 47 67 82 79 11 21 45 11 85 10 51 1 98 52 41 98 62 62 90 43 100 40 73 60 66 89 56 10 96 46 69 42 64 3 72 74 75 68 84 60 78 87 60 27 
90 100 76 51 61 18 45 12 57 69 72 74 57 27 83 5 25 4 98 88 6 70 14 80 37 49 39 66 35 50 44 77 49 20 27 62 37 72 73 45 92 96 19 1 75 1 5 99 4 2 38 61 23 51 41 12 100 31 29 86 
81 73 62 29 92 41 42 28 64 67 24 55 62 42 55 88 95 11 38 50 13 76 11 87 78 51 98 29 33 79 15 13 51 28 42 94 20 35 21 83 1 96 38 15 38 44 2 32 55 40 33 19 67 43 5 44 45 55 73 78 
85 39 90 35 18 83 28 38 18 100 20 18 95 9 84 84 5 86 67 59 77 100 29 43 42 85 86 87 91 58 16 75 48 5 61 66 40 88 3 57 39 74 26 86 35 10 69 39 47 36 49 23 35 77 65 28 61 2 66 52 
12 81 26 59 38 87 24 77 26 78 85 65 52 62 2 38 23 22 76 69 57 24 43 43 100 59 71 12 61 88 63 72 69 41 82 6 27 58 34 4 35 18 20 38 31 21 75 54 43 2 22 51 77 17 46 76 75 68 40 87 
55 2 10 23 42 92 80 20 49 65 24 35 34 95 73 65 16 99 18 10 1 91 60 77 7 5 5 34 72 44 72 79 97 82 1 91 25 33 10 73 97 85 59 31 80 31 95 47 30 64 56 82 54 67 58 13 24 14 98 47 
57 69 25 54 50 78 96 74 62 57 98 58 42 57 40 73 39 86 71 20 1 78 1 55 96 11 19 19 24 16 66 81 84 42 86 86 19 81 11 80 37 61 90 30 69 81 54 7 19 76 27 19 53 79 73 49 89 43 19 13 
10 36 45 46 78 30 31 48 62 93 28 50 53 69 80 73 49 85 80 67 61 58 38 65 88 62 13 77 5 84 41 14 19 85 59 96 66 41 44 27 86 23 76 90 91 7 63 91 92 94 10 4 3 47 68 90 8 33 18 64 
16 58 30 34 42 40 30 59 81 25 85 66 47 13 55 89 19 69 79 10 62 40 65 64 38 33 54 98 65 23 61 80 81 90 65 74 30 94 33 62 70 69 79 16 81 33 4 100 2 35 61 15 74 26 79 12 10 84 9 74 
6 21 5 86 63 69 12 92 15 96 5 84 64 83 100 45 67 55 96 68 89 8 83 15 33 13 78 42 96 38 67 1 58 71 39 20 92 2 63 6 97 67 41 60 49 92 56 16 47 3 35 87 11 69 53 95 33 82 89 28 
19 55 81 29 78 71 100 21 72 63 78 68 81 18 79 82 62 87 49 60 41 83 98 51 4 51 98 36 32 86 16 3 92 96 31 21 18 82 41 89 44 18 8 77 88 38 58 49 76 6 8 17 40 5 67 95 7 64 31 91 
1 98 93 93 93 75 13 10 56 54 50 52 23 57 80 10 46 37 10 22 94 17 90 85 22 56 80 80 72 62 70 24 59 62 16 3 88 81 64 44 86 13 47 8 21 26 70 66 14 79 39 7 48 28 43 21 36 22 100 59 
35 70 82 93 31 50 95 71 82 58 14 67 22 12 26 42 89 95 60 2 26 50 60 73 78 2 93 65 76 44 23 10 13 56 55 96 57 1 66 38 11 31 4 32 42 82 74 82 76 85 83 53 34 94 77 63 47 21 27 22 
65 1 84 77 9 90 24 65 90 89 3 100 71 58 32 64 39 57 45 67 93 79 71 26 72 48 89 19 68 67 92 32 68 27 61 76 16 36 92 6 25 94 57 47 4 40 11 94 96 55 60 88 34 31 66 57 30 6 75 97 
72 19 81 91 45 93 18 61 28 10 18 4 55 74 51 58 14 61 4 61 67 63 1 100 45 18 57 74 23 83 23 46 1 55 89 98 47 6 10 26 15 27 30 22 52 32 79 17 92 82 30 10 97 30 10 93 47 18 19 21 
52 41 18 53 95 58 2 93 64 11 18 30 89 99 51 40 30 82 57 73 15 86 83 63 67 44 8 65 13 26 37 64 18 6 68 64 64 69 56 27 31 25 8 19 76 11 59 57 44 67 82 58 4 16 73 22 59 80 86 23 
5 74 86 74 79 6 37 42 74 44 20 5 68 28 23 95 90 33 52 33 51 33 42 54 48 66 75 58 45 12 80 1 85 17 74 64 22 10 57 48 5 77 52 25 56 26 19 45 11 22 29 61 6 22 15 53 88 41 62 32 
5 41 85 89 10 58 4 31 20 61 78 24 89 81 48 96 59 19 40 69 40 20 29 46 41 95 50 28 88 12 12 92 4 96 32 13 5 36 96 76 48 73 52 88 6 51 83 64 69 74 32 61 93 12 58 85 7 7 65 94 
70 76 37 26 23 68 90 79 3 85 7 2 10 58 89 15 8 71 78 29 44 61 89 88 72 98 73 30 4 37 75 26 64 11 51 38 79 92 68 33 29 74 35 38 31 75 4 91 98 33 19 41 93 59 29 16 56 53 46 11 
0 1 1 1 0 1 0 0 1 1 0 1 1 0 0 1 1 1 1 0 1 1 0 1 1 0 0 0 0 1 1 0 1 0 1 1 0 1 1 1 1 1 0 0 0 0 1 1 1 1 1 0 0 1 1 0 0 1 0 0 
1 1 1 0 0 0 1 0 0 0 1 1 1 1 1 1 1 0 0 0 1 1 0 0 1 1 0 1 0 0 1 1 0 0 1 0 1 0 0 1 0 1 0 0 0 1 1 1 1 0 1 1 1 1 1 0 0 1 1 0 
1 1 0 1 1 1 1 0 0 1 1 0 0 1 0 0 0 0 1 0 0 0 1 1 1 0 0 1 1 1 0 0 0 0 0 0 1 1 0 1 1 0 0 1 1 0 0 0 0 1 0 0 0 1 0 1 1 0 1 0 
1 1 0 0 1 0 0 0 0 0 0 1 0 0 0 0 0 0 0 1 0 0 1 0 1 1 1 0 1 0 0 1 1 0 1 0 1 1 1 1 1 1 0 0 1 0 0 1 1 0 0 1 0 0 1 1 1 0 1 1 
1 1 0 0 1 1 1 0 0 0 1 1 1 1 1 0 0 1 1 1 1 0 0 1 0 1 0 1 1 1 0 0 0 0 1 0 1 0 0 1 0 0 1 1 1 0 1 1 0 0 0 1 0 0 1 0 1 1 0 1 
1 0 1 1 1 0 1 0 0 0 0 0 0 1 1 1 1 0 1 1 1 1 1 1 0 0 0 1 1 0 0 0 0 0 0 1 0 1 0 1 1 0 1 1 1 1 1 0 1 0 0 0 1 1 0 1 1 0 1 0 
0 1 1 0 1 1 0 0 0 0 1 0 0 0 1 1 1 0 1 1 0 1 1 0 0 1 1 1 1 0 0 1 0 1 0 1 0 0 1 0 0 0 0 0 1 0 1 0 0 0 1 1 0 1 1 0 0 0 0 0 
1 0 1 1 1 1 0 1 1 0 1 1 0 0 1 1 0 0 0 0 1 1 1 1 0 0 1 1 1 1 1 0 1 0 1 0 0 1 1 1 1 1 1 0 1 0 1 1 1 1 1 0 1 1 1 1 1 0 0 0 
0 1 0 1 0 1 0 0 1 1 1 0 0 0 0 1 1 0 0 0 1 0 0 0 1 1 0 0 1 0 1 1 0 1 1 0 1 1 0 0 0 1 0 1 0 1 0 1 1 1 1 0 1 1 1 0 0 1 0 1 
1 1 1 1 1 0 1 0 1 1 0 1 1 0 0 1 1 1 0 0 0 1 1 1 0 0 1 0 1 1 1 0 1 0 0 0 0 1 0 1 1 0 1 0 0 1 1 0 0 1 0 0 0 1 1 0 1 0 0 0 
0 1 1 1 0 1 1 0 0 1 0 1 1 1 1 1 0 0 1 1 1 0 1 1 1 1 1 1 1 1 1 1 1 0 0 1 1 1 1 0 0 1 1 1 0 1 1 1 1 0 0 1 0 1 0 0 0 0 1 0 
1 0 1 0 1 0 1 0 1 1 0 0 0 0 1 1 1 0 0 0 1 0 1 1 1 0 1 0 0 0 0 1 1 1 0 0 1 1 0 1 0 1 1 1 1 0 0 0 1 0 0 0 0 0 1 1 0 1 1 0 
1 1 1 0 1 1 0 0 1 1 1 1 0 0 0 1 1 0 1 0 0 1 0 0 1 1 0 1 0 1 1 0 1 1 0 0 0 1 0 1 0 0 1 0 0 1 1 1 0 0 1 0 1 1 1 1 1 1 0 1 
0 0 1 1 1 0 1 1 1 0 1 1 0 0 1 0 1 0 0 1 0 1 0 1 1 1 0 0 0 1 1 0 1 1 0 0 1 1 1 0 1 0 1 1 0 0 0 0 0 0 1 0 1 1 1 0 0 0 0 0 
1 0 1 0 1 1 0 0 0 1 0 0 0 1 1 0 1 1 0 1 1 0 1 1 1 0 1 0 0 0 0 1 0 1 1 1 0 1 1 1 1 1 1 1 0 0 1 1 0 0 0 1 0 1 0 1 1 0 1 0 
0 0 1 0 1 1 1 0 0 0 1 1 1 0 0 1 0 0 0 0 0 0 0 0 1 0 1 0 0 1 0 0 1 0 0 0 1 1 0 1 1 1 1 0 1 1 1 0 1 1 0 1 1 0 1 0 1 1 1 1 
0 1 0 1 1 0 1 0 0 0 0 1 1 1 0 1 0 1 1 0 1 1 1 0 0 1 1 1 0 0 0 0 1 0 1 1 1 0 1 1 0 1 0 0 0 0 1 1 0 0 1 1 1 0 1 1 1 0 0 1 
0 1 1 0 1 0 1 0 1 0 1 1 0 0 1 0 0 0 1 0 0 0 1 0 1 1 1 0 1 0 0 0 1 1 0 0 0 1 1 1 1 0 0 1 0 0 0 1 0 1 1 1 0 1 1 1 0 0 1 1 
0 1 1 1 1 1 0 1 0 1 0 0 1 0 1 0 0 1 1 1 1 0 0 1 1 1 0 1 1 1 1 0 1 0 1 0 0 1 1 0 0 1 0 0 1 0 0 0 1 1 1 0 1 1 1 1 0 1 0 1 
1 1 1 0 0 1 0 0 0 1 0 1 0 1 1 1 1 1 1 0 0 0 1 1 1 0 0 1 0 1 1 1 0 0 1 0 1 1 0 0 0 1 1 0 0 0 1 1 1 1 1 1 1 0 0 1 1 1 0 1 
0 1 0 0 0 1 1 1 0 1 1 0 0 0 0 0 0 1 1 1 0 1 0 0 1 1 1 0 0 1 1 0 1 1 0 1 0 1 0 0 1 0 0 1 0 0 0 1 0 1 0 0 0 1 0 0 0 1 0 0 
1 0 0 0 1 0 1 0 0 1 0 1 1 1 0 0 1 0 1 1 0 1 0 0 0 0 0 0 0 1 0 1 1 0 1 0 1 0 0 1 1 1 0 1 0 0 1 1 1 0 1 1 1 1 1 0 1 0 0 1 
1 1 0 0 1 1 0 0 1 1 1 1 0 1 0 0 0 1 1 1 1 0 0 0 1 1 0 1 1 1 0 0 0 1 0 1 0 1 0 0 0 1 1 0 1 1 0 1 0 1 0 1 0 0 1 1 1 0 0 1 
1 1 1 1 0 0 0 0 1 0 0 1 0 1 1 1 0 1 0 0 0 0 1 0 0 1 0 1 1 0 0 0 1 0 1 1 0 1 0 1 0 0 0 0 0 1 1 0 0 1 1 0 1 0 1 1 1 1 0 0 
1 1 0 1 1 1 0 1 1 0 0 1 1 0 1 1 1 0 1 1 1 0 1 0 1 0 1 0 1 1 1 1 0 1 0 1 1 0 0 0 1 0 1 0 0 0 1 1 0 0 0 1 1 0 1 0 0 0 0 0 
1 1 1 0 1 1 1 0 1 0 0 0 0 1 0 1 1 1 0 1 0 1 0 1 1 1 1 1 1 1 1 0 1 0 0 0 1 0 0 1 0 0 1 0 1 0 1 0 1 0 1 1 1 1 0 0 0 1 1 1 
1 1 1 0 1 0 0 1 0 0 0 0 0 1 0 1 1 0 1 1 0 0 0 1 1 1 1 1 0 0 0 1 1 1 1 1 1 1 0 1 1 0 1 1 1 0 0 1 0 1 0 0 1 0 1 0 1 0 1 0 
0 1 1 0 1 1 1 0 0 1 0 0 1 1 1 0 1 0 1 1 1 1 1 1 0 0 1 1 0 1 1 1 0 1 1 1 0 0 0 0 1 0 0 0 1 0 0 1 0 0 0 1 1 0 0 1 0 0 1 1 
1 0 0 1 1 1 1 1 1 1 0 0 1 0 0 0 0 0 1 0 0 0 0 0 0 0 1 0 0 0 1 1 1 1 1 0 0 0 0 1 1 0 1 0 0 1 0 1 0 0 1 0 0 1 0 0 0 0 0 0 
0 0 0 1 1 1 0 0 1 0 1 0 0 1 0 0 0 0 1 0 0 1 1 0 0 1 0 0 1 1 1 0 1 1 1 0 0 1 0 1 1 0 1 1 1 1 0 1 1 1 0 0 0 1 0 1 0 1 1 0 
0 0 0 1 1 1 1 1 1 0 0 0 0 1 0 1 0 0 0 0 1 0 0 0 1 0 1 0 1 0 0 1 1 0 0 0 1 0 0 0 0 0 1 0 0 1 1 0 1 1 0 0 0 0 0 1 1 1 1 0 
0 1 0 1 1 0 1 1 0 1 1 0 0 0 0 0 1 1 0 0 1 1 1 1 1 1 0 0 1 0 1 1 1 1 0 1 1 1 0 0 1 1 0 1 0 1 1 1 0 1 0 1 0 1 0 0 0 1 0 1 
1 1 0 0 0 0 1 0 0 1 0 1 1 0 0 1 1 1 0 0 0 0 1 1 1 0 1 0 1 1 1 0 1 0 0 1 0 0 1 0 1 1 1 0 0 1 1 1 0 0 1 1 0 1 0 0 1 1 0 0 
0 1 0 1 1 0 1 0 0 0 0 0 0 0 0 0 1 0 1 0 0 1 1 0 0 1 0 1 0 0 1 0 0 1 0 1 1 1 1 0 1 0 0 1 0 0 1 1 0 1 1 0 0 0 1 0 1 1 1 1 
0 0 0 0 1 0 1 0 1 1 0 0 1 0 0 1 1 1 0 1 0 0 0 0 0 1 0 0 0 1 1 0 1 1 0 0 1 0 1 0 1 1 1 0 0 1 1 1 0 1 0 1 1 0 1 0 1 0 0 0 
1 1 0 1 1 1 1 0 1 0 1 0 0 0 0 0 1 1 1 1 0 1 0 0 0 0 0 1 0 0 1 1 1 0 0 0 1 0 1 0 0 0 0 0 0 0 0 1 1 1 0 1 1 1 1 1 1 1 0 1 
1 0 0 1 0 1 1 1 1 0 1 1 0 1 0 0 1 0 1 0 0 0 1 1 1 1 0 0 0 0 1 0 0 1 1 0 0 0 1 1 1 0 1 1 1 1 0 0 1 1 0 1 1 0 0 0 1 0 0 1 
1 1 1 1 1 0 0 1 1 1 1 0 0 0 1 1 1 1 0 0 1 0 0 0 0 0 1 1 1 1 1 0 1 0 1 0 1 1 1 0 1 0 0 1 0 1 0 1 1 0 0 0 1 0 0 1 0 1 1 1 
1 0 1 0 0 1 0 1 0 1 1 1 0 1 0 0 1 1 0 0 1 0 0 0 0 0 0 0 0 1 0 1 1 1 1 1 0 1 1 1 0 0 0 0 0 1 1 1 0 1 1 1 1 1 0 1 1 0 1 1 
1 1 0 0 1 1 1 1 0 0 0 1 1 1 1 1 0 0 0 0 1 1 1 0 0 1 1 1 1 1 1 0 0 1 0 1 1 0 1 1 0 1 0 1 0 0 0 0 0 0 0 0 1 0 0 1 1 0 1 1 
1 0 1 1 1 0 1 0 0 0 0 0 1 0 0 0 0 0 0 1 1 1 1 0 1 1 0 0 1 1 1 0 1 1 0 0 1 1 1 1 1 1 1 0 1 1 0 0 0 1 1 1 0 0 1 1 1 1 1 1 
0 1 1 1 0 1 0 1 0 1 0 1 0 1 0 1 1 0 1 1 1 0 0 1 0 1 0 0 1 0 1 1 1 0 1 1 0 1 0 0 0 0 0 0 1 0 1 0 0 1 1 0 1 1 1 0 1 0 0 0 
0 1 1 1 1 0 0 1 1 0 0 1 0 0 1 1 0 1 0 0 0 1 0 1 1 0 1 0 0 1 0 0 0 1 1 0 0 1 1 1 1 1 1 1 1 0 0 1 1 0 0 1 0 0 1 1 0 0 1 0 
0 1 0 0 0 1 0 0 0 0 0 1 1 1 0 1 1 1 0 1 1 0 0 1 1 1 0 1 0 1 0 0 0 0 0 1 0 1 1 0 1 1 0 0 0 0 1 0 1 0 1 1 0 1 0 1 1 1 1 1 
0 1 1 1 1 1 0 1 0 1 0 1 1 0 0 1 0 1 1 0 1 0 1 0 0 1 1 1 0 0 0 1 1 1 0 1 0 0 0 1 1 0 0 0 0 0 0 1 0 1 1 1 0 0 1 0 1 1 1 0 
1 1 1 1 0 1 0 0 1 0 1 0 1 0 1 1 0 1 0 0 0 1 0 0 1 1 0 1 0 1 1 0 0 0 1 0 1 1 1 0 1 0 0 0 0 1 0 1 0 0 1 1 0 1 1 1 1 0 0 1 
1 1 1 0 1 0 0 0 1 1 0 1 0 1 1 0 0 1 1 1 0 1 0 0 0 1 1 1 1 0 1 1 1 0 1 1 1 1 1 0 1 0 1 1 1 1 1 1 0 1 0 0 0 0 0 0 0 0 0 1 
0 1 0 1 1 1 0 0 1 0 1 0 0 0 1 1 1 0 0 0 1 1 0 1 1 1 0 1 1 0 1 1 1 1 0 0 1 1 1 0 1 0 0 1 0 1 0 0 1 0 0 1 1 0 0 1 1 0 0 0 
0 1 1 1 1 0 0 0 1 1 0 0 1 0 1 1 1 1 1 0 1 1 1 1 0 0 0 1 0 0 0 1 0 1 0 1 1 0 1 0 1 1 0 0 1 1 0 0 0 1 0 0 1 0 1 1 0 1 0 0 
1 0 1 1 0 0 0 1 0 1 0 0 0 0 0 1 0 0 1 0 0 0 0 1 0 1 0 0 0 0 0 0 1 0 1 1 0 0 0 0 1 0 0 0 1 1 1 1 1 1 1 1 1 0 0 1 1 0 1 0 
1 1 0 0 1 1 1 1 1 1 0 1 0 0 1 1 1 0 0 1 1 1 0 0 1 1 1 1 1 0 1 0 0 1 0 1 0 1 1 0 1 1 1 1 1 0 0 1 0 0 0 0 1 0 0 1 1 0 0 1 
0 1 1 0 0 0 0 0 1 1 0 0 0 1 1 1 1 1 0 0 1 0 0 1 1 0 0 0 0 0 1 1 1 1 1 1 1 1 1 0 0 0 1 0 1 0 0 1 0 0 1 1 1 1 0 0 1 0 0 0 
0 0 1 1 1 0 0 0 0 0 0 0 0 1 1 1 0 1 0 0 1 1 1 0 0 0 0 0 0 1 0 1 1 1 0 0 1 1 0 1 1 0 0 1 0 1 0 0 0 1 0 1 0 1 0 1 1 0 1 0 
1 1 1 0 0 1 0 1 0 0 1 1 1 1 0 1 0 1 1 0 0 1 1 0 0 1 1 0 0 0 0 1 1 1 0 1 0 0 1 1 1 0 0 0 1 1 1 1 0 0 1 0 1 0 0 1 0 0 1 0 
0 1 1 0 0 1 1 1 0 0 0 1 0 0 1 1 1 0 0 1 0 1 1 1 0 0 0 0 0 0 0 0 1 1 0 0 1 0 1 1 0 1 0 1 1 1 0 1 1 1 0 1 0 0 0 0 0 0 0 0 
0 0 0 0 0 1 0 1 1 1 0 1 0 0 0 1 1 1 0 0 0 1 1 0 1 1 1 1 1 1 1 0 0 1 0 0 0 0 1 1 1 1 1 1 1 1 0 0 0 1 0 0 0 1 1 1 0 0 0 1 
1 1 1 1 0 1 1 1 1 0 0 0 1 1 1 0 1 0 0 1 1 0 0 1 1 1 0 1 1 0 1 0 1 0 0 1 0 1 0 1 0 1 0 1 0 1 0 1 1 0 1 0 1 1 1 0 0 1 0 1 
1 1 1 0 1 1 0 1 1 0 1 1 1 1 0 0 0 0 1 0 1 0 0 0 1 0 0 1 1 0 0 1 1 0 1 1 1 1 0 0 0 1 1 1 0 0 1 1 0 1 1 1 1 1 1 1 1 0 0 1 
