55 63 721
16 73 29 59 3 38 25 87 85 53 65 16 17 4 28 24 29 75 10 48 25 27 38 35 35 85 16 28 27 52 20 42 76 48 1 78 38 77 16 22 81 32 89 50 35 16 73 15 43 82 63 67 60 52 1 94 36 68 21 63 71 40 56 
47 40 8 76 77 36 44 98 69 75 87 18 62 54 42 76 96 75 90 63 34 41 15 27 29 35 99 43 5 90 98 3 81 58 79 57 93 74 7 13 100 45 30 61 50 71 37 46 45 26 60 30 67 26 8 47 60 58 89 17 48 38 71 
28 95 49 37 40 74 95 52 74 39 82 34 88 4 22 85 1 48 96 30 66 74 38 12 85 47 100 53 94 89 24 74 84 24 62 75 98 56 26 23 46 59 56 85 63 78 70 15 77 17 44 42 42 33 5 27 80 56 79 25 44 2 50 
79 78 11 53 75 66 31 97 11 89 4 96 3 33 17 17 9 85 13 2 27 45 6 5 76 13 35 53 57 89 2 87 66 65 40 40 30 70 88 93 10 91 40 13 76 8 81 84 44 93 38 70 90 95 26 17 8 61 69 16 1 23 2 
66 87 93 57 68 14 96 60 76 38 51 88 13 58 20 49 2 13 86 23 54 80 1 70 39 13 39 6 13 13 8 30 99 52 38 66 18 33 78 93 70 28 32 35 38 51 83 91 15 68 65 68 99 65 90 90 77 28 95 41 92 54 70 
90 6 59 7 75 91 84 19 13 64 50 47 53 52 29 95 19 48 59 86 98 76 75 87 52 54 82 45 45 35 66 86 92 25 45 18 67 28 36 79 43 85 77 47 89 57 41 7 4 52 44 54 27 71 40 30 24 73 74 21 60 40 58 
3 16 2 21 82 82 8 13 76 45 41 23 33 98 15 91 53 66 34 6 92 4 98 22 80 22 95 52 33 86 9 36 53 63 8 87 44 15 51 19 11 91 93 43 40 8 33 93 73 67 50 65 22 99 86 1 73 32 52 5 70 13 92 
22 75 51 60 70 18 10 88 28 1 33 71 40 40 55 84 64 73 86 28 95 84 65 47 8 49 51 13 18 63 56 91 89 7 51 58 24 12 97 51 12 81 73 4 20 80 39 84 52 24 63 98 60 80 97 19 80 47 31 97 61 39 39 
1 45 41 10 20 53 6 70 16 39 95 71 58 74 62 93 77 37 8 27 48 39 23 67 18 69 49 66 81 87 4 81 31 97 90 50 1 47 72 16 85 18 39 95 43 100 39 19 36 98 45 84 36 67 2 53 87 50 18 67 37 74 99 
19 22 88 21 22 87 44 89 23 61 27 17 3 78 8 73 14 5 18 49 41 36 50 45 75 51 15 41 39 40 92 10 61 79 30 34 17 25 22 40 85 1 8 39 78 15 11 91 72 80 91 12 68 92 8 42 95 22 34 33 13 25 42 
73 56 23 58 72 47 80 63 83 80 23 73 57 37 36 100 8 15 42 71 34 34 31 75 80 4 61 12 17 85 6 41 92 28 99 16 27 78 78 9 9 100 82 65 89 17 16 48 83 58 19 69 43 1 43 22 4 55 85 20 92 90 61 
83 70 59 98 96 88 76 56 96 27 89 12 15 5 28 15 40 37 85 8 31 85 2 4 88 57 88 8 48 78 20 82 99 78 80 94 17 7 49 12 33 38 23 100 94 2 66 85 90 50 92 20 34 46 23 21 54 63 80 53 92 99 34 
90 28 13 83 44 19 83 7 4 72 30 55 66 83 20 50 25 69 94 96 54 39 19 26 44 33 6 96 24 56 29 13 84 42 47 79 12 29 86 67 1 67 21 18 1 92 67 25 12 12 21 65 2 91 91 45 23 48 40 46 3 21 10 
38 62 56 69 25 84 54 92 36 20 64 53 20 56 72 97 67 35 17 32 37 7 74 33 81 21 25 78 75 45 87 65 6 42 33 82 77 86 73 65 57 37 17 28 92 40 24 10 75 92 93 63 50 18 95 30 38 19 7 65 63 45 29 
20 38 61 2 67 98 26 31 54 62 99 33 5 39 9 67 65 100 59 27 50 77 73 31 66 92 90 82 6 34 10 78 72 22 79 38 71 56 20 76 18 18 9 74 8 17 92 72 68 51 50 69 79 75 52 96 66 41 78 23 26 39 100 
97 13 30 86 83 86 5 59 55 75 19 28 82 87 72 6 54 22 7 75 52 81 26 99 98 66 28 21 91 19 72 40 31 2 25 65 87 82 75 93 8 93 72 89 79 43 46 85 64 53 59 67 33 84 18 31 49 45 3 91 63 74 30 
45 75 7 10 13 40 84 5 47 77 77 87 7 19 33 91 35 85 49 53 69 84 70 51 32 67 53 75 29 27 4 74 53 62 35 18 1 70 74 47 98 2 86 5 21 18 47 7 54 48 11 22 31 33 73 63 99 77 37 27 3 92 52 
8 54 38 77 6 8 50 5 5 52 90 61 24 7 8 30 60 55 92 33 85 24 5 99 22 82 87 1 36 79 4 95 84 94 71 89 1 21 45 57 72 34 18 95 92 25 76 3 31 19 36 15 43 92 66 16 25 52 68 61 82 24 7 
65 17 78 6 17 50 2 73 73 36 42 19 79 66 46 82 96 64 17 63 58 60 28 74 85 31 93 97 13 16 3 29 32 32 86 48 81 88 73 53 75 14 71 53 32 68 34 79 32 2 93 89 62 72 14 46 3 7 42 67 22 96 95 
54 28 33 53 60 20 77 65 94 43 35 98 26 55 32 4 86 85 49 26 46 20 40 43 74 98 36 40 19 32 87 24 59 19 29 70 90 5 34 35 47 21 32 72 75 15 28 60 100 28 85 45 99 76 88 73 73 23 64 44 6 2 67 
16 72 95 86 13 52 19 47 50 39 79 74 65 93 53 24 44 80 61 89 78 88 28 2 13 2 18 56 8 19 74 23 43 21 8 55 72 79 2 21 69 32 94 34 76 46 9 20 25 21 60 55 9 87 8 21 40 25 28 47 96 1 22 
38 21 81 92 44 59 45 65 80 76 10 13 4 56 73 23 32 94 34 38 54 72 46 74 11 22 53 58 17 5 79 6 78 59 50 21 70 94 85 49 22 95 13 77 2 85 51 33 78 84 71 31 55 68 56 65 89 8 74 58 13 52 63 
42 63 12 62 84 58 99 32 31 93 96 7 46 80 57 78 58 40 100 40 46 67 96 10 8 55 36 65 19 39 79 60 1 91 22 36 100 20 19 30 64 14 36 9 94 92 38 51 83 90 90 28 8 37 89 15 92 24 31 62 63 10 22 
15 100 95 51 51 14 21 80 29 35 15 89 28 58 26 30 92 67 71 71 75 8 11 89 51 87 72 12 1 81 85 15 32 79 17 82 44 38 61 72 72 27 12 51 36 90 80 79 56 50 49 30 9 11 71 59 97 42 23 97 22 7 64 
5 86 80 86 81 69 98 5 92 76 16 42 11 5 73 41 13 23 89 42 31 99 12 42 48 5 64 44 78 22 7 82 59 39 67 40 59 16 44 51 91 11 44 53 68 69 93 80 91 33 21 73 32 85 66 79 41 81 74 19 3 81 100 
61 19 19 52 77 34 47 79 77 58 75 29 77 43 22 56 85 54 28 57 37 64 75 67 5 55 41 75 57 73 26 70 91 44 21 19 30 68 50 6 77 24 86 53 18 7 60 2 13 39 10 1 3 84 68 59 91 60 33 47 32 10 68 
74 54 89 44 35 8 93 92 36 68 77 40 37 36 99 38 100 89 100 100 91 35 19 1 25 78 85 24 9 95 91 34 100 31 78 34 90 22 77 25 90 5 64 26 40 14 16 91 3 15 91 45 49 9 46 74 39 82 97 47 76 39 33 
75 70 10 60 59 31 88 36 72 93 99 50 84 65 65 75 19 31 65 15 79 25 60 4 63 94 52 62 69 91 94 96 12 55 7 70 85 95 5 9 39 56 58 22 72 74 96 90 4 12 4 34 37 16 38 51 9 41 12 29 83 57 76 
94 11 83 16 48 29 72 56 67 27 13 88 50 86 36 39 41 47 95 74 83 62 63 34 22 4 97 50 86 54 26 80 64 60 47 11 40 18 18 6 97 82 45 46 19 80 37 59 27 83 33 9 44 95 94 65 98 91 66 36 96 43 67 
59 2 13 22 41 30 39 98 78 21 43 76 39 22 12 50 100 94 82 9 89 28 54 53 78 96 70 13 91 13 79 2 66 43 23 59 24 13 56 2 85 50 77 76 72 40 25 71 85 58 31 73 85 37 77 14 32 46 26 75 58 56 76 
76 50 50 34 74 14 89 75 99 39 51 26 62 42 50 84 26 59 67 98 95 3 74 9 86 71 86 60 81 42 87 56 91 88 89 16 54 29 90 4 19 92 29 80 33 30 16 58 88 82 7 82 36 80 42 21 3 28 33 35 21 71 90 
11 11 30 79 64 58 68 67 29 60 95 8 44 76 75 2 15 56 8 96 91 40 38 64 94 17 96 28 37 18 69 99 28 98 77 91 7 45 57 35 56 3 95 51 78 69 52 92 77 12 40 67 3 29 30 48 45 77 75 81 95 43 79 
22 92 56 65 50 52 21 85 59 76 31 9 5 51 13 49 27 24 88 46 78 68 27 25 12 56 51 44 2 45 74 23 36 81 39 37 32 60 73 90 87 3 99 91 6 11 39 32 86 78 29 15 45 8 91 8 63 41 3 64 85 77 38 
72 57 77 8 41 88 81 82 74 35 32 16 40 94 7 24 79 36 4 45 81 11 35 40 73 75 95 88 11 71 26 34 79 54 42 19 41 74 1 66 8 84 81 100 78 39 75 56 75 78 53 7 89 87 98 13 14 92 1 24 62 78 10 
93 31 51 63 23 76 15 88 35 99 20 34 76 59 8 83 33 86 35 39 26 22 36 38 87 28 90 62 41 19 71 85 49 21 48 71 48 62 10 83 60 30 16 35 88 76 70 20 13 4 10 38 25 97 27 63 76 69 25 69 87 95 53 
88 68 100 10 15 14 20 97 25 49 13 60 36 40 29 7 52 84 68 89 61 64 67 23 92 35 47 60 74 42 12 61 9 64 70 23 77 89 20 1 89 84 12 76 23 92 82 26 76 1 66 36 17 32 10 8 19 57 67 92 98 78 4 
58 93 25 32 69 66 3 22 54 86 33 30 60 77 63 85 52 16 2 39 32 86 48 39 4 4 57 47 53 86 2 62 79 26 94 47 91 96 20 97 34 53 78 45 81 92 30 32 7 83 22 90 68 21 28 71 77 84 69 29 22 70 43 
100 48 36 98 90 83 18 86 16 22 15 61 2 7 42 85 65 24 6 55 44 26 34 66 2 70 35 83 91 56 77 90 3 12 39 45 46 56 82 14 77 97 74 30 55 67 14 71 42 71 25 85 97 59 3 50 80 37 84 70 44 60 11 
99 23 49 43 69 57 76 82 33 72 7 15 78 25 28 49 66 99 25 3 47 35 5 48 14 93 32 35 36 43 45 86 66 46 28 86 2 56 67 86 27 25 100 57 49 80 5 66 30 29 68 28 64 24 75 29 16 58 64 4 1 60 89 
66 5 69 51 58 24 69 96 2 45 47 58 93 78 14 58 7 95 78 34 58 53 61 86 69 18 1 24 18 61 64 35 17 84 37 27 59 57 22 61 1 20 70 45 98 84 55 56 30 84 90 87 36 2 24 56 19 25 79 89 37 95 75 
5 78 64 31 37 20 4 49 73 24 18 17 73 53 23 28 82 6 69 20 42 70 96 97 41 72 28 81 8 22 55 12 99 18 95 87 90 98 35 14 73 5 30 45 9 5 25 91 10 93 62 51 15 57 48 7 28 27 87 87 48 93 51 
98 63 45 37 52 94 71 65 67 27 46 11 36 50 35 26 12 80 39 62 46 96 61 52 75 87 38 14 86 30 64 84 92 60 72 95 53 42 11 19 69 9 82 4 10 68 81 21 47 19 83 44 66 95 95 93 82 84 6 19 66 21 2 
57 80 73 4 32 67 14 3 87 74 84 42 84 51 74 4 50 44 86 93 10 81 40 54 14 23 59 32 40 79 86 97 10 10 52 93 28 17 95 14 91 78 7 74 81 80 77 82 24 15 26 85 47 65 38 12 40 48 43 79 78 80 27 
87 42 30 79 69 47 26 35 37 55 93 10 35 73 38 68 48 52 94 84 50 10 73 61 1 20 56 32 49 35 10 35 28 40 65 97 86 90 83 74 45 75 35 31 99 72 51 98 76 44 81 25 5 53 38 6 24 93 37 72 79 98 58 
7 37 75 55 74 16 89 47 60 63 33 43 14 5 93 11 32 88 44 56 92 48 93 49 72 37 37 95 16 35 5 74 71 79 80 97 94 68 95 6 82 28 48 95 32 92 58 15 31 1 70 22 48 15 71 71 3 7 66 70 93 70 43 
16 48 22 12 93 89 6 98 23 85 97 17 68 40 74 82 70 26 52 92 74 18 14 96 20 72 61 42 65 82 84 80 81 58 43 74 98 48 23 20 33 20 37 52 59 62 34 29 40 85 72 13 54 37 60 25 60 21 66 24 54 2 55 
35 59 97 60 56 97 82 76 81 53 64 32 12 77 65 92 16 1 15 80 6 51 40 31 10 12 96 86 17 97 92 51 7 89 62 63 37 96 90 69 48 5 100 11 33 17 54 1 69 68 80 75 70 71 5 32 34 52 17 51 1 8 53 
7 48 15 21 36 62 62 4 9 66 56 20 51 72 73 51 40 93 82 66 62 5 70 93 38 22 61 40 22 21 93 80 68 59 1 56 20 62 59 28 80 14 99 30 37 24 80 29 16 13 94 29 17 16 22 7 89 34 46 10 54 38 41 
74 96 41 29 67 3 87 95 34 53 45 63 89 68 94 17 35 6 63 64 75 78 37 81 66 70 26 27 24 16 67 97 63 60 25 30 14 63 76 47 15 20 9 4 40 54 72 74 11 86 89 85 63 25 17 80 47 95 6 22 10 25 70 
24 84 94 53 97 8 80 43 23 52 3 78 91 8 1 16 18 87 5 3 1 81 71 81 27 65 38 100 26 62 69 50 45 14 54 93 22 34 87 96 85 41 73 27 48 25 42 66 63 98 20 64 79 90 96 57 55 33 57 80 95 25 81 
91 39 35 84 12 20 22 7 56 63 31 82 10 55 75 75 70 73 94 33 51 84 28 59 90 60 15 69 6 92 50 97 30 36 32 93 55 53 99 62 15 81 95 77 87 69 51 56 41 97 88 43 32 67 2 21 79 68 89 84 59 90 80 
40 25 63 32 31 16 82 44 82 62 38 58 49 7 61 4 99 9 44 94 40 10 95 60 88 14 100 24 25 42 55 64 18 18 48 1 85 29 44 66 43 82 76 43 40 88 98 38 96 41 31 35 3 77 46 42 43 97 65 67 90 20 30 
60 37 29 60 21 10 55 38 52 36 13 46 27 52 43 17 47 36 99 33 38 76 30 79 70 79 96 36 68 15 17 27 51 46 38 23 55 93 60 58 80 25 3 7 76 97 23 75 32 21 7 21 48 37 100 17 15 95 4 34 61 21 13 
63 18 50 85 72 42 96 81 22 72 35 80 100 31 2 74 15 74 32 35 22 68 86 90 34 32 94 20 92 14 32 54 31 33 90 54 27 38 34 48 9 20 79 8 50 80 33 64 53 65 51 26 84 36 16 70 68 9 89 11 22 72 65 
4 4 6 57 30 43 42 29 52 61 7 11 62 38 44 78 43 60 28 68 43 15 83 12 34 43 100 45 16 23 61 19 27 66 27 8 9 20 89 12 80 95 22 94 85 17 71 27 76 50 46 71 64 81 82 98 23 34 42 91 56 54 9 
1 0 1 1 0 0 1 1 0 1 1 1 1 1 1 1 1 0 1 1 1 1 0 0 1 1 1 1 1 0 0 0 1 1 1 1 1 0 1 1 0 0 0 1 1 1 1 0 1 0 1 1 1 0 1 0 1 1 0 0 1 0 1 
0 1 0 0 0 1 1 0 1 1 0 0 0 0 1 1 1 1 0 0 0 0 0 1 0 1 1 0 0 1 1 1 0 0 1 0 1 0 0 0 1 1 0 1 1 0 0 0 1 1 1 0 1 1 1 1 0 0 0 0 1 1 1 
1 1 0 1 0 0 0 0 1 1 1 1 0 1 1 0 0 0 1 0 0 0 1 1 0 1 1 1 0 1 0 1 0 1 1 1 1 1 1 1 0 0 0 0 1 1 0 0 0 0 0 0 0 0 1 1 1 1 0 0 0 0 1 
0 1 0 1 1 1 1 0 1 1 0 1 1 1 0 1 1 0 1 1 0 1 1 1 1 0 1 1 0 0 0 0 1 1 0 0 0 1 0 0 0 0 1 1 0 1 0 1 1 0 1 0 1 0 1 0 0 1 1 0 1 0 0 
0 1 0 1 1 1 1 1 0 0 1 1 0 0 0 1 0 0 0 0 1 0 1 0 0 0 1 0 1 1 1 0 0 1 1 0 1 0 1 1 0 0 0 0 1 0 0 1 0 0 1 0 1 0 0 1 1 1 0 0 1 1 0 
1 0 1 1 1 0 1 0 0 1 1 1 0 1 1 1 0 1 0 0 0 1 0 0 0 1 0 0 0 1 1 0 1 0 1 1 0 0 1 1 0 0 0 0 0 1 0 0 0 0 0 1 1 0 1 1 1 1 0 0 0 1 0 
1 1 1 0 0 0 0 1 0 0 1 0 0 0 0 0 0 1 0 1 0 0 0 0 0 1 0 0 1 1 0 1 0 1 1 0 1 1 1 1 0 0 0 0 0 0 1 1 1 1 0 0 0 1 0 0 0 0 0 0 1 0 1 
1 1 0 0 1 0 1 0 0 0 0 0 0 1 1 1 0 1 0 0 1 1 0 1 1 0 1 1 1 1 0 1 0 1 1 1 1 0 0 1 0 0 1 1 1 1 0 0 0 0 0 1 1 1 0 1 1 1 0 1 0 1 0 
0 0 1 0 1 1 0 0 0 0 1 1 0 0 1 0 0 0 0 1 1 1 1 0 1 0 1 0 0 0 0 1 0 1 1 1 0 1 1 0 1 0 1 1 1 1 1 1 1 0 1 0 1 0 1 0 1 0 0 1 0 0 0 
0 1 1 1 0 0 0 0 0 0 0 1 1 1 1 1 0 1 0 0 0 0 1 1 1 1 1 1 1 0 1 1 1 1 0 1 1 0 0 1 1 0 1 0 1 0 1 1 1 1 1 1 0 1 0 1 0 0 0 0 0 0 1 
1 1 0 1 0 0 1 0 1 1 1 0 0 1 1 1 0 1 0 1 1 1 0 0 0 0 1 0 0 1 1 1 0 1 0 0 0 1 0 1 0 1 1 0 0 1 1 0 0 0 0 1 1 0 1 1 0 0 1 0 1 1 1 
1 0 0 0 0 1 0 0 0 0 1 0 0 0 0 1 0 0 1 1 1 1 1 1 1 1 0 1 1 1 0 0 0 0 0 0 0 1 0 0 1 0 0 1 0 0 0 1 0 1 0 0 0 1 1 1 1 1 0 0 1 1 0 
1 1 1 1 1 0 0 1 1 0 0 0 0 0 1 1 1 0 0 1 1 1 0 0 0 1 1 0 0 0 1 1 1 0 1 1 0 1 0 1 1 0 1 1 1 0 1 0 1 1 1 0 0 1 0 1 0 1 1 1 1 0 0 
1 0 1 0 0 0 0 1 1 1 1 1 0 1 0 0 0 1 1 0 1 0 1 0 0 0 0 1 0 0 0 1 1 1 1 1 0 1 1 1 0 0 0 0 1 0 0 0 1 1 0 1 1 1 1 0 0 1 1 0 0 1 1 
1 1 0 0 1 1 1 0 0 1 1 0 1 1 1 1 1 0 1 0 0 1 1 0 1 1 1 1 1 1 0 0 0 0 0 1 1 0 1 1 1 0 0 0 0 1 1 1 1 1 1 1 0 0 1 1 1 1 0 0 0 0 0 
0 0 1 1 1 1 0 1 0 1 1 1 1 0 0 0 1 1 1 1 1 1 0 0 1 1 0 1 1 0 0 1 0 1 0 0 0 1 1 0 0 0 1 1 0 0 1 1 1 0 0 1 1 1 1 0 0 0 0 0 0 0 1 
1 1 0 1 1 1 0 1 1 0 1 0 0 1 1 1 0 1 0 1 0 1 1 1 1 1 1 1 1 1 1 0 0 1 1 1 0 1 0 1 1 1 1 1 0 0 1 1 1 1 0 1 0 1 0 1 0 1 1 0 0 0 0 
0 1 0 1 1 1 0 0 1 1 1 0 0 1 1 1 0 0 1 1 0 1 0 0 1 1 1 1 0 1 0 0 0 0 0 1 1 0 1 0 1 0 1 1 1 0 0 1 1 0 0 1 1 0 1 0 0 0 0 0 1 0 0 
1 0 0 0 1 0 1 0 0 1 1 1 0 1 0 1 0 0 0 0 1 0 1 1 0 0 1 0 1 1 1 1 1 1 1 1 0 1 1 0 0 0 1 1 1 1 0 0 1 0 0 0 1 1 0 1 1 1 0 1 1 1 0 
0 0 1 1 0 0 0 0 1 0 0 0 0 1 0 0 1 1 0 1 0 1 1 1 1 1 1 0 0 0 0 0 1 1 0 1 0 0 0 1 1 0 1 1 1 1 1 0 0 1 0 0 0 1 0 1 0 1 1 0 0 1 1 
1 1 1 0 1 1 0 0 0 0 1 1 0 0 0 0 1 1 0 1 0 0 1 1 0 1 1 1 1 0 0 0 1 1 0 0 0 1 0 1 1 1 0 1 0 1 0 1 0 0 0 0 0 0 0 1 1 1 0 0 1 0 0 
1 1 0 1 1 1 0 0 1 1 1 0 1 0 0 0 0 1 1 1 1 1 1 0 0 0 0 0 1 0 0 0 1 0 0 1 0 0 1 1 1 0 1 1 0 0 1 1 1 0 0 0 1 1 1 1 1 1 1 0 0 1 1 
1 0 1 0 0 1 0 1 0 0 0 1 1 0 1 0 1 1 0 0 1 1 1 0 0 0 0 0 0 1 1 0 1 0 0 1 1 0 0 0 1 1 1 0 1 0 0 1 0 0 1 1 1 0 1 1 0 1 1 1 1 1 1 
0 1 1 0 1 0 0 1 1 1 0 1 1 1 1 0 1 1 1 0 0 1 1 1 1 1 0 0 0 1 1 0 1 1 0 0 1 1 1 0 0 1 1 1 0 0 1 1 1 0 1 1 1 1 0 1 0 0 1 0 0 1 0 
1 0 1 1 1 0 0 1 0 1 0 0 0 0 1 1 1 0 1 0 1 0 0 0 0 0 0 0 0 1 0 1 1 1 0 0 1 0 1 0 0 1 0 0 1 1 1 0 1 0 0 1 0 0 1 0 0 1 0 1 0 1 0 
1 0 1 1 0 1 0 0 1 1 0 1 0 1 1 0 1 1 0 0 0 0 1 0 1 1 1 0 1 0 0 1 0 1 0 0 1 1 0 0 0 0 0 1 0 1 1 1 0 0 1 0 0 0 1 1 1 0 1 1 0 0 0 
0 1 0 1 0 1 1 1 0 0 1 1 0 0 0 1 0 0 0 1 1 0 0 0 0 0 0 1 0 0 1 0 1 1 1 0 1 1 1 1 1 0 0 1 0 0 0 0 1 0 1 0 0 1 0 0 1 0 1 1 0 0 0 
0 0 1 0 1 0 1 0 1 1 0 0 1 0 0 1 1 0 1 1 1 0 0 1 0 0 1 1 1 1 1 1 1 1 1 0 1 0 0 1 1 0 1 0 1 0 1 0 0 0 0 1 1 0 1 1 0 0 0 1 1 0 0 
1 1 1 1 0 1 0 1 0 0 1 0 1 1 0 0 1 0 0 1 1 0 0 0 0 0 1 0 1 1 0 0 0 0 0 0 1 0 0 0 0 1 0 0 0 0 0 1 1 0 0 0 0 0 1 0 0 0 0 0 1 1 0 
1 1 0 1 0 0 1 0 1 0 1 1 0 1 1 0 0 1 0 1 1 1 0 1 1 0 0 1 1 1 0 0 0 0 1 0 1 1 1 0 1 0 1 0 1 0 0 0 1 0 1 0 1 1 1 1 1 1 0 0 0 0 0 
0 1 1 1 0 0 0 0 0 0 1 0 1 1 0 1 0 0 0 0 0 1 1 1 0 1 1 0 1 0 0 0 1 0 1 1 0 1 1 0 1 0 0 0 1 0 0 1 1 0 1 1 0 0 0 0 1 1 1 1 1 1 1 
0 1 0 1 0 1 0 0 0 0 1 0 1 1 0 0 0 1 1 1 1 0 1 1 1 1 0 0 0 0 1 1 1 1 0 1 0 1 0 0 1 1 1 1 0 1 1 1 0 1 0 1 1 0 1 0 1 1 1 1 1 0 0 
1 0 1 0 0 0 0 1 1 1 0 0 0 1 0 1 0 1 1 1 0 1 0 0 0 0 1 0 1 0 0 0 0 1 1 0 1 1 1 1 1 1 1 1 1 1 0 1 0 1 0 0 1 1 1 1 1 0 1 0 0 0 1 
0 1 0 1 1 1 0 0 0 0 1 1 1 1 1 0 1 1 0 0 0 1 1 1 0 1 1 1 0 1 0 0 0 0 1 1 1 0 1 0 0 1 1 1 0 1 1 1 0 1 1 0 1 0 1 1 0 0 0 0 1 0 0 
0 0 0 1 0 0 1 0 0 0 1 1 0 0 0 1 0 1 1 0 0 1 0 0 1 0 0 1 0 1 0 0 1 0 1 1 0 0 1 0 0 1 1 0 1 1 0 0 0 1 0 1 0 0 1 0 1 1 1 1 0 1 1 
0 1 0 1 1 1 1 1 1 0 0 0 1 1 0 1 0 1 0 1 1 0 0 1 1 1 1 0 0 0 1 0 0 0 1 1 1 0 1 0 0 1 0 0 1 0 1 1 1 1 0 1 0 0 0 1 1 1 0 1 0 1 1 
0 1 1 1 0 1 0 1 0 0 1 0 1 0 1 0 1 1 0 0 1 0 1 0 1 0 0 1 0 0 0 0 1 1 0 0 1 0 1 1 0 0 1 1 0 0 1 0 1 1 0 0 1 1 1 1 0 1 0 0 1 0 1 
1 0 1 1 1 1 0 0 0 0 1 1 1 1 1 1 1 0 1 1 0 1 0 1 1 0 1 1 1 1 0 0 1 1 1 0 1 1 0 1 0 1 0 1 1 1 0 0 0 1 1 0 0 0 1 1 0 0 1 1 1 1 0 
1 1 1 1 0 1 0 1 1 1 1 0 0 1 0 0 1 1 0 1 0 0 0 1 0 0 0 1 1 0 1 0 1 1 0 1 0 0 0 1 1 1 1 0 0 1 0 1 0 0 0 0 0 0 0 0 0 0 0 0 0 1 0 
1 0 0 0 0 0 0 1 0 0 0 0 0 1 0 0 0 1 0 0 1 1 0 0 1 1 0 1 1 1 0 1 0 0 1 0 1 0 0 1 0 0 1 0 0 1 0 0 0 1 0 0 0 1 0 1 0 0 1 1 1 1 0 
1 1 0 0 0 0 0 1 0 0 0 0 0 0 1 0 0 0 1 0 0 0 0 1 0 0 0 1 0 1 0 1 1 0 1 1 0 1 1 0 0 1 0 0 1 1 1 0 1 0 0 1 0 1 1 0 1 1 1 1 1 1 1 
0 1 0 1 1 0 0 1 0 0 0 0 1 1 1 1 1 1 0 0 1 1 1 1 0 1 1 0 0 0 1 0 0 1 1 1 1 0 1 1 0 1 0 1 0 1 1 1 1 1 0 0 0 1 0 0 0 1 0 0 1 1 0 
1 1 0 1 0 0 0 0 0 1 0 1 1 1 0 1 0 1 1 1 1 0 1 0 1 0 0 1 1 0 0 1 1 0 0 1 0 0 1 0 1 1 1 0 1 0 1 1 1 0 0 1 1 1 1 0 1 1 1 1 1 1 0 
0 1 0 0 1 0 1 1 1 1 1 1 0 1 1 1 0 1 0 1 0 1 0 0 1 0 0 0 1 1 0 0 1 0 0 0 0 1 0 1 0 1 0 0 0 1 0 0 1 0 0 1 1 0 0 0 0 0 0 0 1 0 0 
0 0 0 1 0 1 1 1 0 0 0 0 0 1 0 0 0 0 0 0 0 1 0 0 1 0 1 1 1 1 1 0 0 1 1 0 1 0 0 1 0 0 1 0 1 0 0 0 0 1 0 0 0 0 1 1 0 0 1 1 1 0 1 
1 0 0 0 1 0 0 0 0 0 1 0 1 1 1 1 0 0 1 0 0 1 1 1 1 1 0 1 1 1 0 0 1 1 0 0 1 0 0 0 0 1 0 0 1 1 1 1 1 1 1 1 0 1 1 0 0 1 1 1 0 1 0 
1 0 0 1 0 1 1 0 1 1 0 1 0 0 1 1 1 0 0 1 0 1 0 0 0 1 1 1 0 1 1 1 1 0 1 1 1 0 1 0 1 0 0 1 0 1 0 1 1 1 0 1 0 0 0 0 0 1 0 0 0 1 1 
0 1 0 1 0 1 1 1 0 1 1 0 1 0 0 0 1 1 1 0 0 1 0 0 1 0 0 1 0 0 1 0 1 1 0 0 0 1 1 1 0 0 1 1 0 1 1 1 1 0 1 1 0 0 1 1 0 0 1 0 0 0 1 
1 1 1 1 0 0 0 1 0 0 0 1 0 1 0 1 0 1 1 1 1 1 1 0 1 1 1 1 1 1 0 0 1 1 0 1 1 0 0 1 1 0 0 1 1 1 1 0 0 0 1 1 1 0 1 0 1 1 1 0 0 0 1 
1 1 1 0 1 1 0 0 0 0 1 0 0 0 1 0 0 1 1 1 0 0 0 0 1 1 1 0 0 1 1 1 1 0 0 0 1 0 0 0 1 1 0 1 1 1 1 1 0 0 0 0 0 1 0 0 0 1 0 0 1 1 0 
0 1 0 0 0 0 0 0 1 0 0 0 1 1 1 1 1 0 1 1 0 0 1 0 1 1 0 1 0 1 1 0 0 1 0 1 0 0 1 1 0 0 0 0 1 1 1 1 1 0 0 0 1 0 0 0 1 1 1 1 0 1 1 
1 0 1 0 0 1 1 0 0 1 0 0 1 1 1 0 1 1 0 1 0 0 1 0 1 0 0 0 1 1 1 0 1 0 0 0 0 1 0 0 1 0 0 0 1 1 0 0 0 0 1 1 1 1 1 0 1 1 1 0 0 0 0 
0 1 0 0 1 0 0 1 1 0 1 1 1 0 1 0 0 1 1 1 0 0 1 1 0 0 0 0 1 0 1 1 1 1 1 0 1 1 1 0 1 0 1 0 0 0 0 1 0 0 0 0 0 1 1 0 0 1 1 1 0 0 0 
1 1 1 0 1 0 1 1 1 0 1 1 0 1 0 1 1 0 0 0 0 1 1 1 1 1 0 0 1 0 0 0 1 1 0 0 1 0 0 0 0 1 0 0 0 0 0 0 0 0 0 0 1 1 1 1 0 1 1 1 1 0 0 
1 1 0 1 1 0 1 1 0 0 1 1 1 1 1 1 1 1 1 0 0 0 1 1 1 1 1 0 0 1 0 1 0 1 1 1 1 0 1 0 1 0 1 0 0 0 1 1 1 0 1 1 0 1 1 1 0 0 0 0 1 0 0 
