58 49 41
92 13 15 48 66 91 15 16 40 5 72 49 90 96 91 56 43 80 18 95 82 34 84 59 62 61 40 51 20 9 35 11 73 49 10 90 92 24 5 31 28 76 31 17 23 22 25 65 53 
42 59 86 27 95 45 88 55 36 90 74 96 76 36 68 77 45 57 68 68 13 50 47 40 81 64 63 54 40 79 6 81 38 91 60 32 87 47 38 22 89 11 69 16 98 88 92 42 44 
59 61 8 61 7 48 41 22 10 94 61 88 51 94 77 41 5 60 80 51 97 53 91 59 22 7 56 9 50 49 5 61 61 12 21 20 59 13 41 20 58 54 8 8 99 36 100 3 96 
79 5 92 84 48 51 5 54 58 65 3 7 69 63 67 33 35 86 91 47 79 11 4 84 70 63 82 5 63 36 100 93 40 44 76 39 46 32 92 3 97 47 9 17 61 28 49 96 65 
92 94 43 54 98 78 23 12 11 79 26 46 31 19 38 74 46 76 19 30 20 73 26 66 82 94 78 61 43 73 25 34 67 20 87 16 97 61 79 8 91 5 5 21 75 42 46 72 70 
16 1 89 89 78 6 22 72 83 82 66 8 6 99 26 77 37 93 74 49 71 33 39 75 37 60 49 31 57 21 100 73 73 88 61 51 45 82 74 27 63 39 86 20 89 11 97 77 3 
22 25 74 54 63 100 90 74 49 20 31 21 71 3 45 10 15 47 54 96 20 33 10 10 18 29 50 29 77 78 83 98 2 8 51 17 8 93 42 8 64 24 80 87 78 24 96 92 71 
50 87 42 34 96 4 51 77 53 31 53 31 14 3 84 21 53 52 28 97 94 87 13 17 66 99 47 90 94 38 60 95 77 53 28 24 56 31 100 9 61 5 91 26 7 74 99 11 26 
78 60 71 65 72 39 30 22 85 71 67 23 82 62 99 35 41 74 90 23 74 50 36 30 92 61 36 66 11 98 43 89 57 65 5 28 3 34 49 88 5 16 62 86 29 12 72 21 85 
62 96 10 63 31 39 55 43 26 72 54 24 14 94 80 30 98 60 32 83 60 71 87 27 32 25 7 43 96 28 80 9 23 89 72 5 80 78 47 5 49 52 80 14 45 12 43 94 71 
74 77 82 97 15 9 28 39 15 23 87 94 2 47 68 90 18 72 21 47 19 78 95 22 57 60 67 20 2 60 42 28 36 24 24 51 32 51 41 98 25 79 92 26 26 11 68 95 83 
88 42 53 65 88 74 74 48 92 93 49 52 35 28 39 10 51 41 41 54 34 90 78 12 33 56 89 44 23 84 26 10 77 78 27 64 3 52 11 95 96 12 46 82 39 36 91 42 29 
83 47 62 73 24 25 5 79 14 48 53 97 25 15 73 54 93 88 57 44 99 51 91 10 48 73 100 35 15 41 63 98 87 24 22 63 1 78 93 14 78 46 62 54 12 86 8 4 73 
64 47 71 66 89 32 65 61 84 99 28 24 62 77 63 37 98 77 37 27 69 50 56 66 63 10 77 48 17 32 21 32 78 43 97 19 27 13 79 10 11 6 85 24 34 99 61 31 75 
49 10 96 51 65 61 13 74 90 61 90 21 33 73 51 27 21 69 53 33 99 14 44 57 99 67 90 97 79 73 24 28 82 19 30 98 31 42 72 20 54 13 93 86 86 95 65 58 63 
17 91 13 31 34 69 81 52 11 29 83 35 4 10 16 22 91 65 53 32 88 24 38 1 68 75 38 62 39 95 76 56 85 89 38 70 9 70 74 71 50 56 5 54 17 72 75 7 37 
79 38 24 55 27 76 22 2 65 36 40 60 11 47 96 51 84 18 12 5 91 82 55 46 87 8 62 10 34 20 46 65 57 22 19 84 97 40 37 62 75 76 73 38 23 20 88 58 89 
99 15 79 33 69 76 19 28 89 28 13 8 26 77 17 47 47 52 95 39 88 8 65 15 32 2 37 4 42 47 92 40 61 23 24 81 98 42 60 39 22 72 46 99 1 14 97 47 17 
43 85 4 51 50 19 34 3 7 37 44 53 81 36 65 3 59 45 52 53 4 90 26 28 88 24 28 1 72 74 18 14 11 73 16 60 43 50 62 2 38 6 54 18 93 71 72 51 15 
24 3 71 13 28 98 52 3 77 5 74 50 74 40 60 46 55 71 41 56 85 42 94 42 47 63 34 17 35 84 84 58 39 6 22 66 55 74 21 31 30 94 32 3 33 44 100 88 14 
40 95 50 33 88 91 80 51 24 48 37 60 83 94 98 88 67 63 42 92 83 24 21 29 56 23 13 99 23 52 12 14 47 62 47 34 4 78 36 28 25 72 87 60 17 84 47 84 98 
41 75 33 64 96 61 19 70 73 17 92 77 81 58 23 94 56 56 49 33 44 76 9 15 14 68 32 49 67 15 47 59 41 31 22 36 43 93 6 67 61 49 43 93 58 65 38 13 21 
87 97 64 14 6 30 28 25 61 76 43 27 74 1 68 4 23 55 46 67 12 13 27 13 55 20 70 72 9 35 44 95 31 59 9 88 88 88 13 1 63 55 27 89 56 46 44 30 53 
42 48 64 6 74 76 12 45 98 83 54 32 26 48 62 84 8 50 72 95 14 72 10 20 50 50 27 48 93 8 100 34 55 15 39 29 43 51 25 40 85 78 23 11 78 36 94 37 37 
17 84 50 40 93 22 90 94 48 89 86 56 88 72 10 2 62 90 44 64 67 35 49 96 57 59 25 93 4 62 81 21 45 83 60 89 4 1 82 51 89 19 58 28 90 20 82 4 61 
25 67 27 60 15 23 68 25 47 12 29 60 93 1 4 75 60 44 78 13 25 80 53 96 38 81 37 9 62 40 69 38 7 48 49 21 70 69 46 68 80 26 28 24 26 83 98 37 27 
27 49 3 59 54 98 48 86 35 56 99 26 76 36 32 23 37 5 92 5 2 60 84 27 39 8 52 21 57 40 47 36 41 2 94 94 51 41 79 37 96 77 63 71 64 94 94 100 98 
37 4 99 48 40 77 86 99 80 59 55 20 57 90 60 58 83 53 9 75 83 45 70 11 7 93 74 53 38 26 2 74 81 1 22 72 29 59 70 9 17 77 28 74 18 87 83 53 91 
43 27 73 40 49 35 98 41 60 50 78 37 52 3 18 4 76 89 32 35 11 92 3 39 19 28 56 57 63 8 47 5 87 71 44 35 57 42 75 17 43 4 53 46 58 22 1 34 63 
33 20 73 76 74 11 95 2 18 51 16 26 50 20 12 72 16 98 29 9 24 45 3 79 49 49 36 71 49 69 33 33 88 57 9 62 67 55 15 84 57 82 61 6 53 24 78 68 73 
6 28 96 2 31 74 50 31 10 20 31 30 52 64 18 8 24 31 26 78 97 62 34 78 74 92 30 50 69 50 22 26 77 18 27 59 43 76 41 52 96 72 34 99 87 51 59 62 33 
36 39 81 49 24 58 23 15 39 72 35 88 45 60 17 14 38 27 57 14 68 60 61 91 93 11 77 95 69 38 27 57 28 7 5 3 16 27 18 55 50 4 94 47 16 10 60 53 37 
16 66 56 76 78 46 20 89 74 15 9 63 93 65 42 52 22 44 67 100 13 73 50 17 67 96 32 76 7 36 64 23 54 71 50 31 68 69 71 93 35 80 55 28 96 48 79 17 92 
97 69 4 70 18 72 88 65 55 15 23 91 79 45 44 1 46 26 69 15 97 61 1 28 68 80 23 15 10 92 58 7 60 14 28 29 85 15 45 92 29 67 82 59 64 77 60 9 2 
80 75 98 92 76 25 59 55 100 26 65 91 83 23 2 96 50 82 33 16 78 24 44 44 57 3 59 33 14 68 34 93 42 32 84 69 56 95 76 55 72 40 97 54 14 50 2 63 83 
86 78 60 9 73 56 65 27 14 97 40 81 30 84 75 13 20 95 69 14 70 75 85 61 24 90 74 25 91 88 8 28 65 67 36 90 22 52 16 88 100 56 20 82 91 46 94 10 41 
14 23 10 41 59 23 64 49 96 40 91 84 47 19 100 66 6 89 39 58 57 26 9 64 46 90 54 91 84 64 31 49 38 93 89 97 67 4 97 62 44 39 97 42 57 97 7 15 37 
46 24 93 71 32 56 68 74 10 59 57 25 41 57 62 85 46 10 51 1 58 13 44 97 61 86 5 57 44 19 46 89 42 38 12 26 46 79 99 7 89 7 31 30 63 44 66 60 6 
17 61 63 81 56 59 41 93 16 50 37 34 95 77 28 84 40 53 29 19 51 87 59 57 17 40 71 13 6 31 18 74 91 32 54 98 43 46 91 58 47 27 91 93 55 18 77 95 22 
57 65 72 44 23 80 12 63 51 76 20 81 93 93 23 77 98 20 19 95 10 28 42 88 70 34 43 40 62 37 61 71 53 33 66 75 12 29 89 14 5 8 94 49 100 68 25 49 88 
95 44 49 22 37 37 92 22 31 83 84 19 43 6 71 75 71 45 39 99 86 52 55 93 98 4 45 65 28 93 4 75 36 53 96 72 41 39 94 71 21 29 41 16 86 11 42 8 7 
80 58 92 84 13 37 33 16 81 49 95 73 53 69 61 57 17 84 49 7 29 19 80 57 59 95 94 21 36 1 79 68 59 71 3 71 7 35 38 39 35 32 11 87 53 23 95 69 7 
43 75 35 13 54 44 23 48 37 95 84 90 74 3 48 44 5 70 2 39 59 92 73 42 2 12 94 77 58 62 83 53 89 69 65 42 64 40 42 53 34 77 42 7 79 41 2 83 62 
55 73 72 46 97 13 100 60 7 28 18 20 10 70 8 30 86 2 46 77 43 98 63 71 91 69 49 31 23 83 44 29 55 15 27 3 27 78 63 85 5 32 5 66 1 64 95 38 65 
40 15 59 89 77 29 79 97 77 61 71 11 4 52 17 70 30 20 49 7 34 85 11 65 41 76 17 5 22 6 21 14 20 80 2 48 8 33 97 37 93 19 47 49 22 16 70 51 35 
70 57 68 55 19 84 95 94 100 99 68 5 20 81 77 51 34 76 58 18 24 46 11 95 45 11 16 60 32 19 46 2 75 65 56 46 48 50 91 47 1 58 3 72 90 31 74 76 7 
83 93 82 29 55 76 73 65 44 84 49 62 29 50 88 93 5 33 40 6 24 38 58 33 40 81 23 23 54 98 29 37 90 10 65 45 38 89 61 81 72 9 42 100 58 81 92 14 14 
83 72 89 20 81 21 11 62 43 33 67 92 13 3 34 75 19 30 12 59 90 44 30 51 85 81 60 65 24 26 30 58 97 18 29 77 91 40 90 33 24 57 77 89 11 10 63 30 91 
26 40 80 69 22 82 5 2 42 69 78 19 51 87 15 68 16 43 58 7 85 43 30 41 71 70 3 32 32 84 22 9 24 53 77 45 35 81 98 28 2 75 46 52 62 12 71 29 6 
81 35 90 75 16 82 45 86 37 28 69 20 49 78 43 1 54 87 35 87 85 14 88 11 11 91 24 22 13 52 80 45 86 21 19 2 55 15 39 91 42 7 10 42 84 53 43 90 91 
29 28 75 43 15 38 5 57 61 27 21 65 58 66 2 78 84 3 32 51 93 74 44 100 84 86 35 88 28 24 78 8 51 5 2 17 94 7 25 6 85 46 70 42 11 24 19 46 78 
3 48 71 28 92 70 63 77 4 50 4 80 80 11 30 36 65 99 29 71 75 34 55 20 56 96 82 79 66 28 56 20 75 26 48 18 47 10 94 51 12 49 82 91 12 63 78 76 61 
6 46 36 91 100 7 98 95 89 28 12 68 84 32 94 61 31 12 60 40 5 10 3 54 43 93 17 5 70 92 66 27 37 53 70 88 59 67 34 99 95 45 66 30 28 12 42 58 23 
1 50 79 62 52 84 4 97 100 9 18 91 26 45 79 78 66 66 88 32 99 39 78 96 4 59 23 67 53 33 89 53 34 68 67 85 3 70 81 3 30 51 93 55 47 24 84 12 89 
24 95 40 62 73 87 17 83 61 84 35 93 24 40 26 43 6 63 46 27 95 48 9 45 92 15 91 67 51 2 56 74 97 47 87 21 33 55 3 45 90 90 38 14 81 15 8 86 77 
53 64 72 52 24 68 96 39 59 62 41 60 69 66 8 15 52 28 99 58 83 44 48 24 33 61 4 47 68 41 76 73 56 99 76 80 66 71 70 24 33 62 36 1 27 95 68 30 75 
18 87 9 13 34 32 45 46 87 44 66 27 19 38 34 69 13 13 34 36 34 10 68 95 97 20 21 91 39 50 17 9 89 25 21 22 56 66 68 42 61 33 20 31 22 54 99 86 18 
84 21 4 45 40 98 41 12 71 84 2 72 100 10 60 25 31 82 32 48 1 26 8 85 45 38 6 50 88 43 68 71 16 71 16 55 20 8 18 42 91 20 14 43 29 73 67 11 6 
1 1 1 0 0 1 1 1 0 0 0 1 1 1 0 1 0 0 1 1 0 0 0 1 1 0 1 0 0 0 1 1 1 1 0 0 0 1 1 1 1 0 0 1 1 0 0 1 0 
1 0 0 0 0 1 1 0 1 1 0 1 1 0 0 0 0 0 0 1 0 1 0 0 1 1 1 1 0 0 0 1 0 0 1 1 0 1 1 1 0 0 0 1 0 0 1 0 1 
0 1 1 1 1 1 1 1 0 0 1 0 0 0 0 1 0 1 1 1 1 0 1 1 0 1 1 0 0 1 1 0 0 0 0 1 1 1 0 1 1 1 1 0 0 0 1 0 1 
0 1 0 0 0 1 0 1 0 0 0 1 0 0 1 0 0 1 0 1 1 1 1 1 1 1 1 1 0 1 0 0 0 1 0 0 0 0 0 1 0 0 0 0 0 0 1 1 1 
1 0 0 0 1 1 1 0 0 0 0 1 1 0 1 0 0 0 0 0 0 1 1 0 0 1 0 0 0 1 1 1 0 1 0 1 1 1 0 1 0 0 1 1 1 0 1 1 0 
1 0 0 1 1 0 1 0 1 1 1 0 0 0 0 1 0 0 0 0 0 0 0 0 1 1 1 1 0 1 0 1 1 0 0 0 1 1 0 0 0 1 0 0 0 1 0 0 1 
0 0 1 0 0 1 1 1 1 1 1 0 1 1 1 1 1 1 0 1 1 0 1 1 1 0 1 0 0 1 1 0 0 0 1 0 1 0 0 0 1 1 0 0 0 1 0 0 0 
0 1 0 1 0 1 0 0 0 0 0 1 1 1 1 1 0 0 0 0 0 1 0 1 1 0 0 1 0 0 1 1 1 1 0 1 0 0 0 0 0 0 0 1 1 1 0 1 1 
0 0 1 1 0 1 1 0 1 0 1 1 1 0 0 1 0 1 1 0 1 0 0 0 0 1 1 1 1 1 1 1 1 0 1 1 1 0 1 0 0 0 1 1 0 1 0 0 1 
0 0 0 0 0 0 0 1 0 1 0 1 0 0 0 1 1 1 0 1 0 1 1 1 0 0 1 0 1 0 1 1 0 1 1 1 0 1 0 0 0 1 1 1 1 1 0 0 0 
0 1 0 1 0 1 0 0 1 0 1 1 1 0 1 0 1 0 0 0 1 0 1 0 1 0 1 0 0 1 0 0 0 1 0 0 0 0 0 1 0 0 0 1 0 0 1 0 0 
0 0 1 0 1 1 0 1 0 0 1 1 1 0 1 0 0 1 0 0 0 0 0 0 0 1 0 0 0 0 1 0 1 0 1 0 0 1 0 0 1 1 0 0 1 1 0 1 1 
1 1 1 1 1 1 1 0 1 0 1 0 1 1 1 1 0 1 1 1 1 0 1 1 0 1 0 1 0 0 0 1 1 1 0 1 0 1 1 0 1 0 0 0 0 1 0 0 0 
1 0 0 1 1 1 1 0 1 1 0 1 1 1 1 1 1 0 1 1 1 1 0 0 1 1 0 0 1 0 1 0 0 1 0 1 0 1 0 1 0 0 1 0 0 0 1 1 0 
0 0 1 0 1 1 1 0 1 0 1 0 1 1 0 0 1 0 0 1 0 1 1 0 0 1 0 0 0 0 0 1 0 0 1 1 1 0 1 1 0 0 1 1 0 1 1 1 1 
1 0 1 1 0 0 1 1 0 0 0 0 0 1 1 0 0 0 0 0 0 1 1 0 0 0 0 1 0 0 1 1 0 0 0 0 0 0 0 1 0 0 1 0 1 0 1 1 1 
1 1 1 0 0 1 0 1 0 1 1 0 0 0 0 1 1 1 1 1 1 0 1 1 0 1 0 0 0 1 1 1 0 0 1 1 0 1 0 0 1 1 0 1 1 0 0 0 1 
0 1 0 0 0 1 0 0 1 1 0 0 0 0 1 1 1 0 1 1 0 1 0 1 1 1 0 1 0 1 1 0 0 1 0 1 1 1 1 0 0 1 1 0 1 0 1 1 0 
0 0 0 1 0 1 0 1 1 0 1 0 1 1 1 0 0 0 1 1 1 0 1 0 1 1 0 1 1 1 1 1 1 1 1 1 0 1 0 1 1 0 0 0 1 1 1 1 1 
0 0 0 0 1 0 1 1 0 0 0 1 1 1 0 0 0 1 0 0 0 0 1 0 0 0 1 1 1 1 0 1 1 0 0 1 0 1 0 1 0 0 0 1 1 1 0 0 0 
0 0 0 0 1 0 0 1 0 1 0 1 1 0 0 1 0 1 0 1 1 1 1 1 1 1 1 0 1 1 1 1 1 1 0 0 0 0 0 0 0 0 1 1 0 1 1 0 1 
1 0 0 0 1 0 1 0 1 0 1 0 1 1 1 0 1 1 0 1 1 0 1 0 1 1 0 1 0 1 0 1 1 0 1 0 0 0 1 1 0 0 1 1 1 0 0 0 0 
0 0 1 1 1 1 0 0 0 1 0 1 1 1 0 0 0 0 0 1 1 0 1 0 1 1 1 0 1 0 0 1 0 1 0 1 1 1 0 1 0 0 0 0 0 0 0 0 0 
0 1 0 0 1 0 0 0 1 0 1 1 0 0 1 1 1 1 0 0 1 1 0 1 1 0 1 1 0 0 0 1 1 0 1 0 0 1 0 1 1 1 1 1 0 0 1 1 1 
1 1 0 1 1 0 0 0 1 0 0 1 0 1 1 0 1 1 0 0 0 1 0 1 0 1 1 1 0 0 0 0 1 1 1 1 1 1 1 0 1 1 0 1 1 1 1 0 0 
1 0 0 1 0 0 1 0 1 0 0 0 1 0 1 0 1 0 1 1 1 1 0 1 1 0 0 0 1 0 1 1 0 1 0 1 1 1 1 1 0 1 1 1 0 0 1 1 1 
0 0 0 1 1 1 1 1 1 1 0 1 0 1 0 0 1 1 1 1 0 0 1 1 1 0 1 0 1 1 1 1 1 1 0 0 1 1 1 0 1 0 0 1 1 0 1 1 1 
1 0 1 1 1 0 1 1 0 1 0 1 0 1 0 1 1 1 0 1 0 1 0 0 1 1 0 1 1 1 0 0 1 1 1 0 1 0 1 1 1 1 0 1 0 1 1 1 0 
1 0 0 0 0 1 1 0 1 0 1 0 0 1 1 1 0 1 1 1 0 0 0 1 1 0 1 0 1 0 0 0 1 0 1 1 1 0 1 0 1 0 0 1 1 1 1 0 0 
0 1 0 0 1 1 1 1 0 1 0 1 1 1 0 0 0 1 1 0 1 0 1 1 0 1 1 0 0 1 0 0 0 1 0 1 0 0 1 1 1 1 0 1 0 0 1 0 1 
0 1 0 0 0 0 1 1 1 1 1 0 1 1 0 0 0 1 1 0 0 0 1 0 0 0 0 0 1 1 1 0 0 0 0 0 0 1 0 1 0 1 1 0 1 1 0 1 0 
1 1 1 1 0 1 1 1 1 1 0 0 1 0 0 1 1 1 1 0 1 0 1 0 1 1 1 0 1 0 0 1 1 1 0 0 0 0 1 0 1 1 0 0 0 1 1 1 0 
0 1 1 0 0 1 1 1 1 1 1 1 0 0 1 1 0 1 0 0 0 0 0 1 0 0 1 1 0 0 1 0 0 0 1 0 0 0 0 1 0 1 0 0 1 1 1 1 0 
1 0 0 1 0 0 0 0 1 1 0 0 1 1 0 1 0 0 1 0 0 0 0 1 1 0 0 0 0 0 1 1 0 1 1 0 1 1 0 1 0 1 1 1 0 1 1 0 1 
0 0 0 1 1 1 0 1 0 0 1 0 1 1 0 1 0 0 0 1 0 1 1 1 0 1 1 1 0 1 1 0 0 1 1 1 0 1 0 0 0 0 0 1 1 0 0 1 0 
1 0 1 0 1 0 1 0 0 0 0 1 1 1 1 0 0 0 1 0 1 1 0 1 0 1 0 0 0 1 1 1 1 0 1 0 0 0 1 0 1 1 0 0 0 1 1 1 0 
0 1 1 1 1 0 1 0 0 0 0 1 1 1 0 1 1 0 1 1 1 0 0 1 0 1 1 1 0 0 1 0 1 0 1 0 0 1 1 0 1 1 1 0 1 1 1 0 0 
0 1 1 0 0 0 0 1 0 0 1 0 1 1 0 0 0 0 0 1 1 1 0 1 0 0 0 0 1 0 0 0 1 1 0 1 0 1 0 0 1 1 0 0 0 0 0 1 1 
1 0 0 0 1 1 0 1 1 0 1 1 0 1 1 0 1 0 0 0 1 0 1 0 0 0 1 1 0 0 0 1 0 0 1 1 0 0 1 1 0 0 1 1 1 0 1 0 0 
1 1 1 1 0 0 1 0 1 0 1 1 0 0 1 1 0 1 1 0 0 0 0 0 1 1 1 1 0 1 0 1 0 1 0 1 1 0 1 0 0 0 1 1 1 1 0 1 0 
1 1 0 1 1 0 1 1 1 0 1 0 0 1 1 0 1 0 1 1 1 0 0 0 1 1 1 0 1 0 0 0 1 0 1 0 0 0 1 1 1 1 0 1 0 1 1 1 1 
1 1 0 1 1 0 0 0 1 1 1 1 1 1 0 0 0 1 0 1 0 0 0 1 0 1 1 1 1 1 0 0 0 0 1 1 1 1 1 0 0 0 0 0 1 0 0 1 1 
0 0 0 0 0 1 0 0 1 1 1 0 1 1 0 0 0 1 1 1 0 1 0 0 1 0 1 0 0 0 1 0 1 1 1 1 1 1 1 0 1 0 0 0 1 0 0 1 1 
1 1 1 1 1 1 0 1 0 0 1 0 0 1 1 1 0 1 0 0 0 0 1 1 0 1 0 0 0 0 1 1 1 0 0 0 1 1 1 1 1 0 0 1 1 1 1 0 0 
1 0 1 0 1 0 0 0 0 1 0 0 0 0 1 1 0 1 0 1 0 0 1 0 0 0 0 1 1 0 0 1 0 1 1 1 1 1 1 1 0 0 0 1 0 1 0 0 1 
0 0 1 0 1 0 0 1 0 0 1 0 0 0 0 1 1 1 0 0 0 1 1 0 1 0 0 1 0 1 0 0 1 1 1 0 1 1 1 1 1 0 1 1 0 1 0 1 0 
0 0 1 0 1 1 1 1 0 0 1 1 0 1 0 0 0 0 1 0 1 1 1 0 0 1 0 0 1 0 0 0 0 1 0 1 1 1 0 1 0 1 0 0 0 0 0 1 0 
0 1 1 1 0 1 1 1 0 1 1 0 0 1 0 1 1 1 0 0 1 1 0 0 1 1 0 1 1 1 1 1 0 1 0 1 0 0 0 0 1 1 0 1 0 0 1 1 1 
1 0 0 1 0 0 0 1 1 0 1 0 1 0 1 0 1 0 1 1 0 1 0 0 0 0 0 0 1 0 0 0 0 0 1 0 1 0 0 0 0 1 0 1 1 1 0 0 1 
1 1 0 0 0 0 0 0 0 1 1 0 1 1 0 1 1 1 0 1 1 0 1 0 1 0 1 0 0 0 0 1 1 0 0 1 0 0 1 0 1 0 1 0 0 1 0 1 0 
0 0 1 1 1 1 0 1 1 0 0 1 0 1 0 0 1 0 0 0 1 1 1 0 0 0 0 1 0 1 0 0 1 1 1 0 1 1 1 0 0 1 1 0 1 1 1 0 1 
1 0 1 0 0 1 0 0 1 0 0 0 0 0 1 1 0 1 0 1 0 0 1 0 1 0 1 1 1 1 0 0 0 1 1 0 0 1 0 1 1 0 1 1 0 0 1 0 1 
1 0 0 0 1 0 1 1 1 0 0 0 1 1 0 0 0 0 1 1 0 0 1 0 0 0 1 0 1 1 0 1 1 0 1 1 0 0 0 1 1 1 1 0 0 0 0 0 0 
1 1 1 0 0 1 0 1 0 0 0 0 0 1 1 0 0 0 0 1 1 1 0 0 1 0 0 1 0 0 1 0 1 0 0 0 0 0 1 0 0 1 0 1 1 0 1 1 0 
0 0 1 1 0 1 0 0 1 1 1 1 1 1 1 1 1 1 1 1 0 0 1 1 0 0 0 0 0 0 1 0 0 0 1 1 0 0 1 1 1 0 1 0 1 0 0 0 1 
1 1 1 1 1 0 0 1 1 0 1 1 1 1 1 0 1 0 0 1 0 1 0 0 0 1 0 0 1 0 1 0 0 0 0 1 1 0 0 0 0 0 1 0 1 0 0 0 1 
0 1 1 1 0 1 0 1 1 0 0 0 0 0 0 0 0 1 1 0 1 1 1 1 0 1 1 1 1 1 0 1 1 1 0 1 0 0 0 0 1 0 0 1 0 0 1 1 1 
1 1 0 0 0 0 1 1 1 0 0 0 0 1 1 1 0 0 1 0 0 1 1 0 1 0 1 1 0 0 0 1 1 1 1 0 1 0 1 0 0 0 0 0 1 0 1 1 0 
