57 50 2411
9 61 7 73 39 53 40 50 42 89 33 98 48 61 47 12 86 18 15 83 58 31 81 94 2 25 67 86 8 25 49 16 85 55 41 24 59 80 25 52 20 9 1 19 21 99 30 58 17 97 
40 26 79 72 20 80 96 38 18 3 62 18 70 46 24 10 21 82 41 97 86 12 5 86 30 77 85 12 34 1 8 25 78 86 96 97 18 43 34 87 97 95 4 67 41 79 28 13 12 21 
10 97 32 66 83 14 43 67 25 28 19 32 53 96 69 100 93 38 43 26 24 39 73 79 57 65 57 85 77 21 57 38 17 88 4 99 1 46 17 77 25 35 8 77 31 29 77 75 66 71 
52 42 9 76 72 66 40 81 2 69 1 58 6 17 97 9 68 50 6 84 26 31 19 86 7 1 66 35 27 83 5 30 24 66 6 48 83 45 28 36 65 28 93 71 96 41 79 63 42 37 
47 68 67 17 5 25 69 70 12 47 4 68 76 80 33 81 27 67 78 54 2 42 81 46 12 28 87 43 91 28 79 37 47 97 5 3 21 73 24 84 19 28 52 46 7 36 27 33 3 4 
38 4 45 70 2 9 97 88 3 87 67 33 75 66 29 31 68 1 3 44 85 73 71 88 19 29 23 97 13 77 100 50 81 96 71 82 56 67 21 58 6 39 90 80 4 70 11 24 71 65 
67 7 90 89 94 60 69 68 8 81 45 59 82 77 54 52 10 62 70 30 19 75 20 61 7 76 30 17 99 52 33 17 10 74 57 3 33 25 23 40 57 67 98 90 43 4 41 52 65 62 
33 35 37 4 47 43 79 29 11 77 32 43 45 42 69 53 96 1 77 18 93 85 36 42 74 78 97 66 81 13 28 65 48 16 69 46 10 47 74 20 76 6 14 72 99 82 25 94 35 53 
64 27 38 99 20 63 29 17 29 9 29 8 26 28 23 46 74 32 92 99 3 19 56 16 91 54 50 15 48 84 67 11 62 56 61 81 19 89 49 99 98 30 6 75 57 80 20 82 63 63 
81 65 82 88 32 24 42 81 90 41 16 8 51 77 64 63 10 34 52 58 32 49 87 37 75 96 68 94 29 30 56 9 46 89 97 77 64 90 10 53 30 25 13 32 54 76 94 63 61 45 
72 92 45 11 80 19 58 99 64 86 28 20 47 25 60 95 1 24 84 62 28 13 87 40 96 92 67 89 54 27 86 77 18 30 87 49 1 96 47 64 82 26 35 28 50 95 22 3 70 5 
64 97 69 2 37 64 93 3 4 98 30 89 27 99 71 65 100 71 61 98 86 42 24 21 69 73 67 90 27 88 46 91 84 14 44 72 29 89 27 32 86 8 73 64 6 43 29 57 65 89 
55 50 82 30 22 50 54 88 91 81 27 36 71 11 49 66 34 77 54 60 60 92 67 32 55 25 26 83 33 90 23 87 40 4 16 13 5 70 53 95 2 79 30 72 41 30 89 75 58 43 
86 70 34 53 1 40 77 27 23 61 68 97 48 59 53 15 72 57 36 24 4 37 2 85 60 95 15 49 69 24 43 54 45 76 58 98 15 86 76 89 47 43 38 94 2 90 60 73 98 96 
48 1 84 49 86 96 43 52 44 63 27 86 69 72 13 26 69 79 12 44 20 58 86 57 3 39 46 62 11 43 9 58 96 45 59 81 40 53 32 35 68 58 72 36 29 84 61 49 14 24 
92 33 81 78 89 35 16 86 49 79 81 9 88 76 53 98 56 44 3 87 78 70 96 1 5 77 36 17 25 50 41 17 82 73 46 23 60 13 8 8 43 88 16 31 63 21 80 70 16 82 
8 46 51 4 46 7 80 82 24 56 31 16 72 64 40 69 86 99 82 94 58 76 33 26 6 96 46 86 65 13 67 25 58 70 28 4 76 59 37 51 14 19 18 38 82 10 58 68 60 91 
13 18 67 45 43 24 92 40 9 9 52 28 33 62 49 12 17 76 70 53 27 35 71 96 24 4 5 82 23 65 72 35 82 38 32 76 14 23 67 22 83 70 1 15 31 1 78 47 77 47 
51 3 34 21 50 57 77 55 90 99 19 14 34 52 3 65 27 16 39 45 90 22 14 90 88 45 43 66 43 19 64 94 73 49 66 22 58 42 76 47 41 46 60 26 49 15 42 27 30 80 
71 19 53 85 61 93 81 3 58 23 21 73 68 93 22 86 66 79 27 94 77 19 39 89 44 88 3 37 14 32 69 37 3 21 21 63 65 53 65 74 27 37 47 95 29 20 80 46 50 58 
39 78 77 78 66 72 17 20 9 82 4 29 18 6 49 90 68 14 42 32 39 69 68 85 15 48 56 46 93 5 3 32 83 31 61 100 55 77 20 15 10 75 43 28 80 43 69 47 8 11 
30 47 31 49 31 97 48 39 42 40 43 96 23 77 79 83 77 33 11 48 99 21 22 41 100 53 83 68 99 91 30 80 37 12 28 19 8 75 57 1 66 52 49 89 80 27 23 56 11 86 
55 9 58 28 1 57 80 83 76 30 25 6 61 13 17 88 84 77 14 92 29 32 43 77 72 23 55 46 30 17 31 37 25 88 16 25 96 48 60 72 77 36 29 90 49 97 77 32 73 43 
23 54 74 18 30 97 92 37 42 73 53 73 9 30 12 25 6 8 24 17 31 52 53 59 41 1 7 70 84 80 12 58 85 37 75 66 33 18 2 74 91 7 98 99 88 10 75 45 69 98 
62 99 2 14 9 42 66 15 11 49 46 74 6 30 62 33 96 46 50 49 20 40 55 69 91 42 78 17 87 46 67 100 44 68 13 52 9 30 67 72 78 12 97 35 94 59 19 89 4 69 
37 75 60 44 44 2 37 73 19 23 19 85 74 14 4 38 18 64 67 36 35 96 99 84 31 92 94 1 80 49 69 69 24 81 12 19 82 48 91 52 23 61 88 96 75 91 34 44 55 100 
79 41 96 77 76 78 21 69 78 100 18 99 20 93 31 31 11 64 79 53 16 1 14 3 48 40 46 81 35 52 33 13 92 80 41 68 57 61 88 86 13 5 84 32 97 66 63 7 30 93 
12 45 93 25 99 40 16 96 73 50 47 5 14 91 36 54 10 92 67 97 29 79 2 65 10 98 30 24 57 59 16 68 55 60 44 6 52 11 1 24 12 100 80 25 90 15 30 99 58 96 
47 86 74 100 2 36 50 32 59 6 90 27 25 97 86 20 2 37 82 54 12 93 53 91 69 42 57 98 92 66 46 91 4 19 90 5 6 39 36 17 96 78 43 20 26 80 91 27 69 72 
80 80 16 85 23 84 78 79 34 22 97 79 12 100 49 1 56 55 92 92 23 87 21 17 59 98 96 49 24 16 73 55 96 40 91 18 24 69 48 9 90 96 87 1 95 35 53 51 41 44 
94 63 83 66 31 41 63 79 41 38 94 65 44 89 5 35 58 80 3 58 88 44 53 26 96 48 60 48 50 53 44 95 67 26 60 98 18 74 76 58 11 69 23 54 10 27 40 67 58 42 
76 45 37 29 70 32 28 81 80 77 85 75 71 52 100 82 1 69 55 28 26 17 48 100 22 57 26 62 76 83 55 51 79 92 79 100 23 58 81 54 34 65 28 56 68 79 89 20 47 95 
47 25 11 47 24 33 55 2 46 30 36 100 33 15 43 63 14 66 21 46 71 6 63 99 14 82 29 2 2 28 97 100 52 59 46 75 43 1 28 88 82 64 40 66 30 82 29 95 99 1 
41 70 6 55 20 71 36 100 73 89 27 21 89 78 79 86 5 22 38 84 61 20 47 52 37 28 34 65 23 84 17 63 5 75 69 24 45 4 76 17 93 2 37 33 32 68 18 88 41 56 
71 1 27 18 53 63 45 38 80 19 73 48 33 78 22 1 53 67 5 28 35 49 30 24 81 61 91 50 48 83 57 18 35 83 87 39 98 84 76 29 2 49 76 87 78 98 87 30 16 91 
58 50 91 39 73 23 99 15 73 98 97 29 67 84 64 6 22 61 41 98 89 94 98 16 80 75 13 67 4 28 9 13 78 52 51 2 74 1 69 46 98 17 27 17 100 42 74 22 54 14 
19 94 59 68 9 39 42 22 57 97 1 65 62 30 16 12 32 42 13 100 39 62 68 17 30 68 58 3 89 11 68 59 4 27 26 13 65 19 86 21 67 86 37 28 16 5 92 99 46 4 
98 36 17 17 53 47 84 10 1 72 21 69 82 76 95 59 88 59 77 73 31 96 11 19 75 26 23 66 24 20 69 73 56 38 89 60 36 25 69 36 96 41 4 78 17 98 36 56 8 65 
81 90 12 91 9 86 68 83 52 91 55 72 15 62 9 55 21 96 79 89 32 27 30 35 56 98 85 43 53 44 7 33 34 70 23 94 56 90 28 59 32 82 30 98 43 91 53 63 86 83 
4 69 9 85 4 64 82 40 7 34 35 65 19 68 35 41 13 90 83 41 48 66 74 29 64 17 71 68 31 9 50 34 77 11 70 32 74 51 71 80 37 6 45 55 25 31 47 90 72 29 
30 71 47 55 99 62 71 70 81 54 78 30 39 6 92 9 38 66 59 8 97 95 65 93 1 42 23 48 31 94 76 12 64 74 66 15 35 89 36 15 42 13 97 80 70 88 88 7 5 99 
67 2 45 31 94 46 72 69 93 2 62 20 65 78 94 31 92 80 19 27 95 60 91 43 91 60 82 31 67 87 29 33 40 73 15 85 70 39 53 62 40 15 82 5 44 27 87 35 6 5 
61 52 16 51 94 6 62 28 36 80 66 16 12 57 41 79 41 10 17 94 72 8 60 5 64 3 31 50 37 36 6 49 88 21 51 33 79 12 12 14 92 77 82 55 33 22 33 26 31 1 
19 54 9 30 58 72 84 88 74 72 76 79 20 15 100 22 47 78 85 11 43 76 87 24 83 72 97 67 97 28 68 67 81 28 48 91 51 31 78 24 2 5 55 21 19 6 42 66 35 26 
76 29 54 14 53 88 37 1 6 85 28 25 3 61 52 50 51 3 80 80 78 81 85 32 53 3 89 94 20 23 72 47 52 77 13 56 16 1 56 21 86 36 46 88 48 97 38 50 51 69 
81 81 50 65 64 2 20 53 48 91 27 71 90 78 47 54 85 14 54 93 34 91 80 31 79 27 28 68 28 30 36 8 10 37 73 26 39 44 30 38 86 56 8 27 86 6 80 70 19 86 
14 4 76 93 35 6 71 14 73 98 43 61 6 5 49 30 82 39 25 11 76 10 66 83 89 51 40 68 73 58 5 38 14 81 83 48 86 53 61 11 3 55 23 8 11 71 89 92 10 13 
2 37 74 20 20 62 22 11 82 46 21 86 84 34 66 66 81 4 70 93 14 72 47 88 31 10 10 19 53 19 31 7 8 57 26 79 18 99 89 51 45 9 37 80 42 54 45 74 9 66 
66 22 38 65 61 68 74 71 87 78 41 69 84 48 25 9 26 95 8 15 45 4 23 33 83 17 39 79 90 47 44 56 21 33 72 81 1 97 3 39 74 44 59 58 91 84 18 17 30 77 
83 26 80 57 59 62 73 49 92 63 95 36 70 67 68 41 100 20 37 2 10 10 45 69 67 88 4 85 56 33 61 38 58 93 94 68 6 19 68 98 81 15 33 50 81 52 42 80 72 78 
34 81 39 30 1 58 17 4 42 72 88 54 61 98 46 7 17 52 25 85 1 5 99 33 6 79 36 99 11 59 28 96 92 66 25 92 23 42 48 16 65 35 22 78 32 19 84 49 70 8 
85 70 64 83 54 21 13 42 19 75 100 98 70 91 63 95 83 38 88 82 5 4 16 26 81 100 45 64 48 66 23 84 88 86 66 93 58 78 34 28 53 86 25 74 76 40 68 10 29 55 
91 33 11 59 11 91 58 7 7 57 24 29 40 11 67 5 56 76 34 41 4 38 26 80 12 54 19 31 15 99 38 6 84 48 64 94 38 73 52 44 29 75 25 20 38 91 76 45 66 9 
85 21 99 63 1 62 16 71 92 30 70 81 87 53 28 2 98 18 74 49 13 54 75 37 73 12 79 48 8 97 9 93 17 59 7 17 20 22 88 63 51 57 96 90 61 23 91 58 92 17 
6 5 70 32 41 43 96 20 42 3 16 50 47 84 60 53 1 31 74 40 94 77 48 89 66 8 63 8 65 55 24 22 59 46 53 51 40 48 22 81 3 89 83 49 73 42 2 25 73 75 
16 18 3 63 58 20 70 72 28 86 26 3 59 36 48 11 39 87 11 60 20 13 1 2 61 25 95 14 1 19 41 16 36 43 78 93 15 99 65 94 36 42 96 94 30 96 56 68 82 66 
79 1 30 31 54 43 55 49 56 55 67 96 70 55 91 99 99 5 97 15 98 84 57 45 77 38 40 33 5 22 50 35 74 80 66 28 22 20 28 29 27 94 77 96 48 67 95 99 23 43 
0 1 0 0 1 0 1 1 0 1 0 0 0 1 1 1 0 0 0 1 0 0 1 0 0 0 0 0 0 0 0 1 1 0 1 1 1 1 0 1 0 0 1 0 1 0 1 0 0 0 
1 1 0 0 1 0 1 0 0 1 0 1 0 0 1 0 1 0 1 1 0 1 1 1 0 0 0 1 0 0 1 0 1 0 0 1 0 1 1 1 1 1 0 1 1 1 1 0 0 0 
1 0 0 0 1 0 1 1 1 1 0 1 1 1 1 0 0 1 1 1 0 0 1 0 0 0 0 1 1 0 0 0 0 0 1 1 0 0 1 1 1 1 0 1 0 1 1 1 1 0 
0 1 1 1 0 1 0 0 0 1 0 0 1 0 0 0 1 0 0 0 0 0 1 0 1 0 0 0 1 1 0 1 0 1 1 0 0 1 0 1 0 0 1 1 0 0 0 0 0 0 
0 0 0 0 1 1 0 1 1 1 0 0 0 0 1 1 1 0 0 1 1 0 0 0 0 0 0 0 0 1 0 1 1 1 1 0 0 1 1 0 0 1 0 0 0 1 0 1 1 0 
0 0 1 0 1 1 1 1 1 1 0 1 0 0 0 1 0 1 0 0 1 0 1 1 1 1 0 1 0 0 1 1 0 0 1 1 1 0 1 0 0 1 0 0 1 0 0 0 1 0 
0 0 1 1 1 0 1 0 1 1 0 0 0 0 1 0 0 0 0 1 1 0 0 1 1 0 1 1 0 1 1 0 1 0 1 1 0 0 1 1 0 1 0 0 1 1 0 1 1 1 
0 0 1 1 1 0 1 1 1 1 0 1 1 1 1 0 0 0 1 1 1 1 0 1 1 0 0 0 1 0 1 0 0 0 1 0 1 0 1 0 1 1 1 0 0 1 0 1 1 1 
0 0 0 1 0 0 1 0 0 0 0 1 0 1 1 1 1 0 1 0 1 0 1 0 0 1 1 1 0 0 0 1 1 1 0 1 1 1 1 1 1 0 0 0 1 1 1 0 0 1 
0 1 1 1 1 0 0 1 1 1 1 1 0 0 0 0 1 1 1 1 0 0 1 0 0 0 0 0 0 0 1 0 1 0 1 0 0 1 1 1 0 1 1 0 1 1 0 1 1 1 
0 1 0 1 0 0 1 0 0 1 0 1 1 1 0 0 1 0 1 1 0 0 0 1 0 1 0 1 0 1 0 0 1 0 1 1 1 0 1 1 1 1 1 0 0 1 0 1 1 0 
0 1 0 0 0 0 0 1 1 0 0 0 1 1 0 0 0 1 1 1 1 0 0 0 1 0 1 1 0 0 1 0 0 1 1 0 0 1 1 1 1 0 1 0 1 0 1 0 1 0 
1 0 0 0 0 1 0 1 1 0 0 0 1 0 0 0 0 0 1 0 1 0 0 1 1 1 1 0 1 0 0 1 1 0 1 1 0 1 1 1 0 1 1 1 1 1 1 1 1 0 
1 1 0 1 0 1 1 1 1 0 1 1 1 0 0 0 0 0 0 1 1 0 0 0 1 1 0 0 0 1 0 0 0 0 1 0 0 0 1 1 1 1 1 0 1 1 1 1 1 1 
0 0 1 0 0 0 1 0 0 0 0 0 0 0 0 1 1 0 0 0 0 1 1 1 1 1 0 0 0 1 1 1 1 0 1 1 0 1 0 0 1 0 0 1 0 1 0 1 1 0 
0 1 1 1 0 1 0 0 1 1 1 1 0 0 1 1 0 0 0 0 0 1 0 1 0 0 0 1 0 1 1 0 1 1 1 1 0 0 0 1 1 1 0 1 0 0 0 0 0 1 
0 0 0 0 1 1 0 1 0 0 1 1 0 0 0 0 1 0 0 1 0 1 1 0 0 1 0 0 1 0 1 1 1 0 1 0 1 1 0 1 0 1 0 0 1 1 0 0 1 0 
0 1 1 1 0 1 0 0 0 1 1 1 0 0 1 1 0 0 0 0 1 0 1 0 1 0 1 1 1 0 0 1 0 1 0 0 1 0 0 1 1 1 0 1 1 0 0 0 0 0 
0 0 1 0 0 0 0 1 1 1 1 1 0 1 1 0 1 0 0 0 1 1 1 1 0 1 1 0 1 0 1 1 0 0 1 0 0 0 1 1 1 0 1 0 0 0 0 1 0 1 
1 1 0 1 0 1 0 0 1 1 0 0 0 0 0 0 0 0 0 1 0 1 1 1 1 1 1 0 1 1 1 0 0 1 1 0 0 1 0 0 0 0 0 1 0 1 1 0 1 1 
1 1 0 1 0 0 0 1 0 1 0 1 0 0 0 1 1 1 1 1 1 1 0 1 0 0 0 1 1 0 0 0 1 1 1 0 1 0 1 1 1 0 0 1 0 0 1 1 1 0 
1 0 1 1 0 0 1 0 1 0 0 0 1 0 1 0 0 0 0 1 1 0 1 1 1 0 1 0 1 1 0 0 1 0 1 1 0 1 0 1 1 0 1 0 0 0 1 0 0 1 
0 1 1 1 0 1 1 0 1 1 1 0 1 0 0 1 0 0 0 0 1 1 0 1 0 1 1 1 1 0 0 1 1 0 1 0 1 0 0 0 1 1 0 1 1 0 0 1 0 0 
1 0 1 0 1 1 1 0 0 0 0 1 0 0 1 1 0 0 1 0 0 1 1 1 0 0 1 0 0 0 0 1 0 1 1 1 1 0 1 1 1 0 0 1 0 1 0 0 1 1 
0 0 0 1 1 0 1 0 0 1 0 0 1 0 0 0 1 1 1 1 0 0 1 1 1 1 0 1 1 0 0 1 0 1 0 1 1 1 1 0 1 0 0 0 0 0 0 0 1 1 
1 0 1 0 1 0 1 1 1 0 1 0 1 1 1 1 0 0 0 0 0 1 0 1 1 0 1 0 0 1 1 1 1 1 1 0 1 0 1 1 0 1 1 1 0 0 0 1 0 1 
1 1 0 1 0 0 1 1 0 0 0 1 1 1 0 1 1 0 1 1 1 0 0 0 1 0 0 0 1 0 1 0 1 1 1 1 1 1 1 1 1 1 1 0 1 1 1 0 1 1 
1 0 1 1 0 0 0 0 0 1 1 1 0 0 1 1 0 0 0 1 0 1 0 1 0 1 0 1 0 0 0 1 0 1 1 1 0 1 1 0 0 0 0 0 1 1 0 1 1 0 
0 1 0 0 0 0 0 1 1 0 1 0 1 1 1 0 0 1 1 0 0 0 0 0 0 1 1 0 0 0 1 0 0 1 1 0 1 1 1 0 1 0 0 0 0 0 1 0 1 0 
0 1 0 1 1 1 0 0 1 1 1 0 1 1 1 0 1 0 1 1 1 0 1 1 1 1 1 0 0 1 0 0 0 1 1 0 0 0 0 1 1 1 0 0 0 1 1 0 0 0 
1 1 1 0 0 0 0 0 0 0 1 0 0 1 1 0 1 1 0 0 1 1 1 1 1 0 0 0 0 0 1 1 1 0 1 0 0 1 0 0 1 1 0 0 0 0 0 0 1 0 
0 0 1 1 1 0 1 0 1 1 0 0 0 0 0 0 0 0 1 0 0 1 1 0 1 1 0 1 1 0 1 1 0 0 1 0 0 0 0 1 0 0 1 0 0 1 0 0 1 0 
0 1 1 1 0 0 1 0 1 0 0 0 0 1 0 1 1 0 1 1 0 1 1 1 0 0 1 0 0 0 0 1 0 1 0 0 1 1 0 0 0 1 0 0 0 0 1 1 1 0 
0 1 0 1 0 0 1 1 0 0 0 1 1 0 0 1 0 0 1 0 0 1 1 1 1 1 1 0 0 0 0 0 1 0 0 0 0 1 1 1 1 1 0 0 1 0 0 1 0 1 
0 1 0 1 0 1 1 1 1 1 0 1 0 1 0 0 1 0 1 1 1 1 0 1 1 0 0 1 1 0 0 1 1 0 1 1 1 0 1 0 1 1 0 1 0 0 1 0 0 1 
1 0 0 1 1 1 1 1 1 1 0 1 0 1 0 1 1 1 1 0 0 1 1 0 0 1 0 0 1 0 1 0 0 1 0 0 0 1 1 1 0 1 1 1 1 1 0 0 0 0 
0 0 1 1 0 1 0 0 1 0 1 0 0 1 1 0 1 0 0 1 1 0 0 0 1 1 1 0 1 0 0 1 0 1 0 1 0 1 1 0 1 0 0 1 0 0 0 1 0 0 
0 1 0 1 0 0 0 1 0 0 1 0 1 0 1 0 1 1 1 0 1 0 1 0 1 1 0 1 0 0 1 1 1 0 0 1 0 0 1 0 0 0 0 0 0 1 0 1 0 1 
0 0 1 1 0 0 0 0 0 0 0 1 1 1 1 1 1 1 0 0 1 0 0 1 0 1 0 0 0 1 1 0 1 0 1 1 1 1 1 1 0 1 0 1 0 0 1 1 1 1 
1 1 1 0 0 0 1 1 0 1 0 0 0 1 0 1 0 1 1 1 0 1 0 1 0 0 1 1 0 0 0 1 1 0 1 0 0 0 1 0 0 1 0 0 0 1 1 0 0 0 
1 1 1 1 0 0 1 1 1 1 1 0 1 1 0 0 1 0 1 0 0 1 1 1 1 1 0 0 1 0 1 0 1 0 1 1 0 0 0 0 0 0 0 1 1 0 1 0 0 0 
0 0 1 1 1 0 0 1 1 1 0 0 1 1 0 0 1 1 0 1 1 0 1 1 1 0 1 1 0 1 1 0 1 1 1 1 1 1 0 0 0 0 0 1 0 1 1 1 0 0 
0 1 0 0 0 0 0 1 1 1 0 0 1 1 1 1 0 1 0 1 1 1 1 0 0 1 1 0 0 1 0 1 0 0 1 0 0 1 1 1 0 1 0 0 0 1 1 1 0 1 
0 0 0 1 0 1 1 1 1 1 0 1 0 0 1 1 0 0 1 1 1 1 0 1 1 0 1 0 1 1 0 1 1 0 1 1 1 0 0 0 1 0 1 0 0 1 1 0 1 0 
1 0 0 1 0 1 0 1 0 1 0 0 1 0 0 0 1 0 0 0 0 1 0 0 1 1 1 1 1 0 1 1 0 1 0 0 1 0 1 1 0 0 1 1 0 1 1 1 1 1 
1 0 0 0 0 0 1 1 1 0 1 0 1 1 0 0 0 1 0 1 0 0 1 1 1 1 0 0 1 0 1 0 0 0 0 0 0 1 1 1 0 0 1 1 1 1 1 1 0 0 
1 0 0 0 1 0 0 0 0 1 0 0 1 0 0 0 0 0 1 1 1 1 1 0 1 0 0 0 0 0 0 1 1 1 1 0 1 1 0 1 0 0 1 0 0 1 0 0 1 1 
1 0 1 0 1 0 1 1 0 1 1 1 0 0 0 1 1 1 1 1 0 1 0 0 1 0 1 1 1 1 1 0 1 0 1 0 0 0 1 0 1 1 1 1 1 1 0 0 0 1 
0 1 1 0 1 0 0 0 0 1 1 1 0 1 1 1 1 1 1 1 1 0 0 1 1 1 0 1 0 1 1 0 0 0 0 1 0 0 1 0 0 1 1 0 0 0 1 1 1 0 
0 1 0 0 0 1 0 0 0 0 1 1 0 1 1 0 0 0 0 0 0 0 1 0 0 1 0 1 0 0 1 1 1 1 1 1 0 1 1 1 1 1 0 1 0 0 1 1 0 0 
1 0 0 0 0 1 1 1 0 1 1 0 0 0 1 0 1 0 1 0 1 1 1 1 0 0 1 0 1 1 0 0 0 0 0 0 1 1 1 0 0 0 0 1 0 1 1 1 1 0 
0 0 1 1 0 0 1 1 0 0 1 0 0 1 0 0 1 0 1 1 0 0 1 0 1 0 1 0 1 1 0 1 1 0 1 1 0 0 1 0 1 0 0 1 1 0 0 0 0 1 
1 0 1 1 0 0 1 0 0 0 1 1 0 0 1 1 0 1 1 1 1 0 1 1 0 0 1 0 0 0 1 0 0 1 1 1 1 0 1 0 0 0 1 0 0 0 1 0 1 1 
1 0 1 0 1 1 0 0 1 1 0 1 1 1 0 0 0 1 0 1 1 0 1 0 1 1 0 0 0 1 1 1 1 1 0 0 0 0 1 0 1 1 1 0 0 1 0 0 0 0 
1 0 1 0 0 0 0 1 0 0 0 0 1 0 1 1 0 1 0 1 1 1 1 0 0 1 1 0 0 0 1 1 0 0 0 0 0 0 1 0 0 0 0 1 0 1 1 0 1 1 
0 0 0 1 1 0 0 0 1 0 0 0 0 0 0 0 1 0 0 0 0 0 0 1 1 0 0 0 1 1 1 1 0 0 0 1 0 0 1 1 1 0 1 1 0 1 1 1 1 1 
0 0 1 0 1 0 1 1 1 0 1 0 1 1 0 1 0 1 1 1 0 0 1 0 1 0 1 0 1 1 1 1 1 0 0 0 1 1 1 0 1 0 0 0 1 1 1 1 0 0 
