59 47 1655
74 75 54 36 21 31 27 8 83 21 41 61 90 90 75 37 1 68 62 34 57 43 13 45 75 26 82 11 100 39 50 25 13 55 12 85 86 39 44 20 59 36 32 1 26 7 37 
78 26 50 11 83 44 24 79 18 1 61 29 52 99 30 76 63 84 88 99 21 78 42 40 88 77 72 88 54 30 76 32 55 25 42 89 21 17 68 38 18 80 18 69 78 99 97 
92 83 36 90 55 13 83 95 52 11 18 40 65 47 15 48 1 92 41 90 64 58 57 53 27 88 71 95 65 69 43 8 3 30 49 10 94 31 4 46 41 21 85 57 19 51 4 
19 94 45 60 57 54 68 10 80 55 32 26 71 100 21 78 55 50 26 64 44 8 19 89 1 91 25 57 9 27 13 27 21 9 39 77 62 6 86 93 61 17 18 31 69 38 9 
75 88 86 90 83 46 8 23 46 98 47 2 58 73 14 84 45 74 74 22 35 80 59 27 40 28 97 70 96 34 30 22 73 68 11 7 13 18 29 58 67 27 59 24 52 25 59 
96 98 33 69 85 12 28 63 3 55 59 72 2 93 54 23 17 21 33 24 33 2 4 90 68 31 100 43 34 76 1 29 26 85 50 10 96 77 72 98 83 31 22 84 75 75 58 
91 47 90 66 79 91 70 20 10 52 71 52 85 99 4 65 24 89 14 33 36 42 56 86 24 86 7 59 12 33 16 55 79 5 20 9 47 41 80 8 92 2 11 76 100 15 93 
23 55 6 7 90 48 63 75 71 100 33 82 12 17 97 66 95 54 37 55 52 78 86 60 69 88 70 97 87 36 89 62 90 46 20 80 93 82 6 16 82 39 97 45 55 93 62 
2 98 98 8 50 75 94 9 96 81 30 44 19 66 32 32 55 77 52 86 22 85 92 37 18 82 85 62 88 29 23 41 27 73 49 28 47 94 36 94 74 65 37 44 30 20 28 
37 49 79 22 70 15 13 58 33 46 94 94 34 22 69 26 100 41 74 27 39 67 14 85 92 31 21 88 12 41 67 48 41 97 70 62 11 34 19 43 32 64 89 17 37 57 42 
89 49 68 15 39 34 81 23 78 11 96 17 22 88 83 22 28 79 43 89 89 28 59 84 59 74 72 75 10 80 69 98 80 36 65 18 21 45 93 98 7 88 66 28 75 48 1 
54 78 43 42 19 71 52 2 29 25 25 56 34 4 24 84 83 59 48 52 79 44 96 29 50 83 46 29 9 46 82 62 23 24 55 41 46 6 94 75 82 18 82 16 21 5 51 
55 15 50 59 45 93 54 25 94 89 71 74 97 16 55 11 90 31 65 31 76 23 24 2 4 42 83 71 14 39 21 21 5 70 79 50 14 32 26 59 20 48 85 69 63 91 79 
53 21 43 35 49 17 10 50 21 3 85 91 17 75 64 37 80 85 15 81 51 98 58 9 70 6 45 90 68 36 68 72 8 62 58 56 79 68 58 99 70 94 41 38 68 4 74 
99 41 40 79 91 90 37 51 59 94 96 100 61 83 67 85 90 80 42 98 58 61 55 8 31 48 1 68 67 56 94 66 96 33 96 38 74 84 89 84 77 84 83 90 18 49 74 
7 29 67 4 38 28 10 98 10 9 50 77 28 5 22 93 53 7 88 90 80 72 78 64 100 13 46 89 30 47 14 89 75 81 44 64 60 54 13 69 14 62 97 41 19 19 85 
71 25 25 60 4 48 90 19 47 54 65 36 36 11 49 24 37 81 67 52 40 72 65 8 38 78 57 78 96 75 15 66 51 39 78 6 86 67 25 32 72 41 19 7 51 68 30 
39 48 49 90 40 20 6 47 57 84 3 87 79 29 1 45 31 91 74 37 76 92 13 59 63 53 78 70 55 97 51 93 44 51 82 83 71 88 82 79 71 36 17 1 17 69 97 
47 59 70 35 34 61 47 45 76 99 22 97 5 18 47 97 13 98 79 48 20 18 29 50 88 16 67 40 84 35 37 31 46 6 65 31 19 64 75 94 14 96 90 19 65 88 15 
78 37 45 25 56 62 5 6 1 72 24 41 56 10 77 86 55 34 2 38 52 17 12 97 31 60 86 49 24 26 15 53 62 60 77 18 21 33 75 74 5 98 14 60 59 42 97 
66 27 50 3 31 67 66 27 97 25 65 97 1 90 11 53 51 22 82 20 95 14 94 68 70 43 33 81 2 26 77 67 4 79 21 34 45 86 13 93 63 77 89 15 18 51 19 
68 25 100 88 19 66 33 38 35 28 70 16 81 47 44 47 50 22 19 84 18 56 96 10 18 24 50 32 41 1 3 8 25 2 47 95 19 32 32 54 59 1 21 39 99 16 37 
48 90 7 83 7 62 30 17 80 53 18 63 93 70 65 53 46 19 51 40 37 82 71 42 92 23 14 82 21 30 70 21 19 76 3 77 38 33 45 69 37 63 83 30 32 100 34 
78 18 84 17 6 18 40 48 61 62 61 43 35 42 64 55 12 40 9 89 29 93 33 97 30 95 79 11 79 30 44 56 99 79 24 5 96 63 4 9 25 16 51 11 58 66 17 
21 5 25 9 33 70 42 81 99 88 12 61 66 41 4 73 40 34 97 96 30 59 99 90 35 14 40 97 23 5 13 44 62 38 4 94 59 97 27 57 37 38 69 2 78 72 27 
69 57 23 64 86 33 62 75 20 28 66 16 2 23 29 97 36 18 1 81 76 49 7 84 85 44 52 39 74 75 65 42 31 39 6 69 23 19 95 42 46 13 10 100 87 38 96 
22 7 48 54 34 97 61 69 81 56 72 19 29 98 35 71 28 73 76 48 96 46 95 37 44 59 98 43 45 87 90 18 93 38 23 78 86 83 46 66 39 17 37 67 14 71 89 
94 96 16 93 91 62 39 79 5 97 77 99 93 63 88 62 8 77 85 37 62 67 83 80 57 51 68 76 17 90 16 62 85 32 54 75 93 45 6 49 41 34 47 34 48 86 47 
55 63 31 44 76 50 78 7 6 28 74 33 96 64 49 9 48 80 15 75 24 59 32 24 99 65 70 84 12 55 31 19 69 61 62 45 62 39 51 68 18 77 52 66 40 100 74 
39 31 88 65 6 46 96 29 97 60 98 80 24 5 62 42 25 75 55 69 36 45 72 3 62 48 7 27 39 58 53 29 89 40 94 94 38 89 75 34 1 24 13 24 28 75 17 
5 49 71 25 84 15 96 39 28 95 97 7 85 54 59 14 94 50 7 40 87 47 14 20 99 37 85 74 17 11 90 21 11 12 45 46 78 93 36 58 39 32 64 24 86 74 37 
79 23 95 18 62 93 83 33 92 20 17 17 88 79 59 8 89 22 4 35 100 96 70 57 35 2 72 58 39 45 46 69 19 92 39 32 36 21 65 79 92 33 96 79 12 54 38 
52 75 42 86 26 37 8 34 23 61 5 32 99 1 29 19 72 20 57 3 8 30 19 86 21 52 81 52 15 86 89 66 61 30 52 38 19 11 72 93 71 76 77 21 29 5 39 
100 77 48 2 84 29 21 69 49 24 50 52 38 87 41 55 47 22 6 37 92 68 8 85 38 35 61 10 63 17 1 62 93 100 64 28 28 36 97 28 11 98 80 48 84 72 2 
83 93 60 19 85 79 26 21 17 60 33 78 23 49 78 84 94 29 99 21 56 86 17 84 96 66 15 95 50 86 49 84 78 60 2 14 38 79 86 6 90 18 84 12 67 13 48 
60 42 98 32 97 36 49 32 31 14 46 78 15 31 26 98 61 85 51 74 74 29 60 80 19 29 63 82 95 27 81 6 68 31 38 17 66 38 48 48 3 46 25 18 28 2 67 
88 38 18 14 12 98 73 43 68 1 5 50 48 83 30 5 51 60 94 19 77 31 18 25 86 15 1 55 43 3 21 30 92 90 43 3 88 67 45 55 20 1 56 19 36 38 75 
38 49 69 56 26 51 25 2 36 40 2 90 82 56 11 11 48 52 6 2 91 24 99 98 95 99 53 13 34 42 88 23 91 8 78 68 58 3 69 94 42 70 83 75 26 45 85 
25 49 42 26 39 18 24 36 12 75 41 25 60 82 64 83 24 71 60 91 80 14 59 73 7 81 8 81 58 4 18 82 4 59 7 43 76 83 30 40 57 22 16 16 4 79 50 
79 1 62 70 80 75 28 5 82 60 64 14 17 19 31 98 23 42 57 65 69 39 46 8 47 68 23 14 23 53 64 1 53 77 22 85 51 2 89 84 61 4 98 78 22 80 27 
44 21 35 60 90 25 6 97 71 25 72 37 99 24 52 51 77 28 73 13 78 74 53 14 34 56 63 11 77 42 90 73 63 24 32 4 49 89 100 71 13 23 7 11 47 58 62 
23 85 86 35 15 59 39 80 92 94 42 55 22 83 44 94 97 19 26 100 67 14 52 90 79 74 96 41 72 6 54 94 42 39 80 8 49 18 87 41 63 28 47 85 63 42 78 
11 60 55 63 79 21 66 68 51 39 15 91 63 20 97 56 62 87 88 69 36 57 8 28 20 87 74 56 1 15 33 12 26 40 74 4 60 39 23 10 29 38 52 91 57 48 99 
70 35 38 39 22 46 98 49 17 84 22 72 85 88 57 48 13 96 21 17 7 11 39 16 91 76 19 34 85 67 84 54 53 73 44 74 18 41 22 35 77 95 58 61 82 14 8 
94 61 80 62 67 42 1 34 84 28 53 69 64 19 4 18 23 76 13 48 46 6 21 32 82 15 89 94 96 3 1 41 15 32 3 82 25 55 15 8 34 19 29 98 37 32 67 
11 60 79 58 5 84 78 36 17 44 24 10 39 78 62 32 45 45 34 26 69 88 92 29 73 11 57 70 99 40 88 10 99 67 19 3 2 49 90 71 92 66 80 83 43 42 14 
39 86 47 64 7 86 8 35 58 18 43 80 68 82 67 29 81 85 48 35 39 96 25 9 39 90 40 21 84 33 34 23 71 32 38 77 69 45 63 27 14 5 58 82 86 24 10 
18 61 9 53 99 4 77 7 95 18 46 15 1 31 1 75 1 32 13 77 1 9 39 79 23 43 36 4 80 11 65 98 71 74 2 69 29 30 27 23 47 25 38 99 55 38 26 
55 21 38 31 21 46 21 51 20 15 86 23 94 49 40 43 19 13 44 40 41 73 66 64 71 90 53 70 96 90 47 50 62 84 32 35 81 4 85 1 18 23 75 64 71 14 6 
41 78 2 80 19 26 46 34 97 87 86 18 83 27 64 84 88 99 16 22 31 19 59 83 89 33 10 52 3 75 9 43 53 10 75 71 88 20 56 36 58 41 5 40 67 20 24 
54 18 91 28 100 61 38 83 49 70 92 100 24 66 61 66 18 22 92 40 9 11 95 44 69 87 100 60 53 19 35 59 36 25 38 36 38 75 70 86 44 61 38 67 78 98 84 
96 19 76 87 80 38 34 75 58 20 75 70 25 93 4 83 81 81 20 68 18 46 37 55 89 97 92 7 74 41 90 21 12 17 60 43 55 45 17 64 16 43 33 40 88 89 74 
68 69 45 35 38 90 71 92 30 19 36 36 44 28 78 17 39 94 76 81 100 72 50 64 87 92 96 27 79 84 100 98 4 97 32 93 86 54 85 16 24 72 51 20 99 28 36 
90 74 63 22 73 34 71 36 72 15 84 98 45 19 50 43 75 46 26 67 31 32 3 98 7 74 1 26 25 28 13 14 1 75 35 26 60 58 13 32 72 96 81 16 67 30 10 
41 27 36 7 10 19 62 7 25 35 7 3 59 87 15 24 39 42 59 64 53 16 77 84 87 24 17 54 42 98 64 82 25 51 41 34 21 54 92 45 88 99 99 99 37 14 22 
75 7 80 91 59 47 19 95 85 94 11 39 36 8 54 69 32 56 61 17 28 14 9 24 54 59 23 52 47 36 73 73 94 5 63 52 51 33 46 88 27 56 78 62 16 83 82 
47 90 43 16 17 8 76 40 61 34 62 12 32 49 37 4 42 41 19 94 43 51 39 30 77 47 59 90 62 41 72 60 30 66 75 46 73 2 86 34 35 99 97 18 48 33 22 
89 25 40 34 20 90 25 49 19 71 60 8 84 100 31 43 82 48 70 27 21 71 64 6 58 63 54 75 62 87 48 2 63 87 36 82 29 60 83 47 30 42 6 13 93 37 7 
74 36 28 53 56 51 68 13 8 82 19 34 43 5 82 45 19 20 80 1 48 91 83 46 20 76 52 84 68 40 42 42 75 70 46 83 20 13 47 79 47 65 64 89 21 97 85 
1 0 1 1 1 1 1 1 0 0 0 1 1 1 1 0 1 0 1 1 1 0 0 1 0 0 0 0 1 1 1 0 1 0 1 0 0 0 1 0 0 1 0 1 0 1 0 
0 1 1 1 0 1 1 1 1 0 1 0 1 0 1 1 1 1 0 0 1 0 1 0 0 1 0 1 1 1 1 1 0 1 1 0 0 0 1 0 0 0 0 1 1 1 0 
0 0 0 0 0 0 0 0 0 1 0 0 0 1 1 0 1 0 1 1 1 1 0 1 0 0 1 1 1 0 0 0 0 0 0 0 1 0 0 1 1 0 1 0 1 1 0 
0 1 1 1 0 0 1 1 0 0 0 0 1 0 0 1 1 0 0 1 1 0 0 1 0 0 0 0 0 1 0 0 1 1 0 1 1 1 1 0 1 1 0 1 0 0 0 
1 0 0 0 0 1 0 1 1 1 1 1 1 1 1 1 0 0 1 1 1 1 0 1 0 0 1 1 0 1 0 1 0 0 1 0 1 0 1 0 1 0 1 0 1 0 1 
1 0 1 1 0 0 1 1 0 1 1 0 1 0 0 0 0 0 0 0 0 0 1 0 1 0 0 1 1 0 0 1 1 1 0 1 1 1 0 0 1 1 0 0 0 0 1 
0 0 1 1 0 1 0 1 0 0 1 1 0 1 1 1 0 1 1 1 0 0 0 0 1 1 0 0 1 0 1 0 1 0 1 1 1 1 0 1 0 1 0 0 1 1 1 
1 0 0 1 1 0 1 1 0 0 0 0 0 0 1 0 1 1 1 1 0 0 1 1 0 1 1 0 0 0 1 1 1 1 0 0 0 1 1 0 0 1 0 0 0 1 0 
1 0 1 0 0 1 0 1 0 1 0 0 1 0 0 0 1 1 1 1 1 0 1 1 0 0 1 0 0 0 0 0 0 1 0 0 1 0 1 1 1 1 1 0 0 1 1 
1 1 0 1 0 0 0 0 1 0 1 1 1 0 0 1 0 1 1 1 0 0 0 1 1 0 1 0 0 0 1 1 1 1 0 0 1 0 0 0 1 1 0 0 1 0 1 
0 1 0 1 0 0 1 1 0 1 0 0 1 1 1 1 0 0 1 0 1 0 0 0 1 0 0 1 1 0 0 1 1 0 0 1 1 0 1 1 1 1 1 1 0 0 0 
1 0 1 1 1 1 0 1 0 0 1 1 1 1 1 1 1 0 1 0 1 1 1 0 1 1 1 0 1 1 0 0 1 1 0 0 1 0 0 1 0 1 1 1 1 0 0 
0 0 0 0 1 1 0 1 0 1 0 0 0 1 0 1 0 0 1 1 1 1 1 0 1 0 1 0 1 0 1 1 0 1 0 0 0 0 1 1 1 0 1 1 1 0 0 
0 0 1 1 1 0 0 1 1 0 1 0 0 1 1 1 1 0 1 1 0 1 1 1 0 1 1 0 0 1 0 0 1 0 1 0 0 1 1 0 0 0 0 0 1 1 1 
1 1 1 0 1 0 1 1 1 0 0 1 1 1 1 1 0 1 1 0 0 0 1 0 0 0 0 0 1 1 0 0 0 1 1 1 1 0 0 0 1 0 1 0 1 1 1 
1 0 0 1 0 1 1 0 1 1 0 0 0 1 0 1 1 1 0 1 0 0 1 1 1 0 0 1 1 1 1 1 0 1 0 0 0 1 1 0 0 1 0 1 1 0 0 
0 1 0 1 1 0 1 0 0 1 1 1 0 0 0 1 0 0 0 1 0 1 0 0 0 1 0 1 0 0 1 1 1 1 0 1 1 1 1 1 0 0 1 1 1 1 0 
1 1 0 0 0 0 0 0 0 0 1 1 0 1 0 1 1 1 0 0 0 1 1 0 0 0 1 1 1 0 1 0 0 0 1 0 0 1 0 0 1 1 1 0 1 1 1 
0 0 1 0 0 1 1 0 1 1 1 0 0 0 1 1 0 1 0 0 1 1 0 1 1 0 0 1 1 1 0 1 1 0 1 0 1 0 0 0 0 0 0 0 0 1 1 
0 1 1 0 0 1 0 0 0 0 0 1 1 0 1 0 1 1 1 1 0 0 0 0 0 0 0 0 0 0 0 0 1 1 0 1 0 0 1 0 1 0 1 0 0 1 1 
1 0 0 1 1 0 1 1 0 1 0 1 1 0 1 1 1 0 1 0 1 1 0 1 0 0 1 1 0 0 0 1 0 0 0 1 1 1 1 1 0 1 0 1 1 1 0 
0 0 1 0 1 1 0 0 1 0 1 0 0 1 0 0 0 1 0 1 0 0 0 1 0 1 0 0 0 1 0 0 1 0 1 0 1 1 1 0 0 0 1 0 0 1 0 
0 0 1 1 0 1 0 0 1 1 0 1 0 1 0 0 1 0 1 1 1 1 0 1 1 1 0 1 1 0 0 1 0 1 0 1 0 0 1 1 0 1 1 0 0 1 0 
1 1 0 1 0 1 1 1 0 0 0 1 1 0 1 0 0 0 1 1 0 1 0 0 1 1 1 1 0 0 0 1 1 0 0 1 1 0 0 1 0 0 0 0 0 0 0 
1 0 1 0 1 1 1 1 0 0 0 0 0 0 0 0 1 0 0 0 1 0 0 0 1 1 0 1 1 0 1 0 1 1 1 0 0 0 1 0 0 1 0 1 1 0 1 
0 0 1 0 1 0 0 1 1 1 0 0 1 0 1 1 1 0 0 1 0 0 0 1 1 1 1 0 0 0 1 0 0 0 0 0 0 1 1 1 0 1 1 1 0 1 1 
1 1 1 1 0 0 1 1 1 1 0 1 1 0 0 0 1 0 0 1 1 1 0 0 0 0 0 1 0 1 0 1 0 0 0 0 0 0 1 1 1 0 0 0 0 0 0 
1 0 1 0 1 0 1 0 0 1 0 0 1 1 0 0 1 0 1 0 0 1 1 1 0 1 1 0 0 1 1 1 0 0 0 1 0 1 1 1 0 1 1 1 0 1 1 
0 0 0 0 0 1 1 0 1 1 1 0 1 1 1 0 1 1 0 0 1 1 0 0 1 1 1 0 0 1 0 0 1 0 0 1 0 1 1 1 0 1 1 1 0 0 0 
1 1 0 1 1 0 1 1 1 1 1 0 1 0 0 1 1 0 1 0 0 0 0 0 1 1 1 0 1 0 0 0 1 1 1 0 1 1 0 0 0 1 0 1 1 0 0 
0 1 1 0 1 1 0 1 0 1 1 1 0 1 1 0 0 0 0 1 1 1 1 0 1 0 0 0 1 1 0 1 0 1 1 1 0 0 1 1 1 0 0 0 1 1 0 
1 0 0 0 1 1 1 1 0 1 0 0 0 1 0 1 1 1 1 0 0 1 1 1 0 1 1 0 0 0 1 0 0 1 0 0 1 0 1 1 1 1 0 0 0 0 1 
1 0 0 0 0 1 1 1 0 1 0 0 1 0 1 1 1 1 0 1 0 0 0 1 1 0 1 1 0 0 1 0 0 1 0 0 1 1 1 1 0 1 1 0 1 1 1 
0 0 1 1 0 1 0 1 1 0 1 0 0 1 1 0 1 1 0 1 0 0 0 1 0 1 0 0 0 1 0 1 1 1 0 1 1 0 1 0 0 0 0 1 1 0 1 
0 1 0 1 1 0 1 0 0 0 0 1 0 0 1 1 1 0 0 1 1 0 0 1 1 0 0 0 1 0 1 1 1 1 0 0 1 1 0 0 1 0 1 1 0 0 1 
0 0 1 1 0 1 1 1 0 1 1 0 0 1 0 1 0 1 1 0 1 0 0 1 1 1 0 0 1 0 1 1 0 0 0 0 0 1 0 0 0 1 1 0 1 1 1 
1 0 0 0 1 0 0 0 1 1 0 0 1 0 1 0 1 0 1 1 0 0 1 0 1 1 1 1 0 0 1 1 1 1 1 0 0 0 1 1 1 1 1 0 0 1 1 
1 1 0 0 1 0 0 1 1 1 1 1 1 1 0 0 0 1 0 1 1 0 0 1 1 1 0 0 1 1 1 0 0 1 1 1 1 1 1 1 0 0 0 1 1 0 1 
0 1 1 1 1 1 1 0 1 0 0 1 0 0 0 0 0 1 1 0 0 0 1 1 0 1 1 1 0 1 1 0 1 0 1 0 0 0 0 1 1 0 0 1 0 0 1 
1 1 1 1 1 1 0 1 0 1 0 1 1 0 0 0 1 1 1 1 1 0 1 0 1 1 0 0 0 0 1 1 1 0 0 0 0 0 1 0 1 0 1 0 0 0 0 
1 1 0 0 0 0 1 0 1 0 0 1 0 0 0 1 1 1 1 1 1 1 1 1 0 1 0 1 1 0 1 0 1 1 0 1 1 1 1 0 1 1 1 0 1 0 1 
0 1 1 0 0 0 1 1 1 0 1 0 1 0 1 1 1 1 1 1 0 0 0 1 1 0 0 1 1 0 1 0 1 0 0 1 0 1 0 1 1 0 1 0 0 1 1 
1 0 0 0 0 0 1 1 1 1 0 1 0 0 0 0 0 0 0 1 0 1 0 0 0 0 1 0 0 0 1 1 0 1 0 1 1 1 0 1 0 0 0 0 1 0 1 
1 0 1 0 0 1 0 0 1 0 0 0 0 0 1 0 1 1 0 0 0 1 0 1 1 1 1 1 0 1 0 1 1 0 1 0 1 0 0 0 0 0 0 1 1 0 1 
0 1 1 0 1 0 0 1 1 1 0 0 1 0 1 0 1 1 0 1 0 0 0 0 0 0 1 1 1 1 0 1 0 1 1 1 1 0 0 0 1 1 1 1 1 0 1 
0 1 1 0 1 1 0 1 0 0 0 1 0 1 0 1 1 1 1 1 1 1 1 1 0 0 0 1 1 0 1 0 1 0 0 0 0 0 0 0 0 0 1 0 0 1 0 
1 1 1 0 0 0 0 1 0 0 0 0 0 0 1 0 0 1 0 0 1 0 0 1 0 1 1 1 1 0 1 0 1 0 1 1 0 1 1 0 1 1 0 1 1 1 1 
1 1 1 0 0 1 0 0 0 1 1 1 0 1 0 1 1 0 0 0 0 1 1 0 0 0 1 0 0 0 1 1 1 1 1 0 0 0 0 0 1 1 1 0 0 1 1 
1 1 1 0 1 0 1 0 0 0 1 0 0 1 0 1 1 1 1 1 1 1 1 0 0 0 1 0 0 1 1 0 0 0 0 0 0 1 0 1 1 1 1 1 0 1 1 
1 0 0 0 0 1 1 0 1 1 1 0 0 0 1 0 1 0 0 1 0 1 1 1 1 0 1 0 0 0 1 0 1 1 0 1 0 0 1 0 1 0 0 1 1 1 1 
0 1 1 1 0 1 0 1 0 0 0 0 0 1 0 0 0 1 1 1 0 1 0 0 0 0 0 0 1 1 1 1 1 1 0 1 0 0 0 0 0 1 0 1 0 0 1 
0 0 0 1 0 1 1 0 0 1 0 0 1 1 1 0 0 0 1 1 0 1 0 0 0 1 1 1 1 1 0 1 1 1 0 1 0 1 1 0 0 1 0 1 1 0 0 
1 0 1 1 1 0 1 1 0 0 0 1 1 0 0 0 1 1 0 1 1 1 0 0 1 0 0 1 1 0 1 0 1 0 1 0 0 0 1 1 0 0 0 1 0 0 1 
1 1 1 0 1 0 1 1 0 1 1 1 0 0 0 0 1 0 0 1 0 0 0 1 1 0 0 0 0 0 0 0 0 1 0 1 0 1 0 0 0 1 1 0 1 1 1 
0 1 1 1 1 1 0 1 0 0 1 1 1 1 1 1 1 0 1 0 0 1 0 0 1 0 1 0 1 0 1 0 1 0 1 1 1 1 0 0 0 1 1 1 0 0 0 
0 0 1 0 1 0 1 1 0 1 1 0 0 1 1 0 1 1 0 0 0 1 0 0 1 1 1 0 1 1 0 1 0 0 0 1 0 1 0 0 0 1 0 0 1 1 1 
0 0 1 0 1 0 0 1 0 1 1 0 0 0 1 0 0 1 0 1 1 1 0 0 1 1 0 1 0 0 0 0 0 1 0 1 0 0 1 0 1 0 0 0 0 1 0 
1 0 0 0 0 1 0 0 0 0 0 1 0 0 0 1 1 1 1 0 1 0 1 1 1 1 0 1 0 1 1 1 0 1 1 0 0 0 0 0 0 0 0 0 1 0 1 
0 1 1 0 1 1 0 0 0 1 0 0 1 0 1 0 0 1 0 0 1 0 0 0 0 0 0 0 1 0 0 1 1 1 0 0 0 0 1 0 1 1 0 1 1 0 1 
