43 52 1755
19 62 58 100 48 72 71 61 51 5 50 13 61 95 8 35 76 1 27 10 8 65 4 31 30 44 16 14 75 85 24 94 98 81 93 46 52 16 58 54 20 7 18 80 53 78 66 80 78 92 90 86 
8 93 68 89 88 84 54 62 68 77 7 66 9 100 63 13 15 20 18 34 78 36 65 30 65 82 61 42 25 50 79 84 42 47 25 81 30 78 43 97 7 49 14 67 100 28 79 14 47 49 99 76 
36 15 57 100 48 18 41 72 67 20 8 61 18 32 41 47 61 35 95 67 84 61 34 35 88 64 1 87 12 99 62 47 66 71 98 13 88 91 37 6 62 44 66 79 75 59 25 35 93 71 54 28 
31 39 15 71 2 15 57 66 13 70 64 30 40 62 43 79 52 31 85 13 74 2 91 100 60 67 86 5 89 39 84 20 77 98 90 31 12 98 48 77 67 11 6 59 24 100 37 75 30 21 39 3 
23 81 54 34 47 40 38 36 78 74 7 7 71 48 37 83 45 84 11 63 46 16 73 70 68 10 96 97 82 35 52 56 15 5 90 14 44 79 1 74 52 59 80 23 6 68 57 2 3 67 64 48 
34 89 17 1 98 13 50 31 99 1 87 13 57 76 78 1 54 78 26 58 36 5 80 93 72 88 94 74 6 10 73 39 98 90 92 47 54 41 77 52 41 63 16 97 90 94 49 96 71 74 53 59 
30 84 51 53 71 97 78 76 6 51 66 55 92 57 1 45 97 77 48 37 92 63 86 81 56 86 76 79 12 28 37 41 11 39 46 33 35 23 8 40 73 74 46 16 30 46 60 27 75 59 15 66 
22 52 98 29 90 74 7 1 53 95 93 64 34 90 48 68 13 56 60 37 81 5 53 10 3 64 88 29 23 55 94 96 58 43 24 47 68 83 99 21 77 44 36 10 33 83 30 45 90 89 34 70 
45 86 32 47 1 19 75 23 25 20 70 83 63 46 29 30 28 80 2 4 23 37 66 7 20 95 4 9 83 37 31 27 74 62 26 74 80 100 49 57 72 18 39 34 15 19 15 42 50 17 98 72 
5 63 31 76 57 34 37 91 22 67 69 95 28 94 20 59 46 20 15 17 90 5 2 4 24 68 46 25 36 43 49 41 57 79 68 65 64 4 55 85 70 75 31 49 69 50 60 66 22 74 82 11 
31 35 14 6 54 11 30 90 5 78 82 61 56 49 25 19 53 31 55 74 6 85 23 26 87 82 91 8 7 24 70 89 10 83 94 63 94 76 52 98 53 33 11 61 82 35 31 86 66 86 59 23 
22 33 48 60 66 90 19 25 65 88 13 74 71 59 36 16 34 40 65 38 24 75 98 57 10 81 42 27 18 53 1 39 85 100 51 3 89 69 27 53 57 91 78 27 1 65 94 86 56 58 24 80 
33 73 36 94 5 78 20 22 82 20 13 66 19 63 20 59 31 98 63 87 89 40 13 41 56 58 27 12 16 2 91 48 74 78 41 79 7 12 52 88 83 64 6 1 26 25 11 57 23 73 43 63 
64 8 3 71 65 81 82 80 82 24 79 8 2 19 86 8 82 89 48 64 53 53 16 78 29 26 86 3 50 81 65 65 88 20 36 4 100 69 36 82 93 14 89 46 85 26 5 66 14 52 82 18 
56 97 96 37 75 33 39 24 13 56 41 52 75 76 8 74 44 43 7 88 8 95 33 44 72 38 62 86 41 43 3 49 91 50 85 65 83 23 41 47 30 81 99 4 56 6 30 51 100 36 39 59 
83 23 3 54 12 16 39 53 10 94 1 100 95 37 65 77 11 57 76 41 37 26 44 44 31 73 94 82 61 84 92 43 7 94 96 70 61 87 22 70 80 74 70 26 10 86 3 73 94 30 13 30 
55 56 73 37 81 18 18 93 54 9 35 12 55 82 81 67 68 55 37 99 80 58 25 42 95 79 14 88 8 26 69 62 33 93 98 65 10 67 57 15 27 91 78 33 73 59 100 92 65 36 91 44 
45 67 85 39 45 98 78 4 75 46 17 8 38 66 72 99 84 29 14 10 71 91 43 95 1 94 87 65 29 29 9 25 95 45 63 91 43 40 94 17 37 62 76 74 27 48 72 10 28 37 71 50 
80 13 45 32 58 31 97 86 59 57 10 5 1 24 95 95 15 40 64 51 53 39 24 79 38 48 40 17 36 10 67 15 75 11 99 32 41 95 70 51 3 31 55 55 55 1 2 21 92 65 72 44 
55 47 74 45 46 13 61 82 22 27 48 48 89 46 80 81 92 1 31 46 31 37 53 37 89 54 58 80 70 81 23 76 79 96 20 77 60 81 10 34 59 9 81 48 55 12 28 98 12 11 96 95 
47 48 31 88 53 40 67 22 72 42 97 3 37 17 79 49 49 40 82 59 48 62 58 54 26 38 4 89 48 99 83 46 98 66 33 50 57 100 71 29 41 19 83 29 87 13 77 87 52 10 46 99 
72 3 53 49 40 56 37 39 6 20 85 3 85 69 52 41 68 74 21 60 92 3 41 31 67 69 17 18 79 62 17 2 17 21 50 8 28 86 47 85 57 83 87 93 51 90 86 71 63 6 30 6 
61 22 36 27 43 5 97 73 18 13 74 34 85 75 94 64 12 40 48 21 22 34 13 72 75 98 42 37 4 24 94 16 97 82 94 39 86 90 63 3 54 36 89 38 62 82 53 26 73 100 46 94 
85 58 17 59 8 11 47 63 34 41 78 82 22 71 73 59 61 35 13 14 23 1 4 84 34 56 9 6 8 6 99 92 64 68 3 71 78 49 33 63 41 62 44 14 84 68 72 44 3 85 10 25 
37 65 60 71 20 21 28 79 26 27 23 41 46 25 63 23 25 47 37 66 60 80 79 44 100 3 87 2 87 48 78 75 12 89 45 84 9 73 14 87 51 36 79 48 12 94 70 37 40 58 2 52 
89 32 95 88 34 33 89 72 81 18 47 44 7 43 79 67 67 93 5 69 28 36 16 40 29 37 76 20 94 29 71 83 12 65 70 46 98 11 69 30 80 67 25 38 10 4 5 28 96 61 97 75 
96 12 14 24 1 41 96 94 21 66 76 33 83 98 30 32 60 50 13 39 17 37 77 78 40 33 5 87 93 1 62 89 65 27 64 65 68 11 58 40 29 86 24 11 35 53 94 94 55 6 32 71 
42 8 100 34 40 4 20 85 57 33 25 21 60 40 37 79 51 46 70 79 83 94 41 17 98 34 10 52 91 94 74 84 1 73 17 93 77 89 29 85 21 53 5 32 92 93 62 94 38 32 24 21 
25 64 37 22 49 99 26 39 92 99 75 44 72 91 88 100 31 16 84 4 68 40 35 12 32 97 57 21 80 81 41 4 96 30 25 97 80 50 87 71 1 61 66 72 4 54 23 34 69 58 89 89 
97 24 52 80 72 8 100 51 40 93 6 88 74 82 84 53 84 22 75 84 83 40 7 38 45 29 71 14 86 60 54 34 35 57 13 58 64 12 60 56 56 65 43 29 46 78 81 29 99 7 64 33 
47 70 70 91 50 41 56 35 52 61 20 38 17 32 47 33 96 6 88 51 22 82 32 19 59 12 100 9 19 63 42 17 85 11 59 34 3 67 21 6 27 40 95 44 24 41 76 71 98 15 21 19 
96 4 90 6 16 89 14 86 3 55 54 39 18 64 73 72 30 45 78 57 84 72 100 59 13 27 29 62 41 2 81 36 5 22 41 72 62 54 9 64 61 62 3 30 78 27 1 7 71 78 63 6 
2 62 65 14 40 45 75 80 46 7 15 51 28 7 74 41 13 83 5 25 96 59 54 73 37 54 80 7 32 94 64 33 8 28 98 47 25 24 27 70 83 93 72 62 100 46 3 64 80 59 88 75 
17 41 100 53 94 31 11 77 24 74 61 31 54 10 78 78 34 4 99 68 48 71 29 99 68 83 62 99 41 49 25 9 41 24 13 87 54 23 63 30 49 24 60 2 85 89 31 18 92 29 37 92 
51 66 90 70 100 52 68 41 52 93 1 93 68 14 79 22 88 93 3 36 68 62 89 53 51 71 22 94 100 59 37 2 76 27 72 75 30 39 67 81 83 68 25 51 81 55 24 20 48 26 8 67 
39 96 71 89 19 93 35 18 3 71 71 78 49 42 52 78 33 71 59 15 38 35 65 70 90 88 41 89 13 48 7 52 96 78 92 14 70 78 83 72 1 53 1 49 47 4 27 79 74 37 93 11 
23 10 32 12 97 73 52 62 20 59 65 67 36 8 80 57 86 62 28 38 67 28 86 13 31 64 91 57 52 35 67 75 44 51 38 93 75 90 6 46 48 70 13 35 77 92 91 14 6 70 51 72 
97 89 84 79 4 26 35 8 12 54 82 8 56 19 100 30 60 5 75 59 26 87 93 54 31 83 68 36 52 70 59 100 10 94 31 14 71 65 21 82 70 54 89 25 24 40 6 84 96 81 42 21 
19 35 27 49 69 94 36 21 15 46 72 25 39 2 90 9 19 62 43 88 15 31 65 38 71 70 73 18 2 67 91 21 53 17 69 21 10 57 93 76 2 65 100 93 18 41 1 36 2 43 24 16 
26 40 6 48 61 30 65 63 96 55 83 100 71 3 21 32 11 65 60 13 81 11 5 99 52 57 34 53 52 9 21 77 48 78 24 9 7 40 23 55 47 5 54 69 59 26 53 70 91 12 34 71 
22 38 69 73 94 55 78 45 15 98 73 63 75 48 23 33 88 97 87 34 53 41 54 11 66 6 80 8 17 65 79 91 2 99 15 48 5 92 44 20 41 17 34 67 64 8 100 3 4 38 88 56 
30 42 66 96 47 98 3 16 62 33 58 16 84 72 63 88 16 6 7 8 74 40 75 90 47 26 92 50 15 80 5 45 73 23 40 19 72 94 86 85 79 43 100 62 67 14 49 82 72 56 89 45 
47 15 34 94 92 78 95 7 9 52 51 81 26 42 51 97 87 37 81 65 31 33 78 97 46 27 78 69 34 19 14 80 85 99 25 77 28 72 35 36 23 37 16 48 30 67 96 16 55 28 33 85 
1 1 1 1 1 0 1 0 0 0 0 1 1 0 1 0 1 1 0 1 1 1 0 0 1 1 1 1 1 1 0 0 1 1 1 0 1 1 1 0 1 1 1 0 1 0 1 1 1 1 0 0 
0 1 0 0 0 1 1 1 1 1 0 0 0 1 0 0 0 1 0 0 0 1 0 0 1 1 1 0 0 1 0 1 0 0 1 1 1 0 0 0 0 0 0 0 0 1 0 0 0 0 0 1 
1 1 1 0 0 0 0 1 1 0 0 0 0 1 1 0 1 1 0 1 0 1 0 0 0 0 0 0 1 1 1 0 0 0 1 0 0 1 1 0 0 1 0 0 0 1 0 0 0 1 1 0 
0 1 0 0 0 1 0 1 0 0 1 0 0 0 0 1 0 0 1 0 1 1 0 0 0 1 0 0 0 1 1 0 1 1 0 1 0 0 0 0 0 1 0 1 0 1 0 0 1 1 0 0 
0 0 0 0 1 0 0 1 0 1 1 1 1 1 0 1 0 0 0 0 1 0 1 1 1 1 1 0 0 1 1 0 0 1 0 1 0 1 1 0 0 0 1 1 0 1 1 0 1 1 0 0 
1 0 0 1 1 1 1 0 1 0 0 1 0 1 0 0 0 1 0 0 0 1 0 0 0 1 0 1 0 0 1 1 0 1 0 0 1 0 0 0 0 0 1 0 1 1 0 1 1 0 0 1 
1 0 1 1 1 1 0 1 1 0 0 0 1 1 0 0 1 0 0 1 0 1 0 0 1 0 1 0 1 1 1 0 1 0 0 0 1 0 1 0 0 0 0 0 1 0 0 0 0 1 1 1 
0 1 1 1 0 0 1 1 0 0 1 1 0 1 0 1 0 1 0 0 1 0 0 0 1 1 0 1 0 0 0 0 1 1 0 1 0 1 0 0 0 0 1 0 1 1 0 1 1 0 0 0 
0 0 1 1 1 1 1 1 1 1 0 1 1 0 0 1 1 1 1 1 1 0 0 0 0 0 0 1 0 0 1 0 0 0 0 0 0 1 1 1 0 1 0 1 1 1 0 1 0 1 0 1 
0 0 1 0 0 1 1 0 1 0 1 0 1 1 0 1 0 1 0 0 1 1 0 0 0 0 1 0 0 0 1 0 0 0 0 1 0 1 1 1 1 0 1 0 1 1 1 1 1 0 0 0 
1 0 0 1 0 0 1 0 0 0 0 0 0 0 1 0 1 1 0 1 1 1 1 1 1 1 0 0 1 0 0 0 0 0 1 1 0 0 1 0 0 0 1 0 0 0 1 0 1 1 1 1 
0 0 0 1 1 0 1 0 1 1 0 1 0 1 0 0 1 0 1 1 0 0 0 0 0 1 0 0 0 1 1 0 0 1 0 1 1 1 0 0 1 0 0 1 0 0 1 1 0 0 1 0 
0 1 1 1 0 1 1 0 1 0 0 1 1 0 0 0 0 0 1 1 1 1 0 1 1 1 0 0 0 1 0 0 0 1 1 0 1 0 0 0 0 1 1 1 1 1 0 1 0 1 0 1 
0 0 0 1 0 0 1 0 0 0 0 0 1 0 1 0 0 1 0 1 0 1 0 0 1 0 1 1 1 0 0 1 0 0 1 0 0 0 0 0 0 1 1 0 1 0 0 1 1 1 0 0 
0 1 0 1 1 1 0 1 1 0 0 0 0 1 0 1 0 1 1 0 0 0 0 1 0 1 0 0 0 1 0 0 0 0 0 1 1 0 0 1 1 1 1 1 0 1 0 0 0 0 1 0 
0 1 1 1 0 0 1 0 1 1 1 1 1 1 0 0 1 1 1 0 0 0 0 0 0 0 1 0 0 0 1 1 1 0 0 0 0 1 0 1 0 1 0 1 0 1 1 0 0 1 0 0 
1 0 0 1 1 1 0 1 1 1 0 1 1 0 1 0 1 1 1 1 1 0 0 1 1 0 1 1 1 0 1 0 0 1 0 1 1 0 1 0 1 1 1 0 0 0 0 1 0 0 1 1 
0 1 0 1 1 0 0 0 0 1 1 0 0 1 0 1 1 1 0 0 0 1 0 0 0 1 0 0 1 1 1 1 0 1 0 0 1 0 0 1 1 1 0 1 0 0 1 1 1 1 1 1 
0 0 0 0 1 0 0 0 1 1 1 1 1 1 1 0 1 0 0 0 1 0 1 0 0 0 1 1 1 1 0 0 1 0 0 0 0 1 0 1 0 1 1 1 0 0 0 1 0 0 1 0 
0 0 0 0 1 1 1 0 0 1 0 1 0 1 1 0 0 1 0 0 0 1 0 0 1 0 1 0 0 0 0 0 1 0 0 0 1 1 0 0 0 1 1 0 0 1 1 0 0 1 0 1 
0 0 1 1 0 1 1 0 1 1 0 0 1 0 0 1 1 1 1 0 0 0 0 0 1 1 0 0 0 0 1 0 1 0 0 1 1 1 0 1 1 0 1 0 1 0 1 0 1 0 0 1 
1 1 1 0 0 1 0 1 1 1 1 0 0 1 0 1 1 0 0 0 0 0 0 1 0 0 0 1 0 0 0 1 1 1 0 0 0 0 1 1 0 0 0 0 0 0 1 1 0 0 1 0 
0 1 0 0 1 0 1 0 0 1 1 0 0 1 0 0 0 1 1 0 1 1 0 1 1 1 0 1 1 1 0 1 1 0 1 0 0 0 0 0 1 0 0 1 1 0 1 1 1 1 1 1 
0 1 0 0 1 1 1 0 0 1 0 1 1 1 0 1 0 0 0 1 0 0 1 0 1 0 1 0 1 1 1 0 0 0 0 1 1 1 0 1 1 0 1 0 1 1 0 1 1 0 1 0 
0 0 0 1 0 1 0 0 0 1 0 1 1 0 0 0 1 0 0 0 0 1 1 0 0 1 1 1 1 0 1 1 0 1 1 1 1 1 1 1 0 1 0 0 1 1 0 0 1 0 1 0 
1 0 0 1 1 1 1 0 0 0 1 0 0 0 1 1 1 0 0 0 1 1 0 0 0 0 1 1 1 0 1 0 0 1 0 1 1 1 1 1 1 0 1 1 1 1 0 0 1 1 0 1 
0 0 1 0 1 0 1 0 0 1 0 0 0 0 1 1 1 0 0 1 1 0 0 0 1 1 0 0 0 1 1 0 1 1 0 0 1 1 0 0 0 1 0 1 1 0 0 1 0 1 0 1 
1 0 1 0 1 0 0 1 1 0 1 0 1 1 1 0 1 1 0 1 0 1 0 0 1 1 1 1 0 1 1 1 1 0 1 1 0 1 0 1 1 0 0 0 1 1 1 0 0 1 0 1 
0 0 1 1 1 0 1 1 1 0 0 0 0 1 1 1 1 0 0 0 0 0 1 1 1 0 0 0 1 0 1 0 0 0 1 0 0 0 1 1 0 0 1 1 1 1 0 0 1 0 1 1 
1 0 0 0 0 0 0 1 0 1 1 1 1 1 1 1 1 0 0 0 0 0 1 0 1 1 0 0 1 1 1 0 1 1 1 1 0 1 1 0 1 0 1 0 1 0 0 1 1 0 1 1 
0 0 1 1 1 0 1 0 1 0 1 1 0 0 0 0 1 1 0 0 0 0 1 1 0 1 0 1 1 1 1 0 1 0 1 0 0 1 1 0 1 0 1 1 0 1 1 1 1 0 0 1 
0 1 0 0 0 1 0 1 0 1 1 0 1 1 0 0 0 1 0 1 1 1 1 1 0 0 1 1 0 1 0 0 0 1 1 0 0 1 1 0 0 1 0 1 0 1 1 0 0 1 1 0 
0 0 1 1 1 0 0 1 1 1 0 1 0 1 1 0 0 1 0 0 0 1 1 0 0 1 0 0 0 1 0 1 0 0 0 1 0 0 0 0 1 0 1 1 1 1 1 1 0 0 1 0 
1 1 0 1 0 0 1 0 1 0 1 1 0 1 0 0 0 1 0 1 1 0 1 1 1 0 0 1 0 0 1 1 1 1 0 1 1 0 1 0 0 1 0 0 0 0 0 0 1 1 0 1 
1 1 0 0 1 0 1 0 0 0 1 1 1 0 0 0 0 0 0 0 1 0 0 1 1 0 0 0 1 0 1 0 1 1 0 0 0 1 0 0 1 0 0 0 0 0 0 0 0 1 0 1 
1 0 1 0 0 1 1 0 1 0 0 0 0 1 0 0 0 1 0 0 1 0 0 1 1 1 1 1 0 1 1 1 1 0 0 1 1 1 1 0 1 0 0 1 1 0 1 1 1 0 1 0 
0 0 1 1 1 0 1 1 1 0 0 0 0 0 0 1 1 1 1 1 1 1 0 0 1 0 0 1 0 1 1 0 1 1 0 0 1 1 1 1 1 0 1 1 0 1 0 0 1 1 1 0 
0 1 1 1 1 1 0 1 0 0 0 0 1 0 0 0 1 0 1 0 0 1 1 0 0 1 0 1 0 1 0 0 1 1 1 0 0 0 0 0 0 0 0 1 0 1 1 1 1 1 1 1 
0 0 1 0 1 0 0 1 1 0 1 0 1 0 1 1 0 1 1 0 1 0 1 1 1 1 0 0 0 1 1 0 1 0 0 0 0 0 1 0 0 0 0 1 0 1 0 1 0 0 1 1 
0 1 0 1 0 0 1 0 1 0 0 0 0 0 0 1 1 1 1 1 1 1 1 0 1 1 1 1 1 0 1 1 1 1 0 1 0 1 1 1 1 1 0 0 0 0 1 1 0 0 0 1 
1 1 1 0 1 0 0 0 1 1 0 0 0 0 0 0 0 1 0 1 1 0 1 1 0 0 0 0 0 0 0 0 0 1 0 1 0 0 1 1 1 1 1 0 0 1 0 0 1 0 1 0 
0 1 1 1 1 1 1 0 1 1 0 1 1 0 0 1 1 0 0 0 1 1 0 1 1 1 1 0 1 1 0 0 0 1 1 1 0 0 1 1 0 1 1 1 0 1 0 1 1 0 1 1 
1 0 0 0 1 0 0 0 1 0 0 1 1 1 0 1 0 0 1 0 1 0 1 1 1 1 0 1 1 0 0 0 0 0 1 1 0 1 1 1 0 0 0 1 1 1 1 1 1 0 1 0 
