65 46 1498
97 57 28 89 79 100 1 20 14 53 79 5 75 3 72 48 86 90 25 87 21 64 49 68 60 39 68 77 42 65 16 39 73 44 79 3 95 79 22 61 32 1 65 58 3 37 
5 88 26 82 26 46 97 26 13 56 64 33 32 58 49 48 96 21 43 26 24 89 4 97 49 87 97 14 45 51 2 1 90 79 82 15 77 79 40 41 34 56 73 66 13 73 
65 60 46 7 85 21 95 40 17 96 27 66 61 23 16 62 23 58 92 5 72 68 35 64 9 68 71 81 85 83 6 1 94 51 59 78 71 54 69 87 1 95 52 61 17 20 
74 40 77 65 96 100 33 30 15 41 49 85 73 86 67 78 86 60 28 45 89 98 50 58 37 2 4 40 62 73 11 35 64 39 51 59 39 83 40 53 23 40 38 96 25 56 
73 63 68 53 59 8 2 60 17 90 13 21 30 74 45 92 60 8 31 10 18 69 93 57 73 67 96 62 62 73 70 87 87 37 91 97 96 92 8 13 34 20 85 63 45 29 
6 4 88 36 65 5 56 9 61 29 76 8 42 89 32 11 27 70 99 17 66 95 61 25 7 94 44 43 8 88 23 13 43 10 49 8 66 4 16 26 84 43 85 26 32 69 
36 58 38 35 75 56 81 87 80 39 80 76 81 87 15 55 51 10 64 99 69 29 55 84 6 90 27 42 15 10 10 3 67 100 89 93 7 69 79 86 7 10 13 39 48 80 
93 99 89 8 49 57 88 55 92 45 45 70 86 11 79 48 65 98 47 53 42 53 21 73 90 79 82 55 17 30 86 61 80 74 68 28 82 55 83 25 51 79 95 37 89 25 
36 54 22 34 6 16 38 79 88 79 9 69 33 78 50 18 38 81 43 58 9 24 64 43 1 15 21 95 3 9 19 38 14 93 71 72 8 8 2 47 86 10 67 71 87 69 
40 77 49 83 34 9 58 97 51 58 63 71 4 65 32 75 2 97 19 24 68 26 31 69 24 69 31 90 91 69 58 30 45 7 12 30 67 22 79 18 31 41 40 35 58 23 
9 59 20 27 35 87 4 17 8 27 85 38 68 75 6 26 57 3 84 68 84 2 41 62 19 72 55 11 58 12 33 66 22 52 44 56 91 99 73 50 77 9 87 44 36 44 
21 92 98 56 11 82 58 4 95 28 75 49 38 32 60 71 49 34 74 92 89 16 42 13 65 18 74 3 61 9 99 82 52 96 89 62 29 46 65 24 74 91 24 63 74 84 
33 22 69 59 65 9 26 6 22 91 23 95 45 84 55 43 17 6 91 57 19 71 3 36 94 28 26 18 90 52 53 75 73 21 33 90 29 58 95 2 100 70 48 97 53 2 
39 21 59 81 77 30 52 31 65 97 10 42 14 100 93 18 74 18 90 58 7 71 67 53 24 19 22 72 15 26 25 5 98 36 38 75 65 89 57 81 37 67 74 3 18 19 
20 43 36 10 100 94 32 18 46 55 88 68 78 54 45 3 59 43 90 96 69 54 36 25 86 24 43 59 26 60 77 46 2 64 7 53 57 90 71 55 44 10 22 22 64 18 
76 22 60 65 69 28 18 56 5 55 79 47 13 5 7 42 2 60 5 60 13 62 49 35 16 92 44 89 65 7 6 40 80 18 4 100 45 73 7 1 27 38 48 92 94 6 
33 95 65 37 54 77 98 2 63 65 45 7 5 10 65 63 1 97 32 5 96 76 29 55 29 56 92 76 47 85 33 31 31 97 67 36 26 17 89 88 33 33 94 38 94 11 
52 95 7 83 51 54 10 79 8 38 86 51 65 84 87 97 14 17 94 81 52 19 97 40 58 81 25 4 18 18 14 21 64 20 3 14 25 65 93 85 2 30 35 67 14 22 
15 27 90 8 59 42 78 7 33 36 88 9 39 57 27 52 78 90 23 32 56 47 48 100 31 50 29 18 68 42 39 82 21 80 42 79 73 19 38 6 6 25 14 44 33 92 
47 62 34 21 46 89 20 93 88 2 94 16 19 13 10 9 95 82 89 88 12 61 58 49 18 64 25 84 59 58 75 58 19 8 78 64 48 97 9 35 99 2 3 69 15 64 
78 61 45 18 48 56 30 5 5 48 20 81 31 79 38 57 36 9 17 65 24 64 62 32 51 12 34 5 80 48 68 9 8 12 78 7 19 8 63 23 7 83 56 89 13 93 
97 100 1 13 64 25 77 77 8 79 88 41 83 20 40 50 80 99 13 10 5 31 69 68 6 27 2 61 15 66 5 63 65 6 76 80 82 4 57 41 82 96 82 64 67 21 
65 47 20 77 8 76 7 76 95 12 2 96 24 68 13 29 30 77 86 5 9 19 60 65 59 41 60 40 56 27 13 20 25 32 96 32 7 3 59 54 66 60 49 90 27 14 
70 8 42 55 13 50 73 24 14 31 65 26 23 20 4 35 40 80 18 35 11 76 89 69 29 7 80 30 48 58 43 17 65 84 71 29 34 95 53 99 77 69 76 99 88 31 
33 79 10 2 66 72 78 54 92 6 12 71 35 59 28 77 75 45 13 97 73 98 43 77 48 20 45 24 18 85 54 3 63 16 56 28 87 33 34 79 39 45 1 25 4 81 
54 30 25 66 79 49 63 21 26 10 40 22 85 10 6 91 64 69 6 19 48 92 4 81 70 42 26 23 18 81 3 71 62 27 36 40 75 50 13 52 60 52 26 44 13 31 
86 28 51 91 47 99 83 50 79 4 43 56 26 60 88 28 31 50 6 18 41 33 68 53 36 79 57 61 22 69 92 8 97 42 50 95 40 32 96 71 88 90 78 13 1 18 
93 83 67 98 1 59 30 68 12 66 46 68 78 19 88 69 78 36 11 28 82 2 11 77 24 98 18 54 63 19 71 7 1 89 4 1 47 86 20 10 3 17 77 80 36 17 
1 65 52 63 44 34 16 55 62 40 4 80 45 66 98 15 72 50 55 28 51 1 65 22 11 19 39 39 50 26 55 50 90 7 12 34 92 80 88 53 19 43 84 15 9 81 
29 32 83 83 11 85 35 27 6 97 45 44 36 95 69 90 96 11 48 60 44 39 39 83 44 9 25 27 23 85 60 3 17 42 37 79 26 71 6 83 20 50 27 55 96 47 
96 44 57 44 3 52 34 41 34 77 1 59 56 23 43 15 25 11 56 13 42 33 83 47 15 2 48 93 8 44 92 4 87 100 99 41 52 84 81 37 13 33 95 68 55 90 
82 31 52 89 43 93 21 77 91 87 31 39 80 38 82 71 93 20 70 43 60 73 27 92 10 39 24 56 6 30 97 39 60 49 27 54 93 47 30 84 33 12 22 64 2 55 
86 94 26 56 89 37 28 67 80 37 57 55 93 14 84 89 52 95 89 78 48 34 76 29 17 60 93 90 24 94 44 9 39 21 16 27 57 96 45 36 32 1 90 76 14 25 
17 65 71 57 94 18 90 69 98 6 29 90 95 4 35 90 64 74 10 32 52 18 27 97 53 10 97 94 86 11 70 54 27 40 10 21 9 100 89 7 57 69 48 4 24 83 
93 40 8 55 71 59 72 97 55 77 6 52 22 43 14 92 96 40 31 58 60 40 9 1 98 65 21 97 20 45 79 13 84 38 19 54 97 42 2 51 18 7 54 92 50 67 
83 97 59 65 6 18 4 14 70 53 31 91 50 50 87 80 14 22 18 32 27 14 74 28 16 43 34 70 34 35 36 68 84 94 33 89 64 88 55 85 41 85 27 42 86 13 
21 100 34 90 83 60 55 8 39 71 51 73 40 36 59 27 4 42 73 88 83 88 75 37 72 15 73 99 56 58 63 29 57 49 70 92 60 25 99 99 95 1 71 86 37 81 
64 92 23 36 79 57 23 5 93 95 20 17 45 27 74 7 7 83 55 77 74 67 1 72 65 47 25 35 84 61 15 47 4 89 83 34 45 57 38 89 3 9 5 47 88 31 
6 94 13 12 70 38 78 22 61 42 20 85 28 55 97 95 2 100 35 36 85 80 92 75 20 95 83 25 93 70 55 50 64 19 62 85 56 91 59 16 33 30 53 12 85 49 
6 38 1 41 73 85 72 16 11 91 62 94 67 55 15 73 4 30 43 17 67 98 8 25 66 92 6 18 3 42 18 61 31 18 53 3 55 76 71 65 66 32 10 85 38 25 
9 94 54 52 10 20 49 17 96 66 60 54 35 63 95 53 75 26 22 79 80 28 54 50 93 71 34 2 55 23 26 64 16 32 15 26 51 15 94 47 33 54 52 67 68 46 
71 94 23 45 72 3 72 25 4 64 95 89 18 2 12 95 17 27 26 83 4 77 49 50 75 81 3 26 100 22 23 22 67 46 66 38 100 90 14 55 5 60 44 22 61 55 
17 29 33 94 11 37 22 60 86 96 92 40 73 91 13 48 13 79 45 30 68 44 19 33 98 24 92 93 97 5 47 65 33 32 59 96 68 80 55 5 28 98 96 52 89 8 
99 53 38 43 34 57 38 5 89 88 28 80 80 76 36 79 41 69 10 51 16 29 30 22 85 9 19 80 61 7 39 11 11 76 54 45 84 43 49 72 30 28 3 62 55 39 
40 47 7 1 97 74 29 27 95 65 35 13 44 47 72 82 58 82 9 63 78 92 5 78 15 35 57 17 48 12 55 87 58 13 87 55 86 67 33 80 83 19 45 26 66 16 
59 23 97 19 85 27 62 41 4 76 27 13 44 74 24 51 12 33 15 50 39 1 68 23 32 50 42 76 27 59 91 85 33 40 55 69 66 68 9 21 95 88 33 39 61 8 
89 73 93 3 22 31 55 90 54 39 39 47 14 66 57 57 2 89 48 9 57 65 76 17 37 71 4 22 61 17 29 1 89 73 55 62 4 10 3 9 48 42 7 13 59 63 
21 12 3 68 72 11 84 100 27 21 22 83 42 82 99 22 82 39 95 36 100 50 97 3 58 96 96 16 61 6 78 81 69 32 1 41 42 84 40 68 56 13 2 97 94 100 
19 27 90 13 62 42 62 11 44 71 6 91 86 66 48 15 99 16 46 51 8 39 34 99 58 90 11 60 38 4 11 56 30 1 20 44 42 33 6 37 55 11 79 92 29 26 
6 79 93 3 29 1 93 14 99 51 3 10 10 93 65 72 100 47 24 20 42 17 4 47 53 59 9 83 50 89 8 8 19 1 10 47 53 3 61 51 5 15 12 14 7 29 
37 7 27 61 78 20 77 81 66 82 91 26 64 41 67 24 48 85 24 9 84 28 63 44 78 67 10 42 32 69 22 69 27 48 29 56 67 5 36 84 86 79 61 2 19 27 
25 66 64 100 26 47 27 89 42 4 7 51 97 91 71 18 59 97 65 39 52 83 95 40 66 33 18 27 34 88 5 58 5 20 57 30 66 83 70 59 38 77 62 35 67 32 
4 77 81 21 15 84 3 9 23 69 41 92 47 26 79 3 83 83 23 91 65 88 73 34 99 63 62 60 49 80 91 52 56 23 24 22 7 27 83 81 47 75 73 93 1 3 
47 35 38 69 26 54 9 50 87 7 12 1 66 12 80 8 16 88 83 39 9 89 65 91 69 11 18 93 55 18 48 54 52 85 22 29 38 30 79 76 88 42 76 5 54 8 
65 21 95 47 59 55 35 76 98 55 38 15 48 93 84 47 46 87 83 19 16 72 1 46 47 88 87 75 45 92 82 9 12 28 55 23 82 41 98 31 95 35 45 94 79 28 
40 76 67 22 95 82 93 95 27 92 34 65 18 78 57 51 86 20 78 92 42 11 32 91 42 79 26 38 72 4 18 64 32 84 37 26 65 82 72 43 73 57 7 42 87 15 
92 72 35 21 16 28 31 47 19 24 25 96 62 49 51 79 12 82 14 100 7 78 81 30 72 5 39 78 46 25 93 37 48 79 57 63 58 40 62 28 63 86 23 76 86 74 
6 49 7 19 49 66 48 29 95 19 86 33 97 31 57 41 20 5 71 28 19 80 67 80 8 82 18 82 57 3 55 15 52 62 33 52 79 81 32 73 99 17 58 47 100 66 
39 71 22 61 98 41 41 17 72 48 98 89 81 6 92 88 72 95 49 5 98 27 37 29 51 35 98 60 34 97 26 24 67 99 85 64 91 25 32 63 24 81 51 4 39 94 
91 10 40 91 14 37 69 50 66 72 37 63 83 22 11 8 45 77 59 81 92 49 57 76 11 32 56 62 88 94 55 30 56 47 73 69 83 93 71 100 64 59 14 47 32 24 
6 76 52 64 9 96 13 65 71 75 97 78 36 84 72 43 13 79 89 85 99 23 78 69 23 93 79 36 91 10 12 97 38 15 12 46 10 76 10 32 51 58 10 38 41 33 
80 6 11 20 90 9 43 19 30 65 12 60 52 54 70 15 50 59 30 14 4 39 41 65 71 91 23 80 81 15 64 60 20 74 32 10 82 74 80 63 90 91 23 93 45 92 
8 46 2 37 11 5 27 52 21 97 94 95 28 74 10 91 86 29 16 69 90 50 42 70 12 83 12 34 27 8 77 34 6 78 22 16 34 49 19 55 97 13 49 77 38 10 
19 23 39 35 91 28 84 84 49 47 18 61 81 97 68 9 82 73 87 4 41 20 4 59 26 52 23 27 80 61 36 99 35 26 85 78 6 20 13 54 66 83 14 98 79 34 
7 60 58 93 15 50 64 18 61 42 22 83 20 1 95 55 99 82 33 35 11 38 54 23 91 72 5 57 69 35 42 75 95 99 19 9 49 35 79 61 76 100 43 95 100 90 
0 0 0 0 0 0 1 0 0 0 1 1 0 1 1 1 0 1 1 0 0 1 0 0 1 1 1 0 1 0 1 0 0 1 0 1 1 0 1 1 0 0 0 0 1 0 
1 1 1 0 0 1 0 0 1 1 0 0 1 1 1 0 1 1 1 0 0 0 0 1 0 0 1 0 0 1 0 1 0 0 1 0 1 1 1 1 1 1 1 0 0 0 
1 0 0 0 0 0 1 0 0 1 0 1 1 0 0 0 1 1 0 0 1 1 0 0 0 1 1 0 1 0 0 0 0 0 1 0 1 0 0 1 1 0 0 0 0 1 
0 1 0 0 1 1 0 1 0 0 0 1 0 0 1 1 0 1 1 1 1 0 1 1 1 0 1 0 1 1 1 1 0 1 0 0 0 0 1 0 0 0 0 1 0 1 
0 0 1 1 0 0 0 1 0 1 0 1 1 1 1 0 0 1 1 0 1 0 0 1 0 1 1 0 0 1 0 0 1 1 1 1 1 1 1 1 1 1 1 0 0 0 
1 0 1 0 1 1 0 1 0 1 0 1 1 0 0 1 0 1 0 0 1 0 1 0 1 0 1 0 1 1 0 0 1 0 0 0 1 1 0 1 0 0 0 1 1 0 
1 1 1 1 1 0 1 1 0 1 1 1 1 0 0 0 0 0 0 1 0 1 0 0 0 0 1 0 1 0 0 0 1 1 0 1 0 1 0 0 0 1 0 0 0 0 
0 0 0 0 1 1 1 1 1 1 1 0 1 1 0 1 1 0 0 1 1 0 1 1 1 1 0 1 1 0 1 1 1 0 1 0 1 0 0 0 1 1 1 0 0 1 
1 0 1 0 1 0 0 0 1 1 0 0 0 1 0 0 1 1 0 0 0 1 1 0 1 0 1 0 1 0 0 0 0 1 0 1 0 1 0 1 0 0 1 1 1 0 
1 0 1 1 1 1 0 0 1 1 0 1 0 1 1 0 0 1 1 0 0 1 1 0 1 0 0 0 1 0 0 0 0 0 1 1 1 1 1 1 0 0 0 0 1 1 
0 1 0 0 0 0 1 1 1 0 1 1 1 0 1 1 0 0 1 1 1 1 0 1 0 1 1 0 1 0 1 0 0 1 0 0 1 1 1 0 0 1 0 1 1 1 
0 0 1 0 1 1 1 0 0 1 1 1 1 0 1 0 0 1 1 0 1 0 0 1 1 0 0 1 1 1 0 1 1 0 1 1 1 0 1 1 1 0 0 0 0 1 
0 1 1 1 1 0 0 1 1 1 1 1 0 0 1 0 0 0 0 1 1 1 0 0 0 1 0 0 0 1 0 0 0 1 0 1 1 0 1 1 1 0 0 1 1 1 
1 1 0 0 0 1 1 0 0 0 0 0 0 0 1 0 0 1 1 0 1 1 0 0 0 1 0 0 0 1 0 0 0 0 0 1 1 1 1 1 1 1 0 0 1 1 
0 0 1 0 0 0 1 1 0 1 0 0 1 1 0 1 1 0 1 1 1 1 0 1 0 0 0 0 0 0 0 0 0 1 0 0 1 1 1 1 0 0 1 0 1 1 
1 0 0 1 1 1 0 1 0 0 1 1 1 1 1 1 0 1 0 0 1 1 0 1 0 0 1 1 0 0 1 0 0 1 1 1 0 1 0 1 1 0 0 0 1 1 
1 1 0 1 0 1 0 0 0 0 0 1 0 1 1 1 1 1 0 0 0 0 1 1 1 0 1 1 1 0 0 0 0 0 0 0 0 0 0 0 1 0 0 1 1 1 
0 0 1 0 0 1 0 1 0 0 0 1 1 1 0 0 1 0 0 1 0 0 0 0 1 1 0 1 0 0 0 0 0 1 0 1 1 0 0 1 0 0 1 0 1 1 
0 1 1 0 0 1 1 0 1 0 1 1 1 1 1 1 1 0 1 1 1 0 0 1 1 0 0 0 0 1 1 0 0 0 1 1 1 0 1 0 0 1 0 1 0 1 
0 0 1 1 1 0 1 1 0 1 0 0 1 0 1 1 1 0 1 0 1 1 0 0 1 0 1 1 1 0 1 1 0 0 1 1 1 0 1 1 1 1 1 1 1 0 
0 0 0 1 0 1 0 0 0 0 0 1 1 1 1 0 1 1 1 0 1 0 0 0 1 0 1 0 1 0 0 1 1 1 0 1 0 1 0 0 1 0 0 0 0 1 
1 1 1 0 1 0 0 1 0 1 1 1 1 0 1 1 1 0 0 0 0 1 1 0 1 0 0 1 0 0 1 1 1 0 1 0 0 1 0 0 0 1 1 1 0 0 
1 1 1 1 1 1 0 0 1 0 0 1 1 1 0 0 0 1 0 0 0 0 1 0 0 0 1 1 1 1 0 0 1 1 0 0 0 0 1 1 0 1 0 0 0 0 
0 1 0 1 1 0 1 0 0 0 0 1 1 0 1 1 0 0 0 0 0 0 1 1 1 1 1 0 1 1 0 0 0 0 1 1 0 0 0 0 0 0 0 0 0 1 
1 1 1 0 1 1 0 0 1 0 0 0 0 1 1 0 1 0 1 0 1 1 1 1 0 1 0 0 1 0 1 1 1 0 1 1 1 1 1 0 1 1 0 1 1 0 
0 0 0 1 1 1 0 0 1 0 1 1 0 1 1 1 0 1 1 1 0 1 0 1 1 0 1 0 1 0 0 1 0 0 0 1 1 1 1 0 1 1 1 0 0 1 
1 0 0 1 1 0 0 1 1 1 1 0 1 1 0 1 0 1 1 1 0 1 0 0 1 1 1 1 1 1 0 1 1 0 0 0 0 0 1 1 1 1 0 1 0 0 
0 0 1 0 1 0 1 1 0 0 1 1 1 0 0 1 1 1 1 1 1 1 1 0 1 1 1 1 0 1 1 0 0 1 0 1 1 1 1 1 0 0 0 1 0 0 
1 0 1 0 1 0 0 1 0 1 0 0 0 0 1 1 0 1 0 1 1 1 0 0 0 0 0 0 0 0 0 1 0 1 1 0 1 1 1 0 0 1 0 0 1 1 
0 1 1 0 0 0 0 1 0 0 1 0 1 1 0 1 0 1 1 0 1 0 1 0 0 0 1 0 0 0 0 0 1 1 1 0 1 1 1 1 1 0 1 0 0 1 
0 0 0 1 0 1 1 0 1 0 0 0 0 0 0 0 1 0 1 0 0 0 1 1 1 0 1 0 1 1 0 1 0 0 0 0 0 1 0 1 1 0 0 0 1 0 
0 0 0 0 0 0 0 1 1 0 1 1 0 0 0 0 1 0 1 1 1 1 1 1 0 0 0 0 0 1 1 1 1 1 1 1 0 1 0 1 1 1 0 0 0 1 
0 1 1 1 1 0 0 0 0 1 0 0 1 1 1 0 0 0 0 1 1 0 0 1 1 0 0 0 0 0 1 0 0 0 0 1 1 0 1 1 1 1 1 1 0 0 
1 0 0 1 1 1 1 0 0 1 0 0 1 0 1 0 0 1 0 0 0 1 1 1 0 0 0 1 1 1 1 1 1 1 0 1 0 0 1 0 1 1 1 0 1 0 
0 1 1 0 0 1 0 1 0 0 1 0 0 1 1 1 0 1 1 0 0 1 0 1 0 1 0 1 1 1 1 1 0 0 0 0 1 0 1 1 0 1 1 0 0 1 
0 0 0 1 0 0 0 1 1 0 0 1 1 0 0 0 1 0 0 1 1 1 1 0 0 0 1 0 0 1 1 0 1 1 1 0 1 0 1 0 0 1 1 0 1 1 
0 1 1 1 0 0 0 0 1 1 0 0 1 0 0 0 1 1 1 0 1 0 0 0 0 1 0 1 1 1 0 1 0 1 0 1 0 1 1 1 0 1 1 1 1 1 
1 0 1 0 1 0 0 1 1 0 0 1 1 1 0 1 1 1 0 1 0 0 0 1 1 0 0 1 1 1 0 0 0 1 0 1 0 0 0 1 0 1 0 1 0 0 
0 1 1 1 1 1 1 1 0 1 0 0 0 1 0 0 0 0 0 0 1 0 1 1 1 1 0 1 1 1 1 1 0 1 0 1 0 0 1 1 1 1 1 1 0 1 
1 0 1 1 1 0 1 0 0 0 1 0 1 0 1 1 0 0 0 0 1 0 0 0 1 1 1 1 0 0 0 0 0 0 1 1 0 1 1 0 1 1 1 1 1 0 
0 1 0 0 0 0 0 0 0 0 0 0 1 0 0 1 0 0 1 0 0 0 1 1 0 0 0 1 1 0 0 1 1 0 1 1 0 0 0 1 0 0 1 1 0 1 
0 1 1 0 1 1 0 0 1 0 0 1 0 0 1 0 1 1 0 1 0 1 1 0 0 1 0 1 0 1 0 0 0 1 0 1 1 0 1 0 1 1 1 1 1 1 
1 1 0 1 0 0 0 1 1 0 0 1 1 0 0 1 0 0 1 1 1 0 1 0 0 0 0 1 1 1 0 0 0 0 0 0 1 0 1 0 1 1 1 0 1 0 
0 0 0 1 1 0 1 0 0 1 1 0 0 0 0 1 1 0 1 1 1 0 1 0 0 0 0 0 1 1 0 1 1 0 0 0 0 1 1 1 0 0 1 0 0 1 
1 1 0 1 0 1 1 0 1 0 0 1 0 1 1 0 0 0 0 0 1 1 1 0 0 1 0 1 0 0 1 1 0 1 0 0 0 0 0 1 0 1 1 0 0 0 
0 1 0 0 1 1 1 1 1 1 0 1 1 0 0 0 0 0 1 0 0 1 0 1 0 0 0 1 0 0 1 0 1 0 1 1 1 0 0 1 0 0 0 1 1 0 
1 1 0 0 1 1 1 0 0 1 0 0 1 1 0 0 1 0 0 0 1 0 1 1 1 1 1 1 0 0 0 1 1 0 1 1 1 0 1 1 1 1 1 0 0 0 
1 0 0 1 0 1 1 1 0 0 0 1 0 0 0 0 1 1 0 0 0 0 0 1 1 0 1 1 0 1 1 1 1 1 1 0 0 0 1 0 1 0 1 1 0 1 
1 0 1 1 0 1 1 1 1 1 1 0 0 1 1 1 1 1 0 0 1 0 0 0 0 1 0 1 0 1 1 1 1 0 1 1 1 0 0 0 1 1 0 1 1 0 
0 0 1 0 0 0 0 0 0 0 0 1 0 0 0 1 0 1 1 1 0 0 1 1 1 1 0 1 0 1 1 1 1 0 1 1 0 0 0 1 0 0 0 0 0 0 
1 0 1 0 1 1 1 1 0 0 0 1 1 0 0 1 1 0 1 1 1 0 1 1 1 1 1 1 0 0 1 1 0 0 0 0 1 1 1 0 1 1 1 0 1 1 
1 1 1 1 0 1 1 1 0 0 0 0 1 0 0 0 0 0 0 0 0 1 1 1 1 0 0 0 0 0 0 0 1 1 1 1 0 0 0 1 0 0 1 1 1 1 
1 1 1 1 1 0 0 0 1 0 0 0 0 0 0 0 0 1 0 1 0 0 1 0 1 1 0 0 0 1 1 1 0 1 0 1 1 1 1 0 1 1 0 1 0 0 
0 0 1 0 0 1 0 1 1 0 1 0 0 1 1 0 1 0 1 1 1 0 0 1 0 1 0 1 1 0 1 1 1 1 1 1 0 1 0 0 1 1 0 0 1 1 
0 0 1 1 1 1 1 0 0 1 1 0 0 0 1 0 1 0 1 0 1 1 0 1 1 1 1 1 1 0 1 1 0 0 0 1 1 1 1 1 1 1 0 1 1 1 
1 1 1 0 1 0 0 1 1 1 1 0 1 0 0 0 0 0 0 0 0 0 0 1 1 1 0 1 0 0 0 0 1 1 0 0 1 0 0 1 0 1 1 1 1 0 
1 1 0 1 0 0 1 0 0 1 1 0 0 1 0 1 1 1 0 0 0 0 0 0 1 0 1 0 1 0 0 0 0 1 0 0 1 1 0 1 0 1 0 1 0 0 
0 0 0 0 0 0 0 0 0 1 1 1 0 0 1 0 1 1 1 1 1 1 0 1 0 1 0 0 0 1 1 0 1 1 0 1 1 1 1 1 0 0 0 0 1 1 
1 0 1 0 1 0 1 1 0 0 0 0 0 0 1 1 0 0 0 1 1 1 0 1 0 0 1 0 1 0 0 0 0 1 0 1 1 0 1 1 0 1 0 0 0 1 
0 0 0 0 1 1 0 1 0 0 0 0 1 1 0 1 1 1 0 1 0 1 1 1 1 1 1 1 0 1 0 0 1 0 0 1 0 0 0 0 1 0 0 0 1 1 
1 0 0 1 0 0 0 1 0 1 1 1 0 1 0 1 1 1 1 1 0 1 0 1 0 1 1 0 1 1 1 0 1 1 1 1 0 1 1 0 1 0 1 1 1 1 
0 0 0 0 1 1 1 1 0 1 0 1 0 1 0 1 1 0 1 0 1 1 0 0 1 1 0 0 0 1 1 1 1 1 1 1 0 0 0 0 0 1 0 0 0 0 
1 0 0 0 0 0 1 0 0 0 1 1 0 0 0 1 1 0 1 0 1 1 0 1 0 0 0 0 0 1 0 0 1 1 0 1 1 0 0 1 0 1 0 1 1 1 
0 0 1 1 0 0 1 1 1 1 1 0 1 0 1 1 0 0 0 0 1 1 0 1 1 1 1 1 0 0 0 0 1 1 0 1 1 1 0 1 0 0 1 1 0 0 
0 0 0 1 0 1 0 1 1 1 0 0 1 0 0 1 0 1 1 0 1 0 1 1 1 1 1 0 0 1 0 1 1 0 0 0 0 0 1 1 0 1 1 1 1 1 
