43 52 1023
47 22 96 24 18 40 94 29 48 31 45 46 15 9 39 61 31 9 28 92 84 33 33 69 44 68 100 33 91 5 4 37 78 51 12 47 90 5 76 89 87 20 34 1 80 72 13 10 33 41 2 16 
73 86 84 68 6 84 100 96 40 55 84 18 6 47 16 47 3 91 36 89 11 21 42 90 45 54 52 77 46 5 92 70 90 27 37 47 62 89 94 2 95 77 71 100 75 86 99 77 29 34 18 39 
6 11 80 50 16 83 26 14 87 17 83 29 96 72 75 57 12 69 58 6 97 80 58 72 18 56 100 46 41 69 36 46 79 67 96 47 50 73 60 88 42 42 16 37 65 43 93 76 63 3 82 59 
34 91 82 51 46 34 48 86 2 83 83 81 50 30 79 51 3 38 38 96 31 54 32 96 48 76 71 10 30 4 68 64 94 2 66 91 35 14 76 36 96 59 68 97 88 46 47 42 83 85 37 66 
90 20 61 37 48 83 46 77 39 65 92 32 66 58 23 100 23 50 88 18 60 55 15 100 53 13 41 87 97 30 52 38 1 64 74 48 47 71 77 85 36 68 68 1 77 42 53 99 92 40 69 3 
46 35 2 50 47 43 37 96 72 88 85 72 52 59 72 50 81 48 86 16 67 53 69 96 95 21 46 38 12 14 40 9 100 42 59 99 36 95 94 59 34 30 82 37 40 53 38 21 52 23 88 71 
76 56 66 22 28 63 11 91 29 50 100 28 43 10 26 78 56 71 88 89 1 70 78 40 74 15 12 26 90 100 96 65 55 13 38 35 75 48 25 55 49 76 83 92 85 60 21 40 83 61 81 35 
30 10 26 3 76 38 80 65 89 27 81 43 39 18 29 66 17 54 20 66 81 54 9 18 66 81 9 48 41 41 34 22 50 59 25 26 48 4 42 36 31 23 31 21 92 59 38 61 64 10 78 45 
63 38 14 28 18 22 27 11 63 60 32 12 71 8 89 18 64 83 54 46 57 84 66 100 94 4 60 58 65 37 54 27 74 67 7 44 40 85 54 2 97 37 66 67 45 6 36 8 88 89 53 96 
24 70 96 18 25 55 27 89 44 32 68 69 50 26 64 89 10 69 43 6 6 8 24 2 65 60 61 53 100 65 48 24 34 95 93 11 50 71 51 45 54 18 65 3 43 29 43 5 97 85 62 2 
44 86 55 9 97 15 13 96 79 12 71 13 7 15 75 8 85 25 52 38 43 68 92 37 96 87 41 93 23 55 46 67 40 1 27 88 67 39 83 46 2 6 10 8 20 84 15 5 8 18 94 2 
86 38 91 33 24 31 77 46 37 23 12 28 75 90 15 41 80 50 38 82 55 47 89 74 30 56 30 90 25 24 43 62 61 33 95 36 16 71 81 52 45 45 80 19 34 46 12 14 95 49 47 49 
96 35 23 77 42 52 18 67 27 13 28 39 97 74 74 12 45 55 16 89 99 47 60 84 92 23 49 87 71 95 87 18 82 9 47 23 13 16 41 91 28 21 30 25 94 3 88 90 57 3 31 7 
1 90 43 93 12 91 79 34 86 65 4 67 26 50 41 90 17 34 80 97 54 9 73 99 12 60 89 20 15 19 79 15 60 21 59 71 11 89 56 48 54 59 14 31 60 7 20 77 40 51 25 45 
60 97 43 23 8 31 42 74 1 20 41 60 92 99 82 3 88 38 50 93 48 16 75 8 22 94 36 13 96 12 57 55 8 99 29 67 82 23 93 82 94 33 94 86 83 75 88 70 64 89 14 64 
4 88 71 77 33 58 41 29 69 97 35 28 48 64 46 29 86 38 62 79 22 55 64 5 82 3 26 97 44 40 60 47 79 82 76 12 39 16 92 59 65 26 38 12 41 84 40 78 73 1 57 95 
8 72 99 89 27 24 85 70 15 45 68 94 26 95 5 17 11 96 27 75 73 17 86 66 52 77 43 24 29 51 18 36 75 68 76 1 44 13 22 58 9 89 51 86 84 7 2 46 54 81 72 79 
97 57 44 48 85 86 23 13 37 93 1 11 60 76 63 55 40 36 13 48 76 15 34 59 22 87 56 27 67 27 5 15 35 48 14 19 86 37 84 22 81 84 84 40 11 98 95 51 33 59 50 8 
73 83 19 46 70 26 73 88 53 77 55 39 77 68 58 62 56 93 35 36 28 70 28 38 19 74 40 51 32 42 10 56 24 80 2 45 6 26 33 10 2 39 48 30 6 57 91 14 49 77 49 28 
46 28 18 64 1 57 66 84 98 28 40 74 59 93 18 16 18 2 25 71 40 25 1 98 81 91 63 82 20 11 9 65 91 26 81 91 35 46 27 84 25 66 57 84 10 27 99 27 80 76 97 72 
100 49 21 80 92 83 13 11 45 22 75 35 99 55 78 33 53 4 69 29 21 77 12 30 3 63 8 35 38 56 6 37 5 78 68 96 60 81 6 4 54 32 39 52 39 16 37 43 19 5 71 91 
81 35 20 36 97 27 70 86 34 27 74 38 4 93 85 15 73 42 18 78 74 8 82 12 75 18 6 45 74 76 35 6 10 6 41 58 84 62 95 18 40 68 55 95 61 92 9 85 33 79 15 6 
38 96 69 13 65 74 9 38 2 44 95 63 49 88 73 33 49 67 50 41 87 56 87 99 47 48 83 32 26 49 37 15 44 58 27 60 83 88 49 36 31 44 99 31 31 71 63 31 37 64 71 75 
72 10 73 70 57 56 1 34 56 90 48 52 47 27 11 81 14 60 17 44 55 67 74 85 37 89 67 25 4 90 100 75 99 72 45 55 79 45 88 35 86 35 38 84 13 48 65 26 59 33 21 65 
99 47 49 87 35 68 11 38 57 62 13 55 86 9 61 64 5 48 50 91 34 87 74 47 87 90 72 97 22 45 62 72 91 62 58 25 29 21 14 85 82 78 91 67 86 3 83 91 50 84 33 36 
23 6 82 9 96 5 5 69 49 66 41 91 28 98 15 8 18 29 93 52 58 35 70 44 38 4 86 39 88 70 26 10 75 59 70 22 64 26 91 64 92 83 55 71 80 21 78 50 1 22 1 59 
9 70 54 98 74 91 36 13 12 62 74 86 20 43 60 35 68 2 51 11 84 57 33 15 29 63 64 30 84 64 40 44 86 45 41 11 87 29 75 98 42 48 35 13 42 94 100 9 47 50 72 30 
58 56 45 86 18 60 67 54 24 58 97 61 2 90 23 88 18 97 37 11 44 72 23 85 17 22 45 64 23 68 45 80 24 41 66 93 1 84 46 76 42 95 36 43 84 10 83 53 6 71 63 1 
42 85 37 59 7 81 74 81 1 18 61 24 59 78 16 11 61 14 86 54 8 73 49 43 82 31 95 39 53 57 39 95 93 75 5 51 7 30 32 7 99 92 82 9 21 50 19 81 63 4 87 22 
76 35 64 57 17 58 47 69 66 85 63 58 11 19 61 18 48 92 76 99 35 10 7 55 59 26 87 73 29 73 94 57 7 9 65 23 66 12 92 31 96 6 40 59 77 100 76 76 43 3 74 77 
12 81 31 22 6 18 94 86 90 39 42 49 47 7 71 64 18 14 46 65 72 38 23 48 37 50 23 80 53 49 8 16 29 39 38 34 8 83 19 49 74 13 97 72 19 20 36 88 85 33 4 56 
70 27 55 59 28 30 90 32 78 97 48 6 35 37 91 94 71 61 43 96 73 91 68 43 10 55 82 95 87 86 2 9 64 57 67 43 86 56 75 63 52 74 20 39 62 10 32 32 70 26 80 95 
17 99 89 26 53 71 72 91 8 74 51 71 30 17 65 67 24 39 81 76 12 100 66 73 9 49 57 30 75 36 76 91 86 65 68 38 35 40 80 94 65 83 16 46 99 80 12 23 19 92 50 82 
91 67 7 51 15 15 32 41 2 8 31 87 72 51 76 58 42 55 3 6 37 18 51 88 97 14 62 67 57 63 1 99 81 7 49 95 21 32 88 74 39 70 60 62 20 35 71 61 41 73 66 30 
90 68 17 39 81 30 5 37 92 5 87 72 63 35 18 35 67 5 8 57 75 19 19 46 53 41 7 94 14 24 23 3 44 91 93 76 20 98 13 11 54 51 34 69 86 51 3 4 8 63 12 34 
81 30 79 86 71 37 79 36 13 1 90 56 91 83 31 62 80 95 72 85 46 57 53 83 59 8 86 66 22 49 51 2 79 30 39 1 18 17 36 30 69 25 85 11 7 68 72 38 62 95 23 59 
51 27 41 10 34 78 27 7 27 78 61 57 59 99 9 76 16 96 58 36 72 94 47 79 61 70 68 75 65 42 33 67 69 26 28 54 55 55 61 33 84 21 89 42 19 97 69 86 44 26 22 16 
20 68 46 80 89 13 6 53 7 91 72 75 16 99 80 70 5 92 3 40 64 43 81 83 92 2 20 35 27 41 50 46 60 95 78 49 60 35 53 66 25 76 92 40 75 71 62 31 63 16 71 78 
10 3 12 1 4 32 88 31 24 37 28 36 84 57 36 43 92 88 60 16 64 51 8 90 21 21 20 35 88 42 65 49 45 76 50 48 7 89 30 31 77 58 18 60 66 53 54 9 92 13 25 7 
63 84 96 36 56 68 22 95 9 86 43 53 62 44 53 20 32 82 2 9 91 19 20 9 71 74 17 63 38 93 69 53 76 17 88 83 84 61 77 44 47 20 49 60 63 1 79 47 34 81 55 25 
99 26 33 70 99 49 84 89 94 52 41 69 68 28 4 3 88 80 47 86 51 95 97 66 47 76 64 80 8 18 56 6 43 40 27 94 41 62 82 34 14 22 54 33 1 57 88 40 89 34 78 91 
80 74 8 26 1 71 57 8 40 65 66 83 4 44 28 96 6 61 29 71 34 35 55 86 91 42 77 31 75 54 22 6 80 29 83 80 100 40 88 39 56 53 73 59 48 52 55 53 64 35 75 49 
69 30 34 12 71 11 42 98 16 15 3 95 96 86 75 47 77 62 37 32 66 62 42 13 65 48 18 29 83 92 77 3 21 63 14 44 73 8 41 40 22 43 35 17 80 9 63 56 22 52 39 39 
0 0 0 0 1 1 0 1 1 1 0 1 1 1 0 1 0 0 0 0 1 0 0 0 0 1 0 1 0 0 1 0 0 0 0 0 1 1 1 0 0 1 0 1 1 0 0 1 1 0 1 0 
1 0 0 1 1 0 1 1 1 0 1 1 0 1 1 0 0 1 0 0 0 0 1 1 1 1 1 0 0 0 0 1 0 0 0 1 1 1 0 0 0 1 1 0 1 1 0 1 0 1 0 0 
1 1 0 0 1 1 0 1 1 0 0 0 1 0 1 0 0 0 0 0 1 1 0 0 0 1 0 0 0 0 1 1 1 1 0 0 0 0 1 1 1 1 1 0 0 1 0 0 1 0 0 0 
1 0 1 0 1 1 0 1 1 1 1 0 0 1 1 0 1 0 0 0 0 1 0 0 0 0 0 1 0 0 0 0 0 1 0 0 0 0 1 1 0 0 1 0 1 0 1 1 1 1 1 1 
0 0 1 1 0 1 0 1 1 0 1 1 1 1 1 1 1 1 0 1 1 0 0 1 0 1 0 1 0 1 0 0 1 1 1 0 0 0 1 1 0 0 1 0 1 0 1 0 1 0 0 1 
0 0 0 0 1 0 0 1 1 0 1 1 0 1 1 0 1 0 0 1 0 1 1 1 1 1 1 1 1 1 0 1 1 0 1 0 0 1 1 1 0 1 0 0 0 1 0 1 1 0 0 1 
1 0 0 1 1 0 0 0 1 0 1 1 0 0 1 0 0 1 1 0 0 0 0 0 1 0 1 1 1 1 0 0 1 1 1 0 1 1 0 0 1 1 1 1 0 1 1 0 0 1 0 0 
1 0 0 0 0 1 1 1 0 0 0 0 1 1 0 0 1 1 0 0 0 0 0 0 1 1 0 1 0 0 1 1 0 1 0 1 0 1 0 0 1 0 0 0 0 1 0 1 0 1 1 0 
1 1 1 0 1 1 1 1 0 0 1 0 1 1 1 1 0 0 1 0 0 0 0 0 1 1 1 1 0 1 1 1 0 0 1 1 0 0 1 0 0 0 0 1 1 0 0 1 0 1 1 0 
1 0 1 0 1 0 1 1 1 1 0 0 1 1 1 1 1 0 1 1 0 0 0 1 0 0 1 0 1 0 0 1 0 1 1 1 0 1 0 1 0 0 1 1 1 1 1 0 1 0 1 0 
0 1 1 0 1 0 0 1 1 1 0 1 0 1 1 0 0 1 0 0 0 1 0 1 0 1 0 0 1 1 0 0 1 1 0 0 0 1 1 1 0 1 0 0 1 1 1 1 1 1 0 1 
0 0 0 1 1 0 1 0 0 1 0 1 0 1 1 0 0 1 1 0 0 0 0 1 1 1 1 0 0 1 1 1 1 0 0 0 0 1 0 0 0 1 1 0 0 1 1 0 0 0 0 0 
0 0 0 0 0 1 0 0 0 0 1 1 0 1 1 0 0 1 1 0 0 0 1 0 1 0 0 1 0 0 0 1 1 0 1 1 1 1 1 1 1 1 0 1 0 1 0 1 0 1 1 1 
1 0 1 1 0 0 0 1 0 0 0 1 0 1 0 1 0 0 0 0 1 0 1 1 1 1 0 0 0 0 1 0 0 0 1 1 0 1 0 1 0 0 0 0 1 1 0 1 1 0 1 0 
1 1 1 0 0 0 0 1 0 1 1 0 0 0 1 0 1 1 1 1 1 0 0 0 1 0 0 0 0 1 0 1 0 1 0 1 1 0 0 1 0 1 0 0 1 1 0 0 1 0 0 0 
0 0 1 1 0 1 1 0 0 1 0 1 0 0 0 0 0 0 1 0 1 1 0 0 1 1 0 0 1 0 0 1 0 1 0 0 0 1 1 1 0 1 0 0 1 0 0 1 0 0 0 1 
1 0 1 0 1 1 0 0 0 1 1 0 0 1 1 1 0 0 0 0 1 0 1 0 0 1 1 0 1 1 1 1 0 0 1 1 1 0 0 1 1 1 0 1 1 1 0 1 1 0 0 0 
0 1 0 0 0 1 0 0 1 1 1 1 1 0 0 1 0 0 0 1 0 0 1 1 1 1 0 0 0 0 0 0 1 0 1 0 0 1 0 1 1 1 0 0 1 0 1 0 1 0 1 1 
0 0 0 0 0 0 0 0 1 1 0 0 1 1 0 1 1 0 0 0 1 0 0 1 1 0 1 0 0 0 1 0 1 1 0 1 1 1 1 0 0 1 1 1 1 1 1 0 0 1 0 1 
0 0 0 1 0 1 1 0 0 0 1 1 1 1 0 0 0 1 1 0 0 0 0 1 1 1 1 1 0 1 1 0 0 1 1 0 1 0 1 1 0 0 0 1 1 0 0 0 1 1 0 1 
1 0 1 0 1 0 0 0 0 1 0 0 0 0 0 1 0 1 0 1 1 0 0 1 0 0 1 1 1 1 1 0 0 0 1 1 0 1 1 0 0 0 0 0 0 1 0 0 0 0 1 0 
1 0 1 1 0 0 1 0 1 0 0 1 0 1 1 0 0 0 1 0 0 1 1 0 0 1 1 1 1 0 1 0 0 0 0 1 0 1 1 1 1 1 1 1 1 0 1 1 0 0 0 1 
0 1 1 0 0 0 1 1 1 0 0 1 0 0 0 0 1 1 0 0 1 1 1 0 1 0 1 1 1 1 0 1 0 0 1 0 0 1 0 1 1 0 1 0 0 1 0 1 1 0 1 0 
1 0 0 0 0 1 0 1 1 0 0 1 0 0 0 1 1 0 0 0 0 1 0 0 1 1 1 0 1 0 0 1 0 0 1 0 1 1 0 0 0 0 0 0 0 0 1 1 0 0 0 0 
1 0 0 0 1 1 0 1 1 0 0 1 0 1 1 0 1 1 0 1 0 0 1 0 0 1 0 0 1 0 0 0 0 0 1 0 1 1 1 0 0 1 1 0 0 1 0 1 0 1 0 0 
1 0 1 0 1 1 0 0 1 1 0 1 1 1 1 1 1 0 1 1 1 1 1 0 0 0 1 0 1 0 1 0 0 0 0 1 1 1 1 0 0 1 1 1 1 1 0 0 1 0 1 1 
1 0 1 1 0 0 1 1 0 0 0 0 0 0 1 1 1 0 1 1 0 1 1 1 0 1 1 1 1 0 0 0 0 1 1 1 0 1 0 0 1 0 1 0 1 0 1 0 1 1 0 1 
0 1 0 0 0 1 1 0 1 0 0 1 1 0 0 1 1 1 0 0 1 1 0 0 1 0 1 0 1 1 1 1 0 1 1 0 0 0 0 1 0 1 1 0 1 1 1 0 0 1 0 0 
0 1 0 0 1 1 0 0 0 0 1 0 1 0 1 0 0 1 1 1 0 0 1 1 0 0 1 0 0 0 0 0 1 1 0 0 0 1 0 1 1 1 1 0 1 0 0 1 0 0 0 0 
0 1 0 0 0 1 1 0 1 1 0 0 0 1 0 1 0 0 0 1 1 1 1 0 0 0 0 0 0 0 0 0 0 0 1 0 0 0 0 1 1 0 0 0 1 0 1 1 1 1 0 0 
0 0 1 0 0 1 0 0 1 1 0 1 1 1 1 1 1 1 1 1 0 1 1 1 1 0 1 0 1 1 1 1 1 0 0 1 1 0 1 0 1 0 0 1 1 1 0 1 1 1 0 1 
0 1 0 0 1 1 0 0 1 1 1 0 1 1 0 0 0 1 1 1 1 1 0 1 0 1 0 1 0 0 0 1 1 1 1 0 0 1 0 1 1 1 0 0 1 0 1 1 1 0 0 1 
1 1 0 1 0 0 1 0 0 1 1 1 0 0 1 1 0 1 0 1 0 0 1 1 0 0 0 0 0 1 1 1 0 1 1 0 1 0 0 1 1 0 0 0 0 1 1 0 0 1 1 0 
0 1 0 0 1 0 0 0 1 1 1 1 0 0 1 1 0 0 0 0 0 0 0 0 1 1 1 1 0 0 0 0 1 0 1 1 0 1 1 0 1 0 1 1 1 1 1 1 1 1 1 1 
0 1 1 1 0 0 1 1 1 1 1 0 1 0 1 1 0 0 1 1 1 1 0 0 0 1 1 1 1 1 0 1 0 1 0 1 0 1 0 1 0 1 1 1 0 1 1 0 1 0 1 0 
1 1 0 1 1 0 0 0 1 0 1 1 0 1 0 0 1 0 1 1 0 0 1 0 1 0 0 1 0 1 1 0 0 0 1 1 0 0 1 1 0 0 0 0 0 1 0 1 1 1 0 1 
0 1 1 1 1 1 0 0 0 0 0 1 0 1 0 0 1 0 1 0 0 1 0 0 0 1 1 0 0 0 1 0 1 1 0 1 0 0 1 1 0 1 0 0 0 0 0 0 0 1 0 1 
1 0 1 1 1 1 1 0 1 1 0 0 0 0 1 0 1 0 1 1 1 1 0 0 0 0 0 0 0 0 1 1 0 1 0 0 0 0 0 1 1 0 1 1 1 1 1 0 1 1 1 1 
0 1 1 0 0 1 1 0 1 0 1 1 1 1 1 1 1 1 0 0 0 0 1 1 1 1 1 0 0 0 1 0 0 0 1 0 1 0 0 0 0 1 0 0 0 1 1 0 1 0 0 1 
0 0 0 1 1 1 1 1 1 1 1 1 1 0 1 1 0 1 1 1 0 1 1 1 1 0 1 0 0 1 1 0 1 1 1 0 0 1 1 1 0 1 1 1 1 0 0 0 0 0 1 0 
1 0 1 0 0 0 0 1 0 1 1 1 0 1 0 0 0 1 0 0 0 1 1 0 1 0 0 1 0 1 0 1 1 1 0 1 0 0 0 0 0 0 1 0 1 1 1 1 1 1 1 1 
0 0 1 1 0 1 1 0 0 1 0 1 0 0 1 0 0 1 0 0 1 0 1 0 1 0 1 0 1 0 0 1 1 1 0 1 1 1 0 1 0 0 1 1 0 0 1 0 1 0 1 1 
0 0 1 1 0 1 0 1 1 0 0 0 1 0 0 0 0 0 0 0 0 1 1 0 1 1 0 0 1 1 1 1 1 1 0 1 0 0 0 1 0 0 0 0 1 0 0 1 0 0 1 0 
