48 50 1900
42 60 61 47 89 19 32 26 39 64 54 60 51 36 75 47 45 65 30 57 74 17 93 55 5 66 75 69 31 20 20 24 32 80 70 20 51 1 45 89 64 51 1 67 86 27 65 83 92 95 
91 17 63 36 71 19 1 97 39 31 69 58 7 100 90 76 19 40 29 15 80 44 17 80 10 55 7 75 37 50 21 79 66 35 14 36 54 15 85 92 97 53 50 3 52 39 79 22 30 59 
88 9 2 5 41 64 59 99 90 47 48 62 25 13 48 91 100 1 5 84 45 53 36 46 56 39 36 86 60 65 96 48 25 97 4 17 12 14 15 53 60 14 14 36 26 62 78 78 14 82 
61 10 87 49 55 42 87 90 79 99 6 74 46 83 22 49 51 34 62 66 38 73 31 52 60 57 65 38 34 30 71 46 40 57 46 46 50 33 36 28 31 93 53 28 27 75 28 78 60 89 
95 97 13 25 100 24 33 16 61 18 46 84 16 37 92 61 82 42 45 69 21 27 14 74 54 92 100 33 69 59 73 15 7 85 92 59 9 76 74 21 94 71 56 61 59 48 21 41 41 18 
61 61 44 74 34 50 66 85 82 86 95 55 53 2 91 44 60 51 19 85 24 64 8 79 24 66 78 97 6 18 14 19 79 9 44 64 10 9 49 44 47 43 98 99 96 40 94 7 91 64 
92 66 28 51 44 3 16 74 99 74 91 64 92 21 25 35 37 34 96 37 77 42 31 26 92 27 18 85 85 8 48 28 73 27 78 68 30 94 41 80 67 84 96 58 56 72 92 92 57 39 
28 86 80 11 11 23 37 80 7 21 87 7 49 11 85 26 31 66 71 23 46 37 6 93 94 62 64 38 5 20 76 85 57 8 95 68 30 83 99 89 55 86 47 55 48 31 33 78 97 3 
1 94 40 58 86 85 71 1 74 76 72 2 12 29 61 6 48 90 88 46 30 94 83 76 49 83 7 81 60 3 83 12 96 74 70 33 59 92 85 84 67 56 85 78 36 97 35 35 87 74 
33 68 68 15 44 16 97 2 48 9 4 30 20 51 56 41 35 66 33 19 49 51 26 86 81 14 82 15 48 20 41 32 88 8 47 83 75 95 84 74 3 39 3 75 41 58 15 27 23 99 
97 24 50 74 61 30 87 42 96 87 14 88 18 53 47 16 35 73 11 70 46 65 8 49 39 100 58 6 26 33 4 22 8 5 95 68 86 34 9 82 20 74 21 89 26 68 5 60 40 15 
29 86 79 88 86 70 87 95 75 64 27 78 85 86 83 32 53 68 65 14 1 84 87 22 72 13 41 28 24 80 42 5 65 73 44 50 94 83 45 68 46 23 97 31 9 31 62 13 51 26 
26 3 61 65 76 84 29 16 12 4 96 5 8 12 29 4 14 22 86 10 89 31 84 38 13 44 68 74 57 70 51 34 73 63 98 48 47 78 16 58 82 11 14 41 74 43 44 39 64 29 
48 5 60 32 94 72 75 61 98 83 83 100 17 55 63 14 54 61 92 69 18 25 31 83 65 57 25 9 95 41 37 43 97 48 26 90 20 52 2 69 35 84 20 51 90 82 16 44 42 59 
64 11 83 95 94 100 51 70 8 45 10 96 39 6 44 64 47 15 16 49 83 2 32 2 52 22 36 19 17 29 78 80 40 12 74 85 11 76 54 70 73 16 66 11 73 9 27 20 23 94 
20 57 95 51 10 98 24 97 68 40 26 45 20 17 9 45 1 71 73 6 41 45 73 6 7 98 66 33 17 88 78 88 96 24 38 57 21 14 54 89 5 31 85 76 47 45 73 99 16 45 
4 8 89 29 65 47 26 30 80 94 69 9 81 64 33 70 72 5 35 25 45 40 55 30 15 53 26 87 51 93 83 7 100 23 35 64 70 12 93 1 5 61 9 37 76 41 6 100 98 93 
76 42 32 83 23 98 35 49 37 86 41 19 92 41 42 78 56 63 89 49 63 93 61 71 81 89 64 38 88 61 30 63 54 13 97 77 11 32 25 99 17 65 69 60 57 62 37 13 24 77 
13 86 69 25 57 1 13 72 38 52 84 68 67 37 80 63 13 42 46 37 40 14 54 9 73 62 70 61 74 94 37 38 31 57 63 87 57 27 10 95 31 93 14 49 82 45 63 94 87 9 
83 26 22 36 86 47 49 8 59 23 53 96 12 83 4 74 22 13 53 31 59 35 76 72 83 57 16 45 2 2 5 84 80 27 71 17 25 20 76 83 94 28 78 5 11 34 31 84 46 35 
66 4 69 41 27 51 49 42 47 51 96 52 86 27 30 9 43 54 28 19 36 73 98 66 77 8 51 59 43 96 93 9 51 61 1 77 63 50 18 62 52 65 65 89 91 94 97 86 99 76 
4 34 48 1 51 77 61 53 35 55 48 28 63 50 40 64 26 55 65 96 68 68 60 32 56 51 25 5 36 75 80 91 60 28 43 11 4 55 63 90 10 63 69 72 12 9 87 90 15 51 
85 82 70 96 65 26 98 41 30 85 15 61 75 74 40 70 36 95 24 51 85 85 13 53 57 76 13 95 65 27 98 1 60 67 97 76 44 94 16 25 79 30 86 5 56 25 74 91 20 50 
41 4 34 5 8 42 33 21 37 49 99 34 2 11 100 98 86 96 43 2 20 73 83 5 30 38 82 3 81 1 4 73 56 38 30 15 31 62 35 67 62 86 52 63 96 4 12 33 99 7 
86 18 79 69 75 60 58 56 15 90 8 18 63 15 7 92 29 38 5 16 56 18 1 8 81 48 63 44 80 61 50 66 30 81 86 56 40 95 11 54 37 70 72 99 84 30 42 65 67 98 
80 75 15 32 34 47 79 96 91 10 8 40 75 89 72 12 45 12 59 55 65 95 77 88 45 60 18 86 76 36 35 7 10 49 38 43 96 68 38 38 78 97 77 4 86 49 16 30 12 26 
36 28 20 12 16 16 24 85 1 99 20 87 6 82 35 95 24 82 63 14 19 40 62 48 43 47 48 10 28 11 35 16 38 6 27 53 21 2 89 73 53 9 11 10 90 46 4 65 79 66 
30 50 57 92 49 100 90 96 61 18 6 48 33 95 5 11 48 78 65 36 2 17 96 13 26 37 10 81 54 88 47 83 37 55 74 85 54 16 32 15 33 89 14 17 84 18 79 83 95 43 
70 97 11 66 9 88 54 18 69 7 57 67 90 94 21 15 30 27 30 14 93 14 2 6 82 37 75 61 19 70 55 89 18 18 6 26 5 59 95 25 66 51 91 7 96 64 73 78 42 3 
91 34 16 44 91 98 81 65 10 51 34 16 39 51 33 44 28 38 55 22 62 72 25 5 30 20 20 2 49 61 4 39 94 72 35 84 21 15 100 82 65 34 97 56 36 30 51 16 67 57 
89 80 28 13 84 57 85 55 59 33 15 14 24 8 85 10 43 57 24 43 38 40 28 35 47 15 16 98 30 82 54 19 13 34 83 49 90 67 3 100 52 18 14 27 77 50 36 20 59 59 
14 96 50 41 82 49 55 97 98 37 30 51 55 43 36 37 91 78 56 45 77 7 62 42 33 39 44 20 10 2 30 23 49 79 15 83 79 21 79 76 57 61 27 63 3 14 52 45 91 59 
41 20 17 3 61 1 93 56 20 54 57 49 76 58 79 42 40 58 62 70 33 71 30 11 85 84 25 88 80 15 46 21 86 62 75 99 62 19 54 81 72 63 81 47 20 60 40 11 17 1 
80 49 23 10 60 60 45 84 47 25 50 93 97 36 6 71 34 68 89 39 100 60 1 81 58 72 92 97 82 8 49 62 56 24 23 67 83 67 2 29 91 52 73 87 39 79 9 24 46 97 
62 97 8 63 29 65 34 20 13 16 79 14 29 87 37 51 53 19 17 55 99 60 6 72 46 96 50 55 19 47 3 80 95 11 94 24 27 80 95 40 95 74 5 75 60 41 25 64 11 93 
18 9 52 75 32 50 70 81 56 88 79 58 20 74 20 13 49 47 92 43 38 38 68 42 64 79 34 88 43 44 33 60 4 36 35 36 85 56 68 40 96 47 50 15 20 21 79 68 67 23 
62 56 12 30 49 76 8 82 15 2 77 47 62 81 83 48 68 19 3 35 11 50 33 60 16 4 32 95 71 99 69 85 6 80 66 55 55 73 88 22 27 65 20 88 97 2 35 64 73 89 
50 83 39 83 94 54 86 25 100 9 75 68 93 81 100 58 87 6 82 74 27 8 90 47 47 86 100 33 49 24 74 51 6 12 33 51 17 70 76 69 78 2 88 22 34 87 79 20 45 13 
46 23 72 35 21 19 73 21 51 21 96 24 71 54 87 55 4 56 25 31 76 2 33 63 24 66 2 54 38 46 18 35 68 90 21 41 8 93 13 58 66 8 34 88 61 72 43 65 27 67 
47 2 20 79 17 95 97 18 1 34 15 18 68 34 7 88 74 14 33 86 24 98 94 9 85 6 80 27 22 59 45 69 60 17 47 28 63 43 97 15 28 11 33 47 97 91 87 70 57 19 
8 32 68 53 40 52 58 71 31 32 29 27 100 41 43 46 68 58 41 65 72 20 27 56 67 23 47 5 45 55 23 52 86 90 56 77 93 65 47 23 96 76 50 95 16 44 93 35 1 33 
51 25 4 78 80 70 52 78 74 96 32 48 99 69 89 54 45 82 71 92 4 66 67 5 13 34 49 5 20 1 89 71 25 92 100 57 14 51 34 39 47 18 87 97 86 27 3 31 8 73 
22 64 90 40 20 2 25 68 6 44 69 46 66 45 38 65 1 3 68 35 41 66 4 79 62 89 6 16 19 65 88 92 80 78 83 100 31 7 67 89 3 87 34 68 32 23 85 84 25 4 
70 66 69 73 96 82 14 1 98 84 18 85 76 97 14 58 96 45 17 15 33 19 53 18 38 36 41 74 20 65 77 89 82 45 14 78 27 27 30 24 10 47 60 85 44 26 95 91 70 11 
5 54 81 10 71 18 45 63 92 64 28 68 5 9 65 18 38 91 44 68 66 5 14 77 42 9 2 36 100 23 98 56 28 78 65 51 47 10 13 38 25 40 58 29 1 22 98 90 64 93 
57 81 98 23 57 39 31 11 26 30 33 75 38 61 4 2 11 50 63 23 40 88 15 49 68 67 22 66 56 85 10 65 17 7 87 25 97 69 35 22 51 68 48 88 80 51 89 42 1 52 
16 92 91 30 40 58 48 61 75 56 97 85 72 13 43 58 37 40 78 72 13 28 91 13 15 70 63 56 11 15 59 26 6 49 8 97 58 7 57 85 62 5 21 33 17 63 42 6 54 72 
77 19 99 19 31 66 40 45 21 50 60 31 27 17 31 86 14 88 93 22 24 6 27 44 91 43 59 84 100 64 55 28 82 6 46 64 71 85 9 43 86 68 73 65 36 3 2 49 42 46 
0 1 1 0 0 1 0 0 0 0 0 1 1 1 0 1 1 0 1 1 0 1 0 0 1 1 0 0 0 1 0 0 0 1 0 1 0 0 1 0 0 1 1 0 1 1 1 0 1 0 
1 1 1 1 1 0 0 1 1 0 1 1 0 1 0 0 0 0 1 0 0 1 1 0 1 0 1 0 0 1 1 1 0 0 0 0 1 1 1 0 1 0 1 0 0 1 0 0 1 1 
0 1 1 0 1 0 0 1 1 1 0 0 0 0 0 1 0 1 0 0 1 1 0 0 1 0 1 0 1 0 1 1 0 0 1 1 1 0 0 0 1 0 0 1 1 0 0 1 0 0 
1 1 0 0 0 1 0 1 1 1 0 1 1 0 1 0 1 0 0 0 0 1 0 0 1 1 1 1 1 1 0 0 0 0 0 0 1 1 0 1 0 0 0 1 0 1 0 1 0 0 
1 0 0 0 1 1 1 0 0 0 1 0 1 1 0 1 0 0 0 0 1 1 0 1 0 0 0 0 1 0 1 1 1 1 1 0 0 0 0 0 1 1 1 0 0 1 1 0 1 0 
0 0 1 0 1 1 0 0 0 0 0 1 1 1 0 0 1 0 0 1 0 1 0 1 1 1 1 1 1 0 1 0 1 0 0 0 1 1 0 1 1 1 0 0 0 0 0 0 0 0 
1 1 0 0 0 1 1 1 0 0 0 1 0 1 1 1 1 1 0 0 0 1 1 1 1 1 1 1 1 0 1 1 1 1 1 1 1 0 1 1 0 1 1 1 0 0 0 1 1 0 
1 0 1 0 1 0 0 0 1 1 0 0 0 1 0 1 1 1 1 0 0 0 1 1 1 1 0 1 0 1 1 0 1 0 0 0 0 0 1 1 0 1 1 0 1 1 0 0 0 1 
0 1 1 1 0 0 0 0 1 0 0 0 0 1 0 1 0 0 1 1 1 1 0 1 0 1 0 0 1 1 1 1 0 1 0 0 1 0 1 1 1 1 1 1 0 0 0 0 0 0 
1 0 1 0 1 1 1 1 1 1 0 1 0 0 0 1 1 1 1 0 0 0 1 0 0 1 0 0 0 0 0 1 0 0 1 1 1 1 1 1 0 1 0 0 0 0 1 1 1 1 
1 0 1 0 0 1 1 0 0 1 0 0 1 1 0 0 0 0 1 1 1 1 1 1 0 1 1 1 0 0 0 1 0 0 1 0 1 0 0 1 0 1 0 1 0 0 1 0 0 1 
0 1 0 1 0 0 0 1 0 0 0 0 1 0 0 0 1 0 0 1 1 0 0 1 1 0 0 1 1 0 0 1 0 0 0 0 1 0 0 1 0 0 1 1 0 0 1 1 0 1 
1 1 0 1 1 1 0 1 0 1 1 0 0 1 1 0 0 0 0 0 1 0 0 0 1 0 0 0 0 0 1 1 0 1 0 1 1 0 0 1 1 1 0 1 1 1 1 1 1 1 
1 0 1 1 0 0 1 1 0 1 1 0 0 1 1 1 0 0 1 0 0 1 0 0 0 1 1 0 0 0 1 1 0 1 0 0 1 1 1 0 1 1 0 1 0 1 0 1 0 0 
1 0 1 1 0 1 0 1 1 0 1 1 1 1 0 1 1 1 1 1 1 0 0 1 1 0 1 0 1 1 0 1 1 1 0 1 0 1 0 0 1 1 1 1 0 1 0 1 0 1 
0 0 1 0 1 1 1 0 1 0 1 1 1 0 0 0 1 0 1 1 0 0 0 1 1 0 0 0 0 1 1 0 1 1 1 0 0 0 1 1 0 0 0 0 1 0 0 0 0 1 
0 1 1 0 0 1 1 1 1 1 0 0 1 1 1 0 1 1 0 0 0 1 1 0 1 0 0 1 0 1 0 0 0 1 1 0 0 0 1 1 1 1 0 0 0 1 1 0 1 1 
0 1 0 1 0 1 1 0 0 0 1 0 0 1 0 1 0 0 1 1 0 0 1 0 1 1 1 0 1 0 1 0 0 0 1 0 1 1 0 0 1 0 0 1 1 0 1 1 1 0 
1 1 1 0 1 0 1 0 0 1 1 1 1 1 1 0 1 1 1 1 1 0 1 1 0 1 0 1 0 1 1 1 0 0 1 1 0 1 1 0 0 0 0 1 1 1 1 0 0 1 
0 1 1 1 1 1 0 1 0 1 0 0 0 0 0 0 1 1 1 0 1 1 1 1 0 0 1 1 1 1 0 1 1 0 0 0 1 1 1 0 0 1 0 0 1 0 0 0 1 1 
0 1 0 1 0 0 0 1 0 1 1 0 0 0 0 0 0 0 1 1 0 1 0 0 0 1 0 0 1 0 0 1 1 0 1 1 1 1 1 1 0 0 1 0 0 0 0 0 0 0 
1 0 1 1 0 1 0 0 0 1 0 0 0 1 0 1 1 1 0 0 0 0 0 0 0 0 0 1 0 0 1 1 0 0 0 0 0 0 0 0 1 1 0 1 0 0 1 1 0 1 
1 0 0 1 0 0 1 0 1 1 0 0 0 0 1 0 0 1 0 1 1 1 0 1 1 0 1 0 0 1 1 1 0 1 1 0 0 0 1 1 0 1 0 0 0 1 1 0 0 1 
1 1 1 1 0 0 0 1 0 0 1 1 1 1 1 0 1 1 1 0 0 1 0 0 1 0 1 0 0 1 0 0 0 1 1 0 1 1 0 1 1 1 0 1 0 1 1 1 0 0 
0 1 1 0 1 1 0 1 1 0 0 1 0 1 0 0 1 1 1 1 0 1 0 1 0 0 0 1 0 1 0 0 0 1 0 1 0 0 0 0 0 1 1 1 0 0 1 1 1 0 
1 0 1 1 1 1 0 1 1 0 0 1 0 0 0 0 0 1 0 0 1 0 1 0 1 1 0 0 1 0 1 0 0 0 1 1 0 1 0 1 1 1 0 1 1 0 1 1 1 1 
0 0 0 1 1 1 1 1 0 0 1 1 0 1 1 1 0 1 1 1 0 0 0 0 0 1 1 1 1 0 1 1 1 1 0 0 0 1 1 0 1 1 1 1 0 1 1 1 0 0 
0 1 0 0 1 0 1 0 0 0 1 1 1 0 0 0 0 0 1 1 1 1 0 0 0 1 1 1 0 0 1 0 1 0 0 0 0 1 1 0 0 0 1 1 0 1 1 0 0 1 
1 1 0 0 1 0 1 1 0 1 1 1 1 0 1 1 0 0 0 1 0 0 1 0 0 1 1 1 1 1 0 1 0 0 1 0 1 0 1 1 1 0 0 0 0 0 1 0 0 1 
0 0 0 1 0 0 1 0 1 0 1 0 1 0 0 0 0 1 0 1 0 1 1 1 1 1 1 0 1 1 0 1 1 0 1 0 0 0 0 1 0 1 1 0 1 0 0 1 1 1 
0 0 0 1 1 0 0 0 0 0 1 0 1 0 0 0 0 0 0 0 0 1 0 1 1 1 1 1 1 1 0 1 1 1 1 0 1 1 0 1 1 1 0 1 1 0 1 0 1 0 
0 1 1 0 0 0 0 0 1 1 1 0 0 0 1 1 0 0 1 0 1 0 1 1 1 0 0 1 0 1 1 1 0 0 1 0 0 1 0 1 0 1 1 1 1 0 0 1 0 1 
1 0 0 0 1 1 1 1 0 1 0 1 0 0 1 0 1 1 1 1 1 0 1 0 1 0 1 1 0 1 1 1 1 1 0 1 0 1 0 1 0 1 0 1 1 0 1 0 1 0 
0 0 0 1 1 1 1 0 1 1 1 0 1 1 1 1 0 1 0 0 0 0 1 1 1 1 1 0 1 0 1 1 1 1 0 0 1 0 0 0 1 1 0 0 0 1 1 0 0 1 
1 1 0 0 0 1 1 1 0 1 1 1 0 0 0 1 0 1 1 0 1 0 0 1 1 0 0 0 1 1 0 0 0 0 0 0 1 0 1 1 1 0 0 1 1 1 0 1 0 1 
0 0 0 0 1 1 0 0 1 1 1 1 1 1 1 0 1 1 0 0 0 1 0 1 0 1 0 1 1 0 0 1 0 0 1 0 1 1 0 1 1 1 0 0 0 0 0 1 1 0 
1 1 1 1 0 0 1 0 1 0 1 1 1 1 0 0 1 1 1 1 0 0 0 1 1 0 1 1 1 0 0 0 1 1 0 0 1 1 0 0 1 1 0 0 1 0 0 0 1 1 
0 0 0 0 1 1 1 0 0 0 0 0 1 1 0 1 1 1 0 0 0 1 1 0 1 0 0 1 1 1 0 1 1 0 1 0 1 0 0 0 1 0 0 0 0 0 1 1 0 1 
1 0 0 1 0 1 1 0 0 0 1 0 1 1 1 1 1 0 1 0 0 0 0 1 0 0 1 1 0 1 0 1 1 0 0 1 1 0 1 1 0 1 0 0 0 1 1 1 1 0 
1 0 1 0 1 1 0 0 1 0 0 1 0 1 0 0 1 1 0 0 1 1 1 1 1 1 0 0 1 1 0 0 1 1 0 0 1 1 1 0 1 1 1 1 0 1 0 1 1 0 
0 0 1 1 1 0 1 1 0 0 0 1 0 0 0 1 0 1 0 1 1 1 0 1 1 1 0 1 0 1 1 0 1 1 0 0 1 1 1 0 1 0 1 1 0 1 0 0 1 0 
0 0 0 0 1 1 1 0 0 0 1 1 0 1 0 0 1 0 1 1 0 0 1 1 0 1 0 0 1 1 1 1 0 1 0 1 0 1 1 0 1 1 1 0 0 0 0 1 0 0 
0 0 0 1 1 0 0 1 1 0 1 0 1 1 1 1 0 1 1 0 1 0 1 0 0 1 0 1 0 0 1 1 0 1 0 1 0 1 1 1 1 0 1 0 1 0 0 1 1 1 
1 0 1 0 0 0 1 1 1 0 1 0 1 0 1 1 1 1 0 0 0 1 0 1 0 1 1 0 1 0 1 0 0 0 1 1 0 0 0 1 0 1 1 1 1 1 1 1 0 1 
1 1 1 0 0 1 1 0 1 0 0 0 1 1 0 0 0 1 0 0 0 1 1 0 0 1 1 1 0 1 1 1 0 0 1 1 1 1 1 0 1 1 0 0 0 0 0 0 1 1 
0 0 0 0 0 0 1 1 0 1 0 1 0 1 1 0 0 0 1 1 0 0 0 0 1 1 0 1 1 0 0 0 0 0 0 0 1 1 1 1 0 1 0 0 0 1 0 0 1 1 
1 1 0 0 1 1 1 1 0 0 1 1 0 1 1 0 1 0 1 0 1 1 0 1 0 0 0 0 1 1 0 0 0 0 0 1 1 1 1 1 0 0 0 0 0 0 1 1 0 0 
0 0 0 0 1 0 0 0 0 1 1 0 0 0 0 0 1 1 0 0 1 0 1 1 0 1 1 1 0 0 0 0 0 0 0 1 0 1 1 0 0 1 1 0 1 1 1 0 1 1 
