50 44 2159
33 44 46 67 70 11 32 91 75 83 75 5 79 76 56 85 14 26 27 24 88 97 47 84 61 66 11 12 77 53 70 9 96 67 28 65 30 59 7 56 93 33 60 71 
8 15 8 21 93 86 45 80 82 43 64 95 9 26 6 37 78 28 98 25 94 77 41 23 35 99 78 80 32 90 50 39 56 9 60 48 94 56 80 28 98 95 22 58 
20 79 47 50 6 96 74 52 72 67 74 6 65 4 37 96 93 87 35 48 95 46 96 41 53 27 68 2 21 41 60 40 19 58 41 77 53 15 28 76 81 53 33 45 
56 70 93 48 8 27 96 54 24 43 94 76 21 13 77 41 53 88 32 24 97 73 100 1 39 79 76 19 31 61 15 39 30 7 86 37 85 33 90 60 27 36 87 47 
48 64 39 1 3 71 76 100 95 27 52 33 5 28 51 87 88 17 25 69 76 11 57 12 95 46 72 74 81 58 72 81 73 11 81 76 33 8 27 27 34 78 59 38 
57 61 24 96 29 49 64 4 11 20 16 57 18 39 82 50 96 54 30 21 64 62 48 96 69 74 22 2 3 32 91 60 92 67 55 20 67 71 76 29 42 43 85 11 
81 67 61 28 20 42 48 35 56 95 82 24 68 55 78 23 86 20 82 29 86 88 100 52 10 75 80 4 69 17 14 49 83 26 77 54 68 24 40 23 19 21 98 38 
27 75 12 12 47 93 92 32 33 43 84 94 70 15 97 38 31 11 87 13 36 63 18 55 38 9 77 8 29 27 46 55 53 57 18 99 2 61 31 86 4 66 79 73 
80 28 10 11 38 48 75 25 10 93 80 100 53 8 7 34 34 4 88 87 61 58 85 14 70 15 51 73 80 81 97 60 8 7 70 97 54 96 22 16 88 1 15 93 
60 21 26 94 25 65 80 37 22 64 2 92 31 52 16 10 84 13 21 92 71 42 40 76 38 61 91 77 13 57 69 73 30 94 66 54 59 97 42 32 60 95 75 42 
98 91 4 81 55 24 24 25 18 64 100 55 76 91 83 89 99 52 13 28 45 30 33 55 26 74 87 37 20 61 79 17 3 82 98 57 57 73 81 74 36 33 28 12 
75 11 52 73 14 64 1 10 93 33 65 70 59 3 6 30 15 36 47 18 17 96 26 74 68 7 47 56 91 27 19 65 89 22 37 54 85 89 63 29 74 79 50 32 
33 55 13 48 91 59 17 59 6 42 32 74 100 31 81 90 9 51 54 49 72 43 2 56 31 16 36 4 95 85 87 27 91 100 26 33 58 42 92 16 84 75 89 35 
57 21 25 65 71 30 13 42 72 66 49 3 82 36 6 28 72 45 54 14 44 32 47 53 73 90 68 8 64 8 43 21 80 67 37 50 48 50 43 20 67 43 22 48 
78 79 75 1 75 81 15 18 12 61 23 36 50 42 44 65 50 38 85 29 56 22 31 3 23 25 22 41 68 95 89 97 26 15 50 100 47 64 70 10 76 92 98 25 
85 41 41 34 30 26 15 85 99 97 87 73 73 61 13 40 55 53 89 32 20 38 32 18 1 53 80 28 96 77 52 80 69 92 14 98 69 80 82 19 28 68 43 100 
28 8 40 35 12 80 66 83 69 49 1 21 1 80 48 96 56 51 76 76 94 41 73 63 20 54 33 47 73 28 98 53 87 37 87 98 68 4 81 36 53 33 56 5 
64 3 1 71 5 28 46 99 68 18 13 39 71 45 37 95 24 34 47 10 23 33 60 42 37 40 78 41 24 85 45 87 40 97 57 44 24 54 42 43 71 54 81 93 
51 69 87 74 3 34 36 77 18 95 18 6 86 47 98 9 32 43 47 23 39 55 18 15 8 60 57 78 65 38 22 67 6 8 41 60 93 28 88 63 22 6 68 7 
52 66 67 35 60 13 9 50 67 27 64 26 38 21 55 2 10 76 69 67 83 61 79 28 40 66 90 61 71 57 19 75 74 85 61 85 97 22 35 15 48 98 92 37 
70 46 38 79 21 58 98 55 70 76 82 9 41 23 21 64 32 39 90 5 23 2 42 71 23 76 37 70 25 28 6 95 25 96 25 45 5 22 52 27 49 85 87 90 
8 60 5 39 98 94 95 73 95 36 95 18 11 32 39 88 11 97 82 36 44 58 32 100 32 83 78 80 20 17 21 27 76 25 17 73 70 11 97 17 99 92 34 61 
23 24 48 85 72 81 20 15 39 4 67 70 38 44 49 57 60 70 83 87 46 51 60 16 62 56 32 60 99 17 72 21 92 20 58 64 100 29 30 38 32 48 59 70 
92 60 78 3 81 13 90 26 63 1 93 76 8 76 87 7 44 59 79 36 78 36 51 29 65 32 19 48 80 77 69 23 36 47 77 16 11 18 94 73 70 38 1 30 
14 87 88 9 45 66 96 74 54 98 3 70 30 21 17 61 97 86 35 85 84 11 52 94 81 45 18 50 35 18 79 48 57 66 8 1 84 4 75 37 1 77 58 82 
97 74 42 45 11 28 29 94 39 33 39 71 77 9 20 11 78 51 10 34 68 18 35 3 73 61 91 25 37 48 7 85 22 100 81 32 28 62 78 18 94 68 88 22 
76 59 33 54 61 94 87 29 63 73 83 87 33 74 12 21 21 70 5 94 69 86 26 48 99 55 17 92 22 4 13 50 15 97 55 75 43 93 55 5 66 38 92 98 
11 55 19 83 24 75 77 44 12 54 44 10 8 60 53 81 16 66 82 30 62 36 56 56 29 63 61 46 100 4 43 62 10 13 44 33 40 72 28 51 25 71 13 32 
31 65 65 46 30 46 27 44 34 34 99 14 96 11 59 47 66 53 8 75 18 4 7 57 75 87 59 100 57 71 83 39 88 99 36 17 97 62 12 30 96 63 95 43 
25 5 90 91 57 97 17 26 52 76 34 79 62 93 78 18 15 12 9 2 11 44 71 7 58 34 88 5 96 82 47 73 86 36 15 94 85 31 20 88 6 53 66 67 
97 43 37 12 7 45 65 17 88 35 23 97 69 62 1 16 95 48 40 80 35 54 25 71 85 96 59 90 49 24 9 97 19 45 8 25 41 25 41 80 59 15 77 79 
28 77 47 22 76 86 1 63 40 77 33 24 73 43 65 73 67 73 69 37 69 29 61 9 53 53 41 63 67 17 42 46 45 88 67 73 73 19 87 64 95 71 87 67 
14 4 91 32 28 60 68 49 40 28 9 92 32 49 6 50 17 47 95 62 34 61 86 59 79 72 22 25 42 61 44 55 16 34 38 43 45 5 43 84 84 52 27 15 
100 33 64 69 31 10 30 17 70 67 75 100 38 48 25 79 60 20 86 75 53 23 70 50 80 12 85 15 63 64 82 15 48 45 83 78 7 64 94 76 30 20 28 19 
20 4 97 79 23 34 54 27 9 75 76 40 86 13 54 1 76 35 67 23 32 49 100 38 64 46 65 45 17 92 63 36 47 11 15 69 45 20 96 5 46 23 44 31 
35 49 31 62 84 49 84 67 49 36 56 12 81 20 56 97 64 18 85 10 29 51 79 25 22 26 81 67 100 76 97 87 24 80 48 59 28 84 25 77 19 80 40 99 
52 48 47 15 65 31 24 45 33 54 21 54 31 1 20 83 28 69 21 52 48 68 10 27 51 87 55 69 18 95 19 69 42 18 83 58 100 59 55 33 64 27 86 47 
80 6 81 7 74 1 58 73 68 20 51 71 58 6 91 75 52 62 44 45 79 78 54 78 88 8 10 52 87 96 50 66 53 30 72 78 30 82 50 49 1 52 71 10 
9 62 84 60 23 27 56 1 5 10 78 92 69 40 95 55 35 96 72 39 25 44 16 6 77 17 55 29 68 25 38 77 38 21 88 60 48 96 12 4 5 42 47 25 
81 94 32 67 89 3 5 66 98 20 71 74 88 77 2 55 54 39 83 91 60 23 3 59 18 14 14 74 55 12 98 87 5 81 53 46 84 57 11 81 28 33 55 15 
10 8 22 63 47 56 5 58 30 7 68 47 73 81 72 27 44 22 14 49 2 18 46 37 75 56 18 54 88 24 21 49 31 42 63 29 49 68 86 79 26 53 77 98 
85 49 77 29 22 42 29 23 59 26 60 85 33 29 39 20 52 59 21 82 52 83 63 52 50 48 30 76 53 59 25 89 7 1 69 28 42 49 2 53 74 61 37 6 
41 75 78 92 85 98 26 88 80 88 40 82 87 69 9 39 27 33 28 85 34 48 64 27 97 66 79 70 78 68 28 19 94 5 62 79 54 39 18 33 26 57 66 65 
78 74 3 4 59 82 41 44 82 4 70 78 21 1 99 51 20 26 21 13 82 34 43 35 73 61 20 50 17 85 14 94 11 69 50 69 2 42 12 83 97 33 60 18 
85 59 20 4 36 40 17 18 73 11 4 97 71 23 47 40 60 12 85 70 80 86 38 82 27 1 64 24 33 76 93 18 86 12 73 21 3 41 38 27 52 94 76 74 
16 22 65 75 33 50 44 65 87 33 46 14 33 61 89 18 36 81 87 21 44 59 94 98 100 83 76 51 76 51 76 92 24 41 18 9 42 14 73 28 98 70 93 31 
82 81 100 70 13 86 42 8 44 35 5 95 70 81 97 45 83 73 88 7 13 6 67 6 71 91 33 68 60 78 50 93 58 49 62 71 86 56 78 82 42 35 76 11 
67 73 56 49 45 95 7 9 100 25 14 70 15 98 90 26 75 39 19 85 88 32 55 73 39 84 54 81 70 82 91 36 54 98 37 50 93 95 58 44 20 23 14 34 
72 3 12 99 93 30 83 80 13 89 5 52 72 10 32 42 91 74 29 96 72 65 45 64 60 2 7 31 76 72 64 48 26 75 46 19 56 80 50 21 68 6 24 91 
16 7 84 58 80 13 54 51 29 98 66 88 52 25 70 79 48 86 26 74 12 23 44 68 2 93 40 69 99 63 12 66 69 95 23 48 7 28 51 36 26 68 75 29 
1 0 0 1 1 0 0 0 0 1 1 0 1 0 0 1 0 1 0 0 0 1 0 0 0 0 1 1 1 0 1 1 0 0 0 1 0 0 1 0 1 1 0 0 
1 1 0 0 0 0 0 0 1 0 1 0 0 0 1 0 0 1 1 0 1 1 1 1 1 1 1 0 0 0 0 1 1 0 1 1 1 0 0 0 0 1 0 1 
1 0 1 0 1 0 0 0 1 0 1 0 1 0 0 1 0 0 0 1 1 0 1 0 0 1 0 0 0 1 1 1 1 0 1 0 0 0 0 1 0 1 1 1 
1 1 0 0 0 0 1 1 0 0 1 0 1 1 1 1 0 0 1 1 1 0 1 1 0 1 1 0 0 0 1 0 0 1 0 0 0 1 1 0 0 0 1 1 
1 0 1 0 0 0 1 1 0 1 1 1 0 0 1 1 0 1 1 0 0 1 0 0 0 1 1 0 1 0 0 1 0 1 1 0 1 0 0 1 1 1 0 0 
1 0 1 1 1 0 0 1 1 0 0 1 0 1 0 1 1 0 0 1 1 1 1 0 0 1 1 1 0 0 1 1 0 0 1 1 0 1 0 1 1 0 1 1 
1 1 1 0 1 1 1 0 1 1 0 1 0 1 0 1 1 0 0 1 0 1 0 1 0 1 0 0 1 1 1 1 0 0 1 1 0 1 1 1 0 1 0 0 
1 0 1 0 0 0 0 1 1 0 0 0 1 0 0 1 0 1 0 0 0 1 0 0 0 1 1 0 1 1 1 0 1 0 0 0 0 0 1 0 1 1 0 0 
1 0 1 1 1 1 0 1 1 0 1 1 1 0 0 0 1 1 0 1 1 1 1 0 1 0 0 0 1 0 1 0 0 0 0 1 0 0 1 1 0 0 0 1 
1 0 0 0 1 0 1 1 1 0 1 1 0 1 1 1 1 0 0 1 1 0 0 1 0 1 0 0 0 0 1 1 1 1 1 0 0 1 1 1 1 0 0 0 
1 0 1 0 0 1 1 1 1 0 0 1 1 0 1 1 1 1 0 0 0 0 0 0 1 0 0 0 0 0 0 0 0 0 0 1 1 0 0 1 0 1 0 1 
1 0 1 0 1 1 0 1 1 1 0 0 1 0 1 1 0 1 1 1 1 0 0 1 0 0 0 0 1 0 1 1 0 0 1 1 0 0 1 1 1 1 0 0 
1 1 1 1 0 1 0 0 1 0 1 1 1 1 1 0 1 0 1 0 1 1 1 1 1 0 0 0 1 0 0 0 1 1 0 0 0 0 0 1 1 1 0 0 
0 1 0 1 0 0 1 1 1 1 0 0 1 0 0 1 1 0 1 0 1 1 0 0 0 0 1 1 1 0 1 1 1 1 1 1 1 0 0 0 1 0 0 1 
1 0 0 0 0 1 0 0 1 1 0 1 1 1 0 1 1 1 0 1 0 1 0 0 0 1 0 1 1 1 0 0 1 0 0 0 0 1 0 1 0 0 0 1 
1 0 0 1 1 1 0 1 0 0 1 0 1 0 0 1 1 0 1 0 1 0 0 1 1 0 0 1 0 0 0 0 0 1 1 1 0 1 0 0 1 0 1 1 
0 1 0 1 1 1 1 0 1 0 1 0 0 1 1 1 1 0 1 1 1 0 0 1 1 1 1 0 1 0 1 1 1 1 0 1 1 1 1 0 1 1 1 0 
0 0 1 0 0 0 1 1 0 0 0 1 1 0 1 0 0 1 1 0 0 1 1 1 0 0 0 0 1 1 0 0 1 1 0 0 1 1 1 1 1 0 0 0 
0 1 0 0 0 1 0 1 0 1 0 1 0 0 1 1 1 1 1 1 0 1 1 1 1 0 0 0 0 0 1 0 1 1 1 0 1 1 1 1 1 1 0 1 
0 1 0 1 0 0 0 0 1 1 1 0 0 1 1 0 1 0 1 1 1 0 1 0 1 0 0 0 1 0 1 1 0 0 1 0 0 1 1 1 1 0 0 1 
0 1 1 1 1 0 0 0 0 1 1 0 1 1 0 1 1 0 0 1 0 1 0 0 1 1 1 0 1 1 1 1 0 0 1 1 1 1 0 1 1 1 1 0 
0 0 1 1 0 0 1 0 1 1 0 0 0 1 0 1 1 1 1 1 0 0 1 1 1 1 0 0 0 0 1 0 0 0 1 0 0 0 0 0 1 0 0 1 
1 1 1 0 0 0 0 0 0 1 1 1 0 0 0 0 0 1 0 0 1 1 0 0 0 0 0 1 0 0 1 1 1 0 0 0 0 0 0 0 1 0 1 1 
0 1 1 0 0 1 0 0 0 0 0 0 0 0 0 0 0 1 1 0 1 1 0 1 1 0 1 0 0 0 1 0 0 0 0 0 1 0 0 0 0 0 0 0 
0 0 0 1 1 0 1 0 1 1 1 1 1 0 1 0 1 1 0 1 1 1 1 1 1 0 1 0 0 1 0 1 0 1 0 1 1 1 0 0 0 1 1 1 
0 1 1 1 0 0 0 1 1 1 0 0 1 1 0 0 1 1 1 1 0 1 0 1 0 0 1 0 0 1 1 0 0 1 1 0 1 1 1 0 0 0 0 0 
1 1 0 0 0 1 1 0 0 0 1 0 0 0 0 0 1 1 0 1 0 1 1 1 0 1 1 1 1 0 1 0 1 1 1 1 0 0 1 0 0 0 0 1 
0 0 1 0 1 0 1 0 1 1 1 0 0 1 1 1 1 0 1 0 1 0 1 1 1 0 1 1 0 1 0 0 1 0 0 0 0 0 0 1 1 0 1 1 
1 0 0 0 0 1 0 1 0 1 0 1 1 1 0 1 0 1 1 1 1 0 0 1 0 0 0 1 0 0 0 1 0 0 1 1 1 1 0 1 0 1 0 1 
0 1 0 1 0 0 0 1 0 0 0 0 1 0 1 1 0 1 1 1 1 0 0 0 0 0 0 0 1 0 0 0 1 0 1 1 0 1 0 0 0 0 0 1 
1 1 0 1 0 1 0 1 0 0 0 0 1 0 0 0 0 0 0 0 1 1 1 1 1 0 0 1 0 0 0 1 0 0 1 0 0 1 0 0 0 0 0 1 
0 0 1 0 1 0 0 0 1 0 1 0 0 1 1 0 0 1 0 0 0 1 0 0 0 0 0 0 0 0 1 0 0 1 1 1 1 1 1 0 1 1 1 1 
0 0 0 0 0 0 0 0 1 1 0 1 1 0 0 0 0 1 0 0 0 1 0 1 1 1 0 0 0 1 0 1 1 0 1 1 0 0 1 1 1 1 0 0 
1 0 0 1 0 1 0 0 0 0 0 1 1 0 0 0 1 0 1 0 0 0 0 0 0 1 1 1 1 1 0 0 0 0 0 0 1 0 0 0 0 0 1 1 
0 1 1 1 1 0 0 1 1 0 1 1 1 0 1 0 0 1 1 0 1 1 0 1 1 0 1 1 1 0 0 1 0 0 1 1 0 1 1 1 1 0 1 0 
1 0 1 1 1 0 1 0 1 1 1 0 1 0 1 0 1 1 0 1 1 1 0 0 0 1 1 1 0 0 1 1 0 0 0 1 0 1 0 1 0 1 1 1 
0 0 0 1 0 0 0 1 1 0 1 1 0 1 0 0 1 1 1 0 0 1 1 0 0 1 0 0 1 1 1 1 0 1 0 0 1 0 1 0 0 1 1 0 
0 1 0 1 1 1 1 1 0 1 1 0 0 1 0 1 1 0 0 1 1 0 1 1 0 0 1 1 1 1 1 1 0 0 1 1 1 0 0 0 1 0 0 0 
1 1 1 0 1 0 1 0 0 0 1 1 1 1 0 0 0 1 0 0 1 1 0 1 1 0 1 1 0 1 1 0 0 0 0 1 0 0 0 1 0 1 0 1 
0 0 0 0 1 0 1 1 1 1 0 0 1 1 1 0 0 0 0 1 1 0 0 1 0 0 0 1 0 0 0 0 0 0 1 0 0 0 1 1 1 1 0 0 
0 1 0 0 0 0 1 1 1 0 0 1 0 1 0 0 1 1 1 0 1 0 0 0 0 1 1 1 0 1 1 0 1 0 0 1 0 0 0 1 0 0 1 0 
1 1 1 1 0 0 1 0 0 1 0 0 0 1 1 0 1 0 0 0 0 0 1 1 0 1 0 0 1 1 1 1 1 0 0 1 0 1 1 0 0 1 0 0 
1 1 0 0 1 0 0 0 0 1 1 1 0 1 1 1 1 0 0 0 0 0 1 0 1 1 0 1 0 0 1 1 1 1 1 1 1 1 1 0 0 0 1 0 
1 0 0 0 1 0 0 1 1 0 0 0 1 0 0 1 1 1 1 0 1 0 1 0 0 0 0 0 0 1 1 0 0 1 0 1 1 1 0 0 1 0 1 0 
1 1 1 0 0 0 0 1 1 0 0 1 0 0 1 1 0 0 1 0 1 1 1 1 0 1 1 1 0 0 1 1 1 1 1 0 1 1 1 0 1 1 1 0 
0 1 1 0 1 0 0 1 1 1 0 0 0 1 1 0 0 1 1 1 0 0 1 1 0 1 0 1 0 1 1 0 0 0 0 0 0 0 1 0 1 1 0 0 
0 1 0 0 0 0 0 0 0 1 0 0 0 0 0 1 1 1 1 0 0 0 0 0 0 1 0 0 0 0 0 0 0 0 1 0 0 1 1 1 0 1 1 1 
1 1 0 0 1 1 0 1 1 0 1 0 1 0 0 1 0 0 0 0 0 1 1 1 0 0 0 0 1 1 1 0 1 1 0 0 1 1 1 0 1 0 0 1 
0 0 0 1 0 0 1 1 1 0 0 1 0 0 0 1 1 1 1 0 1 0 0 0 1 1 0 0 0 1 1 0 1 0 1 0 0 1 1 0 1 1 1 0 
1 1 1 0 1 1 1 0 1 1 0 0 1 0 0 1 1 0 1 1 0 1 1 0 0 0 0 1 1 0 1 0 1 1 0 0 0 1 0 1 1 0 1 0 
