41 48 772
79 68 82 89 61 25 55 82 57 76 96 39 28 22 3 61 13 80 39 59 48 91 59 65 46 95 40 40 34 14 31 64 33 13 52 45 89 59 26 45 34 22 84 61 95 86 74 59 
18 12 69 65 54 27 29 52 73 69 91 6 34 22 69 66 86 73 63 74 31 88 70 16 61 53 28 7 91 1 65 8 13 33 24 66 11 52 17 84 72 60 41 57 81 10 23 18 
82 37 91 12 76 60 27 37 65 54 43 55 7 60 14 19 92 37 36 55 40 5 90 12 64 30 68 96 39 42 13 72 78 55 35 6 14 13 42 30 19 36 36 25 95 49 43 39 
37 30 93 77 34 34 40 97 63 59 44 54 53 56 25 82 10 60 87 76 24 28 57 42 16 93 66 10 41 60 100 78 90 44 6 23 77 45 72 40 3 67 45 55 75 69 37 84 
80 23 11 4 3 68 45 18 12 63 79 52 22 31 81 11 74 86 86 51 82 9 42 85 75 86 91 49 6 27 85 38 2 47 93 56 14 89 73 25 51 3 29 73 33 61 35 59 
99 20 61 80 28 54 64 55 39 7 3 96 85 39 85 86 86 77 41 51 66 65 28 16 20 8 40 4 68 75 62 66 46 22 98 74 75 61 80 65 19 34 13 4 73 97 89 10 
74 82 60 91 98 39 6 17 46 46 21 66 72 82 83 17 56 80 42 30 93 21 47 11 55 59 14 79 7 55 88 80 88 99 70 85 90 28 2 35 25 74 52 96 55 35 12 62 
66 54 44 58 26 90 21 32 100 34 10 6 40 49 38 27 100 59 12 89 38 65 75 62 38 27 9 44 13 73 6 78 78 49 36 3 90 8 87 89 41 48 46 33 97 35 59 48 
94 70 88 83 86 62 97 23 40 5 67 4 77 72 82 6 72 69 9 61 76 47 1 68 94 46 100 42 81 59 89 26 80 28 8 66 42 56 40 81 61 6 37 89 29 70 95 52 
90 55 12 65 1 64 84 94 10 36 36 42 46 76 19 77 4 78 42 45 34 34 77 94 91 13 34 72 82 28 23 71 34 87 87 34 50 23 80 11 58 67 4 3 42 22 79 97 
100 73 41 33 58 70 78 48 82 11 19 16 91 94 38 24 80 77 10 81 51 41 92 8 59 47 62 100 69 92 49 20 16 41 52 73 10 81 21 44 43 91 11 33 84 48 9 15 
76 70 96 26 62 39 85 20 85 98 71 5 90 19 24 57 60 27 82 69 7 54 64 50 44 74 34 80 74 42 94 49 63 41 27 24 31 11 95 68 9 66 72 50 84 96 58 95 
22 39 64 81 92 79 30 36 53 15 15 26 9 60 26 71 1 52 47 31 15 41 98 75 6 22 76 42 17 33 36 90 72 51 70 63 30 51 98 82 66 64 59 74 24 84 96 76 
88 94 58 54 35 8 28 92 29 3 33 97 35 21 38 6 71 60 69 52 62 18 85 27 34 95 52 9 79 100 36 18 93 93 71 79 52 50 23 32 52 55 80 38 27 18 44 50 
77 64 1 90 33 38 69 18 32 72 26 62 71 61 79 16 6 1 46 57 50 68 89 53 23 20 91 1 37 86 50 65 1 3 55 33 40 23 51 71 94 28 33 17 89 63 32 94 
64 77 2 65 97 42 18 71 62 8 71 50 93 21 15 45 23 21 29 62 43 31 84 88 59 16 4 99 79 87 92 94 16 45 58 12 87 75 82 100 34 52 49 78 24 15 22 98 
35 51 11 29 81 95 17 91 62 72 89 92 11 32 85 78 77 43 89 15 69 22 14 3 25 14 80 49 29 2 98 63 4 9 92 36 55 60 27 16 83 15 8 93 47 92 70 75 
86 10 89 55 31 54 9 8 67 88 56 95 41 5 10 96 65 53 32 19 64 58 87 46 24 94 91 22 37 12 96 75 22 36 81 4 89 89 11 8 28 18 2 69 23 63 64 87 
15 47 6 78 4 92 76 80 37 66 1 25 77 97 99 98 32 79 54 73 67 64 80 47 82 33 15 56 96 30 42 10 77 99 40 32 42 15 63 78 32 64 55 8 12 53 58 43 
84 11 15 2 26 46 48 7 79 14 62 74 44 56 35 72 54 26 55 96 92 18 25 23 81 31 83 92 84 40 86 19 2 53 20 27 98 68 86 76 33 47 1 76 54 36 99 8 
61 54 55 53 71 31 27 3 62 9 46 97 100 31 15 53 83 86 80 33 5 17 8 38 15 61 65 69 96 64 28 8 69 82 12 91 64 39 93 77 99 38 73 99 20 39 51 3 
77 82 87 81 98 46 18 65 6 35 33 1 98 60 61 66 93 72 56 56 62 100 33 61 89 57 11 8 48 13 62 24 47 48 4 96 94 74 60 99 8 92 52 57 3 12 22 95 
35 29 51 97 80 35 9 68 43 71 75 90 35 37 13 33 84 69 29 77 94 40 28 1 84 79 9 86 90 82 81 24 10 83 72 41 17 32 8 59 54 82 1 89 18 65 21 54 
33 1 82 78 41 9 30 76 87 38 61 28 19 93 4 80 75 75 20 43 59 27 54 12 61 54 52 78 18 73 83 3 25 65 32 17 73 62 92 12 99 5 39 18 97 42 49 24 
69 69 66 27 47 19 90 7 24 42 37 94 66 19 48 42 83 79 59 8 40 2 19 91 6 9 60 55 51 8 78 71 28 43 97 75 14 38 81 37 79 17 30 96 88 29 38 22 
8 48 29 99 49 99 89 7 8 100 61 58 8 38 80 35 32 28 9 97 65 42 34 96 10 15 91 97 44 28 19 3 75 47 53 76 98 42 82 5 41 94 14 100 83 93 87 14 
20 95 11 84 88 96 79 98 62 22 94 57 1 12 59 76 11 12 3 8 5 84 64 97 29 77 49 11 69 35 76 40 81 38 75 69 33 54 66 95 27 11 3 27 23 14 54 85 
25 56 44 81 91 7 29 19 83 29 29 3 63 5 94 44 42 68 64 27 73 81 73 99 91 75 26 65 88 31 1 64 87 44 96 77 2 77 48 84 5 76 38 68 32 31 63 26 
99 78 52 71 58 76 22 100 2 47 17 90 77 17 5 15 61 53 44 62 29 91 98 33 66 87 52 50 70 66 75 20 43 78 42 52 53 63 4 54 9 20 95 38 36 52 4 48 
4 47 62 32 37 11 16 55 97 68 4 18 85 30 37 28 7 79 31 11 41 34 16 2 53 63 91 41 14 94 88 17 41 49 100 29 59 15 83 8 34 38 25 19 19 62 98 77 
92 80 39 32 14 55 85 18 69 75 58 82 21 46 50 61 46 1 41 57 67 76 64 1 65 88 71 84 1 20 12 92 99 51 76 64 57 60 82 25 87 91 6 7 88 7 19 34 
7 11 90 73 86 53 25 51 92 47 86 45 66 97 88 17 99 15 80 55 27 13 79 13 4 36 71 43 94 41 76 100 51 17 25 89 21 1 91 13 48 76 9 65 24 48 81 23 
63 13 29 89 25 8 53 80 95 23 23 89 15 50 40 65 67 64 53 87 17 43 51 64 70 11 28 46 59 61 68 21 73 96 9 49 55 61 81 50 35 55 90 49 4 29 65 22 
45 70 9 61 64 11 24 34 74 3 79 32 15 98 52 87 45 12 88 100 24 68 1 58 22 90 58 77 18 22 99 62 91 59 74 7 21 97 40 94 52 70 25 66 67 28 5 63 
39 92 14 14 11 14 23 32 55 80 60 25 54 58 38 96 16 12 2 37 60 93 82 63 62 7 29 80 86 85 43 25 28 8 90 38 22 13 21 28 92 80 4 97 90 42 93 57 
5 46 93 64 39 27 27 100 33 7 80 18 43 74 94 70 81 84 59 54 48 79 34 91 10 37 88 99 30 32 56 34 77 100 98 15 26 76 15 10 34 46 80 76 71 25 97 3 
60 55 9 7 85 42 98 94 30 37 45 60 68 52 93 96 3 42 11 29 69 77 90 2 74 69 77 96 46 73 98 5 79 58 12 63 99 61 9 81 97 53 40 16 56 84 11 58 
78 73 38 46 1 28 48 74 48 76 21 93 1 19 98 31 28 61 94 79 21 2 59 69 6 50 84 61 33 46 18 10 71 56 8 71 35 55 97 82 82 17 75 34 87 24 65 15 
84 10 93 4 11 3 24 68 52 59 80 84 56 97 46 26 4 53 49 38 59 45 72 92 13 98 78 100 21 42 66 56 3 10 11 65 12 34 32 63 92 11 98 47 59 95 25 63 
99 73 52 9 69 23 53 81 72 30 32 44 23 49 99 25 58 9 89 69 94 72 83 37 34 33 36 92 79 60 6 78 84 58 38 52 32 90 84 56 19 16 99 41 16 98 17 74 
58 57 94 4 28 77 40 61 61 75 5 39 86 10 68 21 19 6 72 3 95 8 58 14 75 56 6 90 5 75 63 63 31 9 18 11 37 57 23 97 84 27 87 21 37 55 42 55 
1 0 0 1 1 1 0 1 1 0 1 1 0 1 1 0 1 0 0 1 1 1 1 0 1 0 0 1 0 1 0 1 0 0 0 1 0 1 1 1 1 0 0 1 1 0 1 1 
0 0 0 1 1 0 1 0 0 0 0 0 1 0 1 1 0 1 1 0 0 0 1 1 0 0 0 1 0 0 0 0 0 1 0 1 1 1 1 1 1 1 1 1 1 0 0 0 
1 1 0 0 1 0 1 1 0 0 1 0 0 1 0 0 0 0 1 1 0 0 0 1 0 1 0 1 1 1 1 1 0 0 1 0 0 0 1 0 0 0 0 0 0 0 0 0 
1 1 0 1 0 0 0 0 0 1 1 1 0 1 0 0 1 1 0 1 0 0 1 0 0 1 1 0 1 1 1 0 1 1 1 1 1 0 1 1 1 0 1 1 1 1 1 0 
1 0 1 1 0 0 1 0 1 0 1 1 0 0 1 1 1 1 0 0 1 1 0 0 1 1 1 1 0 0 1 1 0 1 0 0 1 0 1 1 0 0 0 0 0 1 1 1 
0 1 1 1 0 1 1 0 0 0 1 1 1 0 0 1 1 1 0 1 1 1 0 1 1 0 0 1 1 1 0 0 1 1 1 1 1 1 1 1 1 0 0 0 1 1 0 0 
0 0 1 1 1 1 0 0 1 0 1 1 0 1 1 1 0 0 0 1 1 0 1 1 0 1 1 1 0 1 0 0 1 1 1 0 1 0 0 0 0 1 1 0 0 0 1 1 
1 0 0 0 0 1 1 0 1 1 0 1 0 0 0 0 1 1 0 0 1 1 1 0 0 0 0 1 1 0 0 0 0 0 0 0 0 0 0 1 1 0 0 1 0 0 1 0 
0 0 0 1 1 1 1 1 0 0 0 1 0 0 1 0 1 1 0 1 1 0 0 0 1 0 0 1 1 1 1 1 1 0 0 0 1 0 0 1 0 0 0 0 1 1 0 0 
1 0 1 0 0 1 1 1 1 1 1 0 0 0 1 0 0 0 0 0 0 0 1 0 1 0 0 0 1 0 0 0 0 1 1 0 0 0 0 1 1 1 0 1 1 1 1 0 
1 0 0 1 0 1 1 1 1 1 1 1 1 1 1 1 0 0 0 0 0 0 0 1 1 0 1 0 1 0 0 1 0 0 0 1 0 0 0 1 1 0 0 1 1 0 0 0 
0 0 0 1 0 0 0 1 0 1 0 0 0 0 1 0 1 1 1 1 1 0 0 1 0 1 0 1 1 0 1 1 1 0 0 1 0 1 1 1 0 1 1 0 1 0 1 0 
1 0 1 1 0 0 0 0 1 0 0 0 0 1 1 1 1 0 1 0 1 0 1 1 1 0 0 0 0 1 1 1 1 0 0 0 0 0 0 1 0 0 1 1 0 1 0 1 
1 1 1 0 1 0 1 0 0 1 1 0 0 0 0 0 0 0 0 1 1 0 0 1 1 0 0 1 1 1 0 0 0 0 0 0 0 1 0 1 1 1 1 1 1 1 1 0 
0 1 1 1 0 1 0 1 1 1 0 0 0 0 0 0 0 0 0 1 0 1 0 1 0 1 0 0 1 0 0 1 1 1 0 1 0 0 0 0 1 0 0 1 1 1 0 1 
1 0 0 1 1 0 0 0 0 1 0 1 1 0 0 0 1 0 0 1 0 0 1 0 1 0 1 0 1 1 1 0 0 0 0 1 0 0 1 0 1 1 1 0 1 1 1 0 
1 1 0 0 1 1 0 0 1 1 0 0 1 0 1 1 0 1 0 0 1 0 1 1 1 0 1 1 0 0 1 1 1 1 1 1 1 1 1 0 1 0 1 0 0 0 1 0 
1 1 0 0 1 1 1 1 0 1 0 0 1 1 1 1 1 1 0 0 0 1 0 1 1 1 1 1 1 0 1 0 0 0 1 1 1 0 0 1 1 0 1 1 0 1 0 1 
0 0 1 0 1 1 0 1 1 1 0 0 0 0 1 0 0 0 1 1 0 0 1 0 0 0 1 0 1 1 1 1 1 0 0 0 0 0 1 1 1 0 1 1 0 0 1 0 
0 1 1 1 1 0 1 1 1 0 0 0 1 1 0 0 0 0 0 0 0 0 1 1 0 0 1 0 1 0 0 1 1 1 0 0 0 1 0 1 1 0 1 0 1 1 0 1 
1 1 1 1 1 0 1 1 1 0 1 0 0 1 1 0 0 0 0 0 1 0 1 1 0 1 1 0 0 0 1 0 1 1 1 0 1 0 1 0 0 0 0 1 1 0 1 1 
0 1 0 1 0 1 0 0 0 0 0 1 0 0 1 1 1 0 1 0 1 0 1 1 0 1 0 1 1 1 0 1 1 0 1 1 0 1 1 0 1 0 1 1 0 0 0 1 
1 1 1 0 1 0 1 1 0 0 0 1 1 1 1 0 1 0 1 1 1 1 0 1 1 1 0 1 0 1 0 1 0 1 1 0 0 0 1 0 0 0 1 0 1 0 0 0 
0 0 0 0 1 0 1 0 1 1 1 1 0 1 0 1 0 1 1 0 0 0 0 0 0 0 0 1 0 1 0 1 1 0 1 0 0 0 0 1 1 1 1 0 0 1 1 0 
1 0 1 1 0 1 1 1 1 0 0 0 1 0 1 0 0 0 0 0 0 0 0 1 1 1 1 1 0 0 1 1 0 0 0 1 0 0 0 1 0 0 1 1 1 0 1 1 
0 1 0 0 1 0 0 0 1 1 1 1 0 0 1 0 1 1 1 1 1 1 0 1 0 0 0 1 0 1 0 1 0 0 1 1 0 1 1 1 1 0 1 1 1 0 1 0 
1 1 1 1 0 1 0 0 1 1 1 0 0 0 1 1 0 0 0 1 0 0 0 1 0 1 0 1 1 1 1 1 0 0 0 1 0 0 1 1 1 1 1 0 1 0 1 1 
1 1 0 1 1 1 0 0 0 0 1 0 1 1 1 0 1 1 1 1 1 0 1 1 1 0 1 0 1 0 0 0 1 0 1 1 1 1 1 0 1 0 0 0 1 1 0 1 
0 1 0 1 0 1 0 1 0 1 0 1 1 0 1 1 0 0 0 0 1 1 0 0 1 0 0 1 1 1 0 1 0 0 0 0 0 1 0 0 0 0 1 0 0 0 1 0 
0 1 0 1 0 0 1 1 0 1 0 1 0 0 0 1 1 1 1 1 0 1 1 0 1 0 0 1 0 1 0 0 0 0 1 0 1 0 0 1 1 0 1 0 1 1 1 0 
0 0 1 0 0 0 1 1 0 1 1 0 1 1 0 1 1 1 0 0 1 0 0 0 0 1 0 1 0 1 1 1 0 0 1 0 0 0 1 0 0 0 0 1 1 0 0 1 
1 0 1 0 0 1 1 1 0 1 0 1 1 0 0 1 0 1 1 1 0 0 1 0 1 0 1 0 0 1 1 0 0 1 0 0 0 1 1 1 1 0 0 0 0 0 1 0 
1 0 1 1 0 1 1 1 1 0 0 1 0 1 1 0 0 0 0 1 1 0 0 0 0 0 0 0 0 1 0 1 1 0 1 0 1 0 1 0 1 1 1 1 1 1 1 1 
1 1 0 0 1 0 1 1 0 1 1 0 1 0 0 0 0 1 0 1 1 0 1 0 1 0 1 0 1 0 0 0 0 0 1 1 1 0 1 1 1 0 0 0 0 0 1 0 
1 1 1 0 1 0 1 1 1 0 1 0 1 1 1 1 0 0 0 1 0 1 0 1 0 0 0 0 0 1 1 1 0 0 0 0 1 1 1 0 1 0 0 0 0 1 1 0 
1 0 1 1 1 1 1 1 0 1 0 0 0 1 0 0 1 0 0 0 1 1 0 0 0 1 1 0 0 0 0 0 0 1 1 0 0 0 1 0 1 1 1 1 0 1 0 0 
1 0 0 0 0 1 0 0 0 1 0 0 0 0 0 0 1 0 0 1 0 0 0 0 1 1 1 0 0 1 0 1 0 0 1 0 1 1 0 1 1 0 0 1 0 0 1 1 
0 0 0 1 0 0 1 1 1 0 1 1 0 1 0 0 0 1 0 1 1 0 1 0 0 1 1 0 1 0 1 0 0 1 1 0 0 0 0 1 0 1 1 0 1 1 0 1 
1 0 0 0 0 1 0 0 0 1 0 0 1 1 0 0 1 1 0 1 1 0 0 1 0 1 0 1 1 0 0 0 1 0 0 1 0 0 0 0 1 0 0 0 0 0 0 1 
1 1 0 0 1 0 0 1 0 0 0 1 0 0 1 1 1 1 1 1 1 1 1 0 1 0 0 1 0 1 0 0 0 0 0 1 1 0 1 1 0 1 0 1 0 1 0 1 
0 1 0 1 0 1 1 0 1 1 1 0 0 0 0 0 0 0 0 1 1 1 0 1 0 0 0 0 1 1 1 1 0 1 0 1 1 1 1 0 1 0 0 1 0 0 0 1 
