69 45 1925
20 1 82 39 7 52 35 9 63 26 87 43 99 89 16 82 28 25 87 21 38 89 67 45 92 77 14 4 20 1 40 91 1 73 30 59 24 64 67 86 41 5 81 92 45 
48 73 24 72 11 44 9 99 63 5 43 91 18 98 11 18 37 1 71 9 82 29 85 98 48 22 90 4 54 81 49 1 5 72 72 68 68 33 66 30 37 60 20 7 57 
82 76 45 35 46 6 16 75 90 13 74 63 55 77 17 35 25 17 92 49 41 59 16 73 76 45 61 36 16 19 44 98 95 41 32 40 46 99 66 87 64 39 49 18 68 
17 4 92 34 95 40 74 5 55 98 81 51 10 68 67 29 11 16 23 51 99 14 48 97 80 34 60 70 35 77 37 51 81 81 36 27 72 61 32 79 58 12 81 68 79 
47 48 41 14 70 92 12 83 91 9 14 77 68 36 11 97 24 13 77 4 49 55 28 61 86 58 19 97 38 38 27 85 85 68 98 6 11 62 40 1 70 6 77 89 41 
39 85 64 4 13 20 4 68 99 64 5 56 34 54 93 71 80 29 7 99 79 64 61 40 4 14 61 9 42 49 1 81 86 16 36 50 35 39 69 85 2 74 40 36 27 
33 58 58 13 65 9 91 80 69 30 83 82 90 43 76 91 95 56 76 11 91 77 97 81 46 82 82 71 21 69 49 5 27 6 18 43 66 60 22 87 90 57 68 31 99 
43 21 94 50 48 56 92 25 52 24 22 33 6 92 6 74 40 10 100 97 79 42 63 39 16 49 80 72 68 10 22 63 83 67 64 30 22 56 6 74 31 27 6 36 18 
11 62 57 73 13 54 3 7 68 41 22 16 20 93 83 82 66 45 64 33 61 45 54 68 51 27 98 29 33 34 47 95 47 55 19 59 60 22 65 27 14 86 42 86 30 
77 67 96 73 82 80 33 26 33 100 28 60 98 57 44 83 55 90 29 9 9 87 69 82 52 95 95 89 89 80 71 65 98 18 89 79 97 22 57 29 21 84 40 18 92 
35 100 46 25 80 55 85 67 75 18 70 21 12 58 9 44 80 25 41 97 14 72 45 87 28 26 7 63 65 77 55 52 28 52 28 8 58 64 26 32 81 95 53 44 52 
13 87 84 90 80 80 55 3 77 41 82 2 99 96 18 75 50 69 55 54 96 62 11 59 87 43 91 81 47 35 84 11 73 19 52 52 99 6 6 27 46 87 28 97 83 
45 71 84 14 25 37 61 38 48 20 76 42 62 8 40 96 44 2 69 62 54 72 12 11 78 38 9 64 65 5 98 10 75 82 75 52 70 35 41 69 6 17 10 68 24 
1 15 67 3 83 29 8 55 40 18 84 30 26 99 94 30 97 55 57 78 29 60 47 16 100 16 21 16 77 40 92 30 55 58 84 37 38 91 43 30 60 78 59 38 77 
52 67 73 7 75 2 87 86 48 2 86 15 75 53 44 14 44 73 68 2 56 57 91 98 51 20 57 29 78 94 5 30 13 77 88 39 78 26 25 77 28 10 44 2 62 
87 67 58 11 35 59 66 43 49 15 93 21 23 73 98 17 77 79 81 5 18 19 34 44 95 63 23 56 6 76 70 44 42 27 54 28 37 71 70 37 85 15 57 7 87 
55 75 16 33 55 72 3 26 6 46 20 68 68 28 25 95 97 68 36 23 21 16 59 91 85 95 27 51 52 33 90 58 60 5 42 66 76 44 91 33 89 63 52 8 90 
76 2 86 43 90 8 15 5 18 57 41 12 83 44 15 68 33 24 27 89 66 92 16 9 35 49 50 97 100 9 38 28 63 23 22 52 82 37 8 51 45 100 14 28 43 
29 95 75 52 73 63 17 64 79 78 98 79 27 46 30 87 83 57 49 57 31 52 90 19 59 40 63 11 54 90 53 34 36 28 85 8 42 54 24 20 83 73 98 61 19 
28 47 53 36 48 10 66 99 99 84 10 39 99 20 44 88 72 77 76 51 13 35 93 18 58 64 100 31 62 12 49 41 59 1 76 58 62 94 56 61 29 17 51 27 88 
46 67 60 22 94 62 34 28 54 4 86 18 3 16 31 67 16 23 25 68 50 82 30 43 89 42 24 6 44 2 45 89 20 4 62 13 18 47 41 23 50 78 92 5 45 
22 71 12 44 47 79 94 80 60 88 20 53 63 77 48 65 22 88 84 77 49 97 94 48 89 17 97 66 60 53 62 82 75 73 77 73 51 22 4 63 62 24 15 24 100 
15 88 21 2 24 50 51 72 43 98 60 11 46 77 71 51 38 4 77 10 32 50 12 54 53 74 67 28 41 90 80 55 30 52 56 5 1 58 76 96 7 35 6 5 11 
28 7 48 31 83 9 15 84 20 20 89 46 86 16 86 27 95 92 8 47 99 12 47 57 87 42 15 21 100 19 83 27 77 82 10 60 90 24 43 62 95 31 7 80 99 
92 58 93 83 66 91 81 77 90 89 16 83 56 88 82 74 71 61 3 4 22 62 46 97 56 7 91 39 13 70 37 4 27 81 38 44 72 70 73 13 11 88 95 66 75 
29 91 97 89 93 1 10 6 46 58 62 52 48 100 64 69 88 19 47 68 8 91 91 29 63 3 39 50 50 56 76 78 99 73 66 91 25 27 97 70 84 10 73 83 61 
88 51 48 6 97 67 65 39 58 93 53 12 84 54 61 91 30 38 89 54 55 32 78 81 80 47 16 89 71 98 1 58 100 48 15 49 14 79 87 23 23 40 35 58 45 
47 49 74 37 89 27 91 20 56 24 99 2 39 39 24 89 39 81 40 86 95 88 52 25 75 26 100 66 12 57 62 59 57 36 95 46 14 37 17 70 60 16 23 51 54 
47 91 93 79 30 30 26 18 33 50 44 59 1 61 70 10 22 80 66 9 26 63 23 63 80 44 74 95 66 24 100 64 14 44 43 96 26 20 13 58 21 8 68 22 68 
90 31 41 69 48 50 47 11 24 9 90 67 82 36 84 58 35 48 23 31 42 18 56 61 82 65 81 41 33 2 60 74 84 1 42 32 2 40 42 25 48 31 43 82 18 
26 91 4 73 13 34 14 83 41 26 16 6 7 57 90 60 16 63 44 68 56 75 69 96 16 45 43 98 87 76 67 13 66 70 37 31 4 3 13 44 28 28 49 86 36 
90 46 4 52 41 71 8 15 92 3 82 36 97 31 75 25 97 39 90 66 75 20 69 77 84 65 57 64 65 42 99 55 39 2 6 79 25 65 45 16 19 26 3 16 56 
77 40 52 15 81 70 42 53 38 18 88 54 26 51 19 20 2 73 10 3 30 89 79 47 33 94 65 11 49 32 18 25 71 22 92 4 91 33 56 80 2 43 34 28 46 
52 99 47 76 8 1 57 48 80 3 81 25 20 43 73 51 60 98 74 81 41 77 71 73 84 51 74 78 36 1 23 39 99 69 14 59 22 22 6 53 77 38 77 96 80 
2 46 92 99 19 72 91 47 95 63 30 97 36 8 84 89 82 22 39 3 87 97 24 8 3 76 36 40 4 31 72 5 29 63 55 99 86 45 46 80 7 75 28 43 34 
11 83 16 32 21 18 18 18 93 78 20 68 13 11 23 96 82 28 24 44 82 74 30 27 19 61 85 46 41 79 31 51 61 46 35 82 15 4 51 7 81 22 26 46 32 
49 41 14 76 16 9 9 89 90 87 8 51 72 5 91 2 35 93 63 33 27 96 47 31 46 6 63 67 31 8 50 79 48 15 6 63 24 67 52 13 53 11 15 76 15 
57 78 1 50 40 33 28 87 80 58 84 85 73 50 67 80 51 98 28 66 3 42 41 69 45 5 74 7 72 49 73 28 26 74 29 17 6 57 55 37 66 38 73 38 39 
40 70 90 37 49 55 91 90 47 12 87 51 85 93 22 33 66 2 11 91 30 79 48 38 34 85 4 23 9 93 62 48 62 51 36 10 57 27 52 55 38 38 5 74 82 
79 58 99 80 20 89 61 99 89 99 84 25 2 6 33 46 19 33 8 69 68 69 77 46 20 31 35 9 88 8 91 66 66 89 97 37 30 57 35 18 55 70 42 8 28 
74 54 46 58 13 67 26 81 95 71 53 78 6 61 65 65 51 82 82 92 78 19 21 86 5 90 41 75 83 100 54 8 5 51 66 17 69 91 50 64 13 2 41 70 62 
57 35 65 38 16 56 15 34 28 52 39 17 92 65 99 44 70 6 48 20 71 65 89 13 14 4 26 67 44 95 28 52 81 92 89 97 47 55 82 26 6 72 42 50 88 
92 93 57 98 40 29 20 56 69 85 21 72 10 87 67 56 15 18 37 58 58 33 57 12 66 82 17 38 76 66 25 67 58 82 16 50 62 36 5 30 20 26 53 81 12 
19 36 78 88 24 88 45 8 96 56 74 77 24 11 4 90 87 71 99 20 86 100 81 73 5 10 44 30 62 24 93 32 12 23 71 87 10 15 95 5 22 20 33 46 82 
37 87 68 59 37 88 96 37 68 69 93 30 12 74 91 88 66 75 51 40 45 37 49 12 83 5 33 2 90 30 35 78 68 3 36 5 42 83 93 61 51 85 90 15 58 
33 54 75 7 4 15 3 92 15 14 75 72 99 28 13 28 63 42 96 17 29 52 58 11 96 18 62 80 60 28 89 92 81 15 50 84 81 52 75 48 18 1 71 16 29 
83 95 43 24 42 59 52 45 68 62 40 85 75 71 96 2 59 87 82 26 36 17 6 40 44 53 9 44 23 24 24 57 70 66 32 12 76 83 56 43 97 96 80 23 66 
75 25 77 62 58 2 49 75 59 40 18 64 48 13 86 23 37 95 93 2 26 56 78 61 11 72 57 58 51 79 76 26 55 4 39 65 57 39 91 15 79 60 78 78 72 
16 1 8 10 45 62 87 100 91 47 62 62 55 72 13 86 47 90 40 2 28 56 58 66 46 24 96 57 2 74 29 69 26 88 30 70 1 16 21 91 15 82 5 69 5 
69 54 51 58 94 4 37 1 61 54 99 37 50 55 38 75 83 58 100 23 87 21 23 54 41 66 68 74 22 37 79 90 90 81 99 35 85 35 88 97 40 86 33 89 40 
22 63 23 31 14 97 69 34 19 23 26 36 42 52 57 30 30 98 72 62 96 6 98 82 45 47 22 30 31 62 70 53 25 44 35 38 40 4 24 10 78 49 46 19 52 
2 49 81 100 20 95 47 77 92 81 22 90 2 3 21 63 72 25 39 67 59 29 6 62 52 68 39 52 13 10 4 66 58 36 17 29 82 64 57 26 44 30 15 97 33 
35 11 56 11 50 75 70 30 80 83 81 99 74 84 11 83 39 77 92 27 93 72 8 8 28 33 51 58 100 99 42 86 10 49 97 59 23 66 40 55 100 20 53 73 55 
16 55 46 92 98 72 36 69 79 96 97 64 98 6 63 97 99 48 6 47 44 16 22 61 55 76 13 26 28 85 32 43 92 77 86 89 48 74 58 79 69 6 42 18 63 
56 14 61 3 71 59 99 86 80 11 92 7 23 69 35 60 1 29 51 77 67 91 77 92 100 55 12 5 48 29 19 3 43 31 57 13 90 7 51 21 70 42 28 44 11 
14 3 11 42 5 39 60 96 15 51 47 69 62 52 68 91 22 70 85 53 27 97 94 85 47 14 54 41 93 98 51 6 52 13 100 57 51 59 4 18 62 50 38 75 53 
6 65 75 75 49 79 53 98 72 38 44 37 43 36 30 40 86 35 92 50 86 100 53 97 3 70 58 4 7 32 57 64 49 83 39 49 61 43 46 84 32 42 20 75 77 
49 66 15 36 57 16 73 8 68 69 62 89 78 66 48 10 74 11 10 56 1 58 68 44 56 51 75 49 70 49 77 71 15 43 58 23 59 30 83 78 99 44 67 76 9 
14 37 34 76 46 41 77 56 8 20 63 58 94 11 80 95 87 2 61 82 59 35 40 88 17 17 86 61 35 14 21 100 50 55 76 48 47 52 55 55 23 69 64 68 79 
95 62 17 96 22 98 54 9 89 94 25 6 31 37 92 44 58 92 46 64 67 45 10 18 99 16 92 67 80 59 97 74 21 65 22 94 15 27 2 55 20 79 60 51 15 
52 46 72 95 91 87 61 35 49 30 85 64 21 3 95 79 51 21 51 68 42 97 82 68 98 36 40 28 48 42 43 51 87 66 45 30 53 57 16 53 86 53 16 6 55 
11 36 6 83 87 25 24 83 6 43 32 93 82 60 92 75 54 94 62 19 90 43 23 46 58 75 31 10 43 88 17 5 24 74 87 10 98 62 44 55 4 27 47 38 86 
91 12 91 84 25 10 74 67 84 71 77 59 2 86 53 89 54 57 64 27 95 25 24 56 68 78 59 95 77 48 32 19 60 75 54 36 84 27 3 19 98 79 77 51 16 
81 91 70 37 55 48 31 31 24 86 99 1 97 45 29 96 28 99 55 54 53 43 37 79 45 8 28 75 36 30 42 17 21 63 53 27 11 36 57 34 73 7 86 21 3 
67 17 83 65 23 36 17 65 25 48 61 32 27 87 67 9 29 83 81 43 88 7 5 75 15 38 47 74 76 20 76 94 36 58 58 58 46 27 75 70 26 35 1 52 22 
19 60 2 2 92 96 41 98 1 15 65 90 13 38 65 32 13 58 19 23 68 77 20 94 3 89 71 37 41 74 10 59 86 63 12 77 59 4 75 11 18 39 100 83 28 
65 14 92 74 33 14 41 61 33 86 63 73 8 51 65 82 13 76 67 75 87 43 85 43 69 95 60 59 95 94 86 11 8 78 84 92 43 77 52 28 14 66 100 22 68 
65 3 80 40 21 7 78 63 43 20 32 90 32 90 84 25 28 46 84 5 81 75 99 57 78 26 23 95 78 96 63 42 50 94 33 70 100 62 32 43 34 15 32 65 5 
67 41 84 12 77 88 44 51 86 53 81 64 75 27 41 70 89 34 19 83 18 88 34 79 71 28 12 86 59 28 42 77 21 25 40 97 64 84 99 1 36 31 64 62 58 
1 0 1 0 0 1 1 1 1 0 1 0 1 0 1 1 1 1 1 1 1 1 0 0 1 1 1 0 0 0 1 0 0 0 0 0 0 0 1 1 0 0 1 1 1 
0 0 0 0 1 0 1 0 0 1 0 1 0 0 0 0 1 0 0 1 0 0 1 0 1 0 0 1 0 0 0 0 0 1 0 0 1 1 0 1 0 0 1 0 0 
1 0 1 1 0 1 1 0 0 0 1 1 0 1 1 0 1 1 1 0 0 1 1 1 1 1 0 0 0 0 0 1 1 0 0 1 1 1 0 1 1 1 0 0 0 
1 0 0 1 1 0 1 0 0 0 0 1 0 0 1 1 0 0 0 0 0 1 1 1 1 1 1 1 1 1 1 1 1 1 0 1 0 1 1 0 1 1 1 0 1 
0 1 0 0 1 0 0 0 0 1 0 1 0 1 0 1 0 1 1 0 1 0 0 0 1 0 0 1 1 0 0 1 1 0 1 0 1 1 0 1 0 0 0 1 1 
0 0 0 0 1 0 1 1 0 0 1 0 0 0 1 0 0 0 1 1 1 1 0 0 1 1 0 0 1 1 1 1 0 1 1 1 1 1 1 1 1 0 1 1 0 
0 1 0 0 0 1 1 1 1 1 0 0 0 0 1 1 0 1 1 1 0 1 1 1 0 0 0 0 0 1 0 0 0 0 1 0 0 0 1 1 0 0 0 0 0 
1 1 0 0 1 0 1 0 1 0 0 1 1 0 1 0 0 0 1 0 1 1 0 1 1 0 1 1 0 1 1 1 1 0 0 0 0 1 0 1 1 0 0 0 0 
0 1 0 0 0 0 1 1 1 0 0 1 0 1 1 1 1 0 0 1 0 0 1 1 0 0 1 0 0 1 0 0 0 0 0 0 1 1 0 0 0 0 1 0 0 
0 1 1 0 0 0 1 0 1 0 1 1 1 1 1 1 0 0 1 0 0 0 1 0 0 1 0 0 0 0 0 0 1 1 1 1 1 0 0 0 0 1 1 0 0 
1 1 0 1 0 1 1 0 0 1 0 0 1 1 0 1 1 1 1 1 0 0 0 0 0 1 0 1 0 0 0 1 1 0 0 0 1 0 0 0 1 1 0 1 0 
0 0 1 1 1 0 1 0 1 1 0 0 0 0 0 0 0 0 0 0 0 0 0 0 0 0 0 1 0 1 1 0 1 1 0 1 1 1 1 0 1 1 0 1 1 
1 1 1 1 1 0 1 1 0 0 0 0 0 1 0 1 1 0 0 0 0 1 1 0 0 0 1 0 0 0 1 1 1 1 0 1 1 0 0 1 0 0 1 0 0 
1 1 1 1 1 1 0 1 0 0 1 0 1 1 1 1 1 0 0 0 1 1 1 1 0 0 1 0 1 1 0 0 0 1 1 1 0 1 0 1 1 0 1 0 1 
0 1 0 1 0 0 0 1 1 1 1 1 0 0 0 1 0 0 1 0 0 0 0 1 1 1 1 1 1 1 0 1 1 1 0 1 1 0 0 1 1 0 0 1 0 
1 0 0 1 1 0 1 0 1 1 1 0 0 0 1 1 0 1 0 1 1 1 1 0 0 0 1 0 0 1 0 1 1 0 1 1 1 0 1 0 1 0 0 1 0 
0 1 0 1 1 0 0 1 1 0 1 1 0 1 1 1 1 1 0 1 0 1 0 0 0 0 0 0 1 1 0 1 0 1 0 0 1 0 1 0 1 0 1 1 1 
0 0 0 1 0 1 1 0 0 0 0 0 0 1 1 1 1 0 0 0 0 0 1 1 1 1 0 1 0 1 0 1 1 0 0 1 1 0 1 1 0 0 0 0 1 
1 1 0 0 1 1 0 1 0 1 0 0 1 1 0 0 1 1 1 1 0 1 1 0 0 0 0 0 0 0 1 0 1 0 0 1 1 0 0 1 0 1 1 1 0 
0 0 0 1 1 1 1 0 0 1 1 1 1 1 1 1 1 1 1 1 1 0 0 0 0 1 0 1 1 1 0 1 1 0 0 1 1 0 1 0 1 0 1 1 0 
0 0 1 0 1 0 1 1 0 1 0 1 1 1 0 1 1 1 0 1 0 1 1 0 1 1 1 1 0 0 1 0 1 0 0 0 0 0 0 0 1 0 0 1 1 
0 0 1 0 0 0 0 0 1 0 1 0 1 0 0 0 0 1 1 0 1 1 1 1 1 1 1 1 1 0 1 0 0 0 0 0 0 0 0 0 0 1 0 1 0 
1 1 0 0 0 0 1 0 1 1 1 1 0 1 0 0 0 0 0 0 0 0 0 0 1 0 0 0 1 0 0 0 1 0 0 0 1 1 0 0 0 1 1 0 0 
0 0 0 0 0 0 1 1 1 1 0 1 0 0 0 0 1 0 1 1 0 1 0 0 1 1 0 1 0 1 1 0 1 0 1 0 0 0 1 1 1 1 1 1 1 
1 1 0 0 1 0 0 0 0 0 0 1 1 1 0 0 0 0 1 0 1 1 1 1 0 0 1 1 1 0 1 1 0 1 1 1 1 1 1 0 0 1 1 1 0 
1 1 1 0 0 1 1 0 0 1 0 1 0 0 0 0 1 1 0 0 0 1 0 0 1 0 0 0 1 1 1 1 0 0 1 0 1 0 0 0 1 1 1 1 1 
1 0 0 1 0 0 1 0 0 1 1 0 1 1 0 0 0 1 0 0 0 1 0 0 1 0 0 0 1 1 1 0 1 1 1 0 0 1 0 0 0 1 1 0 0 
1 0 1 0 1 1 0 0 1 0 1 1 0 0 0 0 1 1 1 1 0 1 1 1 1 1 0 0 0 0 1 1 0 0 1 1 1 1 1 1 0 1 0 0 1 
1 0 0 0 0 1 0 1 0 0 1 0 0 1 0 0 0 0 0 0 1 0 0 1 1 1 1 0 1 1 1 0 0 0 0 0 1 1 1 0 1 0 0 1 0 
0 1 0 0 1 1 0 1 1 1 1 0 0 1 1 1 1 0 1 1 0 1 0 1 1 0 0 1 0 1 1 1 0 0 1 0 1 1 1 0 0 0 0 0 0 
1 0 1 1 1 0 0 1 0 1 0 1 0 1 1 1 1 0 0 1 0 0 0 1 1 0 0 0 0 0 0 1 0 1 1 0 1 1 1 1 0 1 0 0 0 
0 0 1 0 0 0 0 0 0 0 1 0 0 1 0 0 1 0 1 0 1 1 1 0 0 1 0 1 1 1 1 1 1 1 0 1 1 0 1 0 0 0 0 0 0 
1 1 1 1 0 0 0 1 1 0 1 0 0 0 0 1 1 1 0 0 1 1 0 0 0 0 0 1 0 1 1 1 0 0 0 0 0 0 1 0 0 0 0 1 0 
0 0 1 0 1 0 1 0 0 1 1 0 0 0 0 1 1 0 1 1 0 1 0 1 0 0 1 0 0 0 0 1 1 1 1 0 1 0 0 1 0 1 1 0 1 
0 1 0 0 0 0 0 1 0 1 1 0 1 1 0 1 1 1 0 0 0 0 0 1 1 1 1 0 1 1 0 1 0 0 1 0 0 1 1 0 1 0 0 0 1 
1 1 0 0 0 0 1 0 0 0 1 0 1 0 1 0 0 0 0 0 1 0 1 0 1 1 1 1 0 1 0 1 1 0 1 1 0 0 1 1 0 1 1 1 1 
0 1 1 0 1 1 1 1 0 1 0 0 1 1 0 0 1 1 1 1 0 0 0 1 0 1 1 1 0 1 0 0 0 1 0 0 0 1 1 1 0 0 1 1 1 
1 0 1 0 1 0 0 0 0 1 0 1 1 1 1 0 1 1 0 0 1 0 0 0 0 1 1 0 0 0 1 1 0 0 1 0 1 0 0 1 1 0 1 0 1 
0 0 0 0 1 0 1 1 0 0 1 0 1 1 0 1 1 0 0 1 1 0 0 1 0 0 1 0 1 1 1 1 0 1 1 1 1 1 0 1 1 0 1 0 1 
0 1 0 0 1 0 1 1 0 1 1 0 0 1 1 1 0 1 1 1 0 0 0 1 1 0 0 1 1 0 0 1 0 1 1 1 1 1 1 1 0 0 0 0 0 
1 1 0 0 1 0 1 1 0 0 0 0 1 1 0 1 0 1 1 1 1 1 0 0 0 1 0 0 1 0 0 1 1 1 1 0 1 0 0 1 1 0 0 0 0 
0 1 0 1 1 1 0 0 1 0 0 0 0 0 0 0 1 1 0 0 0 0 1 1 0 0 0 1 0 0 1 0 1 1 0 0 0 0 0 1 1 0 1 1 1 
1 0 0 0 0 0 1 0 1 0 1 1 0 0 0 0 1 0 1 0 0 0 0 1 0 1 0 1 0 1 0 0 1 0 0 1 0 1 0 1 1 1 0 1 1 
0 1 0 1 1 0 1 1 0 0 1 1 0 0 1 0 0 1 1 0 0 1 0 1 1 1 1 0 0 0 1 0 0 1 1 1 1 1 0 1 1 1 0 0 0 
1 0 0 1 1 1 1 0 1 0 1 1 1 1 1 0 0 1 0 1 1 1 0 0 1 1 1 0 1 1 0 1 1 1 0 1 0 1 1 1 1 1 0 1 0 
1 1 1 1 1 0 0 0 1 0 1 0 1 1 0 1 0 1 0 1 1 1 1 0 1 0 1 0 1 0 0 0 1 1 1 0 0 1 0 1 1 1 1 1 1 
1 0 1 0 0 0 1 0 1 1 1 1 1 1 0 1 1 1 1 1 0 1 1 0 0 0 1 1 1 0 0 1 0 1 1 1 1 1 1 0 0 0 0 1 1 
0 1 0 1 0 1 0 1 0 0 1 0 1 1 0 0 1 1 0 1 0 1 0 1 0 1 0 0 1 1 1 1 0 0 1 0 1 1 0 0 1 1 0 0 0 
0 0 0 1 1 1 0 0 1 1 1 0 1 1 1 1 1 1 1 1 0 0 0 1 0 0 0 1 1 0 0 1 1 0 1 0 1 1 0 0 0 1 1 0 1 
0 1 0 1 0 1 1 0 1 0 0 0 0 0 1 1 0 0 0 0 1 0 1 0 0 1 1 0 0 1 1 1 0 1 0 0 0 0 1 1 0 1 1 1 1 
0 0 1 1 0 1 0 0 0 1 0 0 0 0 0 1 1 1 1 0 0 1 0 0 0 0 0 0 1 1 1 0 1 1 1 1 0 1 1 1 0 0 1 0 0 
1 1 0 1 0 0 1 0 1 1 0 1 1 0 0 1 0 0 0 1 1 0 1 1 1 0 1 1 1 0 0 1 1 0 0 0 0 1 0 1 0 0 0 1 1 
1 0 1 1 1 0 1 1 1 0 0 0 1 0 1 1 0 0 1 0 0 1 0 1 1 0 1 1 0 1 0 1 1 1 1 0 1 0 1 1 0 0 1 1 0 
0 1 0 1 0 0 1 1 0 1 0 0 0 1 1 1 0 0 1 1 1 1 1 1 1 0 1 1 1 1 1 1 0 1 0 0 1 0 1 1 1 1 0 1 0 
1 1 0 1 0 0 1 1 1 0 0 1 0 1 0 1 0 1 1 1 0 1 0 0 0 0 1 1 0 0 1 1 1 0 0 1 0 1 1 1 0 1 0 0 1 
0 1 1 1 0 1 1 1 1 1 1 1 0 0 1 1 1 0 0 1 1 0 1 0 1 0 0 0 0 0 1 0 1 1 0 1 0 1 0 1 1 1 1 1 1 
0 0 1 1 1 0 0 1 0 0 0 0 1 0 1 1 0 1 1 1 1 0 1 1 1 0 0 0 1 1 0 0 0 1 1 1 1 1 0 1 1 0 0 0 0 
1 0 0 0 1 1 0 1 0 1 0 1 1 1 0 0 1 0 0 0 1 1 1 0 1 1 0 1 1 0 0 0 0 0 0 1 0 0 1 0 1 1 1 0 0 
0 1 1 0 1 1 0 1 1 0 0 0 0 0 1 1 0 1 1 0 1 1 0 0 0 1 1 1 0 0 0 0 1 1 1 0 1 1 1 0 1 0 0 0 0 
1 1 0 0 0 0 1 1 1 1 1 0 1 1 0 1 1 1 0 0 0 0 1 1 0 1 0 0 1 0 0 0 1 0 0 0 0 0 1 1 1 1 1 0 0 
0 1 1 1 1 1 1 0 1 0 0 0 0 0 0 1 0 0 0 0 1 0 0 1 0 0 0 1 1 1 1 1 0 0 0 0 1 1 0 0 1 0 1 0 0 
1 1 0 1 1 0 0 0 0 1 0 0 0 1 0 1 0 1 1 0 0 1 1 1 1 0 1 1 1 1 1 0 0 1 1 1 1 0 1 0 1 1 0 1 0 
0 0 0 0 0 0 0 1 0 1 1 0 0 0 1 1 0 1 1 1 0 1 1 0 0 1 0 0 1 1 0 0 0 1 0 0 1 0 1 1 1 0 1 0 1 
0 1 1 1 1 0 0 0 1 0 0 0 0 0 0 0 1 0 0 0 0 0 1 0 1 1 1 0 0 1 1 1 1 0 0 0 0 0 0 0 1 0 0 1 1 
0 1 0 0 1 0 0 1 1 0 1 0 0 1 1 1 0 0 0 0 0 0 0 1 0 0 0 1 1 1 0 1 1 0 0 0 0 0 0 1 1 1 0 1 0 
1 0 0 1 1 0 1 1 0 0 0 1 0 1 0 0 1 1 1 1 1 1 1 0 1 0 1 0 0 0 0 1 0 0 0 1 0 0 1 1 0 1 0 1 0 
0 1 1 1 0 0 1 1 1 1 1 1 0 1 0 0 0 1 0 0 0 0 1 0 1 0 0 0 0 1 0 0 0 1 1 0 1 0 0 0 1 1 1 1 0 
1 1 0 1 0 1 1 0 0 1 1 0 1 1 0 1 1 0 1 0 1 0 1 0 0 1 1 1 0 1 1 0 0 0 1 0 1 0 0 1 1 1 1 0 0 
1 1 1 1 1 1 0 1 0 0 1 1 0 0 0 1 1 0 1 1 1 0 0 1 0 1 0 0 0 0 0 1 0 0 0 1 1 1 0 0 1 1 1 1 1 
