65 68 2570
44 68 50 31 69 8 98 43 55 67 62 26 92 4 62 78 55 19 19 90 22 29 92 50 83 71 99 69 36 34 18 80 1 67 62 21 27 59 64 81 25 77 59 69 80 20 98 87 90 16 76 11 44 20 12 78 90 63 47 77 96 64 8 97 83 70 69 9 
28 84 41 5 61 99 73 92 70 70 78 60 37 6 70 33 25 82 10 14 44 8 42 91 24 50 87 6 71 8 66 98 91 58 2 51 9 26 43 78 95 72 37 32 77 59 64 1 92 25 66 87 33 8 77 56 9 16 13 79 23 30 28 65 87 82 68 95 
7 62 25 54 33 13 37 10 23 52 62 14 76 28 52 60 87 81 67 47 96 79 25 70 60 4 86 47 85 53 93 44 14 69 97 99 82 33 60 4 84 21 70 11 100 73 23 38 53 89 84 100 20 60 21 79 64 7 77 100 11 70 43 77 38 39 75 71 
23 34 27 58 6 48 69 6 20 91 95 73 31 79 24 50 90 97 81 53 3 57 5 65 78 47 93 68 86 67 38 60 52 64 18 58 11 38 15 83 80 9 7 10 39 30 12 29 26 92 33 80 100 37 97 78 84 89 45 21 8 34 80 59 50 49 68 12 
86 34 94 65 43 100 75 33 30 38 61 7 81 46 87 80 82 35 9 17 23 5 89 30 39 21 41 40 69 60 51 55 94 45 19 88 44 45 20 25 34 33 32 14 30 70 46 63 4 6 80 26 63 20 8 53 40 100 92 9 59 42 15 4 86 85 91 82 
82 63 6 15 47 89 81 76 58 78 38 13 83 69 91 45 89 50 49 80 49 40 88 7 82 54 11 19 39 53 52 20 67 10 86 13 98 66 88 8 43 78 72 78 46 62 74 34 11 23 66 11 62 53 18 95 59 80 66 97 84 17 68 51 26 53 63 76 
19 3 83 13 80 54 90 25 68 64 11 78 86 76 89 47 80 58 94 38 89 59 86 24 27 53 74 53 6 89 28 76 91 62 88 22 67 78 98 34 93 60 64 78 87 4 76 67 13 21 56 53 79 94 76 6 98 2 10 55 90 89 30 32 2 70 5 68 
99 2 54 91 14 69 20 100 24 47 18 36 68 26 40 98 19 15 55 16 68 64 71 9 4 52 92 5 73 96 25 71 50 78 13 63 46 84 62 69 31 80 56 50 5 95 99 75 61 54 90 29 69 12 89 73 16 81 29 88 76 53 11 25 82 23 87 79 
59 49 47 89 80 54 90 84 100 88 58 13 93 99 93 62 63 81 86 78 61 14 17 37 19 79 13 100 54 52 79 12 100 77 100 31 83 41 14 82 28 23 94 21 21 86 34 35 19 71 64 79 84 81 67 54 59 80 54 12 83 84 75 34 60 26 64 42 
66 77 76 46 51 69 18 23 7 51 58 25 21 21 55 56 53 22 62 64 53 67 27 35 50 2 68 61 27 31 3 93 59 30 38 61 50 7 83 56 57 92 32 29 65 87 36 17 8 49 32 12 15 59 98 64 60 65 25 38 47 79 30 57 8 19 17 57 
25 51 65 33 95 96 13 59 82 1 27 41 49 59 4 64 69 1 27 28 17 3 17 15 33 47 71 40 17 39 49 94 42 65 78 36 60 91 94 94 91 72 86 39 30 90 54 50 42 81 29 59 35 46 73 68 44 96 59 60 86 59 5 27 23 83 62 83 
73 7 28 15 79 13 5 60 54 59 10 48 39 38 6 25 35 30 92 78 77 3 90 63 61 94 89 84 76 3 18 100 9 45 66 39 9 71 51 15 29 12 62 19 1 19 43 36 100 87 13 77 89 54 91 1 48 79 84 75 33 53 27 94 49 92 84 58 
14 34 24 42 97 85 12 98 3 55 85 54 93 49 30 33 3 20 33 50 51 69 76 35 73 2 28 22 46 12 31 59 97 54 53 94 38 64 43 92 18 27 45 62 75 27 46 77 46 31 78 48 51 54 83 23 7 62 44 4 73 74 63 22 27 15 15 16 
78 57 7 48 83 4 61 9 30 7 38 27 37 15 75 87 20 9 9 79 22 5 82 47 30 44 68 57 10 82 24 88 90 31 87 72 34 47 32 15 53 69 41 89 36 67 27 55 27 36 33 49 92 15 95 21 10 62 29 20 43 53 59 32 35 97 55 20 
43 38 34 96 7 26 36 42 93 63 48 19 50 33 67 93 99 61 13 60 74 94 79 68 46 89 51 32 85 5 3 80 95 88 75 1 13 62 94 5 76 93 24 77 25 42 69 75 3 34 35 28 27 13 96 24 54 46 55 90 3 57 69 97 96 95 49 8 
57 42 13 84 86 88 61 11 29 81 85 83 14 71 11 40 36 6 15 89 51 69 78 53 77 99 49 72 93 97 80 1 90 44 85 28 31 97 90 59 29 26 42 43 97 52 34 32 9 49 20 59 69 49 64 98 99 12 21 92 61 52 44 2 95 28 81 77 
76 70 36 5 96 29 99 92 32 84 75 40 84 46 50 53 94 13 2 45 77 22 36 89 74 31 42 20 59 23 97 86 92 84 42 39 64 40 82 47 76 56 38 59 1 87 63 47 52 64 91 80 38 78 68 63 8 61 82 18 83 78 4 27 13 97 17 76 
89 99 22 64 54 59 22 7 98 37 53 1 52 95 80 89 72 99 51 79 59 33 49 94 62 4 72 75 100 88 2 88 38 76 3 44 86 77 50 83 13 2 83 64 96 14 53 19 12 55 49 71 87 97 64 1 100 87 27 100 74 28 39 12 3 42 55 89 
70 56 23 82 9 58 97 56 71 49 74 83 56 22 53 42 19 68 94 70 54 20 21 79 48 60 42 2 53 48 42 22 3 17 55 11 74 51 66 44 52 39 78 7 13 82 100 31 1 94 52 6 13 73 85 12 84 26 14 36 74 7 9 28 23 63 39 96 
65 4 92 16 43 69 22 7 3 74 37 3 67 40 9 79 12 45 91 95 22 56 82 95 62 90 75 37 4 13 84 69 16 75 36 10 96 10 16 50 83 4 52 49 44 60 79 7 56 21 2 78 76 35 24 90 77 98 26 80 10 9 100 78 36 88 87 83 
97 55 32 31 58 35 31 53 47 9 60 2 30 13 79 57 47 3 46 23 100 23 55 62 84 6 39 71 93 77 5 41 31 88 71 41 22 1 45 20 62 4 22 91 68 52 47 67 6 45 41 6 19 47 19 2 53 57 72 97 85 28 38 16 15 60 8 37 
13 52 56 74 8 29 64 75 81 62 93 86 58 34 43 77 80 61 30 84 69 54 81 6 81 70 73 96 81 80 84 93 31 39 66 90 20 81 65 100 95 9 37 52 42 80 80 74 92 10 57 13 63 89 18 95 58 90 90 91 21 73 83 3 64 49 93 83 
29 9 34 23 17 70 27 59 1 6 32 45 67 40 57 81 29 26 76 38 67 17 28 87 90 63 89 5 11 81 39 91 41 72 66 58 93 92 16 94 49 99 90 16 90 46 96 70 23 23 60 89 40 39 27 81 1 67 85 11 100 23 54 40 46 19 97 90 
62 64 83 10 62 72 25 4 69 73 73 43 95 32 31 34 71 9 14 71 76 50 34 27 24 87 66 21 57 15 11 18 78 45 79 92 17 56 95 37 28 67 80 74 51 62 60 21 23 25 43 50 75 76 76 98 14 93 19 22 7 29 91 85 73 70 76 41 
77 70 30 4 88 61 29 38 74 88 10 96 13 53 97 39 28 72 36 94 65 6 15 71 86 58 55 11 27 82 3 3 3 84 58 91 96 38 80 70 26 90 17 90 42 14 28 21 37 15 14 1 73 81 24 58 38 30 20 16 12 75 70 14 10 27 4 6 
64 36 75 41 25 91 30 66 56 57 38 93 24 52 45 96 84 68 5 21 98 25 88 9 51 57 22 60 83 78 65 98 65 91 91 89 34 20 6 89 29 43 81 52 46 26 47 29 45 51 1 42 27 88 50 29 44 24 89 78 53 5 28 17 96 18 57 29 
89 62 69 17 4 2 20 50 79 18 78 23 69 79 65 47 18 66 76 62 41 16 91 45 20 18 13 67 35 69 95 24 30 64 92 34 65 12 35 95 29 64 17 49 94 81 48 12 99 75 25 39 90 15 36 61 85 48 80 19 17 74 94 46 89 38 31 5 
1 17 99 81 81 68 82 74 48 29 85 98 55 61 89 96 76 24 56 60 71 35 30 87 61 76 85 1 65 67 58 65 84 8 97 64 75 78 37 75 58 74 72 12 34 60 7 61 35 63 72 6 49 54 44 61 29 28 14 45 95 71 9 78 30 57 41 5 
35 29 31 92 2 2 4 88 14 62 48 48 76 72 5 25 25 49 37 53 76 50 49 70 72 9 99 54 65 91 58 99 20 88 43 73 41 98 60 6 59 60 54 35 31 58 11 55 58 47 59 34 49 7 55 72 15 6 25 79 96 34 30 15 73 24 88 66 
21 99 71 79 10 76 65 40 86 75 46 43 74 4 28 74 62 83 97 76 88 22 7 83 7 36 50 80 11 89 97 31 39 19 61 49 95 26 88 32 52 34 74 25 89 2 50 51 36 47 78 75 68 84 57 26 71 58 57 81 46 53 63 85 72 24 33 18 
1 72 49 52 57 74 29 98 75 78 100 62 24 77 36 43 13 45 69 35 2 77 68 100 30 30 36 53 5 20 70 5 43 70 57 100 43 37 97 70 14 96 31 90 24 19 32 36 63 52 23 16 29 90 67 10 19 2 62 76 21 83 80 16 52 88 15 94 
24 63 63 90 10 46 79 85 64 62 73 78 66 95 93 46 84 60 55 54 61 68 29 34 2 61 49 53 48 15 98 24 29 13 65 38 58 43 74 73 56 46 50 21 40 94 18 23 53 72 29 66 91 9 51 92 69 51 96 69 65 94 44 45 6 8 34 15 
2 7 39 57 53 88 30 92 33 47 67 86 71 47 51 61 55 53 53 76 3 100 44 19 93 87 63 50 46 96 16 47 2 54 3 54 93 32 98 26 31 64 63 1 62 65 61 16 17 65 91 19 65 86 37 9 24 51 59 69 46 26 15 99 32 70 5 76 
1 54 53 31 69 15 31 30 79 44 45 47 8 88 65 24 73 53 33 97 3 43 65 100 68 32 51 51 1 55 27 53 8 79 84 76 46 66 5 76 9 1 23 69 88 39 92 61 92 76 9 46 18 73 98 38 4 48 88 56 54 66 9 13 97 92 88 42 
9 44 17 70 96 91 90 84 30 33 44 73 9 52 18 78 76 67 67 32 66 55 87 19 72 95 31 68 38 70 61 99 65 30 20 61 20 9 44 1 41 39 73 1 42 43 79 69 9 45 100 75 51 39 93 75 85 76 94 75 45 55 25 10 36 44 22 55 
52 65 56 44 55 80 97 96 22 27 64 31 71 16 57 74 6 49 100 90 76 93 16 73 47 40 34 34 83 55 89 86 19 96 82 25 75 78 20 97 4 35 79 26 50 35 51 7 35 50 97 11 43 12 83 41 4 68 75 86 22 15 24 92 62 5 16 36 
34 87 84 89 21 62 14 23 48 17 29 83 66 25 45 60 89 79 1 92 46 27 29 67 93 52 10 54 8 25 41 41 11 25 29 83 38 95 5 38 11 34 20 28 10 16 88 50 94 40 93 91 18 22 9 10 25 18 63 33 94 3 25 4 79 6 38 69 
100 43 6 10 28 77 37 37 44 76 39 37 15 31 27 32 4 35 41 81 4 55 65 97 10 89 52 88 94 89 8 45 31 65 54 58 41 43 47 84 18 37 72 33 67 50 16 23 36 57 55 39 63 19 87 72 59 38 12 53 27 19 97 9 84 3 19 76 
97 65 12 14 53 35 98 71 37 14 93 72 22 47 63 84 17 49 56 76 39 67 80 65 37 28 25 72 30 43 100 26 59 11 92 11 97 89 82 33 2 26 57 75 25 19 59 41 19 66 68 57 84 47 73 20 75 98 44 56 92 43 82 51 5 25 13 1 
13 46 86 67 72 42 41 48 12 51 40 30 16 8 87 99 6 59 71 80 8 66 36 100 8 69 2 64 93 14 16 57 12 1 23 35 42 16 82 53 66 73 35 34 80 21 84 38 31 54 17 91 19 4 42 78 24 43 41 68 8 57 77 19 9 51 53 51 
66 86 55 84 59 41 17 90 61 100 27 44 6 96 86 76 51 27 54 75 69 46 94 76 54 70 47 63 21 99 65 86 37 19 69 95 12 37 84 72 37 63 67 42 58 52 17 8 78 22 34 98 68 28 26 21 97 72 83 69 22 99 55 58 70 75 4 81 
12 88 4 100 50 71 41 59 74 9 66 52 31 100 1 50 79 26 22 75 49 57 44 71 55 50 80 24 76 84 4 39 23 8 38 24 30 30 82 3 39 99 6 21 98 59 22 28 84 43 3 85 51 98 7 58 99 86 81 74 21 37 13 43 96 2 66 77 
32 99 79 22 98 37 42 47 95 15 75 30 57 29 14 60 78 72 17 76 58 49 1 30 85 13 25 32 67 42 8 98 41 39 19 90 75 12 36 21 26 62 2 34 90 16 93 67 39 61 94 96 10 95 78 46 59 2 78 25 43 37 22 35 75 92 24 1 
55 60 21 80 73 23 66 63 90 10 81 28 71 75 76 32 69 53 77 27 6 6 4 48 43 77 83 17 69 6 18 23 17 90 55 90 64 20 4 5 29 36 85 51 10 60 82 30 64 59 9 69 16 12 68 58 88 50 27 8 8 96 83 76 37 37 17 1 
8 72 5 36 8 89 39 69 100 20 99 15 78 59 83 46 70 3 3 9 4 81 17 63 28 51 39 65 87 55 65 46 27 21 33 86 62 71 54 61 91 52 28 20 62 10 65 31 64 20 92 68 52 60 30 80 10 68 44 48 75 60 93 53 32 25 38 93 
48 43 6 38 95 33 57 8 94 74 91 58 45 82 25 96 41 6 75 2 74 70 49 100 81 93 4 13 69 41 57 16 35 62 5 81 46 14 89 92 87 79 1 31 60 77 78 52 82 53 5 7 74 5 6 55 97 9 67 17 1 75 33 36 89 37 16 34 
2 4 77 88 34 77 70 45 53 48 96 35 52 100 41 25 4 99 31 52 59 49 69 12 24 53 47 12 41 14 97 43 70 74 82 3 50 52 48 55 51 95 89 54 47 81 30 2 79 61 54 90 9 74 1 84 26 99 95 18 12 92 60 33 17 42 88 18 
45 87 72 47 33 12 100 79 45 29 33 75 41 38 64 50 11 64 85 88 62 80 5 26 23 17 10 91 58 97 8 54 35 32 100 68 95 99 98 91 79 30 66 20 67 81 21 29 97 5 68 10 84 25 35 58 41 97 48 98 45 8 51 80 39 2 99 85 
100 96 76 78 78 93 49 96 73 69 77 69 74 44 79 9 68 65 67 8 61 14 57 6 21 59 37 11 60 35 48 11 82 23 89 11 15 37 7 39 6 83 8 31 78 38 39 46 2 5 5 15 71 62 72 43 72 8 6 32 94 53 42 75 27 82 38 93 
71 44 31 28 78 90 58 55 27 96 52 29 53 57 95 75 70 66 17 41 73 22 24 66 26 18 92 52 99 29 44 69 24 27 96 1 16 5 8 43 1 59 23 5 67 17 79 36 82 95 29 54 69 4 71 46 21 14 98 20 95 93 40 18 19 88 71 87 
92 78 29 92 88 51 48 55 19 26 42 100 21 70 5 41 26 27 86 46 40 35 17 34 80 57 4 98 44 74 84 87 3 64 79 90 66 26 96 84 4 38 83 76 59 39 16 84 65 53 30 5 88 46 90 67 54 45 16 49 70 52 36 72 15 66 14 81 
43 9 16 46 98 99 21 57 37 88 40 2 41 21 58 80 19 99 46 72 96 13 73 65 64 8 89 31 73 54 63 15 62 78 13 60 76 33 68 65 73 7 18 13 80 27 92 98 77 89 21 72 1 93 37 65 100 77 47 24 30 9 91 43 86 3 54 14 
87 21 30 59 80 47 23 59 25 14 56 1 2 76 73 55 21 61 71 20 89 17 96 18 25 86 12 62 40 66 75 26 38 4 37 17 2 59 75 26 25 82 27 78 10 51 84 30 63 54 1 51 70 96 20 46 81 31 8 72 48 34 50 86 90 86 2 91 
96 29 69 72 10 95 2 19 97 85 48 59 39 49 9 60 96 80 58 29 10 17 100 58 50 49 95 91 86 48 82 82 76 50 5 86 96 6 56 44 91 56 2 29 56 62 40 51 41 97 79 2 13 79 59 15 79 5 5 65 53 38 98 28 39 2 65 34 
8 21 29 50 28 30 30 83 91 69 33 83 18 12 85 30 42 95 96 20 100 1 84 4 90 81 31 29 35 48 14 42 68 43 91 95 24 72 29 67 40 61 49 57 24 33 39 17 80 34 37 31 86 72 34 76 5 16 56 91 63 69 32 82 63 74 76 87 
45 4 53 36 17 1 93 92 86 83 9 17 16 97 47 54 68 80 81 24 95 36 14 10 56 97 91 19 22 19 5 18 74 57 6 90 9 50 82 46 32 42 62 99 38 8 52 57 39 32 81 86 67 46 95 23 95 85 93 68 3 97 86 29 5 91 18 13 
92 51 59 23 92 72 21 29 80 25 86 70 56 18 55 75 15 1 49 9 38 41 77 92 89 14 20 93 56 90 57 47 40 67 21 84 39 41 64 70 65 1 39 73 18 46 99 85 98 47 45 87 39 73 79 27 86 50 71 93 39 27 91 31 46 11 14 84 
52 29 53 68 30 43 92 99 40 90 83 90 88 28 76 26 100 54 4 38 4 74 30 94 53 21 24 98 83 89 81 34 18 85 54 47 79 45 97 19 87 80 8 74 59 83 100 10 89 3 99 44 29 81 37 81 1 61 78 83 1 58 69 18 94 74 16 72 
70 13 90 56 44 49 82 54 84 81 15 72 35 14 15 63 94 51 43 46 63 72 80 64 29 100 33 22 73 1 46 95 65 87 2 8 36 83 13 19 15 27 42 2 92 8 64 85 10 59 82 25 30 62 40 11 61 72 84 86 24 29 80 88 16 33 47 3 
16 59 73 82 38 14 83 29 73 99 66 82 57 47 6 38 60 45 100 21 69 84 58 92 64 89 80 31 21 78 33 88 89 5 70 26 70 52 6 42 50 23 76 58 22 33 48 81 30 47 53 98 82 10 41 98 50 72 28 23 50 61 10 38 17 31 15 87 
83 20 80 84 95 7 94 16 40 93 96 69 91 1 18 73 62 58 70 12 30 49 34 31 61 95 68 78 26 34 16 60 5 47 95 99 54 88 66 93 32 62 61 23 14 30 95 75 87 16 38 68 16 23 98 77 18 17 54 43 50 21 54 7 67 48 5 20 
36 71 64 19 84 76 41 97 5 87 23 92 2 61 11 70 35 9 46 52 77 99 46 79 71 99 85 37 47 41 57 34 11 20 52 46 96 93 94 100 79 17 43 33 29 54 2 63 14 99 67 90 49 12 20 19 63 4 55 9 45 63 94 7 83 97 5 30 
89 98 81 20 66 76 4 46 29 57 9 94 55 75 83 3 38 55 21 100 58 27 60 54 90 53 13 24 2 17 5 90 14 85 61 32 12 16 77 40 24 85 85 30 11 20 32 1 74 4 52 31 83 12 37 72 16 49 47 17 17 51 59 82 87 71 13 99 
39 90 90 62 26 75 92 89 94 75 41 67 31 92 49 13 55 37 36 71 37 82 39 53 84 49 35 70 20 99 20 10 88 10 71 66 36 14 6 81 41 46 99 71 37 99 35 92 36 22 14 24 55 4 77 38 53 63 59 24 13 79 85 53 40 55 18 27 
21 75 7 61 20 5 83 8 55 69 51 42 90 16 66 44 20 94 33 24 8 91 99 20 69 83 72 60 89 41 86 9 15 92 21 34 48 55 94 3 23 44 44 64 60 9 59 31 54 91 54 61 34 52 81 54 86 4 14 74 45 51 35 59 95 55 45 42 
1 1 1 1 0 1 1 1 1 1 1 1 0 0 1 1 1 1 0 0 1 1 0 1 0 0 1 0 0 1 1 1 0 1 1 1 0 0 0 1 1 0 0 1 0 0 0 0 1 1 0 0 0 0 1 0 0 1 0 1 0 0 0 1 1 1 0 1 
1 0 0 1 0 1 0 1 1 1 1 0 0 1 1 0 0 0 1 0 1 1 1 0 1 0 1 0 1 1 1 1 1 0 0 0 1 0 1 0 1 0 0 1 1 1 0 1 0 1 0 1 0 1 1 0 1 0 0 1 1 0 0 1 0 0 1 1 
0 0 1 0 0 1 1 1 1 1 1 1 0 1 0 1 0 0 1 0 0 1 1 0 1 1 1 1 1 0 0 1 0 1 1 0 1 1 1 0 0 0 1 1 1 1 0 0 1 1 0 0 0 1 0 0 0 1 1 1 1 0 0 1 1 0 1 0 
1 0 0 1 1 1 0 0 1 0 0 0 1 0 0 0 1 0 0 1 1 1 0 0 1 1 1 1 1 0 1 0 1 0 1 0 1 0 0 0 0 1 1 0 1 1 0 1 0 0 0 1 1 1 0 1 0 1 0 1 0 1 1 1 1 0 1 1 
0 1 1 1 0 0 1 0 0 1 1 0 1 1 1 0 0 1 1 0 1 1 1 1 1 0 0 0 1 1 1 1 0 1 0 1 1 1 1 1 0 0 1 1 1 1 0 0 0 1 0 1 1 0 0 0 0 0 0 1 1 0 1 0 1 1 1 0 
1 0 0 1 0 1 1 1 0 1 1 1 0 0 0 1 0 1 1 0 1 0 0 1 0 1 1 1 0 0 1 1 0 1 1 0 1 0 1 1 1 1 0 1 1 1 1 1 0 0 1 1 0 1 0 0 0 1 1 1 1 1 0 1 0 1 1 1 
1 1 1 0 0 1 0 1 0 1 0 0 1 1 0 0 1 0 0 1 0 0 0 1 1 1 1 1 0 0 1 0 1 0 0 1 1 0 0 0 1 0 0 1 0 0 1 1 1 1 0 1 1 1 0 0 0 1 0 0 0 1 0 1 1 1 1 0 
1 1 0 1 0 1 0 0 1 1 1 0 0 1 1 0 0 0 0 0 1 0 1 1 1 1 1 0 0 0 1 0 1 1 1 1 0 1 1 0 0 0 0 0 0 0 0 0 0 1 1 1 1 0 1 1 1 0 1 0 0 0 0 1 0 1 1 0 
0 0 0 0 1 1 0 1 1 1 1 1 0 0 0 1 0 1 0 0 1 0 0 1 0 0 1 0 1 0 1 1 0 1 1 1 0 1 0 1 0 0 0 0 0 1 0 1 0 0 1 0 0 1 1 1 1 0 1 0 0 0 1 1 0 0 0 0 
1 1 0 0 1 0 0 1 1 0 0 0 1 1 0 1 0 1 0 1 0 0 1 0 0 0 1 0 0 0 1 0 1 1 0 0 1 0 1 1 1 0 1 0 1 1 1 0 0 0 1 0 0 1 1 0 1 0 1 0 0 0 0 1 1 0 1 0 
0 1 1 1 1 0 1 0 1 1 0 0 1 0 0 1 1 1 1 0 0 0 0 0 0 0 0 1 0 1 0 1 0 1 0 1 0 0 0 1 1 0 1 0 0 0 1 1 1 0 0 1 1 0 0 1 1 0 1 1 1 1 0 0 0 1 1 0 
1 1 0 0 0 1 0 0 1 1 0 1 1 0 0 0 0 0 0 1 0 1 1 0 0 1 0 0 0 1 1 1 1 1 1 1 0 1 1 0 0 1 1 0 1 1 0 0 0 0 1 0 1 0 0 1 0 0 0 0 0 1 0 1 0 1 0 0 
1 1 0 1 1 1 1 0 1 0 0 1 0 0 1 0 0 0 1 0 0 1 1 0 0 1 1 0 0 1 1 1 1 1 1 0 1 0 0 0 0 1 1 1 1 0 1 1 0 0 0 1 0 1 1 0 0 1 1 0 0 0 0 1 1 1 1 0 
1 0 0 0 1 1 1 0 0 0 1 0 0 1 1 0 0 1 1 0 0 0 1 0 0 1 0 1 0 1 0 1 1 0 1 0 0 0 0 0 0 0 0 1 1 0 1 0 1 0 0 1 0 1 1 0 0 1 0 0 1 0 0 0 0 1 1 0 
0 1 0 0 1 1 1 1 1 1 1 0 1 1 1 0 1 0 0 1 0 0 0 1 0 0 1 1 1 0 1 1 0 0 0 1 1 1 0 0 0 1 0 0 1 1 0 0 1 0 1 1 1 1 0 1 1 0 0 1 0 0 0 0 0 0 0 1 
0 0 1 0 0 1 0 1 0 0 1 1 1 0 1 0 0 1 1 1 1 0 0 0 0 1 0 0 1 0 1 1 1 0 0 1 1 0 0 1 1 1 0 0 1 1 0 1 1 1 1 0 1 1 0 1 0 1 1 0 1 0 1 0 0 1 1 1 
0 1 0 1 0 1 1 0 0 1 1 1 0 0 0 0 0 0 1 0 1 1 0 1 1 0 1 0 1 1 1 1 0 0 0 1 1 1 1 1 0 0 1 1 1 1 1 1 1 0 1 1 1 0 0 1 0 1 1 1 0 0 1 1 0 1 0 1 
1 1 1 1 1 0 0 0 1 1 1 0 0 1 1 1 1 1 0 1 1 1 0 1 0 1 0 0 1 0 0 0 1 1 1 1 1 0 1 0 1 1 0 1 0 0 1 1 1 1 0 0 1 0 0 1 0 0 1 1 1 1 1 0 0 0 1 1 
0 1 1 0 0 0 1 0 0 0 1 1 0 1 0 1 1 0 0 1 0 1 0 1 1 1 0 1 0 1 1 0 0 0 0 0 0 0 0 0 0 1 0 0 0 0 1 0 0 1 1 0 1 0 0 0 1 0 1 1 1 0 0 0 1 0 0 1 
0 1 0 1 0 0 1 1 0 1 1 0 0 0 0 1 0 0 1 0 0 1 1 0 1 1 0 0 0 0 0 0 1 0 1 0 0 1 1 0 0 0 0 0 0 0 0 1 1 1 1 1 0 0 1 0 0 1 0 0 0 0 0 1 0 0 1 0 
1 0 0 1 0 0 1 1 1 1 0 0 1 1 1 1 1 1 1 1 0 0 1 0 0 0 0 1 0 1 1 1 0 0 0 0 0 1 1 1 1 1 1 0 0 1 1 0 0 1 1 0 1 1 1 1 1 1 0 1 0 0 0 0 0 0 1 0 
1 0 0 0 0 1 0 0 0 0 0 0 1 0 1 0 1 0 1 0 1 0 1 1 0 1 0 0 1 1 0 0 1 0 1 1 0 1 0 0 1 0 1 0 0 0 0 1 0 0 1 1 0 0 0 0 1 0 0 0 1 0 1 1 1 0 0 1 
1 0 1 1 1 0 1 1 0 0 1 0 0 0 1 0 1 0 0 0 0 0 1 0 0 0 1 1 0 1 0 1 0 0 0 1 0 0 0 1 0 1 1 0 0 1 0 1 1 0 1 1 0 0 1 0 0 0 0 0 0 0 0 0 0 0 1 1 
0 1 0 0 1 1 0 1 0 0 0 1 0 1 1 0 0 0 1 0 1 1 1 1 1 1 1 0 1 0 1 0 1 1 0 0 0 1 1 1 1 1 0 0 1 1 0 1 0 1 1 1 0 0 0 0 1 1 0 1 1 1 1 0 0 1 1 0 
0 0 1 0 0 0 0 1 1 0 0 1 0 1 0 0 0 0 0 1 1 0 0 0 1 1 1 1 1 0 0 1 0 1 1 0 1 1 1 1 0 1 0 0 1 1 0 1 1 1 0 1 1 1 1 1 0 0 0 1 0 0 1 1 0 0 1 1 
0 1 0 0 0 1 0 1 0 0 0 1 1 1 0 1 0 0 0 0 0 0 0 1 1 1 0 1 1 1 0 1 0 1 1 1 0 1 0 0 0 1 1 1 0 0 0 0 0 0 0 0 1 0 1 0 1 1 1 1 1 1 0 1 0 0 0 0 
1 1 0 1 0 0 1 0 0 1 0 0 0 0 0 1 1 0 1 0 1 0 1 0 1 0 0 0 0 0 0 1 1 1 1 1 1 0 1 1 1 1 1 1 0 1 0 1 1 1 1 1 1 1 1 1 1 1 1 1 0 1 0 1 0 1 1 1 
1 0 0 1 0 1 0 0 1 1 1 0 0 0 1 0 1 1 1 0 0 0 1 0 1 0 0 0 1 1 1 1 1 0 0 1 1 0 1 0 1 0 1 0 1 0 0 0 1 1 1 0 1 0 0 0 0 0 0 0 1 0 1 1 0 1 0 1 
1 0 0 1 0 1 1 1 1 1 0 1 0 1 1 1 1 1 1 0 0 0 0 1 0 1 0 0 0 1 1 1 1 1 0 1 0 1 1 0 0 1 1 0 0 0 1 1 1 1 1 1 1 1 1 1 0 1 1 0 0 0 0 1 0 0 1 0 
0 0 0 0 1 1 1 1 1 0 0 1 1 0 0 0 1 1 1 0 1 0 0 1 1 0 1 1 1 0 1 1 0 0 1 1 1 0 0 1 1 0 0 0 0 0 1 0 0 0 0 1 1 0 0 0 1 1 1 0 1 0 1 1 0 0 0 0 
1 0 1 0 1 1 0 1 1 1 1 1 0 1 0 1 0 1 1 1 0 0 1 0 0 0 1 1 0 0 1 1 0 0 1 1 1 0 1 0 1 0 0 1 0 0 0 0 1 1 1 0 1 0 0 0 0 1 1 0 1 0 0 0 0 1 1 1 
1 0 1 1 1 1 0 1 0 1 1 1 0 0 1 0 0 1 0 0 1 1 0 0 1 0 0 1 0 0 0 1 0 1 0 1 1 1 0 1 0 1 0 0 1 0 0 1 1 0 1 0 1 0 1 0 0 1 1 0 1 1 0 0 1 0 1 0 
1 0 1 1 1 1 0 1 1 0 0 1 1 0 1 0 0 0 1 0 0 0 1 1 0 1 1 1 1 1 1 1 1 0 0 0 1 0 1 1 1 0 0 0 0 1 0 0 0 1 0 0 0 1 1 0 0 1 1 0 0 0 1 1 0 1 1 1 
0 1 0 1 1 0 1 1 0 1 1 0 1 1 0 1 1 1 1 1 0 0 1 0 0 0 1 0 0 1 1 0 0 0 1 1 0 0 0 0 1 1 0 0 0 0 1 1 0 0 1 0 0 0 1 0 1 0 0 1 1 0 1 1 0 0 0 0 
0 0 1 1 1 1 0 0 0 1 1 0 0 0 0 0 1 1 1 0 0 1 1 1 1 0 1 1 0 1 0 0 0 1 1 1 0 1 1 0 1 1 0 1 1 1 1 0 0 0 0 0 0 1 0 1 1 1 1 1 0 1 1 0 0 1 0 0 
0 1 1 1 0 1 0 0 0 0 0 1 0 1 1 0 0 1 0 0 0 1 1 1 0 1 1 0 0 1 0 0 1 1 0 1 1 0 1 1 0 0 0 1 1 0 1 1 1 1 1 0 0 1 1 0 0 0 0 0 0 1 0 1 0 0 0 1 
1 0 1 1 0 1 0 1 1 0 0 1 1 0 1 0 1 0 0 1 0 1 1 0 0 1 1 0 0 0 0 1 0 1 0 0 0 1 1 0 1 1 1 0 1 0 0 0 0 1 1 0 0 0 1 0 0 0 0 0 0 0 1 0 1 1 0 0 
0 1 0 1 1 1 0 0 1 0 1 1 1 0 1 1 1 0 1 1 1 0 1 1 0 0 0 0 1 0 0 0 0 0 1 1 1 1 1 0 0 0 1 1 1 0 1 0 1 0 1 0 0 0 1 1 0 1 1 1 0 1 1 0 1 1 1 0 
0 0 0 0 1 1 0 0 1 1 0 0 1 1 0 0 1 0 1 1 1 0 0 1 1 0 1 0 1 0 0 1 1 0 0 0 1 0 0 0 1 0 1 0 1 1 0 0 1 1 1 1 1 1 0 0 1 0 0 0 0 0 0 1 0 0 1 1 
0 1 0 1 1 1 1 0 0 0 0 0 1 1 1 1 1 1 1 0 1 0 1 0 0 1 1 1 1 1 0 1 0 0 0 0 1 1 0 0 1 1 0 1 0 1 0 1 0 1 0 0 1 1 0 0 0 1 1 1 0 1 0 1 0 0 1 1 
1 1 1 1 0 1 0 1 0 0 0 1 1 0 1 1 1 1 1 1 0 0 0 1 1 0 0 1 0 1 1 0 0 0 1 1 0 1 0 0 1 0 1 0 1 0 1 0 1 0 0 0 0 0 1 0 1 1 1 1 0 0 1 0 1 0 1 1 
1 1 1 0 0 1 1 1 1 0 1 1 1 1 1 1 0 0 1 1 1 1 0 1 1 0 1 0 0 1 1 0 0 1 0 0 0 1 1 1 0 1 0 1 0 1 0 0 1 0 1 0 1 0 1 0 0 1 1 0 0 0 0 0 1 1 1 1 
0 0 1 0 1 1 1 0 1 0 0 0 0 0 1 1 0 0 1 0 1 0 0 1 1 1 0 0 0 1 0 0 1 1 1 1 0 0 1 1 0 1 0 0 1 1 1 1 1 1 1 1 1 0 0 0 1 0 1 1 1 1 1 1 0 0 0 0 
1 1 0 1 0 0 0 0 1 1 1 0 0 1 1 0 1 0 0 0 0 1 1 0 0 0 1 0 1 1 1 0 0 1 1 0 1 1 0 0 1 0 0 1 1 0 1 0 0 0 0 0 1 1 0 0 1 1 0 0 0 1 0 0 0 0 1 1 
1 1 1 0 1 0 0 0 0 1 0 0 1 0 0 1 1 1 1 1 0 1 1 1 1 0 1 1 0 0 1 1 0 0 0 1 0 0 0 0 1 0 0 1 1 1 0 0 0 1 1 0 0 1 1 1 1 1 1 1 1 0 0 1 0 0 1 1 
0 1 1 0 1 0 1 0 1 1 1 1 0 0 1 0 1 1 0 0 0 1 1 1 1 0 1 1 0 0 0 1 1 0 1 0 0 0 1 1 1 0 0 1 0 1 1 0 0 1 0 0 0 0 0 1 0 1 1 0 1 1 1 0 1 0 0 1 
0 1 0 1 1 0 0 0 0 0 0 0 1 0 1 0 0 1 1 0 0 0 1 1 0 0 1 1 1 1 1 1 1 1 1 0 0 1 0 0 1 0 0 1 1 1 1 1 0 0 0 0 1 1 1 1 1 0 0 0 0 1 0 1 1 1 1 1 
0 0 1 0 0 1 1 1 1 0 1 1 0 1 0 1 0 1 0 1 0 1 0 0 0 0 1 1 1 0 0 1 0 1 1 1 1 0 0 0 0 1 1 1 0 1 0 0 1 1 0 1 0 0 1 0 0 0 0 1 0 0 0 1 0 0 0 1 
0 0 1 1 0 0 0 0 0 0 1 1 1 1 0 1 1 1 0 1 1 0 0 1 0 0 0 0 0 0 1 1 1 0 0 1 1 0 1 1 0 0 0 0 1 0 1 0 1 1 1 0 1 1 1 0 0 0 0 0 0 0 1 1 0 1 0 1 
1 0 0 0 0 0 0 0 0 1 0 1 1 0 1 0 1 1 0 1 1 1 0 1 1 1 1 1 1 1 1 0 1 1 0 0 0 0 0 0 0 0 0 1 0 1 1 0 0 0 1 1 1 1 1 0 1 0 1 0 1 0 0 1 0 1 1 0 
1 1 0 1 1 0 0 0 0 0 0 0 0 1 0 1 1 1 1 0 1 0 0 0 1 0 1 1 1 0 1 1 1 1 0 1 0 1 1 0 1 1 0 1 0 0 0 1 1 1 1 0 1 1 1 0 0 0 1 1 1 0 0 0 0 1 1 0 
0 0 0 1 1 0 0 0 1 0 1 0 1 1 1 0 0 0 1 0 0 0 0 1 1 0 0 1 1 1 1 1 0 1 0 1 1 0 1 0 0 1 1 1 0 0 0 0 0 1 1 0 1 1 0 0 1 0 1 1 1 0 0 1 1 1 1 1 
1 0 1 0 1 0 1 1 0 1 0 0 0 1 1 0 0 1 0 1 1 0 0 0 0 1 0 0 0 1 1 1 1 0 1 1 1 1 0 1 0 0 0 1 1 1 1 1 0 1 1 1 1 1 1 0 0 1 0 0 0 1 0 0 1 1 1 0 
0 1 0 1 0 0 0 1 1 1 1 1 0 0 0 0 1 1 0 0 1 0 0 1 1 0 1 0 0 0 1 0 0 1 1 0 1 1 1 0 0 0 1 1 0 1 1 0 0 1 0 1 1 0 1 0 1 0 0 1 1 1 1 1 0 1 1 1 
0 0 1 1 1 0 0 1 1 1 1 0 0 1 1 1 0 0 1 1 1 1 0 0 1 1 1 1 0 0 1 1 0 0 0 1 1 0 1 0 1 0 0 1 0 0 0 0 0 1 1 1 0 1 1 1 0 0 1 1 0 0 0 1 0 0 0 1 
0 1 0 1 0 0 0 0 0 0 0 1 1 1 0 1 0 0 1 0 0 0 1 1 0 1 0 0 1 0 0 1 0 0 0 0 0 0 0 1 0 0 0 1 1 0 1 1 0 0 1 1 0 1 0 0 0 0 0 0 0 0 1 0 0 0 0 1 
0 0 0 1 0 0 0 1 0 1 0 1 1 0 0 1 1 0 1 1 0 0 1 0 0 1 1 1 1 1 0 1 0 0 0 0 0 1 0 0 0 0 1 0 0 1 1 1 1 1 1 1 1 0 0 1 1 1 0 0 0 0 0 0 0 0 1 0 
1 1 1 0 1 0 0 0 0 1 1 1 0 0 1 1 1 1 1 0 0 1 1 0 0 1 1 0 1 0 1 1 1 0 1 0 0 1 0 0 0 0 0 1 0 1 0 1 0 1 0 0 1 1 0 1 0 1 1 1 1 0 0 0 0 1 1 1 
0 1 1 1 1 1 0 0 0 0 1 0 0 1 0 1 0 1 0 0 0 1 0 0 0 0 0 0 0 1 1 0 1 1 1 0 0 1 0 1 0 0 1 0 1 0 1 0 1 1 0 1 0 0 1 0 1 0 1 1 1 0 1 0 1 1 1 0 
0 1 1 0 1 0 0 1 0 1 1 1 0 1 1 1 0 0 1 1 0 0 0 0 1 1 0 0 0 1 0 1 1 1 1 0 0 0 1 0 1 0 0 0 0 1 1 0 1 0 1 0 1 1 0 0 0 0 0 1 0 1 0 1 0 1 1 0 
1 1 1 1 1 1 1 1 0 0 1 1 0 0 1 1 1 1 1 0 0 0 1 0 1 1 1 1 0 0 0 0 1 1 1 1 0 0 0 0 0 0 1 0 0 1 0 0 0 1 0 0 1 1 0 0 0 1 0 0 0 0 0 1 1 1 0 1 
1 1 1 1 1 0 0 1 1 0 1 0 1 1 0 1 0 1 1 0 0 1 1 0 1 1 0 0 1 0 1 0 1 0 0 0 1 0 0 0 0 1 0 1 1 1 0 1 0 0 0 0 1 1 1 1 0 1 1 1 1 1 0 1 1 0 1 0 
0 1 1 0 1 1 1 0 0 0 1 0 0 1 1 1 0 0 0 1 1 0 0 0 1 0 1 0 0 1 1 0 0 0 0 1 1 0 1 0 0 1 0 0 0 1 1 1 1 0 0 0 0 0 1 1 1 0 1 1 1 0 0 0 0 0 1 0 
0 1 0 0 0 0 0 0 0 0 1 1 0 1 0 0 0 1 1 1 1 0 0 1 1 0 1 1 1 0 1 1 1 1 0 1 0 0 0 0 0 1 1 0 1 1 0 1 0 1 0 0 0 0 1 1 1 0 0 0 0 0 1 0 1 1 1 1 
0 1 1 0 1 1 1 0 0 1 1 1 1 1 1 1 1 0 0 0 0 0 0 0 0 0 0 0 1 0 1 1 1 1 0 0 0 1 0 0 0 1 1 1 0 0 0 0 0 0 0 0 1 1 1 1 1 1 1 0 1 1 0 1 0 0 1 0 
