54 51 2363
46 19 66 53 34 41 36 32 30 60 28 41 67 16 42 15 48 3 29 90 2 46 91 98 82 84 88 99 16 52 63 13 22 28 17 8 20 53 39 49 12 18 89 30 33 82 44 33 36 24 22 
38 70 64 35 3 47 74 1 15 77 15 79 99 42 96 58 62 100 96 62 63 13 3 92 97 84 36 29 20 11 2 9 32 65 95 35 64 21 87 78 97 2 8 47 95 3 4 8 54 51 70 
16 15 24 8 12 59 95 92 78 57 46 38 89 10 33 75 73 5 13 2 1 14 10 100 61 64 55 20 18 6 41 33 20 64 92 83 23 38 27 52 95 72 90 35 81 74 9 6 78 21 7 
30 87 16 81 47 32 36 66 49 93 7 33 12 22 77 47 44 14 25 96 60 96 37 94 28 62 2 33 91 75 92 72 61 59 53 59 90 88 24 90 80 82 75 43 4 51 41 99 16 65 46 
76 12 34 21 40 95 75 24 37 49 67 9 61 26 61 19 67 100 94 9 31 28 83 73 31 33 66 81 100 30 27 27 94 12 48 33 7 22 8 43 70 75 3 30 52 63 100 18 14 93 78 
44 20 60 69 2 44 34 35 44 15 61 70 8 24 17 92 30 90 100 25 11 26 79 92 29 42 91 98 7 84 76 51 55 35 19 9 79 4 43 74 18 55 95 78 78 12 21 60 53 72 36 
64 97 14 55 25 7 46 23 14 81 50 64 87 84 34 95 14 89 89 87 58 43 82 35 73 45 56 32 49 79 67 12 76 80 67 52 39 64 26 52 44 75 67 82 11 52 77 24 40 17 63 
97 60 96 84 32 92 91 15 40 69 81 52 96 12 70 48 50 33 25 53 28 100 19 9 62 70 37 85 9 54 47 58 65 94 41 48 85 31 62 25 51 94 76 47 5 45 94 7 77 18 59 
56 69 30 64 30 99 53 67 60 6 65 69 22 59 9 69 43 91 30 67 41 23 94 87 79 90 32 85 18 2 96 73 22 25 89 52 75 41 70 34 98 34 2 19 44 62 87 87 4 68 5 
45 42 51 83 20 40 15 57 58 68 4 82 89 28 70 92 2 10 61 88 59 95 41 77 90 55 63 76 58 82 33 54 23 35 89 95 74 3 3 83 22 6 65 10 33 86 2 86 48 62 25 
6 8 18 83 98 72 97 25 29 79 9 35 53 43 23 47 69 77 49 51 98 6 67 59 90 5 60 76 52 74 52 57 81 69 39 30 40 88 7 21 66 15 55 70 10 29 17 78 5 17 80 
54 23 99 12 12 3 24 39 54 97 91 10 29 11 1 59 51 88 17 23 5 31 77 26 40 57 94 69 61 11 49 66 85 47 77 48 1 100 39 54 48 81 15 77 91 67 87 41 6 3 63 
62 85 91 88 77 47 81 45 59 43 93 24 79 91 53 27 43 4 17 48 4 97 63 80 87 81 18 80 39 72 94 100 8 85 39 84 83 20 29 94 14 73 69 93 16 73 71 58 77 87 6 
80 83 20 11 21 52 80 100 90 51 94 90 58 30 80 94 12 51 22 57 65 46 26 9 13 98 79 71 26 17 28 57 99 47 67 19 98 46 71 40 48 64 81 58 93 60 51 56 11 24 13 
27 21 90 35 34 39 65 56 65 81 83 21 31 81 40 1 30 37 71 69 85 86 49 94 78 9 96 86 71 71 50 97 91 39 83 76 29 47 31 93 27 65 14 9 45 5 9 75 41 80 95 
77 65 44 70 95 4 17 32 74 87 81 22 30 71 4 57 99 2 88 44 80 52 57 88 49 13 96 75 53 27 69 30 92 64 51 38 67 68 69 92 6 1 65 87 71 68 44 21 69 83 64 
100 86 72 87 34 84 83 8 37 61 29 18 4 92 68 41 11 87 61 2 45 61 19 83 83 86 26 4 7 60 19 6 46 91 45 31 26 79 91 14 39 19 31 43 62 51 35 72 89 96 26 
33 56 44 16 91 81 93 46 39 53 64 45 50 6 41 80 84 19 22 97 57 92 28 51 54 30 86 25 18 81 2 51 88 45 18 78 26 62 23 64 14 87 60 15 44 52 47 27 70 68 24 
79 60 3 29 13 84 14 89 1 94 91 3 82 87 72 59 64 34 34 80 99 72 39 14 15 91 12 94 12 79 69 90 90 23 19 54 6 32 43 58 26 85 61 59 71 84 69 35 17 2 66 
16 73 4 81 40 46 92 33 10 22 1 99 12 75 69 65 80 1 59 37 78 95 49 88 66 33 56 52 1 58 17 16 82 72 48 21 70 91 53 31 13 5 29 76 79 98 92 10 50 51 47 
79 45 47 66 62 31 21 65 32 30 33 99 12 57 47 84 26 89 37 8 1 93 36 28 24 85 20 33 86 22 31 64 18 78 29 80 60 2 96 91 83 29 90 94 37 36 30 14 76 18 21 
77 10 56 56 85 93 75 18 78 96 100 94 14 29 74 45 89 75 92 79 10 72 68 3 8 55 84 21 31 1 41 59 11 49 14 95 93 41 64 70 88 64 15 53 92 89 97 32 15 41 11 
24 12 30 79 20 85 62 40 67 63 33 25 25 81 90 71 73 30 87 94 18 50 61 70 93 49 19 25 15 59 87 39 22 16 69 41 100 82 33 18 44 65 42 20 97 84 91 21 65 77 14 
82 78 74 4 22 74 22 98 89 32 84 79 53 100 47 46 51 28 78 69 24 94 62 43 90 97 85 10 62 13 75 43 42 49 98 64 74 71 61 14 54 97 92 7 96 90 52 98 70 81 18 
93 74 32 87 15 28 24 24 89 36 98 84 78 98 33 93 24 4 5 37 57 1 29 15 48 70 18 46 39 98 15 83 23 46 70 37 74 93 12 14 80 62 49 9 11 82 53 34 85 58 23 
93 10 3 8 58 72 25 55 11 75 69 45 97 67 14 86 92 58 97 5 90 10 6 98 21 87 51 6 23 60 28 15 69 82 74 26 54 99 32 16 25 53 60 73 19 26 58 10 83 7 66 
72 16 23 22 88 9 24 46 83 35 25 98 3 7 23 81 12 73 64 27 97 16 38 70 34 63 79 95 98 85 13 21 53 35 94 92 96 69 37 78 3 62 27 58 20 50 38 31 22 1 57 
71 69 46 92 54 61 70 49 58 7 13 30 59 99 24 2 94 92 91 24 95 52 50 4 23 51 41 53 73 93 61 95 61 6 86 67 66 55 67 23 61 79 5 71 77 28 25 23 71 15 46 
17 18 95 20 40 98 12 92 70 5 52 16 17 9 1 83 75 7 49 49 20 79 53 42 8 32 66 30 3 32 27 71 49 73 91 40 70 2 83 91 58 86 6 27 95 58 61 21 65 62 69 
36 40 74 77 99 5 95 80 59 26 6 30 27 31 72 18 100 25 1 43 35 86 100 61 80 58 73 100 74 34 21 9 26 94 37 24 50 31 56 61 9 13 90 87 43 13 4 95 89 4 89 
23 42 88 35 73 45 8 25 70 93 45 78 18 90 67 94 39 49 1 99 57 13 40 95 8 4 99 54 93 54 42 67 95 29 2 68 26 61 92 95 53 88 25 71 77 91 16 67 39 16 18 
48 80 57 42 87 13 40 40 5 46 33 23 40 62 24 59 87 84 2 33 89 41 57 11 69 47 26 36 38 93 53 85 72 61 26 59 25 18 50 81 63 83 4 54 96 27 65 34 63 66 66 
3 7 75 13 75 73 90 62 10 82 66 94 5 79 72 63 3 89 65 84 3 99 87 56 94 65 20 79 79 38 44 81 96 70 45 22 43 34 84 52 67 1 98 72 79 69 86 82 57 50 17 
11 100 3 18 45 19 90 23 98 27 19 30 74 88 75 95 30 60 30 34 27 31 31 98 9 99 83 90 7 85 6 69 36 60 86 81 79 75 3 28 53 21 57 26 61 83 21 42 43 50 75 
21 80 5 70 41 55 4 82 13 88 40 81 76 99 67 56 29 41 58 8 46 31 17 71 43 99 91 84 93 93 59 65 24 15 34 64 70 38 98 34 77 37 15 52 35 33 7 16 25 17 23 
70 99 39 41 41 90 83 24 34 75 82 99 51 49 32 66 18 69 63 51 46 99 17 49 86 49 56 53 74 72 75 43 70 66 83 62 7 66 85 92 92 19 90 94 67 74 60 36 94 22 38 
91 73 55 40 58 3 95 10 28 18 36 71 39 53 5 100 11 22 84 3 14 54 44 59 20 17 18 55 11 92 93 53 64 47 92 73 1 38 34 29 7 21 51 45 74 55 96 84 77 80 38 
42 85 82 100 5 98 70 11 60 61 3 13 76 1 56 100 54 46 33 34 52 53 84 97 78 38 92 14 66 23 51 59 8 84 59 64 82 80 74 93 92 77 57 67 29 65 18 82 10 50 15 
61 54 50 57 84 40 1 97 5 23 99 64 82 83 74 45 16 53 19 60 44 47 69 62 27 33 79 9 42 80 75 2 33 25 11 68 64 11 16 20 85 67 83 19 1 8 15 16 60 85 27 
55 31 95 68 58 27 98 18 20 77 44 74 62 20 84 29 83 46 45 55 82 11 89 100 11 97 67 78 8 51 56 63 34 3 82 43 81 80 60 1 56 55 74 69 75 9 98 9 54 94 63 
87 56 52 39 18 48 5 47 7 7 54 21 40 56 3 82 37 82 93 89 89 48 14 58 74 22 7 82 27 52 97 13 59 100 3 76 99 7 74 5 14 27 26 5 35 28 87 71 61 31 11 
49 30 24 6 3 45 64 37 71 15 85 35 73 84 38 100 82 96 25 86 61 4 11 66 38 90 4 60 50 34 70 99 64 93 56 18 89 72 6 11 38 90 45 63 73 34 62 54 30 39 92 
90 94 2 55 31 44 58 42 93 44 11 43 7 55 99 76 43 22 82 53 59 71 49 21 96 83 35 49 12 73 40 1 66 94 8 48 37 17 89 29 60 51 72 18 57 22 94 51 95 27 55 
53 97 3 74 92 85 60 93 48 84 84 1 1 77 60 48 65 76 88 94 36 90 17 53 98 90 46 48 36 24 2 88 21 56 13 64 93 72 8 92 55 92 92 7 20 51 6 85 79 93 30 
14 34 98 66 31 39 64 30 74 87 83 61 59 39 26 75 31 97 34 22 4 77 66 62 97 68 68 33 46 12 62 59 46 59 77 28 97 92 10 22 30 92 82 41 30 7 67 12 56 100 86 
11 77 51 72 25 70 39 57 16 51 18 26 48 28 54 27 76 97 36 97 27 28 30 19 9 89 85 21 44 84 58 6 12 60 77 36 29 68 44 96 18 61 74 17 40 27 43 67 24 79 63 
2 58 45 20 66 33 4 38 76 39 47 81 3 6 9 38 87 76 82 82 45 94 55 61 86 34 56 52 57 34 67 58 43 11 77 8 95 32 98 22 22 44 2 24 2 62 62 88 38 95 21 
34 40 28 95 77 61 50 81 69 35 47 26 77 9 54 36 3 37 85 24 58 29 77 82 82 90 95 69 79 41 41 13 80 68 7 57 28 8 89 96 42 35 73 70 95 78 5 49 14 90 24 
72 70 52 5 51 41 99 71 20 39 11 32 70 31 90 78 10 97 66 58 90 52 30 59 46 60 15 46 73 56 21 96 25 72 52 27 65 50 49 36 40 60 19 10 42 8 87 51 56 53 8 
97 4 38 7 2 49 21 99 21 29 20 69 5 43 20 32 59 22 32 94 61 91 64 70 84 23 57 35 78 61 42 26 16 31 32 69 79 5 68 52 33 39 20 89 33 91 72 92 64 4 37 
25 46 1 94 30 23 2 64 53 14 5 30 30 36 62 98 66 18 17 17 2 7 88 90 40 31 62 83 94 65 19 18 62 71 64 91 94 65 54 98 31 11 27 60 98 40 9 63 57 26 80 
58 84 19 100 23 49 61 5 43 77 24 12 38 46 75 81 39 92 86 88 22 96 67 33 45 6 41 8 15 18 39 24 2 9 23 76 58 35 81 52 63 56 63 53 1 90 33 92 81 18 31 
54 66 97 86 10 3 78 69 17 96 59 40 49 68 15 24 25 49 56 28 12 63 90 64 64 79 48 7 11 17 37 64 82 34 1 44 88 79 12 56 26 23 47 26 90 61 49 14 62 57 93 
25 19 82 40 34 13 87 40 23 3 29 39 37 14 39 80 53 17 43 8 94 65 6 19 54 67 20 19 80 76 11 4 46 45 43 80 57 29 71 31 83 51 21 19 64 60 50 16 28 93 75 
1 0 0 1 0 0 0 0 1 1 1 0 1 1 0 0 1 0 0 1 0 1 0 1 0 1 0 0 0 0 0 1 1 0 1 1 0 1 1 1 1 0 1 0 1 1 0 0 1 0 0 
0 1 0 1 0 1 1 0 1 0 0 1 1 1 0 0 1 1 1 1 0 0 0 0 1 0 0 0 1 1 0 1 0 0 0 0 1 0 0 0 0 1 1 1 0 1 1 1 1 0 0 
1 0 1 0 0 1 0 0 0 1 0 0 0 0 0 0 1 0 1 1 0 0 1 1 0 0 0 1 1 1 0 1 1 1 1 1 0 1 1 0 1 1 0 1 1 1 1 0 1 0 0 
0 0 1 1 0 1 0 0 1 1 0 0 0 1 1 0 1 0 1 1 1 1 0 0 0 1 0 1 0 0 1 0 1 0 0 1 1 0 1 0 1 1 0 1 0 1 1 1 0 1 1 
1 0 1 0 0 0 0 1 0 0 0 1 1 0 1 1 0 1 0 0 0 0 1 1 0 0 1 0 0 0 1 0 0 0 0 0 0 0 0 0 0 0 1 0 1 0 1 1 1 1 1 
1 1 0 1 0 1 0 0 1 0 1 1 0 1 1 0 1 1 0 1 0 1 1 0 0 1 1 1 1 0 0 0 0 1 1 0 0 1 0 1 1 1 1 1 0 0 0 1 0 0 0 
0 1 1 0 1 1 1 0 0 1 1 0 1 0 0 1 0 1 1 1 1 0 0 0 0 1 0 1 1 1 0 1 0 1 1 0 0 0 0 0 1 1 1 1 1 1 0 1 0 0 1 
1 0 1 0 1 0 0 0 1 1 0 0 0 0 1 0 0 1 0 1 1 0 0 0 1 1 0 1 1 0 0 1 1 1 1 0 0 1 0 1 1 1 0 1 1 1 1 1 1 1 0 
0 1 0 0 1 1 0 0 1 1 0 0 0 1 1 0 1 0 0 1 1 1 1 0 0 0 1 0 1 1 0 1 0 1 1 1 0 0 1 1 1 1 1 1 1 0 1 0 1 1 1 
0 1 0 1 1 1 0 1 0 1 0 0 0 1 1 1 1 1 1 1 0 0 0 1 1 1 0 0 0 0 1 0 1 0 1 0 1 0 0 1 1 0 1 1 1 1 1 0 0 0 1 
1 0 0 0 0 1 1 0 1 1 1 1 0 1 1 0 0 1 0 0 0 0 1 0 1 0 1 0 1 1 1 0 1 1 0 1 0 1 1 1 0 1 1 0 0 0 1 1 1 1 1 
1 0 0 1 1 1 0 1 0 1 1 0 1 0 0 0 1 0 0 0 0 1 1 1 1 1 0 0 0 1 1 0 1 0 1 1 1 0 0 1 1 1 1 0 0 1 1 1 1 1 1 
0 0 1 1 1 0 1 0 1 0 1 1 0 1 0 1 0 0 1 1 0 1 0 0 1 0 1 0 1 0 1 1 0 0 0 0 1 1 0 0 0 1 1 0 1 1 1 1 0 0 1 
0 1 1 0 0 1 0 0 1 0 0 0 1 0 1 1 1 0 1 1 0 0 0 0 1 0 1 1 0 0 0 0 1 1 0 0 1 0 0 0 1 0 0 0 1 1 1 0 0 0 0 
0 0 0 1 0 0 0 1 0 0 1 0 0 0 1 0 1 1 0 1 0 1 0 0 0 1 1 0 1 1 0 0 0 1 1 0 1 1 1 0 0 0 0 0 0 1 0 0 1 0 1 
1 1 1 0 1 1 1 0 0 1 0 0 1 1 1 1 1 1 0 1 1 0 1 1 0 1 1 0 0 1 0 1 1 1 1 0 0 1 0 1 0 1 1 1 0 1 0 1 0 0 0 
1 0 0 0 0 1 1 1 1 0 1 0 1 0 0 0 1 1 0 0 1 1 1 0 0 0 0 1 0 0 0 1 0 0 1 0 1 0 1 0 1 0 0 0 1 0 0 0 1 1 0 
0 0 1 0 0 0 0 0 0 0 0 0 0 0 1 1 1 0 0 1 1 1 1 1 0 0 0 0 1 1 0 0 1 1 0 0 1 1 0 0 1 0 0 0 0 1 1 1 1 1 0 
0 0 1 0 0 1 0 0 1 1 0 1 0 0 1 0 1 0 0 1 0 0 1 0 0 1 1 1 0 0 1 1 1 1 1 1 0 1 0 1 0 0 0 0 0 0 1 0 0 1 1 
0 0 1 0 0 0 1 0 0 0 1 1 1 0 0 0 1 1 0 0 1 1 1 0 1 1 1 1 1 0 1 0 0 0 0 1 0 0 1 0 0 0 0 1 1 0 1 0 0 0 0 
1 1 1 1 0 0 0 0 0 1 1 0 1 1 0 0 1 0 1 1 0 0 1 1 1 0 1 1 0 1 1 1 0 1 1 0 1 1 0 1 0 1 1 0 0 0 0 1 0 0 1 
1 0 0 0 1 0 1 0 0 0 1 0 0 0 1 1 0 0 1 1 1 1 1 1 1 1 1 1 1 1 0 0 1 0 1 0 1 0 0 1 1 0 1 1 0 0 0 0 1 0 0 
0 1 1 1 0 0 0 1 1 0 1 0 1 0 1 0 1 1 0 0 0 0 0 0 1 0 0 1 1 0 1 1 1 0 0 0 0 1 1 0 1 1 0 0 1 1 0 0 0 1 0 
1 1 0 1 0 1 1 0 0 0 1 0 1 0 0 1 0 1 1 0 0 0 0 1 1 1 1 1 0 0 1 1 0 0 0 0 1 1 0 1 1 0 1 1 0 0 0 0 1 1 1 
0 1 1 1 0 1 0 1 1 1 1 0 1 1 0 1 0 1 0 1 1 0 1 0 0 1 0 0 0 0 1 0 1 1 1 0 0 0 1 1 1 0 1 0 1 1 1 1 0 1 1 
1 1 0 1 1 1 0 0 1 0 1 0 1 0 1 1 0 1 1 1 0 1 0 0 1 1 0 0 0 1 1 1 1 1 1 0 0 1 0 0 1 0 0 0 0 1 0 1 1 1 0 
1 0 1 0 1 0 0 0 0 1 1 0 0 1 1 1 1 0 1 1 1 1 1 1 0 1 1 1 0 0 1 1 1 0 1 0 1 1 0 1 1 0 1 1 1 0 0 0 0 0 0 
1 1 1 1 1 0 0 0 0 1 0 0 0 0 1 0 1 1 1 1 0 1 0 1 0 1 0 0 1 0 0 1 1 0 0 1 0 0 1 1 1 1 1 1 0 0 0 1 1 1 0 
1 0 1 1 0 0 1 0 1 1 1 0 0 1 0 1 1 1 1 0 0 0 1 0 0 0 0 0 1 1 0 1 1 1 0 1 1 1 1 1 0 0 1 0 1 0 0 1 1 1 1 
1 1 1 1 0 1 1 0 0 0 0 1 1 0 1 0 1 0 0 0 0 0 0 1 0 0 1 1 1 0 0 0 1 1 0 1 0 1 1 1 0 0 0 1 0 0 0 1 0 0 0 
1 0 0 0 0 0 1 1 1 1 0 1 0 1 1 0 0 1 1 1 1 1 1 0 1 1 0 1 0 0 1 1 1 1 1 1 1 0 1 0 1 1 1 1 0 1 1 0 0 1 1 
1 0 1 1 0 0 0 1 0 0 0 1 1 1 0 1 0 0 0 0 1 1 1 1 1 0 0 0 0 1 1 1 0 0 1 0 1 1 1 1 1 1 1 1 0 1 0 0 0 0 0 
1 1 1 0 0 0 1 0 0 0 0 0 0 0 1 0 1 0 1 1 1 0 0 0 0 1 0 0 1 0 0 1 1 0 1 0 0 0 0 0 1 0 0 1 1 1 0 0 1 1 1 
1 0 1 1 0 1 0 1 0 0 1 1 0 1 1 0 1 1 0 0 0 1 0 0 0 0 0 0 1 1 0 0 1 1 0 0 0 0 1 1 0 0 0 0 0 1 0 1 1 1 1 
1 0 0 1 0 0 1 0 1 1 0 0 0 0 0 0 0 0 1 1 0 0 0 1 0 1 1 1 0 0 1 0 0 1 1 0 1 1 1 0 0 1 0 0 1 0 1 0 0 0 1 
1 0 1 0 0 1 1 0 1 0 1 1 0 0 1 1 1 0 0 1 0 1 0 0 1 0 1 1 1 0 0 0 0 0 0 1 1 1 1 0 1 0 0 0 0 1 1 1 1 1 0 
1 0 0 1 1 1 1 0 0 1 1 0 1 1 0 0 0 1 1 0 1 1 0 1 1 1 0 0 0 1 1 1 1 1 1 1 0 0 1 0 1 0 0 0 1 0 1 1 0 0 0 
1 0 0 0 1 0 0 0 0 1 1 0 0 0 1 1 1 1 1 1 0 1 0 0 1 0 1 0 0 0 0 1 0 1 1 1 1 1 1 1 0 0 1 1 1 0 0 0 1 1 1 
1 1 1 0 0 0 1 0 0 1 1 0 1 0 1 1 1 1 0 0 1 1 0 0 0 0 1 0 0 0 1 1 1 1 1 1 1 1 0 1 0 1 1 0 1 1 1 0 0 1 0 
1 0 0 0 0 1 1 0 1 1 0 0 1 1 0 0 0 1 0 1 1 1 1 1 0 0 0 0 0 0 1 1 0 1 1 1 0 0 1 1 0 1 0 1 0 0 1 0 1 0 0 
0 1 1 0 0 1 0 0 1 0 1 0 1 1 0 0 1 0 1 1 0 1 1 1 1 1 1 0 0 1 0 0 0 1 0 0 0 1 1 1 1 0 1 0 1 1 0 1 0 0 0 
0 1 1 0 0 0 1 0 0 0 0 0 0 1 1 1 1 0 0 0 1 0 0 0 0 1 0 1 1 0 1 0 1 0 0 0 0 1 0 0 1 1 0 1 0 1 0 0 1 0 0 
1 1 0 1 1 0 1 0 1 0 1 1 1 1 1 1 1 0 0 1 1 1 1 1 1 1 1 1 0 0 0 1 1 0 0 0 0 0 0 0 0 1 1 1 0 1 1 1 1 1 0 
1 0 1 0 1 0 1 1 1 1 1 0 0 1 1 0 0 1 0 0 1 1 1 0 1 0 1 0 0 0 0 1 0 0 1 0 0 0 1 1 0 0 0 0 1 1 1 1 0 1 1 
1 1 1 1 0 1 1 1 1 1 1 0 0 1 1 0 0 0 1 1 0 1 1 0 0 0 1 0 0 1 1 1 0 0 1 0 0 0 1 1 1 1 0 1 0 1 1 0 1 0 0 
1 1 1 0 0 0 1 0 0 0 1 0 0 0 1 1 0 1 0 1 0 1 1 0 0 1 1 0 0 0 0 0 1 0 0 1 0 1 1 0 0 1 0 0 1 1 1 1 0 0 0 
1 1 0 1 1 1 0 0 1 0 0 1 0 0 1 1 0 1 1 1 1 0 1 1 1 1 1 0 1 1 0 0 0 0 1 0 1 0 0 1 0 0 0 0 1 0 0 1 1 1 0 
0 1 0 1 0 1 0 0 0 1 0 1 0 1 0 0 0 0 0 1 1 0 0 1 1 0 1 1 1 0 1 1 1 1 0 1 0 1 1 1 0 0 0 0 1 0 0 1 1 0 1 
0 1 1 1 0 1 1 1 0 1 1 1 1 0 1 0 1 0 0 0 1 0 0 1 1 0 0 0 1 0 1 1 1 0 1 0 1 0 1 1 1 0 0 0 1 0 1 0 0 1 0 
1 1 0 1 0 0 1 0 0 1 0 1 1 0 0 1 0 0 0 1 0 1 0 0 0 0 1 0 0 0 0 0 1 0 1 1 0 0 0 0 1 0 0 0 0 0 1 0 1 0 0 
1 1 0 1 1 0 1 1 0 1 1 0 1 1 1 0 1 1 0 0 1 0 0 1 1 0 1 1 1 1 1 0 0 1 0 1 1 1 0 0 0 1 0 1 0 0 0 1 1 0 1 
0 1 1 0 0 0 1 1 1 0 1 0 0 0 0 1 0 1 1 0 1 0 0 1 0 0 1 1 0 1 1 0 0 0 0 0 0 1 0 0 1 1 0 1 1 0 0 1 1 1 1 
0 1 0 1 1 0 0 1 0 0 0 1 0 0 1 1 1 1 1 1 0 0 1 0 1 1 0 1 0 0 0 0 1 0 0 1 1 0 0 1 0 0 0 1 0 0 0 1 1 1 0 
1 1 1 1 0 0 0 1 0 0 0 1 1 0 1 0 1 1 0 1 0 0 1 1 1 1 1 0 0 0 1 0 1 0 1 1 1 1 1 1 1 1 0 1 1 1 1 1 1 0 0 
