47 43 1195
91 6 11 85 27 1 90 100 7 65 90 46 28 72 99 62 68 4 48 81 32 47 17 87 57 99 61 41 60 25 26 2 30 36 38 8 37 28 59 95 44 48 40 
23 20 90 36 39 93 83 71 77 29 87 15 86 38 75 78 97 52 3 50 33 38 87 41 26 14 99 21 9 47 60 31 18 2 66 8 94 100 78 22 29 17 36 
66 54 63 43 2 66 45 3 98 34 89 38 60 55 89 32 63 87 43 46 4 44 63 63 38 63 92 11 43 8 99 8 13 13 2 66 78 98 68 75 31 9 13 
42 63 53 73 77 39 16 74 94 59 37 56 48 51 99 59 93 59 9 100 71 21 53 89 98 50 8 72 80 68 36 74 30 88 98 59 26 13 32 71 24 20 78 
71 70 77 81 14 35 89 65 57 9 17 45 58 66 5 30 98 72 65 71 54 5 68 12 82 33 95 53 56 15 30 78 36 58 11 50 92 51 14 49 12 31 45 
69 48 49 98 45 73 15 67 26 71 87 37 52 19 83 56 26 49 38 55 85 95 65 86 39 16 51 87 27 33 31 47 81 32 97 25 4 11 44 29 33 30 17 
84 48 51 92 25 100 81 79 36 75 96 21 13 11 71 51 89 56 34 87 36 65 83 12 20 45 55 48 77 84 16 13 83 66 4 7 65 84 38 52 10 33 72 
75 95 95 25 35 50 10 21 85 74 4 48 45 48 3 44 77 86 59 89 21 77 92 27 93 27 64 45 36 48 68 62 42 62 87 76 63 96 49 99 22 4 47 
66 51 49 10 79 86 20 67 6 96 10 85 41 36 100 85 24 48 52 85 41 66 23 17 28 71 17 27 44 20 73 9 22 73 70 1 58 42 67 16 89 29 100 
29 64 51 65 39 98 69 76 39 34 98 7 13 20 23 39 63 94 63 24 15 87 45 15 97 86 34 12 75 62 63 3 77 13 68 16 63 36 91 53 21 40 59 
33 60 33 24 22 26 38 97 40 25 42 7 21 27 40 84 1 53 46 56 29 10 75 96 72 62 86 24 82 26 34 66 37 18 89 58 43 27 7 35 3 48 41 
75 74 32 58 27 36 55 82 64 16 8 60 88 69 97 63 2 74 49 67 10 66 8 20 61 34 26 95 88 73 87 62 98 70 19 24 5 25 57 20 40 16 31 
79 84 28 94 37 1 42 4 11 7 63 30 67 48 7 13 35 79 51 96 76 20 66 52 76 90 60 96 81 76 26 60 11 53 53 48 6 46 3 16 52 17 97 
71 64 3 35 98 33 86 45 60 5 10 11 81 51 23 28 83 50 53 42 60 58 46 59 15 91 13 82 95 29 78 17 92 32 51 41 64 36 85 23 93 46 86 
25 48 60 4 31 9 56 24 20 65 22 31 31 64 43 12 58 24 41 74 67 72 77 60 87 64 44 62 56 42 99 32 41 58 35 23 18 43 99 37 59 20 67 
90 83 62 1 93 85 42 66 3 65 94 62 4 58 58 65 65 99 63 97 91 72 83 14 89 77 12 77 36 83 44 77 65 5 29 57 41 22 75 43 87 68 5 
42 77 62 6 42 12 20 90 2 43 24 15 31 1 78 7 88 60 2 64 77 6 44 33 46 66 59 41 4 79 45 45 55 6 50 48 69 21 89 70 63 13 85 
45 13 62 3 52 74 5 15 50 62 58 34 60 75 93 100 78 23 96 22 29 53 23 77 21 95 65 90 57 29 26 53 93 40 56 44 13 60 58 62 73 68 95 
32 94 39 83 72 13 78 45 42 30 68 70 50 14 86 40 71 15 17 23 7 56 30 51 20 89 60 33 14 79 80 45 73 18 28 96 31 5 40 24 35 59 93 
36 73 30 27 43 44 44 17 3 51 47 5 71 87 64 3 100 95 82 45 19 52 24 14 34 80 53 57 66 12 1 2 84 30 28 78 26 23 46 28 74 44 32 
44 31 47 98 82 93 80 78 11 31 1 24 64 33 29 72 98 40 72 51 75 53 79 4 78 53 1 57 26 45 88 21 27 87 71 8 79 50 86 90 32 38 65 
47 70 93 70 68 84 41 18 10 45 48 65 23 53 66 31 30 62 19 51 88 57 21 47 35 22 32 76 5 70 93 51 39 85 20 58 21 12 28 30 8 75 47 
82 27 64 13 57 25 83 59 64 39 31 10 73 4 42 1 8 63 93 10 53 29 81 11 49 92 90 31 51 64 77 33 43 40 45 51 16 27 61 79 65 43 88 
89 98 81 41 5 43 33 66 96 14 46 58 62 89 47 44 39 62 20 71 56 11 15 58 26 93 70 56 57 12 44 98 9 76 38 65 19 23 30 66 36 75 75 
49 63 73 93 2 34 64 24 42 27 39 51 4 31 21 60 40 84 55 89 93 30 26 9 100 100 39 65 35 65 91 36 80 63 80 33 49 43 56 90 21 94 40 
25 77 12 36 68 96 42 56 40 23 81 48 23 33 38 39 19 55 30 54 34 44 33 66 92 28 21 81 100 67 73 76 43 84 11 62 79 52 17 70 27 49 18 
49 81 7 39 100 61 68 5 46 12 90 63 55 17 84 36 68 2 60 44 44 95 54 5 26 58 73 95 84 21 64 84 2 71 22 53 83 42 57 29 5 46 91 
59 14 26 46 82 27 57 25 22 52 30 78 77 87 50 71 22 71 35 57 24 57 79 76 39 72 32 19 76 30 62 86 43 87 84 24 66 40 48 87 91 78 17 
19 16 66 42 90 88 76 98 63 84 28 38 74 99 22 45 26 51 6 64 45 44 47 69 61 86 68 48 77 97 16 95 65 33 36 54 21 63 3 35 98 31 73 
72 29 46 16 7 48 73 70 92 68 16 60 29 1 80 28 29 76 43 76 40 75 63 45 47 78 48 82 75 78 6 98 58 3 65 64 50 37 33 93 57 100 53 
85 1 84 12 81 59 54 56 51 80 19 95 27 96 42 60 22 71 65 20 29 67 36 44 68 25 29 60 81 28 64 65 80 47 76 61 58 81 68 8 12 86 2 
90 33 96 49 7 66 65 78 46 83 13 42 50 37 70 62 17 49 25 33 29 24 60 41 81 92 8 88 4 46 41 93 78 36 94 36 54 10 13 51 93 26 92 
94 14 13 55 83 62 32 67 42 55 27 82 87 18 89 74 21 86 66 66 64 2 11 51 7 20 64 57 64 41 1 58 6 13 64 88 26 47 55 67 53 81 100 
39 50 41 64 23 26 30 40 41 83 50 92 41 21 7 97 85 47 49 94 52 14 9 92 91 56 46 10 60 78 9 51 79 1 14 1 27 95 40 19 29 41 62 
69 62 68 18 46 14 66 39 18 31 47 9 22 54 6 31 14 35 91 64 13 92 29 66 70 24 57 40 4 98 2 73 59 69 90 56 35 7 94 52 38 92 12 
11 46 17 93 11 51 83 26 15 26 54 80 95 29 37 87 33 34 88 5 44 56 46 99 42 52 92 93 41 35 4 51 32 72 43 42 22 78 67 89 3 73 68 
50 1 4 36 85 89 75 89 32 82 86 30 24 38 73 68 30 60 72 81 91 95 75 85 69 4 3 57 7 75 24 8 28 80 95 12 68 69 53 52 50 38 81 
73 27 6 41 57 65 64 89 7 58 15 91 26 19 46 34 25 72 58 84 99 37 78 63 56 98 67 7 47 56 40 72 83 97 12 91 61 27 79 19 36 93 62 
14 11 7 47 87 78 56 22 29 92 51 43 100 48 9 58 95 64 97 66 98 93 29 88 5 7 18 24 42 63 37 55 25 43 54 64 72 9 85 52 53 88 94 
52 35 54 9 81 70 58 98 67 2 26 7 59 84 76 82 26 38 18 32 15 12 37 78 83 46 14 87 98 1 80 1 36 86 61 68 55 70 66 21 72 43 27 
30 27 3 63 4 92 32 87 6 95 24 35 29 21 49 15 70 1 47 70 88 32 82 56 86 4 21 6 75 63 85 56 41 39 70 44 82 1 31 88 95 6 74 
23 26 22 90 95 75 36 16 62 67 49 17 52 52 37 9 26 52 45 33 92 83 2 88 65 54 70 4 48 75 77 23 52 51 64 46 25 99 13 86 65 61 55 
68 13 91 76 90 94 21 23 38 55 24 25 71 78 46 26 77 20 55 51 23 5 14 68 81 64 32 18 28 92 72 47 4 15 23 94 8 95 68 45 49 43 21 
20 72 66 97 49 37 51 51 59 55 17 78 87 80 61 5 60 53 76 6 8 42 28 1 50 74 20 46 23 63 19 94 34 84 90 34 73 41 85 83 47 53 13 
34 32 73 90 43 25 65 49 33 59 28 85 8 2 5 5 76 19 23 21 52 59 10 86 83 2 22 65 1 74 77 86 57 50 75 52 26 91 100 10 49 79 47 
56 80 3 13 7 21 35 27 72 45 89 57 27 42 30 92 42 3 20 27 12 21 1 63 99 44 14 8 92 92 6 100 24 8 12 30 28 98 9 100 43 97 8 
21 90 38 64 32 92 84 10 55 56 63 17 54 6 82 14 97 74 19 48 97 27 59 78 54 9 86 5 3 34 13 23 24 2 87 7 93 22 16 48 77 30 16 
0 0 1 1 1 0 1 0 0 1 1 1 1 1 1 1 1 0 1 1 1 0 1 1 1 0 1 0 1 0 1 1 1 0 0 0 0 1 0 0 1 1 0 
0 0 1 1 1 1 1 1 1 1 0 0 0 1 1 0 0 0 0 1 1 0 1 1 1 0 1 1 1 1 1 1 1 0 1 1 0 0 0 1 1 0 1 
0 1 1 0 1 1 0 0 0 1 1 1 0 0 0 1 1 1 1 1 1 1 0 0 1 0 0 0 1 0 0 1 0 1 0 1 0 0 0 0 1 1 1 
1 1 1 1 1 1 0 0 0 1 0 0 1 0 0 1 1 0 1 1 0 0 1 0 0 1 0 0 1 1 1 0 1 1 1 0 0 1 0 0 1 0 0 
0 0 0 1 1 0 1 0 1 1 1 1 0 1 1 0 0 0 0 0 1 1 0 1 1 1 1 1 0 1 1 0 1 1 0 1 1 1 1 0 0 1 1 
0 0 0 1 0 1 1 0 0 0 0 0 1 0 1 0 0 1 1 1 0 0 1 1 1 0 1 0 0 0 1 1 0 0 0 0 1 1 0 1 1 1 1 
0 1 1 0 1 0 1 0 0 1 1 0 0 1 1 0 0 1 0 1 1 0 1 1 1 0 1 0 1 0 0 1 1 1 1 1 1 0 1 1 1 1 1 
1 0 0 0 0 1 0 1 0 0 0 1 1 0 1 1 1 1 1 0 1 0 1 0 1 1 1 1 0 0 0 0 1 1 0 1 0 0 1 1 0 1 0 
1 0 1 0 1 1 0 0 0 0 1 0 0 1 1 1 1 0 1 1 1 0 1 0 1 1 1 0 1 1 0 0 1 0 1 0 1 1 0 1 1 0 1 
1 1 0 0 0 0 0 0 1 0 1 0 1 1 1 1 0 0 0 1 1 0 0 0 1 1 0 0 0 0 1 0 1 1 0 0 0 0 0 1 1 1 1 
0 0 1 0 1 1 0 0 1 0 0 1 1 1 1 1 1 0 0 1 1 1 0 1 1 0 1 1 1 1 0 0 1 1 0 0 1 0 0 0 0 0 1 
1 1 0 0 1 0 0 0 0 1 0 1 1 1 1 0 0 0 0 0 1 0 0 0 1 0 0 1 0 1 0 1 0 0 1 1 1 1 0 1 1 0 0 
0 1 1 0 0 1 0 0 1 0 1 1 1 1 1 0 0 0 0 1 1 1 1 0 0 0 0 1 1 1 1 1 0 1 1 0 0 0 1 1 0 0 0 
0 1 0 0 1 0 1 1 1 0 0 0 0 0 0 1 0 1 0 1 0 1 1 0 0 1 1 1 1 1 0 1 1 0 0 0 0 1 1 0 1 1 0 
1 0 0 0 0 0 0 1 0 0 0 0 0 1 0 1 1 1 1 0 0 1 0 1 0 1 0 0 0 0 0 1 0 0 1 0 0 0 1 0 0 0 1 
0 1 1 1 0 0 1 1 1 0 1 0 0 1 0 0 1 0 0 1 0 1 0 0 1 0 0 0 0 0 1 0 1 0 0 0 0 1 1 1 1 0 1 
0 1 0 0 1 0 1 0 1 0 0 1 1 1 1 1 1 1 0 0 1 0 0 1 1 1 0 0 0 0 0 0 0 0 1 1 0 0 1 1 0 1 1 
1 0 0 1 0 0 1 0 1 0 0 0 1 1 0 1 1 0 1 0 0 1 1 1 0 1 0 1 1 0 0 0 0 1 1 0 1 1 0 0 1 0 0 
0 1 0 1 1 0 1 1 1 0 0 0 0 1 1 0 0 1 0 0 1 1 0 0 0 1 0 0 0 1 0 0 0 0 1 1 1 0 0 0 1 0 0 
1 1 1 1 1 0 0 0 0 1 0 0 0 1 0 0 1 1 1 1 0 1 0 1 0 1 0 0 0 0 1 1 0 0 1 1 1 1 1 1 0 1 1 
0 0 1 1 1 1 0 0 1 1 1 0 0 0 0 0 0 1 1 1 1 0 0 0 1 1 0 0 0 1 1 0 0 0 1 1 1 1 0 0 1 1 1 
1 1 1 1 1 0 1 0 1 1 1 0 0 0 0 0 0 1 1 1 1 1 0 1 1 0 1 1 1 0 0 0 1 0 1 0 0 0 0 0 1 1 0 
1 0 0 1 0 1 0 1 1 0 0 0 1 0 1 0 1 1 1 1 0 1 0 0 1 1 0 1 0 0 1 0 0 1 1 0 1 0 0 0 0 0 0 
1 0 1 1 1 0 0 0 0 1 0 0 1 1 0 0 0 0 0 0 0 1 1 1 0 1 1 0 1 1 0 0 1 1 0 0 1 0 0 1 0 0 1 
1 0 0 1 0 0 1 0 1 1 1 0 1 1 1 0 0 0 0 1 1 0 1 1 1 1 1 1 1 1 0 0 1 0 0 1 1 1 1 0 0 1 0 
0 0 1 0 0 1 0 1 0 0 0 1 0 0 0 1 1 1 1 0 1 0 0 0 1 1 0 1 0 1 1 0 1 0 0 1 1 0 1 1 1 1 0 
1 1 0 0 1 1 1 1 0 1 1 1 0 0 1 1 0 0 0 0 1 0 0 0 1 1 1 0 0 1 0 1 0 0 1 1 0 0 0 0 0 1 1 
0 0 0 0 0 0 0 1 1 1 1 0 0 0 1 1 0 0 1 1 1 0 0 0 0 1 1 0 1 0 0 1 0 0 1 1 1 0 0 0 1 1 0 
1 0 0 0 0 0 0 0 1 0 0 0 0 1 1 0 0 1 0 0 0 1 1 1 0 1 1 0 0 0 1 0 0 1 0 1 1 0 1 1 0 1 1 
0 1 0 1 1 1 1 1 1 0 1 0 0 0 1 1 1 0 0 1 0 1 1 1 0 0 0 1 0 0 0 1 1 0 0 0 0 1 0 1 0 1 0 
0 1 1 1 0 1 1 1 0 0 1 1 1 1 0 0 1 0 1 0 1 1 0 1 1 0 1 1 0 0 1 0 0 0 0 0 0 1 0 0 0 1 1 
1 0 1 1 1 1 0 0 0 0 0 0 1 0 1 0 0 0 1 1 0 0 1 0 0 0 0 0 0 1 1 1 1 1 1 1 0 1 1 1 1 1 1 
1 0 0 1 0 0 1 1 0 1 0 1 1 1 1 1 1 1 0 1 0 1 0 1 0 1 0 1 1 0 0 0 0 0 1 0 1 0 0 1 1 0 0 
0 1 0 1 1 1 0 0 1 1 0 1 1 1 1 0 0 1 0 0 1 1 0 0 0 0 0 1 0 0 0 0 0 0 0 1 1 0 1 0 1 1 1 
1 0 1 1 1 0 0 1 0 1 1 0 1 0 0 0 0 0 0 0 0 0 0 1 1 0 0 0 0 1 1 1 0 0 0 1 1 0 0 1 1 0 1 
0 0 1 1 0 1 1 0 0 0 1 1 1 1 0 1 1 1 1 0 1 1 1 0 0 1 1 1 1 1 0 1 1 1 0 1 1 0 1 1 0 0 0 
1 0 0 1 1 0 0 0 1 1 1 0 0 0 1 1 1 0 0 1 1 1 1 0 0 1 1 1 1 0 0 1 0 0 0 1 0 0 1 0 1 0 0 
1 1 1 1 0 1 1 1 0 0 1 0 1 0 1 0 0 1 0 1 1 1 1 1 1 1 0 1 0 1 1 0 0 0 1 0 1 0 0 1 0 1 1 
1 1 1 0 1 0 0 0 0 1 1 1 1 0 1 0 1 0 0 1 0 0 0 1 0 0 1 1 0 0 1 0 1 0 0 1 0 0 1 0 0 1 1 
1 1 1 1 0 1 1 1 0 0 1 1 0 1 0 1 0 0 0 0 1 0 0 0 1 0 0 1 0 1 1 1 0 0 1 1 1 0 0 1 0 0 0 
0 1 0 0 1 0 0 1 0 1 1 0 0 0 0 1 0 1 0 0 0 0 1 1 0 1 1 1 0 1 0 0 1 0 0 0 1 1 0 1 0 1 1 
0 1 0 1 0 1 0 0 1 0 1 0 0 0 0 0 0 1 0 1 0 0 1 1 1 0 1 0 0 0 0 0 0 0 0 0 1 0 0 1 0 1 1 
1 1 1 1 0 1 1 1 1 1 0 0 1 1 1 1 1 0 1 0 0 1 0 0 1 0 0 0 0 1 1 1 0 1 0 0 0 1 1 1 1 0 0 
0 1 1 1 0 1 1 0 1 0 0 1 1 0 1 1 1 0 1 0 1 0 1 1 0 0 1 1 1 1 1 1 0 1 1 0 0 0 1 0 0 1 1 
0 0 1 1 1 1 0 1 0 0 0 0 0 1 1 0 0 0 1 0 0 0 1 0 1 1 1 1 1 1 0 1 1 1 1 0 1 1 1 1 0 0 1 
0 1 0 0 1 0 0 1 0 0 0 1 1 1 0 0 1 1 1 0 0 0 1 0 1 1 0 1 1 0 0 1 1 1 0 0 1 0 0 0 0 0 1 
0 0 1 0 1 1 1 1 1 0 1 0 1 0 0 0 1 0 1 0 1 0 0 1 1 0 1 1 1 0 0 1 0 0 1 1 1 1 0 0 1 1 0 
