47 52 1624
58 42 62 89 73 43 98 38 32 13 19 100 28 96 18 6 25 33 46 41 49 77 64 37 72 53 26 25 50 20 97 7 61 10 95 86 52 44 75 83 56 93 35 84 40 52 41 64 37 86 5 85 
15 20 73 86 24 50 10 73 70 58 31 82 67 78 67 70 21 42 53 29 86 39 12 26 90 4 41 78 41 97 63 55 16 87 92 40 37 54 64 58 11 95 91 30 72 58 51 92 51 55 20 88 
93 83 13 35 38 6 12 79 2 26 33 70 13 25 9 1 78 24 58 40 18 100 21 41 9 72 85 59 26 4 99 71 39 63 5 76 68 16 6 70 94 39 39 58 15 99 58 44 22 67 35 92 
66 8 32 75 79 16 85 56 72 83 26 62 46 82 89 13 50 95 34 43 85 24 100 51 22 9 94 96 75 80 87 40 87 70 66 17 86 51 25 9 85 50 70 30 32 10 95 81 4 80 75 88 
4 74 38 25 82 83 72 8 15 58 47 1 80 65 70 65 15 94 25 99 95 94 81 26 3 27 58 59 6 84 98 9 57 88 86 90 70 57 97 36 67 96 89 46 60 58 62 26 51 86 76 45 
31 56 23 85 82 32 43 40 16 93 48 24 80 33 66 1 90 14 37 56 61 25 1 72 34 62 97 84 99 25 80 29 80 54 13 14 38 8 53 53 100 52 28 31 85 93 31 26 59 67 81 19 
43 33 91 76 46 87 11 96 11 91 24 43 96 88 8 33 47 12 37 98 63 17 28 99 61 59 24 19 77 56 38 20 40 28 95 37 66 6 32 29 48 7 23 95 47 30 80 93 93 16 91 7 
84 70 6 45 28 81 63 57 37 52 76 28 79 22 65 45 79 48 25 78 55 47 73 1 28 52 93 20 19 35 26 3 57 83 47 84 16 61 92 52 13 67 31 43 41 47 39 19 95 63 97 49 
9 69 49 36 72 93 7 90 80 33 92 36 67 90 71 82 3 63 85 15 81 16 57 21 62 96 40 56 10 88 56 19 56 4 54 27 49 61 68 28 45 12 63 63 1 33 45 3 95 81 69 28 
48 78 48 62 25 87 69 34 26 25 52 81 80 58 59 28 70 79 55 66 90 17 28 90 2 24 45 48 57 65 75 4 94 23 65 18 61 34 52 87 10 55 19 89 64 30 17 85 8 23 50 97 
40 30 38 93 5 34 40 61 51 15 17 44 89 81 62 1 66 65 87 27 71 58 16 87 87 84 71 46 6 73 94 97 2 83 41 58 17 81 19 67 47 87 62 87 19 75 87 85 39 26 63 62 
83 30 48 21 13 18 66 71 90 11 19 43 93 60 1 9 92 71 27 90 57 41 76 75 15 14 11 54 39 74 67 21 3 14 41 68 31 58 90 73 68 8 15 13 19 67 21 10 89 100 99 97 
92 26 72 6 40 34 11 78 59 77 51 14 42 43 33 73 53 22 97 72 81 63 84 100 82 57 61 70 56 12 67 99 37 90 4 28 23 15 58 34 43 8 99 85 2 31 9 54 52 57 26 32 
19 9 83 100 65 44 70 72 55 88 70 91 77 26 71 51 92 28 84 34 35 82 70 88 64 78 42 67 34 67 99 5 27 81 4 92 76 25 15 30 12 37 73 40 62 43 91 53 70 26 86 56 
60 56 43 23 85 84 90 71 2 40 75 81 72 30 24 48 55 38 77 18 74 49 58 35 43 100 87 12 25 25 67 84 32 62 59 16 97 100 86 51 39 12 31 62 42 54 9 48 91 38 65 65 
38 74 51 81 73 90 92 98 14 11 33 45 24 43 12 20 42 50 70 32 13 100 94 54 53 54 1 96 91 18 12 81 91 62 61 64 51 4 61 16 66 45 12 89 88 76 61 29 25 30 61 37 
82 6 43 86 59 43 81 2 12 92 82 3 6 42 66 8 97 78 24 63 22 87 3 9 62 63 90 86 45 2 75 26 7 17 63 17 11 44 18 23 87 51 25 92 44 42 52 41 19 27 55 40 
13 57 1 75 72 90 12 68 43 38 45 49 6 7 17 17 2 87 91 89 37 67 32 81 8 83 73 78 9 27 17 74 35 69 48 58 10 11 25 52 49 69 52 54 76 69 22 77 55 12 17 43 
30 49 23 37 83 95 14 44 73 83 17 8 3 16 65 13 78 42 64 78 10 68 32 37 36 5 66 42 69 82 84 98 82 59 87 17 5 52 60 78 86 28 37 89 95 1 1 24 94 16 2 56 
83 85 92 70 89 9 11 9 91 47 7 24 5 45 40 9 96 51 86 34 30 22 22 24 75 74 100 20 89 1 75 72 85 67 41 25 27 4 34 69 50 92 93 6 36 84 14 83 35 52 16 16 
25 37 92 51 10 91 71 51 91 45 22 27 63 14 51 42 17 36 10 66 27 2 71 14 38 37 97 72 40 64 39 16 1 30 67 62 20 89 64 62 85 85 88 100 99 91 41 67 78 50 85 5 
4 7 18 41 43 66 64 34 30 2 50 82 32 68 95 3 56 59 65 40 95 4 91 45 46 31 12 24 81 96 28 84 2 97 76 97 15 39 30 44 40 31 77 23 98 71 26 53 29 42 45 24 
45 35 20 91 66 31 66 98 78 93 33 80 41 8 28 55 46 9 50 37 40 26 60 37 49 37 90 29 78 34 4 74 20 24 16 85 6 81 34 84 25 66 15 18 25 42 24 70 50 26 59 89 
51 70 26 51 6 67 80 35 52 35 60 71 58 76 8 64 8 41 47 85 7 13 2 31 54 25 53 55 50 11 96 53 80 21 55 37 39 34 71 90 69 30 12 78 57 19 41 17 60 39 1 18 
51 2 100 56 78 52 11 28 14 6 32 45 78 86 81 68 72 3 57 92 85 20 69 93 39 62 9 50 52 9 67 3 10 66 10 88 70 20 67 83 77 98 80 6 83 60 73 54 15 29 45 51 
1 66 43 39 27 52 88 78 60 54 32 70 71 42 9 40 13 75 75 42 72 54 47 6 65 20 12 31 100 8 81 100 73 24 38 51 75 77 81 34 82 12 55 53 5 63 44 70 37 18 11 60 
23 57 18 88 76 29 70 28 88 51 27 61 74 17 63 48 93 43 81 75 55 36 79 11 50 74 80 39 44 90 98 66 47 15 5 74 95 75 1 83 25 80 95 98 96 57 97 88 100 77 14 6 
64 44 16 66 18 96 4 61 37 1 78 35 68 83 9 62 9 61 96 85 40 90 82 35 47 78 75 98 6 40 3 22 84 70 87 53 17 90 13 54 42 90 88 9 24 48 23 84 61 18 68 100 
8 49 87 6 78 13 3 36 52 57 57 87 78 95 39 95 84 51 100 25 93 39 86 68 39 8 52 99 25 19 50 84 20 36 89 97 100 43 84 4 51 40 90 81 86 29 75 69 31 26 46 75 
64 83 43 54 90 46 52 66 64 2 50 83 89 90 32 89 33 67 44 35 7 33 15 44 13 41 13 44 66 10 70 82 92 64 35 33 9 39 98 25 40 99 59 80 89 90 20 73 57 63 59 15 
96 74 58 8 66 22 3 84 83 25 17 26 88 3 58 97 41 8 21 32 6 79 12 46 21 31 18 29 94 29 95 41 2 4 100 19 78 55 2 60 79 18 86 66 21 95 14 61 2 86 93 8 
65 4 5 37 86 75 17 31 3 11 71 56 66 71 74 43 25 76 55 55 93 40 20 13 34 86 74 88 71 18 95 87 73 51 23 58 25 39 89 27 1 11 82 67 33 56 61 9 31 15 63 75 
54 35 88 40 20 13 79 90 82 25 29 54 75 51 63 100 42 3 26 94 14 8 60 46 15 21 55 97 87 69 71 93 3 10 32 22 22 10 64 55 34 92 8 8 94 71 59 87 25 85 81 38 
44 92 36 58 64 42 6 51 10 76 43 13 38 26 86 59 87 49 66 72 92 73 31 86 95 90 24 20 74 4 9 69 96 44 78 59 85 83 61 47 10 3 59 47 28 44 58 66 45 23 37 36 
47 68 73 42 57 97 13 82 52 73 2 47 69 79 58 5 61 18 51 22 73 9 69 100 5 26 18 49 100 54 36 46 73 61 39 29 9 3 62 60 76 63 59 44 93 16 100 5 85 51 27 57 
11 95 9 67 72 26 67 71 79 3 16 52 15 7 32 23 9 46 34 84 60 92 79 53 7 31 9 44 81 35 100 43 81 60 10 4 85 76 74 16 30 42 19 44 48 50 18 8 47 52 92 7 
43 22 11 2 52 19 45 84 6 96 79 86 56 40 90 92 15 15 7 97 8 25 92 7 27 10 15 73 13 58 31 55 79 93 8 83 64 4 66 69 52 96 6 7 35 47 98 2 14 57 98 21 
81 41 28 7 50 94 32 14 51 14 69 29 7 28 63 70 32 81 90 83 76 95 41 11 42 90 64 55 46 61 27 79 53 6 85 55 99 68 68 49 82 88 78 40 16 92 9 99 72 98 81 48 
92 73 10 85 62 73 91 8 85 18 86 37 23 22 91 22 42 59 22 23 46 51 62 13 43 22 11 14 19 91 61 62 15 70 99 77 42 41 84 26 10 21 63 33 94 5 6 35 63 79 9 61 
30 70 73 72 43 36 85 61 78 46 75 93 67 25 69 9 65 4 86 75 76 100 59 69 5 16 4 19 94 12 31 23 34 56 94 76 91 31 89 68 28 63 60 94 87 28 54 3 83 40 77 58 
91 35 27 95 2 82 66 96 93 96 70 78 51 16 54 93 46 42 61 73 56 20 66 94 100 72 96 34 63 25 92 53 11 18 100 13 51 65 60 43 12 29 21 15 44 26 7 89 19 67 13 74 
39 79 19 90 2 66 23 64 90 14 16 53 83 15 65 33 31 24 28 43 4 100 57 48 25 63 88 43 82 1 68 20 31 38 61 32 3 83 47 45 97 62 97 31 29 13 64 11 88 91 53 91 
90 61 90 66 76 78 60 57 78 27 28 60 64 88 91 66 70 37 62 18 50 58 49 30 22 64 41 9 54 45 52 95 6 41 12 81 70 71 89 99 97 16 58 12 55 48 29 24 36 91 94 86 
100 42 15 22 5 7 82 10 52 33 56 9 26 67 41 95 37 29 94 33 96 3 96 50 51 24 25 86 14 18 23 66 11 90 87 67 96 20 76 47 5 83 7 30 49 47 76 85 75 21 69 22 
24 64 23 26 40 48 63 53 17 86 18 80 75 56 46 22 76 74 21 32 56 27 61 57 74 88 93 100 61 62 22 36 77 44 61 16 43 23 21 12 60 90 91 86 98 88 8 25 13 28 56 21 
54 68 29 27 7 21 27 67 34 100 2 11 43 14 78 38 89 50 49 48 92 91 34 41 30 41 65 95 20 72 67 73 39 95 52 45 15 30 64 49 81 17 11 75 31 40 12 19 42 12 66 33 
2 51 73 84 43 89 78 62 60 96 87 50 90 90 94 4 71 9 4 51 26 66 25 56 58 89 26 99 100 43 83 54 94 7 37 36 95 66 50 6 13 36 55 2 77 100 57 47 9 13 49 34 
1 0 0 0 0 1 0 0 1 0 1 0 0 1 0 0 0 1 1 0 0 1 1 0 1 1 0 1 1 0 0 1 0 0 1 1 1 0 1 0 0 0 1 1 1 1 1 1 0 1 1 0 
0 0 0 1 1 0 0 1 0 0 0 0 0 1 1 1 1 0 0 0 0 1 1 1 0 0 0 0 1 1 0 0 1 0 1 1 0 0 0 0 0 0 0 1 1 0 0 1 0 0 1 1 
1 0 0 1 0 1 1 0 0 1 0 0 1 1 1 1 1 1 1 0 1 0 1 0 0 1 1 0 0 0 1 1 0 0 1 1 1 0 1 1 0 1 1 1 0 0 1 0 1 0 0 0 
0 1 1 0 0 0 1 0 1 0 0 1 0 1 0 1 1 1 1 1 0 0 1 1 1 0 1 0 0 1 1 1 0 0 1 0 0 0 1 1 1 1 1 1 0 1 1 1 1 0 1 1 
0 0 0 1 0 1 0 0 0 1 1 0 1 1 1 1 1 0 1 0 1 0 0 1 1 1 0 0 1 1 0 1 1 0 1 1 0 1 0 0 0 1 1 1 0 0 0 0 0 1 0 1 
1 0 0 1 1 0 1 0 0 1 0 1 0 1 1 0 0 1 0 0 0 1 1 1 1 1 1 1 1 1 0 0 0 0 1 1 1 1 0 1 0 0 0 0 1 1 0 1 0 1 1 1 
0 0 0 0 1 1 1 0 0 0 1 0 0 0 0 1 1 0 0 0 0 1 0 1 0 1 0 1 0 1 0 0 1 0 0 0 1 0 1 1 0 0 0 0 0 0 0 0 0 0 0 0 
1 0 1 0 1 1 1 1 0 1 0 1 1 0 1 0 0 0 1 0 0 1 1 1 1 1 1 1 1 1 1 1 1 0 1 1 1 0 0 1 1 0 0 0 1 0 0 1 0 1 0 1 
1 1 0 0 0 1 0 1 0 1 0 1 0 1 0 1 1 1 1 0 1 1 0 0 1 0 0 0 0 0 1 1 1 1 1 1 0 1 0 0 1 1 1 1 0 0 0 0 1 1 0 0 
1 1 1 0 1 1 0 1 1 1 0 0 0 0 1 0 1 1 0 0 0 0 1 1 0 0 1 1 1 1 1 0 0 0 1 0 1 1 1 0 1 0 0 1 0 1 0 1 1 0 0 1 
0 1 0 0 1 1 1 1 1 1 1 1 1 0 1 1 0 1 1 1 1 0 0 1 1 0 0 0 1 0 0 1 0 0 0 1 0 1 0 1 0 0 0 0 0 0 1 0 1 0 1 0 
0 0 1 0 0 1 0 1 0 0 1 0 1 1 1 1 0 0 0 1 0 0 1 0 0 0 1 1 0 0 1 1 0 0 1 1 0 1 0 0 0 1 0 1 0 1 0 1 1 0 0 1 
0 1 0 1 1 1 0 1 1 0 0 0 0 1 1 0 1 1 0 1 1 0 0 1 0 0 0 1 0 0 1 0 1 1 1 0 0 0 0 1 0 0 1 0 0 0 1 1 0 1 0 1 
0 0 0 0 0 1 1 0 1 0 0 1 1 0 1 1 0 1 1 0 0 0 0 0 1 1 1 1 1 1 0 1 1 0 1 1 1 0 1 1 1 1 0 0 1 1 0 1 1 1 1 1 
1 0 1 0 1 0 1 0 1 1 1 0 0 0 1 1 1 0 0 0 1 0 0 1 0 0 0 1 1 0 0 1 0 1 1 1 1 1 0 0 0 1 0 0 0 1 0 1 1 0 1 0 
1 1 1 1 0 0 0 1 0 0 0 0 1 0 1 0 1 1 0 1 1 0 0 1 1 0 0 0 0 1 0 1 0 0 0 0 0 0 0 0 0 0 0 1 0 1 1 1 1 1 1 0 
1 1 1 0 1 1 0 1 0 1 1 0 1 1 1 1 0 1 1 0 1 1 0 0 0 1 1 1 1 0 1 0 1 0 1 0 1 1 0 1 0 1 0 1 0 1 0 0 0 1 1 1 
0 1 1 1 0 1 0 1 1 0 0 1 0 1 1 0 0 1 1 1 0 1 0 1 0 1 1 0 0 0 0 1 1 1 0 0 0 0 1 0 0 1 1 1 0 0 1 1 0 0 0 0 
0 0 1 0 1 1 1 0 1 1 1 1 0 1 1 1 1 0 1 0 0 0 1 0 0 0 1 0 0 1 1 0 0 0 1 1 1 0 1 1 1 0 0 1 1 1 0 1 1 1 1 1 
1 0 0 0 0 1 0 0 1 1 1 1 0 0 0 1 0 0 0 1 0 0 0 0 1 1 1 1 0 0 0 0 0 0 0 0 0 0 0 1 0 1 0 0 1 0 1 1 0 0 0 1 
0 1 1 0 0 0 1 0 0 1 0 0 0 0 0 0 1 0 1 1 0 1 1 1 1 0 1 0 0 1 1 1 0 0 1 0 0 0 1 0 1 1 0 1 0 0 1 1 0 0 0 0 
1 1 0 1 1 1 1 0 0 0 1 1 0 0 1 0 0 0 0 1 0 0 1 0 0 0 1 0 1 1 1 0 0 1 1 1 0 0 1 0 0 0 1 0 0 1 0 0 1 0 0 1 
0 1 1 0 1 0 1 0 1 0 1 1 1 0 1 1 1 0 1 1 1 1 0 1 0 0 0 1 1 0 1 1 1 0 0 0 1 1 1 0 1 0 0 0 0 1 1 1 1 0 1 0 
1 1 0 1 1 0 1 0 0 0 0 1 0 0 1 1 1 0 0 0 0 0 0 1 1 1 0 0 1 1 1 1 0 1 0 0 1 1 0 1 1 0 0 0 0 1 1 1 0 1 1 0 
1 1 1 0 0 0 1 0 1 0 1 0 1 1 0 0 1 0 1 0 1 1 0 1 0 0 1 0 1 0 1 1 0 0 1 0 0 0 0 0 0 1 0 1 1 0 1 0 0 0 0 1 
1 1 1 0 1 0 0 0 0 1 1 0 0 1 1 0 1 1 0 0 1 0 1 0 0 1 0 1 1 0 0 1 1 1 1 0 1 1 1 0 1 0 0 1 1 1 1 1 1 0 1 0 
0 0 0 1 1 0 0 1 0 0 0 0 0 1 0 1 0 1 1 1 0 0 0 1 1 0 0 0 0 1 0 0 0 0 1 1 0 1 0 1 0 0 1 0 1 1 1 0 1 1 1 1 
1 0 0 0 0 1 1 0 0 1 0 0 0 0 0 0 1 0 1 1 1 0 1 0 0 1 0 1 0 0 0 1 0 0 1 0 1 0 0 0 0 0 0 0 0 0 0 0 1 0 1 0 
0 1 0 0 0 1 1 0 1 1 1 1 0 0 1 1 1 1 1 1 1 0 1 0 0 1 0 1 1 1 1 0 0 0 0 0 1 0 0 0 1 1 1 1 0 0 1 1 1 0 0 0 
0 1 0 1 0 0 0 0 0 0 0 0 0 0 1 1 0 1 1 0 1 0 1 1 0 0 0 1 1 0 1 1 1 0 0 1 0 1 1 0 1 1 1 1 0 0 0 0 1 1 0 0 
1 0 1 1 0 1 0 1 1 1 1 0 1 1 0 0 0 1 0 1 1 1 0 1 1 0 1 1 1 0 1 0 0 1 1 0 0 1 0 0 1 1 0 0 0 0 0 1 0 1 0 1 
0 1 0 0 1 1 1 1 1 0 1 1 1 1 0 0 0 0 0 1 1 0 0 1 1 0 0 1 1 1 0 0 0 0 0 1 1 1 0 1 1 0 0 1 1 0 1 1 0 1 1 1 
1 1 1 0 1 1 1 1 0 1 1 0 1 1 0 1 0 0 0 1 0 0 0 1 1 1 1 1 0 0 1 0 1 0 0 0 1 0 1 0 1 0 0 1 1 0 0 1 1 0 1 1 
0 1 1 1 1 0 1 1 0 0 1 1 0 0 1 1 0 1 1 1 1 0 0 1 0 0 0 1 0 1 1 1 1 0 0 0 0 1 1 0 1 1 1 1 1 0 1 1 1 0 0 1 
0 1 0 1 1 0 0 0 0 1 1 1 1 1 1 1 1 0 1 0 1 0 0 0 1 1 1 0 1 0 1 0 1 1 1 0 0 1 0 0 1 1 1 0 1 0 0 0 0 1 0 0 
0 0 0 1 1 0 1 1 0 1 1 1 0 0 1 0 1 0 0 0 1 1 1 0 1 1 0 0 0 1 0 0 1 0 1 1 0 1 0 0 0 1 1 0 1 1 1 0 1 1 1 0 
1 0 1 0 1 1 0 1 0 0 0 0 1 1 1 1 0 1 0 0 0 1 1 1 0 0 1 1 1 0 0 0 0 1 1 1 0 1 1 1 0 1 1 1 0 0 0 1 1 0 1 1 
0 0 0 0 0 1 0 0 0 0 0 0 1 1 0 1 1 1 0 1 0 1 0 0 1 0 1 0 1 1 1 1 1 1 1 0 1 1 0 1 1 0 1 0 0 1 0 1 0 0 0 0 
0 0 1 1 0 0 0 1 1 1 0 1 1 0 1 0 1 1 1 1 1 0 1 1 0 1 0 0 0 0 1 0 0 0 1 1 0 1 0 0 1 1 1 0 1 0 0 0 1 1 1 0 
1 1 0 1 0 0 0 0 1 1 0 1 1 0 0 1 1 1 1 0 0 0 0 1 0 0 1 1 1 1 0 1 0 0 0 0 0 0 1 1 1 1 1 0 1 1 0 1 0 1 1 0 
0 0 1 0 0 1 0 0 0 0 1 0 0 1 0 0 0 1 0 1 1 1 0 0 0 0 1 1 1 1 1 1 1 1 0 1 0 0 1 0 0 0 0 0 0 0 0 0 0 0 1 1 
1 1 1 0 1 1 1 1 0 0 0 1 1 0 0 1 0 0 1 0 0 1 0 0 0 1 0 0 1 0 1 1 1 0 1 1 1 0 0 1 0 0 0 0 1 1 1 1 1 1 0 1 
0 0 0 0 1 0 0 1 0 1 0 0 0 1 1 1 1 1 1 1 1 1 1 0 0 1 0 1 0 0 1 0 0 1 1 0 1 1 1 0 1 1 0 1 0 1 0 1 0 1 0 1 
1 0 0 1 1 0 1 1 0 0 1 0 1 0 0 0 0 1 0 1 0 0 0 0 1 0 1 1 0 0 1 1 0 1 0 1 1 1 0 1 1 1 1 0 0 0 1 0 1 1 1 0 
0 1 0 1 1 0 1 1 0 0 0 0 1 1 1 0 0 1 1 0 0 0 0 0 0 1 0 0 1 1 0 1 0 0 0 0 0 1 1 0 1 0 0 0 1 1 0 1 0 1 1 1 
0 0 1 0 1 0 0 0 1 0 1 0 1 0 0 1 1 1 0 1 1 0 1 0 0 0 0 0 1 1 1 1 1 1 0 1 1 0 1 0 1 1 0 0 1 0 1 0 0 1 1 1 
0 1 0 0 1 0 0 0 1 0 0 1 1 0 0 0 0 1 0 1 0 1 1 1 1 1 0 1 0 1 1 0 0 1 0 1 1 1 0 0 1 0 1 0 0 1 0 0 1 0 0 1 
