54 42 150
53 9 77 67 67 66 62 28 74 36 34 45 79 29 76 74 23 64 42 81 68 35 46 88 58 16 91 65 1 34 42 53 43 18 71 61 35 33 89 60 68 74 
4 99 2 79 72 76 95 14 57 62 100 2 2 57 69 44 73 70 78 15 22 20 84 45 32 19 77 20 78 96 45 34 94 46 12 18 74 6 83 82 20 82 
35 21 91 3 64 63 72 93 77 46 64 61 90 96 31 66 67 60 13 12 93 7 9 5 76 82 62 58 15 33 91 49 5 81 52 69 44 75 61 72 20 77 
32 61 72 62 78 38 74 91 1 66 49 10 22 24 43 84 33 58 68 75 58 73 56 61 41 51 36 53 22 7 29 6 68 52 19 97 42 92 87 42 58 35 
3 79 10 46 14 94 55 82 21 12 54 76 73 46 78 60 50 99 66 31 56 85 82 75 82 75 66 68 17 75 55 19 54 16 16 67 62 70 100 82 34 53 
9 6 50 86 65 100 36 82 30 92 67 63 66 48 38 83 67 6 58 21 76 11 89 92 29 50 13 81 31 46 85 39 3 35 76 19 34 11 1 15 54 19 
29 19 66 66 54 32 23 11 5 99 73 93 42 53 94 54 33 24 52 18 14 6 52 89 25 37 99 77 3 53 95 31 23 12 49 76 43 71 38 99 21 10 
43 62 15 36 68 47 11 71 16 24 76 67 12 100 55 63 28 57 67 22 88 41 33 88 69 28 58 6 78 31 68 21 92 82 8 11 80 19 81 96 42 57 
14 6 8 69 68 36 77 86 9 16 26 94 3 46 73 13 52 50 43 71 22 34 4 30 97 83 48 77 78 41 85 92 46 93 12 65 80 88 2 40 4 80 
33 6 25 57 18 28 7 12 50 80 98 53 61 94 36 60 70 13 1 7 56 98 99 67 15 30 55 16 69 58 47 2 15 72 58 85 51 16 96 1 48 93 
53 8 38 88 68 60 53 20 66 8 69 64 75 83 45 81 51 13 38 97 66 4 20 24 40 71 91 88 71 38 32 75 98 70 63 17 29 15 36 94 74 56 
9 48 39 5 28 41 17 17 89 83 73 9 58 12 31 48 51 53 38 83 27 87 52 41 3 32 7 90 77 81 45 37 80 35 41 60 75 57 76 16 91 100 
76 48 64 6 48 14 58 85 96 36 23 99 77 25 82 83 66 58 15 10 46 95 97 86 54 23 95 81 38 85 81 13 85 44 18 32 9 27 68 5 63 90 
55 91 66 37 25 31 46 40 40 92 86 36 77 39 59 23 71 48 60 51 61 44 46 30 27 55 57 94 11 71 35 65 61 100 1 37 30 47 76 21 90 13 
9 18 51 19 41 22 66 52 24 78 95 22 8 73 76 16 18 86 38 52 2 50 3 55 86 84 1 14 4 90 26 64 7 29 34 99 2 52 50 25 29 96 
46 88 20 73 3 37 10 92 88 12 41 42 18 27 25 18 40 81 59 17 96 17 45 30 68 46 81 69 23 61 65 20 49 84 93 3 73 54 95 12 17 87 
54 34 13 78 3 4 10 13 21 6 30 65 35 49 63 67 17 85 79 33 4 27 69 48 82 41 2 28 52 18 14 57 52 79 87 54 82 96 67 54 53 48 
71 39 48 33 5 64 17 84 49 72 62 17 20 95 9 21 22 60 90 88 69 93 66 55 47 99 2 65 53 55 64 23 93 11 55 50 74 23 85 22 94 46 
90 65 93 98 37 66 10 27 53 78 19 70 32 17 69 33 33 21 87 96 95 32 6 1 81 32 23 65 5 68 62 95 33 6 92 69 72 1 47 24 30 18 
46 61 34 14 46 67 86 84 62 80 15 20 80 47 51 54 63 7 21 77 1 5 82 45 26 53 97 24 29 27 41 74 39 27 39 84 93 24 20 6 55 86 
77 34 33 79 39 47 86 11 23 86 16 57 82 93 61 79 16 89 57 9 14 95 35 52 31 79 27 50 36 81 35 13 66 19 91 4 66 76 67 40 14 34 
96 95 26 57 25 93 97 81 1 63 76 35 14 58 65 93 59 1 25 45 65 91 64 55 46 81 83 12 72 48 97 68 94 22 76 19 67 72 99 67 34 26 
54 100 83 18 44 93 70 68 38 34 10 1 41 8 33 23 71 4 22 68 23 15 89 98 85 55 22 84 74 7 61 27 58 96 96 1 88 18 21 25 51 30 
77 91 37 61 65 8 65 86 75 87 53 15 37 37 22 10 72 95 16 33 73 74 80 20 26 19 37 46 44 88 76 72 30 64 33 47 71 49 84 97 87 36 
12 23 25 33 32 96 79 100 80 51 73 11 70 50 30 59 96 25 98 23 96 27 38 80 25 9 28 9 57 15 96 68 89 20 52 21 16 30 20 47 32 44 
58 54 93 87 12 40 11 9 14 58 87 52 38 12 12 17 72 68 31 67 88 72 39 39 92 6 21 63 52 4 6 9 57 50 47 20 42 57 80 55 67 67 
6 56 30 17 72 53 85 55 71 72 26 9 62 69 14 34 31 66 90 88 26 98 89 73 18 30 81 49 85 47 15 42 2 96 59 74 100 95 80 71 18 5 
79 31 73 45 17 55 10 6 94 87 3 82 59 72 64 40 21 48 86 87 41 88 35 99 13 34 45 92 56 62 48 35 93 72 31 61 26 92 66 19 78 20 
52 37 44 15 76 64 14 13 2 55 52 88 5 16 74 50 59 29 63 6 15 7 77 45 67 54 36 84 24 14 4 28 2 47 42 29 62 8 41 15 62 45 
3 18 60 76 19 19 4 82 76 71 40 5 15 7 10 3 42 34 16 45 61 17 43 54 97 4 61 37 71 74 33 73 92 45 100 10 15 55 43 90 25 83 
46 92 41 56 94 82 89 61 79 1 77 21 54 25 77 15 13 47 40 46 71 31 90 70 93 4 76 35 45 1 17 91 92 9 46 37 91 86 97 21 86 25 
41 39 49 17 5 61 15 45 6 85 27 47 6 19 2 82 54 47 34 22 37 77 83 82 13 73 67 9 93 4 33 85 94 81 54 51 93 20 47 99 5 73 
97 62 44 99 43 97 45 28 70 33 4 52 66 16 76 84 24 20 87 8 57 80 40 10 30 33 29 76 83 85 1 79 47 44 29 41 92 25 69 61 57 72 
65 22 40 40 5 15 12 91 23 68 23 14 77 4 46 57 80 80 94 32 11 92 75 39 32 66 64 52 78 20 76 42 94 67 82 98 81 93 41 3 12 15 
17 88 18 14 96 49 94 89 80 56 80 6 94 64 23 9 15 1 81 42 42 74 8 75 23 89 19 15 43 30 81 11 69 99 77 65 99 22 53 31 77 33 
36 22 96 59 31 62 11 63 56 52 36 63 79 10 3 97 25 98 27 5 8 47 55 36 11 6 57 64 36 33 48 23 55 43 33 37 56 43 99 11 47 34 
26 25 95 28 73 71 77 51 28 37 98 82 72 8 39 29 23 74 61 70 49 15 12 33 51 20 28 49 30 74 34 55 50 29 35 74 51 11 25 78 47 22 
12 19 81 50 47 4 76 59 73 76 74 37 8 76 56 35 77 85 60 62 92 61 42 26 35 93 88 59 70 35 32 33 5 12 83 51 15 58 61 40 33 86 
76 92 62 31 27 90 67 38 3 58 99 45 35 33 37 23 43 58 9 74 91 13 37 25 15 52 34 75 43 18 61 18 9 74 100 87 15 18 25 17 28 75 
61 62 59 49 36 1 59 44 26 1 56 62 25 22 65 58 97 7 27 9 76 35 82 27 74 48 45 98 64 24 24 77 85 82 25 73 34 35 16 59 35 24 
72 11 97 37 20 45 95 46 53 71 81 86 97 54 33 93 3 97 16 78 73 53 11 49 25 44 84 92 54 70 67 25 81 64 13 52 8 8 98 13 30 30 
98 26 83 83 71 37 79 86 14 3 38 24 3 14 19 38 58 24 8 24 48 40 39 13 91 47 72 40 11 1 69 8 78 3 90 48 91 20 86 4 74 75 
79 77 89 49 14 46 72 73 21 72 12 60 84 55 58 7 46 68 7 15 27 84 17 17 84 60 88 69 15 62 43 94 38 83 94 51 80 66 24 1 89 87 
60 24 93 17 30 39 36 36 53 62 71 21 30 54 80 18 74 47 79 69 40 16 51 85 18 31 2 93 31 90 32 42 13 24 10 42 62 45 29 66 58 100 
39 88 5 70 5 31 16 83 99 7 50 1 92 19 31 45 64 13 35 95 6 47 18 67 41 32 63 69 49 21 20 39 8 77 9 64 7 76 46 57 35 47 
57 78 17 40 22 80 4 56 74 62 55 44 28 95 27 91 15 75 11 87 14 70 63 74 33 69 1 30 77 35 28 33 12 44 72 34 24 28 41 49 89 95 
92 16 41 18 58 8 45 68 94 10 89 56 83 21 76 35 2 52 70 29 36 81 25 60 66 48 87 59 48 27 53 92 42 46 61 100 53 5 19 98 66 60 
53 100 32 80 35 34 83 4 62 18 36 86 77 54 85 15 12 85 41 16 76 35 61 36 86 65 93 56 62 58 15 66 58 47 97 44 80 79 99 93 97 34 
79 25 39 15 40 50 99 80 18 74 14 30 62 99 95 54 55 8 63 21 26 72 67 22 15 46 1 13 91 97 99 21 73 37 35 12 39 86 44 56 11 57 
85 72 8 31 77 14 91 40 34 16 11 53 37 26 50 37 90 40 85 88 60 58 25 47 21 63 32 64 70 42 73 6 14 32 37 42 45 27 81 30 94 44 
34 30 21 84 19 10 75 3 98 35 12 74 81 33 88 64 96 57 5 20 14 70 51 2 12 47 28 44 29 21 87 62 3 7 97 21 69 72 75 66 6 87 
91 38 19 78 1 66 86 57 86 99 27 88 1 90 35 80 85 15 53 72 76 55 30 73 27 98 96 1 15 53 87 5 90 57 82 42 23 67 98 60 18 76 
99 18 65 85 97 2 99 1 73 75 55 54 99 81 4 46 82 70 98 20 75 87 77 8 28 51 27 77 10 44 53 60 13 69 45 61 70 43 62 94 69 68 
100 19 1 3 64 82 72 61 53 98 99 29 58 78 79 84 55 40 79 7 100 43 75 44 3 97 86 64 90 7 84 89 25 84 43 89 17 15 1 69 64 100 
1 0 0 1 1 0 1 1 0 0 1 1 1 0 1 0 1 0 0 0 1 1 1 1 1 1 1 1 0 1 0 1 1 1 0 1 1 1 0 0 1 0 
1 0 0 0 1 1 0 1 0 1 0 1 1 1 1 0 1 1 1 1 0 1 0 0 0 0 0 0 0 1 0 1 0 0 1 1 0 1 0 0 1 1 
1 0 0 0 0 1 1 0 1 1 1 1 0 1 1 0 1 1 1 0 0 1 0 1 0 0 1 1 0 0 0 0 0 0 0 0 0 0 0 1 1 1 
0 1 0 0 1 0 1 1 0 0 0 0 1 1 1 0 0 1 0 0 1 0 0 0 1 0 0 1 1 1 1 0 1 1 0 0 1 1 1 1 1 0 
0 1 1 1 1 1 0 0 1 0 0 1 0 1 0 0 1 1 1 0 1 0 1 1 1 1 1 0 0 0 0 0 1 1 1 1 0 0 1 1 0 1 
1 0 1 1 0 0 0 1 0 0 0 1 1 1 0 0 1 1 1 0 1 0 1 1 1 0 1 0 1 1 0 0 1 1 1 1 1 0 0 1 0 0 
0 1 1 1 0 1 0 1 1 1 1 0 0 1 0 1 1 0 0 1 0 1 0 0 0 1 0 1 0 0 1 1 1 1 0 1 0 0 0 1 1 0 
1 0 1 0 1 0 0 0 0 0 1 0 0 0 0 0 1 0 0 0 1 0 1 1 1 1 1 0 0 1 0 0 1 1 0 0 1 0 0 1 0 0 
0 1 0 0 1 1 0 0 1 0 0 1 1 1 0 1 1 1 0 1 1 1 0 1 1 0 1 0 1 1 0 1 0 0 1 0 1 0 0 0 0 0 
1 1 1 0 0 1 1 0 0 0 1 1 1 1 1 0 1 0 1 1 0 0 1 1 0 0 1 0 0 1 0 0 1 1 0 1 0 1 0 1 1 1 
0 0 0 1 0 1 1 1 0 1 1 1 1 1 1 0 1 0 0 1 0 1 1 0 0 1 1 0 0 0 0 0 0 0 1 0 0 1 1 0 0 1 
0 1 0 1 0 0 1 0 1 1 1 0 1 1 0 0 0 0 0 0 1 0 0 0 0 0 1 0 1 0 1 1 1 1 0 1 1 0 1 1 1 0 
1 1 0 1 1 0 0 0 0 1 0 0 1 1 1 1 1 0 1 0 1 0 1 1 0 1 1 1 0 1 0 1 0 0 1 1 0 1 1 0 0 0 
0 1 1 1 0 0 1 1 0 0 0 1 0 0 0 1 1 0 0 1 0 0 1 1 0 1 0 1 1 0 1 0 1 0 1 0 0 1 1 0 1 1 
0 1 1 0 1 1 1 1 0 1 0 0 0 0 1 0 1 1 0 1 1 1 1 0 1 0 1 1 0 1 0 0 0 0 1 1 1 0 1 1 1 1 
1 1 1 1 1 0 0 1 1 1 0 1 1 0 1 1 1 1 0 1 0 0 1 1 0 0 1 1 0 0 0 1 1 1 0 0 1 0 1 1 1 1 
0 1 1 1 0 0 0 0 0 0 0 1 1 0 0 0 1 0 0 1 1 1 0 0 1 0 0 0 1 0 0 1 1 1 0 1 0 0 1 0 1 1 
1 0 0 1 1 1 1 1 1 1 1 1 1 0 1 1 1 0 1 1 1 0 0 1 1 0 0 0 0 1 0 0 1 0 1 0 1 1 0 0 0 1 
0 1 1 1 0 0 0 0 1 1 0 0 1 0 0 1 0 1 0 0 1 1 0 0 0 0 1 0 0 1 1 0 0 0 0 1 1 0 1 0 1 1 
0 0 1 1 1 0 0 1 0 1 1 1 1 1 1 1 1 1 0 0 0 1 0 0 0 1 0 1 0 1 0 0 0 0 1 1 0 1 1 0 0 0 
1 0 1 0 1 0 0 1 0 0 0 0 0 0 0 0 1 0 1 0 0 1 0 0 1 0 1 0 0 0 0 0 0 1 0 1 1 0 0 1 0 1 
1 0 1 1 0 1 1 0 1 0 1 1 0 0 1 1 0 1 1 0 1 1 1 0 0 0 0 1 1 1 0 1 1 1 0 0 0 0 0 1 0 1 
0 0 0 1 1 0 1 1 1 0 0 0 0 1 1 1 0 0 0 0 1 1 1 0 1 0 0 1 1 0 1 0 0 1 1 1 1 0 0 0 1 1 
1 1 0 0 0 0 0 0 0 0 0 1 0 1 1 0 1 1 0 0 1 0 1 0 1 0 1 0 1 0 1 0 1 1 0 0 1 0 0 1 0 0 
0 0 0 0 0 1 1 0 1 0 0 0 0 0 0 1 0 1 1 1 1 1 0 1 1 1 0 1 0 0 0 0 1 0 0 1 1 1 0 0 1 0 
0 0 0 0 1 0 0 1 1 1 0 1 1 1 0 1 0 0 1 0 1 0 0 1 0 1 1 0 1 0 0 1 0 1 0 0 1 0 1 1 1 1 
0 0 0 1 1 0 1 1 1 0 1 1 0 1 1 1 1 0 1 0 0 0 1 0 0 0 0 1 1 1 0 0 0 0 1 1 0 0 0 1 1 0 
1 1 1 0 0 1 0 1 1 0 1 0 0 1 0 0 0 0 0 0 0 0 0 1 1 1 1 0 0 0 0 1 1 1 1 1 0 0 1 1 0 0 
1 1 0 0 1 0 0 1 1 0 1 1 1 1 0 0 1 1 1 1 0 0 0 0 0 1 0 1 0 0 1 0 1 1 0 1 0 0 0 1 0 0 
0 1 1 1 1 0 0 0 1 0 1 1 0 1 0 0 0 1 1 1 1 0 1 1 1 1 1 0 0 1 0 0 0 1 1 1 1 1 0 0 0 1 
1 0 0 0 1 0 1 0 1 0 0 0 1 0 1 0 0 1 1 0 0 1 1 1 0 0 1 0 0 1 1 1 1 1 1 0 1 0 0 1 0 1 
1 1 1 1 1 1 0 0 1 0 1 0 0 0 0 1 0 0 0 0 1 1 1 1 0 1 1 0 0 0 1 1 1 0 0 1 1 1 1 0 1 1 
0 1 1 0 0 1 0 0 1 0 0 1 1 0 0 0 0 0 0 0 1 0 0 0 1 0 1 0 0 0 1 1 0 0 1 0 0 0 1 1 0 1 
0 1 1 0 1 1 0 0 1 0 0 0 0 1 0 1 1 0 1 1 1 1 1 1 0 1 1 1 1 1 0 1 0 1 0 1 0 0 1 0 0 1 
0 0 0 0 1 0 0 1 1 0 0 0 1 0 0 0 1 1 1 1 0 1 0 0 0 1 1 0 1 1 1 1 0 0 1 1 0 1 0 1 1 1 
1 0 1 1 0 1 0 1 0 1 0 1 1 1 0 0 1 1 0 0 0 0 0 1 1 0 0 0 1 0 1 1 0 0 0 1 1 1 0 0 0 1 
1 1 0 1 0 1 0 0 1 0 0 0 1 1 0 1 1 0 1 0 1 0 1 1 1 0 0 1 0 0 0 1 0 0 0 0 1 0 0 1 0 0 
1 1 1 1 1 1 1 0 1 0 0 0 0 1 1 0 1 1 1 1 1 1 0 1 1 1 0 1 0 0 1 1 0 0 1 1 1 0 1 1 1 0 
1 1 1 0 1 0 0 0 0 1 1 0 0 0 1 0 1 0 1 0 1 1 1 0 0 0 1 1 1 0 1 1 1 1 1 0 1 1 1 1 0 0 
1 1 1 1 1 0 1 0 1 0 1 0 1 1 0 0 1 0 0 0 1 1 1 0 1 1 0 0 0 0 1 0 1 0 1 1 0 0 1 1 0 1 
1 1 0 0 1 1 0 1 0 1 0 1 1 0 0 1 0 1 0 1 1 1 1 0 0 0 0 0 1 0 1 1 0 1 1 1 1 1 1 1 0 1 
0 1 1 1 1 0 0 1 1 1 0 1 1 1 1 1 1 0 1 0 1 1 1 0 1 0 1 0 1 1 1 0 1 1 1 0 1 1 1 0 0 1 
1 1 0 0 0 1 1 1 1 0 1 1 1 0 1 0 0 1 0 1 1 1 0 0 1 1 1 0 0 1 1 1 0 0 0 0 1 1 1 1 1 0 
0 0 0 1 1 0 0 1 0 1 0 0 1 1 0 0 1 0 1 0 1 1 0 1 1 0 0 1 1 0 1 1 0 0 0 1 0 1 0 0 0 0 
1 0 1 1 0 0 1 0 1 0 1 1 0 1 1 0 0 0 0 1 1 1 1 0 0 0 1 1 0 1 1 1 1 1 0 0 1 1 0 0 0 1 
0 0 0 1 0 0 0 1 0 1 0 1 1 0 1 0 1 0 0 1 1 1 0 0 1 1 1 1 0 1 1 0 1 1 1 0 0 1 1 0 1 1 
1 0 1 1 1 1 1 1 0 0 0 0 0 0 1 0 1 1 1 0 1 1 0 1 1 0 0 0 0 1 1 1 0 0 0 1 1 1 0 1 0 0 
1 0 0 1 0 0 0 0 0 0 1 0 1 0 0 1 0 0 1 1 0 1 1 0 0 1 0 0 0 0 0 0 0 1 1 1 1 1 1 1 1 0 
0 0 0 0 0 0 1 1 1 1 0 0 1 0 1 1 0 0 1 0 0 0 1 1 1 0 0 0 0 0 0 0 0 0 0 0 0 1 1 1 0 1 
1 0 1 1 1 1 1 1 0 1 1 1 0 0 0 0 0 0 0 0 0 1 0 0 1 0 0 1 1 0 0 0 0 0 1 0 1 0 1 1 1 0 
1 1 0 1 0 0 1 0 0 1 1 0 1 1 0 1 0 1 0 0 1 0 0 1 0 0 1 1 1 1 1 0 0 1 1 0 1 0 1 1 1 0 
1 1 1 1 0 1 0 0 0 0 1 0 1 1 0 0 1 0 1 0 0 0 0 0 0 1 0 1 1 0 0 0 1 1 0 1 1 0 0 1 0 1 
1 1 0 0 0 1 0 1 0 0 1 0 0 0 1 1 1 0 1 1 1 0 1 1 1 0 1 1 1 0 0 0 1 1 0 1 0 0 1 0 1 0 
0 1 0 0 0 0 0 1 1 1 1 0 0 1 0 0 0 1 0 1 0 1 0 0 1 0 1 0 1 0 0 1 1 1 1 0 1 0 1 0 1 1 
