55 45 1886
47 43 23 52 31 28 15 35 69 1 69 81 10 60 24 38 42 44 51 24 83 46 16 31 98 38 92 21 20 33 59 18 75 33 22 5 12 36 91 81 88 12 13 97 71 
36 86 64 32 88 88 14 34 3 97 83 40 40 55 11 72 13 29 46 97 50 2 9 37 45 41 24 8 53 73 78 88 58 41 71 46 80 85 31 82 33 13 74 72 67 
84 95 32 12 40 80 13 93 88 1 37 28 25 44 80 49 73 20 6 66 90 3 45 26 85 79 10 49 52 33 68 35 27 99 99 18 78 63 11 18 64 99 45 88 95 
77 88 67 48 93 84 89 48 81 67 84 59 76 33 10 61 100 96 87 50 94 5 27 57 67 96 20 65 93 59 59 69 46 78 68 90 13 56 89 93 22 73 51 50 57 
12 10 56 8 48 5 53 52 83 9 70 79 80 87 23 38 97 91 35 74 10 77 87 65 65 79 39 89 82 88 45 93 49 52 52 96 56 5 100 91 13 69 21 45 55 
43 34 52 85 69 77 94 97 15 10 13 94 48 2 27 87 98 71 35 50 23 31 57 27 30 99 91 50 19 35 57 13 69 8 97 89 36 42 85 51 52 97 96 99 50 
22 86 48 92 72 49 66 2 57 92 83 56 83 33 26 69 89 39 89 48 87 77 83 29 13 85 80 10 80 30 11 53 15 10 97 87 58 62 40 67 6 23 22 40 55 
99 8 95 37 49 42 76 25 76 4 38 61 83 99 92 12 9 97 79 19 45 17 28 58 56 94 63 30 67 54 36 66 14 30 54 62 23 29 38 99 32 75 11 66 25 
54 30 86 2 60 4 46 76 83 56 83 77 18 65 95 24 100 12 37 30 66 50 4 46 87 54 30 62 16 47 38 70 76 23 23 35 78 21 62 61 76 97 89 45 61 
35 68 60 47 56 41 64 5 97 9 92 50 38 5 66 85 94 87 12 17 9 99 46 29 12 58 4 8 98 1 20 33 68 32 79 76 72 42 80 20 2 23 70 92 79 
35 28 73 21 39 89 81 89 34 10 1 44 65 8 41 17 28 73 37 11 3 12 34 96 43 54 98 66 23 41 96 57 68 68 29 58 8 9 47 94 70 99 37 35 6 
77 51 85 2 87 95 4 50 81 100 93 34 49 10 56 41 5 64 8 73 92 17 80 100 63 25 70 61 61 56 19 38 58 55 39 97 2 94 46 82 45 90 15 93 99 
22 33 56 85 92 28 76 9 59 27 23 84 48 36 44 55 6 33 13 12 23 61 13 17 58 46 61 48 12 6 46 33 90 1 17 82 80 44 42 91 23 16 74 70 3 
69 77 8 54 41 20 76 1 84 44 58 82 5 57 93 62 3 26 51 55 94 84 87 90 77 77 12 93 2 33 95 22 9 55 75 1 74 3 1 9 46 11 90 50 67 
83 11 21 60 14 28 5 97 14 94 26 42 57 18 95 42 64 16 2 18 43 3 43 45 3 52 90 65 41 92 32 75 54 52 34 19 31 91 68 44 36 93 37 45 10 
31 86 73 99 87 43 41 41 85 37 96 36 26 60 29 69 43 3 75 95 89 93 77 31 60 21 66 52 9 10 13 40 47 38 38 86 80 30 26 16 66 21 4 43 33 
32 64 75 86 38 21 26 82 98 56 94 70 74 45 78 83 10 69 82 47 6 67 78 87 92 93 52 65 96 47 97 27 10 23 65 99 44 90 32 93 98 25 62 71 22 
39 5 31 8 86 77 65 52 54 52 96 46 55 60 42 53 8 20 14 82 36 64 25 26 96 69 75 20 30 45 41 21 1 71 28 87 99 44 90 4 47 85 2 54 96 
95 6 55 14 72 37 50 35 13 27 30 82 1 50 11 97 42 31 97 13 10 83 63 6 73 67 52 9 20 5 5 14 63 59 79 34 47 80 68 60 58 98 93 10 99 
55 6 40 38 55 4 47 89 19 52 13 37 56 22 56 60 78 69 74 88 99 7 35 79 27 46 36 76 38 46 74 92 3 65 29 57 21 76 46 39 79 58 75 34 31 
82 46 8 2 19 96 100 78 82 78 4 27 66 79 64 63 4 55 65 20 36 74 92 63 19 30 41 28 56 27 59 89 24 18 90 42 65 90 71 46 19 74 24 36 4 
87 98 59 94 63 31 29 88 22 91 6 4 83 85 59 61 95 100 84 13 89 78 29 78 48 27 49 74 50 84 29 89 34 40 82 48 70 62 35 91 4 40 46 86 76 
57 99 71 56 82 35 44 59 63 74 59 89 22 32 91 57 12 79 90 51 12 37 20 73 71 63 76 62 8 13 38 16 63 8 71 45 42 15 55 56 88 65 97 61 48 
87 17 60 65 59 10 76 95 82 100 66 96 27 27 55 91 64 71 54 23 41 50 16 7 56 72 46 21 68 6 68 6 75 27 22 33 89 49 27 22 48 44 69 26 23 
23 16 86 45 21 61 38 70 76 44 26 99 90 46 18 95 65 23 21 44 44 53 84 92 80 5 91 75 25 16 97 47 84 35 44 4 95 81 74 22 76 51 21 65 48 
38 12 12 13 32 7 56 37 90 100 68 46 90 42 70 6 39 69 41 73 12 44 19 44 17 40 19 19 12 36 66 50 47 30 62 30 36 69 66 26 20 85 71 10 27 
41 67 17 9 7 89 72 50 59 15 19 98 33 89 10 68 55 11 66 36 24 48 71 44 65 96 64 50 19 25 76 11 91 44 19 49 84 42 50 42 56 20 91 40 9 
52 60 15 62 25 50 37 72 20 81 89 68 96 38 38 20 65 48 62 8 18 62 91 59 11 32 66 83 22 5 43 74 64 57 87 41 58 76 64 29 56 52 48 3 89 
85 22 5 32 35 12 49 96 54 59 58 85 24 40 59 29 34 84 44 90 22 84 99 97 100 28 4 51 27 6 92 12 27 96 43 13 60 44 8 13 2 66 98 26 57 
8 6 91 43 49 32 64 85 83 61 84 62 64 34 88 70 25 99 48 73 94 61 32 89 20 44 90 37 93 67 46 52 72 36 94 21 19 58 57 1 70 40 62 33 73 
2 54 50 100 54 22 45 14 53 33 85 48 75 22 41 41 67 92 65 54 86 37 72 95 93 25 64 32 38 48 56 39 2 5 91 55 78 35 20 30 20 4 30 46 77 
70 38 95 13 2 48 50 90 72 44 82 48 59 65 85 7 21 76 8 77 66 14 55 52 33 36 23 88 65 68 17 86 6 11 99 59 59 100 49 82 96 82 29 54 99 
13 60 19 88 19 47 5 32 1 57 16 37 79 56 53 47 72 39 4 82 89 62 92 88 62 73 35 44 1 89 42 14 100 12 53 71 10 58 54 11 66 22 99 44 77 
51 42 100 89 45 81 29 59 73 69 20 45 3 63 46 43 56 11 95 19 15 17 81 72 70 91 89 43 41 33 19 91 26 18 32 71 51 12 29 23 80 100 19 35 15 
16 77 22 78 23 93 93 39 73 16 61 15 5 3 55 89 74 97 14 43 28 36 93 40 16 67 71 16 38 5 30 53 34 51 31 56 43 75 95 15 90 55 29 94 9 
83 82 82 32 48 25 59 83 69 50 99 88 73 14 25 77 43 77 10 45 59 18 88 33 12 54 75 18 83 68 78 17 2 60 100 1 36 59 83 56 60 81 43 84 46 
67 61 40 96 22 85 6 39 24 39 2 77 65 71 11 84 49 80 37 60 79 37 47 89 20 2 1 52 97 84 50 15 44 89 10 18 25 68 8 48 6 10 25 22 32 
35 5 32 66 42 91 45 78 37 33 49 91 33 53 87 69 2 1 64 90 63 81 15 30 89 14 87 50 38 8 33 25 12 65 90 53 7 86 83 44 71 31 86 55 83 
72 23 84 24 87 26 86 19 92 15 7 5 53 8 95 60 93 19 24 57 60 76 63 46 58 58 68 41 43 22 23 66 45 59 90 83 84 27 1 75 94 60 31 46 19 
25 58 11 43 81 67 55 8 82 52 18 39 19 58 34 92 32 99 36 90 40 70 73 67 71 99 60 30 30 57 48 6 14 59 1 46 77 55 54 10 58 23 1 76 80 
34 67 63 84 55 53 76 24 77 42 46 28 53 27 57 9 75 14 75 85 14 20 13 20 25 23 77 47 23 4 78 8 23 41 43 29 93 18 4 21 11 50 48 63 76 
56 24 2 70 98 38 35 69 51 55 94 25 83 92 99 87 70 6 9 10 100 37 54 18 40 74 80 41 22 43 17 29 18 70 98 67 8 33 35 58 39 80 82 21 72 
32 7 41 89 67 2 88 3 7 57 95 80 37 35 53 31 51 82 48 21 31 14 28 15 100 37 53 32 70 74 3 1 80 95 89 47 48 28 1 54 85 95 85 73 30 
90 3 32 23 50 4 53 15 83 68 66 71 20 97 40 45 51 92 77 97 32 23 44 12 75 49 48 70 34 20 51 75 22 34 97 23 90 1 89 72 20 54 95 92 3 
34 36 53 78 12 50 61 86 45 72 61 94 19 82 79 38 84 5 11 69 53 33 58 53 73 82 25 79 76 16 81 61 3 85 38 67 86 51 52 31 22 64 76 41 97 
6 30 32 10 41 1 62 25 10 66 50 91 90 28 66 57 8 27 60 92 16 26 30 66 29 60 40 45 35 80 41 92 61 25 1 53 77 14 30 86 79 79 77 69 58 
94 25 65 72 84 8 88 61 37 5 42 48 44 86 34 75 78 25 36 2 77 40 78 90 69 16 69 99 44 37 56 37 13 72 9 49 80 48 9 68 4 2 68 48 87 
1 74 65 78 9 18 54 49 48 44 69 63 12 68 58 100 23 94 12 95 54 60 26 53 21 45 57 22 12 56 61 65 29 25 42 90 94 95 90 93 38 58 7 49 77 
64 100 52 10 12 98 63 23 75 68 43 19 76 17 83 31 77 47 11 53 40 100 98 34 41 91 24 51 97 24 27 61 24 30 70 35 79 84 57 53 51 52 24 26 20 
58 8 96 56 71 100 95 70 97 28 63 87 3 13 84 27 91 96 50 73 65 36 51 48 92 4 51 95 27 28 14 84 88 61 39 58 12 85 79 9 64 41 95 67 5 
30 93 96 25 94 68 41 29 18 41 72 73 91 67 51 70 32 86 57 45 76 14 56 60 93 64 24 85 11 42 90 92 86 85 69 79 4 9 7 73 49 78 46 91 96 
48 13 28 34 69 24 9 35 79 21 27 95 44 11 57 37 100 48 22 36 16 100 91 77 6 64 77 35 61 68 31 8 32 10 93 100 85 2 34 63 22 12 57 17 23 
65 53 74 13 26 62 80 25 52 56 82 15 33 16 27 52 98 35 83 59 27 34 43 80 68 58 53 31 66 21 5 31 25 79 43 50 40 22 74 91 30 7 58 62 75 
84 13 24 70 47 83 97 80 77 28 99 34 81 30 52 1 34 82 78 64 76 27 55 49 53 46 78 59 55 91 33 38 55 57 8 53 91 56 33 67 83 83 53 15 64 
56 68 98 37 45 13 64 71 68 64 23 65 94 34 19 84 66 56 91 74 63 43 64 70 75 83 53 10 87 67 73 42 86 22 30 30 35 93 1 54 56 75 18 49 8 
1 0 1 0 0 0 1 0 0 0 1 0 0 0 0 1 0 1 0 0 0 0 0 0 0 1 1 0 0 0 0 1 0 1 1 0 1 0 0 1 1 1 1 1 1 
1 0 0 0 1 0 0 1 0 0 1 1 0 1 1 0 1 0 0 0 1 0 0 0 0 1 1 0 1 0 1 0 1 1 1 0 1 1 1 1 0 0 0 0 1 
1 0 1 1 0 1 1 0 1 1 0 1 0 0 0 0 0 0 1 1 1 1 1 1 0 0 1 0 1 1 0 0 1 1 0 1 0 1 1 0 0 1 1 0 0 
1 0 0 1 0 1 1 1 0 0 0 1 1 0 0 0 0 0 1 1 0 0 0 1 1 0 1 0 1 1 0 0 0 0 1 0 0 0 1 0 0 1 1 1 0 
1 1 0 0 0 0 0 0 0 0 1 0 1 0 1 1 0 1 1 1 0 1 1 1 0 1 1 0 1 1 0 0 0 0 0 1 0 1 1 0 1 1 0 0 1 
1 1 1 0 0 0 1 1 1 0 0 1 1 0 0 0 0 0 1 0 1 0 1 0 1 1 1 0 0 1 1 1 1 1 0 1 1 1 1 1 1 1 0 0 1 
0 1 1 0 0 1 1 0 0 1 1 0 0 0 0 0 1 1 1 0 1 0 0 0 1 1 1 0 1 0 1 1 1 0 1 1 0 1 1 0 0 0 0 1 0 
0 1 0 0 0 0 1 0 0 0 0 1 1 0 0 1 0 1 0 0 1 1 0 0 0 1 0 1 1 1 1 0 0 1 0 0 0 1 1 0 1 1 0 1 1 
0 0 1 0 1 0 1 0 0 1 1 1 1 0 1 1 1 1 1 1 1 0 1 0 1 1 0 0 1 1 1 0 1 1 0 0 1 1 1 1 0 0 1 1 0 
0 0 1 1 0 0 0 0 1 0 1 1 0 1 0 1 0 0 1 1 0 1 0 1 0 0 1 0 1 1 0 1 1 0 0 1 0 0 1 0 0 0 1 1 1 
1 0 0 0 1 1 0 1 0 0 1 0 1 0 1 0 0 0 0 0 0 1 1 0 1 1 0 1 0 1 1 1 0 1 1 1 0 0 0 0 0 0 0 1 0 
1 0 0 1 0 1 1 1 0 1 0 1 0 0 1 1 1 0 1 0 0 1 0 0 1 1 0 1 1 1 1 1 1 0 0 1 1 0 1 1 1 1 0 1 1 
1 1 0 1 0 0 1 1 1 1 1 0 1 0 1 1 0 0 0 0 1 0 1 1 1 0 0 0 0 0 0 1 1 0 0 1 1 0 1 0 1 0 0 1 0 
1 0 0 0 0 0 1 0 1 0 1 1 0 0 1 0 0 0 1 0 1 1 1 1 0 1 0 0 1 1 0 1 1 1 1 0 1 0 0 1 0 0 0 0 0 
0 1 0 0 0 0 1 1 0 0 1 1 1 1 1 0 0 0 0 1 1 0 0 1 0 1 1 0 0 1 0 0 0 0 0 1 1 0 0 1 0 0 0 1 1 
1 0 1 1 0 0 0 0 1 1 0 0 0 1 0 0 1 0 0 0 1 1 1 1 0 0 1 0 0 1 1 0 1 1 1 1 1 0 1 0 1 1 1 0 0 
1 0 0 0 0 0 1 0 1 0 0 1 1 0 1 0 1 1 1 0 1 0 0 1 1 0 0 1 1 0 1 1 0 1 1 1 1 0 1 0 0 1 1 1 1 
1 0 0 0 1 1 1 0 1 0 1 1 1 0 1 1 0 0 0 1 1 1 1 1 0 1 1 1 1 0 0 0 0 0 0 0 1 0 0 0 0 1 0 1 0 
1 1 0 1 1 1 0 0 0 1 0 0 0 1 1 0 1 1 1 1 1 1 1 1 1 1 0 0 1 1 0 0 0 0 1 1 0 1 1 0 0 1 0 0 0 
1 1 1 0 0 1 0 1 0 1 0 1 1 0 1 1 1 1 1 1 1 1 1 0 0 0 1 0 0 1 0 0 0 0 0 0 1 0 1 1 0 1 0 1 0 
1 0 1 1 0 0 0 1 0 0 1 0 1 1 0 1 0 0 1 0 1 0 1 1 1 0 1 1 0 1 1 0 1 0 1 1 0 1 0 0 1 0 0 1 1 
1 0 1 1 1 1 0 1 0 0 1 0 1 0 1 0 1 1 0 1 0 1 1 1 0 0 0 0 0 1 1 1 1 1 1 1 0 1 0 1 1 1 1 1 1 
0 1 0 1 1 1 1 1 1 0 1 1 1 1 1 0 0 1 0 1 0 1 0 1 1 1 1 1 0 0 0 1 1 1 0 1 0 0 0 1 0 1 0 1 0 
0 0 0 1 0 0 1 1 0 0 0 1 1 1 1 1 0 0 1 1 1 0 1 1 0 1 1 1 1 1 1 1 1 1 0 1 1 1 0 1 0 0 0 1 0 
0 1 0 0 0 1 1 0 0 0 0 1 0 1 1 1 0 0 0 1 1 1 1 0 1 0 0 1 1 0 1 1 1 1 1 1 0 1 1 1 1 1 0 1 0 
1 0 0 0 0 1 1 1 0 1 0 1 0 0 0 0 1 1 1 1 0 0 1 1 1 0 1 0 1 0 0 0 1 0 0 1 1 1 1 0 1 1 1 1 1 
1 1 1 0 0 0 0 0 1 0 1 0 1 1 1 1 1 1 0 1 0 0 0 1 1 0 0 0 1 1 0 0 0 1 0 0 1 1 0 0 1 1 0 0 0 
1 1 1 1 0 0 1 0 1 0 1 1 1 1 1 0 1 1 1 0 0 1 1 1 0 0 0 1 0 0 0 0 1 1 1 1 0 0 1 1 0 0 0 1 0 
1 0 1 1 1 0 1 0 1 0 0 1 0 0 0 0 0 0 1 1 1 1 1 1 0 0 1 1 1 1 1 0 1 0 1 0 0 0 0 0 0 1 1 0 1 
1 0 1 1 0 0 0 1 0 1 1 0 1 0 1 0 1 0 1 0 1 1 0 0 1 0 0 0 0 1 1 1 1 0 1 1 1 1 0 1 1 0 1 0 0 
1 0 0 1 1 0 0 0 0 0 1 1 1 0 1 0 1 0 1 0 1 1 1 1 1 0 0 1 1 0 0 0 0 0 1 1 0 0 1 0 0 0 1 1 0 
0 1 0 1 1 0 0 0 1 1 1 1 1 1 0 1 1 1 1 1 0 0 1 0 1 1 1 0 1 0 0 1 0 0 0 1 0 1 1 1 0 0 0 0 1 
1 1 0 0 1 1 0 1 0 1 1 0 0 1 1 0 1 0 0 0 1 1 0 0 0 0 0 1 0 0 0 1 0 1 1 1 0 0 0 1 1 1 1 1 0 
0 1 0 0 0 0 1 1 0 1 0 0 0 1 1 0 1 0 0 0 0 1 1 0 0 0 1 1 1 0 0 1 1 0 1 1 0 1 1 0 0 1 1 0 0 
0 1 1 0 1 0 0 1 1 0 1 1 1 0 0 1 0 1 1 0 0 0 0 1 1 1 0 0 0 0 0 0 1 0 0 1 0 1 0 1 1 1 0 1 1 
0 0 0 1 1 0 1 0 1 1 1 0 1 0 0 1 0 0 1 0 0 0 0 1 0 1 1 1 1 0 0 1 0 0 0 0 1 0 0 0 1 1 0 0 1 
0 1 0 0 0 0 0 0 1 0 0 0 1 1 0 1 0 1 1 0 0 1 1 0 1 1 1 1 1 1 0 1 0 0 1 1 1 0 1 0 0 0 0 1 1 
0 0 1 0 1 0 0 1 1 0 0 1 1 1 0 0 0 0 0 0 1 1 1 1 1 1 1 1 0 0 0 0 0 0 0 0 0 0 1 1 0 1 0 1 1 
1 1 1 1 0 1 0 1 1 0 0 0 1 1 0 0 0 1 0 0 1 0 0 0 1 1 0 1 0 0 0 1 1 1 0 1 0 0 1 1 0 1 0 0 1 
0 0 1 1 0 1 1 1 1 1 0 0 1 1 0 1 1 1 1 0 1 0 1 0 1 0 0 1 0 0 0 1 0 1 0 1 0 1 0 1 0 0 1 0 0 
0 1 1 1 0 0 1 1 1 1 0 1 1 1 0 0 1 1 0 0 1 1 0 1 1 1 1 0 1 1 0 1 1 1 0 1 1 1 0 0 0 1 0 0 0 
0 0 0 1 0 0 0 0 1 1 1 0 1 1 1 0 1 0 1 1 1 1 0 0 1 1 1 0 1 1 1 1 1 1 0 1 1 0 1 0 0 1 1 1 0 
0 1 0 1 1 1 0 0 1 0 1 0 1 0 1 0 1 0 1 0 0 1 1 1 0 0 1 1 1 0 0 1 1 0 0 0 1 0 0 0 1 0 1 0 0 
0 1 1 1 0 1 1 1 0 0 0 0 1 1 1 1 1 1 1 1 1 1 0 0 0 1 1 0 0 1 0 0 0 1 1 1 0 1 0 0 1 0 1 1 0 
0 0 1 1 1 1 1 1 1 1 1 0 0 1 0 1 1 1 0 0 0 1 0 1 1 0 1 0 1 0 0 0 0 1 1 0 0 0 1 0 1 0 0 1 1 
1 1 0 0 1 0 0 0 0 0 1 0 1 1 0 1 1 0 1 1 1 1 1 0 0 1 1 0 0 1 1 1 0 1 1 1 1 1 1 1 1 0 0 0 0 
0 1 1 0 1 0 1 0 0 1 1 1 1 1 1 0 1 0 0 0 1 1 0 1 0 1 0 0 1 1 0 1 0 0 1 1 0 1 0 0 0 1 0 1 0 
1 1 1 0 1 0 1 0 0 0 0 1 1 1 1 0 1 0 0 1 0 0 0 1 0 0 1 1 0 1 1 0 0 1 0 0 1 1 0 1 0 1 0 1 0 
1 1 1 0 1 1 0 1 1 1 1 1 0 0 0 1 0 0 0 1 0 0 0 1 0 1 1 1 1 0 1 1 1 1 1 1 0 1 0 1 0 0 0 0 0 
0 0 0 0 0 1 0 0 1 0 0 0 1 0 0 0 1 1 1 0 0 0 0 1 1 1 1 1 0 1 1 0 1 0 1 1 1 1 1 1 1 0 1 1 0 
1 1 1 0 0 0 0 1 0 1 0 0 0 1 0 0 0 0 1 0 1 1 0 1 0 1 0 0 0 1 0 0 0 0 0 1 0 1 0 0 0 0 0 1 1 
0 1 1 1 0 0 0 1 0 1 0 1 0 0 1 1 1 1 0 1 0 1 1 1 1 1 1 1 0 0 0 0 1 1 1 0 1 0 1 1 1 1 0 1 0 
0 1 1 1 1 0 1 0 1 0 1 0 0 0 0 0 0 1 0 1 0 0 1 0 1 0 0 1 1 1 1 1 0 0 0 1 0 0 1 1 0 0 1 0 0 
0 1 0 1 1 0 1 1 1 0 0 1 0 1 0 1 0 1 0 0 0 1 0 0 1 1 0 1 1 1 0 1 0 0 0 1 0 1 0 1 1 0 1 1 0 
1 1 0 1 1 1 1 0 1 1 1 1 1 1 0 0 1 1 0 1 1 1 0 0 1 1 0 0 0 1 0 0 0 0 1 1 1 0 0 1 1 1 0 0 0 
