49 49 1215
15 75 48 62 16 8 79 98 13 24 87 88 50 11 19 30 97 80 1 84 10 85 42 13 11 31 58 79 23 26 66 37 100 66 50 68 25 80 65 38 4 3 77 5 14 95 87 10 26 
87 45 35 23 38 99 86 68 9 16 90 86 81 79 37 98 28 4 23 8 69 12 63 23 88 19 36 34 5 97 59 43 94 94 18 31 44 3 99 52 18 40 37 50 18 74 48 98 77 
22 57 97 33 19 20 72 89 55 5 94 4 15 88 97 60 5 27 4 7 77 55 76 17 92 26 34 65 25 83 41 46 39 90 30 9 9 1 98 15 57 43 18 71 30 66 31 35 93 
34 93 21 88 21 37 31 98 23 47 22 5 40 67 96 29 48 4 37 48 53 3 4 95 21 26 77 86 56 63 30 41 7 51 81 27 39 11 24 13 10 97 18 49 15 65 77 62 68 
65 61 73 67 64 67 39 42 95 25 49 9 6 90 16 8 22 94 47 84 70 59 93 66 28 41 81 92 17 42 12 81 3 84 100 18 2 38 59 97 14 8 5 20 49 72 79 70 66 
25 53 35 36 46 52 63 38 32 7 55 26 70 87 80 53 86 49 6 76 60 54 89 19 11 60 67 82 39 88 99 15 92 85 50 89 37 65 27 68 23 33 45 92 19 24 96 57 25 
1 32 84 55 72 2 65 32 20 98 22 59 49 36 50 33 86 91 69 2 17 89 24 49 85 15 19 61 10 27 85 10 10 68 16 82 21 32 65 92 82 86 50 30 73 51 62 58 41 
83 59 9 23 82 57 7 48 28 67 57 54 3 19 64 22 86 97 42 70 61 85 51 98 86 80 70 37 93 80 29 27 90 38 49 72 46 8 71 73 74 28 79 77 98 42 98 83 38 
92 4 50 28 54 47 14 85 68 2 78 47 30 56 37 67 5 60 13 12 30 37 37 9 15 65 58 8 15 93 97 58 96 46 85 50 44 98 34 64 51 63 10 81 19 98 99 75 9 
11 38 39 100 74 99 14 91 57 22 57 49 18 14 96 16 98 45 11 48 31 74 98 93 84 30 63 33 29 37 42 91 74 32 90 100 82 56 42 38 29 98 38 46 11 86 13 60 30 
24 59 12 97 9 57 32 38 19 65 18 8 58 9 33 89 50 84 70 57 25 60 85 22 49 83 84 34 95 96 16 18 54 27 15 62 83 46 52 54 62 21 13 19 81 45 59 31 81 
29 87 5 40 24 79 88 6 14 74 100 9 89 18 63 67 84 76 2 81 79 7 95 100 19 13 80 15 72 62 95 52 1 52 43 24 82 82 29 95 55 28 56 95 97 70 14 32 45 
15 13 76 73 7 75 91 71 6 57 94 68 4 97 68 7 39 43 88 73 71 34 79 50 89 74 47 58 39 78 55 5 42 30 77 100 56 19 71 61 75 16 28 30 13 47 36 3 89 
23 27 11 9 6 61 49 31 7 7 69 36 13 73 30 42 1 29 49 19 51 9 45 67 89 75 31 87 10 85 76 85 12 38 93 69 98 41 99 56 99 67 92 63 91 73 56 43 1 
4 61 4 13 57 22 53 31 4 39 93 88 66 77 51 4 21 71 53 13 69 9 64 87 52 26 29 24 82 71 76 37 83 79 49 40 100 53 22 3 44 14 43 9 42 45 64 62 16 
17 27 84 77 42 23 28 67 51 3 100 22 78 37 56 57 37 95 8 90 17 11 85 30 5 93 72 49 9 85 16 77 63 52 53 4 74 32 23 76 34 22 49 11 10 5 19 99 99 
27 88 67 89 72 49 45 16 72 45 76 56 61 52 71 12 56 74 37 87 96 12 72 70 61 35 31 17 53 29 15 31 68 34 71 91 82 15 59 53 60 34 60 20 38 30 83 45 56 
19 84 3 82 55 72 42 89 55 10 94 83 25 76 51 10 47 41 91 13 99 43 24 85 54 43 22 84 77 66 39 47 49 93 29 56 17 22 96 71 32 89 53 8 17 55 17 63 96 
59 27 46 1 51 30 6 45 3 89 22 21 79 20 21 72 48 76 40 22 72 10 53 12 14 12 28 69 80 42 16 38 21 13 90 71 95 95 15 97 36 88 69 14 8 90 37 7 17 
76 28 88 37 32 52 51 43 31 19 22 25 86 59 45 98 48 67 92 95 81 89 30 21 57 95 80 98 32 86 15 59 14 54 48 45 57 98 40 88 68 61 64 53 72 8 50 71 74 
42 65 6 82 94 78 90 89 57 88 72 43 54 82 8 7 81 4 64 78 43 3 97 56 66 49 79 25 51 49 50 92 14 7 25 59 85 14 99 41 53 22 83 6 4 42 65 84 46 
80 14 40 82 10 95 99 11 73 23 61 22 24 4 87 30 28 97 14 93 96 55 46 17 89 3 72 83 19 56 28 98 21 67 31 82 14 29 92 38 3 52 11 26 55 97 8 34 46 
21 27 41 27 24 57 68 78 81 50 97 88 29 46 8 47 77 89 12 57 81 50 60 84 60 37 39 9 44 72 54 17 50 94 43 73 2 62 51 34 11 47 21 91 44 28 90 20 69 
1 77 49 50 88 32 10 24 22 18 68 46 23 84 95 68 78 68 21 40 70 55 2 16 75 45 59 55 34 31 23 34 7 71 84 94 54 45 69 28 14 88 73 36 71 67 3 1 86 
75 40 55 29 93 22 4 37 33 58 70 63 32 4 21 2 39 66 7 83 34 34 96 22 58 83 44 77 37 44 62 11 35 17 40 28 90 95 16 22 4 86 36 35 41 8 88 79 73 
94 13 59 80 8 32 89 42 27 65 78 23 79 88 57 47 27 36 36 73 4 10 76 41 45 62 81 5 49 11 29 95 75 87 26 34 70 14 75 97 79 52 19 57 39 27 3 18 15 
90 90 18 99 18 58 96 79 90 100 28 100 28 22 74 67 47 7 36 12 33 84 90 84 2 98 22 81 52 91 95 42 81 64 92 50 21 87 28 10 38 7 61 66 80 86 84 78 44 
19 90 76 3 31 59 56 81 32 88 32 23 34 25 55 97 17 56 17 3 83 78 41 42 38 58 21 23 41 99 66 11 40 93 65 70 51 73 50 35 60 34 9 94 58 15 90 26 70 
59 81 4 36 21 45 74 30 18 48 70 68 66 32 7 58 97 28 9 69 30 95 80 63 3 73 72 69 15 98 38 73 78 41 60 50 38 85 31 55 33 52 22 98 83 80 55 79 7 
15 99 36 9 79 50 63 3 22 31 17 71 20 41 100 13 53 1 50 37 31 56 69 82 29 66 16 8 73 47 66 87 45 2 48 75 3 10 78 76 93 46 46 12 39 97 24 91 97 
25 27 79 80 96 12 8 13 28 67 37 26 33 24 22 86 23 97 88 32 26 16 76 71 13 88 9 10 63 51 58 88 78 37 67 25 100 27 89 79 93 26 4 77 1 26 14 23 74 
54 6 99 69 82 21 81 21 30 90 83 80 100 22 9 88 41 33 87 67 22 66 11 47 21 40 99 98 53 21 71 6 26 21 74 7 42 55 79 71 96 14 2 95 35 63 34 75 95 
21 93 68 38 56 66 10 95 64 8 99 84 30 5 62 51 30 20 92 36 99 14 84 12 67 30 98 29 64 25 76 36 69 43 73 24 61 82 70 24 41 69 60 71 25 21 21 6 40 
12 94 90 25 77 53 91 6 3 72 21 27 47 56 95 89 80 71 49 62 40 25 2 60 84 72 36 56 44 42 47 55 35 37 31 63 41 74 68 43 45 41 69 91 96 16 31 76 86 
80 89 25 4 42 37 39 66 72 94 9 65 40 16 99 28 46 61 69 71 81 11 15 73 32 5 68 47 36 95 32 67 35 8 22 77 96 12 94 68 5 54 84 96 69 83 76 67 95 
44 37 27 6 4 99 37 60 19 35 95 65 18 13 100 26 34 28 21 45 73 40 1 26 24 49 47 58 76 65 4 71 53 83 76 56 33 65 16 51 99 62 16 17 75 67 94 60 94 
66 57 66 58 9 91 33 57 89 42 32 53 97 2 6 79 30 61 12 46 28 14 96 90 29 12 16 95 57 75 40 75 83 5 32 92 48 16 100 36 57 32 41 53 85 46 84 66 58 
95 11 86 8 59 27 89 70 42 35 79 68 75 53 51 31 36 42 78 51 41 66 59 24 6 11 61 51 94 26 60 40 89 45 100 47 71 88 68 64 22 98 32 48 2 82 79 37 23 
56 39 15 21 97 39 78 8 51 28 53 28 40 93 68 84 92 66 7 31 34 70 4 83 1 52 85 34 30 73 8 85 12 23 58 8 13 35 67 63 15 20 42 54 64 10 89 7 75 
95 37 60 17 92 43 17 43 79 51 72 51 58 9 14 32 18 22 44 4 40 58 70 59 100 75 74 9 64 80 35 10 68 95 26 60 89 95 54 67 97 26 69 6 86 83 38 3 4 
33 58 43 43 28 54 42 2 79 2 17 11 36 79 78 82 56 89 70 2 43 88 98 20 57 4 57 39 93 11 94 77 68 88 19 47 93 12 49 72 65 17 82 53 47 11 34 3 52 
56 4 46 43 54 65 99 9 73 89 53 83 34 29 50 22 100 97 14 63 97 85 28 65 18 32 12 29 65 66 80 72 21 25 67 74 41 65 82 13 6 34 95 39 15 96 12 14 44 
26 76 40 62 55 5 80 86 68 60 3 85 39 26 5 15 92 79 7 9 12 19 14 98 65 4 12 12 16 77 56 93 4 95 54 59 51 85 96 70 44 50 54 34 76 59 100 67 89 
6 75 100 76 40 97 40 44 8 4 11 36 59 3 40 5 8 98 8 45 45 77 88 95 83 74 22 41 73 40 29 31 15 80 6 6 77 46 1 36 49 11 72 59 65 11 63 25 60 
70 69 56 99 8 2 81 81 23 21 6 15 1 36 29 32 41 86 8 38 87 96 38 49 19 96 66 29 11 90 40 80 58 47 78 17 49 10 98 23 82 55 37 82 42 17 14 82 3 
73 72 41 20 9 41 38 57 6 18 67 47 9 98 56 56 28 73 56 37 22 78 71 28 67 52 69 83 17 50 37 42 73 29 13 34 70 51 90 27 20 8 74 81 57 81 36 36 53 
91 25 26 20 95 53 86 98 21 21 67 23 57 8 95 86 72 28 7 74 69 33 94 76 58 74 85 39 61 20 43 3 44 69 22 90 73 60 88 94 80 54 16 88 13 62 25 84 90 
83 58 58 16 3 86 25 28 22 15 88 41 10 90 37 78 63 78 50 22 65 95 53 70 62 93 82 24 17 18 13 100 27 22 67 81 59 43 8 80 10 95 73 19 36 61 48 98 38 
49 72 3 44 76 24 5 68 6 28 37 75 92 36 53 66 54 33 76 96 40 8 5 86 80 75 21 40 22 70 29 71 93 83 66 69 7 22 88 12 2 24 38 93 11 90 10 64 22 
1 1 0 0 1 1 1 0 1 0 1 0 0 1 1 1 0 1 1 0 0 0 1 0 1 1 0 0 1 0 1 0 1 1 0 0 0 1 0 1 1 0 1 1 1 0 0 0 1 
1 0 0 1 1 0 0 0 0 0 1 0 1 1 1 0 1 0 0 0 0 1 1 0 1 1 0 1 1 0 1 1 0 1 0 1 1 1 1 1 1 1 0 1 0 1 1 0 1 
0 0 0 1 0 0 0 1 0 0 0 0 1 1 0 0 0 1 1 1 1 0 0 0 0 1 0 0 1 0 1 1 1 1 0 1 0 1 0 0 1 0 1 0 0 1 0 0 1 
1 1 0 1 1 0 0 1 0 0 0 1 1 1 0 1 1 1 1 0 1 1 1 1 0 1 1 0 1 1 1 0 0 1 0 0 1 0 1 1 0 1 0 1 0 0 0 1 1 
1 0 0 1 1 0 1 1 1 1 0 1 0 1 1 1 1 1 0 1 0 0 1 1 0 0 1 1 1 1 0 0 1 1 1 0 1 1 1 0 0 0 1 1 1 1 0 0 0 
1 1 1 1 0 0 1 0 0 0 1 1 1 0 0 0 1 0 1 0 0 1 1 0 1 0 1 0 0 1 0 1 0 1 0 0 0 0 0 0 0 0 1 1 0 1 1 1 1 
0 0 1 0 1 1 1 1 0 1 1 1 1 1 1 1 1 1 1 1 0 1 0 0 0 1 0 1 1 1 0 1 1 0 1 0 1 0 1 0 1 1 1 1 0 1 0 1 0 
1 1 0 0 1 0 0 0 0 1 1 0 1 1 1 1 0 0 1 1 1 1 0 0 0 1 0 1 1 0 0 0 1 0 0 0 1 0 0 1 1 0 1 1 1 1 0 1 1 
1 0 0 0 1 1 1 0 1 0 0 1 0 0 0 1 1 0 0 1 1 1 1 1 1 0 0 0 0 1 1 0 0 1 0 1 0 1 1 0 0 1 1 0 0 0 1 1 0 
1 0 1 1 1 0 0 1 0 0 0 0 1 0 0 0 0 1 1 0 0 1 0 0 0 0 0 0 0 1 1 1 1 0 0 1 1 0 0 1 0 0 1 1 0 1 0 1 0 
1 1 1 0 1 1 0 1 1 1 1 0 0 1 1 0 1 0 1 0 1 1 0 1 0 0 0 0 0 1 0 1 0 1 1 1 0 1 0 1 0 0 1 0 1 1 1 0 1 
0 0 0 1 1 0 0 1 0 0 1 1 0 0 1 0 1 0 0 0 0 0 1 0 1 1 1 0 0 0 0 1 0 0 0 1 0 0 0 0 0 1 1 1 1 0 1 0 0 
1 1 1 1 0 1 1 1 1 1 0 1 1 1 1 0 1 1 0 0 1 1 0 1 0 1 0 1 0 1 1 0 0 0 1 0 0 0 1 1 0 1 0 1 0 1 1 0 0 
0 0 0 1 0 1 1 0 1 0 0 0 0 0 0 0 0 0 0 0 0 1 0 1 1 0 0 1 1 0 1 1 0 1 0 0 0 0 0 0 0 1 0 0 1 1 1 1 1 
1 0 1 1 0 1 0 0 1 1 0 1 1 1 1 0 0 1 1 0 0 1 0 1 1 1 0 0 0 0 0 1 0 1 0 0 0 1 1 1 0 1 0 1 0 1 0 0 1 
1 0 1 0 1 0 1 0 0 0 0 0 0 1 0 1 0 1 0 1 0 1 1 1 0 1 1 1 1 0 0 0 0 1 0 1 1 1 1 0 1 1 0 1 1 1 1 1 0 
1 0 0 0 1 1 0 0 0 0 1 0 0 1 1 0 1 0 1 1 0 1 0 1 0 0 0 1 1 1 1 0 1 1 0 1 0 1 1 0 1 1 1 1 0 0 1 0 0 
1 1 0 0 1 0 0 1 0 1 0 0 0 0 1 1 1 0 1 0 0 0 1 1 1 0 1 1 0 1 1 1 0 0 1 0 0 0 1 0 1 0 0 0 0 0 1 1 0 
1 1 0 1 0 1 0 1 1 1 1 0 0 0 1 0 1 1 0 1 0 1 1 0 1 1 1 1 0 0 0 1 0 0 0 0 0 0 1 1 1 0 1 0 0 0 0 0 1 
1 1 0 0 0 0 1 1 1 1 0 0 1 1 0 1 0 0 1 0 0 0 0 0 0 0 1 0 0 1 0 1 0 0 1 1 0 1 0 0 0 0 0 1 0 0 0 0 0 
0 0 0 0 0 1 0 0 0 1 1 1 1 0 1 1 0 0 1 1 1 1 1 1 1 0 1 1 0 1 0 0 0 0 1 0 1 1 1 1 0 0 0 1 0 0 0 0 0 
0 1 1 1 0 1 1 0 0 0 1 0 0 1 0 1 0 0 0 0 1 0 0 1 0 0 0 0 0 0 1 0 0 0 0 0 1 1 1 0 1 0 0 0 1 0 1 0 0 
1 0 0 1 0 1 0 0 1 0 1 0 1 1 0 0 1 0 1 0 1 1 0 1 1 0 1 1 1 1 0 0 1 0 0 1 1 0 0 1 0 1 1 0 0 1 0 0 1 
1 0 1 1 0 0 0 0 1 0 1 0 0 0 1 0 0 1 1 0 1 0 0 0 1 0 0 0 0 0 0 0 1 1 1 1 1 1 0 1 1 1 1 1 1 1 1 1 0 
1 1 1 1 0 1 1 0 1 1 1 0 1 1 1 0 0 0 0 1 0 1 1 0 0 0 1 1 0 1 1 1 0 0 0 0 1 1 1 1 1 0 1 0 1 0 1 1 0 
1 0 1 0 1 1 0 0 0 0 0 1 1 1 0 0 1 0 1 1 1 0 0 1 1 0 0 1 1 1 0 0 0 1 0 1 0 1 1 0 1 1 0 0 0 0 0 0 0 
0 1 0 0 1 1 0 1 0 1 1 1 1 1 1 0 0 1 0 1 0 1 0 0 1 0 0 1 1 0 1 1 1 1 1 0 1 1 0 1 1 1 0 0 0 0 1 0 1 
1 1 1 0 1 1 1 0 0 0 1 0 0 0 0 1 1 0 0 1 0 1 0 1 0 0 0 0 1 0 1 1 0 0 1 1 0 1 1 0 1 0 0 1 0 0 1 0 1 
1 1 1 1 1 1 1 1 1 1 1 1 0 0 1 0 1 1 0 0 0 0 0 1 1 1 1 1 0 1 0 0 0 0 1 1 1 0 1 0 1 0 1 1 0 1 1 1 0 
0 0 0 0 0 1 1 1 1 1 0 0 1 0 1 1 1 0 0 1 1 0 0 1 0 1 1 1 0 1 1 0 1 1 1 1 1 0 0 0 1 0 0 1 0 1 0 1 0 
1 0 1 1 0 1 1 1 0 0 0 1 1 0 0 1 1 1 0 0 0 0 1 0 0 0 1 0 1 0 0 0 1 1 1 1 0 1 1 1 1 1 0 1 1 1 0 1 0 
0 1 0 0 0 1 0 1 0 0 0 0 0 0 1 0 1 1 0 0 0 1 0 1 0 1 0 1 1 1 1 1 0 0 1 1 1 1 0 1 0 0 1 0 0 1 0 1 0 
1 0 0 0 0 1 0 1 1 1 0 1 1 1 1 1 0 0 0 1 0 1 1 0 0 0 0 1 0 0 1 1 0 1 0 0 0 0 1 0 0 1 1 1 0 0 0 0 1 
0 1 1 1 1 0 1 1 0 1 1 0 0 1 0 0 1 0 0 1 1 0 1 0 1 0 0 0 0 0 1 0 0 0 1 1 0 1 0 1 0 1 1 0 0 0 0 1 0 
1 1 0 1 0 0 1 1 1 1 1 1 0 0 1 0 1 0 1 0 0 0 0 0 1 1 0 1 1 0 0 0 1 0 0 1 0 1 0 1 0 0 1 0 0 0 0 1 1 
1 0 1 1 0 1 1 1 0 0 1 0 0 1 1 0 1 0 1 0 1 0 0 1 1 0 1 0 1 0 1 0 0 0 0 1 0 1 0 0 1 1 0 0 1 1 0 0 1 
1 1 0 0 1 1 1 0 0 1 1 1 0 1 1 1 1 0 1 0 1 1 0 0 1 0 1 0 0 0 1 0 1 0 0 0 1 1 0 0 1 1 1 1 1 0 0 0 1 
1 1 0 0 1 0 1 1 0 1 1 0 1 1 1 1 1 1 0 1 0 0 0 1 1 1 0 0 0 1 1 1 0 1 0 1 1 1 0 1 1 1 1 0 1 0 1 0 0 
1 1 0 0 1 1 1 1 0 1 1 1 0 0 1 1 0 0 1 0 0 0 1 1 0 1 0 0 0 1 0 1 0 0 1 0 0 1 1 0 0 0 1 1 0 0 0 1 0 
1 1 0 0 0 1 0 1 0 0 1 1 1 0 1 1 0 1 1 1 0 1 1 0 0 0 1 0 1 0 0 0 1 0 0 1 0 0 0 0 1 1 1 0 1 0 1 1 0 
1 0 0 0 0 1 1 0 0 1 1 0 0 0 1 0 0 0 0 1 0 0 0 1 1 0 0 0 1 0 0 0 0 0 1 0 1 0 1 1 1 0 1 1 0 0 0 1 0 
0 0 0 1 0 1 0 0 0 0 1 0 0 0 0 1 1 1 0 1 0 0 0 0 1 0 1 0 0 0 0 0 0 1 1 0 0 0 0 0 0 1 0 1 1 1 0 0 0 
0 1 0 0 0 0 0 0 1 0 0 1 0 0 1 1 0 1 0 0 1 0 0 1 1 1 0 0 1 1 0 0 0 0 0 0 0 0 0 0 0 0 1 1 1 1 0 1 0 
0 1 0 1 1 1 0 1 1 0 0 0 0 0 1 0 1 1 0 1 0 0 0 0 0 1 1 1 1 0 1 0 1 1 1 1 0 1 0 0 1 0 0 1 1 1 1 0 1 
1 1 1 0 1 1 0 0 1 1 0 1 0 0 1 0 1 0 0 0 0 0 1 0 1 0 1 0 1 1 1 0 1 0 0 0 0 0 1 1 1 1 0 0 1 1 0 0 1 
0 0 1 1 1 0 0 1 1 0 0 1 0 0 0 0 1 0 0 1 1 1 1 0 0 1 1 1 1 1 1 1 1 0 0 0 0 0 1 0 1 1 1 1 0 1 1 1 1 
0 0 1 1 1 1 1 0 1 1 1 0 0 1 0 0 1 0 1 0 0 1 1 1 0 0 1 1 1 0 0 1 1 1 1 0 1 0 1 0 1 0 0 1 1 0 0 1 1 
1 1 1 0 0 0 0 0 0 1 1 0 1 1 1 1 0 0 0 0 1 0 0 1 0 1 1 1 1 0 0 0 1 1 0 1 1 0 1 1 1 0 0 1 1 1 0 1 1 
0 0 0 0 0 0 0 1 1 1 1 1 1 1 0 0 0 1 0 0 0 1 0 0 1 1 0 1 1 1 0 1 1 1 1 1 1 1 1 0 1 0 1 0 1 1 1 1 0 
