45 45 838
28 91 30 76 60 37 34 48 26 20 58 89 63 16 75 31 58 6 10 32 1 80 28 100 26 66 29 49 27 33 62 6 76 43 82 87 31 67 86 8 87 43 48 1 11 
23 31 68 28 92 52 80 23 31 31 48 97 60 48 75 44 61 81 71 3 14 9 85 80 95 93 66 89 40 66 51 14 48 71 41 91 74 72 65 4 3 64 52 14 12 
27 9 24 59 32 27 72 40 63 51 86 55 69 27 47 86 29 60 86 99 53 28 72 24 93 28 78 8 31 91 19 9 100 95 67 83 21 38 22 35 41 60 42 61 86 
88 46 14 47 31 65 99 11 88 75 3 67 52 10 98 43 81 58 94 75 25 76 47 14 49 81 6 8 22 66 45 61 64 11 8 46 27 58 56 14 32 58 33 84 20 
82 78 52 39 23 78 15 50 24 81 50 56 38 10 30 4 54 90 19 16 49 64 42 7 20 8 38 29 92 73 48 73 2 51 63 24 28 78 73 51 10 23 59 47 32 
40 2 37 29 20 5 78 84 98 36 3 57 25 31 48 98 31 20 99 81 83 75 61 12 99 63 73 73 21 71 56 60 73 93 41 44 49 70 79 46 5 81 3 81 64 
50 78 46 22 29 78 56 3 38 19 1 1 91 74 73 61 29 85 85 73 25 81 21 46 59 19 2 92 21 82 55 22 60 52 43 40 29 98 94 19 68 46 71 58 19 
43 71 100 79 7 24 55 87 97 100 46 15 1 37 87 83 43 8 94 94 3 85 74 52 78 44 20 23 14 29 94 9 99 45 87 58 20 94 44 16 93 89 82 46 77 
68 80 19 28 25 64 82 9 90 85 38 33 4 60 99 33 5 59 83 49 97 40 69 90 36 36 35 76 18 80 53 37 59 23 16 83 39 49 43 28 34 80 12 37 39 
62 21 96 72 56 96 69 47 16 10 82 52 44 58 21 23 10 9 33 84 25 67 22 73 9 1 6 88 65 95 79 78 67 74 50 22 69 70 69 37 79 50 88 23 59 
60 97 68 68 82 4 44 48 77 17 9 78 74 96 94 20 26 71 87 51 72 60 72 41 28 8 72 30 95 94 88 54 42 8 73 75 11 17 23 87 85 83 16 58 78 
61 30 56 32 16 6 55 27 77 48 55 84 19 84 30 64 23 35 57 30 8 32 92 24 6 31 8 88 46 17 65 7 46 72 90 13 78 96 40 6 43 46 90 61 81 
71 24 3 6 81 85 65 64 76 88 69 6 47 56 4 15 72 62 61 44 51 25 21 46 16 78 89 13 67 1 93 90 77 48 95 9 84 59 72 11 98 40 69 96 95 
72 10 18 33 22 61 35 99 33 32 14 11 72 79 29 73 23 18 1 70 64 9 5 74 32 16 23 23 84 18 17 55 28 86 39 49 47 73 99 79 4 13 41 76 43 
22 100 65 39 100 87 55 60 91 28 91 6 3 13 89 20 81 95 99 66 85 100 64 9 98 95 13 62 35 40 4 56 91 69 47 90 55 53 1 45 32 91 3 34 55 
43 6 87 38 4 4 74 55 68 83 53 62 47 66 48 86 70 56 28 90 54 69 96 6 69 92 37 11 94 71 65 37 28 3 26 31 6 99 38 73 81 42 86 27 7 
34 64 28 41 91 69 94 59 64 51 79 56 87 89 1 9 5 37 36 7 62 19 13 13 56 37 93 49 23 72 55 8 87 35 48 78 3 93 88 19 95 19 74 81 7 
74 42 12 63 77 70 76 47 82 88 54 19 33 2 93 4 9 100 90 43 99 19 97 43 59 15 37 77 40 69 35 14 10 46 28 39 68 3 85 49 43 91 19 75 44 
11 30 52 10 71 46 60 42 43 2 100 9 38 28 49 7 62 14 68 60 41 6 27 95 43 27 37 85 46 63 28 8 92 80 18 15 77 77 56 19 31 7 80 20 86 
80 26 99 93 46 58 85 51 36 31 45 15 20 29 12 82 57 19 26 88 88 40 64 17 47 35 47 53 14 66 90 93 44 88 37 89 98 73 91 85 3 88 99 22 68 
10 4 24 29 29 63 68 20 27 84 66 13 30 70 78 48 59 22 91 98 58 31 95 30 73 80 84 60 30 6 28 40 61 3 20 41 66 87 60 44 71 77 56 52 98 
85 99 56 6 41 5 15 71 100 44 44 31 79 3 60 84 82 51 44 85 22 84 2 9 95 45 31 23 52 34 20 36 33 27 41 73 32 55 96 31 50 39 13 28 93 
72 64 75 23 7 59 44 43 12 4 89 56 86 12 59 20 31 46 4 58 86 76 89 92 71 71 93 61 83 72 54 6 35 28 28 94 38 24 88 49 79 76 56 65 87 
66 36 70 11 39 27 48 66 67 39 89 89 83 49 71 54 2 76 41 81 56 86 70 31 73 70 9 48 25 25 87 90 60 56 52 98 34 99 16 52 37 4 40 71 52 
62 77 6 37 17 38 44 2 8 74 74 29 35 73 54 59 11 95 19 18 47 68 3 45 83 54 34 86 93 56 90 6 32 47 43 100 36 38 1 95 64 26 24 98 51 
29 8 13 23 26 31 21 46 85 18 28 39 3 66 83 10 7 89 42 5 83 41 40 72 94 35 35 71 58 84 21 86 92 86 60 69 16 33 14 52 50 94 90 4 11 
25 13 17 65 6 21 47 99 12 70 92 46 5 62 55 88 35 92 31 72 52 100 39 36 13 90 37 58 80 40 68 56 4 36 20 10 8 18 8 20 87 51 17 91 64 
72 31 50 63 61 21 66 60 59 1 25 49 37 34 80 28 2 87 32 89 6 93 97 23 52 68 61 54 84 52 17 55 34 19 70 46 91 87 58 50 88 34 50 76 67 
81 4 20 19 87 9 24 31 57 98 82 24 10 87 7 13 55 14 46 73 83 92 64 21 1 65 8 34 66 36 100 98 39 20 16 77 80 91 7 36 40 40 11 49 26 
17 62 80 82 7 5 16 50 20 37 50 84 44 83 1 79 35 98 69 6 65 97 85 55 3 72 46 94 82 94 71 50 55 51 32 14 7 99 15 26 35 65 61 31 99 
61 61 85 10 82 90 26 78 74 80 81 97 77 26 30 70 97 80 25 99 63 90 5 61 4 82 48 20 42 78 71 54 38 55 15 19 45 40 97 70 71 29 67 47 6 
96 68 2 27 92 52 41 33 8 2 37 89 49 8 82 78 78 87 15 33 53 86 77 92 34 46 14 14 12 12 19 60 80 73 38 23 24 79 56 84 80 44 72 80 51 
6 57 29 44 23 13 97 60 89 40 93 86 6 58 50 17 29 9 96 1 46 71 76 24 26 59 55 21 83 86 71 40 42 51 83 17 63 31 76 3 71 21 89 76 78 
38 44 6 98 92 58 43 62 34 19 39 44 73 59 78 59 81 69 52 32 4 68 46 34 96 1 56 16 89 83 93 26 27 51 23 18 8 17 31 93 35 69 37 60 27 
66 70 7 35 73 90 38 93 88 71 88 88 79 3 28 61 47 5 87 97 27 56 57 95 86 49 82 54 85 93 32 3 62 91 37 86 32 74 78 19 96 65 58 74 19 
85 87 18 89 73 14 67 81 22 62 18 71 95 24 7 87 55 9 100 97 97 85 29 70 63 99 18 79 57 43 98 93 29 15 34 54 80 100 86 2 13 3 72 7 78 
30 45 85 39 44 81 35 81 9 57 95 60 26 73 68 68 70 60 49 36 93 54 68 45 39 69 57 93 92 16 71 21 60 55 11 56 35 98 88 96 54 82 7 79 54 
74 98 76 33 98 11 78 51 30 22 41 98 30 34 41 45 56 14 57 10 24 64 96 21 51 43 26 32 49 56 37 74 6 12 7 3 75 36 6 4 9 98 54 38 83 
46 35 38 59 91 99 35 6 47 7 8 41 85 91 42 40 27 15 97 91 73 52 65 8 57 20 16 6 25 6 89 71 40 78 81 82 77 67 87 75 26 94 15 10 36 
56 1 62 71 98 4 95 49 20 3 57 40 70 62 16 75 50 38 66 28 19 47 56 85 33 30 62 78 96 71 13 52 72 27 74 21 30 68 69 2 22 25 41 44 38 
8 70 88 46 36 67 64 82 22 100 67 3 14 44 98 84 9 1 7 87 26 27 68 46 95 69 19 71 61 62 9 69 84 48 66 19 66 81 52 39 32 18 41 45 14 
90 29 74 91 35 60 16 14 79 61 8 48 32 31 60 93 91 28 28 38 93 46 3 25 50 41 57 67 33 1 32 22 29 57 64 16 16 32 29 47 44 88 94 75 70 
5 20 60 33 47 49 77 45 3 2 94 95 10 12 79 10 44 53 91 100 16 58 68 99 38 66 43 77 11 17 47 15 88 58 99 35 59 76 79 61 29 72 8 90 83 
86 99 78 38 89 30 6 98 49 4 35 14 98 12 24 15 10 38 2 19 37 88 77 64 66 90 44 37 49 33 72 34 83 1 24 24 30 81 21 30 36 8 43 34 19 
18 100 80 8 53 98 96 41 27 11 6 16 54 95 64 38 18 49 20 18 24 43 100 4 16 29 40 23 24 73 93 93 24 72 100 76 21 47 16 47 57 74 14 62 68 
0 0 0 1 0 1 0 0 0 0 1 1 1 1 0 1 1 0 0 0 0 1 1 0 1 1 1 0 1 0 1 1 1 1 0 1 0 1 1 1 1 1 0 0 0 
0 1 0 0 1 0 0 0 1 1 1 1 0 1 0 0 0 1 1 1 0 0 0 1 0 1 0 1 1 0 1 1 1 1 1 0 0 0 0 1 1 0 0 1 1 
0 1 0 0 1 1 0 1 1 1 1 0 1 0 1 1 0 0 0 1 0 0 1 0 0 1 1 0 1 0 0 0 1 0 0 0 1 0 0 1 1 1 1 0 0 
1 1 0 1 1 1 1 1 1 1 1 0 0 0 1 0 0 1 0 0 1 0 1 1 0 0 0 0 0 0 0 1 1 0 0 0 1 0 1 0 1 1 0 0 1 
0 0 1 1 0 1 1 1 0 0 1 1 1 1 1 1 1 0 1 1 0 1 1 0 1 1 0 0 0 0 1 0 0 0 1 1 1 0 0 1 1 1 0 0 1 
1 1 0 1 0 0 0 0 1 0 1 0 0 1 0 0 0 0 1 0 0 0 1 0 0 0 1 1 1 1 0 0 1 1 0 1 1 0 1 0 0 0 0 1 1 
1 1 1 1 0 1 1 0 0 0 0 1 1 0 0 1 0 0 0 1 0 1 0 0 1 0 1 1 1 0 1 0 1 0 1 0 0 1 0 0 1 1 1 0 1 
1 1 1 0 1 1 0 1 1 1 0 0 0 1 1 0 0 1 1 1 0 1 1 1 0 1 0 1 1 1 0 0 0 1 0 0 0 1 1 0 0 1 0 0 0 
1 0 1 0 1 0 0 1 1 0 1 0 0 0 1 1 0 0 0 1 0 0 0 1 1 0 1 0 0 1 0 1 1 1 1 1 1 1 0 0 1 1 1 0 1 
0 1 1 0 1 0 1 1 0 0 0 0 0 0 0 1 1 1 1 0 0 0 0 0 0 0 1 1 1 1 0 0 1 1 0 0 1 1 0 0 0 0 0 0 1 
1 1 0 0 0 0 1 0 0 1 0 1 0 1 0 0 1 0 1 0 1 1 0 0 1 0 0 0 0 0 1 1 0 1 0 0 1 1 1 0 0 1 1 0 1 
1 0 0 0 1 1 1 1 1 1 0 1 0 0 1 0 1 1 0 0 1 1 0 0 0 0 0 1 1 0 0 0 1 1 0 0 0 1 1 1 1 0 0 1 0 
1 1 0 0 0 0 1 1 0 1 1 0 1 0 1 0 1 0 1 0 0 1 0 0 1 1 1 1 1 0 1 0 1 1 1 1 0 0 0 0 0 1 1 1 0 
0 1 1 0 0 1 1 0 1 1 1 0 0 0 1 0 1 1 1 1 0 1 1 1 1 1 1 1 0 0 1 1 0 0 1 0 1 0 0 0 1 1 0 1 1 
1 1 1 0 1 0 1 0 1 0 1 0 1 0 1 1 1 0 1 1 1 0 0 0 0 0 1 0 0 1 1 1 0 0 0 1 0 1 1 1 1 1 0 0 1 
1 1 1 1 1 0 0 1 1 0 1 1 0 1 0 1 1 1 1 1 1 1 0 0 0 1 1 1 1 1 1 0 1 0 1 0 0 0 1 1 0 0 1 0 0 
1 1 1 0 1 0 0 0 0 0 0 0 0 0 1 1 1 0 0 1 1 0 1 1 1 1 0 0 0 0 0 1 0 1 1 1 1 1 1 0 0 1 0 0 1 
1 1 0 1 0 1 1 0 1 0 0 0 0 0 0 1 0 1 1 1 0 0 0 0 1 0 0 0 0 0 0 0 1 0 1 1 0 0 0 1 1 0 1 1 0 
1 0 0 0 1 1 0 1 1 0 0 0 0 1 0 0 1 0 0 1 0 1 1 0 1 0 1 1 1 1 1 0 1 1 0 1 0 1 0 0 1 1 0 0 0 
0 0 1 1 0 0 1 0 0 1 1 0 1 1 0 0 0 0 1 0 1 0 0 0 1 0 1 0 0 1 0 1 0 1 0 0 1 1 0 1 0 0 0 1 1 
0 1 1 0 1 1 1 1 0 1 0 0 1 0 1 0 0 0 0 1 0 1 1 1 1 0 1 1 0 1 0 0 0 0 1 1 1 0 1 1 0 1 0 1 0 
1 1 0 1 0 0 1 1 1 0 0 1 1 0 0 0 0 0 1 0 1 0 0 0 1 1 0 1 1 1 1 0 0 1 1 0 1 0 1 0 0 0 0 0 0 
0 0 0 0 1 1 0 0 1 0 1 0 0 0 0 1 1 0 1 1 0 0 0 0 1 1 1 1 1 1 1 1 1 0 1 1 1 1 1 0 1 0 0 1 1 
0 0 0 1 0 1 1 0 0 1 1 1 0 1 0 1 0 1 1 0 0 0 1 0 1 1 1 1 0 1 0 0 1 1 1 1 0 0 1 0 0 1 1 0 0 
1 0 0 0 1 1 1 1 0 1 0 0 0 1 0 1 0 0 1 1 0 0 1 0 0 0 0 1 1 1 1 1 1 1 1 0 0 0 1 1 1 1 1 0 0 
1 1 0 1 0 1 1 1 1 0 1 1 0 0 0 1 1 1 0 0 1 0 1 1 1 0 1 0 1 1 1 0 0 1 1 1 1 1 0 0 1 1 1 1 1 
1 1 0 1 1 0 0 0 1 1 1 1 0 0 0 1 1 0 0 0 0 1 1 1 1 1 0 0 0 1 1 0 0 1 1 0 1 1 0 1 0 1 0 1 1 
1 0 0 1 0 1 1 1 0 0 0 0 0 0 0 0 1 0 0 0 1 0 0 0 0 1 1 0 1 0 1 0 0 0 0 1 1 1 0 1 0 1 1 0 1 
0 0 1 0 1 1 0 1 1 0 0 0 1 0 0 1 1 0 0 1 0 1 0 0 1 0 0 0 1 0 0 1 1 1 0 0 0 0 1 0 0 1 0 0 1 
0 1 1 1 1 0 1 0 1 1 0 1 1 0 0 0 0 0 1 1 0 1 0 0 0 0 0 0 0 0 1 1 0 0 0 1 1 1 0 0 1 0 1 0 0 
1 0 1 1 1 0 1 0 0 1 1 0 0 1 1 0 0 0 0 1 0 0 0 1 0 0 0 0 1 1 0 0 1 1 0 1 0 1 1 0 1 0 1 1 1 
0 1 0 0 0 1 0 0 1 1 0 1 0 0 0 1 0 0 0 0 0 1 0 0 1 0 1 1 1 0 1 1 1 1 1 1 0 1 1 1 1 1 0 1 1 
0 0 0 0 0 0 1 0 0 1 1 0 0 0 0 0 1 1 1 0 1 1 0 0 0 1 1 0 1 0 1 1 0 1 0 1 1 1 1 1 0 0 0 0 0 
0 0 0 1 1 0 0 0 1 1 1 0 0 1 0 1 0 1 1 0 1 0 1 0 1 1 0 1 1 0 0 1 0 0 0 0 0 1 0 1 0 1 0 0 0 
0 1 1 1 1 1 1 1 0 1 1 1 0 0 0 0 0 1 1 0 0 1 1 1 1 0 1 1 0 1 1 0 1 0 0 0 1 1 1 0 0 0 1 0 1 
0 1 1 1 0 0 1 1 1 0 0 1 1 1 0 1 1 0 0 1 0 0 1 1 1 1 0 0 0 0 1 0 1 0 0 1 0 1 0 1 0 1 1 1 0 
1 0 1 1 0 1 0 0 0 1 0 1 1 0 1 0 1 0 1 1 0 1 0 1 1 1 1 0 0 1 1 1 1 0 1 0 1 1 0 1 0 0 0 0 0 
0 0 1 0 1 1 0 0 1 1 0 0 1 0 1 0 1 0 1 0 1 1 1 0 0 1 1 0 1 1 1 1 1 0 1 0 1 1 1 0 1 1 1 0 1 
0 0 1 0 1 1 0 1 0 0 1 1 1 1 1 0 0 0 1 1 0 0 0 1 1 1 0 0 0 0 1 0 0 0 0 0 1 0 1 0 1 0 1 0 1 
0 1 0 1 0 1 1 0 1 0 1 0 1 1 0 1 1 0 0 1 1 0 1 1 1 1 0 1 0 1 0 1 0 0 0 0 1 1 1 1 1 0 1 0 0 
0 0 1 0 0 0 1 0 1 1 1 0 1 0 1 0 0 0 0 1 0 1 0 1 0 1 0 0 1 1 0 1 1 1 1 1 0 1 1 1 0 0 0 1 0 
1 0 0 1 0 1 1 1 0 0 1 1 0 0 0 1 0 1 0 0 1 1 0 0 0 1 0 0 1 1 0 0 1 1 1 0 0 0 1 0 0 1 0 1 1 
0 0 1 0 1 1 1 0 1 1 1 1 1 1 0 0 0 1 0 1 0 0 1 1 1 0 1 0 0 0 1 0 1 1 0 0 0 1 0 0 0 1 1 1 1 
1 0 1 0 0 0 1 0 1 0 1 1 1 0 1 0 1 0 1 0 0 1 1 0 1 1 0 1 0 0 0 1 0 1 0 0 1 1 0 0 1 1 0 0 1 
1 0 1 1 1 1 0 0 0 0 0 1 0 1 1 0 1 1 0 0 1 0 1 0 0 1 1 0 1 1 1 1 0 0 0 1 0 0 0 0 0 0 0 1 1 
