60 60 2689
89 29 87 58 13 88 95 1 55 25 69 27 16 26 7 16 34 5 24 82 49 61 47 74 60 21 99 32 18 41 21 6 21 59 15 33 46 10 85 53 86 6 79 53 31 85 21 16 41 44 49 89 57 95 63 16 15 13 100 32 
5 20 37 26 30 4 10 27 65 95 79 50 52 9 54 82 94 74 49 86 70 97 75 26 92 89 93 58 1 92 42 6 63 30 83 44 33 92 71 97 38 49 98 89 58 52 22 3 25 70 88 94 19 62 71 62 50 16 19 3 
59 60 60 22 42 42 65 74 85 35 23 23 36 20 63 45 71 37 47 96 6 86 41 24 100 64 37 1 79 56 3 37 67 62 10 8 55 27 34 40 13 56 14 48 75 28 44 98 64 90 93 22 28 85 97 27 100 34 79 78 
41 82 67 7 95 28 67 2 6 52 93 19 59 58 18 85 85 62 82 49 3 74 22 30 11 18 8 10 51 87 40 91 20 58 50 14 85 68 67 91 71 59 61 29 16 78 13 1 91 95 1 94 20 22 23 30 91 31 92 42 
69 83 84 88 40 85 53 76 4 20 18 74 78 78 2 94 8 15 46 98 61 98 91 80 19 66 62 61 48 5 54 16 87 38 55 26 74 7 53 78 26 71 3 4 100 5 49 7 71 94 57 83 43 99 62 13 64 75 73 63 
79 27 78 17 16 32 94 89 39 47 18 16 69 73 19 68 77 19 27 99 64 83 81 6 81 94 18 97 21 91 59 99 17 89 68 84 72 61 24 62 7 94 78 75 66 96 95 94 67 21 92 30 55 24 36 35 69 53 83 89 
95 42 40 63 30 7 46 53 19 70 15 26 63 92 52 28 39 46 21 5 66 64 35 20 39 22 7 59 74 89 48 69 82 39 31 63 97 29 16 15 98 82 92 12 73 44 39 63 89 11 68 7 26 54 78 64 75 36 22 100 
77 21 68 58 11 51 73 7 31 88 74 28 69 65 39 93 60 29 55 49 39 74 7 64 79 84 79 53 20 100 53 96 73 72 5 83 74 77 42 4 16 67 83 36 83 21 80 43 1 35 43 91 60 49 54 39 84 32 43 55 
84 95 2 8 19 7 90 44 35 83 48 3 49 30 38 84 3 70 26 55 56 68 46 15 68 51 5 51 83 48 6 18 42 7 25 12 65 66 56 100 1 3 54 1 84 43 84 38 12 9 45 67 28 90 82 47 40 86 98 74 
85 55 43 27 13 67 38 78 85 45 29 85 99 82 37 83 24 21 72 36 81 16 54 61 57 87 7 97 25 56 70 9 10 13 35 75 31 25 52 67 21 80 3 20 13 40 54 36 12 25 23 92 93 77 52 49 63 11 97 87 
66 67 96 28 31 82 2 13 58 5 80 79 36 82 98 48 73 51 35 84 27 58 76 71 86 79 20 100 41 16 87 59 34 34 86 16 67 39 29 77 43 60 55 78 93 4 77 66 6 11 49 84 68 76 55 5 7 26 5 47 
93 43 5 79 28 42 94 94 80 74 70 74 33 76 3 78 31 79 43 88 90 43 72 9 71 26 66 77 3 70 75 95 12 32 73 91 25 67 84 57 92 6 30 25 33 85 2 16 63 96 3 4 90 74 65 60 51 30 88 53 
99 15 48 62 46 72 52 70 38 87 26 82 44 8 6 77 92 59 92 6 6 46 10 95 20 74 55 22 55 94 27 53 8 26 66 5 97 69 27 87 55 4 68 51 11 25 27 54 83 70 60 88 15 69 34 86 94 40 60 48 
34 86 52 41 11 69 98 7 37 24 45 43 27 12 93 90 36 71 43 70 40 2 9 7 22 43 92 67 82 3 66 15 88 17 8 50 37 5 57 73 80 1 68 6 65 12 47 100 83 90 70 74 43 78 80 17 72 24 35 54 
26 1 20 66 69 79 15 58 83 71 30 14 24 49 72 88 61 18 39 95 59 60 68 2 38 48 70 61 23 4 14 48 56 86 65 77 64 80 34 99 2 15 12 25 16 83 64 76 53 55 70 11 14 89 64 3 88 85 64 10 
41 29 10 96 66 74 24 30 53 57 80 55 24 91 31 39 26 47 66 30 53 87 40 66 75 56 21 63 40 36 24 80 64 33 28 30 59 51 11 63 60 90 69 83 32 52 73 9 50 38 38 2 24 30 19 98 85 39 12 76 
74 36 56 90 20 35 71 30 37 33 93 96 22 61 30 5 64 2 14 13 39 3 14 14 84 33 12 20 23 75 96 49 10 3 90 82 37 12 11 73 44 3 21 17 16 50 21 79 4 86 92 94 41 57 8 24 41 71 44 16 
45 91 64 55 93 5 88 81 16 98 53 11 53 25 27 20 75 99 50 30 37 41 23 77 50 30 52 42 100 95 57 45 85 72 51 29 76 38 9 43 87 14 53 39 38 31 10 64 30 60 93 18 52 16 94 1 45 97 43 97 
44 51 41 80 23 43 9 50 32 69 45 18 82 97 9 72 80 18 35 61 77 80 78 29 95 23 81 91 19 75 87 62 26 79 42 48 73 2 49 4 70 93 22 52 42 82 75 21 99 9 33 28 40 10 56 34 84 36 77 2 
11 15 16 88 46 9 87 18 10 35 22 31 80 95 82 21 76 8 93 26 69 25 53 8 86 8 42 69 96 70 22 58 84 89 45 29 97 31 47 58 17 20 89 48 14 22 68 41 30 12 66 98 88 71 5 73 78 98 93 25 
67 67 34 51 55 30 31 4 12 29 61 29 48 49 76 13 71 96 53 52 59 71 49 47 41 5 71 70 3 16 47 21 82 80 71 88 10 54 91 21 82 52 1 30 52 29 94 74 24 99 25 34 69 25 32 61 30 55 82 84 
70 28 4 3 60 27 90 21 80 81 93 13 84 94 94 35 74 88 9 49 86 85 82 6 10 14 66 91 68 99 26 89 79 29 91 38 7 32 10 38 12 2 51 47 47 44 82 20 83 42 20 68 26 2 73 87 67 90 77 86 
89 54 74 67 35 16 56 41 47 65 31 11 18 33 57 17 76 90 88 11 31 8 78 57 9 3 95 27 44 72 12 32 77 37 50 11 52 57 4 50 73 34 60 91 66 69 59 93 58 46 3 89 53 33 97 13 35 91 39 78 
14 50 62 91 86 63 1 89 20 4 39 92 89 98 34 54 66 92 47 76 38 1 64 42 33 12 55 67 2 93 97 68 95 10 58 32 72 10 21 43 66 11 35 54 8 20 60 26 64 58 53 53 58 16 94 91 79 48 9 80 
93 5 47 39 14 56 70 38 66 42 80 83 52 66 88 12 86 47 89 1 4 41 53 62 8 46 4 86 46 12 65 38 69 64 28 34 71 97 71 36 91 3 70 94 68 58 5 5 56 93 5 60 85 9 73 92 7 28 77 52 
91 94 41 11 57 68 45 27 16 67 15 58 69 36 52 89 45 56 45 1 1 2 12 85 10 36 29 16 63 5 19 5 98 59 16 6 78 12 85 46 78 51 3 99 38 54 39 83 62 83 83 14 84 46 50 46 81 78 13 95 
35 32 99 84 90 66 90 20 77 26 65 7 28 67 57 65 73 95 99 86 29 33 99 13 78 100 10 58 78 22 4 64 53 55 47 95 20 88 14 49 13 30 55 92 48 11 9 20 5 7 57 33 40 55 97 69 7 6 79 36 
28 82 99 32 36 45 26 8 33 91 56 97 72 10 89 20 72 49 91 76 55 48 60 46 54 9 15 60 14 93 95 93 26 93 25 62 90 2 21 22 45 76 18 16 37 58 87 8 6 78 35 13 77 46 10 82 54 24 42 68 
68 88 12 94 33 88 7 74 42 27 95 86 54 64 53 42 74 40 1 31 69 35 43 45 80 53 78 86 28 19 53 96 59 16 41 43 4 47 16 97 25 62 82 78 25 86 71 98 77 71 81 45 57 23 41 36 27 19 21 7 
89 25 54 99 93 94 93 96 92 8 44 16 69 25 93 46 62 63 95 39 85 75 35 41 50 28 28 28 98 1 34 38 25 39 37 69 32 29 16 23 89 59 38 9 83 82 6 97 96 1 35 80 27 21 20 76 48 48 56 97 
48 89 35 24 80 23 93 63 3 8 86 91 67 75 52 1 9 57 49 56 9 83 36 36 56 7 63 55 6 18 52 5 59 86 29 38 8 73 100 62 32 37 53 50 64 56 3 24 12 51 79 21 86 66 8 41 73 70 95 30 
40 98 35 98 83 15 87 42 87 86 56 70 75 60 20 38 15 22 13 78 72 91 98 57 57 57 97 81 79 44 10 18 41 44 67 76 58 53 69 96 90 24 66 64 83 37 53 97 58 65 75 29 8 24 38 64 33 86 96 11 
29 5 28 22 1 94 49 10 98 17 58 87 93 23 3 75 11 7 24 68 24 50 48 31 25 85 46 57 23 41 19 51 97 46 24 49 91 72 59 88 89 16 27 33 90 29 7 100 87 82 19 10 83 66 92 60 3 37 16 77 
29 87 27 78 32 3 26 75 74 36 14 14 3 40 46 92 20 5 43 7 38 61 68 73 79 60 32 33 48 47 9 29 85 87 6 17 89 83 43 15 19 56 80 21 48 26 65 19 82 7 77 71 20 45 43 50 56 74 82 3 
73 42 31 57 80 88 25 21 71 67 35 89 75 14 61 74 91 25 92 24 84 21 95 55 65 37 4 20 11 37 74 83 30 5 39 9 44 64 29 14 82 15 54 56 29 15 81 71 91 73 95 74 93 89 80 9 25 35 80 35 
71 53 69 52 9 8 61 53 23 41 66 4 56 20 12 36 86 92 6 76 16 100 2 60 40 81 68 17 16 99 3 38 4 72 42 12 31 2 16 53 94 34 8 49 53 71 36 90 63 42 65 30 93 18 90 85 51 9 1 66 
60 3 55 63 74 96 74 56 49 90 60 95 23 68 43 27 90 79 68 52 72 32 34 16 2 75 100 52 83 100 69 94 3 23 56 28 71 30 84 71 71 43 65 45 62 60 23 52 90 90 55 61 73 88 76 74 14 76 77 97 
27 45 90 29 20 98 57 42 79 92 12 49 34 29 45 48 88 19 99 29 8 5 41 32 45 68 58 58 95 34 6 22 79 48 50 98 45 58 39 23 49 2 23 35 30 67 82 69 85 32 97 44 88 37 75 32 5 32 90 99 
66 95 20 96 94 22 93 38 31 83 60 32 84 82 18 66 100 99 34 36 82 31 79 69 19 6 53 75 89 42 74 54 88 45 49 82 18 93 71 1 27 31 32 11 64 49 76 16 99 9 51 32 91 82 52 62 87 4 36 75 
97 61 81 37 58 81 18 27 26 40 27 52 22 58 14 86 58 89 53 8 50 55 39 92 36 91 53 74 94 41 1 43 1 81 79 58 13 48 85 38 87 63 90 9 21 55 46 30 44 98 38 45 52 76 88 40 18 93 13 64 
33 13 6 85 45 84 43 58 83 79 95 69 41 36 29 13 91 74 43 86 23 32 82 75 59 21 66 77 13 78 40 45 43 97 30 87 32 24 44 14 54 91 34 94 78 63 59 20 36 53 57 59 84 38 85 42 59 50 18 23 
79 9 20 21 5 1 60 88 24 3 1 29 45 35 74 23 49 32 94 84 84 51 94 19 88 78 13 98 79 30 21 58 91 40 30 47 40 89 35 15 44 87 43 40 73 16 14 21 100 8 57 35 58 50 54 97 80 66 95 58 
47 67 67 89 58 49 36 49 89 22 63 32 8 57 24 81 24 37 53 75 44 9 10 1 59 15 98 38 80 44 47 78 10 66 67 67 66 54 67 54 75 81 38 34 37 61 66 12 97 19 87 93 27 48 93 37 62 42 74 41 
85 73 70 94 90 88 12 55 41 30 60 67 10 97 53 98 9 18 10 58 88 48 50 15 95 94 51 56 36 77 48 20 1 69 66 42 57 29 96 49 59 7 68 68 56 20 66 64 89 27 73 29 26 22 43 20 68 45 27 3 
73 26 74 25 94 39 66 50 20 13 51 78 20 70 97 75 89 62 90 29 40 63 57 65 36 51 36 3 48 62 5 72 87 79 97 81 69 14 82 88 27 84 65 46 53 62 20 93 75 61 74 67 23 30 31 59 33 67 61 32 
80 18 3 67 96 51 99 64 65 32 52 43 16 68 88 20 81 59 13 56 71 86 74 94 67 4 52 51 22 64 82 2 81 37 20 28 39 70 44 55 1 47 97 68 14 36 88 95 46 100 2 17 37 27 62 3 30 65 6 4 
28 87 5 61 75 76 88 66 45 31 20 45 77 69 65 43 56 52 89 2 3 42 70 91 68 31 93 49 95 98 52 74 37 56 34 63 83 74 28 27 4 48 24 33 68 88 27 23 91 15 76 93 8 45 83 75 27 27 23 21 
77 75 95 65 82 80 27 17 53 55 43 9 54 66 93 21 5 19 95 95 85 71 87 92 15 21 66 94 48 40 14 76 66 60 40 100 92 18 16 96 72 10 4 77 76 48 49 80 66 44 75 2 14 13 93 80 34 10 73 33 
2 39 60 67 50 99 18 93 68 85 89 40 95 92 68 22 92 17 53 57 12 79 59 77 92 3 8 77 13 33 61 14 23 20 32 72 70 2 17 37 86 5 28 32 48 48 53 39 16 6 48 27 36 58 55 79 60 62 55 24 
94 67 37 16 38 21 40 59 22 56 48 59 12 75 91 59 74 43 50 89 100 49 67 36 6 21 14 65 83 21 89 76 39 77 44 77 49 83 87 22 90 34 81 1 61 23 11 34 17 12 23 17 60 89 4 65 10 69 82 44 
41 70 19 80 98 14 8 47 96 46 68 37 80 100 89 40 22 52 73 39 63 47 7 75 88 62 39 97 30 20 40 23 41 10 54 91 76 61 89 23 58 8 60 37 8 48 28 81 99 1 19 14 99 77 88 86 38 78 34 20 
50 25 42 90 87 95 32 62 7 20 84 64 28 43 1 87 43 28 67 93 80 38 6 31 14 93 16 52 23 50 71 72 74 64 13 60 58 45 21 64 64 5 27 43 99 79 29 41 59 96 34 90 33 91 20 98 36 36 1 58 
37 23 29 10 86 41 22 43 37 94 58 1 50 37 95 49 67 24 41 25 19 26 15 3 69 86 100 4 73 1 61 9 23 41 71 9 81 44 3 70 37 13 22 39 49 16 39 15 39 79 92 9 57 58 11 25 43 63 28 16 
15 40 76 37 80 46 97 12 89 52 81 78 64 2 16 64 18 54 78 8 84 21 17 40 78 79 16 21 41 95 88 7 34 63 44 13 61 92 77 1 95 57 78 10 59 93 73 28 98 3 35 82 23 3 73 1 82 89 73 74 
83 60 81 69 74 76 33 86 19 9 87 14 66 64 75 76 9 48 55 58 50 89 91 24 92 64 24 25 4 48 98 38 59 30 6 33 5 39 70 24 47 56 89 64 72 63 91 32 62 45 89 11 86 80 87 29 95 10 5 50 
58 2 87 68 84 45 52 88 83 22 63 81 77 51 97 100 66 39 31 27 84 72 90 21 3 76 1 49 85 5 98 94 58 84 14 41 28 65 29 62 86 43 95 15 94 91 14 59 29 97 37 64 68 26 36 22 1 36 70 38 
92 67 83 50 2 96 90 82 61 70 95 46 13 89 60 58 31 26 68 12 22 4 27 41 30 63 62 82 50 31 19 42 49 54 91 2 49 32 35 9 2 30 7 66 18 18 75 1 43 42 12 16 97 38 56 78 52 17 60 2 
99 30 43 99 83 33 1 84 16 35 92 69 16 50 34 34 68 8 86 62 1 49 78 98 86 33 75 38 2 86 39 100 16 33 99 50 65 51 33 32 37 77 1 53 26 34 38 45 94 23 59 46 71 36 43 8 20 70 97 21 
55 87 73 22 19 23 24 35 25 56 67 61 84 67 13 62 52 2 6 97 24 16 43 46 51 85 6 23 6 54 95 61 41 67 34 11 41 9 46 65 17 64 26 100 30 90 61 33 92 19 30 67 34 72 65 37 8 70 11 14 
23 5 26 15 24 59 26 64 68 23 29 36 86 6 35 67 95 48 99 38 66 28 5 51 51 21 87 59 42 49 72 16 54 97 31 77 7 8 40 26 30 68 61 15 73 96 33 20 43 31 57 60 11 13 10 61 33 49 19 74 
0 1 1 1 1 1 1 0 0 1 1 1 0 0 1 1 1 1 0 1 1 0 0 1 1 1 0 1 1 0 1 0 0 0 1 1 1 1 1 1 0 1 0 0 1 1 1 0 0 1 1 1 0 1 1 1 0 1 0 0 
1 1 0 1 1 1 1 0 0 0 1 0 1 1 1 0 0 0 0 0 0 1 0 0 0 1 1 1 0 1 1 1 1 1 1 0 0 0 1 1 0 0 1 0 0 0 0 0 1 1 1 1 0 1 1 1 0 0 0 0 
1 1 1 0 0 0 1 0 0 0 1 1 0 1 1 0 1 1 1 0 0 0 1 1 1 0 0 1 0 0 1 0 1 0 0 1 1 1 1 1 1 1 0 0 0 1 0 1 1 1 0 1 1 1 0 0 0 0 1 0 
0 0 0 1 1 1 0 0 0 0 1 0 1 0 0 1 1 0 0 0 0 0 0 1 0 0 0 0 1 1 0 1 0 1 1 1 0 1 1 0 1 0 0 0 0 0 1 0 1 0 0 1 0 0 0 0 1 0 0 0 
0 1 1 0 0 0 1 0 0 0 0 1 0 1 0 1 1 1 1 0 1 1 1 0 0 0 0 1 0 1 1 0 0 0 0 0 1 1 0 1 1 0 0 0 1 0 1 1 0 0 1 1 1 1 1 1 1 0 0 1 
1 1 0 1 0 0 1 1 0 1 0 1 1 0 1 1 1 0 0 1 0 1 0 0 0 0 1 1 0 0 1 1 1 1 0 1 1 1 0 1 0 0 1 1 1 0 0 0 1 0 1 1 0 1 1 0 1 1 0 1 
1 1 0 0 0 0 0 1 1 0 1 1 1 0 1 0 0 1 0 1 0 1 1 0 0 0 0 0 1 0 1 0 1 0 1 1 0 1 1 0 1 0 1 0 0 0 0 0 0 0 0 0 1 1 0 0 1 0 0 1 
1 1 1 0 1 0 0 0 1 1 0 1 1 1 1 1 0 0 1 0 0 1 0 0 0 0 0 0 0 0 1 1 1 0 0 1 1 0 1 0 1 1 1 0 0 1 1 0 1 0 0 1 0 0 1 0 0 1 0 1 
1 1 0 1 0 0 0 1 0 1 1 1 0 1 1 0 0 0 1 1 1 1 0 1 0 0 1 0 1 0 1 1 1 0 0 1 0 0 0 1 1 0 0 1 1 0 1 1 0 0 0 1 0 0 0 0 0 0 0 0 
0 0 1 1 0 1 1 0 1 1 1 0 1 0 1 0 0 0 1 0 1 1 0 1 0 0 1 0 0 1 0 0 1 1 0 1 0 1 0 1 0 1 1 0 1 0 0 1 1 0 0 0 1 0 1 1 0 0 0 1 
1 0 1 1 0 1 0 0 0 0 0 1 0 1 1 1 0 1 1 1 1 1 1 1 1 0 0 1 0 0 0 1 1 0 0 1 1 1 1 0 1 1 1 1 1 0 1 1 1 0 0 1 1 1 0 0 1 0 1 1 
1 0 0 0 0 1 1 1 0 0 1 1 0 0 1 1 0 0 0 0 0 0 1 1 1 1 1 0 1 0 1 0 0 1 0 0 0 1 0 0 0 1 0 0 0 1 1 0 1 1 0 1 1 1 0 0 0 1 0 0 
1 1 0 0 0 1 0 1 0 0 1 0 0 1 0 0 0 1 0 1 0 1 0 1 0 0 1 1 1 1 1 1 0 1 1 1 0 1 0 1 0 1 1 0 1 0 0 1 1 0 1 0 1 1 1 0 0 1 1 1 
0 0 0 1 1 1 0 0 1 0 1 1 1 0 1 0 0 1 0 0 1 1 0 1 0 1 1 0 0 0 0 1 0 0 0 1 0 0 1 1 0 0 0 1 1 1 0 1 0 0 1 1 1 1 0 1 1 1 0 1 
1 0 0 1 0 0 1 0 0 0 1 0 1 1 0 0 0 0 1 0 0 1 0 1 0 0 0 1 0 0 1 1 0 1 1 1 0 0 1 0 0 1 1 1 0 1 1 1 1 1 1 1 0 1 0 0 0 0 0 0 
1 1 1 1 0 0 0 0 0 0 1 1 1 0 0 1 1 0 0 0 1 0 1 1 1 1 1 1 1 1 1 0 0 1 0 1 1 0 1 0 0 0 1 1 0 1 1 1 1 1 1 0 1 0 1 1 1 1 0 1 
0 0 1 1 1 1 0 0 0 1 0 0 0 1 0 0 1 1 0 0 0 1 1 0 0 0 1 1 1 1 0 0 1 0 1 0 1 1 1 1 0 1 0 0 1 0 1 0 1 1 0 1 0 1 1 0 0 0 0 1 
0 0 1 1 0 0 0 0 1 1 1 0 0 1 0 1 1 1 1 0 0 0 0 1 1 1 1 1 0 1 1 0 0 0 1 0 1 1 0 0 0 0 0 1 1 1 0 1 0 0 1 1 0 1 0 1 1 1 1 1 
1 0 1 1 0 0 1 1 0 0 0 0 0 0 1 1 1 0 0 0 0 0 1 0 1 1 1 0 0 0 1 1 0 0 0 1 1 0 0 1 0 0 1 0 1 1 1 0 1 0 0 1 0 1 1 1 0 0 0 1 
1 1 0 1 0 1 0 1 1 1 0 1 1 1 1 0 0 0 1 1 0 1 0 0 1 1 0 1 0 0 0 1 1 1 0 1 0 1 0 1 0 0 0 1 0 1 0 0 1 1 0 0 0 0 0 1 0 0 1 0 
0 1 1 0 0 1 1 0 0 0 1 0 0 1 0 0 0 0 1 0 1 1 0 1 1 0 1 1 1 0 1 1 1 0 1 0 0 1 0 0 1 0 1 1 1 1 0 0 1 1 0 0 0 0 1 1 0 0 1 1 
0 0 1 0 1 0 0 1 1 0 1 0 0 0 0 0 1 0 0 0 1 0 0 1 0 0 0 0 0 1 0 1 0 1 1 1 1 1 0 1 1 1 1 0 0 1 0 1 1 0 0 0 0 0 1 0 0 0 0 1 
1 0 0 1 1 1 0 1 0 0 0 1 0 1 1 0 1 1 1 0 1 1 1 1 0 0 1 0 0 0 1 0 0 1 1 0 0 0 1 0 0 1 0 0 0 1 0 1 1 0 0 0 1 1 0 1 1 1 0 0 
1 1 0 0 1 1 0 1 1 1 0 0 0 0 0 0 1 1 0 0 1 0 1 0 1 1 0 0 0 0 0 0 1 0 0 0 0 0 0 1 1 0 1 1 0 0 1 1 1 1 0 0 1 1 0 0 0 0 1 0 
0 1 0 0 0 0 0 0 0 0 1 1 0 1 0 0 1 0 0 0 1 0 0 1 1 0 1 1 1 0 1 1 0 0 1 0 0 0 0 1 0 1 0 1 0 1 1 1 1 1 1 0 1 1 1 0 0 1 1 1 
1 1 0 1 1 0 1 1 0 1 0 0 1 1 1 1 0 1 1 1 0 0 1 0 0 1 0 0 0 0 1 1 1 1 1 0 1 0 1 1 0 0 0 1 1 1 0 1 0 1 0 1 0 1 1 0 0 1 0 0 
1 1 0 0 0 1 0 0 1 0 1 1 0 1 0 1 1 1 0 1 0 0 0 0 1 1 0 0 1 0 0 0 1 0 1 0 1 1 0 1 1 1 0 1 1 1 0 0 0 0 1 0 0 0 1 0 1 1 0 0 
0 0 1 1 1 0 1 0 1 1 1 1 1 0 0 0 1 1 0 1 1 1 1 0 1 0 0 1 0 0 1 0 0 0 1 1 0 1 0 0 0 1 1 1 1 1 1 0 0 1 1 0 1 1 0 0 1 0 1 1 
0 1 1 0 1 1 0 0 0 0 0 0 1 1 0 1 0 1 1 1 1 1 1 0 0 1 0 1 1 0 1 1 1 0 1 0 1 1 0 1 1 0 0 1 1 0 0 0 1 1 1 0 0 0 0 0 1 1 0 0 
1 1 1 0 1 0 0 1 0 1 0 1 1 0 0 1 0 0 1 0 0 0 0 0 0 1 1 1 0 1 1 1 0 0 1 1 0 1 0 0 0 1 0 0 1 0 1 0 1 0 0 1 0 0 1 0 1 0 1 1 
1 0 0 1 0 1 1 0 1 1 1 1 0 1 1 0 1 0 0 0 0 0 1 0 0 1 0 0 1 1 1 1 1 0 0 1 1 1 0 0 1 1 0 1 0 1 1 1 0 1 0 0 1 1 1 0 0 1 0 0 
1 1 1 0 1 1 0 1 1 0 1 0 1 1 1 1 1 1 0 1 0 0 1 0 0 0 0 0 0 0 0 1 1 1 1 1 1 1 0 0 1 1 0 0 1 1 1 0 0 0 1 1 0 0 1 0 1 1 1 1 
1 1 0 0 1 1 1 0 1 1 0 0 1 0 1 0 1 0 0 0 0 1 1 1 1 0 1 0 1 0 1 0 0 1 0 1 1 0 1 0 1 1 0 0 1 1 0 0 0 0 0 0 1 1 1 1 1 1 1 0 
1 1 0 1 0 1 0 1 1 1 1 0 0 0 1 1 1 1 0 1 0 0 0 1 0 1 0 1 0 0 0 0 1 0 1 1 1 0 1 0 1 0 1 0 0 0 1 0 1 1 1 1 0 1 1 0 1 1 1 1 
1 1 1 0 0 1 0 1 1 1 0 0 1 1 0 0 1 0 0 0 1 1 0 1 1 1 1 0 0 1 1 0 0 1 0 0 0 0 0 1 1 0 1 1 1 0 1 0 0 1 0 1 0 0 1 1 1 0 1 0 
1 1 0 0 0 0 0 0 1 0 1 0 0 0 1 1 0 0 1 0 1 0 0 0 0 1 1 0 1 1 0 1 0 0 1 0 0 1 0 1 0 1 0 0 1 1 0 0 0 1 0 1 1 0 1 0 1 1 0 1 
0 0 0 0 0 1 0 0 0 0 0 0 1 0 1 0 1 1 0 1 0 1 1 0 1 0 0 1 1 0 0 1 0 0 1 0 1 1 0 1 1 0 0 0 0 1 1 0 0 1 1 0 0 0 0 0 1 0 1 0 
0 1 0 0 1 1 0 0 1 1 1 0 1 1 1 0 0 0 0 0 1 1 1 0 0 1 0 1 0 1 1 0 0 1 1 1 1 1 1 0 0 0 0 0 0 1 0 0 1 0 1 1 1 0 1 1 1 1 0 1 
0 0 0 0 1 1 1 0 0 0 0 1 0 1 1 0 0 1 1 0 1 0 1 0 0 0 0 1 1 0 1 1 0 1 1 0 0 0 0 0 0 1 1 0 0 0 1 0 1 0 0 0 0 1 1 0 1 1 1 0 
1 0 1 0 1 0 0 1 0 0 0 0 1 1 1 1 0 0 0 1 0 0 0 0 0 1 0 1 0 1 0 1 0 1 1 1 0 1 1 0 0 1 1 1 0 0 1 0 0 1 0 0 1 0 0 1 1 0 1 1 
1 1 0 1 0 0 1 0 1 0 1 1 1 0 1 1 0 0 0 0 1 0 0 0 0 0 0 1 0 1 0 1 0 0 1 0 0 0 1 0 0 0 1 1 0 0 0 0 0 0 0 1 0 0 0 0 0 0 1 0 
1 1 1 1 0 0 1 0 0 0 0 0 0 0 1 0 0 0 0 1 0 0 0 1 0 0 1 0 0 1 0 1 0 0 0 0 0 0 1 1 0 1 1 1 1 1 1 0 1 0 1 1 0 1 0 1 0 0 1 0 
1 0 0 1 0 0 0 0 0 1 1 1 0 1 0 0 0 1 0 1 1 1 0 0 0 1 1 0 1 0 1 0 0 1 1 0 1 1 1 0 0 0 1 1 1 1 1 1 0 1 0 0 0 1 0 0 0 1 1 1 
1 0 1 0 1 0 0 0 0 1 0 0 0 1 1 1 0 0 1 1 1 1 1 1 0 1 0 0 0 1 1 1 1 0 1 0 1 0 0 1 1 1 1 1 0 1 1 1 1 0 0 1 1 1 0 0 0 0 0 0 
1 0 1 0 0 1 0 1 1 1 0 0 0 0 0 0 1 1 1 0 1 1 1 0 0 0 0 0 0 1 0 0 1 0 0 1 1 1 1 0 0 1 0 0 1 0 0 0 1 0 1 0 1 0 1 0 0 1 0 1 
0 1 1 1 1 1 1 0 0 0 0 0 1 0 0 1 1 1 1 0 1 0 1 0 1 0 0 1 1 1 0 0 0 1 1 1 1 0 1 1 0 1 0 0 1 0 1 0 1 0 1 0 1 0 1 0 0 1 1 1 
0 0 1 0 1 1 1 0 1 0 0 0 1 0 0 1 0 1 1 0 1 0 0 0 0 1 0 0 1 0 0 1 0 1 0 1 0 1 0 0 0 0 0 1 0 0 0 0 1 0 0 0 0 1 1 1 0 1 1 1 
1 1 1 1 1 1 1 1 0 1 1 0 1 1 0 1 1 0 1 0 0 0 1 1 1 0 0 1 1 1 1 1 1 0 0 0 1 1 1 1 0 1 0 1 0 0 0 0 0 0 0 1 0 1 0 1 1 0 0 1 
1 1 0 0 1 0 0 0 0 0 0 0 1 0 0 1 0 0 1 0 0 0 1 0 1 1 1 1 1 0 0 1 1 0 1 1 0 0 1 0 0 1 1 1 1 1 0 1 1 0 0 0 0 1 0 1 1 0 0 0 
0 0 1 1 0 1 0 1 1 0 1 1 1 0 0 1 1 0 0 1 0 0 1 0 0 1 0 1 1 0 1 1 1 1 1 1 0 1 0 1 1 0 0 1 0 0 0 0 0 0 1 1 1 0 1 1 1 1 0 1 
0 1 0 1 0 1 0 0 1 1 1 0 1 1 1 1 1 1 1 0 0 0 1 1 0 0 0 0 0 0 1 0 1 1 1 0 1 1 0 0 0 0 0 1 1 0 1 1 1 0 1 1 1 0 0 1 0 0 1 0 
0 0 0 0 0 1 0 1 1 0 1 1 0 1 1 0 1 0 1 1 0 0 0 1 0 1 1 0 1 0 1 0 1 1 0 1 1 0 0 0 0 1 1 1 0 0 1 0 0 0 1 1 0 1 0 0 0 1 0 0 
0 1 0 1 1 0 0 0 0 0 0 0 1 1 1 1 0 0 1 0 0 0 1 0 0 0 0 0 1 1 0 1 0 0 0 1 0 0 1 0 0 1 1 1 1 0 1 1 1 0 1 1 1 1 0 1 1 0 1 0 
1 0 0 0 0 0 1 1 1 1 1 1 0 0 1 1 1 0 0 0 0 0 1 1 1 1 0 0 0 0 0 1 0 0 1 0 1 1 1 0 0 1 1 0 1 0 0 0 0 0 0 1 0 0 0 1 1 1 1 1 
1 0 1 1 0 0 1 1 1 1 1 1 0 1 0 1 1 0 0 0 0 0 1 1 0 1 0 0 0 0 1 1 0 0 0 0 1 0 0 0 1 1 0 1 0 0 0 0 0 0 0 0 1 1 1 1 0 0 1 1 
0 1 0 0 1 1 0 0 1 0 1 0 0 1 1 0 1 1 0 1 0 0 1 1 1 1 0 0 1 0 1 1 1 1 1 0 0 1 1 1 0 0 1 0 1 0 0 0 0 1 1 0 1 0 1 1 1 1 1 0 
1 0 1 0 1 0 1 0 0 0 1 0 0 1 0 1 1 0 1 1 1 0 1 1 0 0 0 0 0 1 0 1 1 0 0 0 0 1 0 0 1 0 0 1 1 0 0 0 1 1 0 0 1 1 1 1 0 1 1 0 
0 0 1 1 0 1 0 0 0 0 1 1 0 1 0 1 0 0 0 1 1 0 1 0 1 1 0 1 0 1 1 1 1 1 0 1 0 0 0 1 1 1 0 1 0 1 1 0 1 1 1 1 1 1 1 0 0 1 0 0 
1 1 1 0 0 0 0 1 0 0 0 1 1 0 1 1 1 0 0 1 1 1 0 0 0 1 0 0 1 0 1 0 0 0 0 0 0 0 1 1 0 1 0 1 0 1 1 1 1 1 0 0 0 0 0 1 0 1 1 1 
1 0 1 1 1 1 0 1 0 1 0 0 1 1 0 1 0 1 0 0 0 1 0 0 1 1 1 1 0 1 0 1 1 1 1 0 1 1 0 1 0 0 1 1 1 1 0 0 0 1 0 0 0 0 1 1 1 0 1 1 
