69 67 1578
45 76 54 39 28 98 46 32 36 92 66 22 11 32 44 37 2 94 42 66 96 25 1 55 31 37 52 85 87 82 13 83 57 66 22 84 16 67 67 51 10 85 24 20 16 19 8 69 65 50 87 60 74 87 66 4 76 70 40 14 51 4 96 59 22 17 42 
37 36 60 39 45 96 62 65 12 33 72 32 97 73 18 8 46 5 74 2 80 43 93 93 93 97 40 51 18 57 44 6 44 55 44 88 51 57 4 14 89 28 45 85 100 63 45 98 19 18 51 50 60 95 94 4 43 33 54 12 41 49 17 84 3 60 24 
5 17 79 18 57 58 63 42 10 77 86 59 95 55 61 96 66 55 89 69 98 73 74 61 14 22 78 49 76 37 72 81 5 3 50 62 60 64 55 69 40 92 27 86 46 87 81 63 94 21 31 91 94 4 51 59 77 80 7 52 69 79 84 73 33 34 86 
92 97 92 61 89 83 39 74 80 78 7 42 71 79 24 13 24 27 15 82 55 95 89 59 63 19 42 87 51 27 25 42 24 16 54 64 51 45 89 30 22 47 24 44 26 47 56 1 26 22 83 80 16 23 38 30 41 32 69 43 58 45 36 33 60 42 96 
62 86 85 92 59 31 67 2 8 13 9 9 90 30 91 22 98 65 59 79 5 42 99 99 100 43 34 84 55 27 80 16 12 64 59 22 46 25 75 54 90 35 14 79 65 4 100 14 68 11 92 24 52 91 74 3 33 7 87 39 86 18 55 49 81 13 71 
78 38 97 83 27 32 96 57 48 51 57 61 18 19 4 93 70 46 66 25 31 25 11 69 10 28 23 10 60 36 80 89 25 77 72 51 60 67 59 7 18 15 67 87 33 22 32 55 68 49 79 98 25 41 66 86 20 89 96 31 76 75 19 100 3 42 2 
14 61 60 20 30 27 38 16 11 60 99 17 27 48 47 76 72 87 41 10 58 81 5 88 56 31 59 55 86 100 56 99 12 68 19 41 94 56 57 56 67 7 73 45 6 19 20 30 6 61 39 15 93 43 55 49 25 13 3 10 64 11 9 76 30 79 16 
23 34 24 78 53 83 2 97 88 21 17 17 78 29 55 92 21 49 46 21 74 10 76 83 74 86 43 1 15 21 16 89 7 92 18 59 74 20 55 61 40 23 78 69 3 84 60 76 33 6 96 58 15 71 40 40 8 83 40 74 3 8 14 9 99 32 19 
72 3 26 84 94 48 13 62 3 97 73 78 81 30 25 38 97 96 29 36 3 11 76 77 66 35 42 26 33 73 97 56 27 22 39 20 21 52 33 23 100 6 52 80 35 77 17 31 72 45 67 26 8 94 54 25 28 96 2 12 20 98 67 47 19 57 18 
92 8 51 66 59 56 18 38 90 46 6 21 69 3 39 94 10 84 100 86 63 95 87 74 66 37 40 12 7 96 30 98 56 32 64 14 87 33 4 28 78 9 100 46 11 38 91 72 73 90 9 35 36 96 8 54 84 99 65 90 47 46 40 54 77 3 67 
15 87 22 43 64 31 42 61 93 32 3 17 4 45 25 39 80 72 46 85 55 97 50 97 43 47 36 96 76 38 14 90 76 36 84 91 18 26 51 10 9 53 26 12 97 3 2 29 74 100 13 29 96 14 25 38 13 12 85 40 49 98 29 76 33 65 66 
50 42 68 12 50 72 89 13 21 91 15 49 65 14 13 45 9 79 21 98 43 32 82 82 32 79 62 7 64 26 72 65 67 39 76 68 62 65 81 82 55 47 82 71 60 95 67 20 25 87 69 67 70 50 100 1 80 61 59 43 39 30 8 57 20 35 25 
82 51 57 15 58 3 97 28 14 43 95 33 67 33 1 85 3 2 84 3 33 96 14 76 34 43 35 91 15 21 67 48 72 23 14 29 25 10 8 38 52 2 22 70 87 74 54 89 27 89 43 59 85 56 86 18 51 72 60 17 93 26 16 64 48 29 44 
24 39 51 13 42 5 34 12 91 59 65 31 85 6 25 44 90 33 81 59 83 53 19 51 45 96 18 60 44 46 55 19 36 5 32 78 61 17 89 51 76 5 33 12 10 58 7 51 90 88 62 24 92 80 74 36 27 91 47 70 88 53 41 24 57 72 53 
18 88 93 20 15 49 53 27 11 62 85 61 51 72 22 74 63 53 99 50 80 41 48 1 28 100 93 3 9 64 7 78 4 99 49 18 48 1 96 58 62 33 70 64 56 44 37 19 48 87 20 79 27 20 32 7 71 24 9 31 88 16 8 43 66 57 12 
65 9 60 74 23 92 44 86 47 39 75 17 86 61 89 65 40 60 48 46 30 71 6 61 10 21 20 52 39 28 64 3 89 75 77 11 66 72 96 12 10 22 81 47 83 69 63 74 28 10 19 57 81 24 69 90 97 41 94 87 20 9 89 8 83 17 18 
48 88 66 11 97 87 91 96 21 11 58 46 38 68 64 47 48 40 67 89 88 59 34 26 79 42 14 38 76 31 56 75 70 73 38 19 11 28 14 84 91 71 29 28 38 45 26 37 36 93 78 75 3 11 100 81 5 65 19 80 47 26 7 17 50 44 35 
60 71 48 95 13 70 76 41 8 72 66 96 59 10 25 33 13 88 84 45 92 100 63 23 47 40 29 15 89 72 49 1 95 48 47 59 17 22 99 76 45 17 24 3 78 48 87 42 87 70 87 78 22 1 53 68 41 33 82 81 57 82 33 3 81 80 61 
49 53 12 25 50 28 100 52 57 99 39 99 86 60 85 15 81 37 19 100 29 52 33 10 60 14 94 62 94 25 22 43 30 85 19 79 12 70 30 21 68 20 19 5 32 55 20 12 91 38 64 72 41 96 33 100 10 26 61 55 51 35 49 80 19 19 10 
83 88 39 3 8 11 73 64 42 79 35 5 21 73 68 92 65 64 24 65 25 50 77 31 52 63 80 83 34 50 92 68 90 82 22 97 92 94 12 33 24 47 90 44 19 57 36 35 72 59 51 48 60 80 79 63 42 10 97 27 59 88 94 48 22 15 96 
65 60 8 50 83 54 39 27 24 47 14 10 19 24 61 18 36 92 96 98 85 57 47 12 68 86 57 67 7 72 15 72 83 74 21 18 27 59 96 2 5 9 63 75 84 23 93 19 14 40 69 99 49 15 62 16 100 18 82 7 41 48 30 24 21 50 41 
99 60 36 52 16 96 15 43 79 89 35 50 55 26 18 5 74 84 66 41 83 35 75 41 76 22 22 51 43 23 91 93 82 78 45 50 25 59 92 3 47 78 52 1 3 21 5 29 4 22 21 39 57 95 79 84 69 53 34 63 75 76 55 57 53 99 6 
77 9 49 31 56 26 35 8 80 55 65 8 11 86 81 49 94 27 79 77 95 31 10 9 6 37 64 62 41 14 19 17 23 67 100 30 44 34 89 23 40 53 83 50 91 63 98 84 89 77 13 36 7 74 44 12 11 59 25 51 25 95 20 47 13 71 28 
56 4 16 79 95 21 13 45 11 75 94 46 15 22 58 2 81 84 46 44 94 56 69 96 80 15 15 78 28 85 5 83 40 73 13 87 93 25 83 3 51 76 100 66 50 10 19 30 93 16 73 38 72 41 33 3 56 48 81 35 84 37 17 76 9 82 62 
53 6 44 55 9 71 7 26 20 16 44 49 8 60 22 45 31 14 77 33 21 76 65 55 12 2 24 87 62 5 100 15 62 43 21 70 13 27 95 33 42 39 81 49 50 54 45 80 68 74 64 88 1 29 43 12 82 18 50 95 22 49 9 35 43 30 5 
56 56 51 40 50 41 72 50 90 26 95 69 45 68 85 32 20 65 26 32 98 43 33 92 16 82 1 51 24 82 7 31 89 57 22 38 98 94 88 87 71 34 8 15 53 92 98 72 8 24 55 5 18 88 96 86 69 48 36 44 29 94 27 18 50 48 55 
47 41 94 86 11 27 93 77 79 36 75 51 43 50 5 47 19 92 42 4 12 90 91 8 70 84 34 87 86 33 94 32 74 87 69 36 14 61 65 44 96 39 94 38 40 51 36 58 94 78 14 58 19 4 65 88 40 50 27 25 34 20 8 59 6 77 95 
71 89 11 15 85 49 60 74 88 10 10 97 56 39 10 13 9 66 29 96 57 30 74 81 63 93 40 22 51 68 68 73 57 78 87 93 78 99 18 17 60 27 13 15 17 75 27 25 40 7 73 96 36 46 28 51 39 19 72 41 87 91 13 95 68 52 87 
45 50 56 13 9 83 25 24 99 99 2 76 90 61 48 37 48 93 64 98 83 83 69 23 21 59 88 15 78 39 53 74 88 8 86 48 42 63 23 93 61 77 68 3 37 15 39 84 59 3 82 42 37 2 64 9 13 3 75 42 41 27 16 80 86 1 28 
80 63 2 72 76 78 91 78 14 57 68 50 15 22 83 56 58 36 72 66 100 74 40 42 67 18 57 46 56 9 73 87 72 75 58 99 4 100 76 70 56 95 19 22 17 53 78 74 40 1 92 40 74 83 81 40 53 37 38 60 45 62 46 68 88 55 66 
92 54 93 61 61 88 31 82 4 83 11 29 22 11 72 61 37 7 93 28 59 81 65 18 26 27 15 45 14 69 63 5 22 7 17 34 94 47 15 49 81 26 30 3 36 1 15 24 7 60 52 17 40 16 86 17 94 100 62 60 68 24 16 41 82 33 74 
28 79 41 28 60 66 57 14 53 10 80 77 68 39 80 85 79 47 22 95 41 22 8 100 41 83 15 82 65 99 7 92 78 47 19 89 64 28 54 69 37 85 97 56 76 76 40 54 22 14 100 14 87 60 65 27 42 32 60 58 82 67 1 59 65 72 99 
81 99 4 49 87 89 45 42 64 72 34 69 45 47 20 11 33 79 27 11 73 58 71 82 40 89 83 50 5 6 1 85 4 4 33 42 44 29 83 59 100 68 27 97 66 99 7 50 29 33 61 1 43 83 35 34 71 17 35 75 74 35 60 29 91 44 70 
34 73 4 93 24 72 71 72 37 69 78 87 98 63 99 50 5 81 84 38 3 52 24 77 25 59 88 53 49 84 74 34 8 78 78 83 1 49 55 37 69 84 75 66 46 25 68 2 5 51 91 7 55 15 36 79 73 75 84 73 10 57 6 17 34 36 100 
34 84 54 23 52 89 49 70 35 74 89 36 30 91 27 89 45 41 76 76 65 50 59 37 12 67 94 28 53 29 79 86 64 84 60 68 73 61 37 7 34 77 42 15 67 20 3 12 60 30 39 24 32 97 12 43 63 6 70 67 34 49 53 98 84 64 65 
56 24 53 62 9 81 56 76 47 27 30 10 87 60 48 62 91 96 74 33 11 31 54 77 64 54 29 13 38 45 29 93 20 33 7 29 13 14 4 12 40 33 21 78 44 69 40 34 64 65 66 74 95 72 51 10 25 31 75 62 27 3 7 47 88 65 27 
52 78 82 63 69 66 36 47 10 56 86 43 71 2 61 97 96 32 47 5 8 29 79 22 8 34 28 54 73 92 80 24 21 61 39 89 26 74 87 35 81 72 30 51 25 90 47 20 73 45 77 80 26 7 1 33 92 80 86 64 23 17 40 95 77 78 84 
54 3 22 41 83 94 70 33 70 11 32 90 35 76 18 66 1 24 19 85 68 50 70 31 73 38 70 67 66 99 2 20 1 24 12 35 69 33 20 38 95 51 79 29 78 48 46 31 24 64 15 91 14 37 73 38 74 43 56 40 93 10 11 46 33 22 80 
53 54 99 42 48 1 73 76 79 20 73 9 43 37 75 85 2 11 58 91 85 52 46 24 44 55 34 89 39 7 21 43 60 19 85 7 72 9 34 50 80 6 10 75 94 84 59 47 95 68 37 31 19 83 6 15 89 91 55 28 97 75 70 56 46 6 14 
17 14 99 18 46 56 27 20 2 10 78 48 56 46 37 86 16 19 91 30 59 81 37 86 77 63 8 84 8 65 49 76 31 47 93 76 3 71 95 4 33 72 3 88 69 39 26 85 9 16 66 68 49 2 5 77 65 12 13 24 29 61 100 59 8 44 34 
62 15 28 65 47 51 67 86 20 58 11 56 66 27 73 33 27 75 90 3 91 1 15 66 81 28 17 39 35 61 72 96 27 51 12 25 54 30 10 73 87 21 80 53 99 52 37 25 78 26 79 20 79 46 86 59 73 54 98 59 14 21 54 92 24 17 16 
77 46 26 1 33 98 80 37 96 83 73 72 13 99 2 84 77 47 69 87 71 75 36 29 88 57 34 80 32 50 47 8 48 24 8 80 21 39 16 68 21 40 91 85 38 93 69 66 91 89 5 14 63 40 42 3 48 28 34 79 77 80 86 76 4 45 55 
76 83 22 96 56 62 86 92 51 30 60 69 73 49 73 86 63 12 79 65 12 6 98 90 35 78 28 10 33 72 17 60 7 90 55 62 51 93 53 54 22 65 22 46 65 46 31 27 57 62 92 20 67 89 10 53 18 89 63 2 60 31 62 66 20 68 79 
23 60 84 76 34 48 97 79 12 94 62 38 2 23 81 22 89 22 31 42 91 19 56 93 30 86 6 48 5 73 26 27 85 61 54 18 8 2 96 71 95 57 61 97 79 41 18 20 14 100 13 5 70 68 97 99 5 54 46 61 78 24 40 62 84 93 79 
44 47 27 66 41 83 26 37 14 19 6 33 32 5 45 36 26 64 84 25 20 89 22 80 67 97 71 28 33 16 59 28 62 85 93 54 67 19 43 32 89 48 64 20 5 60 8 30 75 91 6 94 80 28 26 98 76 48 25 8 63 35 35 76 19 28 30 
38 98 72 69 86 19 85 57 75 44 64 5 71 7 10 64 38 89 41 35 65 89 59 24 51 94 11 27 64 90 8 1 39 79 70 76 97 6 32 24 1 48 28 71 54 89 87 91 78 27 25 94 15 35 69 18 80 79 96 44 20 3 96 58 33 17 33 
81 22 65 4 23 12 31 93 17 20 79 7 49 58 83 94 24 17 62 93 49 93 40 44 12 42 39 70 26 56 2 7 29 18 10 51 81 93 96 97 12 74 55 12 83 37 5 7 6 18 99 54 10 39 97 74 32 35 95 10 42 48 16 71 66 25 73 
98 17 68 95 80 94 49 43 76 38 47 34 43 17 85 48 78 23 44 51 6 30 45 15 24 93 82 94 10 59 66 7 75 34 53 7 79 54 1 54 91 100 88 85 16 72 32 93 46 27 96 3 56 40 70 79 84 51 24 93 9 90 52 36 75 56 94 
53 9 94 58 51 93 97 35 60 68 18 5 65 44 100 20 100 91 89 30 75 91 54 19 52 95 22 87 21 78 32 25 86 77 82 89 70 79 23 81 98 93 85 15 36 84 34 35 75 74 17 49 64 70 19 15 16 41 53 88 70 84 12 55 61 45 95 
82 23 70 62 73 62 99 87 97 82 72 84 56 45 100 56 60 21 27 75 36 67 79 23 88 15 86 42 75 30 89 8 5 58 21 29 19 19 15 15 53 38 98 8 82 49 16 41 69 94 67 56 12 46 30 99 60 15 92 86 97 80 45 1 37 65 29 
55 36 95 22 88 32 19 47 65 20 62 57 88 55 24 44 18 21 73 16 32 40 8 17 36 87 61 36 24 77 16 30 12 10 51 99 93 22 46 57 41 59 13 28 66 88 23 83 8 48 99 91 87 6 7 22 92 19 9 67 96 24 97 59 85 47 58 
29 68 55 85 60 13 49 40 30 89 62 13 48 9 63 39 95 68 45 68 11 16 28 78 63 51 74 21 87 72 30 15 92 36 51 51 1 100 90 30 40 4 94 87 12 56 25 59 23 22 78 86 37 6 63 99 8 88 71 95 11 53 61 2 88 12 5 
40 63 46 70 2 49 63 88 61 71 13 71 93 34 48 30 22 53 92 72 61 31 94 55 42 46 67 95 86 78 99 25 92 45 46 93 93 61 33 5 31 97 75 75 30 75 5 3 27 48 74 87 31 67 93 24 65 60 18 50 89 69 26 81 65 72 25 
9 84 57 14 66 53 40 40 34 14 96 36 41 96 9 79 26 28 24 49 92 35 66 93 75 86 18 55 50 41 80 59 24 88 24 89 41 63 81 74 29 28 62 69 23 22 99 48 49 74 48 40 8 66 32 83 51 2 89 1 42 20 11 18 8 34 58 
48 96 38 73 24 66 34 44 88 56 95 88 56 68 35 96 28 100 79 10 3 80 50 55 74 70 65 91 77 98 48 24 45 38 48 21 55 34 16 94 89 10 81 44 30 68 91 57 19 22 18 21 53 67 75 26 36 91 68 12 88 68 87 85 5 87 57 
59 20 72 52 60 34 85 3 63 52 46 71 22 19 40 43 71 6 69 49 94 60 68 57 99 35 96 83 91 82 91 1 1 63 53 60 48 89 14 62 92 11 32 13 29 23 55 100 28 76 100 73 35 67 30 85 54 77 20 44 58 10 45 10 24 49 21 
71 37 86 32 28 97 15 40 77 37 47 28 17 74 27 89 60 46 70 44 99 46 63 42 55 25 38 64 48 86 36 19 22 22 2 1 70 17 93 46 5 91 74 21 64 52 62 23 97 31 18 47 29 33 89 83 57 26 99 4 64 34 74 37 7 76 38 
76 44 82 74 48 72 99 21 87 2 82 61 99 64 78 45 92 10 85 75 18 63 73 22 26 6 95 14 65 70 3 40 65 84 65 13 7 15 33 93 17 66 5 15 29 35 11 21 96 48 47 14 62 19 35 39 76 81 52 40 3 55 32 67 90 48 79 
97 63 63 41 79 28 46 45 57 80 7 29 27 54 75 40 67 93 74 5 20 7 57 12 9 63 43 75 52 42 6 48 4 20 41 34 48 38 78 56 69 37 84 95 42 58 35 9 2 60 13 21 66 21 84 74 83 78 1 35 20 6 34 75 25 74 9 
24 63 38 79 31 74 14 26 16 71 12 24 24 71 88 97 37 9 80 10 91 58 10 77 77 67 11 3 44 36 11 67 51 49 98 81 22 11 58 37 34 69 12 57 40 100 53 76 8 85 37 50 42 99 27 70 65 89 72 60 76 35 27 26 83 76 7 
56 86 16 45 19 85 56 28 24 55 32 51 14 16 87 64 9 85 90 30 2 30 54 61 5 88 39 83 22 66 89 77 52 4 21 22 40 77 49 63 83 33 13 97 48 52 12 9 88 53 90 41 82 43 54 38 30 92 20 3 10 60 80 61 16 100 82 
55 28 83 70 63 15 34 11 14 85 22 74 25 74 64 65 7 6 18 44 88 62 16 90 71 75 69 31 90 21 64 97 100 98 66 62 64 99 72 30 36 45 3 60 70 18 24 76 24 94 72 63 55 87 52 25 13 73 7 3 45 22 99 44 72 16 58 
35 66 81 64 1 26 19 12 95 36 36 71 11 81 94 73 35 80 77 11 92 1 17 46 45 90 96 40 61 11 49 96 77 30 11 29 55 81 41 49 17 28 71 79 8 64 52 94 95 80 4 87 80 20 84 76 9 80 67 22 42 16 17 70 45 79 99 
99 60 91 99 28 18 70 6 77 33 9 70 28 88 73 66 19 44 49 46 52 80 13 25 22 28 93 91 72 72 41 22 83 31 20 10 48 89 67 24 74 28 93 53 67 17 18 86 60 18 31 64 98 43 88 71 22 81 13 45 52 6 66 86 36 86 47 
36 26 65 11 99 92 56 51 59 72 20 96 32 38 26 47 87 21 34 9 94 14 73 39 17 78 4 54 66 41 100 1 19 65 63 17 56 18 20 66 42 91 61 25 80 39 71 66 11 56 26 4 22 99 42 38 28 98 92 93 90 43 45 8 7 8 77 
15 77 48 80 70 38 93 94 18 31 16 35 41 24 13 96 45 11 90 34 90 39 77 83 28 20 79 88 78 86 16 92 15 15 24 84 4 16 30 73 46 97 60 38 20 72 33 64 34 22 98 23 60 74 57 40 93 36 79 71 21 46 14 87 60 37 71 
15 52 100 88 49 48 47 86 68 18 71 31 3 92 28 25 4 54 82 95 98 69 73 20 89 70 34 28 81 22 98 95 74 49 34 74 96 80 60 63 49 30 46 51 73 25 28 28 78 9 22 28 77 46 47 17 15 32 96 95 54 93 42 79 93 75 52 
89 7 63 3 55 92 48 58 17 73 85 44 2 45 66 29 73 11 28 41 78 59 37 24 64 81 65 42 74 92 94 14 98 8 16 4 100 16 61 16 40 97 11 41 41 76 22 13 39 49 6 16 59 42 91 23 22 56 64 47 47 9 60 96 17 76 99 
68 43 60 35 82 56 45 74 49 73 47 13 11 47 18 78 6 11 68 80 33 75 43 31 21 4 91 16 72 18 67 91 60 26 77 93 33 21 66 33 45 65 46 55 11 63 84 68 26 52 47 10 26 42 40 99 45 30 66 68 47 32 10 6 9 86 50 
1 1 1 1 0 1 0 0 1 1 0 1 0 1 1 1 0 0 0 0 0 0 0 1 0 1 0 0 0 1 1 1 1 0 0 1 1 1 1 1 0 1 0 0 0 1 1 1 0 1 1 0 1 1 0 0 1 0 0 1 0 1 0 1 0 0 0 
1 1 1 0 1 1 0 1 1 0 0 0 0 0 0 0 1 1 0 1 0 1 1 1 1 1 1 0 1 0 0 0 1 1 1 1 0 1 0 0 1 1 0 1 1 0 0 0 0 0 0 0 1 1 0 0 0 1 0 1 1 0 0 1 0 1 0 
0 0 0 0 0 1 1 1 0 1 1 1 1 0 1 0 1 0 0 0 1 1 0 0 1 1 0 0 1 1 0 1 0 0 0 0 0 1 1 0 0 1 1 0 1 0 0 0 1 0 0 0 1 1 0 0 0 1 0 1 0 0 0 0 1 0 0 
1 1 0 1 0 1 1 0 0 1 0 0 0 0 1 0 1 0 1 0 0 0 0 1 0 1 1 1 0 0 1 1 1 1 0 1 0 1 1 0 1 1 1 1 1 0 0 1 0 1 1 0 1 1 1 1 0 0 0 0 0 0 1 0 1 0 1 
0 1 1 0 0 0 1 0 0 1 0 1 1 1 0 1 0 1 0 1 0 1 0 0 1 0 0 1 1 0 1 1 1 0 0 0 0 1 0 0 1 0 1 0 1 1 0 1 1 0 0 1 1 0 1 1 0 1 0 0 1 1 1 1 1 1 1 
0 1 1 0 0 1 0 0 0 1 0 1 0 1 1 1 0 0 1 1 0 0 0 0 0 1 0 1 1 1 0 1 0 1 1 0 0 1 1 0 1 1 1 1 0 0 1 1 0 0 0 1 0 0 1 0 0 1 1 1 1 1 0 1 0 1 0 
0 1 1 0 0 0 1 1 1 0 0 0 0 0 0 1 1 1 1 1 1 0 1 0 1 0 0 1 1 1 1 1 0 0 0 0 0 1 0 1 1 0 1 0 1 0 1 0 1 0 1 0 1 0 0 0 1 0 1 0 1 0 1 0 0 1 0 
1 1 0 0 0 1 0 0 0 0 0 0 1 0 1 1 1 0 1 0 1 1 1 1 0 0 0 0 0 0 1 1 1 1 0 1 0 0 0 0 0 0 0 1 0 0 0 0 0 1 0 1 0 1 0 0 1 0 1 0 0 0 1 1 1 1 1 
0 1 1 0 1 1 1 0 1 1 0 1 1 1 1 0 1 1 0 0 0 0 1 0 1 1 0 0 0 1 1 0 1 0 1 0 1 0 1 1 1 1 0 0 1 0 0 0 1 0 0 1 0 1 0 1 0 0 0 1 1 1 1 0 0 0 1 
1 0 0 0 1 1 1 1 0 1 1 1 0 1 1 1 0 1 1 1 1 1 1 0 1 1 0 1 1 0 0 0 1 0 1 0 0 0 0 0 1 1 1 1 1 1 0 1 0 0 0 1 1 0 0 0 1 0 0 0 0 0 0 1 1 1 0 
1 1 0 1 0 1 1 1 0 0 0 1 0 0 0 1 1 0 1 0 1 1 0 1 0 0 1 1 1 1 1 0 0 1 0 1 1 1 0 1 1 0 1 1 0 1 0 0 1 0 0 0 1 0 1 1 0 0 1 0 1 0 0 0 0 0 1 
1 1 1 0 0 0 1 1 0 0 0 0 1 0 0 1 1 0 0 1 1 1 0 1 0 0 1 0 0 0 1 1 1 1 0 0 1 1 1 1 0 1 0 1 1 0 1 1 1 1 0 0 0 0 1 1 0 0 1 1 0 1 0 0 0 0 0 
1 0 1 0 0 1 0 1 0 1 0 1 0 0 1 0 0 1 1 1 0 1 1 1 0 0 1 0 0 0 0 1 0 1 1 0 0 0 1 1 1 0 0 1 0 0 1 0 1 0 0 1 1 1 0 1 1 0 1 1 0 1 0 0 1 1 0 
1 1 1 0 0 1 1 1 1 1 0 0 0 0 0 0 0 1 0 1 0 0 1 1 0 0 1 0 1 0 0 1 0 0 1 0 1 0 0 1 1 0 1 0 1 1 0 1 0 0 0 0 1 1 1 1 0 0 0 1 0 0 0 0 0 0 1 
0 0 1 1 0 1 0 0 0 1 0 1 1 0 0 1 1 1 0 1 1 0 1 1 0 1 1 1 0 1 0 0 0 1 1 0 0 1 0 1 0 0 0 1 0 0 0 0 0 0 1 1 0 0 0 0 1 0 1 1 1 1 1 1 0 0 1 
1 1 1 0 1 1 0 0 0 1 0 0 1 0 1 0 0 1 1 1 0 1 0 0 0 0 1 0 0 0 1 1 1 1 1 1 0 0 1 0 1 0 0 0 0 1 0 1 0 1 0 1 0 0 1 1 0 0 1 1 0 0 0 0 1 0 1 
0 0 0 0 1 0 1 1 1 0 1 0 1 1 0 0 1 0 1 0 1 1 1 0 0 0 0 0 1 0 1 1 0 1 0 1 0 1 0 1 1 0 1 0 1 1 0 0 1 1 1 0 1 0 0 1 0 1 1 0 1 0 1 0 1 1 1 
1 0 0 0 0 0 1 0 1 0 1 1 0 0 0 0 1 1 1 0 1 0 1 1 1 1 1 1 1 0 1 0 1 1 1 1 1 0 1 0 1 0 1 1 1 0 1 0 1 0 1 0 0 0 0 0 0 1 1 1 1 0 1 0 1 0 1 
0 1 1 0 0 1 0 1 0 0 0 1 1 1 0 1 1 0 1 1 0 0 1 1 0 1 1 0 1 1 0 1 0 1 0 0 0 0 1 1 0 0 0 1 1 0 0 0 0 0 0 1 0 1 0 0 0 1 1 1 1 1 1 1 0 1 0 
0 1 1 1 1 1 1 0 0 1 0 1 0 0 1 1 1 0 1 1 0 1 0 0 0 1 1 1 1 0 1 0 1 1 1 0 0 1 0 1 0 0 0 0 1 1 1 0 1 1 1 1 0 0 1 0 1 0 1 1 0 1 1 1 0 0 1 
0 1 1 1 0 0 1 0 1 0 0 1 1 1 0 1 1 0 0 1 0 1 0 1 1 1 0 1 1 0 0 0 0 0 1 0 0 1 0 1 1 0 0 1 1 0 0 0 1 0 1 1 1 0 0 1 1 0 0 1 0 0 1 0 0 0 0 
0 1 1 1 1 1 1 0 1 0 0 1 1 0 1 0 0 1 0 1 0 0 1 1 0 1 0 1 0 1 1 0 0 0 0 1 0 1 1 1 1 1 0 0 0 1 0 0 0 0 1 1 0 0 0 1 1 1 0 1 0 1 0 0 0 0 0 
0 1 1 1 1 1 1 1 1 1 0 1 1 0 0 0 1 0 1 0 1 0 0 1 0 1 1 0 1 1 0 1 0 0 0 1 1 0 1 0 1 1 1 0 1 1 1 0 1 0 0 0 0 0 1 0 0 0 0 1 1 1 1 0 1 1 1 
0 1 0 0 0 1 1 1 1 0 0 1 1 0 0 1 0 0 1 0 0 1 0 0 1 1 1 1 0 0 0 0 0 1 0 0 0 1 1 1 1 1 1 0 1 1 0 1 1 1 1 0 0 0 0 1 1 1 0 0 1 1 0 1 0 1 0 
0 0 1 0 0 1 1 0 0 0 0 0 1 1 1 1 0 1 1 1 1 0 0 1 0 1 1 1 1 0 1 1 1 1 1 1 0 0 1 0 0 0 0 0 1 0 1 1 1 1 1 0 1 1 1 1 0 1 1 1 1 0 0 0 1 0 1 
1 0 1 0 1 1 0 1 0 0 0 0 0 1 1 0 1 0 0 0 0 1 1 1 0 0 1 1 1 1 0 1 0 1 1 1 0 1 0 1 0 0 1 0 0 0 0 1 0 0 1 0 1 1 1 0 1 0 1 0 0 1 1 0 1 0 1 
1 0 1 0 0 1 1 0 1 1 0 0 1 1 0 1 0 1 0 0 0 1 1 0 1 1 0 1 0 0 0 1 0 1 0 0 0 1 0 0 1 1 0 0 0 0 0 0 1 0 1 1 1 0 0 0 1 0 1 1 0 1 1 1 0 1 1 
1 0 0 1 1 1 1 0 1 0 0 1 1 0 0 1 0 1 1 0 0 1 0 0 1 1 1 0 0 0 0 1 0 0 0 0 1 1 0 0 1 0 1 1 0 0 0 0 1 1 1 1 0 1 1 1 0 0 0 0 0 0 1 1 0 1 1 
1 1 1 1 0 1 0 1 1 0 1 0 1 0 1 1 0 0 0 0 0 1 0 1 1 0 0 0 0 0 1 1 1 0 0 1 1 0 1 1 1 0 1 0 1 0 1 1 0 0 1 0 1 1 1 0 1 0 1 1 0 0 0 1 1 0 0 
0 1 1 1 0 0 0 0 1 0 0 0 0 0 0 1 1 1 0 1 1 0 0 0 0 1 1 1 0 1 0 0 0 1 0 0 1 0 1 0 1 1 1 1 1 1 0 0 0 1 1 1 1 0 0 0 1 1 1 1 0 1 1 1 1 1 1 
0 0 0 1 1 1 0 0 0 1 1 0 1 0 0 1 1 0 1 1 1 0 1 0 0 0 1 1 1 1 1 0 1 1 1 0 1 1 0 1 0 1 0 1 1 0 0 1 0 1 0 1 1 1 1 0 0 0 1 1 1 0 1 0 0 0 0 
1 1 1 0 1 0 0 1 0 0 1 1 0 1 1 1 0 1 0 0 1 1 0 0 0 0 0 1 0 0 1 1 0 0 0 1 1 0 0 1 1 0 0 1 1 1 1 1 0 1 0 1 0 0 0 1 0 0 0 1 0 1 0 0 0 0 0 
1 1 0 0 0 0 0 1 1 1 0 1 0 0 1 1 0 1 1 1 1 1 1 0 0 1 1 0 1 1 0 0 0 1 0 0 1 0 0 1 1 0 0 1 0 1 1 1 0 0 0 1 0 0 0 0 1 1 0 0 0 1 0 1 0 0 1 
1 0 1 0 1 0 0 1 0 1 0 1 1 0 0 1 0 0 1 0 1 0 1 1 0 0 1 1 0 1 1 1 1 0 0 0 0 0 1 1 0 1 0 1 0 0 0 0 0 1 1 1 1 0 0 0 0 1 1 0 0 0 1 1 1 1 0 
1 0 1 0 0 1 1 1 1 1 0 1 0 1 0 1 1 0 0 1 0 1 0 0 0 1 0 1 0 1 1 1 1 1 0 1 0 1 1 1 0 1 0 0 0 1 0 1 1 0 0 0 1 1 0 1 0 0 1 0 0 0 1 1 1 1 1 
1 0 0 0 1 1 1 1 1 0 1 1 1 1 1 1 1 0 0 0 0 0 1 0 0 0 0 0 1 1 1 1 0 1 1 1 0 0 0 1 0 0 0 0 1 0 1 0 0 1 1 1 0 0 1 0 0 1 0 0 1 1 1 1 0 0 0 
0 1 0 0 1 0 0 1 0 0 1 0 1 0 1 0 0 0 1 1 0 1 1 0 0 1 1 1 1 0 1 0 1 1 0 0 0 0 0 0 1 1 0 0 1 0 0 0 0 1 1 0 0 0 1 0 1 0 1 1 0 0 1 1 0 1 0 
0 1 0 0 0 1 0 0 0 0 0 0 0 0 1 1 0 0 0 1 1 0 0 0 1 1 1 0 1 0 0 1 0 0 1 0 1 1 1 0 0 1 0 0 1 0 1 0 0 1 1 1 0 1 0 1 0 1 1 1 0 0 0 0 0 1 0 
0 1 1 0 1 1 0 1 0 0 1 0 0 0 1 0 0 1 0 1 1 1 1 1 1 1 1 1 1 1 0 1 0 1 1 1 0 0 0 1 0 1 1 1 0 1 1 0 0 1 0 1 0 1 0 0 0 0 1 1 1 1 1 1 1 0 0 
1 0 0 0 1 0 0 0 0 1 1 0 1 0 0 0 0 1 1 0 1 1 0 1 0 1 0 1 0 0 1 0 1 1 0 0 1 0 0 1 1 1 0 0 1 0 1 1 0 0 0 1 1 0 0 1 1 0 0 0 1 1 0 0 0 0 0 
0 1 0 1 0 1 1 1 0 0 0 1 0 0 1 1 1 1 0 0 1 0 0 1 1 1 1 1 1 1 1 1 0 1 1 1 0 0 0 0 0 0 0 0 0 1 0 1 1 0 1 0 0 1 1 0 0 0 1 1 1 1 1 0 0 0 1 
1 0 1 1 1 1 1 1 1 1 1 0 0 1 1 0 0 0 1 0 0 1 1 1 0 0 0 0 1 0 1 0 1 0 1 0 1 1 1 0 0 1 0 0 0 1 0 0 1 1 0 1 0 0 1 0 0 1 1 1 0 0 1 1 1 1 1 
0 0 0 1 0 1 1 0 0 1 0 0 0 1 1 0 1 1 1 1 1 0 0 1 0 1 0 1 0 1 0 0 1 1 1 1 0 1 1 0 0 1 1 0 0 0 0 1 1 1 1 0 0 1 1 0 0 0 0 0 1 0 1 1 1 0 0 
0 1 0 0 1 1 1 0 0 1 0 1 0 0 0 1 0 0 0 0 0 0 0 1 0 1 0 1 0 0 1 0 0 1 1 1 1 0 1 1 0 0 0 0 0 1 1 0 1 0 0 1 0 1 0 0 0 0 1 0 1 1 1 1 0 0 0 
1 0 0 0 0 0 1 1 0 0 0 0 1 0 0 0 1 1 1 1 1 1 1 0 0 0 1 1 0 1 0 0 1 0 0 0 0 1 1 0 1 1 0 0 0 0 1 1 0 0 0 1 1 1 1 0 1 0 1 0 1 1 0 1 1 0 1 
1 0 0 1 1 1 1 0 1 0 1 0 0 1 1 1 0 0 1 0 0 1 0 0 1 1 0 0 1 0 1 0 0 1 0 0 0 1 0 0 1 1 0 1 0 1 1 0 0 0 1 0 1 1 0 0 0 0 0 1 0 1 0 1 0 0 1 
1 1 1 1 1 0 1 0 0 1 1 0 1 1 1 1 1 0 1 1 1 1 0 0 1 1 0 0 0 0 1 1 0 0 0 1 0 1 1 0 0 1 1 1 0 0 0 1 1 1 1 0 0 1 0 0 0 1 0 0 1 0 1 1 0 1 0 
1 1 0 1 1 1 0 1 1 1 1 1 0 1 0 0 1 1 0 1 1 1 0 0 1 0 1 0 0 1 1 1 0 1 1 1 0 1 0 1 0 0 0 0 1 0 0 0 1 1 0 1 0 0 1 1 0 0 0 0 1 1 0 1 0 1 1 
0 0 1 1 1 1 0 1 0 0 0 1 0 1 1 1 1 1 0 1 1 0 1 1 0 0 1 1 0 0 0 0 1 0 1 0 1 1 1 0 0 1 1 0 0 0 1 0 1 1 1 0 1 0 1 1 0 1 1 0 1 1 0 0 1 1 0 
1 1 0 1 1 1 0 1 0 0 0 0 1 1 1 1 0 1 0 0 1 1 1 1 1 0 1 1 0 0 0 1 1 0 0 0 1 0 1 1 0 1 1 1 0 0 0 1 1 0 1 0 0 0 1 1 0 0 0 0 1 0 1 0 0 1 1 
0 1 0 1 1 0 1 0 0 1 0 1 1 1 0 1 1 0 1 0 1 1 0 1 0 1 1 1 1 0 0 1 0 0 1 1 0 0 0 1 1 0 0 0 1 1 0 0 1 1 0 0 0 1 0 1 0 1 0 1 1 0 1 1 0 0 1 
1 0 1 0 1 1 0 0 1 1 0 1 1 1 0 1 1 1 1 0 1 0 0 0 0 0 1 1 1 1 0 0 1 1 0 1 1 0 1 0 0 1 1 1 0 1 0 1 0 0 0 1 0 0 0 0 1 1 0 0 1 0 0 0 0 0 1 
1 0 0 1 0 1 0 1 1 0 0 1 0 0 1 0 0 1 0 1 0 1 1 0 0 1 0 1 1 0 0 0 1 1 1 1 0 0 1 0 0 1 1 0 1 0 0 1 1 0 0 0 0 1 0 0 1 1 1 0 1 0 1 0 1 0 0 
1 0 1 1 0 0 0 1 1 0 1 0 0 0 1 0 0 0 0 0 1 1 0 0 1 0 1 1 1 1 1 0 0 0 0 0 0 0 1 1 1 1 0 1 1 1 1 1 1 1 1 1 1 1 1 0 1 0 1 0 1 1 1 1 1 1 0 
0 1 1 1 0 0 1 1 1 0 0 0 0 0 0 1 1 1 0 1 1 0 0 1 1 1 0 1 1 1 1 1 1 0 0 1 1 0 1 0 0 1 1 0 1 1 1 0 0 1 1 1 1 0 1 1 1 1 0 0 1 1 1 0 1 0 1 
0 0 0 1 0 0 0 1 1 1 0 0 1 0 1 1 1 1 0 0 1 1 0 1 0 1 1 0 1 1 0 1 1 0 0 1 0 0 0 0 1 1 0 1 1 1 0 0 1 0 1 0 1 1 1 0 1 0 0 0 1 0 1 0 1 0 0 
1 0 0 1 0 1 1 1 0 1 1 1 0 1 0 0 0 1 1 0 0 0 1 0 1 1 0 0 0 0 0 0 0 0 1 0 0 1 1 0 0 0 1 0 1 1 0 0 1 1 0 1 1 1 0 1 1 0 1 1 0 1 1 0 1 1 1 
1 0 0 0 0 1 1 0 0 1 0 0 0 1 1 1 1 0 1 0 1 1 1 1 1 0 0 0 1 1 1 1 1 1 1 1 0 0 1 1 1 1 1 1 1 0 1 0 1 0 0 0 0 1 1 1 1 0 1 0 1 0 1 1 0 0 0 
0 1 0 1 0 1 1 0 0 1 1 0 0 1 0 1 1 1 0 1 0 0 0 1 0 1 0 1 1 1 1 1 0 1 1 0 1 0 0 1 1 1 0 0 1 0 1 0 0 1 1 0 0 0 1 0 1 0 1 0 1 0 1 1 0 0 1 
1 0 0 0 0 1 0 0 0 1 1 1 1 0 0 1 0 0 1 0 1 1 1 1 0 0 1 1 0 1 0 1 0 0 1 0 0 0 0 0 1 1 1 0 1 0 1 0 0 0 0 0 1 0 1 1 0 0 0 0 0 1 1 0 1 0 0 
1 0 0 0 1 1 1 1 0 1 1 0 0 1 1 0 1 1 1 0 1 0 1 1 0 0 0 0 1 0 0 1 1 0 1 0 1 0 0 1 0 1 0 0 0 1 0 1 0 1 0 1 1 1 0 1 1 0 1 0 0 1 1 1 1 0 0 
0 1 0 0 1 1 0 1 1 1 1 1 1 0 1 0 0 0 0 1 1 0 1 1 0 0 1 0 0 1 0 0 0 0 0 1 1 0 0 0 1 1 1 0 0 0 0 0 0 0 1 1 0 0 1 1 1 0 1 1 1 1 1 0 1 0 1 
0 0 0 0 0 1 0 0 1 0 1 1 1 1 1 0 0 1 1 1 0 1 0 1 1 1 1 1 0 1 0 0 1 0 0 1 0 0 0 1 1 1 1 0 0 0 0 0 1 0 1 0 1 1 1 0 0 0 1 0 1 0 0 1 0 1 0 
0 1 0 0 0 1 1 0 0 1 1 0 0 1 0 0 0 1 0 1 0 0 0 0 0 0 1 1 1 0 1 1 1 0 1 0 1 0 0 1 1 1 0 0 0 0 0 1 1 0 0 1 1 0 0 1 1 1 0 0 1 1 1 0 1 1 0 
1 1 1 0 1 0 0 1 1 0 1 0 0 0 0 1 1 0 1 0 1 0 0 1 1 1 1 0 1 0 0 0 1 1 0 0 0 1 1 1 1 1 1 1 1 1 1 0 1 0 0 1 1 0 0 0 1 1 0 0 1 1 0 1 0 1 1 
0 0 1 1 1 0 0 1 1 1 0 1 1 0 1 0 1 1 0 0 0 0 0 1 1 1 1 0 0 0 0 0 0 1 0 0 1 0 1 0 0 1 1 1 1 0 1 1 1 1 1 1 1 1 0 1 1 0 1 1 0 1 1 1 0 1 1 
1 0 0 1 0 1 0 1 0 0 0 1 1 1 0 1 1 0 1 0 1 1 1 0 0 1 1 1 1 1 0 1 1 0 0 1 1 1 0 1 1 0 1 1 1 1 0 0 1 1 0 0 1 0 0 1 1 0 0 0 1 0 1 0 0 0 1 
1 1 1 0 0 1 1 1 0 1 1 1 0 1 1 1 0 1 1 1 0 1 1 1 0 1 0 0 1 0 1 0 1 0 0 0 1 0 1 0 1 1 1 1 0 0 0 0 0 0 1 0 1 0 1 0 1 0 0 0 0 0 0 0 0 0 0 
0 0 1 0 1 0 1 1 0 1 1 0 1 1 1 0 1 1 1 1 0 1 1 0 0 1 0 0 0 1 0 0 1 1 0 1 0 1 0 0 0 1 1 0 1 0 0 0 0 1 1 0 1 0 1 1 0 1 1 0 0 1 0 0 0 0 1 
