51 49 1935
38 50 85 60 100 22 91 90 83 37 72 17 8 89 18 7 95 79 40 44 58 77 84 24 24 49 20 45 65 25 56 3 75 40 14 74 13 4 63 96 40 87 12 99 75 81 6 69 12 
45 64 21 73 99 44 48 99 63 93 64 88 48 18 62 39 31 35 51 86 49 46 26 35 9 76 9 90 81 29 1 78 92 73 50 42 17 98 41 79 42 56 66 89 73 27 27 55 13 
29 40 62 75 17 96 35 93 57 24 73 85 76 2 29 49 52 70 17 1 10 95 42 17 13 82 41 39 60 95 4 88 87 17 14 55 64 49 47 20 24 72 5 52 73 33 52 76 54 
68 76 16 62 69 32 74 50 73 65 9 19 20 49 5 36 62 60 99 10 58 19 34 29 75 85 54 59 36 29 12 3 57 27 16 77 59 42 79 31 58 39 1 77 87 6 64 49 17 
62 10 74 32 43 55 58 79 60 16 66 40 28 20 48 54 36 25 64 29 3 94 86 93 47 14 80 4 77 80 20 90 89 45 74 32 51 31 62 62 47 28 2 26 47 1 79 34 25 
43 62 79 88 99 72 86 12 3 89 88 82 8 30 70 5 3 53 7 33 15 69 31 42 22 8 40 22 87 74 47 81 87 77 20 86 100 6 49 2 94 89 83 54 18 53 10 72 5 
16 56 71 84 87 12 5 46 4 79 84 77 77 64 15 53 36 52 53 93 1 6 38 41 89 43 58 93 52 81 49 68 36 20 3 74 83 60 20 86 90 3 14 66 19 29 18 54 32 
22 98 84 28 35 24 68 78 33 60 29 13 8 48 49 27 3 74 62 14 93 47 3 96 13 68 66 93 37 19 24 11 68 8 38 2 83 57 79 16 16 60 28 75 59 28 54 61 2 
15 26 46 13 28 41 25 47 6 17 36 76 41 46 43 100 83 97 82 91 27 49 6 86 29 32 45 56 85 57 9 51 35 55 64 14 47 88 61 5 5 96 32 97 41 27 48 75 23 
81 17 49 30 22 87 58 5 83 65 90 91 26 40 25 80 55 39 78 43 51 82 99 98 14 47 90 40 94 16 14 26 32 62 55 5 100 64 9 82 81 50 73 6 42 49 37 96 87 
14 38 89 96 88 86 61 86 75 52 79 42 65 57 73 78 11 77 78 27 38 59 7 87 83 64 80 32 100 76 18 13 65 59 60 5 44 20 90 71 71 21 12 35 77 37 65 39 65 
42 65 54 100 23 41 35 86 72 66 85 47 35 50 64 93 9 68 37 29 57 59 51 77 22 86 53 10 2 92 75 43 8 28 94 83 20 28 68 92 93 5 90 28 54 53 72 62 20 
60 42 29 18 93 5 92 30 10 1 31 53 27 73 60 7 18 42 26 46 62 69 90 66 11 69 71 63 41 84 35 100 26 15 70 18 19 61 99 80 13 29 32 40 53 92 46 70 85 
23 67 46 44 9 63 54 77 85 68 69 69 54 69 94 68 90 63 39 2 61 18 14 41 50 5 45 41 50 14 77 25 33 23 68 41 37 21 69 22 88 38 90 42 6 35 61 47 49 
99 48 61 17 61 1 66 18 45 58 19 10 34 43 94 8 62 86 97 82 55 18 22 92 59 15 49 45 75 95 93 26 42 53 42 54 5 59 71 1 16 90 62 1 84 56 61 46 41 
57 79 47 26 100 38 84 66 38 28 93 32 72 18 25 24 11 31 80 69 53 80 36 94 41 88 78 48 48 23 41 4 53 87 29 5 25 64 70 14 91 14 46 62 83 22 37 93 4 
16 13 57 47 48 50 88 36 79 87 83 1 27 39 6 66 67 10 90 83 79 55 73 45 52 87 27 74 75 20 77 43 32 85 89 32 35 28 19 13 15 53 66 93 91 71 58 10 32 
99 92 62 54 16 6 5 54 33 30 29 4 7 71 87 43 11 70 77 39 88 42 5 41 59 97 83 81 55 92 12 5 83 73 58 51 31 63 4 63 92 32 18 50 54 4 93 65 74 
21 55 61 14 59 53 24 55 36 56 61 27 67 66 62 92 23 64 22 37 67 36 81 51 53 82 56 8 26 20 81 99 74 94 64 84 98 88 39 33 43 99 12 62 16 25 5 39 88 
26 27 6 13 59 56 65 41 12 72 66 83 5 16 9 50 80 92 47 67 82 32 61 33 95 22 48 19 26 38 58 3 65 63 15 23 71 31 15 34 55 33 68 11 48 76 60 27 20 
58 45 1 41 6 33 35 27 33 5 5 70 14 7 34 77 74 9 99 4 75 84 58 7 51 20 55 79 79 33 98 89 78 50 29 83 35 16 61 67 20 65 36 86 24 22 14 97 82 
12 52 56 95 62 63 97 81 69 75 12 1 24 100 78 74 80 12 8 95 73 26 67 89 13 4 12 34 17 60 67 28 12 75 74 73 37 70 53 57 97 64 57 20 63 87 93 95 98 
52 41 22 77 59 11 90 62 22 75 78 34 94 5 45 68 30 17 56 52 69 12 48 33 20 67 47 6 12 93 56 63 34 77 92 92 87 33 54 61 59 83 94 52 88 90 71 69 6 
26 20 26 37 19 10 57 86 57 14 49 1 69 63 34 46 54 26 84 38 31 96 49 13 41 52 52 30 23 73 87 48 44 13 37 63 22 45 100 30 58 48 31 27 10 64 24 16 41 
59 5 23 7 53 88 99 5 39 81 79 63 67 78 7 79 14 69 1 58 68 30 68 67 12 46 28 76 21 43 68 31 48 91 37 52 78 36 8 68 68 86 31 34 16 37 13 29 57 
65 39 24 46 58 42 58 3 69 85 23 12 52 53 11 94 42 14 71 29 74 91 96 59 21 29 26 9 93 55 65 9 45 40 7 2 81 64 4 49 100 78 12 3 82 74 97 23 40 
19 3 13 9 98 23 81 79 49 89 71 55 53 32 99 92 38 100 24 53 55 25 52 84 36 54 17 62 2 92 1 21 94 65 81 92 87 62 22 35 50 92 89 55 75 87 98 12 38 
22 64 44 98 15 79 85 21 96 46 74 87 98 94 80 62 27 23 49 88 44 35 89 88 24 95 62 62 93 26 52 66 89 47 63 56 26 47 28 21 45 1 59 42 47 90 56 73 13 
4 12 8 38 52 95 13 47 9 75 91 34 26 56 74 72 70 29 49 68 56 21 64 9 79 6 55 69 61 79 33 16 90 40 5 41 87 18 87 47 44 29 80 21 84 53 44 5 34 
93 25 41 13 88 49 92 93 3 12 5 81 44 72 70 83 77 63 69 46 1 15 89 30 46 9 65 51 52 70 84 44 46 76 9 33 25 52 78 27 63 34 8 6 6 29 40 34 43 
61 79 44 27 67 25 25 27 89 75 78 10 10 74 55 85 82 88 9 33 17 88 47 50 47 4 55 27 43 88 70 55 18 65 82 36 89 58 62 29 84 40 39 93 65 45 29 98 84 
90 30 100 29 28 50 75 31 56 1 25 96 22 80 13 86 13 49 74 70 10 3 53 1 93 97 17 37 77 14 73 18 95 72 46 22 73 20 4 29 73 29 24 94 60 88 32 24 36 
5 93 98 59 97 50 3 45 67 40 21 80 64 39 75 35 36 48 60 8 52 88 32 32 63 25 91 2 56 66 38 13 58 87 23 6 88 26 50 54 17 22 86 80 12 12 66 48 59 
25 7 62 64 38 93 78 14 35 80 22 100 69 34 9 7 8 66 94 33 15 48 1 89 33 32 100 96 98 99 54 74 5 68 90 42 12 67 56 47 46 77 98 66 62 59 72 21 24 
66 54 91 65 6 79 49 38 30 44 87 81 49 60 85 16 49 79 28 68 86 26 65 14 23 31 27 33 2 47 9 67 52 99 31 58 29 79 95 10 74 33 90 23 92 27 38 93 5 
65 60 42 90 76 55 65 6 81 49 60 79 57 26 31 55 9 88 35 39 34 45 13 66 86 35 9 12 24 1 16 89 12 9 30 88 63 46 45 95 95 4 74 51 82 4 58 42 43 
44 80 76 88 44 93 26 30 1 37 54 54 5 94 65 13 75 4 28 73 1 22 67 4 47 69 85 50 78 78 44 22 58 19 61 53 63 86 35 64 75 40 17 79 33 33 91 59 89 
18 31 89 92 49 44 38 70 81 40 47 58 83 20 67 54 81 20 16 18 6 31 92 45 47 70 29 32 13 87 20 82 70 8 73 70 3 63 39 83 2 86 41 36 57 7 89 37 78 
57 55 83 87 98 27 34 68 55 65 80 94 36 61 63 95 86 32 97 48 23 80 49 60 72 84 16 78 25 5 8 81 59 42 67 8 69 52 75 75 68 6 20 3 19 34 97 4 18 
94 3 40 25 3 99 96 38 66 25 62 70 32 94 80 74 13 88 94 64 62 20 84 20 40 86 38 73 35 93 90 80 95 81 4 97 31 99 34 97 23 48 66 7 41 46 80 53 85 
25 69 46 44 52 17 35 89 54 8 23 46 49 54 40 82 57 88 12 7 22 8 82 69 26 88 61 71 19 14 7 43 34 52 38 85 69 73 25 74 80 100 20 80 53 11 61 10 51 
73 68 72 32 49 92 57 36 52 79 54 17 85 48 50 89 86 86 9 58 11 82 89 10 53 68 62 16 81 23 66 5 91 89 36 39 32 45 27 35 23 80 52 60 28 53 48 13 39 
56 70 49 89 10 10 94 77 23 9 9 46 26 13 88 66 1 78 97 97 4 31 71 84 34 30 63 87 29 27 25 84 48 25 25 57 34 18 85 56 78 94 53 55 58 40 20 10 18 
16 6 73 98 77 56 84 6 70 70 35 96 46 70 43 70 46 99 55 15 84 10 44 29 15 98 38 54 17 48 23 84 53 96 34 81 3 17 39 73 86 25 20 83 46 63 52 44 13 
6 58 48 67 2 28 81 99 66 87 68 13 9 51 17 56 84 50 59 52 88 83 89 64 54 71 9 68 22 52 33 79 62 80 46 63 60 78 13 25 64 80 89 73 83 57 80 18 6 
90 70 45 24 58 8 78 29 69 45 2 72 77 81 85 9 78 47 68 55 12 44 19 43 32 43 25 88 74 43 94 64 64 90 87 73 50 16 1 18 61 55 41 89 87 26 49 64 24 
16 70 87 59 40 30 42 34 54 30 8 48 75 71 63 64 9 36 13 25 88 82 37 42 75 77 80 52 26 43 75 93 65 14 4 4 43 45 38 48 74 97 48 48 67 10 64 27 97 
76 3 85 10 91 78 84 68 10 35 45 4 61 37 68 74 40 24 68 37 61 68 10 57 15 10 75 76 73 53 73 48 56 9 9 98 38 92 65 47 78 61 3 39 50 70 64 41 93 
84 77 5 51 87 61 65 96 87 92 20 40 16 67 47 24 28 44 14 19 61 12 49 73 14 87 22 36 2 63 80 85 39 85 87 77 97 51 24 84 95 43 75 10 62 73 86 89 16 
51 59 28 62 7 1 28 45 22 15 99 36 94 35 27 78 22 55 75 24 79 10 18 73 84 28 34 8 65 74 23 15 85 51 28 91 3 55 88 76 69 86 12 63 20 38 92 41 92 
18 17 22 27 34 95 62 13 80 69 77 6 44 91 90 46 19 32 48 25 19 23 46 56 34 60 28 23 51 20 67 69 36 40 47 70 86 9 34 66 77 11 23 20 53 12 65 71 95 
1 1 1 0 0 0 1 1 1 0 1 1 0 1 0 1 0 1 1 0 1 0 0 1 0 0 1 1 0 0 1 0 1 0 0 1 1 1 0 0 1 1 1 1 1 0 1 1 1 
0 1 0 0 1 1 0 1 1 1 0 1 0 0 0 1 0 1 0 1 1 0 1 0 0 0 1 0 1 0 1 1 1 0 1 1 1 1 0 0 0 0 1 1 0 1 0 0 0 
0 0 1 0 1 0 0 1 1 0 1 0 0 0 1 0 0 0 1 1 1 0 0 1 1 1 0 1 1 0 1 1 0 1 1 1 1 0 1 0 0 0 0 0 0 0 0 0 0 
0 0 1 0 0 1 1 1 1 0 0 1 0 1 0 1 0 1 0 0 0 0 1 0 1 1 1 1 0 1 1 0 1 1 0 1 0 1 0 1 0 0 0 0 1 0 1 0 0 
1 0 0 1 1 1 0 1 0 1 1 1 1 1 1 0 1 0 0 0 1 1 0 1 1 0 1 0 1 1 0 0 1 0 0 1 1 0 0 1 0 1 1 1 0 0 1 1 0 
1 1 1 0 0 1 1 0 0 1 0 1 1 0 0 0 0 1 1 1 1 1 1 0 0 0 0 0 1 1 0 0 1 0 0 1 1 1 1 1 1 1 0 0 0 0 0 0 0 
0 1 1 1 0 0 1 0 0 1 1 0 1 1 1 1 1 0 0 1 1 1 0 1 1 0 1 0 1 1 0 1 1 1 0 1 1 1 0 0 0 1 0 1 1 1 1 0 1 
1 1 0 1 1 1 0 0 0 0 1 0 0 0 1 0 0 0 1 1 0 1 1 0 1 0 1 0 1 1 1 1 1 0 0 0 1 0 0 0 1 1 0 1 1 1 1 1 1 
1 0 0 0 1 0 0 0 1 0 1 0 0 0 1 0 0 0 1 1 0 1 0 0 1 1 1 0 1 1 0 0 1 0 0 1 0 0 1 1 1 0 1 1 1 1 1 1 1 
0 0 1 0 0 1 1 0 1 0 1 0 0 1 1 0 1 0 0 0 1 1 1 0 0 0 1 1 1 0 0 1 1 0 1 1 1 1 1 0 1 0 0 1 1 0 1 1 0 
1 1 0 0 0 0 0 0 1 0 1 1 0 0 0 0 0 0 0 1 1 0 0 0 1 1 1 1 0 0 1 1 1 1 1 1 1 1 1 0 1 0 0 0 1 0 0 1 0 
0 0 0 1 0 0 0 1 1 1 1 0 0 0 1 0 1 1 1 0 0 0 0 1 0 0 0 0 0 1 1 1 1 1 0 1 1 0 0 0 1 1 0 1 1 0 1 0 1 
1 0 1 1 0 0 1 0 0 1 1 1 0 0 0 1 0 1 0 0 1 1 1 0 1 0 1 1 0 1 0 1 0 0 0 0 0 1 1 1 0 0 0 1 0 1 0 0 0 
1 0 0 0 1 0 1 1 0 1 1 1 1 0 1 1 0 0 0 1 1 1 0 1 1 1 1 0 1 1 1 0 1 1 0 0 1 0 1 1 1 1 1 0 1 0 0 0 0 
0 1 1 1 1 0 0 0 1 1 0 0 0 0 1 1 1 1 0 1 1 0 0 0 1 0 1 1 0 1 0 0 1 1 1 0 0 0 1 1 1 1 0 1 1 1 0 0 1 
0 1 0 0 1 0 1 0 1 1 0 1 1 1 0 0 0 0 0 0 1 0 1 0 0 0 0 1 0 0 0 1 0 0 1 1 0 1 1 0 0 0 1 1 1 1 1 1 1 
0 0 1 0 1 1 0 0 1 1 0 0 0 1 0 0 1 1 1 0 1 1 0 1 0 1 0 1 0 1 0 0 1 1 0 1 1 0 1 0 0 1 0 0 1 0 0 0 0 
1 0 1 0 0 0 0 1 0 1 1 1 0 0 1 1 0 0 0 1 1 1 1 0 1 1 1 0 1 1 0 1 1 1 1 1 1 0 0 1 1 0 0 1 0 1 1 0 1 
1 1 0 0 0 1 0 1 0 0 1 0 0 0 1 1 1 1 0 1 1 1 1 1 1 0 1 1 1 0 0 1 1 1 1 0 0 1 1 0 1 0 0 1 0 0 0 0 1 
0 1 0 1 0 0 1 1 1 0 0 1 0 1 1 1 1 1 1 0 0 0 0 1 0 1 1 0 0 1 1 0 1 0 0 1 0 1 0 1 1 1 1 1 0 0 1 1 1 
0 0 1 0 0 0 1 1 0 1 1 1 1 0 0 1 0 0 1 1 0 0 0 1 1 1 0 1 0 1 0 1 1 0 1 1 0 0 1 0 0 0 0 1 0 0 0 0 0 
1 1 1 1 1 0 1 1 0 0 1 0 1 0 1 1 0 1 1 0 0 0 0 0 0 1 1 0 1 1 1 0 1 0 0 0 0 1 1 1 1 1 1 0 1 0 1 1 1 
1 0 1 1 0 0 1 0 1 1 1 0 0 0 1 0 0 0 1 1 1 0 0 0 1 1 0 1 0 1 1 1 1 0 0 0 0 1 0 1 1 1 0 1 1 1 0 1 1 
1 0 1 1 1 1 0 0 1 1 0 1 0 0 0 1 0 0 1 0 0 1 1 0 1 0 1 0 0 1 0 1 1 1 0 0 0 0 0 0 0 1 1 0 1 1 1 1 0 
1 1 0 0 0 0 1 1 0 1 1 1 1 1 0 0 1 1 1 0 1 1 0 0 0 0 1 1 0 1 1 1 0 0 1 1 0 0 0 0 1 1 1 1 0 0 1 0 1 
0 0 0 1 0 1 1 0 0 1 0 1 0 1 0 0 0 1 1 0 1 1 0 0 1 1 1 1 0 1 0 1 1 0 0 1 1 0 1 0 1 0 1 1 1 1 0 0 0 
1 0 1 0 0 0 1 1 1 0 0 0 0 1 1 1 1 0 0 1 1 0 0 1 0 0 1 1 0 1 0 1 1 1 1 0 1 1 1 0 1 1 0 0 0 1 1 0 1 
1 1 1 0 0 0 0 0 1 1 0 0 1 1 0 1 0 0 0 1 1 1 1 1 1 1 1 1 0 1 0 1 1 1 1 1 0 1 1 1 1 1 0 0 0 0 1 0 0 
0 0 1 1 1 0 0 0 0 1 0 1 0 1 0 1 1 1 1 0 0 1 1 1 1 0 1 1 1 0 1 1 0 0 0 1 1 1 1 1 0 1 0 0 0 1 0 1 0 
1 0 1 0 1 0 1 1 0 0 1 0 1 0 0 0 1 1 1 0 0 0 0 1 0 1 1 1 1 1 0 0 1 1 1 0 1 0 0 1 1 1 1 0 1 1 0 0 0 
1 0 0 1 1 1 0 0 1 1 1 0 1 1 1 0 0 1 0 1 1 1 0 0 1 0 0 0 1 0 1 0 1 1 0 0 1 0 0 0 1 1 0 1 0 1 1 1 0 
1 0 0 1 0 0 0 0 0 0 1 1 1 0 0 1 0 0 0 0 0 0 1 1 0 0 1 1 0 0 1 1 0 1 0 0 0 0 1 0 1 0 1 0 0 1 1 0 1 
1 0 1 1 0 0 1 0 0 0 0 0 0 0 1 1 0 1 1 1 0 0 0 1 1 0 1 1 0 0 0 1 0 0 1 0 0 0 1 0 1 1 1 1 1 0 0 0 1 
0 1 0 0 1 1 1 1 0 0 1 0 1 1 1 1 0 1 1 0 0 0 1 0 1 0 1 1 1 1 0 1 0 0 1 1 1 0 1 0 1 0 0 0 1 1 1 1 1 
0 0 1 0 1 1 1 0 1 0 1 0 1 0 1 1 1 0 1 1 1 1 0 0 1 0 1 1 1 1 0 0 1 1 0 0 1 0 0 0 0 1 0 1 1 1 1 0 0 
0 0 1 1 0 1 0 1 1 1 0 0 1 0 1 1 1 1 0 1 0 0 1 1 0 1 1 0 0 1 0 0 1 1 1 0 1 1 1 0 1 1 0 0 0 1 1 1 0 
1 0 0 1 1 0 0 0 1 0 0 0 0 0 0 1 1 0 0 1 1 0 0 0 0 0 0 1 0 1 0 1 1 0 1 1 0 1 1 1 1 0 0 1 0 0 0 0 0 
1 1 1 1 1 1 0 1 0 1 1 1 1 1 1 0 0 0 0 1 1 0 0 1 0 1 0 0 1 0 0 0 1 1 0 0 0 0 1 0 1 1 0 1 0 1 1 0 1 
1 1 0 1 1 0 1 0 0 1 1 0 1 0 1 0 0 1 1 0 0 1 1 1 1 0 1 0 1 1 1 1 0 0 0 1 0 0 1 0 1 1 0 1 1 1 1 1 0 
0 1 0 0 0 0 1 1 1 0 0 1 1 1 1 1 0 1 1 0 0 1 1 1 1 0 0 0 0 1 0 0 0 1 0 1 1 0 0 0 0 0 1 1 0 1 1 0 0 
0 0 0 0 1 0 1 0 0 0 0 0 0 0 0 1 1 1 0 1 1 1 1 0 0 0 0 1 1 0 1 0 0 0 0 1 0 1 1 0 1 1 0 0 0 1 1 1 0 
0 0 0 1 1 0 1 1 0 1 1 0 0 1 0 0 1 1 0 0 1 1 0 0 1 0 0 0 1 1 1 1 1 1 0 0 1 0 0 1 1 1 1 1 0 1 0 1 0 
0 1 1 1 1 0 1 1 0 1 1 0 0 0 1 1 1 0 0 1 0 1 0 1 0 1 1 1 1 0 0 0 1 1 1 1 1 0 0 0 0 1 0 0 0 1 0 1 1 
0 0 1 0 0 0 0 1 1 0 1 1 0 1 1 1 0 0 1 1 0 1 1 0 1 1 0 0 1 1 0 0 1 1 0 1 0 0 0 1 0 1 1 0 0 0 0 1 0 
1 0 0 0 1 0 1 0 0 1 0 1 1 0 0 1 0 1 1 0 0 0 1 1 1 1 0 1 1 1 1 0 1 0 0 0 0 1 0 1 1 0 0 0 0 1 1 0 0 
0 1 0 1 0 0 0 1 0 0 1 1 1 1 0 1 0 0 0 1 0 1 0 1 1 1 1 0 0 0 1 1 1 1 0 1 1 0 0 1 0 1 0 0 1 0 1 1 0 
1 0 1 0 1 0 0 0 1 0 0 1 1 1 0 1 1 1 0 0 0 0 0 1 0 0 0 1 0 1 1 1 0 0 0 1 0 0 1 0 0 1 1 0 1 0 1 0 1 
1 0 1 1 1 1 0 1 1 1 1 1 0 1 1 1 1 0 1 1 1 1 1 0 1 1 1 1 0 0 0 0 0 0 1 1 1 1 1 0 0 0 1 1 1 0 0 0 0 
1 1 1 1 1 0 0 0 1 1 1 1 1 1 0 1 0 1 0 0 0 1 0 1 0 1 0 1 1 1 1 1 0 1 0 1 1 0 0 0 1 1 0 0 0 0 0 0 1 
0 0 0 1 1 1 0 0 1 1 0 0 0 1 1 1 1 0 0 1 0 1 0 1 1 0 1 1 0 0 0 1 0 0 0 1 1 0 0 1 1 0 1 0 1 0 1 0 1 
0 1 1 1 1 1 0 1 0 1 0 0 1 1 1 0 1 0 1 0 0 0 1 0 0 1 1 0 1 1 1 1 0 1 0 1 0 0 1 0 1 1 1 0 0 0 0 1 0 
