46 49 55
29 43 67 69 69 1 35 93 72 1 48 84 51 56 35 80 4 78 100 76 40 31 30 12 13 10 13 98 91 45 44 71 39 62 91 8 63 25 52 86 25 51 70 76 6 56 7 61 33 
6 36 72 88 66 35 100 27 48 49 17 44 92 39 82 5 30 89 19 6 92 5 83 42 26 58 99 33 16 60 17 73 95 40 60 12 27 59 38 26 7 6 69 50 97 50 54 78 91 
73 83 82 29 65 24 6 74 22 90 89 81 6 61 28 45 20 39 71 30 29 96 36 86 64 37 82 66 43 59 56 67 94 37 95 58 12 52 84 34 41 24 66 46 85 45 42 56 36 
65 86 64 60 73 1 76 10 35 93 52 93 48 18 38 36 64 48 48 67 31 33 7 54 50 4 90 95 97 46 30 61 83 45 73 55 97 100 16 31 92 19 76 39 88 13 74 3 60 
21 69 90 5 27 96 55 82 85 49 79 30 30 39 12 26 63 19 74 62 34 5 53 5 80 91 92 44 17 95 4 89 15 45 94 42 40 48 23 25 48 53 6 29 44 18 6 6 88 
79 68 21 83 20 77 14 63 69 58 79 15 61 67 29 57 60 22 97 59 97 21 6 49 26 34 44 95 91 50 82 70 17 55 4 88 31 70 50 99 27 80 65 39 47 94 95 58 67 
43 17 63 63 74 64 41 60 7 35 50 56 17 71 24 23 75 64 53 96 65 4 74 45 68 64 43 13 10 52 32 53 20 94 67 94 9 7 5 16 42 54 23 10 77 99 32 3 62 
84 98 78 39 71 22 59 34 16 71 43 20 2 47 39 48 14 32 56 20 36 23 13 42 98 22 18 96 5 20 9 41 17 86 79 39 60 37 24 27 60 18 46 13 65 85 60 30 68 
68 49 56 90 62 49 87 35 66 34 40 37 94 80 5 80 58 95 91 47 18 69 6 35 15 18 51 51 30 80 70 97 81 25 86 42 25 25 28 90 10 67 78 4 46 34 35 56 28 
25 2 45 93 59 32 59 76 34 9 5 14 79 53 46 55 39 39 80 15 66 21 24 33 51 79 30 84 13 85 12 37 38 8 82 96 39 40 24 25 1 80 90 31 33 35 85 23 73 
16 89 38 89 64 22 39 43 52 22 55 88 33 44 78 41 77 25 31 68 48 55 68 80 44 50 12 30 87 86 2 2 74 92 42 37 13 80 31 16 2 86 4 86 81 33 78 57 57 
61 76 5 15 96 36 11 45 47 40 31 84 94 85 57 85 26 45 97 6 76 65 59 13 20 44 93 52 74 1 8 34 76 64 48 23 99 10 68 97 2 50 80 95 86 88 31 64 33 
27 21 8 91 79 20 62 74 64 13 47 64 21 80 91 36 80 14 35 41 33 83 42 82 63 88 20 2 18 83 34 45 3 41 87 33 12 1 6 75 13 5 90 85 84 33 21 63 46 
7 4 78 89 97 11 3 85 30 5 2 12 90 98 66 83 37 98 94 37 4 21 49 60 62 86 43 94 6 58 39 12 13 68 52 9 31 55 45 60 11 99 24 100 96 89 82 84 39 
28 20 94 48 21 53 9 6 95 55 63 4 93 26 16 13 77 77 43 83 73 54 93 71 29 45 19 70 78 2 8 5 74 1 4 46 5 13 3 51 67 65 55 11 90 22 75 66 50 
69 1 23 23 45 45 3 89 63 72 67 65 31 71 90 83 27 35 87 39 37 38 57 53 44 19 42 65 46 59 67 14 11 41 88 56 85 91 44 48 62 62 64 93 85 53 27 11 39 
14 1 27 3 9 79 46 27 72 62 24 82 28 38 93 20 25 48 5 15 43 4 29 5 19 73 41 23 99 51 61 64 51 39 66 59 17 11 37 40 25 13 21 52 50 13 72 26 12 
28 93 7 83 21 63 1 45 3 23 95 53 35 59 55 73 24 65 41 87 53 80 11 65 100 14 66 65 85 92 28 64 84 34 46 56 96 46 52 50 20 46 54 6 4 8 78 80 24 
18 66 77 97 76 93 49 89 59 13 26 50 40 41 85 26 87 40 21 84 43 23 56 88 76 61 44 36 91 23 59 8 88 87 57 15 80 5 55 38 69 32 39 8 73 23 33 11 14 
6 46 56 28 1 43 3 14 86 90 4 60 49 63 99 35 19 13 66 75 68 55 43 51 93 3 23 67 35 33 80 92 79 35 19 31 30 74 44 67 63 47 27 63 62 25 50 32 90 
15 7 9 70 1 59 14 3 34 81 38 66 12 81 96 99 100 27 28 25 22 46 39 21 24 2 82 1 3 13 90 17 71 50 38 72 60 4 74 93 84 63 11 47 44 6 45 95 84 
24 19 6 70 9 26 45 10 59 45 12 23 86 81 94 87 70 17 47 73 90 39 8 5 49 55 48 7 51 94 90 75 64 95 96 72 72 40 34 82 37 45 5 22 77 98 9 99 14 
55 71 55 45 31 59 94 37 58 100 87 51 41 13 14 88 8 38 59 48 71 93 84 67 97 57 44 46 17 42 11 23 64 17 68 46 28 13 82 85 12 21 88 4 85 53 91 93 90 
2 92 12 94 27 79 42 35 22 87 52 15 49 74 78 65 41 24 44 53 57 29 16 29 68 72 14 72 62 6 14 63 49 25 8 75 3 49 9 76 87 12 90 35 86 68 52 78 43 
95 83 51 75 50 80 94 21 93 66 83 50 79 97 98 3 5 24 6 53 84 81 40 48 23 26 33 42 77 62 84 24 44 86 98 94 65 92 14 9 9 48 10 87 45 7 41 49 82 
98 53 18 31 92 65 53 70 49 94 46 10 29 21 54 14 19 47 31 62 12 91 70 60 1 8 56 59 48 56 41 46 8 10 76 52 74 80 21 22 73 18 31 53 39 36 18 9 34 
48 22 46 39 91 57 39 98 64 97 97 19 89 42 26 98 69 29 23 48 49 96 72 67 79 24 57 14 42 65 48 41 86 45 31 28 53 21 77 68 70 73 86 10 67 63 8 35 92 
82 35 40 78 6 58 56 82 66 21 75 82 20 15 19 16 98 46 20 18 74 87 87 47 72 49 65 87 8 51 78 89 85 69 18 43 79 25 24 44 46 50 26 17 64 44 33 13 42 
52 31 15 91 69 13 62 17 77 48 24 28 77 65 64 46 82 6 76 7 81 19 4 30 96 20 46 40 4 58 33 8 40 47 98 61 60 11 29 88 11 5 15 87 69 79 84 2 36 
59 8 69 78 63 50 25 83 47 64 86 57 48 93 96 47 90 8 6 53 37 45 63 41 60 49 61 90 85 62 77 43 70 45 72 84 95 97 66 41 12 4 97 60 48 45 6 90 52 
63 42 40 7 4 32 18 4 92 59 88 54 36 31 75 32 54 58 78 50 76 71 14 79 19 73 26 15 30 67 19 92 8 58 50 63 90 20 67 33 78 6 86 65 88 12 97 42 22 
74 43 97 96 56 27 15 28 52 29 9 71 47 100 78 57 2 41 46 21 59 78 50 64 16 15 52 27 63 93 48 88 35 96 84 91 22 98 70 26 78 79 96 25 30 73 81 31 65 
78 3 23 7 53 87 74 19 90 53 81 82 52 68 68 48 51 58 69 100 28 46 78 58 41 54 87 66 86 70 30 15 24 5 73 28 43 47 46 32 99 78 13 2 46 80 49 48 90 
70 48 69 15 77 26 56 82 64 73 67 85 2 33 61 58 5 88 100 3 86 83 1 63 95 55 60 27 3 8 68 24 7 88 39 83 65 46 64 28 70 82 65 23 66 25 81 70 64 
32 73 49 15 25 64 61 31 23 39 34 30 6 9 36 93 99 70 57 44 85 37 65 18 53 88 83 77 68 53 92 99 77 93 65 53 56 26 84 78 64 69 60 22 77 47 66 76 69 
75 71 53 63 36 71 15 75 5 43 42 57 34 92 85 26 57 90 81 34 25 11 49 93 22 70 21 20 88 48 88 62 71 93 24 58 15 90 32 19 32 73 28 65 16 64 43 24 5 
75 57 29 37 6 73 58 27 94 30 14 93 69 27 63 13 2 72 27 91 3 98 22 27 25 39 43 40 81 66 45 55 23 73 92 80 46 1 6 91 82 72 35 51 50 50 63 52 21 
42 42 24 39 64 50 15 2 44 54 34 10 98 88 84 23 31 15 20 84 72 62 17 43 96 67 93 45 82 44 66 23 37 89 13 100 90 27 53 34 80 86 95 30 26 78 52 8 44 
23 91 15 84 60 10 79 26 54 76 7 49 41 81 85 81 93 85 22 19 89 55 51 75 49 32 100 78 35 59 73 57 2 88 40 61 97 70 86 50 45 45 98 37 77 82 17 70 18 
39 40 7 45 42 33 46 73 84 75 59 42 48 15 43 87 6 3 83 28 41 84 72 85 81 61 13 14 77 82 84 67 74 42 64 67 74 61 40 57 35 50 98 34 65 93 20 22 95 
2 49 35 37 73 71 17 33 84 83 61 17 66 28 90 7 43 57 32 3 48 88 89 97 37 23 13 81 42 35 76 96 35 62 32 7 85 1 39 68 83 100 36 100 79 78 58 73 34 
89 75 33 28 63 81 16 85 46 97 79 80 72 74 66 85 57 73 69 57 63 88 91 14 24 42 44 1 99 16 86 39 90 70 66 5 50 82 89 95 78 19 26 1 44 44 85 1 68 
6 9 30 93 100 96 68 93 39 68 92 7 5 30 96 74 48 52 76 29 93 70 58 11 48 58 55 91 94 7 58 51 15 39 96 66 86 63 59 25 83 2 31 87 83 78 61 30 30 
36 10 74 57 67 84 56 76 90 98 22 96 7 72 11 46 67 28 31 30 86 7 12 39 89 98 22 19 10 51 100 45 13 73 54 79 56 9 7 46 7 28 41 13 99 3 10 66 31 
93 47 68 51 10 7 40 7 28 10 69 30 9 13 42 81 66 73 88 27 79 33 33 6 26 97 4 80 59 21 10 51 67 78 1 76 36 92 35 63 1 3 44 9 67 38 89 85 10 
29 11 40 61 95 97 38 43 52 18 1 73 27 51 91 56 4 19 91 95 5 5 96 7 1 56 25 38 97 9 99 25 71 38 37 17 34 75 60 37 92 60 9 70 63 52 78 66 70 
1 1 1 0 0 1 0 0 1 1 0 0 1 0 0 0 0 1 1 0 0 1 1 1 0 1 1 1 0 0 0 1 0 1 1 0 0 1 0 1 0 0 1 1 0 0 1 1 1 
0 1 1 0 1 0 0 0 0 1 0 0 1 1 0 0 1 1 0 0 1 1 1 0 1 0 0 1 0 1 0 0 1 1 0 0 1 0 0 1 1 0 0 0 1 0 0 0 1 
0 1 1 0 0 1 1 0 1 0 0 1 0 1 0 1 1 0 0 0 0 0 1 0 0 0 1 0 0 0 0 1 1 1 1 1 0 0 1 1 0 0 0 0 1 0 1 0 0 
1 0 0 1 0 0 1 0 0 0 0 0 0 1 1 1 0 0 1 0 1 0 0 1 1 0 0 1 1 1 0 1 1 0 0 1 1 0 1 1 0 0 1 0 1 0 1 0 0 
0 0 1 0 1 1 1 1 1 1 1 0 1 0 0 1 0 1 0 0 1 1 0 1 0 0 0 0 1 0 0 1 1 0 0 0 1 1 1 0 0 0 1 1 0 1 1 1 0 
1 1 1 1 0 0 1 0 1 0 0 1 0 1 0 0 1 0 1 1 0 0 1 0 1 1 1 0 0 0 0 1 1 0 0 1 0 0 0 1 0 0 1 0 1 1 1 1 0 
0 0 0 0 1 0 1 0 1 1 0 1 0 0 1 0 0 0 0 0 0 0 0 0 1 1 0 0 0 1 0 0 1 0 1 0 1 0 1 0 0 1 0 0 1 1 0 0 1 
0 0 0 0 1 0 1 0 0 0 0 1 0 0 0 1 1 1 0 0 0 0 0 1 0 0 1 1 0 1 1 0 1 1 1 0 1 0 0 0 0 0 1 1 1 0 0 0 1 
0 0 1 0 0 0 1 0 1 0 0 0 1 1 0 0 0 0 0 0 1 0 1 1 1 0 0 1 0 1 0 0 1 1 0 0 0 1 0 1 0 1 0 1 0 0 0 0 0 
0 0 1 0 1 1 1 1 1 1 1 0 1 1 0 1 0 0 1 1 0 0 1 1 0 1 1 0 1 1 1 1 0 0 1 1 1 0 1 1 1 0 1 1 0 1 0 0 1 
1 1 0 1 1 1 0 0 1 0 1 0 1 0 0 0 1 0 1 1 1 0 1 1 0 0 1 1 0 1 1 1 1 1 0 0 0 0 0 1 1 1 0 0 1 0 0 0 0 
0 1 1 0 0 1 0 0 0 0 0 0 1 1 1 0 0 1 0 0 1 0 1 0 0 0 1 0 0 1 1 0 0 0 1 1 1 1 1 0 1 0 0 0 1 1 0 1 0 
1 0 1 1 1 1 1 1 0 1 0 1 0 0 1 1 1 0 0 1 0 0 0 0 0 1 1 1 1 1 1 0 1 0 1 0 1 0 0 1 0 0 0 0 0 0 1 0 0 
0 1 0 0 1 0 1 0 0 0 0 1 0 0 0 0 0 0 0 0 0 1 0 0 0 1 1 0 0 1 0 0 0 1 1 1 1 0 0 1 0 0 0 0 0 0 1 0 1 
1 1 1 0 1 0 0 0 1 0 1 0 1 1 0 0 0 1 1 0 1 1 1 1 1 1 0 0 0 0 1 1 1 0 0 1 0 0 1 1 1 0 1 0 0 1 0 0 1 
1 1 0 0 0 0 0 1 0 0 0 0 1 1 0 1 1 1 0 0 0 1 1 1 1 1 1 0 1 1 1 0 0 0 1 0 0 1 0 0 1 0 0 0 1 0 1 1 1 
1 1 0 1 0 1 0 1 0 0 0 1 0 0 0 0 1 0 0 0 0 0 1 0 0 1 0 1 1 1 0 0 0 0 1 0 1 1 1 1 0 1 1 0 1 1 0 1 1 
0 1 0 0 1 0 0 0 0 1 1 1 0 0 1 0 1 1 0 1 0 1 1 1 0 1 1 1 1 0 1 1 1 1 1 0 1 1 1 0 1 0 1 1 0 1 1 0 0 
1 1 1 1 0 0 1 1 1 1 0 1 0 1 1 1 0 1 0 1 0 0 0 1 0 1 1 1 1 1 1 0 0 0 1 0 1 1 1 0 0 1 0 0 0 1 1 0 0 
1 0 1 0 0 0 0 0 1 1 1 1 0 1 1 1 1 0 0 0 1 0 0 1 0 0 1 1 1 0 0 0 0 1 0 0 1 0 0 0 1 1 1 0 1 1 1 0 1 
1 0 0 1 0 1 0 0 1 1 1 1 1 1 1 0 0 1 1 0 0 0 0 1 1 0 0 0 1 0 1 0 0 0 1 0 1 1 0 0 1 1 1 0 1 0 1 1 0 
0 1 0 0 1 1 0 1 0 0 0 0 0 0 1 0 0 1 1 1 0 0 0 1 1 1 0 0 0 1 0 0 1 0 1 0 1 1 0 1 1 0 0 1 1 1 1 1 0 
1 0 0 1 1 0 0 0 0 0 0 0 0 0 1 0 1 1 0 0 1 1 0 0 1 1 1 0 1 0 1 0 0 1 1 1 1 1 1 0 0 1 0 0 0 1 1 1 0 
1 0 0 0 0 0 0 1 1 0 0 1 1 0 1 1 1 1 0 1 0 0 1 0 0 1 0 1 0 1 0 1 1 0 0 1 0 0 1 1 0 1 0 0 0 1 1 1 0 
1 0 1 0 1 1 0 1 1 0 1 0 0 1 0 0 1 1 0 1 0 1 1 0 1 1 0 0 0 1 1 0 0 0 0 1 1 0 0 0 0 0 0 0 1 0 0 0 0 
0 1 0 1 0 0 0 0 0 1 0 0 0 0 0 0 0 1 1 1 0 1 1 0 1 0 1 0 0 1 0 1 0 0 0 0 1 1 0 1 0 1 1 0 1 1 0 0 1 
1 1 1 0 0 1 1 0 0 1 1 1 1 0 1 0 0 1 1 1 0 0 1 1 0 1 0 1 1 0 0 0 1 1 0 0 0 0 0 0 1 1 1 1 1 0 1 0 0 
0 1 0 0 1 1 0 0 1 0 0 0 0 0 1 0 1 1 0 1 0 1 0 1 0 1 1 1 0 1 1 0 0 1 1 1 0 1 0 1 1 0 1 0 0 1 0 1 0 
0 0 0 1 1 0 0 0 1 1 1 0 0 1 0 1 0 0 1 0 0 0 1 0 0 1 0 1 1 0 1 0 0 0 1 1 0 1 0 1 0 1 1 0 0 1 1 1 1 
0 1 1 1 0 1 1 0 0 0 1 0 1 1 0 1 1 0 1 0 0 0 1 1 1 1 1 1 1 0 0 1 1 0 0 0 1 1 0 1 1 1 1 1 1 0 0 0 0 
0 0 0 0 1 1 0 1 0 1 0 1 1 1 0 1 0 0 1 1 0 0 1 0 0 0 1 0 0 1 0 0 1 0 1 1 1 1 0 1 0 0 0 1 1 1 1 1 1 
0 1 0 0 0 0 0 0 1 0 0 0 0 1 1 0 0 0 1 1 0 1 1 0 1 0 0 0 1 1 0 1 0 0 0 0 0 0 0 1 1 1 1 1 0 0 0 0 1 
1 1 1 0 0 0 0 0 0 0 0 1 0 1 0 0 1 0 0 0 1 1 1 0 0 0 0 1 0 0 0 0 1 1 0 1 1 0 1 1 1 1 1 1 1 1 0 0 1 
0 0 0 0 1 0 0 0 0 1 0 0 1 0 1 1 1 0 0 1 0 0 0 1 1 0 0 0 0 1 1 0 1 0 0 1 0 1 1 1 0 1 1 0 0 1 1 1 1 
1 0 1 1 1 1 0 1 1 0 1 0 0 1 0 0 0 1 0 1 0 1 1 1 1 1 1 0 0 0 1 0 1 1 1 0 0 0 1 1 0 0 0 0 1 0 0 1 1 
1 0 1 0 0 0 1 1 0 1 0 0 1 0 1 0 1 1 0 1 0 1 0 0 1 0 0 1 1 1 0 0 0 1 0 0 0 0 1 0 1 1 0 0 1 0 0 1 1 
0 0 0 0 0 0 1 1 0 1 0 0 1 0 0 1 0 0 1 0 1 1 0 1 1 0 0 1 1 1 1 1 0 1 1 0 1 1 1 0 0 1 0 1 1 0 0 0 0 
1 0 1 0 0 0 0 1 1 1 0 0 0 1 0 1 1 1 1 0 0 1 0 0 1 1 1 1 0 1 1 1 0 0 0 0 1 0 1 0 1 1 0 0 1 1 1 0 0 
0 0 0 1 0 0 0 1 0 1 1 1 0 1 1 1 1 0 0 1 1 0 0 1 0 0 0 1 0 0 1 0 0 0 0 0 0 0 1 0 0 1 0 0 0 1 1 1 1 
1 0 1 1 0 0 0 1 0 1 1 0 1 1 0 1 1 0 1 0 1 0 0 0 0 0 0 1 0 1 1 1 1 0 1 0 0 1 1 0 0 0 0 1 1 0 0 1 0 
0 1 1 0 1 0 0 1 0 1 1 0 0 1 1 0 0 1 0 1 0 0 1 0 0 1 0 0 1 1 0 1 0 0 1 1 0 1 0 0 1 0 0 1 1 0 0 1 1 
0 0 0 1 1 0 1 0 0 0 0 1 0 1 1 0 1 0 0 0 1 1 1 1 1 1 0 1 1 1 1 1 1 1 0 0 1 0 1 0 0 1 1 0 0 1 1 1 1 
1 0 0 0 1 1 0 0 1 1 1 0 0 1 1 1 1 0 1 1 1 1 1 0 0 0 0 1 1 0 1 0 0 1 1 1 1 1 0 0 0 1 1 1 0 0 0 0 0 
1 1 1 0 1 1 1 1 0 0 0 0 1 0 0 1 1 1 0 0 1 0 1 1 1 0 1 0 0 1 0 0 1 0 0 0 1 1 1 1 0 1 1 1 1 1 0 1 1 
0 1 0 1 0 1 0 0 1 0 1 0 1 1 1 1 1 1 0 1 0 0 1 1 1 0 1 1 1 0 0 1 1 0 0 0 0 1 0 1 1 1 1 0 0 1 1 0 0 
0 1 1 0 0 0 1 0 1 0 1 1 0 1 1 1 1 1 1 0 1 0 0 1 1 0 1 0 0 1 1 0 0 0 0 0 0 1 1 0 0 0 1 0 1 0 1 1 1 
