63 41 1954
1 58 71 36 96 87 99 10 78 14 32 18 76 66 64 57 61 40 55 53 83 13 77 55 1 14 97 40 55 19 34 7 76 57 95 23 43 45 33 72 10 
64 89 86 29 52 94 42 91 100 94 26 65 22 80 65 87 28 56 93 46 42 100 74 98 46 96 40 42 28 11 52 92 51 37 72 3 82 65 45 81 10 
22 45 31 1 62 18 81 17 10 78 58 61 3 7 58 99 98 100 78 60 51 21 11 39 93 65 72 57 9 52 19 31 49 49 83 62 18 15 78 80 93 
88 40 95 46 50 45 44 49 23 3 51 95 13 41 39 77 12 48 38 15 66 20 63 14 2 24 32 69 54 63 61 93 54 7 38 3 52 81 3 26 84 
5 20 48 45 59 77 56 6 14 23 71 33 85 36 86 61 19 54 66 81 66 58 35 73 95 37 24 28 92 49 63 96 68 10 41 78 86 48 83 99 22 
5 83 7 41 21 19 59 74 84 92 92 93 26 64 39 14 87 66 5 87 28 53 6 90 45 84 75 44 18 26 66 23 60 24 15 80 42 25 6 77 16 
97 69 41 60 7 7 98 25 63 36 52 67 41 93 11 76 68 55 94 45 20 68 56 95 82 36 36 6 93 12 22 89 32 14 100 38 72 49 62 35 84 
66 1 24 58 64 100 77 18 45 73 89 12 29 35 93 16 70 98 8 33 71 48 16 85 99 53 56 47 67 42 30 32 95 5 41 58 56 70 27 100 42 
67 63 22 1 55 37 22 5 44 6 27 43 21 63 41 25 71 87 91 12 68 74 58 73 67 67 80 36 93 32 77 11 94 51 11 1 87 84 57 83 89 
83 25 61 46 18 86 16 4 76 79 24 2 37 48 68 3 27 55 48 58 83 10 4 33 73 4 20 56 60 2 97 94 78 57 39 47 42 6 51 70 37 
26 23 73 73 42 27 99 96 26 9 78 36 12 11 8 15 30 15 26 83 11 19 12 20 10 59 13 67 61 82 3 86 56 27 10 97 54 8 92 31 16 
70 18 79 80 25 93 61 92 70 95 2 41 58 73 50 16 86 16 28 19 71 65 75 97 74 71 50 34 15 33 1 84 50 80 15 27 24 27 18 94 21 
71 86 78 44 35 46 29 2 25 47 72 90 21 69 15 44 70 48 58 2 1 93 4 32 7 30 55 85 47 100 5 17 85 34 60 71 31 88 25 56 35 
96 97 7 16 63 2 38 11 59 91 63 51 94 94 9 23 48 93 21 100 49 38 36 35 49 7 65 89 31 72 75 78 20 81 46 83 83 35 45 93 25 
7 44 71 100 4 45 99 49 66 50 97 55 86 31 3 44 48 91 74 19 65 3 39 98 100 73 32 34 17 24 11 23 19 81 74 75 25 24 23 42 74 
19 96 11 2 51 54 49 41 27 19 58 81 9 7 81 81 38 66 49 13 76 23 32 8 96 6 33 20 28 74 45 98 22 55 99 72 8 99 64 86 70 
21 18 30 79 50 63 16 16 11 29 43 34 12 51 81 69 83 52 96 8 48 45 29 2 96 100 61 46 64 46 15 36 16 97 15 65 59 82 80 21 62 
75 6 73 25 87 41 59 90 88 18 38 33 47 91 28 98 52 25 13 49 40 1 64 88 15 81 98 48 12 18 10 86 76 82 10 14 75 20 3 62 38 
92 94 36 83 73 85 86 98 50 34 89 50 50 76 16 30 25 63 41 94 72 27 69 6 88 34 80 60 89 93 49 80 87 36 14 11 20 99 60 69 85 
100 70 86 27 85 15 51 100 7 45 23 85 65 80 73 99 59 84 87 52 32 18 90 67 32 52 38 82 12 59 18 11 28 3 90 65 17 40 16 24 84 
38 8 1 18 32 99 28 67 37 31 50 54 72 68 37 24 6 71 87 64 88 49 43 91 38 7 59 30 74 34 13 12 94 65 81 77 63 60 44 99 91 
93 5 14 61 93 89 18 63 75 33 3 76 75 45 65 34 3 94 7 37 59 70 30 23 50 58 38 62 1 88 52 46 92 17 58 37 6 75 51 32 59 
53 7 33 49 24 18 52 17 77 40 27 46 69 2 48 26 39 9 79 26 12 76 70 28 33 6 85 59 8 17 17 13 75 1 61 98 19 64 67 95 3 
93 92 23 94 39 1 84 99 79 10 62 54 31 90 38 88 74 96 95 42 12 59 17 64 20 14 82 83 32 28 86 25 20 8 70 10 8 6 61 38 15 
22 43 45 11 80 32 37 27 78 30 90 37 46 54 8 12 35 90 43 15 27 19 86 87 41 95 46 46 55 36 12 77 78 8 39 10 91 27 36 68 57 
78 56 54 31 63 17 17 5 60 31 83 30 16 69 70 63 67 67 69 2 78 97 31 37 88 40 27 66 28 47 74 5 2 28 87 17 44 3 21 55 34 
3 85 1 24 6 15 90 73 36 43 2 32 73 39 71 65 65 37 92 63 10 48 65 89 34 81 85 36 53 39 21 7 75 74 30 33 40 71 5 75 65 
58 59 38 48 29 2 65 17 45 27 79 44 91 67 77 23 3 64 75 42 37 34 68 62 15 100 53 86 56 28 2 14 38 39 13 18 92 77 35 88 4 
13 31 46 31 59 21 34 75 95 27 63 80 94 76 95 46 28 32 1 7 33 66 44 24 79 62 67 7 96 55 62 60 37 60 42 48 80 75 74 26 53 
88 6 99 63 100 44 90 31 96 49 15 62 92 38 92 53 5 98 100 11 60 11 47 19 53 46 50 79 71 75 84 58 80 82 72 31 25 14 13 20 62 
28 33 53 65 24 58 21 74 57 31 85 20 30 55 72 75 4 2 98 78 85 55 10 18 27 40 42 40 53 14 1 32 98 5 96 22 62 17 95 19 99 
79 90 28 85 13 55 88 14 52 17 51 58 26 68 36 18 62 75 22 27 27 53 24 32 100 97 93 68 43 63 67 21 4 46 57 16 100 44 82 3 61 
32 61 38 51 48 55 12 23 28 90 1 32 14 84 32 10 29 99 53 43 17 25 47 63 82 62 14 77 43 17 37 26 29 27 77 76 81 40 50 61 30 
3 92 43 86 75 4 14 26 8 9 42 33 55 56 66 68 70 42 11 38 31 88 66 57 64 93 89 56 95 49 85 97 93 79 34 67 82 48 92 90 56 
86 74 62 41 39 29 10 32 91 99 62 79 64 70 94 9 59 49 3 59 85 51 51 63 84 70 45 83 13 86 90 98 11 51 91 1 32 52 32 22 51 
46 52 66 15 46 26 73 46 80 32 31 30 34 93 14 3 89 48 68 26 38 17 36 40 7 36 23 11 20 45 61 65 96 78 79 93 4 4 39 83 35 
21 13 20 65 78 75 6 77 42 31 66 58 19 6 17 54 28 27 25 24 87 89 72 16 20 64 19 23 54 54 9 26 18 28 91 95 2 96 23 43 26 
89 53 96 46 69 2 25 95 26 49 33 15 20 48 86 35 19 8 41 72 16 18 89 95 8 35 49 3 57 91 81 97 95 28 42 63 29 67 57 55 67 
41 21 38 89 6 24 59 65 64 82 32 82 70 26 41 56 74 96 64 17 28 61 11 55 2 26 84 20 34 38 86 75 10 23 15 67 47 73 31 62 54 
14 95 75 39 36 30 65 83 45 33 10 5 43 64 59 20 47 78 54 36 16 28 97 90 42 63 88 66 45 2 71 58 96 45 49 83 26 13 17 70 45 
26 27 39 90 85 59 88 14 12 24 81 91 72 71 84 35 10 49 31 11 71 89 59 15 37 93 92 1 10 13 97 35 39 87 76 75 45 64 41 8 39 
21 50 62 43 33 96 53 33 79 15 3 67 25 69 55 18 60 7 79 25 3 65 15 89 41 90 86 56 82 45 46 2 95 7 97 79 55 1 12 33 67 
14 51 92 83 57 61 94 63 39 18 17 55 33 5 47 74 42 54 55 39 99 8 85 58 56 63 64 56 74 48 23 40 50 66 22 6 26 15 68 16 85 
36 70 17 40 69 90 34 22 96 72 21 3 56 30 59 18 93 66 44 92 40 83 41 5 4 46 82 70 65 49 54 100 71 22 91 39 11 76 60 58 47 
32 61 54 61 71 24 5 88 67 96 28 1 88 84 4 85 18 25 1 66 31 100 36 52 43 26 15 18 86 72 17 17 84 70 30 6 45 34 94 11 82 
73 11 21 8 66 6 25 43 6 43 73 58 30 24 52 56 38 21 93 10 37 9 93 59 38 99 3 24 44 66 57 16 28 77 75 94 82 52 88 40 94 
60 97 75 83 48 82 21 20 74 82 57 83 26 67 72 76 21 95 19 86 3 86 14 80 13 59 13 64 98 52 9 57 100 83 39 99 65 11 19 90 44 
27 72 70 93 96 97 13 42 68 51 45 5 16 76 17 26 88 80 23 92 88 79 91 23 69 42 87 32 60 28 75 38 52 96 30 47 93 94 88 12 96 
84 16 11 59 33 36 99 64 10 90 52 88 32 74 9 25 12 40 36 39 66 73 90 62 54 88 6 48 28 17 43 11 84 6 22 16 93 20 80 3 61 
83 90 44 8 98 69 71 89 4 9 55 77 51 16 82 90 73 29 17 41 24 80 24 81 1 92 73 72 23 75 32 5 65 75 64 14 95 34 55 99 94 
9 27 44 76 8 86 48 89 2 40 64 33 63 44 85 54 16 56 28 91 39 84 7 66 47 72 60 80 26 10 74 86 88 69 61 96 54 60 36 8 99 
51 40 14 94 25 19 61 32 47 3 23 30 61 40 77 33 99 8 10 61 81 48 48 50 8 95 3 20 82 62 70 32 2 35 25 78 54 38 61 52 40 
83 81 1 22 9 85 73 17 94 85 97 41 84 98 1 31 53 72 12 14 93 44 67 28 20 96 81 57 9 84 97 91 64 49 65 25 33 89 41 78 25 
89 19 8 39 71 90 91 94 2 56 86 97 75 13 16 70 45 25 78 80 73 21 44 21 37 20 53 77 12 30 53 52 100 12 90 22 2 32 15 3 40 
53 99 14 17 66 35 14 90 65 93 62 37 88 34 73 7 86 1 70 68 5 22 19 16 63 41 17 95 7 71 34 59 21 99 28 87 33 41 28 97 85 
42 33 73 75 57 31 13 9 1 80 13 74 50 81 36 90 97 30 49 20 15 59 40 13 86 78 98 78 6 46 63 47 31 87 73 39 17 85 48 69 16 
12 42 66 92 78 7 41 59 55 60 74 14 99 38 99 29 87 29 34 33 91 32 15 77 56 53 45 41 52 14 8 64 7 73 7 84 32 47 43 86 58 
68 99 9 57 50 37 44 78 70 28 20 53 42 48 8 94 92 100 98 57 8 61 64 32 19 99 63 18 93 49 75 60 99 83 69 100 19 12 29 40 39 
48 92 80 95 52 25 39 51 22 95 10 34 10 94 5 61 56 22 53 56 96 65 7 79 33 6 49 96 35 89 86 34 32 17 29 83 41 19 86 15 65 
47 100 27 40 4 87 48 77 91 3 73 7 61 3 39 19 51 86 5 39 71 38 71 87 18 5 80 36 90 46 1 37 45 27 76 1 65 23 77 55 78 
1 62 90 3 52 8 6 38 12 44 60 2 66 99 19 71 78 55 60 23 7 48 19 85 76 71 49 50 48 3 27 100 16 69 55 68 76 60 57 40 55 
68 41 21 66 11 91 43 17 2 17 23 2 88 59 77 58 7 26 57 62 5 57 29 25 63 96 100 22 4 91 76 72 83 96 89 94 38 32 10 92 100 
85 45 87 43 21 45 2 98 53 63 54 9 91 78 71 39 30 44 94 20 20 17 3 67 6 48 57 89 57 100 88 41 44 27 36 16 23 37 65 75 51 
0 1 0 1 1 0 0 1 0 0 0 0 0 0 1 1 0 1 1 1 1 0 0 1 1 1 1 1 0 1 1 0 0 1 1 0 0 0 1 0 0 
1 0 0 1 0 1 0 1 0 1 0 0 0 1 1 1 0 0 1 0 1 1 0 1 1 0 1 1 1 1 1 0 1 1 0 1 0 0 1 0 1 
1 1 1 1 0 1 1 1 0 1 0 0 0 1 1 0 0 0 0 1 1 0 1 0 0 0 0 0 1 0 0 1 1 1 0 0 0 1 1 1 1 
1 1 1 1 0 1 1 0 1 1 1 0 0 1 0 0 1 1 0 1 1 1 1 0 1 1 1 0 0 0 1 1 1 0 0 1 0 0 1 1 1 
0 1 1 1 0 1 0 1 1 1 0 0 0 0 1 1 1 0 1 1 1 1 0 0 1 1 0 1 0 1 0 0 1 1 1 1 1 1 0 0 1 
0 1 1 0 0 1 0 0 0 1 0 1 0 0 1 1 0 0 0 1 1 0 0 0 0 1 1 1 1 0 0 1 1 0 0 1 1 0 0 1 1 
0 1 1 0 0 1 0 0 1 1 1 1 0 0 1 1 1 1 1 1 1 0 0 1 0 0 0 0 0 0 0 0 1 1 0 1 0 0 1 1 1 
1 1 1 1 0 1 0 1 0 0 1 0 0 0 1 0 1 1 0 1 1 0 0 1 0 1 1 0 0 1 0 1 0 1 0 0 0 1 0 0 1 
1 1 1 1 0 0 0 1 0 1 1 1 1 0 1 0 1 0 1 0 0 0 0 1 1 1 0 0 1 0 1 0 1 0 1 1 0 0 1 1 1 
0 0 1 0 1 1 1 1 0 0 1 1 0 1 0 1 1 0 0 1 1 0 1 1 0 0 0 0 1 1 1 1 1 0 1 0 0 1 0 0 1 
1 1 1 0 1 1 1 1 1 1 0 0 0 0 0 0 0 0 0 1 1 1 0 0 1 0 0 0 0 0 1 0 0 0 0 1 1 0 1 1 1 
1 1 1 1 1 1 1 1 1 0 0 1 0 0 0 1 0 0 1 1 1 1 1 1 0 0 1 0 1 0 1 1 1 0 0 0 1 0 1 1 0 
1 0 1 0 0 0 0 0 1 1 1 1 0 0 1 1 1 1 0 1 0 1 0 0 0 0 1 0 1 0 0 1 0 1 1 0 1 1 0 1 1 
1 0 1 0 1 0 1 0 1 1 0 0 1 0 0 0 1 0 1 0 1 0 0 0 1 1 0 1 1 1 0 1 1 1 1 0 0 0 0 1 1 
0 1 1 0 0 1 1 0 0 1 1 1 0 0 0 1 0 1 0 1 1 1 0 1 0 0 1 1 0 0 0 0 1 1 0 1 0 1 0 1 1 
1 0 1 1 0 0 1 0 0 0 1 0 0 0 0 0 1 1 0 1 0 0 1 1 0 0 0 0 0 1 1 0 1 0 1 1 0 1 1 0 1 
1 0 0 1 1 0 1 0 1 0 0 1 1 0 0 0 0 0 0 1 1 0 0 1 0 1 1 1 1 1 0 0 0 0 1 1 1 0 1 0 1 
0 1 0 0 1 0 0 1 1 1 0 1 1 1 1 0 0 0 1 0 1 1 0 1 1 1 0 1 0 0 0 0 0 1 0 1 1 0 1 0 1 
1 0 0 1 1 1 1 0 0 1 1 0 1 0 1 0 1 0 1 1 1 1 1 0 0 1 1 0 0 0 0 1 0 0 0 1 1 0 1 0 1 
0 0 1 1 1 1 0 1 0 1 0 0 1 0 0 0 0 0 0 0 0 1 0 1 0 1 0 0 1 0 1 1 0 0 0 1 0 0 1 0 0 
1 0 1 0 0 1 0 1 1 0 1 0 0 0 0 1 1 0 0 1 0 0 0 0 0 1 0 1 0 1 1 0 1 0 0 0 1 0 1 0 0 
0 0 0 1 1 1 0 1 0 1 1 0 1 0 0 1 0 1 1 1 0 1 1 0 1 1 1 1 0 1 1 0 0 1 1 1 1 1 0 1 1 
0 1 0 0 1 1 0 1 1 0 1 0 1 0 0 0 1 1 0 1 1 0 1 0 0 0 1 1 0 0 0 0 1 1 0 1 0 1 0 1 1 
1 0 0 1 0 0 1 1 0 0 0 0 1 1 0 1 0 0 1 1 0 0 0 1 0 1 0 1 1 1 0 1 1 0 0 1 0 1 1 0 1 
1 1 0 0 1 1 1 1 1 0 0 1 0 1 1 0 1 1 1 1 1 0 0 0 1 0 0 0 1 1 0 0 0 0 1 1 0 0 1 1 0 
1 0 0 0 1 0 0 0 0 1 0 0 1 0 1 1 0 0 0 1 0 1 1 0 0 1 0 0 0 1 0 1 1 0 1 1 1 1 1 1 0 
1 1 0 1 1 1 0 1 0 1 1 1 1 1 1 0 0 1 0 1 1 1 1 1 0 0 0 0 1 1 0 1 1 0 0 0 0 0 1 0 0 
0 1 1 1 0 1 1 1 1 1 0 0 0 1 0 0 0 0 1 1 1 0 0 1 1 0 1 1 1 1 1 1 0 0 1 0 1 0 1 0 1 
1 0 1 1 1 1 1 1 1 0 0 1 1 0 0 1 1 0 1 1 1 0 1 0 1 0 1 0 1 0 1 1 0 1 0 1 0 1 1 1 1 
1 1 0 1 1 0 1 1 1 0 1 1 1 1 1 1 0 1 1 0 0 0 1 1 0 0 0 1 1 1 0 1 0 1 0 0 1 1 1 0 1 
0 1 1 1 0 0 0 1 1 0 0 1 1 1 1 0 1 0 1 1 1 0 1 0 1 1 1 0 1 1 0 1 0 1 1 1 1 1 0 1 1 
0 0 1 0 0 1 1 0 0 0 1 1 0 1 0 1 0 0 0 1 0 0 0 1 1 1 1 0 1 0 1 0 0 0 0 0 1 1 1 0 0 
0 1 0 0 1 1 0 1 0 0 0 0 0 1 1 1 0 1 0 0 0 0 1 1 0 1 0 0 0 0 0 1 1 0 1 0 1 1 0 1 1 
0 1 1 1 0 0 0 1 1 0 0 1 1 1 0 1 1 0 1 0 0 0 1 0 1 0 1 1 0 1 0 0 0 0 1 1 0 1 0 1 0 
0 1 1 1 1 0 1 1 0 1 1 0 0 1 0 0 0 1 0 1 1 0 0 1 0 1 0 1 1 1 1 0 0 1 1 1 1 0 0 1 1 
1 0 0 0 0 0 1 1 1 0 0 1 0 0 1 1 0 1 1 1 0 1 0 1 0 1 1 1 0 0 0 1 0 0 0 0 1 1 1 0 1 
0 1 0 0 1 1 0 0 0 1 0 1 1 0 0 1 1 1 1 1 1 0 0 0 0 0 1 1 0 1 1 0 0 1 0 1 0 0 1 1 1 
0 0 1 0 0 0 1 1 1 0 1 1 0 1 0 1 0 1 1 1 0 1 1 1 1 1 0 1 0 1 0 0 1 1 0 0 1 1 1 0 0 
0 0 0 1 0 1 1 1 0 0 0 1 0 1 0 1 1 1 1 0 0 0 0 1 0 0 1 0 1 1 0 0 1 0 1 1 0 1 1 0 1 
1 0 1 0 0 0 0 0 0 0 0 0 0 1 0 0 0 0 0 0 0 0 1 1 1 1 1 0 0 1 0 1 1 1 1 0 0 1 0 0 0 
0 0 0 1 0 1 0 1 1 0 1 1 1 0 0 0 1 1 0 1 1 1 0 0 1 0 0 0 0 0 0 0 0 1 0 1 0 0 0 1 0 
1 0 1 0 0 0 1 1 0 0 0 0 1 1 1 1 1 1 0 0 0 0 0 1 0 1 1 0 1 0 0 1 0 0 1 0 0 0 0 0 1 
0 0 0 1 1 1 1 1 1 1 1 0 1 0 0 1 1 1 0 1 1 1 1 1 0 1 1 1 1 0 0 0 0 0 1 0 1 0 1 1 1 
0 1 1 0 1 0 1 0 0 0 0 0 1 1 0 0 1 1 0 1 1 0 1 1 1 1 1 0 0 0 1 0 1 0 0 0 0 1 1 1 1 
1 1 0 0 1 1 1 1 1 0 0 1 0 0 0 1 1 0 0 1 0 0 0 0 1 0 1 0 1 0 0 0 1 0 1 0 1 0 1 0 1 
0 1 1 0 0 0 1 0 0 0 0 1 0 1 0 0 0 0 0 0 0 0 1 1 1 1 0 0 1 1 1 1 0 0 1 0 0 0 1 1 0 
1 0 0 0 0 0 0 0 0 0 1 1 1 0 0 1 0 0 0 1 1 1 0 1 0 0 0 0 1 1 0 1 1 0 1 1 0 0 1 1 0 
0 0 0 0 0 1 1 1 1 0 0 0 0 0 0 1 0 0 0 1 0 1 0 0 1 1 0 1 0 1 1 1 1 1 1 0 0 0 1 1 1 
1 1 1 1 1 0 1 1 1 0 1 0 0 1 1 1 0 0 0 1 0 1 1 1 0 1 0 1 0 1 0 1 1 1 1 0 0 0 0 1 1 
1 1 1 1 1 1 1 1 1 0 1 0 1 1 0 0 1 1 0 0 1 0 1 1 1 0 1 1 0 0 0 1 1 0 0 0 1 1 0 0 0 
1 0 1 0 0 0 1 0 0 0 1 0 1 0 1 1 1 1 1 1 1 1 1 1 1 1 0 1 1 0 1 1 0 0 1 1 0 1 1 1 1 
0 1 0 1 1 0 0 0 1 0 1 0 1 1 0 0 1 1 0 0 0 1 0 0 0 1 1 1 0 0 0 1 1 1 0 0 1 0 0 0 0 
0 1 1 1 1 0 0 0 0 0 0 1 1 0 1 0 1 1 1 1 1 0 1 0 0 1 1 0 0 0 1 0 1 0 1 0 0 1 0 0 0 
0 1 1 0 1 1 0 0 0 1 1 0 0 0 0 0 1 1 0 1 0 0 0 0 1 0 1 0 0 1 0 0 1 1 1 0 1 1 0 1 0 
1 0 1 1 0 1 1 1 1 0 1 1 1 0 0 1 1 0 0 0 1 0 1 0 1 1 1 0 1 1 1 1 1 0 0 1 1 1 1 0 0 
0 1 1 0 1 0 1 1 0 0 0 1 1 1 0 1 0 1 0 1 0 1 0 0 0 0 1 1 1 1 1 1 0 0 0 1 1 1 0 1 1 
1 0 1 0 1 0 0 0 0 0 0 0 0 0 0 0 1 1 1 0 1 1 0 1 1 1 0 0 1 0 0 0 0 1 0 1 1 1 1 1 1 
1 1 1 1 1 0 0 1 1 0 0 0 0 1 1 1 0 0 1 0 0 1 0 1 0 0 0 1 1 1 0 1 1 1 0 0 1 1 1 1 1 
1 1 0 1 1 1 1 1 0 1 1 0 1 0 0 1 0 1 1 1 1 0 0 0 0 1 0 1 0 1 1 0 0 1 1 1 0 0 0 1 1 
1 1 0 1 1 0 1 0 1 1 1 1 1 1 1 0 1 1 1 0 0 1 1 1 0 0 1 0 1 0 1 0 1 1 0 0 1 1 0 0 0 
1 1 0 1 1 0 0 0 1 1 0 0 0 1 0 0 0 0 1 1 1 0 0 1 0 1 0 1 1 1 0 1 0 0 0 1 0 0 1 0 1 
1 0 1 0 1 0 1 1 1 0 1 1 0 0 1 1 0 1 1 1 1 0 0 1 0 1 1 0 1 1 0 0 0 1 1 1 1 0 0 1 0 
1 0 0 1 0 0 0 1 1 1 0 1 1 1 1 1 0 1 0 0 1 0 0 1 1 1 0 1 1 1 1 1 0 0 0 0 0 0 1 1 0 
