55 63 311
88 79 40 68 13 62 7 42 77 88 54 28 65 36 13 65 5 19 60 21 52 66 53 9 80 31 57 94 99 51 56 38 30 47 6 94 8 64 36 85 51 41 64 68 77 76 32 33 46 43 53 49 9 5 9 40 88 65 34 38 68 89 75 
49 36 80 42 43 43 29 79 46 70 42 65 46 70 48 78 67 90 31 16 98 87 24 38 74 41 23 11 60 63 86 8 50 17 1 93 12 30 23 9 99 17 73 96 86 20 73 52 9 55 19 59 94 43 48 19 35 70 30 94 84 67 53 
34 35 53 78 46 34 100 54 84 16 78 79 53 97 4 57 58 10 75 68 3 69 15 22 55 36 3 100 19 21 52 52 55 57 81 53 42 81 6 26 48 36 56 53 84 59 9 41 69 35 8 23 4 74 96 58 9 98 10 80 18 61 83 
25 69 64 77 11 96 34 88 43 69 43 95 53 54 55 45 74 90 5 96 45 78 44 2 39 41 63 70 11 24 52 35 44 67 63 6 62 96 45 57 17 88 51 69 93 58 65 66 47 69 13 91 99 56 44 89 49 7 10 59 82 61 45 
77 80 7 83 41 2 27 97 18 66 100 38 58 57 55 75 3 75 88 45 25 43 88 13 91 46 22 1 27 35 45 56 14 3 38 6 57 16 3 26 34 2 16 43 58 70 18 12 44 5 56 69 99 95 33 42 93 7 42 71 93 39 26 
58 41 63 63 49 31 65 75 64 18 90 58 27 11 75 90 54 31 45 74 82 92 7 23 84 65 16 54 57 54 80 66 47 94 28 47 76 45 21 91 62 62 49 41 72 75 30 26 6 27 51 87 18 9 61 53 73 76 58 81 82 89 46 
28 35 26 74 10 70 47 53 31 8 1 71 32 27 53 9 32 79 59 70 96 68 30 100 92 58 57 25 39 46 70 66 32 95 91 41 16 89 93 99 49 45 21 80 72 73 88 55 51 46 25 98 65 6 97 9 63 6 33 1 3 2 18 
34 49 61 26 16 49 19 14 49 15 35 28 38 7 15 93 58 13 69 55 29 74 4 37 89 9 69 41 11 23 59 44 23 71 69 38 71 39 52 20 6 86 47 43 44 14 35 1 78 55 8 6 81 11 43 69 71 63 9 81 37 19 76 
59 41 96 97 12 35 100 83 40 37 29 34 80 94 21 33 71 75 92 77 55 54 71 23 24 85 84 4 22 54 31 80 95 26 28 58 12 79 40 3 15 20 37 47 66 57 79 36 31 70 64 86 75 86 60 98 71 95 53 92 1 83 23 
47 8 3 4 72 81 95 74 96 66 10 42 31 66 72 19 49 93 82 86 67 68 45 64 90 92 68 81 92 50 55 38 9 57 93 80 90 39 54 85 4 63 78 87 81 1 5 81 93 38 66 11 57 62 26 46 53 93 78 96 94 33 85 
2 41 29 82 30 67 87 66 23 1 95 61 81 95 65 13 39 54 78 1 11 40 26 56 44 18 34 40 11 18 76 65 10 5 98 40 71 84 57 45 84 52 5 17 98 21 29 37 75 59 89 85 98 15 92 41 84 77 32 47 46 8 11 
56 64 60 47 86 43 55 31 78 6 87 46 56 8 27 44 34 85 32 70 82 46 61 74 82 90 58 28 35 17 90 42 80 49 40 65 43 95 95 72 100 34 18 55 41 44 98 26 80 82 95 61 27 7 86 60 96 95 87 83 11 28 76 
90 28 16 7 22 10 53 94 61 86 63 68 78 6 65 3 85 46 97 97 25 56 34 84 3 29 23 85 91 2 61 33 30 28 39 3 37 91 96 97 77 10 64 54 15 81 57 51 78 5 99 54 12 85 90 15 65 12 99 55 65 11 87 
46 38 77 49 26 68 96 75 96 6 90 1 72 70 9 23 100 14 73 5 25 57 94 39 73 57 90 28 22 52 66 67 42 43 15 67 62 63 41 9 68 83 9 39 52 18 13 3 83 38 8 59 46 53 50 19 10 39 46 31 42 63 49 
83 57 16 2 70 78 94 78 97 76 87 87 80 4 52 34 38 89 93 96 34 46 45 4 55 35 49 37 77 64 37 11 72 52 12 42 81 58 19 77 33 5 64 12 60 15 98 97 55 90 93 40 35 89 44 41 24 44 29 52 7 66 62 
79 69 74 20 50 83 90 26 15 47 41 79 6 7 76 55 13 65 99 53 52 87 96 92 62 39 73 13 98 38 75 76 6 100 47 7 82 36 85 48 82 25 26 40 84 53 46 96 18 44 48 21 82 43 12 44 34 84 56 31 73 82 6 
31 33 4 37 66 91 21 14 73 98 91 64 81 44 9 28 13 4 76 33 85 70 96 28 3 32 36 33 4 69 90 34 2 45 23 67 36 43 80 60 40 23 23 72 66 83 100 78 86 75 10 70 96 57 50 51 88 37 83 44 5 25 29 
58 69 51 77 56 94 8 15 85 30 89 57 95 23 8 24 8 34 85 30 29 42 31 79 29 67 14 24 23 90 53 33 10 3 9 66 48 68 32 33 98 21 41 44 43 100 68 3 33 52 84 61 93 14 92 74 32 57 97 6 46 1 38 
55 4 98 72 51 66 4 35 15 76 27 58 70 26 25 72 10 77 55 23 21 20 14 46 51 70 95 9 67 95 98 73 50 96 45 1 13 48 87 27 23 66 36 92 43 61 16 53 89 70 75 61 42 88 59 44 9 53 52 27 47 50 99 
49 97 43 49 61 90 87 39 64 4 74 56 47 86 71 99 26 92 73 87 85 12 97 29 20 49 80 46 47 81 44 95 29 39 95 89 28 34 27 44 37 53 99 83 38 21 81 16 64 53 54 49 64 50 77 35 98 8 32 96 41 28 91 
69 66 37 58 45 70 36 88 59 88 86 41 78 58 22 45 22 26 98 22 42 47 50 76 96 9 60 91 49 87 33 18 52 70 75 96 91 62 84 49 2 21 42 79 31 63 23 4 40 72 25 81 18 26 9 13 34 20 55 83 6 40 100 
57 61 26 4 51 87 39 52 40 60 93 18 42 7 92 45 98 15 69 31 32 46 39 96 79 58 3 61 15 42 60 23 2 37 26 4 76 65 55 15 76 99 85 69 5 76 13 3 43 33 33 74 78 23 22 56 32 24 17 46 17 28 68 
18 65 45 21 40 61 28 54 88 26 90 56 31 18 68 85 60 100 69 33 29 91 6 85 74 81 53 71 97 80 38 14 96 34 87 35 95 14 41 82 39 30 90 21 47 57 5 6 9 25 91 37 15 48 73 40 29 25 10 25 5 99 39 
52 33 25 87 79 38 79 12 28 60 1 49 59 10 5 16 18 30 58 6 96 6 79 36 34 3 45 58 59 96 48 11 80 24 49 58 13 79 21 41 38 22 89 48 31 93 64 100 74 73 5 70 78 83 5 63 86 1 73 44 96 20 6 
75 44 54 84 56 32 5 48 22 78 36 69 8 81 84 59 6 57 63 75 86 46 31 49 83 32 21 78 79 40 84 6 35 89 89 43 21 45 90 42 22 78 62 81 10 46 39 15 2 54 42 39 99 72 87 33 3 7 10 34 99 45 39 
85 34 79 79 6 24 21 47 97 50 8 78 11 5 68 77 58 21 18 97 71 90 83 3 44 42 65 77 92 9 15 76 94 46 7 99 69 27 97 65 76 57 94 86 61 14 62 19 34 32 67 57 21 1 59 16 42 75 93 33 36 59 61 
29 56 67 80 24 45 76 41 72 32 34 57 93 47 70 63 33 1 29 89 73 29 99 89 23 26 33 7 61 43 19 89 99 37 68 74 81 96 14 52 27 100 60 71 98 30 33 82 82 13 22 7 94 73 95 68 98 79 74 58 73 45 98 
23 81 66 97 62 61 62 65 39 13 25 10 63 6 94 96 39 59 18 45 52 90 91 71 87 69 44 96 94 40 93 16 21 10 64 34 22 78 98 61 42 74 70 56 31 15 52 70 73 21 14 76 62 57 46 48 77 42 95 70 81 87 38 
1 97 53 34 18 82 84 78 76 9 99 31 40 14 34 61 38 54 26 14 67 82 59 66 59 100 60 80 81 47 17 33 43 22 19 12 3 2 90 30 62 40 13 1 5 46 13 43 52 39 56 18 20 66 84 30 66 43 10 98 41 26 30 
83 99 48 47 54 1 36 83 63 27 95 15 84 41 28 26 44 66 33 13 37 50 96 67 15 91 76 12 83 53 94 18 52 41 64 5 42 51 39 56 77 34 70 60 26 49 37 21 14 21 33 3 71 81 69 37 71 96 1 5 48 94 22 
51 34 85 55 27 35 46 82 12 79 52 23 56 100 12 76 66 84 8 20 6 88 88 43 10 83 43 67 82 36 88 33 21 73 39 48 7 84 81 70 14 32 45 69 84 56 96 1 91 56 20 97 95 59 91 57 93 33 23 74 20 10 58 
92 82 97 39 41 32 20 10 46 3 6 66 38 13 14 90 4 69 61 100 63 19 42 19 11 74 93 37 45 3 94 36 36 42 27 76 74 98 38 19 52 43 36 42 56 49 83 11 17 44 62 32 14 3 2 77 28 95 13 72 49 58 59 
84 100 37 12 73 86 1 43 90 95 78 31 2 79 13 12 95 56 73 78 70 75 80 98 2 26 10 25 74 67 36 9 18 24 72 90 10 72 32 51 67 62 81 68 40 45 80 86 1 4 64 22 79 43 71 32 20 80 9 93 98 96 1 
16 19 73 57 80 96 41 30 62 2 62 82 41 7 13 78 59 16 41 32 46 35 2 30 54 81 90 46 30 85 99 97 55 23 54 35 18 94 16 32 47 78 65 39 84 29 16 94 96 57 25 94 43 26 23 97 58 12 94 87 48 92 36 
2 66 89 88 36 34 4 67 32 33 83 70 16 11 85 9 6 93 85 99 36 10 73 32 67 36 25 5 83 69 92 85 86 80 72 21 65 27 39 96 59 21 17 26 31 2 86 89 46 70 87 81 79 60 64 97 47 41 54 30 61 45 66 
46 77 89 67 93 16 5 41 26 78 57 52 8 58 37 48 56 59 35 36 89 46 52 38 92 92 91 73 52 87 38 97 63 27 15 8 94 72 48 19 49 4 22 8 14 11 56 69 69 42 4 57 39 7 94 82 98 36 55 49 23 92 98 
37 70 64 96 15 35 43 34 35 47 55 43 60 65 50 80 85 43 35 42 81 42 87 62 39 75 68 40 49 12 89 85 81 4 81 48 39 75 81 25 21 87 19 32 4 68 11 88 62 98 81 42 39 20 56 77 94 23 68 42 86 56 78 
19 60 10 66 50 85 46 26 57 84 45 89 87 64 51 27 26 48 59 19 38 78 26 67 23 49 34 16 86 42 94 4 53 55 69 54 39 66 79 48 50 75 88 88 91 38 66 16 38 25 86 27 54 12 93 29 12 27 44 97 20 89 1 
24 44 69 77 82 87 7 81 36 34 68 75 24 58 41 91 95 17 76 73 22 39 66 50 50 44 94 47 63 82 99 86 25 19 14 59 5 72 39 92 5 59 67 28 16 7 18 62 75 46 34 96 84 99 46 34 42 91 32 56 72 82 93 
49 100 6 59 57 30 49 48 34 7 14 14 22 72 83 83 46 28 17 42 64 15 39 49 9 29 32 64 52 13 57 52 64 14 10 20 43 11 20 29 17 33 42 91 5 76 25 50 56 41 43 19 8 81 19 16 9 50 31 13 14 39 64 
77 53 26 49 47 36 68 75 4 52 16 94 56 92 19 58 47 11 100 17 70 33 35 37 93 36 68 5 49 6 69 77 10 46 77 57 81 96 31 36 48 99 82 55 42 100 12 40 62 64 56 32 48 42 68 40 77 87 45 25 45 65 53 
54 10 30 10 42 25 41 77 24 91 58 79 32 9 42 71 23 57 26 54 4 67 73 44 95 12 40 71 56 56 23 9 17 4 71 58 81 63 86 4 53 96 34 84 56 76 54 78 84 31 83 88 49 56 83 43 19 22 13 74 29 35 34 
45 91 4 54 71 66 39 26 18 86 60 1 42 87 6 19 70 36 2 57 84 9 39 26 27 12 90 52 92 77 85 36 67 89 89 37 54 80 14 24 17 73 76 58 11 82 29 81 17 82 89 53 42 80 30 68 91 20 19 35 96 3 70 
62 43 11 50 49 42 63 72 58 88 47 68 98 28 96 30 97 77 19 49 18 98 78 37 40 97 7 74 44 61 44 5 4 6 6 52 47 21 75 56 60 21 23 9 1 18 39 97 46 57 45 15 54 74 3 45 23 9 19 66 22 14 23 
77 71 80 80 17 100 54 72 11 74 95 20 74 64 58 22 62 66 18 76 71 92 79 15 66 39 85 31 12 98 5 88 20 85 67 36 36 20 60 47 46 6 18 71 21 75 93 82 92 10 10 62 53 40 76 18 78 61 1 90 10 57 29 
30 41 96 17 29 67 76 27 64 33 44 35 54 70 79 87 61 40 96 22 45 35 49 14 65 9 14 6 71 71 34 52 63 81 68 43 48 96 69 63 80 12 97 33 81 27 20 93 67 15 14 63 2 63 76 66 23 42 71 45 64 4 96 
26 85 16 69 84 11 89 46 90 1 95 75 33 21 94 26 39 60 91 1 61 5 77 26 80 18 48 24 33 52 20 58 88 87 78 71 97 67 16 38 19 62 12 51 83 57 28 73 69 19 74 81 75 2 59 54 71 6 78 3 57 49 12 
96 35 42 66 83 60 34 20 78 95 84 80 29 92 8 2 60 78 27 93 52 80 51 58 50 56 35 4 65 83 67 60 69 8 78 51 67 63 70 96 57 5 76 38 97 35 39 8 64 17 100 67 96 2 24 97 58 58 52 74 92 18 85 
60 78 14 62 96 76 84 92 85 88 19 22 36 53 12 44 68 28 95 34 75 97 58 23 6 67 74 31 59 43 15 70 20 29 32 68 56 15 59 40 54 29 61 90 33 72 85 100 51 31 33 25 79 42 47 84 9 72 66 19 15 33 88 
86 61 71 5 68 37 15 8 91 43 68 32 75 40 68 26 90 98 11 67 29 52 65 64 12 37 30 30 3 62 70 40 74 40 45 41 29 59 48 71 2 16 2 28 7 21 6 48 18 16 66 98 19 31 62 31 19 91 12 21 52 81 60 
77 73 56 17 1 15 65 71 68 32 24 47 90 44 52 89 13 67 55 11 38 85 72 68 55 14 31 75 17 12 86 93 36 42 9 88 8 25 10 75 8 85 21 49 28 73 38 92 91 92 54 28 28 77 47 82 90 78 8 6 41 93 98 
76 86 59 15 93 35 76 19 43 60 40 91 39 64 80 30 54 23 36 34 50 12 80 83 2 57 90 59 49 35 57 76 72 67 90 65 1 17 83 95 76 74 86 14 89 17 96 95 40 31 28 89 94 59 24 95 16 65 54 16 51 62 92 
23 28 33 39 80 50 21 75 25 47 12 91 35 28 86 29 67 68 8 8 61 67 31 8 34 95 13 49 46 74 40 20 53 73 58 32 74 30 58 98 76 69 40 63 97 25 43 63 44 51 22 57 17 52 64 50 99 76 50 96 1 90 15 
5 14 24 36 87 53 46 36 81 14 76 43 62 52 85 25 96 87 98 52 55 50 67 56 100 42 6 47 94 95 13 98 60 36 85 98 88 30 33 68 44 8 62 5 12 99 81 59 85 79 10 40 80 28 95 31 69 52 77 14 46 89 11 
57 76 95 54 63 25 87 83 20 46 44 76 9 94 9 67 79 87 76 70 18 55 16 48 75 68 76 88 65 16 98 74 91 93 27 5 69 65 87 88 63 83 15 71 76 23 38 6 61 65 27 78 20 43 77 94 62 4 82 78 19 31 51 
0 0 1 1 0 1 1 1 1 1 0 0 1 0 1 0 1 1 1 0 0 1 1 0 0 0 1 1 1 1 0 1 0 1 0 0 0 0 0 0 1 0 0 0 0 1 1 1 0 0 0 1 1 1 1 1 1 0 0 0 1 0 0 
1 1 0 0 0 0 0 0 0 0 0 0 0 1 1 0 1 1 0 0 0 1 1 1 0 1 0 1 1 0 1 0 0 1 0 0 0 0 0 0 0 0 0 1 1 0 1 0 1 1 1 0 0 0 1 0 0 1 1 1 0 0 1 
0 0 0 0 0 0 0 0 1 0 0 0 1 0 1 1 0 0 0 0 0 1 1 0 1 1 0 0 1 0 1 1 0 1 1 0 0 1 0 1 1 1 1 0 1 0 1 1 0 0 1 0 1 1 0 0 0 0 0 1 1 1 0 
1 1 1 0 1 0 0 0 1 1 1 1 1 1 0 0 1 0 0 1 1 1 1 1 1 0 1 0 1 1 0 0 0 1 0 1 1 1 1 0 0 0 1 1 1 1 0 0 0 0 1 1 1 0 1 0 0 0 0 1 1 0 0 
1 1 0 0 0 1 1 0 0 1 1 1 0 0 1 0 0 1 1 0 0 0 1 0 0 1 0 0 1 0 0 0 1 0 1 1 0 0 1 0 0 0 1 0 1 1 1 1 0 0 1 1 0 0 1 1 0 0 1 1 0 1 1 
0 1 0 1 1 1 1 1 1 1 1 1 0 0 0 0 0 1 1 1 1 0 1 0 0 1 1 1 1 0 0 1 0 1 1 1 0 0 1 1 1 0 0 0 0 1 0 0 0 1 0 1 1 1 0 1 0 1 0 1 0 1 1 
0 0 0 1 0 0 0 1 1 0 1 1 0 0 1 1 0 1 1 0 0 0 0 0 0 1 0 1 1 1 0 1 1 0 1 1 0 1 0 0 0 0 1 0 0 1 1 1 0 0 1 0 0 1 0 0 0 1 0 0 0 0 1 
0 1 0 1 1 0 0 1 0 0 1 0 0 0 0 1 0 0 0 0 1 1 1 1 0 0 1 0 0 0 1 0 1 0 0 0 0 0 0 0 0 1 0 0 1 0 0 1 1 0 1 0 0 0 1 0 0 1 0 1 1 1 1 
0 1 1 0 1 1 0 1 1 1 0 0 0 0 0 1 1 0 1 1 0 1 1 0 0 0 0 1 1 0 0 1 1 0 1 1 1 0 0 1 1 0 1 0 1 1 1 0 1 0 0 0 0 1 0 0 1 1 1 0 1 1 1 
0 1 0 1 1 0 0 0 0 0 1 0 1 0 1 0 1 0 0 1 0 1 0 0 0 1 1 0 0 0 1 0 0 1 0 1 0 0 1 0 0 0 0 0 0 1 0 1 1 0 1 1 1 1 1 1 0 0 1 0 1 0 0 
1 1 0 0 1 0 1 1 1 1 1 1 1 1 1 0 0 1 1 0 0 0 1 1 0 0 0 0 1 0 1 0 1 1 0 1 0 1 0 1 0 0 0 1 1 1 1 1 0 1 1 0 1 1 1 0 1 1 0 0 1 1 0 
0 1 0 1 1 1 0 0 1 0 0 0 1 1 1 0 1 0 0 1 0 1 0 0 0 1 0 0 0 0 0 0 1 0 0 0 1 0 0 0 0 0 0 1 1 1 1 0 0 1 1 0 0 1 0 0 0 0 0 0 0 0 0 
1 0 0 1 1 0 1 1 0 1 1 1 0 1 1 0 1 0 1 1 1 0 1 1 0 1 0 0 0 0 1 1 1 1 1 0 0 0 0 0 0 1 0 0 0 1 1 1 1 0 0 0 1 1 0 1 1 0 0 1 0 1 0 
1 0 1 0 0 0 0 1 0 1 1 0 0 0 1 1 1 0 0 0 1 1 0 0 0 0 0 1 0 1 0 0 0 1 0 0 1 0 1 1 1 0 0 1 0 1 1 0 1 1 0 0 0 0 1 1 0 1 0 0 1 0 0 
1 0 0 1 1 0 1 1 0 1 1 1 0 0 0 0 0 1 0 0 0 0 1 1 0 1 1 0 0 0 1 1 0 1 0 1 0 1 0 0 1 1 1 1 0 0 1 0 1 1 0 1 1 0 0 1 1 0 1 1 0 0 0 
0 0 0 1 0 0 0 0 1 1 1 0 1 1 1 1 1 0 0 0 1 0 1 0 1 1 1 0 1 0 0 1 0 0 0 0 0 0 0 1 0 1 1 1 1 0 1 0 0 1 0 1 1 1 1 0 0 1 0 1 1 0 0 
1 0 1 1 1 1 1 0 1 0 0 1 1 0 0 1 1 1 0 0 0 1 0 0 0 1 0 1 0 0 0 1 0 1 0 1 0 1 0 0 1 0 1 1 0 1 0 1 0 0 0 0 0 0 0 0 1 0 1 1 0 1 0 
0 0 0 0 1 1 0 1 0 0 0 1 0 1 0 0 1 0 0 1 0 0 1 0 1 1 0 0 1 1 0 1 0 0 1 1 1 1 0 1 1 0 1 0 1 1 0 0 1 0 1 0 0 0 0 1 1 0 1 0 0 1 1 
0 1 1 1 0 0 1 1 0 1 0 0 0 1 0 0 1 0 1 1 0 1 1 1 0 0 0 0 0 1 1 0 0 0 1 0 1 0 1 1 1 0 1 1 1 1 1 0 1 0 1 1 1 1 0 1 1 0 1 1 1 0 1 
1 1 0 1 0 0 0 1 1 0 0 0 0 1 1 0 0 1 0 1 0 1 1 1 0 1 0 1 0 0 0 1 1 0 0 1 0 0 0 1 1 0 1 1 1 0 1 1 1 1 0 1 0 1 0 0 0 0 1 0 0 1 1 
0 1 1 1 1 0 0 0 1 0 1 0 0 1 1 1 0 1 0 1 1 1 1 0 0 1 1 0 0 1 0 0 0 1 1 0 1 1 0 0 0 0 0 0 1 0 1 0 1 1 1 0 1 1 0 1 0 0 1 0 1 1 0 
1 1 0 1 0 1 0 1 1 0 1 1 1 1 1 1 0 0 1 1 1 0 1 0 0 1 0 1 0 1 1 0 0 1 1 1 1 1 0 0 1 1 0 1 1 1 0 1 1 1 0 1 1 0 1 0 1 1 1 0 1 0 0 
1 0 1 0 1 1 0 1 0 0 1 1 1 0 0 0 0 1 1 1 1 1 0 1 0 0 0 0 1 0 0 0 0 0 1 1 1 1 1 1 1 0 1 0 1 1 1 1 0 0 0 1 1 0 0 1 0 0 0 1 1 0 0 
1 0 1 1 1 0 0 1 0 0 0 0 1 1 1 0 1 1 0 1 0 1 1 0 1 0 0 1 1 0 1 0 1 0 1 0 0 1 1 0 0 1 1 1 0 0 0 0 0 0 1 0 1 0 0 1 0 0 0 1 1 1 0 
0 1 1 0 1 1 0 0 1 1 1 0 0 1 0 0 1 1 1 0 0 1 0 1 0 1 1 1 0 0 1 0 1 1 0 1 0 0 1 1 0 0 1 0 1 0 0 1 1 1 1 1 0 1 1 0 0 0 0 0 1 1 0 
0 0 1 1 0 1 0 1 1 0 1 1 0 1 1 1 0 0 0 1 1 1 0 1 0 1 1 0 0 1 1 0 1 0 0 0 1 0 1 1 1 0 0 1 1 0 0 1 0 0 1 1 1 1 1 1 0 0 0 0 1 1 1 
1 1 1 1 0 1 0 1 0 1 0 1 0 0 1 0 0 1 1 0 1 0 1 0 1 1 0 1 1 1 0 0 0 1 1 1 1 1 0 1 0 0 1 1 0 0 1 1 0 0 1 1 0 0 1 1 1 0 1 0 1 1 0 
0 1 1 1 0 1 1 1 1 0 0 0 0 1 1 1 1 1 0 0 0 0 1 1 0 1 0 0 1 0 1 1 1 0 0 1 1 1 0 1 1 1 1 0 0 1 1 1 0 0 1 0 0 0 0 0 0 0 1 1 0 0 0 
1 0 0 0 0 1 1 1 1 0 0 1 0 1 0 1 0 0 0 0 1 0 0 1 0 1 0 1 1 0 1 1 1 1 1 1 1 0 0 0 0 0 1 0 0 1 1 0 0 1 0 1 0 1 0 0 0 1 0 1 1 1 0 
0 1 0 1 0 0 1 0 1 0 1 1 0 0 1 0 0 0 0 1 0 1 0 1 1 1 1 1 0 0 1 1 1 1 0 1 0 0 1 1 0 0 0 0 1 1 0 1 0 0 1 0 0 1 1 1 0 0 0 0 1 0 1 
0 1 0 0 1 0 1 0 0 0 1 0 1 0 0 0 0 0 1 1 0 0 0 0 0 1 0 1 0 0 0 0 0 0 0 1 0 0 0 0 0 1 0 1 1 0 1 0 1 1 1 1 1 1 1 0 0 0 1 0 0 1 1 
0 0 1 0 0 1 0 1 1 1 1 0 0 0 0 0 1 1 1 0 0 1 0 0 1 0 1 0 0 1 1 1 1 0 1 1 0 1 0 1 0 0 0 0 0 0 1 1 1 0 1 1 1 1 0 1 1 1 1 0 0 0 1 
1 0 0 1 0 1 1 0 1 1 0 1 1 0 0 0 1 1 0 0 0 1 0 1 1 0 0 1 0 0 0 0 1 0 1 1 1 0 1 0 0 1 1 1 1 0 0 0 1 0 1 1 1 1 1 0 1 1 1 0 0 1 0 
1 1 1 0 0 1 0 0 1 1 0 1 1 0 1 1 1 1 0 0 0 0 1 1 1 1 0 1 1 0 1 0 1 0 0 0 0 0 0 1 0 0 0 1 0 1 0 1 0 1 0 1 1 1 0 0 0 0 0 1 0 1 1 
0 0 0 0 0 0 0 1 0 1 0 1 1 1 0 1 0 1 1 1 0 0 1 0 1 1 0 0 0 0 0 0 0 0 0 0 0 0 1 1 1 1 0 1 1 0 0 1 1 1 0 1 1 1 0 0 0 0 1 0 0 1 0 
0 1 0 0 1 1 0 0 0 1 1 1 0 1 1 1 1 0 1 0 0 0 0 0 1 1 1 1 1 0 0 0 1 0 0 1 1 0 1 0 0 0 1 0 0 1 0 1 1 1 1 1 0 0 0 1 1 1 0 0 0 0 0 
1 1 1 0 0 1 0 0 1 0 0 0 0 1 0 1 0 1 1 0 1 1 0 0 0 1 1 0 1 1 1 1 0 0 1 1 1 1 1 1 0 1 1 0 0 1 0 1 0 1 1 0 0 1 0 0 0 1 0 0 1 1 1 
1 1 0 0 1 0 0 0 0 1 1 0 0 0 0 1 0 1 0 0 1 1 1 1 1 0 0 1 1 1 0 1 1 1 1 0 1 1 0 1 1 1 1 1 1 0 0 1 1 0 0 1 1 1 0 0 1 0 0 1 0 0 0 
1 1 1 1 0 1 1 1 0 0 1 1 1 1 1 0 0 1 0 1 0 1 0 0 1 0 0 0 0 1 0 1 0 1 0 1 0 1 0 0 1 1 1 0 0 0 1 1 1 1 0 1 1 0 0 0 1 0 0 1 1 0 1 
0 1 1 1 0 1 1 0 0 1 0 1 1 0 0 0 0 1 1 1 0 1 1 0 0 0 0 0 1 0 1 1 0 0 0 0 1 0 0 0 1 0 1 0 1 1 1 1 0 0 0 1 1 0 1 0 0 0 0 1 0 1 1 
0 1 1 0 1 1 1 1 0 1 0 1 0 1 0 1 1 0 0 0 1 0 0 1 0 0 1 1 0 0 0 1 0 0 1 1 1 0 0 0 0 0 1 0 1 1 0 0 1 0 1 0 0 1 0 0 1 1 1 1 0 0 0 
0 0 0 1 1 0 1 1 0 1 0 1 0 1 1 0 0 1 1 1 1 0 1 1 1 0 0 1 0 0 1 0 0 1 1 0 0 0 1 0 1 0 1 1 1 0 0 0 1 1 1 0 0 0 1 1 0 0 0 1 0 0 1 
1 1 1 1 1 1 0 0 1 0 1 0 0 0 0 0 1 0 1 0 0 1 1 1 1 1 0 0 0 0 0 1 1 1 0 1 0 0 1 1 1 0 0 1 0 0 1 0 0 0 0 0 1 1 0 0 1 0 1 1 0 1 0 
1 0 0 0 0 0 1 0 1 0 0 0 0 0 1 0 1 1 0 1 0 0 1 1 1 1 0 0 1 1 0 1 1 0 1 1 0 1 1 0 1 1 0 1 0 0 0 1 1 0 0 0 0 0 1 1 1 1 1 1 0 1 0 
1 1 1 0 0 0 0 0 1 1 0 1 1 0 1 0 0 1 1 0 0 1 1 1 0 0 1 1 0 0 1 1 0 1 1 0 1 1 0 1 1 0 0 0 1 1 1 1 0 0 1 0 1 0 0 1 0 1 1 0 1 0 1 
1 1 0 1 1 0 1 0 1 0 0 1 1 1 0 0 1 0 1 0 1 1 0 1 1 1 0 1 0 0 0 0 0 0 1 1 0 1 1 1 1 1 1 0 0 1 0 1 0 1 1 1 0 1 0 1 0 0 0 1 1 0 1 
1 0 0 0 1 1 1 0 0 0 1 0 0 1 0 1 1 1 1 0 1 0 1 0 1 1 0 0 0 0 1 1 1 1 1 0 1 0 0 1 0 0 0 0 1 0 0 0 0 1 0 1 1 1 0 0 1 0 0 1 1 1 1 
0 1 0 0 0 1 0 1 1 0 1 0 1 0 0 1 0 1 0 1 0 1 1 1 0 0 1 0 1 1 1 1 0 1 1 0 0 1 1 0 0 1 0 1 1 0 1 1 1 1 0 1 0 0 0 1 0 0 1 1 1 0 0 
1 1 1 1 0 0 0 0 0 1 0 0 0 0 1 1 1 0 0 0 0 0 1 1 0 1 0 1 0 0 1 1 0 0 0 0 0 0 0 1 0 0 1 0 0 0 0 1 0 0 1 0 0 0 0 0 1 0 1 1 1 0 0 
1 0 0 1 0 1 1 1 1 1 0 1 1 0 1 0 0 1 1 1 1 0 1 1 1 1 0 1 0 0 1 1 0 0 0 1 1 1 0 0 0 1 1 1 1 1 1 0 0 1 1 0 1 0 1 0 1 0 1 0 0 1 1 
1 1 0 0 0 1 0 0 0 1 1 1 1 0 1 1 1 0 0 1 1 0 0 1 1 0 1 1 1 0 1 0 1 1 0 1 0 0 1 0 0 0 0 1 1 1 0 0 1 0 1 0 0 1 1 1 0 0 1 1 0 0 1 
1 1 1 0 1 1 1 0 1 0 0 0 1 1 0 1 0 0 0 0 0 1 1 0 1 0 1 0 0 1 1 0 0 0 0 1 0 0 1 1 0 1 0 1 0 0 0 0 1 0 0 1 1 0 1 1 0 0 1 0 1 1 0 
1 1 1 1 1 1 0 1 1 0 1 0 0 1 0 1 0 0 1 0 1 1 1 0 1 0 0 0 1 1 0 1 0 1 0 0 0 0 1 1 0 0 1 1 1 1 0 0 1 1 0 1 1 1 1 0 1 1 0 1 0 1 0 
1 0 0 1 1 0 0 0 1 0 0 0 1 1 0 1 1 1 1 0 0 1 1 1 0 1 1 1 1 0 1 0 1 1 1 0 0 1 0 1 1 0 1 1 0 1 0 1 0 0 1 1 1 0 0 1 1 1 1 1 0 0 1 
1 0 1 1 0 0 1 1 0 0 0 1 0 1 1 1 1 1 0 0 0 0 0 0 0 0 1 1 0 1 0 1 1 1 0 1 0 1 0 0 1 0 1 1 1 0 0 1 0 0 1 0 1 0 0 1 0 1 0 0 1 0 1 
