70 48 1277
69 68 79 95 68 85 29 8 49 53 88 83 61 92 97 38 66 88 17 9 4 85 60 88 96 44 22 39 56 90 27 24 9 57 71 76 41 99 36 41 4 23 24 64 67 72 53 32 
59 22 93 15 58 52 2 53 96 75 43 3 16 69 79 25 77 49 52 17 99 87 58 2 62 33 65 28 4 70 11 15 91 55 29 48 7 82 53 54 8 95 8 75 16 86 99 92 
34 3 9 33 89 18 34 50 2 51 29 57 20 40 71 62 94 51 61 52 84 13 57 43 8 65 18 23 50 16 66 36 18 74 20 59 43 5 60 96 55 89 53 26 80 75 87 25 
26 48 29 61 12 85 4 71 1 73 45 51 40 11 38 10 36 57 68 31 13 79 26 20 67 78 45 98 53 84 23 30 83 51 42 94 87 97 17 88 69 61 90 9 71 27 70 7 
35 37 37 99 67 14 18 86 92 63 83 96 98 57 77 80 59 70 25 46 67 41 85 87 54 74 95 24 52 64 82 38 52 70 36 19 84 54 4 75 16 38 22 65 95 50 44 53 
19 20 50 85 13 34 72 66 59 18 41 10 34 23 47 37 92 83 55 75 88 10 1 55 100 74 19 94 23 14 98 42 33 100 78 97 33 1 62 92 71 3 53 4 77 52 40 20 
86 47 95 73 8 47 27 7 21 97 52 95 10 2 88 94 1 66 91 85 66 4 28 36 6 81 91 34 32 83 54 69 81 100 41 88 46 19 47 18 15 98 13 24 51 100 17 51 
17 59 36 35 63 15 22 20 95 13 54 78 95 7 46 27 6 38 14 3 56 12 73 70 62 85 45 12 36 14 63 53 72 50 39 34 16 60 54 11 72 59 40 18 17 38 44 74 
75 10 76 83 21 48 4 82 84 49 46 72 14 60 76 85 61 14 71 76 73 76 38 97 34 78 66 2 67 62 75 93 23 50 75 95 50 79 29 85 79 74 8 92 33 83 28 93 
48 98 20 73 25 58 21 58 87 86 59 53 99 33 45 21 35 72 68 36 2 96 72 80 69 32 23 53 14 50 97 14 48 16 86 72 25 6 82 11 43 92 15 94 77 12 66 63 
83 33 50 84 28 73 15 48 4 37 100 70 86 96 83 85 64 20 9 88 25 42 99 19 33 65 12 61 76 30 23 58 62 24 93 90 97 59 37 100 95 89 69 33 84 51 17 99 
22 77 87 46 18 37 17 51 1 80 11 29 9 86 86 71 9 31 12 5 89 100 57 36 88 25 68 72 28 36 22 49 13 8 47 30 96 15 32 49 94 95 77 3 80 14 25 40 
96 36 97 85 35 53 20 75 29 39 98 8 74 19 9 86 79 55 16 74 21 99 74 14 93 50 68 24 16 44 16 11 31 12 95 66 16 66 92 44 4 89 4 78 7 12 15 85 
18 82 11 38 81 84 51 73 34 71 49 1 14 64 11 45 75 58 62 90 23 53 85 79 41 88 8 47 99 22 84 68 4 94 5 36 77 8 60 62 78 8 62 43 23 25 87 97 
82 100 38 56 4 75 86 44 62 93 43 13 15 26 80 70 71 37 5 47 44 64 61 73 24 74 15 46 98 54 95 31 5 32 87 9 58 72 4 72 17 46 84 31 23 15 52 93 
51 8 92 46 71 4 18 46 77 85 92 27 90 86 57 46 69 43 54 27 67 58 98 83 55 33 65 30 47 16 74 50 75 17 95 45 20 13 91 49 49 34 75 38 71 31 83 39 
26 89 17 44 98 66 26 4 98 42 85 97 9 59 46 83 27 40 79 47 4 69 47 52 54 21 41 24 3 76 15 28 16 31 71 65 97 48 68 46 89 53 94 97 63 39 31 89 
31 10 87 34 30 85 38 84 5 30 7 8 57 73 87 24 4 10 88 52 57 56 49 98 60 43 46 74 81 77 14 63 38 53 49 67 37 86 50 42 67 9 1 76 81 87 99 36 
48 87 39 57 94 88 6 53 30 51 78 62 79 91 25 16 43 73 35 80 10 84 21 28 44 73 3 77 11 54 12 59 40 51 15 85 38 20 89 19 22 66 80 53 56 56 20 99 
28 54 30 89 90 2 17 33 74 71 9 84 24 73 94 15 75 8 99 64 79 87 82 1 52 13 5 60 69 24 10 48 78 39 89 67 40 57 51 65 27 60 48 3 84 42 69 58 
1 68 21 80 6 2 32 10 14 36 69 34 59 78 34 88 68 22 6 7 78 57 71 56 68 70 10 51 63 79 8 64 98 28 43 3 81 26 64 46 61 84 80 71 13 13 59 80 
86 16 38 15 72 60 70 39 30 80 89 44 10 96 7 7 75 1 61 55 26 77 1 38 60 80 61 73 44 71 4 81 86 42 95 58 53 16 96 34 47 37 78 56 32 84 14 7 
37 27 13 14 3 13 52 62 44 64 86 39 34 90 19 19 83 65 76 35 81 24 69 27 60 46 83 43 81 48 1 17 74 14 83 76 78 34 90 22 49 27 60 82 68 31 100 50 
95 28 37 75 3 5 2 62 2 36 56 82 83 57 51 57 22 33 84 99 18 25 20 66 52 32 99 19 62 98 21 56 77 57 31 79 13 84 92 14 19 48 47 1 56 97 9 29 
81 45 79 98 69 99 15 72 82 13 43 95 63 63 50 39 71 32 70 83 15 61 48 85 60 94 38 67 91 98 47 23 42 26 73 63 76 87 34 57 52 76 51 14 90 52 4 12 
84 73 94 50 86 41 87 97 87 24 16 29 21 62 51 15 39 23 77 14 10 62 70 13 38 72 26 79 76 29 91 59 54 36 60 91 29 46 87 67 21 54 95 94 68 45 8 6 
68 36 20 29 97 41 41 86 65 18 65 40 46 7 98 51 94 9 41 74 7 80 40 27 33 34 72 52 79 79 58 98 66 77 78 63 69 18 48 33 35 64 72 32 22 69 35 16 
30 75 41 36 6 81 14 91 66 38 42 96 68 99 93 34 75 22 96 44 91 95 76 77 59 100 9 80 20 95 47 49 21 88 36 27 20 2 17 85 39 58 33 6 57 25 39 83 
99 86 78 89 81 6 66 39 5 26 70 24 20 17 25 40 56 60 66 75 13 34 11 51 92 43 9 100 20 99 34 18 85 64 6 17 69 23 7 25 48 76 100 19 44 24 59 99 
36 76 25 48 62 36 99 53 30 59 4 49 57 37 18 41 52 76 9 20 98 15 96 98 91 96 16 86 19 26 37 6 54 61 54 15 48 4 19 78 62 74 78 18 62 96 11 14 
71 19 33 20 34 81 17 76 76 85 61 46 62 97 52 67 10 57 81 57 60 51 86 73 24 64 90 86 11 52 99 33 23 83 52 56 63 21 83 90 57 95 88 70 44 91 37 53 
47 17 61 58 20 47 30 43 62 71 28 24 23 78 56 45 61 59 52 75 79 86 65 87 80 52 57 23 42 93 27 40 61 88 97 80 86 26 75 99 96 2 22 70 80 77 14 92 
35 17 66 66 2 30 4 82 33 60 56 74 4 83 65 17 22 61 48 7 86 22 5 34 24 26 3 55 54 69 46 40 85 11 5 87 93 9 68 25 20 23 51 76 57 15 92 78 
28 39 84 65 61 40 98 36 17 53 90 22 21 87 62 5 49 66 91 41 26 10 66 46 33 68 21 89 82 64 19 9 2 54 74 14 94 23 49 62 75 90 84 95 76 45 52 25 
62 42 17 88 52 82 85 36 1 57 76 83 20 94 43 73 48 68 87 93 91 87 54 17 77 37 64 4 33 15 80 95 8 97 82 11 30 18 46 31 74 74 65 45 19 7 17 66 
27 55 10 69 42 64 85 18 52 100 21 37 14 53 31 74 49 64 84 78 81 82 60 6 55 24 50 73 83 18 91 9 25 100 77 66 15 13 35 19 13 7 55 26 59 85 99 7 
100 35 37 32 16 96 89 70 72 90 94 54 7 84 62 31 84 38 48 50 50 82 68 62 89 22 40 47 58 90 6 9 24 42 40 91 89 28 60 60 17 6 13 76 89 26 58 24 
63 6 74 65 87 41 78 75 15 69 74 72 59 79 33 34 72 72 77 12 52 88 72 68 93 36 95 82 62 53 5 76 58 30 92 96 71 70 23 85 38 48 8 48 26 40 34 49 
64 10 60 15 97 83 34 90 71 81 71 32 33 27 59 42 57 51 89 79 72 11 15 9 58 22 9 35 14 42 35 29 51 95 95 47 29 28 88 99 8 58 82 92 37 41 85 93 
43 74 23 14 36 37 22 46 10 30 80 75 71 15 3 73 61 97 72 89 77 59 88 36 69 69 80 5 61 64 49 3 89 71 16 25 7 90 70 68 71 1 43 42 67 45 66 79 
94 37 20 70 96 7 57 64 27 36 20 40 100 68 42 88 90 10 64 48 99 33 15 69 86 57 62 4 54 80 83 47 16 2 68 63 60 24 26 38 60 45 77 59 64 71 98 53 
32 62 100 30 46 15 50 31 23 64 35 76 43 17 74 10 70 41 73 29 65 50 66 76 47 95 86 62 17 83 15 48 96 66 77 42 32 78 24 55 93 10 82 87 78 8 97 47 
48 21 27 64 22 45 91 68 39 76 30 55 11 96 2 6 61 30 99 45 59 75 99 52 84 32 90 62 39 38 60 39 58 87 2 80 31 45 99 21 20 28 75 30 75 28 88 36 
9 38 32 67 64 82 70 48 13 60 61 4 97 72 42 7 58 95 86 40 39 84 60 11 64 86 92 38 13 31 25 21 69 56 40 32 37 9 31 2 20 43 5 17 15 98 23 24 
44 60 64 35 95 75 45 58 13 36 48 77 67 24 50 87 32 89 70 20 49 1 21 69 95 77 85 61 26 59 85 22 18 100 56 12 26 100 22 38 87 21 15 53 44 64 39 27 
4 61 47 52 13 19 20 7 48 56 68 25 14 4 46 83 3 1 47 80 52 68 18 39 40 84 91 35 47 82 62 2 42 60 53 6 78 73 12 77 80 31 2 94 34 99 28 88 
100 74 68 51 41 85 89 80 20 32 15 66 65 28 19 6 87 71 11 16 95 74 93 75 5 46 20 90 96 47 78 95 21 97 98 13 81 38 45 100 69 11 17 33 38 35 90 24 
57 52 91 52 78 35 78 82 32 97 23 28 43 52 22 63 48 71 76 28 9 72 79 29 82 47 62 19 33 3 94 42 55 84 45 84 19 22 65 50 18 39 77 12 91 51 27 38 
21 54 18 81 25 48 10 6 95 23 24 79 25 69 20 31 52 16 14 22 37 30 24 6 21 52 18 11 2 44 48 75 97 17 7 21 65 16 78 11 38 1 41 15 69 61 97 72 
28 63 94 65 44 17 70 64 68 39 74 22 34 74 48 30 90 54 2 6 22 79 16 11 31 57 25 51 69 74 23 96 36 68 12 79 36 82 95 55 72 68 76 6 93 75 35 35 
29 89 40 50 19 56 12 50 64 37 100 84 62 74 79 49 41 91 79 76 24 73 31 95 93 58 100 85 33 87 19 13 75 11 14 45 18 25 94 81 13 46 64 74 71 94 22 12 
84 53 39 59 25 69 54 17 79 5 54 11 91 72 23 17 34 88 62 51 12 7 83 25 4 98 50 75 92 24 86 27 76 76 86 100 45 91 69 23 95 22 85 86 45 59 2 79 
46 15 81 57 22 64 33 25 61 83 51 52 58 88 31 33 64 16 84 8 6 52 82 52 73 18 37 18 76 91 48 21 5 28 29 78 91 62 55 4 96 5 7 53 93 37 85 8 
4 68 67 61 20 48 13 44 65 1 13 40 91 60 12 48 40 40 77 82 1 31 85 96 88 44 48 32 80 84 39 36 4 5 48 23 4 60 18 20 13 31 11 3 42 22 2 81 
61 79 63 14 61 99 61 48 42 61 31 74 44 69 9 47 25 56 21 28 68 39 99 80 21 9 34 14 30 36 95 43 66 9 56 26 7 16 26 1 76 56 74 72 77 82 18 53 
89 39 33 56 29 31 35 1 40 69 14 69 56 60 11 21 20 18 46 79 86 23 79 61 79 52 84 7 85 2 59 73 92 91 81 72 74 67 72 13 87 37 33 42 49 96 14 68 
13 12 46 98 34 24 11 64 27 94 70 11 47 81 36 38 23 68 61 96 34 84 8 73 21 41 66 69 36 80 36 100 91 34 50 24 9 60 40 36 5 9 98 52 89 85 41 12 
52 2 59 38 85 67 10 57 59 75 77 46 54 65 97 96 98 46 72 6 5 11 93 62 19 91 65 60 75 5 23 27 58 81 16 95 99 25 51 9 99 80 54 5 44 51 100 41 
48 71 98 5 81 91 66 52 33 30 63 7 86 85 85 44 17 100 90 68 24 92 76 75 71 82 79 14 84 30 6 31 53 4 35 85 46 100 36 78 81 50 36 67 86 73 62 3 
72 51 70 48 94 45 74 65 78 4 30 61 33 36 92 85 91 26 22 88 78 57 17 58 59 52 76 44 24 37 46 48 39 67 47 33 64 20 49 41 23 78 2 7 65 93 44 7 
70 65 94 47 73 62 57 31 14 32 75 89 69 72 88 59 39 34 91 54 5 91 94 79 69 95 86 85 39 81 92 9 97 37 7 69 99 63 52 64 47 78 52 67 49 92 25 39 
25 68 92 30 58 38 8 26 32 45 11 23 77 54 83 73 90 41 94 40 4 45 3 2 74 7 68 74 98 92 13 74 59 56 55 69 93 15 94 77 59 56 99 36 61 33 60 3 
73 53 42 28 49 45 29 22 3 96 96 100 40 60 73 98 15 80 66 60 94 12 36 52 19 86 39 32 18 51 34 42 3 75 70 52 71 98 25 73 46 20 24 85 79 49 34 46 
28 52 5 21 15 92 24 33 29 15 16 98 65 49 39 19 76 8 70 46 58 95 71 3 66 46 87 97 94 72 42 73 23 98 45 37 41 69 22 69 35 37 66 99 86 4 17 61 
64 39 58 21 85 80 75 50 26 13 98 71 84 39 44 59 88 88 95 28 8 16 96 42 53 13 40 90 17 9 2 32 99 11 4 83 91 78 84 16 42 82 86 77 72 81 35 12 
69 30 39 76 97 87 18 1 99 9 90 67 69 43 50 67 54 53 49 44 82 85 11 23 66 48 100 89 29 34 100 97 15 39 24 12 77 41 12 27 2 54 46 70 48 95 37 53 
48 85 48 29 21 58 4 86 6 3 75 34 88 26 82 55 16 5 66 92 98 29 71 99 34 16 68 34 10 56 86 9 93 34 38 13 43 41 51 48 95 25 33 34 2 66 88 18 
23 5 61 20 86 31 70 71 46 37 4 8 45 42 16 37 75 5 49 69 97 99 69 43 75 1 77 77 19 16 46 41 73 6 60 58 37 29 80 34 17 36 93 13 77 9 49 3 
13 50 71 62 48 39 4 75 92 80 3 62 48 100 2 20 5 13 29 93 93 8 79 61 43 71 74 71 31 74 25 44 23 96 5 23 86 60 97 29 40 51 90 39 50 43 58 6 
55 38 99 99 97 29 60 92 99 33 62 30 6 87 25 81 34 81 3 71 40 51 52 31 1 93 69 2 36 78 7 42 67 57 41 64 85 100 55 36 84 68 17 41 6 41 21 91 
0 0 1 1 0 0 0 0 0 0 1 1 0 0 1 0 0 1 1 1 0 1 0 1 1 0 1 0 0 0 1 0 0 0 1 1 0 1 1 0 0 1 0 0 1 1 0 1 
0 0 0 0 1 0 1 0 0 0 1 0 0 0 0 1 0 0 0 0 1 1 0 1 0 0 1 1 1 0 1 1 0 1 1 1 0 0 0 0 1 1 1 1 1 1 0 1 
1 0 1 1 0 1 0 0 0 0 0 1 0 1 1 0 0 0 1 0 1 1 1 0 0 0 1 1 1 0 0 1 0 1 0 0 1 0 1 1 0 1 0 0 0 1 0 0 
0 0 1 1 1 0 1 0 0 0 1 1 0 0 0 1 1 0 1 0 1 0 1 1 1 0 0 1 1 0 0 1 0 1 0 0 1 1 0 1 0 1 0 0 1 1 1 1 
1 1 1 0 1 1 0 1 1 0 0 0 0 0 0 1 1 0 1 0 0 1 1 0 0 0 0 0 1 0 1 0 1 0 1 0 1 1 1 0 1 0 1 1 0 1 0 0 
1 1 0 1 0 0 1 1 0 0 1 1 0 0 1 1 0 0 1 0 1 1 0 0 1 1 0 1 0 0 1 0 0 0 1 0 0 1 1 0 1 0 1 1 0 0 0 1 
1 1 1 0 0 1 1 1 1 1 1 1 1 0 1 1 0 1 0 0 0 1 0 1 0 1 0 0 0 0 1 1 1 0 1 0 0 0 1 1 1 0 0 1 1 0 0 1 
1 0 0 1 0 0 0 0 0 0 0 0 0 0 1 1 0 0 1 0 1 1 1 0 1 0 1 0 0 0 0 1 0 0 0 0 0 0 0 0 0 1 0 0 1 1 1 1 
0 1 0 1 0 1 1 1 1 1 0 1 1 0 0 1 0 0 0 0 0 0 1 0 1 1 0 0 1 0 0 1 1 0 0 1 1 1 0 1 0 0 0 1 0 1 1 0 
1 1 1 0 1 0 0 1 1 1 1 0 1 1 1 0 1 1 1 1 1 1 0 1 0 0 1 0 1 0 1 1 1 0 1 0 0 1 1 1 0 1 0 1 0 1 1 0 
1 0 1 0 0 1 1 0 1 0 0 1 0 1 0 1 1 1 0 1 0 1 1 1 0 1 0 1 0 0 1 1 0 0 1 0 1 1 0 0 1 1 1 0 0 1 1 0 
0 1 1 1 1 0 0 1 1 0 0 0 0 1 1 1 1 1 1 0 0 0 1 1 1 0 1 1 0 1 1 0 0 1 1 1 1 1 1 1 0 1 1 0 1 0 1 0 
1 1 1 1 1 0 1 0 0 0 1 0 1 1 1 0 0 0 1 1 0 0 0 0 0 1 0 1 0 0 1 1 1 0 1 0 0 0 0 1 0 1 1 0 0 0 0 0 
1 1 0 1 0 0 1 0 0 1 1 0 1 0 1 0 1 0 0 1 0 0 0 1 0 0 1 0 0 1 1 1 0 1 0 0 1 1 0 1 1 1 1 0 0 1 1 1 
1 1 0 0 0 1 1 0 1 0 0 1 1 1 1 1 0 1 0 0 1 0 1 0 0 1 0 0 0 1 1 1 1 1 1 1 0 0 1 1 0 1 1 1 1 0 1 1 
1 1 1 0 1 1 0 1 0 1 1 0 0 0 1 1 0 1 0 0 1 1 0 0 1 1 1 0 1 0 1 0 1 1 1 1 0 1 0 0 0 0 0 1 0 1 0 0 
0 1 1 0 0 1 0 1 0 1 1 1 0 1 1 1 0 0 0 0 0 1 0 0 1 0 1 1 1 0 0 0 1 1 0 1 0 0 1 0 1 0 1 1 1 0 1 1 
1 1 1 1 0 1 1 1 1 1 1 1 1 1 1 0 0 1 1 0 1 0 0 0 1 1 0 0 1 1 0 0 0 1 1 1 1 1 0 0 0 1 1 1 0 0 1 0 
1 0 0 0 1 0 1 0 1 1 0 1 0 0 1 0 0 1 1 1 0 0 1 0 1 1 1 0 1 0 0 1 0 1 1 1 1 0 1 1 1 0 0 1 0 1 0 0 
0 1 1 0 1 1 0 1 0 1 1 1 1 1 0 0 0 0 1 0 0 1 1 0 1 1 1 1 0 1 0 1 1 1 1 0 0 0 1 0 1 0 0 1 0 0 1 0 
0 0 0 1 1 1 1 0 0 0 0 1 0 0 0 1 1 1 1 0 1 1 0 1 1 0 0 1 1 1 0 1 1 0 0 1 0 1 1 0 0 1 1 0 1 1 1 1 
1 0 1 0 1 1 1 1 0 1 0 1 0 0 0 0 1 1 1 1 0 0 1 0 0 1 0 1 0 1 0 1 0 1 0 1 1 1 0 1 1 1 0 1 1 0 1 0 
1 0 1 0 1 1 0 1 0 1 0 0 0 1 0 0 0 0 0 1 1 0 0 0 1 0 0 1 1 1 1 0 0 1 0 1 0 1 0 0 0 0 0 0 1 0 1 0 
0 1 1 0 1 0 0 1 0 0 0 1 0 1 0 0 0 0 1 0 1 1 0 1 1 1 0 1 1 1 1 0 0 0 0 1 0 0 0 1 1 0 0 1 0 0 1 0 
1 0 1 0 1 1 0 0 0 0 1 0 1 0 0 1 1 0 0 1 0 1 0 1 1 1 0 1 1 1 0 0 1 1 1 0 0 1 1 1 1 0 1 0 1 1 1 0 
1 1 1 1 0 0 1 0 1 1 1 0 1 1 1 0 0 0 1 1 1 0 0 0 0 1 0 1 0 1 1 1 0 1 0 1 1 1 1 0 1 0 0 0 0 1 0 0 
1 1 1 0 1 1 0 0 0 0 1 0 1 1 1 0 0 0 1 1 1 0 1 0 0 1 0 0 1 1 1 0 0 0 1 0 0 1 0 0 0 1 1 1 0 0 1 0 
0 0 1 0 0 0 0 1 0 1 1 1 0 0 1 0 1 0 0 1 0 0 1 0 0 0 1 0 1 1 1 1 1 0 1 0 1 0 1 1 1 0 0 1 1 1 1 0 
0 0 1 0 0 0 0 0 1 1 1 0 0 0 1 0 0 1 0 1 1 1 0 0 1 0 1 0 0 0 0 0 0 1 0 1 0 0 1 1 1 0 1 0 0 0 0 1 
1 0 0 0 1 1 0 0 1 1 1 1 0 1 1 0 1 1 1 1 1 1 0 1 1 1 1 0 1 1 1 1 1 1 1 0 0 0 0 0 1 1 1 1 1 1 0 0 
0 1 1 0 0 1 1 0 0 0 0 1 1 1 0 0 0 0 0 1 0 0 1 1 0 0 1 1 1 1 1 0 0 0 0 1 1 1 1 1 1 1 0 0 0 1 0 0 
1 0 1 1 0 0 0 0 1 1 1 0 0 0 0 1 0 0 0 1 1 1 0 0 0 1 0 0 0 0 0 1 0 0 0 1 0 0 1 1 0 1 0 0 1 0 1 0 
1 1 1 0 0 0 1 0 1 1 0 1 0 1 0 0 1 0 1 1 0 1 1 0 0 1 1 1 1 0 1 0 0 1 1 0 1 0 1 0 1 1 1 1 0 1 0 1 
1 1 1 1 0 0 0 0 1 1 0 0 1 1 1 1 0 0 0 1 0 1 1 1 0 0 1 1 1 1 0 0 0 1 0 1 1 0 1 0 1 1 1 0 1 0 0 1 
0 0 1 0 1 0 1 1 1 0 0 0 1 1 1 0 0 1 1 0 1 0 0 0 0 1 0 1 1 0 0 1 0 1 1 1 0 1 1 1 1 1 1 1 0 0 1 1 
1 0 1 0 0 1 0 0 1 1 1 0 1 0 0 0 1 1 1 1 0 0 0 0 0 0 1 0 0 0 1 0 0 0 0 0 0 1 1 1 0 0 1 1 0 1 1 0 
1 1 1 1 1 0 1 1 0 0 0 0 0 1 0 0 0 1 1 0 0 0 1 0 0 0 1 1 0 1 1 1 0 0 0 1 0 0 1 0 0 1 1 1 0 1 1 0 
0 0 0 0 0 1 0 1 0 0 0 0 1 1 1 1 1 1 0 0 1 1 0 0 0 1 1 1 1 0 1 1 1 0 0 1 1 0 0 1 0 0 1 1 1 0 0 1 
0 1 1 1 0 1 1 1 1 0 0 0 1 1 1 0 1 1 1 1 0 0 0 0 0 0 0 0 0 0 1 0 1 0 0 0 1 1 1 0 0 1 0 1 0 0 1 0 
1 0 1 1 0 1 0 1 1 0 1 0 0 0 0 0 0 0 0 1 0 1 0 0 0 0 1 0 0 0 0 0 0 1 1 1 1 1 0 0 1 1 0 0 1 1 0 1 
1 0 0 1 1 0 1 1 1 0 1 1 0 0 1 1 1 1 0 0 0 0 1 0 1 1 0 0 0 0 1 0 0 1 1 1 0 1 0 1 1 1 0 0 1 0 1 1 
1 1 1 1 1 0 1 0 0 1 0 0 1 1 0 1 0 0 0 0 1 0 1 0 0 0 0 1 0 1 0 1 0 0 0 1 0 0 1 0 1 1 1 1 0 1 0 1 
1 1 1 0 1 1 1 1 1 1 1 1 1 1 0 1 1 0 1 0 0 0 0 0 0 1 1 0 1 1 1 0 0 1 1 0 0 0 1 1 1 0 0 0 0 0 0 1 
0 1 1 1 1 0 1 1 1 0 0 0 1 1 1 0 0 0 0 0 0 1 1 1 0 1 0 0 1 0 1 0 1 1 1 0 1 0 0 0 0 0 1 1 1 0 1 0 
0 1 0 0 1 0 1 1 1 1 1 1 1 0 1 0 1 0 1 0 0 1 1 0 1 0 1 0 0 1 0 0 0 1 0 1 1 1 0 0 1 1 1 0 0 0 1 1 
0 0 0 0 1 1 0 0 1 0 0 1 1 1 1 1 0 1 1 1 0 1 1 1 1 1 0 1 1 1 0 0 1 0 0 0 1 1 0 0 1 0 1 0 1 0 1 1 
1 0 0 0 0 0 1 1 1 1 0 0 0 0 0 1 1 1 1 0 0 1 1 1 0 0 1 1 1 0 1 0 1 1 0 1 1 0 0 0 1 0 1 0 0 1 1 1 
0 1 0 0 0 1 1 0 1 0 0 0 1 1 1 0 0 1 1 0 1 1 0 1 1 1 1 1 1 0 1 1 1 1 0 0 0 1 0 1 0 0 0 1 1 1 1 0 
0 0 0 0 1 0 1 0 0 0 1 1 0 0 0 0 1 0 0 1 0 0 1 0 1 1 1 0 0 0 0 0 0 0 0 1 1 1 1 1 1 0 0 0 1 0 0 0 
1 0 0 1 0 1 1 1 0 0 0 0 0 0 0 0 1 1 1 0 0 0 1 0 0 1 0 1 1 0 0 0 0 0 1 0 1 0 0 1 0 0 1 0 0 1 0 1 
0 1 1 1 1 0 1 0 1 1 1 1 1 1 1 1 1 1 1 0 1 1 1 0 1 0 0 0 0 1 1 0 0 1 1 0 1 0 0 1 1 1 0 0 1 1 1 0 
0 1 1 0 0 0 0 0 1 0 0 1 1 1 1 0 0 1 0 0 1 0 1 1 1 1 1 0 0 1 1 1 0 0 1 0 0 1 0 1 1 0 0 1 0 0 1 0 
1 1 0 0 1 1 1 0 0 1 1 1 0 0 0 0 0 1 0 0 0 1 0 1 1 0 0 1 0 1 0 1 0 0 0 1 0 1 0 0 0 1 1 0 1 1 0 1 
0 1 1 0 0 1 0 1 0 0 1 0 0 1 0 0 1 0 0 1 1 0 0 0 1 1 0 0 1 1 1 1 0 0 0 0 0 0 1 0 0 0 0 0 1 0 1 1 
0 1 0 0 1 0 0 0 0 0 0 1 1 1 0 1 1 0 1 1 0 1 1 1 1 0 1 1 0 0 0 1 1 0 1 0 1 1 0 1 1 0 0 1 1 0 0 1 
1 0 0 1 1 0 0 0 0 0 1 0 0 1 1 0 0 0 0 1 1 1 0 1 1 0 0 1 0 0 0 1 0 0 1 1 0 1 0 0 1 1 1 0 1 0 0 1 
1 0 0 0 1 0 1 1 0 1 0 0 0 0 0 0 0 1 0 1 0 0 1 0 1 0 0 0 1 0 1 0 0 1 0 0 1 0 1 1 1 1 0 1 1 0 0 1 
1 0 0 1 0 0 1 1 0 1 0 1 1 1 1 0 1 0 0 0 0 1 0 1 0 0 1 1 0 1 0 1 1 1 0 1 1 0 0 1 1 0 1 1 0 0 1 1 
0 1 1 0 0 1 0 0 1 1 1 1 0 1 0 1 0 1 0 1 1 0 1 0 1 0 1 1 0 0 0 1 1 1 1 1 1 1 1 0 0 0 0 0 0 0 1 0 
1 1 0 0 0 1 1 1 1 0 0 1 1 0 0 0 1 0 0 0 1 1 1 0 0 1 0 0 1 0 0 1 1 0 1 1 1 0 0 0 1 0 0 0 0 0 0 0 
0 0 0 0 0 1 0 0 0 0 0 0 0 0 1 0 1 0 1 0 1 0 1 0 0 1 0 1 1 0 1 0 1 1 0 1 1 0 1 1 0 1 1 1 1 0 1 0 
1 0 1 0 0 0 0 1 1 0 0 0 0 1 0 1 0 0 0 1 0 1 1 1 0 0 0 0 1 1 0 0 1 1 0 0 1 0 1 0 0 1 1 0 0 1 0 0 
0 0 0 0 0 1 1 0 1 1 0 0 0 1 0 0 0 0 0 0 0 1 0 0 0 1 1 0 1 1 0 1 1 0 1 1 1 1 0 1 0 0 1 1 1 0 1 0 
0 1 0 1 0 0 1 0 0 0 0 1 1 0 0 1 1 1 0 0 0 0 1 1 1 1 0 0 1 1 0 1 0 0 0 0 1 0 0 1 0 0 0 0 0 0 1 1 
1 1 0 0 0 1 1 1 0 1 1 1 0 0 1 0 0 1 0 1 1 0 0 0 0 0 0 0 0 1 0 0 0 0 0 0 1 1 1 0 0 1 1 0 1 0 0 1 
0 0 1 1 0 1 1 0 0 1 0 0 0 0 0 1 0 0 1 0 1 1 0 1 0 1 1 1 0 1 0 0 1 1 1 1 1 1 1 1 0 0 1 1 0 0 0 1 
0 1 1 0 0 1 1 0 0 1 1 0 0 0 0 0 1 0 1 0 1 1 1 1 1 1 0 1 1 0 0 1 0 1 1 0 0 1 1 1 0 0 1 0 0 0 0 0 
0 0 0 1 1 0 0 0 1 1 1 0 1 0 1 1 1 1 0 0 0 1 1 0 1 0 0 0 0 1 0 0 1 0 1 0 0 0 0 1 1 1 1 0 1 1 0 1 
0 0 1 0 1 0 0 0 0 0 0 1 1 0 1 0 1 1 0 1 1 0 1 0 0 0 0 1 1 0 0 1 0 1 1 1 1 1 0 0 0 0 1 1 1 0 0 0 
1 0 1 0 1 0 0 1 1 1 0 0 1 1 0 0 0 1 1 0 1 1 0 1 0 1 0 1 1 0 1 1 1 0 1 0 1 0 1 0 1 1 0 0 0 0 0 1 
