69 48 1777
30 34 82 88 32 100 48 68 54 54 4 70 27 24 92 86 95 17 27 76 95 93 6 90 72 100 42 31 9 40 23 90 25 57 78 56 8 25 24 61 30 79 31 56 2 22 94 49 
90 20 76 84 13 33 25 36 85 18 66 45 57 41 35 34 97 64 41 4 88 16 64 17 95 46 24 48 67 17 96 8 89 24 43 53 56 67 88 92 37 5 37 93 45 71 78 41 
86 19 96 73 34 12 41 80 57 16 28 76 85 75 83 73 98 26 77 6 44 64 97 80 20 33 25 65 55 54 57 92 72 53 64 58 16 56 89 72 24 16 47 8 43 82 32 40 
59 8 97 54 71 94 86 42 78 62 6 85 15 15 76 39 19 92 96 34 99 36 5 22 52 4 81 94 37 12 85 47 19 82 100 41 27 85 83 56 46 40 40 13 54 68 51 72 
11 98 5 9 33 62 83 36 17 63 29 5 75 66 51 45 47 50 86 25 87 20 80 84 59 72 96 13 91 46 36 1 43 93 61 28 6 43 63 22 58 44 26 84 9 28 28 7 
77 65 83 63 84 62 47 43 85 94 7 75 40 42 75 34 86 36 61 91 30 76 64 39 19 41 22 79 68 2 85 45 66 67 59 50 80 57 44 65 51 2 39 42 95 66 27 81 
53 88 23 82 15 87 21 33 27 94 11 47 95 47 43 61 65 1 62 96 10 57 60 12 58 51 53 4 16 31 84 68 18 59 1 84 45 73 16 23 67 78 69 13 76 11 25 92 
64 38 88 25 94 99 36 3 49 40 59 16 70 42 35 40 52 36 23 96 8 91 71 26 20 91 39 48 54 63 39 17 1 78 93 46 77 28 1 77 19 59 93 40 52 27 31 4 
14 6 51 74 96 21 99 67 12 89 14 65 52 5 33 4 82 25 49 58 4 49 87 74 7 31 65 59 57 96 14 23 1 64 96 48 85 46 14 48 35 80 64 86 84 48 41 65 
24 89 75 79 90 61 52 48 91 16 58 99 63 71 73 63 35 68 10 71 14 24 18 100 3 33 37 38 32 77 2 55 17 28 33 6 40 36 54 82 3 11 33 66 34 5 80 68 
25 90 38 90 65 7 89 19 39 25 56 22 1 9 76 69 89 60 75 28 47 80 10 1 42 94 66 75 98 46 42 22 87 31 63 51 37 51 21 27 27 76 48 79 36 75 48 24 
86 22 4 32 53 65 33 46 58 50 21 7 47 14 29 85 97 43 35 33 94 7 60 72 34 59 51 70 86 98 93 71 71 48 55 75 12 39 20 69 88 92 76 87 58 56 71 54 
98 58 86 43 64 97 15 98 8 17 67 93 66 11 63 88 59 69 62 70 7 33 91 95 25 66 33 34 73 3 87 70 60 24 65 76 73 31 73 32 99 91 24 64 53 38 51 63 
7 64 85 13 96 75 59 72 92 91 5 64 94 91 85 5 67 1 32 39 83 56 22 81 46 45 44 51 34 46 13 40 9 97 5 5 23 63 76 66 6 33 81 51 75 66 55 41 
18 39 31 1 94 52 81 40 48 77 42 82 22 54 73 31 3 77 87 77 92 14 43 97 46 23 47 21 40 53 61 58 91 44 10 85 95 90 24 43 66 17 76 40 70 48 70 24 
25 8 53 16 21 95 64 67 69 10 87 9 62 99 18 53 42 27 37 89 68 12 83 34 28 58 73 49 5 94 25 81 1 77 48 21 23 11 39 91 72 25 51 34 76 68 38 69 
46 26 57 14 89 91 99 68 48 23 68 5 16 92 37 68 20 37 40 42 99 79 85 71 55 35 56 82 55 45 51 100 70 59 13 10 50 63 29 49 85 96 5 52 40 42 71 11 
30 11 53 28 41 89 98 47 23 5 29 77 49 79 29 70 89 93 31 90 56 59 39 40 55 95 44 46 88 14 56 17 24 8 45 16 48 94 63 71 99 91 99 99 21 27 69 9 
20 99 99 75 10 89 66 64 83 9 9 71 23 64 87 98 24 83 14 71 77 76 93 27 18 92 25 38 70 45 46 89 96 96 15 5 84 81 20 19 41 80 89 15 95 27 65 70 
10 78 93 86 5 85 64 74 28 40 11 98 85 8 38 32 56 5 36 39 85 7 57 77 86 97 92 80 24 8 50 33 37 94 70 41 78 33 66 58 72 76 55 8 35 44 39 90 
48 26 29 84 32 37 61 69 34 4 1 9 11 2 41 99 95 10 39 72 94 56 29 17 31 35 25 65 31 15 55 78 93 35 62 24 23 74 45 56 29 45 16 91 98 56 89 92 
17 79 15 62 34 96 79 64 30 55 80 12 69 86 90 61 20 3 37 43 28 81 50 56 77 18 46 74 73 86 17 42 64 31 3 97 26 81 12 8 35 43 19 4 29 60 16 100 
62 52 94 89 84 96 96 12 13 41 85 85 26 1 26 41 84 81 37 9 61 100 16 48 43 87 3 23 46 18 22 60 22 16 48 5 63 44 17 75 36 53 59 14 6 37 54 89 
17 43 49 29 94 17 76 36 3 78 10 100 48 32 59 69 99 7 73 61 2 41 35 37 46 45 2 51 33 56 91 1 50 91 82 43 7 9 31 61 39 40 61 86 23 19 6 73 
77 30 85 30 71 19 19 68 16 20 70 100 27 60 53 76 2 34 19 9 94 49 69 32 40 81 69 63 52 74 35 80 4 20 62 26 90 80 93 57 51 62 9 78 73 61 53 74 
46 23 34 39 23 55 23 63 35 91 77 38 65 63 18 20 34 79 45 76 10 37 32 60 50 92 89 22 4 94 47 1 16 81 92 91 87 14 53 21 56 81 11 72 43 80 91 77 
58 35 52 19 23 35 30 72 79 19 45 82 12 44 83 79 76 74 69 62 39 73 34 94 5 44 66 48 23 56 76 32 43 79 50 65 65 80 89 43 50 85 77 13 80 11 91 55 
84 12 16 74 36 50 67 93 93 84 92 68 40 67 99 34 97 1 50 13 32 90 56 81 75 84 93 54 94 35 61 29 98 76 2 86 77 68 78 22 4 69 89 95 87 39 28 83 
39 77 95 70 19 2 2 93 85 94 98 30 81 58 58 78 86 59 63 62 79 92 35 82 60 23 28 46 14 55 80 52 83 75 74 1 28 75 45 65 69 95 94 49 4 52 78 89 
62 93 3 92 84 37 25 44 12 52 41 25 6 21 28 41 47 1 41 74 76 38 38 96 32 84 44 35 87 73 76 48 65 78 92 49 66 16 44 29 20 84 5 77 4 33 17 50 
85 10 24 60 47 13 55 30 96 50 16 34 23 91 82 39 20 25 87 38 92 30 66 11 66 23 88 69 55 56 71 39 17 46 51 63 58 57 44 6 7 60 39 81 50 72 19 70 
48 58 59 40 87 24 2 4 46 89 73 52 97 95 43 13 40 45 28 49 1 71 6 7 30 97 87 32 68 58 53 68 15 11 7 53 86 8 57 84 49 81 35 45 75 29 9 66 
73 36 14 74 59 20 32 40 68 71 23 35 28 75 54 94 37 60 46 23 20 2 6 68 34 92 64 8 73 72 73 45 60 39 70 18 10 54 9 77 24 32 63 3 58 17 96 95 
28 41 17 47 95 74 14 28 17 29 88 89 1 12 86 12 50 55 81 11 60 89 87 83 72 50 85 30 18 32 24 45 25 92 92 19 17 57 98 33 86 37 74 38 49 59 1 98 
65 81 9 25 21 47 59 93 48 96 74 17 27 49 62 3 92 5 21 8 61 71 92 98 7 17 87 7 27 87 57 44 67 17 20 40 63 78 84 63 25 57 79 4 57 40 6 48 
44 79 7 57 49 50 6 7 67 93 14 93 79 70 36 98 86 7 89 48 85 72 10 61 80 89 64 36 80 70 83 76 48 41 84 48 90 89 54 56 33 67 1 12 88 88 61 73 
95 49 73 31 72 34 91 51 74 55 86 6 76 20 81 75 60 16 22 49 4 27 57 89 46 57 100 33 44 12 58 90 12 30 20 83 15 11 33 41 17 70 46 44 41 26 18 52 
41 91 52 96 17 8 84 62 16 35 47 60 98 4 1 9 85 21 43 51 83 75 91 51 96 36 94 36 13 63 39 5 5 91 1 73 98 36 35 14 23 33 25 72 88 25 81 72 
97 23 22 79 50 13 29 97 100 74 85 13 88 23 17 92 13 69 65 63 57 51 28 79 83 52 2 70 28 82 93 25 57 66 55 58 78 84 6 78 9 90 42 97 65 58 40 29 
27 4 91 83 6 18 13 40 21 14 61 1 48 53 25 56 19 79 65 48 14 70 77 75 12 18 23 76 28 62 4 54 18 47 88 23 16 52 63 37 17 23 37 16 28 13 71 98 
43 87 97 9 57 26 83 68 43 5 95 70 18 98 75 35 96 14 58 12 17 72 48 34 46 36 1 25 48 72 22 42 58 71 50 66 96 84 33 38 40 79 60 58 77 86 44 72 
52 1 83 68 24 82 53 70 17 54 94 16 77 68 10 34 38 11 52 33 47 36 70 86 15 81 95 43 19 39 14 70 91 49 37 15 82 90 84 99 43 29 66 19 96 27 4 33 
38 55 65 84 43 87 21 57 19 68 99 37 6 64 6 48 12 43 62 94 84 97 44 78 26 61 48 21 40 3 6 77 58 70 12 52 8 84 8 27 51 6 63 8 21 69 56 33 
63 17 78 98 14 73 75 91 85 22 63 24 24 68 52 33 38 63 36 45 47 43 23 49 100 86 57 21 6 12 5 20 80 34 17 45 6 43 35 90 64 98 66 39 65 17 24 54 
80 59 51 78 54 73 26 53 10 34 25 15 45 29 86 77 62 2 21 19 44 56 61 59 5 26 50 21 42 25 75 73 35 77 2 88 1 80 93 63 13 17 29 10 46 15 86 59 
16 58 78 12 13 38 22 69 63 71 90 56 47 16 81 82 44 34 69 44 13 61 6 78 30 87 39 27 1 24 85 68 33 62 79 46 51 53 14 65 75 55 21 22 70 53 3 13 
86 23 57 51 36 14 28 65 100 66 91 52 41 27 20 73 89 50 70 91 2 36 56 29 90 28 50 60 80 4 24 17 78 80 67 65 46 46 81 97 63 23 49 55 50 20 28 90 
21 49 80 23 84 35 3 26 14 52 85 45 7 8 62 36 40 80 1 37 78 81 85 40 4 85 95 5 4 74 94 25 22 73 99 58 60 1 83 25 4 19 70 62 78 31 97 69 
62 97 5 39 78 42 79 33 26 25 37 82 50 30 58 71 54 8 80 65 8 14 90 63 32 59 24 62 41 20 30 54 17 87 93 46 28 23 78 53 99 66 86 48 47 43 70 100 
50 50 17 9 15 58 23 47 68 46 8 60 18 89 13 86 75 57 31 2 79 60 7 29 25 92 76 71 87 46 22 88 47 90 49 61 47 71 59 14 69 18 73 86 7 38 71 81 
94 53 83 73 12 89 1 88 32 29 10 18 74 31 58 72 21 6 32 19 28 91 85 96 8 57 33 14 94 55 47 40 7 29 12 70 69 64 57 52 44 18 22 69 49 79 40 21 
84 24 91 11 14 75 59 73 84 91 39 29 46 85 68 4 65 31 74 33 47 82 36 90 100 57 59 100 35 50 72 70 73 62 33 86 89 91 11 72 81 49 52 78 85 20 82 49 
50 7 33 48 88 68 38 39 25 48 38 59 97 61 81 70 75 13 7 63 3 17 86 35 65 37 13 49 56 46 49 58 52 81 5 91 49 94 30 25 41 19 35 38 80 15 59 6 
27 65 68 81 82 53 16 98 89 80 99 97 77 47 6 80 80 10 70 28 4 51 4 96 70 38 85 1 53 43 6 31 8 25 64 89 29 79 86 69 10 36 65 38 83 70 17 62 
32 86 41 87 89 44 82 58 33 19 10 85 61 67 68 68 43 31 8 71 61 46 39 22 81 56 59 15 77 75 28 8 12 68 46 100 63 80 9 96 98 18 32 58 36 51 78 78 
81 85 100 93 30 91 14 63 46 72 77 22 98 5 82 10 24 79 9 87 58 18 34 7 87 65 17 75 68 94 4 48 30 4 93 12 94 6 74 91 30 2 64 27 58 97 88 82 
76 97 20 33 66 53 92 52 69 8 78 36 53 82 36 82 37 28 93 30 85 18 72 14 72 35 93 29 32 80 10 7 76 29 91 93 33 82 97 2 41 74 89 93 55 24 75 91 
3 19 72 88 89 43 1 60 30 93 88 61 73 98 19 100 78 9 45 11 43 41 64 83 14 4 76 21 28 2 63 30 72 87 17 60 81 70 71 10 14 59 70 38 8 40 90 85 
49 34 47 43 74 62 25 39 66 52 11 45 5 26 26 77 12 95 88 92 64 59 54 77 69 75 67 76 15 56 12 15 89 11 57 14 72 33 4 89 37 67 33 41 92 59 69 55 
5 57 98 68 67 51 96 35 26 62 10 40 69 73 54 57 83 62 22 7 94 26 95 30 92 80 23 35 90 91 89 94 99 86 61 65 89 8 99 14 22 60 5 90 33 10 99 67 
71 20 73 16 97 68 98 40 99 20 74 88 62 62 81 61 100 93 25 88 100 76 53 73 87 9 63 71 18 13 38 40 32 62 7 81 81 4 20 79 23 94 66 37 7 46 97 6 
90 73 45 42 100 97 14 87 57 28 9 26 40 46 65 24 60 72 56 40 27 75 19 2 68 36 38 27 82 34 32 23 58 29 64 58 77 78 96 34 57 4 59 97 2 76 72 61 
99 27 52 25 1 70 26 21 6 63 47 39 48 30 61 6 58 77 15 35 54 10 68 10 65 78 58 66 53 29 78 51 7 30 76 60 51 53 80 8 68 78 98 15 7 59 72 65 
35 38 51 40 47 18 1 64 47 59 81 100 39 59 2 46 40 77 57 42 82 36 50 49 65 47 15 71 57 39 87 43 76 89 82 75 58 83 38 5 93 18 4 83 28 5 28 67 
34 36 61 67 71 10 67 35 56 81 58 65 71 96 7 47 85 41 73 42 75 10 46 67 79 1 49 7 6 29 25 91 64 85 57 87 94 23 73 2 55 82 66 26 78 72 24 14 
12 96 55 86 57 53 4 35 53 5 41 10 33 66 100 48 2 8 86 96 30 59 49 85 40 14 62 69 37 37 82 1 32 89 38 40 93 42 74 45 46 15 7 30 32 6 29 33 
66 15 80 95 73 80 31 64 45 44 85 82 80 18 82 63 6 71 2 50 12 76 47 9 42 53 90 73 10 19 57 75 33 89 70 57 68 52 72 13 96 56 46 75 26 79 38 83 
49 39 33 13 66 79 21 7 31 11 31 40 81 40 67 65 28 36 21 47 39 44 11 34 52 56 61 77 86 50 59 35 40 91 47 6 21 19 64 51 81 95 43 13 34 9 77 13 
96 49 11 86 93 22 20 96 29 32 72 15 81 82 1 20 25 99 77 45 69 41 48 50 87 90 62 72 50 91 36 97 39 46 82 83 67 53 78 48 84 1 14 16 35 14 88 59 
1 1 0 1 1 1 0 1 0 0 0 1 0 1 1 0 1 1 1 1 1 0 0 1 1 1 0 1 0 1 1 1 1 1 1 0 1 1 0 1 1 0 1 1 0 0 0 1 
1 1 0 1 1 1 0 0 0 0 1 1 0 0 0 1 0 1 1 1 1 1 0 0 0 1 0 0 0 0 1 1 1 1 0 0 0 0 1 1 1 0 0 1 1 0 0 1 
0 1 0 1 1 0 1 1 0 1 1 0 1 0 1 0 1 0 1 0 0 0 1 1 0 1 0 1 1 0 0 1 0 0 0 1 1 0 0 1 1 1 1 1 1 0 1 0 
0 0 0 1 0 1 0 1 0 1 0 0 1 1 1 1 1 0 0 0 0 0 1 1 1 0 0 0 1 0 1 1 0 1 0 1 1 1 0 1 0 0 1 1 1 1 1 1 
1 1 1 1 0 1 0 1 1 1 0 0 1 1 0 1 0 0 0 1 1 0 1 1 1 0 1 0 1 0 1 0 1 1 1 1 0 0 1 1 1 1 0 0 0 0 1 0 
0 0 0 0 0 1 1 1 1 0 0 1 0 1 1 0 0 1 1 0 1 0 0 0 1 0 0 1 0 1 0 0 1 0 0 0 1 0 1 0 0 1 1 1 1 1 1 1 
0 0 0 1 1 0 1 0 0 1 0 0 0 0 0 0 0 1 0 1 1 1 1 1 1 1 0 0 0 1 1 0 0 1 1 1 1 0 1 1 1 1 1 1 1 0 1 1 
1 1 0 0 1 0 1 0 1 0 0 1 1 1 1 1 1 0 0 0 0 0 0 1 1 1 0 1 1 0 0 0 1 1 0 0 1 0 0 0 0 0 1 1 0 0 1 1 
0 1 1 0 1 1 1 1 1 1 0 0 1 0 1 1 1 1 1 0 1 0 0 1 0 1 1 0 1 0 1 1 1 1 1 1 0 0 0 1 0 0 0 1 0 1 0 0 
0 0 0 0 0 1 1 0 0 0 1 0 0 0 1 0 1 1 1 0 1 1 1 1 1 1 1 1 0 1 1 1 1 0 1 1 1 0 0 1 1 1 1 1 1 1 1 1 
0 0 1 1 1 0 1 0 0 0 0 0 1 1 1 1 1 0 0 0 1 0 0 0 1 1 1 1 0 1 0 0 1 1 0 1 1 1 1 1 1 1 0 0 1 1 1 0 
0 0 1 1 0 1 1 0 0 0 1 1 1 1 1 1 0 1 0 1 0 1 1 1 1 1 0 0 0 1 0 0 1 1 1 0 0 0 0 1 1 1 0 0 0 1 1 0 
1 1 1 1 1 0 1 0 1 1 0 0 0 0 0 0 0 0 0 0 0 0 1 1 1 1 0 1 1 1 1 0 1 0 1 0 1 0 0 0 1 0 0 0 0 1 0 0 
1 0 1 1 0 0 1 1 0 1 0 1 0 1 1 1 1 0 1 0 1 1 1 0 1 1 0 0 0 0 0 1 0 1 1 0 0 0 1 0 1 1 1 1 0 0 1 0 
0 0 0 1 0 1 0 1 1 0 1 1 1 0 1 1 1 0 0 1 0 1 1 1 1 0 0 1 0 1 1 1 0 0 0 0 1 0 1 0 1 1 0 0 1 1 1 0 
1 1 0 1 1 1 0 0 0 0 1 0 0 1 1 0 1 0 0 0 0 1 1 1 0 1 1 1 0 1 0 1 0 0 0 1 1 0 1 1 0 1 0 0 0 1 0 1 
1 0 1 0 0 0 1 0 1 1 0 1 0 0 0 0 0 0 0 1 0 1 1 1 0 1 1 0 0 0 1 0 0 1 0 0 1 1 1 1 0 1 0 0 1 1 1 1 
1 1 0 0 0 1 1 1 0 0 1 1 0 1 1 1 0 1 1 1 0 0 0 1 1 1 1 0 0 0 1 1 1 0 1 0 1 0 1 0 1 0 1 1 1 0 0 1 
1 0 1 1 0 1 0 0 0 0 0 0 0 0 0 0 0 1 0 1 0 1 1 1 1 0 0 1 0 1 0 1 1 1 1 1 1 1 1 1 1 0 0 0 0 0 0 0 
1 0 1 1 1 1 0 0 1 1 1 0 0 0 1 1 1 0 0 0 0 0 0 1 0 0 1 0 0 1 0 1 1 1 1 0 0 1 1 0 0 0 0 0 0 1 1 0 
0 0 0 0 0 0 1 0 0 1 0 0 0 0 0 0 1 1 0 0 0 1 0 1 0 0 1 0 1 1 0 1 1 1 1 1 1 1 1 0 0 1 0 0 1 0 0 0 
1 1 0 0 0 0 1 0 0 0 1 0 1 1 1 0 0 1 1 0 0 0 0 0 1 0 0 0 1 1 1 0 0 1 0 0 0 1 1 0 0 0 0 1 1 0 0 0 
1 1 0 1 0 0 1 1 0 1 0 1 0 1 0 0 0 0 1 0 0 0 1 0 0 1 1 1 1 1 1 0 1 1 1 1 1 0 0 0 0 0 1 0 1 1 1 0 
0 0 0 0 0 1 0 0 1 1 1 0 1 1 1 0 0 0 1 0 1 1 0 1 0 1 1 1 1 0 1 1 0 0 1 0 1 1 0 0 0 0 1 1 1 0 1 1 
0 0 1 1 0 1 0 0 1 0 1 0 0 1 1 1 1 0 1 0 1 0 1 1 0 0 1 1 0 0 0 0 1 0 0 1 1 0 1 0 0 0 0 1 1 1 0 0 
1 1 1 0 1 0 0 1 0 1 0 0 1 1 0 0 1 0 1 0 1 0 1 1 1 1 0 0 1 0 1 0 0 0 1 1 0 1 1 0 0 1 0 1 0 0 0 1 
1 1 0 0 0 1 1 1 0 0 1 1 0 0 0 0 0 1 0 0 0 1 0 0 0 0 1 1 1 1 0 0 1 0 0 1 1 1 0 0 1 1 1 0 0 1 0 0 
0 0 1 0 1 1 0 0 0 0 1 1 1 1 1 0 0 1 1 1 0 1 1 0 1 1 0 1 0 0 1 1 1 0 1 0 0 0 0 0 0 1 1 1 1 0 0 1 
1 1 0 1 1 0 1 0 1 1 1 1 0 0 0 1 1 0 1 1 0 0 1 0 1 0 1 0 0 1 1 1 1 0 0 0 0 0 0 1 1 1 0 1 1 1 0 0 
1 0 1 1 0 0 1 1 0 0 0 0 0 1 1 1 1 0 1 1 0 1 0 1 0 1 1 1 0 1 0 1 1 1 0 1 0 1 1 0 1 1 1 1 0 0 0 0 
0 1 1 0 0 0 0 0 1 1 0 1 0 0 0 0 1 0 1 1 1 0 0 0 1 1 0 0 1 0 0 0 0 1 0 0 1 0 1 0 1 1 1 0 1 1 0 0 
1 1 0 0 0 0 1 1 1 1 1 0 1 1 0 1 1 1 0 0 1 1 1 1 0 0 1 1 0 1 1 1 0 1 0 0 1 1 0 0 0 1 1 1 1 1 1 0 
0 1 0 0 0 1 1 0 0 0 1 0 1 0 1 1 0 1 0 1 0 0 0 0 1 1 0 0 0 1 0 1 0 1 1 0 0 0 0 0 0 1 0 1 1 0 0 1 
1 0 1 0 0 1 0 0 0 0 0 0 1 1 1 1 0 0 1 0 0 1 1 0 0 1 1 0 1 0 1 1 0 0 1 1 1 1 1 1 0 1 0 1 0 1 1 0 
0 0 1 0 0 0 1 0 1 0 0 1 0 0 0 1 0 1 0 0 0 1 1 0 0 1 0 1 1 1 1 1 1 0 1 1 0 0 0 0 1 0 1 1 0 1 0 1 
0 0 1 0 1 0 1 0 0 1 1 1 0 0 0 1 1 1 1 1 0 1 1 1 1 0 0 0 1 1 1 1 1 0 0 1 0 1 1 0 0 0 1 0 0 1 1 1 
1 0 1 1 1 0 0 1 1 0 1 0 1 0 0 1 0 0 0 0 1 1 1 1 1 0 1 1 0 0 1 1 1 0 0 0 0 0 1 1 0 0 0 0 0 0 1 0 
0 1 1 1 0 0 0 1 0 1 0 0 1 1 1 0 1 1 1 0 1 0 1 0 1 1 0 1 1 1 0 1 0 1 0 0 1 0 1 1 1 1 0 1 1 1 1 0 
1 0 0 0 1 0 0 0 1 0 1 1 1 1 0 1 0 1 1 1 1 0 1 1 0 1 0 1 0 1 1 1 0 0 0 1 0 0 1 1 1 0 0 0 0 1 0 0 
0 1 0 1 0 1 0 0 0 0 1 0 0 0 0 0 0 0 1 0 0 0 0 1 0 0 0 0 1 0 1 1 1 1 1 1 0 1 1 0 0 0 0 0 1 0 0 1 
0 1 0 1 1 0 0 1 0 0 0 0 0 1 1 0 0 0 1 0 0 1 0 0 1 0 0 0 1 0 0 1 1 0 0 0 0 1 1 0 1 1 0 0 0 0 0 0 
0 1 0 0 0 0 0 0 1 0 0 0 0 0 1 1 0 0 1 0 1 1 1 0 0 1 0 1 1 0 1 0 0 0 0 0 0 1 0 1 1 1 1 0 1 1 1 0 
1 1 0 0 0 1 0 0 1 1 1 0 1 1 0 1 1 1 0 1 0 0 1 1 1 0 1 1 1 1 1 0 0 1 0 0 1 1 0 0 0 0 0 1 1 1 1 0 
0 1 1 0 1 0 1 1 1 1 0 0 0 1 1 0 0 1 0 1 0 0 1 0 0 0 0 1 1 1 1 1 0 1 1 1 1 0 0 0 1 0 1 1 1 0 1 0 
1 1 1 0 0 1 0 0 1 0 0 0 1 1 1 1 0 0 1 0 0 1 0 0 0 1 1 1 1 1 1 1 0 1 1 0 0 1 1 1 0 1 1 1 0 0 1 1 
0 0 1 0 1 1 0 1 1 0 1 0 1 0 1 1 1 0 0 1 0 1 0 0 0 1 1 0 1 0 1 1 0 0 0 0 0 0 1 1 0 0 1 1 1 1 1 0 
1 1 0 1 0 0 1 0 0 1 0 1 1 0 1 0 0 1 0 0 1 1 1 0 0 1 1 1 0 0 1 1 1 1 1 1 0 0 1 0 1 0 1 1 0 0 1 0 
1 1 1 1 0 0 1 0 1 0 1 1 1 1 1 0 0 0 0 0 0 1 0 0 1 0 1 1 0 0 0 0 1 1 1 1 1 0 0 1 0 1 0 1 0 1 0 1 
1 0 1 0 1 0 0 1 0 1 0 0 1 0 0 0 1 1 1 1 1 1 0 0 1 0 1 1 0 1 0 1 1 0 1 1 0 1 0 0 0 0 0 1 1 1 1 0 
0 1 1 0 0 1 0 1 0 1 1 0 1 1 1 0 1 1 1 1 0 1 1 1 0 0 0 1 1 0 1 1 1 1 1 1 0 1 1 0 1 0 0 0 1 0 0 1 
1 0 0 1 1 0 0 1 0 1 0 1 1 0 0 0 1 0 1 1 1 0 0 0 0 0 0 0 0 1 1 1 1 1 1 0 1 1 0 1 0 0 0 1 0 1 1 1 
1 1 1 0 1 1 1 0 1 1 0 0 0 1 1 1 0 0 0 0 0 0 1 0 0 0 0 1 1 1 0 0 0 1 0 0 0 1 0 0 1 0 0 1 1 1 1 1 
0 1 1 0 1 1 0 1 1 0 0 0 0 1 0 0 0 0 0 1 0 0 1 1 0 1 0 1 0 1 1 0 0 0 0 1 1 1 1 0 1 1 0 1 0 0 0 1 
1 0 0 1 1 1 0 1 0 0 1 0 0 0 1 0 0 1 0 0 0 1 0 0 0 1 1 1 1 1 0 0 0 0 1 1 1 1 0 1 0 1 1 0 1 0 0 0 
0 0 0 0 1 0 0 0 1 0 1 1 1 1 1 1 1 1 0 0 0 1 1 0 0 0 0 0 1 1 0 1 1 0 1 1 0 0 1 0 0 0 1 1 1 0 1 0 
1 1 0 0 0 1 0 1 1 1 1 0 0 1 1 1 1 1 0 1 1 1 1 1 1 0 0 0 1 1 0 0 1 0 0 1 1 1 0 1 0 1 1 0 0 1 1 1 
0 0 1 1 1 0 0 1 1 0 1 0 0 0 0 1 0 1 0 0 0 1 1 0 0 0 0 1 1 1 0 1 1 1 0 1 0 0 0 1 1 1 1 1 1 1 0 0 
0 0 0 0 1 1 0 0 1 0 1 1 0 1 0 1 1 1 0 1 1 0 0 0 0 1 1 1 0 1 1 1 0 1 1 1 0 0 1 0 0 0 1 0 0 1 0 1 
0 0 0 0 1 0 0 1 1 0 0 1 1 0 0 1 1 0 1 0 0 0 0 0 1 1 1 1 0 1 0 1 1 0 1 0 0 1 1 1 1 0 0 1 0 1 0 1 
1 1 1 1 0 1 1 1 0 0 0 1 1 0 0 1 0 1 1 0 0 1 1 0 1 1 1 1 0 1 0 1 1 0 0 1 1 0 0 0 0 0 1 0 0 1 1 0 
0 0 0 0 1 1 0 0 0 1 1 1 1 0 0 0 0 1 1 1 1 1 1 1 1 0 1 1 1 0 1 1 1 1 0 0 0 0 1 0 0 0 1 1 0 0 1 0 
1 0 0 0 1 1 1 0 0 1 1 1 1 0 1 0 1 1 1 1 1 0 1 1 0 1 0 1 1 1 1 0 1 1 0 0 1 1 0 1 0 1 0 0 1 1 0 0 
0 1 1 0 1 1 1 0 0 0 1 1 1 0 1 1 0 1 1 1 0 0 0 1 1 0 1 1 0 1 1 0 1 1 0 0 0 0 0 0 0 1 1 1 0 0 0 0 
1 0 1 1 0 1 0 1 1 1 0 1 1 0 0 0 1 0 0 1 0 1 1 0 0 0 0 0 0 0 0 1 0 1 0 0 0 1 0 0 0 0 1 1 0 1 1 1 
0 0 0 0 1 1 1 1 1 1 0 1 1 0 0 0 0 1 0 0 0 0 0 0 1 0 0 1 1 1 1 1 1 1 0 0 1 1 0 0 0 0 0 1 0 0 1 0 
1 0 1 1 0 1 0 1 1 0 1 1 1 0 0 1 1 0 1 0 1 1 1 1 1 1 1 0 1 0 0 1 0 1 0 1 1 0 0 0 0 1 1 0 1 0 1 1 
0 0 1 0 0 0 1 1 1 0 1 1 1 0 0 1 1 0 0 0 1 1 1 1 0 0 1 0 0 0 1 1 1 0 1 1 1 0 0 0 1 0 1 0 0 1 1 1 
0 0 0 1 1 1 0 1 1 0 1 0 0 0 1 1 1 0 0 0 0 1 0 1 1 0 1 1 1 1 0 1 1 0 0 0 1 1 1 1 1 1 1 1 1 0 1 0 
0 1 0 0 0 1 0 1 1 1 0 0 0 1 0 1 1 0 1 1 1 1 0 0 0 1 0 1 1 1 0 1 0 0 1 1 1 1 0 0 1 1 1 1 0 1 1 1 
