47 68 445
87 11 34 86 48 85 23 41 60 96 31 93 86 6 61 39 34 6 100 89 56 63 50 8 25 60 19 71 20 68 8 58 78 93 43 78 29 17 18 88 12 100 33 49 5 45 87 39 2 87 79 57 1 80 16 78 40 34 48 11 2 7 68 31 99 62 8 27 
30 77 67 41 76 51 41 33 47 28 23 49 66 1 5 18 80 21 95 71 6 43 33 59 1 100 90 100 61 49 78 90 78 44 82 53 46 23 37 93 2 59 93 19 59 97 36 91 69 31 13 27 25 46 85 77 97 26 76 10 75 6 51 52 1 85 56 47 
7 93 91 60 3 83 78 14 31 65 56 100 47 68 78 23 65 14 100 62 40 75 71 66 32 73 69 33 57 76 79 15 68 69 74 23 51 3 36 81 68 91 32 66 10 61 89 75 75 88 88 14 14 58 79 46 82 99 78 39 74 8 53 94 76 27 16 78 
81 3 10 100 93 94 66 54 54 54 28 28 41 15 93 6 24 23 51 6 21 80 96 95 87 48 88 62 26 55 91 7 57 1 6 1 46 23 54 99 76 82 79 68 48 23 74 24 46 76 81 18 56 76 64 42 75 51 56 1 57 98 59 13 98 16 13 95 
39 19 94 66 52 24 34 99 46 59 74 43 86 54 61 41 81 24 35 56 27 42 8 83 39 66 48 89 33 12 83 71 30 28 37 81 51 22 32 49 32 57 91 17 63 3 10 43 79 96 50 57 37 9 39 27 26 38 15 59 2 98 81 31 25 69 64 28 
90 47 76 73 55 18 42 17 73 51 12 51 98 13 7 34 22 97 12 47 87 27 57 88 76 38 70 52 6 85 79 48 83 6 72 38 76 13 6 100 15 69 50 12 82 8 97 55 56 9 53 42 87 10 81 62 99 51 13 56 87 44 55 70 1 27 59 28 
39 16 27 54 85 28 17 66 35 14 72 91 22 24 84 8 85 65 21 83 67 85 39 53 80 93 74 33 71 32 60 62 48 39 15 32 66 31 49 53 96 20 95 17 95 78 76 80 94 48 62 60 33 52 65 64 97 38 96 19 70 8 80 69 46 94 52 63 
77 100 15 72 71 9 41 17 39 68 96 84 16 10 44 100 13 8 63 9 97 11 28 66 18 59 34 15 53 37 77 81 36 92 4 58 52 96 75 42 16 22 26 31 31 21 82 96 80 96 4 76 58 83 94 75 42 79 89 46 16 66 78 3 9 33 61 12 
29 87 54 44 60 31 26 91 51 59 38 82 6 41 57 64 76 2 38 69 81 79 66 96 96 95 98 4 27 10 67 7 96 20 2 56 2 27 98 4 37 35 85 43 27 94 6 54 95 43 74 75 73 91 70 68 37 20 23 64 29 90 22 77 9 24 84 63 
50 33 66 39 19 51 81 97 96 86 51 90 80 76 17 53 19 86 20 55 5 95 70 86 84 92 62 44 15 45 6 16 77 72 54 95 74 34 91 69 71 93 10 51 69 26 3 39 64 74 93 20 68 63 5 51 54 66 47 20 10 52 35 38 75 41 32 48 
26 23 68 97 67 78 47 87 55 1 25 18 74 18 90 94 32 94 96 37 12 42 56 73 94 42 11 68 34 42 68 60 16 87 56 83 16 54 21 71 54 46 40 79 15 29 72 46 75 68 34 86 61 89 58 54 82 68 74 16 62 93 27 29 79 82 63 95 
87 84 17 40 29 56 18 95 37 42 40 63 61 73 48 21 13 57 27 46 77 52 61 90 44 87 18 74 20 81 68 6 16 36 97 96 44 67 90 80 60 81 94 20 5 93 92 17 49 18 14 77 21 75 66 16 13 36 90 85 68 9 42 83 45 91 78 40 
57 67 71 16 99 64 87 3 56 78 71 56 48 84 33 68 10 50 36 23 85 25 59 52 85 52 34 81 42 63 20 98 81 90 65 79 5 51 81 60 81 51 68 28 35 100 47 44 49 82 18 86 58 28 37 95 80 23 75 21 37 47 71 18 36 87 96 41 
90 29 52 70 79 19 97 65 70 95 61 71 29 30 56 86 58 44 80 37 18 7 9 55 53 31 72 88 70 19 80 59 47 84 28 78 2 76 42 24 70 54 94 98 84 1 36 41 44 67 29 14 73 89 68 25 72 39 65 41 57 96 99 56 79 78 33 33 
53 26 56 74 80 1 24 63 1 59 55 96 77 35 9 50 23 76 74 46 66 90 86 75 86 36 30 16 13 14 48 17 39 55 91 18 55 14 32 7 24 86 3 100 72 63 1 95 39 27 92 56 16 78 82 53 13 11 69 78 24 16 94 15 71 36 32 77 
49 64 84 24 1 38 76 73 100 76 19 90 2 10 46 70 39 27 22 4 90 90 81 65 58 26 79 28 62 63 56 62 26 91 86 78 28 13 50 80 88 20 69 42 30 66 11 20 45 84 23 86 74 55 50 31 81 81 10 42 43 17 3 20 8 40 97 87 
52 99 66 92 18 35 33 99 52 95 71 96 78 93 81 3 48 83 85 80 15 94 21 57 11 75 28 70 67 76 56 18 26 22 61 96 8 45 46 59 91 16 55 69 9 87 23 8 21 8 87 35 53 59 43 63 85 70 84 51 98 40 21 23 61 81 18 68 
78 64 26 68 79 32 88 39 19 11 98 39 18 84 26 22 94 68 37 79 90 20 81 87 59 1 61 71 34 31 38 11 94 16 78 24 99 66 15 69 28 12 8 97 48 85 18 41 52 54 71 41 74 52 79 84 4 92 55 89 22 44 99 15 11 29 90 10 
46 56 78 73 68 37 69 15 21 86 7 25 92 78 17 17 81 96 100 84 87 6 73 8 50 23 74 12 51 15 21 96 71 51 20 38 87 88 4 60 26 10 84 17 39 100 33 19 47 84 3 85 90 27 92 91 49 17 2 52 84 75 99 54 25 19 43 63 
6 46 74 83 7 57 99 46 9 83 64 55 19 18 40 8 96 83 50 97 52 51 48 35 77 98 40 53 16 82 68 74 79 41 56 37 50 7 82 58 41 98 64 59 67 55 18 63 90 67 59 41 70 58 27 46 7 66 51 23 47 18 48 77 10 3 13 59 
61 47 68 2 44 32 60 10 38 30 24 27 96 34 19 65 43 45 63 50 10 65 72 8 82 19 36 91 73 49 2 34 95 69 87 90 52 98 51 90 27 75 68 23 8 87 39 3 83 53 52 93 17 23 52 50 93 88 41 17 88 94 50 82 62 36 23 66 
86 73 7 12 47 74 86 7 12 25 9 95 29 60 39 46 34 42 47 78 81 87 94 68 32 96 1 94 83 23 11 68 96 17 80 94 42 65 52 6 41 60 52 70 71 42 67 56 83 13 33 64 52 27 83 83 74 36 28 56 58 38 24 5 6 3 51 48 
19 2 53 60 62 4 81 84 45 47 40 79 11 72 94 62 50 29 97 23 64 24 79 21 14 54 78 19 56 28 66 26 29 70 85 42 25 65 26 21 63 17 52 74 88 45 35 90 73 83 64 88 7 94 61 72 47 38 90 54 17 8 80 45 29 16 39 54 
81 16 74 95 32 77 68 71 22 55 12 46 37 76 34 95 69 94 66 16 83 8 21 99 15 100 95 95 16 85 48 48 100 74 42 83 50 62 54 23 68 65 69 4 92 54 51 61 99 68 28 81 75 48 31 41 48 77 36 15 62 35 14 61 8 7 44 10 
68 49 32 87 65 52 91 57 5 93 69 55 60 96 35 87 43 17 79 42 94 14 8 55 1 21 67 8 28 62 69 47 10 1 34 27 4 76 83 61 20 51 15 31 98 2 17 40 18 96 34 63 61 41 17 13 62 84 73 41 97 41 39 59 93 24 85 97 
51 19 57 70 69 23 1 18 24 69 57 94 16 42 56 29 83 25 41 96 60 13 88 56 54 78 14 46 2 98 94 52 16 2 74 36 25 26 53 100 94 62 93 62 3 1 90 37 25 30 32 84 95 19 39 48 49 5 45 50 2 91 53 70 92 78 57 68 
3 62 68 49 23 60 10 77 12 99 14 36 80 97 19 74 68 10 73 16 14 18 65 67 60 69 88 51 47 45 19 49 6 38 97 80 49 58 8 61 56 21 96 36 18 67 9 37 76 34 52 41 51 68 59 62 36 47 12 34 43 82 35 48 19 83 79 68 
41 86 80 96 59 75 83 28 93 44 64 68 77 15 60 79 34 19 40 69 65 3 55 59 85 89 58 55 71 36 74 11 73 53 59 31 80 41 58 72 36 73 92 12 39 51 90 72 21 81 93 37 84 47 95 68 87 52 74 57 87 48 20 12 52 30 42 31 
70 52 3 58 76 94 69 15 96 11 38 17 91 30 5 26 28 100 93 14 51 67 23 90 66 42 1 17 23 94 48 44 97 2 1 73 47 22 39 94 32 76 10 74 58 67 100 85 66 44 51 16 62 73 57 79 66 57 96 88 3 95 31 99 96 32 23 94 
5 61 87 36 37 49 61 94 15 12 30 80 56 80 47 69 4 4 48 21 12 95 8 66 89 91 65 36 74 39 81 78 100 67 65 88 67 25 33 81 89 14 12 44 94 11 64 49 66 63 70 29 57 29 95 45 19 11 32 44 49 12 21 100 31 37 39 97 
62 71 30 2 37 41 97 82 3 60 30 68 23 99 97 31 80 91 28 50 1 59 94 1 23 66 1 53 3 39 49 16 62 78 17 98 71 13 79 25 72 60 93 46 11 89 77 90 31 4 39 83 14 32 83 36 98 35 88 100 26 89 67 39 18 83 36 40 
95 66 65 18 25 57 16 35 97 92 76 27 47 15 61 60 46 43 48 95 30 35 46 55 75 12 93 45 46 80 84 40 45 48 10 21 56 25 8 4 68 83 82 14 97 42 73 95 37 20 41 66 7 87 72 33 50 16 77 96 95 61 87 91 60 96 63 68 
72 70 71 39 53 53 52 1 46 77 47 82 48 88 99 6 26 70 39 75 85 15 22 31 27 9 73 87 56 36 54 28 57 76 66 9 28 70 62 26 46 8 7 45 47 6 51 72 27 89 47 12 55 68 94 82 28 67 68 84 2 73 63 58 100 80 19 80 
49 32 5 46 91 11 91 38 68 93 9 95 33 55 58 87 75 51 68 54 17 87 89 70 11 51 80 11 31 50 90 31 81 94 29 71 56 71 8 24 63 69 70 95 23 27 81 49 77 1 3 46 87 91 67 50 94 46 60 76 47 1 6 27 94 86 50 1 
56 9 24 18 77 93 64 52 71 45 100 48 97 54 45 83 97 11 32 42 9 43 17 55 43 74 34 88 60 83 89 15 91 12 85 20 57 48 71 27 44 22 26 40 28 22 75 76 85 58 17 45 1 85 99 43 58 84 31 69 66 19 36 9 82 72 80 90 
19 50 69 15 23 46 6 50 20 32 25 4 90 41 48 90 25 98 84 35 82 66 3 99 36 90 59 70 61 38 59 32 39 79 98 62 77 3 11 96 35 36 99 76 28 98 65 5 95 100 91 28 66 45 79 1 35 37 70 95 27 81 78 65 11 75 26 87 
30 37 82 64 24 80 91 3 29 55 59 24 6 49 3 71 94 81 24 28 18 45 74 44 77 52 8 88 78 86 74 7 74 56 22 49 87 12 51 16 18 10 91 24 58 93 46 3 26 69 82 95 66 56 38 42 59 97 29 36 34 3 95 7 10 16 55 96 
28 6 63 97 67 5 20 76 98 66 79 75 86 60 69 51 67 58 93 25 6 73 13 40 75 7 46 36 74 53 84 53 10 46 50 76 51 21 3 100 38 33 74 24 45 94 26 11 51 70 88 56 43 52 95 69 58 93 57 83 45 40 36 54 85 37 81 87 
57 83 38 95 16 63 70 12 56 47 22 6 69 61 14 63 12 8 31 21 52 87 4 48 26 91 1 63 27 33 1 83 68 39 29 35 1 50 46 57 49 67 14 17 28 27 79 91 87 61 12 90 48 15 38 25 57 38 39 83 71 40 17 90 30 98 24 82 
47 69 90 95 35 4 63 14 82 41 5 20 2 68 10 1 34 47 77 90 84 16 72 6 7 40 95 88 37 18 69 36 38 59 30 73 14 93 38 95 85 94 15 86 61 24 86 94 70 63 83 5 30 6 63 36 46 9 75 82 79 43 17 16 1 99 40 14 
43 30 61 27 23 27 65 36 50 50 29 71 64 64 27 93 69 41 80 66 2 54 48 32 97 16 47 49 66 39 15 8 20 27 87 42 53 51 29 54 52 58 76 16 73 54 8 93 95 40 59 96 93 58 79 41 25 25 42 91 15 8 50 34 34 88 28 38 
38 56 91 90 65 18 57 37 71 64 30 65 55 40 12 48 97 90 40 21 67 33 63 33 40 13 19 25 100 46 62 90 53 4 31 18 21 87 6 44 2 35 60 57 26 72 56 22 13 95 95 31 80 57 16 71 69 34 96 21 31 9 10 83 65 92 100 37 
78 6 80 79 92 40 87 18 63 42 91 27 89 85 10 68 42 25 38 62 58 85 34 40 94 95 22 58 86 74 46 63 31 26 94 74 17 80 91 79 22 34 57 10 18 66 29 11 90 18 73 99 3 6 38 96 1 12 5 38 85 50 1 15 27 94 88 43 
25 31 73 46 16 30 7 33 95 35 44 37 53 68 87 7 25 77 2 77 88 58 15 24 59 67 38 38 12 77 80 36 59 5 82 74 86 40 59 32 27 54 68 79 21 7 85 97 83 38 74 70 47 40 93 5 6 82 94 17 10 26 4 21 30 85 46 15 
77 4 98 3 57 18 33 29 24 17 26 6 6 51 27 4 90 71 60 47 4 54 15 13 79 18 85 60 55 31 26 31 34 23 33 43 40 65 71 63 33 48 20 90 50 98 93 91 68 52 37 23 5 3 36 35 21 72 94 75 2 19 57 88 42 89 30 33 
5 52 48 37 100 19 78 1 17 70 92 36 73 28 59 78 31 46 64 3 17 58 29 71 28 85 58 21 25 87 54 81 90 53 69 41 71 46 42 87 15 33 23 39 60 33 16 42 78 32 96 94 89 24 64 16 60 73 89 36 11 42 16 1 94 36 41 64 
81 82 3 47 14 77 86 26 9 53 19 86 84 67 31 24 90 47 92 2 71 80 89 82 73 57 82 18 92 74 81 73 56 35 71 21 11 56 98 71 61 69 8 44 35 39 20 76 37 11 77 7 90 18 40 14 74 21 31 65 47 63 89 2 98 60 74 60 
0 1 0 0 1 1 0 1 1 1 0 1 1 1 0 0 0 1 1 1 0 1 1 0 1 0 1 0 1 0 0 1 1 0 0 0 1 0 1 1 1 0 0 0 1 0 0 1 0 1 0 0 0 1 0 1 1 1 0 0 1 0 0 1 0 0 1 1 
0 1 0 1 1 1 1 0 1 1 1 1 0 1 1 0 0 1 1 0 0 1 0 0 1 0 1 1 0 0 1 0 1 1 1 0 0 0 0 0 1 1 1 1 0 1 1 1 0 1 1 1 0 1 1 0 0 0 1 0 0 0 1 0 0 0 0 0 
1 1 0 0 0 0 0 1 1 1 0 1 0 1 0 1 0 1 1 0 1 0 1 0 1 0 0 1 0 0 1 1 1 0 0 0 0 0 1 1 1 1 0 0 0 1 1 0 0 0 1 0 0 0 0 1 0 0 0 0 0 0 0 0 0 0 0 0 
0 1 1 1 0 1 1 0 0 0 0 1 0 1 1 1 1 1 0 1 1 1 0 1 1 0 1 1 0 1 1 0 0 0 1 0 1 1 0 0 1 1 1 0 0 0 1 0 1 1 1 0 0 1 1 1 1 1 0 1 0 1 1 1 1 1 1 1 
0 0 1 1 1 0 1 1 0 0 1 1 0 1 1 0 0 0 0 0 1 0 1 0 0 1 1 1 0 0 0 0 0 1 1 1 1 1 1 1 1 0 0 1 1 1 0 0 0 0 0 1 0 1 1 0 0 0 0 0 1 0 0 1 0 0 1 1 
1 0 1 0 0 1 0 0 1 0 0 1 0 0 0 0 1 0 1 0 0 1 0 1 1 1 1 1 1 0 1 0 0 0 0 0 1 0 0 0 0 0 1 0 0 0 1 0 0 0 0 0 1 0 0 0 1 1 0 0 1 1 0 1 1 1 1 0 
1 0 1 0 0 0 0 1 0 1 1 0 1 1 1 0 1 1 1 1 0 1 1 1 0 0 0 1 1 1 1 0 1 0 0 0 1 1 1 1 0 0 0 0 1 1 0 0 0 1 1 0 0 1 1 0 1 1 1 0 0 1 0 0 1 1 0 0 
0 1 0 0 1 0 0 0 1 1 0 1 0 0 1 1 1 0 1 0 1 1 0 1 0 0 1 1 1 1 0 1 0 0 0 1 0 0 1 1 1 0 0 0 0 1 1 1 1 0 1 0 1 1 1 1 1 1 1 1 0 1 0 1 1 0 0 1 
1 0 0 0 0 0 0 0 1 1 1 0 0 0 0 1 1 1 1 0 0 0 1 1 1 0 0 0 0 0 1 1 0 1 0 0 1 0 0 0 0 1 0 0 1 0 1 0 1 0 1 0 0 0 1 1 0 1 1 1 1 0 0 0 1 0 0 0 
1 1 0 1 0 0 1 0 0 0 0 0 1 1 0 1 0 1 1 0 0 0 1 1 1 0 1 0 0 0 1 1 1 1 0 1 0 1 1 0 0 0 0 1 1 0 0 1 1 1 0 1 0 1 1 1 1 0 1 0 0 0 1 1 0 0 1 0 
1 0 0 1 0 1 0 0 1 1 1 1 0 1 0 0 1 1 1 0 0 1 0 0 1 0 0 1 0 1 1 1 1 0 1 0 1 1 0 0 0 1 1 1 1 0 1 0 1 1 0 1 0 1 0 1 1 0 1 1 1 0 0 0 0 1 0 1 
1 0 0 1 0 1 0 1 1 0 1 1 1 1 0 1 0 0 0 1 0 1 0 1 0 1 0 0 0 0 0 1 1 0 1 1 1 1 0 1 1 1 0 0 0 0 1 1 1 0 0 1 1 1 1 1 0 1 0 0 1 0 0 0 0 1 1 1 
0 1 0 0 0 0 0 1 1 0 0 0 0 0 1 1 1 0 1 1 1 1 0 1 1 0 1 1 1 1 0 1 0 1 1 1 1 0 0 0 0 0 0 0 0 0 1 0 0 0 1 0 1 1 1 0 1 0 1 0 1 0 0 0 1 1 1 0 
1 1 1 1 1 1 1 1 1 1 1 0 1 1 0 1 0 1 1 0 1 1 0 1 1 0 1 0 0 0 0 1 1 1 1 0 1 0 1 0 1 1 0 1 0 0 0 0 1 1 0 1 0 1 0 1 1 1 1 1 1 0 1 0 1 0 0 0 
0 1 1 0 0 1 1 0 0 1 1 1 0 1 0 1 0 0 0 0 1 0 1 0 0 0 0 1 0 0 0 1 0 1 1 0 0 0 1 0 1 0 0 1 1 0 0 0 1 1 0 0 1 1 1 1 0 1 0 0 0 0 1 0 1 0 0 0 
0 1 0 1 1 0 1 1 1 1 1 0 0 1 0 1 0 1 0 0 1 1 1 1 1 0 1 1 1 1 1 1 1 1 1 0 0 0 1 1 1 0 1 0 1 1 1 0 1 0 0 0 1 1 1 0 0 0 1 1 1 0 0 0 0 1 1 0 
1 0 1 1 1 0 1 0 1 0 0 0 0 1 0 1 0 1 0 0 1 1 1 1 0 0 1 0 1 0 0 1 1 1 0 0 1 1 0 0 1 1 1 0 0 1 1 0 1 1 1 0 1 0 1 1 0 1 1 0 1 1 1 0 0 1 0 1 
0 1 1 1 0 0 1 0 0 1 0 1 0 1 1 1 0 1 0 0 0 1 0 1 0 1 0 0 0 0 1 0 1 1 0 1 1 1 1 1 0 0 0 1 1 0 0 1 1 1 0 1 0 0 0 1 0 0 1 0 1 1 1 0 0 1 0 1 
0 1 1 1 1 1 0 1 1 0 0 0 1 0 1 0 1 0 1 1 0 0 1 1 1 0 0 1 1 0 1 0 1 0 1 1 1 1 0 1 1 0 1 1 1 1 1 0 1 0 1 1 0 0 1 0 1 1 1 0 1 0 0 0 0 1 1 0 
0 1 1 0 0 0 1 1 1 0 1 0 0 0 0 0 0 1 0 1 0 0 0 1 0 0 1 1 0 1 1 0 0 0 0 0 0 1 1 0 1 0 0 1 0 0 0 1 1 0 0 1 0 0 0 1 1 0 0 1 1 1 1 1 1 0 0 1 
1 1 1 1 0 0 0 0 0 0 1 0 1 0 1 1 0 0 0 1 0 0 0 1 1 0 0 0 0 0 0 1 0 1 0 0 1 1 0 0 1 0 0 0 0 1 0 0 1 0 0 1 1 0 0 0 0 1 1 0 1 1 0 1 0 0 1 0 
1 0 0 1 0 0 1 0 1 1 0 1 0 0 0 1 1 1 1 1 0 0 0 1 1 0 1 0 0 0 0 0 0 0 1 0 0 0 0 1 0 1 0 0 1 1 1 0 0 0 0 0 1 0 1 0 0 0 0 0 1 0 0 1 0 1 0 0 
0 0 0 0 1 0 0 1 1 1 1 1 1 1 1 0 1 1 1 1 1 1 0 0 0 0 0 0 0 0 1 0 0 1 0 0 1 0 1 1 1 0 0 0 0 0 1 1 1 0 1 0 1 1 1 1 1 1 0 1 1 1 1 1 0 1 1 1 
1 0 0 0 1 1 1 1 1 0 0 0 0 1 0 1 0 1 1 0 0 1 1 1 0 1 1 0 0 0 1 0 1 0 0 0 1 1 1 0 1 1 0 1 1 0 1 1 0 0 1 0 1 1 0 1 0 1 1 0 1 0 0 0 0 1 0 1 
0 1 1 0 1 1 1 0 0 0 1 0 0 1 0 1 0 0 0 0 1 1 0 1 0 1 1 0 0 0 0 0 1 1 0 0 1 0 0 1 0 0 1 1 1 1 0 1 0 1 1 1 0 1 0 0 0 0 1 0 0 1 1 1 0 1 0 1 
1 0 0 0 0 1 1 1 1 1 0 1 0 1 0 1 1 1 1 1 1 0 0 1 1 1 0 0 0 0 1 0 1 0 0 1 1 1 1 0 0 1 1 1 1 0 0 0 1 1 1 0 0 1 1 1 0 1 1 1 0 1 1 1 1 1 0 0 
0 1 1 0 1 0 1 0 0 1 0 1 1 1 1 1 1 0 0 1 0 0 0 0 1 1 1 0 0 1 0 0 1 1 1 0 0 0 0 0 0 0 0 1 1 1 0 0 0 0 0 0 0 0 0 1 0 1 1 0 0 0 1 1 1 0 1 1 
0 1 0 0 1 0 1 1 1 1 1 1 0 1 1 0 0 1 0 0 0 1 0 1 1 1 0 1 1 0 0 0 1 0 0 1 0 0 0 0 1 1 1 1 1 1 0 1 0 0 1 1 1 1 0 1 1 0 0 0 0 0 0 0 1 1 1 1 
1 1 1 0 0 1 0 1 0 0 0 0 0 1 1 1 1 1 0 0 0 0 0 0 1 1 0 0 0 1 1 1 0 1 1 1 0 1 0 0 1 1 0 1 0 0 1 1 1 1 1 1 0 0 0 1 1 0 1 1 0 0 0 0 1 1 1 1 
1 0 1 0 1 0 0 1 0 1 1 1 0 0 1 0 0 1 1 1 1 0 0 1 1 0 0 0 0 1 0 1 1 1 1 0 1 1 0 1 0 1 1 1 1 0 1 0 1 1 1 0 1 0 0 0 0 0 1 0 1 1 1 1 0 1 1 0 
0 1 1 1 0 0 0 0 0 1 0 1 0 1 0 0 1 0 0 0 0 1 0 1 0 0 0 1 1 0 1 1 1 0 0 0 1 0 0 1 0 0 1 0 1 1 0 1 1 1 1 1 0 1 0 1 1 1 0 0 1 1 0 0 1 0 0 0 
1 0 0 1 0 1 1 0 0 0 1 1 1 0 0 1 1 0 0 1 1 0 1 0 1 1 1 1 0 1 1 1 0 1 0 0 0 1 0 0 1 1 1 0 1 1 0 1 0 0 0 1 1 1 0 0 1 1 1 1 0 1 0 0 0 0 1 1 
1 1 1 1 1 1 1 0 0 1 1 0 0 1 0 1 1 0 1 0 1 1 1 1 0 1 0 0 1 1 1 0 0 1 1 1 0 1 0 0 0 1 1 0 1 1 1 0 1 1 0 0 0 1 1 0 0 1 0 1 0 0 1 1 1 1 0 1 
0 0 1 0 0 0 1 1 1 0 1 0 1 1 0 1 0 0 1 0 1 0 1 0 0 0 1 1 1 1 0 1 0 1 0 0 0 1 1 1 1 0 0 1 1 0 0 1 0 0 1 0 0 0 0 0 0 1 1 0 0 1 1 0 0 1 0 0 
0 1 0 0 1 0 1 0 0 1 1 1 1 0 1 1 0 1 1 1 0 0 1 0 1 0 1 0 0 1 0 0 1 0 0 0 0 1 1 1 1 0 0 0 1 1 0 1 0 1 0 0 0 1 0 1 0 1 1 0 1 0 0 0 0 1 0 1 
0 1 0 1 0 0 0 1 1 0 0 1 1 1 1 1 0 1 1 0 1 0 0 0 0 1 0 1 0 0 0 0 0 0 0 0 0 0 1 1 0 1 0 1 0 1 1 1 0 0 1 1 0 0 1 1 1 1 0 1 0 0 1 0 0 1 0 0 
1 1 1 1 0 1 1 1 0 0 0 0 0 1 0 0 1 1 1 0 1 1 1 1 1 1 1 1 0 1 1 0 0 0 1 0 1 0 1 1 0 1 0 0 1 0 1 0 1 0 1 0 0 0 1 1 1 0 1 0 1 0 0 1 1 1 0 0 
0 1 0 0 1 0 1 0 0 0 0 1 0 1 0 0 0 1 0 1 0 1 1 1 1 1 1 0 1 1 1 1 0 1 1 1 1 0 1 1 0 0 0 1 1 0 1 1 0 1 1 0 0 0 1 0 0 0 0 1 1 1 0 0 0 1 1 1 
0 1 0 0 1 1 1 0 1 1 0 1 0 1 1 1 1 1 1 1 1 1 0 1 1 0 1 1 0 0 1 0 1 1 0 0 0 0 1 0 1 1 1 1 0 1 0 1 0 1 1 1 1 1 0 0 0 1 1 0 0 0 0 1 0 0 0 0 
0 1 0 1 0 0 1 0 1 1 1 1 1 0 0 0 0 1 0 0 0 1 0 0 0 0 0 0 0 0 0 1 1 1 0 1 1 1 1 0 1 0 1 0 1 1 0 1 0 0 1 1 1 1 1 1 1 1 1 1 1 0 0 0 1 1 1 0 
0 0 0 1 1 1 1 0 0 1 1 1 1 0 0 1 1 1 0 0 1 0 1 0 0 0 1 1 1 0 1 1 1 1 1 0 0 0 0 0 0 1 1 1 1 1 0 0 1 1 0 0 1 1 0 1 1 1 0 0 0 1 0 1 0 1 1 0 
1 1 0 1 0 0 1 1 1 1 1 0 0 1 0 1 0 1 0 0 0 0 0 0 1 0 1 1 1 0 1 1 1 0 0 1 0 1 0 1 1 1 0 1 0 0 1 1 1 1 1 0 0 1 0 1 0 0 1 1 0 0 0 0 0 1 1 0 
0 0 0 1 1 0 1 0 0 0 1 0 1 0 0 1 1 0 1 1 0 0 1 1 0 1 1 1 0 0 1 1 0 1 0 0 1 1 0 0 1 1 0 1 1 0 0 0 0 1 0 1 1 1 0 0 0 1 1 1 1 0 0 0 0 0 0 1 
0 0 1 1 1 1 0 0 1 1 0 0 0 0 1 0 1 1 0 0 0 1 1 1 1 1 1 1 1 1 1 1 1 0 1 0 0 1 0 1 0 1 1 1 1 0 1 1 1 1 1 1 0 0 1 1 1 0 1 0 0 0 0 1 0 1 0 0 
0 0 0 1 1 1 0 1 0 1 0 1 0 1 1 0 1 0 1 0 0 0 0 0 0 0 0 1 1 0 1 0 0 1 1 0 1 1 1 1 0 1 0 0 0 1 0 1 1 1 1 0 0 1 0 0 0 0 1 1 0 1 1 1 0 0 1 1 
1 0 0 1 1 1 1 1 0 1 0 0 1 1 0 1 0 0 1 0 1 1 0 1 0 1 0 0 0 1 0 1 1 0 1 0 1 0 1 0 0 1 0 1 0 0 0 1 0 1 1 1 0 1 1 0 1 1 1 1 1 1 0 0 1 1 1 1 
0 0 1 0 0 1 1 0 1 1 1 1 0 1 1 1 0 0 1 1 1 0 0 0 1 1 1 1 0 0 0 0 0 1 0 0 0 1 1 1 0 0 0 1 1 1 0 0 1 1 1 1 0 0 1 1 1 0 0 1 0 0 0 1 1 0 1 1 
