52 53 2090
23 57 42 31 63 88 55 56 51 94 66 22 59 4 53 17 70 12 25 41 31 72 58 11 36 2 56 93 6 5 75 28 62 68 10 76 55 65 31 5 58 96 78 69 51 30 37 72 41 61 12 24 32 
70 86 20 23 93 12 28 98 38 7 11 5 17 86 11 81 68 67 90 15 45 10 66 74 46 89 67 7 1 90 90 22 27 61 44 20 25 23 17 62 29 79 19 45 16 29 77 35 48 19 49 92 28 
66 17 74 55 83 32 55 24 73 28 51 86 71 70 10 45 38 71 25 68 41 22 35 70 98 69 17 68 17 60 96 83 76 21 37 11 4 43 86 28 22 88 13 44 9 22 88 98 45 12 65 85 33 
99 6 83 19 74 50 36 85 97 70 13 17 58 23 72 52 60 100 73 48 64 16 56 38 55 54 82 66 70 18 51 21 76 85 39 49 34 26 86 31 95 98 99 4 72 23 55 31 74 27 78 37 94 
86 74 48 91 7 66 60 25 16 32 100 100 71 100 85 48 85 15 95 82 66 98 5 88 53 36 13 31 65 49 77 2 23 24 92 81 89 4 5 56 35 56 55 57 8 40 5 44 6 99 78 23 48 
82 62 52 17 74 83 34 75 11 35 97 34 27 29 23 82 34 78 16 41 85 25 48 76 29 44 33 79 21 56 26 2 17 78 71 43 12 4 17 22 38 65 7 16 93 81 49 78 11 65 19 95 89 
18 70 69 61 2 47 33 9 24 35 78 53 5 20 16 60 88 37 49 52 96 17 96 76 65 74 86 29 44 32 69 61 53 37 74 55 35 6 15 11 92 92 63 48 63 79 7 50 67 56 53 62 24 
49 38 88 22 75 69 65 7 37 77 59 26 2 65 12 8 80 22 51 23 85 99 86 15 5 87 81 12 92 43 35 40 32 23 13 6 91 29 64 79 57 23 56 59 39 68 18 70 89 68 93 25 66 
30 39 23 68 72 34 59 14 21 98 97 43 62 54 85 90 18 15 47 92 71 57 30 90 74 100 30 41 44 55 59 73 45 81 92 16 66 51 81 86 100 77 28 62 31 64 3 48 79 1 91 1 57 
20 90 30 71 19 23 14 25 81 38 70 13 30 37 78 32 18 64 31 46 43 44 76 59 47 75 89 47 65 89 4 37 78 85 7 48 59 73 73 91 62 42 3 43 30 33 74 47 96 57 93 90 100 
20 100 98 47 88 45 11 76 100 99 5 36 58 53 95 30 25 85 43 18 88 86 99 72 11 46 19 19 90 8 19 61 8 16 7 95 12 70 23 63 68 27 99 25 31 93 6 7 77 49 76 16 86 
75 87 96 72 5 15 13 65 85 73 24 52 32 18 16 1 92 78 20 71 76 45 1 68 2 60 97 50 35 64 35 61 51 83 32 7 49 44 71 33 17 94 36 48 64 51 100 7 29 19 77 4 15 
30 24 17 89 20 66 75 83 53 36 85 87 67 92 35 63 14 19 31 60 54 78 23 5 29 29 33 47 58 88 62 87 11 30 27 82 95 1 17 99 36 1 85 55 44 71 17 10 89 99 69 43 76 
43 99 56 71 83 2 80 70 15 66 33 44 92 66 91 93 82 89 80 35 26 86 30 96 54 39 37 52 7 79 79 49 77 34 72 59 88 51 80 2 69 64 98 60 30 88 4 11 28 36 97 5 73 
27 1 27 17 37 30 24 67 9 24 95 94 47 5 81 50 36 35 18 100 32 29 29 19 85 91 98 20 88 3 44 66 3 70 82 91 52 57 9 12 33 55 5 79 59 38 80 94 72 97 93 55 78 
21 73 62 64 70 33 51 72 76 68 26 98 49 68 49 6 28 60 90 82 16 68 40 53 100 86 76 96 30 30 25 3 54 86 66 76 70 16 99 46 83 25 43 83 44 43 40 72 2 29 5 69 49 
97 22 48 82 49 95 11 79 20 13 84 57 78 59 27 45 58 24 79 34 18 14 29 60 53 52 13 34 57 81 34 53 54 81 86 3 27 48 33 98 13 16 7 42 75 85 87 84 8 17 17 25 30 
45 36 35 49 48 20 5 28 53 9 82 33 94 36 11 41 68 9 53 83 15 47 9 99 33 92 6 1 60 82 83 57 17 69 5 16 88 9 43 40 69 76 24 62 11 34 54 78 94 59 13 8 5 
21 6 89 13 63 41 72 96 23 80 64 43 84 79 30 44 74 21 12 49 44 73 12 30 79 41 23 89 53 31 93 74 88 33 38 3 73 61 98 48 41 14 90 24 92 72 68 17 92 79 18 88 4 
29 17 82 69 91 70 74 73 14 47 13 46 84 15 70 96 64 17 36 77 59 60 21 30 79 37 21 57 6 8 12 34 76 45 55 67 66 28 39 79 26 51 76 61 17 98 56 81 66 92 9 24 3 
81 53 81 70 26 89 75 33 53 61 61 97 15 27 63 94 17 93 19 20 69 79 88 18 34 20 83 77 29 7 79 61 11 11 30 36 52 57 21 56 17 81 52 31 59 66 76 27 59 94 98 79 72 
86 96 57 5 78 34 85 84 64 46 95 75 27 82 78 83 2 33 99 82 36 81 92 2 56 19 60 49 16 90 72 1 85 29 58 14 14 42 50 77 39 96 3 66 77 80 48 79 64 99 12 100 79 
4 53 87 74 12 87 89 53 11 42 37 39 51 50 52 44 99 80 83 94 83 48 71 14 47 1 78 97 12 29 28 67 81 14 40 44 52 81 96 62 74 84 52 24 33 3 19 84 83 1 29 17 100 
51 30 47 51 59 95 15 87 22 81 19 35 73 14 39 5 9 100 78 92 52 53 77 6 71 12 40 24 40 56 23 43 86 21 45 44 16 59 83 37 92 53 24 64 67 62 20 75 61 97 19 64 1 
47 70 23 58 9 46 49 65 69 43 2 89 88 97 4 46 31 93 89 84 16 4 50 77 23 76 89 71 46 53 71 44 74 46 53 82 91 54 98 11 96 51 52 83 100 55 81 30 99 69 65 14 73 
66 42 95 94 31 18 39 35 40 35 60 85 87 41 76 40 91 38 36 93 89 18 92 96 98 74 94 19 90 8 91 56 1 37 1 31 54 39 17 94 25 76 30 12 69 57 51 11 95 38 55 83 56 
99 78 5 24 72 75 13 31 65 20 31 54 20 14 59 11 30 4 35 58 34 46 78 90 49 40 84 86 94 67 93 92 96 98 15 67 72 28 49 89 99 80 94 19 93 52 29 74 56 63 83 89 61 
60 78 9 99 14 94 93 80 87 36 75 36 3 94 59 30 42 47 80 21 92 98 65 44 78 91 99 93 73 39 53 85 68 13 35 81 6 27 12 44 15 87 31 17 32 90 98 25 88 77 98 80 27 
62 23 4 4 73 96 77 63 100 61 30 12 95 11 70 74 22 65 40 60 96 56 43 85 5 68 72 81 65 3 59 78 77 63 82 1 10 58 63 10 70 93 73 16 3 42 41 76 7 32 36 2 87 
78 38 43 45 9 24 61 64 82 39 40 96 20 41 6 29 55 15 50 47 39 65 1 81 58 77 87 89 64 40 28 41 77 70 38 37 45 98 100 79 88 92 74 7 84 31 87 38 97 36 85 36 53 
37 16 62 13 54 50 76 45 29 69 21 99 58 9 95 7 61 73 95 52 99 53 87 29 40 76 26 75 12 61 79 49 76 40 61 81 90 89 25 70 57 97 20 66 5 15 72 65 39 66 68 37 19 
6 66 58 82 91 84 93 3 63 93 30 2 54 10 43 94 86 13 2 82 32 67 38 98 38 3 37 4 22 73 74 28 38 31 61 80 14 5 82 28 98 11 30 3 72 72 96 57 36 49 38 68 15 
28 65 4 30 53 59 3 26 32 82 15 14 94 95 28 99 28 55 96 91 36 50 62 8 97 19 43 45 8 62 11 35 79 66 16 31 25 71 8 56 52 23 70 46 69 49 96 48 55 43 38 91 92 
100 50 40 70 92 84 77 6 46 64 84 11 79 66 35 49 74 43 53 48 64 50 16 12 45 63 66 87 1 8 30 52 57 69 21 1 4 49 58 49 12 93 11 91 58 98 91 83 40 95 30 3 44 
97 66 88 60 83 26 12 91 7 15 99 75 35 51 30 83 8 78 95 100 41 37 58 38 79 40 29 74 22 83 17 18 48 57 29 30 34 92 72 41 6 23 67 40 73 97 75 81 26 21 80 66 57 
89 55 87 81 83 12 2 65 29 19 12 37 100 94 22 91 17 14 97 39 81 88 64 77 14 44 2 34 23 20 42 64 74 29 44 57 40 45 73 20 15 37 8 14 82 30 57 98 43 5 89 75 92 
52 51 6 47 5 91 21 76 33 84 49 13 27 57 52 23 30 24 38 66 31 3 47 12 59 96 7 63 36 81 7 87 84 64 85 40 54 6 15 86 89 15 98 16 24 2 38 53 25 27 70 7 30 
68 71 40 63 29 55 51 61 61 89 96 76 74 35 29 79 1 67 19 68 16 34 91 69 24 95 45 2 16 52 83 83 74 75 97 2 29 47 14 41 36 10 16 9 96 96 39 49 14 57 16 30 43 
58 98 18 4 43 19 19 46 54 53 71 28 49 24 56 48 37 48 83 46 15 43 94 10 33 42 24 89 9 5 31 66 54 100 21 96 19 39 93 24 91 63 51 91 86 58 38 75 5 72 20 19 66 
65 80 98 6 3 87 14 59 69 31 13 69 51 60 39 41 53 62 31 67 12 22 53 69 11 79 25 35 50 43 100 15 22 98 20 77 36 86 35 4 16 47 24 19 7 62 59 11 23 90 77 86 63 
81 54 25 59 30 59 9 72 59 23 94 8 94 22 43 79 56 98 95 55 22 65 13 83 23 23 58 12 51 43 26 32 49 3 42 78 61 2 2 71 24 47 78 70 68 20 48 75 70 94 81 91 58 
93 25 81 67 34 44 18 29 22 1 29 24 42 58 84 44 59 7 19 57 84 88 24 56 88 51 25 33 31 67 43 24 91 75 42 77 70 59 5 91 59 33 66 53 90 2 96 1 8 66 57 91 6 
33 46 45 83 22 77 65 88 71 40 79 45 82 55 15 92 11 57 51 43 23 3 84 24 50 84 31 15 93 21 72 25 19 16 59 40 45 75 28 15 15 58 60 48 64 26 39 74 82 89 68 4 43 
51 27 44 87 9 11 79 30 82 55 100 50 65 91 94 91 18 60 5 27 19 4 90 96 43 15 78 83 82 81 78 33 60 21 71 68 31 1 49 65 7 100 14 71 91 7 61 8 18 18 35 89 73 
76 84 15 91 61 50 72 94 27 56 5 99 26 72 30 26 73 46 32 72 59 54 62 17 67 22 34 36 8 22 8 83 6 75 25 18 76 49 63 54 4 67 52 82 91 33 7 63 78 91 86 36 96 
48 4 62 21 38 49 28 11 57 62 68 83 39 86 58 87 100 11 90 67 62 71 57 47 30 71 24 72 56 12 19 55 15 33 27 4 81 54 15 89 68 82 71 6 19 80 44 19 90 33 85 4 56 
93 50 37 63 25 60 70 88 78 77 55 62 3 58 43 9 72 83 28 6 54 33 24 85 28 94 75 60 30 30 67 22 31 55 36 55 66 58 95 44 34 49 5 36 6 99 96 30 82 23 87 87 7 
62 71 34 56 97 46 85 26 64 59 56 19 94 63 84 51 9 79 36 57 36 24 14 34 19 95 67 42 81 53 48 95 76 34 50 72 79 86 50 42 44 57 12 38 71 96 40 79 26 76 87 61 99 
1 47 17 47 65 10 28 70 10 22 45 43 23 68 73 8 69 14 52 78 26 41 48 73 80 79 50 7 65 11 5 17 9 74 64 73 35 43 42 44 16 38 38 90 58 62 97 26 76 100 3 53 40 
3 77 20 81 26 26 97 88 83 14 48 8 29 21 42 23 14 38 38 4 27 27 61 89 75 38 16 75 93 68 66 95 96 85 75 73 63 23 13 97 36 60 4 16 32 97 38 46 34 27 1 13 5 
61 1 32 50 16 6 42 35 71 36 30 8 62 54 22 85 66 70 72 26 73 40 57 21 77 54 7 56 54 19 60 66 19 91 16 34 48 9 20 71 45 49 78 58 54 51 42 20 20 66 97 44 5 
5 64 33 59 70 88 64 40 100 82 58 42 49 43 90 57 62 12 53 62 89 11 16 91 4 87 10 21 83 53 25 39 68 58 97 38 97 13 29 96 46 87 90 94 29 31 2 43 42 55 4 82 17 
0 1 1 0 0 0 0 0 0 1 1 1 1 0 0 1 1 1 0 1 0 1 1 0 1 1 1 1 1 0 1 1 1 0 0 1 0 0 1 1 1 1 0 1 1 0 0 0 0 1 1 0 0 
1 1 1 0 0 0 1 1 1 1 0 0 1 0 0 1 1 1 1 0 0 0 0 0 0 0 0 1 0 1 0 1 0 1 1 0 0 1 1 1 0 0 1 1 0 0 0 1 1 1 0 1 1 
0 0 0 0 0 1 0 1 1 1 1 1 1 0 1 0 1 0 0 1 0 1 1 0 1 1 1 1 1 1 0 1 1 0 1 1 0 0 1 1 1 0 0 0 0 1 0 0 0 0 1 0 1 
1 0 1 0 1 0 1 0 0 0 1 1 1 1 1 1 0 0 1 0 1 1 1 0 0 1 0 0 0 0 0 1 0 1 1 0 1 0 0 1 0 0 0 0 1 1 1 1 0 0 1 1 0 
0 1 0 1 0 0 0 0 0 1 1 1 1 1 0 1 1 0 0 1 0 0 0 0 1 1 0 0 1 1 0 1 0 0 1 0 0 1 1 1 0 0 0 1 1 1 1 0 1 1 0 1 1 
0 1 0 0 1 0 1 0 0 0 1 0 1 1 1 0 0 0 1 0 0 0 1 1 1 0 0 0 0 0 1 0 1 0 0 1 0 1 1 1 0 0 1 1 0 0 0 0 0 1 1 1 1 
0 0 1 0 1 1 0 1 1 1 0 1 1 1 1 1 1 0 1 1 0 0 1 0 0 0 1 1 1 0 1 1 0 0 0 1 1 0 0 0 1 1 1 1 0 1 0 1 1 1 1 1 1 
0 0 0 0 1 1 1 1 0 1 1 0 1 1 0 1 1 0 1 0 0 0 1 1 0 0 0 1 1 0 0 0 0 0 0 1 0 0 0 0 1 1 1 0 0 1 1 0 1 0 0 1 0 
1 0 0 0 1 1 1 1 0 1 1 0 0 0 0 0 0 1 1 1 0 1 0 1 0 0 0 1 0 0 1 0 0 0 0 1 1 1 0 1 1 1 0 1 1 0 1 1 1 0 1 1 1 
1 0 1 1 1 0 1 1 0 1 1 0 1 1 1 1 1 1 0 1 1 1 0 1 0 0 1 0 1 0 1 0 1 0 1 0 1 0 1 1 0 0 1 1 1 0 0 1 1 0 0 0 1 
0 0 1 0 1 1 1 1 0 1 0 1 0 0 0 1 1 1 1 0 0 0 1 0 1 0 0 1 0 0 1 1 0 0 1 1 0 1 1 0 0 1 1 1 0 1 0 1 0 1 1 0 1 
1 1 0 1 1 0 0 1 1 1 0 1 0 1 1 1 0 0 0 0 1 1 0 1 1 1 1 0 1 0 1 0 1 0 1 0 0 1 1 1 0 1 0 1 1 0 0 1 0 0 1 1 1 
1 0 0 1 0 0 0 0 0 0 1 0 1 1 0 1 0 1 1 0 1 0 1 1 1 0 1 1 0 1 1 1 1 1 0 1 0 0 1 0 0 0 0 0 1 0 1 0 1 0 0 0 1 
1 0 0 1 1 1 1 0 0 1 0 0 1 1 0 0 1 0 0 1 0 0 1 0 1 1 1 0 1 1 1 0 1 1 1 1 0 1 1 1 0 1 1 1 1 1 1 0 1 0 1 1 0 
0 1 0 1 0 0 0 1 1 0 1 0 0 0 0 1 1 1 1 1 0 0 0 1 0 0 0 0 1 1 0 0 0 0 1 0 0 0 0 1 0 1 1 0 1 0 1 0 1 0 1 0 1 
1 1 1 1 0 1 1 1 1 1 0 0 0 0 0 0 0 0 1 1 1 1 0 1 1 1 1 1 0 1 0 0 0 1 1 0 0 0 0 0 1 0 0 0 0 0 0 1 0 1 0 0 1 
1 1 0 0 0 1 0 1 0 0 0 1 0 0 0 0 0 0 0 0 0 0 1 0 0 0 1 0 0 1 1 1 0 1 1 1 0 0 0 0 0 0 0 0 1 0 1 1 0 1 0 0 1 
1 0 1 1 1 1 1 0 0 1 1 1 0 0 0 0 0 0 1 1 0 1 0 0 0 1 0 1 1 0 0 0 1 0 1 0 1 1 1 0 0 0 1 0 0 1 1 0 0 0 1 0 1 
1 1 0 1 1 1 0 0 0 1 1 0 0 1 1 1 0 1 1 0 1 0 0 0 1 1 0 1 0 1 0 0 0 0 1 1 0 1 1 0 0 0 0 1 0 1 0 0 1 0 1 0 0 
1 0 1 0 1 0 1 0 0 1 0 1 0 1 1 1 1 1 0 1 1 1 1 0 1 0 1 1 1 1 1 0 0 0 1 1 0 0 1 1 1 1 0 1 0 1 0 1 0 0 1 1 1 
0 1 1 0 1 0 1 0 0 0 0 0 1 1 1 1 0 0 0 1 0 1 0 1 1 1 1 0 0 0 1 1 1 0 1 0 1 1 1 1 1 1 1 0 1 0 1 1 0 1 1 0 0 
1 1 1 0 0 1 1 0 1 0 0 1 1 0 0 0 1 1 1 1 1 1 0 1 0 1 0 1 0 0 1 1 0 1 0 0 0 1 1 1 1 1 1 0 1 1 1 1 1 0 0 0 0 
0 1 0 1 1 0 0 0 1 1 0 0 1 0 1 0 1 0 1 0 1 0 0 1 1 1 0 1 1 0 1 1 1 0 0 1 0 0 1 1 0 1 0 1 1 1 0 1 1 1 1 1 1 
1 0 0 0 0 0 1 0 1 0 1 1 1 0 1 1 1 1 1 0 1 1 0 0 1 1 1 0 0 0 0 0 0 0 0 0 0 0 0 0 0 0 1 1 0 1 1 0 0 0 0 1 1 
0 1 0 1 0 1 0 1 1 0 1 1 0 0 0 0 0 0 1 0 1 0 1 0 1 1 0 0 1 1 1 0 0 0 1 1 1 1 0 0 1 1 1 0 1 1 0 0 1 1 0 1 0 
1 1 1 0 0 1 0 1 1 0 0 1 1 1 0 1 1 0 0 0 1 0 0 1 1 0 0 0 0 1 0 0 1 0 0 1 1 0 0 0 0 0 1 0 1 1 1 0 1 1 1 1 0 
1 0 1 1 0 1 1 0 0 1 1 0 0 0 1 0 0 0 1 1 1 1 0 1 0 1 0 1 0 1 1 1 1 0 0 0 0 1 0 0 1 1 0 1 1 1 1 1 1 0 0 1 1 
1 0 1 0 0 1 0 0 0 1 1 1 1 1 1 0 1 1 1 0 1 0 1 0 0 1 0 0 1 1 0 0 1 1 0 1 0 0 1 1 1 1 0 0 0 1 1 0 0 0 0 1 1 
0 1 1 1 1 1 0 0 1 1 1 1 1 1 1 0 0 0 1 1 0 0 0 1 1 0 1 1 0 0 0 0 0 1 1 1 1 0 0 0 1 1 1 0 0 1 0 1 1 0 0 0 0 
0 1 1 0 1 0 1 1 1 1 1 0 1 1 1 1 1 0 0 0 1 0 1 0 1 0 0 1 0 0 1 1 1 0 1 0 0 0 0 1 0 1 0 1 0 1 0 1 1 0 0 1 0 
1 1 1 1 1 0 1 1 1 0 1 1 0 1 0 0 1 1 0 1 1 1 1 1 1 1 0 1 1 1 0 0 1 1 1 0 0 0 0 1 1 1 1 1 0 1 1 0 0 0 1 0 1 
0 1 1 1 1 0 0 1 0 0 0 0 1 0 0 0 0 1 1 1 0 0 0 1 1 0 0 1 1 0 1 1 1 0 1 0 0 1 1 1 0 1 1 1 0 1 1 0 0 0 0 1 0 
0 0 0 0 0 1 1 0 0 0 1 0 1 0 1 1 1 0 1 1 1 0 1 0 0 1 0 0 1 1 1 1 0 1 1 0 0 0 1 1 1 0 1 0 0 0 1 0 0 0 1 1 1 
0 1 1 1 0 1 1 1 0 0 1 1 0 0 0 0 1 1 1 1 0 0 0 1 1 0 1 0 1 1 1 1 0 0 0 0 1 1 0 0 0 1 1 0 1 1 0 0 0 0 0 1 0 
0 0 1 0 1 1 1 0 0 0 1 0 0 1 0 0 1 0 0 1 1 0 0 1 0 1 1 0 1 0 0 1 0 0 1 0 1 0 0 0 0 1 0 0 1 0 0 0 0 0 1 0 0 
0 1 1 1 0 1 0 1 0 1 1 0 0 1 1 0 0 1 0 1 0 0 0 0 1 1 1 1 0 1 0 0 0 1 1 0 0 1 1 0 0 1 0 0 0 0 0 0 1 0 0 1 1 
0 0 0 1 1 1 0 0 1 0 0 0 0 0 1 1 0 1 0 1 0 0 1 0 1 0 1 1 0 1 0 0 1 0 0 0 0 0 0 1 0 0 0 0 0 1 0 0 0 0 1 0 0 
1 0 1 1 0 1 1 1 1 1 0 0 1 0 0 1 0 1 0 0 1 0 0 0 0 1 1 0 0 1 1 1 0 0 0 0 1 1 1 1 1 1 1 0 1 1 0 1 0 0 1 0 0 
1 0 1 0 1 1 1 1 0 0 1 1 1 1 0 0 0 1 1 1 0 0 0 1 0 1 0 0 0 0 0 1 0 1 0 0 1 1 1 1 1 0 0 0 1 1 1 1 0 0 0 1 0 
0 0 0 1 0 0 1 0 1 0 1 0 0 1 1 1 0 1 1 0 1 1 1 0 0 0 1 1 0 0 1 0 0 0 1 1 0 0 1 1 0 0 0 1 1 1 0 1 0 1 1 0 1 
0 0 1 0 1 0 0 1 0 0 0 0 1 1 0 1 0 0 0 1 0 1 0 1 1 0 0 1 1 0 0 0 0 1 0 0 0 1 1 0 1 1 0 1 0 0 0 1 0 0 0 0 1 
0 0 1 0 0 0 0 0 0 0 0 1 0 0 1 1 0 1 1 1 1 0 0 0 0 1 0 1 1 1 0 1 1 1 0 1 1 0 1 1 0 1 1 0 0 0 0 0 0 1 1 1 1 
1 1 1 0 0 0 1 1 1 1 0 0 1 1 0 1 0 1 1 1 0 1 1 1 1 1 1 0 1 0 1 0 0 1 1 0 1 0 1 0 1 1 1 0 0 1 1 0 0 0 1 1 0 
1 0 1 0 1 0 1 1 1 0 1 0 1 1 0 1 0 0 1 1 1 1 1 0 1 1 1 1 1 0 1 0 0 1 0 1 1 0 0 0 0 0 1 1 1 1 0 0 1 1 1 1 1 
1 1 0 0 0 1 1 0 1 1 0 0 0 1 1 0 0 1 0 0 0 1 1 1 1 1 1 1 1 0 0 0 1 0 0 0 1 0 0 0 1 1 0 1 0 1 1 0 1 1 0 1 0 
0 1 0 1 0 1 0 0 1 0 1 1 1 1 0 1 0 1 0 1 1 0 1 1 1 0 0 1 0 1 1 0 0 1 0 0 0 0 0 1 1 0 0 0 1 1 1 1 0 1 0 1 1 
0 0 1 0 0 0 0 0 1 1 0 1 1 1 1 1 1 1 0 1 1 0 1 0 1 0 0 1 1 0 0 1 0 1 1 1 1 1 1 1 0 1 0 1 0 1 1 0 0 1 1 0 0 
0 0 1 1 1 0 0 1 1 1 1 0 0 0 0 1 1 1 0 1 1 1 1 0 0 1 1 0 1 1 0 1 1 1 0 0 0 0 1 1 1 1 1 1 1 1 1 1 0 1 0 1 0 
1 0 1 1 1 1 0 0 1 1 1 0 0 0 0 0 1 1 0 0 1 1 0 0 0 1 1 1 1 0 0 0 0 1 1 1 0 1 1 1 1 1 1 1 1 0 1 0 1 1 1 0 1 
1 1 1 0 0 1 1 0 1 1 1 0 1 0 0 0 0 1 1 1 0 0 0 0 0 0 0 1 1 0 0 0 1 0 0 1 1 1 0 0 1 1 0 0 1 0 0 1 1 0 0 1 0 
0 0 0 1 0 0 0 0 0 1 0 0 1 1 1 1 1 1 0 0 1 0 0 1 0 1 0 0 0 0 1 0 0 1 1 0 1 0 0 0 1 0 0 0 0 0 1 1 1 1 0 1 1 
0 0 0 1 1 0 1 1 1 0 1 1 1 1 0 1 1 0 0 0 1 1 0 1 0 1 0 0 1 1 1 1 0 1 1 1 0 0 0 1 0 1 0 0 0 1 1 1 1 0 1 0 1 
