63 55 2398
78 49 33 71 2 100 94 86 76 11 63 78 4 86 47 3 51 69 70 19 42 62 42 41 21 14 67 47 73 58 71 2 58 4 72 11 3 18 96 79 80 58 8 84 95 55 86 45 75 8 16 68 21 57 9 
42 23 75 40 95 84 11 97 41 66 20 51 20 89 98 98 69 7 58 52 1 64 89 98 38 96 13 5 17 21 13 10 95 39 49 90 22 11 38 14 76 9 64 96 98 13 45 66 19 54 69 72 17 57 69 
54 53 33 11 21 5 75 30 100 14 30 41 87 93 78 1 20 86 64 15 35 29 12 100 47 65 20 18 34 77 38 87 81 22 49 1 27 24 82 26 37 11 66 23 55 95 75 75 32 91 41 67 19 52 18 
65 69 38 35 2 66 72 40 46 94 89 98 72 64 79 97 52 41 14 26 96 8 1 70 39 91 10 57 9 14 75 73 82 64 59 35 81 31 26 26 76 66 23 47 29 1 43 80 41 8 58 36 15 58 57 
5 48 67 14 8 80 40 80 13 3 91 99 83 21 24 60 48 42 34 94 22 86 88 54 78 95 11 66 61 68 22 17 67 88 30 74 19 69 5 31 23 95 29 57 67 5 68 14 46 1 7 19 86 46 72 
64 40 82 81 52 1 2 69 67 90 50 40 60 71 45 91 45 91 71 54 58 27 21 71 24 74 78 43 11 23 14 74 15 48 6 18 48 8 38 15 49 88 6 8 10 2 50 54 93 21 7 50 99 80 20 
23 53 49 65 63 24 30 89 38 77 94 7 25 1 45 91 49 32 48 9 93 50 58 46 42 30 5 43 29 84 62 51 36 63 67 98 86 96 38 75 25 32 81 1 84 25 91 85 8 90 93 100 39 2 46 
32 32 2 74 12 85 88 14 20 50 80 69 35 75 7 61 51 90 41 51 73 18 41 57 25 83 1 25 21 3 22 5 86 23 78 97 59 17 10 30 66 89 98 52 15 56 12 66 97 5 16 22 22 9 78 
46 43 31 22 63 33 95 19 70 69 49 66 27 65 27 56 83 67 6 86 33 13 98 98 62 54 66 83 75 26 12 20 68 42 94 82 26 88 1 95 9 1 12 87 65 38 43 99 4 100 85 37 64 82 86 
25 87 3 59 61 80 71 32 47 12 25 81 90 65 33 36 25 33 48 11 49 37 5 48 41 4 32 29 20 65 66 96 51 69 55 63 100 77 94 47 40 71 79 29 87 63 65 11 95 64 21 95 100 26 42 
92 81 25 20 52 41 38 48 43 58 54 5 57 30 99 55 69 21 33 50 7 95 66 17 41 29 89 88 28 14 29 20 47 6 91 98 46 28 97 89 37 2 93 94 83 43 48 52 63 33 53 69 79 18 37 
72 98 26 59 25 91 39 96 89 44 39 39 42 18 35 82 55 37 26 48 19 69 47 22 83 79 26 4 58 95 92 81 92 17 39 17 60 77 64 48 73 2 86 14 20 73 95 74 61 20 73 31 40 19 5 
23 98 30 26 7 25 17 87 16 86 25 84 97 53 100 96 25 1 82 38 72 6 32 97 66 4 69 96 43 88 52 65 37 82 42 43 58 11 81 25 48 5 61 96 9 60 91 34 12 72 71 84 29 55 32 
94 58 1 42 52 40 93 69 76 26 62 18 83 24 98 60 71 54 20 66 62 79 57 47 90 80 18 25 61 24 57 54 33 9 47 84 48 92 4 75 69 66 92 4 89 41 63 12 46 82 77 59 60 85 6 
1 17 75 78 77 50 86 82 82 46 81 17 93 72 73 67 92 38 10 95 26 2 57 37 99 90 66 9 1 2 66 54 18 40 31 46 41 68 28 22 13 8 91 57 31 63 75 22 52 36 17 29 89 25 18 
87 15 83 47 67 36 13 20 54 52 50 99 45 69 78 18 81 85 8 89 15 22 63 37 25 98 5 54 38 29 71 24 95 5 23 62 40 35 81 45 38 83 96 82 51 73 100 84 58 59 72 24 33 87 12 
57 36 16 10 74 45 80 49 91 36 71 52 76 5 85 72 95 19 67 76 21 92 75 4 1 86 28 24 18 66 36 74 1 51 84 26 47 15 75 90 51 97 41 78 54 77 1 48 95 68 23 16 59 50 71 
59 35 50 34 4 15 69 77 68 72 12 93 70 27 67 59 29 16 100 58 69 28 58 16 75 77 90 90 35 91 12 45 77 62 79 80 28 99 9 95 70 20 88 40 98 6 98 26 21 49 35 89 29 93 56 
3 69 98 44 56 40 55 100 17 68 30 48 48 81 56 42 50 76 81 41 25 87 91 51 59 91 37 48 19 29 55 73 50 4 16 5 44 23 56 60 42 86 59 89 18 15 83 67 42 63 60 66 49 2 68 
8 92 5 7 63 85 13 35 34 17 51 90 60 25 46 71 66 83 29 7 100 95 89 18 36 3 77 54 52 78 73 11 22 29 69 84 14 33 18 99 49 20 89 60 96 34 30 14 16 59 20 67 53 60 84 
41 62 61 46 65 90 18 27 11 47 47 46 12 80 64 62 28 35 50 88 31 35 69 44 2 27 15 68 32 74 52 72 87 64 17 52 5 86 30 68 84 77 13 95 56 76 57 35 63 58 74 93 93 43 88 
94 69 2 14 52 27 65 75 13 80 91 16 84 77 98 51 60 74 64 7 81 91 15 15 5 72 89 97 16 83 36 62 3 37 75 55 63 39 29 28 18 72 95 53 48 92 4 59 65 19 17 45 61 83 12 
66 55 52 14 22 34 50 83 36 86 57 90 1 95 19 80 64 90 74 69 89 66 24 99 82 42 68 79 54 50 42 19 56 93 33 78 26 34 60 61 19 17 3 71 63 73 50 79 62 76 47 2 41 22 52 
74 63 19 4 68 21 45 87 76 37 71 5 62 4 65 75 74 33 77 45 47 49 46 25 62 21 23 15 13 44 66 39 58 37 42 26 9 87 64 36 75 86 41 37 41 57 63 66 89 91 62 35 39 8 12 
52 80 34 66 93 30 83 83 39 71 24 64 79 62 79 15 37 16 7 25 56 63 87 22 51 77 83 37 67 42 100 18 22 34 35 66 15 17 48 53 40 23 69 18 85 47 84 21 15 90 97 70 4 83 43 
54 11 78 43 77 71 42 46 92 27 80 9 41 48 8 46 87 83 14 57 67 12 40 39 26 82 35 48 85 69 42 91 79 19 85 7 42 26 52 85 5 83 94 97 30 53 42 69 35 55 25 53 19 16 43 
44 97 77 43 34 97 85 24 27 55 8 33 96 85 36 81 89 70 26 86 52 78 79 20 65 86 96 17 4 11 60 47 60 88 42 93 37 26 68 63 80 27 48 28 11 35 60 52 5 85 89 56 14 67 75 
30 52 22 47 55 32 58 54 91 97 95 35 33 72 2 48 3 80 47 30 91 81 89 94 37 25 82 92 39 100 18 68 4 39 66 10 23 75 63 13 72 9 100 56 32 1 55 35 33 1 64 23 82 5 68 
70 29 1 62 19 100 31 39 55 22 4 65 44 31 79 8 2 88 7 9 71 60 64 5 92 64 21 66 97 25 85 67 5 85 80 24 36 62 14 91 83 69 55 78 99 33 86 52 72 44 61 43 55 24 47 
98 87 19 63 36 43 99 54 48 83 33 23 19 46 36 61 29 4 15 58 3 99 95 54 23 39 66 65 45 89 63 43 28 82 57 15 76 56 68 75 90 52 97 8 97 84 20 77 88 34 35 42 85 29 47 
7 19 13 23 64 53 37 58 32 18 14 46 46 21 13 20 11 64 17 70 61 100 90 37 39 75 23 80 59 52 79 65 22 43 39 37 95 76 94 27 45 8 24 90 28 37 10 38 52 78 8 12 77 49 1 
68 23 75 99 82 26 77 98 100 19 37 36 66 64 30 44 8 89 67 98 68 55 59 6 7 36 65 70 64 13 22 31 87 97 30 68 74 6 18 73 77 6 61 94 69 90 89 76 30 7 25 97 62 83 54 
20 18 70 89 82 34 63 12 21 59 41 40 84 99 57 57 27 62 17 72 30 58 60 58 87 18 82 35 79 65 89 50 82 58 91 15 92 53 79 64 63 19 3 46 69 60 54 47 73 22 18 3 79 29 12 
17 47 93 52 77 9 92 27 43 1 17 57 92 21 35 55 83 6 58 80 26 69 34 73 41 55 90 95 86 71 6 54 17 99 57 93 7 48 19 49 49 87 58 92 59 92 99 93 49 56 73 75 76 6 47 
16 12 88 63 97 58 68 51 74 66 7 19 25 7 89 25 55 76 82 98 86 26 96 79 74 3 3 100 78 8 98 46 71 86 8 20 95 75 22 21 93 80 39 69 86 79 93 92 6 27 90 92 52 85 70 
77 88 24 77 17 31 74 62 53 11 21 72 58 96 93 78 40 73 68 8 10 46 52 2 52 30 43 95 81 27 16 10 66 39 38 35 21 63 96 73 26 17 97 83 64 89 12 3 13 31 62 75 28 65 28 
79 95 70 25 27 48 40 36 66 78 25 100 98 88 47 23 13 15 19 47 78 59 10 32 24 40 45 98 67 10 25 98 4 46 22 30 45 62 18 10 91 42 61 89 81 8 11 45 22 81 91 52 39 100 83 
62 91 28 11 58 89 87 7 92 84 80 73 29 93 90 38 84 32 51 24 12 58 86 57 31 66 99 82 4 51 65 18 41 44 80 50 32 67 8 75 50 88 47 78 80 37 68 63 20 18 86 31 27 71 39 
57 88 90 39 44 40 55 13 32 98 92 82 81 58 89 55 60 28 1 37 8 89 56 70 8 25 8 91 3 30 29 60 18 70 50 61 9 4 73 93 53 64 26 85 74 66 39 33 94 91 21 1 80 29 70 
87 53 29 77 56 59 58 67 76 27 16 88 88 71 12 80 23 27 5 7 100 22 97 84 15 39 5 15 18 33 37 57 37 65 33 92 23 90 58 50 69 25 37 56 95 100 87 69 27 43 27 26 64 23 62 
79 14 66 45 31 50 81 87 86 98 72 30 72 13 39 74 81 64 10 88 58 62 26 27 88 68 5 65 32 80 26 62 93 91 6 23 92 39 62 78 88 33 7 59 97 45 32 78 60 94 17 18 55 43 96 
94 62 52 58 45 31 84 6 23 26 64 98 18 54 59 47 41 43 5 51 39 49 35 68 61 80 85 30 86 79 77 79 40 28 36 85 59 71 42 33 97 5 30 66 10 40 12 50 34 16 53 73 16 87 92 
76 66 28 5 51 6 81 29 98 61 16 34 19 87 75 3 35 32 33 100 41 24 63 43 58 30 95 82 45 81 73 73 46 53 77 48 10 10 28 59 22 43 92 40 81 67 94 67 50 26 18 90 2 80 32 
59 9 26 40 6 58 64 78 55 68 6 2 78 67 81 36 88 76 80 79 56 98 73 75 47 98 92 88 99 72 20 9 32 97 100 37 7 16 66 61 83 72 15 12 38 95 100 26 70 79 4 78 28 28 52 
74 78 43 61 28 66 32 37 50 81 88 38 87 3 4 99 38 75 13 1 64 8 100 89 29 30 45 6 57 72 57 82 49 52 95 77 69 78 65 18 10 52 8 96 55 11 95 44 37 59 44 100 66 44 41 
95 25 85 52 34 8 61 67 9 12 61 37 32 91 1 2 100 52 9 48 58 19 94 1 55 52 45 54 70 40 94 64 16 30 67 49 90 27 16 98 38 28 34 70 18 34 71 18 37 31 17 47 49 10 47 
55 61 43 60 30 34 54 45 50 35 12 50 24 38 17 73 28 45 6 49 62 91 71 31 28 1 47 74 1 8 72 55 69 15 14 50 100 19 47 49 6 58 51 29 47 67 2 26 11 59 74 25 50 96 7 
29 96 6 2 48 13 25 2 33 91 68 83 91 86 81 91 91 90 41 72 36 8 73 14 70 31 87 94 32 35 53 60 82 58 13 30 22 38 31 55 28 98 89 18 36 69 61 26 58 1 97 45 60 21 58 
30 4 97 75 87 31 27 47 12 36 59 41 58 48 24 12 76 73 100 45 8 20 5 86 77 58 34 73 17 7 31 46 10 27 21 96 9 99 94 20 35 53 13 92 100 88 55 27 60 6 24 20 25 28 5 
53 85 38 25 54 44 7 99 5 33 71 53 41 22 46 13 56 50 77 99 2 64 53 28 23 58 51 42 34 31 98 86 67 88 62 20 83 69 71 88 53 41 40 46 62 37 58 69 87 86 67 88 49 71 67 
71 28 70 65 13 100 14 98 18 1 12 38 84 32 8 23 84 100 62 81 14 50 90 82 88 75 1 27 23 71 94 46 51 15 10 63 66 23 13 83 24 24 20 59 55 79 81 90 31 94 71 44 43 60 77 
31 35 77 9 57 100 2 2 50 68 63 12 33 38 24 16 13 99 87 71 53 18 3 95 48 96 65 91 90 76 19 72 10 96 81 19 47 82 72 96 2 87 59 34 24 83 1 36 33 88 58 38 57 60 32 
4 55 48 46 44 23 64 68 85 11 48 3 9 81 26 4 82 12 63 16 35 97 16 22 29 55 79 66 11 90 49 66 96 96 63 92 19 79 59 55 89 6 9 50 86 34 53 68 46 67 35 32 15 2 54 
44 57 84 61 19 26 10 37 21 57 99 12 27 77 70 81 18 75 89 67 61 75 71 80 20 38 14 3 52 15 8 47 23 92 60 94 17 21 30 37 77 80 1 56 9 70 88 78 45 77 44 57 51 66 36 
22 55 49 24 59 15 32 5 38 75 16 31 43 36 12 31 65 43 31 72 51 1 59 28 97 87 23 53 37 89 40 10 43 88 34 1 2 17 58 91 43 73 73 37 61 84 67 77 27 50 100 77 2 58 57 
98 45 79 2 33 67 41 43 62 80 28 14 33 96 71 24 90 96 96 26 8 32 92 36 58 93 35 86 94 44 94 43 88 73 44 73 91 36 67 4 15 94 18 100 41 40 23 30 87 70 55 94 1 98 81 
10 91 67 48 84 11 41 27 50 65 22 74 56 58 40 59 24 33 28 23 25 68 97 54 54 19 60 100 71 58 32 81 48 99 80 31 61 72 9 10 37 31 36 92 40 75 2 63 60 30 38 84 49 34 38 
54 52 97 53 23 6 37 55 53 35 86 36 47 57 44 8 93 26 43 36 65 18 38 80 77 19 17 60 19 2 49 72 6 98 77 80 3 13 86 56 99 71 43 45 27 38 52 20 64 95 7 80 12 96 11 
40 14 79 99 32 81 100 56 38 97 32 17 99 44 54 6 94 24 48 38 50 38 89 21 1 35 80 32 98 75 43 37 89 73 36 72 5 87 79 42 83 10 10 33 5 63 91 98 38 90 87 40 27 76 12 
79 10 91 11 8 66 5 96 6 29 83 29 34 69 8 27 51 69 89 36 26 51 26 75 41 15 62 80 94 37 43 72 98 34 34 57 51 90 53 56 19 35 36 4 56 43 30 6 64 18 41 89 21 18 63 
61 85 24 92 78 12 34 49 62 19 35 70 69 24 74 24 94 61 60 97 16 54 27 21 69 44 14 57 16 83 72 28 67 47 19 96 11 5 97 72 23 31 41 92 6 67 15 100 27 26 96 42 32 74 14 
100 70 79 57 85 62 80 13 80 26 31 76 36 87 72 59 10 54 52 1 59 18 67 58 44 93 6 37 24 79 50 23 48 29 31 33 42 62 97 21 88 79 48 75 66 19 86 75 72 37 75 83 6 41 40 
1 85 45 37 60 76 38 35 23 66 65 7 59 27 3 32 66 82 79 92 47 50 77 21 21 13 47 55 70 39 95 70 24 91 6 83 66 44 17 41 61 34 47 72 12 50 3 29 83 81 20 29 30 49 1 
0 0 0 0 0 0 0 1 1 1 1 0 0 0 0 0 0 1 1 1 0 0 1 0 0 0 0 0 1 0 0 1 0 0 0 0 0 0 0 0 1 1 0 0 1 0 0 1 0 1 1 0 1 0 1 
1 0 1 1 0 1 1 1 1 1 1 0 0 0 0 0 1 1 0 1 0 0 0 1 0 1 0 1 1 1 0 0 1 1 0 1 0 1 1 1 1 0 1 1 0 1 1 0 0 1 1 0 1 1 0 
0 1 0 1 0 1 1 0 1 0 0 0 0 0 1 1 1 0 1 0 0 0 1 0 1 0 0 1 1 1 1 1 0 0 0 0 1 1 1 0 1 1 1 1 1 0 1 0 0 0 0 1 0 1 1 
1 1 1 1 1 1 0 0 1 0 1 0 0 0 1 0 0 0 1 1 0 0 0 0 0 0 1 1 1 0 1 0 0 0 1 1 1 0 1 1 0 0 1 0 1 0 1 1 0 0 0 0 0 1 1 
1 1 0 0 0 0 1 1 0 0 0 1 1 0 1 0 1 1 1 1 0 1 0 1 0 1 0 0 1 1 1 0 0 1 1 1 0 0 0 0 0 0 0 0 1 1 0 0 0 0 1 1 1 0 0 
1 1 0 0 0 1 1 1 0 1 0 1 1 0 1 1 1 1 1 1 0 0 1 0 1 1 0 0 1 0 0 0 1 1 0 1 0 0 0 0 1 0 1 0 1 0 1 0 0 1 1 0 1 0 1 
0 0 1 0 1 1 1 1 0 0 0 1 0 0 0 1 1 0 0 1 1 1 0 1 1 1 0 1 1 1 0 1 1 1 0 0 0 1 1 0 1 1 0 1 1 0 0 0 0 1 1 0 0 0 1 
1 1 0 0 0 1 1 0 0 0 0 0 1 1 1 1 0 1 1 1 0 1 0 1 0 1 0 0 1 0 1 0 0 1 0 0 0 1 0 0 0 0 0 1 1 0 0 1 1 0 1 1 1 1 0 
1 0 1 1 1 1 1 1 1 0 1 0 1 1 0 1 1 1 0 0 0 0 0 0 1 0 1 0 0 0 1 1 0 0 1 1 1 0 0 1 0 1 1 1 0 1 1 1 0 1 1 1 1 0 1 
0 0 0 0 0 0 1 0 0 1 1 1 1 1 1 0 1 0 1 1 1 0 0 0 1 1 0 0 0 0 1 0 0 1 0 1 1 0 1 1 1 0 0 0 1 1 0 0 1 1 1 0 0 1 1 
1 0 1 1 0 1 0 0 1 1 1 0 0 1 1 1 0 1 1 1 0 0 1 1 1 1 0 0 1 0 1 0 0 0 1 1 1 1 1 0 0 0 1 0 1 0 1 0 0 0 1 0 0 0 1 
1 1 0 1 0 0 0 0 0 0 1 1 1 0 1 0 0 1 1 0 1 1 1 1 1 1 0 0 1 0 1 1 0 1 0 0 1 1 1 0 1 0 1 1 1 0 1 1 0 0 0 1 1 1 0 
1 1 0 1 0 0 0 1 0 0 0 1 1 1 0 1 0 0 1 1 1 1 0 1 1 0 1 0 0 0 0 1 1 0 0 0 1 0 1 1 0 1 0 0 0 0 1 1 1 0 0 0 0 1 1 
1 1 0 0 1 1 0 0 0 1 0 0 0 1 0 1 1 1 0 1 0 0 1 1 1 1 1 0 1 0 1 1 0 0 1 1 1 1 0 1 0 0 0 0 1 0 0 1 1 0 0 1 0 1 0 
0 1 0 0 0 0 1 1 0 1 0 0 0 0 0 0 0 0 0 1 0 0 1 1 1 1 1 1 1 1 1 1 0 1 1 0 0 1 0 0 0 0 0 1 0 0 1 1 1 1 0 1 1 1 0 
0 0 1 1 1 0 1 1 0 0 0 1 0 1 1 1 0 1 1 1 0 0 0 1 1 1 1 0 0 0 0 0 0 1 0 1 0 1 0 0 1 1 1 0 0 0 1 0 0 0 1 0 0 1 1 
1 0 0 1 0 0 1 1 0 1 1 1 1 0 0 1 1 1 1 1 1 1 0 0 1 1 1 1 1 1 0 1 1 0 0 0 0 0 1 0 1 0 0 0 0 0 1 1 1 0 1 0 0 1 0 
1 0 0 1 0 1 1 1 0 0 1 0 0 1 1 1 0 1 1 0 1 1 0 1 0 0 0 0 0 1 1 0 0 1 1 0 0 0 1 0 0 0 1 1 0 0 0 0 0 1 1 1 0 1 0 
0 1 0 0 0 0 1 0 0 0 1 0 0 1 1 1 0 1 0 1 1 0 1 0 0 0 1 0 0 0 0 0 1 1 0 1 1 0 1 1 0 0 1 1 0 0 0 0 1 0 1 1 0 0 1 
1 0 0 1 0 0 1 0 1 0 0 1 1 0 0 0 1 1 1 0 1 1 0 1 1 0 0 0 0 0 1 1 0 1 0 0 1 0 0 0 0 0 1 0 1 0 0 0 1 0 0 0 1 0 1 
0 0 1 0 0 1 1 0 1 0 0 1 1 0 1 0 1 1 1 1 0 1 1 0 0 1 0 0 1 0 1 1 0 0 0 1 1 1 1 0 0 1 1 1 0 0 1 1 0 1 0 0 0 1 1 
1 1 1 1 0 0 1 1 0 1 1 1 1 1 0 1 1 0 1 0 0 1 0 1 1 1 1 0 1 0 1 0 1 0 0 1 0 1 1 1 0 0 0 1 1 1 1 0 1 0 1 1 1 1 0 
1 0 1 1 1 1 0 0 1 0 0 0 1 1 1 0 1 0 0 1 1 1 0 0 0 0 1 1 1 0 1 0 0 0 1 1 0 1 1 1 0 1 1 1 0 1 1 0 1 1 1 0 1 1 0 
1 1 1 1 0 1 0 1 1 1 0 1 1 0 0 0 0 0 1 1 0 0 0 0 1 1 1 0 0 0 0 0 1 0 1 0 1 1 1 1 0 1 0 1 1 0 1 1 0 1 0 1 1 0 1 
1 0 1 1 0 1 1 0 1 1 1 1 1 1 0 0 1 1 0 1 1 0 0 0 1 1 1 0 1 1 1 0 1 0 1 0 0 0 0 1 0 0 0 1 1 0 1 0 1 1 1 0 1 0 1 
0 1 0 0 0 1 0 0 1 0 1 1 0 0 1 1 0 1 1 1 0 1 0 1 1 1 0 1 0 0 0 1 0 0 1 0 0 1 1 1 0 0 0 0 0 1 0 0 1 1 1 1 1 1 0 
0 0 1 1 1 1 0 0 1 0 1 0 0 1 1 1 1 1 1 1 0 1 1 0 0 1 0 1 0 1 0 0 0 1 1 1 0 1 1 0 0 0 0 0 1 1 0 0 0 1 0 0 0 1 1 
0 0 1 0 0 0 0 0 0 1 0 1 1 1 0 1 1 1 1 0 0 0 0 1 1 1 1 1 0 0 0 0 1 1 0 1 0 0 0 0 1 0 0 1 1 0 0 1 1 0 1 0 0 1 1 
1 0 0 1 0 0 1 1 1 1 1 1 1 0 1 1 1 1 1 0 0 0 1 1 1 1 0 1 1 1 0 1 0 0 0 0 1 1 1 0 0 1 1 1 1 0 1 0 1 0 1 0 0 0 1 
0 1 0 1 0 1 0 1 1 0 1 0 1 1 1 0 1 0 1 1 1 0 0 0 1 0 1 1 1 1 1 1 0 1 0 0 0 0 0 0 1 1 0 0 0 1 0 0 0 0 1 1 0 1 1 
1 1 0 1 0 1 0 1 1 1 0 0 1 0 0 1 1 1 1 0 0 1 0 0 1 0 1 0 0 0 0 0 1 0 1 0 0 1 1 1 0 1 1 1 0 1 1 1 1 0 1 1 1 0 1 
0 0 0 1 1 0 1 1 1 1 0 1 1 1 1 1 1 0 0 0 0 0 1 0 1 0 1 0 1 1 1 0 0 1 1 1 1 0 0 0 1 0 0 1 1 1 0 0 1 0 0 0 0 0 0 
1 0 1 1 1 1 0 1 1 1 0 0 0 0 0 1 0 0 1 1 1 0 1 1 1 1 1 1 0 1 1 1 1 1 1 1 0 1 0 1 1 1 1 1 1 1 0 1 1 1 0 0 1 1 1 
1 1 0 0 1 0 0 0 1 1 1 0 1 1 1 0 0 0 1 1 1 0 0 1 1 1 1 1 1 1 0 0 0 0 0 1 0 0 1 0 1 1 0 0 0 1 0 0 1 1 1 1 1 1 0 
0 1 1 1 0 0 1 0 0 0 0 1 0 1 1 0 0 0 1 1 0 0 1 0 0 1 1 1 0 1 1 1 0 0 0 0 1 0 0 1 0 0 1 0 1 0 1 0 0 0 1 0 0 0 0 
0 1 1 1 0 0 0 1 0 1 1 0 0 1 0 1 1 1 0 0 0 0 1 0 0 1 1 0 1 0 0 0 1 0 1 1 0 0 0 1 1 0 1 1 1 0 0 1 1 1 1 1 1 0 0 
0 1 1 0 0 1 1 0 1 1 0 0 1 0 1 0 1 1 0 0 0 0 0 1 1 1 0 0 1 0 0 1 1 0 1 0 1 0 0 0 1 0 1 1 0 0 1 1 1 1 1 1 1 0 1 
0 1 1 1 0 0 1 1 1 1 1 1 1 1 0 1 1 0 0 0 1 0 1 0 1 1 0 1 0 0 0 1 1 1 0 0 1 1 1 1 1 0 0 0 0 0 1 1 1 0 1 0 0 0 0 
0 1 0 1 0 0 1 1 0 0 1 0 0 0 1 1 1 0 1 1 0 0 1 1 1 1 0 1 1 0 1 1 0 0 0 0 0 1 1 0 0 0 0 0 0 0 1 0 0 0 1 0 0 0 1 
1 1 1 0 1 1 0 0 1 0 1 1 0 0 0 1 0 0 1 0 1 1 1 1 1 0 0 1 0 1 0 0 0 1 0 1 1 0 0 0 0 1 0 1 1 0 0 0 1 1 0 0 1 0 1 
0 0 1 0 0 0 0 0 1 0 1 0 1 1 0 1 0 1 1 1 1 0 1 1 1 0 1 1 1 1 0 0 1 1 0 0 0 0 0 1 0 1 1 1 1 0 1 1 1 0 0 0 0 1 1 
1 1 1 0 1 0 0 1 0 0 1 0 0 1 0 1 0 0 0 1 1 0 0 0 0 1 0 0 1 1 0 1 0 1 1 1 1 0 0 1 0 1 1 0 1 0 1 1 0 1 0 1 0 1 1 
0 0 1 0 1 0 0 0 0 1 0 0 1 0 0 0 0 0 0 0 1 0 1 0 0 0 0 1 0 1 0 0 1 1 1 1 1 1 1 1 1 1 1 0 1 0 0 1 0 0 1 1 0 0 1 
0 1 1 1 1 1 1 0 0 0 1 1 1 0 1 1 1 0 0 1 0 0 0 1 0 0 1 1 1 1 0 1 0 0 1 0 1 0 0 1 1 1 1 0 1 0 1 1 0 0 0 0 0 0 0 
1 1 1 0 0 0 1 1 1 1 0 1 0 1 1 1 0 0 0 0 1 0 0 0 1 0 1 1 0 1 1 1 0 0 0 0 1 1 0 0 0 0 1 0 1 0 1 1 0 0 0 1 0 0 0 
1 0 1 1 0 0 0 0 1 1 0 1 0 1 1 0 1 0 1 1 1 1 0 1 1 0 1 0 1 1 0 0 1 1 1 1 0 0 1 1 1 1 0 1 0 0 1 1 0 0 0 1 1 1 0 
0 1 1 0 0 0 1 1 1 0 0 1 0 0 0 1 1 0 0 0 0 0 1 0 0 1 0 1 0 1 0 0 1 1 1 1 0 0 0 1 0 1 0 1 1 1 0 1 1 0 1 1 0 1 1 
0 0 0 0 1 1 0 1 0 1 0 0 1 0 0 1 1 1 1 0 1 0 0 0 1 1 1 1 1 0 0 0 1 0 0 0 0 0 1 0 1 0 0 1 0 1 0 1 0 1 1 1 0 0 1 
1 1 1 0 0 1 1 0 0 1 0 0 1 0 0 0 0 0 0 1 0 1 1 0 0 0 1 1 0 1 1 0 0 0 0 1 1 1 1 0 1 0 0 0 0 0 0 0 0 1 1 1 0 0 1 
0 1 0 0 1 0 1 1 0 1 0 1 0 1 1 0 0 1 1 1 1 1 1 0 0 0 1 1 1 0 0 1 1 0 1 0 0 0 0 1 1 0 0 0 1 1 0 0 0 1 1 0 1 0 0 
1 1 1 0 0 1 0 1 0 0 1 1 1 1 1 0 1 1 0 1 0 0 1 0 0 1 1 0 0 0 0 1 1 0 1 1 1 1 0 0 1 1 1 0 1 0 0 0 1 1 1 1 1 0 0 
1 1 1 0 1 1 0 0 0 0 1 1 0 0 0 0 0 1 1 0 0 1 1 0 0 0 1 1 1 0 1 0 1 1 0 1 0 1 1 1 1 1 0 1 1 0 1 1 0 0 0 0 1 1 1 
1 1 0 1 0 0 0 0 0 1 1 1 0 0 0 1 1 1 1 1 1 0 0 0 0 1 0 0 0 1 1 0 0 0 1 0 0 1 1 0 1 0 1 1 0 0 0 1 1 1 0 0 1 1 1 
1 0 1 0 0 1 1 0 1 1 1 0 0 1 1 0 0 1 0 1 1 0 1 0 1 0 1 0 0 0 1 1 0 0 1 0 1 1 1 1 0 0 1 0 1 0 1 1 1 1 0 0 1 1 0 
0 0 1 0 0 1 1 1 1 0 1 0 1 0 1 0 0 1 1 1 1 1 0 0 0 1 1 0 0 0 1 0 0 0 1 0 0 0 0 1 0 1 1 0 1 0 0 1 0 0 0 1 1 0 1 
0 1 0 0 1 1 1 0 1 0 1 0 0 1 0 1 0 1 1 0 0 1 0 1 1 0 0 0 0 0 0 0 0 0 0 1 1 0 1 1 0 0 1 0 0 1 1 0 0 0 0 0 0 0 1 
1 1 1 0 1 0 0 1 0 0 1 1 0 1 1 1 1 1 0 1 1 1 1 1 1 1 1 1 1 0 0 1 1 0 1 0 0 1 1 0 1 0 1 1 0 0 0 1 0 0 1 1 1 0 1 
0 1 0 1 1 0 0 0 1 0 1 1 0 0 0 0 1 1 1 1 1 0 1 0 0 0 1 1 1 1 0 0 1 1 1 0 1 1 0 1 1 1 0 1 1 1 1 0 0 1 1 1 1 1 1 
1 1 1 0 0 0 1 0 1 0 0 1 1 1 1 0 1 0 1 0 1 0 0 0 0 1 1 1 0 0 0 1 1 1 1 0 0 0 0 1 0 0 1 0 0 0 0 1 1 1 1 0 1 1 0 
1 0 0 0 0 0 1 1 0 0 1 0 0 1 0 0 0 1 1 0 1 1 0 0 0 0 1 1 1 1 1 1 1 1 1 0 0 0 1 0 1 0 0 1 0 0 1 0 1 0 0 0 0 0 0 
0 0 0 1 0 1 1 1 0 0 0 0 0 1 0 0 0 0 0 1 0 1 1 0 0 1 0 1 1 1 1 0 1 1 1 1 0 0 0 1 1 1 1 1 0 1 0 0 0 0 1 0 1 0 1 
0 0 1 1 1 0 0 1 0 0 1 1 0 1 0 1 0 1 1 0 1 0 0 1 0 0 0 1 0 1 0 0 1 1 1 0 0 1 0 0 1 1 1 0 0 1 1 1 0 0 1 1 1 1 0 
1 1 1 0 1 0 0 1 1 0 0 1 0 0 1 0 1 0 1 1 1 1 1 0 1 1 1 1 0 0 1 0 1 0 0 1 0 1 0 1 1 1 1 1 1 0 1 0 1 0 0 0 1 1 0 
