40 49 244
63 91 50 66 68 56 70 2 77 31 93 75 29 91 7 17 9 90 13 91 91 48 37 74 55 83 77 20 99 68 55 14 10 5 31 77 12 100 30 41 82 22 15 10 12 21 78 72 11 
42 63 53 90 51 26 44 33 2 15 32 21 22 97 82 26 27 10 89 26 40 29 7 13 44 69 25 16 98 96 26 40 10 30 29 12 56 24 45 9 91 28 82 12 24 63 89 50 73 
77 75 64 58 33 76 53 53 52 68 51 100 46 90 9 75 70 21 82 93 17 91 83 44 72 94 19 86 34 20 10 11 46 73 20 78 49 72 83 52 39 33 51 84 74 12 11 43 84 
92 35 100 82 70 95 5 15 65 43 49 84 52 11 29 25 30 58 25 1 40 76 91 72 27 27 45 90 37 39 73 28 74 24 62 95 18 18 9 82 60 57 17 12 67 45 88 96 2 
12 48 42 39 91 65 17 17 62 6 5 100 30 84 25 53 45 19 22 15 28 55 74 36 71 37 55 15 24 2 69 87 50 10 78 40 26 94 8 87 52 12 39 81 95 63 34 92 34 
7 6 13 62 31 48 32 68 54 99 43 56 67 30 57 28 7 48 53 52 55 92 3 18 30 36 12 44 21 55 29 27 12 41 88 43 41 72 62 94 70 4 49 88 85 5 15 43 52 
19 95 58 10 49 75 91 84 39 87 56 93 15 83 5 56 22 99 48 93 60 41 62 63 42 49 48 98 15 90 2 34 36 11 95 85 86 86 20 76 72 76 68 86 58 24 93 79 22 
92 72 33 85 85 96 26 86 95 75 100 36 28 85 72 39 80 56 76 65 27 51 88 2 70 25 59 94 18 90 67 61 13 100 45 49 47 22 34 41 97 86 76 24 70 47 14 49 54 
89 13 81 39 100 34 9 77 93 2 46 34 20 6 46 19 51 46 65 72 80 57 20 65 33 96 34 31 9 83 37 98 47 69 36 99 2 44 75 46 97 20 79 69 77 76 39 27 22 
56 99 53 12 70 69 96 65 2 27 74 36 15 71 35 83 58 33 36 54 59 82 2 30 12 70 6 40 9 33 13 64 83 17 75 52 85 23 17 38 1 42 74 15 12 60 49 69 92 
36 74 2 17 76 31 81 45 88 72 5 72 36 20 54 52 95 58 88 69 26 25 69 67 98 83 30 57 83 98 100 18 72 53 87 99 35 19 43 23 90 100 94 77 19 100 28 65 57 
15 33 34 91 1 100 41 35 29 49 17 78 49 35 1 53 21 99 88 39 94 10 80 45 55 56 63 54 35 28 62 1 60 95 91 13 94 31 47 74 80 64 4 80 50 4 84 70 55 
71 60 100 80 91 44 87 46 6 40 32 85 2 84 97 96 74 9 42 57 55 67 88 70 70 19 19 26 2 40 32 73 51 31 4 41 74 90 38 31 82 21 16 83 4 64 30 78 72 
23 86 78 42 73 100 11 43 70 88 44 62 19 68 12 1 24 5 26 13 94 57 94 15 24 28 18 39 10 47 10 32 32 39 73 56 38 36 98 60 75 94 21 94 13 84 46 36 88 
72 49 82 80 94 48 3 22 65 41 31 12 2 14 95 92 39 3 82 74 100 41 48 45 61 93 58 44 39 93 84 10 93 17 89 39 64 43 60 80 35 42 43 88 7 38 79 45 40 
60 70 91 100 70 88 12 14 45 56 52 89 91 13 34 7 53 72 22 47 83 1 33 76 44 20 82 33 51 27 72 10 48 14 62 17 1 73 31 97 80 34 86 22 47 71 28 51 42 
1 50 24 2 82 51 97 54 32 29 4 10 52 65 58 65 26 74 66 51 56 62 30 90 99 52 88 69 31 90 62 32 39 85 85 21 87 33 74 19 61 29 28 64 93 37 28 19 63 
45 69 18 7 50 59 5 53 46 26 84 36 87 67 74 24 51 46 10 35 71 80 95 51 60 10 44 96 37 14 10 82 82 28 40 83 38 96 36 84 21 71 71 60 37 96 83 39 42 
44 73 64 24 19 15 83 28 58 30 16 23 40 97 4 19 36 38 56 32 25 39 4 95 9 63 83 5 45 21 98 41 45 13 64 63 27 46 42 36 27 58 58 66 6 13 84 42 51 
40 25 27 30 80 22 91 43 4 47 39 77 44 79 21 56 42 36 35 39 29 70 66 86 80 83 44 92 67 37 94 58 61 21 39 40 94 29 34 97 75 73 25 70 51 46 78 45 33 
12 35 61 33 52 99 12 35 42 56 53 78 1 10 90 73 48 81 66 29 67 15 3 39 39 25 41 36 2 37 68 65 72 81 97 75 79 61 9 72 68 61 1 68 22 42 41 22 74 
58 50 40 72 4 30 11 28 23 98 81 59 66 45 82 46 42 57 76 54 17 99 21 30 99 88 51 92 80 24 65 38 25 5 9 29 86 71 8 8 69 89 67 86 85 100 83 78 8 
58 31 25 56 3 54 6 91 56 97 22 32 61 59 56 17 20 36 3 42 96 62 62 36 28 47 20 80 29 98 87 38 80 63 45 83 68 50 25 76 46 46 7 59 57 14 27 76 2 
81 69 97 43 31 32 22 77 3 1 58 52 40 95 32 2 40 66 22 89 90 97 87 87 55 97 43 68 75 70 69 56 91 17 50 21 100 71 49 55 24 6 6 15 1 89 16 40 54 
89 80 95 85 18 34 39 14 28 59 89 50 79 96 40 96 45 60 47 67 8 1 90 14 7 4 66 47 72 57 53 60 88 47 97 6 32 35 71 60 45 11 9 24 6 48 71 2 59 
17 69 66 70 58 31 28 14 48 74 37 4 26 96 92 25 44 49 56 79 19 67 75 82 75 98 87 74 20 41 32 89 9 50 58 66 32 85 31 80 10 67 35 36 15 78 60 58 26 
67 88 97 34 63 78 60 12 16 34 32 56 17 72 16 18 81 34 50 65 64 29 74 31 15 61 45 93 72 54 70 91 42 66 76 4 95 35 67 63 20 50 70 89 21 86 6 1 19 
55 17 82 35 43 64 50 3 8 94 27 62 63 17 55 29 92 10 75 26 76 37 98 26 7 86 98 92 91 51 10 46 67 43 32 61 7 81 64 66 74 42 79 37 58 33 17 49 42 
91 26 18 28 75 95 86 60 92 77 3 42 38 100 61 80 31 21 38 12 36 4 37 77 82 25 86 67 93 86 60 84 64 29 63 38 23 48 50 67 76 52 60 65 3 72 96 33 45 
34 96 80 89 85 9 22 9 46 88 2 32 48 37 47 28 51 84 3 50 85 69 25 88 80 41 90 52 36 75 48 21 70 27 9 54 87 31 15 33 18 68 16 17 4 62 97 54 97 
99 3 34 67 79 21 98 71 63 1 6 37 48 27 58 27 35 12 65 17 78 49 87 45 64 55 48 77 51 53 26 49 7 59 67 37 31 65 7 93 17 12 81 65 90 39 43 77 2 
7 93 79 56 31 23 71 86 22 100 36 26 25 85 32 35 51 68 65 67 74 10 84 37 90 100 79 28 94 7 81 100 99 59 7 82 33 30 67 54 81 2 79 57 38 62 91 89 29 
7 7 54 16 42 43 6 41 21 85 34 27 66 86 77 76 44 58 9 25 24 14 5 78 45 61 15 6 51 55 87 58 62 40 25 3 82 82 96 54 67 29 80 84 66 9 11 10 66 
19 34 42 85 91 19 29 51 85 34 54 40 72 11 1 12 87 55 45 69 50 99 87 31 30 70 96 38 32 57 56 3 43 49 87 33 67 67 35 51 52 88 42 24 50 94 35 37 49 
31 5 98 29 91 80 11 12 28 100 95 84 55 97 78 3 35 62 21 1 97 24 53 84 65 76 86 11 62 22 59 92 78 8 73 20 88 83 31 67 34 25 2 89 74 80 43 8 41 
16 9 89 39 61 25 55 88 10 65 49 31 75 92 60 83 16 79 22 98 61 88 84 85 89 72 10 20 66 18 13 81 78 1 71 90 25 26 77 86 42 77 68 17 20 27 51 36 5 
72 85 65 11 68 2 51 91 11 71 57 80 35 37 57 35 60 46 12 37 74 97 78 50 65 46 70 43 96 5 48 19 41 64 81 9 65 32 99 28 54 55 7 88 44 64 74 3 61 
37 39 35 86 68 84 2 14 5 44 61 61 43 32 2 7 12 10 23 95 8 50 100 15 9 39 10 72 65 64 32 1 54 66 38 21 2 39 86 6 35 99 19 77 30 20 35 93 81 
10 88 40 59 39 54 19 78 15 90 42 78 74 94 83 91 32 4 44 22 41 2 56 91 20 85 20 39 71 65 19 80 4 10 91 42 16 9 19 30 51 12 60 24 6 42 66 89 97 
10 10 90 11 18 80 82 54 52 72 24 16 42 56 71 51 46 12 66 6 83 96 56 46 55 31 51 48 97 91 45 58 53 34 20 70 13 1 75 16 72 98 83 13 5 53 15 50 65 
0 1 0 1 0 1 1 1 0 0 1 0 0 0 0 1 1 1 0 1 1 1 0 1 0 0 1 0 0 1 0 0 0 0 1 0 0 0 1 0 1 0 0 1 0 1 1 1 0 
1 0 0 0 0 1 0 0 0 1 1 1 1 1 1 0 1 0 0 1 1 0 0 0 0 0 0 1 1 0 0 0 0 0 0 1 1 1 1 1 0 0 1 1 0 0 1 1 0 
1 0 0 1 1 0 0 1 0 1 0 0 1 0 1 1 0 0 0 1 1 0 1 0 1 1 0 1 0 1 0 0 1 0 1 0 0 1 1 0 1 1 1 0 1 0 0 0 0 
0 1 1 0 1 1 1 0 1 1 0 0 1 0 0 1 0 0 1 1 0 1 0 1 0 1 1 0 1 1 0 1 0 0 0 1 1 1 1 1 0 0 1 1 0 1 0 0 0 
1 0 0 1 0 1 1 1 0 0 0 1 0 0 0 0 0 1 0 1 1 1 0 1 0 1 1 0 0 0 0 1 0 0 0 0 1 0 0 0 0 0 1 0 0 1 1 0 1 
1 0 0 0 0 1 0 1 0 0 1 0 0 1 0 0 1 1 0 1 1 0 1 1 1 0 0 1 1 0 0 0 0 0 0 0 1 0 0 1 1 1 0 1 0 0 0 0 1 
0 1 0 0 1 0 1 1 0 0 0 0 0 0 1 0 0 1 1 0 1 1 1 1 1 1 1 1 1 1 1 1 1 1 1 0 1 0 1 1 1 1 0 1 1 1 0 1 0 
1 1 0 0 1 1 1 0 0 1 1 0 0 0 1 1 1 1 1 1 0 0 0 1 0 0 0 1 0 1 0 1 0 0 0 1 1 1 1 1 0 0 1 0 0 0 0 1 1 
1 1 1 1 1 0 0 1 0 1 1 1 1 1 0 1 1 1 0 0 1 0 1 1 1 1 0 0 1 1 1 0 0 1 0 0 1 0 1 0 1 1 1 1 0 1 0 1 1 
1 1 0 1 0 1 0 0 1 0 1 1 0 0 1 1 0 1 0 0 1 0 1 0 0 0 0 1 1 1 0 0 0 0 1 1 0 1 1 1 0 0 0 0 0 0 1 0 1 
1 0 0 0 0 0 0 0 0 1 1 1 0 1 0 0 0 1 0 0 0 0 0 0 0 0 1 0 1 1 0 0 0 0 0 0 1 0 0 1 0 0 1 0 1 1 0 0 0 
1 0 0 1 0 0 1 0 1 0 1 1 0 1 1 0 0 1 1 0 1 1 0 1 0 0 1 1 1 1 1 0 1 1 1 1 1 0 1 1 0 0 0 0 1 1 1 1 0 
0 0 1 1 0 1 1 1 0 0 0 1 1 0 0 0 1 1 0 1 0 1 0 0 1 0 1 0 1 1 0 0 1 1 1 1 0 1 0 0 1 0 1 1 0 1 1 1 0 
1 1 0 0 1 0 1 1 0 1 1 1 1 1 0 1 0 1 1 1 0 0 1 0 1 0 1 1 1 0 1 1 1 0 1 0 0 1 0 0 0 1 1 0 0 1 1 0 1 
0 0 1 0 1 1 0 1 0 1 0 1 0 1 0 0 1 1 1 0 1 1 0 0 1 0 0 0 1 0 1 0 0 0 0 1 0 0 0 0 1 1 1 0 0 0 0 1 1 
1 1 0 1 0 0 0 0 0 0 0 0 0 0 1 0 0 0 0 1 1 1 0 0 0 0 0 0 1 0 1 0 1 1 1 1 1 1 0 1 0 0 0 0 0 1 0 0 1 
1 1 0 0 0 0 0 0 1 1 1 1 0 0 0 0 1 0 1 1 0 1 1 0 1 1 0 0 1 0 1 0 0 0 0 0 0 1 0 1 0 0 0 0 0 1 0 1 1 
0 0 1 1 1 1 0 0 1 0 0 1 1 0 1 1 1 1 0 0 0 1 0 0 0 0 0 1 1 1 0 1 0 1 0 1 0 0 0 1 0 0 0 1 0 0 1 1 1 
1 1 1 0 1 1 0 0 1 1 1 1 1 0 1 0 0 0 0 0 0 1 0 0 0 1 1 0 0 0 1 1 0 1 0 1 0 0 1 0 0 0 1 1 0 0 0 0 0 
0 0 1 0 0 1 0 0 0 0 0 1 1 0 1 0 0 0 1 0 0 1 0 0 0 0 1 0 0 1 0 0 0 1 0 0 1 0 0 1 0 1 0 0 1 1 0 1 0 
1 1 0 0 0 0 0 0 1 0 0 1 1 0 1 0 1 1 1 1 0 1 0 1 1 0 0 1 0 1 1 0 0 1 0 0 1 1 0 1 1 0 0 0 1 1 1 0 0 
0 1 0 1 1 1 1 1 1 0 0 0 1 0 1 0 0 1 1 1 0 0 1 0 0 1 1 1 0 1 0 1 1 0 0 0 0 1 0 1 1 0 0 0 0 1 0 0 0 
0 0 0 0 1 1 1 0 0 0 1 0 0 0 1 1 0 1 1 0 1 0 1 1 0 0 1 1 0 0 0 0 0 0 1 1 1 0 1 0 0 0 0 1 0 1 0 1 0 
1 1 0 1 0 1 0 0 1 1 1 1 1 1 1 0 0 0 1 0 1 1 1 0 1 0 0 0 0 1 1 1 0 1 0 1 0 0 1 1 0 0 0 1 0 1 1 0 1 
1 1 1 0 0 1 0 0 1 0 0 1 1 1 1 0 1 0 1 0 0 0 0 0 1 1 0 0 1 1 0 0 0 1 0 0 0 0 0 1 1 0 0 0 1 0 1 0 0 
0 0 0 0 0 1 1 0 1 0 1 0 0 1 0 1 1 0 1 0 0 0 1 0 1 1 1 1 0 0 1 0 0 0 1 1 1 0 1 0 0 0 1 0 1 1 1 0 0 
0 0 0 1 1 1 0 1 0 1 1 0 0 0 1 0 1 0 1 1 1 0 0 1 1 0 0 0 0 0 0 0 1 1 1 0 0 1 1 0 0 1 1 1 1 0 1 0 0 
1 1 1 1 1 0 0 0 0 0 0 0 1 0 1 0 0 0 0 1 1 0 0 0 1 1 1 1 0 1 1 1 1 0 0 0 0 0 0 0 1 0 1 0 1 0 0 1 0 
0 0 0 0 0 0 0 1 0 1 0 1 1 1 0 1 0 1 0 0 1 0 1 0 1 1 1 0 1 0 0 1 0 0 0 1 1 0 0 1 1 0 0 0 0 1 0 0 0 
0 0 1 0 0 1 0 1 0 0 1 0 0 0 1 1 0 0 0 0 0 1 0 1 1 0 1 0 0 1 0 0 1 0 1 1 1 1 1 0 1 0 0 1 0 1 0 1 1 
0 1 0 1 1 1 1 0 0 1 0 1 0 1 0 0 0 0 1 1 1 1 0 1 0 1 1 1 0 0 1 0 0 1 0 1 0 1 1 0 0 0 1 0 1 1 0 1 1 
0 0 0 1 0 1 1 1 1 1 1 1 0 0 1 1 0 1 1 1 0 1 1 0 0 0 1 1 0 0 1 0 0 1 0 0 1 1 0 0 0 1 1 0 1 1 1 1 0 
0 0 0 1 0 1 1 0 0 1 0 1 0 1 1 1 1 0 0 0 0 0 1 1 0 1 1 1 1 0 1 1 1 1 1 1 0 0 1 1 1 1 0 1 0 1 1 1 1 
1 0 1 0 1 1 0 0 0 1 1 0 0 1 1 1 0 0 0 0 1 1 0 1 1 1 1 0 0 1 0 0 1 1 0 0 0 0 0 0 1 0 1 1 1 0 0 1 1 
0 1 0 1 1 1 0 1 1 1 1 0 1 1 1 0 1 1 1 1 1 1 0 1 0 1 0 1 0 1 0 0 1 0 0 0 0 0 1 1 1 1 1 0 0 0 1 0 1 
0 1 0 1 0 0 0 1 0 1 1 0 1 0 1 1 0 1 1 0 1 0 0 0 1 0 0 1 1 0 0 1 0 1 1 0 1 1 1 1 0 1 1 1 1 0 0 1 0 
0 1 1 0 1 1 0 0 1 1 1 0 0 1 0 1 0 0 0 1 1 1 1 0 1 0 1 1 0 0 1 0 0 0 1 1 1 1 1 1 0 1 1 0 0 1 1 0 1 
1 1 0 1 0 1 0 0 0 1 0 1 1 1 1 1 0 0 1 1 0 0 1 1 1 0 1 0 1 1 1 1 0 1 0 0 0 0 0 1 1 0 0 0 1 1 0 1 1 
1 0 1 1 0 0 0 0 1 0 1 0 1 0 0 0 0 0 1 0 0 0 0 1 0 0 0 1 0 0 0 1 0 0 0 0 0 0 0 0 0 0 0 1 0 1 0 1 1 
1 1 0 1 1 1 1 0 1 0 0 1 0 0 0 0 0 0 1 1 1 1 1 1 1 1 1 0 1 0 0 0 0 0 1 1 1 0 1 0 0 0 0 0 0 0 1 0 0 
