44 66 2198
31 35 71 21 12 22 22 23 33 36 21 49 30 40 57 3 71 78 22 90 100 50 8 75 48 36 1 89 3 32 99 33 19 21 53 82 94 26 4 26 13 76 26 95 15 35 97 85 12 18 27 11 67 34 85 66 69 38 54 23 69 4 7 87 24 12 
20 69 89 24 94 2 99 72 96 14 6 44 50 17 61 28 80 79 62 16 44 82 53 49 57 74 53 63 12 28 26 32 97 15 55 42 68 5 13 63 70 70 6 20 39 18 47 18 96 60 85 39 94 38 87 50 63 91 64 74 71 42 5 67 56 11 
8 23 16 73 37 37 42 42 8 80 11 7 49 6 66 34 96 11 23 34 12 85 25 28 58 95 69 15 13 24 77 72 98 92 44 34 81 38 27 88 69 37 94 70 42 12 3 89 22 77 22 34 61 46 61 70 92 29 84 56 4 61 28 1 4 23 
86 84 12 12 72 81 100 17 50 93 28 4 81 50 80 2 35 92 100 47 61 43 27 97 99 30 57 26 82 12 48 67 48 12 30 71 92 29 87 93 21 15 48 1 16 79 54 50 70 53 96 30 48 22 78 46 3 34 23 84 98 70 2 45 81 31 
15 24 11 53 68 31 67 15 83 82 93 36 31 14 41 78 44 88 51 21 33 53 7 55 88 56 76 89 52 9 71 66 84 81 18 4 11 37 18 93 18 63 81 1 76 21 30 71 60 81 44 44 33 2 50 21 57 77 61 8 37 32 25 73 12 94 
76 75 30 93 19 100 7 51 52 83 23 81 5 82 13 48 25 46 1 26 18 9 3 30 68 91 61 44 63 25 38 38 51 19 83 69 70 89 20 21 23 42 54 28 76 66 27 52 63 28 78 32 88 32 62 56 22 74 99 37 98 88 74 100 7 56 
69 28 45 40 1 67 33 54 94 60 71 73 12 86 52 41 69 39 24 30 94 45 56 45 81 53 32 7 53 90 62 73 18 58 64 18 25 48 23 70 8 93 94 71 30 45 63 99 84 86 80 29 82 35 73 15 40 5 21 44 46 34 68 63 92 83 
80 68 30 2 37 89 47 31 11 76 75 73 26 10 58 58 39 40 44 63 6 83 19 26 78 65 11 97 27 2 79 7 69 61 60 58 49 6 88 60 34 14 84 11 76 42 68 14 33 12 28 38 46 47 15 76 63 25 72 41 79 51 47 47 11 59 
4 11 64 43 70 49 57 54 60 32 47 27 97 31 90 76 68 88 74 34 63 36 10 34 77 88 36 75 87 46 33 90 9 49 85 78 97 41 83 56 24 81 35 72 11 76 47 30 63 21 63 77 8 25 11 36 12 98 11 50 96 95 40 4 43 24 
33 40 16 16 47 91 48 81 14 59 9 12 88 71 84 3 48 92 79 10 27 90 7 89 92 54 84 31 57 26 6 90 17 73 57 64 15 4 96 28 62 4 39 2 27 23 4 26 66 82 35 92 23 93 33 66 47 16 48 3 41 53 44 10 77 100 
25 91 4 20 70 17 76 61 18 54 83 73 79 100 6 13 43 81 57 75 46 55 90 94 58 83 98 53 92 27 53 68 69 8 87 39 24 14 99 42 67 33 66 45 32 72 9 26 4 18 1 1 72 42 94 81 24 44 34 67 70 38 34 38 45 73 
28 68 38 78 61 5 10 27 1 93 50 62 71 5 79 71 5 2 12 51 83 88 94 68 54 15 5 40 4 49 64 32 68 1 61 29 57 23 7 58 15 8 71 85 12 49 7 16 2 71 66 84 58 11 3 63 25 7 54 81 7 17 12 75 18 72 
55 74 46 13 83 61 20 53 97 31 53 56 98 55 26 16 90 83 78 93 97 55 51 51 35 58 67 46 84 84 69 90 10 15 2 92 27 21 45 75 3 97 82 100 51 7 67 93 41 45 85 38 99 35 40 33 44 6 30 79 42 50 68 51 16 69 
94 94 41 38 21 43 87 2 95 89 61 61 81 1 57 17 90 7 52 29 39 47 87 20 26 28 22 93 30 89 14 23 83 54 13 55 97 99 8 43 39 68 3 72 21 12 88 62 18 39 91 9 38 77 80 63 56 1 7 85 42 72 59 24 26 71 
30 74 21 37 68 12 5 70 83 77 33 70 38 51 61 28 11 98 56 90 12 63 43 70 99 84 42 58 59 19 80 88 44 1 24 11 12 80 32 46 8 65 15 46 67 27 25 77 24 33 66 87 95 8 9 94 91 50 51 1 20 30 88 15 82 64 
25 45 95 8 90 3 24 57 48 90 83 24 66 59 56 84 45 51 91 53 96 34 54 98 34 25 79 74 39 61 37 15 57 83 75 47 85 98 55 84 88 37 8 5 47 15 88 92 17 31 96 12 64 2 9 49 78 88 22 69 100 10 83 56 45 57 
54 81 55 8 65 94 97 24 98 43 90 86 86 7 16 82 18 31 35 79 31 64 66 5 32 65 66 15 72 10 23 26 91 29 85 7 74 81 82 72 24 71 9 9 77 76 42 47 58 76 25 88 40 90 92 23 6 10 89 29 19 12 54 61 92 39 
19 66 19 52 89 94 23 49 3 51 24 44 97 81 72 21 20 63 62 64 85 19 73 74 48 43 37 53 56 80 43 74 97 14 78 37 7 100 85 9 50 60 5 99 40 76 71 12 90 33 27 26 3 51 99 50 93 87 55 100 19 97 26 15 62 3 
52 69 2 36 29 3 48 33 53 39 60 24 50 1 8 76 27 10 26 77 12 71 64 66 70 82 14 47 48 76 49 99 44 2 87 24 57 34 57 9 72 68 84 74 69 91 1 95 1 27 23 12 49 86 29 70 19 42 17 67 69 65 17 12 19 55 
36 75 40 44 35 12 63 19 37 83 61 37 29 61 15 52 24 63 37 4 85 8 46 1 74 66 17 90 78 35 97 65 61 36 60 48 99 74 66 35 57 26 24 85 39 38 36 62 53 73 18 37 80 15 37 5 80 5 46 9 92 42 25 52 30 84 
99 28 10 16 15 66 94 38 50 32 75 86 45 79 10 62 15 41 76 3 97 56 8 94 64 51 36 89 54 65 24 53 44 33 20 58 50 13 95 100 96 22 37 41 100 98 54 15 90 30 69 38 37 28 31 52 78 18 92 32 82 16 36 78 100 55 
35 50 20 82 1 15 3 89 55 2 86 61 68 27 42 37 64 78 64 94 29 94 12 73 77 45 88 12 74 39 18 9 40 37 90 40 4 92 28 10 45 65 70 13 43 11 1 58 88 16 4 69 9 67 41 37 63 80 48 37 70 18 97 10 54 86 
49 57 29 29 67 25 45 88 37 40 99 89 97 38 5 100 58 65 18 98 2 81 29 49 17 99 18 13 8 72 50 8 80 78 88 98 2 85 86 91 24 36 79 72 73 35 24 31 100 41 80 1 21 9 1 89 59 19 1 66 42 50 25 73 79 65 
71 33 49 8 75 24 95 5 47 19 40 70 1 39 11 81 91 83 41 91 72 99 61 24 16 2 74 40 75 4 56 97 88 4 56 62 79 2 67 26 20 6 95 21 96 57 1 86 92 93 76 63 43 89 86 58 90 11 49 16 67 5 64 54 60 71 
16 39 72 34 64 92 39 10 12 34 67 64 71 10 8 46 24 50 86 9 7 76 72 7 43 38 63 7 91 23 29 58 61 1 91 76 92 81 85 55 66 3 70 36 12 29 34 35 78 19 96 36 46 19 42 89 56 5 47 98 79 75 8 39 75 98 
14 18 79 50 24 44 53 45 32 16 73 65 3 50 83 98 37 29 16 79 69 23 35 15 72 13 89 79 3 16 29 68 85 7 17 61 2 21 5 33 37 78 97 39 79 32 88 16 12 55 46 80 29 32 94 100 96 34 31 98 1 59 17 86 17 85 
46 70 6 2 55 94 79 3 84 10 34 23 25 45 77 22 24 57 53 69 56 100 3 38 49 55 48 65 92 64 49 37 86 6 39 40 51 69 42 86 30 28 8 6 72 36 27 48 92 31 68 100 30 70 37 78 77 37 94 68 100 95 57 37 100 47 
76 3 15 70 88 97 97 48 2 20 35 29 19 27 11 87 78 41 8 66 70 84 2 64 52 54 58 8 90 9 54 18 63 20 87 3 16 35 2 70 54 36 98 73 14 60 11 91 100 18 57 22 2 10 37 5 63 94 64 5 54 69 22 69 40 60 
71 8 94 72 77 47 7 74 71 73 33 81 63 85 51 71 58 52 81 94 8 95 39 71 99 92 91 72 60 30 31 82 37 24 5 13 23 64 38 45 36 23 78 98 7 28 69 16 31 1 9 38 95 47 60 46 90 50 17 2 79 100 83 16 75 88 
28 97 3 18 42 38 40 71 35 98 98 55 13 28 7 21 65 54 67 24 51 8 73 19 9 3 18 92 18 93 31 98 41 33 15 82 22 54 4 56 3 1 63 15 28 21 35 44 74 53 19 24 60 43 43 21 46 12 64 15 4 46 64 45 78 78 
78 99 83 82 6 85 82 20 51 62 41 85 57 66 89 76 42 1 18 84 21 15 95 36 82 51 81 45 95 10 75 24 8 9 5 65 94 39 37 96 52 77 81 8 94 21 83 35 73 53 18 45 19 65 80 100 15 60 97 61 69 71 84 28 79 41 
45 24 31 81 20 82 9 52 41 2 24 76 37 97 80 6 41 98 22 73 50 88 84 46 100 53 16 36 32 46 28 28 70 58 60 41 91 68 92 31 22 67 6 10 63 85 67 56 83 89 28 84 28 11 29 28 15 96 15 99 93 42 26 14 99 86 
54 89 5 97 71 26 64 77 87 78 13 54 33 47 94 12 30 21 23 10 100 89 57 14 39 50 55 65 63 5 2 69 45 58 17 16 36 32 44 22 10 56 75 94 3 68 6 32 41 80 94 40 68 50 54 7 99 60 23 14 17 76 34 61 33 50 
28 68 34 71 90 43 79 16 88 81 84 93 64 76 72 57 15 92 7 20 98 57 32 72 22 48 47 55 60 31 57 88 99 42 10 40 84 88 55 23 20 90 16 36 17 87 92 32 78 50 3 27 59 34 98 80 33 96 87 93 27 43 32 77 36 41 
16 71 81 22 93 52 64 8 87 80 47 79 63 24 80 66 3 38 51 52 18 84 48 4 28 74 98 59 50 33 99 17 3 31 90 47 83 5 55 69 85 1 99 99 76 79 16 78 16 67 82 85 2 29 40 29 54 89 87 55 73 37 71 27 20 12 
74 2 17 28 22 53 80 73 51 7 51 67 37 18 85 18 55 86 46 46 66 99 35 4 53 59 92 75 86 11 38 59 64 54 38 38 6 69 10 9 75 60 27 11 29 11 28 35 48 25 81 65 23 15 68 27 73 59 53 10 22 91 20 85 44 9 
22 2 77 83 10 52 94 36 14 23 98 94 9 45 18 89 9 41 55 28 19 28 86 24 89 59 14 9 44 9 17 17 10 46 100 71 49 45 58 62 67 55 55 28 51 73 16 11 65 71 38 35 50 76 58 38 34 23 98 29 32 67 98 93 12 49 
64 60 93 73 73 12 80 28 39 30 52 54 93 68 76 30 54 25 57 12 15 43 34 12 71 17 78 20 10 41 68 25 100 61 97 73 24 76 52 62 58 55 67 50 74 43 31 27 19 88 90 33 82 76 97 52 92 26 72 1 67 91 77 18 51 74 
42 26 1 45 87 10 51 6 59 24 100 42 3 18 81 92 3 62 19 99 65 11 76 36 63 94 27 40 12 29 65 5 55 65 50 93 27 100 50 85 76 49 78 78 19 58 21 21 71 40 71 36 2 46 71 16 40 49 55 3 30 71 7 36 88 8 
80 14 8 30 50 35 30 28 12 48 85 84 68 56 75 38 43 28 36 13 44 27 14 50 29 95 21 87 30 8 95 61 73 54 90 22 88 72 49 51 19 86 86 87 93 13 76 35 40 11 99 83 89 64 85 69 58 57 56 39 16 2 100 88 7 41 
9 94 12 58 96 31 95 81 69 87 93 44 21 33 7 71 67 95 35 3 64 92 59 71 83 74 24 82 61 30 74 22 23 38 79 70 20 25 50 88 11 95 83 83 79 89 53 97 36 87 100 51 31 10 73 13 84 96 46 96 25 19 17 99 56 47 
68 27 71 69 14 33 15 97 15 93 85 68 42 72 54 41 22 84 2 94 96 85 89 41 33 65 12 1 15 19 48 34 46 70 3 11 3 69 7 17 14 44 84 55 15 90 47 89 25 48 82 73 85 23 65 17 87 76 69 2 47 16 87 92 38 89 
2 40 10 61 8 23 4 44 77 70 33 23 58 57 22 92 81 6 14 46 74 52 73 43 5 19 10 92 62 47 32 16 38 41 76 46 15 31 89 91 52 21 65 10 29 39 53 62 44 66 7 70 69 79 64 26 98 73 17 59 20 100 26 9 41 1 
54 7 83 42 98 35 14 14 96 95 52 48 56 48 65 62 69 85 40 32 10 89 4 26 100 75 26 25 84 18 78 37 24 60 31 73 46 44 39 41 38 42 40 93 89 4 6 57 89 98 40 98 38 44 76 37 70 53 14 53 70 43 42 45 2 72 
1 1 0 1 1 0 0 1 0 1 0 0 1 0 1 1 0 0 0 1 1 1 1 0 0 0 0 1 0 1 0 1 0 0 0 0 0 1 1 1 0 1 1 1 0 0 0 0 0 0 1 1 0 0 1 0 0 1 1 0 1 1 0 1 1 0 
1 0 1 0 1 1 0 0 1 0 0 1 0 0 0 1 0 0 1 1 0 1 1 1 1 0 0 1 1 1 0 1 1 1 1 0 1 1 0 0 1 0 1 1 1 1 0 1 1 1 0 1 0 1 0 0 1 0 1 1 0 1 0 1 1 1 
0 0 1 0 0 0 1 1 0 0 1 0 1 0 0 1 0 0 1 0 0 0 1 0 1 1 1 1 0 0 1 0 0 0 1 0 0 0 0 0 0 1 1 1 1 1 0 1 1 1 0 0 0 1 0 1 0 1 1 0 0 0 1 0 0 0 
1 0 0 1 1 0 0 0 1 1 1 1 1 0 1 1 0 1 0 0 0 0 0 1 0 0 1 1 0 1 1 1 0 1 0 1 1 0 1 0 0 0 0 1 0 1 0 1 0 0 1 0 0 1 0 0 1 1 0 0 1 1 1 1 1 0 
0 0 0 1 1 0 1 1 1 1 0 1 0 0 1 0 0 1 1 0 0 1 0 0 1 1 1 0 0 0 0 0 1 1 1 0 1 0 1 1 1 1 0 0 1 0 0 1 1 1 0 1 0 0 1 1 1 1 0 1 1 0 1 0 1 0 
0 1 0 1 0 1 0 0 1 1 0 1 1 0 1 1 1 1 1 1 1 0 0 1 1 1 1 0 0 1 0 0 0 0 0 0 1 0 0 1 0 1 0 1 1 1 0 0 1 1 1 0 1 1 1 0 1 0 0 1 1 0 1 1 0 1 
1 1 0 0 0 0 1 1 1 0 0 1 0 1 0 0 1 1 1 0 1 0 1 1 1 0 1 1 0 1 0 1 0 0 1 1 0 0 0 1 0 0 0 1 0 0 1 1 1 0 0 0 1 1 1 0 1 0 1 1 1 0 1 0 0 0 
1 1 1 1 0 1 1 1 0 1 1 1 1 1 0 1 1 1 0 1 1 1 1 1 1 1 1 0 1 1 0 0 0 1 1 1 1 0 0 1 0 1 1 1 0 1 0 0 0 0 1 1 1 0 0 0 1 1 0 0 1 1 0 1 0 1 
0 1 0 0 1 0 0 0 1 0 1 1 0 1 1 1 0 0 0 1 1 1 0 1 0 1 0 0 1 1 0 1 0 0 0 1 0 0 1 1 0 0 0 1 1 1 0 0 1 0 1 0 0 1 0 0 1 0 0 0 1 0 1 0 0 1 
1 0 1 1 1 0 1 1 1 1 0 1 1 0 0 0 0 0 1 0 0 0 1 0 0 0 1 0 0 1 1 0 0 1 1 1 1 0 1 0 1 1 1 0 1 1 0 0 1 0 0 1 0 1 0 1 0 1 1 0 0 0 0 0 1 1 
0 0 0 1 0 1 0 0 0 0 1 0 0 1 0 0 0 1 0 0 0 0 1 1 0 0 1 1 0 1 0 0 1 0 1 0 0 0 0 0 0 1 0 0 0 1 0 1 0 0 1 0 0 1 1 1 1 0 0 1 1 0 0 1 1 1 
1 1 1 1 1 1 0 1 1 1 0 0 0 0 0 1 0 1 0 1 0 1 0 0 1 1 0 1 0 1 0 1 0 0 0 1 1 1 1 1 0 1 1 0 0 1 1 0 0 0 0 0 1 0 0 0 1 1 1 0 0 0 1 1 0 0 
0 1 1 1 0 1 1 1 1 1 1 0 1 1 0 1 0 0 1 0 0 1 1 0 1 0 0 0 1 0 0 1 1 1 1 0 0 0 1 1 1 0 0 0 0 0 0 0 0 1 0 1 0 0 1 1 0 1 0 1 1 0 0 0 0 1 
0 0 1 0 0 0 0 0 1 0 0 1 0 1 0 1 0 1 1 1 0 1 0 0 0 1 1 0 1 1 0 0 1 1 0 1 0 0 1 1 1 0 0 1 1 0 0 1 1 1 0 0 0 0 0 0 1 1 1 0 0 1 0 0 0 0 
1 0 1 1 1 0 1 1 1 0 0 0 1 1 1 1 1 0 1 0 0 0 1 1 0 0 0 1 0 1 1 1 1 0 0 1 0 1 0 0 1 0 0 0 0 1 1 1 1 0 1 0 0 1 1 1 1 0 0 1 1 1 0 0 0 1 
1 0 0 0 0 0 0 0 0 0 0 0 0 1 0 1 1 1 0 1 0 1 1 0 0 0 1 1 0 1 0 0 0 0 0 0 0 0 1 1 1 1 1 1 0 1 0 0 0 1 1 0 0 0 0 1 0 0 0 0 1 0 0 1 0 0 
0 1 1 1 0 0 0 1 1 0 0 1 0 1 0 1 1 1 1 0 0 1 0 0 0 1 0 0 1 0 1 1 1 0 0 1 0 0 0 1 0 1 0 1 0 1 0 1 0 0 1 0 1 1 0 1 1 0 0 0 0 1 1 0 1 1 
1 1 1 0 0 1 1 0 0 1 1 1 0 1 1 0 1 0 1 1 0 0 1 0 0 0 1 1 0 0 0 1 1 1 1 1 1 0 1 1 1 1 0 0 0 1 0 0 0 1 1 0 0 1 0 0 1 1 0 1 1 0 0 0 0 0 
1 1 0 0 0 0 1 1 0 0 0 0 0 0 1 1 0 1 0 0 0 1 1 0 0 0 0 1 0 0 1 1 1 1 0 0 1 1 1 1 1 1 1 1 0 1 1 0 0 1 1 0 1 0 0 1 1 1 0 1 1 1 1 1 1 1 
1 0 0 0 0 0 1 1 1 1 0 0 0 1 0 1 1 1 1 0 0 0 1 1 0 0 0 1 1 1 0 0 0 0 0 0 0 0 1 0 1 0 0 1 1 0 0 0 1 0 0 0 0 1 1 0 0 1 1 1 1 1 0 1 0 0 
1 0 0 0 0 0 0 1 1 1 1 0 0 1 0 0 1 0 0 0 1 0 1 0 1 0 0 1 1 0 0 0 0 0 1 1 0 1 0 0 1 1 0 1 0 0 1 1 0 1 1 1 1 1 0 1 1 0 0 1 0 0 1 0 1 0 
1 1 0 1 1 1 1 1 0 1 1 1 1 0 1 0 1 0 1 1 1 1 1 0 0 1 0 1 0 1 0 1 1 0 1 0 1 0 0 1 1 1 0 0 1 1 1 1 0 0 0 1 1 0 1 1 1 0 1 1 1 1 1 0 1 0 
1 0 0 1 1 1 0 1 0 0 1 1 1 1 1 1 0 1 1 0 0 1 0 1 0 1 0 1 0 1 1 1 1 1 0 0 1 0 0 1 0 1 0 1 0 1 1 0 0 0 0 1 1 0 0 0 0 1 1 0 0 1 1 0 0 1 
0 1 1 0 0 0 1 0 1 1 0 0 0 0 1 0 1 0 1 0 0 1 1 0 1 1 1 0 1 1 1 0 1 0 0 1 0 0 0 0 1 0 0 1 0 1 0 0 0 1 0 0 0 1 0 1 0 1 1 0 1 0 0 0 0 0 
1 1 0 1 1 0 1 1 1 0 1 1 0 1 0 0 1 0 1 0 1 1 1 0 1 0 0 1 0 1 0 0 0 0 1 1 0 1 0 0 1 1 1 1 0 0 1 0 0 0 0 0 1 1 0 1 0 1 0 0 0 0 0 0 1 0 
1 1 1 1 1 0 1 1 1 1 1 0 1 1 0 1 1 1 1 0 0 1 1 1 1 1 1 0 1 0 0 0 0 1 1 1 1 0 0 0 0 1 0 1 1 0 1 0 1 0 0 0 1 1 1 0 0 0 0 1 1 0 1 1 1 1 
0 0 1 1 0 1 0 0 1 1 0 0 0 0 0 0 0 1 0 1 1 0 1 0 0 0 0 1 1 0 0 0 0 0 1 1 1 1 1 0 1 0 0 1 0 0 1 0 1 1 1 1 0 0 1 0 1 1 1 0 1 0 0 0 0 1 
1 1 1 0 0 0 0 0 1 0 1 0 0 0 0 1 1 0 0 0 0 1 0 1 1 1 1 0 1 1 1 0 1 0 1 1 0 1 1 1 0 0 0 0 1 0 0 0 0 0 1 0 1 1 1 0 0 1 0 0 0 0 0 1 0 1 
0 1 1 0 0 1 0 0 1 1 0 1 0 0 1 1 0 0 0 0 1 0 1 1 0 1 1 1 1 0 0 1 1 1 1 1 0 0 0 0 1 0 1 1 1 1 0 1 1 0 1 0 1 0 0 1 0 1 0 1 1 1 0 0 0 0 
0 1 0 0 1 1 0 0 1 1 1 1 1 1 0 0 1 1 1 1 0 1 1 1 0 0 0 0 1 0 0 1 1 0 1 0 0 1 1 1 1 0 0 0 1 0 0 1 1 1 0 0 0 1 1 0 0 1 1 1 1 1 0 1 0 1 
1 0 0 0 1 1 1 1 1 0 0 0 1 1 1 0 1 0 1 0 0 1 1 1 0 1 1 0 0 1 1 1 1 0 0 0 1 1 1 1 1 1 1 1 1 0 1 0 0 0 1 1 0 0 0 0 1 1 1 1 0 0 1 1 0 1 
1 0 0 1 1 1 0 0 0 1 0 1 0 1 0 1 0 0 1 0 0 1 0 1 0 0 0 1 0 0 0 1 0 0 0 1 0 1 1 0 0 0 0 0 1 0 1 1 0 1 1 0 0 1 0 0 0 0 0 0 0 0 1 1 1 0 
0 1 1 0 1 1 0 1 0 1 1 1 0 1 0 1 0 0 1 0 1 1 0 1 1 0 1 0 1 0 0 0 1 1 0 1 1 0 0 1 1 0 0 1 1 1 0 1 1 1 1 0 0 1 1 1 0 1 0 1 1 0 1 1 0 1 
0 1 1 0 0 0 0 0 1 0 1 0 1 1 1 1 1 0 0 1 1 0 0 1 0 1 0 1 0 0 1 0 1 0 1 1 1 1 1 0 1 1 0 1 0 0 0 1 0 0 0 1 1 0 1 1 0 1 0 0 1 1 1 0 0 0 
1 1 1 0 1 1 1 0 0 1 0 0 1 0 0 1 1 1 0 0 0 0 1 1 0 0 0 1 0 0 1 1 1 1 0 1 0 1 1 0 1 1 0 0 1 0 1 0 0 1 1 0 1 0 1 0 1 0 1 1 0 1 1 0 0 1 
1 0 0 0 0 1 1 0 1 0 0 1 0 0 0 1 1 0 0 0 0 1 0 1 0 1 0 1 1 0 0 0 0 1 0 0 0 1 0 0 1 1 1 1 1 1 1 0 1 1 1 1 0 1 1 0 0 1 0 1 0 0 1 0 1 1 
1 0 0 1 0 1 0 1 1 0 0 0 0 0 1 1 1 1 1 0 1 1 0 1 1 0 0 0 0 1 0 1 1 0 1 1 0 1 0 1 1 1 1 0 1 0 1 0 1 0 1 0 0 1 0 1 1 0 1 1 1 1 1 1 0 0 
0 0 1 1 1 1 0 0 1 1 0 0 1 1 1 0 1 1 1 1 0 0 1 1 0 1 1 1 0 1 1 0 1 0 1 0 1 1 0 0 0 0 1 0 1 0 0 0 1 0 0 1 0 1 0 0 0 1 1 0 0 0 1 1 1 0 
1 0 0 1 1 0 1 0 0 0 0 1 1 1 1 1 0 1 0 0 0 1 0 1 1 0 0 0 0 1 1 1 1 1 1 0 1 0 0 0 1 0 1 0 1 0 1 1 1 1 0 1 0 0 1 0 0 1 0 0 0 1 0 1 0 1 
0 0 1 0 0 0 1 1 0 0 1 1 0 0 1 0 0 1 0 1 1 0 0 0 1 0 1 1 1 0 0 1 0 1 0 0 0 1 1 0 1 0 0 1 0 1 1 0 0 1 1 0 0 1 0 1 1 1 0 1 1 0 0 1 1 0 
1 1 1 0 0 1 0 0 0 1 1 0 1 1 1 1 1 1 0 1 0 0 1 0 1 0 0 1 0 0 0 1 1 1 0 1 0 0 1 1 1 0 1 1 0 0 0 1 0 0 1 0 0 0 1 1 0 1 1 0 1 1 0 1 0 0 
0 1 0 0 0 0 0 1 1 0 1 1 0 1 1 1 0 0 1 1 1 1 0 0 0 0 1 0 1 0 0 1 1 0 1 1 0 0 0 1 0 1 0 0 1 0 1 1 0 0 0 1 0 0 0 0 0 1 0 1 1 0 1 0 0 0 
1 1 0 1 0 1 1 1 1 0 1 1 1 1 1 1 0 1 1 0 1 0 0 1 1 1 1 0 0 0 1 1 1 1 1 1 0 0 0 0 0 1 1 1 0 0 0 1 0 1 1 1 1 1 1 1 1 0 1 1 0 0 0 1 0 1 
1 0 1 1 0 1 1 1 0 1 0 0 0 0 0 0 1 1 1 0 0 0 1 0 1 1 0 0 1 0 1 0 1 1 1 1 0 0 1 1 0 1 1 0 1 1 0 0 1 0 1 1 0 0 1 0 1 0 0 0 0 1 0 1 0 0 
