55 54 2494
47 16 44 66 72 5 46 89 34 27 44 42 79 33 95 31 76 43 44 92 27 30 57 63 100 31 92 91 43 1 57 89 69 100 54 40 56 51 80 89 29 23 82 60 8 77 90 83 19 85 27 97 14 83 
59 13 13 3 56 7 55 12 95 23 11 100 15 66 2 94 54 82 69 36 41 76 64 83 10 34 67 36 31 33 70 41 45 34 43 100 40 98 11 86 72 73 85 86 38 38 80 44 20 48 31 60 75 94 
42 84 79 61 72 9 93 93 2 89 79 44 89 70 93 51 56 17 24 92 2 13 30 33 8 49 32 38 60 6 83 54 42 62 14 65 22 58 57 23 46 87 67 86 57 11 37 12 27 12 55 81 76 84 
13 84 84 97 21 44 2 56 49 95 17 62 59 38 71 68 61 16 54 79 2 10 41 90 73 20 53 28 100 28 11 64 63 95 60 36 90 14 91 38 8 7 51 67 96 21 34 56 88 87 86 89 49 27 
30 21 46 82 48 97 62 59 60 24 5 20 59 46 85 49 35 92 7 85 58 3 57 43 58 44 82 44 85 30 22 14 2 67 96 50 63 57 60 74 32 16 45 91 61 29 91 95 21 98 31 30 100 39 
25 9 82 6 4 66 87 25 32 88 43 79 37 5 35 96 31 18 11 75 8 23 4 51 69 76 48 99 5 99 89 29 7 71 86 11 88 72 35 71 60 78 49 48 34 35 96 64 53 58 39 12 81 94 
62 49 69 61 100 25 59 40 6 66 10 91 76 50 15 62 20 26 39 69 73 73 3 68 88 7 26 78 19 58 71 32 58 91 93 9 68 51 49 73 16 58 15 43 59 29 5 31 54 43 99 79 67 53 
46 55 12 23 32 30 80 55 61 38 45 53 46 12 56 94 36 71 4 51 14 62 31 18 44 37 12 94 15 79 47 60 85 10 35 68 39 14 22 51 51 67 56 49 30 11 42 66 81 97 16 46 11 98 
15 54 34 27 48 48 57 46 60 41 55 94 8 45 7 82 95 10 48 2 10 77 12 3 94 45 100 9 90 10 59 5 15 92 83 14 92 91 11 51 83 65 96 90 61 2 71 8 63 70 9 72 99 21 
75 92 65 26 53 6 87 11 62 1 54 96 67 45 86 77 95 68 94 90 10 54 44 32 13 58 2 22 30 52 94 56 43 10 81 47 15 67 9 77 19 63 24 85 7 10 62 54 77 55 95 86 60 90 
18 73 48 71 46 29 74 39 84 68 48 64 15 62 82 23 90 100 37 14 85 44 75 46 49 51 52 95 89 11 85 58 35 32 80 80 12 53 18 95 20 17 10 86 31 91 9 72 42 45 37 26 40 11 
23 40 14 26 35 2 37 19 11 23 2 90 3 13 42 72 59 13 89 68 99 19 10 59 90 51 55 27 29 47 37 3 86 50 29 20 3 17 90 13 39 43 54 41 55 47 65 13 60 53 32 58 71 93 
68 12 96 22 38 24 68 27 78 54 28 6 25 83 74 67 95 13 9 1 5 64 47 69 28 58 73 12 67 95 4 34 7 99 56 96 74 23 74 52 28 2 9 5 84 83 71 30 47 79 82 3 94 29 
24 74 86 96 85 53 43 88 86 49 87 93 96 12 68 70 63 47 71 24 51 6 6 21 87 4 52 21 58 97 49 81 70 86 29 54 90 71 94 28 71 80 20 66 91 39 35 6 86 57 29 36 14 86 
9 53 41 12 73 98 8 73 31 78 10 11 83 100 33 76 79 3 7 50 20 50 89 7 55 74 15 35 61 81 72 69 85 12 80 9 61 88 81 91 17 42 1 99 93 33 27 71 87 33 21 7 82 9 
65 88 34 79 74 94 11 45 63 95 8 94 3 69 81 35 59 49 77 12 100 69 44 26 40 83 58 60 41 92 20 5 31 53 35 5 46 46 1 60 92 9 54 95 77 86 29 87 35 57 98 86 26 94 
11 17 76 20 28 16 11 47 20 42 51 6 98 48 51 98 8 95 58 13 89 86 98 69 73 84 26 22 69 51 15 31 67 90 51 46 5 61 92 76 54 94 82 3 41 84 1 48 78 10 60 18 96 10 
87 68 45 12 89 14 62 56 96 80 45 46 25 2 59 68 77 12 61 10 67 1 94 19 1 23 28 12 41 23 21 27 42 66 90 83 31 3 38 26 34 34 24 58 35 82 77 12 45 89 73 11 89 66 
29 41 41 57 53 33 31 25 11 25 90 100 59 72 2 48 50 35 81 73 44 16 6 20 79 50 8 51 13 48 69 93 41 61 1 93 93 32 17 3 8 59 2 66 82 55 13 31 89 93 55 84 60 12 
3 90 62 62 41 26 61 61 18 1 21 19 45 65 2 62 67 9 72 20 26 53 74 90 36 14 82 90 97 94 2 51 83 15 64 75 92 24 87 9 77 59 79 21 23 80 34 41 40 5 12 65 58 85 
6 93 50 88 34 46 33 87 48 67 1 11 94 44 87 80 53 63 39 31 35 13 63 69 6 54 73 17 71 82 54 76 26 3 15 60 1 47 46 48 66 99 11 59 42 97 38 46 11 28 29 45 93 91 
65 98 96 90 14 66 71 67 42 97 22 8 8 22 55 5 21 20 3 83 30 45 79 19 42 41 99 70 86 91 12 2 40 8 91 5 73 62 24 66 10 45 74 69 18 80 73 90 51 76 73 80 72 3 
98 13 44 96 35 81 38 46 82 77 53 73 82 78 86 57 43 47 1 68 15 70 99 87 59 49 14 31 80 37 34 30 2 77 77 36 57 15 81 90 43 86 62 76 63 47 32 57 45 84 77 59 53 75 
98 12 24 63 94 55 100 27 84 53 55 13 88 63 27 20 53 21 57 66 49 19 65 80 28 9 16 4 20 68 78 17 31 53 31 25 60 82 3 43 34 58 55 73 72 33 93 76 6 49 42 54 20 58 
85 47 66 100 2 37 68 31 5 98 36 36 22 95 17 77 89 51 86 96 75 57 80 67 33 85 68 26 90 39 83 75 37 100 74 38 37 93 20 41 91 55 28 64 1 45 40 90 47 25 85 21 34 16 
40 18 1 59 95 90 49 77 16 85 28 90 74 16 82 93 9 24 48 36 40 48 32 79 89 30 56 25 3 89 41 94 58 93 52 52 34 52 80 50 36 7 91 9 75 72 1 83 48 100 18 87 100 2 
17 40 31 72 65 33 12 57 26 69 49 29 20 82 32 99 83 67 58 73 27 32 97 80 14 44 79 83 82 30 36 98 70 67 22 86 51 85 42 29 54 90 9 25 23 41 76 6 7 33 30 34 16 26 
13 81 21 43 15 54 25 51 52 46 17 25 31 19 9 72 47 14 13 56 91 35 96 66 92 54 50 22 39 17 99 3 97 20 98 11 73 22 13 76 67 81 52 97 100 13 20 46 78 32 53 68 18 100 
85 62 6 34 83 44 50 33 47 98 4 44 61 29 17 73 56 35 54 8 83 53 20 2 50 49 85 55 17 54 54 1 15 59 87 49 55 88 82 53 86 85 48 46 13 64 18 21 98 71 28 80 75 99 
33 77 47 17 31 63 22 84 16 37 95 54 85 1 41 18 53 78 55 100 23 19 15 93 39 12 15 66 43 90 16 27 66 63 95 48 77 16 83 44 52 77 97 89 29 90 6 81 67 12 32 90 31 46 
34 21 9 48 87 51 89 54 77 6 68 23 53 45 39 36 40 90 64 37 30 93 26 88 25 44 99 57 33 81 2 66 2 63 66 40 13 54 93 42 60 61 64 64 57 54 99 96 44 15 84 25 7 61 
12 83 5 11 39 89 43 93 7 44 55 72 83 19 77 28 12 88 88 28 52 96 81 2 43 76 16 27 1 74 39 12 57 43 74 47 84 17 39 90 60 93 61 95 12 89 22 75 77 61 2 80 56 83 
81 98 58 97 76 10 22 15 22 78 9 95 25 92 63 15 33 75 8 45 69 71 34 42 97 10 2 99 89 9 33 21 58 42 69 34 52 91 100 25 20 60 71 96 4 34 11 36 8 70 81 28 92 66 
69 88 27 70 38 67 30 70 87 87 64 8 72 15 98 71 91 69 83 61 65 86 46 27 21 53 48 53 80 39 70 100 78 96 21 16 14 50 37 1 37 100 60 8 66 57 31 8 77 13 69 41 98 14 
19 70 19 66 75 50 56 96 50 34 92 70 1 5 20 37 57 8 89 68 15 6 24 97 14 1 61 34 93 58 99 64 80 17 29 6 67 85 1 16 70 44 37 70 1 56 58 9 15 98 77 82 56 52 
78 21 52 39 54 97 48 52 60 79 21 40 84 87 24 37 54 93 80 90 14 80 98 72 41 12 21 17 93 76 68 71 96 72 61 1 20 8 5 79 39 25 18 22 63 94 10 16 38 90 57 4 21 54 
27 61 18 47 77 10 23 97 32 70 68 44 23 87 4 27 17 42 3 86 15 65 31 25 32 69 14 88 24 34 94 50 47 11 96 75 72 70 71 56 92 38 99 14 76 2 92 92 95 94 78 10 10 8 
34 41 28 99 80 51 84 73 100 30 35 48 5 59 17 75 14 60 65 12 25 40 66 16 32 60 61 9 69 70 68 54 62 96 52 42 98 36 66 98 65 53 97 21 11 65 96 24 25 12 87 49 51 4 
17 82 64 77 42 84 47 62 38 60 57 41 1 6 76 19 3 93 71 51 13 81 16 60 4 40 71 42 40 22 46 56 55 61 33 49 44 31 10 33 90 18 74 43 23 1 61 78 93 31 28 58 11 43 
17 66 34 40 7 74 13 4 29 67 64 13 67 60 43 76 92 85 45 17 27 68 18 87 97 62 17 24 71 79 19 40 44 52 79 2 77 91 6 58 9 69 70 76 28 65 3 72 1 48 40 27 67 9 
13 63 23 81 38 93 59 56 32 54 60 10 55 36 52 60 93 13 81 15 88 60 31 42 83 31 89 23 57 7 83 21 21 5 53 59 98 11 66 29 64 25 91 70 13 94 82 57 6 62 71 45 73 1 
87 56 31 27 30 39 34 12 59 54 17 11 64 66 73 30 46 88 6 88 58 70 82 91 27 39 52 49 84 76 50 22 83 32 48 12 71 81 76 81 87 44 44 2 9 68 83 6 56 89 94 65 10 27 
55 36 17 58 85 100 33 86 21 16 17 21 79 39 53 54 72 39 49 15 41 9 82 23 15 89 63 60 53 73 86 59 60 2 16 44 54 49 29 26 16 98 46 46 36 51 52 59 89 100 73 81 9 7 
56 75 95 70 34 100 42 71 58 54 24 74 97 29 74 78 55 41 75 52 86 62 2 37 21 43 37 45 75 97 51 30 23 98 100 56 97 93 78 54 46 1 79 95 30 4 72 36 44 98 39 30 59 41 
18 31 35 6 76 9 2 78 91 76 75 42 31 23 34 60 29 32 61 7 78 42 63 49 29 6 98 67 87 56 7 5 39 93 10 66 2 64 43 44 39 70 85 22 92 70 81 72 1 93 31 78 86 93 
78 14 98 75 81 85 83 39 41 73 84 2 38 85 65 80 80 56 1 64 77 45 33 9 16 86 54 46 15 91 38 93 57 88 19 89 24 53 27 64 25 62 65 62 46 82 94 77 37 94 40 65 38 73 
25 54 58 30 51 72 73 89 16 29 28 87 17 51 39 95 66 64 57 30 77 54 63 22 31 99 68 70 15 5 94 92 10 51 21 61 75 45 1 90 73 28 76 41 30 67 36 95 82 92 76 58 97 39 
32 27 89 99 49 4 3 42 47 65 45 19 77 19 64 29 60 88 8 36 29 37 2 64 31 35 7 6 92 3 96 75 82 85 73 82 40 28 23 86 92 67 56 20 37 19 48 97 7 55 84 35 43 37 
50 73 71 8 30 14 10 26 89 43 62 61 24 1 88 99 38 31 65 93 2 54 12 49 50 70 55 85 56 97 21 5 21 43 12 3 56 73 80 44 68 41 57 91 41 96 89 78 79 6 22 80 11 85 
81 12 54 35 96 9 84 16 65 56 10 28 58 65 53 37 61 20 29 69 62 69 64 3 98 42 8 72 74 70 56 54 81 10 88 76 70 23 43 87 79 52 14 88 16 18 77 28 37 5 96 99 26 12 
1 75 53 60 46 26 29 2 79 9 63 19 84 32 41 78 70 71 29 36 59 96 53 87 24 90 91 71 40 68 82 40 43 87 99 88 12 79 41 43 87 3 13 22 87 5 99 56 76 79 91 86 26 44 
24 49 33 14 72 72 34 53 63 76 39 13 15 3 91 56 97 29 58 9 2 44 65 52 100 40 82 42 77 7 85 100 56 69 66 79 92 99 31 54 26 22 18 92 24 8 47 20 88 57 80 41 52 44 
92 3 36 73 45 12 80 29 64 87 50 81 65 41 31 47 47 56 68 64 47 91 24 46 62 11 2 93 52 53 37 95 8 72 68 52 35 99 32 50 37 81 30 53 74 60 99 20 67 67 35 66 9 58 
11 23 21 64 15 72 68 3 18 75 26 37 78 61 35 10 62 23 42 44 75 67 55 74 38 22 92 73 39 52 30 1 74 50 64 41 73 83 43 91 10 69 79 87 81 14 48 42 88 42 85 63 8 92 
88 46 65 31 18 3 82 99 3 8 1 18 48 73 100 90 15 9 58 94 96 90 59 95 32 46 36 68 60 44 59 47 41 23 77 58 77 11 8 79 18 8 96 65 81 48 6 47 56 64 40 3 53 98 
1 1 1 0 1 0 1 1 1 1 0 1 0 0 1 0 1 0 1 0 0 1 1 0 0 1 1 1 1 1 1 0 1 0 1 0 0 0 1 1 0 1 1 0 0 0 0 1 1 0 1 1 1 1 
1 1 0 0 1 1 0 0 0 1 0 1 1 0 1 0 0 1 0 1 0 0 1 0 1 0 0 0 0 0 1 1 1 1 0 0 1 0 0 1 1 0 0 0 1 1 0 1 1 0 0 1 0 1 
1 1 0 0 0 0 0 1 1 1 1 1 0 0 1 0 1 0 1 1 0 0 0 1 1 1 1 1 0 0 0 0 1 0 0 1 0 0 1 0 1 0 1 1 0 1 0 1 1 1 0 0 1 0 
1 0 0 0 1 0 0 1 0 0 0 0 1 0 0 0 0 0 0 0 1 0 1 1 1 0 0 1 0 1 0 1 1 0 0 0 0 0 0 1 0 0 1 0 0 0 0 1 0 1 1 1 1 0 
1 1 0 1 0 1 1 0 0 0 0 0 1 1 1 1 0 1 1 1 1 1 1 0 0 1 1 1 1 0 1 0 1 0 1 0 1 0 0 1 1 1 0 0 0 1 1 0 0 0 1 0 1 1 
0 0 0 1 1 1 1 1 1 1 1 1 1 0 1 1 1 0 0 1 0 0 0 1 0 1 1 0 1 1 1 1 1 1 0 0 1 1 1 0 0 0 1 1 0 1 1 0 1 1 1 0 0 0 
1 0 1 1 0 0 0 1 1 1 1 1 1 0 0 1 0 1 1 0 0 0 1 1 0 0 1 1 0 1 1 0 1 0 1 0 0 1 1 1 0 0 0 1 0 1 0 1 0 0 1 0 0 0 
0 0 0 1 1 1 0 1 1 1 1 0 1 0 1 1 1 1 1 0 0 0 1 1 1 1 1 0 1 1 0 1 1 0 0 0 1 0 1 0 0 1 0 1 1 1 0 0 0 0 0 1 0 1 
0 1 0 1 1 0 0 1 1 1 1 0 1 1 0 1 1 0 0 0 0 1 1 0 1 0 0 0 1 0 1 1 1 0 0 0 0 0 1 1 1 1 1 0 0 0 1 1 0 1 1 0 0 1 
1 0 1 1 0 0 0 1 1 1 1 1 0 1 1 1 1 0 0 0 0 0 0 0 0 1 1 1 1 0 0 0 0 1 0 0 1 0 1 0 1 1 1 1 0 0 1 1 0 1 0 1 0 0 
1 0 1 0 1 1 0 0 1 0 1 1 0 1 1 0 1 1 1 1 0 1 1 1 1 0 1 1 1 1 1 0 1 1 0 0 0 1 0 1 1 0 1 0 1 0 0 0 1 1 1 0 0 1 
1 1 1 0 0 0 1 0 0 0 1 0 1 1 1 1 0 1 1 1 1 0 0 1 1 1 0 0 1 0 1 1 0 0 1 0 0 1 0 0 1 1 1 0 0 0 0 1 1 1 0 0 0 0 
1 1 0 1 1 1 0 1 0 0 1 0 0 0 1 1 0 0 0 1 1 1 0 1 0 1 0 0 0 0 1 1 1 1 1 1 0 1 0 1 1 1 1 1 1 0 0 0 0 1 1 1 0 1 
0 0 1 1 0 1 1 1 0 1 0 1 0 1 0 0 0 1 1 1 1 1 1 1 1 1 0 0 1 0 0 1 0 1 0 1 0 0 0 0 1 1 0 1 0 0 1 0 0 0 1 1 1 0 
0 0 1 1 1 0 1 1 0 0 0 0 1 0 0 1 0 1 0 0 0 0 1 1 0 1 0 1 0 1 1 0 0 1 1 1 1 1 0 1 1 0 0 0 0 0 1 0 0 0 1 0 0 0 
0 1 1 0 0 1 1 0 1 1 1 1 0 0 0 0 0 1 0 0 1 0 0 0 1 0 0 0 1 1 0 1 0 1 1 0 0 0 0 1 0 1 0 0 0 0 1 0 1 1 0 0 0 0 
1 1 1 1 1 0 0 1 1 0 0 0 1 0 0 1 1 0 1 0 1 1 0 0 1 0 1 1 0 1 1 1 0 0 1 1 0 1 0 1 0 0 1 1 0 0 0 0 0 1 0 1 0 0 
1 1 0 1 0 1 0 0 0 1 0 1 0 1 1 1 0 1 1 0 0 0 0 0 0 0 0 0 0 0 0 1 0 1 0 0 0 1 0 0 0 1 0 0 0 1 1 0 0 1 0 0 1 0 
0 1 1 0 1 1 1 1 0 1 0 1 1 0 0 0 1 0 1 1 0 1 0 0 1 0 1 0 0 0 0 0 1 1 1 0 0 0 1 1 1 0 0 0 0 0 0 1 0 1 0 0 0 0 
0 0 0 1 0 0 1 0 1 0 0 0 0 0 0 0 1 1 0 1 1 0 1 0 0 1 1 0 0 0 1 0 0 1 0 0 0 1 0 1 0 0 1 0 1 1 0 0 0 0 0 1 1 1 
1 1 1 1 1 1 1 0 1 1 0 1 1 0 1 1 1 1 0 0 1 1 1 0 1 1 0 1 0 1 1 0 0 0 1 0 1 0 0 0 1 0 0 0 0 1 1 1 0 1 1 1 0 0 
1 0 1 0 1 0 1 0 0 0 0 1 0 1 1 0 0 0 1 0 0 1 1 1 1 1 1 0 0 1 1 0 1 0 0 1 0 1 1 0 1 0 1 1 1 0 0 1 0 1 1 0 0 0 
0 1 1 1 0 0 0 1 0 0 1 0 1 0 1 0 0 1 0 0 0 0 0 0 1 1 1 1 1 0 1 1 1 1 0 1 1 1 0 1 1 0 1 0 0 0 0 0 1 1 0 0 1 1 
0 0 0 0 1 1 0 1 1 1 0 1 1 1 0 1 0 1 1 1 1 1 1 0 0 1 1 0 1 0 1 1 0 1 1 0 1 1 1 0 1 1 1 0 0 0 1 0 1 1 1 1 0 0 
1 0 1 0 1 0 0 0 0 0 0 1 0 1 1 1 1 0 0 0 0 0 0 1 0 0 0 1 1 1 0 0 1 1 0 0 0 0 1 0 0 1 1 1 0 0 0 1 0 1 1 0 1 0 
0 0 0 0 1 1 1 1 1 1 1 1 1 1 1 0 1 1 1 0 0 1 1 1 0 1 0 0 0 1 0 0 1 0 0 1 1 0 0 0 1 1 1 0 0 0 1 1 1 0 0 0 0 1 
1 0 0 1 0 0 0 0 0 0 0 1 1 1 1 1 1 0 1 0 0 1 0 1 1 0 0 1 0 0 0 1 0 0 0 1 1 0 1 1 0 0 0 1 1 1 1 1 1 0 1 0 1 0 
1 0 0 1 1 0 1 1 1 0 0 1 1 1 1 0 0 0 0 1 1 0 0 0 1 0 0 0 0 0 0 1 0 0 1 0 0 0 1 1 0 1 0 1 0 0 0 1 0 0 0 1 0 0 
0 1 0 0 0 0 0 0 0 1 1 1 1 1 1 0 1 0 0 1 1 0 1 1 1 1 0 1 1 0 0 1 0 0 1 0 1 0 0 1 1 1 0 0 1 1 0 0 1 0 1 1 1 1 
0 0 0 0 0 1 1 0 0 1 0 0 1 1 0 1 0 1 1 0 1 0 0 1 0 1 0 1 0 1 0 1 1 1 1 1 0 0 1 1 1 0 1 0 1 1 0 0 0 1 0 1 1 0 
0 1 0 0 0 0 1 1 1 1 0 1 0 0 1 0 1 1 0 0 1 1 1 1 1 1 0 0 0 1 0 1 0 0 1 1 1 1 0 0 0 0 1 0 0 1 0 0 0 0 0 1 0 0 
1 1 1 1 1 0 1 0 1 1 0 0 0 1 1 0 0 1 0 1 0 1 0 0 1 0 1 1 0 1 1 1 0 1 0 0 1 1 0 0 1 0 0 1 0 0 0 0 1 0 1 1 1 0 
0 0 0 1 0 0 0 1 1 0 0 0 0 1 1 0 1 0 1 0 0 1 0 0 1 1 0 0 1 0 0 1 0 1 0 0 1 0 0 1 0 0 1 1 0 0 1 1 1 0 1 1 1 1 
1 0 1 1 1 0 1 1 1 0 0 1 0 0 1 0 1 1 1 0 0 1 0 0 0 1 0 0 0 0 1 1 0 0 1 1 0 0 1 1 0 1 0 1 1 1 1 0 1 0 0 1 1 1 
1 0 0 0 0 1 0 1 0 0 0 1 0 0 0 1 0 0 0 0 1 0 0 1 0 1 1 1 0 1 0 0 1 0 0 1 1 0 0 0 0 0 1 0 1 1 1 1 0 0 1 1 0 1 
0 0 0 0 1 1 1 1 1 0 0 1 1 1 1 1 1 1 0 1 0 1 0 1 0 0 1 1 0 1 1 0 0 1 0 1 0 1 1 1 1 1 0 0 0 1 0 0 1 0 1 1 1 1 
0 1 0 0 0 0 1 1 0 1 1 1 1 1 0 0 1 0 1 1 0 1 1 0 1 0 0 0 1 1 0 1 0 0 1 1 0 1 0 0 0 1 1 1 1 0 1 0 0 0 1 0 0 0 
1 1 0 1 0 1 1 0 1 1 0 0 0 0 1 1 0 0 0 0 1 1 0 1 1 0 1 1 0 1 1 1 1 0 1 1 1 0 1 0 1 1 1 0 1 0 1 1 0 1 1 0 1 1 
1 0 1 0 1 0 0 1 1 1 1 0 0 0 0 1 1 0 0 0 0 1 0 1 0 1 0 0 1 1 1 0 0 1 0 1 1 0 0 0 1 1 1 1 0 1 0 1 1 0 1 1 1 1 
0 0 0 1 0 1 0 1 1 0 0 0 0 1 0 0 0 0 0 1 1 0 0 0 1 0 0 0 1 0 1 0 0 0 1 0 1 1 1 1 0 0 1 0 1 1 0 1 1 0 0 1 0 1 
1 1 1 1 1 0 1 1 0 1 1 1 1 0 1 1 1 1 1 0 1 0 0 1 0 1 0 0 0 0 1 1 0 0 1 1 1 0 0 1 0 1 1 1 0 0 0 1 1 1 0 0 0 0 
1 0 1 1 0 0 0 0 1 0 0 0 1 1 1 0 1 1 1 0 0 1 0 1 1 1 0 1 1 0 1 0 0 0 0 1 0 0 1 0 0 1 0 1 1 1 1 0 0 1 0 1 0 0 
0 1 1 0 0 0 1 1 0 1 0 0 0 0 0 1 0 0 1 1 0 0 0 1 0 1 0 0 0 1 0 0 0 1 0 1 1 1 0 1 1 0 0 1 1 0 1 1 1 0 0 1 0 1 
0 0 0 1 0 0 0 0 0 0 1 0 1 0 0 0 1 1 0 1 0 1 0 1 1 1 1 1 0 1 0 0 1 0 1 1 0 1 1 0 0 0 1 1 0 1 1 0 0 0 1 0 1 1 
0 0 0 1 0 0 1 0 1 0 1 0 0 1 0 1 0 0 0 1 1 0 0 1 0 0 1 0 0 0 1 0 1 0 0 1 0 1 1 1 1 0 0 1 0 0 1 0 0 1 1 1 1 1 
0 0 1 1 0 1 0 1 0 1 1 0 0 0 1 1 1 0 0 1 0 0 1 1 0 1 0 1 1 1 0 1 1 1 1 1 0 1 1 0 0 0 0 0 0 1 1 0 0 1 1 0 1 1 
1 1 0 1 0 1 0 0 1 0 1 0 1 0 1 0 0 1 1 1 1 1 0 0 1 0 0 1 0 1 0 1 1 0 0 1 0 1 0 1 1 1 1 0 1 0 1 0 1 0 1 0 1 1 
0 1 0 0 0 0 0 0 0 1 0 0 0 0 1 0 1 0 0 0 1 1 0 0 1 1 0 0 1 1 0 0 0 0 0 0 0 0 0 0 1 1 1 0 1 0 0 1 1 0 1 0 0 0 
0 1 1 0 0 1 1 0 1 0 0 1 0 0 0 1 1 1 0 0 1 1 0 0 0 1 0 0 1 0 0 1 0 1 1 0 0 1 0 1 1 0 1 1 0 1 0 1 0 0 1 0 0 0 
0 0 1 0 0 1 1 0 0 1 0 0 1 0 1 1 0 0 1 1 1 1 0 0 1 0 0 0 0 0 0 0 1 0 1 1 1 0 0 1 1 0 1 0 0 0 1 0 0 0 1 0 1 1 
0 0 0 0 1 0 1 1 1 0 1 0 1 0 0 1 0 1 1 1 1 0 0 0 0 0 0 0 0 1 1 0 0 1 1 1 0 0 0 1 0 0 1 1 0 1 1 0 0 0 0 1 0 0 
1 1 0 1 1 1 0 0 1 0 0 0 1 0 0 0 1 0 0 0 0 0 1 1 1 1 1 1 0 0 1 1 1 1 0 0 0 0 0 0 1 0 0 0 0 1 0 1 1 0 1 1 1 0 
0 0 1 0 1 1 0 0 0 1 1 0 1 0 1 1 0 0 0 0 0 0 1 1 0 1 1 1 0 0 0 1 0 1 1 1 1 1 1 1 0 1 0 1 1 1 0 1 1 0 1 1 1 1 
0 1 0 0 0 0 0 0 1 1 0 0 0 1 1 0 0 1 1 0 0 0 1 1 1 0 1 0 0 0 1 0 1 1 0 0 0 1 0 1 0 0 0 0 1 1 0 0 1 1 0 1 1 0 
0 0 0 0 1 0 0 0 1 0 0 1 0 0 0 0 1 0 1 1 1 0 1 1 0 0 1 1 1 0 1 0 1 1 0 0 0 0 0 1 0 0 0 0 0 1 1 0 1 0 1 0 0 0 
