48 61 1517
34 41 78 79 27 75 78 59 49 31 6 14 45 95 8 86 14 99 53 35 31 42 82 35 71 78 66 46 98 18 54 31 59 31 61 85 57 38 95 5 20 53 70 64 47 77 50 12 75 54 46 6 95 79 40 65 8 57 63 5 27 
16 87 37 99 99 73 55 36 68 12 8 72 81 71 70 10 72 81 84 25 79 41 20 57 32 36 65 89 98 21 67 66 60 3 64 58 75 70 46 94 33 53 65 66 75 34 75 99 67 10 23 45 3 94 53 34 30 69 74 79 90 
40 44 1 42 59 10 69 81 55 62 13 59 27 78 86 12 4 84 78 66 6 74 68 52 27 1 33 95 75 11 36 66 7 88 60 17 98 28 97 4 89 62 63 67 91 48 31 95 83 60 60 88 34 27 91 12 79 23 58 5 34 
46 71 92 33 30 8 30 9 57 34 97 18 48 16 8 47 46 54 29 5 65 68 38 91 59 1 22 81 59 26 66 4 48 57 88 29 17 70 37 73 55 34 42 2 49 49 48 46 55 28 50 19 95 40 62 53 40 83 86 50 60 
51 5 8 60 45 36 76 14 73 48 68 58 41 21 58 89 20 3 95 47 4 14 41 43 75 46 35 9 31 84 68 81 41 27 92 85 63 67 98 87 66 17 96 6 37 53 47 56 7 41 2 10 54 94 53 80 91 87 88 21 22 
8 54 14 34 45 98 48 64 47 34 29 15 29 35 51 33 81 58 39 21 11 49 27 5 53 6 95 91 94 68 64 53 73 78 86 69 27 34 32 26 19 61 40 100 47 91 32 27 48 23 99 59 71 25 15 75 83 61 65 28 80 
28 80 52 57 65 21 84 50 4 61 69 64 100 68 10 42 99 88 90 21 39 100 43 15 66 17 97 78 33 24 58 13 3 9 69 20 81 4 69 85 64 37 100 16 56 62 57 55 1 98 27 39 97 22 54 14 90 2 92 75 78 
49 87 80 9 7 51 42 63 20 78 26 8 77 41 64 90 50 70 91 47 48 81 96 69 86 9 11 88 100 85 65 100 23 96 9 29 99 2 91 18 79 69 77 7 61 40 97 10 61 87 57 9 67 52 29 5 60 39 92 12 75 
8 11 97 3 71 26 1 72 68 70 2 36 99 9 97 90 57 6 51 95 62 11 13 65 39 17 25 30 8 36 56 15 98 53 70 21 30 22 44 97 44 46 33 42 6 81 31 62 86 33 56 100 43 68 64 34 85 40 63 44 27 
70 11 25 74 32 97 3 53 40 52 48 37 36 89 42 16 72 55 53 4 62 52 47 30 68 80 66 7 94 61 34 15 71 10 89 2 58 91 7 97 94 54 34 29 95 27 44 18 34 49 21 95 52 19 76 19 50 93 78 95 54 
63 10 76 72 98 30 81 40 36 77 34 41 62 62 87 41 58 4 74 6 77 20 57 95 96 28 45 88 5 39 93 67 100 69 90 97 98 70 89 85 98 22 77 60 35 16 52 92 19 25 49 47 44 6 42 91 85 86 31 89 76 
23 7 76 43 96 24 92 17 12 28 14 85 57 25 20 72 76 63 42 52 12 89 48 69 30 38 53 67 68 93 94 43 99 21 37 46 45 29 14 8 8 79 93 64 4 64 35 31 26 77 83 89 17 82 9 46 19 13 64 39 5 
57 81 55 78 69 52 74 97 65 81 5 44 25 20 99 88 55 81 14 83 15 2 99 96 63 96 15 75 11 5 80 67 37 86 96 5 38 21 54 2 2 10 97 78 29 47 66 83 28 79 17 94 32 15 90 94 62 56 69 72 12 
100 91 48 85 38 52 22 59 5 76 12 14 24 89 95 23 54 77 2 84 94 95 68 60 36 61 74 91 81 45 2 32 35 49 17 73 53 90 83 9 17 94 75 41 34 69 63 40 97 64 23 42 10 90 2 46 3 75 36 35 71 
90 67 6 90 35 30 94 76 64 3 93 9 77 85 42 97 47 81 93 62 4 35 23 45 36 68 99 62 56 86 84 45 52 89 86 38 70 80 13 33 82 5 41 10 89 35 6 87 15 98 100 70 84 23 67 71 90 65 32 45 2 
16 41 53 56 27 90 78 6 55 62 39 59 55 48 100 89 5 38 55 54 38 77 38 12 43 8 1 59 92 98 61 59 38 65 66 16 7 95 21 61 57 11 71 63 10 22 3 14 60 57 20 97 85 9 8 79 68 60 38 59 9 
50 69 99 66 87 14 72 81 87 84 89 97 7 51 7 28 53 72 87 62 43 35 98 51 94 77 19 54 66 29 14 15 50 12 32 36 78 4 16 64 39 5 12 45 7 70 73 12 94 11 25 36 46 22 39 39 98 9 44 63 89 
10 29 38 21 61 73 50 16 41 13 54 97 77 51 3 46 75 14 91 85 38 27 82 60 17 21 9 25 16 72 65 25 100 3 98 12 27 47 27 67 12 33 15 88 83 18 33 57 83 24 93 73 2 75 32 70 47 92 46 14 63 
10 39 15 64 36 26 91 34 5 9 45 37 24 32 71 41 17 79 75 92 71 47 45 97 30 14 95 22 59 9 84 68 47 50 84 34 28 74 19 32 82 64 68 57 47 38 49 63 68 24 54 38 70 98 87 100 63 81 21 21 89 
56 41 87 58 24 72 85 49 91 16 30 54 35 39 100 24 87 15 91 10 68 80 80 18 66 31 32 47 3 53 87 58 45 74 67 20 45 51 68 35 18 49 40 4 87 40 79 74 6 21 83 25 1 14 94 18 44 26 16 98 78 
3 8 74 28 74 93 72 77 60 59 94 8 98 50 95 89 28 20 94 1 54 19 53 68 12 70 63 37 38 61 66 92 68 39 19 93 83 42 69 42 100 63 2 50 64 48 38 91 67 84 43 72 54 95 39 17 17 54 6 54 14 
71 97 33 62 15 25 96 8 94 38 60 8 91 9 71 38 98 13 56 33 56 27 86 50 18 3 18 71 8 71 36 30 19 68 43 33 44 39 93 37 28 52 96 70 60 66 59 9 31 14 42 86 92 27 87 61 81 5 83 40 27 
18 22 46 37 16 30 81 54 22 69 33 25 17 2 84 34 60 45 64 25 86 1 69 64 88 29 45 44 12 36 22 81 57 67 18 73 49 50 78 22 70 11 47 86 64 82 20 24 26 83 100 63 36 68 27 23 49 23 18 12 58 
39 92 67 58 61 91 58 62 68 79 32 30 77 69 46 11 88 21 36 23 20 99 58 40 77 32 88 99 1 51 8 39 94 74 48 7 16 57 68 84 36 51 65 64 20 62 74 59 82 62 33 2 12 42 93 88 73 80 38 25 82 
45 16 75 71 63 81 86 20 1 21 7 51 38 22 22 99 96 33 81 57 65 34 68 7 26 7 31 57 44 56 38 88 71 64 58 85 97 96 56 97 16 14 99 53 36 21 52 31 5 32 39 69 17 58 27 42 64 10 98 7 17 
87 46 39 50 56 75 46 51 31 42 66 44 93 71 31 65 22 61 69 5 51 89 21 8 68 14 23 77 11 81 45 97 27 83 98 34 9 44 36 39 37 1 35 29 23 65 45 44 78 13 100 80 54 72 88 21 85 62 49 95 43 
45 43 21 79 41 54 87 36 89 78 72 41 12 53 64 28 49 59 57 14 59 37 67 82 76 39 67 37 87 61 31 31 56 51 9 48 4 95 83 44 24 6 85 35 10 100 15 59 58 23 72 68 59 38 50 86 28 68 75 14 28 
5 96 35 8 4 82 11 50 16 7 74 22 43 60 83 42 26 41 51 49 64 71 59 1 72 45 80 39 71 93 18 27 88 53 34 43 86 97 45 2 3 70 75 45 81 57 38 7 98 88 55 61 10 65 14 81 61 93 71 31 38 
89 58 77 93 43 72 30 39 16 31 41 37 57 37 17 14 74 23 63 14 29 23 23 46 88 56 6 33 78 89 22 18 98 98 10 40 69 40 79 36 22 71 72 79 8 41 92 81 15 6 46 96 80 21 41 68 76 46 52 5 34 
73 23 31 22 32 23 43 23 1 78 97 71 2 75 78 94 18 11 8 75 56 3 54 28 43 73 3 41 24 60 26 48 82 9 22 65 31 64 88 31 41 36 53 94 62 83 87 31 93 95 5 100 49 58 28 44 31 82 84 6 41 
9 54 74 69 75 39 99 90 78 81 30 13 34 76 74 68 14 4 12 60 8 63 9 17 90 52 47 24 35 53 16 95 58 90 64 84 28 14 73 5 95 54 69 80 29 42 99 43 97 10 2 56 72 62 72 14 13 19 89 99 23 
4 46 80 45 9 63 24 74 87 80 68 40 48 99 21 41 97 63 37 6 16 92 30 78 16 43 42 34 31 41 8 86 38 87 83 46 1 6 71 39 86 91 78 85 89 98 26 38 12 14 95 80 58 24 9 73 18 2 58 100 94 
65 38 31 3 20 28 55 25 99 93 62 89 22 47 77 72 24 66 83 37 61 14 46 84 22 18 54 24 75 53 17 91 90 100 45 9 27 99 86 25 43 47 13 65 45 42 36 68 7 70 57 19 36 2 3 9 72 8 84 98 60 
53 89 2 52 33 62 78 84 47 3 26 46 67 42 42 8 29 62 67 51 18 85 86 71 39 94 42 46 78 40 58 82 80 59 33 64 20 10 47 19 64 73 64 31 66 5 90 95 66 8 97 35 93 34 58 83 27 51 29 56 90 
38 37 21 96 21 85 67 31 31 85 46 55 48 76 73 5 18 19 22 25 15 9 69 48 66 52 26 16 32 34 58 69 22 78 16 43 14 82 73 45 67 18 51 66 46 23 70 63 41 44 39 7 52 8 54 69 11 80 84 42 65 
93 62 86 23 77 28 36 58 52 80 76 22 83 42 19 5 63 81 98 6 71 4 9 30 10 77 40 41 13 33 5 5 94 90 27 22 70 15 32 21 94 7 94 28 48 12 85 11 44 82 68 15 37 77 44 98 5 84 38 17 68 
42 74 62 84 52 83 53 66 14 25 12 73 19 39 20 30 75 82 74 56 2 40 45 30 83 42 34 18 80 3 86 73 28 99 8 79 33 12 97 99 89 60 71 7 98 42 88 73 76 13 80 77 52 76 6 87 70 91 56 1 93 
93 73 72 91 33 3 76 96 99 74 84 58 96 42 7 89 82 31 64 94 63 40 98 38 45 36 7 36 91 7 80 36 32 52 26 16 54 53 11 4 78 95 61 73 88 19 62 69 50 25 15 64 17 12 1 13 99 60 100 41 18 
80 76 1 83 54 16 88 6 79 91 84 25 3 8 12 21 69 81 22 46 95 85 14 58 38 26 56 49 26 96 66 57 72 19 91 25 34 78 82 64 20 65 88 22 73 100 94 93 32 68 90 26 52 3 35 41 29 90 89 6 37 
7 14 60 25 4 36 10 81 18 74 52 34 61 25 58 12 18 51 43 37 40 20 41 95 54 81 75 95 70 80 32 28 93 43 52 96 79 61 28 48 86 31 81 47 55 39 58 24 41 53 61 32 72 1 26 26 81 100 72 2 31 
55 29 23 98 32 70 76 93 49 75 30 79 55 76 85 45 86 9 37 38 69 69 61 21 46 38 53 98 10 55 28 64 35 51 61 67 72 88 11 21 62 40 51 69 68 36 65 5 96 2 94 16 22 54 36 67 92 88 16 1 94 
44 16 81 46 77 99 17 16 9 89 30 100 40 50 19 27 66 23 22 67 16 37 40 22 24 59 13 63 74 65 9 17 32 89 62 60 87 31 76 47 19 57 98 10 6 17 88 71 39 61 90 7 97 81 28 72 39 92 35 65 8 
43 33 39 83 47 51 69 77 26 67 47 34 64 9 39 80 96 61 71 57 50 29 5 83 56 29 73 99 63 37 58 57 70 48 39 68 98 59 44 75 77 42 8 40 50 98 72 98 59 94 6 60 22 10 94 29 90 67 79 52 3 
36 60 24 83 98 43 33 8 86 7 84 80 67 76 29 16 47 78 74 92 83 86 13 45 79 41 34 45 71 38 100 6 97 75 40 95 18 72 54 55 31 38 34 49 13 15 64 11 92 90 2 27 27 66 71 5 58 4 2 28 41 
53 33 38 27 24 84 96 96 89 3 78 26 36 26 90 2 41 52 46 30 53 72 56 18 42 13 27 97 14 54 38 18 38 27 96 62 62 92 57 50 94 86 28 81 63 17 83 3 69 28 33 73 99 40 43 92 52 69 88 17 23 
77 34 12 3 82 73 16 73 81 66 18 66 45 50 28 61 84 31 81 63 15 54 13 54 48 4 58 16 92 26 90 68 60 2 23 93 74 38 17 55 55 34 72 99 35 100 12 19 82 92 81 48 97 94 53 44 49 10 12 40 36 
1 60 47 54 82 39 80 71 55 86 26 40 57 76 74 8 87 44 41 79 77 88 27 70 41 23 70 2 34 10 89 86 21 87 40 54 25 71 24 31 56 1 22 12 77 48 72 15 91 12 45 67 100 72 88 92 94 58 45 27 19 
34 64 91 20 3 44 97 73 19 79 80 20 1 44 48 100 15 14 90 26 59 9 77 82 48 68 75 57 13 53 27 98 16 17 69 71 12 17 95 31 96 27 2 48 70 1 47 84 14 88 9 72 48 86 53 48 5 79 4 69 31 
0 1 0 0 0 0 0 0 0 0 1 0 1 0 1 1 0 0 0 0 1 0 1 0 0 0 0 1 0 1 1 0 0 1 0 0 1 0 1 0 0 0 0 1 1 0 0 1 0 1 1 1 1 1 1 1 1 0 0 1 1 
0 1 1 1 0 0 1 0 1 1 1 1 1 0 0 1 1 0 0 0 1 1 1 0 1 0 0 1 1 1 0 1 1 1 0 1 1 1 1 0 0 0 0 0 1 0 1 0 0 1 0 0 1 1 0 0 1 0 1 0 0 
1 1 1 0 0 0 0 1 1 0 0 0 0 0 1 1 1 1 1 1 1 1 0 0 0 0 1 0 1 0 0 0 1 1 0 1 1 0 1 1 1 1 1 1 1 0 0 0 1 0 1 0 1 1 0 1 1 1 0 0 1 
0 0 1 0 1 0 1 1 1 0 0 0 1 0 1 1 0 0 0 0 1 0 0 1 0 1 0 0 1 1 1 0 1 0 0 0 1 1 0 0 0 0 1 1 0 0 1 1 0 1 1 0 0 1 1 0 1 1 0 0 0 
0 0 0 0 0 0 1 0 0 0 0 1 1 1 1 1 0 0 0 0 0 0 0 1 1 0 0 0 1 1 1 1 1 1 1 0 1 1 0 0 1 0 1 0 1 0 1 0 1 1 0 1 1 0 0 0 0 1 1 1 0 
0 0 1 1 0 1 0 1 1 0 0 1 1 0 1 0 1 1 1 1 1 0 0 1 0 1 1 1 0 1 1 0 1 1 1 1 0 1 0 0 0 0 1 1 0 0 1 0 1 0 1 0 0 1 1 1 0 1 0 0 0 
0 0 1 1 1 1 1 1 1 1 1 0 1 0 0 1 0 0 1 0 1 1 1 1 1 0 1 0 0 0 0 0 0 1 1 0 0 1 1 0 0 0 0 1 0 0 1 0 1 0 1 0 1 0 1 0 0 1 0 0 1 
0 1 1 0 0 1 0 1 0 0 0 0 0 1 1 1 0 1 0 0 0 0 0 0 0 0 0 1 1 1 0 1 0 1 1 0 1 0 0 1 0 0 0 1 1 1 0 0 0 0 0 1 0 0 1 0 1 0 1 0 1 
1 1 1 1 1 1 0 1 1 1 1 1 1 0 1 0 0 1 1 0 1 0 1 0 1 1 1 1 1 1 0 0 0 1 1 1 1 1 0 0 1 0 0 0 0 1 1 1 0 0 1 1 0 0 1 1 0 0 1 1 1 
1 1 0 1 1 1 0 0 0 0 1 0 0 0 0 1 1 1 1 1 1 1 1 1 0 0 1 1 1 0 0 1 0 0 0 1 0 0 1 0 0 1 0 1 1 0 0 0 0 0 1 1 1 0 0 1 0 0 0 0 0 
1 1 0 1 1 1 1 1 1 1 1 0 1 0 1 0 1 1 0 1 0 1 0 0 1 1 0 1 0 0 0 1 1 0 0 0 0 0 1 1 1 1 1 1 1 0 1 0 1 1 1 1 0 1 1 1 1 1 1 1 0 
1 0 1 1 0 0 1 0 1 0 0 0 1 1 0 1 0 0 0 1 0 1 1 1 0 0 0 0 1 1 0 0 1 1 0 0 1 1 0 1 0 0 1 1 1 1 1 1 0 1 0 0 1 1 1 1 0 0 1 1 1 
1 0 1 1 0 1 0 1 1 1 1 0 1 1 1 0 0 1 0 1 1 0 0 1 0 0 1 0 1 0 1 1 0 0 0 0 1 0 0 1 0 1 1 1 0 0 1 0 1 0 0 1 0 0 0 0 0 1 0 0 1 
0 1 0 0 1 0 0 1 0 1 1 0 0 0 0 0 0 1 0 0 1 1 0 1 1 1 0 0 1 0 1 1 1 1 0 0 0 0 1 0 1 1 0 1 1 1 1 1 0 1 1 1 0 0 0 1 1 0 1 0 0 
1 0 1 0 0 1 0 0 1 1 1 0 1 0 1 0 1 1 0 1 0 1 1 0 0 1 1 0 0 0 1 1 0 0 0 0 0 0 0 1 1 1 1 1 1 0 1 0 1 0 1 0 1 1 0 1 0 0 0 0 0 
1 0 0 1 0 0 1 0 0 0 0 1 1 1 0 0 0 0 1 0 0 1 0 1 0 1 1 0 1 1 0 0 1 0 0 1 0 1 0 0 0 0 1 1 1 1 1 1 1 1 0 1 0 0 0 0 1 1 0 1 1 
0 1 0 0 1 0 0 1 0 0 1 0 1 0 1 0 0 0 0 1 0 1 1 0 0 0 0 1 0 1 0 1 0 1 1 0 1 0 1 1 0 0 1 0 0 0 0 0 0 0 1 1 0 1 1 0 1 1 1 1 0 
0 0 1 1 0 1 0 0 0 1 0 0 0 0 0 0 1 1 0 1 0 1 1 1 1 1 0 0 1 0 1 1 0 0 0 0 1 0 0 1 1 1 1 1 1 1 1 0 0 1 0 1 1 1 0 0 1 1 0 0 1 
1 1 1 1 1 0 0 1 0 1 0 1 0 1 1 0 0 1 0 1 1 1 0 1 0 0 0 1 1 0 0 0 1 1 0 0 1 0 1 0 0 1 1 0 0 0 0 0 0 1 1 1 0 0 0 0 0 0 1 1 0 
1 0 1 1 0 1 0 0 0 0 0 1 0 1 1 0 1 1 0 0 1 0 1 1 0 1 1 1 1 1 1 0 1 1 1 1 0 0 1 1 0 0 0 0 1 0 1 0 1 1 1 0 1 0 1 0 1 1 1 0 0 
0 1 1 1 0 0 0 0 1 1 1 1 1 1 0 1 0 1 1 0 0 1 1 0 1 1 1 0 0 0 0 1 1 1 0 1 1 0 0 0 1 1 0 1 0 0 0 1 1 1 1 1 1 0 1 0 0 1 0 0 1 
0 1 0 1 0 1 0 0 1 0 0 0 0 1 1 1 1 0 0 1 1 0 0 1 1 0 1 0 0 0 1 0 1 1 1 1 1 1 0 0 1 0 1 0 1 0 1 0 0 1 1 1 1 1 0 1 1 0 1 1 0 
1 1 1 0 0 1 1 1 1 0 1 1 1 1 0 1 0 0 1 1 0 0 1 1 0 0 1 0 1 0 0 0 0 0 1 0 1 0 0 0 0 1 1 1 0 1 0 0 1 1 1 1 1 0 1 0 0 0 0 0 0 
1 0 0 1 1 1 0 0 1 0 0 0 1 0 0 0 0 0 1 0 1 1 1 0 0 1 0 0 0 0 0 1 1 1 0 0 0 0 0 1 0 1 1 1 1 1 1 1 1 0 1 0 1 1 0 1 0 1 1 0 1 
0 1 0 1 1 1 1 1 1 0 1 0 1 0 1 0 1 1 1 0 0 1 1 1 0 1 0 1 0 0 0 0 0 1 1 1 0 0 1 1 0 0 0 1 1 1 1 0 0 0 0 1 0 0 0 0 1 0 1 1 1 
1 0 1 0 1 0 0 0 1 0 0 0 0 0 1 1 1 1 0 0 0 1 0 0 1 0 1 0 1 0 1 0 0 0 1 0 0 1 0 0 1 0 0 1 0 1 1 0 0 1 0 0 0 0 0 1 0 1 1 1 0 
0 1 0 0 0 0 1 0 0 1 1 1 1 1 1 0 0 1 0 1 1 1 1 1 1 0 1 1 0 0 1 0 0 1 1 0 0 0 0 0 1 0 1 0 1 1 0 1 0 0 0 0 1 1 1 1 1 1 0 1 1 
1 0 1 0 1 0 0 1 0 1 0 0 0 0 1 1 0 0 0 0 0 0 0 1 1 1 1 0 1 0 0 0 0 1 0 1 1 1 0 0 0 0 0 0 0 0 0 0 0 0 1 1 0 1 0 1 0 1 0 1 0 
0 1 0 1 1 0 1 0 0 1 0 1 1 1 1 1 1 0 0 1 1 1 1 0 1 0 0 1 0 1 1 0 0 1 0 1 1 1 0 0 0 0 1 1 1 0 1 0 0 1 1 1 0 0 1 1 1 1 0 1 0 
1 0 0 1 0 0 0 1 0 0 1 0 1 0 0 0 1 0 0 0 0 0 0 0 1 0 1 1 0 1 1 0 1 0 1 1 0 1 0 0 0 1 0 1 1 0 1 1 1 0 1 1 0 0 1 1 0 1 0 0 0 
0 0 1 0 1 0 0 1 0 0 1 1 0 0 0 1 0 1 0 0 1 1 0 1 0 1 1 1 0 1 1 0 0 0 0 1 0 0 0 0 0 1 1 0 0 0 1 0 1 1 0 0 0 0 1 1 1 0 0 1 0 
0 1 0 0 1 1 1 1 0 1 1 1 1 0 1 1 1 1 0 1 1 1 1 1 0 0 1 1 1 0 1 1 0 1 1 1 0 0 1 0 0 0 0 1 0 1 0 0 1 0 1 0 1 0 0 0 1 1 1 0 1 
0 1 1 1 0 1 1 1 0 0 1 0 0 0 1 1 0 1 0 0 0 1 0 0 1 0 1 0 1 1 1 1 0 1 0 1 0 1 0 0 1 1 0 1 1 1 1 1 0 1 1 0 0 1 1 1 1 0 1 0 0 
1 1 0 0 1 1 0 1 1 0 0 0 0 0 1 0 1 0 0 0 0 1 1 1 0 0 1 0 0 1 0 1 1 1 1 0 0 1 1 0 1 0 0 1 0 0 1 1 0 0 1 0 1 0 0 1 1 1 1 1 0 
0 0 1 1 1 0 1 0 1 1 1 1 0 0 1 0 0 0 0 0 0 1 1 0 1 0 1 0 1 0 0 1 0 0 0 1 0 0 1 1 1 0 1 1 1 0 1 1 1 0 1 1 1 0 1 0 0 1 0 1 1 
0 1 0 0 1 1 0 1 1 0 1 1 1 0 0 1 0 1 0 0 0 1 1 0 1 1 0 0 1 0 1 1 1 1 0 0 1 0 0 0 0 1 1 1 1 0 1 1 1 1 1 0 1 0 0 0 1 1 0 0 1 
1 0 0 1 0 0 0 0 0 0 1 1 1 0 1 1 1 0 1 1 0 1 0 0 1 0 0 0 0 0 1 1 0 1 0 0 0 0 1 0 0 0 0 0 0 1 1 0 1 0 1 1 1 1 0 1 1 0 1 1 0 
1 0 1 0 1 1 0 1 0 1 0 0 1 0 1 0 1 1 1 0 0 1 1 1 1 0 0 1 0 1 1 1 1 0 1 0 0 0 0 0 1 0 1 0 0 0 0 1 1 1 1 1 0 1 0 1 1 0 0 1 1 
0 0 0 0 0 1 0 0 1 1 1 1 0 1 1 0 1 0 1 0 0 0 1 1 0 0 0 0 1 0 1 1 0 1 1 0 0 0 0 1 1 1 0 1 0 1 1 1 0 0 0 0 0 1 1 0 1 1 0 0 1 
1 1 0 0 1 0 1 1 1 0 0 0 1 1 1 0 0 0 0 0 0 0 0 1 1 0 1 1 0 1 0 1 1 0 1 0 1 0 1 0 1 1 0 0 0 1 0 0 0 1 0 0 1 0 0 1 0 1 0 0 0 
0 1 1 1 0 1 0 1 0 0 0 1 0 0 1 0 0 1 0 1 1 0 1 1 0 0 1 1 0 1 0 0 0 1 1 1 1 1 0 1 1 0 1 0 0 0 0 0 0 0 0 1 0 1 1 1 1 0 0 1 0 
0 1 0 0 1 1 1 0 1 0 0 1 1 0 1 0 0 0 0 0 0 1 0 1 0 1 0 1 0 1 1 0 0 1 0 1 1 1 0 0 0 0 0 1 0 1 1 0 1 1 0 1 1 0 0 1 0 0 0 0 1 
1 0 0 1 1 1 0 0 1 0 0 1 0 0 1 0 1 1 1 1 1 1 0 0 1 1 0 0 0 0 1 1 0 1 0 1 1 0 0 0 1 0 0 1 0 1 1 0 1 1 1 0 0 1 0 1 0 0 1 0 0 
1 0 1 0 0 0 1 1 0 0 0 1 0 1 1 1 1 1 0 0 0 1 0 1 1 1 0 0 1 0 0 0 0 1 0 1 0 0 0 0 0 0 1 0 1 1 1 0 0 0 0 1 1 0 0 0 0 0 0 1 1 
1 1 1 0 1 0 0 1 0 1 1 0 0 1 0 1 1 0 0 1 1 1 0 1 1 0 1 0 1 0 1 0 1 0 0 1 1 1 0 1 0 0 0 0 1 0 0 0 0 0 1 1 1 1 1 0 0 0 0 1 1 
1 1 0 0 1 1 1 0 0 0 0 0 0 1 1 0 1 0 1 1 1 0 0 1 1 0 1 0 1 0 1 0 1 1 0 0 1 1 1 1 0 1 1 0 0 0 1 1 0 0 0 0 0 0 1 0 1 0 0 0 0 
1 0 1 0 1 1 1 0 0 0 0 0 1 1 0 0 0 0 0 0 0 0 0 1 1 0 0 1 0 0 1 1 0 0 0 1 0 1 0 0 0 0 0 1 1 1 1 1 1 0 1 1 0 0 0 0 0 0 1 1 0 
1 0 1 1 0 0 1 0 0 0 0 1 0 1 0 1 1 0 0 1 1 0 1 1 0 1 0 1 1 1 1 0 1 0 1 0 1 1 0 1 1 0 0 1 1 1 1 0 1 1 1 0 1 1 0 0 0 0 1 1 1 
