47 50 2002
93 69 99 90 18 58 36 14 4 1 55 86 41 28 50 41 73 37 55 97 11 34 89 39 94 97 80 39 56 99 91 100 68 41 89 37 99 76 2 54 28 8 92 69 35 93 61 7 81 15 
55 43 100 96 81 94 92 61 32 99 11 74 50 30 15 38 66 65 14 68 18 93 27 61 61 14 53 22 72 85 36 27 27 36 74 8 81 17 20 12 68 82 86 17 12 52 55 77 16 20 
96 85 12 75 98 25 88 50 46 59 35 33 37 13 68 10 20 100 79 91 12 46 73 49 14 84 52 68 12 67 39 60 3 3 34 100 27 21 2 72 79 88 4 16 100 24 77 72 75 55 
62 38 52 86 86 66 69 89 85 33 7 24 92 10 78 77 9 56 97 10 27 75 49 82 42 49 57 19 20 32 25 81 69 77 67 7 42 87 47 26 71 54 1 14 63 78 90 23 33 86 
85 11 13 33 45 6 81 53 24 100 36 49 33 57 77 51 15 18 89 61 43 60 14 96 25 28 73 15 51 58 52 35 68 16 19 64 22 100 17 97 51 52 45 35 8 73 85 74 90 26 
35 85 37 48 80 61 76 4 75 78 61 27 64 29 42 82 92 15 33 60 12 36 12 8 70 71 81 7 45 70 32 31 6 68 30 85 28 57 89 55 34 1 33 97 29 26 31 73 41 15 
32 52 50 95 59 20 18 39 26 14 61 9 44 18 28 73 3 7 30 43 61 15 43 45 64 24 71 46 48 11 60 31 14 10 78 72 81 95 63 6 60 75 66 55 92 93 79 46 99 60 
40 12 75 35 56 90 58 26 35 57 88 94 87 1 3 16 25 83 62 39 40 21 13 57 75 4 49 54 2 100 13 41 11 39 75 66 28 84 44 14 40 83 8 79 84 62 94 60 97 56 
98 88 28 62 45 3 17 45 8 18 44 72 59 54 63 33 72 42 17 15 56 56 97 63 34 32 76 80 43 72 35 40 60 62 53 56 16 70 100 75 87 44 99 45 49 61 30 20 2 46 
86 57 53 83 71 39 66 47 18 9 18 4 100 29 17 53 84 85 74 36 59 60 31 9 57 79 69 86 51 23 83 36 31 35 70 2 73 36 100 42 96 17 97 47 98 14 99 33 98 24 
68 8 36 50 17 92 29 37 29 79 11 11 14 42 45 84 95 70 71 94 63 66 10 60 12 59 73 63 92 22 38 11 29 73 61 97 64 41 34 92 19 44 54 84 37 99 19 31 20 89 
24 82 6 86 93 70 44 65 84 87 38 21 50 67 94 62 63 57 2 48 1 20 44 54 55 80 4 74 11 75 14 86 9 20 71 1 41 67 18 24 5 55 44 54 21 37 15 36 46 16 
35 98 87 78 51 94 58 7 67 20 81 80 5 89 51 28 90 91 46 7 14 50 13 10 4 34 46 70 21 43 38 55 40 76 85 43 69 94 49 87 65 29 19 21 70 69 48 11 60 93 
17 25 95 81 34 98 14 32 19 86 26 8 93 66 84 29 60 4 22 8 91 86 88 61 58 57 29 6 67 40 50 35 65 44 16 50 93 81 33 64 19 59 71 63 76 6 91 35 10 64 
94 52 1 81 12 58 90 92 63 8 32 65 95 48 8 62 49 53 94 34 16 12 92 86 26 67 44 16 53 5 79 46 8 79 78 71 37 67 62 51 27 45 15 21 44 75 82 93 27 27 
26 42 39 69 79 16 87 22 32 39 26 62 36 85 41 13 55 29 32 17 31 58 61 46 78 57 72 11 49 98 37 26 91 27 46 21 43 32 43 74 22 20 35 57 5 27 21 59 7 52 
27 38 9 40 35 86 96 6 48 96 3 85 73 45 11 18 65 53 1 59 78 22 31 65 30 87 43 50 97 50 54 24 39 62 15 73 100 10 78 47 57 32 31 29 76 94 98 92 98 98 
51 76 19 33 92 100 19 34 49 67 35 2 42 73 16 56 45 15 17 22 13 73 5 96 53 32 89 50 24 86 99 26 13 69 58 4 68 28 90 17 46 24 70 88 97 85 43 41 51 12 
15 64 36 71 11 89 3 99 90 26 36 41 3 1 9 12 4 77 91 93 45 36 69 14 23 65 51 66 57 53 29 23 68 64 94 78 4 96 76 46 73 64 86 75 64 94 86 19 70 76 
64 14 63 32 80 86 48 30 3 4 34 31 27 2 94 20 79 50 67 7 95 39 70 80 65 85 73 50 55 43 77 18 56 39 1 35 76 48 16 78 52 50 60 30 3 6 49 81 55 67 
39 49 5 60 28 69 44 100 70 99 94 98 68 2 88 69 36 64 16 4 93 19 5 53 48 7 10 48 39 64 14 78 64 70 37 43 38 81 42 59 31 88 56 98 89 44 18 76 59 34 
79 3 52 35 7 52 41 16 99 80 31 65 9 94 34 45 36 72 77 30 30 7 17 38 57 57 33 26 32 91 59 63 45 63 97 52 66 90 67 16 21 98 80 29 43 14 73 79 37 50 
60 18 8 76 55 16 84 87 42 15 29 52 29 74 66 26 25 31 67 43 47 87 92 26 67 35 91 39 65 27 40 24 45 100 51 51 15 34 90 8 100 18 12 29 43 77 6 19 60 72 
62 6 10 5 83 76 39 74 66 3 52 58 78 48 57 80 99 23 13 88 31 65 57 42 93 100 70 50 18 29 21 31 86 82 36 69 9 74 94 74 29 45 31 58 93 39 38 43 62 2 
30 44 66 86 37 10 37 6 59 55 87 31 37 72 12 72 40 72 98 85 46 78 82 28 35 26 19 24 68 80 26 49 75 43 34 63 53 23 68 11 77 54 42 65 78 5 37 17 77 86 
54 74 63 35 53 49 60 71 73 27 2 50 75 28 92 60 90 44 82 58 55 10 63 48 75 92 52 63 9 28 48 14 53 10 48 6 10 7 76 82 85 30 83 11 57 75 22 47 70 4 
56 24 65 70 23 91 62 75 53 22 54 52 35 7 61 34 64 23 40 91 56 76 20 39 86 29 13 7 27 34 62 82 58 79 3 32 69 16 6 74 89 12 25 23 18 38 8 81 60 99 
71 15 74 43 53 11 71 17 70 97 51 31 30 60 9 84 91 30 100 49 55 88 60 79 63 77 16 70 9 27 69 31 94 94 73 46 5 95 15 74 43 17 4 72 76 65 56 18 46 7 
66 100 94 77 30 8 5 46 78 13 24 98 96 17 91 68 15 95 15 29 68 57 97 24 29 24 40 36 41 85 42 59 36 87 35 65 95 40 62 24 4 86 21 99 54 11 19 68 6 33 
48 25 89 96 48 69 19 39 56 60 23 49 70 10 36 4 75 82 95 88 5 99 25 25 97 79 35 15 98 92 99 98 17 40 93 16 8 12 55 16 23 29 64 92 39 51 47 65 32 42 
52 36 92 77 12 88 7 99 55 56 90 5 53 58 44 98 74 52 9 28 19 83 56 34 74 46 85 72 10 16 13 14 4 56 42 67 44 48 65 50 55 55 54 8 12 98 5 85 1 65 
64 71 47 72 4 72 17 88 43 27 56 8 92 11 63 33 77 58 32 42 7 86 48 13 45 59 62 49 96 14 65 59 84 63 82 87 34 99 75 29 77 82 36 68 92 50 100 20 8 83 
61 66 68 60 78 13 19 91 13 66 4 30 76 87 92 58 26 26 56 52 6 84 33 41 51 76 90 2 95 49 84 8 15 51 67 44 15 37 35 80 54 38 9 30 77 100 39 2 77 46 
53 82 29 37 74 31 12 16 32 58 64 67 65 78 69 84 22 84 72 8 63 26 97 71 7 73 22 45 26 99 90 78 32 18 14 58 100 77 73 31 35 36 97 51 66 17 34 39 100 6 
46 14 83 42 36 89 67 58 33 92 8 22 22 91 91 35 48 90 12 20 72 98 8 20 48 25 36 34 63 36 39 60 1 21 53 37 9 19 46 93 11 5 14 32 95 56 18 43 97 81 
14 68 78 73 39 78 97 74 11 59 61 1 70 62 21 23 50 81 41 95 73 3 51 38 86 45 45 4 39 41 36 5 60 66 77 98 43 26 23 53 36 84 53 6 97 25 28 46 57 20 
92 81 23 42 18 8 86 14 63 77 6 99 81 17 16 9 66 58 34 88 62 70 71 14 27 67 90 54 64 46 73 55 26 47 96 95 7 34 8 21 10 65 71 42 81 86 2 46 43 36 
85 4 57 56 69 83 74 58 88 38 55 12 44 80 59 40 26 17 25 85 37 86 49 8 79 81 93 80 78 88 67 63 91 75 70 12 9 95 69 96 84 24 60 28 55 18 19 81 86 43 
17 22 80 66 29 58 98 74 89 76 61 56 90 3 82 59 14 91 53 83 38 37 58 97 16 64 66 34 96 51 28 13 73 59 30 53 16 27 78 56 54 38 63 43 41 45 1 54 35 6 
88 72 94 97 69 9 13 34 94 8 37 73 72 61 31 1 65 98 80 43 53 33 80 16 76 72 60 76 78 46 33 17 17 26 14 37 86 78 23 79 37 59 51 9 19 33 61 35 30 40 
77 35 25 9 2 100 32 61 27 9 58 60 26 26 37 91 63 23 20 37 1 56 95 4 64 65 88 77 99 18 16 28 4 40 36 5 91 67 17 70 28 74 29 5 99 17 95 13 39 66 
49 92 21 95 47 37 11 34 13 10 51 80 89 6 72 24 10 62 42 26 31 69 99 11 25 50 28 71 62 18 36 11 9 57 5 55 93 68 41 5 29 43 36 17 49 7 92 58 69 33 
84 51 54 34 14 78 83 41 1 45 58 36 7 19 92 63 25 36 30 65 92 58 8 28 74 56 34 17 65 54 2 100 5 7 34 18 36 16 10 36 12 19 72 70 89 15 33 14 51 14 
30 42 72 37 69 97 44 55 14 9 8 67 8 64 73 93 81 8 61 42 44 72 61 15 42 49 29 26 14 31 39 44 73 62 32 93 59 76 47 24 36 7 90 95 70 62 40 3 21 100 
44 64 23 4 78 64 5 59 41 18 89 80 13 13 93 45 6 51 72 4 26 59 62 67 5 32 80 44 34 1 43 77 64 66 33 94 81 89 52 22 58 92 53 71 5 45 67 62 48 90 
17 25 48 79 92 52 10 23 96 95 23 38 23 39 55 7 32 36 47 35 57 5 26 61 27 30 57 45 43 4 34 60 81 81 38 24 84 99 46 31 45 21 69 67 59 23 26 90 10 72 
76 18 28 1 78 6 83 87 50 25 90 83 36 22 15 25 45 99 23 43 81 19 63 49 38 21 24 63 62 85 86 37 3 14 37 32 19 71 18 69 48 60 3 83 81 70 8 26 20 82 
1 1 0 1 0 1 1 1 1 0 1 0 0 1 1 0 1 0 1 0 0 0 1 0 0 0 1 1 1 0 1 0 0 1 1 0 0 0 1 1 0 0 1 0 0 1 0 1 1 1 
1 1 1 1 1 0 1 1 1 0 1 0 0 1 1 1 1 1 1 0 0 1 1 0 1 1 1 1 0 0 1 1 1 0 0 0 0 1 1 0 1 1 0 1 0 0 0 0 1 1 
0 0 0 1 0 1 0 1 1 0 1 0 0 0 0 0 0 1 0 0 1 1 1 1 1 1 1 1 1 1 1 0 1 1 1 1 1 0 0 0 0 1 0 0 1 0 1 1 1 1 
1 0 0 0 0 1 0 1 1 1 0 0 1 1 1 1 0 0 1 0 0 1 1 0 0 0 1 1 0 0 0 1 1 0 0 1 0 0 0 1 1 1 1 1 0 0 0 1 1 1 
1 1 0 1 0 0 1 1 1 1 1 1 1 0 0 1 1 0 1 0 1 0 1 0 1 1 0 1 0 1 0 0 1 1 1 1 1 0 0 1 0 1 0 1 0 0 0 1 0 1 
1 1 1 0 1 1 0 0 0 0 1 1 0 0 0 1 1 1 0 1 0 0 1 1 1 1 1 1 0 0 0 0 1 1 0 1 0 0 1 1 1 0 0 1 1 0 1 0 1 1 
0 0 1 1 1 0 0 0 1 0 0 1 0 0 0 1 1 1 1 0 0 0 0 0 0 1 0 1 0 1 0 0 1 1 1 0 1 1 1 0 1 1 1 0 1 1 1 0 0 0 
0 0 1 1 0 1 0 0 0 0 0 0 0 1 1 1 0 0 0 1 0 0 0 1 0 0 0 1 0 1 1 1 1 0 0 0 1 0 0 1 1 0 1 1 0 0 1 0 0 1 
1 0 1 1 1 1 1 0 0 0 1 0 1 0 0 1 0 0 1 1 1 0 1 1 0 1 1 1 1 0 0 0 0 0 0 0 1 1 0 0 1 1 0 0 1 0 1 0 0 1 
1 0 1 0 1 1 0 0 0 1 0 1 0 1 1 0 1 0 1 1 0 1 0 0 1 1 1 1 1 1 0 0 1 1 1 0 1 1 1 1 0 1 0 0 0 1 0 1 0 0 
0 0 1 0 1 0 0 0 1 1 1 1 0 1 1 1 1 0 0 0 1 0 0 0 1 0 1 1 0 1 1 0 0 0 1 1 1 1 1 0 0 0 0 0 1 1 1 1 1 1 
1 0 0 1 0 1 0 0 0 0 1 0 0 1 0 1 0 1 0 1 0 1 0 0 1 1 1 1 0 0 0 0 0 0 1 1 1 1 1 0 1 0 0 0 0 0 1 0 0 0 
0 0 1 0 0 0 1 1 1 0 1 0 0 1 0 1 0 0 1 1 0 0 0 0 0 0 0 0 0 0 0 0 0 1 0 0 1 0 1 1 0 0 1 0 0 1 1 0 1 0 
0 1 1 0 1 1 0 0 1 0 0 1 1 1 0 1 1 0 1 1 1 1 1 0 1 1 1 1 0 1 1 0 0 0 0 0 0 0 0 1 0 0 1 1 1 1 1 1 1 0 
0 0 0 1 0 1 1 0 0 1 1 0 1 1 0 1 1 0 1 1 0 1 0 1 1 1 0 0 0 0 0 0 0 0 0 1 0 1 1 0 0 0 0 1 1 1 0 1 1 1 
0 1 0 0 0 1 0 1 1 0 1 0 1 1 0 1 0 0 0 1 1 0 1 1 1 1 0 1 0 0 0 0 1 0 1 0 0 1 1 1 1 0 1 0 1 0 1 0 0 1 
1 1 1 1 1 0 0 1 1 0 1 1 0 1 0 1 1 0 0 0 1 0 0 1 0 1 1 0 1 1 1 1 1 1 0 0 1 0 1 1 0 1 0 0 0 0 0 1 0 0 
1 0 0 1 1 1 0 0 1 0 1 0 1 0 1 1 0 1 1 0 0 1 1 0 1 1 1 1 0 1 0 1 1 0 0 0 1 0 0 0 0 0 1 1 0 0 0 1 1 1 
1 1 0 0 0 0 1 1 1 1 0 1 0 0 0 0 0 1 0 1 0 1 1 1 0 1 1 1 0 1 0 1 0 1 1 0 1 0 1 0 1 0 0 1 0 0 1 0 1 0 
1 1 1 0 0 1 0 0 0 0 1 1 0 1 0 1 0 1 0 1 1 1 1 1 1 1 1 0 0 1 0 1 0 1 0 1 1 0 1 1 0 0 0 0 1 0 0 1 1 0 
1 1 1 0 0 0 0 0 1 0 1 1 1 1 1 1 0 0 1 1 1 0 1 0 0 1 0 0 0 0 0 1 1 0 0 1 0 0 1 1 0 0 1 1 0 0 1 0 0 0 
0 1 0 1 1 1 0 0 1 1 0 0 0 1 0 0 0 0 0 0 0 0 0 1 0 0 1 1 1 1 1 1 0 0 0 0 1 1 0 0 0 0 0 0 1 0 1 1 1 1 
1 1 0 0 0 0 0 1 1 1 0 0 0 0 0 1 0 1 0 0 0 0 0 0 0 1 1 1 1 0 1 0 1 1 0 1 1 1 0 0 0 0 0 1 0 1 0 1 0 0 
1 0 0 0 1 0 1 0 0 0 0 1 1 1 0 1 0 1 0 0 1 1 0 1 0 0 0 0 1 1 0 1 1 0 1 0 0 0 0 0 1 0 1 0 1 1 1 1 0 0 
1 1 1 1 1 1 0 1 1 1 0 1 0 0 1 1 0 1 0 1 0 1 1 1 1 1 1 0 0 1 0 0 1 1 1 0 0 1 1 1 1 0 0 1 0 1 1 0 1 1 
1 1 0 1 0 1 0 1 1 0 1 0 0 0 1 0 0 0 1 1 1 0 1 0 0 1 1 1 0 0 0 1 1 0 0 0 1 0 1 0 1 0 0 1 0 0 1 0 0 1 
0 1 1 1 1 1 1 1 0 1 1 0 0 1 0 1 1 1 1 0 0 0 1 0 0 1 0 1 0 0 0 0 0 0 1 1 1 0 0 0 1 0 0 0 1 1 1 0 0 0 
0 0 1 1 1 1 1 1 0 1 0 1 1 0 1 0 1 0 1 0 0 0 0 1 0 1 0 1 1 0 0 1 1 1 1 0 0 0 1 0 1 1 1 0 1 0 0 1 1 1 
1 1 0 1 0 0 0 0 0 1 1 0 0 0 1 1 0 1 1 1 1 0 1 1 0 0 1 1 1 0 0 0 0 0 1 0 1 1 1 1 0 0 1 1 0 0 0 0 1 0 
1 0 0 0 1 1 1 1 0 0 1 0 1 1 1 0 0 0 0 1 1 0 1 0 1 1 0 0 1 1 0 0 1 0 1 1 1 0 0 1 0 1 0 1 1 1 0 1 1 0 
0 0 0 1 0 0 0 0 0 1 1 0 1 0 0 0 1 0 0 1 1 1 1 1 0 0 0 0 1 1 0 1 1 1 0 1 1 0 1 1 1 0 1 0 1 1 1 0 1 1 
0 1 0 1 0 1 1 1 1 0 0 0 1 0 1 1 1 0 1 1 1 0 1 0 0 0 1 1 1 1 1 1 0 1 0 0 0 1 1 0 1 0 0 0 0 1 1 1 1 0 
0 0 0 0 0 0 0 1 0 1 0 1 0 0 0 0 1 1 1 0 1 0 0 1 0 0 0 1 0 1 1 0 1 1 0 1 0 1 0 0 0 1 1 1 1 1 1 0 0 1 
1 1 1 1 0 0 0 0 1 0 1 1 0 0 0 1 1 0 0 0 0 0 1 1 1 0 1 1 1 1 0 0 1 1 1 1 1 1 0 1 1 1 0 0 0 0 1 1 1 1 
1 1 1 0 1 1 1 0 0 0 1 0 0 0 1 1 0 1 1 0 0 0 1 0 0 1 0 1 1 1 0 0 1 0 1 0 1 0 0 1 0 1 1 0 0 0 1 0 1 0 
0 1 1 1 1 1 1 0 1 0 1 1 0 0 1 1 0 0 1 0 1 1 0 0 1 0 1 1 0 0 1 0 0 0 1 1 0 0 1 1 0 1 0 1 1 0 0 0 0 0 
0 0 1 0 0 1 0 1 0 0 0 1 0 0 0 0 1 0 0 1 1 1 0 1 0 1 1 0 1 0 0 0 0 0 0 0 1 1 0 1 1 0 0 0 0 0 0 1 0 0 
0 1 1 0 1 1 0 0 0 1 0 0 1 0 0 0 1 1 1 1 0 0 1 1 0 1 1 0 0 0 1 1 1 0 1 0 0 1 1 0 1 1 0 0 0 1 0 1 0 1 
0 1 0 1 0 0 0 1 1 0 1 0 1 1 0 1 1 0 0 0 0 1 0 1 0 0 0 0 1 0 0 1 1 0 0 1 0 0 1 1 0 0 1 0 1 0 1 1 0 1 
1 1 1 1 0 1 1 0 1 0 0 1 1 0 1 1 1 0 1 0 1 0 1 1 0 0 1 1 1 1 0 1 0 1 0 0 0 0 0 0 0 1 1 0 1 1 1 0 1 1 
1 0 1 0 1 1 0 0 0 0 0 0 1 0 0 1 1 0 1 1 0 0 0 0 0 1 1 1 0 0 0 1 0 1 1 0 0 1 0 0 1 0 1 0 1 1 0 0 1 1 
1 0 1 0 0 1 1 1 1 1 1 1 0 1 1 1 1 1 1 0 0 0 0 1 1 1 0 1 1 1 0 1 1 0 1 1 1 0 0 0 0 1 0 0 1 1 0 0 0 1 
0 0 1 1 1 0 0 1 1 0 1 0 1 0 0 0 0 1 0 0 0 0 0 0 1 1 1 1 1 1 0 0 0 1 1 1 0 1 1 1 1 0 1 0 0 1 0 0 1 1 
1 1 1 1 1 0 0 0 1 1 1 1 1 1 1 0 1 1 0 0 0 1 0 0 0 0 1 0 1 0 1 0 1 1 1 0 1 1 0 1 0 0 0 0 1 1 0 0 0 0 
0 1 0 0 1 0 1 0 0 0 1 0 0 0 1 1 1 0 0 1 1 0 1 0 0 1 1 1 1 0 1 0 1 1 0 0 1 1 0 0 1 1 0 1 0 1 0 1 1 0 
0 1 1 0 1 1 1 0 0 0 0 0 0 1 1 1 1 1 0 0 1 0 1 1 1 1 0 0 0 1 0 1 0 1 1 1 1 0 0 1 0 0 1 1 0 1 0 1 0 0 
1 1 0 1 0 0 0 0 0 1 1 0 0 0 0 1 1 1 1 1 0 1 0 0 0 0 1 0 1 1 1 1 0 1 0 0 1 0 0 1 1 1 0 1 1 0 0 1 1 1 
