58 51 2693
43 22 24 17 3 54 77 89 9 35 26 4 96 84 29 34 82 80 27 33 14 6 30 42 73 80 58 35 41 18 40 83 39 15 99 41 20 75 30 80 10 7 84 5 42 64 90 23 43 68 8 
9 73 89 50 46 20 8 80 60 25 71 42 16 37 40 56 56 66 37 88 75 95 71 32 36 86 21 11 28 89 70 88 61 58 90 6 77 97 38 88 73 60 29 40 97 20 48 4 85 84 91 
60 79 13 91 66 98 11 76 78 99 97 65 12 54 6 69 82 54 6 21 27 66 49 18 14 68 65 69 53 49 12 64 79 24 54 96 74 16 24 3 67 20 19 78 26 25 46 59 78 4 80 
56 21 28 74 34 96 38 54 100 38 65 63 68 89 68 64 14 83 87 16 49 58 34 78 83 58 76 42 36 79 21 91 51 100 64 84 47 54 89 46 91 54 60 11 94 27 74 7 10 12 22 
10 69 55 40 4 13 15 97 100 45 17 90 95 68 6 30 15 11 18 12 1 71 72 63 64 98 36 70 59 99 43 21 20 98 60 23 62 26 71 61 70 39 2 16 6 59 45 20 69 14 84 
22 37 55 84 100 4 72 22 15 70 16 35 41 13 46 15 74 71 85 86 92 23 88 7 29 98 3 100 67 68 83 40 4 89 23 56 45 46 77 11 16 92 97 8 57 42 23 82 64 7 68 
7 82 7 65 62 56 67 61 74 34 96 13 38 36 88 93 32 33 21 42 48 64 38 56 72 31 30 54 94 88 73 52 69 31 16 30 86 34 43 60 68 90 24 57 25 11 1 57 44 73 50 
91 88 40 98 12 70 79 65 16 67 89 67 35 71 35 17 56 68 59 67 87 48 91 43 24 1 95 32 44 19 82 87 59 21 36 70 42 67 86 9 33 74 76 19 96 10 87 3 29 45 70 
16 44 12 10 20 64 5 51 60 75 84 98 33 56 85 54 98 51 39 6 35 64 33 54 59 94 92 62 23 89 83 90 32 94 99 51 9 55 54 68 30 37 65 14 93 2 68 42 52 6 99 
87 70 84 92 80 29 83 41 3 71 23 92 55 68 91 57 77 45 10 96 26 99 13 40 43 14 7 36 17 64 86 55 85 69 98 65 98 81 57 100 3 32 44 9 51 34 18 79 30 27 75 
56 77 39 95 71 52 53 6 20 68 92 75 5 12 72 21 9 4 77 61 59 60 56 67 11 89 84 89 18 63 15 73 91 53 19 62 56 23 67 76 91 10 50 47 22 73 67 82 77 43 94 
87 55 49 5 65 37 41 5 7 3 20 31 45 24 50 6 80 72 25 55 14 86 56 60 7 28 26 89 4 21 82 42 27 31 47 43 19 87 47 25 41 18 56 85 42 57 43 21 80 19 27 
46 4 82 57 11 9 35 51 65 7 84 6 33 66 52 75 37 90 21 61 30 91 68 15 84 76 57 56 56 75 82 53 30 15 9 40 23 43 42 39 49 78 97 81 43 100 7 79 90 80 92 
19 70 11 85 53 87 41 8 94 67 89 98 97 55 6 88 77 1 82 68 49 59 64 82 1 15 88 32 4 67 75 75 36 85 59 40 23 52 47 68 18 87 65 66 41 23 6 70 23 87 89 
71 45 4 4 97 18 92 80 22 10 54 48 98 91 6 37 65 57 36 33 27 74 49 44 67 71 49 88 93 87 76 16 83 79 19 32 96 62 11 69 72 17 68 69 59 74 57 23 82 92 7 
60 18 8 4 84 78 4 23 23 43 98 90 25 28 8 56 23 70 19 44 93 87 11 61 45 36 69 19 18 61 78 29 78 85 84 13 14 40 35 36 82 84 25 6 11 85 14 85 6 84 80 
98 22 91 10 66 78 78 84 47 90 13 76 19 97 59 31 11 98 17 98 31 100 75 89 62 59 54 47 16 37 26 65 58 68 74 75 46 3 10 44 93 23 19 11 19 30 94 81 79 62 79 
10 14 5 98 75 15 3 21 30 39 99 94 48 18 19 74 63 21 83 59 65 5 77 76 76 58 21 8 89 82 38 98 95 42 47 22 56 49 94 37 39 92 82 38 10 100 11 24 73 93 82 
37 50 11 64 77 20 84 84 8 18 22 57 64 15 55 85 23 55 79 59 93 22 41 30 83 92 92 7 16 85 40 53 86 2 16 14 22 52 97 81 69 70 38 32 37 44 69 59 99 47 17 
91 68 9 73 51 53 64 9 68 100 100 72 37 2 40 50 75 91 99 55 11 20 44 94 56 88 62 14 86 60 83 28 80 43 52 30 95 68 90 15 19 89 86 8 42 77 57 16 19 7 23 
29 27 18 75 34 57 36 48 94 48 82 22 27 24 25 8 71 92 97 85 63 37 22 70 79 51 78 46 69 85 20 98 63 38 24 48 94 11 47 88 58 28 61 84 4 85 43 74 29 39 10 
91 28 31 12 6 81 89 3 2 25 23 51 87 60 74 35 5 84 81 44 94 61 4 77 64 41 20 37 21 10 46 11 37 28 22 94 61 62 97 62 87 19 12 25 30 37 59 86 72 92 30 
65 4 33 94 67 25 65 55 45 74 100 7 63 79 80 56 91 42 4 4 28 74 67 52 3 3 63 89 75 6 18 39 9 2 32 75 79 96 29 23 22 80 30 84 10 61 91 1 2 47 4 
81 20 71 85 23 25 99 63 99 4 32 90 64 85 73 38 63 21 18 38 42 49 19 77 58 79 19 10 33 65 66 13 85 88 97 59 12 95 73 63 50 4 4 13 40 76 2 55 96 71 92 
89 19 62 17 29 40 36 38 72 52 55 37 36 42 85 46 54 32 18 68 81 73 71 46 13 98 99 67 94 70 10 34 40 71 51 68 62 38 58 86 89 12 74 25 54 58 22 59 41 40 26 
74 12 48 19 76 45 17 94 90 38 3 24 78 25 26 45 39 63 54 24 3 66 97 79 71 6 1 29 47 40 6 20 3 53 90 79 97 58 72 87 96 27 62 73 51 87 69 89 1 23 64 
3 40 12 82 62 18 82 42 16 73 47 35 75 51 76 53 99 33 77 37 28 3 98 100 53 36 21 94 36 43 57 91 34 21 24 95 38 5 36 5 29 34 39 3 84 66 8 82 98 84 71 
26 86 68 77 90 56 97 83 43 39 92 33 24 12 56 18 1 12 53 5 40 38 95 95 21 60 2 55 57 85 25 82 22 44 59 11 51 7 94 94 98 85 26 21 48 34 39 48 97 43 52 
37 81 46 83 53 5 84 59 61 20 35 95 41 31 5 3 81 11 96 74 60 32 52 81 79 85 71 26 81 65 29 69 97 74 3 50 30 38 60 43 57 95 89 49 25 93 4 5 55 99 31 
15 83 82 47 13 18 17 91 98 33 19 19 30 45 73 31 74 11 90 68 19 84 56 20 60 100 23 17 55 73 47 21 55 28 19 20 45 87 10 94 19 80 64 48 24 37 78 50 47 68 17 
65 3 73 36 63 72 58 79 78 31 25 50 37 4 68 8 48 54 17 41 25 97 57 72 72 93 50 21 91 69 90 7 71 14 43 85 37 100 15 15 82 39 16 71 42 36 78 41 41 47 34 
65 43 90 37 14 34 38 87 24 58 76 30 80 89 24 65 25 24 79 91 57 70 59 79 63 94 57 4 34 3 89 51 97 30 39 62 63 28 48 38 85 75 67 64 63 91 28 40 66 59 82 
74 28 40 53 42 33 61 97 19 63 85 21 11 14 59 72 76 38 72 13 22 46 32 37 61 74 17 52 91 75 33 64 54 25 68 95 9 28 92 27 42 76 99 52 42 9 24 69 46 47 34 
67 92 17 4 4 90 20 7 32 46 40 95 99 64 15 93 72 42 36 51 84 64 1 87 5 10 62 25 55 8 58 74 52 74 77 55 15 48 14 46 93 53 93 43 68 7 87 91 100 23 41 
83 38 42 70 42 51 31 66 57 39 76 30 42 49 58 48 64 5 61 61 49 13 53 43 32 11 30 23 11 4 15 93 41 56 14 34 58 97 99 15 87 26 96 28 75 54 75 90 10 88 2 
11 52 55 53 84 17 34 6 27 37 20 72 29 28 37 62 37 33 13 3 19 38 99 98 64 4 25 5 13 12 7 75 63 13 28 46 29 61 3 56 50 75 79 78 54 15 40 90 48 4 93 
18 41 43 16 57 46 40 61 10 3 67 85 65 79 64 63 8 76 17 15 25 91 93 55 44 59 46 86 6 49 78 76 41 72 91 97 69 82 58 78 84 24 14 100 55 77 62 62 53 79 28 
77 21 72 83 65 30 28 2 88 76 79 63 17 2 5 13 70 86 22 99 21 98 13 20 52 41 82 65 93 12 92 22 32 63 4 48 44 32 49 31 7 79 93 75 80 97 40 1 34 61 100 
6 58 64 26 61 4 59 25 97 22 68 70 53 30 73 53 74 56 1 56 15 32 49 89 11 97 80 64 83 93 63 40 50 78 17 63 81 27 87 77 48 7 98 53 36 23 5 61 78 57 69 
92 88 17 33 51 65 12 14 99 56 28 39 58 5 55 20 37 82 58 66 81 64 63 33 52 85 89 64 63 98 32 6 85 100 90 87 65 54 52 15 9 79 5 66 35 60 85 72 93 43 37 
25 6 51 58 57 36 98 21 98 95 52 55 32 4 45 18 68 98 70 34 6 100 39 72 87 50 8 10 94 50 46 18 8 96 27 16 83 25 88 32 71 92 87 2 95 83 72 14 80 41 47 
37 92 37 60 78 86 68 87 31 69 84 49 28 32 27 44 14 3 83 46 74 74 32 27 68 14 98 81 45 90 80 33 82 16 93 59 2 12 98 84 32 81 32 60 12 59 55 78 61 89 23 
86 63 6 13 82 71 62 63 67 52 94 99 33 9 91 43 62 54 92 46 86 73 29 97 36 87 3 13 100 91 35 37 53 92 49 35 62 63 49 28 14 94 79 98 2 69 40 16 75 32 61 
60 56 89 8 91 28 62 56 79 52 42 15 57 34 16 43 47 78 43 27 43 36 5 40 37 25 31 52 99 14 64 10 69 5 69 12 84 30 67 14 82 60 28 90 93 95 32 92 24 74 70 
66 9 74 5 97 50 88 1 1 1 16 10 70 72 31 33 55 60 99 68 93 58 48 82 3 42 13 46 18 38 15 83 98 40 40 47 89 27 99 89 27 14 51 48 86 81 80 92 40 30 60 
85 40 59 66 94 100 31 39 69 20 5 52 18 44 43 16 84 69 14 25 47 79 75 95 64 7 26 56 98 56 67 82 95 25 48 88 76 30 78 45 49 82 48 18 77 90 33 12 10 46 36 
56 77 10 2 40 16 28 47 14 83 65 47 29 89 94 16 17 75 45 61 24 78 8 41 54 49 26 65 58 23 53 13 99 14 15 39 82 94 37 95 76 2 93 4 42 87 71 10 61 15 22 
36 92 29 29 97 29 54 13 86 76 65 51 75 79 17 65 60 10 53 6 37 6 98 92 100 36 62 9 49 28 31 36 71 11 64 67 40 17 31 77 93 48 27 19 78 95 35 89 4 87 94 
92 93 43 83 92 31 96 52 31 23 82 66 93 93 30 11 84 46 94 60 90 41 39 60 70 33 94 58 89 81 3 32 25 45 15 68 27 10 19 57 85 53 75 29 97 4 92 80 1 37 91 
43 77 29 2 98 14 96 55 54 28 57 37 4 53 51 71 80 13 41 88 49 45 62 29 41 65 20 20 18 56 63 60 84 43 61 81 8 8 87 61 35 43 50 38 96 100 60 75 64 53 62 
64 97 76 93 38 40 64 9 9 72 71 68 55 14 29 88 21 36 74 34 23 69 83 60 64 34 72 90 50 24 3 65 20 78 57 57 70 21 18 78 92 88 46 98 53 26 37 26 13 63 11 
35 31 93 47 94 78 18 83 79 93 37 44 12 15 52 21 84 72 38 13 15 77 58 65 30 35 1 55 48 15 65 34 45 9 80 90 38 49 72 69 41 9 64 5 75 15 25 10 39 14 22 
5 42 32 69 71 66 22 77 65 36 93 99 81 53 78 70 43 27 94 11 19 54 74 23 80 40 99 89 78 64 10 83 6 41 51 28 59 24 57 23 60 1 73 92 54 3 13 48 29 6 10 
99 11 35 22 90 74 72 78 52 36 40 86 41 32 88 68 90 12 76 65 23 77 37 14 82 39 26 29 19 84 38 70 46 24 91 36 97 14 65 100 49 56 37 41 88 25 61 29 88 36 45 
10 12 34 75 93 24 100 73 95 35 62 64 81 85 6 68 82 19 84 33 68 40 70 8 79 46 68 7 33 4 4 94 67 37 68 60 60 19 84 54 54 46 17 86 30 22 53 63 41 36 48 
60 27 17 67 5 14 87 64 46 42 67 91 8 55 58 19 66 28 3 20 81 48 88 18 29 62 70 92 54 58 39 13 84 7 31 41 20 69 4 17 10 22 59 70 28 16 88 93 95 42 12 
28 41 52 45 70 13 15 13 66 24 3 30 7 61 12 99 32 81 54 100 90 75 58 59 2 25 99 47 19 40 58 46 81 61 91 2 73 57 14 90 80 68 19 38 28 31 37 59 11 90 58 
52 17 15 63 70 39 61 16 9 52 26 55 32 86 45 85 11 53 98 100 32 65 71 21 44 1 57 2 63 99 11 66 15 77 28 36 67 40 52 76 92 29 82 75 66 78 60 76 30 9 76 
0 1 1 0 0 1 1 0 1 1 0 0 1 1 0 0 1 1 1 0 0 1 1 1 1 0 0 0 1 0 1 1 1 0 0 0 1 1 0 0 0 0 1 1 1 1 1 1 0 1 1 
1 0 1 0 1 1 0 0 1 0 1 0 0 0 0 0 1 1 0 0 1 0 1 0 0 0 0 1 0 1 0 1 1 1 1 1 1 1 1 0 0 0 0 0 0 1 0 0 0 0 0 
0 0 1 0 0 1 0 1 1 1 0 1 1 1 0 0 0 0 1 0 0 1 1 0 0 0 0 0 0 0 0 0 0 1 1 1 0 1 0 1 1 0 0 0 0 1 0 0 1 1 1 
1 0 0 1 0 0 1 0 0 1 0 1 1 1 0 0 1 1 1 1 0 1 1 0 1 0 0 0 1 1 1 0 0 1 1 0 1 0 1 1 1 1 0 1 1 0 1 0 0 0 1 
0 0 1 1 1 1 1 1 1 1 0 1 1 1 1 1 0 1 0 0 1 0 0 0 1 1 1 1 1 0 1 1 0 0 0 1 1 0 1 0 1 1 0 0 1 1 1 1 0 0 1 
1 0 0 1 1 1 1 0 0 1 1 1 1 1 0 0 1 0 1 1 1 1 1 1 0 0 0 1 1 0 1 0 0 1 0 1 0 1 0 0 0 1 1 1 1 1 1 0 1 1 1 
0 0 1 1 0 1 0 1 0 0 0 1 1 1 1 0 1 0 0 1 0 0 1 1 1 0 0 1 0 1 0 0 1 1 0 1 1 0 1 1 0 1 0 1 1 1 0 0 1 0 0 
1 0 1 0 1 1 1 0 1 0 1 0 0 0 0 1 1 0 0 1 0 0 1 0 1 1 0 1 0 0 1 0 1 0 0 0 0 1 1 1 0 0 1 0 0 1 1 0 1 0 1 
0 0 0 0 1 1 0 0 0 0 0 0 1 0 0 0 0 0 1 0 0 1 1 0 1 1 1 1 0 1 0 0 1 1 0 0 0 0 1 0 1 1 0 0 1 1 0 0 1 1 0 
1 0 1 1 0 0 0 1 1 0 0 1 1 1 0 0 1 0 1 0 1 0 0 0 1 1 0 1 0 0 1 1 0 1 0 0 1 1 0 0 1 0 0 0 1 0 0 0 0 1 0 
0 1 1 0 1 0 0 0 1 0 0 0 1 1 1 1 0 0 1 1 1 1 1 1 0 1 0 1 1 1 1 1 1 0 1 0 1 0 0 0 0 0 0 1 1 1 1 0 1 0 1 
0 0 0 0 0 1 0 1 0 1 1 0 0 1 1 0 0 1 1 0 0 1 1 1 1 0 0 1 0 1 0 0 1 0 0 1 1 0 1 1 0 0 1 0 1 1 1 0 0 0 0 
0 1 1 0 0 0 0 1 0 1 1 0 0 1 1 0 0 1 1 0 1 1 1 0 0 0 1 0 1 1 1 1 0 0 1 1 0 0 0 0 1 0 1 0 1 0 0 0 1 1 0 
1 0 1 1 0 0 0 1 1 1 0 0 1 0 0 0 1 0 1 1 1 1 0 1 0 0 1 0 0 0 0 1 0 0 0 1 0 0 0 1 1 0 1 0 0 1 1 1 1 0 1 
1 1 1 0 1 0 0 0 0 0 0 1 1 0 1 0 0 1 0 1 0 0 1 0 0 0 1 0 0 1 1 1 0 0 1 0 0 1 0 0 0 0 1 1 1 0 1 1 1 1 1 
1 1 0 0 1 0 1 1 0 1 0 1 1 1 1 1 1 0 1 0 0 0 1 1 1 0 0 0 1 1 1 1 0 1 1 0 0 0 1 0 1 0 0 1 1 1 0 0 1 0 0 
0 0 0 1 1 0 0 1 1 1 1 0 0 0 1 0 0 0 1 1 1 1 1 0 0 0 1 1 1 1 1 1 1 1 1 0 1 1 1 1 0 0 1 0 1 1 0 1 1 0 0 
0 1 1 1 0 1 0 1 1 1 0 0 0 0 1 0 1 0 1 0 1 0 0 1 1 1 0 0 0 0 1 0 1 0 1 1 0 1 0 1 0 1 1 0 1 1 0 0 1 0 1 
0 0 1 0 1 0 0 1 0 0 0 0 1 1 0 1 1 1 1 0 0 0 1 0 1 0 1 0 0 1 1 0 1 0 0 0 0 0 1 0 0 0 0 0 1 0 1 0 0 0 0 
0 1 1 0 0 0 1 0 0 0 1 0 1 1 1 1 1 1 1 1 0 1 0 0 0 0 1 0 0 1 0 0 0 1 1 1 1 0 1 1 1 1 0 0 0 1 0 0 0 1 1 
0 0 1 0 0 0 1 0 0 1 0 1 1 1 0 0 1 0 0 0 1 1 0 0 1 1 0 1 0 1 1 0 1 0 1 1 0 0 1 1 1 1 0 1 0 0 1 1 0 1 0 
0 0 0 0 0 0 0 1 0 1 0 0 0 1 1 1 1 0 0 0 1 1 0 0 1 0 0 1 1 1 1 1 0 1 1 0 1 1 1 1 0 0 0 0 1 1 1 0 1 1 1 
1 0 1 1 1 0 1 0 1 1 1 0 1 1 1 1 0 0 0 0 0 0 0 0 1 1 1 0 1 0 1 0 0 0 1 1 0 1 0 1 0 1 1 1 0 0 0 1 0 0 1 
0 1 1 0 0 0 1 0 1 1 1 1 1 0 1 1 0 0 1 0 0 0 1 1 1 0 1 0 0 1 1 1 0 0 1 1 0 1 1 0 0 1 1 0 1 0 1 1 0 0 1 
0 0 1 1 1 1 0 1 1 0 0 0 0 0 0 1 1 1 1 1 1 0 0 1 1 1 0 0 1 0 0 0 1 1 1 0 0 0 0 1 0 0 0 0 1 0 0 0 1 1 1 
0 1 1 0 0 0 0 0 0 1 0 0 0 1 1 0 1 1 0 1 1 1 1 0 0 1 0 0 0 1 1 0 0 0 0 0 1 1 0 1 0 1 1 0 0 0 0 0 0 1 1 
1 0 0 1 0 1 1 0 1 0 1 1 0 1 0 0 0 1 1 1 1 0 0 1 0 1 1 0 1 0 1 0 0 1 0 0 0 1 0 1 0 1 1 0 1 1 1 1 0 0 1 
1 0 1 0 0 0 1 1 1 0 0 0 0 0 0 1 0 1 1 0 1 1 1 0 0 0 1 1 0 1 0 1 1 0 1 1 0 0 0 0 0 1 0 1 1 0 0 1 1 1 1 
1 0 0 1 0 0 0 0 0 1 0 1 0 0 0 1 1 1 0 1 1 1 1 0 0 1 0 1 0 0 1 1 0 1 0 1 0 0 1 0 1 1 0 1 0 0 1 1 1 1 0 
1 0 1 1 0 0 0 1 0 0 0 0 0 0 0 1 0 1 0 0 0 0 0 0 0 1 1 1 0 0 1 1 0 0 1 0 0 1 1 0 1 0 0 1 0 1 1 0 0 1 0 
0 1 1 0 1 0 1 0 0 1 1 0 1 1 1 1 1 0 1 0 1 1 0 0 1 1 1 1 1 1 1 0 0 0 0 0 0 0 0 1 1 0 1 1 1 0 0 1 0 1 1 
1 0 1 1 1 1 1 0 0 0 0 0 0 0 1 0 1 1 1 0 0 1 1 1 0 1 0 1 1 1 0 0 0 0 1 1 1 0 0 1 0 0 0 1 0 1 1 1 0 0 1 
0 1 0 0 0 1 0 1 0 1 0 0 1 0 0 1 1 0 1 0 1 1 0 0 1 1 1 1 1 0 0 0 1 1 0 1 0 0 1 1 1 1 1 1 1 1 0 0 0 1 0 
1 0 1 1 1 0 0 0 0 0 1 0 0 0 0 1 0 0 0 1 1 1 1 0 0 0 0 0 0 1 1 1 1 0 0 1 0 1 1 0 1 0 0 1 0 0 1 1 0 1 0 
0 1 1 0 1 0 1 0 0 0 1 0 0 1 0 1 1 1 0 0 1 1 0 0 1 1 1 0 1 1 1 1 0 0 0 1 0 1 1 1 1 0 1 1 1 1 0 1 1 1 1 
0 0 1 0 1 0 0 0 0 1 1 1 1 1 1 0 0 0 0 1 0 0 0 1 0 1 0 1 0 1 0 0 1 1 1 0 0 1 0 0 0 1 1 1 1 1 1 1 1 1 0 
1 0 0 1 0 1 1 1 0 0 1 0 1 0 1 1 0 0 0 0 0 1 0 1 0 1 1 1 0 0 1 0 0 1 1 0 1 0 1 1 0 0 1 1 1 1 0 1 1 0 0 
0 0 0 1 0 1 0 0 1 1 1 1 1 1 0 0 0 0 1 1 0 0 0 1 1 1 0 0 1 0 0 1 0 0 0 1 1 1 1 1 0 0 0 1 1 1 1 1 1 1 0 
0 1 1 1 0 0 1 0 1 0 1 0 0 1 1 1 1 0 0 0 0 1 0 1 0 1 1 0 1 0 0 1 1 1 0 1 0 0 1 1 0 0 0 0 0 1 0 1 1 0 1 
1 1 1 0 0 1 1 0 0 1 0 1 0 0 1 1 0 1 1 1 1 1 1 0 1 0 0 0 1 0 1 0 0 1 1 0 0 0 0 0 0 0 1 0 0 0 0 0 0 1 0 
1 0 1 1 0 0 1 0 1 0 0 0 0 1 1 0 1 1 0 1 1 0 0 0 1 0 0 1 0 1 1 0 1 1 1 1 1 1 0 0 1 0 0 1 1 1 1 0 1 1 1 
0 1 1 0 0 1 0 0 0 1 1 0 1 0 1 0 1 0 0 0 1 0 0 0 1 0 1 1 1 0 0 1 0 1 0 0 1 0 0 1 0 0 1 1 0 0 1 0 1 0 0 
0 0 0 1 0 0 0 1 1 1 0 1 1 1 1 1 0 1 0 1 1 0 0 0 0 1 0 0 0 0 0 0 0 1 1 0 1 0 0 1 1 0 0 0 1 1 1 0 0 1 1 
0 1 0 0 0 1 0 0 1 0 1 1 1 0 1 1 1 1 1 0 0 1 0 0 1 1 1 1 0 1 0 0 0 0 0 0 1 1 1 0 1 0 0 0 0 1 0 1 0 1 0 
0 1 0 0 0 0 1 1 0 0 1 0 1 0 0 1 1 1 0 0 1 0 0 1 0 1 1 0 1 1 0 1 0 0 1 0 0 0 1 0 1 0 0 0 0 1 1 0 0 0 0 
1 0 0 1 1 1 0 1 0 1 1 1 1 1 0 1 0 0 0 0 1 1 1 1 1 0 1 1 0 1 1 0 1 1 1 0 0 1 1 0 1 0 1 0 0 1 0 0 0 0 0 
1 1 1 1 1 1 0 0 0 1 0 0 0 1 1 1 0 0 0 0 1 1 0 0 1 1 0 1 1 0 1 1 0 1 0 1 0 0 1 0 1 1 0 1 1 1 0 1 0 1 1 
1 0 1 1 1 1 1 0 0 0 1 1 0 0 1 1 1 1 0 1 0 0 0 0 1 1 0 0 1 1 1 1 1 1 0 0 0 0 0 0 0 0 0 0 0 1 1 1 1 1 1 
1 1 1 1 0 0 0 0 0 1 0 1 1 1 1 1 1 1 0 1 1 0 1 1 0 1 0 0 0 0 1 1 1 0 1 0 0 1 0 0 0 0 1 1 1 1 1 0 0 1 0 
0 1 1 1 1 0 0 1 0 0 0 0 1 0 1 1 1 0 0 1 0 0 1 0 0 0 1 0 0 0 0 0 1 0 0 0 0 0 0 1 0 0 1 1 1 0 1 0 0 1 1 
0 1 0 0 1 0 1 0 1 1 0 1 0 0 1 1 1 1 1 0 1 1 1 1 0 1 0 0 1 1 0 1 0 0 0 0 1 1 0 0 1 0 1 1 1 1 0 0 0 1 0 
0 1 1 1 1 0 1 0 1 0 0 0 0 0 0 0 1 0 0 1 1 1 1 0 0 0 1 0 0 0 0 0 1 1 1 1 1 0 1 0 0 1 0 1 1 1 1 1 1 0 0 
0 1 1 0 1 1 1 1 0 0 1 0 1 0 0 0 1 0 1 1 1 0 1 0 0 0 1 1 1 1 1 1 0 1 0 1 0 1 0 0 1 1 1 1 1 1 1 0 1 1 1 
0 1 1 0 1 1 0 0 1 1 0 0 0 1 0 1 1 0 0 0 1 1 1 0 1 0 0 1 1 1 1 0 0 0 0 0 1 0 0 0 0 0 1 0 1 1 1 1 1 1 1 
1 1 0 1 0 0 1 1 1 0 0 1 1 0 0 1 0 0 1 0 0 0 1 0 1 1 0 0 0 1 1 1 0 1 1 0 1 0 0 1 1 0 0 0 1 0 1 1 1 0 1 
1 0 1 0 0 0 0 0 0 1 0 0 0 1 1 0 1 1 0 0 0 1 0 0 0 1 1 1 0 0 0 1 0 1 1 0 1 1 1 0 1 1 0 1 0 1 1 1 0 0 1 
1 1 0 1 1 1 1 0 1 1 0 0 1 0 0 0 1 1 1 1 0 0 1 1 0 0 1 0 1 1 1 0 0 1 1 1 0 0 1 1 1 1 0 1 1 0 1 1 1 0 0 
0 0 0 1 0 0 0 0 1 1 0 1 1 1 1 0 0 1 1 1 1 1 1 0 0 1 1 1 1 1 0 1 1 0 0 1 0 1 0 0 0 0 1 0 1 0 0 1 0 0 1 
