54 56 374
52 97 25 76 35 10 99 100 19 100 5 22 49 65 84 64 11 80 83 86 100 76 3 73 53 39 37 71 85 31 61 88 28 37 15 14 98 65 13 16 64 70 37 13 34 73 28 45 52 11 30 3 86 84 76 90 
22 12 61 58 95 73 97 22 9 63 87 7 27 52 22 43 21 11 7 6 83 34 2 86 44 84 89 81 67 16 23 41 79 35 98 73 7 47 46 67 9 33 73 36 84 47 78 56 9 84 13 43 69 15 28 65 
50 68 45 16 83 19 56 62 53 6 34 59 52 80 26 12 64 50 99 99 48 28 54 56 63 18 98 32 84 78 96 33 45 92 49 28 11 56 89 63 61 22 74 64 53 51 76 16 52 74 14 100 2 19 7 64 
89 5 47 72 82 94 5 78 86 53 5 48 8 93 62 21 67 35 84 71 37 59 87 89 85 52 88 38 23 46 53 11 50 100 82 83 93 86 61 30 38 17 29 98 62 91 18 28 77 53 98 14 64 36 2 48 
88 41 37 10 86 89 20 88 40 1 22 33 87 34 14 76 51 43 25 12 85 94 91 61 47 40 74 10 76 27 9 15 67 45 76 5 33 95 92 73 47 65 57 85 99 22 13 1 16 37 12 100 83 54 61 29 
93 34 38 20 13 98 34 79 42 9 35 26 55 78 50 54 43 6 38 41 80 2 41 95 91 4 95 73 57 7 1 1 92 90 21 4 87 6 83 80 15 69 5 21 47 55 74 89 12 64 81 43 65 73 38 55 
76 84 27 84 90 79 36 81 68 56 37 6 62 71 85 28 39 42 48 85 48 74 73 11 37 5 54 1 77 43 56 4 78 34 39 19 13 75 51 32 82 87 38 95 57 74 22 96 15 22 80 14 95 5 25 31 
9 30 83 38 72 38 41 49 24 80 67 88 54 69 19 87 56 56 82 12 82 3 7 96 76 87 62 70 43 86 100 51 15 83 88 38 72 81 38 47 12 56 34 17 24 53 3 79 60 84 91 41 39 49 89 14 
87 50 84 29 87 35 32 53 69 71 90 93 51 79 39 62 34 25 78 9 29 81 88 88 16 30 81 54 78 21 68 65 70 51 45 8 37 76 60 6 47 1 50 49 31 40 63 64 64 92 24 92 24 11 32 40 
92 12 93 70 84 60 86 5 62 30 12 99 58 23 56 56 23 5 56 53 96 18 68 60 10 91 3 33 54 34 72 45 97 17 66 80 76 3 84 90 85 47 40 42 69 95 49 43 51 4 47 46 22 66 57 83 
57 60 67 62 45 39 58 94 7 24 25 82 78 61 23 62 7 62 55 28 8 3 70 58 7 69 56 80 34 12 62 42 23 28 55 68 18 13 13 24 88 37 58 65 97 80 27 56 42 81 83 49 36 4 59 42 
72 14 21 58 77 34 99 100 13 54 19 31 18 31 54 5 19 63 69 16 43 47 23 36 80 57 36 15 60 46 8 84 59 80 41 88 13 91 87 25 96 57 7 13 87 13 69 5 75 90 72 69 88 46 4 67 
2 92 33 62 37 40 97 48 19 37 35 83 79 73 8 27 29 66 91 67 78 60 23 53 1 47 73 88 92 77 55 94 20 39 7 56 79 3 55 49 91 89 32 69 61 91 47 41 8 38 7 86 49 82 90 49 
28 62 36 19 90 42 64 9 33 70 17 63 72 71 11 14 12 94 35 72 36 81 65 44 70 23 29 18 4 70 66 83 31 54 2 21 47 17 29 79 87 97 41 10 68 4 24 79 49 10 2 85 90 66 80 60 
41 60 29 44 29 47 27 59 100 80 79 98 96 60 29 34 56 69 96 75 24 71 5 73 80 7 57 69 24 36 80 64 47 9 60 75 55 38 85 6 69 16 3 16 75 83 50 82 52 45 9 75 67 13 47 46 
71 55 14 95 42 46 10 88 6 21 14 60 58 99 17 78 14 71 94 40 54 95 73 57 91 81 31 57 94 30 2 64 36 67 10 78 64 20 17 69 92 31 80 2 81 96 79 94 67 24 33 72 18 5 28 60 
38 10 16 31 91 69 46 27 36 56 56 51 27 72 20 70 54 99 71 34 47 2 79 65 25 11 36 95 68 15 54 5 24 70 87 15 90 84 93 77 91 48 28 69 19 47 39 25 45 9 58 43 10 37 7 35 
99 42 29 18 56 34 22 32 3 60 46 45 44 90 21 86 37 48 55 7 94 93 31 91 53 89 33 63 77 40 49 75 33 29 45 89 62 66 20 17 78 17 61 73 6 33 58 94 81 64 100 74 56 31 16 61 
71 1 23 47 40 23 73 72 3 17 12 16 35 83 84 64 51 96 88 8 29 45 1 9 61 53 34 16 83 2 76 5 2 50 3 41 24 75 64 78 44 28 46 30 62 81 93 13 77 32 72 57 28 25 17 88 
77 50 56 11 51 31 15 4 33 17 44 8 43 60 38 38 39 83 67 100 63 11 64 91 42 36 47 70 12 63 57 88 65 12 98 67 95 12 71 79 80 66 38 74 25 75 12 15 9 78 15 24 41 30 14 34 
65 13 55 28 75 12 15 91 75 64 58 21 27 80 51 6 45 89 80 22 15 91 36 76 20 2 99 12 32 12 46 48 24 100 76 51 63 42 41 90 6 50 62 32 29 13 38 74 53 69 47 67 11 82 94 30 
36 92 94 67 4 39 14 79 90 41 81 53 83 74 94 88 23 55 19 4 67 8 29 19 76 75 38 38 56 31 68 91 75 61 9 30 51 75 8 40 15 89 44 49 62 37 36 36 92 7 39 10 66 67 81 42 
41 70 79 49 52 98 91 26 10 52 55 12 26 15 4 92 55 99 93 68 36 28 3 79 86 94 40 52 12 20 45 5 89 75 53 41 25 95 66 86 98 73 98 75 87 1 67 41 51 11 8 86 38 62 16 76 
55 56 79 67 27 23 71 68 49 75 8 73 21 25 59 19 97 56 93 35 8 11 75 58 21 34 96 11 96 63 38 50 70 16 16 49 38 38 16 38 12 23 11 33 99 69 3 48 76 47 82 35 10 9 44 82 
42 91 44 37 54 81 39 75 96 54 23 85 92 38 23 55 12 85 39 63 53 41 10 80 40 43 66 49 51 9 30 45 100 74 81 5 54 19 31 2 25 54 38 68 43 60 74 55 44 13 69 48 53 78 79 92 
72 44 92 75 53 22 19 4 47 99 60 52 70 90 53 46 95 91 13 38 2 86 44 98 50 12 97 55 41 76 98 12 19 90 86 23 63 56 78 9 7 37 60 76 79 65 73 73 7 85 62 8 22 5 57 72 
68 6 78 8 81 75 72 51 64 9 26 26 65 3 34 71 92 46 98 70 10 70 94 16 6 56 75 79 60 84 2 80 89 79 87 21 54 10 23 69 19 100 95 35 55 80 57 46 25 54 67 86 75 60 1 32 
15 28 10 27 63 12 6 51 42 44 23 47 54 45 16 24 97 10 10 51 89 66 96 66 19 62 51 45 73 4 76 40 83 85 18 45 48 23 47 42 18 69 88 23 65 3 46 61 64 55 11 5 20 58 70 90 
71 72 34 96 27 61 35 61 46 52 5 45 26 51 86 43 71 26 66 88 28 63 100 44 18 63 48 89 20 17 31 43 40 16 38 19 77 72 79 74 75 84 18 100 86 56 94 9 33 59 96 12 74 95 55 91 
57 2 31 29 70 13 71 62 29 8 80 5 31 58 78 57 93 47 8 79 54 1 87 38 12 34 50 85 28 4 27 85 6 57 65 27 22 35 88 50 94 67 6 76 25 35 32 69 81 39 47 87 91 85 24 2 
70 73 86 98 29 64 34 86 73 98 12 94 84 52 43 77 18 48 4 94 82 35 63 14 25 61 52 67 98 76 69 67 100 6 16 80 70 49 65 42 98 29 35 33 80 77 9 97 76 64 43 9 98 57 22 74 
17 74 41 14 1 61 33 52 66 48 32 87 49 48 28 98 76 14 31 7 42 91 56 17 55 98 25 4 54 99 30 22 72 70 88 24 82 20 75 99 19 58 86 67 6 13 17 33 79 47 40 20 89 95 37 43 
44 13 47 97 11 76 18 34 97 5 57 78 76 84 76 95 41 13 61 98 78 29 31 56 75 22 75 64 16 11 58 11 76 56 7 86 31 76 20 79 33 76 8 8 59 36 2 52 48 15 49 25 43 31 32 18 
4 7 33 19 69 90 81 44 98 87 30 80 63 1 59 95 28 18 54 39 53 56 90 53 70 90 29 12 73 61 81 76 19 65 47 87 7 27 31 4 66 12 83 80 64 41 26 91 11 79 29 15 34 70 67 55 
12 48 67 84 60 99 11 78 64 57 64 70 84 46 73 1 9 7 80 72 100 5 15 10 83 43 24 69 65 43 23 76 42 89 11 1 40 21 30 3 78 45 24 13 91 48 13 51 54 92 23 53 48 37 14 30 
31 38 98 47 32 21 22 73 61 32 73 52 5 2 54 82 98 29 46 88 28 10 91 82 53 65 86 100 53 100 29 83 89 79 30 20 51 3 92 63 87 16 15 91 69 68 24 66 49 69 6 76 30 96 9 82 
60 95 81 12 46 61 46 34 91 27 53 41 82 44 4 68 11 18 10 79 37 33 96 37 53 1 13 82 48 21 63 7 67 95 70 12 55 68 45 46 46 49 38 27 92 41 46 54 10 55 84 99 39 80 35 91 
80 99 72 28 72 86 86 38 80 8 2 35 75 98 32 72 47 69 99 90 62 96 44 23 3 27 73 41 6 8 32 38 58 55 65 29 41 2 19 20 9 20 54 35 17 37 7 15 6 57 5 19 52 48 93 54 
26 66 95 32 73 78 69 82 32 85 11 72 38 81 92 47 52 97 33 20 34 39 35 91 95 39 61 99 38 53 52 63 18 98 94 42 75 14 24 59 50 86 30 40 18 21 86 69 70 18 88 3 9 74 45 3 
12 5 1 49 57 5 64 75 54 9 68 29 23 91 39 24 28 68 63 45 41 100 13 10 70 53 64 78 78 8 32 90 12 85 90 20 89 5 46 42 14 14 22 36 56 12 11 84 80 74 80 72 25 45 81 94 
97 96 23 74 3 55 15 66 39 57 85 79 61 83 72 74 96 46 61 51 57 72 86 36 97 66 59 73 10 39 67 58 86 89 83 40 43 50 5 33 6 42 11 18 24 35 92 71 80 4 21 36 27 59 24 23 
24 82 96 85 73 14 42 58 54 76 98 49 25 54 81 30 47 44 100 22 78 91 92 57 46 65 44 73 23 67 47 98 1 94 82 73 7 75 82 61 2 31 61 27 85 41 8 31 36 7 5 13 49 96 21 95 
60 65 67 34 83 13 31 83 7 64 7 65 90 41 77 92 71 37 18 55 30 77 38 65 84 42 78 32 89 98 78 49 14 96 82 97 9 65 31 67 28 90 83 18 30 12 9 100 48 78 7 29 54 96 94 37 
89 23 21 77 72 50 77 86 46 11 34 6 75 64 24 54 53 6 71 34 17 31 34 17 8 92 45 62 87 38 50 27 12 22 55 84 72 32 69 69 94 2 74 68 17 97 21 22 2 44 55 71 74 40 87 34 
31 83 47 69 73 48 47 84 70 2 67 93 85 87 61 78 88 86 97 57 82 69 78 35 12 84 5 38 24 43 71 6 78 69 27 50 16 25 33 37 26 52 29 10 38 41 39 78 26 87 86 59 56 63 94 19 
98 50 8 73 45 78 31 22 98 9 71 14 33 55 50 59 58 31 20 96 23 11 25 1 97 10 59 52 24 4 71 73 54 30 46 98 8 76 71 57 84 41 70 16 47 20 26 5 2 98 100 24 8 76 24 4 
37 35 56 60 90 78 32 43 7 29 92 66 4 62 23 39 54 44 7 1 15 32 5 16 29 56 92 88 31 67 92 19 1 99 78 91 28 61 85 34 90 29 52 45 90 26 36 96 69 42 96 84 25 52 51 6 
7 42 93 89 9 84 7 61 34 36 3 61 96 88 47 37 68 98 34 9 75 69 4 95 10 99 30 86 50 81 91 8 74 36 96 34 71 54 95 5 41 97 65 89 36 11 25 55 60 58 64 86 78 67 81 39 
66 10 25 67 42 67 75 16 2 22 49 73 28 95 29 68 44 93 56 31 56 33 86 67 42 49 53 20 15 85 58 32 46 34 99 88 53 25 55 54 98 55 78 25 50 58 45 93 51 100 23 58 32 8 76 74 
8 80 93 23 64 2 6 62 88 56 49 40 32 55 45 30 9 75 6 58 32 50 2 34 50 77 91 33 36 67 6 44 46 50 18 62 4 23 23 43 31 23 82 62 77 78 91 37 52 97 47 84 98 48 69 99 
76 60 32 12 78 89 7 75 91 24 88 94 98 62 36 28 84 69 90 12 46 32 49 50 80 95 85 78 94 53 28 70 64 59 33 41 100 39 68 90 14 7 35 63 69 22 91 52 90 32 64 87 63 64 36 95 
10 72 24 3 25 51 24 88 10 8 81 9 98 100 50 11 6 84 26 74 5 16 26 94 99 41 32 13 4 20 7 65 91 30 19 15 81 95 55 42 2 87 2 52 86 51 62 91 34 87 65 90 54 42 35 52 
82 66 17 37 85 23 53 28 5 71 94 37 65 48 78 19 34 31 70 71 81 83 62 66 70 78 55 75 19 41 79 52 6 95 40 43 69 92 22 73 62 15 9 79 15 38 97 48 68 66 19 100 48 32 17 69 
9 23 96 27 63 74 30 21 20 69 63 40 60 36 13 73 50 73 51 64 63 47 64 82 64 34 34 12 65 50 32 73 25 27 51 87 52 32 7 71 100 21 63 11 56 75 35 58 99 86 21 13 84 84 47 100 
0 1 0 0 0 1 0 0 0 0 1 1 1 1 0 0 0 0 0 1 0 1 0 0 0 1 1 1 0 1 0 1 0 0 1 0 0 0 1 0 0 0 1 0 1 1 0 1 1 1 1 1 0 1 0 0 
0 1 1 1 0 0 0 0 0 1 0 0 1 1 0 0 1 0 0 1 1 0 0 1 1 1 0 1 1 0 1 1 1 1 0 1 1 0 1 1 0 0 0 1 1 0 1 1 0 1 0 0 0 0 1 1 
0 1 1 1 0 0 0 1 1 1 1 0 1 0 0 1 0 0 1 0 0 0 1 1 0 1 1 0 1 0 1 1 1 0 0 1 1 1 1 0 0 0 1 1 0 1 1 1 1 0 1 1 0 0 0 0 
1 1 0 0 1 0 0 1 0 0 0 1 1 1 0 1 1 1 1 0 0 0 1 1 0 0 0 0 0 1 1 1 0 1 1 0 1 1 1 0 0 1 1 1 1 1 1 0 0 0 0 0 0 1 1 0 
1 0 0 1 1 1 0 1 1 0 1 0 1 0 0 1 0 0 1 1 1 0 1 0 0 0 0 0 1 0 0 1 0 0 0 1 0 1 0 1 1 0 1 0 0 0 0 0 0 1 1 1 1 1 1 1 
1 0 1 0 0 1 1 0 1 0 1 1 1 1 0 0 1 0 0 0 0 0 0 0 1 0 1 0 1 1 1 0 1 0 0 1 1 0 1 1 0 0 0 1 1 1 1 1 1 1 1 1 0 1 1 1 
1 0 0 0 1 1 0 0 0 1 1 1 1 0 0 1 0 1 0 0 0 1 1 1 0 0 0 0 1 1 0 1 1 0 1 1 1 0 1 1 1 1 1 0 1 1 1 0 0 1 0 0 0 1 1 0 
1 1 1 0 0 1 1 0 1 1 1 0 1 0 0 0 1 1 0 1 0 1 1 1 0 1 1 0 0 1 0 1 0 1 1 1 0 1 1 1 0 0 0 1 0 0 1 0 1 1 1 1 0 0 0 0 
1 0 0 1 1 0 0 1 0 1 0 0 0 1 0 0 1 0 1 0 0 0 0 1 1 1 0 1 1 1 1 0 1 1 1 0 0 1 1 0 0 0 0 1 1 0 1 1 0 1 1 0 1 1 1 1 
0 0 0 1 1 0 1 0 1 0 0 1 1 1 1 1 1 0 0 1 0 0 0 1 1 1 1 0 0 1 1 0 1 0 1 0 0 0 0 1 0 0 1 1 1 0 0 1 0 1 0 1 1 0 0 0 
1 1 0 1 0 0 1 1 0 0 1 0 0 1 1 0 1 0 1 1 1 1 0 1 0 0 0 1 0 0 1 1 0 0 0 0 0 1 0 0 1 1 0 1 1 1 1 0 0 0 1 1 1 1 0 0 
1 1 1 1 1 1 0 1 1 0 0 1 1 0 1 0 1 1 1 0 0 0 1 0 0 0 1 0 0 0 0 1 1 1 1 0 0 1 0 1 0 0 0 1 0 1 0 1 0 1 0 1 0 1 1 0 
1 1 0 1 1 0 1 0 0 0 0 0 1 0 0 1 0 0 1 0 0 1 0 0 0 0 1 0 1 1 1 0 0 1 0 1 0 1 1 0 1 1 0 0 0 0 0 0 1 1 1 1 0 1 1 0 
1 1 1 0 0 0 0 0 1 0 1 1 1 0 1 0 1 0 1 1 0 1 0 1 0 1 0 0 0 0 0 1 1 1 1 1 1 1 1 1 0 0 0 1 0 0 0 1 0 1 1 0 0 1 0 0 
0 0 0 0 0 0 1 1 0 0 0 1 1 1 0 1 1 1 1 1 1 1 1 1 0 0 1 0 1 1 0 1 0 0 1 0 0 0 0 0 0 0 0 1 0 0 1 1 1 0 1 0 1 0 1 1 
0 1 1 1 0 1 0 0 1 1 1 1 1 1 0 1 1 0 0 1 0 1 1 0 1 0 0 0 0 0 1 0 1 0 1 1 1 1 0 0 0 1 0 1 0 0 0 1 0 0 1 0 0 0 0 1 
0 1 0 0 1 1 0 0 0 1 1 1 0 1 0 0 0 0 1 0 0 1 0 0 1 1 0 1 1 1 1 1 0 1 1 1 0 1 1 0 0 0 0 0 0 0 0 0 0 1 1 0 0 1 0 1 
0 0 1 1 1 0 0 1 1 1 0 1 0 1 0 0 0 0 0 0 0 0 0 0 1 1 0 1 0 0 0 0 0 1 1 0 1 1 1 0 0 0 0 0 1 0 0 1 0 0 1 0 0 0 0 1 
1 0 0 0 0 1 0 0 0 0 0 0 1 0 0 0 0 0 0 1 0 1 1 0 1 0 0 0 0 0 1 0 0 0 0 0 1 0 1 1 0 1 1 0 1 0 0 1 0 0 1 1 1 0 1 1 
0 0 1 1 0 0 1 1 0 1 1 1 1 0 1 0 0 0 0 1 0 0 1 1 0 0 0 0 0 1 1 0 1 0 1 0 0 0 1 1 1 0 0 1 1 1 1 1 0 1 0 0 1 1 1 1 
1 1 1 1 1 0 0 0 0 1 0 1 0 1 0 1 0 0 0 1 0 1 0 0 0 0 0 1 0 0 1 1 1 0 1 0 1 1 1 1 0 1 0 0 1 0 0 1 1 0 0 1 0 0 1 0 
0 1 0 0 1 1 0 1 1 1 1 0 0 0 0 0 0 0 1 1 1 1 0 0 1 0 1 1 0 0 0 0 1 0 1 1 1 1 0 0 0 1 1 0 0 1 0 0 1 1 1 0 0 1 0 0 
1 1 1 1 1 1 1 1 1 0 0 0 1 0 1 1 1 0 1 1 1 0 1 0 1 0 1 0 1 1 0 0 1 1 1 0 1 1 1 0 1 1 1 1 1 0 0 1 0 0 0 1 0 0 1 1 
0 0 1 0 0 1 0 1 1 0 1 0 1 1 0 0 0 1 1 0 1 0 1 1 0 1 0 0 1 0 1 0 0 1 0 0 0 0 1 1 0 1 1 1 0 0 0 0 1 1 0 1 1 1 0 1 
1 1 1 0 1 1 0 1 0 0 0 0 1 1 0 1 0 1 1 0 1 1 1 1 0 1 0 0 1 0 1 0 1 1 0 0 0 1 0 0 1 0 0 0 1 0 0 0 0 1 0 1 0 1 0 0 
1 0 0 0 1 0 0 0 1 0 1 1 1 1 1 1 1 1 1 0 0 1 0 0 0 1 1 0 0 0 1 1 0 1 1 1 1 1 0 0 0 1 1 1 0 0 0 1 0 0 1 0 1 0 0 0 
1 1 0 1 1 1 1 0 1 0 1 0 0 1 1 0 0 0 1 0 1 0 1 1 0 1 1 1 1 1 1 0 0 0 1 0 1 0 0 0 1 1 1 1 1 0 1 1 0 0 0 1 0 1 0 0 
0 1 0 1 0 1 1 1 1 1 1 1 1 1 1 0 0 0 1 1 0 0 1 1 1 1 0 1 0 1 0 1 0 0 0 1 1 0 0 1 1 1 0 0 0 1 1 0 0 0 0 0 1 1 1 0 
0 0 1 0 1 1 1 1 1 0 0 1 0 0 0 1 1 0 1 1 1 0 0 1 1 0 0 0 1 1 0 1 1 1 1 0 1 1 0 0 1 0 1 1 1 1 0 0 1 1 0 1 0 0 0 1 
0 0 1 1 0 1 0 1 0 1 0 1 0 0 0 1 0 1 0 1 1 0 0 0 0 0 1 0 0 0 1 0 0 0 1 0 1 1 0 1 0 0 1 1 0 1 0 0 0 1 0 1 1 0 0 1 
0 1 1 0 1 0 0 0 0 1 0 1 0 0 1 0 0 0 1 0 1 0 1 1 1 1 1 0 1 1 0 1 0 1 1 0 0 1 0 0 0 0 0 0 1 1 0 1 1 0 0 0 0 1 1 1 
0 0 1 1 1 1 0 0 1 1 0 1 0 0 1 0 0 1 0 1 0 0 1 1 0 1 1 0 0 1 1 0 1 1 1 1 0 1 1 1 0 1 0 0 1 0 0 1 1 0 1 0 0 0 1 1 
1 1 1 1 0 1 1 1 0 0 0 0 1 1 0 1 0 0 1 1 0 1 1 0 1 0 0 1 0 1 0 1 0 0 0 0 1 1 0 1 1 0 1 0 0 1 1 0 0 0 0 0 1 1 0 0 
1 0 1 1 0 0 0 0 0 0 1 1 1 1 0 0 1 1 0 1 1 1 0 1 1 0 1 0 1 0 0 0 0 1 1 0 1 1 1 1 1 0 0 0 1 0 0 0 0 0 0 1 1 0 0 0 
0 1 0 1 1 0 1 0 1 0 0 1 1 1 0 0 1 1 0 0 1 0 1 1 0 1 0 1 1 0 1 1 0 1 0 1 1 1 1 0 1 0 1 0 1 0 0 1 1 0 1 0 0 0 0 0 
1 0 1 0 1 0 1 1 1 1 0 0 0 0 0 1 0 0 1 1 0 1 0 1 1 0 1 1 0 1 1 0 0 0 0 1 0 0 0 1 1 0 1 0 0 0 1 0 0 1 0 0 0 0 1 0 
0 0 1 1 0 1 1 0 1 1 1 0 1 1 1 1 1 1 1 0 1 0 0 1 1 0 1 0 1 0 0 1 0 1 0 0 0 1 0 0 1 1 0 0 0 1 1 0 0 0 0 1 1 0 0 0 
1 1 0 0 1 0 1 0 0 0 0 0 1 1 0 0 0 0 1 1 0 0 1 0 1 1 0 0 1 0 0 0 0 1 0 1 1 0 1 1 0 0 0 1 1 0 0 1 1 1 0 1 1 1 1 0 
0 1 0 0 0 1 0 0 0 1 1 1 1 1 1 1 1 1 0 0 1 0 1 0 1 0 1 1 1 1 1 0 0 0 0 0 1 0 0 1 1 0 0 0 1 1 1 0 0 0 0 0 0 1 0 0 
1 0 1 1 1 0 1 1 0 1 0 1 1 0 0 1 0 1 1 1 0 1 1 1 1 1 1 1 1 1 1 0 1 0 1 0 1 0 0 1 1 0 1 1 0 1 0 1 0 1 0 1 0 0 0 1 
1 1 1 0 0 0 1 0 1 0 0 0 1 0 1 0 0 0 1 1 0 1 0 0 1 0 1 1 0 1 1 0 0 0 0 1 0 1 1 1 0 1 1 1 0 1 1 0 1 1 1 1 0 1 0 1 
0 1 1 0 1 0 0 1 0 1 0 0 0 1 0 0 1 1 1 1 0 1 1 0 0 1 1 0 0 1 0 0 1 1 1 0 1 1 1 1 0 0 1 1 1 1 1 0 1 1 1 1 0 1 1 0 
0 1 0 0 0 0 1 1 1 0 1 0 1 1 1 0 1 1 1 0 0 0 1 1 1 0 1 1 1 0 1 1 1 0 0 0 0 1 1 0 1 1 0 0 0 0 0 1 1 1 1 1 0 0 1 1 
1 0 1 0 0 0 0 0 0 0 0 1 1 1 1 0 0 1 0 0 1 1 1 0 0 1 0 0 1 1 0 0 1 1 1 1 1 1 1 0 1 1 1 0 1 0 0 1 1 0 0 1 1 1 1 0 
0 1 0 0 0 0 0 1 1 1 1 1 0 0 1 1 0 0 1 1 0 1 0 1 0 0 0 1 0 0 1 0 1 0 0 0 0 1 1 0 0 0 1 1 1 0 0 1 0 0 0 0 1 0 1 1 
1 0 1 1 0 0 1 1 0 0 1 1 1 1 1 1 1 0 0 0 0 1 1 0 1 1 0 0 0 1 0 1 1 1 0 1 1 1 1 0 1 0 1 0 1 0 0 1 0 0 1 0 1 1 0 0 
0 0 1 0 1 1 1 1 0 1 0 1 1 1 1 0 0 0 1 1 0 1 0 0 1 0 0 1 1 0 1 1 0 0 0 0 1 1 1 1 1 1 1 0 1 0 0 1 1 1 0 1 0 1 0 0 
1 0 1 0 1 0 1 1 1 1 1 0 1 0 0 0 0 1 0 1 1 0 0 0 0 0 0 0 1 0 0 0 0 1 0 1 0 0 1 1 1 0 1 0 1 1 0 1 0 0 0 0 1 0 0 1 
0 0 1 0 0 0 0 1 1 1 0 1 1 1 0 0 0 0 1 1 1 1 0 0 0 0 0 1 0 0 0 0 1 1 0 1 1 1 0 1 0 1 0 1 0 1 1 0 1 0 1 0 0 1 0 0 
1 0 1 1 1 1 0 0 0 0 1 0 1 0 1 1 1 1 0 1 0 0 0 1 0 1 0 0 1 0 0 0 1 1 0 0 0 0 0 1 0 1 1 0 1 0 1 0 1 0 0 0 0 0 1 0 
1 1 1 0 0 1 1 1 1 1 1 1 1 1 0 1 0 1 1 0 1 1 0 1 1 0 1 1 0 0 1 0 0 0 0 0 0 1 1 1 0 0 0 1 1 1 1 1 0 0 1 0 1 0 1 0 
0 0 1 1 0 1 1 0 1 1 0 1 1 1 0 1 1 1 1 0 0 0 0 0 0 1 0 0 1 1 0 0 1 0 1 0 1 0 0 0 1 1 0 0 0 0 0 0 1 1 0 1 1 0 0 1 
0 0 1 1 0 0 1 1 0 0 1 1 0 0 1 0 1 1 0 1 0 0 1 1 1 0 1 0 0 1 0 0 1 1 0 1 1 1 1 1 0 0 0 0 0 0 0 1 1 1 1 1 1 0 1 1 
0 0 1 1 1 1 1 0 1 1 0 0 1 1 0 1 1 0 1 0 0 0 1 0 1 0 1 0 1 0 1 1 0 1 0 1 0 0 0 1 1 0 0 0 1 0 1 0 0 1 0 1 1 0 1 0 
