45 53 1097
44 44 8 26 15 44 6 74 15 62 43 53 26 98 84 84 67 80 8 97 95 97 58 83 58 74 97 14 27 48 40 70 44 99 47 58 42 4 83 8 17 25 60 43 75 95 26 93 74 85 41 20 82 
98 3 91 23 51 4 50 98 95 71 41 93 70 50 86 73 33 45 90 9 56 84 35 50 61 27 75 45 19 94 78 17 48 20 91 98 75 40 48 69 63 88 13 32 38 50 56 22 46 97 30 1 32 
65 50 92 43 24 89 62 18 66 30 17 38 20 15 12 12 62 33 26 1 97 9 38 99 64 11 44 13 41 45 44 57 94 88 51 18 76 64 87 93 93 3 82 65 69 94 28 82 78 53 83 74 61 
72 24 76 83 68 40 75 12 36 83 57 23 33 26 50 49 12 42 41 67 24 57 87 69 84 69 98 88 51 23 100 74 47 76 56 14 67 82 77 2 64 33 24 49 59 25 97 22 19 89 40 94 46 
27 62 81 95 11 21 97 33 20 70 79 95 78 44 62 59 20 15 75 5 91 23 15 15 19 88 33 59 28 26 56 6 39 37 100 49 57 48 82 76 17 12 23 46 8 36 5 27 50 31 83 40 53 
97 55 23 85 39 81 12 17 37 69 55 25 68 56 33 67 37 8 35 100 82 81 7 17 37 86 19 67 68 58 19 17 64 93 1 55 73 64 71 61 32 25 85 51 80 69 17 68 77 51 20 10 31 
26 79 19 63 97 85 83 6 3 99 22 95 51 76 20 66 46 32 97 22 17 99 2 85 67 21 13 69 40 75 52 18 53 70 32 1 55 14 58 9 12 79 56 14 6 75 79 51 58 27 73 74 25 
26 11 43 46 75 12 38 1 63 55 5 32 86 5 86 100 15 47 63 93 2 29 99 28 7 1 85 86 73 11 62 50 73 5 96 99 16 33 100 78 39 4 61 24 61 99 75 27 45 90 19 46 18 
69 73 76 22 9 61 46 19 23 96 91 27 43 90 94 75 89 23 65 44 83 88 56 81 15 82 77 56 53 22 73 73 46 48 94 55 9 40 73 83 87 16 9 29 5 2 55 45 24 19 40 58 58 
96 91 24 29 67 79 81 41 51 6 86 51 99 92 11 90 17 93 76 32 53 56 88 6 62 84 81 32 23 38 90 70 28 65 51 47 44 83 87 46 88 24 48 39 16 58 28 32 2 56 15 54 63 
54 11 25 37 91 56 11 29 97 33 8 62 83 6 57 65 92 2 5 68 50 43 83 59 22 66 13 77 32 18 40 85 29 16 21 19 71 83 99 68 15 59 81 49 64 37 66 8 38 70 75 39 64 
9 50 85 74 14 62 57 31 53 41 11 68 13 82 90 95 80 9 62 90 89 10 6 25 75 13 15 96 39 5 59 47 6 44 72 19 57 80 50 61 20 60 28 84 41 69 78 73 78 91 14 18 1 
19 43 27 83 9 75 21 13 33 19 71 28 42 89 84 21 38 44 92 50 23 75 42 44 5 66 21 95 80 90 95 98 32 74 33 92 48 53 57 32 24 27 60 17 15 95 90 5 91 81 6 13 8 
99 8 12 65 80 6 44 70 53 93 53 78 25 45 25 30 53 8 53 79 67 21 45 62 62 1 4 95 58 68 2 57 76 65 21 55 22 64 24 74 8 77 51 33 73 27 62 25 35 66 55 53 86 
99 66 48 52 69 94 9 37 95 65 12 59 37 18 80 52 94 6 60 70 8 92 94 87 53 18 21 18 72 25 55 22 91 54 25 11 47 34 99 93 50 62 3 87 80 83 38 73 40 97 94 47 88 
87 33 92 56 5 61 79 82 16 100 72 21 77 34 68 10 33 60 59 94 63 45 73 97 35 97 88 31 90 86 71 28 71 14 83 27 75 61 8 42 13 31 62 89 65 81 98 97 41 8 42 55 5 
15 3 39 63 90 21 53 27 43 80 97 57 63 24 31 75 31 24 87 62 85 27 78 66 76 74 58 84 67 64 40 81 18 78 96 59 50 48 85 93 79 82 49 93 57 31 68 87 54 6 100 90 85 
77 55 60 2 64 95 69 79 86 1 96 63 48 6 13 95 91 5 26 24 5 18 80 35 37 18 40 95 70 29 79 98 36 90 52 51 37 72 30 22 24 77 37 72 83 1 66 73 5 43 48 61 13 
27 95 49 96 86 95 17 14 25 15 49 15 66 100 3 37 81 24 60 57 60 31 39 60 49 63 16 43 10 28 55 88 22 4 84 7 50 100 73 75 66 21 89 31 72 91 19 52 66 79 9 78 61 
99 37 61 62 5 4 71 32 58 59 6 13 94 64 63 45 36 37 11 9 77 93 32 19 12 36 84 42 96 61 2 94 50 63 55 6 18 78 89 75 36 46 88 29 10 2 25 97 38 35 57 14 28 
41 84 39 76 19 80 71 32 33 16 81 47 71 38 64 100 26 91 35 24 78 15 33 79 39 81 68 26 38 33 53 30 16 43 5 34 74 27 65 58 42 97 5 64 86 20 63 64 10 49 87 39 63 
19 69 54 51 36 79 88 68 83 17 35 77 73 21 50 99 85 59 93 34 63 56 19 35 71 82 44 19 68 35 34 38 3 87 89 39 17 28 58 51 97 93 27 21 13 28 72 49 86 64 82 1 71 
53 35 41 86 30 12 54 64 45 43 67 83 83 57 51 11 66 1 59 58 27 79 22 6 50 23 91 65 56 43 36 8 77 28 94 59 91 99 74 35 93 92 69 76 48 19 38 66 71 48 23 97 78 
97 54 28 71 45 44 26 87 31 86 16 11 31 26 1 29 99 88 73 91 56 48 90 27 37 55 97 84 30 46 62 78 99 41 48 95 84 73 82 67 10 49 77 40 74 77 68 24 64 93 66 72 40 
56 50 29 62 46 12 91 91 25 68 42 65 67 36 1 92 69 67 1 17 95 41 42 71 60 18 87 52 83 10 44 90 59 72 52 4 83 42 47 8 62 88 24 80 23 24 71 92 42 72 60 36 12 
54 59 71 71 45 23 53 54 66 43 12 37 46 67 71 87 13 30 100 100 54 32 75 29 2 66 71 73 25 58 36 30 16 7 100 60 81 5 65 98 47 28 34 92 95 56 30 59 86 82 11 39 13 
85 67 14 2 89 39 78 47 74 8 62 32 7 74 12 11 90 9 9 18 94 52 64 50 34 22 87 15 84 77 79 68 95 44 21 84 82 99 30 8 58 43 39 64 68 51 27 58 59 87 75 5 39 
38 6 72 11 92 38 47 68 16 14 62 59 87 45 93 37 26 100 94 21 38 9 88 40 35 45 51 74 71 55 12 60 60 35 71 51 72 69 70 39 82 31 49 20 28 93 56 5 92 49 77 82 58 
65 73 44 61 23 69 32 29 80 91 88 66 13 90 37 81 11 27 15 94 76 34 21 68 90 77 12 90 54 45 99 70 17 95 30 92 63 61 20 95 52 60 60 16 1 49 97 12 27 63 5 2 96 
77 22 37 53 85 79 58 29 77 27 97 23 57 88 86 69 60 32 72 19 43 88 19 91 36 82 18 98 86 71 93 62 44 82 67 28 60 24 8 88 3 57 63 11 96 100 31 55 31 3 25 73 42 
44 16 77 77 85 74 63 7 18 76 51 51 42 30 62 18 38 50 72 94 12 82 89 11 12 96 93 66 20 17 7 15 32 83 92 68 8 54 75 78 29 77 28 23 6 90 92 95 91 63 40 54 96 
81 16 59 76 8 25 47 76 31 62 8 66 5 27 25 58 53 2 38 29 30 12 35 71 3 81 13 17 21 66 12 53 33 71 28 40 47 26 67 29 87 74 94 43 53 71 100 5 72 90 34 53 53 
20 75 8 100 87 24 72 4 36 24 36 58 3 27 56 81 94 84 67 19 30 62 71 100 61 76 23 2 61 76 7 80 50 14 31 89 37 55 92 24 30 28 33 33 54 88 13 47 72 31 66 1 92 
36 52 5 63 74 58 23 49 64 54 51 29 37 39 66 91 82 41 20 9 74 4 63 61 68 61 32 51 26 84 94 14 35 50 28 9 60 51 9 75 56 11 4 44 1 21 34 83 61 6 91 34 61 
5 95 81 66 78 83 43 62 28 56 48 78 84 8 89 86 17 63 93 79 18 37 80 38 70 14 99 27 56 84 40 61 78 20 26 56 2 20 69 29 76 16 58 11 24 98 96 92 61 40 70 30 76 
1 68 98 66 18 24 22 53 63 82 83 34 59 38 87 78 58 68 5 73 25 15 48 23 62 39 35 2 61 64 77 61 83 74 79 52 50 100 57 64 81 39 98 91 28 36 68 85 3 73 9 28 39 
57 2 1 95 88 2 55 3 30 68 38 4 46 89 5 45 45 68 77 83 17 67 10 53 34 46 55 58 55 34 97 11 87 49 5 74 50 12 77 31 31 14 86 76 54 90 72 51 58 100 85 26 66 
95 30 51 92 85 61 46 70 57 56 57 57 13 82 58 76 58 88 6 23 74 33 77 63 4 79 72 3 63 50 20 9 79 70 1 63 82 46 85 90 54 41 46 18 74 3 93 32 91 98 6 64 30 
34 78 85 12 2 39 75 51 58 83 29 79 35 44 61 81 28 50 86 20 48 3 93 50 95 76 92 44 82 7 25 15 85 9 79 86 99 53 36 8 87 64 86 22 59 98 54 86 100 39 57 47 93 
50 48 39 77 40 82 58 46 58 25 82 18 3 19 16 7 54 23 93 70 60 66 80 10 19 66 61 9 22 59 1 23 6 39 100 97 72 9 95 81 33 28 98 87 47 13 45 52 87 90 73 47 55 
53 56 74 18 68 34 91 26 35 66 31 25 65 80 49 73 74 29 58 1 27 96 47 91 41 51 78 30 23 24 84 75 31 9 44 98 43 87 23 29 52 5 53 16 84 53 40 9 82 49 62 60 45 
60 50 85 10 27 66 33 2 1 59 84 10 3 81 4 89 55 32 92 12 36 59 47 41 98 56 22 47 69 33 43 28 82 79 38 61 44 22 62 44 80 46 5 82 78 8 22 85 91 13 96 79 71 
94 19 21 49 92 19 17 24 61 97 57 39 34 17 34 55 31 77 34 28 34 68 5 93 41 41 84 6 88 14 76 82 84 48 82 75 66 51 50 78 47 58 16 80 27 49 86 57 78 71 36 11 38 
40 55 79 33 90 36 20 3 11 53 86 11 35 12 76 85 61 54 83 71 21 14 97 22 99 5 51 69 40 13 59 31 67 89 63 57 24 35 59 86 87 97 96 21 8 24 57 21 29 39 91 49 52 
39 22 50 43 72 71 82 84 29 12 51 69 27 59 92 61 69 29 47 65 25 20 73 100 76 45 28 15 87 28 66 25 50 68 67 21 90 100 57 70 11 59 38 37 17 81 49 85 9 96 50 85 15 
1 1 1 1 0 1 1 0 1 1 1 0 1 1 1 0 1 0 0 1 1 1 1 1 1 0 1 0 1 0 0 0 1 0 1 0 1 0 0 0 1 1 0 0 0 1 0 0 1 0 1 0 1 
1 1 1 1 1 1 0 1 0 0 0 0 1 0 1 1 0 0 0 1 0 0 0 0 0 0 1 0 1 0 0 0 1 1 1 0 0 1 1 0 1 0 0 0 0 0 1 1 0 1 0 0 1 
0 0 1 0 0 0 0 0 0 0 1 1 0 0 1 1 1 0 1 1 0 1 0 0 1 1 0 0 1 1 0 0 1 1 0 1 1 0 1 1 1 1 0 1 1 0 0 0 0 1 0 0 1 
0 1 0 1 1 0 0 0 0 0 0 0 1 1 1 1 1 1 0 0 1 1 1 1 0 1 1 1 1 0 0 1 1 0 0 0 1 1 1 1 1 1 1 0 0 1 0 1 0 0 1 1 0 
0 1 0 0 0 1 1 0 0 1 1 0 1 0 1 0 1 1 0 0 0 0 0 1 0 0 1 1 1 1 1 0 0 1 0 0 0 1 1 0 0 0 1 0 0 0 0 1 1 0 1 0 1 
0 1 1 0 1 0 1 0 1 1 0 0 1 0 1 1 1 1 1 0 0 1 0 1 0 0 0 0 1 0 1 1 0 1 1 1 1 1 1 1 0 1 1 0 1 0 1 1 0 0 1 0 0 
1 1 0 1 0 0 1 0 0 0 0 1 0 1 0 1 0 1 1 1 1 1 1 1 0 0 1 1 1 0 1 0 1 1 0 1 1 1 0 1 1 0 0 1 0 1 0 0 0 0 0 1 1 
1 1 0 1 0 1 0 0 0 0 0 1 0 1 0 1 1 0 1 0 0 0 0 1 1 0 0 1 0 1 0 1 0 0 0 1 1 0 1 1 1 1 0 1 1 1 1 0 1 0 0 1 0 
0 1 1 1 1 0 1 0 1 1 1 1 1 0 1 0 1 0 1 1 1 0 0 0 1 0 1 1 1 0 0 1 1 1 0 0 0 0 1 1 1 0 0 0 0 1 0 1 0 1 0 1 0 
0 1 1 1 0 1 0 0 1 1 0 0 0 0 0 0 1 1 1 1 0 1 1 1 0 1 1 1 1 0 1 0 1 1 1 1 0 1 0 1 0 0 1 0 0 0 0 0 1 1 1 1 1 
1 1 1 0 0 0 1 1 0 1 0 1 0 0 1 1 0 0 0 0 1 0 0 1 1 0 1 0 0 0 1 1 1 0 1 0 1 0 1 1 0 1 0 0 1 1 0 1 1 0 1 0 0 
0 0 1 0 1 0 0 1 1 1 1 0 0 1 1 1 0 0 1 1 0 1 1 1 1 0 0 1 0 0 0 0 0 1 0 1 1 1 1 1 0 0 1 1 1 0 0 1 0 1 0 0 0 
1 1 0 0 1 1 0 1 1 0 0 1 0 1 0 1 0 1 0 0 0 1 1 0 1 0 0 0 1 0 0 0 1 0 0 0 0 0 0 1 0 0 0 1 1 1 0 0 0 0 0 1 1 
0 1 0 0 0 0 1 0 1 0 0 1 0 0 1 1 0 1 1 0 1 0 0 0 1 0 1 1 0 0 1 0 1 1 1 1 0 0 0 1 0 0 0 1 0 0 0 1 1 1 1 0 0 
1 1 1 1 0 0 0 0 1 0 1 1 1 1 1 0 1 0 0 1 0 1 1 0 1 0 1 1 0 0 1 1 1 0 1 1 0 1 1 0 1 0 1 1 1 0 1 0 0 1 1 0 1 
1 1 0 1 0 1 1 0 0 1 1 0 0 0 1 1 1 1 0 0 0 1 1 0 0 0 0 0 1 0 1 0 1 1 0 0 1 1 0 1 0 0 0 0 0 1 1 0 0 0 0 0 1 
1 0 0 1 0 0 1 0 1 1 0 0 1 0 1 1 0 1 1 0 1 0 1 0 1 1 0 1 1 0 1 0 0 1 0 0 1 1 0 0 0 0 0 0 0 0 1 1 1 0 1 0 0 
0 0 0 1 0 1 0 0 0 1 0 1 1 0 0 0 0 0 0 1 1 0 1 1 1 0 0 0 0 0 0 0 0 0 0 0 0 0 0 0 1 0 0 0 0 0 0 0 1 1 1 0 1 
1 1 1 1 1 1 1 1 1 0 1 0 0 1 0 0 1 0 0 1 0 0 1 1 1 1 0 0 1 0 1 0 1 0 1 0 1 1 1 1 1 0 1 1 1 1 1 0 1 1 1 0 0 
0 1 1 1 1 1 0 1 0 0 0 1 0 0 0 1 1 1 0 1 0 1 0 1 0 0 1 0 1 1 0 1 0 1 0 1 0 1 0 0 1 0 1 1 0 0 0 1 1 0 0 0 1 
0 1 0 0 0 0 1 1 0 0 1 1 0 0 1 1 0 1 1 0 1 0 0 1 1 1 0 1 1 0 1 1 0 1 1 0 1 0 0 1 0 1 0 1 0 1 0 0 0 1 1 1 0 
1 0 1 1 1 0 0 1 1 0 1 0 1 0 1 0 0 0 0 1 0 1 1 1 0 0 0 1 1 1 1 0 0 0 1 1 1 0 0 0 0 0 1 1 0 0 1 0 1 0 1 1 1 
1 1 1 1 1 1 0 0 0 0 0 1 0 1 0 0 0 0 0 0 1 1 0 0 1 0 1 1 1 0 0 0 1 0 1 0 1 1 1 1 0 1 0 0 1 0 0 1 1 0 1 0 1 
1 0 0 1 1 1 0 0 0 1 1 0 0 0 1 0 1 0 0 0 1 0 1 1 0 0 0 0 1 1 1 0 1 0 1 1 1 0 1 1 1 0 1 1 0 0 1 1 1 1 0 0 1 
1 1 1 0 0 1 1 1 1 0 0 1 1 1 0 1 0 0 0 1 1 0 1 0 1 1 1 1 1 1 0 0 0 0 0 0 1 0 1 0 0 0 1 1 1 0 1 0 0 1 1 1 1 
0 1 1 1 0 0 0 1 0 1 0 0 1 0 0 1 0 0 1 0 0 1 1 0 0 1 0 1 0 1 1 1 1 0 0 1 0 1 1 0 0 1 1 1 1 1 1 1 1 0 1 1 1 
1 1 1 0 1 1 1 1 0 0 0 0 0 1 0 1 0 0 1 1 1 1 1 0 0 0 0 0 0 1 0 1 1 1 1 0 0 0 1 0 0 1 0 1 1 0 0 1 1 0 1 0 1 
0 1 1 0 1 1 0 0 1 1 1 1 1 0 1 1 1 0 0 1 0 1 0 1 1 1 0 1 0 0 0 0 1 1 1 0 1 1 1 0 1 0 1 0 0 1 1 0 1 1 1 1 0 
1 0 0 0 0 1 1 1 0 1 0 1 0 1 0 0 0 1 1 0 0 1 1 1 0 1 0 0 0 0 0 1 0 0 1 1 0 0 0 0 0 0 1 0 1 0 0 1 1 1 0 1 0 
1 1 1 0 1 1 0 1 1 1 0 0 0 1 0 1 1 0 1 1 1 1 1 1 0 0 0 1 0 0 0 1 1 1 1 0 0 1 0 1 0 0 1 1 1 1 0 0 1 1 1 1 0 
0 0 0 1 1 0 1 1 0 1 0 1 0 0 1 0 0 0 0 0 0 1 1 1 1 1 1 0 1 0 1 1 0 1 0 1 1 0 0 1 1 0 0 1 1 1 1 1 0 0 0 0 1 
1 1 1 1 0 1 0 0 0 1 1 0 0 0 1 0 1 1 1 1 1 0 0 1 0 0 1 0 0 1 1 1 0 0 0 1 0 0 1 0 0 0 0 0 1 0 0 0 1 1 1 0 1 
0 1 1 0 0 1 0 1 1 1 0 1 0 1 1 0 0 0 0 1 0 0 0 0 0 0 1 1 1 0 1 1 1 0 1 0 0 1 1 1 1 1 0 1 0 0 1 1 0 0 0 0 0 
0 1 1 0 0 0 1 0 1 1 0 0 0 0 0 0 1 1 1 1 1 0 1 1 1 0 1 1 0 0 0 0 1 1 0 1 1 0 0 1 1 0 1 1 0 1 1 1 0 0 0 1 0 
0 1 0 0 0 1 1 0 1 1 1 0 0 1 0 0 1 1 1 1 0 0 1 1 0 0 1 0 1 0 1 1 1 1 1 0 0 0 0 0 0 0 0 0 1 0 0 0 1 1 1 1 1 
0 0 1 0 1 0 1 0 1 0 1 0 0 1 0 0 0 0 0 0 1 0 1 1 0 1 1 1 0 0 1 0 1 0 0 0 0 0 0 1 0 0 1 0 1 0 1 1 0 1 1 1 0 
0 1 0 1 0 0 1 0 1 1 1 1 0 0 0 0 0 1 0 0 1 1 0 1 0 1 1 1 1 1 1 1 0 0 1 0 0 0 0 1 0 0 0 0 0 0 0 0 0 0 1 1 1 
1 0 1 0 1 1 1 0 0 1 0 0 0 0 0 0 1 1 0 1 0 0 1 0 0 1 0 1 0 1 0 1 1 0 0 1 1 1 1 1 0 0 0 0 0 0 1 1 0 1 0 0 0 
1 0 0 1 1 1 1 0 0 1 0 0 1 1 1 0 0 0 1 0 0 1 1 1 0 0 1 0 1 1 0 0 1 0 1 0 0 1 1 0 0 1 0 1 0 1 1 0 1 0 1 0 0 
0 1 0 0 0 0 1 1 0 0 0 1 1 1 1 0 0 1 0 1 1 1 1 0 1 1 1 1 0 1 1 0 0 0 1 0 0 0 1 1 0 0 0 0 1 1 0 1 0 1 0 1 0 
1 1 1 0 0 1 1 0 0 1 0 0 0 1 1 1 0 0 1 0 0 1 1 1 0 0 1 1 0 0 1 1 1 1 0 1 0 1 1 0 0 0 1 1 1 0 0 1 0 1 0 0 1 
1 1 1 0 0 0 0 0 1 0 1 0 0 0 0 1 0 1 1 0 0 0 1 0 0 0 0 0 0 0 1 0 1 0 0 1 0 0 1 1 0 0 0 0 0 0 1 0 1 1 0 1 1 
1 1 0 0 1 0 0 1 1 0 0 1 0 1 1 1 0 0 1 0 0 0 1 1 1 1 0 0 0 0 0 1 1 0 1 1 0 0 0 1 0 1 0 1 0 1 0 1 1 1 1 0 1 
0 1 1 0 1 1 0 1 1 1 1 1 1 0 1 1 0 0 1 1 0 0 0 1 0 1 1 0 0 1 1 1 0 0 1 1 0 1 1 1 0 0 1 1 0 0 0 0 1 0 0 1 0 
0 1 1 1 0 1 1 1 0 0 1 1 1 0 1 0 1 0 1 1 1 0 1 0 1 0 1 1 0 0 1 0 1 0 1 1 1 0 0 0 1 1 1 0 0 0 1 1 0 0 1 0 0 
