68 42 139
35 59 14 27 59 79 16 3 34 10 24 28 66 29 48 79 29 3 15 9 52 47 20 6 29 13 60 4 47 81 87 33 91 52 59 1 30 27 55 63 36 78 
43 2 59 90 32 87 44 98 47 95 44 19 53 73 31 12 28 30 44 66 62 86 17 21 87 98 47 41 13 34 71 55 87 29 44 70 67 88 68 13 34 63 
31 86 35 14 49 15 43 92 80 4 78 97 76 64 94 22 56 6 8 26 60 94 6 56 16 72 95 83 37 80 45 19 66 32 32 14 46 74 58 77 30 35 
73 5 50 19 79 5 76 86 31 36 31 88 43 46 60 89 80 48 68 77 66 85 60 98 51 57 23 8 33 52 42 58 57 43 76 35 47 51 72 29 38 2 
17 32 100 28 20 79 75 40 7 92 24 66 41 74 74 64 33 7 67 26 16 75 68 91 9 15 93 80 95 31 34 63 14 33 90 86 63 16 25 22 8 100 
87 100 26 13 63 58 71 82 84 86 56 51 76 65 17 20 96 12 50 81 74 16 65 16 1 28 83 25 1 42 24 39 42 1 51 56 59 21 37 94 6 93 
44 33 9 13 53 56 24 54 89 49 69 53 16 69 32 99 93 32 40 69 71 33 69 21 89 79 94 77 72 99 69 68 32 29 80 36 85 55 89 25 55 58 
77 71 78 9 21 23 92 12 91 62 45 11 35 85 42 28 61 65 26 82 32 9 10 11 44 46 17 85 22 72 94 99 94 71 59 66 93 50 77 35 64 73 
46 98 9 39 77 22 3 54 3 35 63 64 97 58 62 66 94 83 37 87 33 82 58 91 47 50 93 75 85 8 100 82 5 60 20 33 81 22 86 35 8 100 
51 57 10 64 22 3 98 10 90 83 43 47 73 41 96 17 67 32 24 18 13 80 78 84 12 10 58 50 97 17 49 99 73 58 62 46 61 11 55 2 93 97 
48 18 89 95 34 56 79 10 73 91 41 50 75 5 12 84 54 8 100 2 58 73 12 19 18 24 81 25 25 74 73 72 43 62 18 28 69 96 37 41 39 30 
43 65 34 54 48 87 13 47 40 70 71 51 40 41 74 72 17 98 45 89 21 39 2 91 67 70 86 55 11 76 84 5 40 17 58 87 55 22 86 95 43 8 
97 34 48 71 5 64 20 2 5 93 40 58 83 6 28 20 61 90 48 44 94 87 13 3 26 67 76 63 13 18 70 10 51 70 32 55 33 3 8 89 95 48 
47 29 5 74 1 65 15 48 61 60 86 25 62 11 91 37 25 56 6 95 65 8 64 48 14 48 50 22 37 97 69 35 77 25 60 29 90 74 76 2 33 14 
26 46 76 68 34 1 23 39 47 39 98 10 86 11 9 88 32 97 84 52 31 60 77 90 89 18 15 16 19 99 81 96 44 57 15 77 57 90 67 3 28 64 
64 66 75 24 53 58 21 88 10 3 99 38 45 39 55 59 7 25 58 87 72 1 43 86 30 51 75 48 53 55 64 68 72 90 92 76 47 64 63 8 66 13 
45 10 52 51 21 58 27 78 44 98 30 87 84 11 37 10 59 42 16 22 61 87 11 4 62 9 67 76 17 85 89 13 46 40 16 66 49 42 43 92 92 25 
30 75 35 19 36 45 12 52 18 72 90 80 76 4 89 94 31 57 78 71 21 24 62 88 89 10 30 84 54 21 60 83 47 94 53 34 91 64 37 8 36 27 
88 63 82 28 56 12 84 34 83 56 9 44 44 49 6 73 84 59 45 43 93 43 89 46 76 79 9 13 38 96 91 25 58 24 4 14 87 87 99 21 95 59 
65 38 7 22 62 43 80 58 85 24 100 25 69 75 55 78 39 93 73 29 69 83 4 73 96 91 11 94 11 5 4 27 94 10 48 55 4 79 12 89 3 11 
65 71 38 20 100 28 12 25 9 32 7 12 4 2 2 67 47 13 23 50 39 17 11 87 71 67 17 83 7 19 45 71 90 34 90 41 62 53 65 70 37 71 
81 40 24 83 58 22 95 81 23 85 97 86 23 19 52 40 1 58 58 98 28 99 31 70 40 92 74 4 61 10 27 94 2 2 76 59 24 22 91 98 6 87 
83 29 6 86 68 58 43 77 7 23 76 38 44 15 81 17 70 94 79 48 87 80 50 62 90 25 83 81 22 40 19 57 68 76 42 87 86 37 64 92 11 91 
81 54 57 62 22 26 55 100 74 41 79 75 54 21 99 88 1 72 27 71 80 47 47 74 33 84 10 48 75 20 90 56 25 46 69 46 72 23 46 97 15 76 
23 68 96 73 55 96 96 81 19 76 79 17 49 12 100 10 11 74 81 1 81 5 46 49 2 69 23 47 17 37 23 39 4 70 11 10 18 7 43 36 34 21 
52 82 84 51 43 95 76 23 47 57 79 44 57 80 65 80 79 81 68 53 20 24 22 82 33 39 40 75 74 73 96 25 6 79 27 48 25 3 70 23 11 100 
67 67 80 31 98 10 63 66 62 34 89 83 16 21 22 7 48 47 80 43 24 85 73 50 85 98 52 54 20 62 6 38 81 37 68 78 46 83 43 7 16 31 
89 31 4 62 38 51 9 69 93 84 53 17 33 89 14 37 95 86 98 100 23 30 36 43 8 81 25 2 87 40 85 27 23 88 41 12 38 1 80 82 84 84 
98 16 73 64 52 67 49 2 66 23 31 53 65 90 33 41 92 71 81 76 97 55 15 37 66 4 37 97 37 20 80 86 88 4 49 39 70 49 92 87 24 75 
39 88 64 23 81 7 93 13 34 90 67 48 78 84 3 67 80 39 86 59 25 25 63 25 64 84 74 7 71 97 81 61 36 97 84 16 55 76 80 89 17 46 
88 95 29 91 61 60 81 98 19 5 23 33 30 38 68 55 96 38 3 77 51 38 25 34 6 79 61 85 19 78 31 7 24 11 49 84 71 81 33 41 86 7 
25 67 44 92 21 40 82 23 68 32 12 92 17 17 22 77 54 41 54 36 99 77 98 99 12 68 79 97 60 16 3 84 34 99 28 54 90 9 28 9 92 92 
52 8 60 73 84 13 65 90 48 63 18 46 13 82 65 44 78 25 59 32 60 93 30 87 98 71 47 78 79 38 69 30 97 28 55 81 41 19 22 40 34 39 
85 98 72 2 41 49 78 100 81 37 44 62 76 41 33 74 70 63 64 38 45 60 66 99 92 58 69 13 97 54 4 34 52 75 87 92 76 64 43 8 52 86 
21 79 79 5 53 48 68 16 86 64 75 3 62 67 12 82 31 8 36 86 93 87 13 79 78 88 42 73 47 46 58 19 24 36 24 76 36 43 91 73 6 18 
75 19 36 86 100 66 45 87 4 90 73 16 68 3 55 62 75 53 59 84 71 82 72 94 58 7 88 100 79 93 17 5 11 4 42 63 22 86 49 25 27 74 
92 47 76 46 60 2 50 18 85 20 99 56 66 56 62 53 8 92 46 76 96 8 80 37 22 1 75 71 77 53 44 68 99 71 65 58 72 14 75 56 85 74 
12 50 81 73 55 88 17 52 16 12 59 95 1 81 47 27 3 75 79 46 94 78 68 58 35 39 23 62 94 59 87 5 61 67 30 15 7 46 66 74 9 76 
68 61 56 66 87 10 40 66 7 33 95 74 42 81 12 16 42 6 74 28 62 86 47 43 100 5 88 65 78 49 41 97 9 48 62 96 10 53 13 16 37 7 
42 30 39 53 45 81 10 70 60 24 56 58 66 7 62 6 72 91 54 64 87 14 63 100 61 24 4 73 40 40 31 81 21 70 85 65 2 47 87 61 70 94 
71 35 100 32 40 23 75 45 38 13 59 1 13 19 76 16 44 15 8 26 47 28 47 84 45 48 30 83 61 51 76 31 85 75 14 77 50 88 21 87 1 31 
39 65 2 15 32 45 81 91 22 80 19 69 63 15 16 44 97 76 94 72 58 30 98 72 6 47 11 79 86 63 9 24 27 10 90 11 6 71 1 28 50 71 
48 12 85 63 7 33 91 100 4 100 81 54 71 87 52 34 17 89 96 77 13 75 39 2 85 44 24 37 23 73 8 70 36 92 85 94 25 27 45 80 26 26 
85 49 64 89 82 80 77 29 56 41 55 46 95 39 90 18 28 64 43 35 86 78 78 70 24 2 96 68 34 21 93 70 21 56 58 2 87 35 31 95 75 37 
40 69 28 81 39 55 45 81 89 82 10 66 3 33 20 50 1 5 22 45 74 43 1 32 44 39 18 26 33 92 63 73 13 90 53 51 44 49 83 84 82 92 
1 84 77 20 33 77 76 55 21 50 97 73 33 92 12 50 70 96 93 84 68 57 73 73 7 68 73 41 3 7 85 3 90 61 75 75 89 50 29 9 51 77 
34 83 20 97 32 89 92 77 72 12 33 96 36 40 15 60 32 17 66 16 72 56 76 46 30 64 47 10 25 98 38 10 80 57 6 64 98 49 40 21 60 72 
17 95 63 83 7 95 52 72 10 23 27 38 20 8 53 66 69 77 15 6 38 95 15 43 10 64 44 49 84 3 20 52 50 35 87 56 29 38 27 90 60 6 
79 31 65 32 48 34 60 63 91 98 9 57 92 18 20 35 66 56 90 37 59 39 71 45 46 51 82 24 93 93 29 71 75 46 2 23 79 14 85 21 11 93 
78 2 10 49 89 27 56 78 63 15 68 86 11 13 88 45 88 80 89 69 51 64 14 4 86 44 17 22 64 79 14 41 33 75 42 21 1 97 50 15 63 17 
52 74 81 40 70 68 19 58 36 21 21 49 77 58 44 93 79 8 24 44 100 56 70 41 76 22 90 25 37 52 93 40 77 73 79 46 92 50 4 28 22 76 
28 98 86 72 43 64 31 66 60 30 21 81 71 48 3 60 24 91 63 16 30 40 40 61 85 31 62 40 58 83 16 38 81 1 61 23 16 91 40 27 20 60 
8 42 7 10 53 82 52 16 97 81 7 36 93 43 66 54 83 76 89 50 65 69 2 25 43 17 67 34 96 38 93 3 80 51 64 32 32 15 99 80 47 57 
67 92 100 84 45 34 11 33 83 75 53 84 51 47 52 17 80 47 55 24 1 86 74 64 69 57 30 20 88 29 76 54 20 27 38 16 60 48 1 42 75 53 
25 25 52 77 94 31 75 100 55 76 37 80 91 5 89 73 76 76 1 52 30 72 78 19 39 38 18 39 31 92 44 56 69 95 84 14 77 10 13 31 85 1 
63 28 57 51 100 33 26 52 84 7 75 13 25 13 2 95 4 33 86 47 40 54 41 75 19 69 84 31 100 69 83 14 96 40 64 47 72 41 98 7 100 72 
71 76 36 73 70 39 57 56 85 96 61 77 70 80 46 53 62 97 73 45 10 20 36 25 66 7 17 15 65 16 86 35 92 74 59 61 12 15 68 49 62 81 
25 31 60 22 36 73 18 60 69 79 80 4 55 97 62 72 12 26 87 49 61 30 22 71 91 34 86 10 34 99 90 58 30 1 32 17 74 1 28 42 80 7 
98 34 56 59 57 67 85 96 67 97 25 41 67 67 26 4 77 59 3 18 16 84 19 99 52 44 100 79 37 79 38 34 64 93 93 21 11 77 16 29 25 92 
69 91 59 94 47 87 52 1 4 20 84 74 18 87 17 17 65 54 47 54 39 11 46 31 83 8 59 50 89 83 41 57 26 99 51 24 37 54 24 41 73 59 
66 43 45 83 59 9 88 6 63 26 68 60 9 50 20 19 51 8 2 91 16 79 42 66 2 30 72 25 70 96 83 36 38 27 70 97 87 9 54 1 86 21 
13 94 22 32 13 24 91 66 66 6 44 59 24 97 89 95 73 58 90 7 45 28 85 66 76 71 74 81 24 60 53 36 5 26 67 17 49 57 34 14 14 29 
73 37 25 13 31 97 22 73 3 67 52 87 32 27 10 58 7 33 17 11 68 21 36 86 90 84 94 23 49 7 4 73 44 28 85 26 77 7 98 79 25 49 
18 8 27 79 65 85 63 33 95 30 6 30 67 47 65 12 69 66 18 24 90 13 52 75 39 28 33 88 58 9 89 27 16 15 5 33 52 67 65 46 48 22 
28 66 68 44 77 89 61 47 12 51 59 63 25 49 42 9 89 52 17 77 30 84 43 35 16 94 53 33 92 53 54 71 70 74 66 99 62 27 45 25 77 55 
40 53 4 33 13 44 84 29 20 14 12 14 100 80 60 4 12 51 8 17 73 30 42 90 28 55 16 72 80 44 78 19 48 33 51 60 76 87 40 47 100 52 
61 51 83 20 6 46 22 14 14 46 43 56 35 22 10 3 45 89 46 22 59 46 55 62 5 82 48 45 29 99 48 89 49 30 60 54 75 81 19 88 26 13 
95 12 34 5 14 78 45 12 100 4 57 6 65 13 87 12 57 67 62 56 7 10 37 66 15 11 98 34 51 23 46 45 87 32 1 100 9 46 11 60 1 19 
0 0 1 1 1 1 1 0 1 0 1 1 1 1 0 1 0 0 1 0 0 1 1 1 1 1 0 1 1 0 0 1 0 1 0 1 0 0 1 1 0 0 
1 1 1 1 0 0 1 0 0 1 1 1 0 0 0 0 0 1 0 0 1 0 1 1 1 1 1 0 1 1 0 0 1 0 1 1 0 0 1 0 1 1 
1 0 1 1 0 1 1 1 1 0 1 0 1 1 0 1 1 1 0 0 1 1 0 0 1 0 0 0 0 1 1 1 1 1 0 0 0 1 1 0 1 0 
0 1 1 0 0 1 1 0 1 0 0 1 0 1 1 0 1 1 0 1 0 1 0 0 1 0 0 0 0 1 1 1 0 0 1 0 1 1 1 0 1 1 
1 0 0 0 0 1 1 0 0 1 0 0 0 1 1 0 0 1 1 1 0 0 1 0 0 1 1 1 1 0 0 1 0 0 1 1 0 1 1 0 0 1 
1 0 1 0 0 1 1 0 0 0 0 1 0 0 0 1 0 0 1 0 1 0 1 0 1 1 1 0 1 0 0 0 0 1 0 1 0 0 1 0 0 1 
1 0 1 0 1 1 0 0 0 1 0 1 1 1 0 1 0 1 1 0 0 1 1 0 0 1 0 1 1 0 0 0 0 0 0 1 1 0 0 1 1 0 
0 1 0 0 0 0 0 1 0 0 0 1 0 1 0 1 0 1 1 1 1 0 1 0 1 0 0 1 0 0 0 0 1 0 1 1 0 1 0 0 1 0 
1 1 1 1 0 0 0 0 1 1 0 0 1 1 0 0 1 0 0 1 1 1 1 0 0 1 1 0 1 0 0 0 1 0 1 0 0 1 0 1 0 0 
1 0 1 1 0 0 0 0 1 1 1 0 1 1 1 0 1 0 0 1 0 1 1 1 1 1 0 1 0 1 1 1 1 1 1 1 1 1 1 1 0 0 
1 1 1 1 1 0 1 1 1 0 0 1 1 0 0 0 1 1 1 1 0 0 0 1 1 1 0 0 0 0 0 0 1 1 1 0 1 0 1 0 0 0 
1 0 0 0 0 1 1 1 0 1 1 0 1 0 0 1 0 0 0 0 0 1 1 1 0 0 0 1 0 0 1 0 0 1 0 0 1 1 1 1 0 0 
0 1 0 0 1 0 0 1 0 1 0 1 0 0 1 0 0 0 1 1 0 1 1 0 0 0 1 1 1 1 0 1 1 0 1 0 1 0 1 1 1 1 
1 1 0 0 0 0 0 1 1 0 0 0 0 0 0 1 0 0 1 0 1 0 0 1 0 1 1 1 1 0 0 0 1 0 0 1 0 1 0 0 1 1 
0 0 1 1 1 1 1 0 1 0 0 0 1 0 1 0 1 0 0 0 0 0 0 1 1 1 0 0 1 1 1 1 1 0 0 1 0 1 1 1 0 0 
1 1 0 1 0 0 1 0 0 0 0 0 1 0 1 1 0 0 0 1 0 0 1 0 1 1 0 0 1 0 0 0 1 1 1 1 1 1 0 1 1 0 
1 0 0 1 1 0 1 1 1 1 1 1 0 0 0 0 1 1 0 1 0 1 0 1 1 1 0 1 0 1 1 0 1 0 1 0 0 0 0 0 0 1 
1 0 0 1 0 1 1 0 0 1 1 1 0 0 0 1 1 1 0 1 1 0 1 0 0 1 0 0 1 0 0 0 0 0 0 0 1 1 0 1 0 0 
0 0 0 1 1 0 0 0 1 1 0 0 1 0 1 1 1 1 0 1 1 0 1 1 1 0 0 1 1 0 1 0 1 0 1 0 0 1 0 1 0 0 
1 1 1 0 0 0 1 0 1 1 1 0 0 0 0 1 1 1 1 1 1 0 1 0 1 1 1 1 0 1 0 1 0 1 1 1 1 1 1 0 0 0 
0 0 0 0 1 0 1 1 1 1 1 0 1 0 1 1 0 1 0 0 0 1 1 1 0 0 0 1 0 0 0 0 1 0 0 0 0 1 1 1 0 1 
1 0 1 0 1 1 1 1 1 1 0 0 1 0 0 1 0 0 0 0 0 1 0 0 1 1 0 1 0 0 0 0 0 1 0 1 1 0 1 0 1 1 
1 0 0 1 0 0 0 0 0 0 1 0 1 0 1 1 1 0 1 1 0 0 1 0 1 0 0 0 0 0 0 1 0 0 1 0 0 1 0 0 1 1 
0 0 0 0 1 1 0 1 1 0 1 0 0 0 0 1 1 0 1 1 0 1 1 1 0 1 0 0 1 1 0 1 0 0 1 1 1 1 0 0 1 1 
0 0 0 0 1 1 1 0 0 1 1 1 0 1 0 0 0 1 1 0 0 1 0 0 1 1 1 1 0 1 1 0 1 1 1 0 0 0 0 0 1 1 
1 1 1 1 1 1 0 0 1 0 0 1 0 1 0 0 0 0 1 1 1 0 0 0 0 0 0 0 0 1 1 1 0 0 0 1 1 0 1 0 1 1 
1 1 0 0 1 1 0 0 0 1 0 1 1 0 1 1 0 0 0 0 1 0 0 0 1 0 0 1 0 1 0 0 1 1 0 0 0 0 1 0 0 1 
1 1 0 1 1 0 1 1 0 0 0 1 0 1 1 1 0 1 0 1 1 1 0 1 0 0 0 1 0 0 0 0 1 0 1 0 1 0 0 1 0 0 
0 1 1 1 0 0 1 0 1 0 0 1 0 0 1 0 1 1 0 1 1 1 0 0 0 1 0 0 0 1 0 1 0 1 0 0 1 1 0 0 0 0 
1 0 0 0 0 1 0 0 1 1 1 1 0 1 0 0 1 0 1 1 1 1 1 0 1 0 1 0 1 1 0 0 1 1 1 1 0 1 1 1 0 1 
0 0 0 0 1 0 1 0 1 0 0 0 0 1 1 0 1 0 1 0 0 1 1 1 0 1 0 0 1 1 1 1 1 1 0 0 1 1 1 1 1 1 
1 0 0 0 0 0 0 1 0 1 0 1 0 1 0 1 1 1 0 0 1 1 1 1 0 1 0 1 0 1 0 1 1 0 0 1 0 0 1 0 1 1 
1 0 0 0 1 1 1 1 1 0 0 1 1 0 0 1 1 0 1 1 1 0 0 1 0 0 0 1 1 1 0 0 1 1 0 0 0 0 1 0 0 0 
1 0 0 1 1 0 1 0 1 0 1 1 0 1 0 0 0 1 1 0 1 1 1 0 1 0 0 1 0 0 1 1 0 1 0 0 1 1 0 1 1 1 
0 1 0 0 1 0 1 1 1 1 0 0 1 1 0 1 0 0 1 1 1 0 1 1 0 0 0 0 1 0 0 0 1 0 0 1 1 0 0 0 1 0 
0 0 1 1 1 0 1 0 1 1 0 0 0 0 1 1 1 0 1 1 0 0 1 1 1 0 1 1 0 0 1 1 0 1 0 1 1 1 1 0 0 0 
1 1 0 0 0 1 0 1 0 1 1 0 0 1 0 1 0 1 1 0 0 1 1 0 0 0 1 1 0 0 1 1 1 0 1 1 1 0 0 0 1 1 
0 1 0 0 0 1 1 1 1 1 0 0 1 0 0 1 1 0 1 1 0 0 1 1 1 0 1 1 0 0 0 0 1 1 1 1 0 0 0 1 0 0 
1 1 0 1 0 0 1 1 1 1 1 0 1 0 0 0 1 1 1 0 1 0 1 0 0 1 1 0 0 1 1 1 0 1 0 1 1 1 0 0 1 0 
0 0 0 1 0 0 0 1 0 1 0 1 0 0 0 1 0 0 0 1 1 0 1 1 1 0 0 0 1 1 0 1 1 0 0 0 0 0 1 0 0 1 
1 0 1 1 1 0 1 1 1 0 1 0 1 1 1 0 1 0 1 1 1 1 1 0 1 0 0 0 0 0 0 0 0 1 1 1 1 1 0 1 1 0 
1 1 1 0 1 0 0 0 1 0 1 0 0 0 0 0 1 1 1 1 1 1 0 0 1 0 1 1 1 1 1 0 0 0 1 1 0 1 1 1 1 1 
0 1 1 0 0 0 1 1 1 0 0 0 1 1 0 0 1 1 1 0 1 1 1 0 0 1 0 0 1 1 1 1 1 0 1 1 1 1 0 0 1 0 
0 0 0 0 1 1 1 0 1 1 0 0 1 0 0 1 0 1 1 1 0 0 0 1 1 1 0 1 1 0 1 0 0 1 0 1 0 0 0 0 1 0 
0 0 0 0 0 1 1 1 0 1 1 0 1 0 1 1 1 1 1 0 1 0 0 1 1 0 1 1 0 0 1 1 1 0 1 1 1 1 0 1 0 1 
0 1 1 1 1 0 0 0 0 1 0 0 1 0 1 0 1 1 1 1 0 0 1 0 1 0 1 1 1 1 0 1 1 1 1 0 1 1 0 1 1 1 
0 0 1 1 0 0 0 1 1 1 1 0 1 0 0 0 1 0 1 1 1 0 0 0 0 1 0 1 1 1 0 1 1 1 0 1 1 0 1 1 1 0 
1 0 1 0 0 0 0 0 0 1 0 0 0 1 0 0 0 1 1 0 0 0 1 0 1 0 0 0 1 0 1 1 0 0 1 1 0 1 1 0 0 1 
1 0 0 1 0 0 0 1 0 0 1 1 0 1 0 0 1 1 0 0 0 1 0 1 0 1 0 1 1 1 0 0 1 1 1 0 1 1 1 0 1 1 
1 1 0 1 0 1 1 0 0 1 1 0 1 1 1 1 0 1 0 1 1 0 0 1 0 1 0 1 1 0 0 1 1 0 0 1 0 1 0 0 1 1 
0 0 1 0 1 1 1 0 0 0 0 0 1 0 0 0 1 1 0 0 0 1 0 1 1 0 0 1 0 1 0 1 1 1 1 1 1 0 1 1 0 1 
0 0 1 0 0 0 1 0 0 0 1 1 1 0 1 1 1 0 1 0 1 0 1 0 1 0 0 0 0 0 1 0 0 0 0 0 1 1 0 1 1 0 
0 0 0 0 0 0 0 1 0 1 1 1 1 1 0 1 1 0 1 1 0 0 1 0 0 0 1 1 0 1 1 0 1 1 0 1 1 0 0 1 1 0 
1 0 1 1 1 0 1 1 1 1 1 1 1 1 1 0 0 1 1 1 0 1 1 0 0 0 1 1 0 0 1 1 1 0 0 0 0 1 1 0 0 0 
1 1 0 0 1 0 0 1 0 0 0 1 0 0 1 1 1 1 0 0 0 1 0 0 1 1 1 1 1 1 1 0 0 1 0 0 0 0 1 0 0 1 
1 1 1 0 0 1 0 0 1 0 1 0 1 1 1 0 0 0 0 1 0 0 1 0 0 1 1 1 1 1 0 0 0 0 0 1 1 0 1 0 1 1 
0 0 0 1 0 0 1 0 1 1 1 0 0 1 1 1 1 0 0 1 0 1 1 1 0 0 1 1 1 0 0 1 0 0 1 1 0 0 1 0 0 0 
0 0 0 0 1 1 0 1 0 1 0 0 0 0 0 1 0 1 0 0 1 0 1 0 1 1 0 1 1 0 1 0 0 1 0 1 0 0 1 1 1 1 
1 1 0 1 1 0 1 1 0 0 1 1 0 1 1 0 0 0 1 1 0 1 1 0 1 1 1 0 0 0 1 1 0 1 1 1 1 0 0 0 0 1 
1 0 0 0 0 0 1 1 0 1 1 1 0 0 0 1 0 1 1 1 0 1 1 1 0 0 1 0 0 1 0 0 1 0 0 0 1 1 1 1 1 0 
0 1 0 0 0 0 1 1 0 0 1 1 1 1 1 1 0 0 0 0 0 0 0 0 0 1 0 1 0 1 0 0 0 0 1 0 1 0 1 1 0 0 
0 0 0 1 1 0 1 1 0 1 1 0 0 1 0 0 1 0 1 1 1 1 1 0 1 0 0 0 1 1 1 1 1 1 1 0 1 0 1 1 0 1 
1 0 0 1 0 1 0 1 0 1 0 0 1 1 0 1 1 0 0 0 1 1 1 0 1 0 1 1 1 1 0 1 1 0 0 1 0 0 0 0 1 0 
0 0 1 1 0 0 1 0 1 0 0 0 1 1 1 0 0 0 1 0 1 0 1 0 1 1 0 1 1 0 1 0 0 0 1 0 0 0 1 1 0 1 
0 1 0 1 1 1 1 0 1 1 0 0 1 1 1 1 0 1 1 1 1 0 1 0 0 0 0 1 1 0 0 1 0 1 0 1 0 0 0 1 1 0 
0 0 0 1 1 0 0 1 0 1 1 1 1 1 1 1 1 1 0 1 0 0 0 1 1 0 1 1 0 0 0 0 0 0 1 1 0 0 0 0 1 1 
0 1 1 1 0 0 0 0 1 1 0 0 0 0 0 1 1 0 1 1 0 1 1 0 0 0 0 1 0 1 0 0 0 1 0 1 1 0 1 1 1 0 
1 1 0 1 0 1 0 1 1 0 0 0 0 1 0 0 0 1 0 0 1 0 0 1 1 1 0 1 0 1 1 1 1 1 1 1 0 1 1 1 1 1 
