65 63 2602
76 60 45 25 26 65 41 39 58 26 62 76 16 32 33 51 36 19 11 24 61 17 73 67 48 7 47 33 15 47 46 90 6 90 66 31 55 6 21 64 32 34 39 47 66 71 49 1 41 59 76 2 27 100 20 26 6 66 58 20 12 55 9 
17 44 75 99 50 32 71 13 63 5 3 61 22 73 9 22 66 19 50 67 45 49 86 70 7 3 79 26 15 85 87 83 29 13 82 30 44 4 95 59 60 97 19 81 22 28 55 87 98 4 5 43 52 42 64 58 96 95 36 10 31 74 45 
59 86 78 41 81 81 87 39 41 35 58 73 56 37 27 94 34 30 50 28 34 43 44 43 39 90 78 48 20 3 92 31 88 21 71 21 2 9 59 94 43 68 66 99 56 45 44 90 74 94 69 7 36 12 2 74 53 31 74 73 34 17 3 
73 38 25 93 91 33 4 36 27 71 1 77 27 97 21 68 71 66 36 29 1 48 30 27 100 61 52 24 94 68 78 18 57 2 11 99 86 14 34 13 36 87 89 62 83 61 29 5 26 17 34 79 16 15 57 67 27 8 91 72 27 68 90 
36 22 100 34 59 65 68 71 100 6 12 62 88 72 42 93 50 58 78 28 25 44 84 92 71 43 82 42 69 1 83 4 74 82 90 33 98 57 3 98 14 66 11 1 38 52 45 39 62 74 66 38 18 1 29 40 43 62 33 11 63 16 67 
36 49 56 68 99 64 23 96 77 88 6 29 77 9 26 15 22 51 32 60 20 32 88 59 74 50 44 37 64 11 55 51 11 62 71 9 25 93 4 53 32 9 33 61 70 58 27 91 9 11 2 28 42 90 39 68 91 82 56 6 92 62 56 
2 23 78 11 99 22 66 51 6 27 83 66 96 93 44 38 53 6 40 32 100 81 70 19 23 3 26 28 46 87 35 100 61 13 10 59 34 27 61 91 53 95 8 100 87 52 90 91 57 29 23 8 61 92 26 83 95 51 62 40 37 96 39 
97 60 100 7 46 79 67 36 31 62 44 83 100 47 72 91 55 52 65 63 12 56 88 46 2 39 7 94 27 2 84 76 14 36 82 59 14 1 94 96 14 89 30 13 35 1 55 90 52 71 52 15 27 91 60 80 29 66 25 8 20 9 83 
33 96 16 43 61 16 88 8 29 77 38 94 63 38 100 52 42 71 55 56 49 46 68 28 26 33 5 85 4 13 67 88 60 83 30 20 50 70 27 79 98 64 24 60 54 23 12 47 45 18 54 93 63 21 73 41 6 77 25 9 41 44 97 
100 78 78 71 27 99 49 57 96 13 80 56 18 55 19 64 99 36 17 44 51 90 16 91 95 44 15 55 84 10 51 35 87 81 5 14 31 53 70 27 17 2 82 86 8 52 49 6 87 18 1 37 7 16 79 53 59 46 7 94 55 10 28 
42 90 84 55 20 37 76 98 5 29 31 91 36 82 91 94 69 8 94 57 66 62 36 18 72 33 25 66 87 34 45 28 75 29 34 46 17 62 96 21 90 26 63 26 8 54 71 28 13 16 84 79 77 71 96 1 3 72 18 42 57 62 69 
83 42 55 81 10 16 76 83 57 1 45 34 8 98 4 87 11 20 23 41 48 93 88 48 48 12 65 41 68 79 61 51 72 15 83 82 82 58 64 39 58 60 72 18 58 76 56 20 47 78 12 94 23 99 42 22 10 58 62 30 36 22 80 
8 37 14 89 18 71 4 56 80 63 28 49 72 55 5 43 1 82 54 94 56 5 87 77 14 45 38 43 32 60 74 39 48 87 79 65 9 34 73 89 97 52 37 20 6 93 63 6 27 68 51 82 72 38 59 86 34 96 80 65 55 54 4 
2 92 34 19 1 68 43 41 16 94 29 87 99 22 49 56 48 69 58 29 40 95 87 77 28 35 57 45 89 62 100 43 5 33 13 5 52 55 97 19 48 26 6 98 47 6 5 94 74 62 74 66 9 61 42 88 95 50 32 35 11 31 29 
16 16 41 72 19 47 69 38 46 94 95 43 92 52 47 37 26 61 10 43 69 22 84 56 68 34 88 55 96 70 35 11 85 28 35 4 74 55 93 20 48 87 14 91 38 13 79 15 73 40 57 41 62 93 48 81 78 87 87 73 57 74 36 
93 1 70 96 26 24 40 97 23 26 11 65 16 23 43 82 47 82 91 87 95 83 86 28 60 73 14 84 29 87 19 73 39 40 21 65 63 60 61 37 38 23 1 53 45 43 34 91 25 24 29 71 58 15 98 69 87 64 53 67 2 23 39 
41 63 59 57 77 71 17 14 8 40 14 12 36 9 45 79 85 21 59 55 30 73 53 99 11 68 3 29 69 25 20 61 39 30 17 16 100 86 29 7 77 94 18 12 2 15 42 86 87 1 93 68 73 97 66 36 64 20 64 32 97 83 93 
35 13 9 2 12 94 82 71 70 76 40 34 29 54 75 67 92 75 59 60 100 55 77 87 18 49 50 1 45 85 93 31 97 54 85 60 99 66 30 21 93 22 6 22 75 80 88 19 7 98 30 58 4 6 44 73 54 45 73 50 29 18 33 
25 71 17 37 21 34 18 41 27 39 46 100 66 78 39 84 36 36 13 45 91 70 88 63 76 32 35 77 13 4 61 89 74 77 25 47 63 43 39 89 81 37 40 46 14 78 81 1 13 93 45 55 15 84 17 90 67 3 18 79 7 79 68 
32 7 92 78 69 86 17 9 67 53 48 12 18 25 45 70 89 37 14 43 3 49 11 44 15 14 62 94 20 40 13 3 98 56 81 67 42 49 75 8 53 75 71 22 99 15 91 40 4 56 34 6 4 45 2 18 58 63 63 29 54 75 31 
51 31 63 69 72 11 96 31 15 70 1 36 20 68 78 59 71 33 93 28 36 89 29 6 46 43 20 26 96 95 8 99 77 71 19 100 33 14 30 48 83 82 35 55 49 13 13 19 97 57 99 33 45 27 90 42 22 9 19 69 55 27 67 
31 97 86 82 29 51 11 28 86 45 63 40 93 27 4 64 23 61 62 7 57 40 96 51 61 57 21 82 11 47 100 94 95 37 75 24 88 38 3 73 82 65 12 74 91 15 89 14 27 50 20 36 42 68 38 54 24 58 35 86 57 35 79 
51 71 6 26 58 43 29 82 76 45 45 49 36 60 38 1 38 39 72 25 80 91 62 34 66 72 20 52 28 54 82 78 77 87 4 86 29 84 68 4 28 12 5 63 23 94 15 13 84 39 37 64 29 51 49 47 74 20 98 53 74 79 30 
2 66 85 87 46 68 6 2 96 18 58 10 92 3 77 4 86 67 93 1 47 95 1 93 20 21 90 72 46 21 53 47 38 38 33 83 57 39 36 4 8 45 66 51 47 94 7 33 60 99 33 6 45 34 99 64 6 40 35 51 60 87 97 
97 76 29 32 33 19 19 88 78 64 53 29 10 46 35 94 57 85 27 63 29 12 13 92 17 4 78 67 64 64 15 12 92 95 95 76 14 14 63 43 77 68 71 38 65 57 32 22 41 10 36 69 21 48 12 89 51 89 7 66 5 21 30 
96 15 24 71 80 37 85 23 65 52 45 3 69 2 86 90 42 95 77 63 15 24 26 55 26 67 61 44 71 81 73 18 47 96 40 79 85 24 1 1 28 97 55 96 98 40 37 92 34 13 6 100 88 31 54 65 97 14 8 19 46 80 88 
45 28 27 23 64 3 75 64 82 71 19 29 21 58 65 64 44 29 69 43 68 51 97 32 100 62 40 18 60 71 6 4 50 84 78 13 38 52 29 19 74 99 47 46 8 63 9 51 43 29 94 10 32 42 42 31 3 33 100 62 55 57 17 
5 41 94 69 78 45 49 49 71 47 47 16 7 62 77 57 4 5 2 66 88 43 59 18 46 91 18 59 97 74 76 1 66 69 22 96 66 70 44 36 69 90 51 75 51 27 83 7 84 85 72 71 27 30 89 72 72 58 83 68 83 58 21 
49 26 94 44 91 15 87 26 83 28 29 9 31 55 92 37 90 76 60 61 2 89 1 26 12 10 8 31 92 17 3 40 42 96 35 85 11 21 62 45 1 90 54 31 97 45 19 86 72 78 98 73 18 50 50 81 59 9 11 3 25 66 42 
19 61 29 55 23 49 16 68 1 58 73 83 54 17 1 91 88 30 41 12 47 42 14 27 53 74 90 55 51 55 48 21 67 76 75 90 77 42 9 77 99 81 12 4 49 12 47 88 42 87 99 40 80 64 19 32 38 60 38 88 66 86 60 
32 13 34 73 89 75 81 18 26 13 29 29 61 92 75 100 85 13 99 77 93 14 95 76 3 6 14 42 71 99 1 54 11 34 27 52 61 59 21 38 72 1 66 84 92 93 84 77 57 34 5 1 99 99 77 2 56 90 43 26 40 44 79 
2 29 5 5 41 16 25 78 39 25 96 74 69 88 9 97 96 42 1 97 93 51 25 94 6 66 36 31 5 31 61 58 60 18 63 52 33 39 30 71 16 25 96 84 64 5 80 59 46 80 7 90 82 83 83 87 48 71 69 4 1 29 62 
12 46 76 64 30 14 45 52 29 69 48 64 84 52 43 42 49 74 1 39 55 83 73 93 83 43 61 86 96 90 47 59 87 74 74 69 88 18 20 68 38 19 32 21 22 26 15 23 52 67 61 58 49 85 51 83 28 11 69 75 52 15 85 
91 89 59 59 28 28 30 47 18 1 78 38 22 56 4 44 7 70 56 64 71 41 66 53 20 77 21 46 80 88 30 22 28 88 32 7 68 62 53 85 14 83 74 35 38 78 31 96 99 38 11 21 78 77 74 49 5 46 94 84 85 24 58 
64 63 89 70 30 2 23 66 15 57 40 2 94 69 32 41 19 69 51 40 99 27 65 47 83 10 41 19 47 16 76 10 78 64 32 60 66 54 25 80 62 16 81 55 36 64 47 55 33 97 94 83 76 58 29 58 19 21 76 17 36 51 27 
14 67 58 73 84 63 49 63 24 65 96 30 100 11 76 54 95 24 99 77 99 56 6 9 27 26 84 43 14 87 21 27 5 30 51 88 92 99 2 67 63 49 48 15 60 23 68 54 47 67 83 97 74 88 5 52 65 41 47 78 79 67 56 
83 97 6 70 40 57 23 7 19 72 54 85 31 29 53 36 27 71 18 23 96 57 80 100 74 20 46 3 98 12 11 80 8 16 1 48 24 23 6 95 94 59 79 76 39 83 64 65 5 81 40 1 90 19 100 15 90 97 17 87 8 27 18 
68 95 18 67 18 92 72 12 38 82 43 65 21 25 28 85 30 61 24 82 50 94 33 64 83 29 32 69 36 11 38 55 5 7 21 74 99 92 38 88 26 80 52 46 4 80 30 85 40 6 66 41 51 98 56 34 26 39 54 14 49 92 68 
5 98 41 31 48 32 68 35 57 99 39 54 54 18 36 39 9 93 56 1 43 54 8 76 31 46 30 96 47 73 64 51 70 4 81 70 87 100 56 96 98 94 1 4 63 36 42 23 28 97 23 71 2 30 46 85 28 27 80 74 99 43 76 
21 98 57 42 37 56 97 84 6 43 84 9 57 72 2 80 99 50 54 21 4 36 67 88 63 45 67 88 44 62 63 64 59 71 5 47 27 53 82 84 47 18 44 4 89 45 35 39 46 88 60 49 23 78 36 37 22 3 24 17 64 39 32 
74 9 88 73 87 41 54 70 87 71 65 42 11 61 76 50 7 64 9 55 38 38 91 75 11 45 50 28 8 40 59 33 49 47 5 35 39 59 57 77 81 21 19 92 82 46 93 40 9 53 94 99 90 36 25 100 80 26 79 39 66 90 24 
14 88 28 100 26 38 56 54 71 29 24 62 10 70 54 1 30 6 94 28 47 82 4 98 13 30 77 4 95 66 27 60 53 6 59 30 44 15 83 14 43 7 27 4 28 32 4 57 37 49 37 35 30 40 32 43 21 8 46 15 25 24 74 
29 29 33 58 24 99 93 37 93 51 15 96 78 46 51 86 34 99 74 68 81 14 52 75 34 59 72 1 36 95 26 64 75 10 74 99 8 18 87 100 68 2 47 97 99 97 34 33 48 8 52 80 73 3 54 58 14 25 58 49 71 84 64 
45 93 89 95 53 6 82 52 25 35 51 73 33 47 7 17 46 14 69 25 38 23 30 95 36 6 53 36 76 88 52 73 32 40 19 84 98 100 88 22 86 38 95 71 36 53 87 82 66 7 58 55 82 88 49 17 93 53 5 21 40 8 93 
24 47 11 59 44 63 46 18 100 35 64 70 71 16 9 4 81 67 13 35 48 52 35 17 45 88 73 17 27 80 61 2 78 23 61 74 37 6 91 37 93 54 58 15 69 18 70 1 85 82 87 84 86 73 52 82 60 24 98 39 55 58 40 
33 32 100 58 69 58 48 5 50 53 14 16 73 32 85 25 68 18 63 3 3 35 55 36 95 30 33 85 85 42 24 69 74 24 26 42 33 25 98 34 29 63 49 1 94 85 77 13 54 39 16 9 25 70 44 71 51 29 55 35 70 79 55 
95 54 80 88 86 56 85 71 84 100 71 36 93 55 12 6 60 2 73 68 79 42 64 49 92 92 4 79 61 34 33 8 87 65 95 24 72 32 94 56 31 64 43 75 70 7 32 29 60 4 49 38 97 12 87 89 3 42 19 15 75 3 22 
13 19 69 88 91 100 33 98 30 48 40 4 17 46 36 97 58 91 45 95 88 8 33 28 62 74 46 77 100 100 50 64 19 18 51 9 69 83 58 50 30 97 6 98 95 93 95 52 83 91 98 70 51 31 97 12 56 94 88 8 46 90 71 
64 59 22 24 28 56 81 77 86 29 82 83 75 26 29 78 9 72 76 30 22 6 79 33 13 24 21 20 69 62 91 32 20 12 7 47 67 39 76 4 20 9 87 94 35 67 72 95 38 99 24 59 4 2 92 16 26 64 88 94 25 78 78 
44 41 36 43 59 75 18 63 46 78 1 91 12 67 14 6 57 12 30 15 67 83 58 35 8 21 22 54 45 99 83 41 39 18 83 49 44 100 11 89 29 63 32 41 82 45 98 38 57 79 4 23 62 62 57 21 82 30 26 79 28 8 19 
18 26 1 67 21 52 29 62 80 92 93 72 73 37 70 62 45 48 65 20 61 26 28 34 60 58 59 38 85 67 56 55 44 8 73 64 59 1 77 90 44 69 62 16 58 31 29 2 30 94 21 43 71 49 76 30 6 34 19 42 100 74 48 
95 81 20 59 91 73 35 81 16 56 42 84 13 24 12 66 53 57 87 47 28 87 22 9 44 56 28 85 7 53 85 2 86 4 12 76 28 98 8 44 5 49 79 17 24 90 35 29 99 21 75 26 59 97 86 2 4 13 38 62 18 22 63 
3 78 26 30 5 76 38 100 80 38 78 49 62 20 83 90 18 55 16 43 65 64 80 66 67 93 3 29 62 77 43 64 6 21 93 62 96 82 62 27 20 91 27 81 10 61 22 27 67 89 21 31 53 1 48 19 45 3 99 6 79 94 69 
84 14 13 97 61 95 58 39 14 49 66 46 10 78 19 37 45 7 57 27 11 9 75 30 53 77 80 10 55 73 30 90 38 43 86 50 89 96 89 54 96 6 99 5 83 69 93 27 27 2 54 38 10 28 19 15 56 98 76 10 23 6 51 
12 100 88 62 88 35 50 41 30 55 91 87 37 59 79 16 85 80 21 74 42 100 92 8 55 42 83 16 16 88 18 27 87 5 88 26 92 37 18 73 43 8 59 80 18 90 47 55 21 67 28 62 66 20 69 20 13 4 87 28 91 4 54 
30 8 42 7 51 30 25 24 73 32 34 4 50 23 50 4 44 68 83 57 33 54 78 4 66 81 90 45 23 45 99 4 4 92 11 55 21 87 78 93 70 11 48 71 86 97 26 81 64 9 89 48 62 66 3 80 98 44 24 73 88 74 28 
92 65 90 46 38 76 75 82 46 37 30 16 74 78 42 54 94 2 43 93 15 60 96 94 10 91 70 82 79 43 9 22 60 99 19 49 26 45 30 71 81 59 39 55 89 32 60 82 33 54 74 47 14 21 41 23 12 62 56 42 56 16 63 
15 14 33 63 92 77 45 62 9 55 52 15 43 83 75 76 15 28 50 62 93 70 54 67 33 67 74 74 22 90 88 89 55 72 3 46 48 47 60 9 54 11 23 96 94 49 72 60 29 73 73 21 94 78 40 27 44 13 52 18 2 40 58 
9 63 60 54 11 59 65 71 64 76 45 59 21 94 82 80 22 54 5 94 100 82 85 26 78 98 29 47 51 68 4 59 31 15 65 93 73 29 15 36 56 59 47 76 52 80 8 25 86 64 71 85 45 55 10 74 52 38 20 55 58 75 13 
40 90 29 84 14 58 98 2 65 56 48 41 60 27 100 84 12 63 54 48 59 61 57 33 64 47 4 18 56 79 83 47 20 11 30 33 20 79 34 85 34 33 77 93 12 76 29 75 38 34 23 48 94 31 32 58 77 36 27 84 66 9 30 
37 72 11 69 91 89 3 27 23 87 3 67 98 78 47 73 67 33 95 15 78 77 98 35 6 33 14 89 50 22 71 86 93 81 7 36 70 61 62 44 47 65 10 45 94 9 69 13 41 15 79 18 91 76 5 96 61 18 37 62 91 7 48 
36 87 6 23 56 66 84 99 12 100 61 56 46 69 76 58 61 90 36 30 81 63 86 28 23 55 64 85 46 70 84 33 57 89 55 12 54 90 63 65 90 23 73 87 43 48 96 55 38 31 84 70 45 22 97 68 76 13 52 73 82 87 5 
90 75 11 54 28 1 16 44 42 90 16 80 84 16 75 38 5 5 73 74 1 46 22 68 22 34 71 94 68 57 51 57 83 13 62 10 13 29 6 6 18 21 85 53 88 59 42 92 15 67 17 16 12 39 35 33 24 6 79 43 14 81 52 
97 93 13 58 6 42 63 63 11 36 48 64 23 58 5 15 73 71 83 40 35 21 74 67 97 31 97 39 45 77 90 93 70 3 50 27 44 65 41 6 100 40 69 74 98 26 40 22 48 23 13 82 43 86 1 91 69 97 30 65 26 19 57 
95 73 58 73 68 22 13 74 73 53 42 47 50 19 86 23 67 8 35 48 51 72 48 41 92 45 22 56 70 41 64 16 65 22 88 33 95 52 6 68 4 99 14 5 18 99 79 84 7 13 31 9 37 31 1 28 75 75 84 96 67 99 63 
0 1 1 0 0 0 1 1 0 0 0 0 1 0 1 0 0 1 0 0 1 0 1 1 0 1 0 1 1 0 1 1 0 0 0 0 1 1 1 1 1 1 1 0 1 0 0 0 0 1 0 1 1 1 0 0 0 0 1 1 1 1 1 
1 1 1 1 0 0 0 1 0 1 1 0 0 1 1 0 1 0 1 1 1 0 1 1 1 0 1 0 1 0 1 0 1 0 1 0 1 1 1 1 0 0 1 0 0 0 1 1 0 0 0 0 0 0 1 1 0 0 0 1 0 1 1 
0 0 0 0 1 1 1 0 1 0 1 1 0 0 0 1 0 0 0 0 1 0 0 0 0 0 0 1 1 0 0 1 0 0 1 1 1 0 1 0 0 0 1 0 0 0 0 1 0 0 1 1 0 1 0 0 0 0 1 1 0 1 0 
0 1 1 1 0 1 0 0 0 1 1 0 1 1 0 0 0 0 0 1 0 1 1 0 1 0 1 0 0 0 0 1 1 1 0 1 1 1 1 1 0 1 1 1 0 0 0 0 0 0 0 1 1 1 1 1 1 1 1 0 1 0 1 
1 1 1 0 0 0 0 1 0 1 1 0 1 1 0 0 1 0 0 0 1 1 0 0 1 1 0 1 0 0 0 1 1 1 0 0 0 0 1 0 1 0 0 0 1 0 0 1 0 0 1 0 0 1 0 1 0 0 0 1 0 0 0 
0 1 0 0 1 0 1 0 1 0 0 0 1 1 0 0 1 1 0 1 1 1 0 0 0 0 0 1 1 0 1 1 1 0 1 1 0 0 1 0 0 1 0 0 0 0 0 0 1 0 1 0 0 1 0 0 0 0 1 1 0 0 0 
0 0 1 1 1 1 0 1 0 1 1 0 0 1 0 0 1 1 1 1 1 1 0 1 1 0 0 0 1 0 0 1 1 1 0 0 0 0 1 0 1 0 0 1 1 1 1 0 0 1 0 1 0 0 0 1 0 0 1 1 0 1 0 
1 0 0 1 0 0 0 1 0 0 1 1 0 0 1 0 0 0 0 1 0 0 1 1 1 1 0 0 0 1 1 1 1 1 1 1 0 1 0 0 0 0 1 0 0 0 0 1 0 1 0 0 1 0 1 0 1 1 1 1 0 0 1 
1 1 0 1 1 1 1 1 1 1 1 1 0 1 0 1 0 1 1 0 0 1 0 1 1 1 0 0 0 0 1 1 1 1 0 1 1 0 0 0 1 1 0 1 1 0 0 1 1 0 1 1 1 1 0 0 1 0 1 1 0 0 0 
0 0 1 1 1 1 1 1 0 1 1 0 0 1 0 1 0 0 0 0 0 0 0 0 1 1 1 0 1 0 0 1 0 1 0 1 0 0 0 1 1 0 1 1 1 1 0 0 0 0 0 0 0 0 0 1 1 0 1 1 0 0 0 
0 1 1 1 0 1 1 1 0 1 0 1 1 1 1 1 1 1 1 1 0 1 0 1 1 0 1 0 0 1 0 0 0 1 1 0 0 0 1 0 0 1 1 1 1 0 0 0 0 1 0 0 0 0 1 1 0 0 1 0 1 0 0 
0 1 1 0 0 1 0 0 1 1 0 0 0 0 0 1 0 1 1 0 0 1 0 1 1 0 1 1 0 1 1 0 0 0 0 0 1 0 1 1 0 1 1 0 1 0 1 0 1 0 0 1 1 0 1 0 1 0 1 1 1 0 1 
1 0 1 0 0 0 1 1 0 0 0 0 1 0 0 1 0 0 0 1 0 0 0 0 1 0 0 0 1 0 1 1 1 1 1 1 1 0 0 1 0 0 1 1 1 1 1 1 0 1 0 0 1 1 0 1 1 0 1 1 1 1 0 
0 0 1 1 1 1 1 0 1 1 1 0 0 1 1 1 1 0 0 1 0 1 1 1 0 0 0 1 1 1 1 1 1 0 0 0 1 1 0 0 0 0 1 1 1 0 0 0 1 0 1 1 1 0 0 0 0 0 1 1 0 1 0 
1 1 0 0 1 1 0 1 0 0 0 1 1 1 1 1 0 0 0 1 1 1 1 1 1 1 1 1 1 0 1 1 1 0 1 0 1 1 0 1 0 0 0 1 1 0 1 1 0 1 0 1 0 1 1 0 1 0 1 0 0 0 1 
1 0 0 0 0 0 0 1 0 0 0 1 0 0 0 1 0 0 0 1 0 1 0 0 0 0 1 1 0 0 0 0 0 1 0 0 1 0 0 1 0 0 0 0 0 1 0 0 1 0 1 1 1 0 0 0 0 1 1 1 1 1 1 
0 0 1 0 1 1 0 0 1 0 1 0 0 0 0 0 1 0 0 0 1 0 0 1 0 0 0 1 1 0 0 1 0 1 0 0 0 0 0 0 1 1 0 1 1 0 0 0 0 0 1 1 0 1 1 0 1 1 0 1 1 0 0 
0 0 0 0 0 1 0 0 0 0 0 1 1 0 1 0 0 1 1 0 1 0 1 0 0 0 0 1 0 0 1 0 0 0 0 1 1 0 1 1 0 0 0 0 0 0 0 1 1 1 1 1 1 0 1 1 0 1 0 0 1 0 0 
0 0 0 1 1 1 0 0 1 0 0 1 1 0 1 0 0 0 1 1 0 1 0 1 1 1 0 0 0 0 0 0 0 1 1 1 0 0 1 1 0 1 1 1 0 0 1 0 1 0 1 1 1 1 0 1 0 0 1 0 0 1 1 
0 0 0 1 0 0 0 0 1 0 1 0 0 1 0 0 0 0 1 1 0 0 0 1 0 0 0 0 1 1 1 1 0 0 1 0 0 1 0 1 1 1 0 1 1 0 1 1 0 0 1 0 0 1 1 0 1 1 1 0 1 0 0 
1 0 1 1 1 0 0 0 0 1 0 1 0 0 1 0 1 1 1 1 0 0 1 0 1 0 1 0 1 0 0 0 0 1 0 1 1 0 0 1 1 0 1 0 1 0 0 0 1 1 1 1 1 0 0 0 1 1 0 0 1 0 1 
0 1 1 1 1 1 1 0 0 0 1 0 1 1 0 1 1 1 0 0 0 1 0 1 0 0 1 0 1 0 1 1 1 0 1 0 1 0 1 0 0 0 0 1 0 1 0 1 0 1 1 1 0 0 0 0 0 1 0 1 1 0 1 
1 0 0 1 0 0 0 0 1 1 0 0 1 1 1 0 0 0 1 1 0 1 1 0 1 0 0 1 0 0 0 1 1 0 0 1 0 1 1 1 0 1 0 1 1 1 1 1 1 0 0 1 0 1 1 1 1 1 0 1 0 0 0 
1 0 1 0 1 0 1 0 0 0 0 1 1 1 0 0 0 0 0 1 0 1 0 0 1 0 0 0 0 1 1 1 1 0 1 0 0 0 1 0 0 1 1 0 1 1 0 1 1 1 1 0 0 1 0 1 1 0 0 1 1 1 0 
1 1 1 1 1 1 0 1 0 0 0 0 1 1 0 0 0 1 1 0 0 1 0 1 0 1 1 0 0 0 0 1 1 0 1 0 1 1 1 1 1 1 1 0 0 0 1 1 1 0 1 1 1 0 1 0 1 0 0 1 1 0 1 
0 0 0 1 0 1 0 1 1 0 1 1 0 1 0 1 0 1 1 0 0 1 1 0 0 1 0 1 0 1 0 1 1 0 0 1 0 0 1 1 0 0 0 1 1 1 0 1 0 1 1 0 0 0 1 0 0 1 0 0 0 0 1 
0 1 1 1 1 0 0 0 0 0 0 1 1 1 0 1 1 1 0 0 0 1 1 0 1 0 0 1 1 1 1 1 0 0 0 1 0 1 1 1 1 1 0 1 1 0 0 0 0 0 0 0 1 1 0 0 0 1 0 1 0 1 0 
0 1 0 1 0 1 0 1 1 1 1 0 0 0 0 1 0 0 1 0 0 1 0 0 1 1 0 0 1 1 0 1 1 0 0 1 0 0 0 1 0 1 1 0 1 1 1 1 1 1 1 1 0 0 0 1 1 0 1 1 0 1 0 
1 1 1 0 1 1 0 0 1 1 1 0 1 0 1 0 0 0 0 1 0 0 1 1 1 0 0 0 0 1 1 1 1 0 1 0 1 1 1 1 0 0 1 1 1 0 0 1 1 0 0 1 0 0 1 1 0 1 0 0 1 1 1 
0 1 0 0 0 1 1 1 1 0 0 1 1 1 1 0 0 1 0 1 1 0 0 0 0 0 0 0 1 1 1 1 0 1 1 1 0 1 0 0 1 1 1 0 0 0 0 0 1 0 1 0 1 0 0 1 0 1 0 1 0 1 0 
1 1 1 0 1 0 0 1 1 1 0 1 1 0 1 1 1 0 1 1 1 1 0 0 1 1 0 0 1 0 0 0 1 1 0 0 0 1 0 1 0 0 1 0 1 0 1 0 0 0 0 1 1 0 0 0 1 0 0 0 0 0 1 
1 0 1 0 0 0 0 1 1 0 0 1 1 1 0 0 1 1 0 1 0 0 1 1 1 1 1 1 0 0 0 1 0 0 1 0 0 1 1 1 0 0 0 1 1 1 1 0 0 1 1 0 1 0 1 0 0 1 0 0 1 0 1 
1 0 1 1 1 0 0 0 0 0 1 0 1 0 1 0 0 1 1 0 0 0 0 1 0 1 1 0 0 1 1 1 0 0 0 1 1 0 1 1 1 0 1 0 0 1 0 0 0 0 1 0 0 1 1 0 0 0 0 0 0 1 1 
0 0 1 1 1 1 0 0 0 1 0 1 1 1 1 0 1 1 1 1 1 0 1 1 0 1 1 0 1 1 1 1 1 0 0 0 1 1 0 0 0 0 1 1 1 0 1 0 0 0 0 1 0 1 1 0 0 0 0 0 1 1 1 
0 1 0 0 1 1 1 1 1 1 0 0 1 0 0 1 0 0 1 0 1 0 1 1 1 1 0 1 1 1 0 1 1 0 0 0 1 1 1 0 0 1 1 1 1 1 1 0 1 0 0 0 1 1 0 0 0 0 1 1 1 1 1 
0 0 1 0 1 0 1 0 0 0 1 0 0 0 1 0 1 1 0 0 0 1 0 0 1 0 1 1 1 1 0 0 1 1 0 0 1 0 0 1 0 1 1 0 1 0 0 1 0 0 1 0 1 1 1 1 1 0 0 0 1 0 0 
0 1 1 1 0 1 1 1 1 1 1 0 0 1 0 1 1 1 0 0 0 1 1 1 0 1 1 1 1 1 1 1 0 0 0 0 1 0 0 1 1 1 1 1 0 1 1 0 0 1 0 1 1 1 0 1 0 0 0 1 1 0 1 
0 0 1 0 0 1 0 1 0 1 0 0 0 1 1 0 0 0 0 1 1 1 1 1 1 1 1 1 1 1 0 1 0 1 1 0 1 0 1 1 1 1 1 1 0 0 1 0 1 1 1 0 0 1 1 0 0 1 1 1 0 1 0 
0 0 0 0 1 0 1 1 1 0 0 1 1 1 0 1 0 0 1 0 0 0 0 0 0 1 1 0 1 0 0 0 1 0 0 0 0 0 1 0 0 0 1 1 1 1 1 1 1 0 1 0 0 1 0 0 0 0 0 0 0 1 0 
1 1 0 0 0 0 1 0 1 1 1 0 0 0 1 1 0 1 1 0 1 0 0 0 1 0 0 1 1 1 1 0 1 1 0 1 0 0 1 1 1 0 1 0 0 1 1 0 0 0 0 0 1 1 0 0 1 0 1 0 0 0 1 
1 1 1 0 1 1 1 0 1 1 0 1 1 1 0 0 1 1 0 1 0 1 1 0 1 0 1 1 0 1 0 1 0 0 1 0 1 0 0 0 1 0 1 0 1 0 0 1 1 1 0 1 0 0 1 1 0 0 1 0 1 1 1 
1 1 0 1 1 0 0 1 1 0 1 1 0 1 0 1 0 1 1 1 1 1 0 1 1 0 0 1 1 1 0 0 1 0 0 0 0 0 1 1 0 0 1 0 1 1 1 1 0 1 0 1 0 0 0 0 0 0 1 1 0 0 0 
1 0 0 1 1 0 0 0 0 1 1 1 0 0 0 0 0 1 0 0 0 1 0 0 1 1 1 1 1 1 1 0 0 1 1 1 1 1 1 1 0 1 0 1 1 1 1 0 0 1 0 0 0 0 0 0 1 0 1 0 1 0 0 
1 1 1 0 0 1 0 1 1 1 0 0 0 1 1 0 1 1 0 0 1 1 0 1 0 0 0 1 0 0 1 1 1 1 0 1 0 0 1 1 1 1 0 1 0 1 0 1 0 0 1 0 1 0 1 0 0 0 1 0 0 0 0 
0 1 0 1 1 0 0 1 1 1 1 0 1 0 0 1 1 1 0 1 0 0 0 0 1 0 1 1 1 0 1 1 1 1 0 1 1 1 0 0 0 1 1 0 1 1 1 0 0 1 1 1 0 0 1 1 0 1 0 1 1 0 0 
0 1 1 1 1 0 1 1 0 0 0 0 0 0 1 0 0 1 0 1 1 0 1 0 0 0 0 0 1 0 0 1 0 1 1 1 1 0 0 0 1 1 0 1 1 0 1 1 1 1 1 0 1 0 0 0 0 0 0 1 1 0 0 
1 0 1 0 1 0 0 1 1 1 0 0 0 0 1 0 1 1 1 1 0 1 1 0 1 1 0 0 0 1 0 1 1 0 1 0 0 0 0 1 1 0 1 0 0 0 0 1 1 1 0 0 0 1 0 1 0 1 1 1 0 1 0 
1 1 0 1 1 0 1 0 1 1 1 1 1 0 1 0 1 0 0 1 0 1 0 1 0 1 0 1 1 0 1 0 1 1 1 1 1 1 1 1 0 1 0 0 1 0 0 0 0 1 0 1 0 0 0 0 1 1 1 0 1 1 0 
0 0 1 1 0 0 1 1 1 0 1 1 1 1 1 1 0 0 1 1 1 1 1 1 0 0 1 0 1 0 0 0 0 0 1 0 0 0 1 1 0 1 0 1 0 0 1 0 0 0 1 1 0 1 1 0 1 0 1 1 0 1 1 
0 1 0 1 0 1 0 1 1 1 0 1 0 0 0 0 0 0 0 0 0 1 1 1 0 1 0 1 1 1 0 1 1 1 0 1 0 1 0 1 0 0 0 0 0 0 1 1 1 1 1 1 0 0 0 0 1 0 0 0 0 0 1 
1 1 0 0 1 1 0 1 1 1 1 0 1 0 1 0 1 0 1 0 0 1 1 0 0 1 0 0 1 1 0 0 0 0 0 0 1 1 1 0 0 0 0 1 0 1 0 1 1 1 0 1 1 1 0 1 0 0 0 0 1 0 0 
0 0 1 0 1 0 1 1 0 1 0 1 0 1 1 1 1 1 1 0 0 0 0 1 1 1 1 1 0 1 1 0 1 0 0 0 0 1 0 0 1 0 0 1 1 1 0 0 0 0 1 0 0 1 0 1 0 1 0 1 1 0 1 
0 0 0 1 1 1 1 1 0 1 1 1 0 1 0 1 1 0 0 0 0 1 0 0 0 1 0 1 0 0 0 1 1 0 0 0 0 1 1 0 0 1 0 0 0 0 1 1 0 1 1 0 1 1 0 1 1 1 0 1 1 0 0 
0 1 0 0 1 1 0 1 1 1 1 0 1 1 1 0 1 1 0 0 0 1 0 1 0 1 1 0 1 1 0 1 0 1 0 1 0 0 1 0 1 0 0 0 0 1 0 1 0 0 1 0 0 0 1 0 1 0 0 0 0 1 0 
0 0 0 0 0 0 1 0 1 1 0 1 1 0 1 1 0 0 0 1 0 0 0 0 0 1 1 0 1 0 0 1 0 0 1 0 0 0 1 1 0 1 0 1 1 0 0 0 0 1 1 0 1 1 0 1 0 1 0 1 1 0 1 
1 1 0 0 1 1 1 1 1 0 1 0 0 1 1 0 1 0 1 1 1 0 0 1 1 1 1 0 1 1 1 0 0 0 0 0 1 1 1 0 0 0 0 0 0 1 0 1 1 1 1 1 1 1 0 0 0 1 1 1 0 0 0 
1 0 0 1 1 0 0 1 0 0 0 0 0 1 0 0 1 1 1 0 0 0 0 1 0 1 0 0 1 0 0 0 1 0 1 0 0 1 0 0 0 0 0 0 1 0 0 0 1 1 0 0 1 0 1 0 1 1 0 1 1 0 1 
0 0 1 1 1 0 1 1 0 1 0 1 0 0 1 1 0 1 1 0 0 0 1 0 1 0 0 0 1 0 0 0 1 1 1 0 1 0 1 0 1 1 1 1 0 0 0 0 1 0 0 0 0 1 0 1 1 1 0 0 1 0 0 
0 1 1 0 0 1 0 0 0 1 1 0 1 0 0 1 1 0 1 1 0 0 0 0 1 1 0 0 0 0 0 1 1 0 1 1 1 1 0 0 1 1 0 0 1 0 0 1 1 1 0 1 0 0 1 1 1 1 1 0 1 0 1 
0 0 0 0 1 0 0 1 1 1 1 1 1 0 1 0 1 1 0 0 1 1 0 0 0 1 0 0 1 0 1 1 0 0 1 1 0 1 1 1 1 0 0 0 0 0 0 1 1 0 0 0 1 0 0 0 1 0 0 0 0 0 0 
0 0 1 0 0 1 1 1 0 1 1 0 0 1 0 1 0 0 1 0 0 1 1 0 1 1 0 1 0 0 1 0 0 1 0 0 0 1 1 0 1 1 0 1 0 0 0 1 0 0 1 0 1 0 0 0 0 1 0 0 1 1 0 
0 0 1 0 0 0 0 0 1 1 0 0 1 0 1 0 1 1 0 1 0 0 0 1 0 1 1 0 0 0 1 0 1 0 1 1 0 1 0 0 0 0 0 1 1 1 0 0 0 0 1 1 0 1 0 1 0 1 1 1 1 0 1 
0 0 0 0 1 1 0 1 1 0 1 1 1 1 1 1 1 1 1 0 1 0 0 0 1 1 0 0 1 0 1 1 1 0 1 0 1 1 1 1 0 0 0 1 1 1 1 1 0 0 1 1 0 0 0 1 1 0 1 0 0 1 0 
1 1 1 1 0 1 0 1 1 1 1 0 0 0 1 1 0 1 1 0 0 1 0 1 0 0 1 1 0 0 1 0 1 0 1 1 1 0 1 0 1 0 1 1 1 0 1 1 0 0 1 0 1 1 1 1 1 0 0 0 0 1 0 
1 0 1 1 1 1 0 0 0 0 1 0 1 1 1 1 1 1 0 1 0 0 1 1 1 1 0 1 0 1 1 1 1 1 0 1 0 0 1 1 1 0 1 0 1 0 1 1 1 0 0 1 0 1 0 1 1 0 1 1 0 0 0 
