42 65 348
3 8 10 58 61 38 56 80 53 6 36 12 98 40 28 46 55 86 62 52 50 100 59 67 8 25 59 80 75 90 89 29 98 50 86 10 87 93 41 39 99 76 2 48 15 82 93 22 67 6 73 16 57 31 34 65 8 93 96 34 34 84 62 83 34 
99 93 20 92 33 11 42 61 64 89 27 45 82 48 11 39 20 79 96 3 64 60 62 8 55 95 42 90 8 24 23 6 68 95 49 53 57 90 13 20 79 91 17 12 39 79 2 10 57 97 64 73 56 25 80 62 19 73 52 78 49 74 36 68 20 
84 20 28 26 84 48 56 75 16 67 65 94 68 74 51 17 38 75 72 62 54 34 33 79 37 10 27 10 45 46 82 81 66 9 6 1 8 61 27 23 79 91 17 98 17 19 14 54 93 38 67 98 71 51 28 7 13 6 68 9 52 1 89 69 10 
46 69 69 6 48 92 84 90 60 34 6 30 47 11 22 84 30 71 6 80 99 64 92 4 84 1 55 84 41 23 45 87 44 14 44 43 57 28 32 68 13 90 97 11 100 70 95 29 40 52 61 38 16 52 94 99 4 48 34 45 23 79 83 18 44 
26 60 52 5 43 19 17 32 67 28 84 36 74 12 75 25 72 65 92 76 58 90 31 57 76 75 31 54 9 100 49 35 59 100 39 54 70 8 85 36 35 20 23 60 84 97 84 7 13 76 82 22 17 13 31 44 39 61 97 48 61 97 34 71 48 
72 24 17 31 61 4 17 80 26 76 63 75 12 70 39 39 3 61 55 15 91 99 6 3 47 5 63 96 38 86 43 61 9 12 92 21 67 8 1 45 36 15 19 47 84 9 85 39 69 91 5 59 41 10 62 40 66 76 35 3 61 77 16 22 40 
7 42 7 66 94 51 1 9 21 99 44 29 83 82 50 74 39 8 14 48 21 5 14 49 39 68 9 68 83 82 7 41 24 65 59 17 67 11 77 39 10 21 20 44 54 69 17 92 28 83 92 1 39 57 49 78 24 9 97 59 91 3 51 14 20 
61 82 38 24 59 77 33 31 96 28 84 16 97 28 43 31 19 43 69 75 43 46 50 52 42 60 42 97 63 7 68 23 88 5 46 98 81 30 80 28 58 64 43 54 43 86 84 13 80 52 39 23 50 88 74 43 100 67 39 62 73 6 36 12 63 
34 62 43 63 41 71 72 56 13 77 98 50 60 10 82 64 48 4 65 88 29 7 39 95 98 52 19 55 39 30 17 72 43 60 87 84 82 10 39 46 87 89 96 98 50 77 61 50 32 25 37 60 84 27 54 81 78 24 35 16 53 52 40 96 63 
26 31 44 35 21 89 21 9 36 71 59 64 31 8 47 8 96 6 43 22 11 23 51 34 9 18 39 60 57 86 22 34 16 17 69 36 6 41 97 93 11 55 9 94 14 55 53 61 13 95 34 23 69 84 9 77 53 47 89 10 32 10 95 99 79 
63 86 84 56 82 28 18 88 36 63 53 43 15 13 55 61 46 29 81 81 37 58 86 83 46 47 66 7 41 16 85 4 2 20 11 35 100 80 23 35 43 75 29 9 40 83 22 37 12 2 70 100 59 55 83 56 1 100 15 41 68 99 96 69 71 
58 55 70 38 77 56 80 4 85 40 43 19 61 79 82 63 48 82 73 54 16 29 54 67 95 47 34 45 42 54 15 100 9 36 89 37 92 68 40 28 59 82 98 20 13 32 82 12 13 54 66 80 34 71 46 28 17 32 73 11 85 39 62 45 75 
50 82 18 69 21 97 27 55 46 46 19 77 79 82 41 33 99 20 18 70 18 98 38 49 70 100 85 8 61 30 34 10 63 3 78 83 99 57 89 45 2 59 21 81 41 62 65 39 33 34 8 50 31 98 50 100 97 35 60 10 16 45 19 78 48 
49 12 46 5 53 42 58 11 15 90 51 28 54 90 60 88 49 62 70 98 11 22 47 97 81 56 12 77 74 41 24 74 5 22 30 9 63 88 19 77 29 22 56 83 63 16 22 63 29 43 61 39 64 7 36 44 62 99 73 87 92 96 13 48 69 
94 56 32 33 74 60 62 47 16 96 9 83 69 72 11 11 84 1 75 42 88 70 3 39 42 41 30 38 5 29 6 99 84 89 31 9 1 92 56 68 87 16 50 55 87 12 18 22 12 92 63 52 61 17 90 3 10 71 92 14 99 97 64 82 38 
95 42 38 38 97 57 77 13 6 83 51 69 100 73 32 91 35 83 52 52 72 54 61 42 45 26 40 93 90 73 82 36 15 71 73 63 27 49 75 32 84 78 52 83 2 84 74 36 66 77 39 90 82 51 31 26 29 23 70 18 47 4 53 61 74 
77 24 1 26 50 84 61 79 36 43 80 71 68 16 88 44 6 77 25 9 60 2 37 34 24 54 80 27 58 93 100 34 16 100 11 17 36 71 96 71 66 75 41 33 42 28 29 100 57 53 8 16 7 96 49 82 49 28 8 58 20 59 43 87 11 
54 56 46 76 51 16 93 77 8 26 71 87 54 70 43 58 29 58 16 24 58 97 24 86 56 33 57 15 75 96 25 80 51 70 8 53 37 100 81 44 25 51 82 30 72 25 40 52 82 7 27 40 56 50 77 11 82 85 77 9 80 53 88 30 74 
95 34 10 47 15 5 71 65 87 53 89 63 44 40 96 50 67 87 5 68 63 68 2 100 44 62 79 49 49 61 22 96 94 84 42 8 88 64 25 26 68 65 40 11 56 36 13 74 22 69 42 37 88 95 36 84 56 66 32 56 26 53 51 72 36 
44 79 76 60 55 53 27 19 93 90 27 28 54 100 1 22 41 37 62 35 24 45 90 90 76 46 67 28 48 38 16 44 69 43 3 23 95 81 94 39 22 20 18 75 19 19 49 12 7 10 98 31 54 40 72 81 37 38 60 84 28 75 79 96 69 
81 70 16 14 63 54 35 34 24 62 5 42 62 16 100 23 13 82 28 52 5 8 88 43 67 24 70 94 2 17 62 35 86 77 48 1 83 34 34 6 47 38 99 8 53 98 82 18 32 9 69 36 68 9 78 87 32 99 80 85 15 93 19 53 22 
66 53 56 52 86 61 98 76 59 58 80 8 91 97 39 100 18 75 19 26 4 5 9 55 36 93 21 81 12 73 2 29 25 57 32 63 69 82 38 79 39 17 86 29 14 25 80 83 51 99 8 54 55 68 8 91 60 29 23 23 1 76 4 78 84 
35 40 52 68 29 30 6 45 67 87 10 91 18 92 41 68 51 47 23 18 54 65 30 34 87 4 87 62 7 64 97 94 55 48 61 83 29 19 79 95 57 89 38 74 32 30 42 83 76 16 52 82 32 33 15 18 37 53 31 43 68 27 88 22 26 
1 56 54 19 35 100 75 75 37 100 58 67 93 92 94 8 44 75 39 76 42 8 12 94 90 7 14 68 46 35 93 46 43 98 16 29 50 90 3 86 42 60 4 34 52 98 94 47 72 84 74 65 44 38 11 33 96 24 53 41 58 97 39 52 47 
54 80 96 96 82 81 37 94 85 22 97 34 67 95 5 51 68 22 46 5 32 30 100 55 82 93 64 79 31 16 25 36 95 72 31 29 4 19 74 88 93 22 73 59 16 78 61 35 51 6 40 82 36 91 88 69 35 3 99 17 18 75 53 65 46 
35 45 50 54 70 89 98 91 62 56 6 91 17 40 41 74 31 74 61 74 61 30 60 63 28 77 33 3 81 49 48 15 45 49 20 14 38 17 4 99 73 61 89 41 100 81 14 83 54 27 8 14 56 67 28 35 43 12 37 23 12 37 90 56 85 
9 69 74 26 72 72 50 84 12 90 36 92 55 18 45 81 25 10 88 43 90 23 38 1 11 12 13 99 1 68 36 10 89 9 35 12 33 84 96 44 25 31 88 31 100 32 64 76 94 51 18 83 25 55 83 36 67 47 86 67 67 21 28 55 30 
62 18 14 97 13 57 73 43 96 4 42 28 67 17 73 69 87 55 94 41 89 81 59 88 66 78 54 39 5 60 20 19 77 33 15 42 41 40 36 37 43 30 16 61 46 88 29 84 94 22 77 82 54 35 21 20 12 26 58 69 85 29 87 14 61 
53 55 1 92 90 37 86 19 52 46 17 91 27 100 84 100 28 18 54 63 38 25 26 64 34 94 100 62 80 13 22 33 19 74 76 9 11 62 79 14 59 47 5 85 99 40 37 26 57 90 40 47 14 66 62 99 11 61 60 43 26 81 27 44 6 
2 4 16 15 35 82 74 81 38 10 79 77 46 5 86 87 96 84 100 13 45 98 24 5 9 18 82 41 44 26 47 97 81 14 12 15 95 37 96 32 98 74 61 44 30 98 30 78 81 82 90 25 31 13 81 40 82 63 32 25 40 78 74 20 92 
85 35 86 73 30 70 70 55 82 13 37 79 95 14 11 28 3 35 58 68 67 49 49 29 81 26 68 10 99 88 1 35 74 39 7 3 8 76 9 41 41 45 19 87 10 29 14 13 15 23 32 81 24 80 62 56 57 29 65 55 68 66 89 41 4 
47 95 63 75 4 3 67 100 73 53 10 53 18 74 19 92 5 99 15 84 12 70 93 41 87 47 60 4 88 53 7 86 47 21 60 2 75 26 2 99 78 63 51 47 36 69 39 40 19 5 75 31 27 67 23 13 66 34 16 5 86 74 90 85 46 
50 86 20 75 39 18 5 1 20 51 88 40 41 27 10 46 2 92 72 20 14 84 85 100 51 89 85 24 79 21 69 80 7 40 54 97 57 10 50 28 13 37 67 53 64 76 98 17 68 21 36 33 4 73 32 6 13 69 29 43 89 49 22 47 40 
28 44 96 37 93 75 1 29 41 54 44 69 3 60 36 76 48 20 31 72 52 37 36 20 17 79 60 66 52 7 57 79 50 53 68 94 27 68 22 20 73 18 88 28 77 75 3 76 94 33 99 45 21 35 16 38 65 76 55 16 34 11 95 83 15 
14 76 94 33 49 13 58 66 52 85 95 26 39 70 71 23 21 16 44 55 83 81 19 10 35 34 43 97 80 77 12 93 52 5 78 1 69 35 18 20 71 12 97 9 82 67 31 54 34 74 8 69 6 78 78 92 11 73 89 43 49 52 87 53 8 
64 5 76 98 22 47 20 86 43 28 19 61 11 72 95 36 79 15 42 56 92 85 18 16 25 12 17 76 99 21 83 14 25 10 64 98 56 83 83 50 11 1 63 21 72 57 56 2 71 49 9 14 34 79 82 58 90 50 86 40 70 68 54 46 30 
17 43 37 99 78 87 61 30 49 33 54 57 41 55 79 89 16 44 74 94 77 84 83 26 69 23 95 88 28 40 17 96 35 54 94 64 92 7 93 92 39 98 100 31 53 30 20 68 73 45 13 50 28 95 75 48 69 22 36 48 13 4 43 99 9 
89 62 52 95 7 95 85 4 94 16 8 23 87 27 48 83 39 97 11 86 23 10 54 96 45 54 9 1 96 7 9 84 21 13 30 79 7 67 34 53 34 42 75 72 20 74 54 59 22 16 44 45 26 49 92 70 2 100 22 98 59 31 33 31 95 
63 61 1 81 94 53 14 87 80 85 7 53 38 17 75 54 60 71 79 8 62 100 62 14 22 59 24 4 43 6 98 57 18 50 37 11 55 2 50 34 86 8 38 76 24 64 29 35 86 59 94 100 58 55 65 31 65 88 34 8 45 83 16 62 33 
53 24 39 54 25 24 92 32 61 67 7 77 47 93 62 5 87 61 14 93 25 45 58 64 30 17 8 65 32 21 49 36 45 87 90 69 10 33 53 22 99 11 98 45 4 60 1 42 72 14 34 97 10 91 12 92 59 72 56 91 92 4 26 88 42 
67 9 51 99 13 72 97 23 70 93 78 81 93 19 52 59 53 48 68 95 12 59 54 83 66 44 74 21 21 14 62 88 22 12 86 34 84 35 8 5 27 86 85 72 4 36 30 56 36 49 51 47 60 56 81 25 99 54 46 19 19 7 58 40 19 
44 25 54 30 85 10 8 70 46 79 73 81 60 81 68 9 83 66 68 38 46 92 88 52 89 58 22 96 16 14 66 11 38 71 40 22 80 47 43 77 78 16 9 89 48 77 97 82 94 16 19 92 60 58 95 48 15 16 95 30 29 12 40 19 82 
0 1 0 1 0 0 0 1 1 0 0 1 1 1 0 0 1 1 1 0 1 1 0 1 1 0 1 1 1 1 0 0 1 1 1 1 1 1 0 0 1 0 1 0 1 0 1 0 1 0 0 1 1 0 0 1 0 1 0 0 1 0 0 0 1 
1 1 1 0 1 1 1 1 1 0 0 1 1 0 0 1 0 1 1 0 1 0 1 1 0 1 0 0 1 0 0 0 1 1 0 0 0 1 1 1 1 1 0 0 1 1 0 1 0 1 1 0 1 0 1 1 1 1 1 0 1 1 0 0 0 
0 0 1 0 1 0 1 0 1 0 1 0 0 0 0 1 1 0 0 0 1 1 1 0 0 0 1 0 0 1 0 1 1 1 1 0 0 0 0 1 0 1 1 0 1 1 1 1 0 1 1 1 0 0 0 1 0 1 1 1 1 1 0 0 1 
1 1 1 1 1 0 0 1 1 0 0 0 0 1 0 1 0 0 0 1 0 1 1 1 0 0 0 1 0 1 0 1 0 1 1 1 1 1 0 0 1 1 1 1 0 1 1 1 1 1 0 1 0 1 1 0 0 1 1 0 0 0 0 0 1 
1 0 1 0 0 1 1 1 0 1 0 0 0 1 1 1 1 1 1 0 0 1 0 1 0 1 0 0 1 0 0 0 0 1 0 1 0 1 0 1 0 0 1 0 1 0 1 0 1 0 1 1 1 1 1 0 0 1 0 1 1 0 1 0 1 
1 1 0 1 1 1 1 0 0 0 1 0 1 0 0 0 1 1 1 0 0 1 1 1 0 0 1 0 0 1 0 1 0 0 0 1 1 0 1 1 0 1 1 1 1 1 1 0 1 1 0 1 0 1 1 0 0 0 1 0 1 1 1 1 1 
0 0 0 0 0 1 0 1 0 1 0 0 1 0 1 0 0 0 0 0 1 1 0 1 0 0 0 1 1 1 0 1 0 0 1 0 1 1 1 1 1 1 1 0 1 0 0 1 1 0 1 0 1 1 0 1 1 0 0 1 0 0 0 0 0 
0 0 1 1 1 1 0 0 0 0 1 1 0 0 0 1 0 0 0 1 0 0 1 1 0 0 1 1 0 1 1 0 1 1 0 0 0 0 0 0 1 1 1 1 1 1 0 1 0 1 1 0 1 0 1 1 0 0 0 0 1 0 1 0 1 
1 0 1 1 0 1 0 1 1 0 1 0 0 0 0 1 1 1 0 1 0 0 1 1 0 0 0 0 1 1 1 0 1 0 1 0 0 0 1 1 0 0 1 0 1 0 0 0 1 0 0 1 0 1 0 1 1 1 1 0 0 1 0 1 1 
0 1 1 0 1 0 0 1 0 0 0 0 0 1 1 1 1 0 1 0 1 0 0 0 0 0 0 1 1 1 0 1 1 0 1 0 0 1 1 0 1 0 0 0 1 1 1 0 0 0 0 1 1 0 1 1 1 1 0 0 0 0 1 1 0 
0 1 1 1 1 1 0 1 0 0 0 1 1 0 1 0 0 0 1 1 1 0 0 0 0 0 1 0 1 0 1 1 0 0 0 1 1 0 0 1 1 0 1 0 0 0 0 0 1 1 1 0 1 1 1 1 1 0 0 0 0 1 1 0 1 
1 1 0 0 1 0 1 1 1 1 1 1 0 0 0 1 1 1 1 1 0 0 0 0 0 1 0 1 0 1 0 0 0 1 0 0 1 1 1 0 0 1 1 0 1 0 0 0 1 1 1 1 1 0 1 0 1 1 1 1 0 0 1 1 1 
1 1 0 0 0 0 1 1 1 1 0 1 1 1 0 0 0 1 0 0 0 0 1 0 1 1 0 1 0 1 0 0 0 0 0 1 0 1 0 0 1 1 1 0 0 0 1 0 1 1 1 0 1 0 0 0 1 0 0 0 0 0 0 0 1 
0 1 1 0 0 1 1 1 1 1 1 1 0 1 0 1 0 0 0 1 0 1 0 1 1 0 1 1 0 1 0 1 1 0 1 1 1 0 0 0 1 1 1 0 0 0 1 1 0 0 0 1 1 0 0 0 1 1 1 1 0 0 0 1 0 
1 0 1 1 0 0 1 1 1 1 0 1 0 1 0 0 1 1 1 1 1 1 0 0 1 0 0 1 0 0 1 0 0 0 1 1 0 0 0 0 1 0 1 0 1 1 0 0 0 0 0 1 1 0 1 0 0 0 1 1 0 0 1 0 1 
0 1 1 1 0 1 0 0 1 0 0 0 1 0 1 1 0 0 0 1 0 1 1 0 0 0 0 1 1 0 0 0 0 1 1 0 1 1 0 0 0 0 0 1 1 1 0 1 0 0 0 0 1 0 0 0 0 0 1 0 0 1 0 0 0 
1 0 1 0 1 1 0 1 0 1 0 1 1 0 1 0 0 1 1 0 1 1 1 1 0 1 0 1 1 0 0 0 1 1 0 0 1 1 1 1 0 0 0 0 0 0 0 0 1 1 1 1 1 0 0 1 1 0 1 0 1 1 0 0 0 
0 0 1 1 1 0 0 1 1 0 1 1 0 0 0 1 1 1 0 1 0 0 0 0 1 0 1 0 0 1 0 0 1 0 0 1 0 0 0 1 0 0 0 0 0 1 1 1 0 0 0 0 0 0 1 1 0 0 1 0 0 1 0 1 1 
0 0 0 0 1 1 0 1 0 0 1 1 0 0 1 0 0 0 0 0 1 1 0 1 0 0 1 1 0 1 1 1 1 1 1 0 0 0 1 0 0 0 1 0 0 1 0 0 1 0 0 0 1 0 1 1 0 1 1 1 0 0 0 1 1 
1 0 1 1 1 0 0 0 1 0 0 0 1 1 1 1 1 1 1 0 1 0 0 0 1 1 0 1 1 1 0 1 1 0 0 1 0 0 1 1 1 1 0 0 0 1 1 0 1 0 0 0 1 0 0 0 0 0 0 1 1 0 0 1 0 
1 0 0 1 1 0 0 0 0 0 1 1 0 1 0 0 1 0 1 1 0 0 1 0 0 1 0 0 1 1 1 0 1 1 0 0 1 0 0 1 1 1 1 1 0 1 1 1 0 1 1 0 1 0 1 1 1 1 1 1 0 0 1 1 0 
1 1 1 0 1 1 1 1 0 0 1 1 1 1 1 0 0 0 1 0 1 0 0 0 0 1 0 0 0 1 0 0 0 0 0 1 1 1 0 1 1 0 0 0 1 0 1 1 0 0 1 1 1 1 1 1 0 1 1 1 0 0 1 0 0 
1 1 1 0 0 0 1 0 0 1 1 0 0 0 0 1 1 1 0 1 0 1 1 1 0 0 1 0 1 1 0 0 1 1 0 1 1 1 1 0 1 0 0 1 0 1 0 1 0 0 0 1 1 0 0 0 0 0 0 0 1 1 0 0 0 
1 1 0 0 0 0 1 0 0 1 0 1 1 0 0 0 0 1 1 0 1 1 1 1 0 1 1 1 1 1 1 0 1 1 1 1 1 0 0 0 1 0 1 1 0 1 1 1 0 0 1 0 0 0 1 0 1 0 1 1 0 0 1 1 0 
0 0 1 1 0 1 0 1 1 1 1 0 0 0 1 1 0 1 1 0 0 1 0 1 0 1 1 0 0 0 0 1 0 0 0 1 1 0 0 0 0 1 1 0 0 0 1 0 1 0 0 1 1 0 0 1 1 1 0 0 1 0 1 0 0 
1 1 0 1 1 0 1 0 1 0 0 1 1 0 0 0 1 0 1 1 0 1 1 0 1 1 1 1 0 1 0 1 0 0 0 1 0 0 0 0 0 0 1 1 1 0 1 0 0 1 1 0 0 0 0 1 1 0 0 1 1 0 0 0 0 
1 1 1 1 1 1 1 0 0 0 1 0 0 1 0 1 0 1 1 1 1 0 0 1 0 0 1 1 0 1 1 1 0 0 0 0 1 1 0 0 0 1 0 0 0 1 1 0 0 0 1 1 0 0 1 0 0 0 1 0 1 1 0 1 1 
0 1 1 0 1 1 0 0 1 0 0 0 1 1 0 1 0 0 1 0 1 1 0 1 1 1 0 0 1 1 1 1 1 0 1 0 1 1 1 1 1 1 1 0 0 0 1 1 0 0 1 1 0 0 0 1 1 0 1 0 1 0 1 0 1 
1 1 0 0 0 1 0 1 1 0 0 1 0 1 1 0 0 0 0 0 0 1 1 0 0 1 1 1 1 0 0 0 1 0 0 1 0 0 0 1 1 0 0 1 1 1 1 0 1 0 0 1 1 0 1 0 1 0 1 0 0 1 0 1 1 
1 0 1 1 1 0 0 1 0 1 1 1 1 1 0 1 1 1 0 1 0 0 1 1 1 1 1 0 0 1 0 1 1 1 0 0 0 1 0 0 0 1 0 1 0 0 0 1 0 1 1 0 1 0 1 1 1 1 1 1 0 1 0 1 1 
1 0 1 0 0 1 0 1 1 0 1 0 0 0 0 1 1 0 1 1 0 0 1 1 1 0 1 1 1 0 0 0 0 1 0 0 0 0 1 0 0 0 0 1 1 0 0 0 0 1 0 0 1 1 1 1 1 0 0 0 1 0 0 1 1 
0 0 1 1 1 1 1 0 1 0 1 1 1 1 0 0 1 0 0 0 0 1 0 0 1 0 1 1 1 1 0 1 1 1 0 0 1 0 0 0 0 1 0 1 1 0 0 0 0 0 1 0 1 1 1 0 1 0 1 0 1 1 0 0 0 
0 1 1 0 1 0 1 1 0 0 0 0 0 0 0 0 1 1 1 0 0 1 0 0 0 0 0 1 0 0 0 1 1 1 1 1 1 0 0 1 1 0 1 1 0 0 0 0 1 1 0 1 1 0 1 1 1 1 1 1 0 1 0 1 0 
0 0 0 0 0 1 1 0 1 1 1 1 1 1 0 0 1 1 1 0 0 1 1 0 0 0 0 1 1 1 1 1 0 1 1 0 1 1 1 0 0 0 1 1 1 1 1 0 0 1 0 0 0 1 0 0 0 0 1 1 0 0 0 0 0 
1 0 1 0 1 1 0 1 0 1 0 1 1 1 1 0 1 1 0 1 0 0 1 0 1 0 0 1 0 0 1 1 1 0 0 0 1 0 0 1 0 0 0 1 1 1 1 1 1 1 0 1 1 1 1 0 1 0 1 1 0 1 0 1 1 
0 0 1 1 0 0 1 0 1 0 0 0 1 1 1 0 1 0 1 0 0 1 1 0 0 0 0 1 0 0 1 1 0 0 0 0 0 1 0 1 1 0 0 0 1 1 0 0 0 1 0 0 0 1 0 0 1 0 0 0 0 1 1 0 1 
1 0 1 0 1 1 1 1 1 1 1 0 1 1 0 0 0 0 0 1 0 0 1 1 0 1 1 1 0 0 0 1 0 0 1 1 1 0 1 0 1 0 0 0 1 1 0 1 1 0 1 0 0 0 1 1 1 0 0 1 0 1 0 1 1 
1 0 0 1 1 0 0 1 0 0 1 1 0 0 1 0 1 1 0 1 0 1 0 0 0 1 1 1 1 0 0 0 0 0 1 0 0 1 1 0 1 0 0 1 1 1 1 0 0 0 0 0 1 0 0 1 0 1 0 1 1 0 0 0 0 
1 0 0 1 1 1 0 0 1 0 1 0 1 1 0 1 1 0 1 0 0 0 0 0 1 1 1 1 1 1 0 1 1 0 0 1 1 0 1 0 0 0 0 0 1 0 1 1 0 0 1 1 1 1 1 0 0 0 1 0 0 1 1 1 0 
1 0 1 1 1 0 0 1 0 0 1 1 1 0 1 0 1 0 1 0 1 1 0 0 0 0 0 0 1 1 0 0 0 1 0 1 1 0 1 0 0 0 1 1 0 0 1 1 1 0 1 0 1 1 0 0 0 0 0 1 0 0 0 0 1 
0 1 1 0 0 1 0 0 0 1 0 0 1 1 1 1 0 0 1 0 0 1 0 1 1 1 1 1 1 1 0 1 0 1 1 1 0 1 1 0 1 0 1 0 1 0 1 0 0 0 0 1 1 0 0 0 1 1 1 1 0 0 0 0 1 
0 1 0 1 1 0 0 1 1 0 0 0 0 0 0 0 0 1 0 0 1 0 0 0 0 1 0 0 1 1 1 1 0 1 1 1 0 1 0 1 0 1 1 0 1 0 0 0 1 0 0 1 1 0 1 1 1 0 1 1 1 0 0 1 0 
