69 48 1874
78 20 30 42 72 69 94 81 79 85 74 42 11 25 83 67 43 31 39 83 66 35 30 8 38 60 69 14 65 40 75 42 11 57 83 34 25 28 14 56 12 40 49 74 64 31 40 6 
14 78 40 79 65 69 38 54 80 58 19 44 97 94 37 7 2 71 41 26 98 6 33 62 45 82 35 60 64 27 18 77 56 57 7 72 78 96 78 57 53 96 53 1 41 89 8 42 
12 100 20 9 57 52 22 2 33 9 61 97 87 78 25 42 87 84 66 64 31 43 72 84 90 24 36 31 65 95 24 76 94 43 36 51 47 10 4 79 18 16 27 56 46 4 49 32 
87 14 47 17 56 18 52 98 94 88 28 58 82 51 33 28 46 20 30 92 29 85 22 98 100 49 53 97 52 2 28 90 67 26 58 75 44 10 72 37 49 99 46 30 1 30 9 98 
49 38 41 30 22 63 27 74 11 32 70 14 85 50 55 51 75 12 25 70 73 96 58 21 46 55 3 99 84 11 48 85 1 89 66 74 51 92 47 13 75 69 78 59 70 32 62 44 
95 38 66 68 34 75 40 31 30 94 81 65 5 29 1 57 17 66 30 19 10 29 31 84 49 60 95 18 91 8 13 37 45 78 56 78 5 96 61 86 89 41 50 45 21 51 1 89 
68 83 7 77 63 89 61 11 48 7 28 90 14 40 27 58 70 82 88 74 29 48 59 70 40 60 14 13 62 67 1 30 1 8 58 63 96 70 25 44 76 52 85 41 43 63 99 12 
45 38 37 25 37 47 94 76 59 60 40 20 78 41 1 30 48 59 44 95 28 68 90 56 71 75 96 13 37 46 25 33 83 13 10 19 60 3 47 18 14 86 89 43 78 42 72 25 
52 15 20 79 82 61 86 4 35 34 17 72 79 93 56 14 5 65 84 64 20 30 33 85 68 22 28 45 63 99 22 14 66 93 44 99 53 82 3 40 15 19 63 93 63 18 58 67 
83 42 83 54 71 67 38 90 88 17 87 2 68 60 67 33 52 63 83 56 44 85 95 58 55 57 2 17 75 60 36 9 1 70 14 23 36 51 13 76 20 51 77 87 10 44 71 61 
58 53 68 1 38 63 58 44 19 11 13 45 70 48 53 22 69 66 45 4 69 9 79 88 11 8 26 20 51 96 32 8 48 99 60 37 13 69 33 32 79 45 76 1 44 81 74 12 
98 70 67 18 78 46 57 40 53 82 59 55 29 42 14 77 93 73 65 5 93 49 88 71 93 64 23 88 44 97 51 93 66 18 11 96 15 67 35 19 49 46 73 77 39 38 5 83 
62 22 88 54 70 75 76 15 90 99 2 85 47 53 78 64 22 88 11 36 54 98 54 54 95 78 83 33 67 87 68 28 60 55 81 30 81 8 44 23 58 97 7 4 1 84 20 22 
23 82 9 29 79 14 82 73 43 64 58 9 3 25 36 62 31 68 91 63 76 86 85 33 35 92 89 35 27 60 9 50 41 69 78 20 83 11 44 25 27 1 34 29 77 21 90 59 
89 33 22 16 70 6 48 4 49 88 39 76 47 99 77 88 67 6 7 49 16 2 26 42 3 11 22 31 31 64 42 71 96 63 86 17 20 86 21 69 73 11 96 72 9 24 59 27 
29 17 76 96 18 53 90 72 63 11 3 45 74 96 16 21 58 53 38 29 38 10 97 63 20 44 34 80 67 92 6 47 60 33 43 77 37 84 49 99 94 3 96 20 98 11 92 7 
15 81 35 53 90 84 67 61 27 100 92 46 43 98 44 2 82 38 30 19 21 78 69 15 32 64 86 81 26 77 87 41 58 74 45 99 57 11 60 35 62 51 32 56 100 76 9 34 
13 38 52 34 68 72 100 99 36 85 32 13 13 18 53 70 91 49 69 99 11 80 34 24 82 65 79 82 92 87 15 5 25 18 90 44 41 89 42 28 25 73 41 37 43 45 59 85 
94 79 84 56 58 69 80 39 85 58 72 77 97 38 33 73 7 22 16 48 62 9 75 86 82 15 74 76 12 32 60 5 62 95 60 19 63 91 10 100 49 33 76 97 71 60 69 77 
81 84 76 94 92 51 79 25 17 4 100 28 88 12 84 49 58 96 20 73 86 81 72 86 13 99 82 83 58 2 12 38 85 87 83 29 89 61 5 6 16 5 85 3 68 21 4 25 
68 23 97 53 3 20 91 67 18 24 50 75 26 13 64 62 99 46 90 88 58 95 45 74 51 81 28 70 1 31 46 68 53 95 73 7 14 15 74 32 38 75 58 63 87 22 25 37 
19 66 24 77 12 20 2 62 1 29 83 53 12 29 73 16 23 45 23 36 11 48 19 48 22 77 63 60 50 39 96 68 4 72 96 16 91 97 29 43 78 12 96 41 40 68 56 62 
64 30 49 74 77 68 21 50 96 35 9 45 73 57 12 77 28 8 44 18 56 72 61 85 83 8 25 74 75 81 87 38 10 36 11 39 55 83 88 2 18 49 46 42 5 9 18 84 
68 61 1 24 85 13 8 19 72 33 93 46 65 79 35 74 66 97 12 72 80 52 73 49 100 18 90 56 79 60 39 46 72 91 69 56 56 29 75 27 13 19 73 77 49 7 2 15 
4 66 38 35 17 11 35 68 80 76 23 58 35 61 4 7 3 24 14 58 4 88 85 16 58 9 44 7 67 46 21 22 11 58 8 27 20 42 46 100 18 68 57 4 80 12 10 82 
88 76 92 91 63 28 59 21 36 2 79 54 99 51 76 9 60 35 87 80 77 32 79 46 51 87 1 82 51 63 16 38 38 7 80 100 34 90 72 21 44 2 26 42 52 53 3 12 
88 41 91 16 25 21 13 75 59 13 9 61 75 24 50 12 82 30 64 15 71 87 87 14 89 64 56 40 17 10 51 4 50 93 71 26 65 83 1 24 47 61 36 22 84 86 33 65 
15 48 31 85 35 69 51 75 32 58 14 48 67 17 3 68 61 25 94 26 7 46 1 54 6 36 27 89 73 11 5 87 59 87 24 45 55 26 19 38 83 84 38 49 100 92 16 13 
17 9 90 75 54 42 80 11 29 6 51 2 17 55 40 27 93 63 71 99 88 89 37 70 24 74 70 24 65 38 88 81 98 77 8 4 70 87 14 98 93 65 99 61 71 39 87 64 
53 9 62 93 97 50 14 20 23 84 95 40 73 34 72 70 62 79 73 31 66 87 29 10 3 79 70 73 17 8 88 22 16 2 14 64 51 27 35 26 62 82 65 34 15 36 56 77 
67 28 59 84 66 39 93 68 18 14 41 34 73 80 7 88 81 20 51 32 99 37 57 12 18 73 98 85 60 53 13 26 80 71 61 98 10 5 65 27 18 57 12 90 37 19 29 17 
90 31 100 40 68 8 52 85 80 1 69 92 53 81 69 84 52 30 81 13 34 46 39 4 2 2 45 90 72 74 59 62 4 10 1 71 18 4 56 49 4 76 40 8 57 61 92 60 
90 24 24 23 21 14 78 75 15 23 64 39 96 74 100 99 84 52 22 53 8 29 1 11 4 93 71 12 53 14 23 94 37 46 68 10 59 46 84 26 68 99 64 63 73 15 13 8 
18 86 60 25 14 12 88 70 56 58 81 8 71 56 53 59 1 21 68 12 66 3 89 33 2 4 47 26 18 11 33 87 97 44 12 10 55 51 31 11 8 12 70 30 67 23 40 19 
95 60 82 60 62 70 44 15 25 90 92 42 52 76 29 48 19 92 10 26 42 40 36 1 3 57 82 21 31 73 92 25 32 73 36 46 95 79 12 19 68 4 13 72 79 93 19 50 
36 80 75 77 20 62 29 74 70 10 95 1 34 86 77 66 58 13 11 4 91 74 75 11 77 87 82 8 31 52 9 66 32 35 94 51 96 22 76 65 83 70 17 68 55 94 33 65 
6 95 20 48 69 94 58 97 32 91 4 14 43 64 79 74 98 24 76 93 97 51 10 31 73 78 99 27 71 31 43 28 78 15 28 46 8 37 42 92 28 98 5 22 61 36 95 59 
59 22 3 56 24 64 86 96 42 36 75 64 19 17 44 96 31 71 93 91 59 86 82 86 83 38 59 96 73 5 6 32 26 60 39 50 24 76 97 17 12 71 32 30 40 27 25 22 
97 17 64 8 54 45 45 37 35 4 84 7 8 41 90 34 100 28 35 75 4 31 91 67 54 75 96 93 1 72 66 50 88 30 57 93 26 1 81 60 4 64 19 12 4 8 97 56 
88 31 30 91 13 73 9 18 47 4 62 47 75 28 96 14 57 52 6 34 53 87 94 8 2 64 19 58 71 15 13 58 97 42 100 62 14 8 79 12 63 41 59 37 20 54 2 28 
58 8 61 62 46 6 69 47 69 40 4 92 54 16 1 3 10 1 16 75 60 94 87 23 86 45 11 57 50 13 84 7 72 97 68 69 2 89 15 23 28 71 66 33 38 66 35 47 
18 50 74 78 96 60 52 33 56 14 90 5 26 25 64 49 73 83 17 75 71 84 49 98 54 14 83 43 79 69 90 49 71 15 26 66 74 29 50 29 42 91 85 20 68 48 68 40 
31 37 66 53 72 14 3 25 79 85 19 10 53 8 58 23 22 35 40 47 63 42 27 56 32 12 75 99 59 95 39 41 31 56 46 54 22 48 30 100 84 48 61 36 56 18 11 29 
52 50 28 66 91 54 22 75 65 96 25 76 42 15 68 24 71 13 77 92 12 6 43 95 54 4 31 61 21 93 41 25 94 68 42 37 22 63 11 38 11 87 13 4 2 33 28 72 
45 4 63 57 62 57 3 15 60 85 27 81 77 67 57 71 35 98 7 8 13 69 97 75 55 62 78 56 94 5 79 90 61 93 98 22 50 1 88 9 85 14 41 62 80 49 84 66 
99 42 25 11 10 22 37 16 83 14 24 76 71 54 17 83 47 15 56 48 15 43 56 99 8 49 12 39 97 95 5 95 36 81 57 97 2 93 65 36 59 40 11 29 93 28 63 39 
94 18 38 8 60 46 58 67 94 70 57 42 16 61 89 52 42 97 100 95 90 16 31 100 55 93 80 48 72 42 38 65 59 76 72 70 21 82 88 66 51 44 59 66 57 47 69 50 
44 21 44 85 36 26 84 91 19 15 38 42 56 27 7 66 2 30 35 74 11 74 39 61 17 98 79 73 96 47 74 91 19 70 75 55 95 10 97 65 24 34 7 31 12 13 96 66 
94 82 39 5 55 30 17 24 79 95 48 74 94 22 17 12 91 91 18 37 53 14 2 28 99 60 59 11 72 6 76 17 88 14 21 94 95 90 17 73 84 65 99 29 38 15 93 28 
57 10 64 61 24 17 89 74 76 99 84 99 4 11 16 43 77 88 89 71 77 5 96 13 21 46 41 58 60 33 37 68 95 53 29 70 69 69 43 97 67 79 95 22 41 62 65 17 
50 5 88 26 9 35 38 82 80 31 39 91 15 28 58 9 80 38 30 100 6 25 96 72 3 43 94 43 4 10 12 53 14 51 79 74 85 68 55 16 98 46 6 13 73 63 73 4 
1 3 55 58 79 51 30 33 93 23 27 96 84 38 1 97 88 79 70 24 98 77 39 96 22 44 60 46 59 32 1 11 86 55 68 64 57 49 96 49 23 23 97 6 12 97 54 100 
27 76 75 76 52 14 71 25 9 82 22 67 66 22 29 3 28 97 19 85 97 66 85 20 40 33 25 52 81 79 3 7 54 77 83 57 90 5 33 99 39 54 17 4 27 46 6 6 
94 24 90 90 42 27 9 81 59 86 32 40 64 34 98 69 11 32 77 52 37 9 50 27 14 19 30 92 64 87 97 9 63 87 98 4 13 59 84 23 44 16 62 7 1 60 27 63 
91 3 15 79 63 16 5 76 34 34 67 49 73 15 57 35 1 7 38 65 65 73 88 8 88 1 66 41 60 44 3 51 98 69 81 60 37 86 87 22 71 5 71 43 19 79 77 72 
37 66 88 1 39 27 60 78 28 77 18 87 20 73 89 17 41 22 28 29 7 66 51 77 22 21 72 93 51 100 16 88 66 3 40 56 82 100 85 9 28 55 47 48 27 88 16 19 
9 96 48 67 61 50 43 35 70 66 27 72 66 42 11 83 96 51 90 77 2 74 37 29 28 36 28 6 23 44 77 83 91 24 49 51 73 91 37 94 9 63 17 74 56 28 56 4 
78 97 32 31 70 69 59 98 4 87 55 78 82 31 60 72 6 8 74 30 50 11 75 58 25 92 83 33 19 38 36 48 34 67 78 56 87 36 5 42 74 59 19 55 90 78 78 95 
37 52 77 87 14 51 96 38 42 79 22 12 68 57 59 54 76 36 9 14 24 13 56 49 23 74 4 12 52 81 59 40 84 35 26 97 37 74 35 79 52 56 90 19 65 1 72 92 
88 32 5 11 44 60 60 19 34 15 30 37 47 40 76 31 26 54 27 63 27 13 93 30 21 34 48 85 34 72 76 22 3 80 84 99 40 95 17 25 61 98 61 8 90 88 38 67 
41 16 81 19 29 73 48 49 7 96 85 92 19 60 65 21 91 49 71 30 95 39 6 56 37 66 63 26 54 52 44 46 67 25 65 47 97 12 47 55 7 31 99 77 90 63 98 33 
63 20 14 58 59 20 13 47 85 27 72 90 30 67 36 96 91 100 95 88 63 41 94 22 72 92 98 13 7 47 97 69 67 11 78 25 30 42 71 66 68 94 8 97 60 95 45 51 
94 91 90 8 83 35 29 6 27 27 71 85 73 67 53 39 77 83 15 58 24 37 76 44 30 83 92 42 77 88 44 22 78 85 29 61 19 58 66 97 84 36 81 8 3 86 47 31 
68 13 41 91 50 16 86 31 50 78 72 26 65 67 99 43 51 79 55 22 88 72 18 23 8 51 31 62 36 77 44 55 41 84 97 90 99 83 21 48 60 44 25 24 11 75 18 13 
54 72 34 41 44 4 64 3 54 94 64 41 22 59 95 62 43 91 4 93 73 24 93 32 19 17 8 81 44 25 94 97 49 79 89 92 82 52 46 87 97 61 27 70 19 21 32 61 
12 87 6 36 10 98 68 80 66 75 61 9 51 54 5 99 84 46 42 18 97 87 4 46 47 31 15 18 3 98 30 14 84 35 50 45 32 69 25 50 95 37 58 45 90 15 44 25 
60 37 42 8 24 46 53 22 28 20 91 30 17 21 96 53 7 97 49 91 17 73 40 11 9 97 7 50 11 2 27 22 39 68 30 14 65 34 87 44 53 78 74 22 50 21 74 56 
69 22 46 85 47 85 47 7 82 53 9 44 55 35 66 93 54 47 6 19 80 92 62 85 21 87 6 70 59 31 78 27 4 23 63 2 60 9 9 93 62 69 36 16 3 53 8 56 
51 65 26 83 8 88 67 81 26 24 50 85 6 79 63 61 2 26 63 61 34 23 53 47 91 40 62 45 45 21 100 95 37 26 29 45 65 47 25 90 22 26 26 79 57 89 40 58 
1 1 1 0 1 1 1 1 0 0 1 0 1 0 1 1 1 1 1 1 0 1 1 1 1 0 0 1 0 1 0 1 0 1 0 1 0 1 0 0 1 1 1 0 1 0 0 1 
1 1 0 1 1 1 1 0 0 1 1 0 0 1 0 0 0 0 1 0 1 1 0 0 0 1 1 1 1 1 0 1 0 1 0 1 0 1 1 0 0 0 1 0 1 1 0 1 
1 1 1 0 0 0 0 0 1 1 0 1 0 0 0 1 1 0 0 0 0 0 0 0 0 1 1 0 0 1 1 1 1 1 1 1 1 0 0 0 1 0 1 0 0 1 1 0 
0 1 0 0 1 0 0 0 0 1 0 0 1 1 0 0 0 1 1 1 1 1 0 1 1 1 1 0 1 0 0 1 1 0 1 1 0 1 1 0 1 1 1 0 0 1 0 1 
0 1 0 0 1 0 1 0 0 0 0 1 0 0 0 1 0 1 0 1 0 1 1 1 0 0 1 1 1 1 0 0 1 0 0 0 1 1 0 1 1 1 0 1 1 0 0 0 
1 1 1 1 0 0 1 1 1 0 0 0 0 0 0 1 0 0 1 1 1 1 0 0 0 0 1 0 0 0 0 1 1 1 1 1 1 0 0 0 0 0 1 0 0 1 1 1 
0 0 0 1 0 1 0 0 1 1 0 0 1 0 1 0 1 0 0 1 0 0 1 1 1 0 1 1 0 1 0 0 1 1 1 1 0 1 0 1 1 0 1 0 1 1 1 0 
1 1 1 0 1 1 1 0 1 0 0 1 1 0 1 1 1 1 0 1 0 0 1 1 1 0 0 0 1 1 0 1 0 0 1 1 1 0 0 0 0 0 0 0 0 1 1 0 
0 1 1 1 0 0 0 1 1 0 1 0 1 1 1 1 1 0 1 0 0 1 1 1 1 1 1 1 0 0 1 1 1 1 0 1 1 0 0 0 1 1 1 0 1 0 0 0 
1 1 1 1 0 0 0 1 1 1 0 1 1 0 0 1 1 0 0 0 1 1 1 0 0 0 0 1 0 0 0 1 1 1 1 1 1 1 0 0 1 1 1 0 1 0 1 0 
0 0 0 1 1 1 1 1 1 0 1 0 0 1 1 0 0 0 1 1 0 0 1 1 1 0 1 0 0 1 0 1 1 0 0 0 0 0 1 1 0 0 1 0 1 1 0 1 
1 0 0 1 0 1 0 1 0 0 1 0 1 1 1 0 1 0 0 1 0 1 1 0 0 0 0 1 1 1 1 1 1 1 0 1 1 1 0 1 1 1 1 0 0 1 0 1 
1 0 1 1 1 0 1 1 0 1 1 0 0 0 1 1 1 1 0 0 0 0 1 1 1 1 1 1 0 1 1 1 1 0 0 1 0 1 0 0 0 1 0 1 1 1 0 1 
1 1 1 1 1 1 1 1 0 0 0 0 0 1 1 1 1 1 0 1 0 1 0 0 0 0 1 0 0 0 1 1 1 0 0 0 1 1 1 1 0 0 1 0 1 0 1 1 
1 0 0 1 1 0 0 1 1 1 1 1 1 0 0 0 1 0 1 0 0 0 0 0 0 1 0 0 0 1 1 1 1 1 1 0 0 1 0 1 0 1 0 0 0 0 0 1 
0 1 1 0 0 1 0 0 1 0 0 1 0 1 0 1 1 1 0 1 0 0 0 1 1 0 1 1 0 1 0 0 1 0 1 1 1 1 1 0 0 0 1 0 1 0 1 0 
1 1 1 0 1 1 1 1 1 0 0 1 1 1 0 0 1 1 1 0 0 1 1 0 1 0 0 0 0 0 1 0 1 0 0 1 0 1 0 1 1 0 1 0 1 1 1 0 
0 0 1 0 1 0 1 0 0 1 1 1 1 0 1 1 0 1 0 0 0 0 0 1 0 1 1 0 0 0 0 0 1 1 0 0 1 1 1 0 1 0 1 0 0 0 1 0 
1 1 1 1 1 1 0 0 0 1 0 0 0 0 0 1 0 0 1 1 0 0 1 1 0 0 1 0 0 1 1 1 0 0 0 0 1 0 0 1 0 0 1 0 0 1 1 0 
1 0 0 1 1 1 0 1 0 0 0 0 1 1 0 1 1 0 1 0 1 1 1 1 1 0 1 0 1 0 0 0 0 0 0 1 0 0 1 0 0 1 0 1 0 0 1 1 
1 0 1 0 0 0 1 1 0 0 1 1 0 0 1 0 0 1 0 0 0 1 0 0 0 1 0 0 1 1 1 0 1 0 0 1 0 1 1 0 1 0 1 1 0 0 0 1 
0 0 1 0 1 0 0 1 1 0 1 0 1 0 1 1 0 1 0 0 1 1 0 0 0 1 0 0 1 0 1 1 0 1 1 1 1 0 0 0 0 1 0 0 1 1 1 1 
1 1 1 0 1 1 0 1 0 0 1 1 0 1 1 0 0 0 1 1 0 1 1 1 0 1 1 1 1 0 0 0 1 1 0 0 0 0 1 0 1 1 0 1 0 1 0 0 
1 1 1 0 1 0 1 1 1 0 1 0 0 1 0 1 1 0 0 1 1 1 0 0 0 0 1 0 1 1 0 0 1 1 0 0 1 1 1 1 1 0 1 1 0 0 1 1 
0 1 0 1 0 0 1 1 0 1 1 1 0 0 0 1 1 0 1 1 0 1 0 1 1 1 1 1 1 0 0 0 1 1 1 1 1 1 0 0 0 0 1 0 0 1 0 1 
0 1 0 0 0 0 1 0 0 0 1 1 0 0 1 1 1 1 1 0 0 1 0 0 1 0 0 1 1 0 1 1 0 1 1 0 0 1 0 0 1 0 1 0 0 1 1 1 
0 0 1 0 0 0 0 1 0 0 1 1 1 0 1 1 1 0 1 1 1 0 1 1 0 1 1 0 0 0 1 0 1 0 0 1 0 0 0 0 0 1 0 1 1 1 0 1 
1 0 0 1 0 0 0 0 1 1 0 1 1 1 1 0 1 1 1 0 1 0 0 1 1 0 1 1 1 1 0 1 1 0 0 1 0 0 1 1 1 1 0 0 0 1 1 0 
0 0 0 1 0 0 1 0 1 0 1 0 1 1 1 1 1 1 0 0 1 0 1 0 1 0 1 0 1 0 0 0 0 0 1 1 0 0 1 1 0 0 0 0 1 1 1 0 
1 1 0 0 1 0 1 1 0 0 1 1 0 1 1 0 1 1 1 1 1 0 1 0 0 1 0 1 0 1 0 1 0 0 0 0 0 1 1 0 1 0 0 1 1 1 1 0 
0 1 1 0 1 0 0 0 1 0 1 0 1 1 1 1 0 1 1 0 0 0 1 1 0 1 0 1 0 0 1 1 1 1 1 0 1 1 0 1 1 0 1 0 1 0 1 1 
0 1 0 0 1 1 0 0 0 0 1 0 0 1 1 1 0 0 0 1 1 0 0 0 0 1 0 0 0 0 1 0 1 1 0 0 0 0 0 0 1 0 1 1 1 0 1 1 
1 1 0 0 1 1 1 0 0 1 0 0 1 1 0 0 1 1 1 1 1 1 0 0 1 1 0 0 1 1 1 0 0 0 1 1 1 0 1 1 1 1 0 1 1 0 1 0 
1 0 1 1 0 1 1 1 0 1 0 0 0 1 0 0 1 1 0 0 1 1 0 1 1 0 0 0 0 1 0 0 0 1 1 0 1 0 1 1 0 1 1 0 1 0 1 0 
1 1 1 1 0 1 0 1 1 0 1 1 1 1 1 1 1 0 1 0 1 1 1 1 0 1 1 1 1 0 0 0 1 1 1 0 0 1 1 1 1 1 0 1 0 0 0 1 
0 0 1 1 1 1 0 1 0 0 1 1 0 1 1 0 0 1 0 0 0 1 1 0 0 1 1 1 1 1 0 0 1 0 1 0 1 0 0 1 0 1 0 0 0 1 0 0 
0 0 0 1 0 1 1 0 0 0 1 0 1 0 0 1 0 1 1 1 1 1 0 1 0 0 0 0 1 0 0 0 1 0 1 1 1 0 1 0 0 1 0 1 1 0 0 1 
1 0 0 1 1 0 0 0 0 0 0 1 1 1 1 0 1 0 1 1 0 0 1 0 1 1 0 0 1 0 1 0 0 1 1 0 1 0 0 1 0 0 1 1 1 0 1 1 
1 0 0 1 1 1 0 0 0 0 1 1 0 0 1 1 0 1 1 1 1 1 1 1 1 0 1 1 0 0 0 1 1 0 1 0 1 1 0 1 1 1 0 1 0 1 0 0 
0 1 1 1 0 0 1 0 0 0 1 1 0 1 0 1 1 1 1 0 0 0 1 1 1 1 1 1 0 1 1 1 1 1 0 1 1 1 1 0 1 0 1 0 1 1 1 0 
1 1 0 1 1 1 1 0 0 0 0 1 1 1 0 0 0 0 0 0 0 1 0 1 0 1 1 1 0 1 0 1 0 0 1 1 0 0 1 0 0 1 1 1 1 1 0 1 
0 0 1 0 1 1 1 1 0 1 1 1 0 1 0 0 1 1 1 1 1 0 0 1 0 1 1 1 1 1 0 1 1 0 1 0 1 0 0 0 1 1 1 1 0 1 1 1 
1 0 1 0 1 1 0 1 0 1 0 1 0 0 0 1 0 1 1 0 0 1 0 1 0 1 1 0 0 0 0 1 1 1 0 0 0 0 1 0 1 1 0 1 1 0 0 0 
0 1 0 0 1 0 1 1 1 0 0 1 1 0 1 0 1 1 0 1 1 1 1 0 0 1 1 1 0 1 1 0 0 1 0 1 1 1 1 0 0 1 0 1 1 1 1 0 
0 1 1 1 0 0 1 0 0 0 1 0 1 1 0 1 0 0 1 0 1 0 0 1 1 0 0 0 1 1 0 1 0 1 0 0 1 1 0 1 1 0 1 0 1 1 0 1 
1 1 1 1 1 0 0 0 0 1 0 0 0 0 1 1 1 0 1 0 1 0 0 1 0 1 1 1 1 1 0 0 0 0 1 1 0 0 1 0 1 1 0 1 1 0 0 0 
0 0 1 1 0 1 0 0 0 0 1 1 1 1 0 0 1 1 1 1 1 1 0 0 0 0 0 0 0 0 0 0 0 1 0 0 0 0 0 1 0 1 0 0 1 0 0 0 
0 1 0 1 0 0 0 1 0 0 1 1 0 1 1 1 1 1 1 1 0 0 0 0 1 1 0 0 1 0 1 1 0 1 1 0 1 1 1 1 1 0 0 1 0 0 0 1 
1 0 0 1 0 1 0 1 0 0 0 1 1 1 1 1 0 0 1 1 1 1 0 0 1 1 1 1 1 0 0 0 0 1 0 0 0 0 1 0 0 1 1 1 0 0 0 0 
0 0 1 1 1 0 1 0 1 1 0 0 1 0 0 1 1 0 1 1 0 0 1 1 0 1 0 0 1 1 1 0 1 0 1 0 0 1 0 1 0 0 1 1 1 0 0 0 
0 1 0 1 1 1 0 1 0 0 0 0 1 1 0 0 1 1 0 0 0 1 1 0 1 1 1 0 1 1 1 1 0 1 0 0 0 0 1 1 1 1 1 0 0 1 1 0 
0 1 0 1 0 1 1 0 0 1 0 1 0 1 1 1 0 1 1 1 0 0 0 1 0 1 1 0 0 0 0 0 0 0 1 0 0 1 0 0 0 1 0 0 0 1 1 1 
0 0 0 0 1 0 1 1 1 1 1 1 1 0 1 1 0 1 0 0 0 0 1 0 1 1 0 0 0 0 1 0 0 1 1 1 1 0 0 0 1 0 1 1 0 0 0 0 
1 0 1 1 1 0 1 0 1 0 0 1 0 1 1 0 0 0 0 1 1 0 1 0 0 0 1 0 1 0 1 0 0 0 0 1 0 1 0 1 1 0 0 1 0 1 0 0 
0 0 0 1 0 1 1 1 0 1 1 1 1 0 1 1 0 1 1 0 1 1 1 0 1 1 0 1 1 0 0 1 0 0 0 0 1 1 1 1 0 1 0 1 1 0 1 0 
1 0 0 0 1 0 1 0 1 1 0 0 1 0 1 1 0 1 1 1 1 1 1 1 0 1 1 1 1 0 1 1 0 0 1 1 0 0 1 1 1 1 0 0 1 1 1 1 
1 1 1 0 0 0 1 0 1 0 1 1 0 1 0 0 1 1 1 1 0 1 0 1 0 0 0 0 0 1 1 1 0 0 1 0 0 0 0 0 1 0 1 1 1 1 0 0 
0 1 1 0 0 1 0 1 0 0 1 0 1 0 1 0 1 0 0 1 0 1 1 1 1 0 1 0 1 1 0 0 0 1 0 1 0 0 0 0 0 1 0 0 1 1 0 0 
1 0 0 0 1 1 1 0 0 0 0 1 1 0 1 0 1 0 1 0 0 1 0 1 0 1 1 1 0 1 0 0 1 0 0 1 1 1 1 1 0 0 1 1 0 0 1 0 
0 0 0 1 1 0 0 1 1 1 1 0 0 1 0 1 1 0 0 0 1 0 0 1 0 1 1 0 1 0 0 0 1 0 1 0 1 1 0 0 0 1 0 0 0 0 1 1 
0 0 1 0 0 1 1 0 0 0 0 0 1 1 0 0 1 1 0 0 0 0 1 0 1 1 0 1 0 1 0 0 1 0 0 1 1 0 1 0 0 0 0 1 1 0 1 0 
1 0 1 1 0 0 1 0 1 1 1 1 0 0 0 0 0 0 1 1 0 1 1 1 1 1 0 0 1 0 0 0 0 1 1 0 1 0 0 1 1 0 0 0 0 0 0 0 
1 1 1 1 0 1 0 1 0 1 1 0 1 0 0 1 1 0 1 1 0 0 0 0 0 0 0 0 1 0 0 0 1 1 1 0 0 0 1 1 1 1 1 0 1 1 1 0 
1 0 1 0 0 1 0 0 0 0 0 1 0 0 1 1 0 0 1 0 0 1 1 1 0 0 1 1 0 0 1 1 1 1 1 1 0 1 0 0 1 0 1 1 1 0 1 1 
1 0 1 1 1 1 1 1 1 0 0 1 1 0 1 0 1 0 1 1 0 1 0 1 0 1 1 1 0 0 0 1 0 1 0 0 0 1 1 0 0 0 1 1 0 0 1 1 
1 0 0 1 0 0 0 0 0 1 1 0 1 1 1 0 0 1 0 1 1 1 1 1 1 0 0 1 1 1 0 0 1 1 1 1 1 1 1 1 1 0 1 0 1 0 0 0 
0 0 1 1 0 0 0 1 0 0 1 1 1 1 1 0 0 0 0 0 0 1 1 1 0 1 1 1 1 0 1 1 0 0 0 0 0 0 0 1 0 1 0 1 0 0 0 1 
0 0 1 0 1 0 1 1 1 1 1 1 1 0 0 1 1 1 0 1 1 0 0 0 1 1 1 1 1 1 0 1 1 1 0 1 0 1 0 1 0 1 0 1 0 1 1 1 
0 1 0 1 1 1 1 0 0 1 1 1 0 0 0 0 1 0 1 1 0 1 1 0 1 1 0 1 0 1 0 0 0 0 0 1 1 1 1 1 0 0 0 1 0 1 1 0 
