44 58 197
10 88 30 40 10 11 57 82 71 46 83 79 60 13 7 27 100 18 26 81 100 68 45 82 91 52 41 69 3 85 41 64 72 70 4 34 80 12 67 2 57 50 32 68 14 90 46 65 8 72 46 59 91 90 92 81 93 33 
1 95 17 42 59 41 63 62 26 43 25 92 96 81 41 28 1 54 69 98 19 76 21 16 86 12 5 78 44 98 10 45 44 78 38 2 70 100 15 95 94 39 39 90 72 79 69 24 85 37 21 55 65 42 22 50 5 26 
27 48 75 88 92 19 66 29 72 35 81 39 82 74 77 20 15 100 50 83 23 86 72 96 92 36 37 13 85 41 91 12 40 65 99 32 35 16 12 59 3 92 97 84 18 25 3 32 25 4 67 99 90 38 94 81 73 82 
46 57 74 36 20 14 52 71 45 87 86 8 97 88 52 93 23 69 17 77 52 93 81 18 92 22 55 85 54 79 67 99 36 40 34 7 53 86 77 49 24 63 57 20 2 8 64 25 28 32 1 79 25 81 49 68 54 3 
52 8 34 70 58 21 62 92 27 66 29 4 67 4 18 75 75 19 34 90 43 61 21 96 91 97 28 39 64 82 94 68 89 27 89 46 47 2 89 73 20 69 28 86 24 45 60 98 16 93 39 58 5 12 5 95 8 33 
86 24 14 79 43 54 5 31 51 3 85 92 27 4 60 55 89 36 99 100 85 14 44 24 24 48 35 80 94 94 12 79 17 77 9 59 30 65 42 33 67 78 24 94 81 35 100 21 22 50 72 7 64 15 82 39 14 16 
70 59 9 82 38 78 58 98 88 40 63 81 24 81 58 47 26 90 33 25 10 55 75 81 61 90 47 42 80 60 9 49 19 69 82 8 46 92 5 86 31 19 66 6 52 76 52 77 65 36 54 27 90 80 59 2 69 6 
95 100 65 3 48 35 24 30 42 69 73 99 6 3 69 72 8 20 47 11 49 63 46 2 89 88 81 100 41 1 5 36 100 21 90 99 56 13 80 49 34 52 99 39 6 68 10 65 39 8 27 87 23 25 40 63 12 72 
62 52 24 66 39 23 39 29 74 46 41 5 94 26 57 45 65 14 12 26 79 2 86 5 41 8 29 80 22 92 4 84 96 27 1 86 2 39 14 75 84 7 31 30 32 87 74 96 53 37 74 31 38 59 87 78 18 68 
10 39 11 13 22 6 39 75 92 40 13 57 66 49 63 97 30 47 35 3 94 87 91 67 69 28 77 56 58 94 75 67 33 85 31 6 43 69 80 86 61 45 42 26 45 57 74 74 55 9 76 48 95 18 67 16 45 43 
71 54 37 97 72 21 81 2 26 23 71 58 8 83 54 2 8 98 10 82 71 64 42 98 11 88 15 77 3 11 72 25 65 60 21 36 80 54 38 57 28 60 66 88 42 19 89 1 16 98 34 38 61 75 35 23 15 49 
52 17 12 23 42 76 34 14 63 13 67 52 21 95 63 87 82 4 57 22 57 73 71 90 10 31 17 97 5 31 97 56 99 8 30 92 35 63 6 98 27 72 49 48 18 64 86 51 67 42 72 75 66 42 17 28 24 33 
24 29 15 20 36 13 28 66 5 62 80 62 11 59 85 12 58 55 75 43 5 93 36 29 68 2 70 84 29 46 68 4 26 82 23 61 46 2 78 2 16 58 15 26 16 100 89 73 54 63 67 58 8 2 86 75 55 8 
10 35 5 77 38 30 10 61 90 55 14 20 9 29 29 23 55 44 22 43 68 27 58 86 37 65 39 74 91 94 33 100 80 37 76 18 66 37 30 8 43 43 79 51 24 7 26 78 2 99 72 69 26 29 6 62 45 44 
87 35 89 20 34 69 56 61 38 74 97 19 33 92 13 11 42 36 17 19 13 18 18 37 38 95 17 43 8 62 38 94 48 27 13 82 47 21 94 36 46 43 54 30 34 18 92 27 54 60 46 18 77 63 54 66 9 23 
60 16 84 49 9 31 27 74 64 73 46 58 60 91 52 13 72 85 31 63 11 36 22 8 53 50 70 59 67 78 81 78 45 16 26 54 46 53 79 62 25 24 71 85 66 22 49 37 6 31 51 68 66 72 76 19 73 97 
77 39 27 9 68 71 24 93 76 21 45 54 82 22 77 52 58 42 73 58 30 30 89 32 98 6 3 25 76 27 21 52 17 47 12 84 70 35 77 45 56 73 99 37 94 27 41 3 21 65 61 50 95 49 82 44 6 36 
68 82 15 40 85 31 39 97 67 8 31 95 4 86 67 2 75 13 29 67 15 1 31 75 2 77 75 83 20 33 71 39 14 37 31 98 19 69 94 85 28 77 79 31 14 98 85 88 10 65 54 76 65 37 3 66 13 29 
1 85 61 71 75 74 59 5 24 77 25 17 62 52 93 92 35 59 41 19 46 2 83 52 78 47 88 32 12 52 60 12 36 73 34 11 46 44 15 69 21 92 38 34 43 82 77 77 40 18 95 38 19 29 89 48 75 28 
79 39 79 91 2 67 63 88 77 60 31 43 81 51 34 18 36 29 51 13 57 91 82 4 80 100 32 20 100 7 47 30 97 77 20 98 95 82 85 23 94 16 18 74 18 51 91 54 31 93 18 40 83 99 43 14 50 74 
33 49 32 31 31 28 8 50 78 54 84 14 77 77 81 94 50 99 96 92 4 79 36 73 18 71 71 60 84 20 33 17 21 17 47 51 96 6 52 25 60 87 39 36 63 19 81 64 69 76 7 24 54 43 96 71 13 66 
30 96 38 15 64 10 83 11 12 78 16 63 3 27 50 93 14 64 11 94 80 32 70 86 55 75 80 51 46 44 68 27 92 57 93 55 66 75 17 77 53 85 40 7 11 41 99 25 4 61 18 83 92 39 21 47 14 100 
97 11 96 16 37 87 73 30 41 38 56 58 67 8 42 58 66 4 98 64 28 53 77 98 88 68 88 8 14 53 59 62 63 54 78 52 92 2 33 33 39 88 42 5 48 83 62 13 38 11 29 18 64 5 15 3 72 54 
62 38 7 72 99 21 78 28 72 69 29 4 1 20 44 94 76 91 28 90 55 66 100 83 83 15 39 49 69 63 2 30 100 8 2 98 29 79 78 52 47 6 8 100 77 51 93 53 93 21 42 47 38 93 82 20 60 20 
68 28 82 69 58 81 29 11 31 9 89 60 12 87 17 19 38 94 21 83 46 13 55 39 60 92 31 41 11 90 12 30 18 94 50 27 26 78 37 8 38 77 67 2 63 84 20 53 77 93 35 74 5 89 12 16 80 94 
8 42 84 20 71 53 65 20 79 90 50 67 50 39 43 16 40 57 51 60 9 79 52 95 4 8 35 15 24 66 61 31 7 44 2 77 48 66 49 78 8 98 44 57 88 86 24 28 42 27 39 3 5 90 49 9 49 84 
75 24 49 35 55 56 30 8 84 29 74 84 6 33 33 49 41 21 86 64 48 80 42 86 82 99 27 30 7 75 13 33 99 14 20 5 21 49 12 4 30 37 40 35 21 72 84 61 92 21 77 39 100 18 76 81 16 2 
63 74 29 27 7 79 40 78 35 60 78 98 16 7 87 55 42 7 26 77 68 18 97 44 8 97 13 84 29 29 37 91 54 17 18 60 47 9 89 81 69 67 79 36 73 65 90 14 23 15 42 90 84 39 85 44 87 98 
79 15 78 15 6 31 84 75 43 30 35 31 11 3 97 41 38 22 57 79 87 79 46 29 21 29 19 5 72 5 54 50 19 31 17 76 14 100 2 56 81 37 86 43 91 35 35 81 56 91 59 94 22 4 22 94 85 40 
98 56 96 4 58 67 86 26 94 99 77 96 54 57 84 92 52 74 78 86 54 85 29 65 78 50 68 52 43 4 91 92 12 39 47 21 5 33 46 98 83 74 93 89 30 28 32 33 2 9 19 7 45 99 23 22 48 43 
73 42 46 16 85 57 54 84 77 58 16 74 7 50 47 52 38 29 79 69 61 32 77 31 39 73 29 13 95 28 55 19 21 53 34 6 9 39 41 38 96 56 11 55 57 58 6 95 38 84 63 98 16 92 29 6 64 9 
18 10 37 25 29 57 77 62 14 85 53 54 74 100 61 85 54 18 94 59 12 31 43 26 80 10 69 60 15 33 69 84 94 5 8 22 13 36 36 27 73 88 32 46 87 93 82 41 62 27 99 25 57 93 50 37 54 19 
96 68 3 16 4 96 20 63 70 33 99 5 11 71 92 42 68 30 86 50 70 47 76 21 71 85 65 73 73 19 43 20 38 97 36 41 92 7 56 13 91 6 17 53 28 60 95 95 42 32 96 11 31 24 83 53 60 100 
25 32 18 67 3 7 63 90 100 7 97 55 19 39 60 88 92 87 99 38 33 40 69 29 3 99 52 85 52 63 36 28 94 53 47 48 60 9 38 59 67 34 65 38 72 24 25 15 62 75 52 94 15 73 22 17 71 25 
53 74 87 89 54 32 93 100 80 4 60 17 14 27 2 78 64 25 53 40 40 66 14 43 60 80 15 33 96 38 58 1 11 96 89 16 28 33 15 59 89 75 27 2 53 80 32 68 4 36 59 95 2 72 38 61 52 4 
93 99 41 2 99 4 98 39 19 77 24 86 87 12 60 13 13 64 44 96 31 99 32 89 94 33 12 83 45 15 86 89 66 79 91 16 82 40 55 100 68 78 85 54 41 96 18 5 59 61 1 41 59 84 81 4 68 45 
38 12 11 76 100 76 54 42 92 35 81 98 86 48 27 71 53 67 18 70 71 29 30 23 69 41 6 2 44 25 46 82 36 8 9 88 84 62 29 27 96 62 76 81 9 2 3 14 20 73 83 42 1 65 65 21 5 22 
22 100 47 19 33 34 27 41 21 62 2 2 88 49 63 63 82 23 16 36 36 35 8 71 76 8 35 92 29 91 14 2 90 12 21 75 45 47 15 18 8 69 19 47 69 33 61 50 7 76 86 43 10 45 13 37 53 99 
29 33 89 42 34 30 5 54 56 49 52 71 18 11 91 88 9 59 20 69 61 27 44 98 21 5 42 85 42 94 83 22 78 23 15 12 4 19 17 60 19 69 82 37 31 72 24 40 82 96 8 42 22 4 39 42 60 81 
78 53 26 60 74 4 34 40 67 89 58 83 48 77 3 81 65 34 4 88 25 86 35 84 27 56 87 18 49 99 98 26 3 75 37 77 78 70 16 96 11 26 79 58 54 81 91 18 66 94 57 90 79 92 74 58 99 12 
75 100 10 24 25 13 98 62 41 28 83 8 23 45 85 53 3 38 34 45 7 51 38 16 41 17 59 66 74 57 77 100 56 39 23 33 3 20 46 95 47 80 54 22 25 39 74 79 28 59 23 35 10 60 50 2 76 8 
67 1 16 95 100 24 85 22 56 87 94 1 33 92 80 87 13 4 25 87 82 52 97 4 38 6 64 87 7 91 46 25 44 14 20 43 37 4 17 92 43 10 44 75 1 75 61 66 79 37 4 12 41 100 68 78 6 83 
17 64 25 62 41 68 27 12 11 63 15 79 6 9 88 1 36 40 76 48 5 54 85 8 17 25 8 36 2 65 18 18 28 43 32 68 62 10 79 24 73 46 2 30 6 41 31 41 81 6 89 37 11 25 45 79 49 4 
15 2 68 84 72 47 78 3 67 40 12 97 63 36 94 65 18 100 57 48 92 37 5 32 74 67 56 70 45 4 73 11 58 40 95 29 38 72 83 4 11 46 53 74 82 46 90 51 97 46 50 89 35 54 72 8 72 28 
0 1 0 0 0 1 1 0 1 0 1 1 0 0 1 0 1 0 1 0 0 0 1 1 0 1 0 1 0 1 0 0 0 1 0 0 0 1 0 0 0 0 1 0 0 0 0 1 0 1 1 0 1 0 1 1 0 1 
1 0 0 1 1 1 0 1 1 1 1 0 1 1 0 0 1 0 1 1 1 1 0 0 0 0 0 1 1 0 1 0 1 1 0 0 0 0 1 0 1 0 0 0 1 0 1 0 0 0 1 1 1 0 1 1 0 1 
1 1 0 0 0 1 1 0 1 0 0 0 0 0 1 0 0 0 0 1 1 0 1 0 1 1 0 0 0 0 1 1 0 1 1 0 0 1 0 1 1 0 0 1 0 1 1 1 1 1 0 0 1 0 1 0 1 1 
0 1 0 1 1 0 1 0 0 1 1 0 1 0 0 1 1 1 0 0 0 1 1 0 0 0 0 1 0 1 0 0 1 0 0 0 0 1 0 0 0 0 0 1 0 1 0 0 0 0 0 0 0 0 0 0 0 1 
1 1 0 1 1 1 0 1 1 0 0 0 1 1 0 1 0 0 0 1 0 0 1 1 0 1 1 1 1 1 0 0 0 0 0 0 0 0 1 1 0 0 1 1 1 1 1 1 0 1 0 0 0 0 1 0 1 0 
1 1 0 1 1 0 0 1 0 0 1 0 1 0 0 1 1 1 0 0 0 0 0 1 1 0 1 0 0 0 1 0 1 1 1 1 1 1 0 0 1 0 0 1 0 0 0 1 1 0 0 1 1 0 0 0 0 1 
0 0 0 1 0 1 0 0 0 0 1 1 0 1 1 0 0 1 0 0 0 1 0 0 0 1 0 1 1 0 0 0 1 0 1 1 0 0 1 0 0 1 1 0 0 0 0 0 1 0 0 0 1 0 0 1 0 1 
0 1 1 1 1 0 1 1 0 1 1 1 0 1 0 1 1 0 0 1 0 1 1 0 1 0 1 0 1 1 1 0 0 0 1 0 1 0 1 1 0 0 0 0 1 1 1 0 1 1 1 0 1 0 0 0 0 1 
0 1 0 1 1 1 0 0 1 1 1 0 0 1 0 0 1 1 1 0 1 1 0 0 1 1 0 1 1 0 1 0 1 1 1 1 0 1 1 1 0 0 1 0 1 1 1 0 0 0 1 1 1 1 1 0 0 1 
0 1 1 1 1 1 0 1 0 1 0 1 0 1 0 0 1 1 1 0 0 0 1 1 1 0 0 1 1 0 0 1 1 0 0 1 1 0 0 1 1 0 0 0 1 0 0 1 0 1 1 0 1 0 1 1 1 1 
0 0 1 0 1 0 0 1 1 1 1 1 0 1 0 1 1 1 1 1 0 1 0 0 1 0 0 0 1 1 1 1 1 0 1 0 1 0 1 0 1 1 0 0 0 0 1 1 1 0 0 0 0 0 0 1 0 0 
0 1 0 1 0 1 0 0 0 1 0 1 1 1 0 1 1 0 1 0 1 1 1 1 1 1 0 1 0 0 1 0 0 1 0 0 1 0 0 1 1 0 0 0 0 1 0 1 1 1 0 1 0 1 0 1 0 0 
0 0 1 0 1 1 1 1 1 0 1 0 1 0 0 0 0 0 1 0 0 0 0 0 1 0 1 0 0 1 0 0 1 1 0 0 0 0 1 0 0 0 0 0 0 0 0 1 1 1 1 1 1 1 1 1 0 0 
1 0 1 1 0 0 1 1 1 1 1 0 1 1 1 1 1 1 0 1 0 1 0 0 0 0 1 1 1 1 1 0 1 0 1 0 0 0 1 1 0 0 0 1 1 1 1 1 0 1 0 1 0 1 1 0 1 0 
1 0 0 0 0 1 0 1 1 0 0 0 0 0 0 0 1 0 1 0 1 1 1 1 0 1 0 1 1 1 0 0 1 0 0 1 1 0 1 1 1 1 1 1 1 0 1 0 0 0 1 1 1 0 0 0 0 1 
1 1 0 1 0 0 1 0 1 1 1 0 0 0 1 1 1 0 1 0 1 1 0 0 0 1 0 1 1 0 0 1 0 0 0 0 0 0 0 0 1 1 0 1 1 0 0 0 0 0 0 1 1 0 1 0 0 0 
1 1 0 1 0 0 1 1 0 0 1 1 0 0 0 0 1 0 0 1 0 1 1 1 0 1 1 0 1 1 0 0 1 0 1 1 1 0 0 1 0 1 0 0 1 1 1 0 1 1 0 1 0 1 0 1 0 0 
1 1 1 1 1 0 1 0 0 0 1 0 0 1 0 0 0 1 1 1 0 0 0 0 0 1 1 0 0 0 0 1 1 0 0 1 0 1 1 0 0 0 1 0 0 1 0 0 0 0 1 0 0 1 0 0 0 0 
1 0 0 1 1 1 1 1 0 0 1 0 0 1 0 1 1 0 0 1 0 1 1 1 1 0 1 0 0 1 0 1 0 0 1 1 1 0 1 0 0 0 0 1 1 0 0 0 1 1 1 1 0 1 1 1 1 0 
1 1 1 1 1 1 1 0 1 1 0 0 1 1 0 1 0 1 1 0 1 0 1 0 0 1 1 1 1 0 1 0 0 0 0 1 0 1 1 1 0 1 1 1 0 1 0 0 0 0 1 1 0 0 1 0 0 1 
1 1 1 0 1 1 1 1 0 1 1 1 0 1 1 1 1 1 0 1 0 0 1 1 1 0 1 0 0 1 1 0 0 1 0 0 0 1 1 1 0 0 0 0 0 1 1 1 1 1 0 1 1 0 0 0 0 1 
1 0 1 0 0 1 1 1 1 0 0 1 1 1 1 1 1 1 1 1 0 0 0 1 1 0 1 1 0 1 0 1 1 1 0 0 1 1 1 0 1 1 1 0 0 1 0 0 0 1 1 1 1 1 0 0 1 1 
1 0 0 1 1 1 1 1 1 0 1 0 0 0 0 0 1 0 1 1 0 1 0 1 0 1 1 0 1 0 1 0 0 1 1 0 1 0 1 0 0 0 1 1 1 1 1 0 1 0 1 0 1 1 1 0 0 0 
0 1 1 0 1 1 1 0 1 0 1 1 1 1 1 0 0 0 1 1 0 0 1 1 0 1 0 0 1 0 0 1 1 1 1 0 1 1 1 0 1 0 1 0 1 1 0 0 1 1 1 0 0 1 1 0 0 0 
0 1 0 1 0 0 0 0 0 1 1 1 0 0 1 1 1 1 0 1 1 0 1 0 0 1 1 1 1 1 1 0 0 0 1 1 0 1 1 0 1 0 0 1 0 1 0 1 0 1 1 1 1 0 0 1 1 1 
0 0 1 0 0 1 0 1 0 0 1 1 0 0 1 0 1 0 0 1 1 0 0 0 0 1 0 0 0 1 1 1 0 0 1 0 0 1 0 0 1 1 0 1 1 1 0 0 1 0 1 1 0 0 1 0 1 0 
0 0 1 0 1 1 0 0 0 0 1 0 1 0 1 1 1 0 0 1 0 0 1 1 1 0 1 0 0 1 0 1 1 0 1 0 1 1 0 1 0 1 1 1 1 0 0 0 0 0 0 0 0 1 0 1 1 1 
0 0 0 0 1 1 0 0 1 0 1 1 1 1 0 1 0 1 1 0 0 0 1 0 0 1 1 0 1 1 0 1 1 0 1 0 0 0 0 1 0 1 1 1 1 1 0 1 1 0 0 1 0 1 1 0 0 0 
1 1 1 1 0 0 1 0 0 1 0 0 1 0 0 0 1 1 1 0 0 0 0 0 1 0 1 0 0 0 1 1 1 0 0 0 1 0 0 1 1 0 0 0 0 0 0 1 1 0 1 1 0 1 0 0 1 1 
0 0 1 1 1 1 0 0 1 1 0 1 0 1 1 0 0 1 0 0 0 1 0 0 1 1 1 1 1 1 0 1 1 0 1 0 1 1 0 0 0 0 1 0 0 0 1 0 1 1 0 1 1 1 1 0 0 1 
1 1 0 1 0 1 1 1 1 0 0 0 0 0 0 1 1 0 1 0 0 0 1 1 0 0 0 1 0 0 0 1 1 0 1 1 1 0 1 1 1 1 1 1 0 1 1 1 0 0 1 0 1 0 1 1 1 1 
0 1 1 1 1 0 1 0 0 1 0 1 0 1 0 1 1 0 0 0 1 0 0 0 1 1 1 0 0 0 0 1 1 1 0 0 0 1 0 0 0 1 1 0 0 1 1 1 0 0 1 1 0 0 0 1 1 1 
0 0 1 0 1 0 1 1 1 1 0 1 1 1 0 0 1 1 0 1 0 0 1 0 1 1 0 1 1 1 0 1 1 1 1 0 0 0 1 1 0 0 0 1 1 1 0 0 0 0 1 0 0 0 0 1 0 0 
1 1 0 1 0 1 1 1 0 1 1 1 0 1 1 0 1 0 1 1 1 1 1 0 0 1 1 0 0 1 1 1 0 1 1 0 0 0 1 0 1 0 0 1 0 1 1 1 0 1 0 1 0 1 1 0 0 0 
1 0 1 0 0 1 1 1 1 1 1 0 0 0 1 0 1 1 1 0 0 1 1 0 0 0 1 0 0 1 0 1 1 0 1 1 1 0 0 1 0 1 1 0 1 0 0 0 1 1 1 1 1 0 1 1 0 0 
1 1 1 0 0 1 0 0 0 1 0 1 0 0 0 0 0 0 0 0 0 0 0 1 1 1 0 1 0 0 1 0 1 1 0 0 0 0 0 0 1 0 1 0 1 0 0 1 0 0 0 0 0 0 0 0 1 0 
1 1 0 0 1 0 1 1 0 1 1 0 0 1 0 1 1 1 1 1 1 1 1 1 0 0 1 0 0 0 0 1 1 0 1 1 0 1 0 0 0 0 0 0 1 1 0 0 0 1 1 1 1 0 0 1 0 1 
1 0 1 1 1 1 1 1 0 0 0 0 0 0 0 1 1 1 0 1 1 0 0 0 0 1 1 0 0 1 0 1 0 1 0 1 0 0 0 0 0 0 1 0 1 1 1 0 1 1 1 0 0 1 1 0 1 0 
0 1 1 0 1 1 0 1 1 0 1 1 1 1 0 0 0 1 1 1 1 0 1 0 1 1 1 0 1 0 0 1 0 1 0 1 1 0 0 0 0 0 1 1 1 1 1 1 0 1 1 1 1 0 1 0 1 1 
0 0 1 0 1 1 0 1 0 1 1 1 1 0 1 0 1 0 0 1 0 0 0 1 0 1 1 1 0 0 0 0 0 0 1 1 1 1 1 0 0 0 1 1 0 0 1 0 0 1 1 0 0 1 1 0 0 0 
1 0 0 0 1 0 0 0 0 1 1 1 1 1 1 0 0 0 0 1 0 1 1 1 1 1 0 1 1 0 1 0 1 0 0 0 0 0 0 0 0 1 1 1 0 1 0 0 1 0 1 1 1 0 0 1 1 0 
0 0 0 1 1 1 1 1 1 0 0 1 0 0 0 0 1 0 1 1 0 0 0 0 1 1 0 1 0 0 1 0 0 1 0 1 1 1 1 0 1 1 0 0 1 0 0 0 1 1 0 1 1 0 1 0 1 0 
1 0 0 0 0 0 1 0 0 0 0 1 1 1 0 1 1 1 1 1 1 0 0 1 0 1 1 1 1 1 1 0 1 1 0 1 0 0 0 0 0 0 1 1 1 1 0 1 0 0 0 1 0 1 1 0 0 0 
0 0 1 1 0 0 1 1 0 1 1 0 1 1 0 0 1 1 1 1 0 1 1 1 0 0 0 1 0 0 0 0 0 1 0 1 0 1 0 0 0 1 0 1 0 0 1 1 1 0 1 0 1 0 1 1 0 1 
