48 40 459
36 74 43 99 86 99 58 16 2 91 70 55 88 5 56 48 55 55 92 66 51 60 83 46 97 63 14 78 15 45 37 51 19 31 1 56 82 10 71 83 
100 92 37 87 48 44 87 3 98 30 68 1 90 2 46 86 16 11 15 82 55 51 84 25 82 36 81 63 45 51 97 97 95 85 35 42 28 21 44 26 
51 63 78 92 16 75 29 83 37 43 65 91 46 100 16 79 36 48 93 32 50 89 28 44 73 63 86 100 35 81 77 37 96 6 28 63 80 56 46 16 
51 62 59 96 61 26 74 48 73 66 80 22 6 7 18 78 21 55 29 56 35 6 92 82 11 72 45 43 79 42 10 29 55 20 76 15 45 49 15 69 
66 94 43 23 100 60 100 73 66 81 28 52 86 71 34 48 94 30 42 73 71 4 1 25 75 29 91 20 29 5 40 95 50 34 69 2 93 21 74 10 
1 53 62 38 75 95 37 69 24 31 41 46 34 93 22 8 21 64 79 50 21 71 96 70 4 64 71 49 84 44 58 84 48 19 73 23 65 10 91 40 
40 31 37 25 23 58 84 96 74 63 45 94 85 40 15 88 3 86 36 39 81 46 74 29 64 47 3 81 8 93 20 47 23 57 71 97 66 54 92 39 
68 88 32 52 27 47 92 82 84 79 20 64 24 45 44 40 91 46 20 98 90 91 96 64 47 18 61 13 24 4 51 91 92 35 95 70 33 38 51 16 
16 22 31 92 67 27 83 9 24 2 7 14 92 54 77 91 72 89 3 95 93 5 37 36 39 83 5 71 20 8 38 36 29 69 79 47 47 61 56 70 
14 14 83 5 67 60 47 90 48 49 84 92 54 73 27 44 55 84 67 75 91 4 62 19 24 40 66 70 100 21 92 13 86 74 69 52 85 16 42 85 
16 77 28 21 49 55 65 4 90 31 30 80 86 91 98 10 30 15 31 81 87 74 93 72 48 13 76 84 28 69 20 96 45 48 16 46 54 32 49 43 
14 30 22 100 20 71 61 1 86 43 81 72 17 25 96 16 37 71 99 17 39 71 12 35 18 27 80 71 11 80 65 24 9 86 23 28 56 83 80 93 
78 60 17 94 84 12 9 21 82 59 37 72 29 100 6 98 78 38 68 88 17 84 12 26 69 86 5 77 21 85 69 98 96 85 91 80 96 51 52 29 
9 40 52 90 39 10 87 68 47 7 56 15 90 19 92 11 4 97 87 24 33 55 21 28 92 63 59 87 65 62 68 74 1 71 15 91 80 53 59 26 
59 66 93 1 84 84 11 39 32 97 63 64 3 35 44 94 50 54 33 14 16 52 39 68 22 53 11 2 58 21 79 68 86 71 68 21 7 30 11 38 
78 73 54 81 60 49 26 61 2 10 74 69 61 65 89 83 69 51 36 26 71 14 94 8 37 61 80 43 43 90 32 20 63 85 52 74 33 78 34 87 
87 59 7 100 23 95 82 92 45 17 17 67 82 62 74 70 75 53 64 17 43 96 36 57 80 40 82 65 17 67 51 55 25 57 54 48 4 87 91 100 
55 7 67 89 21 92 58 95 45 74 11 39 69 98 47 100 37 28 64 5 94 66 12 70 75 17 17 30 4 59 29 58 66 47 98 38 39 56 32 83 
81 42 73 1 91 71 100 28 98 16 84 43 81 95 64 7 12 81 36 15 91 65 24 8 63 22 45 1 29 76 35 9 69 7 61 60 77 60 87 26 
27 70 20 60 17 84 66 28 16 54 94 6 70 69 14 32 90 58 33 70 34 67 30 2 26 90 13 54 2 99 80 28 21 51 87 89 86 5 16 1 
58 61 59 27 29 72 58 71 81 90 40 66 9 22 20 34 63 32 87 64 31 18 92 3 21 30 91 6 34 58 7 91 70 17 17 98 40 27 68 20 
16 60 86 24 33 5 9 95 36 48 59 18 65 2 72 37 31 14 43 17 23 1 7 92 17 76 90 56 2 9 27 69 20 12 45 52 68 53 99 56 
52 57 25 69 10 97 5 92 62 47 8 85 47 15 76 15 42 17 22 95 78 49 63 97 60 59 1 80 64 51 35 15 59 59 83 68 7 88 59 69 
86 67 53 33 33 80 99 26 97 21 20 74 69 34 22 80 93 74 11 56 24 45 22 82 56 5 1 62 44 60 30 29 78 34 13 62 14 12 87 62 
84 58 35 4 91 8 35 83 82 46 90 57 42 64 91 97 68 91 11 63 2 92 91 31 78 56 44 91 67 30 52 2 87 38 57 30 97 91 12 30 
88 54 87 30 17 29 78 36 71 88 50 25 32 92 55 9 47 99 51 65 80 2 66 19 91 22 48 87 65 11 17 52 64 55 33 32 83 11 19 5 
50 20 29 33 12 36 41 58 86 91 23 65 44 40 83 86 62 82 73 78 93 41 81 8 47 14 92 81 76 62 85 77 82 14 62 93 1 2 2 86 
45 24 50 88 64 85 74 77 66 98 54 10 38 86 18 36 51 61 16 78 22 52 7 3 65 68 47 65 69 49 2 13 24 52 53 87 88 26 15 5 
75 20 15 12 6 84 99 56 44 14 86 17 65 92 72 82 59 18 98 27 18 100 92 42 3 44 80 90 21 95 46 95 14 12 58 71 95 56 27 90 
21 12 7 85 3 30 18 13 47 68 39 17 67 30 10 69 25 89 10 45 35 7 39 49 19 48 19 65 3 97 55 23 60 13 60 14 42 29 26 40 
96 17 8 62 98 17 82 23 6 43 19 92 50 10 92 20 57 63 84 12 59 38 86 71 2 45 36 95 74 14 35 21 30 42 35 79 59 68 53 16 
11 72 59 12 33 51 31 41 13 14 52 23 4 38 93 57 34 81 52 59 94 86 80 75 79 14 53 89 81 6 56 43 29 15 54 13 65 36 53 77 
2 5 99 57 94 44 13 27 76 64 86 69 1 17 95 80 30 99 20 62 56 76 5 36 90 10 48 54 98 1 30 99 57 80 7 50 23 19 28 50 
35 65 18 87 81 64 66 10 63 86 24 18 61 28 54 50 89 53 55 38 53 84 36 61 15 94 62 90 13 90 39 99 54 9 85 35 72 3 96 86 
40 19 56 52 98 61 1 39 13 7 76 18 42 64 78 56 57 92 45 21 33 36 19 86 44 56 72 67 58 20 53 97 90 8 48 88 20 100 26 32 
6 1 1 99 16 31 54 73 22 51 93 54 86 64 91 81 19 15 47 76 34 99 24 23 58 23 62 77 74 39 61 79 40 61 29 7 91 82 79 12 
32 72 17 69 87 8 49 5 22 96 32 7 46 7 81 4 29 43 32 2 81 92 32 72 5 60 79 47 93 57 59 77 80 27 45 66 86 46 22 59 
41 5 65 38 11 46 93 39 88 25 92 20 68 75 92 24 34 70 71 27 78 81 3 10 7 99 27 93 44 49 51 36 53 68 74 16 13 66 6 52 
42 98 71 62 72 14 85 58 35 55 84 13 87 38 74 94 36 100 38 32 100 40 67 53 7 40 20 71 58 25 22 99 22 45 12 46 58 97 3 93 
3 38 57 90 75 30 35 62 81 72 93 81 63 60 85 70 51 4 40 60 28 62 11 2 6 22 47 15 70 1 7 73 38 63 14 64 44 48 25 25 
71 70 5 33 81 41 54 31 44 94 43 23 7 53 24 64 74 22 78 96 74 85 20 11 99 33 74 95 32 51 19 54 20 75 86 100 67 40 82 10 
85 24 84 91 76 60 54 2 33 31 49 7 67 68 17 66 100 43 60 83 45 30 36 64 56 73 15 22 12 96 83 48 72 66 38 99 77 43 100 10 
74 100 16 40 67 84 57 18 78 68 100 22 49 35 85 4 8 51 77 71 47 11 19 18 77 8 16 53 51 68 62 76 67 29 67 86 13 24 3 90 
43 3 12 44 89 48 99 48 99 76 71 97 86 41 66 14 48 33 19 50 52 32 25 71 61 92 56 25 67 58 14 61 12 77 4 53 77 3 100 27 
30 22 23 15 62 40 81 62 72 99 11 24 82 36 94 42 79 1 66 45 58 32 57 22 60 61 74 36 63 25 62 44 47 36 58 60 75 90 21 99 
88 84 22 70 19 67 63 49 67 81 45 76 12 1 49 71 61 74 59 75 99 72 18 97 60 28 8 34 17 29 84 57 12 57 78 82 23 92 82 41 
72 26 17 35 26 17 58 39 91 68 65 89 39 35 37 98 14 96 84 82 24 67 90 87 24 19 20 98 11 1 39 34 78 7 21 56 23 78 46 65 
97 10 5 35 96 41 85 9 37 68 91 12 86 80 51 61 99 22 59 61 75 49 46 52 7 66 59 81 95 4 46 91 14 50 78 61 43 62 70 31 
0 1 1 1 0 1 0 0 1 0 0 1 0 0 0 0 1 1 0 0 0 1 0 1 1 1 0 1 0 1 1 0 0 0 0 0 0 0 1 1 
0 1 0 0 1 0 0 1 1 0 1 0 0 1 1 1 1 1 0 1 0 1 0 0 1 0 1 1 0 0 0 0 1 0 0 1 1 0 0 0 
0 1 0 0 0 0 1 1 1 1 1 0 0 1 0 0 1 1 1 1 1 0 1 1 0 1 0 1 1 0 0 1 1 0 0 1 0 1 1 0 
1 0 0 1 1 0 1 0 0 1 1 1 1 0 0 1 1 0 1 0 0 1 1 1 1 1 1 0 1 0 0 0 0 0 1 1 0 1 1 0 
0 0 0 1 0 0 0 1 1 1 1 1 0 0 1 0 0 0 0 1 0 0 1 0 0 0 1 0 1 0 1 1 0 1 0 0 1 1 1 0 
0 0 0 1 0 1 1 0 1 1 1 1 1 0 1 1 1 0 1 0 0 0 0 0 1 0 0 1 1 1 1 0 1 1 1 1 0 0 0 1 
1 1 0 0 0 1 1 1 1 0 1 1 1 1 1 0 0 1 1 1 0 1 1 1 0 0 1 1 0 1 0 1 0 1 1 0 0 0 1 0 
1 1 1 0 0 1 0 0 0 0 0 1 1 1 0 1 0 1 0 0 0 1 0 1 0 1 1 0 0 1 0 1 0 0 1 0 1 1 1 1 
1 1 0 0 0 1 0 0 0 0 1 1 1 1 0 1 0 1 0 0 0 0 1 0 0 0 1 1 0 0 1 1 1 1 0 1 0 0 0 1 
0 1 0 0 0 0 1 0 1 1 1 0 0 0 0 0 1 1 0 1 1 1 0 0 0 0 0 1 0 0 0 1 1 0 1 1 0 0 1 1 
0 0 1 0 1 0 0 0 1 0 1 1 1 1 1 0 0 1 1 0 1 1 1 0 1 0 1 1 1 1 0 1 1 0 1 0 0 1 0 1 
0 1 0 1 1 0 1 1 1 0 1 1 1 1 1 0 1 1 1 0 0 0 1 1 0 0 0 0 0 0 1 0 0 0 1 1 0 1 0 1 
1 1 0 1 0 0 1 0 1 1 0 1 1 0 0 1 0 0 1 0 1 0 0 1 0 0 0 0 1 0 0 0 1 0 1 0 0 1 0 1 
0 0 0 1 0 1 0 1 1 1 1 0 1 0 1 0 0 1 0 1 1 0 1 1 1 1 1 1 0 1 1 0 1 1 1 0 0 1 1 0 
0 0 0 1 0 0 1 0 1 0 1 1 0 1 0 1 0 1 1 0 0 0 0 1 1 1 1 0 0 0 0 0 1 0 1 1 0 1 0 0 
1 1 1 1 0 1 1 0 0 0 0 0 0 0 1 1 1 1 1 1 1 1 1 0 0 1 0 0 0 0 0 1 1 1 0 0 0 1 0 0 
1 1 0 1 1 0 1 1 1 0 0 0 0 0 1 0 1 1 0 1 1 1 0 0 0 0 0 1 0 1 1 1 0 0 1 1 0 0 0 1 
0 1 1 0 1 0 0 0 1 1 1 0 0 1 1 0 1 1 1 1 0 1 1 0 1 0 0 1 0 0 0 0 1 1 1 0 0 1 0 1 
0 1 0 0 0 1 1 0 0 0 1 1 1 0 1 0 0 1 1 0 0 1 1 1 1 0 0 1 1 0 0 0 0 0 0 0 1 1 0 0 
0 0 1 1 0 0 0 1 0 1 1 0 1 0 1 0 0 1 1 0 0 1 0 0 0 0 0 1 0 1 1 0 1 0 1 1 1 1 0 1 
1 0 1 0 0 0 0 1 0 1 1 0 0 1 0 0 1 0 0 1 1 1 1 0 0 1 0 1 0 0 0 1 0 1 1 1 1 1 0 1 
0 1 1 1 0 1 1 1 0 1 1 1 1 0 0 1 1 0 0 0 0 0 1 1 1 1 0 0 0 0 0 1 1 1 0 1 1 1 0 1 
1 1 0 0 0 0 1 1 0 1 1 1 1 1 0 0 0 0 0 0 0 0 1 1 0 1 0 1 1 0 0 0 0 0 0 0 1 1 1 1 
0 1 0 1 0 0 1 0 0 1 0 0 0 0 1 0 1 1 1 0 0 1 0 0 1 0 0 0 1 1 0 1 0 0 0 0 1 1 0 1 
1 1 0 1 1 1 1 0 1 0 1 1 1 1 1 0 0 1 1 1 0 1 1 1 1 1 1 0 1 0 0 0 1 0 1 0 1 0 0 0 
0 1 1 1 1 0 1 1 1 0 0 0 1 1 1 1 1 0 1 0 0 1 0 1 1 1 1 1 1 0 1 1 1 1 0 0 1 1 1 1 
0 0 1 1 1 0 0 0 0 0 0 1 1 0 0 1 1 0 0 0 0 1 1 1 0 1 0 0 1 1 1 1 1 0 0 1 0 1 1 0 
1 0 1 0 0 0 1 0 0 1 0 0 1 0 1 1 1 1 1 0 1 0 1 0 0 0 1 0 1 1 1 0 1 0 0 1 0 0 1 0 
1 0 0 0 0 0 0 1 1 1 0 0 0 1 1 0 1 0 1 0 1 0 0 0 0 1 0 1 1 1 1 0 1 0 1 1 0 1 1 1 
0 1 0 0 0 1 1 0 1 0 0 1 0 1 1 0 0 1 1 1 1 1 1 0 1 0 0 1 1 1 0 0 0 0 0 0 1 1 0 1 
1 1 0 1 0 1 0 0 1 1 1 0 0 0 0 1 1 0 0 0 1 1 0 1 1 1 0 1 0 0 0 0 1 0 1 1 1 1 1 0 
1 0 0 1 1 1 1 0 1 1 0 1 0 1 0 0 0 0 1 0 1 1 0 0 1 0 0 0 1 1 1 0 0 1 0 1 0 1 1 0 
0 1 1 1 0 1 1 0 0 0 1 1 1 1 1 0 1 1 0 1 1 1 1 1 1 1 0 1 0 1 1 1 0 0 0 1 0 1 1 0 
1 0 1 0 0 0 0 1 0 0 0 1 0 0 0 1 1 0 0 0 1 0 1 1 0 1 0 0 0 0 0 1 0 1 1 0 0 1 0 0 
1 0 1 1 0 1 0 0 1 1 0 0 1 1 1 1 0 0 0 0 0 0 1 0 0 0 1 0 1 1 0 0 1 1 0 0 0 0 0 1 
1 0 1 0 1 0 0 1 0 0 1 0 0 0 1 0 0 0 0 1 1 0 1 0 1 1 0 1 0 0 0 1 0 1 0 1 0 0 0 0 
0 1 1 0 1 0 1 1 0 1 0 1 0 0 1 1 1 0 1 1 0 1 1 1 1 1 0 1 1 1 1 1 0 0 1 0 0 0 1 0 
0 0 1 0 0 1 1 1 1 0 1 1 0 0 0 1 1 1 0 0 0 1 1 0 0 0 0 0 1 0 1 1 0 0 1 0 1 0 1 0 
1 0 0 1 0 0 0 1 1 0 1 1 1 0 0 1 1 0 0 0 0 1 1 0 1 0 0 1 0 0 1 1 0 1 0 1 0 0 0 1 
0 0 1 0 0 1 1 1 1 1 1 0 0 0 0 0 0 1 1 1 1 0 0 1 0 1 0 0 1 1 1 0 1 0 0 1 1 1 1 1 
1 0 1 1 1 1 1 1 0 0 0 1 1 1 1 1 0 1 1 1 0 0 1 1 1 1 1 0 1 0 1 0 0 0 1 1 0 1 1 0 
1 1 0 0 0 1 1 0 0 0 0 1 1 1 0 0 1 1 0 0 1 0 0 0 0 1 1 0 0 0 1 0 0 1 0 0 0 0 1 0 
0 1 1 1 0 0 1 1 1 0 1 1 0 1 1 0 1 0 1 1 1 0 1 1 1 0 1 1 0 0 1 0 1 1 0 0 1 1 1 0 
1 1 1 1 0 0 0 1 1 1 1 0 1 0 1 0 0 0 1 0 1 0 1 0 1 1 0 0 0 0 1 0 1 0 1 1 1 1 1 0 
0 0 0 1 0 1 1 1 1 0 1 0 1 0 1 0 1 1 1 0 1 0 0 0 0 1 0 1 1 1 1 1 1 1 1 1 0 0 0 0 
1 0 0 0 0 1 0 0 1 1 0 0 1 0 1 0 1 1 1 0 0 1 0 1 0 1 0 1 1 1 1 0 1 1 0 1 1 1 1 0 
0 1 0 0 1 1 0 1 0 1 1 0 0 1 1 1 0 0 0 0 1 1 0 0 0 1 1 1 0 1 1 0 0 0 0 0 1 0 1 0 
0 0 0 0 0 0 1 0 0 1 0 1 0 1 1 1 0 0 0 0 1 0 0 0 0 1 0 1 1 1 1 1 1 0 0 1 0 1 0 0 
