63 54 632
51 74 87 58 5 64 31 16 8 47 20 81 87 93 9 90 80 6 50 78 51 86 57 68 84 53 96 10 93 7 43 43 80 81 1 36 45 83 52 4 30 23 85 68 16 45 58 47 51 7 24 53 44 33 
20 79 85 68 88 77 74 83 20 6 15 72 41 11 54 44 15 35 67 99 3 82 95 12 80 45 70 4 49 14 88 69 44 24 36 84 1 9 18 72 14 32 95 7 43 100 50 57 87 16 7 41 49 1 
52 81 98 21 36 46 86 23 14 30 46 1 13 98 62 82 21 27 13 15 33 55 67 35 63 53 2 69 93 51 22 44 83 71 16 18 16 2 40 82 83 37 34 47 35 95 28 7 22 40 74 54 47 40 
88 9 92 42 30 36 44 3 31 26 73 46 43 40 99 82 73 33 70 7 79 4 1 58 63 22 50 36 28 96 75 67 56 18 8 37 5 51 39 35 76 63 32 18 3 31 51 75 63 21 33 94 76 34 
51 38 7 100 73 86 47 99 53 55 68 12 91 72 15 82 58 90 44 90 60 98 72 62 25 34 82 9 79 10 42 82 47 1 81 72 86 80 22 90 34 90 2 24 61 68 57 71 57 53 60 68 2 31 
30 26 16 63 35 95 72 28 76 71 80 8 94 66 87 15 7 20 56 60 96 69 27 52 39 36 56 98 3 58 28 84 35 95 47 21 89 70 49 16 92 80 24 37 45 62 4 4 82 59 63 29 79 90 
32 17 77 88 66 79 45 45 15 79 40 13 100 80 34 100 96 26 79 19 14 76 80 17 79 13 28 93 41 6 34 73 75 10 12 92 41 56 37 55 34 76 67 33 55 100 84 2 77 63 20 43 38 52 
11 68 16 38 60 57 96 94 81 22 55 92 13 95 99 49 1 32 76 19 17 83 71 100 84 99 14 56 41 3 7 52 70 22 41 82 30 88 27 62 61 81 5 74 28 3 74 28 87 2 99 3 36 69 
54 19 67 20 26 8 22 84 11 92 6 3 25 87 91 51 1 51 83 5 76 10 8 2 90 46 3 88 48 90 8 53 8 74 72 86 33 46 69 95 89 26 98 13 13 40 63 13 42 97 69 18 7 28 
71 48 73 25 87 72 14 94 25 73 19 48 58 4 93 27 98 81 52 95 45 16 86 7 80 28 56 1 97 62 28 67 61 1 91 99 24 4 44 48 28 62 48 86 65 92 64 15 25 15 61 69 83 47 
28 14 74 83 14 70 96 94 88 56 94 78 54 17 33 97 17 60 10 16 97 27 7 60 41 83 27 53 52 61 99 79 74 24 13 40 45 8 33 32 15 26 61 20 94 45 16 62 5 77 29 53 55 36 
13 95 70 39 100 21 99 98 51 24 74 63 63 18 22 95 2 36 72 62 55 18 59 22 79 15 99 8 67 53 95 79 100 64 69 51 37 67 48 39 43 73 2 5 91 75 100 44 11 71 5 65 88 15 
87 19 29 37 78 96 41 72 74 92 87 95 42 75 13 42 14 55 14 67 60 56 41 11 99 51 81 56 68 21 70 54 91 99 42 68 94 34 39 19 26 77 13 19 52 26 60 17 80 26 83 91 81 23 
1 80 74 34 35 41 54 4 46 44 2 39 11 47 72 1 66 49 29 30 68 32 55 79 48 87 4 30 77 85 5 78 64 78 11 50 70 16 53 67 11 55 57 73 53 28 25 18 29 53 48 96 37 54 
26 84 92 82 66 69 66 70 98 81 99 60 30 20 27 82 38 37 88 94 61 41 21 85 10 49 89 9 96 25 15 74 61 6 55 26 26 72 47 75 4 45 86 33 16 12 66 53 100 6 46 12 98 18 
96 59 19 37 68 66 13 34 39 73 91 45 50 17 16 96 43 19 92 29 3 7 92 69 11 44 26 56 55 23 74 51 33 92 39 52 57 51 85 48 24 76 92 25 44 8 21 86 78 64 66 81 23 58 
1 33 1 78 89 55 52 14 57 84 5 95 36 13 98 72 60 21 47 52 45 42 11 17 28 40 33 93 72 55 2 72 87 54 1 27 61 52 40 17 88 96 64 23 9 61 94 20 33 93 71 29 34 33 
46 13 25 78 58 96 84 59 20 22 13 20 49 73 72 40 41 59 36 56 33 96 68 78 15 100 22 38 81 8 70 26 20 94 55 77 42 90 88 61 11 52 80 11 24 3 51 16 13 86 24 97 33 91 
75 47 43 48 84 23 55 6 100 27 51 54 55 92 95 42 52 5 93 84 16 68 86 18 36 51 55 59 47 87 49 73 33 43 21 17 65 27 22 64 53 72 69 8 16 63 1 67 68 46 2 35 65 88 
52 100 90 6 10 88 92 11 13 76 53 85 92 18 11 65 81 64 89 50 23 4 12 23 22 31 20 24 17 85 63 68 84 52 25 94 91 68 4 3 44 56 87 87 25 98 52 6 13 40 55 87 95 18 
61 68 49 81 91 65 65 53 85 100 56 61 45 47 29 100 1 24 8 88 10 32 37 61 37 1 52 43 87 98 13 47 66 61 27 56 77 43 61 13 43 16 74 39 14 54 39 15 77 46 54 86 77 90 
99 66 90 50 60 76 48 72 74 13 84 53 20 13 95 80 25 89 48 50 28 13 55 66 79 31 63 32 69 91 73 67 56 62 68 68 89 15 39 15 79 23 67 51 35 13 82 11 2 81 13 81 94 67 
46 72 50 60 56 18 50 28 36 58 42 3 25 82 70 63 96 100 37 14 50 23 27 84 34 80 64 98 60 57 16 57 81 65 16 36 34 65 15 69 22 56 72 46 38 93 61 85 92 97 99 94 20 25 
77 5 56 40 54 15 97 69 71 29 34 38 64 19 2 78 88 76 86 11 21 75 55 33 59 46 30 57 39 1 33 67 57 88 7 10 54 55 30 24 83 63 13 98 34 15 27 73 90 12 83 62 86 37 
95 45 34 76 53 25 28 38 91 84 25 97 45 31 3 74 6 85 89 19 82 22 33 9 94 74 72 28 87 58 16 33 54 1 8 58 25 35 95 16 70 72 64 14 2 19 88 7 3 28 25 37 49 9 
97 94 34 68 21 21 77 88 53 82 88 13 40 13 99 34 80 69 5 95 34 58 13 21 65 68 48 41 4 48 2 52 41 35 71 13 7 100 100 60 81 88 24 20 52 22 6 31 90 62 77 24 20 90 
96 36 57 96 28 12 43 29 15 36 16 85 48 22 84 48 33 65 35 56 36 38 78 93 68 19 55 96 94 26 85 42 61 93 37 40 56 31 69 70 66 84 55 66 5 90 13 38 6 99 45 42 36 22 
86 55 93 92 50 38 17 87 79 29 31 67 69 39 50 89 8 67 72 14 32 28 56 96 17 61 94 62 54 81 35 40 87 79 31 89 17 100 27 95 28 9 14 48 47 63 36 7 29 59 72 61 39 27 
8 55 88 54 68 41 34 3 32 73 33 15 61 49 14 39 96 93 47 9 41 94 23 28 52 51 87 23 63 25 50 71 31 37 24 99 29 9 53 13 33 85 27 45 34 40 83 81 32 30 89 24 75 11 
52 26 13 38 100 76 14 49 98 44 37 73 42 66 33 46 30 66 31 56 10 16 47 93 96 78 74 36 54 100 98 5 77 10 94 76 37 7 77 86 50 13 58 44 30 91 41 59 8 71 14 17 38 60 
61 85 90 86 20 43 85 69 99 13 79 92 89 67 50 65 5 99 29 62 94 59 4 35 17 63 57 31 80 47 42 40 31 83 26 3 25 62 71 75 75 1 66 15 68 15 31 24 66 59 37 11 17 93 
97 86 55 6 68 34 52 9 26 82 44 3 84 20 64 55 95 90 7 12 56 26 27 86 49 44 97 86 6 65 78 3 50 32 60 69 18 11 30 43 44 73 45 28 92 60 34 86 2 92 98 57 18 76 
95 66 71 43 51 28 7 80 82 9 12 41 29 29 51 58 23 47 30 67 26 74 78 59 11 31 50 60 40 19 35 86 85 57 28 87 85 86 67 66 46 78 59 75 58 61 84 80 7 66 98 32 39 27 
42 49 58 44 9 97 62 95 82 46 4 61 85 40 46 51 57 44 80 15 18 37 76 53 68 82 18 65 14 56 91 7 57 48 50 17 96 12 63 29 9 66 89 93 5 87 95 14 30 26 28 99 14 3 
51 81 37 69 45 2 24 88 8 32 87 58 48 83 21 11 63 81 28 52 26 85 38 20 98 67 98 77 65 11 32 15 92 68 35 88 21 11 27 80 42 14 89 42 48 9 52 10 90 31 13 15 67 50 
86 64 68 83 41 84 94 24 51 37 91 85 76 63 95 3 42 89 16 31 30 15 39 33 24 80 63 37 46 30 38 32 45 58 66 37 93 11 60 43 47 2 80 75 64 26 77 58 14 44 88 95 58 78 
27 33 10 42 21 55 23 11 38 19 68 4 56 12 14 67 55 13 69 86 39 84 63 15 41 29 10 80 23 19 10 2 51 19 43 24 73 17 34 11 35 53 66 90 64 31 57 70 95 77 7 33 12 70 
99 53 98 8 84 20 26 93 73 29 11 15 52 36 83 37 46 18 89 63 7 4 45 15 26 40 43 32 24 55 1 23 59 98 82 42 70 60 35 42 88 97 9 91 32 91 27 29 60 67 91 19 70 36 
33 95 27 28 79 50 82 79 24 92 29 6 33 50 17 19 43 4 16 51 46 47 94 72 76 53 90 18 71 11 5 56 58 31 83 36 33 16 14 56 7 94 13 91 43 29 10 86 84 25 88 29 23 33 
52 98 86 41 68 8 52 72 15 9 3 49 96 35 64 61 42 22 55 55 65 49 83 74 34 19 50 74 47 72 6 99 22 43 39 89 51 42 60 17 2 14 66 97 48 81 58 42 3 12 96 67 60 30 
92 46 48 41 19 95 64 76 45 85 19 83 25 21 77 85 37 78 50 2 75 98 83 84 39 37 47 86 55 58 67 98 3 15 90 73 61 53 1 5 90 19 39 14 91 15 50 27 45 100 81 71 49 15 
54 39 3 100 24 9 57 42 6 12 56 95 84 68 47 36 72 88 54 63 2 96 29 3 75 73 2 7 43 2 21 48 40 75 47 15 83 4 57 88 15 64 82 50 32 80 86 55 68 91 17 21 87 98 
23 13 70 77 19 65 78 39 12 18 13 11 84 47 14 92 34 80 56 67 81 87 46 66 93 13 9 10 85 47 59 8 59 80 84 77 44 61 67 8 30 79 18 66 77 83 57 10 62 64 76 94 2 73 
60 95 38 20 56 22 66 14 29 24 93 64 100 37 77 18 96 58 48 65 23 24 47 32 33 60 95 60 53 97 32 64 43 69 35 98 91 100 11 71 75 3 35 26 91 63 43 38 20 90 2 95 13 48 
26 97 59 72 56 64 20 88 79 62 8 14 11 50 13 21 73 40 24 59 65 66 21 60 4 40 49 5 86 62 5 63 10 15 35 66 78 6 5 9 20 64 22 30 14 86 51 86 25 26 44 42 91 16 
1 46 55 49 51 93 62 7 55 72 21 89 89 51 47 93 59 66 56 80 95 21 65 97 58 42 22 53 83 65 68 35 10 75 83 12 67 97 18 21 20 39 62 8 89 8 100 47 25 7 78 71 28 94 
68 37 87 41 90 69 5 57 55 67 31 38 78 97 86 96 70 5 34 31 12 74 90 63 72 14 69 1 84 48 94 3 85 81 44 74 1 100 82 56 66 13 45 44 61 30 39 30 86 24 60 97 49 49 
59 72 14 79 72 98 27 65 52 63 97 95 88 50 95 69 57 12 81 1 55 42 82 45 71 67 68 83 63 16 31 73 87 97 51 10 94 29 27 97 91 23 92 78 24 38 47 80 49 79 32 4 20 13 
48 43 79 68 25 93 35 7 17 74 3 68 83 48 96 9 45 39 84 88 68 59 25 14 39 25 45 70 80 16 35 80 58 65 47 34 58 33 41 74 6 95 93 41 43 41 1 39 79 36 26 46 95 2 
12 33 26 56 54 58 71 88 37 81 53 35 14 62 19 6 87 25 1 80 17 95 20 17 33 50 53 58 47 99 11 10 83 88 17 36 45 40 76 33 20 80 67 85 93 86 91 79 62 43 10 30 37 81 
98 21 30 2 78 29 100 40 90 82 27 7 70 72 46 97 56 17 28 23 1 20 60 43 50 73 37 60 54 73 40 51 93 22 53 22 50 4 61 91 86 40 97 7 11 94 55 18 10 82 40 63 1 51 
5 50 75 42 61 28 66 1 31 11 22 35 32 23 38 45 13 75 84 62 81 46 55 35 63 17 68 55 79 20 57 35 22 84 28 82 63 94 82 93 56 55 27 39 29 65 83 94 39 18 55 72 15 61 
58 30 77 26 84 55 97 92 42 18 75 69 100 38 14 33 82 69 40 61 8 68 77 42 13 67 12 19 38 26 80 48 55 8 25 90 15 21 82 56 39 8 76 38 97 90 22 79 10 61 39 69 81 67 
63 93 33 74 12 71 99 43 18 6 2 94 95 16 14 76 71 52 36 99 41 32 88 63 62 49 23 52 18 55 18 80 48 51 5 11 21 3 5 90 8 6 83 55 74 96 82 44 100 17 42 40 49 81 
2 10 30 77 62 99 83 79 30 82 29 34 44 1 88 48 42 48 6 76 2 79 24 83 74 23 100 68 14 100 100 68 9 29 44 22 79 78 53 60 60 33 93 3 34 33 3 27 80 8 3 33 38 26 
15 11 100 66 30 13 17 30 80 26 10 75 99 89 53 51 48 12 84 93 66 69 25 68 95 56 75 49 88 64 74 54 75 73 72 4 38 88 33 17 65 95 92 64 83 96 66 82 7 49 26 72 69 50 
40 64 57 66 12 96 82 38 50 56 62 21 11 99 60 96 68 25 90 59 88 24 54 5 57 12 6 83 35 74 84 26 37 41 44 1 36 25 90 37 80 51 9 42 2 69 89 69 93 30 79 32 53 84 
36 10 47 41 44 81 15 27 7 3 19 50 55 55 74 44 91 5 47 100 98 48 20 87 68 12 68 46 43 73 81 30 34 27 71 77 7 85 3 65 39 22 66 94 28 39 89 70 95 35 21 93 82 40 
31 49 51 98 46 45 70 26 75 3 52 45 79 11 81 34 27 71 7 93 16 34 31 5 55 78 39 76 70 73 67 52 73 70 49 71 14 71 96 40 73 100 84 4 62 16 89 88 39 95 80 54 80 63 
58 34 40 49 61 61 21 28 12 45 97 12 15 62 82 63 2 7 62 37 62 75 53 50 62 91 96 94 96 27 56 54 60 47 2 73 7 74 52 18 70 100 29 85 61 63 47 62 21 60 99 82 86 3 
83 47 45 78 92 40 4 47 45 15 93 98 39 51 23 90 68 93 89 49 29 2 63 75 15 83 86 13 16 71 67 98 69 63 27 61 55 82 59 51 96 4 49 87 54 23 28 74 67 69 74 95 70 36 
69 84 70 6 49 85 28 67 82 97 30 8 9 36 89 67 86 36 70 86 22 24 61 2 97 27 70 70 22 39 57 42 74 26 48 22 10 75 89 43 23 70 50 31 5 90 98 42 25 67 80 99 42 40 
100 90 66 69 11 87 59 67 29 32 44 28 6 5 54 46 47 77 67 48 7 23 37 56 64 62 75 95 12 68 34 63 58 100 83 68 38 41 87 66 24 30 45 81 87 99 78 33 27 44 81 85 66 17 
0 1 1 0 1 0 1 1 0 0 0 0 0 1 0 0 1 0 1 1 0 1 1 0 0 1 1 0 0 1 0 0 0 0 0 1 0 1 0 1 0 0 1 0 0 0 0 1 0 1 0 0 1 0 
0 1 1 0 1 1 1 1 1 1 1 1 0 0 1 1 1 1 1 0 1 1 0 1 0 0 0 1 1 1 1 1 0 0 1 1 0 0 1 1 1 0 1 0 0 0 1 1 1 0 0 0 0 0 
1 0 1 1 1 0 1 0 1 1 1 1 1 1 1 0 0 1 0 1 1 1 1 0 0 0 0 0 0 0 1 1 1 0 1 0 0 0 1 1 1 0 0 0 1 0 0 1 1 1 1 0 0 0 
0 0 1 0 1 1 1 0 1 0 0 0 0 0 0 1 1 1 1 0 0 0 0 0 0 1 1 1 1 1 1 1 0 0 1 1 0 0 1 1 0 1 1 1 1 1 0 0 0 0 0 0 0 0 
1 0 1 0 1 0 0 1 1 0 1 1 1 1 1 0 0 0 1 1 1 0 0 1 0 1 1 1 1 0 1 0 0 1 1 0 1 1 1 1 1 0 0 0 0 1 0 0 1 1 0 0 1 0 
0 1 1 1 0 1 1 0 1 0 1 0 0 0 1 1 1 0 1 1 0 1 1 0 0 0 1 0 1 0 0 1 0 0 0 0 1 0 0 0 0 1 1 0 0 0 1 1 1 0 1 1 0 0 
0 0 0 1 0 1 0 0 0 0 0 1 0 1 1 1 0 1 0 1 1 0 1 0 0 0 0 1 0 0 1 0 0 1 1 0 1 1 1 1 1 1 0 0 1 1 1 1 0 1 0 1 0 1 
1 0 0 0 1 0 0 0 0 1 1 1 1 0 1 0 0 0 0 0 0 1 0 1 0 0 1 0 0 1 1 1 1 1 1 0 1 0 0 1 1 1 1 0 0 0 1 0 0 1 0 1 0 0 
0 0 1 1 0 1 0 1 0 1 1 0 1 0 0 1 0 1 1 1 1 1 1 0 1 1 1 1 0 1 0 1 1 1 0 1 0 1 1 0 0 0 0 0 0 0 1 0 1 0 1 1 1 0 
1 0 0 1 0 0 0 0 1 0 1 0 1 1 1 0 1 1 0 0 1 1 0 1 1 0 1 1 1 1 1 0 1 1 1 1 0 0 1 1 0 0 1 1 1 0 0 1 0 0 1 1 1 1 
0 1 1 0 0 0 1 1 1 0 1 0 0 1 0 1 0 0 0 0 0 1 0 0 0 0 0 1 0 0 1 0 1 0 0 1 1 1 0 0 0 1 0 0 0 1 1 1 1 1 1 1 1 1 
1 1 0 0 1 0 0 0 0 1 0 1 0 1 0 0 1 0 0 0 0 0 1 0 1 0 1 0 0 0 0 1 0 0 1 1 0 1 1 0 0 1 1 0 1 0 1 0 0 1 0 1 1 1 
1 1 0 0 1 0 1 1 1 1 1 1 0 1 0 1 0 1 0 1 1 1 1 0 0 0 1 0 1 1 0 0 0 0 0 1 0 1 1 1 0 0 0 0 0 1 1 0 0 0 1 1 1 1 
0 1 1 1 0 0 0 0 0 0 0 0 0 0 0 1 1 0 1 0 1 1 1 0 1 1 0 1 0 0 0 0 1 1 0 1 1 0 1 1 1 1 1 1 1 1 0 1 0 1 1 1 1 0 
1 0 1 0 1 1 0 1 0 1 0 0 1 1 0 0 0 1 0 0 0 1 1 0 0 1 0 1 0 1 1 0 1 0 0 1 0 0 0 0 1 1 0 0 0 0 1 1 0 1 1 0 0 0 
1 1 0 1 0 0 0 0 0 1 0 0 0 0 0 1 0 0 0 0 0 0 1 1 1 1 0 0 1 1 1 0 0 1 1 0 1 1 0 0 1 1 0 1 1 1 0 0 1 0 0 1 1 1 
1 0 0 1 1 0 0 0 0 0 1 0 1 0 1 1 0 0 0 1 0 0 0 0 0 1 1 0 0 0 0 1 0 0 1 1 0 1 1 1 0 0 1 1 1 0 0 1 1 1 0 1 1 0 
1 1 1 0 1 0 0 1 1 1 0 0 0 0 0 0 1 0 0 0 1 1 1 1 1 0 0 1 1 1 0 0 0 1 1 0 1 1 1 1 0 1 1 1 0 1 1 1 1 1 0 0 1 1 
0 0 1 0 1 0 0 1 0 0 1 1 0 0 1 0 1 1 1 1 0 1 0 1 1 0 1 1 0 0 0 0 0 1 1 1 1 1 1 1 1 0 1 0 0 0 0 0 1 1 1 0 1 1 
1 0 1 0 1 0 0 1 0 0 0 1 0 1 0 1 0 0 1 1 0 1 1 0 1 1 1 0 1 0 0 0 0 1 1 1 1 1 0 0 0 0 1 0 1 0 1 0 0 0 1 0 1 1 
0 1 0 1 1 1 0 1 1 0 1 0 0 0 0 0 0 0 1 0 0 0 0 1 0 0 1 0 0 0 1 0 1 1 1 1 0 1 0 1 0 1 0 0 0 0 0 0 0 1 0 0 0 0 
1 0 0 0 0 0 0 1 0 0 0 0 1 0 1 1 0 1 1 0 1 1 0 0 1 0 1 0 0 1 0 1 0 1 1 0 1 1 0 0 1 0 0 0 1 1 0 1 1 1 1 0 0 1 
0 1 1 0 1 1 1 0 0 1 1 1 0 0 0 0 0 0 0 0 0 1 0 0 0 1 1 1 1 1 0 0 1 1 0 0 0 1 0 0 1 1 1 1 0 0 1 0 0 1 1 0 1 1 
1 1 0 0 1 1 0 1 1 1 1 1 1 1 1 0 0 0 1 1 1 1 1 0 0 1 1 1 0 0 0 1 0 0 1 1 1 1 0 1 0 1 0 0 1 1 0 1 1 1 0 0 1 0 
0 1 1 0 0 1 0 0 0 0 0 0 1 1 1 0 0 0 1 1 0 0 0 0 1 0 1 0 0 0 0 1 1 1 1 1 1 1 1 1 0 1 1 1 1 1 1 1 1 1 0 1 1 1 
1 1 1 0 1 1 1 1 0 0 0 1 0 1 1 1 1 1 1 0 0 0 1 0 1 0 1 0 1 0 1 0 1 0 1 0 1 0 1 0 0 0 1 0 1 0 0 0 1 1 1 0 1 0 
0 0 1 1 0 0 1 1 1 1 1 0 1 1 0 1 1 0 1 0 1 0 1 1 1 0 0 0 0 1 0 0 1 1 1 0 0 1 1 1 0 1 1 1 0 1 0 1 1 1 1 0 0 0 
1 1 1 1 1 1 0 1 0 0 1 1 0 1 0 1 0 0 0 1 0 0 0 0 1 1 0 1 0 0 1 1 1 0 1 0 0 1 1 0 1 0 1 1 1 0 1 1 0 1 0 0 0 0 
1 1 0 1 0 0 1 0 1 0 0 0 0 0 0 1 0 1 0 0 1 1 0 0 1 0 1 1 1 1 0 0 1 0 1 1 0 0 1 1 0 0 0 0 0 0 1 1 1 1 1 0 1 1 
0 0 1 0 1 0 1 1 0 0 1 1 0 1 1 1 1 1 1 1 1 0 1 1 1 0 0 0 1 1 1 1 1 0 1 1 1 1 0 1 1 0 1 1 1 0 1 0 0 0 1 1 0 0 
0 1 1 1 1 0 0 0 1 0 1 1 1 0 0 1 1 1 1 0 1 1 1 0 1 1 0 1 0 1 1 1 0 0 0 0 0 0 0 0 0 1 1 1 1 1 1 1 0 0 1 1 1 0 
1 1 1 0 0 0 1 1 1 1 0 1 1 0 1 0 0 0 1 1 1 1 0 0 0 1 1 1 0 0 0 0 1 1 0 1 1 1 1 0 0 1 1 0 1 1 0 0 1 1 1 0 0 0 
1 0 1 0 0 1 0 0 1 0 1 1 1 1 0 0 1 1 1 1 1 1 0 1 1 1 0 0 1 1 0 0 1 1 0 1 1 1 1 0 1 1 0 0 0 0 1 1 1 0 0 0 1 0 
1 0 1 0 1 1 1 1 1 0 1 0 0 0 1 1 0 0 0 0 0 0 1 1 0 0 0 0 1 1 1 0 0 0 0 1 1 1 0 1 0 1 1 0 1 0 1 0 0 0 0 0 0 1 
0 0 0 0 1 1 1 0 1 1 0 0 0 0 1 1 1 1 0 0 1 0 0 1 0 0 1 0 0 1 0 0 0 0 0 1 1 0 1 0 1 1 0 0 1 0 1 0 1 1 0 1 1 0 
0 1 0 1 0 1 0 0 1 0 0 0 1 1 0 0 1 1 0 0 1 1 0 0 0 1 0 0 0 1 1 0 1 1 1 1 0 0 1 0 0 1 0 0 0 0 0 1 1 0 1 1 0 1 
1 0 1 1 0 1 1 1 0 0 1 1 1 1 1 0 1 0 1 1 0 1 1 0 0 1 1 0 0 1 1 1 1 0 1 1 0 0 1 0 0 0 1 1 1 1 1 1 1 0 0 1 1 0 
1 1 1 0 1 1 1 1 0 0 1 1 0 1 1 1 1 1 1 1 0 0 0 1 1 1 1 0 0 0 0 1 0 1 0 1 0 1 0 0 0 0 0 0 1 1 1 1 1 0 0 1 0 0 
1 0 1 0 0 1 1 0 0 1 1 0 0 1 0 1 1 0 1 1 0 0 1 1 1 0 1 1 1 1 1 0 1 0 1 1 1 0 1 0 1 0 0 1 1 0 0 1 0 1 0 0 0 1 
1 1 1 0 1 1 0 0 1 1 1 0 1 0 0 0 0 1 1 1 1 0 1 1 1 0 1 0 0 1 1 0 0 1 0 1 0 0 0 1 0 1 0 1 1 0 1 0 0 0 1 1 1 0 
0 0 0 1 0 1 0 0 1 1 1 1 0 1 0 0 0 0 1 0 1 1 1 0 1 1 1 0 0 0 0 0 0 1 0 1 0 0 1 1 1 0 0 0 1 0 0 1 0 0 0 1 1 1 
0 0 0 1 0 0 1 0 0 1 1 0 0 1 1 1 0 0 1 1 0 0 1 1 0 0 1 0 1 0 1 1 0 1 0 0 1 1 0 1 1 0 0 1 1 1 1 0 1 0 1 0 1 0 
1 1 0 0 1 0 0 0 1 0 1 0 0 0 1 0 1 0 0 1 0 0 0 1 0 0 1 1 0 0 1 1 1 0 1 0 0 1 0 1 1 1 1 1 1 1 1 1 1 0 0 1 0 1 
0 0 1 0 1 1 0 0 0 0 0 1 0 0 0 1 0 1 0 1 0 0 0 1 1 0 1 1 1 1 0 0 1 1 0 0 0 0 1 0 0 1 1 1 0 1 0 0 0 0 1 0 0 0 
0 1 0 1 1 1 1 1 1 0 1 1 1 1 0 0 0 0 1 1 1 1 1 1 1 1 0 1 0 0 1 0 0 1 1 1 0 0 0 0 1 1 1 0 1 1 0 1 0 1 0 1 1 1 
1 0 1 1 1 1 1 0 1 1 1 0 0 0 1 1 0 0 0 1 0 1 1 0 0 1 1 1 0 0 0 1 1 1 0 0 0 0 1 1 1 0 0 0 0 1 1 0 1 1 0 1 1 1 
1 1 0 0 0 0 1 1 0 0 0 0 0 1 0 1 0 0 0 0 0 0 1 1 1 0 0 1 1 1 0 0 1 0 1 1 0 0 0 0 0 1 1 0 0 1 0 0 1 0 1 1 0 0 
0 1 1 1 0 0 0 0 1 1 0 0 1 1 0 1 1 0 0 0 0 0 0 0 1 1 0 0 1 1 0 1 0 1 0 1 0 1 1 1 0 0 1 1 1 1 1 0 1 1 1 1 0 1 
0 1 0 0 1 1 1 1 1 0 1 1 1 1 0 0 0 1 0 1 0 1 0 1 0 1 1 1 0 1 0 0 0 0 1 1 0 0 0 1 0 1 0 1 0 1 0 0 0 0 1 0 0 1 
0 0 0 1 1 1 0 1 1 0 1 0 1 1 1 1 0 1 1 1 1 1 0 1 0 0 1 1 0 1 1 0 1 1 1 0 0 1 1 0 1 1 0 0 0 1 0 1 1 1 0 0 0 0 
1 0 0 0 0 0 0 1 1 1 0 0 0 1 0 1 1 1 0 1 0 1 1 0 0 0 1 0 0 1 0 1 0 0 1 0 0 1 1 1 1 1 0 1 0 0 0 1 1 1 1 1 0 0 
1 0 0 0 0 0 0 0 1 0 0 0 0 0 0 1 0 1 0 0 0 1 0 0 0 1 1 1 1 1 1 0 1 1 1 1 1 1 1 0 1 1 1 1 0 1 0 0 0 0 0 0 1 0 
0 0 1 0 1 0 1 1 1 1 0 0 0 0 1 0 0 0 1 1 1 1 0 1 1 0 1 1 0 1 1 1 1 1 1 0 1 0 1 0 1 0 0 0 0 1 0 0 1 1 0 0 1 0 
1 0 1 1 0 1 0 1 0 1 0 1 1 0 0 1 0 1 1 1 1 1 0 1 1 0 1 1 0 0 0 0 0 1 1 0 0 1 0 1 0 0 0 1 0 0 0 1 0 1 0 1 0 0 
1 0 0 0 1 1 0 1 1 0 0 0 1 1 1 1 0 1 1 0 0 0 1 1 1 1 0 1 0 1 1 1 1 0 1 0 1 1 0 0 0 0 0 1 1 1 0 1 0 1 0 0 1 1 
1 0 0 0 1 0 1 1 0 0 1 1 0 0 1 0 0 1 1 0 0 0 1 0 0 1 1 0 1 1 1 1 1 1 1 1 1 0 0 1 0 1 1 0 1 0 1 1 1 0 1 1 0 0 
1 0 1 0 0 0 1 1 1 1 0 0 0 0 0 0 1 0 1 0 1 0 0 0 1 1 0 0 0 0 0 1 1 1 0 1 1 1 1 1 0 1 1 0 1 0 0 1 0 1 1 1 1 0 
1 0 1 1 0 0 0 0 1 1 1 1 0 1 1 1 0 1 1 1 0 0 1 0 1 0 0 1 1 1 1 1 0 0 0 0 0 0 1 0 1 0 1 0 1 0 1 1 0 0 1 0 1 0 
0 0 0 0 1 0 0 0 1 0 1 1 0 1 0 1 1 1 0 1 1 1 1 1 1 1 1 0 1 0 0 0 1 1 0 0 1 0 1 0 0 0 1 1 1 1 0 1 1 0 0 0 0 1 
1 1 1 1 1 0 1 1 0 0 0 1 1 1 1 0 1 0 0 1 1 1 0 1 0 1 0 0 0 0 0 1 1 1 0 0 1 0 1 0 0 0 1 1 1 0 1 1 0 1 0 1 1 0 
1 1 0 1 0 0 1 0 1 0 1 0 0 0 0 1 0 0 1 1 0 1 0 1 0 0 1 0 0 0 0 1 1 0 0 1 0 1 1 0 1 0 0 1 1 0 0 1 0 0 1 0 1 1 
0 1 1 1 1 1 1 1 0 0 0 0 0 0 1 1 0 0 0 0 1 1 0 0 0 1 0 1 1 1 0 1 0 0 0 1 1 1 0 0 0 0 0 0 1 0 1 1 0 1 0 0 0 0 
0 1 1 0 0 1 1 1 0 1 1 1 0 0 0 0 0 0 1 1 0 0 1 0 1 1 1 1 1 0 0 1 1 1 1 1 0 0 0 1 1 1 0 1 0 0 0 0 1 1 1 1 1 0 
