42 64 1108
80 100 98 10 23 15 97 85 36 100 34 35 90 35 39 61 52 7 73 86 99 38 86 65 70 90 60 57 5 7 49 36 58 98 46 80 12 42 64 100 93 98 34 83 84 72 95 88 78 20 73 28 57 58 44 78 47 3 35 3 61 83 39 18 
80 84 98 43 77 61 42 22 10 28 4 46 99 98 33 29 17 57 56 25 14 100 3 12 2 89 15 63 71 53 80 2 88 29 44 16 90 38 37 51 65 40 96 15 90 80 43 58 36 51 35 49 50 37 13 3 77 27 65 47 31 97 48 70 
25 43 85 66 32 22 69 48 13 64 63 54 44 57 12 31 7 98 80 8 34 92 11 10 70 27 8 52 23 7 21 100 1 5 17 85 78 85 32 43 1 46 96 96 3 59 26 61 56 57 69 41 100 31 2 21 57 9 72 32 67 92 31 20 
49 99 4 78 36 35 20 36 81 68 83 35 26 60 47 34 17 15 74 68 45 28 89 54 88 60 85 55 4 67 74 4 17 29 81 52 63 53 39 95 72 21 81 49 33 28 82 49 94 8 68 91 35 56 44 22 16 80 28 71 46 1 74 62 
29 6 14 44 10 4 90 81 77 71 30 9 50 63 9 43 70 76 33 4 32 28 26 99 7 5 21 4 58 94 66 38 51 31 81 61 34 71 41 62 93 22 70 42 85 78 36 54 6 21 10 37 48 87 87 7 91 7 10 48 52 27 86 2 
57 66 62 43 88 55 4 32 76 26 25 60 3 61 66 8 33 75 96 80 61 34 38 51 92 48 99 43 74 36 97 83 1 10 77 41 64 80 24 92 5 49 3 60 61 20 19 93 94 67 72 6 52 10 57 44 9 7 38 82 42 86 16 94 
96 92 86 11 24 10 54 80 58 57 91 18 28 10 10 22 28 33 27 79 94 35 22 2 93 12 36 86 97 3 80 92 95 65 55 70 26 8 49 83 16 40 52 44 1 13 17 28 98 43 58 91 30 32 45 74 43 32 60 91 34 39 83 80 
55 89 1 81 96 50 15 12 41 19 7 93 31 23 20 28 17 29 71 98 60 15 72 2 98 31 93 83 21 27 15 27 67 15 7 62 16 74 25 56 92 31 100 74 5 71 2 22 100 24 19 59 90 42 13 87 72 5 21 92 83 35 19 49 
2 77 62 17 2 87 25 93 69 24 19 26 95 72 47 94 95 17 4 84 59 16 22 82 20 42 74 54 29 44 54 30 72 16 46 74 54 22 18 74 46 36 99 92 7 97 37 53 14 40 36 24 56 9 5 27 3 30 33 31 25 86 12 97 
1 57 22 6 31 91 80 28 79 78 19 85 27 7 90 40 46 25 15 53 86 19 80 88 1 12 18 25 49 29 73 50 37 94 7 19 85 86 46 63 16 16 99 42 22 88 33 20 65 47 72 2 17 3 89 17 66 58 42 15 38 14 16 26 
60 22 45 96 60 42 10 75 58 60 68 31 100 100 50 16 98 74 17 14 76 57 31 94 66 24 8 3 89 23 80 100 96 24 95 55 18 56 81 75 68 48 57 67 99 7 34 96 32 50 10 7 58 92 52 23 15 59 25 55 33 56 55 29 
32 1 35 49 57 16 75 76 15 31 42 14 89 75 9 20 76 70 79 33 61 30 7 27 89 83 82 73 38 36 53 69 88 88 17 96 55 43 71 69 74 12 34 62 38 43 82 65 12 60 49 25 89 55 51 29 89 32 2 27 19 54 47 7 
93 16 2 99 58 73 20 31 36 53 45 26 47 78 90 11 37 91 35 77 97 85 58 86 17 59 12 35 64 10 41 57 25 43 7 83 67 26 65 2 79 61 79 25 38 21 35 26 11 69 55 7 6 12 92 22 70 55 8 85 17 49 93 41 
43 100 75 61 25 92 14 55 52 93 80 90 13 66 67 23 87 21 81 92 32 25 13 53 31 72 90 47 72 82 88 14 81 14 26 58 5 40 12 9 32 43 50 96 9 16 18 47 37 98 38 20 74 2 25 5 73 14 51 45 47 90 10 28 
4 88 37 60 27 48 68 10 91 17 5 51 85 22 97 73 71 86 92 97 87 68 1 11 81 3 7 28 93 69 7 48 56 95 59 82 42 27 91 84 95 95 86 79 68 34 51 90 19 95 86 57 62 38 68 95 41 26 74 85 94 32 84 49 
26 42 30 19 20 72 55 67 18 40 97 37 26 48 27 44 94 64 1 55 2 20 1 42 45 74 78 39 57 61 39 82 54 69 53 26 92 7 92 10 98 88 46 23 87 24 19 80 88 71 87 41 42 87 34 86 13 11 76 69 23 15 3 76 
35 55 53 78 13 96 87 10 84 85 85 22 8 3 2 47 25 88 87 66 26 20 3 38 82 79 7 4 45 9 32 31 15 84 8 27 80 47 88 15 83 72 88 42 26 89 41 50 28 27 67 6 99 70 43 80 100 1 36 44 61 19 26 75 
2 85 53 33 83 41 99 17 64 87 59 42 27 99 43 7 77 10 12 27 79 54 59 78 55 94 73 67 12 50 42 65 34 94 50 69 86 100 85 50 38 43 91 65 93 85 71 70 94 34 48 24 87 6 1 93 99 25 60 62 74 53 79 8 
46 28 76 32 27 60 33 65 55 75 81 47 59 3 68 5 36 16 28 22 21 81 67 72 5 78 33 31 30 11 90 27 90 65 10 69 76 42 85 82 68 65 81 79 67 48 83 54 15 62 27 88 94 93 59 51 70 43 81 51 6 70 78 47 
86 87 15 13 81 99 95 48 15 75 78 33 74 12 86 41 74 13 28 19 5 38 69 27 32 49 77 37 70 6 36 55 93 50 68 25 1 14 24 15 88 2 48 13 13 33 53 38 45 80 57 2 69 25 80 1 26 56 89 47 14 24 2 58 
26 21 82 26 86 5 40 73 6 39 37 71 24 90 8 68 21 64 21 90 41 100 42 18 8 30 64 21 6 17 78 31 89 59 8 74 15 99 98 21 38 35 43 61 76 50 80 96 66 1 37 58 100 78 27 7 60 90 27 65 59 56 95 99 
66 2 25 81 100 22 53 89 8 95 49 35 96 81 31 61 81 19 18 80 97 44 39 56 86 17 20 96 73 66 46 38 19 70 70 70 44 22 11 3 68 59 38 64 91 20 24 71 38 94 3 86 89 41 93 26 9 12 73 33 29 19 23 99 
88 92 69 83 66 79 86 33 89 75 96 80 94 20 2 83 65 4 21 53 96 13 31 57 25 3 89 5 21 11 56 61 55 24 43 20 54 80 52 94 54 100 25 99 71 27 34 35 82 54 39 30 66 69 86 42 72 74 47 44 37 2 4 43 
77 99 62 82 78 65 27 84 16 52 34 86 30 67 72 63 20 63 92 86 31 29 79 54 55 77 50 91 30 53 85 6 3 46 39 81 62 18 16 30 21 49 15 50 16 39 64 87 1 56 72 31 36 51 37 90 27 86 80 57 90 64 14 93 
61 5 25 75 22 40 4 42 40 70 43 7 8 58 94 8 65 17 91 1 19 79 90 98 64 22 6 5 85 19 49 98 75 73 24 48 64 79 89 56 48 83 62 8 41 55 15 5 72 57 5 90 35 95 87 50 68 92 7 52 63 55 1 89 
80 76 37 95 54 77 50 54 60 12 61 52 18 27 8 41 36 65 83 70 11 69 72 78 13 78 81 27 32 82 15 11 9 3 58 63 80 7 68 91 70 28 94 88 6 1 80 41 65 62 63 75 31 34 4 95 11 85 73 94 18 87 57 26 
42 14 40 21 20 7 11 42 86 4 81 92 56 60 84 21 22 46 47 4 31 51 50 93 35 22 87 52 60 43 29 1 8 69 21 27 75 83 20 61 38 100 4 94 60 39 66 81 85 12 84 67 14 33 60 100 6 46 3 65 40 32 66 47 
100 86 25 26 21 45 38 58 44 41 51 3 80 16 35 16 80 70 82 93 54 93 45 59 90 47 24 81 30 89 27 81 26 4 7 98 48 44 56 43 37 58 98 68 26 32 35 5 54 16 49 7 61 45 66 50 92 41 31 21 81 9 2 6 
12 60 56 11 3 11 6 91 20 3 58 45 86 92 1 39 60 2 98 72 46 63 21 37 3 3 10 35 12 11 40 75 22 47 38 76 57 43 67 29 97 76 73 82 20 74 73 31 75 70 2 20 84 74 9 38 77 18 72 40 80 63 66 1 
10 55 76 18 97 94 46 45 70 71 27 41 96 51 71 22 72 72 93 7 97 1 44 73 70 67 64 1 81 82 53 42 36 29 60 85 74 57 29 95 27 55 35 22 57 5 43 80 28 36 86 77 88 81 1 58 99 65 10 80 98 63 21 33 
43 32 17 16 89 46 11 67 52 97 41 9 54 83 40 33 70 26 9 10 6 10 19 5 26 28 36 23 90 56 55 32 40 24 100 28 69 62 94 20 58 34 80 11 69 72 96 90 97 4 99 54 13 69 10 38 97 45 60 38 53 67 70 92 
90 21 19 10 82 64 81 39 50 13 2 70 84 97 59 80 100 10 33 65 78 43 54 26 39 66 64 91 32 85 82 73 5 52 82 86 16 62 24 17 74 77 86 57 73 96 88 25 5 73 41 35 67 94 60 5 59 75 96 42 59 77 66 63 
81 99 100 96 61 24 12 86 52 49 95 77 44 34 1 49 6 41 35 72 86 94 77 97 21 24 90 79 52 56 94 32 54 93 79 66 68 42 4 20 90 50 96 34 83 48 34 89 88 68 12 25 13 40 21 33 63 11 64 67 18 57 98 71 
49 77 89 17 18 92 88 60 93 83 93 75 82 26 15 21 45 79 45 9 18 18 42 33 28 5 99 97 61 48 19 61 76 7 29 46 50 16 5 42 50 49 69 31 74 83 3 70 13 48 78 31 65 71 15 44 75 65 40 87 12 58 100 88 
17 28 85 18 96 89 60 97 37 80 80 62 14 82 83 27 81 60 9 45 31 23 40 57 87 79 96 50 89 95 89 57 74 73 74 69 61 85 18 49 64 97 62 78 78 44 56 59 4 64 55 86 86 95 42 24 25 89 73 65 83 62 21 57 
34 95 77 47 31 94 47 95 42 9 24 72 52 31 82 7 94 88 44 31 82 38 54 59 26 26 75 61 39 96 69 25 42 45 71 72 91 69 18 84 77 93 55 81 23 88 39 16 76 83 98 57 20 51 67 97 29 42 57 19 89 25 43 82 
22 13 5 64 82 23 47 10 67 54 90 90 41 81 57 16 63 55 25 34 57 43 30 37 36 39 56 24 63 98 57 84 63 62 99 44 36 46 5 2 51 47 91 91 27 100 59 89 6 83 74 14 25 55 51 61 93 6 36 56 55 93 91 17 
6 90 12 41 87 17 42 37 63 85 79 41 36 37 29 41 71 54 54 48 8 56 60 1 13 95 8 68 39 98 36 96 39 48 36 25 16 30 13 78 66 44 18 1 32 98 93 3 3 98 2 10 54 61 62 18 55 69 37 46 67 73 41 57 
20 29 34 87 58 98 64 75 41 33 75 73 82 19 27 36 68 28 45 73 88 59 91 94 27 27 91 45 99 84 2 70 12 35 56 69 32 71 95 25 55 69 49 88 39 75 23 6 54 20 79 93 78 69 38 4 47 29 1 46 12 2 67 75 
36 23 95 19 45 89 43 100 9 91 39 47 17 62 52 22 33 82 66 10 50 4 65 49 84 65 94 47 66 12 21 53 86 15 24 31 3 66 82 63 9 20 9 77 33 12 51 65 94 16 26 95 71 91 43 54 7 88 100 73 100 72 77 37 
86 100 67 40 18 100 54 78 72 62 6 56 74 8 73 19 24 98 13 94 40 8 100 47 95 99 71 46 71 47 83 8 99 1 100 68 53 53 97 24 67 54 31 92 62 3 10 85 1 74 30 40 81 29 86 28 80 56 73 2 55 7 61 5 
8 60 72 60 65 20 35 83 73 65 74 34 20 35 70 20 60 100 11 41 80 49 68 59 56 92 60 10 99 21 66 58 32 89 17 48 8 3 30 33 19 55 18 38 41 88 9 1 39 72 41 70 20 60 29 75 3 40 37 1 12 54 58 96 
0 1 0 1 1 0 1 0 0 1 1 1 0 0 1 0 1 1 1 0 0 1 0 0 1 0 1 0 0 0 1 0 0 0 1 1 0 1 1 0 0 1 1 0 1 0 0 0 1 1 0 1 1 0 0 0 1 1 0 1 1 0 1 1 
0 0 1 0 1 0 0 1 1 0 1 0 0 1 0 0 1 0 1 0 1 1 0 0 0 0 1 0 0 0 1 0 0 0 0 0 1 1 1 0 1 1 1 1 0 1 1 1 0 1 1 1 0 1 1 1 0 0 1 0 0 0 1 0 
1 1 0 0 0 0 0 1 1 1 1 1 1 0 1 1 1 0 0 0 0 1 1 0 1 0 0 1 0 1 1 1 1 0 1 1 0 0 1 1 1 0 0 0 0 1 1 0 0 1 0 0 0 1 0 1 1 0 0 1 0 0 1 1 
0 0 0 0 0 1 1 0 1 1 0 0 1 0 0 1 1 0 1 0 1 1 1 0 1 0 1 1 0 0 0 0 1 1 0 1 0 1 1 0 0 0 0 1 0 0 0 1 0 1 1 1 0 1 1 0 1 0 1 1 1 0 1 0 
1 1 1 1 0 1 1 0 1 1 0 1 1 0 0 1 0 0 0 0 1 1 0 0 0 0 1 1 0 0 1 1 1 0 0 1 1 0 1 0 1 1 1 1 0 0 0 0 0 1 0 1 0 1 1 0 1 0 1 1 0 0 0 1 
1 0 0 0 0 1 1 0 1 0 1 1 0 1 1 0 0 1 1 1 0 0 1 1 0 1 0 0 1 0 1 0 1 1 1 1 1 0 1 0 0 0 1 1 0 0 1 0 1 1 1 0 1 1 1 0 0 0 0 1 0 0 0 1 
1 1 1 0 1 0 0 1 1 1 0 1 1 0 1 1 1 1 1 0 0 0 0 0 0 1 1 1 1 1 0 0 0 1 1 1 0 1 1 1 1 1 0 0 1 1 1 0 0 0 1 0 1 1 0 1 0 0 0 1 1 1 0 0 
0 1 1 0 0 0 1 1 0 1 0 1 1 1 0 1 0 1 0 1 0 0 0 1 0 1 0 0 0 0 0 0 1 1 1 0 0 0 1 0 0 1 1 1 1 1 0 1 0 0 0 1 1 0 0 1 1 0 1 1 1 1 0 0 
1 1 0 1 1 0 1 1 1 0 0 0 0 1 1 0 1 1 1 0 0 1 0 1 0 1 1 1 1 1 1 0 0 0 1 1 0 0 1 1 0 1 0 0 0 1 1 0 1 0 0 1 0 0 0 0 0 1 1 1 0 0 1 0 
0 0 0 0 0 1 0 0 0 0 1 1 1 0 1 0 0 1 1 0 0 0 0 0 1 1 1 0 0 0 0 0 0 0 1 0 1 1 0 0 1 1 1 0 1 0 1 0 1 0 0 1 0 1 1 0 0 0 0 0 0 0 1 0 
1 0 0 0 1 1 0 0 0 1 0 0 1 1 0 1 0 0 0 0 1 0 0 0 0 0 0 1 1 1 1 0 1 0 0 0 1 1 0 1 0 1 1 0 0 1 1 0 0 1 1 1 1 1 1 0 0 0 1 1 1 0 1 1 
0 1 1 1 0 0 1 1 1 0 1 1 0 0 0 0 1 1 1 1 0 1 1 0 1 0 1 0 0 0 1 1 0 1 0 0 1 1 1 0 0 0 1 0 0 1 0 0 0 1 1 1 0 0 1 1 0 1 0 0 1 1 1 1 
0 0 0 1 1 1 1 1 0 1 1 0 0 1 0 1 1 1 0 1 1 1 1 1 0 1 0 0 0 1 1 1 1 1 0 1 1 0 0 1 1 0 1 1 1 0 0 0 1 0 0 1 0 1 0 0 0 0 0 0 0 0 1 1 
1 0 0 0 0 1 1 1 1 1 0 0 1 1 1 0 1 1 1 1 0 0 0 0 0 0 0 0 0 0 0 0 0 0 0 0 1 0 1 0 1 1 1 0 0 0 0 0 1 0 1 1 0 1 1 0 0 1 1 0 1 1 0 1 
1 1 1 1 1 0 1 0 0 0 0 0 0 0 0 1 0 0 0 0 1 1 1 1 1 0 0 0 1 0 0 0 1 1 1 0 0 1 0 0 1 0 0 0 1 1 1 1 1 0 0 0 1 1 0 0 1 0 1 0 0 1 0 0 
0 0 0 0 1 1 0 0 1 1 0 0 0 0 0 1 0 0 1 1 1 1 0 0 1 1 0 0 0 0 0 0 0 0 1 1 1 1 0 1 0 0 1 0 0 1 1 0 1 1 0 0 0 0 0 0 1 0 0 1 1 0 1 1 
0 0 1 0 0 1 1 0 1 0 1 0 0 0 0 1 1 0 0 0 0 0 0 1 1 0 0 0 0 0 1 0 0 0 0 0 1 1 1 1 0 0 1 0 0 1 1 0 0 1 0 0 0 0 0 1 0 0 1 0 0 0 0 1 
1 1 1 0 0 0 1 0 0 0 0 1 0 0 1 0 1 1 0 1 1 0 0 1 1 1 1 1 0 1 0 1 0 0 1 1 0 1 1 1 1 0 0 1 0 1 1 1 0 0 1 1 0 1 0 1 1 1 1 1 0 1 0 1 
1 1 0 0 0 1 1 0 1 1 1 1 0 1 1 0 1 0 1 1 1 1 1 0 0 0 1 0 1 1 1 1 1 1 1 1 1 0 1 0 1 1 0 1 0 1 1 1 1 0 0 0 1 1 1 1 1 0 1 1 0 1 0 1 
0 1 0 1 1 0 0 0 1 0 1 1 1 0 0 0 0 0 0 1 0 1 0 1 0 1 0 0 0 0 1 1 1 1 0 0 1 0 0 0 0 1 1 1 1 1 1 1 0 0 0 0 1 0 1 1 0 0 1 0 0 0 1 0 
0 0 0 1 0 1 0 1 0 1 0 0 1 0 1 1 0 0 1 1 0 0 1 0 0 0 1 1 1 0 1 1 0 1 0 1 0 0 0 1 0 0 1 1 0 0 0 0 0 1 0 1 1 1 1 0 1 0 1 0 1 0 1 1 
1 0 0 0 0 0 1 0 1 0 1 1 0 1 0 1 0 0 0 0 1 1 0 0 0 1 1 1 1 0 0 0 0 1 0 1 1 1 1 0 1 1 0 0 0 0 1 1 0 1 1 1 0 1 1 0 0 0 1 1 1 0 1 1 
1 0 0 0 1 0 1 1 1 1 1 1 1 0 0 1 1 1 0 1 0 1 0 0 0 1 1 1 1 1 0 0 1 1 1 0 1 0 1 0 1 0 1 0 0 0 1 1 1 1 1 0 0 1 0 0 0 0 1 0 1 0 0 0 
1 1 0 0 1 0 0 0 0 1 0 1 1 1 0 1 0 1 1 1 0 1 1 1 1 1 1 0 1 1 0 0 1 1 0 0 1 0 1 1 1 1 0 1 1 1 0 1 0 1 0 1 0 0 0 0 1 1 0 0 0 1 0 1 
0 0 0 1 0 1 0 1 0 1 0 1 0 0 1 0 1 1 1 0 1 1 0 0 0 0 0 1 1 0 0 1 0 0 0 0 1 1 0 0 0 0 1 0 1 0 0 0 0 0 0 1 1 0 0 0 1 0 1 0 1 1 0 1 
0 0 0 1 1 0 1 1 0 1 1 1 1 0 0 1 0 0 1 1 1 1 1 0 1 0 0 0 0 0 0 0 1 0 1 0 0 1 0 0 0 1 0 1 1 0 1 1 0 0 1 1 1 0 1 0 1 0 1 1 0 1 1 1 
1 0 0 1 1 0 1 1 1 1 1 1 1 0 0 0 0 1 1 1 0 1 1 1 1 0 0 1 1 1 1 0 1 1 1 1 1 1 0 0 0 1 1 0 1 0 0 1 1 1 0 1 0 0 0 1 0 0 1 0 1 0 0 1 
1 0 0 0 1 0 0 1 0 0 1 1 0 1 1 1 1 1 1 1 1 1 1 0 0 0 0 1 0 0 0 1 0 0 1 1 1 1 1 1 1 0 0 1 0 1 1 1 1 0 0 0 1 1 0 1 1 0 1 1 1 1 0 1 
0 1 1 1 1 0 0 0 0 0 0 0 0 1 1 1 1 0 1 0 1 0 0 1 0 1 0 1 0 1 1 0 0 0 1 1 0 1 0 0 0 0 1 0 1 0 1 0 0 0 0 0 0 0 1 1 1 1 0 0 0 1 0 1 
1 0 0 1 1 0 0 1 0 1 1 1 1 0 1 0 1 0 0 1 0 1 0 0 0 1 0 1 0 0 0 0 0 0 1 0 1 1 1 1 0 1 1 0 1 0 0 0 0 0 0 1 1 0 1 1 1 1 0 0 1 0 0 0 
1 1 0 0 1 1 1 1 0 0 1 0 1 1 0 1 1 0 0 0 1 1 0 0 0 0 0 0 1 0 0 0 0 0 0 1 1 1 0 0 0 0 0 1 1 0 0 1 1 1 1 0 0 1 0 1 0 1 1 1 1 1 1 1 
1 1 0 0 0 1 0 0 1 0 1 0 1 0 1 0 1 1 0 1 0 0 0 0 1 1 1 1 0 0 0 1 1 1 0 0 0 0 0 1 1 0 1 0 0 1 0 1 0 0 0 0 0 1 1 0 0 0 1 1 1 1 0 0 
0 0 0 0 1 1 1 0 1 1 0 1 0 0 0 0 0 0 0 0 1 1 0 0 0 1 1 1 1 1 1 1 0 0 0 1 1 1 1 0 0 1 1 0 1 1 0 1 1 1 1 1 0 0 1 0 1 0 1 0 1 1 0 1 
1 0 0 0 1 1 0 0 0 1 0 1 0 1 0 1 0 0 0 0 0 1 1 1 1 0 0 1 1 0 0 0 0 1 0 1 0 0 1 1 1 0 0 1 1 1 1 1 1 1 1 1 1 0 0 0 1 0 1 0 0 0 1 0 
1 1 0 1 0 1 0 1 1 1 1 0 0 0 1 1 1 1 0 0 1 0 1 0 1 0 1 1 0 0 0 1 1 0 1 1 1 1 1 1 0 0 1 0 0 1 1 1 0 1 0 1 0 1 0 1 1 1 0 0 1 0 1 0 
0 0 0 0 0 1 1 0 1 0 1 1 1 0 0 1 0 0 1 0 1 1 1 1 0 1 1 1 0 0 1 0 1 1 0 1 0 1 1 1 0 0 0 1 1 1 1 1 1 0 1 1 1 0 0 1 1 1 0 1 1 1 0 0 
1 0 1 1 0 1 1 0 1 1 1 0 0 0 1 0 0 0 1 1 0 1 0 0 0 0 1 1 0 1 0 1 0 1 0 0 0 1 0 0 1 1 0 1 0 0 1 0 0 0 0 1 1 0 1 1 1 0 1 1 0 1 0 0 
0 0 0 1 0 0 1 1 1 1 0 1 1 0 0 0 0 0 1 0 0 0 1 1 0 0 0 0 1 0 0 0 1 0 1 1 0 0 0 0 1 0 1 1 0 1 1 1 1 0 1 0 0 0 1 0 1 0 1 0 0 1 0 1 
0 1 0 0 1 0 0 1 1 0 0 1 1 1 0 1 1 1 1 1 0 0 1 1 0 0 1 1 0 0 0 0 1 1 0 1 1 1 0 0 1 0 0 0 1 0 1 0 0 0 1 0 1 0 1 1 1 0 0 1 0 1 1 0 
0 1 1 1 0 1 0 1 1 0 0 0 0 1 0 0 0 1 0 1 1 1 0 0 0 1 1 0 0 0 0 0 0 1 1 0 0 1 0 1 1 0 1 0 1 1 0 1 0 1 0 0 0 1 0 0 0 0 1 0 0 1 0 0 
1 1 1 1 1 1 1 0 1 0 0 0 0 1 0 0 0 0 0 0 1 1 1 1 1 0 1 1 1 1 0 0 1 1 0 0 0 1 0 1 1 1 1 1 0 1 0 0 0 0 0 1 1 1 1 0 1 0 0 1 0 0 1 1 
1 1 1 1 0 1 0 0 0 1 1 0 1 1 0 1 0 1 0 1 0 1 0 0 0 0 1 0 0 0 1 1 0 0 0 0 1 0 0 0 1 0 0 0 1 1 1 1 0 0 1 0 1 1 0 1 1 1 1 1 0 0 0 0 
