69 68 2238
2 25 58 15 39 23 80 74 45 9 92 14 7 47 86 52 7 8 72 6 97 49 92 73 20 81 67 4 23 8 18 25 32 75 91 70 49 70 43 94 78 86 59 37 85 44 88 91 4 12 96 100 60 39 24 31 19 91 35 94 50 4 18 82 78 8 3 26 
29 98 71 59 83 29 95 67 25 34 9 28 45 56 79 56 94 2 87 65 44 73 58 46 76 27 27 53 86 29 30 14 78 1 72 61 81 18 79 5 52 40 84 96 95 62 52 41 16 38 5 11 62 14 56 37 40 34 41 25 15 70 90 92 22 62 52 3 
31 83 59 82 22 43 30 68 4 81 8 71 70 64 34 31 77 89 19 68 23 59 44 37 28 34 80 2 47 32 56 77 66 14 11 39 56 40 58 12 72 66 34 93 81 67 23 58 8 93 77 82 51 21 18 30 6 97 31 52 80 38 80 97 52 90 87 59 
29 45 22 100 10 8 92 42 74 66 51 81 58 28 62 60 100 31 90 5 80 72 8 11 10 87 60 13 29 46 71 57 90 45 9 51 52 100 93 77 18 43 58 27 70 71 87 69 54 28 25 85 99 32 95 60 71 54 72 99 52 95 7 41 91 15 92 42 
67 36 18 36 78 27 62 100 50 100 20 3 27 45 87 78 28 33 37 50 39 61 48 90 7 7 82 97 21 73 90 39 8 59 74 38 38 36 37 87 35 56 41 14 52 79 91 80 11 79 29 49 91 29 90 49 35 72 45 55 96 86 94 56 45 19 93 34 
54 29 20 41 36 12 54 88 90 96 67 100 26 47 1 69 75 42 17 9 13 14 16 9 99 61 64 95 79 8 28 85 88 99 25 23 10 30 62 51 77 80 51 2 27 3 22 53 44 39 62 9 52 29 17 2 41 32 49 19 91 76 55 78 27 79 52 88 
60 14 39 36 93 41 90 19 43 11 72 38 1 85 46 4 65 14 6 5 45 54 75 87 81 30 64 7 60 16 47 20 29 85 7 21 25 48 92 67 59 15 56 11 51 2 15 15 15 20 71 12 25 45 98 5 74 14 64 86 29 10 5 9 94 11 29 70 
59 72 88 69 38 43 31 88 44 45 54 11 16 24 74 40 21 71 97 46 84 60 31 64 21 35 72 14 98 53 35 8 24 22 28 62 64 58 1 60 55 55 70 22 78 43 14 98 65 10 44 1 21 26 64 41 61 88 6 10 40 40 17 63 13 96 76 76 
5 77 35 11 83 56 33 12 50 46 10 15 7 5 67 79 30 30 71 42 17 28 3 8 19 71 23 31 66 98 6 23 26 93 33 8 48 65 20 98 62 81 64 20 37 30 98 18 11 68 12 80 47 14 87 65 85 9 95 2 59 53 24 36 45 57 96 44 
73 67 41 87 47 56 6 35 37 56 4 48 75 15 27 22 81 65 86 65 74 81 66 84 33 42 19 29 98 14 72 22 80 65 8 78 20 14 64 9 21 68 56 95 34 34 68 14 98 54 30 23 86 48 58 70 89 77 98 38 42 69 59 74 85 67 51 57 
32 15 65 52 34 20 98 19 5 66 33 54 71 14 29 56 61 86 25 49 14 74 38 56 42 97 29 79 15 31 35 46 97 99 49 30 70 98 49 74 63 33 79 33 46 7 40 59 93 64 59 6 89 97 61 83 93 41 61 7 72 95 4 68 45 4 50 14 
1 50 39 16 82 17 48 79 24 40 37 68 55 96 73 44 92 86 26 36 26 86 94 49 32 97 69 76 100 18 89 100 67 79 15 100 95 15 78 18 6 67 85 60 14 10 3 57 47 80 44 24 65 37 73 96 85 41 71 84 10 11 35 76 89 2 27 36 
68 56 53 73 22 90 84 87 51 87 43 97 66 86 20 83 74 44 30 58 36 53 93 45 63 28 20 4 81 46 39 100 54 43 24 75 84 7 14 86 45 56 82 63 94 54 45 67 49 26 77 85 78 69 29 93 48 1 96 80 98 86 79 51 28 2 78 64 
61 91 49 5 98 83 67 91 88 63 10 36 89 38 72 66 6 53 10 54 53 5 33 2 90 64 5 70 17 82 85 77 24 33 82 21 67 100 64 54 63 25 42 3 62 13 20 67 17 30 72 21 86 57 23 28 72 27 97 88 60 33 65 83 65 98 55 32 
49 18 37 63 94 78 65 55 43 37 74 59 66 97 80 51 53 54 78 76 32 26 64 43 58 80 77 75 29 31 58 77 1 94 40 94 24 56 1 18 92 74 28 9 70 59 12 75 12 89 50 95 67 65 37 76 96 13 2 24 96 59 1 96 5 92 41 80 
47 41 97 91 66 24 99 36 35 10 62 46 51 63 93 69 28 81 44 23 94 98 99 41 56 99 36 12 42 28 91 40 69 87 30 34 63 29 21 97 90 34 94 40 97 38 8 76 19 4 50 64 1 48 4 8 98 91 20 91 18 10 31 38 49 60 72 63 
40 44 59 30 78 4 21 26 42 81 1 60 36 2 23 88 50 78 95 99 68 66 90 37 28 20 75 28 31 98 90 71 41 48 52 18 3 24 43 44 4 95 55 39 97 29 26 98 6 73 96 25 90 37 62 17 8 88 44 39 85 33 61 25 32 64 95 35 
87 89 30 91 84 37 81 80 65 59 77 23 31 24 47 20 61 60 89 68 99 32 58 83 17 18 60 48 81 6 34 68 94 16 10 77 52 42 8 68 100 36 90 82 12 89 54 72 100 42 91 99 73 49 33 41 18 44 89 51 49 74 70 43 41 79 71 92 
20 79 60 72 66 1 53 77 89 6 100 89 47 91 39 72 91 71 12 60 15 52 10 15 78 79 57 18 9 28 10 29 58 21 52 75 21 4 52 62 10 3 50 8 45 40 31 35 10 43 95 76 46 56 91 23 35 99 41 43 78 2 23 87 74 74 62 46 
30 65 7 91 67 56 98 12 95 29 98 57 23 44 84 68 100 26 43 34 77 83 28 54 36 3 93 9 76 6 54 57 70 61 47 88 68 97 51 15 77 49 23 99 92 58 18 43 84 60 76 12 94 56 65 29 58 9 89 85 14 95 42 83 7 40 23 26 
36 73 40 12 21 14 62 65 72 80 7 7 91 35 70 85 42 86 65 99 95 54 35 8 100 76 43 6 68 65 31 3 89 23 67 62 36 28 78 59 59 84 17 2 70 86 86 63 72 2 13 18 55 48 25 54 75 19 11 42 83 42 97 24 64 63 85 51 
42 62 62 1 97 30 54 19 16 39 81 39 40 94 56 47 41 32 52 67 51 63 9 85 56 5 8 71 19 44 73 60 5 34 12 54 64 65 72 31 55 52 21 47 97 28 45 89 11 96 56 13 10 16 98 17 72 57 87 90 53 60 1 9 45 13 62 60 
29 33 42 84 37 62 30 33 41 74 74 52 21 29 64 83 96 13 99 67 22 38 56 74 49 56 82 93 20 44 53 49 28 46 84 64 60 13 49 100 38 22 3 10 2 67 92 97 31 43 63 52 80 70 77 28 77 59 72 97 54 76 97 81 22 80 97 81 
92 97 32 81 70 35 42 71 53 86 19 83 28 33 35 59 2 63 86 30 21 9 26 74 85 22 7 58 1 3 90 44 51 21 76 20 55 18 90 7 3 60 90 82 92 76 40 45 38 77 74 11 85 100 36 21 73 42 30 26 96 19 21 46 40 97 17 94 
66 58 53 20 17 94 1 8 69 92 52 58 20 78 20 4 29 56 77 1 49 6 78 45 77 99 42 16 95 59 61 12 16 13 31 85 6 83 92 26 74 96 36 93 73 55 48 1 10 76 53 59 34 31 55 10 29 48 25 75 58 37 86 26 50 68 10 7 
50 53 33 75 100 68 19 72 74 18 24 84 46 29 94 79 59 100 88 39 47 64 13 5 100 50 82 1 17 91 8 18 95 92 44 95 59 62 18 32 31 42 67 76 22 12 54 80 11 93 70 58 8 82 14 60 83 95 60 99 37 19 68 31 10 11 25 68 
72 43 52 54 36 70 30 57 82 83 88 92 28 57 1 35 90 14 94 72 60 6 22 96 24 89 27 34 99 51 53 22 45 56 75 80 26 4 36 7 39 23 50 18 31 51 52 20 16 98 91 76 55 12 71 78 52 97 11 50 100 16 23 44 71 50 76 48 
53 11 6 43 86 56 60 16 58 64 88 73 61 78 48 15 42 19 44 93 67 7 95 66 22 69 62 44 18 37 92 23 99 49 65 36 56 77 52 13 40 91 86 52 68 85 18 61 3 61 54 70 19 100 87 92 68 48 36 86 36 79 8 35 27 24 70 35 
100 73 47 39 63 84 42 83 69 59 43 23 72 48 44 90 47 31 82 67 30 17 52 66 47 11 100 25 34 21 59 34 94 58 24 56 41 66 38 61 24 33 84 95 80 79 37 27 9 18 93 91 86 96 8 84 6 59 8 91 79 19 76 72 76 100 80 68 
65 69 29 40 1 64 87 33 42 23 11 3 92 55 45 29 50 52 12 7 10 19 49 88 89 25 12 16 24 43 84 40 63 64 31 16 79 17 48 72 91 58 26 34 12 70 62 13 21 73 19 82 44 67 22 32 91 85 48 66 27 83 57 89 98 88 4 28 
56 51 99 99 60 25 32 71 94 94 35 67 66 53 100 9 72 21 93 14 5 92 32 83 74 88 72 23 27 27 50 83 30 48 81 89 24 12 12 70 57 46 88 23 51 87 83 74 8 75 87 64 66 70 47 91 58 70 65 36 96 14 18 25 14 50 66 37 
14 29 58 70 26 45 44 76 32 27 1 91 1 40 54 19 9 52 61 18 21 26 54 69 91 23 45 4 73 62 93 38 90 50 7 16 95 51 43 78 29 44 68 81 83 73 99 43 77 60 61 49 37 66 17 27 88 14 83 12 75 27 49 65 76 8 32 22 
10 74 51 38 69 70 70 51 43 69 46 71 80 6 19 68 71 88 94 10 1 28 22 75 54 22 39 82 81 22 55 42 96 6 31 16 75 1 19 69 69 64 39 100 69 58 67 91 97 12 100 97 40 73 71 45 47 62 26 27 83 81 69 30 86 99 46 12 
99 64 81 19 27 71 18 47 80 36 89 76 48 40 72 39 13 43 83 11 56 61 37 90 41 57 20 78 8 65 41 58 80 21 77 58 44 46 4 23 82 92 99 81 83 22 71 95 16 5 57 71 65 94 61 57 2 32 86 9 48 27 67 27 99 95 84 42 
40 39 17 73 30 67 5 64 88 75 11 4 32 67 26 48 12 86 5 14 17 42 74 64 20 40 42 71 86 25 64 26 15 80 50 96 46 55 60 34 81 70 89 12 36 14 60 48 100 16 61 68 9 86 84 29 26 77 51 63 54 14 88 68 94 90 64 39 
96 23 24 76 92 12 40 79 78 51 26 29 18 38 96 78 24 31 6 1 60 56 63 13 22 3 32 15 44 95 5 39 69 81 66 12 92 5 91 21 7 16 49 24 6 45 2 29 27 59 81 38 67 43 50 88 97 82 54 40 28 58 78 97 90 44 8 34 
100 98 54 7 66 3 82 71 99 35 51 25 46 31 15 64 73 64 51 22 97 56 61 25 65 91 73 55 34 80 88 85 30 41 91 95 43 25 17 41 11 67 18 56 97 32 19 21 47 21 42 44 76 3 20 93 93 92 47 78 23 34 62 52 26 5 98 69 
29 14 61 39 32 30 47 28 61 65 49 60 38 90 3 65 44 74 57 88 65 3 65 87 88 79 91 14 83 88 34 63 54 46 53 85 76 51 65 88 16 65 47 5 6 1 69 50 74 26 89 90 80 6 77 20 84 19 33 18 58 18 80 63 63 84 100 90 
35 64 78 2 28 76 58 85 77 26 34 50 3 75 92 35 80 68 54 63 38 38 80 95 55 11 58 69 46 57 11 32 72 88 33 51 63 90 35 91 68 21 93 70 95 84 4 74 3 9 88 40 46 67 86 52 29 43 21 26 51 31 58 74 70 90 24 84 
32 59 27 99 31 19 20 25 54 76 98 56 84 37 47 82 3 32 33 83 27 5 8 29 87 65 3 56 7 26 92 38 36 18 88 66 88 59 42 41 34 91 48 70 27 94 51 81 77 83 63 55 40 23 84 26 39 38 82 45 15 25 34 51 42 73 68 81 
32 10 21 17 52 68 86 79 13 88 59 41 23 74 96 62 48 79 87 86 16 68 83 30 44 68 32 85 41 52 65 72 13 37 40 64 56 26 42 20 65 53 61 87 26 56 48 73 86 35 58 53 54 92 34 98 60 18 34 100 69 51 23 81 87 62 96 95 
39 38 14 4 90 26 90 67 81 38 39 18 24 48 70 77 40 56 26 99 73 60 98 93 62 72 25 100 33 20 94 72 57 60 75 98 85 16 64 18 5 54 87 28 2 9 57 41 64 34 91 36 45 88 28 6 59 52 6 43 23 51 14 32 62 40 29 99 
8 45 16 12 98 54 92 99 62 48 91 25 81 81 12 78 20 91 83 30 94 40 73 17 43 38 48 4 30 28 2 37 72 69 100 22 23 91 20 36 90 63 61 23 43 24 100 15 67 34 44 60 74 16 28 16 6 27 71 35 55 73 23 78 93 22 99 67 
65 19 3 54 33 15 28 75 90 27 41 56 61 85 16 86 52 95 1 9 22 71 43 76 95 17 53 40 91 52 6 55 22 8 60 54 74 40 80 64 66 21 19 78 57 86 63 8 81 15 17 2 38 11 77 84 80 81 23 70 32 81 76 5 40 87 58 14 
26 90 29 44 62 47 73 18 33 88 77 65 54 45 66 91 56 94 27 87 74 1 8 58 81 35 14 21 73 72 86 99 13 14 94 74 60 66 91 44 5 67 60 59 12 25 1 19 70 27 57 96 28 64 53 60 50 18 80 22 89 65 72 53 30 65 26 42 
83 68 85 87 35 45 97 98 21 98 68 91 24 24 86 3 39 90 63 88 7 94 61 48 11 33 100 40 49 78 81 83 45 18 70 31 14 18 28 86 15 47 28 39 22 13 93 60 54 7 99 13 1 60 12 63 92 63 2 92 40 35 75 37 52 96 67 17 
13 47 2 28 93 30 18 15 94 10 26 100 69 77 64 21 36 75 83 79 89 84 70 81 70 44 17 21 39 83 89 4 81 91 31 26 72 100 40 17 61 17 16 29 93 79 49 28 5 31 58 94 67 28 74 36 23 90 9 14 24 97 17 5 39 99 30 62 
98 21 79 58 89 94 87 82 73 87 61 29 18 19 22 84 98 95 71 72 36 79 85 60 28 53 16 18 51 97 80 100 17 58 58 57 51 96 38 75 82 51 4 51 21 77 86 18 72 57 41 7 87 78 18 66 30 33 84 33 81 63 32 49 72 89 6 74 
36 43 1 18 45 4 20 65 32 6 34 55 62 75 62 100 52 31 66 81 16 1 65 96 63 97 45 86 37 50 59 73 44 59 42 89 14 61 53 46 18 87 100 31 13 13 31 64 44 48 96 11 48 61 6 62 9 50 47 45 51 5 69 95 64 62 35 77 
23 87 74 92 25 74 23 37 38 53 52 33 100 48 43 99 60 49 60 68 50 6 64 53 10 33 99 25 94 33 2 68 71 27 60 96 52 82 84 90 86 36 22 37 35 65 35 46 65 94 13 66 99 76 18 60 60 16 85 54 48 38 73 71 16 32 66 68 
65 1 57 2 88 78 38 22 94 24 67 58 17 31 76 67 59 93 79 18 9 15 23 8 4 96 78 19 79 95 86 96 48 42 97 35 72 35 57 65 10 75 75 79 58 50 97 16 42 75 85 2 41 8 62 44 55 91 63 85 38 48 80 85 42 77 19 13 
63 27 29 72 2 3 2 11 4 99 26 98 73 62 51 66 69 12 9 75 55 71 60 92 71 91 76 12 67 46 76 81 73 4 5 26 59 6 36 62 4 13 11 29 74 62 94 95 25 2 69 79 25 80 22 47 71 49 10 89 95 37 70 19 40 74 44 50 
79 31 64 35 43 74 63 68 35 56 62 12 9 83 42 85 14 64 31 84 12 92 73 58 28 94 76 20 19 71 69 97 53 32 83 95 58 45 15 44 52 76 55 61 10 97 97 24 12 80 59 23 71 31 33 51 76 60 70 94 31 38 43 83 22 25 30 79 
22 44 74 73 71 29 33 33 77 82 56 88 61 14 62 31 97 94 81 24 54 50 18 36 40 12 70 13 88 99 43 9 94 16 82 17 96 66 49 72 47 56 11 7 21 73 90 17 18 70 93 23 72 10 58 63 73 28 27 60 78 69 69 24 36 2 40 32 
67 40 55 14 95 18 20 67 42 61 36 59 31 28 34 54 89 43 68 61 22 94 72 100 14 40 75 49 41 14 32 60 5 87 73 51 56 44 17 97 5 52 7 87 79 40 92 67 83 59 79 56 4 51 55 17 42 81 65 35 94 49 94 50 35 66 100 42 
61 17 38 65 68 44 3 99 84 94 65 18 4 44 73 7 94 80 75 35 60 40 21 6 40 14 55 74 31 7 67 92 23 4 8 42 47 11 40 82 56 5 51 60 100 76 18 45 55 93 31 66 84 52 23 23 65 30 48 96 36 14 39 58 17 98 51 15 
60 91 49 16 47 99 27 46 74 44 90 80 36 72 46 19 23 68 41 40 97 88 87 84 1 25 41 69 22 92 84 82 34 32 49 80 82 75 77 56 18 18 35 6 89 32 24 12 52 17 3 100 56 89 84 57 13 76 77 86 19 12 19 52 95 67 83 77 
93 59 84 11 76 70 68 17 54 91 80 5 7 82 4 63 70 39 71 34 15 99 19 33 11 90 37 57 8 19 33 1 30 68 63 57 38 30 73 91 72 52 47 31 33 2 45 54 41 67 87 7 65 58 91 27 47 27 84 6 98 68 58 27 88 20 83 25 
1 8 67 25 59 65 7 44 66 51 97 58 17 84 64 33 41 55 12 39 33 47 44 30 66 2 8 53 73 91 29 26 98 95 2 8 11 8 51 77 58 100 86 26 83 50 10 75 56 21 13 40 19 8 22 85 9 29 37 34 71 66 11 20 12 12 28 23 
19 30 51 28 29 36 53 63 37 14 37 92 87 49 84 5 9 5 89 69 33 78 2 56 43 12 75 54 75 54 28 93 36 78 72 64 14 76 27 2 90 15 46 76 16 29 80 24 33 21 92 17 98 46 24 92 9 99 97 84 4 25 28 39 54 100 55 19 
75 33 21 64 47 66 91 62 94 23 85 78 95 29 46 92 74 70 35 82 20 31 17 23 7 97 62 61 96 68 79 22 100 99 38 46 64 28 8 9 50 44 86 44 24 32 87 97 1 21 31 20 4 99 94 10 95 7 70 42 74 1 64 73 51 1 71 15 
28 78 75 30 73 61 25 97 44 64 45 96 36 27 67 39 26 60 1 72 67 22 14 92 22 77 17 73 77 87 39 56 64 13 37 88 25 14 36 68 77 81 63 12 59 81 3 36 41 3 8 59 76 21 2 98 49 18 22 25 4 12 32 19 24 69 7 1 
34 94 68 10 26 83 73 85 63 75 20 55 29 27 65 57 99 67 54 47 84 27 23 40 38 55 58 13 75 16 13 8 10 33 69 35 15 41 19 29 68 91 84 48 17 100 4 16 66 9 62 2 87 37 41 24 91 98 89 17 14 1 76 75 85 44 61 99 
36 80 80 3 22 15 3 38 14 58 5 80 67 19 81 5 55 73 81 97 70 69 65 35 21 40 61 6 35 22 56 70 53 87 25 74 1 27 63 15 36 68 94 54 38 26 59 92 98 39 40 19 59 4 6 79 95 66 36 29 87 44 98 39 30 22 12 31 
100 27 97 36 94 42 89 31 67 99 74 16 37 65 86 95 68 91 26 62 57 13 90 43 8 39 34 38 13 97 20 12 23 16 99 68 57 40 50 75 38 23 90 75 39 75 21 6 66 98 19 74 63 60 68 70 51 1 59 63 50 78 74 72 45 25 40 1 
64 89 27 1 64 68 27 2 43 100 60 60 49 30 85 11 42 52 33 92 53 91 54 2 21 79 25 65 3 16 18 66 5 44 19 20 12 97 73 6 96 32 17 45 14 1 7 55 52 39 46 56 30 51 9 2 29 86 66 84 1 83 1 57 79 19 76 90 
16 49 47 63 32 63 59 45 63 66 51 66 4 96 22 85 46 82 86 27 67 4 10 68 86 10 24 16 29 52 57 96 52 3 10 35 65 69 80 79 34 82 45 37 78 18 74 75 99 59 1 18 62 10 85 100 72 60 67 52 63 24 47 14 26 56 1 91 
76 32 69 9 13 65 98 90 82 71 17 33 81 17 2 95 79 38 46 50 97 12 1 12 35 99 77 13 6 77 3 82 8 23 42 21 88 39 10 21 61 26 5 94 95 6 40 73 43 85 74 92 48 26 3 35 76 79 47 81 8 1 14 15 23 56 35 62 
46 97 35 59 74 91 52 68 97 91 92 91 27 17 82 26 42 36 60 17 67 6 50 74 6 63 88 81 70 23 42 16 71 28 26 44 19 77 64 15 19 55 57 97 72 39 22 65 26 82 82 92 39 31 17 45 45 5 77 15 79 18 82 49 98 59 44 16 
0 0 1 0 1 1 0 0 1 1 0 1 0 1 0 1 1 1 1 0 1 1 0 1 0 1 1 1 1 0 0 1 1 1 1 0 1 1 0 0 0 0 1 1 0 0 0 1 1 1 1 0 0 1 1 0 0 0 0 1 0 0 0 1 0 1 1 1 
0 1 1 1 0 1 0 0 1 0 1 0 1 1 0 1 0 1 1 1 1 1 0 1 0 1 1 0 0 0 1 1 0 0 0 0 1 0 0 0 0 1 0 1 0 0 0 1 1 1 0 0 1 0 0 1 1 1 1 0 1 0 1 1 0 1 1 0 
1 1 0 1 1 1 0 1 1 0 0 1 1 0 1 0 1 1 1 0 0 0 0 0 0 1 1 1 0 1 1 1 0 1 0 1 0 0 1 0 0 1 1 0 0 0 0 1 0 0 1 0 0 0 0 1 1 0 0 0 1 1 1 1 0 0 1 1 
0 0 1 1 1 0 1 1 0 1 0 0 1 0 1 0 0 1 1 1 1 1 1 0 0 1 0 0 1 1 1 1 1 0 0 0 0 1 0 1 1 0 1 0 0 0 0 0 0 1 0 1 0 1 0 0 0 0 1 1 1 0 1 0 1 1 0 1 
1 0 0 0 1 0 0 1 0 1 0 0 0 0 0 1 1 0 1 0 0 0 1 1 1 0 1 0 0 1 1 1 0 0 1 1 0 1 0 0 0 0 1 1 0 1 0 0 1 1 0 1 0 1 0 1 0 1 1 0 0 0 1 0 0 0 1 0 
1 0 1 0 0 0 1 1 1 1 1 0 0 1 1 0 0 1 1 0 0 0 0 0 1 1 1 1 1 0 0 1 0 1 1 1 1 0 0 0 1 1 0 1 0 1 0 0 0 1 1 0 0 1 0 1 1 1 0 0 0 0 1 0 1 0 1 0 
0 1 0 1 0 0 1 0 1 1 1 1 0 0 1 0 1 0 1 0 1 0 1 1 0 0 0 0 1 1 0 1 1 1 1 1 1 0 0 1 1 1 0 1 1 0 0 0 0 1 1 1 1 0 1 0 0 1 0 1 0 0 1 1 1 0 1 1 
0 1 0 1 0 0 0 1 0 0 1 0 0 0 0 1 0 1 1 1 0 1 0 0 0 1 0 1 1 1 0 1 0 0 0 0 1 1 1 1 1 0 0 1 1 0 1 1 1 0 0 1 0 1 1 0 0 1 1 0 0 0 1 0 0 0 0 1 
1 1 1 0 0 1 0 1 1 1 0 0 1 1 1 1 0 0 1 0 0 1 0 0 1 0 1 1 0 1 1 1 1 0 1 1 1 1 0 0 0 0 0 0 1 1 1 1 1 1 0 1 0 0 0 1 0 1 0 0 0 1 1 1 1 1 0 0 
0 0 0 1 1 0 1 0 1 0 0 1 1 0 0 1 0 0 0 1 1 1 1 0 0 1 1 0 0 0 0 0 0 1 1 1 1 0 0 1 1 0 0 0 0 0 0 0 1 0 1 0 1 1 0 0 0 0 0 0 0 0 0 0 1 0 0 1 
0 0 0 1 0 0 0 0 0 0 0 1 0 0 0 0 1 0 0 1 0 0 1 0 0 1 1 0 1 1 1 0 1 1 1 1 1 1 1 1 1 1 1 0 1 1 0 0 1 0 1 0 0 0 0 0 0 1 0 1 0 1 1 1 0 1 0 1 
0 1 1 0 1 0 0 0 1 0 1 0 0 0 0 0 1 1 0 1 0 1 0 1 0 0 0 1 1 1 0 1 0 1 1 1 1 1 0 0 1 1 1 1 1 1 1 0 0 0 1 1 1 0 0 1 0 0 0 1 1 1 0 0 0 0 1 0 
1 1 0 1 0 1 0 0 1 0 0 1 0 0 0 1 0 0 0 0 1 1 1 0 0 1 0 0 1 0 0 1 1 1 0 0 0 0 0 1 0 0 1 0 0 1 1 0 0 0 0 1 1 1 1 1 1 0 1 0 0 0 1 1 1 1 1 1 
0 1 1 0 0 0 1 0 1 0 1 1 0 1 0 1 1 0 0 0 0 0 0 0 0 0 1 1 1 1 0 1 0 1 0 0 1 1 1 1 1 0 0 0 1 1 1 0 1 0 0 1 0 1 1 0 1 0 1 0 1 1 0 0 1 0 0 0 
1 1 1 0 1 0 0 1 1 0 1 0 0 0 1 0 1 0 0 0 0 1 0 0 0 0 0 1 0 0 0 1 0 1 0 1 1 0 0 0 0 0 0 0 0 1 0 1 1 0 1 0 1 1 0 0 0 0 1 0 0 1 0 0 1 0 0 0 
0 0 1 1 0 1 1 0 1 0 1 0 0 0 0 0 0 0 0 0 0 1 0 1 1 0 1 0 0 1 0 1 0 1 0 0 1 1 1 0 1 0 0 0 1 1 0 1 1 0 1 0 1 1 1 0 0 0 0 0 0 1 1 0 0 1 0 1 
1 1 1 0 0 0 0 1 1 0 0 0 0 1 0 0 0 1 0 0 0 1 1 0 0 0 0 0 0 0 0 1 0 1 1 0 1 0 1 0 0 1 1 1 0 1 1 0 1 1 1 1 0 0 1 0 0 1 1 0 1 1 1 1 0 1 1 0 
1 0 0 1 1 1 0 1 1 1 0 0 1 1 1 1 1 0 0 1 1 1 0 0 0 1 0 0 0 1 0 1 0 1 1 1 0 1 1 1 1 1 1 0 0 0 1 1 0 1 0 1 0 0 0 0 0 0 1 0 1 1 0 1 0 1 1 1 
0 0 0 1 1 0 1 1 0 1 0 1 0 0 0 1 1 0 1 1 0 0 1 0 0 1 1 0 0 0 1 1 0 0 0 1 0 0 0 0 1 0 1 1 1 0 0 0 0 0 1 1 0 0 1 0 0 0 1 0 1 0 1 1 0 0 1 0 
0 1 1 1 0 0 0 1 0 1 1 1 1 0 0 1 0 1 0 0 1 1 1 0 1 0 0 0 0 1 0 0 0 1 1 0 0 0 1 0 1 0 1 0 0 1 1 1 0 1 1 0 0 0 0 0 1 0 0 1 1 0 0 0 0 1 0 0 
1 0 0 0 0 0 0 1 1 0 0 0 1 1 0 0 0 0 0 1 1 0 0 0 0 0 0 0 0 1 0 1 1 1 0 1 1 0 0 0 0 0 0 0 0 0 0 0 1 0 1 0 0 1 0 0 0 1 1 0 0 1 1 1 0 1 0 1 
0 1 0 0 1 0 0 1 1 0 1 0 0 0 0 0 0 0 1 0 1 0 0 1 1 1 0 0 1 1 1 1 0 1 1 1 0 0 1 1 0 0 1 1 1 1 1 1 1 0 1 1 0 1 0 0 0 1 0 1 0 1 0 0 1 0 1 1 
0 0 0 0 1 1 1 0 0 1 1 1 1 0 0 0 1 1 0 1 0 0 1 0 1 1 0 0 1 1 1 1 0 1 0 1 0 1 1 0 0 0 0 0 0 0 0 1 1 0 0 1 0 1 1 1 1 1 0 0 1 1 0 1 1 0 0 1 
1 1 0 0 1 0 0 1 0 0 0 0 0 0 1 0 0 1 1 1 0 1 1 1 1 1 0 0 1 0 1 1 1 1 1 0 1 1 1 0 1 1 0 1 0 1 1 0 0 0 1 1 0 0 0 1 0 1 1 1 1 0 0 1 0 1 1 1 
0 1 1 1 0 1 0 0 1 1 0 1 0 1 0 0 0 1 1 0 0 0 1 1 0 0 0 0 1 0 0 0 1 1 1 1 1 0 0 0 1 0 1 1 0 0 1 0 1 0 0 1 0 1 0 1 1 1 1 1 1 1 1 0 1 0 1 0 
0 1 0 0 0 1 1 0 1 1 0 0 1 0 1 0 1 0 1 1 1 0 0 0 0 1 0 1 1 1 1 0 1 1 0 1 0 1 1 0 0 1 0 0 1 0 0 0 0 1 1 1 1 1 1 1 0 1 0 0 0 1 0 1 0 0 0 1 
1 1 1 0 0 1 0 1 1 0 0 1 1 1 0 0 1 1 0 1 0 0 1 1 0 1 0 0 1 1 1 1 0 0 1 1 0 1 0 1 1 0 1 0 0 1 0 1 1 0 0 1 1 0 0 1 1 1 1 1 0 1 0 0 1 1 1 1 
0 0 1 1 0 0 1 0 1 1 1 0 0 0 0 1 0 0 0 1 1 1 0 1 0 0 0 0 1 1 1 1 1 0 0 0 0 1 0 0 1 0 0 1 0 0 0 0 1 0 1 0 1 0 0 0 0 0 0 0 1 1 1 1 0 0 1 0 
1 1 0 0 1 1 1 1 1 1 1 0 1 1 1 1 1 1 1 1 1 1 1 0 0 1 1 0 1 0 1 0 0 1 1 1 0 0 1 0 0 0 0 1 1 1 0 0 0 1 0 1 0 1 0 1 0 1 1 1 0 0 0 0 0 1 1 0 
1 0 0 1 1 1 1 0 0 1 1 1 1 1 0 1 0 0 0 1 0 0 0 0 0 0 0 0 1 1 1 1 0 1 0 1 0 1 1 1 1 0 0 0 1 0 1 0 1 0 1 1 0 1 1 0 0 1 1 1 0 0 0 0 1 1 1 0 
0 1 1 1 1 1 1 1 1 1 1 0 1 0 1 1 1 0 1 1 1 0 1 0 0 1 0 0 0 0 0 1 1 1 0 0 0 0 1 1 1 0 0 0 0 1 1 0 0 0 1 1 1 0 1 1 0 0 1 0 0 1 1 1 0 0 1 0 
0 1 0 1 1 0 1 0 1 0 0 1 0 1 1 1 0 0 1 0 0 0 0 0 0 0 1 0 0 1 1 0 0 1 1 1 1 0 1 0 0 1 0 0 1 1 0 1 1 1 1 0 1 1 0 1 1 0 0 1 1 1 1 1 0 0 0 1 
0 0 1 0 1 1 1 0 0 1 1 0 0 0 0 1 0 0 1 1 0 1 1 1 0 0 0 0 1 1 1 1 1 0 0 0 0 1 1 0 0 0 0 0 1 0 1 1 1 0 0 1 1 1 1 1 0 1 1 1 0 0 0 1 1 0 0 1 
1 1 1 1 1 0 1 0 0 1 1 1 1 0 1 1 1 0 0 1 1 0 0 0 0 1 1 1 1 1 0 1 0 0 0 0 0 0 0 0 1 0 0 0 0 1 1 1 1 0 1 0 0 1 0 0 0 0 0 0 1 0 1 0 0 1 0 0 
1 0 1 0 0 1 1 0 0 0 0 1 0 1 1 0 0 0 1 1 0 1 1 1 1 0 1 0 1 1 0 1 0 1 1 0 0 0 1 0 1 1 1 1 0 1 0 0 1 1 1 1 0 0 0 1 0 0 1 0 1 0 1 1 1 0 0 0 
1 1 0 0 0 0 1 0 1 1 0 0 0 0 1 0 0 1 0 1 1 1 1 1 1 0 0 1 0 0 1 1 1 1 1 1 1 1 1 0 0 0 0 1 0 1 1 0 1 1 1 0 1 0 1 0 0 0 1 1 0 0 0 0 0 0 1 1 
1 1 0 1 1 0 0 1 0 0 1 1 1 1 1 0 1 1 1 0 1 0 1 1 1 1 1 1 1 1 0 0 0 0 0 1 1 0 0 1 0 1 0 0 0 1 0 0 0 1 0 1 0 1 1 1 0 0 0 0 1 0 0 1 1 0 0 0 
1 0 1 1 0 1 1 0 0 0 0 1 1 0 0 1 1 1 0 0 0 0 0 1 1 0 1 0 1 1 0 0 0 1 1 0 0 1 0 0 1 1 1 0 1 0 0 1 1 0 1 1 1 1 1 0 1 0 0 0 1 0 0 1 1 0 1 1 
1 0 1 0 1 1 0 0 1 0 1 0 1 0 0 0 1 1 0 1 1 0 1 0 0 0 0 1 0 1 0 1 1 1 1 0 0 1 1 1 0 0 0 1 1 0 1 0 1 1 1 0 1 1 0 1 1 0 0 1 0 0 0 1 1 1 0 0 
0 1 1 0 1 1 1 0 1 0 1 0 1 0 0 0 1 1 1 0 1 1 1 1 1 1 1 1 0 1 1 1 0 0 1 1 0 1 0 1 1 1 0 1 1 0 1 1 1 1 1 1 0 1 0 0 0 1 1 1 0 0 0 0 0 1 0 0 
0 0 0 0 1 0 1 0 0 0 1 0 1 1 1 0 0 1 0 0 1 1 1 1 1 1 0 1 1 0 0 1 0 0 1 1 0 0 1 0 1 1 0 0 0 1 0 0 1 0 0 0 1 0 1 0 1 1 0 0 1 0 0 1 0 1 0 0 
0 0 0 1 1 1 1 1 0 0 1 1 0 1 1 0 1 1 0 1 0 0 1 0 0 1 1 0 1 0 0 1 0 1 0 1 0 1 0 0 1 1 0 0 0 1 0 0 0 0 1 1 1 0 1 1 0 0 0 1 0 0 0 0 1 0 1 1 
1 1 0 1 0 0 1 1 1 1 1 0 1 0 1 0 0 0 0 0 0 0 1 1 0 1 1 0 1 1 1 1 0 1 0 1 1 1 0 1 0 1 1 1 1 0 0 1 0 0 0 0 0 1 1 0 1 1 0 0 0 0 1 0 1 1 1 1 
0 1 0 0 0 1 0 1 1 0 1 1 0 1 1 0 0 1 0 1 0 1 0 0 1 1 0 0 1 0 1 1 1 1 0 0 0 0 1 1 0 0 0 0 1 0 0 0 1 0 1 1 1 1 1 0 1 1 1 0 1 0 1 1 0 1 1 0 
1 0 0 1 1 0 1 0 0 1 0 1 0 0 0 1 1 1 0 0 1 1 0 0 1 0 1 1 1 0 0 1 1 0 0 0 0 0 0 1 1 1 0 1 1 1 1 0 0 1 1 1 0 1 0 1 1 1 1 1 0 1 0 1 1 0 1 1 
0 1 0 0 0 1 1 1 0 0 0 0 1 1 0 1 0 0 1 0 1 0 1 1 1 1 0 0 1 1 1 0 1 0 0 1 1 1 1 1 0 1 1 1 0 1 1 0 1 0 0 1 0 1 0 1 0 1 1 0 0 0 0 1 0 0 1 1 
1 0 0 1 1 0 1 1 1 0 1 1 0 0 0 0 1 0 1 0 1 0 0 0 0 0 1 1 0 0 0 1 0 1 1 1 1 0 0 0 0 0 1 0 0 1 0 1 0 1 1 1 1 1 1 1 1 1 0 1 1 1 1 0 0 0 1 1 
0 0 1 0 0 1 0 0 0 0 1 0 1 1 0 0 0 1 1 0 0 0 1 0 1 0 0 1 0 1 0 0 1 1 0 1 0 0 1 1 0 1 1 1 0 1 1 0 1 1 0 1 1 0 1 0 0 1 1 1 1 1 1 0 0 0 0 1 
0 1 0 1 0 1 0 0 1 0 1 0 1 1 1 0 1 1 0 0 0 1 1 1 0 0 0 0 0 0 1 1 1 1 0 0 1 0 0 0 0 1 0 1 1 1 1 0 0 1 0 1 0 1 0 0 0 0 1 0 0 0 1 0 0 1 0 1 
0 0 1 0 0 1 0 1 0 1 1 1 1 0 0 1 1 0 0 1 1 1 0 1 1 1 1 1 1 1 0 1 0 1 1 0 0 1 1 1 1 0 0 0 0 0 1 0 0 1 1 1 0 1 1 0 1 0 1 0 0 0 1 0 1 0 0 0 
0 1 1 1 1 1 1 0 1 0 0 1 0 1 1 0 1 0 0 0 0 0 0 0 0 1 0 1 1 0 1 1 1 0 0 1 1 1 1 0 0 1 0 0 0 1 0 1 1 1 1 1 1 1 0 1 0 0 0 0 1 0 1 0 0 0 1 0 
1 0 0 1 1 0 1 0 1 0 1 0 1 1 0 0 0 0 1 1 0 1 1 1 1 0 0 0 0 1 0 0 0 0 1 1 1 1 1 0 1 1 1 0 0 1 0 0 1 1 1 1 0 0 1 0 1 1 0 1 0 0 1 0 0 1 0 1 
0 1 0 1 0 1 1 0 0 1 1 1 0 0 0 0 1 1 0 0 0 0 1 1 0 1 1 1 0 1 0 0 1 0 1 1 1 0 0 1 1 1 0 1 1 1 1 0 0 0 0 1 0 0 0 1 1 1 0 1 1 0 1 0 1 0 1 0 
0 1 0 1 0 0 0 0 1 1 0 0 1 1 1 0 1 1 1 0 0 1 1 1 1 0 1 0 0 1 1 0 0 1 1 1 1 1 1 1 0 1 1 0 0 0 0 1 1 1 1 1 0 0 1 1 0 0 0 0 1 1 0 0 0 1 1 1 
0 0 0 1 1 1 1 0 1 1 1 0 0 1 0 0 1 1 1 0 1 1 0 1 0 1 1 0 0 0 0 1 0 0 0 1 0 1 1 1 0 1 0 0 0 0 0 1 1 1 1 0 1 0 1 1 1 0 0 1 0 0 0 0 0 0 0 0 
1 1 0 1 0 0 1 0 0 1 0 1 1 1 1 0 1 1 1 0 1 1 0 0 1 0 0 0 1 0 0 0 0 0 0 0 0 1 1 0 1 1 1 0 0 1 0 0 0 1 0 1 1 0 1 0 1 0 0 0 0 1 0 0 1 0 1 0 
0 0 0 1 1 0 1 1 1 1 1 1 0 0 0 1 0 0 0 1 0 0 1 0 1 0 1 1 0 0 1 0 0 1 1 1 1 0 0 0 1 0 1 0 0 0 1 0 0 1 0 0 0 1 0 1 1 1 0 0 1 1 0 1 1 0 0 0 
0 1 1 0 1 0 0 1 0 1 1 0 1 1 0 1 1 1 0 0 0 1 0 0 0 1 1 1 1 0 0 1 1 1 1 0 1 1 1 0 1 0 0 0 0 1 1 1 0 1 1 0 0 0 0 1 1 0 0 0 0 0 1 1 1 1 1 1 
0 0 1 1 0 1 1 0 0 0 1 0 0 1 1 0 1 1 1 0 1 0 0 1 0 1 0 0 0 1 1 1 1 0 0 0 1 0 0 0 0 0 0 0 1 1 1 0 1 0 0 0 0 0 0 1 1 0 1 0 0 0 1 1 0 1 1 1 
1 0 1 0 0 0 0 1 1 1 1 0 0 1 1 0 1 1 1 0 1 0 0 1 0 1 1 0 1 0 0 0 0 1 0 0 1 1 1 1 0 0 1 0 1 0 1 0 1 0 1 1 1 1 0 1 1 1 0 0 0 0 0 0 1 1 1 1 
0 0 0 0 1 1 1 0 0 0 1 1 0 0 0 1 1 1 1 0 0 1 0 0 1 1 1 0 0 0 1 0 0 1 0 1 1 1 0 1 1 1 0 0 1 1 1 0 0 0 1 0 1 1 1 0 0 0 1 0 0 0 0 0 0 1 0 1 
0 0 0 0 1 0 0 0 1 1 0 1 0 1 0 1 1 1 0 1 1 1 0 1 1 0 1 1 1 1 0 0 1 0 0 0 1 0 0 0 1 1 0 1 0 0 1 1 1 1 1 0 0 1 1 1 1 0 1 1 0 1 1 1 0 1 0 1 
1 0 1 0 1 1 0 0 1 1 1 0 0 0 0 0 1 1 1 1 0 0 0 0 0 1 1 0 0 1 1 1 0 0 1 1 0 1 1 1 0 1 0 0 1 0 0 1 0 0 0 0 0 0 0 0 1 1 0 1 1 1 0 1 0 1 0 0 
1 0 1 1 1 1 0 0 0 0 1 0 0 1 0 1 1 0 1 0 1 0 1 0 1 1 1 1 1 0 1 0 0 1 1 1 0 1 1 0 0 1 0 0 0 0 1 0 0 1 0 0 1 0 0 0 1 0 0 0 0 1 0 0 0 0 1 1 
1 0 1 1 1 0 0 0 0 1 0 1 0 0 1 1 0 1 0 0 1 0 0 1 1 1 1 0 1 0 1 0 1 0 0 0 0 0 0 1 1 0 0 0 1 1 1 1 0 1 1 0 1 0 1 1 1 1 1 0 1 0 0 0 0 0 1 1 
0 1 0 0 0 0 0 1 1 1 0 1 1 0 1 0 0 1 1 1 0 0 1 1 0 1 0 1 0 1 0 0 0 0 0 0 0 0 1 1 0 0 0 1 0 0 1 0 1 1 1 1 1 0 0 0 1 0 1 1 1 1 0 0 1 0 0 1 
1 0 0 1 0 0 0 0 0 1 0 1 0 1 0 0 1 1 0 0 1 1 0 1 0 0 1 1 0 1 0 1 1 0 0 1 0 0 1 1 0 1 0 0 0 1 0 1 0 0 0 1 1 0 0 1 0 1 0 0 1 0 0 0 0 0 0 1 
1 1 0 1 1 0 1 1 1 0 1 1 0 1 1 0 1 1 1 1 1 0 1 0 0 1 0 1 0 0 0 1 0 0 0 1 0 1 0 0 1 1 1 0 0 0 0 1 0 1 0 1 1 0 1 0 1 1 1 1 0 1 0 0 1 0 1 1 
0 1 1 1 1 1 1 1 1 1 1 1 1 1 0 0 1 1 0 1 1 1 0 1 0 1 1 1 1 0 1 1 1 0 1 0 1 0 0 1 0 1 0 1 0 1 1 0 0 0 1 1 1 1 0 0 0 1 1 0 1 0 1 1 1 0 1 0 
