68 65 3567
40 71 26 98 10 95 77 54 41 42 91 83 34 80 91 3 91 8 67 36 24 82 21 1 74 89 74 79 23 78 77 15 1 3 64 10 97 93 63 89 86 5 23 19 84 13 73 26 72 39 14 47 72 34 99 45 22 25 76 97 2 52 63 2 54 
26 63 2 70 77 42 55 82 64 74 17 28 98 43 100 89 56 98 12 41 97 57 63 21 84 11 22 35 73 76 41 98 90 94 68 67 36 22 100 99 47 16 79 97 10 78 85 17 27 96 58 23 4 72 43 87 82 17 74 54 44 14 3 33 59 
22 51 94 44 50 45 42 18 23 38 27 52 74 96 78 70 53 1 73 76 95 12 57 63 85 62 6 50 64 91 8 86 41 54 81 91 98 22 8 20 12 86 71 85 81 48 6 85 100 79 60 95 42 68 57 26 29 15 27 93 5 86 78 45 39 
58 87 88 31 46 7 94 32 29 31 64 29 36 49 28 14 60 74 7 28 83 32 56 97 10 48 53 48 77 49 86 86 36 74 17 33 32 62 64 61 92 80 89 28 28 68 93 87 42 100 14 24 83 22 72 93 69 24 40 98 72 77 83 59 2 
51 92 34 13 7 46 4 86 34 83 13 1 76 52 94 27 17 17 9 38 88 53 59 63 92 56 35 21 38 45 22 89 36 7 53 43 52 8 80 37 91 45 90 18 96 83 44 64 100 52 54 39 5 12 2 48 19 88 68 8 32 42 96 20 48 
100 14 52 8 93 88 98 37 77 15 84 12 58 48 63 61 1 1 65 64 54 65 82 93 84 89 77 25 37 96 25 36 61 76 43 53 15 92 42 44 58 25 55 15 24 17 28 76 69 44 39 75 8 72 67 92 61 43 68 49 38 92 84 98 19 
79 3 86 70 44 29 80 20 35 94 44 51 73 71 71 17 10 45 24 81 12 15 93 54 35 41 44 26 77 93 97 55 95 82 76 90 62 55 62 96 1 57 46 73 27 16 89 36 61 65 69 24 31 61 77 65 2 72 91 78 65 39 84 11 20 
59 1 81 66 14 76 66 70 73 90 96 40 31 84 52 95 52 75 25 12 4 90 65 75 32 94 91 70 77 2 41 88 54 73 53 67 100 70 88 72 11 83 63 41 18 15 35 69 41 12 33 44 1 97 71 84 43 61 53 19 62 45 58 67 17 
10 85 16 31 72 39 42 55 1 82 72 67 69 93 8 80 25 51 32 73 73 15 15 34 19 86 47 63 43 14 79 5 50 46 35 22 84 28 76 36 62 99 3 82 91 10 61 67 12 44 92 85 58 6 70 28 43 16 90 86 81 20 42 31 65 
76 52 100 56 79 87 17 29 89 98 72 50 10 38 14 5 29 98 14 87 19 41 81 34 30 66 67 1 7 49 17 35 52 68 42 82 54 10 10 95 7 81 96 68 71 9 72 51 58 37 89 76 77 70 62 58 35 80 58 94 28 26 80 31 93 
21 12 98 30 21 92 88 54 40 7 24 100 30 26 58 66 15 85 42 84 98 51 70 77 8 63 56 85 94 86 77 66 49 74 95 22 18 34 75 9 40 50 8 21 27 17 86 41 2 79 24 99 29 94 28 88 8 83 72 54 21 48 19 69 74 
66 90 43 99 16 3 91 17 10 63 44 27 49 84 80 79 60 78 8 5 5 95 64 40 67 17 60 66 36 28 91 1 70 85 51 85 87 93 2 49 56 45 75 56 80 6 34 39 35 41 43 92 88 7 31 6 75 90 23 10 69 14 62 38 50 
65 75 37 57 28 37 64 24 63 19 3 68 53 94 2 45 88 93 32 46 23 37 21 64 60 82 33 25 44 22 26 8 48 62 16 75 50 80 50 12 98 53 79 2 98 81 47 85 25 78 31 48 67 3 63 78 84 47 2 27 21 27 86 68 41 
54 95 42 33 44 54 82 48 32 36 45 64 82 82 89 11 64 88 29 66 2 6 49 49 59 28 69 38 65 36 30 18 82 71 2 26 24 36 73 8 71 70 23 52 51 11 14 14 50 43 31 52 100 31 52 59 58 72 48 23 59 77 92 41 99 
94 66 23 29 38 82 99 7 4 2 9 67 67 74 16 9 4 19 61 35 22 19 44 93 18 18 52 94 10 92 92 55 9 66 83 46 47 33 5 51 34 65 17 52 39 84 13 94 55 73 80 76 43 76 21 60 93 72 5 54 15 96 8 23 14 
42 20 12 74 76 62 59 41 30 11 31 66 75 76 72 47 56 47 89 83 67 48 27 90 4 81 4 99 40 26 64 82 98 76 7 73 89 18 13 19 80 95 36 54 71 7 100 78 5 40 60 24 87 86 65 90 66 69 40 58 46 4 91 43 31 
97 16 19 14 80 89 45 75 24 98 45 82 97 22 39 36 81 14 74 18 78 15 36 98 7 93 44 62 83 38 92 31 5 10 97 85 51 41 59 26 39 55 8 87 76 98 75 8 11 48 25 88 15 12 86 73 4 81 34 38 18 77 69 23 38 
65 7 88 5 17 14 43 23 73 82 98 70 56 57 80 55 33 19 69 45 56 93 100 36 26 38 54 54 6 28 92 70 86 79 26 54 44 21 76 16 2 25 37 57 81 68 63 65 87 84 61 42 76 61 30 54 50 83 7 7 62 50 28 47 81 
53 100 24 73 75 92 26 99 28 34 31 48 97 47 34 80 8 27 7 20 56 60 69 90 67 27 3 16 54 49 96 6 100 72 31 26 63 56 76 42 90 6 89 38 5 74 69 12 53 75 83 60 35 3 2 53 29 4 20 82 53 68 39 4 39 
69 30 53 25 57 46 66 15 87 55 19 12 23 82 64 97 64 24 31 18 25 35 46 28 55 27 32 74 65 88 64 86 69 16 62 25 13 27 39 99 33 9 63 55 90 26 51 5 1 34 22 77 68 67 57 74 45 40 47 62 27 10 47 47 77 
8 72 90 86 62 40 18 71 54 24 12 80 74 17 32 59 38 9 79 5 17 52 1 56 51 62 35 60 60 81 89 67 4 30 4 66 21 73 88 75 96 99 6 22 15 37 80 5 97 10 9 13 62 9 69 64 23 3 75 82 35 63 1 39 44 
4 4 65 29 43 91 24 93 96 97 8 32 29 64 81 38 72 93 99 32 13 14 6 15 89 88 50 51 88 40 95 43 43 11 71 37 1 47 29 96 95 88 79 23 51 59 61 74 4 11 6 16 25 63 83 13 50 84 15 89 23 61 84 17 71 
6 53 23 4 81 18 99 21 49 21 71 7 33 45 10 44 2 26 20 64 60 84 66 43 98 6 65 59 89 81 81 95 85 4 98 17 73 48 37 21 21 8 80 53 4 89 48 5 66 67 20 77 50 37 19 100 43 83 10 83 15 90 77 99 45 
27 16 18 74 4 90 94 11 69 99 66 10 46 70 27 65 42 4 66 30 22 65 72 57 74 55 23 16 83 22 12 9 89 81 35 92 71 80 55 39 30 20 100 76 42 27 40 35 82 5 64 55 22 36 11 47 42 34 14 24 7 26 85 47 6 
71 90 28 2 96 19 32 68 18 59 9 96 98 95 77 54 58 32 27 45 94 74 86 79 87 62 37 64 98 35 22 68 25 49 21 72 67 52 39 85 10 47 32 59 41 9 65 51 92 91 95 85 16 33 64 55 46 52 18 95 87 91 14 63 40 
34 34 6 38 73 42 99 71 26 58 12 34 74 14 77 16 60 61 84 44 76 38 89 28 7 83 66 98 96 28 89 82 61 46 19 85 88 17 56 65 26 19 98 51 32 74 67 91 86 2 87 14 39 75 93 97 10 58 46 57 85 34 38 97 80 
8 82 19 77 37 83 2 55 32 53 38 57 71 80 42 72 66 55 62 93 47 10 54 56 56 62 92 89 52 89 20 59 22 90 35 10 72 89 16 55 41 53 11 63 32 53 86 50 59 47 42 58 56 47 13 63 8 5 4 59 45 23 18 66 13 
4 75 36 92 90 91 84 94 1 46 25 5 31 26 64 29 67 21 37 13 85 99 21 89 2 79 33 25 48 50 89 52 24 24 43 65 66 27 58 67 24 35 71 55 60 86 35 27 58 71 91 43 70 63 83 71 94 68 47 93 17 87 44 93 63 
39 57 28 65 15 46 88 49 69 94 8 54 29 86 64 99 29 58 20 43 40 43 36 59 89 29 76 28 24 68 90 62 76 69 78 90 15 66 90 83 11 50 88 39 87 51 90 15 8 9 58 100 51 45 58 92 25 85 19 1 4 60 62 80 80 
40 21 94 57 11 28 67 12 68 58 98 18 47 13 78 55 22 77 58 18 86 49 95 71 19 95 74 30 8 53 9 99 26 55 55 36 34 74 47 1 31 96 71 29 8 48 35 81 76 92 51 61 92 45 83 62 91 57 91 98 61 52 97 86 58 
3 73 43 28 71 44 10 67 14 38 26 13 25 59 88 16 9 100 60 5 83 21 95 39 64 44 51 67 92 37 24 95 61 66 74 32 61 84 50 26 73 75 38 97 85 77 13 93 77 24 49 59 44 43 49 7 87 99 73 30 87 48 24 100 66 
50 31 26 33 32 52 57 58 41 54 43 18 18 87 46 41 36 4 84 30 4 43 68 2 67 98 41 15 73 40 80 22 22 5 6 53 8 63 10 1 68 4 18 85 91 63 77 78 18 12 7 21 54 75 74 21 72 14 87 44 5 66 18 26 22 
23 30 82 37 92 82 4 47 51 88 37 13 64 66 82 76 25 2 81 99 27 53 22 93 39 17 97 4 86 75 78 9 4 59 45 47 40 1 94 90 88 82 54 4 48 87 31 72 88 11 22 66 64 95 58 2 11 55 58 49 29 35 57 84 45 
53 31 84 53 24 25 93 57 30 96 4 16 78 27 55 88 100 20 3 94 78 57 57 32 14 5 12 100 13 47 44 65 29 79 70 52 3 62 61 84 9 64 99 86 43 5 25 42 24 28 36 1 36 44 84 49 48 47 100 60 94 43 76 22 21 
45 26 75 58 86 58 66 1 8 3 95 12 80 37 87 59 24 88 94 67 23 94 66 70 93 25 15 35 100 88 7 97 65 81 54 50 90 72 3 49 26 97 12 5 85 98 63 8 37 8 26 60 1 91 81 93 67 47 27 19 34 33 67 51 65 
20 52 6 43 54 54 69 3 17 25 87 15 40 47 51 47 24 62 48 67 94 40 33 40 19 3 26 3 69 76 68 41 27 25 83 33 31 3 35 47 28 73 61 19 71 64 65 95 25 64 61 19 56 45 10 74 48 35 28 16 62 47 56 41 72 
91 73 2 93 59 48 72 83 61 90 54 24 7 100 100 70 60 18 25 56 80 50 3 66 78 71 28 24 78 68 47 68 92 48 13 2 48 36 84 8 78 37 31 84 36 30 5 47 100 82 3 79 31 57 96 60 79 23 84 57 42 30 76 85 30 
40 86 77 76 70 84 53 58 66 88 46 47 44 44 46 25 46 76 56 55 72 67 33 46 2 41 40 32 17 24 13 56 62 89 83 31 24 87 40 89 74 85 35 18 81 33 94 26 60 1 32 31 68 17 29 69 57 68 52 73 43 64 81 4 4 
63 86 27 50 26 67 75 62 54 44 42 86 38 20 45 38 3 28 57 19 8 26 76 75 77 48 69 93 28 73 96 43 10 75 92 35 41 66 49 94 62 42 31 99 61 28 88 64 7 45 82 14 22 9 40 50 57 8 42 36 32 90 78 42 16 
21 28 56 39 28 2 100 70 84 50 30 11 89 45 69 85 79 82 6 87 73 8 43 81 1 31 64 90 60 57 57 81 37 13 19 64 66 70 33 1 71 63 12 59 59 80 44 37 14 1 24 86 8 18 18 9 48 34 50 8 90 7 40 26 71 
10 90 88 79 22 88 49 36 99 59 95 31 2 31 96 3 6 81 62 24 51 70 23 84 72 30 73 78 21 51 100 30 40 87 60 13 74 60 1 25 19 95 7 72 77 2 26 83 34 88 58 36 9 80 19 80 62 44 9 82 94 60 64 85 46 
23 49 72 35 49 48 5 95 54 76 24 7 2 6 92 89 15 28 49 94 46 29 55 41 89 89 86 49 52 70 46 26 71 17 12 19 64 16 66 17 92 89 75 45 46 67 33 60 46 81 53 91 61 60 84 50 48 69 50 51 91 95 76 61 12 
88 31 27 55 96 44 46 84 70 90 81 36 74 40 33 7 45 76 19 56 59 20 3 27 69 5 17 64 80 29 27 19 60 53 74 7 48 71 43 18 13 23 5 86 15 38 44 11 13 63 66 23 82 20 49 3 24 18 18 55 98 44 74 57 96 
99 64 96 21 6 65 33 80 69 71 94 58 14 4 22 28 69 44 10 40 45 64 63 62 81 18 59 24 43 68 71 41 83 66 61 40 82 46 19 51 16 13 60 29 68 82 57 89 77 18 28 21 81 91 34 61 60 45 36 2 12 6 94 46 24 
6 85 5 51 3 7 66 67 19 47 87 52 55 75 28 72 54 1 4 44 34 16 55 30 51 56 41 8 49 38 83 7 22 88 57 25 46 75 91 16 21 77 67 75 3 47 98 57 47 53 52 32 68 7 62 70 14 54 77 15 92 60 21 13 99 
77 89 96 51 32 12 23 60 78 97 63 24 46 71 22 98 22 54 17 80 67 86 94 20 15 8 63 74 28 76 72 4 16 19 7 47 30 29 7 8 78 69 83 23 39 5 73 12 58 41 92 24 27 37 95 41 44 58 66 23 85 89 78 100 7 
84 47 37 65 5 44 42 73 78 16 63 82 40 26 91 81 69 66 59 5 13 99 100 70 16 22 6 4 100 57 10 35 55 46 51 59 41 44 83 71 60 97 52 51 23 43 83 91 60 41 96 72 91 47 93 6 69 50 9 20 7 71 6 13 68 
57 72 9 100 6 79 11 3 82 14 77 76 96 67 36 37 14 59 79 61 52 85 81 1 93 52 59 15 57 72 83 65 95 91 17 52 21 79 6 54 92 82 30 88 1 17 76 66 75 54 78 78 90 58 79 83 9 89 49 18 12 31 34 6 73 
50 58 45 29 63 99 72 97 80 59 97 96 86 62 22 92 40 100 81 49 30 15 10 18 64 79 30 94 12 87 67 62 96 11 42 11 9 13 7 88 24 55 35 9 16 57 52 7 8 33 8 89 47 17 58 62 95 39 56 6 26 74 19 73 84 
60 83 45 25 41 84 48 95 71 8 63 79 60 21 86 44 28 74 90 44 31 4 90 70 59 48 47 32 66 19 67 78 2 63 2 94 47 1 89 17 8 51 47 19 23 32 62 51 57 4 46 87 7 36 8 17 35 54 48 100 25 66 29 78 29 
82 71 27 82 59 95 42 61 41 60 84 72 22 86 28 77 31 66 83 18 74 99 52 79 98 4 3 15 32 80 43 66 3 69 47 61 15 88 74 55 100 9 26 73 94 5 49 76 23 83 94 48 33 97 78 82 100 81 96 84 12 91 1 14 11 
99 27 26 87 52 80 38 60 58 10 5 14 10 32 36 92 77 83 76 74 61 57 25 93 4 60 56 94 60 22 5 59 100 82 97 51 61 86 62 18 95 18 32 56 49 19 99 26 54 74 51 14 82 75 58 37 87 13 83 46 86 39 56 85 20 
4 35 80 89 48 50 35 65 33 90 14 51 88 91 56 13 41 69 46 15 78 35 1 91 17 99 28 55 6 13 74 10 99 5 98 47 6 85 11 38 74 76 41 14 66 96 78 6 17 76 73 94 10 25 36 26 75 64 32 81 76 57 90 26 61 
39 72 67 75 35 56 49 62 48 14 80 96 43 85 12 70 9 57 79 34 45 56 60 8 87 40 35 43 81 60 56 20 84 74 94 70 29 94 31 29 59 10 24 54 47 87 23 7 43 2 40 87 9 52 46 48 91 32 42 72 44 97 43 27 70 
36 48 51 82 78 79 92 40 54 45 86 40 68 92 34 21 84 73 81 35 70 28 25 2 70 48 97 18 90 23 88 26 22 90 59 99 20 50 38 25 95 75 64 14 67 49 86 2 21 66 36 91 94 12 44 15 60 40 32 49 14 71 26 35 12 
36 85 31 86 75 55 32 49 70 97 67 19 82 68 91 99 55 33 92 67 28 58 78 67 42 78 32 12 56 18 24 91 3 6 28 29 61 59 77 82 55 44 52 88 11 43 87 66 27 30 84 55 88 13 73 29 42 5 92 97 74 15 88 28 21 
15 56 33 26 33 66 32 28 18 20 38 60 6 55 86 35 90 40 74 2 65 2 44 21 46 92 94 60 31 22 32 46 29 16 23 61 82 54 88 99 73 78 10 30 84 95 65 74 87 90 27 51 92 22 71 37 14 16 48 44 89 32 41 18 47 
63 30 80 69 70 78 41 47 87 23 82 34 87 55 20 76 82 22 19 55 44 7 68 59 7 12 48 38 52 17 36 67 46 16 35 15 45 27 13 32 49 95 17 87 1 88 15 34 9 85 89 4 92 56 62 50 19 61 39 23 77 74 89 75 41 
23 89 86 1 54 69 50 48 85 88 100 72 2 34 32 87 22 35 30 29 48 79 48 61 17 70 89 42 10 63 35 84 4 72 84 57 40 85 56 76 73 55 99 74 40 30 12 13 16 41 42 15 71 41 75 39 10 64 33 71 78 67 54 81 90 
89 89 81 74 44 56 98 51 54 23 90 35 35 3 2 27 96 16 98 36 91 36 97 6 68 67 35 86 72 16 75 60 4 55 33 100 62 82 2 67 5 91 53 39 45 54 65 40 70 14 27 12 50 23 69 69 41 3 7 12 18 81 72 74 88 
56 25 1 38 26 68 94 68 20 32 13 74 48 4 95 62 31 6 63 5 74 83 46 28 89 9 98 22 32 71 9 40 47 9 29 72 28 22 39 48 5 51 73 52 7 19 65 89 24 79 93 49 62 90 28 50 99 25 23 82 95 83 21 41 44 
49 64 71 70 3 70 26 5 42 78 11 12 94 51 35 73 44 35 86 85 63 35 35 39 10 17 34 92 37 26 35 38 90 6 59 44 27 85 48 21 14 11 32 7 13 19 31 8 53 16 93 67 3 27 6 12 95 91 3 84 68 90 21 9 47 
31 52 73 15 52 93 28 14 25 87 78 43 17 86 47 85 78 66 87 56 23 98 3 13 52 86 32 93 58 41 39 88 44 12 3 47 4 82 12 80 20 90 74 89 27 21 73 56 86 59 11 60 8 13 72 11 50 55 4 7 47 42 47 43 5 
1 89 61 34 53 40 54 94 14 42 20 86 14 75 23 24 37 82 31 2 5 93 3 59 96 10 58 90 8 100 46 8 88 6 41 92 98 94 37 63 87 8 48 100 34 22 75 71 3 5 24 59 50 26 69 97 87 26 86 46 25 84 53 65 89 
94 56 86 39 45 100 26 52 47 77 86 68 52 8 22 8 31 80 57 8 1 54 47 26 91 92 51 74 97 15 15 90 70 52 80 14 52 57 18 50 86 3 70 37 10 91 96 92 23 5 51 23 10 97 48 100 41 50 26 37 64 92 78 86 43 
9 51 94 66 68 44 51 70 13 39 31 55 34 74 29 90 25 3 99 73 3 99 13 52 76 1 16 67 78 1 9 87 51 55 4 19 50 6 40 62 44 71 68 29 96 97 19 20 99 69 45 53 67 9 5 94 10 20 12 39 20 21 25 22 27 
80 40 76 85 32 37 80 54 56 61 49 4 79 21 55 99 65 7 66 73 11 11 34 30 23 73 1 95 49 23 21 29 14 96 13 97 84 93 50 39 53 51 43 83 71 97 81 87 3 98 11 14 61 45 95 83 17 96 77 65 70 49 45 35 44 
58 32 79 2 33 17 54 83 11 88 5 59 20 91 62 18 2 27 30 98 73 12 66 20 40 82 41 88 27 76 83 84 7 61 85 91 29 90 74 40 29 78 98 48 21 11 17 22 89 46 71 62 9 36 81 48 17 22 87 43 49 21 78 7 81 
1 0 1 0 1 0 0 1 1 0 1 0 0 0 0 0 0 1 0 1 0 0 1 1 0 0 1 1 1 1 1 1 1 0 1 1 0 0 0 0 0 1 0 0 1 0 0 1 0 1 0 0 1 1 1 1 1 0 0 1 1 0 0 0 0 
1 1 1 1 1 1 1 0 1 0 1 1 0 0 1 1 0 1 0 0 0 0 1 0 0 0 1 0 0 0 1 0 1 0 1 1 1 1 1 0 1 1 1 1 1 1 1 0 0 1 0 1 1 1 1 0 0 1 0 0 1 1 0 0 1 
0 1 0 1 1 0 0 0 0 1 1 1 0 1 1 0 1 0 1 1 0 1 1 1 0 1 0 1 0 0 1 0 0 1 1 1 0 1 1 0 0 0 1 1 0 0 1 1 1 0 0 1 0 1 0 0 1 0 1 1 0 0 1 0 0 
0 1 0 1 0 0 1 1 1 0 1 1 1 0 0 0 1 1 0 0 1 0 1 1 1 0 0 0 1 0 0 1 0 0 0 0 0 0 1 1 0 0 0 0 1 1 0 0 0 0 0 0 0 0 1 1 0 1 1 0 0 1 1 0 1 
0 0 1 0 0 0 0 0 1 0 1 0 0 1 0 0 0 0 0 0 0 0 0 1 1 0 1 1 0 1 0 0 0 0 0 0 0 0 0 1 1 0 1 1 1 0 0 1 0 0 1 0 0 0 0 0 0 1 1 0 1 1 0 1 1 
0 1 0 1 1 1 0 1 1 1 1 1 1 0 1 0 0 0 0 0 0 0 0 1 1 1 0 1 1 1 0 0 0 0 1 0 0 1 1 1 0 0 0 0 1 1 0 1 1 0 1 1 1 1 1 0 0 1 1 0 1 0 0 1 0 
1 1 0 0 1 1 0 1 1 0 0 1 0 1 0 1 0 0 0 0 1 0 0 0 0 0 1 0 0 1 0 1 0 1 1 1 0 0 1 0 0 1 1 1 1 1 0 1 1 0 1 0 0 0 1 0 0 0 0 1 1 1 0 0 0 
0 1 0 0 0 0 0 0 1 1 1 1 1 0 0 1 0 1 0 0 0 0 0 0 1 1 0 0 0 0 0 0 1 0 0 0 1 0 0 0 0 1 1 1 1 0 1 1 1 1 1 1 1 0 1 0 1 1 0 1 1 0 1 1 1 
1 1 0 0 1 0 0 0 0 1 1 0 0 1 1 1 0 0 1 0 1 1 0 1 0 1 0 0 1 1 1 0 0 1 0 1 0 0 1 0 0 1 0 0 0 1 0 0 1 1 1 0 0 1 1 0 0 0 1 1 1 0 0 0 0 
0 1 0 1 1 0 1 0 0 1 0 1 1 0 0 0 1 0 1 0 0 1 1 0 0 0 1 1 0 1 1 1 1 1 0 0 1 1 0 1 0 0 0 0 0 0 0 0 0 1 0 0 1 1 0 1 0 0 0 0 1 1 1 0 0 
1 0 1 0 0 0 1 0 0 1 1 0 1 1 1 1 1 1 0 1 0 1 1 0 0 1 1 1 1 0 0 0 0 1 1 1 0 0 1 0 1 0 1 0 1 0 1 1 1 1 0 1 1 1 1 1 0 1 0 1 1 0 0 1 0 
1 0 0 1 0 0 0 0 1 0 0 1 0 1 1 1 1 0 0 0 0 1 0 1 0 0 0 0 0 1 0 1 0 0 0 0 1 0 0 0 0 0 0 0 1 1 0 0 1 0 0 1 0 1 0 0 1 0 0 1 0 1 0 0 1 
0 0 0 0 0 1 0 1 1 1 0 0 1 1 1 1 1 1 1 0 1 1 1 0 0 0 0 1 0 0 0 0 0 1 0 0 0 1 1 1 0 0 1 1 1 0 0 0 1 0 1 1 1 0 1 1 1 1 0 1 1 1 0 1 0 
0 1 0 1 1 1 1 1 0 0 0 0 1 0 0 1 1 1 0 0 0 0 1 1 0 0 0 1 0 1 1 1 0 1 0 1 0 0 0 0 0 0 1 1 1 1 0 0 0 1 0 0 1 1 1 1 0 1 1 0 0 0 1 0 0 
0 0 0 0 0 1 0 1 0 0 0 1 0 0 1 1 1 1 0 0 0 0 0 1 1 1 1 1 0 1 1 0 1 0 0 0 1 1 1 1 1 1 0 1 1 1 1 0 0 1 1 0 1 1 1 0 0 0 0 1 1 1 1 1 1 
0 1 0 1 0 1 0 1 1 1 0 0 0 1 0 0 0 0 1 1 1 0 0 1 0 1 1 1 0 0 1 0 1 1 1 1 1 1 0 0 1 0 1 1 1 1 1 1 0 1 1 1 1 1 1 1 0 0 0 0 0 1 1 1 1 
0 0 0 0 0 0 1 0 1 0 0 1 0 1 1 1 0 0 0 1 1 1 1 1 1 0 1 1 1 0 0 1 0 0 1 0 0 0 1 0 1 1 1 1 0 0 0 1 0 0 0 0 1 0 1 0 0 1 1 1 1 1 0 0 1 
0 0 0 0 1 0 1 0 1 0 1 1 0 0 1 0 0 1 1 0 1 0 0 0 1 1 1 1 0 1 0 0 0 0 0 1 0 0 0 1 0 1 0 1 1 0 1 1 1 1 0 0 1 0 0 0 0 0 1 0 1 0 0 1 0 
0 1 1 0 1 0 1 0 1 0 1 1 1 0 0 0 0 1 1 1 1 0 1 1 1 1 1 1 1 0 0 1 1 1 0 0 1 1 0 0 1 1 1 0 0 0 1 0 1 0 1 0 0 0 0 0 1 1 1 0 1 1 0 1 0 
0 1 0 1 0 0 0 1 0 0 1 0 1 0 1 0 1 1 0 0 1 0 1 0 0 0 0 1 0 1 0 0 0 0 1 0 0 1 0 0 1 1 0 1 1 1 1 1 1 1 1 0 0 0 1 0 0 1 1 0 0 1 0 0 1 
1 1 0 0 1 0 0 0 1 1 0 0 0 1 1 1 0 0 1 0 1 1 1 0 1 1 0 0 0 0 0 1 1 0 0 0 0 0 1 1 1 1 0 1 0 1 0 0 1 0 0 0 1 1 0 0 1 0 1 1 1 1 0 0 1 
0 1 1 0 0 1 1 1 1 0 1 0 1 1 0 1 1 0 0 1 1 1 0 1 0 1 0 1 1 1 0 0 0 1 0 0 0 0 1 1 0 0 0 1 1 0 0 0 0 1 1 1 0 1 1 0 0 1 1 0 0 1 0 0 0 
0 0 1 0 1 0 1 1 0 0 0 0 1 1 1 0 0 0 0 0 1 0 0 1 1 0 1 0 0 0 0 1 0 1 1 0 0 0 1 0 1 0 1 0 1 0 0 1 0 0 1 0 0 0 1 1 0 0 1 1 0 1 0 1 1 
1 1 1 0 0 1 1 0 0 1 1 0 1 1 1 1 0 1 1 0 0 0 1 0 1 0 1 0 0 0 1 1 1 0 1 1 0 0 0 0 1 1 1 0 0 0 1 1 1 0 1 1 0 0 1 1 0 0 0 0 0 1 0 1 0 
1 1 0 0 1 0 1 0 1 0 1 1 1 0 0 0 1 1 0 0 1 0 0 1 0 1 0 1 1 1 1 0 0 1 0 1 0 0 0 1 0 1 1 1 1 1 1 0 1 0 0 0 0 1 1 0 0 1 1 1 1 1 1 1 0 
0 1 0 0 1 0 0 0 1 1 1 0 1 1 1 1 0 1 1 1 1 1 1 0 0 0 1 1 1 1 0 1 0 0 1 1 0 1 1 1 1 0 0 0 1 1 1 1 1 0 0 0 1 1 0 1 1 0 1 1 1 1 0 1 1 
0 0 0 1 1 1 0 1 1 0 0 1 1 0 0 1 0 0 0 0 0 0 1 0 1 0 1 0 1 0 1 1 0 1 0 1 1 1 0 0 1 1 1 1 1 1 0 1 1 1 1 0 1 1 0 0 1 0 0 0 0 1 1 1 1 
0 0 0 1 1 0 0 0 0 1 1 1 0 0 1 1 0 1 0 1 1 0 0 1 0 1 0 1 0 1 0 0 1 0 1 0 1 0 0 1 1 1 0 1 0 1 0 0 0 0 1 0 0 1 1 0 0 1 0 1 0 0 1 0 1 
1 0 0 1 1 1 0 0 1 0 0 1 0 0 1 1 1 1 1 1 1 0 1 0 0 0 1 0 0 1 1 1 1 1 0 0 0 0 1 0 0 1 1 1 0 0 0 1 0 1 0 1 1 0 1 1 0 0 0 0 1 1 1 1 1 
1 1 1 0 0 1 0 0 0 1 0 1 1 1 1 1 0 0 0 0 1 0 0 0 0 1 1 1 0 0 0 0 0 0 0 0 1 0 0 0 0 0 1 1 0 0 0 0 0 1 0 1 1 0 1 1 1 1 0 0 1 1 0 1 1 
0 0 0 0 0 0 0 1 1 0 1 1 0 1 1 1 1 1 0 1 0 1 1 1 0 1 1 1 1 0 0 1 0 0 1 1 1 0 0 0 0 1 0 0 0 1 0 1 0 0 0 1 0 1 0 0 0 1 1 1 0 1 0 0 1 
0 1 0 0 1 1 0 0 1 0 0 0 0 1 1 1 0 0 1 1 0 1 0 0 0 1 0 1 0 0 0 0 0 1 0 1 0 0 0 1 0 0 1 1 0 0 0 0 0 1 1 1 0 1 1 0 1 1 1 1 1 1 1 1 0 
1 1 0 1 1 1 1 1 1 0 1 1 0 1 0 1 1 1 1 0 0 1 1 1 0 0 0 0 1 0 0 0 1 1 1 0 0 1 1 1 1 1 1 0 0 1 1 1 0 1 0 0 0 1 1 1 0 1 1 1 1 1 0 0 0 
1 0 1 0 0 0 0 1 1 0 1 0 1 1 0 0 1 0 1 0 1 0 0 1 1 0 0 0 0 1 1 1 1 0 0 1 0 0 0 0 0 0 0 1 1 1 0 0 1 1 0 1 1 1 0 0 1 0 0 1 1 1 0 1 1 
0 0 0 0 1 0 0 1 0 0 0 1 0 0 1 1 0 0 0 1 0 0 0 0 0 1 0 0 0 1 1 0 1 1 1 0 1 1 1 0 1 1 1 1 1 0 0 0 0 0 1 0 0 0 1 1 1 1 1 1 0 0 0 1 0 
1 0 1 0 1 1 0 1 1 1 0 1 0 0 0 0 0 0 1 0 1 0 1 0 1 1 0 1 1 0 1 0 0 1 0 1 0 0 0 1 0 1 1 0 1 1 0 1 1 1 1 1 1 1 1 0 0 0 0 1 0 1 1 0 0 
1 1 1 0 0 0 0 1 1 0 0 0 0 0 0 0 1 1 1 0 0 0 0 0 0 1 0 1 0 0 0 0 0 1 0 0 1 0 1 1 0 1 1 0 1 1 0 1 0 0 1 1 0 0 1 0 1 0 1 0 0 1 0 0 0 
0 0 0 0 1 1 0 1 0 0 0 0 1 1 0 1 1 1 1 1 1 1 0 1 0 0 1 0 0 0 0 0 0 0 0 0 1 0 1 0 1 1 0 0 1 0 1 0 0 0 1 1 1 1 0 1 0 1 1 0 1 0 1 0 0 
1 0 0 0 1 0 1 0 0 1 1 0 0 1 0 0 0 1 1 0 1 0 0 1 0 0 0 0 1 0 0 1 0 0 1 1 0 0 0 0 1 1 1 1 1 1 1 1 1 0 1 0 0 1 1 0 0 0 0 1 0 1 0 1 1 
1 0 0 1 0 0 0 0 1 1 1 1 0 0 0 0 0 0 1 1 0 1 1 0 0 1 0 1 1 1 0 1 0 0 0 0 1 1 0 0 0 1 1 1 0 1 1 0 0 0 1 0 0 1 0 0 0 0 1 1 0 1 0 0 0 
1 0 1 0 1 1 0 0 1 1 0 0 1 0 0 1 0 0 1 1 0 1 1 1 0 0 1 0 1 1 0 0 1 1 0 0 0 0 1 1 0 1 0 1 0 0 0 0 1 0 1 1 1 0 0 0 0 1 0 1 0 0 1 0 1 
1 0 1 0 1 1 0 1 1 1 1 1 1 1 0 1 0 0 1 0 0 1 0 0 1 0 0 1 1 0 0 1 1 1 1 0 0 1 1 1 0 0 1 1 1 1 1 1 1 0 1 0 1 0 0 0 0 0 1 1 1 1 0 0 0 
1 0 1 0 0 0 0 0 1 0 0 1 1 1 0 1 1 0 0 1 0 0 1 1 1 0 0 0 1 0 0 0 0 1 1 0 0 1 1 1 1 1 0 0 0 1 1 1 1 1 0 0 1 1 1 0 0 1 0 1 1 1 1 1 0 
0 0 0 0 1 0 1 0 0 0 0 1 1 0 1 1 0 1 0 0 0 1 0 1 1 1 0 0 0 1 1 1 1 1 1 0 1 0 0 0 0 1 1 0 1 0 1 1 1 1 1 1 0 1 0 0 0 0 0 1 0 1 0 1 1 
1 0 0 1 0 0 0 1 0 0 0 0 1 0 0 0 1 1 1 1 0 1 1 0 1 0 0 1 0 0 0 1 0 0 1 0 1 1 0 1 1 0 1 0 0 1 0 0 1 1 1 1 0 0 1 0 1 0 1 1 0 1 1 0 1 
0 0 0 1 0 1 0 1 1 0 1 0 0 1 1 0 0 0 0 1 0 0 0 0 1 1 0 0 0 0 0 0 0 0 1 1 0 1 0 1 1 1 1 0 1 1 0 1 1 0 0 1 1 0 1 0 0 1 1 0 1 1 1 0 1 
0 1 1 0 1 0 1 0 0 1 1 1 1 1 0 0 1 0 1 0 1 1 0 1 0 0 0 1 1 0 1 0 1 0 0 0 1 1 1 1 1 0 0 0 1 0 0 1 0 1 1 0 1 1 1 1 1 1 1 1 0 0 1 1 0 
1 0 1 0 1 0 1 1 0 0 1 1 0 0 1 0 1 1 1 0 0 0 1 0 1 0 0 1 1 1 0 0 1 1 1 0 0 0 0 0 0 1 1 1 1 1 1 0 0 0 0 1 0 1 1 0 0 1 1 1 0 1 0 0 1 
1 0 1 1 0 1 0 1 1 1 0 0 0 0 0 0 0 1 0 0 0 0 0 1 0 1 0 1 1 0 0 0 0 1 0 1 1 0 0 0 1 1 0 1 1 0 1 0 0 1 0 0 0 0 0 0 1 0 1 1 0 0 1 0 1 
1 1 0 1 0 0 0 1 0 1 0 1 0 0 1 0 0 1 0 0 1 0 0 1 1 1 1 1 0 0 1 0 1 1 1 1 0 0 0 0 1 1 1 0 1 0 0 0 0 0 0 1 0 0 1 1 1 0 1 0 0 0 0 0 1 
1 1 1 1 0 0 1 1 1 1 0 0 1 0 0 1 1 1 1 1 0 0 1 1 1 1 1 1 1 1 1 0 1 0 0 1 0 1 0 0 0 0 0 1 1 0 0 0 1 1 1 0 1 0 1 1 1 0 0 0 0 1 1 1 0 
1 0 0 0 0 0 0 0 0 1 1 0 1 1 0 0 1 0 1 1 1 0 1 1 1 1 1 0 0 0 0 1 0 1 1 0 1 1 1 0 0 0 0 1 0 0 1 1 0 1 0 1 1 1 1 0 1 0 1 1 1 1 1 1 0 
0 0 0 0 1 0 0 1 0 0 1 1 1 0 1 0 1 1 0 0 0 0 1 0 1 1 1 1 0 1 1 0 1 1 0 0 1 1 1 0 1 1 1 0 1 0 1 0 1 1 1 1 1 0 0 1 1 1 0 1 0 1 0 1 1 
0 1 0 1 1 0 0 0 1 1 1 0 0 0 1 1 1 1 0 1 1 1 1 0 1 0 1 1 0 0 0 1 0 0 0 1 1 1 1 0 0 0 0 0 0 0 1 1 1 1 1 0 1 0 0 0 0 1 1 1 0 1 0 0 0 
0 1 1 1 0 1 1 0 0 1 1 0 0 0 1 0 1 1 1 1 1 1 0 1 1 1 1 0 1 1 0 1 0 1 1 0 1 0 0 1 0 1 1 0 0 0 0 1 1 1 1 0 1 1 1 0 0 0 0 1 1 1 0 1 0 
1 1 1 0 0 0 0 1 1 0 1 1 1 1 0 0 0 1 1 1 0 1 1 1 0 0 0 1 0 0 1 0 1 1 0 1 1 0 1 1 0 0 0 1 1 1 0 1 0 1 0 0 1 1 1 1 1 0 0 0 0 1 0 1 0 
0 1 0 0 0 1 0 0 1 0 0 0 0 1 0 1 0 1 0 1 0 1 1 0 1 1 0 1 1 0 1 1 1 1 1 1 0 1 1 0 1 1 0 1 1 1 1 1 0 1 0 0 1 1 1 0 0 1 1 1 1 1 0 0 0 
1 1 1 1 1 1 0 0 1 0 1 0 1 0 0 0 1 1 1 0 0 0 1 1 1 0 1 0 1 1 1 0 1 0 1 0 1 0 0 0 0 0 1 1 0 1 1 1 0 1 0 0 1 1 0 0 1 1 1 0 0 0 1 1 0 
0 1 1 0 0 1 0 0 0 1 0 0 1 0 0 0 0 1 1 1 1 1 0 0 0 1 0 0 0 0 0 0 1 1 1 1 1 1 1 1 1 0 1 0 0 0 0 0 1 1 1 0 0 1 0 1 0 0 1 0 0 0 1 0 1 
0 1 0 1 1 0 0 1 1 0 1 1 0 1 0 1 0 0 0 1 0 1 0 1 0 0 1 0 1 1 0 1 1 0 1 0 0 1 1 0 0 0 1 0 1 0 0 1 0 0 0 1 1 0 0 1 1 1 0 0 1 0 0 0 0 
1 0 1 0 1 1 0 1 0 1 0 0 1 1 1 1 1 0 0 0 0 1 1 1 1 1 0 1 1 0 0 0 0 1 1 1 0 1 0 0 0 0 1 1 1 0 0 1 0 0 1 0 0 0 1 1 1 0 1 1 0 1 1 1 0 
0 0 0 0 1 0 0 1 1 0 1 1 0 0 1 1 1 1 1 1 1 0 0 1 1 1 1 0 1 0 0 1 1 0 1 0 1 0 1 0 0 0 0 0 0 1 1 1 1 0 0 0 1 1 1 0 0 0 1 1 1 1 1 0 0 
0 0 1 0 1 1 0 0 1 1 0 1 0 0 0 1 0 0 0 1 1 0 0 1 1 1 0 1 0 0 1 1 0 0 1 0 1 0 0 1 1 0 0 1 0 0 0 1 0 0 0 1 1 0 0 0 0 1 1 0 1 0 1 0 0 
1 0 0 1 0 1 0 0 1 1 1 1 0 0 1 0 0 0 1 1 0 0 1 1 1 1 1 0 1 1 0 0 1 0 1 1 1 1 1 0 0 0 1 0 0 0 1 1 0 0 0 1 0 1 0 0 0 1 0 1 0 0 1 1 1 
0 0 0 1 0 1 0 0 0 0 1 1 1 0 1 0 0 0 0 1 1 0 1 0 0 1 1 1 0 0 0 1 1 0 0 1 1 0 1 0 1 0 1 0 0 0 0 0 1 1 1 0 1 1 0 0 0 1 1 0 0 1 1 1 1 
0 0 1 0 1 1 1 0 0 0 0 0 0 1 1 1 0 1 1 1 0 1 1 1 0 0 1 1 1 0 0 1 0 1 0 0 0 1 0 0 1 0 1 0 1 0 1 0 0 0 1 0 1 1 1 1 1 1 0 0 1 1 0 0 0 
0 0 1 1 0 1 1 0 0 1 0 1 0 0 1 1 1 1 0 0 0 0 1 1 0 0 1 1 0 1 0 0 1 1 1 1 0 0 1 1 1 1 0 0 1 1 1 1 0 1 1 0 1 1 0 0 1 1 1 1 0 1 1 1 0 
0 0 1 1 1 0 0 1 0 0 0 1 1 1 1 1 1 1 0 0 1 0 1 0 0 0 0 1 1 1 0 1 1 1 0 1 1 1 0 1 1 0 0 1 0 1 0 1 0 0 1 0 1 0 0 1 0 1 0 1 0 0 0 0 1 
