45 65 2511
23 48 19 70 5 55 44 61 1 62 73 8 23 55 59 55 47 71 39 2 5 29 98 73 91 13 37 57 61 82 92 84 30 63 53 34 69 96 46 69 9 70 28 32 25 87 86 23 9 77 24 65 5 73 37 48 85 73 4 46 55 48 81 36 62 
33 69 30 28 66 50 88 35 78 71 11 16 9 85 76 85 60 40 41 32 77 88 17 1 44 14 7 91 94 42 52 26 62 33 5 27 82 44 14 11 15 24 26 23 61 53 59 20 93 99 52 21 39 20 21 82 33 28 24 78 69 75 3 83 59 
59 9 40 2 74 3 68 50 80 42 10 33 100 29 25 51 32 45 41 51 17 22 35 44 45 12 65 71 66 47 81 24 7 20 78 81 74 45 30 54 39 91 86 38 19 10 40 51 6 80 53 22 53 88 18 49 99 82 71 65 80 51 40 86 23 
17 18 96 14 99 49 52 89 34 41 8 95 33 10 100 64 62 74 17 1 91 17 100 24 88 16 55 90 55 40 64 24 10 60 89 8 60 92 97 46 32 56 92 16 17 92 80 30 17 48 31 59 64 82 82 3 97 88 93 3 79 8 26 88 67 
14 48 79 5 96 24 89 3 15 4 19 58 83 100 26 30 82 84 46 63 17 48 11 4 92 14 83 100 39 70 18 5 69 96 61 64 71 49 66 38 5 84 47 87 36 73 69 17 56 66 80 25 65 90 28 57 55 62 8 94 84 25 50 52 73 
10 16 95 59 33 84 63 17 31 1 4 3 21 20 10 86 51 86 51 93 66 59 47 27 18 92 62 94 41 14 66 51 81 13 61 13 96 75 81 26 27 84 80 48 56 42 85 6 27 87 98 92 97 45 71 14 88 32 8 29 97 25 31 77 37 
43 42 85 17 22 10 95 58 42 94 13 83 31 18 61 17 68 53 66 64 75 79 51 6 38 79 3 63 61 31 51 3 72 35 71 94 97 66 51 90 59 15 72 89 32 84 58 51 36 75 14 62 53 65 68 43 95 22 5 56 52 7 10 76 42 
81 69 90 98 71 79 8 85 2 49 68 85 6 19 73 80 32 34 84 48 53 26 43 26 82 50 78 41 59 53 82 91 73 23 88 95 53 96 79 54 44 98 38 1 16 62 32 100 96 67 99 100 45 41 26 26 90 55 66 1 59 99 91 31 73 
79 25 25 26 55 78 21 4 68 73 72 29 4 23 76 70 21 76 14 62 53 92 3 7 9 3 65 60 46 47 32 24 23 57 1 77 86 21 32 53 45 3 34 48 25 9 69 46 36 35 59 88 78 61 46 86 16 10 45 61 56 29 36 78 85 
88 6 70 8 38 75 4 92 8 51 17 68 71 14 56 57 72 95 34 84 41 72 51 2 68 11 10 96 98 39 32 85 45 54 44 34 28 47 25 87 49 93 54 72 6 9 28 29 56 14 13 96 37 15 97 4 78 6 52 75 45 35 12 41 88 
7 26 67 6 2 53 54 95 59 77 52 19 5 33 74 70 45 69 6 11 18 61 88 75 12 15 71 99 26 63 86 32 88 53 89 90 5 43 36 63 19 39 82 75 71 7 44 67 76 1 78 45 62 65 19 25 79 42 23 56 4 9 40 92 13 
28 33 69 22 20 32 41 58 65 67 29 23 63 95 98 63 24 94 76 89 65 1 19 6 75 27 61 35 66 4 47 45 36 16 67 7 99 59 65 15 25 93 37 87 39 87 2 63 80 77 3 96 29 21 1 4 99 14 38 64 17 85 9 5 52 
75 11 50 85 75 16 9 19 52 48 10 90 1 24 22 77 26 17 6 98 70 9 97 83 98 12 99 82 20 3 85 46 14 86 30 40 1 91 11 5 38 20 94 90 43 67 66 68 84 23 17 53 83 13 87 81 25 85 14 96 40 99 42 5 84 
23 44 37 13 54 41 2 25 86 91 67 53 9 86 88 31 3 92 14 67 78 46 91 14 59 39 5 9 80 9 45 54 53 81 67 58 73 68 83 58 59 49 62 67 87 1 49 89 44 14 55 73 59 98 87 70 36 91 78 67 52 22 72 56 54 
38 13 26 58 47 36 68 48 49 86 34 2 34 74 45 48 28 18 58 77 56 27 64 98 57 82 49 78 54 4 84 91 69 61 100 15 96 67 62 97 52 95 98 86 20 94 85 48 63 42 76 18 69 92 16 25 73 16 54 78 20 89 21 40 50 
20 54 97 87 16 93 38 62 42 75 34 88 59 81 50 53 8 68 73 99 35 49 24 50 2 1 21 43 73 60 92 93 66 88 79 33 33 68 46 26 95 79 13 53 11 63 57 19 82 29 69 68 77 44 69 31 45 90 73 69 1 16 61 18 55 
91 50 87 11 96 65 5 74 29 9 37 91 66 7 24 94 75 91 71 19 60 53 15 1 25 83 53 92 96 71 46 86 20 85 96 67 49 100 93 77 9 29 20 74 35 95 19 61 86 41 31 97 93 45 49 69 80 1 60 75 23 6 12 95 90 
8 61 90 59 5 18 19 33 37 44 19 84 63 80 21 55 10 17 48 7 65 68 38 17 28 12 40 85 23 34 26 82 46 15 93 51 32 11 35 21 55 54 4 69 85 24 23 46 92 22 52 8 42 41 24 21 52 15 5 27 48 30 60 94 96 
52 44 79 15 30 51 21 83 54 89 67 29 63 65 72 37 68 79 78 9 3 50 60 17 54 38 17 35 98 62 82 1 5 60 15 34 11 35 69 16 75 87 97 90 51 68 78 19 47 7 27 1 56 38 69 61 28 85 95 25 46 76 77 2 87 
92 88 49 78 8 65 5 94 61 46 97 80 23 15 26 81 93 78 36 82 47 96 9 31 42 33 29 69 62 30 55 5 69 56 82 76 20 38 70 32 83 18 11 57 32 89 37 76 66 72 57 12 19 66 95 60 50 23 80 11 4 87 67 25 42 
49 100 61 38 21 44 21 38 6 77 21 46 14 96 12 37 5 75 56 22 21 67 23 95 47 86 51 33 52 75 74 100 74 86 90 47 29 10 36 86 86 57 32 51 4 95 88 60 21 43 81 42 61 4 36 7 89 86 39 40 12 12 92 86 97 
81 84 77 42 19 15 79 75 98 30 31 92 69 90 64 63 23 5 23 26 93 30 66 30 20 57 42 32 100 79 80 32 62 9 73 80 75 52 7 72 33 89 15 53 78 78 15 52 83 89 29 27 18 94 56 38 51 97 21 2 75 52 34 36 12 
6 68 86 9 26 57 41 14 71 93 43 49 59 95 83 48 23 61 17 69 16 6 71 13 26 72 39 30 5 27 41 63 46 27 71 71 83 64 36 6 8 30 6 67 76 40 66 51 100 82 19 15 88 41 79 13 64 70 42 69 96 83 83 41 61 
53 63 43 68 50 100 76 79 5 94 7 96 59 57 95 40 27 62 79 67 40 92 82 9 85 50 56 19 84 48 31 37 62 74 56 11 25 31 42 82 76 48 77 34 56 72 26 82 33 4 100 24 47 81 33 84 83 40 54 66 88 85 54 49 10 
62 12 34 44 53 15 20 52 44 5 7 15 82 40 99 38 91 22 84 71 6 19 5 46 73 23 85 9 28 33 18 89 96 3 33 48 70 4 51 13 8 57 27 90 48 77 27 38 98 62 61 4 33 65 1 57 39 85 65 67 69 34 55 65 88 
39 64 57 42 67 21 2 23 99 91 23 75 69 60 73 82 20 28 14 37 28 70 75 64 86 93 32 19 100 48 59 38 64 15 32 30 36 33 4 34 75 26 9 43 86 33 76 57 60 90 93 39 11 20 2 49 12 85 19 63 85 77 53 48 92 
84 77 79 16 32 64 42 58 24 36 95 56 11 51 67 52 96 57 15 15 10 63 78 95 81 41 79 58 93 78 1 28 6 79 95 37 94 36 94 18 71 88 25 33 39 44 85 34 100 99 100 10 13 29 56 93 69 86 2 13 63 2 92 68 32 
86 4 26 73 50 95 43 37 19 28 27 62 64 12 62 14 63 23 26 92 78 18 12 15 20 77 77 73 68 96 5 6 51 82 78 100 76 73 89 46 100 67 8 63 79 21 76 93 95 53 84 72 22 48 38 93 24 14 66 43 9 22 48 11 3 
26 11 30 50 51 75 49 17 34 63 47 6 90 40 100 42 75 23 15 22 60 8 97 25 25 40 85 46 87 96 100 64 6 29 13 8 55 61 24 89 75 71 94 16 62 46 9 36 68 24 58 80 31 6 4 7 45 89 52 32 84 51 47 41 31 
60 48 85 72 71 25 47 93 19 62 54 16 23 42 83 46 51 62 28 56 18 34 1 6 85 84 89 87 30 81 17 89 28 53 61 50 78 59 95 48 72 100 63 94 41 45 91 91 59 18 47 76 51 47 33 87 30 21 73 11 53 41 100 32 94 
12 81 71 70 27 18 93 27 80 39 67 76 29 58 86 47 4 13 49 2 45 36 83 17 60 93 69 1 92 100 46 55 33 68 76 59 37 69 37 16 59 4 43 87 13 81 85 16 93 34 69 90 69 51 6 80 43 75 80 87 26 77 41 10 44 
17 69 80 37 5 47 95 60 42 81 72 22 66 39 66 51 7 55 71 57 61 50 52 87 82 38 64 58 78 74 54 46 42 85 82 98 32 28 10 73 9 81 46 26 72 11 28 78 66 98 87 26 99 90 64 80 27 27 90 56 100 95 2 93 79 
35 43 10 63 52 34 23 84 79 100 55 42 27 85 7 24 23 84 74 12 47 54 90 73 95 45 73 89 98 17 67 85 59 29 47 10 14 21 46 45 20 52 86 46 36 44 21 10 27 94 21 73 99 62 97 45 7 69 33 56 86 52 40 96 32 
38 6 97 58 51 41 77 54 78 74 90 21 46 51 47 92 24 71 90 85 68 87 43 88 19 99 25 22 90 21 5 28 26 2 85 28 94 14 81 72 39 22 44 85 25 91 28 48 13 69 84 80 55 27 68 26 77 92 47 66 12 4 93 89 5 
30 68 98 95 1 21 85 74 65 21 98 7 48 45 19 17 29 99 71 7 18 48 83 9 95 48 73 98 93 61 54 22 81 3 68 81 24 52 54 40 73 52 46 20 48 16 88 28 66 11 34 83 58 16 44 4 16 16 53 8 28 6 81 8 9 
48 88 84 51 94 23 23 45 20 95 44 35 82 72 1 44 57 35 2 25 78 5 40 93 58 99 73 15 31 80 75 30 20 10 80 13 84 55 57 3 49 52 90 82 75 42 26 32 28 79 8 6 35 99 50 44 97 22 59 79 2 85 8 21 95 
87 85 78 41 93 33 41 44 74 75 19 15 52 2 42 30 9 99 64 59 49 60 55 22 70 85 75 54 92 47 100 78 31 78 71 23 62 11 67 35 37 37 1 88 38 94 69 98 93 33 56 93 44 62 66 13 46 41 66 37 87 66 66 70 95 
36 92 56 99 10 42 35 98 42 75 87 87 43 84 79 27 91 23 70 4 89 82 49 81 100 37 19 65 3 88 11 90 32 66 40 93 7 27 91 100 1 77 86 95 13 17 22 3 91 43 7 79 25 7 11 24 96 30 40 50 69 50 39 100 15 
31 45 73 9 35 24 61 63 61 55 27 77 28 82 68 71 40 98 95 46 61 70 41 90 9 42 58 10 33 10 76 63 54 48 71 40 23 83 54 83 37 81 60 65 62 79 87 1 28 33 98 88 2 91 77 62 32 87 71 64 48 46 78 53 45 
100 44 67 82 97 1 19 29 12 35 42 90 21 42 70 53 92 57 6 34 86 67 65 72 89 81 71 34 58 75 30 10 18 48 91 66 48 61 95 60 95 88 1 67 30 70 71 73 27 76 6 12 94 22 35 82 2 57 67 12 31 96 21 48 43 
63 65 91 24 11 2 70 99 2 37 80 24 59 52 50 35 9 13 80 30 47 62 84 55 28 47 85 76 19 84 18 81 48 60 4 59 61 74 9 15 62 88 38 20 39 39 6 99 51 86 28 49 99 63 3 78 9 87 53 27 22 23 60 69 82 
15 79 95 88 87 61 1 26 98 73 16 88 78 14 38 63 94 38 61 56 40 39 17 78 43 95 99 65 54 19 99 69 50 93 8 88 5 9 14 2 81 29 41 10 43 78 25 36 15 85 43 6 75 59 83 18 54 33 34 59 3 32 27 52 76 
87 40 80 95 53 33 27 81 73 88 23 50 12 10 16 49 53 21 23 11 55 92 16 39 26 75 42 57 53 93 85 39 84 64 85 36 97 63 69 21 51 43 23 62 53 38 10 57 11 85 19 17 28 35 56 53 61 49 62 65 93 46 4 77 61 
40 64 9 3 32 30 53 27 52 66 31 89 28 87 51 64 5 68 91 91 75 44 3 23 57 68 15 54 23 91 14 62 7 23 64 90 52 68 16 3 86 46 43 13 84 46 76 89 13 66 31 87 61 86 61 17 53 75 22 75 18 36 88 24 58 
4 13 61 71 29 15 8 26 9 72 10 54 99 50 18 17 32 4 77 17 16 46 21 91 67 47 8 54 35 31 63 38 95 23 60 23 89 68 1 98 39 62 51 38 63 69 54 46 24 82 15 40 79 35 82 98 82 89 51 68 71 14 5 65 88 
1 1 0 0 1 1 1 0 1 0 0 1 1 1 1 0 1 0 1 0 1 0 1 1 0 0 1 1 0 1 1 1 0 1 0 1 0 1 1 1 1 1 1 0 1 0 0 0 0 1 0 1 1 1 0 0 1 1 1 1 0 0 1 1 1 
1 0 1 0 0 1 1 1 0 1 0 0 1 1 0 1 1 1 0 1 1 0 0 0 0 0 0 0 1 1 0 0 0 1 0 0 0 1 1 0 0 0 0 1 1 0 0 0 1 1 1 0 1 0 0 1 0 1 0 1 0 0 1 0 1 
1 0 0 0 0 0 0 0 1 1 1 1 0 1 1 1 1 1 0 1 0 0 1 1 0 0 1 0 1 0 1 0 0 1 0 0 0 0 0 1 1 1 0 1 1 1 0 0 1 1 1 1 1 0 0 1 0 1 1 1 1 0 1 0 0 
1 0 0 1 1 1 0 0 1 0 1 1 0 1 0 1 0 1 0 0 1 1 0 0 0 1 0 1 0 0 1 1 0 1 0 1 0 1 0 1 1 1 0 1 1 0 1 1 1 1 0 0 1 0 1 1 0 1 0 0 1 1 0 1 0 
0 1 0 1 1 0 0 0 0 0 1 1 1 1 0 0 1 1 1 1 0 1 1 1 1 0 0 1 0 1 1 0 0 0 0 1 0 0 0 0 0 1 1 1 0 0 0 1 1 1 1 1 0 0 0 0 0 0 1 0 1 0 1 0 0 
1 1 0 1 1 1 0 1 0 1 1 0 1 1 1 1 0 0 1 0 0 1 1 0 0 1 0 1 0 0 1 1 1 0 1 1 1 1 0 1 0 1 0 0 0 1 1 0 0 0 1 0 0 0 1 0 1 1 1 0 1 1 1 0 1 
0 1 0 1 1 1 0 1 1 0 1 1 1 0 1 1 1 1 1 1 0 0 0 1 1 0 0 0 0 1 1 0 0 1 0 0 1 0 1 0 0 0 1 1 0 0 0 1 0 0 0 0 0 1 0 1 1 0 0 1 1 1 0 0 1 
0 0 0 0 1 0 0 1 0 1 0 0 1 1 0 1 0 1 1 1 1 1 0 1 1 0 1 0 0 1 1 0 1 1 0 0 0 0 1 0 1 1 0 0 1 1 0 1 0 1 0 1 0 0 0 1 0 1 0 0 0 1 0 1 1 
0 1 1 0 1 1 1 0 1 0 1 0 0 0 0 1 0 1 0 1 0 1 1 1 1 0 0 1 0 1 0 1 1 1 1 0 0 1 0 1 1 0 0 1 0 0 0 1 0 0 0 0 0 1 1 1 1 1 0 0 1 0 1 0 1 
0 0 1 1 0 1 0 0 1 1 1 1 0 0 1 0 0 1 0 1 1 0 1 0 0 1 1 1 0 1 0 0 1 0 0 0 1 0 0 0 0 1 1 0 1 1 0 1 0 1 1 1 1 0 0 1 1 1 0 1 1 1 1 0 1 
1 0 0 0 1 0 0 0 1 0 0 0 0 1 1 1 0 0 0 0 0 0 1 0 0 0 1 1 0 1 0 1 0 0 1 1 0 1 1 0 1 1 0 0 1 1 1 1 0 0 0 0 0 1 0 0 0 1 0 0 1 0 1 1 1 
1 0 1 0 1 1 0 1 0 0 0 1 1 1 1 1 1 0 1 1 0 0 1 0 0 1 1 0 0 0 1 1 0 1 0 1 0 0 0 0 0 0 0 1 0 1 1 1 1 0 0 0 0 1 0 0 0 1 1 1 1 0 0 1 1 
0 0 0 0 1 0 0 1 0 0 1 0 1 1 1 1 1 1 0 1 1 0 1 0 1 0 1 0 1 0 1 1 1 1 0 0 0 0 1 0 0 1 0 1 0 0 1 1 1 1 0 1 1 0 1 1 0 1 1 1 1 0 1 0 0 
1 0 0 1 0 0 0 1 1 1 1 1 0 0 0 1 1 1 1 1 1 0 1 0 1 1 1 1 0 0 1 1 0 1 0 0 0 0 1 1 0 0 0 0 1 0 0 0 0 1 1 1 1 0 1 0 1 0 1 1 0 1 0 1 0 
1 1 0 1 1 1 1 1 1 0 0 0 0 0 0 1 1 1 0 0 0 0 1 0 1 1 1 0 1 0 1 0 1 1 0 0 1 1 0 0 1 0 0 1 1 0 0 0 1 0 0 1 0 0 0 0 1 1 0 0 1 1 1 0 1 
1 1 0 0 1 0 0 1 1 1 0 1 0 1 1 0 1 0 1 1 0 1 0 1 1 1 0 1 0 1 0 1 0 0 1 1 0 1 0 1 1 1 1 1 0 0 1 1 0 0 1 1 1 1 0 1 0 1 0 0 0 0 1 0 0 
1 1 0 0 1 0 1 0 1 0 0 1 0 0 1 0 1 0 0 0 1 1 1 0 1 1 0 1 1 0 1 0 1 1 0 0 1 0 1 0 0 1 1 0 1 1 1 0 1 1 1 0 0 0 0 1 1 0 0 0 0 1 0 1 0 
1 0 0 1 1 0 1 0 0 0 0 1 1 0 0 0 1 1 0 1 1 1 1 0 1 1 0 0 0 0 0 1 0 0 0 1 1 1 1 1 1 1 0 0 0 0 0 1 1 0 1 1 1 0 1 0 1 1 0 1 1 1 0 1 1 
0 0 0 0 0 1 1 1 1 0 1 0 0 1 1 1 0 0 0 0 1 1 1 1 1 1 0 0 1 0 0 0 0 0 0 0 0 1 0 1 1 1 1 0 0 1 1 0 1 1 0 1 0 0 0 0 1 0 0 0 0 0 0 1 1 
0 1 1 0 1 0 1 1 0 1 1 1 0 0 0 0 0 1 0 0 1 0 1 0 1 0 0 1 0 1 0 1 1 1 1 0 0 0 1 0 0 1 1 0 1 1 0 1 1 1 0 0 1 1 0 0 1 1 0 0 0 0 1 1 0 
0 0 0 0 1 0 0 0 1 1 1 0 1 1 1 0 1 0 0 0 0 0 0 1 0 0 0 1 1 1 1 1 1 1 1 1 1 0 1 0 1 1 0 0 0 0 1 1 0 1 1 0 1 1 0 0 1 0 1 0 1 0 1 1 1 
1 0 0 1 1 0 0 0 0 0 0 0 1 1 0 0 1 1 0 0 1 0 0 1 1 0 0 1 0 1 0 1 1 0 0 1 0 0 1 0 0 0 1 0 1 1 0 0 0 0 1 1 0 1 0 1 1 1 0 1 0 0 0 0 0 
0 1 0 0 0 1 1 0 0 1 0 1 1 0 0 0 1 1 0 0 0 0 0 1 0 1 1 1 0 1 1 0 0 0 1 1 1 0 1 1 1 1 0 0 0 0 0 1 0 1 0 0 1 0 1 1 1 0 0 1 0 0 0 0 0 
1 1 1 1 1 0 0 0 0 0 0 1 1 0 1 0 0 1 1 0 0 0 1 0 1 1 0 1 1 1 1 0 0 0 1 1 0 1 0 0 1 0 1 0 0 0 0 0 1 1 0 1 0 0 0 1 1 0 0 0 1 1 0 0 1 
1 1 1 0 1 1 1 0 1 0 0 1 0 1 1 0 1 0 0 1 0 1 0 1 1 0 0 0 0 0 1 1 0 0 1 1 1 1 1 0 1 0 0 1 1 1 1 0 1 1 0 0 0 0 1 1 1 1 1 1 0 0 1 0 0 
0 1 0 1 1 0 0 1 0 0 0 1 1 0 1 1 0 1 1 1 0 1 0 1 0 1 1 1 0 1 1 1 1 1 0 0 0 1 1 0 1 1 0 0 1 1 1 0 0 1 1 0 0 1 1 0 0 1 1 1 0 1 0 1 0 
0 1 0 1 0 1 0 1 1 1 1 0 0 1 0 1 0 0 1 1 1 0 1 0 1 0 1 0 0 0 1 1 0 1 0 0 0 1 0 1 0 1 1 0 0 1 0 0 1 1 1 1 1 0 1 1 1 0 1 1 1 0 0 1 0 
1 1 0 0 1 0 0 0 1 0 0 1 0 0 0 0 1 1 1 0 1 0 1 1 0 0 0 0 1 1 0 0 1 1 0 0 1 0 1 0 0 1 1 1 0 0 1 1 1 0 1 0 1 0 0 1 1 0 1 0 0 0 0 1 1 
0 1 0 0 0 0 0 0 0 1 0 0 0 1 1 1 1 0 0 1 0 1 0 0 0 0 0 0 0 1 1 0 1 1 0 1 0 1 1 0 0 1 0 1 1 1 0 0 1 0 1 1 1 0 0 1 0 0 0 1 0 1 1 1 1 
0 0 1 1 0 1 1 1 1 0 0 0 0 0 0 0 0 1 1 0 1 1 0 0 1 1 0 0 1 1 1 1 1 0 0 1 1 1 1 0 0 1 1 0 0 1 1 0 0 0 0 0 1 0 0 0 0 0 1 1 1 0 0 0 1 
0 0 0 1 1 1 1 0 0 0 0 1 1 0 1 1 0 1 1 1 1 1 1 1 0 0 0 1 0 1 0 0 1 0 1 0 1 1 0 1 1 1 0 0 1 0 1 0 1 0 1 1 0 0 0 0 0 1 1 0 0 1 0 1 0 
1 1 1 0 1 1 1 0 1 1 0 1 1 0 1 1 1 0 1 1 0 0 1 1 1 1 1 1 1 0 1 0 1 0 1 1 1 0 1 1 0 1 0 1 1 1 0 0 1 0 1 0 0 0 1 1 1 1 0 0 1 1 1 1 0 
0 0 1 0 1 0 0 1 1 1 0 0 0 1 0 0 0 0 0 1 1 1 0 0 0 1 0 1 0 1 1 0 1 1 0 0 1 1 1 0 0 0 1 0 1 1 0 1 1 0 0 0 0 1 1 0 0 1 1 0 0 1 0 1 0 
0 1 1 1 1 0 0 1 1 0 0 0 1 1 1 1 0 1 1 1 0 1 1 1 1 1 1 0 1 0 0 1 0 1 1 1 1 1 0 0 1 0 0 0 1 1 0 1 1 1 0 1 1 1 1 0 0 0 0 1 1 0 1 1 1 
0 0 1 1 0 1 0 0 0 1 1 1 1 1 0 0 1 0 1 1 1 1 1 1 1 1 0 1 0 1 1 0 1 0 1 1 1 1 1 1 0 1 1 1 0 1 0 1 1 1 0 0 1 0 0 0 1 0 0 1 0 1 1 1 1 
0 1 0 1 0 0 0 1 1 1 1 0 1 1 0 1 1 0 0 1 0 0 0 1 0 1 1 1 0 0 0 0 1 1 0 0 1 0 1 0 1 1 0 1 0 0 0 1 1 0 1 1 0 1 0 1 1 1 0 1 0 1 0 1 0 
0 1 1 0 1 1 1 0 1 0 0 0 0 1 1 0 0 0 1 0 1 0 1 0 0 0 0 1 0 0 1 0 1 0 0 0 1 0 0 1 0 0 1 1 0 0 1 0 0 0 0 1 0 1 0 1 0 0 0 0 0 0 1 0 0 
1 0 0 1 1 1 0 1 0 1 1 0 0 0 0 1 0 0 1 0 0 0 0 0 1 0 1 1 1 1 1 1 1 1 0 0 0 0 0 0 1 1 0 0 1 1 1 0 1 0 0 1 1 0 1 0 0 0 1 0 1 0 1 1 0 
1 1 0 0 1 1 1 1 1 1 0 0 0 0 1 1 0 0 0 0 0 0 1 0 1 1 0 1 0 1 1 1 0 0 1 0 1 1 1 0 0 1 1 1 0 0 0 0 1 0 1 1 0 0 1 1 1 1 0 1 0 0 0 1 0 
0 1 1 1 0 1 1 1 0 0 1 1 0 0 0 0 1 1 0 1 0 1 0 0 0 1 0 0 1 1 0 1 0 1 0 0 0 0 0 1 0 1 0 1 1 0 1 0 1 0 1 1 1 1 1 1 0 0 1 0 1 1 1 0 0 
0 0 1 0 0 0 0 0 0 1 1 0 1 0 1 1 1 0 0 1 0 0 1 0 1 1 1 1 1 1 1 1 0 0 1 0 0 1 0 0 1 0 0 0 0 1 1 1 0 1 0 0 1 0 0 1 1 1 0 0 1 1 1 1 0 
0 1 0 0 0 1 1 0 1 1 0 1 0 1 1 1 0 1 1 0 1 0 1 0 0 0 1 1 1 0 1 0 0 0 0 0 1 1 0 0 0 0 1 0 1 0 1 1 1 0 1 0 0 1 1 0 1 0 0 0 1 1 0 1 1 
0 1 0 1 1 1 1 1 0 1 0 1 1 0 0 1 1 1 0 0 0 0 1 0 0 0 1 0 0 0 1 1 1 0 0 0 1 0 1 1 1 0 0 0 0 1 0 1 0 0 0 0 0 1 0 1 1 0 1 0 0 0 1 0 0 
1 0 1 1 0 1 1 0 1 1 0 0 1 1 0 1 1 0 0 1 1 1 0 1 0 0 1 0 1 1 1 1 0 0 0 0 1 1 0 1 1 0 1 0 1 0 0 1 0 0 0 1 1 0 0 1 1 0 1 0 1 0 1 1 1 
0 1 0 1 1 1 0 1 1 1 1 1 1 0 1 1 0 1 0 0 1 1 1 1 0 0 1 1 1 0 0 1 0 0 1 1 0 1 1 1 0 0 0 1 0 1 0 0 0 0 0 0 1 0 1 0 0 0 1 1 1 1 1 1 1 
