58 41 515
24 86 36 92 5 22 84 39 84 6 81 20 68 67 49 94 41 65 12 67 6 10 81 4 57 55 36 27 89 54 9 12 39 96 55 96 18 90 34 53 95 
67 24 14 33 73 7 73 89 70 39 47 80 71 50 88 77 85 14 65 90 23 77 29 18 83 76 87 73 9 40 19 27 63 33 59 87 91 83 28 61 73 
74 92 43 23 79 19 59 44 84 49 66 12 29 36 94 4 22 18 64 61 37 91 76 69 1 14 59 84 41 71 56 14 14 51 88 92 69 47 36 4 47 
53 67 75 88 13 30 10 30 93 22 66 35 49 86 36 63 97 71 3 67 78 69 81 28 56 24 49 2 11 52 100 64 71 26 3 83 55 12 12 100 86 
30 34 34 15 69 48 63 39 51 30 17 19 62 96 74 85 44 28 48 96 79 11 18 5 65 100 59 29 63 58 14 44 44 99 59 12 47 21 3 49 2 
71 19 15 66 44 52 62 71 99 9 2 61 26 6 25 25 64 53 39 74 18 83 17 17 93 80 15 65 34 63 67 4 81 33 22 24 84 83 47 82 91 
48 94 68 5 19 44 68 23 82 93 41 64 61 57 56 41 71 73 74 85 91 30 17 23 51 40 7 85 38 40 27 37 34 94 41 52 37 61 74 70 5 
14 86 66 22 93 6 44 65 79 28 55 60 44 78 10 36 84 46 25 23 72 14 8 17 54 59 5 66 85 27 71 50 12 36 24 4 93 67 69 23 47 
75 83 42 52 44 77 87 90 54 62 13 67 69 82 72 80 38 38 64 64 60 65 75 95 88 31 39 55 51 61 53 25 43 94 29 87 23 15 76 76 28 
40 42 97 21 13 76 59 2 91 22 61 7 49 7 95 79 45 1 29 6 53 5 100 98 33 86 20 48 13 95 75 5 36 23 25 1 50 35 2 92 9 
15 99 57 73 93 87 18 45 67 75 97 71 26 46 4 64 66 3 76 60 29 32 48 52 57 48 53 43 1 45 51 67 43 59 40 87 45 9 31 11 83 
79 34 60 24 37 23 89 39 51 1 19 82 48 70 90 47 23 33 47 19 83 66 61 42 5 47 38 65 29 49 47 7 82 58 82 70 81 71 60 31 71 
78 12 70 100 2 16 22 34 14 40 68 79 52 9 35 50 47 99 78 47 97 36 80 55 69 1 35 91 60 17 13 37 28 82 36 81 97 9 14 63 100 
82 93 3 42 28 52 40 78 81 38 27 68 69 33 37 69 67 27 28 35 40 17 62 73 52 43 70 13 8 84 12 41 76 15 35 55 18 74 85 99 64 
11 18 32 43 54 1 61 33 80 95 72 96 8 44 48 2 65 60 10 48 23 50 76 89 84 82 7 10 66 57 73 76 74 56 70 28 56 30 60 36 76 
83 83 84 26 30 37 43 41 46 42 16 48 69 4 31 51 10 92 16 66 16 44 40 72 13 19 79 95 30 66 22 12 49 57 89 30 94 83 23 39 25 
38 86 93 93 69 43 55 60 11 72 28 54 11 51 18 81 29 12 10 47 34 73 47 42 62 76 35 44 50 74 20 87 11 13 32 31 7 86 43 17 57 
70 22 20 20 40 100 100 51 62 46 36 34 44 78 95 20 12 91 69 37 10 8 100 74 39 30 81 24 72 49 32 93 71 51 12 10 3 64 12 64 9 
100 97 5 29 44 24 40 34 44 29 43 3 80 17 93 9 49 68 33 97 100 25 19 50 37 80 52 52 44 15 60 43 64 16 71 7 39 62 92 35 42 
86 37 21 2 30 82 2 49 14 51 48 38 69 50 26 1 1 77 44 68 89 38 83 4 8 89 95 21 32 29 63 17 17 83 71 98 16 72 47 29 74 
46 19 95 95 44 95 48 73 90 15 61 27 49 16 86 89 10 6 20 90 68 36 59 3 58 56 18 82 54 47 55 52 65 49 46 60 95 93 32 84 59 
44 62 7 60 47 95 69 53 66 11 72 2 69 74 11 76 44 92 82 42 47 33 58 47 78 17 42 23 1 77 81 44 39 40 3 37 86 24 89 52 86 
61 5 54 86 15 81 29 7 62 70 5 94 27 51 24 44 44 46 96 73 78 39 63 17 94 99 3 17 40 6 54 52 10 7 37 24 87 66 82 1 87 
38 94 14 89 69 9 84 14 4 56 92 42 70 60 87 69 14 55 60 19 8 11 28 14 47 4 53 64 37 53 51 75 98 64 15 67 72 98 32 27 6 
75 20 27 35 7 95 100 61 6 19 69 16 98 34 63 53 38 78 42 90 28 16 40 91 30 58 14 79 89 40 36 64 12 63 50 18 9 1 30 15 19 
50 82 69 84 96 73 21 74 14 63 1 29 2 92 10 59 57 41 99 49 76 14 60 38 63 29 99 64 58 13 34 60 94 54 43 90 27 15 63 40 77 
15 21 30 58 82 40 15 22 91 15 98 4 26 87 67 54 85 82 63 49 67 22 43 21 16 84 99 31 98 90 59 12 10 41 22 44 32 88 65 22 2 
62 26 27 1 44 80 85 77 94 34 43 68 28 15 83 63 13 65 12 55 24 75 16 16 96 59 47 83 24 21 84 37 46 62 37 41 93 74 17 87 59 
59 54 86 26 88 100 38 53 11 44 28 37 60 43 33 18 41 67 41 13 3 78 58 64 66 50 57 39 66 95 97 25 100 34 2 87 33 39 39 95 83 
18 32 94 12 16 11 53 82 52 17 84 81 75 48 46 24 56 37 42 50 33 18 1 19 19 87 51 9 78 98 43 95 81 36 7 96 47 11 29 50 27 
13 30 53 12 27 29 19 63 70 20 48 87 20 66 5 6 68 65 35 17 8 30 97 43 88 44 89 98 73 90 24 37 19 29 100 98 57 70 12 78 89 
59 64 60 76 20 17 96 84 52 12 43 81 61 86 68 56 26 17 28 16 92 16 86 20 67 83 28 36 95 5 76 5 20 35 33 91 52 28 27 3 91 
69 35 3 6 2 59 32 70 38 99 61 54 84 33 72 19 60 8 65 17 83 21 36 18 53 27 69 32 5 23 75 73 57 77 79 10 35 62 79 73 12 
91 78 47 23 49 65 83 8 29 51 91 2 86 60 54 64 80 38 68 2 12 93 58 88 23 67 75 36 45 99 47 35 28 93 10 76 10 44 36 90 94 
26 91 31 37 97 95 16 34 14 17 45 58 74 84 32 40 58 67 36 8 13 22 35 58 31 63 67 74 98 56 67 75 47 98 63 43 44 78 28 57 94 
72 67 19 7 98 58 17 65 45 24 29 66 11 38 97 25 4 22 22 12 89 48 10 86 10 4 81 39 31 89 32 54 55 50 60 53 59 28 69 55 52 
49 20 62 87 68 38 42 90 59 5 30 58 66 67 19 69 47 57 51 35 40 56 90 41 68 94 51 95 14 5 46 62 76 59 100 96 96 94 85 6 98 
14 15 64 32 85 84 78 41 87 12 32 42 1 72 9 46 22 56 59 78 1 21 54 12 72 1 59 65 85 17 63 50 31 78 81 16 13 10 8 99 21 
40 93 74 63 53 19 37 8 78 14 61 50 19 72 21 19 82 86 55 98 100 56 81 77 88 48 89 97 7 40 70 98 84 43 61 36 61 97 44 38 62 
4 87 33 27 8 3 60 45 10 10 44 65 90 20 5 89 60 53 95 51 22 93 34 64 53 70 25 1 65 14 14 20 1 46 46 60 49 5 56 58 14 
99 74 55 70 30 95 81 83 90 32 4 82 17 20 86 86 44 38 2 57 51 21 9 49 18 20 49 23 75 58 88 73 83 95 42 13 89 75 95 30 6 
50 63 22 69 48 60 64 37 61 73 40 34 81 88 51 53 88 25 79 45 65 52 27 59 45 91 99 19 37 29 76 87 91 50 7 91 61 71 79 21 43 
18 6 75 57 57 79 44 81 58 40 45 61 19 55 5 9 6 76 46 34 3 32 76 52 90 18 12 12 97 85 54 14 90 81 23 98 59 66 79 16 6 
75 76 24 82 33 84 87 60 29 72 62 12 99 66 2 17 77 13 65 13 19 78 55 51 100 52 9 18 82 77 75 9 4 50 90 88 33 28 99 62 51 
13 73 49 78 26 65 6 39 81 19 9 59 73 59 10 76 19 79 58 47 53 66 3 2 7 42 35 86 41 96 36 53 20 84 82 46 1 87 36 81 57 
96 91 81 6 53 9 24 31 66 23 84 83 77 37 41 18 23 26 10 70 61 14 90 96 95 87 96 34 74 29 42 69 19 75 26 71 83 49 54 100 23 
89 82 99 25 74 69 48 99 30 17 11 44 58 6 90 96 2 75 69 30 17 89 100 91 14 71 25 15 24 24 89 64 57 88 88 30 8 87 80 37 4 
90 80 13 95 22 9 48 96 29 29 64 18 29 6 83 51 30 97 26 53 86 89 61 25 76 90 84 15 69 20 70 10 52 82 57 73 42 4 20 71 33 
84 40 13 89 22 63 71 71 88 75 8 28 36 32 55 77 67 69 98 86 38 7 89 20 63 61 61 19 33 83 3 68 22 15 56 44 29 78 66 16 53 
73 95 40 56 49 16 22 18 65 7 55 24 96 26 86 8 39 56 92 21 58 59 95 72 67 90 100 44 55 67 48 27 13 39 82 62 7 3 79 71 61 
85 94 8 11 32 16 1 87 59 73 97 18 67 68 84 56 20 79 62 38 27 88 51 65 69 64 23 23 42 94 84 78 39 91 40 70 58 40 57 17 13 
5 86 31 72 69 39 43 47 100 33 25 40 35 42 8 98 64 83 91 9 66 68 48 8 60 17 18 99 25 86 63 29 71 46 53 91 84 47 37 35 31 
14 74 17 7 34 14 22 16 56 31 33 76 78 92 35 46 9 85 23 94 100 3 64 45 7 54 80 54 43 14 36 8 40 53 14 73 18 35 40 26 17 
72 1 46 15 87 92 24 71 66 17 70 20 33 66 27 38 45 32 80 11 67 39 50 71 52 74 89 39 65 14 55 88 66 53 2 52 96 25 74 61 94 
96 80 26 61 58 63 6 89 95 68 8 33 69 78 37 42 66 75 6 31 81 93 96 33 46 99 28 71 73 40 64 68 72 89 28 29 3 85 18 97 4 
25 30 72 2 18 65 20 44 22 2 76 66 50 9 12 48 88 82 20 80 97 39 51 37 19 31 39 3 48 36 59 24 17 30 78 86 47 49 29 68 50 
4 34 99 64 45 99 4 78 70 83 74 9 85 10 27 15 100 81 15 87 39 90 55 21 67 40 67 67 68 34 17 72 19 67 35 15 17 90 92 87 72 
17 95 8 78 21 23 78 53 89 64 44 78 19 64 97 10 82 63 78 15 31 49 86 50 35 100 66 25 92 52 48 60 98 56 38 18 30 67 23 70 82 
1 0 1 0 0 1 1 1 0 1 1 0 0 0 0 0 0 0 1 1 0 0 1 1 1 0 0 1 0 1 1 1 1 0 1 0 1 0 1 1 0 
0 1 0 1 0 0 1 0 1 0 0 0 1 1 1 0 1 1 0 0 0 0 0 0 1 0 0 0 1 1 0 1 1 0 0 1 1 1 1 0 0 
0 0 1 1 0 1 1 1 0 1 1 0 1 1 1 1 1 1 0 1 1 0 0 0 0 1 1 0 0 1 0 0 0 1 0 0 1 1 1 1 0 
0 1 0 1 0 1 1 0 0 0 1 0 0 1 0 1 0 0 1 0 0 0 0 0 0 0 1 1 1 0 1 1 1 1 0 1 1 1 1 1 1 
1 1 1 0 1 0 1 0 0 1 0 0 1 0 0 1 1 1 0 1 0 1 0 0 1 0 1 1 1 0 0 0 1 0 1 0 0 0 0 0 1 
1 0 0 1 0 1 1 1 1 0 0 0 1 0 1 1 1 0 0 1 1 1 0 1 0 0 1 0 1 0 1 0 0 1 1 1 0 0 0 1 1 
0 1 0 0 0 1 1 1 1 0 0 0 0 1 0 1 0 0 0 0 1 0 1 0 1 0 0 0 0 1 1 1 0 1 1 1 0 1 0 1 1 
0 0 0 1 0 1 1 1 1 0 0 1 1 1 0 1 1 0 1 1 1 0 1 0 0 0 0 1 0 0 0 0 0 0 1 0 1 1 1 0 1 
0 1 0 1 0 1 0 0 0 1 0 1 1 0 1 1 1 0 0 1 0 0 1 1 0 1 0 1 1 1 0 1 0 0 0 0 1 0 1 1 0 
1 0 1 1 1 0 0 1 0 1 0 1 0 1 1 0 1 0 1 0 0 0 1 0 0 1 1 0 0 0 0 1 1 1 1 0 0 1 0 0 1 
0 1 1 1 0 1 0 0 0 1 0 0 0 0 0 1 1 1 0 0 1 1 1 1 0 1 1 0 1 1 1 1 1 0 0 1 0 1 0 0 0 
0 1 0 1 1 1 0 0 1 0 0 1 1 1 1 1 0 1 0 1 0 0 0 1 0 0 1 1 0 1 1 0 0 1 1 0 1 0 0 0 0 
0 1 0 1 1 1 1 0 1 1 1 1 1 0 0 1 1 1 1 0 1 0 1 0 1 1 1 1 1 0 0 0 1 0 1 0 1 1 1 0 0 
0 0 1 0 0 1 1 1 0 1 0 0 0 1 0 1 0 1 1 0 1 1 0 1 0 0 0 1 1 1 1 1 1 1 1 1 0 0 0 0 0 
1 1 0 0 1 0 0 0 1 1 0 0 1 1 0 1 0 0 1 1 1 0 0 0 0 1 0 0 1 1 0 0 0 1 0 1 1 1 1 0 0 
1 0 1 1 0 0 1 0 1 0 0 0 0 0 0 1 1 0 0 0 1 1 0 0 1 1 1 0 0 1 0 0 1 1 1 1 0 0 0 1 0 
0 1 0 0 1 1 1 0 1 1 1 0 1 1 0 0 0 0 1 1 1 1 0 0 0 1 0 0 1 0 0 1 1 0 0 1 1 1 1 0 1 
0 1 0 1 1 1 1 1 0 0 0 1 0 1 1 1 1 1 1 1 1 0 1 1 0 0 0 0 1 0 1 1 1 1 0 0 0 1 0 0 1 
0 1 1 1 0 0 1 1 1 0 0 0 1 1 0 1 1 0 0 0 1 1 1 1 1 0 1 0 0 0 1 0 1 0 0 0 1 1 1 0 1 
0 0 1 1 1 0 1 1 1 1 1 0 0 0 0 0 1 0 0 1 0 1 1 0 1 1 1 0 0 0 1 0 0 0 0 1 1 1 1 0 0 
0 0 0 0 0 1 1 1 1 1 1 0 0 1 1 1 1 1 1 1 1 0 1 1 0 1 0 1 0 0 1 0 1 1 0 1 0 1 0 0 0 
1 0 0 1 0 1 0 1 1 1 0 1 0 0 1 1 0 0 1 1 1 1 0 0 1 1 1 1 0 1 1 1 1 0 0 1 1 0 1 0 1 
1 1 0 1 0 1 0 0 1 1 1 0 1 0 0 0 1 1 0 0 0 0 1 0 0 1 0 1 0 0 0 1 0 0 1 0 0 1 1 1 0 
0 1 1 0 1 1 1 0 0 1 1 0 1 1 0 0 1 1 0 0 0 1 0 0 0 0 0 1 1 1 1 0 1 0 0 0 0 0 1 0 1 
0 0 0 1 0 0 1 0 0 1 0 0 1 0 0 1 1 0 1 0 1 1 1 0 1 0 0 1 1 0 1 1 0 1 0 0 0 1 0 0 0 
0 0 1 1 1 1 0 1 0 0 0 1 0 0 0 0 0 0 1 0 1 0 0 0 0 1 0 0 1 1 0 0 1 0 1 0 1 1 1 1 1 
0 0 1 0 0 1 1 0 0 1 1 0 0 0 1 1 0 1 0 1 1 0 1 1 1 1 0 0 1 1 0 1 1 1 1 0 1 0 0 1 0 
0 0 0 0 1 1 0 0 1 0 1 0 1 1 1 0 1 0 1 1 0 0 0 1 0 0 0 0 1 0 0 1 0 0 1 1 1 1 1 1 1 
0 1 0 1 0 1 1 0 0 0 0 1 0 0 1 1 0 1 0 0 0 1 0 0 0 1 0 1 0 1 1 1 0 1 0 0 0 1 1 1 1 
1 0 0 1 1 1 0 0 1 0 0 0 1 1 0 0 1 1 1 0 0 0 0 0 0 0 0 0 1 1 1 1 1 1 0 0 0 0 1 1 1 
1 1 0 0 1 0 1 1 1 1 1 1 1 1 0 0 0 0 1 1 1 0 1 1 1 1 1 1 0 1 0 0 0 0 0 0 1 0 1 0 1 
0 0 1 0 0 1 0 0 0 1 1 1 0 0 0 0 0 1 0 1 0 0 1 0 1 1 1 1 0 0 0 1 0 1 1 0 0 1 0 1 0 
1 0 1 0 0 1 0 1 1 1 1 0 0 0 1 0 1 0 0 1 0 1 1 0 0 1 0 1 1 1 0 1 1 1 1 1 0 1 1 1 0 
0 1 0 0 0 0 0 0 1 1 1 0 1 1 1 0 1 0 0 1 0 1 0 1 0 0 1 1 1 1 1 1 0 1 0 1 0 0 1 1 1 
0 1 0 1 0 1 1 1 1 0 1 0 0 1 0 0 0 1 1 1 0 1 0 1 1 1 1 1 0 0 0 1 0 1 0 0 0 1 1 1 1 
1 1 0 0 1 0 0 0 0 0 0 1 0 1 0 1 1 1 1 1 1 0 1 0 1 0 0 0 1 1 0 0 0 0 0 1 0 1 1 0 1 
1 1 1 1 1 0 0 0 1 1 0 0 1 0 1 1 1 1 0 0 1 1 1 1 1 0 0 0 0 0 1 1 0 0 0 1 0 0 0 0 0 
0 0 1 0 1 0 1 0 0 0 0 1 1 1 1 1 1 1 1 0 1 1 0 1 1 1 0 0 1 0 0 1 0 1 0 1 1 1 1 1 1 
1 1 0 1 0 0 0 1 1 0 0 0 0 0 0 0 0 0 1 0 0 1 0 1 1 1 0 0 0 1 0 0 0 0 1 0 0 1 0 0 0 
0 0 0 0 0 0 0 0 0 0 0 1 0 1 0 1 1 0 0 1 0 0 1 1 1 0 1 0 0 1 0 0 0 1 1 0 1 1 1 1 0 
1 0 0 1 0 0 0 1 0 1 1 0 1 0 1 1 0 1 1 1 0 1 1 1 0 0 0 0 1 0 0 0 0 0 1 1 0 0 0 0 1 
1 0 0 0 1 1 0 1 0 1 1 0 1 0 0 1 0 0 0 0 0 0 1 1 0 0 1 0 0 0 1 1 0 0 1 0 1 1 1 0 1 
0 0 0 0 0 1 0 1 1 1 1 1 0 0 1 0 0 1 0 0 1 1 0 1 1 0 0 0 1 0 1 1 0 1 1 1 0 0 0 1 1 
1 1 1 0 0 1 0 0 1 0 1 0 0 0 1 1 0 0 0 1 1 0 1 1 1 0 1 1 0 1 0 0 0 1 0 0 0 0 0 1 0 
1 0 0 1 1 1 0 1 0 1 1 0 0 0 1 1 1 1 1 0 1 1 0 1 1 1 1 1 1 1 1 1 1 0 0 0 1 0 0 1 1 
1 1 0 1 1 1 0 0 0 1 1 0 1 0 1 0 0 1 0 1 0 1 0 0 1 0 0 0 0 1 1 1 1 1 0 0 0 1 0 1 0 
1 1 1 0 0 0 0 1 0 1 0 1 1 0 0 1 0 0 0 0 0 1 1 1 0 1 0 1 1 1 1 0 0 0 0 0 0 0 0 0 1 
0 1 0 0 0 0 1 0 0 1 0 1 0 0 1 1 0 0 0 1 1 0 1 0 1 1 0 1 1 1 1 1 0 1 0 0 1 1 1 1 0 
1 1 0 1 0 1 1 1 1 0 0 1 1 0 0 1 1 0 0 0 1 0 0 0 0 1 0 1 0 1 1 1 0 1 1 1 0 0 0 1 1 
0 0 0 1 1 1 0 1 0 0 0 0 0 0 0 1 0 1 1 0 0 1 0 1 0 1 1 0 1 0 1 0 0 0 1 1 1 1 0 1 1 
0 1 1 1 1 1 1 0 0 1 0 1 0 1 1 1 0 0 1 0 1 1 1 1 0 0 1 1 1 0 0 1 0 1 0 1 0 0 0 1 1 
0 0 1 0 0 1 0 0 0 1 1 1 0 1 1 0 0 0 1 0 0 1 0 1 1 0 0 1 0 1 1 0 1 0 0 1 1 1 1 1 0 
1 0 0 0 1 0 0 1 0 0 1 1 1 1 0 1 1 0 1 0 1 1 1 1 0 1 1 1 0 0 1 1 1 1 1 0 1 1 0 1 0 
1 0 1 0 1 0 1 1 1 1 0 0 1 1 0 0 0 1 0 1 0 0 0 1 1 0 1 1 0 0 1 0 1 0 0 0 0 0 1 1 1 
1 1 0 0 0 0 1 1 1 0 0 1 0 1 0 0 0 1 1 1 0 1 0 0 1 0 0 1 1 1 1 0 1 1 0 1 0 1 0 1 1 
0 0 1 0 0 0 0 0 1 1 0 0 1 1 1 1 1 1 0 1 0 0 0 1 1 1 1 0 1 0 0 0 0 1 0 1 1 0 1 0 0 
1 0 1 0 0 1 0 1 1 1 1 0 1 0 1 0 0 1 1 0 1 1 1 1 1 0 0 0 1 1 0 0 1 1 1 1 0 1 0 0 0 
1 0 1 0 1 1 0 0 0 0 0 0 1 1 1 1 1 1 0 0 1 1 0 1 0 1 1 1 0 1 1 1 1 0 1 0 1 1 1 1 0 
