46 58 1630
90 1 15 93 46 71 99 40 13 4 6 98 6 12 54 16 45 44 57 32 75 50 11 47 46 64 44 83 56 96 48 97 96 15 89 41 85 39 33 49 42 38 46 99 2 51 14 46 94 23 30 20 24 40 18 69 3 13 
4 10 8 51 6 56 65 47 48 1 37 80 49 79 18 46 29 71 97 43 68 42 17 97 14 40 37 31 60 91 44 63 53 3 66 10 58 30 8 6 83 45 85 83 75 54 29 3 76 77 97 44 70 65 40 83 4 28 
14 64 71 9 78 75 11 43 84 21 25 44 78 7 88 14 41 14 68 69 68 95 97 17 38 67 81 30 49 85 9 14 100 31 74 77 5 85 20 41 57 96 84 34 54 71 47 94 36 66 15 3 61 11 19 50 77 100 
31 78 84 40 43 35 22 17 11 27 53 82 67 9 77 50 94 30 72 40 76 7 58 90 61 70 100 80 19 29 31 2 58 66 93 100 100 14 16 10 40 68 92 58 28 20 59 21 2 82 13 77 40 70 66 1 39 17 
32 9 45 62 10 2 79 2 54 78 16 69 39 7 89 82 17 68 2 27 89 3 9 1 79 100 22 96 52 60 12 83 68 9 96 30 10 74 31 15 3 98 36 42 5 24 23 73 91 76 99 31 30 59 83 8 59 4 
55 10 63 67 45 83 75 40 12 36 66 94 51 20 92 38 61 48 61 36 20 3 63 70 86 93 29 68 52 39 24 7 48 38 73 44 20 99 36 83 34 1 77 36 20 20 73 33 67 85 20 38 40 82 7 25 26 87 
44 78 25 67 84 25 5 8 68 76 6 3 11 91 55 39 79 27 58 3 11 76 88 30 13 79 63 19 55 89 58 50 18 82 17 1 6 73 60 26 100 65 28 10 7 83 48 85 9 57 88 19 32 27 100 44 57 62 
15 11 2 72 60 19 5 28 71 63 100 30 88 52 46 15 61 5 49 61 89 57 17 28 27 49 6 78 92 62 92 58 24 93 29 84 64 34 63 86 96 63 16 35 66 13 49 26 17 50 38 58 58 55 37 85 55 43 
62 46 56 53 56 80 98 84 15 13 69 77 98 16 91 65 50 56 78 51 34 94 100 23 51 57 77 88 93 31 82 7 29 89 11 84 20 60 19 34 72 40 63 22 7 5 86 57 61 63 59 46 9 10 68 11 18 97 
50 11 79 31 69 59 20 79 94 91 39 65 25 62 4 39 83 10 43 69 18 55 83 28 52 91 37 72 2 55 68 3 17 98 34 85 9 5 63 54 95 53 18 71 67 73 9 49 35 52 69 4 58 4 32 10 46 68 
81 99 22 100 2 38 49 35 74 57 91 89 11 37 41 80 60 59 53 68 60 39 71 28 42 29 83 73 90 29 93 70 27 14 69 28 4 17 14 77 26 56 65 88 93 58 67 4 16 71 71 27 9 94 55 3 74 89 
75 63 17 67 84 44 33 4 23 88 72 37 16 97 44 33 84 88 42 3 91 9 73 14 36 34 7 42 88 32 30 14 46 47 81 29 42 65 84 64 4 55 52 19 52 96 3 87 83 44 89 74 53 14 87 40 99 45 
81 86 28 10 99 73 8 31 53 49 47 36 65 50 42 16 21 45 63 23 32 46 67 72 71 71 37 9 10 87 5 90 24 32 51 75 4 11 5 8 59 4 95 75 53 36 91 25 81 5 48 64 2 66 87 72 36 24 
32 97 62 36 38 86 67 88 60 22 98 16 81 9 19 75 83 24 63 25 48 43 30 95 58 31 60 44 55 47 19 86 43 81 74 80 66 92 20 77 66 69 92 46 77 63 21 12 86 83 36 33 77 17 80 86 48 91 
81 54 38 52 91 32 32 64 64 49 56 83 77 21 51 68 18 80 30 38 43 67 72 78 52 100 47 31 85 94 73 18 99 62 69 89 94 52 53 57 100 60 91 76 32 93 95 49 24 77 39 66 43 62 96 94 62 42 
24 98 87 49 15 85 10 35 73 55 86 77 63 37 36 53 64 19 98 59 68 21 35 58 39 29 19 34 23 80 75 98 30 61 46 96 45 8 31 69 62 16 46 25 53 81 29 68 52 26 26 71 99 12 28 37 41 46 
70 15 78 96 12 7 56 58 2 52 65 32 20 78 100 65 2 4 98 83 71 49 8 97 19 58 60 46 94 52 43 15 66 20 10 78 78 17 87 32 68 3 15 88 80 14 52 34 17 49 16 88 49 75 36 67 33 47 
64 78 99 7 93 64 78 54 93 8 71 79 39 38 33 53 25 13 67 29 46 35 29 13 22 78 87 9 96 19 56 12 49 54 18 93 69 47 46 62 54 16 92 92 6 77 97 82 89 63 62 86 97 91 98 71 20 36 
79 67 7 86 78 55 39 47 47 60 94 44 73 99 12 16 43 17 92 39 50 32 1 12 17 49 2 66 71 73 54 2 39 60 87 17 66 78 63 12 37 8 7 9 7 18 24 1 86 16 39 36 47 91 47 16 91 100 
33 62 72 86 63 62 45 1 78 62 78 93 73 14 52 32 74 10 49 98 10 35 65 48 22 11 38 68 78 29 19 11 42 42 96 56 3 93 56 81 54 86 25 79 99 76 62 25 38 10 22 47 96 86 95 17 48 84 
36 26 64 6 88 57 47 35 12 50 27 20 82 33 5 58 63 55 33 24 79 70 85 52 69 33 37 15 1 37 98 37 62 14 42 49 70 41 35 82 90 14 53 23 46 57 80 60 63 12 35 94 34 71 45 54 3 34 
68 4 70 65 92 83 78 85 83 48 25 17 81 14 30 33 36 27 41 67 38 3 31 24 96 16 95 93 69 97 26 36 52 95 52 43 29 82 80 11 81 4 79 61 70 9 45 57 87 85 24 25 39 54 48 87 69 94 
79 37 91 4 24 94 50 75 89 78 56 68 40 36 23 18 48 92 78 92 1 65 28 24 41 67 29 40 53 49 34 83 37 76 86 60 69 35 86 9 64 94 76 55 29 99 24 29 42 2 72 42 18 52 17 10 18 97 
49 22 45 82 4 81 57 41 92 26 27 78 34 42 71 62 96 51 12 19 79 53 72 3 47 41 54 15 50 23 12 99 96 8 80 51 89 37 91 80 14 69 9 99 10 79 60 5 30 23 75 60 28 47 62 74 87 15 
88 37 89 51 87 84 59 66 34 99 54 76 30 19 44 39 18 53 17 29 9 46 52 84 58 79 82 19 4 68 86 43 56 74 94 42 10 4 8 43 2 13 19 83 32 14 21 1 19 38 81 27 35 84 62 92 62 43 
63 17 11 48 60 66 73 5 60 82 60 19 77 13 31 47 95 14 60 16 14 78 5 95 57 39 30 18 83 44 61 45 60 23 44 71 40 16 27 99 50 86 17 26 50 48 24 45 13 83 12 79 13 68 25 69 58 54 
38 40 97 98 36 57 72 79 79 12 47 6 10 48 43 79 73 93 78 48 89 90 30 52 68 94 19 92 62 76 98 52 68 94 1 3 2 73 34 81 84 80 86 45 27 80 23 51 72 52 98 12 42 79 15 61 73 33 
5 86 61 2 37 28 95 38 82 49 10 15 29 45 94 66 41 72 45 16 74 69 67 71 80 60 2 47 73 74 31 77 11 91 30 48 70 76 37 52 24 98 66 52 42 12 17 34 35 14 1 9 82 68 31 13 79 32 
59 51 5 90 79 16 32 8 15 2 84 51 5 7 48 22 11 41 85 79 26 20 92 27 28 73 94 10 38 24 42 96 75 98 37 5 65 69 13 79 22 48 81 78 54 80 99 16 20 36 95 98 55 38 24 34 63 69 
43 100 92 36 95 18 34 84 23 98 52 35 29 25 82 9 2 87 89 52 55 60 87 1 57 93 38 32 78 100 100 73 99 44 8 46 61 41 81 35 91 32 21 19 8 54 27 61 41 67 64 47 79 3 47 87 95 36 
19 25 88 70 97 38 13 56 35 26 97 15 60 87 98 81 57 5 34 35 17 26 54 81 72 32 83 70 70 29 58 40 53 45 62 1 34 74 57 69 51 5 83 11 43 81 91 99 37 76 33 54 2 38 34 25 69 16 
47 91 44 56 82 49 52 43 49 85 17 57 53 67 61 88 29 55 68 71 53 56 47 38 9 100 75 94 76 96 61 74 38 57 81 19 5 32 62 5 17 30 14 21 48 26 8 77 81 27 99 85 35 97 74 43 48 49 
89 24 96 49 49 33 5 30 51 61 13 64 18 29 93 31 2 41 56 61 69 88 40 67 73 74 64 46 68 11 46 56 86 41 5 87 25 61 68 28 22 80 91 39 61 36 21 62 76 28 22 96 16 61 62 88 86 77 
85 54 88 31 9 25 23 65 11 48 26 78 27 99 58 69 89 70 4 9 31 31 36 4 26 51 17 88 90 2 64 75 55 3 57 16 28 79 80 38 78 5 68 4 55 77 73 43 46 28 51 28 59 39 83 84 41 99 
71 83 53 87 9 59 89 65 74 68 95 54 58 73 10 25 28 65 1 52 7 98 80 10 25 38 48 59 73 40 58 96 22 10 82 30 20 22 94 94 90 41 47 47 13 56 23 92 72 75 96 79 72 75 88 48 64 87 
6 36 26 15 83 100 76 64 29 96 86 75 89 27 15 87 73 79 94 95 22 66 69 17 44 92 43 83 91 58 69 96 46 46 63 28 45 38 92 26 33 29 52 73 55 66 59 79 96 53 25 69 18 45 86 13 88 28 
95 78 38 15 25 83 60 87 10 57 25 1 82 9 81 33 82 87 50 92 65 97 96 41 65 13 37 2 25 24 82 71 1 19 85 26 1 97 12 62 53 88 15 86 49 95 70 82 82 71 73 98 19 69 91 83 33 27 
37 10 51 18 80 3 88 17 28 40 13 92 1 17 31 15 2 79 10 23 12 43 93 37 92 11 5 82 45 89 61 81 98 11 50 30 13 89 46 93 28 10 36 29 26 66 43 79 97 4 1 8 98 93 44 90 55 100 
23 99 89 83 32 38 45 33 67 58 22 64 2 1 73 37 29 98 2 24 76 50 79 76 58 77 20 53 66 26 5 88 77 45 23 60 82 67 92 1 76 65 64 77 18 89 13 98 86 67 21 14 16 100 41 25 28 13 
30 93 38 34 32 14 78 6 73 11 73 17 11 48 33 27 25 50 15 89 48 52 55 20 65 71 71 58 47 98 70 76 42 7 9 74 73 38 79 97 49 3 13 59 51 46 37 27 47 51 15 46 55 70 66 19 92 36 
28 90 86 97 66 27 56 26 52 28 64 83 76 64 85 89 74 87 86 11 13 84 13 80 30 67 1 47 38 92 34 65 81 19 14 98 46 69 24 49 48 39 31 23 2 68 63 75 54 48 37 19 84 50 50 13 16 50 
59 53 93 92 18 25 63 83 23 8 51 98 8 50 88 39 72 89 58 87 15 63 34 52 81 17 1 30 81 68 31 39 73 23 83 42 48 45 24 22 4 74 71 63 23 58 1 46 98 10 32 12 73 18 15 5 86 67 
35 19 35 17 9 7 40 91 48 39 87 23 12 42 96 82 5 70 39 57 67 36 67 51 99 39 20 66 43 5 32 29 23 18 46 84 76 37 74 75 27 13 97 38 54 44 19 58 13 9 15 32 96 81 82 46 71 1 
11 13 57 43 94 32 12 39 15 88 27 88 14 53 52 11 42 6 54 12 63 19 72 77 50 67 9 83 12 79 83 75 44 39 69 37 22 80 27 36 19 53 76 33 57 27 43 50 32 48 61 47 18 32 23 67 50 84 
49 61 62 83 87 5 74 55 93 95 35 19 31 53 23 6 37 79 84 31 80 16 79 40 62 96 71 36 15 72 19 15 33 33 98 71 37 71 26 30 65 60 100 95 64 23 52 1 53 36 31 33 3 61 72 64 9 95 
51 23 66 70 37 50 2 34 21 90 56 98 71 21 9 71 67 72 93 71 24 97 6 7 29 8 67 53 23 27 47 73 49 64 94 38 66 95 71 38 37 27 35 7 99 43 29 65 66 73 35 90 70 92 48 50 51 66 
1 0 0 1 1 0 1 0 1 0 1 0 1 1 0 1 1 0 1 0 0 0 0 1 1 1 0 0 1 1 0 0 1 0 0 0 0 1 1 0 1 0 0 0 1 0 1 0 0 0 0 0 0 1 1 0 0 0 
0 1 1 0 0 0 0 0 1 1 1 0 1 0 0 1 0 1 1 1 1 1 1 0 1 1 1 1 1 1 1 0 1 0 0 1 0 1 1 1 0 0 1 1 0 1 0 0 0 1 1 0 0 0 0 1 1 1 
0 1 0 1 1 1 1 1 0 0 0 1 1 0 1 1 1 1 0 1 1 1 0 0 1 0 0 1 0 0 0 0 1 0 0 0 0 1 1 0 1 0 0 1 0 1 0 0 1 0 1 0 1 0 1 0 0 1 
1 0 1 1 1 0 0 1 0 0 0 0 0 0 0 0 1 0 0 1 0 1 1 0 1 1 0 0 1 0 0 1 1 1 0 0 0 0 1 0 0 1 0 1 1 0 1 0 1 1 1 1 0 1 1 0 0 1 
0 1 0 0 0 1 0 1 1 0 1 0 0 0 1 1 1 1 1 0 1 0 0 1 0 0 0 1 0 0 1 1 1 1 1 0 0 1 1 1 1 0 1 0 0 0 1 1 1 0 0 1 1 0 0 1 0 0 
0 1 0 1 0 1 0 1 1 0 1 0 1 0 1 0 0 1 1 1 1 0 0 1 1 1 1 1 0 1 1 0 0 1 0 0 1 0 0 0 1 1 1 0 1 0 1 0 1 0 1 0 0 1 1 0 0 0 
1 0 0 1 1 0 0 1 1 1 1 1 0 0 0 1 1 1 1 0 1 0 0 1 1 0 0 0 0 1 1 0 1 1 1 0 1 1 1 0 1 1 1 1 1 1 0 0 1 1 0 0 1 0 1 0 1 0 
1 1 1 0 1 0 1 0 1 0 0 0 1 1 1 0 0 1 0 0 1 1 1 0 1 0 0 1 1 1 1 0 1 0 0 0 0 1 1 1 1 1 0 0 0 1 1 0 0 1 0 0 0 1 0 1 1 0 
0 0 0 1 0 1 1 0 1 0 1 0 1 1 1 1 1 1 1 0 1 1 1 1 1 1 0 1 1 0 0 1 0 0 1 1 1 0 1 0 0 1 1 0 0 0 1 1 0 0 0 1 0 1 1 1 1 1 
1 0 1 1 1 0 1 0 1 0 1 0 0 1 1 1 1 1 0 1 1 0 1 1 1 1 0 0 1 1 0 0 1 1 1 1 1 0 1 0 0 0 1 0 0 0 0 1 0 0 0 1 0 0 0 1 1 0 
0 0 0 0 0 1 1 1 0 1 1 0 1 1 0 0 0 0 1 0 0 1 0 0 0 0 0 0 1 0 0 1 0 0 1 1 0 1 0 0 0 0 0 1 1 1 0 1 1 1 1 1 0 1 0 0 1 0 
0 1 0 0 0 1 1 0 0 1 1 0 1 1 0 0 0 0 1 0 1 0 1 1 0 1 0 0 1 0 0 1 1 1 0 1 0 1 1 0 0 0 0 1 1 1 1 0 1 0 0 0 1 0 1 1 1 0 
1 1 0 1 0 1 0 0 0 0 1 0 0 1 0 1 1 0 0 0 0 1 1 0 1 0 0 1 1 0 1 0 1 1 1 1 0 0 0 0 0 1 0 1 1 1 0 0 1 0 0 1 1 1 1 0 1 0 
1 0 0 0 0 1 1 0 0 1 0 0 0 0 0 0 1 1 1 1 1 0 1 1 1 0 1 1 1 0 1 0 1 1 1 1 0 0 1 0 0 1 1 0 0 1 0 1 0 0 1 1 0 0 0 0 1 1 
1 0 0 0 0 1 1 1 0 1 0 0 1 0 1 0 0 1 1 0 1 1 0 0 0 1 0 1 1 1 0 0 1 0 0 0 1 1 1 0 0 1 0 1 1 1 0 1 1 1 0 0 1 0 0 1 1 0 
0 0 0 1 0 1 1 0 1 1 1 1 1 1 0 1 1 0 0 1 1 1 0 1 1 1 0 1 1 1 0 1 0 0 0 0 1 0 1 1 1 0 0 0 0 0 1 1 0 1 0 0 1 0 1 0 0 1 
0 1 1 0 0 1 0 1 1 1 1 0 0 0 1 0 0 1 1 1 0 1 0 0 1 1 0 1 0 0 0 0 1 1 0 0 0 0 1 0 1 0 0 0 0 1 0 0 0 1 1 0 1 1 0 0 1 1 
1 1 1 0 1 1 1 1 1 0 1 0 0 0 0 0 0 0 0 1 0 0 0 1 1 1 0 1 0 1 0 1 0 0 1 1 1 1 0 0 1 1 0 1 0 0 1 0 0 1 1 0 0 0 1 1 1 1 
0 1 1 1 1 1 1 0 1 0 1 1 0 0 1 0 1 1 0 1 1 0 0 1 0 0 1 1 1 0 0 0 0 1 1 1 1 0 1 0 0 1 1 0 1 0 0 1 1 0 0 1 0 0 0 0 1 1 
1 0 1 1 0 1 1 1 0 0 1 0 0 1 1 1 1 0 0 1 1 1 1 1 0 1 0 0 1 1 1 0 1 1 0 0 0 1 1 1 1 1 1 1 0 0 0 0 0 0 1 0 0 1 1 0 0 1 
1 0 0 0 0 0 1 0 0 0 1 1 1 0 0 0 1 1 0 0 1 0 0 0 0 0 1 0 1 0 1 0 0 0 0 0 0 0 1 0 0 0 1 1 1 0 1 0 1 1 0 0 1 1 0 0 1 0 
0 0 0 1 0 0 1 1 0 1 1 1 1 1 0 1 0 1 1 1 1 0 0 0 0 1 1 0 1 0 0 1 1 0 1 1 0 0 0 1 0 1 0 1 0 0 0 0 1 1 1 1 1 1 1 1 1 0 
0 0 0 0 0 1 1 1 1 1 1 1 0 1 1 1 1 1 1 1 0 1 1 1 0 0 1 1 0 0 1 0 0 1 0 0 1 1 1 0 1 1 1 1 0 0 0 1 0 0 1 0 1 0 1 1 0 0 
0 0 0 1 0 1 0 1 1 1 0 1 1 1 0 1 1 0 1 1 0 1 1 1 1 0 1 1 1 1 1 1 0 0 0 0 1 1 1 0 0 0 1 0 1 1 1 0 0 0 0 0 0 1 1 1 0 0 
0 1 1 0 1 1 0 1 0 1 0 1 1 1 1 1 1 1 0 0 1 0 0 1 0 0 1 1 0 1 1 0 0 1 0 1 0 0 1 0 1 1 0 1 0 1 0 1 0 0 1 0 1 0 1 1 0 0 
1 0 1 0 1 0 1 1 1 0 0 0 0 1 0 0 0 0 0 0 0 0 1 1 0 0 1 0 1 0 0 0 0 0 1 1 0 0 1 1 0 1 0 1 0 0 1 1 0 1 1 0 0 0 0 0 0 1 
0 0 1 1 0 0 1 1 1 1 0 0 0 0 1 0 1 0 0 1 1 1 0 0 1 0 1 1 1 1 1 1 1 0 0 0 0 1 1 0 0 1 0 1 0 0 1 1 0 0 0 1 1 1 1 0 1 0 
0 0 0 1 0 1 1 0 1 0 0 1 0 0 0 0 1 0 0 1 0 0 1 0 1 0 1 1 0 1 1 0 1 1 1 1 1 1 0 0 1 0 1 1 0 0 1 0 0 0 1 0 0 0 1 0 0 0 
1 0 1 0 1 1 0 0 0 1 1 0 1 0 0 1 1 1 1 1 1 1 1 0 0 1 0 1 1 0 1 0 0 1 1 1 0 1 0 0 0 1 1 1 0 1 0 1 0 1 0 1 1 1 1 1 1 1 
0 0 1 1 1 0 0 0 1 0 1 1 1 1 1 0 0 1 1 1 0 0 0 1 1 1 0 1 0 1 0 0 0 0 0 1 0 0 1 1 1 0 1 0 1 0 0 1 1 1 0 1 1 1 0 1 0 1 
0 1 0 0 1 0 0 1 1 0 0 0 0 1 0 1 1 1 1 1 1 0 0 1 1 0 0 0 1 1 1 1 0 1 1 1 0 0 1 1 0 1 0 0 0 0 1 1 0 0 0 1 0 0 0 0 0 1 
0 1 0 1 0 0 0 0 1 0 0 0 0 0 1 0 1 1 0 0 0 0 1 0 1 1 1 0 1 1 1 1 1 1 0 1 1 1 1 0 1 1 1 1 0 0 1 1 0 0 1 0 0 0 1 0 0 0 
0 1 1 1 1 0 0 1 0 1 0 1 1 0 1 0 1 1 1 1 0 1 1 1 1 1 0 0 1 0 0 1 1 0 0 0 0 0 0 0 1 0 0 1 0 1 1 0 0 0 1 0 1 0 1 1 1 1 
1 1 1 0 0 1 0 1 1 0 1 1 1 1 0 1 0 0 0 1 0 0 0 1 0 1 1 1 0 1 1 0 0 0 0 0 1 0 1 1 0 1 0 1 0 0 0 0 1 0 1 1 0 1 1 0 1 0 
0 1 1 1 1 1 1 1 0 1 1 1 0 0 0 0 1 0 1 0 0 0 0 0 1 1 1 0 1 0 1 1 0 0 0 1 0 0 1 0 1 0 1 1 0 0 1 0 0 0 0 1 0 0 1 0 1 0 
0 1 1 1 0 1 0 1 0 0 1 1 0 0 0 1 1 0 1 0 0 0 1 0 1 1 1 0 1 0 0 0 1 1 1 0 0 1 1 1 1 0 0 1 0 0 1 1 1 0 1 1 0 0 0 1 0 1 
1 1 1 0 1 1 1 1 1 0 0 0 1 0 0 1 1 0 0 0 1 1 1 0 0 1 1 0 1 1 1 0 0 1 0 0 0 0 1 1 0 1 1 1 1 1 0 1 1 0 1 0 1 0 0 0 0 1 
0 1 0 0 1 1 1 0 1 1 0 0 0 0 1 1 1 1 0 1 0 1 0 1 1 1 0 1 1 0 1 0 1 1 0 0 0 1 0 1 0 0 1 0 0 1 1 1 0 1 1 0 0 1 1 1 0 1 
0 0 1 1 0 0 1 0 1 1 1 1 1 1 0 0 1 0 1 0 0 1 1 1 1 1 0 1 0 0 0 0 0 0 0 0 0 1 0 1 0 1 1 1 0 1 0 1 1 1 1 1 1 0 0 0 1 0 
1 1 1 0 0 1 0 0 0 0 1 0 0 1 0 1 1 0 0 1 0 1 0 1 1 1 0 1 0 1 0 1 1 1 1 1 0 1 1 0 0 0 1 0 1 1 1 0 1 1 1 1 0 0 1 1 1 1 
1 1 0 1 1 1 0 0 0 0 0 1 1 0 1 0 0 1 1 1 1 0 0 1 0 0 1 1 0 0 0 1 0 0 0 1 0 0 1 0 0 1 0 1 1 1 1 1 0 0 0 0 1 0 1 1 1 0 
0 1 0 0 0 0 0 0 1 0 0 1 1 0 0 1 0 0 0 1 1 1 0 0 1 1 0 0 0 1 0 0 0 0 0 0 1 0 0 0 1 0 1 0 1 0 1 1 0 1 0 1 0 0 1 1 1 0 
1 1 1 1 1 0 0 1 0 1 0 1 1 1 1 1 1 0 1 0 1 1 1 0 0 0 0 0 1 0 0 1 1 1 0 1 1 0 0 0 1 0 1 1 1 0 0 0 1 1 0 0 0 0 0 0 0 1 
0 1 1 0 0 0 0 1 1 1 1 0 1 1 0 0 0 0 1 0 0 0 1 1 0 1 1 1 1 1 0 0 0 1 0 1 1 0 0 1 0 1 1 1 0 1 0 0 1 1 0 0 1 1 1 1 0 0 
0 0 1 0 0 1 1 0 0 1 1 0 0 1 0 1 0 0 0 0 1 0 1 1 0 0 1 1 0 1 1 0 1 0 1 1 1 0 0 0 1 1 0 1 0 0 0 0 1 1 1 0 1 0 1 1 1 0 
0 1 0 1 1 1 1 0 1 0 1 1 0 0 0 1 0 0 1 0 0 0 1 1 0 0 0 0 1 1 0 1 0 0 0 1 0 1 0 1 0 1 0 0 1 0 1 1 0 1 0 0 1 1 0 0 0 0 
