56 42 179
79 17 79 83 1 55 68 35 64 69 30 61 53 38 78 56 10 92 21 20 76 58 59 33 57 10 13 97 75 71 3 53 39 34 87 40 40 54 26 4 74 7 
16 79 44 45 86 54 36 6 25 63 64 84 95 72 45 7 20 19 29 23 23 67 56 62 58 95 15 84 50 41 90 65 71 86 61 56 39 96 13 63 58 28 
98 52 100 42 10 19 12 38 93 35 57 48 96 14 95 62 49 44 54 91 61 24 76 21 79 66 69 44 80 26 71 78 30 70 71 91 89 83 81 81 17 37 
81 64 2 75 25 3 70 79 93 82 54 20 3 85 85 23 28 64 48 98 41 29 68 12 20 8 46 100 40 62 88 20 77 89 46 1 91 68 31 35 49 85 
54 3 69 90 25 96 6 25 93 46 5 12 9 24 19 6 75 11 67 62 30 43 51 28 96 93 47 78 80 47 14 85 50 82 27 26 29 32 2 74 29 7 
37 90 30 8 95 57 18 14 18 99 8 20 26 3 65 24 33 96 71 46 80 72 80 6 97 8 37 51 33 66 57 70 55 38 77 1 94 46 14 64 44 22 
83 70 76 47 93 8 42 15 54 74 86 33 31 83 92 68 33 77 85 41 98 91 78 26 91 24 71 57 87 14 78 69 35 53 68 80 13 61 94 66 86 80 
50 17 14 93 36 46 69 72 38 66 62 15 91 4 38 61 60 76 27 89 45 61 94 64 40 6 24 86 71 62 65 72 78 78 64 13 75 85 36 12 50 49 
78 93 52 68 5 64 43 31 4 87 44 97 2 35 2 78 20 24 39 84 47 16 61 63 80 87 47 15 98 48 63 28 40 66 95 97 81 37 79 37 76 22 
33 77 57 87 54 76 62 44 12 9 59 24 71 90 11 17 56 60 64 70 87 56 88 81 52 68 18 82 4 93 4 89 21 12 75 75 39 88 18 50 96 29 
74 18 70 84 34 78 95 50 47 82 57 34 62 60 54 31 41 9 75 96 97 96 7 23 22 46 11 91 47 58 19 20 76 41 55 61 18 50 62 64 83 70 
50 96 29 3 27 22 11 1 17 60 48 76 34 69 73 44 60 19 54 30 91 81 70 45 41 39 46 55 55 28 24 4 76 5 58 2 26 68 54 94 79 2 
69 13 22 41 8 81 12 61 63 2 41 32 98 34 23 96 88 77 75 63 80 50 67 37 3 92 56 57 86 35 10 6 99 31 47 6 64 10 19 26 63 59 
9 60 44 31 55 83 7 30 46 38 31 12 74 34 4 82 42 41 16 51 46 66 33 44 71 48 5 89 25 67 100 34 27 95 16 33 78 23 14 23 60 45 
86 86 78 41 67 19 81 34 21 79 99 5 22 21 53 27 62 77 93 13 62 71 7 78 4 36 52 17 58 11 61 96 48 90 36 66 8 17 99 80 95 49 
85 68 22 37 46 83 65 91 95 27 61 53 4 16 89 7 85 98 69 97 93 17 87 29 34 46 97 85 78 43 33 62 10 54 50 8 88 14 98 34 92 10 
87 47 78 27 53 62 24 22 10 69 90 96 97 23 94 45 7 71 87 40 84 48 45 33 55 85 98 4 18 90 66 56 88 43 82 41 56 58 14 65 26 3 
13 74 25 58 18 32 28 4 23 63 3 19 95 58 3 44 13 73 85 78 28 73 72 62 65 27 19 30 44 96 32 56 69 8 13 38 91 92 93 13 6 95 
84 100 4 38 95 17 62 80 46 42 4 70 3 20 48 73 49 91 20 80 98 40 87 10 77 78 53 69 42 58 15 77 9 19 15 4 87 28 35 84 69 38 
53 71 57 1 95 57 43 14 36 41 53 74 50 81 3 55 1 97 64 16 73 73 34 39 28 72 67 62 55 35 51 8 58 59 60 52 15 2 18 2 42 22 
75 44 3 30 50 3 26 13 18 98 85 3 37 64 74 55 77 29 89 79 88 46 89 99 50 55 100 67 56 94 40 83 89 42 64 38 97 89 2 66 38 39 
69 26 2 94 80 31 74 69 9 61 66 98 59 15 4 11 33 60 56 73 94 96 66 57 85 62 97 86 28 34 24 48 60 78 41 39 8 15 59 16 27 25 
65 38 91 69 100 24 80 7 48 25 2 13 81 86 27 77 23 6 62 47 53 21 76 45 60 83 11 18 50 38 94 67 27 85 87 26 60 66 84 59 90 85 
71 22 22 49 50 44 54 11 42 58 32 17 55 43 99 65 12 1 54 6 67 32 42 53 57 1 70 92 11 11 76 81 32 97 82 33 93 35 95 34 45 26 
51 99 20 1 15 32 1 69 89 19 52 82 23 9 34 92 52 44 54 28 76 37 76 57 69 68 44 64 2 88 41 4 38 13 4 52 96 57 72 84 27 24 
17 50 84 50 93 35 93 47 14 68 83 90 77 4 9 20 19 62 7 59 65 96 71 21 47 66 29 71 1 55 94 17 4 29 18 49 63 10 95 29 30 29 
70 6 84 78 25 2 92 83 13 56 78 83 28 76 1 56 46 53 63 91 22 18 71 39 66 86 1 12 14 30 93 83 87 76 60 11 78 51 45 90 59 74 
24 38 49 76 46 47 29 8 89 2 25 60 40 43 45 92 54 58 21 46 92 59 22 3 21 51 54 65 40 64 90 15 53 91 91 98 37 71 5 77 72 82 
36 63 24 32 55 77 41 27 75 32 86 96 35 6 98 40 23 89 3 12 3 55 2 45 5 90 15 61 67 86 42 54 1 17 86 55 46 78 33 20 10 18 
67 96 76 16 35 50 4 89 13 6 95 67 51 99 56 17 60 74 3 53 80 55 22 17 9 67 94 41 38 55 11 56 50 38 71 84 87 74 72 99 31 67 
17 81 17 25 98 28 98 52 81 29 6 54 45 66 20 91 58 9 45 68 64 47 5 34 30 43 59 54 94 89 72 10 22 88 34 19 68 84 22 100 12 79 
53 9 96 24 99 53 32 95 73 95 41 29 80 23 72 38 28 65 78 99 74 99 38 8 69 5 91 90 4 54 20 56 62 67 79 12 20 62 59 44 8 99 
72 87 73 43 76 100 59 54 50 33 52 88 92 21 44 34 62 100 87 34 7 49 100 38 12 19 99 70 14 7 21 86 45 93 80 73 45 39 78 94 71 29 
33 14 1 29 47 15 28 33 48 34 33 47 23 97 18 22 66 31 80 86 16 76 79 48 48 75 86 77 68 8 6 1 21 58 81 19 72 8 3 71 93 88 
18 16 84 87 89 49 17 68 35 85 95 65 32 95 39 69 71 58 76 28 10 48 86 90 66 9 49 20 80 42 7 49 57 90 35 97 91 3 16 77 87 10 
93 70 4 31 90 75 40 65 2 50 64 39 91 81 48 40 1 79 81 59 27 89 1 61 85 91 63 100 67 2 61 11 23 65 93 13 91 32 29 44 33 93 
83 24 73 82 63 25 60 43 84 86 83 36 98 67 26 12 18 44 13 78 54 36 94 46 100 36 29 28 80 62 20 14 85 45 95 47 21 6 41 56 43 23 
91 40 41 68 51 10 11 16 39 16 51 33 13 2 68 42 29 99 3 1 12 39 45 58 85 17 63 77 73 5 99 63 96 91 31 99 100 93 14 38 61 16 
22 73 17 42 66 45 40 20 45 52 58 41 61 42 58 24 18 82 80 68 96 76 58 78 74 9 71 87 99 83 2 20 55 70 61 73 14 53 92 11 56 50 
51 16 43 60 39 13 41 71 32 37 46 42 14 71 50 36 9 48 18 62 20 25 31 32 97 44 84 88 6 91 89 57 7 32 16 97 96 9 67 27 45 64 
68 10 34 70 46 42 69 15 55 88 39 85 20 87 81 55 75 86 46 15 94 4 98 62 100 93 70 67 72 14 30 39 75 64 60 20 57 29 87 12 16 25 
48 87 12 80 94 38 18 39 4 11 42 2 72 93 46 41 59 17 6 89 8 81 4 67 52 12 95 38 75 11 15 23 49 78 54 42 67 71 32 70 82 25 
23 5 18 69 46 76 85 3 16 92 35 71 59 39 83 53 28 57 15 42 31 64 71 85 5 37 55 37 59 88 13 81 93 30 49 90 58 34 92 73 77 79 
44 35 17 26 40 96 34 54 90 65 17 60 1 74 49 7 62 7 95 74 39 87 4 88 28 61 73 19 85 49 49 28 36 17 5 75 13 39 28 54 55 97 
13 7 70 13 13 31 19 7 56 10 45 59 97 24 71 21 95 56 69 43 35 4 60 40 30 24 30 58 77 84 6 41 42 75 54 54 57 24 13 12 33 9 
23 81 33 45 1 27 100 22 69 87 25 80 26 7 55 55 16 83 90 21 24 31 47 29 36 55 4 48 66 37 9 40 69 41 85 70 67 36 91 87 22 67 
19 99 73 25 5 88 8 46 60 83 28 6 63 64 60 66 63 78 54 71 69 23 63 5 44 81 93 34 68 66 52 38 65 77 62 21 16 21 67 76 3 46 
33 65 9 93 83 24 22 36 46 90 58 9 95 53 89 87 38 8 52 90 45 68 18 59 89 33 79 7 60 82 52 93 98 13 85 80 36 6 16 33 47 25 
41 41 78 82 79 15 89 83 56 86 50 73 44 38 6 74 96 65 7 48 9 5 60 93 36 47 50 3 79 49 28 72 89 57 53 20 23 93 2 79 78 51 
3 73 41 60 47 36 77 5 83 85 9 94 30 97 40 31 99 71 79 78 42 68 34 94 39 9 86 40 39 16 42 41 40 82 53 38 70 29 43 4 13 3 
98 94 99 89 25 98 59 3 75 100 22 61 93 60 69 31 51 59 98 93 99 37 26 51 27 95 31 69 99 44 71 48 89 22 36 13 19 95 16 45 94 37 
57 39 49 25 21 99 83 18 43 34 6 69 36 32 63 67 52 13 62 23 60 50 44 48 63 14 42 30 10 87 18 67 77 66 43 49 17 26 18 59 11 24 
27 46 7 42 64 59 6 25 33 18 27 28 65 41 93 58 70 2 96 87 68 73 5 11 73 21 88 91 79 98 66 58 95 72 51 59 82 56 35 14 73 61 
93 89 53 85 46 22 87 42 61 54 66 65 16 38 37 3 80 67 52 45 24 47 69 74 57 50 82 43 16 54 56 8 43 8 93 40 82 79 81 42 84 98 
6 100 88 94 54 67 60 6 64 36 4 32 61 12 81 42 54 96 96 61 4 90 69 48 29 50 26 62 43 61 11 100 12 98 93 66 17 52 71 80 39 26 
11 100 37 43 41 42 39 88 3 94 29 23 41 58 72 18 71 66 78 81 65 90 31 57 7 47 60 29 78 99 54 88 50 90 30 42 31 20 30 33 13 58 
0 0 0 1 1 0 0 1 1 0 0 1 0 0 1 0 0 0 0 1 1 1 0 0 0 0 0 1 1 0 1 1 1 1 1 0 0 1 1 1 0 1 
0 0 1 1 0 1 1 0 0 0 1 0 0 0 1 0 1 0 1 0 1 0 0 0 0 0 0 0 1 0 1 1 0 1 0 1 0 1 1 1 1 1 
1 1 1 0 0 0 0 1 1 0 1 1 0 1 1 0 1 0 0 1 1 1 0 1 0 0 0 1 1 1 0 1 0 1 1 0 0 0 1 1 0 0 
0 0 0 1 1 1 1 1 0 0 0 0 1 0 1 1 0 0 0 0 1 0 0 1 1 0 1 0 1 1 1 1 1 1 0 0 0 1 0 1 1 0 
1 0 1 0 1 1 1 1 1 0 1 1 1 0 1 0 1 0 1 0 1 1 1 1 1 1 0 1 0 1 0 0 1 1 0 0 0 1 1 1 0 1 
1 1 1 0 0 0 1 1 0 0 0 1 0 0 1 0 1 1 0 1 1 1 0 0 0 0 1 1 0 1 0 1 1 0 1 1 0 0 0 1 1 1 
0 1 1 1 1 0 1 1 0 0 1 0 0 1 1 0 0 1 1 1 0 0 1 1 1 1 0 0 0 1 1 1 0 0 0 1 0 1 1 0 0 0 
1 0 1 0 0 1 1 0 0 1 0 1 0 0 1 0 0 1 1 1 0 1 1 1 1 1 0 0 0 0 0 1 1 1 1 1 0 0 1 1 1 0 
0 1 0 1 0 0 1 1 1 1 1 0 0 0 1 1 0 1 1 0 0 0 1 1 0 1 1 1 0 0 1 1 0 1 0 0 1 1 1 0 1 0 
0 1 0 0 0 0 1 0 0 0 0 1 1 0 1 1 0 1 1 1 0 1 1 1 1 0 0 1 1 1 1 1 1 0 1 1 0 1 1 1 1 0 
0 0 0 1 1 0 1 1 0 1 0 1 0 0 1 1 1 0 0 0 0 1 0 1 1 1 0 0 0 1 0 0 0 1 0 1 1 1 0 1 0 1 
0 1 1 0 0 0 0 0 0 0 0 1 0 1 0 0 1 0 0 0 0 0 1 0 1 0 1 0 0 0 1 0 1 0 0 1 0 1 1 0 1 1 
1 1 0 1 0 0 1 0 0 0 0 1 0 1 1 0 1 1 0 0 0 1 0 0 0 0 1 1 1 1 1 0 0 1 0 0 1 1 0 1 1 0 
0 0 0 0 0 1 1 0 0 1 1 0 0 1 1 1 0 0 0 1 0 1 1 0 1 0 0 0 0 1 0 0 1 0 0 1 0 0 1 0 1 0 
0 1 1 1 1 0 1 1 1 0 0 0 0 0 1 0 0 1 0 0 1 1 1 0 1 1 0 0 1 1 1 1 1 0 1 0 0 0 1 0 0 0 
0 1 0 1 1 0 0 1 0 0 1 1 0 0 0 0 0 1 1 1 1 0 0 0 0 0 0 0 0 1 0 1 0 0 0 1 0 1 1 0 1 0 
0 1 0 0 1 0 0 0 0 1 1 0 1 1 0 1 1 1 0 1 0 0 1 0 0 1 1 1 0 0 1 0 1 1 0 0 1 0 1 1 1 0 
1 0 1 0 0 1 1 0 0 1 1 0 1 1 1 1 0 1 1 1 1 1 0 0 1 1 0 0 1 0 0 0 0 0 0 0 1 1 1 1 0 0 
1 0 1 1 1 1 0 0 0 0 1 0 0 1 1 0 1 0 0 0 1 1 0 1 1 1 1 0 0 1 0 0 1 1 1 0 0 1 1 0 1 0 
0 1 1 0 0 1 0 0 1 1 1 1 1 1 0 0 1 0 1 0 0 1 1 1 1 0 1 0 0 0 1 1 0 0 1 0 1 1 0 0 1 0 
1 0 1 1 0 0 0 1 0 0 0 0 0 0 0 1 0 0 1 1 1 1 0 0 1 1 0 0 0 1 0 1 1 1 1 1 1 1 0 0 1 1 
0 1 1 0 0 1 0 0 1 0 1 1 0 1 0 0 1 0 1 1 0 0 0 1 1 1 0 0 1 1 1 1 1 0 1 1 1 0 1 0 0 1 
1 0 0 0 1 1 0 0 0 0 1 0 1 0 1 1 0 1 1 1 0 0 1 0 1 1 0 1 1 0 0 1 0 0 1 1 1 1 0 1 0 1 
1 1 1 0 1 0 1 0 1 0 0 1 0 1 0 0 0 1 0 0 0 0 0 1 0 1 1 0 0 1 1 1 0 0 0 1 0 1 1 0 1 1 
1 1 1 1 1 1 0 1 0 1 0 0 0 0 0 1 0 0 0 1 0 1 1 0 0 0 1 0 0 1 1 1 0 0 0 0 0 0 1 0 1 1 
0 0 1 0 1 1 1 0 0 1 1 0 1 1 0 0 1 0 1 1 1 0 1 1 0 1 1 1 1 1 1 0 1 0 0 0 0 1 0 0 0 1 
0 1 1 0 0 0 0 1 1 1 1 1 0 1 0 0 1 0 1 0 0 0 0 0 0 0 0 1 1 0 0 1 0 1 0 0 0 0 1 1 0 1 
0 0 0 1 0 1 1 1 1 1 1 0 1 0 0 1 1 1 0 1 1 0 1 1 0 1 1 1 0 1 0 1 0 1 0 0 0 1 0 0 0 1 
0 1 1 0 1 0 0 1 0 1 1 1 0 1 0 1 0 0 1 1 1 1 0 1 1 0 0 1 0 0 1 0 0 0 1 1 1 1 0 1 0 1 
0 0 0 0 1 0 0 0 1 0 1 1 1 1 0 0 0 0 0 1 1 0 0 0 1 1 1 1 0 1 0 0 1 0 0 0 1 0 1 0 0 0 
0 0 1 0 0 0 0 0 1 1 1 1 1 0 0 0 0 0 1 0 0 0 1 0 1 0 1 0 0 1 0 0 1 0 0 1 0 1 0 1 0 1 
1 0 1 1 0 1 0 0 0 0 0 1 1 1 1 0 1 1 1 0 0 1 0 0 0 0 1 0 1 0 1 0 0 1 0 0 0 0 0 0 0 1 
1 1 0 0 1 0 0 1 0 0 0 0 0 0 0 0 1 1 0 0 0 0 1 0 0 0 0 1 0 0 0 0 0 0 0 1 0 0 0 0 0 0 
0 1 1 0 1 0 0 1 0 0 1 0 0 1 0 0 0 0 0 0 0 0 1 1 0 1 1 0 0 0 1 0 1 0 1 0 0 1 1 0 1 0 
0 1 1 0 1 0 1 1 0 1 0 1 0 0 1 0 0 1 0 1 1 1 1 0 1 1 1 0 0 0 0 0 1 1 1 0 1 0 0 0 1 0 
1 0 0 0 0 0 1 0 0 1 1 1 1 0 1 1 0 1 1 0 1 1 1 0 1 1 0 1 1 0 1 0 0 1 1 0 0 0 0 0 1 1 
1 1 1 0 0 1 1 1 1 1 0 0 1 0 1 0 1 0 0 1 1 0 0 0 0 0 0 0 0 0 1 0 1 0 0 1 1 0 0 0 1 1 
0 0 1 0 0 0 0 0 1 1 0 0 1 0 0 0 0 1 0 1 1 1 1 1 0 0 1 0 0 0 1 1 1 0 1 1 1 1 0 0 1 0 
0 0 1 1 0 1 0 0 1 1 1 0 0 1 1 0 0 1 0 1 0 1 0 1 1 1 1 1 1 0 1 0 0 0 1 1 0 1 1 1 0 1 
1 0 0 0 0 0 0 1 0 0 0 0 0 1 1 1 0 0 1 0 0 1 0 1 0 0 0 0 1 0 1 1 1 1 1 1 0 1 0 0 0 1 
0 0 0 1 1 1 1 0 1 0 1 1 1 0 0 0 0 1 0 1 0 1 0 0 1 0 1 1 0 1 0 0 1 1 1 0 0 1 0 1 1 0 
0 0 0 0 0 0 0 1 1 0 0 1 0 1 0 0 1 0 1 1 1 1 0 0 1 0 1 0 1 0 0 0 1 0 0 1 0 0 0 1 1 1 
0 1 0 0 1 1 1 1 1 0 0 1 0 1 0 0 1 1 0 1 1 1 1 0 1 1 0 1 0 1 0 1 1 1 1 0 0 0 1 1 0 1 
1 1 1 1 1 0 0 1 0 0 1 1 0 0 1 0 1 1 0 0 0 1 1 0 1 1 0 1 1 1 0 0 0 1 1 1 0 1 0 0 1 1 
1 1 1 0 0 1 0 0 1 0 1 0 0 0 1 1 1 0 0 0 0 0 1 1 1 1 1 1 1 0 1 1 0 0 1 0 1 1 0 0 0 1 
0 0 1 0 1 1 0 1 1 1 1 0 0 0 0 1 0 1 0 1 0 0 1 0 0 1 1 0 1 1 1 0 0 0 0 1 1 0 1 0 1 0 
1 0 1 1 1 1 0 1 0 1 1 1 1 1 0 0 1 0 0 0 0 0 1 0 1 0 0 0 1 0 1 0 0 0 1 1 1 1 1 1 0 0 
0 1 0 1 0 1 1 0 0 1 0 1 1 1 1 1 0 0 1 1 0 1 1 1 1 0 1 0 1 1 0 1 1 0 0 1 0 1 1 0 0 1 
1 1 0 0 1 0 1 0 1 1 0 0 1 1 0 0 1 1 1 1 1 0 0 1 1 0 1 0 0 1 1 1 1 0 1 0 0 0 0 0 0 0 
0 1 1 1 1 0 0 0 0 1 1 0 1 0 0 0 1 0 1 0 1 0 0 0 0 1 1 1 1 1 1 1 0 1 0 1 1 1 1 1 0 0 
1 1 1 1 1 0 1 1 0 0 1 1 1 0 0 0 1 1 1 0 0 1 1 1 0 1 0 1 0 0 0 0 0 1 1 1 1 1 0 1 1 0 
0 0 0 0 0 1 1 1 1 0 0 1 1 0 0 1 0 0 1 0 0 1 1 0 1 0 1 1 1 0 1 0 1 1 0 1 0 0 1 0 0 1 
1 1 0 1 0 0 1 1 0 0 1 1 0 0 1 1 1 0 1 1 0 0 0 1 0 1 1 1 1 1 0 0 0 0 1 0 0 0 1 0 0 0 
1 0 0 0 1 0 1 1 1 1 1 1 0 1 0 1 0 1 0 1 1 0 1 0 0 0 1 0 0 1 0 0 0 1 0 1 1 1 0 0 1 0 
1 1 1 0 1 0 1 1 1 1 0 0 1 0 0 0 0 1 0 1 1 0 0 1 1 1 1 0 1 0 0 0 1 1 0 0 1 0 0 0 1 0 
1 0 0 1 1 1 0 1 0 1 1 0 1 0 1 0 0 0 0 0 0 1 0 1 0 1 1 0 0 0 0 1 0 0 0 1 1 1 0 1 0 1 
