68 48 2300
98 93 61 22 78 96 69 4 60 31 58 100 51 7 75 15 48 90 43 25 74 93 62 97 1 77 84 79 69 17 90 66 61 51 39 39 98 8 42 58 90 51 9 92 9 35 59 56 
24 1 81 97 93 94 45 45 70 28 23 39 96 13 4 57 15 95 47 12 54 40 69 95 42 29 87 2 64 45 57 39 97 89 36 90 83 32 34 52 12 9 90 7 21 46 15 35 
92 13 46 45 52 67 39 45 47 77 46 10 73 3 49 70 43 36 59 77 19 44 81 30 52 22 89 24 67 55 10 10 68 8 54 71 26 45 16 72 21 61 34 94 15 34 15 58 
21 73 86 39 68 66 21 72 88 9 47 6 63 9 16 30 16 21 1 93 65 68 16 38 28 49 83 43 34 97 52 54 21 37 45 40 55 65 11 42 73 10 99 87 18 14 69 85 
87 21 77 51 88 44 40 15 45 74 9 78 22 60 84 42 49 28 34 3 44 44 44 68 5 42 54 22 8 22 58 94 42 34 96 29 30 36 96 74 61 4 51 83 16 34 76 64 
13 9 66 56 5 61 23 9 54 77 83 61 50 40 54 92 26 2 72 55 89 19 28 49 75 78 31 90 64 59 5 76 67 70 84 71 82 6 32 35 34 14 48 84 53 53 27 78 
54 50 32 42 21 59 43 95 89 73 36 52 83 40 79 50 61 62 72 42 68 3 28 53 16 75 36 21 28 14 98 81 16 82 75 36 92 17 30 80 41 65 83 24 56 62 25 68 
23 96 61 42 99 88 47 66 15 34 86 42 48 36 74 63 17 48 50 8 16 79 88 57 95 22 32 2 83 56 69 58 51 29 51 1 68 97 67 82 31 52 23 30 39 49 44 55 
48 93 63 64 23 2 72 69 23 55 70 58 10 38 15 12 18 17 13 85 66 31 67 96 34 41 77 73 89 72 27 37 64 41 52 38 94 75 6 69 29 75 26 38 64 92 1 81 
60 65 65 25 95 83 72 29 24 48 1 12 71 79 100 34 20 3 23 65 77 28 33 5 54 10 94 17 1 95 49 61 59 14 37 6 96 9 34 71 8 86 35 79 64 34 64 35 
37 87 52 13 66 84 70 20 94 63 88 46 9 37 58 20 50 95 25 97 55 10 68 62 47 2 40 10 87 4 97 75 42 48 40 7 83 9 78 28 23 66 74 32 2 83 51 3 
29 27 99 83 88 18 97 34 71 36 95 10 91 91 84 84 90 23 43 73 83 20 52 6 85 25 37 86 60 39 88 40 17 39 23 4 8 71 37 79 6 31 88 49 74 23 84 63 
46 26 87 28 46 39 33 30 15 21 68 26 11 7 66 27 97 40 30 5 10 18 35 67 49 74 15 22 96 51 36 93 76 75 21 21 13 5 3 79 78 22 5 88 80 22 15 77 
61 96 81 70 14 67 36 14 40 3 35 35 53 22 80 28 96 100 1 60 56 55 39 33 76 95 73 55 16 39 83 76 34 15 97 99 81 84 12 72 86 98 59 90 20 38 70 15 
37 22 75 44 76 65 29 3 59 1 57 74 39 92 1 24 6 49 23 39 32 86 10 70 84 68 11 3 5 80 69 93 1 43 37 28 7 65 30 17 17 39 42 55 30 94 78 87 
42 52 25 26 90 35 95 73 54 57 27 59 37 95 3 89 90 91 69 48 7 98 17 23 36 58 77 17 52 7 4 45 10 28 70 99 14 16 23 68 73 49 78 61 96 80 1 37 
71 69 84 77 19 100 52 54 10 80 23 61 86 26 57 48 5 27 98 71 94 21 38 66 69 67 78 16 46 31 52 68 99 88 97 17 39 48 23 48 27 45 60 65 22 17 12 78 
95 9 48 88 81 37 6 2 3 83 17 1 13 21 68 64 8 64 32 46 11 54 94 38 50 5 54 23 21 65 1 67 25 100 55 6 89 60 59 43 94 75 43 59 47 63 74 54 
78 5 100 41 11 45 30 60 49 83 35 22 99 87 88 23 86 94 80 26 5 38 69 51 65 63 61 11 77 34 17 55 38 68 47 100 64 76 12 64 58 46 85 8 32 25 30 17 
18 62 95 75 51 15 25 67 77 85 30 6 18 46 60 7 13 58 59 28 33 70 91 42 15 28 49 46 52 30 14 21 91 8 95 94 22 71 60 51 55 89 56 24 86 67 83 50 
24 41 77 8 62 68 1 76 95 49 73 98 30 86 18 21 46 65 66 19 35 25 21 42 14 28 17 51 94 51 1 69 91 77 28 4 44 28 79 90 76 3 87 58 41 5 30 38 
21 95 56 7 19 29 48 84 56 65 35 2 67 35 22 10 63 50 13 59 77 44 48 5 46 35 62 86 91 91 23 11 85 31 17 55 59 17 39 66 33 25 19 99 59 41 8 21 
42 21 79 18 64 79 74 9 13 35 95 55 77 69 65 61 99 33 16 9 49 6 27 81 30 45 80 40 37 39 12 78 59 43 48 74 21 21 83 33 56 29 39 84 97 3 45 48 
87 12 56 36 17 34 68 98 79 99 37 67 38 48 45 96 90 44 70 10 64 4 94 71 84 32 55 80 86 51 79 73 62 87 8 30 20 27 27 50 26 63 17 63 10 13 10 100 
56 31 61 71 86 55 42 69 38 96 1 24 46 79 96 59 65 55 88 37 81 66 86 58 28 54 72 89 18 82 88 25 64 1 96 50 55 37 18 92 84 18 67 81 49 62 91 65 
68 78 1 1 95 39 58 22 92 30 10 62 63 50 86 26 50 81 27 56 69 45 99 4 14 66 36 62 79 26 27 47 55 27 99 49 65 56 22 9 37 32 22 99 33 7 77 34 
40 3 89 8 99 87 64 13 4 99 74 83 25 100 81 31 79 79 80 95 86 1 55 75 84 76 25 16 83 1 49 22 56 89 81 54 28 44 66 31 95 40 65 71 91 45 1 21 
75 80 16 13 33 70 87 16 46 11 84 80 64 32 53 19 73 85 72 100 29 90 30 75 81 47 45 71 91 45 92 18 77 59 30 9 28 68 76 25 78 59 4 41 43 8 59 15 
93 83 66 73 72 47 47 52 93 91 74 36 87 17 53 15 75 34 75 3 1 51 79 78 9 35 71 3 42 81 69 34 63 34 6 86 81 4 89 25 94 63 60 33 79 64 47 54 
97 74 8 97 24 38 27 84 72 49 87 14 29 7 47 44 41 5 29 73 8 18 97 54 32 9 38 10 72 36 15 69 9 74 17 32 12 95 68 83 43 54 48 72 12 47 15 52 
51 95 76 10 12 25 63 43 33 52 5 56 88 71 76 96 45 93 80 56 39 47 90 82 52 38 5 63 84 71 67 86 65 42 95 29 66 10 23 50 61 27 6 48 98 81 96 94 
25 75 49 64 73 90 97 24 27 1 86 62 71 52 47 87 46 94 15 63 55 38 13 15 16 70 15 65 2 62 58 27 36 58 90 8 48 38 83 26 38 68 40 60 72 38 46 69 
31 61 31 37 50 95 52 65 64 18 82 66 79 39 44 14 49 85 73 96 22 55 73 59 74 12 70 97 50 15 65 32 75 96 69 76 90 72 93 6 89 74 23 19 64 66 84 12 
50 56 59 71 62 32 81 35 95 50 32 96 16 48 80 43 43 48 18 85 71 10 42 11 35 64 29 99 29 12 10 30 19 69 52 80 52 84 66 46 85 49 94 100 97 73 42 91 
72 60 75 42 21 16 52 56 31 80 6 11 43 15 40 61 35 43 92 38 78 57 84 62 58 29 62 6 1 55 96 72 66 23 65 87 90 16 94 21 47 99 31 89 65 23 1 100 
17 92 37 95 100 72 56 57 100 69 62 52 24 10 23 89 32 87 27 21 54 20 41 100 18 24 40 35 98 92 34 14 83 22 8 83 94 16 91 45 84 5 97 59 14 71 100 97 
10 26 17 63 46 10 15 15 85 6 49 82 98 34 95 80 56 55 14 1 22 5 97 57 61 93 16 26 64 15 22 25 40 90 87 37 51 1 4 35 7 52 68 4 38 15 35 93 
21 49 45 42 5 41 98 17 86 13 42 1 79 15 25 71 56 11 7 7 64 10 93 22 14 61 77 51 27 11 95 47 11 39 88 67 31 85 35 16 50 76 16 28 42 40 98 98 
3 57 4 66 18 48 87 31 60 63 33 86 25 27 84 88 17 71 54 48 8 89 15 9 16 31 88 58 22 38 7 24 94 10 89 11 9 27 94 69 41 26 6 66 5 90 5 21 
12 10 20 71 50 35 79 66 65 67 75 38 56 81 62 49 42 50 11 2 29 56 70 69 34 28 86 38 17 90 10 80 100 82 51 49 16 81 66 32 47 92 69 54 72 30 54 65 
32 65 67 12 72 88 80 5 15 18 94 83 59 56 63 10 37 65 59 52 45 76 35 44 68 3 97 91 85 51 56 68 67 22 79 90 9 58 95 76 27 40 58 86 95 72 95 31 
36 5 82 33 81 16 76 100 71 24 90 55 26 45 22 44 18 52 34 79 61 80 54 88 19 11 73 14 83 19 44 70 24 78 54 56 45 81 55 67 5 96 73 82 93 46 26 10 
97 59 88 58 38 41 45 56 4 69 21 38 87 17 59 62 46 13 69 42 93 75 9 49 71 81 31 63 79 56 24 75 14 12 32 3 4 28 58 59 96 31 48 35 47 7 48 92 
19 17 33 63 91 93 12 61 26 42 75 4 97 99 78 62 10 10 64 65 89 73 76 85 3 23 71 1 29 18 44 99 34 77 62 25 21 73 37 46 66 12 49 62 10 79 75 71 
40 90 87 28 62 62 64 17 37 34 17 65 52 61 16 37 89 29 61 61 53 98 59 18 61 7 31 70 37 5 40 76 94 26 56 7 40 19 23 76 53 92 92 56 4 7 92 44 
87 5 4 39 2 62 56 14 21 86 83 9 42 74 85 35 51 92 42 90 10 16 17 14 59 9 21 62 67 13 57 54 17 61 44 70 74 100 83 46 37 17 55 79 90 91 65 40 
82 58 82 43 74 98 57 84 6 77 46 25 41 2 30 9 14 73 30 40 72 12 85 61 80 91 39 69 81 3 61 62 13 42 5 86 39 13 69 97 41 66 21 82 20 2 42 33 
74 72 24 98 35 9 58 15 99 96 83 80 50 95 93 62 36 49 99 27 13 20 23 54 85 95 87 56 96 28 89 69 99 64 66 34 72 75 48 23 70 82 54 72 77 46 85 64 
47 84 90 59 55 12 64 91 58 50 47 53 78 87 74 28 50 91 61 22 66 60 96 35 94 49 58 22 46 43 85 92 78 75 3 32 38 66 22 96 68 68 100 97 54 73 24 4 
64 85 77 29 96 72 15 89 72 73 10 17 67 95 61 44 21 63 27 58 80 48 5 47 68 5 43 73 29 19 28 92 3 56 72 98 27 87 87 98 11 48 67 77 42 27 72 14 
89 50 72 20 49 28 19 16 84 13 41 13 31 68 4 33 24 28 83 2 14 21 100 76 68 66 4 62 44 75 75 32 76 46 3 24 26 21 40 9 34 80 21 64 99 77 49 22 
4 83 24 69 3 75 44 22 92 47 83 35 73 58 18 48 55 20 71 80 93 62 41 26 93 61 41 92 89 41 65 92 23 88 12 77 14 55 99 5 1 81 91 25 90 8 72 45 
80 95 76 72 56 16 97 1 29 89 92 17 82 56 61 4 96 72 33 9 79 31 66 31 63 56 56 5 16 27 49 95 73 76 66 29 92 14 29 72 2 72 40 83 79 100 39 74 
24 23 35 2 53 52 32 67 7 39 23 74 18 71 68 90 99 85 18 42 98 98 13 52 21 52 86 100 4 76 25 79 98 59 80 2 10 63 69 69 2 43 42 71 14 62 60 64 
46 30 5 96 27 69 99 100 20 84 99 75 60 23 53 57 34 84 11 43 99 31 63 52 73 57 22 38 18 81 1 15 10 5 62 89 73 60 88 45 96 38 71 55 60 24 63 93 
7 25 88 5 55 50 8 28 6 29 65 75 10 66 42 71 22 3 59 47 15 98 43 10 35 13 16 47 36 30 39 95 55 78 51 9 28 59 36 85 87 53 60 48 70 1 19 91 
55 77 89 69 27 31 78 61 96 93 7 31 23 98 77 77 75 80 37 54 38 25 39 76 77 50 24 46 2 94 88 56 22 77 25 48 59 54 9 54 99 67 37 21 64 13 49 91 
92 37 44 81 61 34 57 37 83 32 34 84 25 22 92 46 50 16 94 8 21 54 14 19 72 50 91 88 14 91 78 58 28 73 38 88 59 46 77 41 77 10 77 53 83 68 51 32 
35 96 92 7 49 5 26 72 54 16 59 67 7 88 24 86 13 14 73 71 59 1 63 88 63 91 40 45 58 42 77 44 37 20 51 37 24 28 9 77 95 19 95 53 7 71 38 71 
84 63 41 94 63 55 81 25 46 73 22 55 66 50 99 3 69 1 39 92 80 99 20 74 18 66 27 76 36 64 46 71 26 86 65 41 92 97 17 37 21 38 92 87 87 42 89 55 
94 79 46 73 78 17 46 47 83 72 22 18 88 67 41 65 4 5 5 95 53 22 84 74 59 75 60 98 68 100 52 61 78 50 33 7 66 30 53 48 54 26 18 41 92 58 5 47 
14 62 94 66 83 77 91 93 3 2 42 70 53 94 82 83 95 14 89 60 95 94 60 48 19 29 40 63 38 45 61 3 58 54 68 92 82 11 84 36 12 78 5 65 71 86 99 17 
51 87 76 98 32 87 45 51 67 85 65 4 81 25 58 38 31 78 29 64 88 64 100 51 41 56 67 63 94 65 79 96 4 7 93 35 45 90 37 12 74 1 67 6 78 25 95 60 
2 23 75 41 38 26 91 79 34 58 93 27 74 72 74 77 78 67 64 22 56 100 85 81 53 52 38 82 28 32 41 81 54 67 21 91 93 11 21 26 20 14 4 46 37 77 22 14 
95 85 87 2 37 72 82 89 75 19 70 54 2 62 34 55 28 54 98 72 16 70 49 88 35 4 33 71 33 6 36 27 91 23 81 27 46 14 67 72 85 36 25 86 97 10 41 76 
15 90 100 82 11 100 69 46 4 1 16 36 7 4 14 49 78 94 27 23 8 93 46 92 80 22 77 28 31 69 3 45 10 54 26 21 54 47 18 57 99 85 44 57 88 57 5 65 
3 83 87 62 75 84 53 6 5 81 33 35 2 88 31 11 41 9 31 94 7 48 2 5 33 45 62 72 54 18 37 56 1 75 17 27 59 21 33 63 1 17 50 2 4 32 65 45 
92 47 38 98 95 92 3 79 36 16 50 41 33 38 96 85 13 64 12 71 84 96 85 37 12 34 90 68 66 6 12 9 53 1 7 99 92 9 77 80 24 78 20 8 16 68 93 80 
0 1 1 0 0 1 0 1 1 1 0 0 1 1 0 1 0 0 1 1 0 1 0 1 0 0 1 1 1 1 0 1 0 1 1 0 1 1 1 0 1 0 0 0 1 0 1 1 
1 0 1 1 1 1 1 1 1 0 1 0 1 1 0 1 1 1 1 0 1 0 0 0 0 0 0 0 0 1 1 1 1 0 1 0 0 0 1 1 0 0 0 1 0 0 0 1 
1 1 1 0 1 1 0 0 1 0 0 1 1 1 1 0 0 0 0 0 0 0 1 0 0 1 1 0 1 1 1 1 0 0 1 1 1 0 1 0 0 1 0 0 1 1 0 1 
1 1 1 1 1 0 1 1 0 0 0 1 1 1 0 1 0 0 0 1 0 0 0 0 1 0 0 0 1 1 1 0 0 0 1 1 1 0 0 1 0 0 0 1 0 1 0 0 
1 0 1 1 0 1 1 0 1 0 0 0 1 0 0 1 0 1 0 1 1 0 0 1 1 1 0 1 0 0 1 1 1 0 0 1 0 1 1 1 1 0 0 0 0 0 1 0 
0 1 0 1 0 0 1 1 1 1 0 1 0 1 0 1 1 0 0 1 0 0 1 1 0 1 0 0 1 1 0 1 1 0 1 1 1 0 0 0 1 0 0 1 1 0 0 0 
1 1 0 1 1 1 0 1 0 0 1 1 0 1 1 1 0 0 0 1 0 0 1 1 0 1 1 1 0 1 1 1 0 1 0 1 0 0 0 0 1 1 0 1 1 1 0 1 
1 0 0 1 0 1 0 0 1 1 1 1 1 0 0 1 0 0 1 0 0 1 1 1 1 1 0 0 0 0 1 1 0 1 0 0 0 0 0 1 0 1 0 1 0 0 0 0 
0 1 0 1 1 1 0 0 0 1 0 0 1 1 1 0 0 1 0 0 0 1 0 0 0 0 1 0 1 1 0 1 1 1 0 0 0 1 0 1 0 0 1 1 1 1 1 1 
0 0 1 0 1 1 0 1 0 1 0 1 1 0 0 0 1 1 0 0 0 0 1 0 0 0 1 1 1 1 0 0 1 1 0 0 1 1 1 1 0 1 0 1 0 0 1 1 
1 1 1 1 1 0 1 1 1 1 0 0 0 0 0 1 0 1 1 1 0 0 0 0 0 0 0 0 0 1 1 0 1 1 1 0 1 1 0 0 0 0 1 0 1 1 1 1 
0 0 0 0 0 0 1 0 0 1 0 0 0 0 0 1 1 0 0 0 1 0 1 1 0 0 1 1 1 0 0 0 0 0 0 0 0 1 1 0 0 1 1 1 1 1 0 0 
1 0 1 0 0 0 1 1 0 0 0 1 0 1 1 0 1 0 1 0 1 0 0 0 1 1 1 1 1 1 1 0 0 0 1 0 0 0 1 0 1 0 0 1 1 1 0 0 
1 1 0 1 1 1 1 0 0 0 1 1 1 1 0 1 1 1 0 0 1 1 0 0 1 0 0 0 0 0 1 1 1 1 0 0 0 1 0 1 1 0 0 1 1 0 0 0 
1 0 0 1 0 1 1 1 1 1 0 1 1 1 1 0 0 1 0 1 1 1 0 0 1 0 1 0 1 0 0 0 0 1 1 0 0 1 0 1 0 0 1 0 1 0 0 1 
1 1 0 0 0 0 1 1 1 0 1 0 0 1 0 1 0 0 1 0 1 1 0 1 1 1 1 0 1 0 0 0 1 0 1 1 1 0 0 0 0 1 0 1 0 0 0 1 
0 1 1 1 1 1 1 0 0 0 1 1 0 1 0 1 1 1 0 0 1 0 0 1 1 0 0 0 1 0 1 1 0 0 1 1 0 0 1 0 0 0 0 1 1 0 0 1 
1 1 1 0 1 0 1 1 0 0 1 1 0 0 1 0 0 0 1 0 0 1 1 0 1 1 1 1 1 0 0 0 1 1 0 0 1 1 1 0 1 0 1 0 0 0 0 1 
0 0 1 0 1 0 1 0 1 0 1 0 0 1 0 1 1 0 0 0 0 1 0 1 0 0 1 0 0 0 1 1 0 1 1 1 1 0 1 1 1 1 1 1 0 0 1 1 
0 1 0 0 0 0 0 0 0 1 1 1 1 0 0 1 1 1 0 1 0 0 0 1 1 1 0 1 1 1 1 0 0 1 0 1 1 0 1 0 0 0 1 1 1 1 1 0 
0 1 1 0 1 1 1 0 1 0 0 0 1 1 0 0 0 1 1 1 1 0 1 1 1 0 1 0 1 0 0 0 1 0 0 1 1 0 1 0 0 1 1 1 0 1 1 0 
0 0 0 0 1 1 1 0 0 0 0 1 0 0 1 0 0 0 1 0 0 0 0 0 0 1 1 0 1 1 1 1 1 1 1 0 0 1 0 0 1 0 0 0 1 1 0 1 
1 1 1 1 1 0 1 1 1 1 0 0 0 1 0 1 0 1 0 0 0 0 1 0 1 1 0 0 0 0 1 0 1 1 1 0 1 1 0 0 0 0 1 0 1 1 1 1 
0 1 1 1 0 0 1 1 1 1 1 0 1 0 0 0 1 1 0 0 0 0 1 0 0 0 0 1 1 0 0 1 1 0 0 1 0 1 0 0 0 1 0 1 0 0 1 1 
1 0 0 0 0 1 0 1 1 1 0 0 1 1 1 0 1 0 0 1 1 0 1 0 0 1 1 0 1 1 1 1 1 1 1 1 0 1 0 1 0 1 1 1 0 1 0 1 
1 0 0 0 0 0 0 0 1 0 0 1 1 0 0 0 1 1 1 0 0 0 1 1 1 1 0 1 0 0 0 1 0 0 1 1 0 0 1 0 0 0 1 1 0 1 1 1 
0 0 1 0 0 1 1 1 0 0 0 0 0 0 1 1 1 0 0 1 0 1 1 0 1 0 1 1 1 0 1 1 1 0 0 1 1 1 1 1 1 1 1 0 0 0 1 1 
1 1 0 1 0 0 0 0 0 1 1 0 0 0 1 1 1 1 0 0 1 1 0 0 1 1 0 1 0 1 0 1 0 0 0 1 0 0 1 1 0 0 1 0 1 0 1 0 
0 1 0 1 1 0 1 0 0 0 1 0 1 1 1 0 1 1 1 0 0 0 1 0 0 0 0 1 0 1 1 0 0 0 1 1 0 1 1 0 1 0 0 0 1 1 0 1 
1 1 1 1 1 0 1 0 0 1 1 0 0 1 1 0 1 0 0 1 1 1 0 0 0 0 1 1 0 1 0 1 1 1 0 0 1 1 0 1 0 0 0 0 1 1 0 0 
1 0 1 1 0 1 1 0 0 0 1 0 0 0 1 1 1 1 1 1 0 0 0 0 0 0 0 1 1 0 1 1 1 0 0 1 0 1 1 0 0 0 0 0 0 1 1 0 
0 0 1 0 0 1 0 0 0 0 1 1 0 0 0 1 1 0 0 1 0 1 1 0 0 1 0 0 0 1 0 0 1 1 0 0 1 0 0 1 0 0 0 0 0 1 0 1 
1 0 0 1 0 1 1 0 0 1 0 0 0 1 0 0 0 0 0 1 0 0 0 0 0 1 1 1 0 1 0 1 1 1 1 1 0 0 1 1 0 0 1 0 1 0 0 1 
0 0 1 1 1 1 1 1 0 0 0 0 1 1 0 1 0 1 0 0 1 0 1 1 0 1 0 1 1 0 0 1 1 1 0 0 1 0 1 1 0 0 0 0 1 0 1 1 
1 1 1 0 1 1 0 1 0 0 0 1 0 1 0 1 0 1 1 1 1 1 1 1 1 1 1 0 1 0 1 0 0 0 0 1 1 0 1 1 0 1 0 1 0 1 0 1 
0 0 0 1 1 1 0 0 0 0 0 1 0 1 1 0 1 0 0 1 0 1 0 1 0 1 0 1 0 0 0 0 0 0 1 1 0 1 1 0 1 1 0 0 0 1 0 0 
1 0 1 0 1 1 1 0 0 1 1 0 1 1 0 0 1 1 1 1 1 1 0 0 0 0 0 1 1 1 1 1 1 0 1 1 1 0 1 0 1 0 0 0 1 1 0 0 
0 0 0 1 1 0 0 1 0 0 0 1 1 1 0 1 1 1 0 1 1 1 1 0 1 1 1 0 0 1 0 1 1 0 0 0 0 0 0 0 1 0 0 0 0 0 1 1 
0 1 0 1 0 1 0 1 1 1 1 1 0 0 0 0 0 1 0 1 1 0 1 0 1 1 1 1 0 0 0 0 0 1 1 0 0 1 0 1 0 1 1 1 1 1 1 0 
0 1 1 0 0 0 0 1 0 1 0 0 0 0 0 0 1 1 0 0 1 0 1 1 0 0 0 1 0 1 1 0 1 0 0 1 1 1 0 1 0 0 1 0 0 1 0 0 
0 1 0 1 1 1 1 1 0 1 1 0 1 0 0 0 1 1 1 0 0 1 1 0 1 0 1 1 1 1 1 1 0 1 1 0 1 0 1 1 1 0 1 0 1 1 0 0 
0 1 0 0 0 1 1 1 1 0 1 0 1 0 1 0 0 0 0 1 0 1 0 0 0 1 0 1 0 1 1 1 0 1 1 1 0 0 0 1 0 1 1 0 0 0 0 0 
1 0 1 1 1 1 1 1 0 0 0 0 1 1 1 1 0 1 0 0 1 1 1 0 0 0 0 0 1 0 0 0 0 1 1 1 0 1 1 0 1 1 1 0 1 0 1 1 
1 0 0 1 1 1 1 1 0 1 0 1 1 0 1 1 0 0 0 0 1 1 1 0 1 0 0 0 0 0 1 0 0 1 1 1 1 0 0 1 1 0 0 0 1 1 1 1 
1 1 1 1 1 0 1 0 0 0 0 1 0 1 1 0 1 0 1 0 0 1 1 1 0 1 1 1 0 0 0 1 1 1 0 0 0 0 0 0 0 0 1 0 0 0 0 1 
0 1 1 0 0 0 1 0 1 0 1 1 0 1 0 0 1 1 0 1 1 1 1 1 1 1 1 1 1 1 0 0 0 1 0 0 1 0 1 0 0 0 1 1 0 0 1 1 
1 1 0 0 0 1 1 0 0 0 1 0 1 0 0 1 1 0 1 1 0 0 1 1 1 1 0 1 1 1 0 0 0 0 0 1 1 1 1 0 1 0 0 0 0 0 1 0 
0 0 1 1 1 0 0 0 1 0 1 0 1 1 0 1 1 0 0 0 1 1 0 0 0 0 0 0 0 1 0 1 0 1 0 1 0 0 1 1 0 0 0 1 1 0 0 0 
1 1 0 0 0 1 1 0 1 1 1 0 1 1 1 1 1 1 0 1 1 1 0 1 1 0 0 0 1 0 0 0 1 0 0 0 1 1 0 1 1 1 1 0 1 0 1 0 
1 1 1 0 0 1 1 1 0 1 1 1 1 1 1 1 1 1 1 1 1 1 0 0 1 1 0 0 1 1 0 0 0 1 0 0 0 1 1 0 0 0 1 1 1 0 0 0 
0 1 1 1 1 1 1 0 0 1 0 1 0 0 1 0 1 1 0 1 0 1 0 0 1 1 0 0 0 0 0 0 0 0 1 1 1 0 1 0 1 1 1 1 1 1 1 0 
0 1 1 1 0 1 1 1 1 1 1 1 0 1 1 0 1 0 1 1 0 0 1 1 1 0 0 0 1 1 0 0 0 1 1 0 1 0 1 0 0 0 1 0 1 0 0 1 
0 1 0 0 1 1 1 0 1 1 0 1 0 0 1 0 1 0 0 0 0 1 0 0 1 1 0 0 1 0 1 1 1 1 1 0 0 0 0 0 1 0 1 1 0 0 1 0 
0 1 0 0 0 1 1 1 0 1 0 0 0 1 1 1 1 1 0 1 1 0 1 1 1 0 0 1 0 0 1 0 1 0 1 0 1 0 1 1 1 1 1 1 1 1 1 0 
0 1 1 1 1 1 0 0 1 1 0 0 1 1 0 0 1 1 0 0 1 0 0 1 1 1 0 0 0 1 0 0 0 0 0 0 1 0 0 0 1 0 0 0 0 1 1 1 
0 1 0 0 1 0 1 1 1 1 1 0 1 0 0 1 0 0 1 1 1 0 1 0 0 0 1 0 1 0 0 1 1 0 1 1 0 0 0 1 0 1 1 1 1 0 0 1 
0 0 0 1 0 0 0 0 0 1 1 1 1 1 0 0 1 0 1 1 0 1 0 0 1 0 1 0 0 0 0 0 0 0 0 0 0 0 0 0 1 1 1 0 0 0 0 1 
0 0 0 0 1 1 1 0 1 0 1 1 0 1 1 0 1 1 0 0 1 1 0 0 0 0 0 1 0 1 0 0 1 1 0 0 0 1 1 1 0 0 0 0 1 1 1 0 
1 1 0 0 0 1 1 1 1 1 0 1 0 0 1 1 1 1 0 1 1 1 0 1 1 0 1 0 0 0 0 1 0 1 1 0 0 0 1 1 0 1 0 0 0 1 0 1 
0 0 1 1 1 1 0 0 0 0 0 0 0 0 1 0 1 0 1 1 1 0 0 1 0 0 1 0 1 1 1 0 1 0 1 0 0 0 0 0 0 0 0 0 1 1 1 0 
1 0 0 0 0 0 1 0 1 1 0 0 0 0 0 0 0 0 0 0 0 1 0 0 1 0 0 0 1 1 1 1 1 1 1 0 1 1 0 0 0 1 1 0 1 1 0 1 
1 1 0 1 0 0 1 1 1 0 0 0 1 1 1 1 0 1 1 1 0 1 0 0 0 1 0 1 0 1 1 0 0 1 1 0 1 1 1 0 1 1 1 0 0 0 1 0 
1 0 0 1 0 0 1 0 1 0 0 1 1 1 1 1 0 1 1 1 0 0 0 1 0 1 1 0 1 1 1 1 1 1 0 1 1 0 0 0 0 0 1 1 1 1 0 1 
0 1 0 0 1 0 1 1 1 0 0 1 1 1 0 1 0 0 0 1 0 0 1 0 0 0 1 1 1 1 0 1 0 1 1 0 1 0 1 1 1 1 0 0 0 0 1 0 
0 0 1 1 0 0 1 1 1 1 0 0 0 1 0 1 0 1 1 1 0 0 0 1 0 0 1 0 0 1 1 1 1 0 0 1 1 1 0 0 0 1 0 1 0 0 0 0 
0 1 1 0 1 0 1 1 0 0 0 1 1 1 0 0 1 0 0 0 1 0 0 0 1 1 1 1 1 1 1 1 0 1 1 1 1 0 1 1 1 1 0 0 0 0 1 1 
0 1 0 0 1 0 0 1 1 1 0 1 0 0 0 0 1 0 1 0 0 0 1 1 1 0 0 1 0 1 1 1 0 1 1 1 1 1 0 1 0 1 0 0 1 0 0 0 
0 1 0 1 0 1 0 1 1 0 1 0 1 0 1 1 1 0 1 0 1 1 1 1 0 1 1 1 0 1 1 0 0 1 1 0 1 0 0 0 0 1 0 0 1 1 1 0 
