49 45 1131
79 52 19 50 15 31 62 35 64 21 54 19 64 22 97 1 35 31 93 64 72 23 63 7 29 95 37 10 79 45 67 9 96 85 58 11 67 71 97 31 92 2 49 7 23 
97 7 57 27 99 73 50 73 35 57 53 82 45 62 60 41 81 69 36 65 78 98 32 49 46 62 92 47 62 98 70 58 56 78 85 6 50 34 78 37 42 31 18 86 44 
77 78 24 97 14 41 75 63 24 23 9 37 66 55 98 15 76 55 70 54 39 75 3 25 4 39 66 86 8 4 82 37 81 5 33 46 97 7 9 20 81 69 56 98 75 
5 12 51 12 81 56 50 7 58 26 11 49 92 96 8 47 77 44 79 34 77 25 82 35 85 54 68 53 61 65 79 66 77 29 77 9 36 78 68 46 4 78 94 47 25 
1 45 54 45 23 39 73 47 20 7 83 25 26 87 86 91 66 51 19 94 79 27 82 8 94 27 11 23 20 9 100 72 53 53 68 76 43 92 74 14 51 57 39 76 43 
24 66 8 26 84 54 56 63 35 63 8 61 26 83 32 34 82 55 87 86 75 14 80 66 87 93 16 95 83 44 38 6 9 45 83 45 50 38 59 84 53 18 96 78 100 
79 11 33 34 49 18 60 14 49 25 1 42 93 95 24 36 84 82 96 29 16 92 30 6 50 66 58 68 61 87 19 40 97 52 25 98 21 84 11 70 60 63 63 4 58 
86 91 41 19 39 21 87 30 3 92 32 68 1 51 80 87 69 71 83 20 95 32 93 30 43 62 42 5 24 45 14 61 88 7 32 26 79 18 55 81 9 86 100 9 36 
80 47 57 2 29 28 49 13 20 78 7 33 71 63 8 68 77 69 55 35 52 80 65 69 34 98 77 72 97 37 59 28 83 67 30 63 95 30 27 66 59 33 99 30 96 
58 97 24 78 51 58 29 82 22 97 15 71 25 38 68 61 49 47 95 15 28 10 61 57 36 27 16 69 77 45 64 34 93 87 12 43 96 40 24 69 37 90 40 61 80 
59 74 80 5 20 94 85 29 55 41 65 81 8 33 9 52 48 42 96 86 53 90 81 45 65 49 33 7 40 93 86 98 18 65 55 38 10 39 66 64 31 82 96 39 66 
56 42 13 98 38 98 2 27 30 46 92 79 78 98 70 23 35 68 92 51 74 29 60 12 47 76 94 28 23 32 94 79 74 58 28 63 56 29 89 37 27 32 67 56 81 
37 30 15 56 22 65 29 2 77 40 48 4 85 76 26 17 21 56 42 78 83 4 85 64 44 22 42 76 88 97 56 24 79 23 79 100 39 59 1 15 50 1 70 35 28 
96 51 48 3 92 77 86 47 14 1 90 35 42 17 74 90 25 50 20 47 80 19 37 39 72 4 88 72 73 22 99 20 72 98 23 15 74 60 13 87 60 3 73 53 19 
47 94 95 48 14 93 27 84 30 65 55 33 5 26 57 26 76 77 50 73 99 16 99 10 29 37 69 83 10 73 53 8 66 48 7 31 40 33 15 21 50 69 5 54 47 
62 31 74 90 32 47 88 48 97 49 76 33 17 10 94 41 62 53 58 9 59 89 1 44 3 21 45 23 26 50 21 39 80 95 28 12 93 67 11 89 15 86 73 83 47 
67 23 8 71 80 69 82 20 69 77 22 89 21 97 66 70 17 4 1 11 31 64 55 97 74 43 63 11 16 45 57 34 67 65 56 99 33 89 18 53 65 92 93 37 88 
59 58 56 14 59 19 97 74 73 45 48 68 8 58 35 52 15 68 71 31 75 69 15 64 38 67 80 29 59 17 68 69 74 24 35 84 42 31 58 14 75 5 33 82 14 
67 34 80 34 56 10 61 24 76 76 61 94 55 42 53 71 9 73 97 32 7 80 25 37 37 91 64 93 23 45 7 90 30 38 75 85 100 35 60 75 10 21 69 17 14 
73 87 22 45 83 6 4 15 30 92 3 72 55 48 95 52 6 84 81 43 10 66 42 97 77 17 6 49 37 74 62 9 61 84 5 95 41 8 61 70 52 64 42 6 11 
88 57 16 23 90 10 32 7 52 28 83 20 86 32 56 59 93 64 71 28 68 18 68 28 78 90 79 41 83 36 3 70 45 70 92 34 80 75 40 31 3 22 50 40 5 
57 98 98 20 69 77 39 86 97 66 15 86 96 8 20 32 10 89 28 32 32 61 11 58 52 93 60 25 94 51 30 50 49 79 69 69 55 7 6 51 25 20 88 20 27 
7 3 89 47 30 20 30 90 82 88 93 74 99 18 19 50 47 68 50 77 88 70 83 46 27 34 70 98 73 42 25 32 44 65 78 26 36 60 15 17 99 60 42 97 77 
60 98 75 79 99 51 18 68 33 63 94 18 85 92 43 78 68 74 73 84 3 98 19 62 65 87 60 24 28 9 100 39 6 26 17 57 28 34 24 12 48 70 82 84 13 
24 61 32 97 34 67 99 31 85 13 95 23 72 18 50 80 69 88 38 46 56 94 73 41 69 85 88 90 18 24 54 41 84 85 89 69 51 39 100 87 51 46 9 75 16 
10 6 36 97 43 82 4 88 54 44 9 90 84 98 59 7 52 99 42 88 39 11 39 78 62 77 80 7 86 6 22 95 12 58 44 6 39 99 94 44 43 54 86 78 51 
44 36 2 95 77 90 33 39 80 62 100 56 94 7 93 99 80 40 10 37 83 68 27 33 13 71 75 66 8 4 16 51 39 70 97 68 11 30 58 42 91 58 97 36 16 
42 35 95 81 44 32 15 63 58 47 75 80 74 40 87 29 56 90 20 77 86 87 87 67 96 28 10 53 76 45 68 17 79 63 49 75 46 63 37 3 62 12 35 35 51 
73 63 58 62 34 34 100 20 20 66 16 99 27 20 27 72 40 43 2 2 44 76 99 58 65 53 19 28 87 5 78 60 20 88 73 53 21 24 25 93 90 92 43 68 63 
69 91 2 64 93 55 7 20 53 64 84 6 35 11 92 39 41 3 10 80 76 15 100 99 91 44 40 82 87 60 44 55 50 46 18 42 100 76 62 5 40 97 10 74 60 
53 64 52 56 26 31 83 92 82 33 82 26 25 63 64 84 58 18 33 55 88 27 7 63 40 11 54 36 20 79 47 72 95 50 79 20 80 13 11 62 46 92 39 70 6 
2 53 63 71 37 18 10 63 76 73 2 86 78 90 57 57 88 28 3 38 59 74 69 71 84 82 68 27 20 37 84 73 41 98 96 30 67 5 92 42 29 46 27 7 87 
83 15 74 63 17 63 73 90 32 43 25 13 11 3 85 99 86 57 92 35 52 21 2 9 64 43 37 9 22 43 47 56 57 21 18 25 83 90 14 66 85 90 79 47 92 
15 45 29 71 36 64 75 8 17 83 72 11 71 32 32 14 79 88 22 51 57 99 85 47 12 51 83 2 29 29 45 43 25 74 65 13 89 91 20 5 25 43 15 96 75 
47 61 5 86 34 55 42 32 39 40 96 89 74 49 69 2 93 63 79 18 80 91 6 70 62 10 47 5 77 94 31 75 54 35 60 39 89 53 71 27 45 66 68 18 14 
36 20 58 51 50 76 30 92 81 99 53 43 97 9 71 90 39 45 95 25 56 34 13 8 4 92 52 21 11 70 86 98 41 95 48 90 70 77 33 3 28 85 97 24 94 
67 66 84 63 60 9 18 93 73 77 48 16 81 20 26 2 57 24 42 52 71 83 73 48 15 75 27 51 23 50 96 41 15 32 3 27 40 20 19 64 97 19 32 77 90 
57 78 47 32 71 98 55 5 70 54 71 97 80 21 71 29 69 12 96 100 14 22 91 86 92 54 34 62 37 62 52 94 91 98 77 61 47 31 17 68 84 87 16 15 59 
87 44 79 50 91 78 63 64 68 100 55 74 33 17 10 94 20 55 84 17 32 96 15 14 12 34 50 50 50 64 61 88 59 39 37 1 69 51 64 36 51 19 61 83 87 
23 77 6 77 12 74 60 8 40 26 71 73 27 73 22 90 33 61 1 23 49 1 91 100 17 79 2 35 39 84 73 61 12 78 90 24 3 1 83 42 26 53 14 52 25 
88 94 9 100 46 32 49 98 22 48 14 100 1 100 91 84 72 3 48 1 92 23 3 93 5 44 70 57 10 74 34 97 67 42 48 12 25 96 9 47 95 75 98 95 74 
40 31 46 43 78 98 86 100 1 78 4 96 100 12 5 73 45 53 91 39 1 54 63 48 14 61 43 88 11 37 62 50 19 59 92 96 56 78 47 8 7 50 4 6 14 
60 30 10 65 72 100 17 25 63 64 91 23 58 30 33 47 43 35 65 1 26 13 9 3 59 16 62 61 71 19 74 83 49 35 99 72 35 67 97 97 82 39 71 40 68 
56 38 11 90 54 63 67 66 71 22 25 39 83 85 61 1 10 95 1 44 93 73 78 59 21 74 93 59 97 32 26 4 21 88 93 74 51 59 40 21 80 64 11 14 100 
72 15 9 66 67 52 11 39 82 21 11 55 13 69 3 96 47 6 16 86 50 90 36 9 81 9 40 96 19 6 95 42 72 55 8 38 58 70 29 39 90 39 46 3 60 
48 98 58 6 66 43 55 7 79 15 87 87 7 82 57 12 28 99 83 82 58 20 39 27 48 30 68 39 75 70 98 74 20 55 79 37 49 34 43 27 100 29 65 6 10 
74 17 37 72 99 70 81 71 60 7 70 89 26 8 15 96 5 41 67 11 19 3 60 4 45 38 4 25 55 9 86 28 78 22 51 28 43 31 98 2 89 68 43 14 27 
9 61 84 49 27 94 20 81 53 75 77 43 30 1 97 91 86 24 68 59 74 95 53 56 93 7 44 12 49 57 38 9 70 21 58 48 67 29 29 71 3 57 13 33 10 
9 23 95 84 42 6 57 36 58 12 80 64 7 43 64 16 33 73 85 53 82 84 71 62 64 42 16 21 54 48 30 15 22 76 98 15 81 7 3 91 70 82 54 29 77 
1 1 0 1 1 0 0 0 1 1 0 0 0 0 1 0 1 1 1 0 1 0 1 1 0 1 0 1 0 0 1 1 1 1 0 0 0 0 1 1 1 1 1 0 1 
0 0 0 0 1 0 1 1 1 0 1 0 0 1 1 1 0 0 0 0 1 1 0 1 0 1 1 1 0 1 0 0 1 0 0 0 0 1 0 0 1 1 0 0 0 
1 1 1 0 1 1 1 0 1 0 0 0 1 1 0 0 1 0 1 1 1 0 0 0 0 0 0 1 0 0 0 0 1 1 0 0 0 1 1 1 1 1 1 1 1 
1 1 0 1 1 0 0 1 0 1 1 0 1 0 0 1 0 0 0 1 0 0 1 1 1 0 1 1 1 0 0 0 1 0 0 0 0 0 1 0 1 0 0 0 1 
1 1 1 1 1 1 0 0 0 1 1 1 0 0 0 0 0 1 0 1 1 0 1 1 0 0 1 0 0 1 1 1 1 1 1 0 0 1 0 0 0 0 1 1 0 
0 1 1 1 1 0 0 0 1 1 0 1 0 0 0 0 0 1 1 1 0 1 1 1 0 1 0 0 1 1 0 1 0 1 0 0 1 0 0 1 1 0 0 0 0 
0 0 0 0 1 1 0 0 0 0 0 0 0 0 1 1 1 0 1 0 0 1 0 0 1 1 1 1 1 1 0 0 1 0 0 0 0 0 1 0 0 1 0 0 0 
1 1 1 1 1 1 1 0 1 1 0 0 1 1 0 0 1 0 0 0 0 0 0 0 1 0 1 1 1 1 1 0 1 0 0 0 1 1 0 1 1 0 1 0 0 
1 0 1 1 0 1 1 1 1 0 0 0 1 1 1 0 0 1 1 0 1 1 0 1 0 1 0 0 0 0 0 0 0 0 1 1 1 1 0 1 1 0 1 0 0 
0 0 0 1 0 1 1 1 1 0 1 0 0 0 0 0 0 0 0 0 0 1 0 1 1 1 0 0 0 0 0 0 0 0 1 0 1 0 0 0 0 1 0 0 1 
1 0 0 1 1 0 1 0 0 0 0 1 0 0 1 0 0 1 1 0 1 1 0 1 1 0 0 1 1 0 0 0 1 0 1 0 1 1 0 1 1 0 1 0 0 
0 0 0 0 1 1 1 1 1 0 0 1 0 1 0 1 0 0 0 0 0 0 1 1 0 1 0 1 0 0 1 0 1 0 0 0 1 1 1 0 0 0 1 0 1 
0 1 1 0 1 0 0 1 1 1 0 0 0 1 0 0 0 1 1 0 1 0 1 1 1 1 1 1 1 1 1 1 1 0 1 0 0 0 0 0 1 0 0 1 1 
1 0 1 0 1 0 1 1 1 0 1 1 1 0 0 1 1 1 0 0 0 0 0 0 0 0 0 0 1 1 1 0 1 1 0 1 1 1 0 0 0 1 1 1 0 
1 0 1 0 0 1 1 1 0 1 1 0 1 0 1 1 1 1 0 0 1 1 1 1 0 0 1 1 1 0 1 1 1 1 1 1 0 0 0 0 0 0 1 1 0 
0 0 1 0 1 0 1 0 1 0 0 1 1 0 1 0 1 0 1 0 1 0 1 0 1 1 0 1 0 1 1 1 0 0 1 1 0 0 1 0 1 0 1 0 0 
0 0 1 0 1 0 0 0 1 0 1 0 0 0 1 1 1 0 1 1 1 0 0 1 0 0 0 0 1 1 0 0 1 1 0 1 1 0 1 0 0 0 1 0 0 
0 0 1 0 1 0 1 0 0 0 0 0 1 0 0 0 0 0 1 1 0 0 1 1 1 1 1 1 0 0 1 0 0 0 0 1 1 1 1 1 0 1 0 1 1 
0 1 1 0 0 1 0 1 0 1 0 1 1 0 0 1 1 0 1 0 1 0 1 0 0 0 0 1 0 1 1 0 0 0 0 1 1 1 0 1 0 0 1 1 0 
1 0 0 1 1 0 0 0 1 1 0 1 1 1 0 1 0 0 1 1 1 0 0 0 0 0 0 1 1 0 1 0 0 1 1 0 1 0 0 0 1 0 0 0 1 
0 1 0 0 1 1 1 1 1 1 0 1 0 1 0 0 0 0 0 0 0 0 1 0 0 0 1 0 0 1 0 0 1 0 0 0 1 0 1 0 1 1 0 1 0 
0 1 1 1 0 1 1 0 0 1 1 0 0 1 0 1 1 0 0 1 1 0 0 1 0 1 0 1 1 0 0 1 1 1 0 1 0 1 0 0 0 1 1 0 0 
1 0 0 0 0 1 1 1 0 0 1 1 0 0 0 0 0 1 0 1 0 1 1 1 1 0 0 0 1 0 1 0 0 1 0 1 0 1 0 0 1 1 1 0 1 
1 0 0 1 0 1 1 0 1 0 1 1 0 0 0 1 1 0 1 0 1 0 0 0 0 1 0 1 0 0 1 0 0 1 1 1 0 0 1 1 0 0 0 1 0 
0 0 1 1 1 1 0 0 0 0 0 1 0 0 1 0 1 1 1 0 0 0 0 0 1 0 1 1 0 0 0 1 0 1 0 1 1 0 1 1 0 0 0 1 0 
1 1 1 1 0 1 1 0 1 0 1 1 1 1 0 1 1 1 1 0 1 0 1 1 0 0 1 0 0 0 0 0 0 1 1 0 0 0 1 1 0 0 1 1 1 
1 0 0 0 1 1 1 0 0 0 0 1 1 0 1 0 0 1 0 1 0 0 1 1 1 0 1 0 1 1 1 0 1 0 0 1 1 1 1 1 1 1 0 1 1 
0 1 1 1 1 0 0 1 1 1 1 1 0 1 1 1 0 1 1 0 0 0 1 1 1 1 1 0 1 0 1 1 1 0 1 0 0 1 1 1 0 0 0 0 1 
1 0 0 1 1 0 1 1 0 0 0 1 1 0 0 1 1 0 0 1 1 0 1 0 0 0 0 0 0 0 0 0 0 0 1 1 0 0 0 0 0 0 1 0 0 
0 1 1 0 0 0 1 0 1 1 0 1 1 1 0 1 1 0 0 1 1 1 1 1 0 0 1 0 1 1 1 1 1 0 1 1 1 0 1 0 1 0 0 0 1 
0 0 0 0 0 1 1 1 0 0 1 0 1 0 0 1 1 1 0 1 1 1 0 1 0 1 1 0 1 1 1 1 1 1 1 1 0 0 1 1 0 0 1 1 0 
1 0 1 1 0 1 0 1 1 1 0 0 0 0 1 0 0 0 1 1 1 1 0 1 0 1 1 0 0 1 1 0 1 0 1 0 1 1 1 1 0 1 1 1 0 
1 1 0 1 0 1 1 1 1 0 1 0 0 0 1 1 1 1 0 1 0 0 1 1 0 0 1 1 1 0 1 0 1 1 0 0 1 1 1 0 1 1 1 1 1 
0 0 0 1 1 1 1 1 0 0 1 0 1 1 0 0 0 0 1 0 0 1 1 1 1 1 1 0 0 0 1 0 1 1 1 0 0 0 1 1 0 1 1 0 0 
1 0 0 0 1 0 0 1 1 0 0 1 1 0 1 1 1 0 0 0 1 0 0 0 0 1 0 1 1 0 1 0 0 1 0 0 0 1 1 1 1 1 0 0 1 
0 1 0 0 0 0 1 0 0 1 0 0 0 1 1 0 0 1 1 0 0 1 0 1 0 1 0 1 0 0 0 0 1 0 0 1 0 1 0 0 1 0 0 1 0 
1 1 0 1 0 0 1 1 0 0 1 0 0 0 0 0 0 0 1 0 0 1 0 1 1 1 0 1 1 1 1 1 1 0 0 1 0 1 1 1 1 0 1 1 1 
1 1 1 1 0 0 1 1 0 0 0 1 1 0 1 0 1 0 1 1 0 1 0 1 0 1 0 0 0 1 1 1 0 1 0 0 1 1 0 1 1 0 1 0 0 
0 1 0 0 0 1 0 1 1 1 1 0 1 0 0 0 1 1 0 0 1 0 1 0 0 1 0 1 0 0 1 0 1 1 0 0 1 0 1 0 1 1 1 0 1 
1 0 0 1 0 1 0 0 0 1 1 1 1 0 1 1 1 1 1 1 1 1 0 1 0 0 0 1 1 0 0 1 0 1 0 0 0 0 1 0 1 0 0 0 0 
1 0 1 1 1 0 0 0 0 0 0 1 0 0 0 1 0 1 1 1 1 0 1 0 1 0 1 1 0 0 1 1 0 0 0 1 1 1 1 1 1 1 0 1 1 
1 0 0 0 0 1 0 0 1 0 1 1 1 0 1 1 1 0 1 1 1 0 0 0 1 0 1 1 0 0 0 1 1 0 0 1 0 0 1 1 0 0 0 1 0 
1 1 1 1 0 0 0 1 1 0 0 1 1 1 1 0 0 1 1 0 1 0 0 1 1 1 1 1 1 0 1 0 1 0 0 0 0 0 1 1 1 1 0 0 1 
0 0 1 1 1 1 0 1 0 1 0 1 0 1 1 0 0 1 0 0 1 0 1 0 1 0 1 0 1 1 1 1 0 0 0 1 0 0 1 0 1 1 1 1 1 
0 1 1 0 1 0 1 1 1 1 0 1 0 1 0 0 0 1 0 1 1 1 1 1 0 1 0 0 0 1 1 1 1 0 1 0 0 0 0 1 0 0 1 0 1 
1 0 0 1 0 1 0 0 0 0 0 1 0 0 1 0 1 0 1 0 1 1 0 0 1 0 0 0 1 0 1 0 1 1 1 1 0 0 1 0 0 0 1 0 0 
1 0 0 1 1 0 1 1 0 1 0 0 1 0 1 1 0 0 0 1 1 0 0 1 1 0 1 1 0 0 0 1 0 0 0 0 0 1 1 0 0 1 1 1 0 
0 1 0 0 1 1 0 1 1 1 1 0 1 0 0 1 0 1 1 0 1 1 0 1 0 1 1 0 0 1 0 0 0 0 1 1 1 1 1 1 0 0 1 1 0 
1 0 1 0 0 1 1 1 0 0 0 1 0 0 1 1 0 1 1 0 0 0 1 1 1 0 0 1 1 1 0 0 0 1 0 0 0 0 1 0 0 1 1 0 1 
