55 54 1024
51 30 36 25 46 52 62 85 13 23 95 93 99 44 30 89 45 87 98 15 62 52 17 41 46 65 59 84 80 64 47 30 45 34 6 90 85 68 26 50 90 21 42 40 64 23 29 9 10 26 23 71 77 91 
12 74 55 22 9 34 85 55 15 29 88 20 18 24 87 96 25 28 16 67 68 79 41 48 39 50 73 13 21 1 3 32 26 9 53 34 42 89 40 8 17 79 28 86 2 66 81 79 94 96 97 13 27 37 
60 65 87 32 78 7 84 32 90 61 41 42 94 34 82 33 42 98 11 69 83 64 86 16 42 79 11 90 43 89 27 2 54 13 85 83 71 68 66 60 28 6 53 73 40 34 57 33 83 19 53 65 83 38 
80 76 69 43 66 11 31 44 13 36 56 97 18 78 17 36 37 96 41 41 21 32 74 77 16 56 96 68 72 30 6 4 57 26 98 74 36 28 17 48 16 24 97 85 1 65 20 89 12 13 29 32 44 54 
9 12 61 56 79 85 85 36 88 41 61 85 15 97 64 83 96 79 7 44 64 59 60 83 48 72 47 28 3 43 82 63 54 42 18 32 78 54 20 65 47 80 1 13 28 17 95 76 95 1 19 10 12 79 
45 59 2 91 86 4 33 19 19 86 13 88 70 90 42 41 7 40 20 7 52 100 23 46 75 70 99 93 79 10 23 75 20 24 66 57 80 50 76 98 88 88 85 9 29 78 49 35 17 68 42 20 67 16 
18 41 85 68 86 16 29 8 90 48 84 55 4 63 57 31 60 44 70 96 52 99 26 100 33 94 19 26 14 38 42 31 30 78 50 15 93 78 75 83 25 58 89 80 72 45 11 31 40 80 78 91 78 3 
42 63 97 61 88 62 50 81 44 79 59 93 46 51 70 20 85 46 29 74 25 100 18 35 82 58 67 59 100 96 14 42 58 62 54 98 23 55 78 66 33 88 58 78 39 79 49 23 24 77 48 48 76 66 
35 9 75 53 20 26 48 33 19 6 94 24 3 16 78 32 33 11 20 42 40 10 20 89 32 95 65 80 94 93 97 80 1 23 32 72 48 80 4 19 85 49 42 39 16 20 22 48 82 41 41 21 50 12 
9 34 6 26 13 52 70 61 31 70 83 15 94 82 94 97 100 30 46 94 20 13 13 41 13 94 82 53 66 83 65 27 16 22 52 80 25 21 40 8 42 74 22 35 8 15 84 59 96 81 52 15 93 64 
7 5 9 88 58 27 71 74 53 38 47 4 18 72 76 9 79 17 83 100 4 42 66 87 100 13 67 52 27 59 67 33 16 28 73 73 54 95 98 58 32 44 61 1 67 88 10 45 4 92 96 7 33 61 
45 84 73 11 35 51 22 54 36 37 81 60 61 86 6 10 43 89 53 55 90 20 42 99 16 97 42 12 56 26 24 100 9 49 63 96 51 84 49 86 72 81 97 84 66 2 93 60 91 97 14 80 68 55 
30 84 3 23 47 58 48 22 58 8 70 20 3 21 55 3 58 78 83 55 61 100 8 5 59 98 1 72 29 69 78 10 4 81 32 2 38 31 23 47 39 45 18 93 17 24 48 74 1 30 80 13 82 40 
17 40 89 70 64 70 90 41 79 45 73 63 46 11 93 20 9 83 64 79 28 80 2 75 6 55 56 37 67 37 76 36 29 65 5 92 86 94 84 64 38 57 26 35 19 71 54 27 53 18 5 32 49 59 
6 54 13 14 43 31 50 18 66 30 34 70 21 19 63 5 35 52 61 12 86 79 82 40 57 87 9 14 18 57 72 76 63 36 89 5 66 90 74 32 20 8 1 40 78 16 96 12 19 8 24 5 38 57 
96 95 43 4 60 13 12 31 88 74 18 76 30 83 65 4 14 36 63 67 28 40 34 23 4 52 31 79 8 68 35 3 14 30 58 73 42 70 55 29 95 72 56 25 7 72 28 72 8 42 38 35 33 23 
9 88 27 91 66 34 11 53 89 24 34 46 49 75 67 55 55 62 27 62 86 85 33 65 56 92 6 46 78 38 68 87 26 94 29 43 80 39 47 68 63 80 65 11 54 32 17 60 93 43 21 78 79 6 
94 35 97 99 32 75 88 51 13 65 45 41 8 76 80 54 95 94 34 59 56 39 90 72 51 82 67 23 11 45 28 56 31 25 54 62 51 94 13 15 58 9 55 17 84 86 23 78 79 8 88 34 46 78 
58 48 11 24 71 74 68 98 29 99 74 35 12 76 28 24 90 37 32 45 54 67 82 76 96 61 83 84 46 80 13 3 80 23 26 50 48 46 99 77 96 73 11 7 48 90 83 38 26 66 34 31 85 15 
58 80 27 92 15 73 24 79 27 3 54 5 4 1 2 2 77 97 26 39 55 26 80 89 63 6 55 48 88 39 14 46 70 41 89 37 65 12 15 43 66 20 99 69 21 100 23 49 48 48 88 3 73 67 
91 87 24 97 86 64 87 100 61 9 92 49 45 8 13 11 2 30 31 1 51 3 100 73 51 48 72 90 2 97 9 44 35 84 41 21 47 79 72 59 87 63 8 83 22 72 94 23 1 76 23 51 30 75 
75 32 74 47 74 75 43 82 18 77 17 10 49 16 89 20 74 27 34 33 10 55 4 55 30 57 82 4 7 11 78 82 42 3 28 15 77 22 48 47 50 17 8 99 32 48 70 57 75 4 90 84 10 45 
90 91 1 71 95 60 81 24 41 74 27 20 89 55 93 88 1 42 4 9 92 87 56 62 44 82 65 85 17 74 29 6 17 82 76 11 41 56 86 81 30 12 52 70 67 44 57 19 37 13 79 29 99 87 
90 42 68 54 26 85 79 7 90 95 88 18 57 28 73 43 60 54 6 11 75 24 54 84 95 42 96 73 70 94 59 59 36 79 64 13 15 95 19 56 41 6 73 98 33 98 92 92 3 49 54 78 25 59 
61 19 1 56 43 70 49 54 81 36 32 44 49 46 90 67 1 31 73 26 80 57 23 23 1 25 71 54 2 47 13 14 65 13 69 60 34 70 13 14 5 96 10 53 41 99 72 93 29 96 70 60 52 92 
82 4 17 5 58 70 51 22 84 68 86 4 27 19 73 91 33 78 86 94 82 78 92 5 22 73 100 92 32 4 83 14 7 51 70 16 73 20 37 8 39 22 11 17 93 84 7 77 13 44 70 46 73 61 
3 95 85 2 38 17 57 72 82 16 23 3 31 47 22 20 54 13 93 64 29 85 99 88 61 63 83 30 61 56 43 63 2 27 16 39 95 73 10 76 88 84 78 70 30 52 89 35 16 82 51 96 18 49 
35 79 64 18 60 24 25 2 38 26 81 53 64 75 25 25 3 64 9 32 34 90 35 74 25 50 7 75 98 25 75 32 55 90 49 14 65 73 68 2 50 48 7 65 74 83 90 28 47 50 60 32 91 46 
57 67 96 64 93 93 40 68 76 46 9 77 59 74 49 78 75 51 77 33 15 51 16 4 78 62 5 89 45 96 35 1 62 82 16 55 26 7 74 1 52 34 77 63 7 78 92 34 28 69 66 42 71 81 
98 48 94 2 37 38 49 23 91 63 4 58 17 29 17 42 29 20 75 58 82 34 35 26 67 14 94 84 55 64 65 52 63 58 6 51 48 54 73 90 16 76 47 84 56 15 77 37 35 4 94 16 89 80 
93 55 93 86 38 99 1 54 3 64 64 8 14 11 13 39 100 81 66 98 16 22 13 45 10 47 48 55 14 36 34 7 42 26 44 31 76 45 85 78 8 100 85 73 10 50 11 61 82 77 10 97 50 74 
41 59 72 40 65 38 27 98 96 20 75 39 51 50 83 87 28 42 86 64 15 47 65 77 59 46 5 68 43 6 94 35 16 65 27 80 2 53 77 97 73 3 88 75 53 22 13 32 64 98 47 30 96 12 
58 54 57 63 73 51 68 66 38 84 31 64 63 84 68 92 33 92 94 72 66 98 93 78 29 56 27 28 37 22 39 95 75 47 9 48 50 28 65 39 63 95 2 78 31 21 69 15 13 14 86 30 12 78 
60 92 86 86 19 74 60 57 20 34 56 28 33 5 8 98 43 70 44 96 99 26 68 67 40 80 33 25 62 44 55 21 35 40 58 6 65 17 14 85 3 69 12 87 25 71 36 19 41 80 66 39 57 34 
58 97 65 90 73 26 85 79 98 71 70 56 76 35 24 90 19 78 10 82 65 87 53 52 5 45 83 23 83 40 56 92 88 20 81 12 46 17 91 43 88 12 50 63 46 74 4 16 3 66 98 19 52 50 
71 8 94 53 30 28 92 37 20 31 57 52 43 54 69 85 48 8 96 98 22 94 23 78 9 25 43 6 44 46 7 14 5 52 18 35 80 10 23 51 40 79 54 34 32 74 18 80 81 66 29 3 59 51 
80 67 27 74 25 70 19 31 35 75 35 53 9 14 14 84 16 5 62 69 39 46 43 8 77 23 25 5 77 83 55 56 2 33 81 78 3 51 60 89 26 94 93 86 7 6 69 22 63 31 91 1 28 85 
60 4 7 85 8 36 19 14 43 20 46 24 97 100 74 57 89 99 50 81 37 9 39 5 82 1 87 24 53 14 8 12 17 67 48 24 2 67 37 44 38 35 19 87 34 93 95 74 43 96 7 79 4 45 
84 38 45 70 61 49 84 69 12 100 87 60 76 88 78 64 83 67 98 2 53 84 94 47 57 88 43 63 67 98 59 2 35 55 23 48 3 6 68 15 58 54 26 85 93 3 48 75 69 98 76 74 81 21 
20 89 61 14 4 79 64 62 80 50 17 2 97 71 60 16 85 69 69 10 53 61 12 52 88 33 49 15 6 81 88 77 22 48 43 25 26 6 38 57 7 54 58 56 25 69 71 61 37 40 71 41 52 34 
93 39 18 93 54 23 26 41 52 47 40 94 23 65 51 60 21 57 66 30 12 42 99 83 2 87 74 24 28 77 58 72 16 75 16 21 50 41 13 1 39 52 46 61 68 96 73 40 52 38 21 16 79 71 
50 32 58 23 56 37 99 13 60 66 39 75 86 40 68 50 92 58 53 37 19 20 32 43 11 84 32 32 99 10 2 48 93 11 22 48 99 72 12 58 90 3 85 27 42 52 77 34 9 29 70 79 49 54 
21 11 89 4 42 87 13 96 86 58 6 59 5 57 82 17 14 71 19 98 98 12 1 74 45 10 54 67 40 2 72 13 65 60 16 6 98 81 53 35 38 59 93 42 15 74 10 80 97 28 30 94 40 30 
19 36 91 72 54 31 26 25 43 90 84 58 47 81 38 100 67 27 10 59 69 24 85 78 55 81 58 84 26 49 66 44 36 56 15 90 86 92 66 80 81 2 90 28 34 79 27 1 6 36 11 74 11 47 
3 17 79 12 1 4 60 66 99 96 73 66 37 11 57 54 90 38 55 79 17 41 58 95 93 63 30 3 88 92 50 42 8 28 54 60 84 13 77 34 60 50 99 48 60 56 2 1 45 8 80 13 48 89 
7 92 3 36 95 90 79 96 31 86 75 84 46 58 49 22 92 8 23 42 56 34 49 9 35 93 16 14 5 16 54 63 7 56 98 53 45 28 48 27 14 23 63 11 32 11 84 75 70 7 17 77 40 65 
85 74 10 53 39 66 20 92 29 78 99 78 83 43 6 30 22 71 4 36 81 88 46 64 62 67 22 30 44 14 47 80 39 56 32 78 73 3 21 1 33 20 31 15 14 36 96 87 6 100 22 38 39 19 
53 100 86 75 82 29 40 28 60 78 35 92 7 7 46 28 8 78 99 38 92 64 25 88 51 82 39 24 19 77 43 23 28 28 97 9 8 36 88 67 66 22 10 72 29 56 51 88 85 49 77 29 13 53 
16 15 34 6 38 4 82 32 78 61 59 27 22 18 62 9 85 79 83 46 51 63 53 1 50 38 50 78 66 14 30 33 80 15 90 69 70 71 1 47 83 11 73 4 29 87 65 65 65 47 10 67 61 63 
68 62 52 69 39 17 34 20 1 13 86 90 33 7 12 33 5 94 44 78 50 72 16 66 36 32 12 97 99 72 59 18 33 10 86 23 78 71 94 30 83 79 71 67 85 82 100 41 28 95 70 29 18 85 
94 5 69 57 1 19 28 12 36 12 21 73 86 51 43 79 32 25 57 3 43 93 84 42 33 63 36 3 91 5 39 84 9 7 40 10 25 19 21 12 82 93 84 67 95 26 45 27 2 53 29 45 97 64 
38 82 27 26 36 17 30 74 53 39 33 44 100 9 15 20 21 96 64 56 15 11 82 59 37 83 64 65 79 60 28 17 41 6 42 76 75 71 2 27 61 34 22 60 94 88 31 66 84 47 22 98 57 3 
8 93 37 71 9 16 83 88 32 75 94 25 51 68 47 4 46 8 37 19 67 82 7 50 48 42 96 69 91 52 23 98 96 59 21 4 26 55 91 9 29 36 33 31 3 80 34 100 39 22 19 5 4 77 
6 51 18 1 71 8 4 45 5 99 55 77 54 81 31 45 89 60 32 74 90 35 5 24 86 43 45 56 99 100 32 57 2 49 57 72 56 13 16 13 11 71 89 65 3 72 61 43 83 92 68 72 78 72 
47 64 66 44 19 17 43 51 73 45 51 81 68 7 93 36 19 56 58 59 72 60 30 32 54 12 75 22 36 5 45 34 20 11 77 38 79 72 40 51 68 43 31 87 49 24 22 19 79 31 77 50 90 59 
0 1 1 0 0 0 0 0 0 1 0 0 1 0 1 0 0 0 0 1 1 0 0 0 0 0 1 1 1 0 1 1 1 0 1 1 1 0 0 1 1 0 1 0 1 1 1 1 1 1 0 0 0 0 
1 0 0 0 1 1 0 0 0 0 1 0 1 0 0 1 1 1 0 0 0 1 1 1 0 1 0 1 1 0 1 0 1 0 0 0 1 1 1 0 1 0 0 0 0 0 0 1 1 0 1 1 1 1 
0 1 0 1 0 1 1 0 0 0 0 0 1 1 1 0 1 0 0 1 1 0 1 1 1 1 1 0 0 0 1 1 1 1 0 0 1 1 0 1 0 0 1 1 1 1 1 1 1 1 0 0 1 0 
1 0 1 0 0 1 0 0 0 0 1 0 0 0 0 0 1 0 0 1 1 1 0 0 0 1 1 1 0 0 1 1 0 0 0 0 1 0 0 0 0 0 0 0 0 0 0 0 0 0 1 1 0 1 
1 0 0 0 1 0 0 0 0 0 0 0 1 0 0 1 0 1 1 0 1 0 1 0 0 1 0 1 1 0 0 0 1 0 1 0 1 1 1 1 0 1 1 1 1 1 0 1 0 0 0 0 0 1 
0 0 0 0 1 1 1 1 0 0 1 1 0 0 0 1 1 0 1 0 1 0 0 0 0 0 0 0 0 0 1 0 0 1 1 1 1 0 0 1 0 1 0 0 0 0 0 1 1 1 0 0 1 0 
0 1 0 0 1 1 0 0 1 0 0 0 1 1 0 1 0 0 1 0 1 1 0 1 0 1 0 0 0 1 0 0 1 1 1 0 0 1 1 1 0 1 0 1 0 0 1 0 1 0 0 0 1 0 
1 1 0 1 0 0 0 0 0 1 1 1 0 1 1 1 1 1 0 1 0 0 1 1 0 0 1 0 0 0 0 1 0 0 0 0 0 1 0 1 0 0 0 0 1 1 1 0 0 1 1 1 1 1 
0 1 1 0 1 0 0 0 1 0 0 0 0 1 1 1 0 1 1 0 0 0 0 1 1 0 1 0 1 0 1 0 0 1 0 1 1 0 1 0 1 0 0 1 1 1 0 1 1 1 1 1 0 1 
0 1 0 1 1 1 0 1 1 0 0 1 1 1 0 1 1 1 1 0 0 0 1 1 1 0 0 0 1 0 0 0 1 0 1 1 1 1 0 1 1 0 0 1 1 0 0 0 1 1 0 0 1 0 
1 0 0 1 0 0 0 0 0 1 0 1 0 0 1 0 1 0 0 1 1 1 0 1 0 1 0 0 1 1 0 0 1 1 0 0 1 0 0 1 1 1 0 0 1 1 0 0 0 1 1 1 0 1 
1 0 1 1 1 0 1 1 1 0 0 1 0 1 1 1 0 0 0 1 0 1 0 1 1 0 0 0 0 0 0 1 1 1 0 0 1 1 1 0 0 0 1 0 1 0 1 0 1 1 1 1 0 1 
0 1 0 0 0 0 1 0 1 0 1 1 0 0 1 1 1 1 1 0 1 1 1 1 1 0 0 0 1 1 1 0 0 1 0 0 1 1 0 0 1 1 0 1 0 1 1 1 0 0 1 1 1 0 
0 0 0 1 0 0 0 0 0 0 1 0 1 1 0 1 1 1 1 1 1 1 0 0 0 0 0 1 0 0 0 0 0 0 1 1 0 1 1 0 0 0 1 1 1 1 0 1 0 1 0 1 0 1 
1 0 1 0 0 1 0 0 0 0 0 1 1 1 1 0 1 1 1 0 0 0 1 0 1 0 0 0 1 0 1 1 1 0 1 1 0 1 1 0 1 1 1 1 0 0 1 0 1 0 0 1 1 0 
0 0 0 0 0 1 0 1 0 1 0 1 0 0 0 1 0 0 1 1 1 1 0 0 1 1 1 0 1 0 0 1 0 0 1 1 1 1 0 0 1 0 1 1 0 0 1 0 0 0 0 1 1 0 
1 1 1 0 1 0 0 1 1 1 1 0 0 0 0 0 0 1 1 0 0 1 0 1 0 0 1 0 1 1 0 0 0 1 1 1 0 1 0 1 0 1 0 0 1 0 1 0 1 0 0 1 1 0 
1 1 0 0 1 1 1 1 1 1 1 0 0 1 0 0 0 0 1 0 1 1 0 0 1 1 0 1 1 1 1 0 1 1 0 0 0 0 0 1 1 1 0 0 0 0 0 0 0 0 1 1 1 1 
1 0 1 1 1 0 1 0 0 0 1 0 0 1 0 0 0 0 1 0 0 1 0 0 0 1 0 1 0 1 0 0 1 1 1 0 1 0 0 1 0 1 0 1 0 0 1 1 0 1 1 0 0 0 
1 0 1 1 1 1 1 0 1 0 1 1 1 1 1 1 0 0 1 0 1 1 1 0 0 1 1 0 0 0 0 1 0 1 0 0 0 1 0 0 0 1 1 1 0 0 0 1 0 1 1 1 1 0 
0 1 0 1 1 0 1 1 1 0 0 1 0 1 1 0 1 1 1 0 0 0 0 0 1 1 0 0 0 1 1 0 0 1 0 0 1 1 1 0 1 0 1 1 1 0 1 0 1 1 0 1 1 0 
0 0 1 0 0 0 1 1 0 1 0 0 1 1 0 1 1 1 1 1 1 0 1 0 0 1 1 0 0 0 0 0 0 0 0 1 0 1 0 0 1 1 1 0 0 1 1 0 0 0 1 1 0 0 
0 0 1 1 0 0 0 1 0 0 1 1 1 1 0 0 1 1 1 0 0 1 1 1 1 0 0 0 1 0 1 1 1 0 1 1 0 1 0 1 1 1 0 1 0 0 1 0 0 0 0 0 1 0 
1 1 0 1 1 1 0 0 1 1 1 0 0 1 1 1 0 0 0 0 1 1 1 0 1 1 0 1 1 0 1 0 1 1 0 0 1 0 1 0 1 0 0 1 1 1 0 0 1 1 0 1 0 1 
1 1 0 0 0 1 0 0 0 1 1 0 1 0 0 0 0 1 0 0 0 0 1 1 0 1 0 0 0 0 0 1 1 0 1 1 0 1 1 0 0 1 0 0 1 0 0 0 1 1 0 1 1 0 
0 1 1 0 1 1 0 1 0 1 0 0 1 0 1 0 0 0 1 0 0 1 0 0 1 1 1 1 0 0 1 1 1 0 1 1 1 0 0 0 1 0 0 0 0 1 1 0 1 0 0 1 1 0 
0 0 1 1 0 0 0 1 1 1 0 0 0 1 0 1 1 0 1 1 0 0 1 1 0 0 0 1 0 1 1 0 0 1 1 0 1 1 1 0 1 1 0 1 1 1 0 0 1 0 0 1 0 1 
1 0 1 1 1 1 0 1 1 0 0 1 0 1 0 0 1 1 1 1 1 0 0 1 1 1 1 1 1 1 0 0 0 1 1 1 1 1 0 0 0 0 1 0 1 0 0 0 1 0 0 0 0 0 
0 1 0 1 0 1 1 0 1 1 0 0 0 1 1 1 1 1 1 1 0 1 1 0 1 0 0 1 1 1 0 1 0 0 0 1 1 1 1 0 0 1 0 1 0 1 0 0 1 1 1 1 0 0 
1 0 0 0 1 1 1 1 0 1 1 1 0 0 0 0 0 1 1 0 0 0 0 0 0 1 1 1 0 0 1 1 0 1 1 1 1 0 1 1 0 0 0 0 1 1 0 1 0 0 0 0 0 0 
0 0 1 1 1 1 1 0 0 1 1 0 1 0 0 0 0 0 0 0 1 1 1 1 1 1 1 1 1 1 1 1 1 0 1 0 1 0 0 1 0 0 1 1 0 0 1 0 0 1 1 1 1 0 
1 0 0 0 1 1 0 0 1 1 0 0 0 1 0 0 0 0 0 0 1 1 0 0 1 0 0 0 0 1 1 1 1 1 1 0 0 1 0 1 1 0 1 1 1 0 1 1 0 0 1 0 1 1 
0 0 0 0 1 0 1 0 1 0 1 0 0 1 0 0 1 1 0 0 0 1 0 1 1 1 1 0 1 0 0 1 1 0 0 0 0 1 0 1 0 1 1 0 0 1 1 1 0 1 0 0 1 0 
0 0 1 1 0 0 0 0 0 1 0 0 1 0 1 1 1 1 0 1 0 0 0 1 0 1 0 0 1 1 0 1 1 0 1 0 0 1 0 0 0 1 0 1 1 0 0 1 1 0 0 1 0 0 
0 0 1 1 0 1 0 1 0 0 1 1 0 1 0 0 0 0 1 0 1 1 0 1 0 0 1 0 1 0 0 0 0 0 1 1 1 1 0 1 1 1 1 1 0 1 0 0 0 1 1 1 0 1 
1 0 1 0 0 1 0 1 1 1 1 0 0 0 1 0 1 1 1 0 0 1 0 0 0 0 0 1 1 0 0 0 1 0 1 1 1 1 0 0 0 1 0 0 1 1 0 1 0 1 1 1 1 1 
1 1 1 1 0 1 0 0 1 1 0 0 0 1 0 1 1 0 0 1 1 0 1 1 1 1 1 0 0 0 0 0 1 1 1 1 0 1 1 0 0 0 0 1 1 0 0 1 1 0 0 0 0 1 
1 1 1 0 0 1 0 0 1 1 1 1 0 0 0 0 0 1 0 0 0 1 1 0 0 0 0 1 0 1 0 1 0 1 0 0 1 0 0 0 0 0 1 0 0 0 0 0 1 0 0 1 0 1 
1 0 1 1 1 1 0 0 1 1 1 1 1 0 1 0 1 1 0 0 0 0 0 0 0 1 1 0 0 1 0 1 1 1 1 1 1 1 1 0 0 0 1 0 1 0 0 0 0 0 0 0 0 1 
0 0 0 1 0 1 0 0 0 0 0 1 1 1 1 0 1 1 0 0 1 1 0 1 1 0 1 0 0 1 1 1 1 1 0 0 0 1 0 1 1 0 0 0 1 1 0 0 1 0 0 0 0 1 
0 1 1 1 1 0 1 0 1 0 0 1 0 0 0 1 1 1 1 0 1 1 1 1 1 0 0 0 1 0 1 1 1 0 0 1 0 1 1 1 0 1 1 0 0 1 1 1 1 1 1 0 0 1 
0 1 1 0 1 0 0 0 1 1 1 0 0 1 1 0 1 1 1 0 0 1 1 1 1 0 0 0 1 0 1 1 0 1 1 1 1 1 0 1 0 1 1 1 0 0 1 1 0 0 1 0 0 1 
1 1 1 0 1 0 0 1 1 0 0 0 0 1 1 0 0 0 1 1 1 1 0 0 1 0 0 0 0 0 1 1 1 1 1 1 1 0 0 1 0 0 1 0 1 1 0 0 1 1 1 0 1 1 
0 0 1 0 0 1 1 0 1 0 1 0 1 0 0 1 1 1 1 1 1 1 0 0 1 1 1 0 1 0 0 1 0 1 1 1 1 0 1 0 1 0 0 0 0 1 0 0 0 1 1 1 0 1 
1 1 0 1 0 1 1 0 0 0 1 1 1 0 0 0 0 1 0 1 1 0 0 1 0 0 1 1 1 1 0 1 1 0 0 1 1 1 1 1 1 0 1 0 1 1 0 1 0 0 0 1 1 0 
1 1 0 0 1 0 1 1 1 0 0 1 1 1 0 0 1 0 1 0 0 0 1 1 1 1 1 0 0 0 0 1 0 1 1 1 1 1 0 0 1 0 1 1 0 1 1 1 1 0 1 0 0 0 
1 0 1 0 0 1 1 0 1 1 1 0 0 0 1 0 0 1 1 1 0 1 1 1 0 0 0 1 0 0 1 1 0 0 0 0 1 1 1 0 0 0 1 0 1 0 0 1 1 1 1 1 0 0 
1 0 0 1 1 1 1 0 0 0 0 0 0 0 1 1 0 1 0 1 1 1 0 0 0 1 1 1 1 0 1 0 0 0 1 0 1 0 0 1 0 1 0 1 1 1 0 1 1 0 1 0 1 1 
0 0 0 0 1 1 0 1 1 0 1 0 0 0 1 1 1 1 0 1 0 1 1 1 0 0 1 1 0 1 0 1 1 1 1 0 0 1 1 0 1 0 0 0 0 1 1 0 1 1 1 1 0 0 
0 0 0 0 0 1 1 0 0 0 1 1 0 0 0 0 0 1 0 0 1 1 0 0 1 1 1 0 0 1 1 1 0 1 1 0 0 0 0 0 0 0 1 0 0 1 0 0 1 1 0 0 0 0 
1 1 1 0 1 0 0 0 1 0 0 0 0 0 0 0 1 0 0 0 0 0 0 1 0 1 0 1 1 0 1 0 1 1 1 0 1 1 1 0 1 1 0 1 1 0 1 0 0 0 1 0 0 1 
1 1 0 1 0 1 1 1 0 0 0 1 1 1 0 0 1 1 1 1 0 0 1 1 1 1 1 0 0 0 1 1 1 1 1 1 0 0 0 0 1 1 1 0 0 1 0 0 0 1 1 0 1 1 
0 0 0 1 0 0 1 1 0 0 0 1 1 1 1 0 1 0 1 1 0 1 0 0 1 1 1 1 1 1 0 1 1 0 1 0 1 0 1 1 1 0 0 0 1 1 0 0 0 1 1 0 1 0 
1 0 1 0 1 0 1 1 0 1 0 1 1 1 1 0 0 0 0 0 1 1 1 1 0 1 1 1 0 0 1 1 0 0 1 0 1 1 1 1 0 1 0 1 0 1 1 0 0 0 0 1 1 0 
0 1 1 1 1 1 1 0 0 0 1 0 0 0 1 1 1 1 1 1 0 1 0 1 0 0 1 0 1 1 0 0 0 0 1 1 1 1 0 0 1 1 0 1 1 1 0 0 0 1 1 0 1 1 
