55 67 3376
5 94 23 65 51 46 96 13 33 44 37 95 89 14 9 25 62 26 51 43 83 88 26 61 6 76 71 77 28 54 69 32 99 91 49 49 36 96 13 20 39 2 15 80 15 75 4 28 52 54 70 86 41 48 98 98 23 68 26 50 73 94 34 72 85 82 72 
72 77 85 92 68 38 58 47 4 84 50 32 35 55 1 72 96 48 69 45 22 37 71 24 61 64 57 32 100 90 4 72 66 40 15 85 77 24 31 32 7 80 63 93 35 16 64 82 15 32 78 37 20 48 12 81 64 68 64 63 57 19 86 74 10 52 59 
38 75 41 70 33 21 84 77 7 99 40 88 66 24 65 54 95 65 65 27 28 32 91 42 40 61 28 65 71 31 75 8 58 16 77 90 88 61 67 94 11 58 81 76 33 97 29 28 61 45 54 40 76 96 82 67 57 9 84 79 91 58 86 48 25 15 38 
12 27 56 5 37 65 37 65 98 86 45 77 98 90 82 38 17 30 19 36 38 79 19 16 69 28 1 17 53 15 6 16 93 61 73 30 77 61 46 26 46 90 2 44 79 84 33 48 65 51 83 2 81 1 17 49 80 17 17 32 84 22 100 76 34 72 57 
11 32 2 36 30 44 90 25 74 25 57 21 89 59 3 90 39 55 6 39 35 74 56 18 9 77 17 37 63 40 93 25 24 47 60 53 42 1 29 15 25 37 36 13 95 90 54 85 97 59 23 31 85 78 48 93 7 17 81 21 56 74 45 31 72 4 35 
13 5 63 27 81 99 14 94 45 56 47 29 52 58 52 82 42 81 81 86 87 49 67 7 57 92 51 87 15 7 22 27 63 36 5 43 35 71 88 79 26 87 60 77 44 11 10 37 91 42 74 30 43 40 88 99 83 91 85 97 49 58 75 63 94 80 5 
28 2 45 58 79 31 17 7 74 79 16 62 22 9 35 3 51 27 90 1 9 32 86 6 80 95 80 42 88 11 99 67 12 43 77 90 25 45 48 50 24 63 11 97 24 45 99 26 71 40 27 80 72 64 37 3 58 16 97 98 79 47 64 42 41 92 84 
65 37 31 14 12 46 24 8 21 20 58 46 43 97 24 74 20 39 10 75 97 77 23 46 7 21 61 49 61 53 84 25 41 14 38 52 59 13 11 31 84 68 77 26 16 100 51 88 39 12 14 87 89 36 84 47 8 44 95 68 96 78 92 36 44 81 39 
54 45 49 85 28 68 13 6 36 12 56 75 2 68 88 40 8 75 23 54 82 19 1 49 66 30 92 54 25 24 92 79 68 93 63 47 12 27 4 47 38 12 73 92 79 60 83 38 86 58 43 67 28 95 67 93 77 10 46 1 33 90 79 52 82 93 99 
45 19 54 44 9 65 16 52 95 76 86 32 61 95 27 80 22 21 46 15 97 56 12 98 40 1 28 92 34 73 42 79 43 95 22 3 60 89 6 54 64 92 38 77 38 64 8 60 36 53 74 85 60 85 34 100 38 13 43 71 85 84 1 80 30 22 34 
41 63 40 47 78 83 84 54 20 99 13 31 86 18 4 70 77 41 3 28 30 16 70 100 52 5 1 31 35 74 17 75 36 56 21 14 90 56 19 61 6 84 92 92 1 47 61 77 39 64 57 68 31 26 68 82 31 20 65 65 93 81 91 81 88 64 46 
77 19 16 37 25 99 28 16 51 27 28 28 65 43 84 33 73 61 52 7 91 71 71 7 15 3 50 47 90 13 92 66 31 60 54 7 10 34 74 61 60 2 40 24 44 75 8 69 35 59 75 78 81 97 36 96 99 85 94 88 97 38 5 80 97 58 86 
58 43 12 18 2 13 57 78 8 31 37 28 18 96 54 95 28 50 30 23 100 15 69 39 63 6 43 42 2 53 80 11 95 43 29 49 55 37 26 14 20 62 42 89 9 95 83 37 97 64 11 96 30 79 35 93 36 77 86 89 81 17 100 28 59 80 76 
65 16 53 79 87 66 72 75 27 66 9 15 62 73 25 10 2 56 44 46 91 72 32 80 53 100 31 80 59 10 7 23 25 59 53 64 76 24 90 2 90 99 16 3 23 93 12 76 100 7 22 42 79 5 73 83 4 3 14 62 12 20 37 89 30 89 52 
5 13 93 59 54 43 74 8 65 18 72 41 17 78 62 59 56 66 31 38 69 86 51 83 97 70 71 85 51 59 88 8 23 33 66 28 75 91 36 40 9 7 32 25 36 93 35 92 10 18 29 30 3 32 64 51 53 34 88 4 93 75 11 67 59 76 95 
34 66 82 25 26 40 56 51 75 100 37 18 9 54 47 90 8 30 54 59 82 87 46 37 31 72 47 50 31 74 96 16 92 77 40 17 68 95 19 94 94 56 12 54 61 10 95 69 39 48 27 20 87 72 9 69 95 55 18 25 81 13 40 72 41 79 40 
8 25 59 54 70 66 65 75 26 74 70 94 64 69 72 35 55 95 43 24 90 98 93 14 30 6 6 1 98 36 40 6 61 98 11 82 15 75 57 41 100 26 86 63 46 58 97 1 52 40 76 41 89 68 7 18 25 12 70 23 47 9 80 59 59 90 41 
73 16 97 65 15 74 51 29 19 8 25 71 11 16 46 4 4 66 10 73 42 73 42 64 19 3 95 78 13 84 70 37 51 66 2 65 91 52 45 9 11 70 32 21 37 29 24 93 94 85 65 88 57 59 51 28 13 98 57 25 33 26 13 84 43 14 100 
33 17 45 93 27 66 24 100 2 5 75 94 50 12 11 37 68 21 40 95 33 37 3 9 69 28 21 4 70 35 4 54 3 100 99 82 65 74 33 18 78 7 64 28 18 74 64 38 94 3 84 78 91 87 86 12 14 6 15 36 92 70 41 95 21 39 28 
85 13 60 55 90 18 18 69 36 91 33 25 36 87 8 13 30 94 98 41 8 55 55 95 47 77 35 93 97 26 72 34 38 31 88 79 48 57 48 35 99 32 59 34 70 67 98 99 12 95 39 71 1 46 65 99 22 52 43 70 77 14 3 14 44 42 44 
92 98 43 78 48 74 37 81 44 55 78 42 66 24 33 37 25 78 1 23 51 4 66 20 80 31 75 45 75 68 89 18 18 31 95 65 57 83 98 100 37 75 93 55 51 25 91 27 54 43 1 4 47 18 76 26 49 2 71 23 69 11 92 38 93 38 55 
49 21 52 48 9 78 93 63 28 17 53 54 23 48 55 26 94 72 53 19 72 54 41 94 75 51 37 12 44 75 66 92 47 69 92 7 47 36 22 74 4 26 80 26 73 86 52 66 57 4 85 81 10 77 74 84 28 63 47 23 89 65 66 87 33 9 93 
79 44 14 5 48 40 84 73 12 69 76 78 77 32 14 57 41 42 83 76 21 45 22 43 85 86 61 71 71 69 63 49 65 29 53 64 68 36 88 31 56 16 60 33 47 25 41 39 67 23 14 87 19 87 82 3 25 42 25 95 62 88 43 78 68 96 41 
87 83 29 17 39 44 29 23 42 53 63 80 71 38 45 10 56 31 91 11 55 84 35 49 97 74 44 75 41 39 15 27 73 95 96 63 90 24 85 83 28 100 62 99 37 58 60 92 89 2 54 95 85 89 44 81 62 87 7 3 77 22 81 1 68 76 64 
10 99 100 92 79 99 6 29 35 63 88 79 3 89 32 98 25 20 93 5 34 31 12 88 7 85 68 7 4 44 22 13 94 22 57 72 20 62 100 7 76 39 85 31 27 68 28 51 40 72 8 73 2 71 60 8 7 27 66 62 22 40 27 16 61 83 39 
32 96 91 38 23 29 74 53 8 42 32 10 81 3 69 5 4 39 16 63 97 94 81 11 16 20 37 83 80 19 21 11 66 11 1 88 92 74 41 99 67 24 8 99 27 77 3 30 67 18 45 16 12 25 26 79 44 62 61 23 32 33 85 97 44 85 84 
35 59 76 85 77 52 92 76 78 20 30 59 87 100 3 2 63 27 27 41 70 40 53 44 71 85 29 67 28 13 2 14 23 30 98 52 81 42 27 58 61 56 16 99 55 71 100 69 97 78 9 67 17 61 10 87 98 90 5 77 55 7 91 29 36 40 80 
68 33 6 77 94 14 44 92 20 14 44 89 11 21 49 77 90 62 38 76 59 80 81 35 34 39 77 62 26 69 42 93 1 99 21 94 64 64 38 84 78 81 24 88 53 72 16 94 85 5 70 43 84 2 30 17 92 6 79 17 74 72 61 27 70 81 20 
86 44 9 69 21 41 44 60 46 67 75 39 52 80 60 46 15 13 27 32 4 33 62 72 58 33 84 84 54 64 56 39 60 16 59 32 57 2 92 54 69 18 92 72 49 52 17 64 64 44 95 68 28 8 91 37 92 75 73 97 90 80 36 49 95 46 33 
3 100 76 56 68 93 48 91 94 51 7 57 66 2 3 85 81 62 76 70 53 50 42 49 39 21 36 40 67 82 72 70 81 99 25 100 43 24 90 36 26 48 44 92 2 46 76 82 59 3 51 11 52 44 60 43 64 95 34 83 28 57 52 60 55 28 59 
97 4 100 33 29 48 76 72 1 74 48 34 32 2 37 95 54 80 54 48 96 100 81 78 28 89 81 87 43 8 98 39 11 97 23 92 96 51 63 96 76 62 82 59 64 18 53 69 97 58 68 44 58 100 21 37 88 1 75 30 61 72 20 23 21 43 14 
68 45 29 16 20 42 97 78 57 14 31 77 62 88 96 6 45 95 78 33 34 79 8 63 91 31 35 13 51 77 79 19 21 59 34 92 52 30 69 9 95 99 37 56 87 33 61 83 79 39 68 13 69 75 75 11 5 61 23 8 89 53 78 9 11 11 100 
63 92 21 23 38 19 59 93 57 43 6 92 22 96 59 34 64 85 60 74 41 21 48 48 9 1 25 70 63 87 21 77 30 41 99 67 12 10 12 20 4 17 11 25 64 21 10 79 57 22 4 98 94 51 97 54 3 22 75 18 60 96 94 42 88 45 8 
51 6 71 71 9 39 33 86 2 6 95 80 62 68 35 11 61 86 8 15 40 81 41 57 92 88 3 33 76 47 93 78 52 63 100 60 54 85 97 7 42 92 87 3 11 73 66 72 58 73 38 50 5 30 6 96 18 60 29 45 6 21 22 57 35 74 69 
88 58 65 95 99 8 33 53 71 57 18 94 15 42 83 16 46 12 73 42 29 33 22 73 38 94 95 47 80 68 67 20 77 83 66 27 91 98 79 61 6 49 6 20 90 88 87 88 99 60 81 28 92 2 100 81 47 46 79 26 13 45 45 41 28 10 67 
70 59 46 82 65 46 87 36 35 74 23 74 72 34 54 99 77 7 99 57 53 96 88 79 61 32 23 1 11 85 68 80 43 65 61 7 10 99 95 96 72 17 70 44 2 75 94 78 82 44 86 34 40 73 64 100 57 39 100 67 23 19 99 17 35 11 76 
96 10 70 44 81 38 65 76 39 39 22 68 20 65 53 6 56 78 69 55 86 7 7 52 81 77 2 98 64 13 73 59 22 42 54 54 31 18 82 69 57 55 88 28 19 40 85 27 69 6 81 54 64 39 58 45 16 59 94 79 23 66 89 96 59 43 2 
89 12 83 9 68 37 96 48 7 87 84 33 8 89 66 61 53 4 70 97 71 81 90 1 55 7 42 51 65 36 52 5 47 86 65 67 22 60 14 80 98 97 65 5 38 30 18 90 85 39 38 8 19 27 60 26 33 1 76 49 36 27 5 83 64 69 49 
37 80 14 16 77 62 80 34 99 61 3 40 46 41 77 53 12 3 12 37 87 65 64 87 100 42 91 34 5 11 34 41 90 47 56 19 61 88 4 11 48 6 51 93 98 27 97 61 82 61 97 20 25 12 7 76 53 49 62 57 12 95 97 53 94 5 71 
54 92 26 16 39 83 66 84 81 45 32 93 26 92 42 97 68 53 3 96 6 4 57 62 15 51 11 67 96 15 90 1 6 67 17 44 50 34 79 82 78 11 74 55 54 67 52 74 20 6 69 25 61 77 38 75 79 48 94 75 62 35 75 19 53 43 15 
54 29 93 87 6 55 61 13 9 79 16 34 98 21 2 74 82 30 12 8 8 11 53 82 25 39 9 43 44 3 57 97 31 2 84 89 56 96 1 16 74 68 49 72 88 2 97 21 31 8 81 91 71 85 24 95 24 84 89 67 87 98 15 69 99 98 57 
6 93 9 74 19 76 74 90 16 76 86 36 58 46 68 48 68 53 24 14 28 7 54 46 93 51 60 62 1 10 70 7 2 79 32 72 54 5 61 69 32 99 57 90 96 24 89 15 28 12 28 55 19 81 52 63 84 12 24 84 21 94 42 74 24 73 46 
77 78 58 98 9 8 6 50 55 29 39 69 9 2 48 63 72 81 15 35 16 78 10 99 50 55 93 75 78 65 72 7 94 82 4 55 41 9 4 48 89 94 68 97 48 16 12 19 48 78 53 63 7 15 13 8 69 5 82 47 22 6 5 15 39 60 21 
79 20 25 26 60 70 94 57 17 61 20 36 60 49 40 74 55 54 86 14 23 43 47 21 64 52 77 30 42 36 51 21 55 27 98 14 96 43 22 65 3 93 52 14 41 91 87 47 97 73 60 71 67 7 91 30 10 19 11 52 54 61 24 60 39 73 25 
35 16 99 51 70 91 2 84 84 92 22 82 88 94 94 58 12 52 100 41 61 18 4 64 23 16 39 82 55 12 59 41 27 57 91 48 99 92 83 82 83 5 16 23 98 9 32 62 60 32 2 72 1 57 36 76 73 26 57 27 37 67 19 15 23 9 63 
22 100 45 55 34 49 22 8 99 30 40 60 41 23 13 13 75 22 100 50 94 25 7 72 62 25 90 76 48 50 90 21 1 87 27 86 87 49 94 85 30 85 96 71 7 61 83 81 82 82 31 27 6 89 98 19 13 39 47 12 40 88 84 40 74 63 25 
61 11 70 97 40 54 93 62 12 5 44 45 86 77 75 64 35 15 13 53 79 51 51 43 42 39 26 33 64 40 9 24 50 79 21 42 84 65 3 96 21 99 40 58 75 66 21 9 32 33 14 10 35 16 52 76 54 30 8 18 69 16 93 71 46 65 64 
82 81 18 77 1 16 68 58 91 85 78 51 16 10 16 25 96 32 29 23 37 10 30 6 30 98 51 52 95 15 15 76 96 33 4 96 100 71 6 90 55 83 93 70 45 60 47 92 43 27 15 80 88 44 37 17 93 39 69 40 54 35 15 1 19 19 48 
19 41 53 60 48 88 4 69 84 64 67 75 6 93 89 37 80 85 26 49 29 64 69 68 17 3 35 69 22 5 17 92 45 69 51 44 8 55 13 91 18 79 66 75 24 54 12 3 38 37 51 67 52 19 86 69 74 20 89 47 24 5 38 21 26 88 64 
33 42 76 24 11 7 89 86 30 94 49 84 84 37 35 2 88 5 87 8 30 7 97 76 30 1 13 50 78 1 14 11 94 41 86 57 99 26 42 28 19 42 64 2 78 98 3 65 54 42 73 84 48 21 11 29 21 24 79 99 76 44 61 69 36 46 25 
35 71 18 14 41 59 77 43 88 26 97 5 32 38 77 67 37 49 77 66 69 100 96 19 27 39 31 96 26 76 72 12 98 42 26 39 52 54 33 40 80 81 44 63 71 72 29 7 20 57 72 40 57 67 11 83 57 41 30 83 69 54 94 18 95 71 56 
98 77 40 37 8 21 32 70 91 55 50 97 74 6 21 66 14 87 28 49 96 20 78 78 88 83 23 6 77 46 13 75 22 53 63 29 25 95 50 15 49 99 63 75 4 83 92 18 22 19 66 17 38 95 46 78 78 20 35 6 65 47 32 38 51 47 18 
75 93 67 41 93 65 4 67 21 86 10 38 59 28 55 75 18 49 20 95 78 40 81 36 56 27 67 46 30 13 63 56 5 82 97 98 98 100 16 18 37 26 7 96 5 13 22 22 14 42 68 91 33 48 26 40 27 45 37 8 57 100 63 14 33 59 11 
30 10 78 100 99 3 58 94 60 71 15 33 84 8 53 26 92 100 4 32 78 48 20 85 56 19 100 69 3 58 31 85 68 9 84 66 63 93 11 22 63 77 7 98 37 59 24 28 10 79 11 88 26 31 24 81 1 23 2 56 33 32 40 52 40 75 69 
55 67 79 28 30 7 34 79 43 92 54 23 2 32 85 41 9 67 64 90 68 39 91 75 71 22 14 74 14 88 42 68 54 72 47 35 30 81 66 25 72 19 47 25 51 83 65 59 50 81 100 69 19 42 43 41 16 56 66 29 95 7 48 100 30 94 35 
0 1 1 0 1 1 0 1 1 1 0 0 0 0 1 0 0 1 0 0 0 1 1 0 1 1 1 0 0 0 0 0 0 1 1 1 1 1 0 0 0 0 0 0 0 0 0 0 1 0 0 1 1 1 1 0 0 0 1 0 0 1 1 0 1 0 1 
0 1 0 0 0 0 1 0 1 1 1 1 0 1 0 1 1 1 0 1 0 0 0 0 0 0 1 1 1 1 0 1 1 0 1 1 1 0 1 0 1 0 1 1 0 1 0 1 1 0 0 1 0 1 1 1 1 1 0 0 0 0 1 1 1 0 0 
0 1 0 0 0 0 1 0 0 1 0 1 0 1 0 1 1 1 0 0 0 1 0 0 0 1 1 1 0 1 0 0 0 0 0 1 0 1 1 1 0 1 0 0 0 0 1 0 1 0 0 1 1 1 1 1 0 0 1 0 0 1 0 0 1 0 1 
1 1 0 0 0 0 1 0 0 1 0 0 1 0 1 0 1 0 0 1 0 0 0 0 0 1 0 1 0 0 0 1 1 1 0 1 1 1 0 1 0 0 0 1 0 1 0 1 1 0 0 1 0 0 1 1 1 1 0 1 1 0 1 0 1 1 0 
0 0 0 0 0 0 0 0 0 1 0 1 0 0 0 1 0 0 0 1 0 1 1 1 0 0 0 0 1 1 0 0 1 0 0 0 0 0 0 0 1 0 0 1 0 0 0 0 0 0 0 0 1 1 0 1 1 0 1 1 0 0 1 1 0 1 1 
1 1 1 1 0 1 1 1 1 1 1 0 0 1 0 0 0 1 0 1 1 1 0 0 1 0 1 0 1 0 0 0 1 1 1 1 1 1 0 0 0 1 0 0 0 0 1 0 0 1 1 1 0 1 1 1 0 0 0 1 0 0 1 1 1 0 0 
0 1 0 1 0 1 1 0 1 0 1 1 0 1 0 1 1 1 0 1 1 0 1 0 0 1 1 1 0 0 1 1 1 1 0 1 0 1 0 1 1 1 0 1 0 0 0 0 1 0 1 1 0 0 1 0 1 1 1 1 1 0 0 0 1 0 0 
1 0 0 0 1 1 0 1 0 0 1 0 0 0 1 1 0 1 0 1 0 1 0 1 0 1 0 1 0 0 1 0 0 1 0 0 0 1 1 0 1 0 0 1 0 1 0 1 0 1 0 0 0 0 0 1 1 0 0 0 0 1 0 1 0 0 1 
0 1 0 1 1 0 1 0 1 1 1 0 1 0 0 0 0 0 0 1 0 0 1 0 0 0 0 1 0 0 0 1 0 0 0 1 1 1 1 0 0 0 0 0 0 0 0 1 0 0 0 0 0 0 0 0 0 0 0 1 1 0 0 1 1 0 0 
0 1 1 0 0 0 0 0 0 0 0 1 0 0 0 1 0 0 1 0 0 0 0 1 1 1 1 0 0 1 0 0 1 1 0 1 1 0 1 0 0 1 1 0 1 1 1 1 1 1 1 0 1 0 1 0 1 1 0 1 0 0 1 1 1 1 0 
1 1 1 1 1 0 0 1 1 0 1 0 1 0 0 1 1 0 1 1 1 0 1 0 0 1 1 0 0 0 0 1 1 0 0 0 0 1 1 0 1 0 0 0 0 0 0 1 0 1 0 1 1 1 1 1 0 0 1 1 0 0 0 1 0 1 1 
0 0 1 0 1 1 1 1 0 1 1 1 0 0 0 1 1 1 1 1 0 1 0 1 0 0 1 1 0 0 1 1 0 0 1 1 1 0 1 1 0 0 1 0 1 1 1 0 0 0 1 0 0 0 1 0 0 1 1 1 1 0 0 0 0 1 1 
0 0 0 1 0 1 0 0 0 1 1 0 0 0 0 0 0 0 0 0 0 1 1 1 0 0 1 0 0 1 0 0 1 0 0 1 1 0 1 1 0 0 0 0 0 0 0 0 0 0 0 0 1 0 0 0 0 1 0 0 0 0 1 1 1 1 0 
0 1 1 0 1 0 0 1 0 0 0 1 0 0 1 0 0 1 0 0 1 0 0 0 0 1 1 0 0 0 0 0 1 0 0 1 0 0 0 0 0 0 1 0 1 1 1 1 0 1 1 0 1 1 0 0 0 1 0 0 1 0 1 0 0 1 1 
0 0 0 1 0 0 0 1 1 1 0 0 0 1 1 0 1 1 0 1 1 1 1 0 0 1 1 0 0 0 0 0 0 0 1 1 0 0 0 0 1 0 0 1 1 0 1 0 1 1 1 0 0 0 0 0 0 1 1 0 0 1 0 0 1 0 1 
1 0 1 1 1 1 0 1 1 0 0 1 1 0 1 1 0 1 0 1 1 1 0 1 1 1 0 0 0 0 1 1 0 1 1 1 0 1 0 1 1 1 1 0 1 0 1 1 1 1 0 1 1 0 0 0 1 0 0 1 0 0 1 0 1 0 0 
1 1 0 1 0 1 0 0 0 0 1 0 1 1 0 0 0 1 1 0 0 1 1 0 0 1 1 0 0 1 0 1 0 1 0 0 0 0 0 1 0 1 1 0 0 1 0 0 0 1 1 1 1 0 1 1 1 0 1 1 1 0 0 1 1 1 1 
1 1 1 0 0 0 1 0 1 1 0 1 1 0 0 0 1 0 1 0 1 1 1 0 0 1 1 1 0 0 0 0 1 1 0 1 0 0 1 1 1 0 0 0 0 1 1 1 1 0 1 1 0 0 1 0 0 0 0 0 0 0 0 0 0 1 1 
0 1 1 1 0 1 1 0 1 0 1 0 0 0 1 1 0 1 0 0 1 1 0 0 1 1 0 1 1 1 1 1 0 0 0 0 1 1 1 0 0 0 0 0 0 1 1 0 0 1 1 0 0 1 0 0 0 0 1 1 0 0 0 0 0 0 1 
1 0 0 1 0 0 1 0 1 0 1 1 1 0 0 1 1 0 1 1 0 1 0 0 1 1 0 0 1 1 1 1 1 1 0 1 1 0 1 0 0 0 0 1 0 0 0 1 0 1 0 1 1 1 1 0 0 1 0 1 0 1 0 1 0 1 0 
0 1 1 0 1 1 0 1 0 1 1 1 1 1 0 0 0 1 1 0 1 1 1 0 1 0 1 1 1 0 1 1 1 1 1 0 0 0 1 0 1 1 0 0 0 0 1 0 1 0 0 0 1 1 0 1 0 1 0 1 1 1 0 0 0 1 1 
1 1 0 1 0 1 1 1 1 1 0 1 0 0 0 0 0 1 1 1 1 0 1 0 0 0 0 0 1 0 1 0 1 0 1 0 1 1 1 1 0 1 0 1 1 0 1 1 0 0 0 1 1 1 0 1 0 0 1 1 0 1 1 0 1 0 0 
0 1 1 1 0 0 0 1 1 0 0 1 0 1 1 0 0 1 0 1 1 0 0 0 1 1 1 1 0 1 1 1 1 0 0 1 0 0 0 1 1 0 0 1 1 0 1 1 1 1 0 0 0 1 0 1 0 1 0 1 0 1 0 1 1 0 0 
1 1 0 0 0 1 1 1 0 1 1 0 0 0 0 0 0 1 0 1 0 1 1 1 1 0 1 1 1 1 1 0 0 0 1 0 1 0 0 1 1 1 1 1 1 0 1 0 1 1 1 1 0 1 0 1 1 1 0 1 1 0 1 1 0 0 0 
1 0 0 0 1 1 0 0 0 0 1 0 1 0 0 1 0 1 1 0 0 1 0 1 0 0 1 1 0 1 1 1 0 1 0 1 0 0 0 1 0 1 1 1 0 1 0 0 0 0 0 1 1 1 0 1 1 1 0 0 1 0 1 1 1 1 0 
0 1 0 1 1 0 0 1 0 0 1 0 0 1 1 1 0 0 0 1 1 1 0 1 0 0 1 1 1 0 0 1 0 0 0 1 0 1 0 0 1 0 1 1 1 0 1 0 0 1 1 1 0 1 1 1 1 0 0 1 0 0 0 0 1 1 0 
1 0 0 0 1 0 1 0 0 1 1 0 1 0 1 0 1 1 1 0 0 1 0 1 0 1 0 0 0 1 0 1 1 1 1 0 1 0 0 1 1 0 1 0 0 1 1 1 0 0 1 0 0 0 0 0 1 0 0 1 1 1 0 0 0 0 0 
1 0 0 1 0 0 0 0 1 1 1 0 1 0 0 0 0 0 0 0 1 0 0 0 1 1 0 1 1 0 1 1 1 1 0 1 0 0 1 1 0 1 1 1 1 1 1 1 1 1 1 0 1 1 0 0 1 1 1 0 1 0 1 0 0 1 1 
0 0 1 1 0 0 0 1 1 0 1 0 1 0 1 0 0 0 0 0 1 1 0 0 1 0 1 1 0 1 1 0 1 0 1 1 0 0 0 1 0 1 1 1 0 0 1 0 0 0 0 0 1 0 0 0 1 1 0 1 0 1 0 1 1 1 0 
1 1 1 0 1 0 1 1 0 1 0 0 1 0 1 1 0 1 1 0 0 1 0 0 1 1 0 1 0 1 1 1 1 0 1 0 1 0 1 1 1 0 0 1 0 1 0 0 0 0 1 1 1 1 1 0 1 1 1 1 0 1 1 1 1 0 0 
0 1 1 0 0 1 0 1 0 1 0 0 1 0 1 0 1 1 1 1 0 0 1 1 1 0 0 0 1 1 0 0 0 0 0 0 1 0 0 1 1 0 0 0 0 1 1 1 0 0 0 0 1 1 0 0 1 0 0 1 1 1 1 1 1 1 0 
0 1 0 0 0 0 0 0 0 1 1 1 0 0 1 0 1 1 0 1 0 1 1 1 0 0 0 0 1 1 0 0 0 0 0 0 0 0 1 0 1 0 1 1 0 0 0 1 1 0 0 0 1 0 1 0 0 0 0 0 1 0 0 0 0 0 0 
0 0 1 0 1 0 1 1 0 1 1 0 1 1 0 1 1 0 0 1 1 0 1 1 0 1 1 0 1 1 0 1 1 0 1 0 0 0 1 0 1 0 0 0 0 1 1 1 1 0 0 0 0 1 1 0 0 0 0 1 1 1 0 0 1 1 1 
1 1 0 1 0 1 0 1 1 1 0 0 0 0 0 1 1 1 0 1 1 1 0 0 0 1 0 1 0 1 0 1 0 0 0 0 1 0 1 0 1 0 0 0 0 0 1 1 1 1 1 0 0 1 0 1 0 0 0 0 1 0 1 1 0 1 0 
0 0 1 0 1 1 1 1 0 1 0 1 1 0 0 1 0 1 0 1 1 0 1 1 0 1 0 1 0 0 1 0 0 1 0 1 0 1 1 0 1 1 0 0 1 0 1 0 0 1 1 1 0 1 1 0 0 1 1 0 1 1 0 1 0 1 1 
0 0 0 1 1 1 1 1 1 1 1 1 1 0 0 1 0 1 0 0 0 1 0 0 1 1 1 0 1 0 1 1 0 1 0 0 1 1 1 0 1 0 1 0 1 1 1 1 1 1 0 1 1 0 1 0 1 0 0 0 0 0 1 1 1 0 1 
0 1 0 0 0 1 1 1 0 1 0 1 0 0 1 1 1 1 0 1 0 1 1 0 1 1 0 0 1 0 1 1 1 0 0 0 1 1 1 1 0 1 0 0 1 0 1 0 1 0 1 0 1 1 0 0 0 0 1 1 0 0 1 0 0 1 0 
1 0 1 0 1 0 1 1 0 1 1 0 0 1 0 0 0 1 1 0 1 1 1 1 0 0 0 0 0 1 0 0 1 1 0 0 1 1 0 1 0 1 0 1 0 0 1 0 1 0 0 0 0 0 1 0 0 1 0 0 0 0 0 0 1 1 0 
0 0 0 0 1 1 0 0 1 0 1 1 1 0 0 1 0 0 1 0 0 0 0 0 1 0 1 1 1 0 1 1 0 0 1 1 1 1 1 1 1 1 0 0 1 0 0 1 0 1 1 0 1 1 1 0 1 0 1 0 0 1 1 0 1 1 0 
0 0 1 1 0 0 0 0 1 0 0 0 1 1 1 1 1 0 0 1 1 0 1 1 0 0 1 1 1 0 1 1 0 0 1 0 1 1 1 0 1 1 1 0 1 0 0 0 1 0 1 0 1 0 0 1 0 1 0 1 1 1 1 1 0 0 0 
1 1 1 1 0 0 0 1 1 1 1 1 0 1 1 0 0 1 0 0 0 1 0 1 0 0 0 0 0 0 0 1 1 1 0 0 1 1 1 1 0 0 0 0 1 1 0 0 1 1 0 1 0 0 0 1 0 1 1 0 1 1 1 1 0 0 1 
1 1 0 0 1 0 1 1 1 0 1 1 1 0 1 0 1 0 1 0 0 0 1 1 1 0 0 0 0 0 1 1 1 1 0 0 1 1 1 1 1 1 0 1 1 0 1 0 0 0 0 0 0 1 1 0 1 0 0 1 0 0 1 0 1 1 0 
1 0 0 0 1 1 0 0 0 0 0 1 0 0 1 1 1 1 0 1 0 0 1 0 1 1 1 1 1 0 1 0 0 1 0 1 0 0 0 1 1 0 0 1 0 1 0 1 0 1 0 1 1 0 1 0 1 0 1 0 0 1 0 0 0 0 1 
1 1 1 0 0 1 0 1 0 1 0 1 0 1 0 1 0 0 0 1 1 0 0 0 0 1 0 0 0 1 1 1 0 1 1 0 0 1 1 0 0 1 0 0 0 0 1 1 0 1 0 1 1 0 1 1 0 0 1 0 1 1 1 1 0 0 1 
0 1 0 1 1 0 1 0 0 1 1 1 1 1 1 0 0 0 0 0 0 0 1 0 1 0 1 0 0 1 1 1 0 1 0 1 1 1 1 0 0 1 1 1 0 1 1 0 1 1 0 1 1 0 1 0 0 0 0 1 1 1 0 1 1 0 0 
0 1 0 0 1 1 0 0 1 1 1 1 0 1 0 1 0 0 0 1 0 0 1 1 1 1 1 0 0 1 0 0 0 0 1 1 1 1 1 0 0 1 0 0 0 0 1 0 0 1 1 0 1 1 0 0 0 1 0 0 1 0 0 1 1 1 1 
0 0 0 1 0 1 1 0 1 1 1 0 1 0 1 1 1 0 1 1 0 1 1 0 0 0 1 1 1 0 0 1 1 1 0 1 0 1 0 0 0 1 0 1 0 1 1 1 0 0 1 0 1 0 1 1 0 0 1 1 0 1 1 1 0 1 1 
1 1 1 1 1 0 1 1 0 0 0 0 0 0 1 1 0 1 0 1 0 0 0 1 0 0 0 0 0 0 1 1 1 0 0 0 0 1 1 1 0 1 1 0 0 0 1 0 1 1 1 1 1 0 1 0 0 1 0 0 1 1 0 0 1 0 1 
1 0 0 0 0 0 1 0 0 1 0 0 1 1 1 0 1 1 1 1 1 1 1 0 0 0 0 1 1 0 0 0 0 0 1 0 0 0 1 0 0 1 0 1 0 0 1 1 1 1 0 1 0 1 1 0 1 1 1 0 1 1 1 0 0 0 0 
0 0 1 1 0 0 1 1 1 1 1 0 1 0 1 0 0 0 1 0 0 0 0 0 1 1 1 1 1 1 0 0 0 1 1 0 0 0 0 1 0 1 1 1 1 0 1 1 1 0 1 1 0 1 1 1 1 1 1 0 0 1 0 0 0 1 1 
0 0 1 1 0 0 1 1 1 1 0 0 0 0 1 1 0 1 1 1 0 0 0 0 0 1 1 1 0 0 0 0 0 1 0 0 1 1 1 0 0 1 0 1 1 1 0 1 0 1 1 0 1 1 1 0 1 0 1 1 0 1 1 1 0 1 1 
1 0 1 1 1 0 1 0 0 0 0 1 1 0 0 1 1 0 0 1 1 0 0 0 1 1 1 0 1 1 1 0 1 0 1 0 1 0 0 1 1 1 0 0 1 1 1 0 1 0 0 0 0 0 0 1 0 1 1 1 0 1 0 0 1 1 0 
0 0 1 1 1 0 0 1 1 1 0 1 0 0 1 0 1 0 0 0 0 1 0 1 0 1 1 0 0 1 0 1 1 1 0 0 1 0 1 0 1 1 0 1 0 1 1 1 1 1 1 1 1 1 1 1 0 0 1 1 1 1 0 0 1 0 0 
0 1 1 1 0 1 1 0 1 0 1 0 0 1 1 1 0 1 0 1 1 1 0 0 0 1 0 1 0 1 1 1 0 1 0 0 0 1 0 1 1 0 1 1 1 0 1 1 1 1 0 1 0 0 1 1 1 0 0 0 1 1 1 1 0 1 1 
0 0 0 1 1 0 0 1 1 1 0 0 0 1 0 1 0 0 1 1 1 1 1 1 0 0 0 1 1 1 0 1 1 0 1 1 0 1 0 1 0 0 1 1 1 1 0 1 1 1 0 1 0 1 0 0 0 1 1 1 0 0 0 0 0 1 1 
