69 54 3584
66 72 15 73 37 94 9 34 26 96 72 88 24 72 8 72 34 44 94 63 36 46 60 74 2 57 16 40 91 73 45 8 96 11 80 85 4 41 70 81 36 41 68 11 64 76 83 97 71 76 11 58 73 22 
31 26 79 98 18 21 71 62 28 18 25 60 2 28 100 71 61 87 63 28 98 26 55 80 75 77 7 37 35 31 59 65 57 37 63 74 57 85 87 36 2 11 95 56 91 94 26 51 81 41 30 30 66 37 
9 40 13 67 77 47 97 87 12 53 23 26 78 31 10 65 18 11 27 13 66 17 58 44 19 90 84 1 19 1 37 27 93 1 93 69 48 90 55 11 94 29 36 72 11 97 36 28 7 62 92 25 31 50 
20 1 39 55 1 10 55 89 88 47 90 81 67 89 22 73 51 67 53 38 38 63 34 25 43 92 39 34 68 21 35 87 21 26 41 74 35 48 62 22 94 3 54 13 43 27 85 45 94 38 82 83 52 67 
8 46 11 98 32 30 18 66 17 38 91 9 63 77 56 25 99 2 79 52 14 74 79 50 18 24 87 52 6 91 70 65 36 80 14 67 10 31 33 78 21 75 38 83 52 94 59 50 47 38 53 12 63 83 
61 80 6 100 31 64 90 53 80 77 84 94 44 45 24 28 22 96 54 60 79 57 5 89 58 3 26 11 14 88 45 26 20 3 25 2 66 66 54 97 95 38 90 90 82 66 69 56 61 22 67 91 31 23 
80 88 25 57 50 90 97 95 15 16 97 92 17 14 9 23 10 3 60 52 44 93 17 12 48 29 86 66 20 16 88 51 55 12 7 5 1 55 99 68 70 47 59 39 60 19 61 21 74 72 72 17 16 40 
29 64 69 66 29 40 33 69 90 87 80 48 91 33 3 41 100 24 39 10 14 98 80 26 71 53 97 94 70 65 34 50 28 2 15 8 93 47 76 34 85 8 33 76 92 87 68 43 11 7 52 76 56 31 
2 26 84 50 20 5 14 5 54 93 58 20 53 50 18 80 35 2 87 67 29 30 54 49 72 16 55 23 91 10 6 92 88 41 94 59 97 7 63 2 100 72 21 4 21 90 83 7 43 70 73 24 51 78 
72 23 93 26 97 84 87 54 27 26 94 72 36 42 79 50 43 30 21 15 33 93 4 67 99 99 88 72 22 39 1 93 61 94 70 57 29 56 11 7 34 56 79 69 98 9 19 92 90 91 7 74 84 62 
40 34 60 28 57 81 66 58 25 26 51 94 34 31 2 96 37 35 52 67 55 1 75 25 92 16 16 50 89 51 12 29 84 71 8 41 4 73 98 28 50 100 74 35 30 75 31 66 61 34 85 15 34 59 
40 77 27 55 27 15 5 38 95 88 60 54 80 15 78 77 95 27 76 68 14 57 42 44 75 2 77 59 68 62 69 7 38 95 61 64 62 17 53 56 57 65 10 36 79 39 65 73 66 92 92 31 49 85 
74 23 86 2 81 6 63 1 12 100 96 25 16 57 41 20 64 49 84 73 37 15 64 1 39 29 92 31 11 92 15 84 66 53 37 46 58 99 47 21 50 94 45 17 50 38 37 13 86 72 38 74 86 1 
74 77 81 18 7 91 9 73 26 75 77 62 72 34 12 70 7 61 63 51 30 64 40 18 29 78 89 66 51 27 18 25 3 98 94 61 40 2 33 65 28 10 78 52 95 89 73 1 1 88 4 82 51 43 
99 79 20 88 96 71 66 13 47 68 10 40 28 1 93 12 65 73 21 94 24 68 82 96 20 35 35 23 16 86 66 15 16 85 54 12 7 19 24 5 38 86 44 17 86 89 28 3 61 1 96 36 68 30 
31 87 64 18 62 79 3 27 45 70 63 98 81 22 68 57 26 5 94 70 21 31 10 1 33 70 53 81 5 20 10 87 58 25 4 71 55 58 97 100 28 12 97 60 33 65 68 10 21 61 31 94 44 40 
94 28 9 46 8 65 17 69 52 26 93 7 97 48 65 45 99 44 8 95 3 92 11 23 2 84 83 32 77 78 72 22 6 32 19 13 97 87 34 48 64 78 54 12 25 70 9 75 13 16 22 68 60 32 
90 61 67 24 44 95 2 67 16 7 99 86 19 95 24 4 94 88 82 99 51 58 69 59 33 33 27 54 100 86 37 89 98 4 13 41 98 14 8 66 20 6 3 90 52 27 94 97 66 27 95 16 84 15 
27 16 48 53 21 99 90 58 88 87 61 52 27 10 65 86 75 36 43 30 77 94 56 22 42 73 48 37 40 32 3 66 99 2 70 20 1 59 29 40 97 41 91 76 50 7 61 77 94 4 6 70 49 13 
92 91 85 91 79 24 74 33 42 73 35 11 44 87 22 72 26 18 12 68 93 13 74 6 89 67 9 46 88 57 58 79 99 94 22 77 70 95 10 11 19 96 21 62 82 42 85 59 12 48 26 4 61 51 
9 1 69 69 47 56 78 56 87 76 50 8 5 71 54 14 81 73 61 1 34 42 95 71 52 6 18 29 61 30 79 22 31 99 90 29 6 19 84 92 95 85 51 99 55 5 64 35 29 24 88 62 17 82 
32 68 39 2 96 51 31 26 72 61 76 14 41 81 32 25 25 78 61 27 28 68 31 91 54 59 66 41 73 82 74 56 1 64 9 48 15 40 25 38 52 100 3 93 81 35 69 5 64 81 31 92 48 14 
82 54 24 48 46 48 81 72 56 82 35 64 81 1 55 6 39 7 5 41 51 37 27 71 41 43 51 24 34 51 89 67 56 64 66 1 12 47 72 67 80 59 82 60 59 37 17 49 95 22 42 45 58 20 
67 51 62 69 26 95 71 14 62 26 77 27 79 40 25 50 58 56 60 40 68 19 76 84 19 70 5 60 66 15 80 32 65 93 100 90 88 71 55 1 48 83 79 26 23 56 28 80 11 87 71 78 57 46 
62 76 67 18 87 32 32 18 15 48 11 67 37 98 89 43 50 36 26 28 14 100 83 41 31 46 27 2 23 84 99 36 11 66 54 49 49 37 67 16 85 77 82 73 26 22 16 27 57 93 54 22 44 89 
62 74 34 89 75 8 24 26 96 86 91 1 34 91 37 52 58 21 80 39 46 5 12 13 83 21 5 89 42 48 77 4 73 62 44 100 21 19 25 16 4 67 16 89 57 5 41 15 25 20 5 22 77 17 
34 59 37 90 47 30 89 75 33 62 88 76 61 61 94 85 28 49 3 96 38 59 100 30 25 76 49 82 98 77 98 83 88 86 73 86 15 61 61 100 74 100 75 86 12 21 70 40 21 72 35 58 83 34 
39 59 61 88 40 58 16 89 41 3 74 65 89 41 25 1 40 51 52 66 36 64 38 58 3 59 81 89 68 63 74 7 74 34 46 13 44 61 2 36 64 27 100 4 67 76 4 58 26 55 76 62 18 13 
71 72 23 51 12 43 66 85 49 39 71 46 51 66 6 4 1 21 31 52 24 49 27 27 7 5 34 34 18 51 98 88 75 21 90 86 15 55 23 63 45 45 8 96 10 65 51 10 86 81 13 9 30 39 
88 88 95 21 21 12 23 18 51 49 90 93 35 4 47 9 18 44 53 77 39 62 42 41 23 27 22 35 87 51 25 74 90 20 46 10 83 69 79 86 17 21 78 3 76 76 63 94 19 15 70 9 28 63 
50 2 89 71 36 28 73 13 53 62 32 99 23 66 19 53 3 87 73 32 42 49 8 4 42 78 71 63 87 50 26 88 52 66 10 39 93 82 51 46 95 34 96 69 100 14 21 54 100 94 86 41 42 93 
97 35 22 67 49 8 16 74 95 19 92 4 58 84 37 8 81 83 42 76 51 41 89 72 46 41 17 31 81 58 75 77 44 97 95 92 56 63 18 51 81 9 6 38 44 95 46 25 29 87 52 80 79 41 
3 24 81 19 7 13 28 81 42 23 77 36 66 33 98 83 35 79 43 92 16 87 38 13 63 67 99 14 98 29 6 100 53 38 70 59 3 97 91 44 19 68 31 84 52 81 19 38 11 13 81 78 51 71 
91 13 89 41 79 86 70 36 37 22 26 6 32 28 54 22 23 24 41 5 59 44 85 29 33 47 42 66 25 92 36 67 57 24 7 87 61 76 22 97 49 47 54 32 26 7 6 100 82 46 5 40 42 41 
69 26 88 62 91 64 53 26 30 61 1 36 47 61 64 69 9 12 67 62 44 45 20 49 44 53 46 100 45 39 93 65 65 80 26 7 95 30 85 24 91 85 11 37 98 74 57 58 38 76 20 33 72 91 
33 15 44 30 67 40 69 59 4 85 90 29 91 84 58 27 59 100 12 21 37 61 47 45 18 84 20 89 68 91 32 100 58 27 29 76 66 49 34 69 85 75 97 28 10 6 54 68 6 17 40 94 29 86 
38 47 69 10 87 36 100 18 87 9 44 68 84 9 68 69 29 5 43 77 32 52 83 37 71 40 6 11 33 34 48 22 32 17 31 19 4 83 88 91 91 32 10 75 92 77 95 73 81 38 49 64 41 83 
1 64 22 6 26 6 91 73 28 23 41 10 93 45 92 80 87 83 63 96 9 55 24 3 27 5 92 27 68 85 10 20 48 31 77 73 89 68 97 68 42 38 77 34 82 69 13 20 3 76 67 63 82 90 
65 60 94 9 86 14 93 95 85 40 26 62 64 66 81 60 33 22 49 9 55 82 29 19 1 31 94 67 93 27 57 10 86 2 18 72 67 10 66 52 1 43 65 64 8 97 75 92 18 24 1 24 5 29 
42 6 12 88 24 4 14 32 65 100 34 82 71 52 43 88 55 43 83 71 58 42 67 33 34 84 56 86 7 12 14 1 17 77 88 93 33 1 24 97 52 9 31 22 61 73 62 67 16 96 38 73 37 4 
5 22 40 12 7 98 24 73 98 92 49 85 84 81 38 60 78 89 68 8 63 80 80 76 47 47 71 36 72 7 39 28 29 30 40 87 28 15 59 25 58 8 62 94 88 51 53 17 39 72 76 53 52 56 
28 50 54 98 85 25 57 75 53 37 5 44 23 32 10 82 8 67 41 21 60 80 71 12 97 62 36 72 14 87 79 42 88 33 91 24 9 47 50 13 35 54 56 58 37 65 91 97 84 31 17 43 10 40 
7 58 1 42 30 14 80 60 7 67 92 98 42 53 96 91 65 31 45 73 40 33 89 82 81 72 12 98 67 73 89 73 83 89 66 12 54 45 71 61 63 15 10 4 19 5 94 83 87 90 55 78 75 44 
59 55 67 70 4 33 95 92 57 77 32 22 40 86 18 62 46 32 28 7 35 46 11 81 81 50 22 35 27 48 30 86 3 49 7 58 33 53 2 90 81 33 63 20 18 33 34 15 64 13 21 51 59 84 
83 39 85 4 25 11 52 7 48 6 7 55 63 39 59 16 28 40 49 43 11 66 27 44 33 90 57 53 92 67 88 26 57 72 30 33 83 33 39 30 90 97 36 4 36 95 20 15 34 68 57 44 85 35 
40 17 77 48 22 68 66 9 94 22 81 75 54 63 59 45 44 48 41 32 3 28 26 22 43 11 41 51 6 26 86 45 94 62 44 15 81 9 24 74 82 4 100 88 18 58 32 61 57 24 92 60 4 69 
33 46 79 74 96 37 51 33 33 44 94 77 59 27 37 34 52 19 37 52 6 6 61 89 66 70 64 10 81 67 30 13 12 61 38 60 97 40 92 29 84 38 5 94 64 42 27 15 12 15 18 17 20 79 
5 37 100 20 98 80 87 28 44 98 88 82 9 36 73 53 64 56 90 21 1 5 14 79 71 25 45 89 41 16 19 97 5 18 16 2 49 54 81 92 4 20 25 12 55 98 64 19 5 5 91 6 9 4 
36 80 28 81 20 20 96 38 68 52 7 35 54 55 89 86 98 92 6 75 55 12 72 19 30 28 75 20 85 84 75 21 15 2 53 34 21 100 23 88 52 81 23 5 35 63 42 84 54 47 58 60 11 29 
30 92 9 5 64 93 88 38 13 54 40 65 39 12 65 61 52 16 41 26 72 27 88 65 62 93 64 20 52 74 100 82 65 8 86 28 1 25 66 13 30 5 30 68 68 46 28 19 13 20 44 36 98 83 
100 59 27 63 78 79 36 30 12 1 37 49 28 89 25 93 54 54 49 83 21 69 28 100 87 92 71 83 27 68 65 26 78 92 89 56 22 24 37 85 24 73 85 4 62 9 48 15 14 49 49 86 17 28 
85 55 19 7 37 45 26 54 22 3 97 10 10 70 86 46 54 9 71 38 64 32 98 12 98 11 12 98 96 28 25 32 82 95 38 71 91 15 24 12 17 72 74 79 41 59 24 46 67 94 35 83 77 32 
46 26 94 57 23 41 36 99 72 17 45 61 39 35 75 14 99 43 85 72 21 77 30 97 74 48 90 8 30 19 91 27 96 36 83 71 76 70 69 99 87 66 59 77 52 85 91 50 80 27 73 52 4 2 
48 29 2 90 37 83 8 79 10 3 15 44 73 42 14 94 41 52 11 51 28 62 88 18 12 67 97 84 18 100 38 66 80 39 55 68 21 14 47 82 68 13 26 93 54 39 38 94 90 48 97 69 9 84 
39 72 2 35 8 19 86 45 36 65 35 42 33 7 7 79 89 75 43 14 67 96 4 56 42 45 3 90 13 11 73 51 35 74 85 42 44 70 38 80 35 24 73 19 30 80 97 18 54 91 83 72 38 86 
79 79 30 81 68 95 43 92 45 77 65 82 70 9 3 7 40 89 82 12 7 12 43 3 29 48 45 64 71 83 1 49 61 83 29 81 77 24 24 73 100 41 54 22 1 9 80 40 97 62 3 4 73 98 
58 53 45 3 16 16 85 17 64 97 99 45 29 27 68 53 99 19 93 5 40 93 13 20 84 9 81 38 12 5 35 22 57 80 24 25 47 8 93 62 4 43 6 85 69 25 37 19 44 81 23 35 25 87 
6 8 48 38 97 11 42 32 32 99 63 55 75 9 14 67 70 18 9 28 2 77 4 90 95 99 70 70 34 94 8 91 53 55 29 49 18 70 32 49 20 94 56 94 54 69 12 76 86 20 55 39 48 58 
28 95 57 49 16 42 94 23 32 46 30 12 47 47 82 78 47 53 24 2 99 77 71 10 4 8 82 58 47 29 16 26 75 24 27 90 17 20 65 48 18 94 12 64 92 93 93 38 97 16 40 95 45 62 
5 48 69 86 58 15 66 73 93 41 48 19 82 64 90 46 63 7 91 74 22 82 18 15 72 15 82 11 9 78 24 65 78 92 50 35 59 68 7 51 8 6 21 89 69 10 87 31 17 77 57 90 59 74 
4 30 88 38 92 49 15 15 13 92 58 15 26 16 82 84 66 89 89 38 29 9 48 15 40 16 92 48 5 2 21 61 83 61 98 26 9 64 40 21 56 97 35 33 65 68 17 30 8 57 68 37 66 67 
3 5 34 46 52 38 99 24 50 81 84 47 6 44 63 97 65 18 46 51 50 10 19 18 91 78 75 10 66 40 76 69 96 9 66 99 99 65 74 48 97 58 47 3 1 9 51 17 78 96 20 79 57 90 
97 48 67 23 9 33 62 37 53 9 45 18 59 95 34 32 95 31 89 41 85 42 1 87 10 78 83 29 8 91 18 4 90 85 26 99 69 39 35 21 99 31 38 57 26 24 89 72 54 29 64 90 22 64 
76 32 93 10 12 52 1 30 56 90 66 33 40 86 24 74 6 22 57 95 31 34 18 71 5 23 51 68 64 73 83 40 56 27 1 67 78 1 48 85 43 65 18 34 50 93 8 55 66 64 2 96 49 71 
18 53 94 69 72 9 93 54 48 48 32 49 66 9 1 14 94 95 78 63 29 80 55 88 86 72 3 87 68 51 58 85 3 3 5 74 11 97 79 11 44 10 11 10 18 11 75 63 58 4 25 86 83 31 
73 69 3 27 7 22 77 64 58 79 18 63 4 81 59 34 91 55 43 1 16 12 63 90 75 20 93 51 57 76 34 81 96 36 7 2 9 83 18 66 13 35 80 16 15 39 49 57 45 43 57 60 55 20 
49 81 91 93 83 48 20 16 80 15 3 87 69 11 69 86 29 34 72 8 1 87 98 2 43 42 44 52 53 50 23 53 82 13 46 65 12 17 80 44 32 35 30 52 97 50 37 25 83 8 85 84 46 82 
85 41 76 80 44 28 30 66 81 11 30 78 75 94 94 7 37 77 93 18 28 89 67 16 66 50 76 2 85 73 35 69 65 10 48 8 90 29 73 22 40 55 99 66 100 44 24 36 73 16 53 100 57 71 
68 74 72 43 75 56 67 9 76 32 71 76 39 60 4 64 81 95 18 31 13 17 74 36 4 46 4 8 98 12 78 65 85 50 59 59 5 25 19 33 56 89 8 47 48 63 10 28 58 27 10 70 95 84 
0 1 0 1 0 1 0 1 1 0 0 1 0 1 0 1 1 1 1 0 1 1 0 0 0 1 0 0 0 0 1 1 1 1 0 1 1 1 1 0 1 1 0 0 0 0 1 1 1 0 1 1 1 0 
1 0 1 0 0 0 0 1 1 0 0 1 1 1 0 0 0 0 0 0 0 0 0 1 0 1 1 1 0 1 1 0 1 1 0 1 1 0 0 0 0 0 1 0 0 0 0 0 0 0 0 0 1 0 
1 1 1 0 0 0 1 0 0 0 1 0 1 0 0 1 0 1 0 1 1 0 1 1 0 1 0 0 1 1 0 0 0 1 1 0 1 0 0 1 1 1 1 0 1 0 0 1 1 0 1 0 0 0 
1 0 0 1 0 1 0 0 0 0 1 1 1 1 1 1 0 0 1 0 1 0 0 1 0 1 1 1 1 1 1 0 1 1 0 1 1 0 1 1 1 0 0 0 1 1 1 0 0 0 0 1 1 0 
0 1 1 1 0 0 0 1 0 1 1 0 0 0 1 1 1 0 1 1 0 1 0 1 1 0 0 1 1 1 1 1 0 0 0 0 0 0 1 0 1 0 1 1 0 0 0 1 0 0 0 0 1 1 
1 0 1 1 1 1 0 0 0 0 0 1 0 0 1 0 0 1 0 1 0 1 1 1 0 1 1 1 1 0 0 1 0 1 0 1 0 1 1 1 1 1 0 0 1 1 0 1 0 0 1 1 1 0 
0 0 0 1 1 1 1 1 0 1 0 1 0 1 0 1 0 1 0 0 1 1 1 1 0 0 0 1 1 1 0 1 1 0 0 0 1 1 1 0 0 0 1 0 1 1 1 1 0 1 1 0 0 0 
1 0 0 1 0 1 1 0 0 0 0 0 1 1 1 0 1 1 0 0 1 1 1 0 0 0 1 1 0 1 0 1 0 0 1 0 0 0 0 0 0 0 1 1 1 0 0 1 0 0 1 1 0 1 
0 0 1 1 0 1 1 0 0 1 0 1 1 0 1 1 1 0 1 0 1 0 0 1 1 0 0 1 0 0 0 0 0 1 1 0 0 0 0 0 1 1 0 0 1 1 1 0 1 0 0 1 1 1 
0 0 1 0 1 1 0 1 1 1 0 1 1 0 1 0 1 1 1 1 1 0 0 1 1 0 1 1 1 0 0 1 1 0 0 0 1 0 0 1 1 0 0 1 1 1 1 0 0 0 1 0 0 1 
1 1 1 0 1 0 1 1 0 0 1 0 0 1 0 0 0 0 1 0 1 0 1 0 0 0 0 1 0 0 0 1 0 0 1 1 0 0 0 0 0 0 0 1 1 1 1 1 1 0 1 0 0 0 
0 0 0 0 1 0 0 0 1 0 0 1 1 0 1 0 1 0 0 1 1 1 0 0 0 1 1 1 1 1 1 1 0 0 1 1 0 0 1 0 0 1 1 0 0 0 0 1 0 0 0 1 1 1 
0 1 0 1 0 0 0 1 1 0 1 1 0 0 1 1 0 1 1 1 1 1 1 1 0 0 1 0 1 0 1 1 1 0 0 1 0 1 1 1 1 0 0 1 0 1 1 0 1 0 1 0 1 1 
0 1 1 1 1 0 0 1 0 1 1 0 1 1 1 0 0 1 0 1 0 1 0 1 1 1 1 1 0 0 0 0 1 1 1 1 1 1 0 1 1 1 0 0 0 1 0 0 0 0 1 1 1 0 
0 1 1 0 0 1 0 0 1 0 1 1 1 0 0 1 0 1 0 0 1 0 1 1 0 0 0 0 1 1 0 1 0 1 1 0 1 0 0 0 0 1 1 1 0 0 0 0 1 0 0 1 0 1 
0 0 1 0 0 0 0 0 0 0 0 1 1 1 1 1 1 1 1 1 0 1 1 0 1 0 0 1 1 0 0 0 1 0 0 1 0 0 0 0 1 0 0 0 1 1 1 0 1 0 1 1 1 0 
0 0 1 0 1 0 1 0 0 0 0 1 1 0 1 1 1 0 1 1 0 0 0 0 1 1 0 0 1 0 1 1 0 0 1 0 0 0 0 1 0 0 0 0 0 1 1 1 0 1 0 0 1 1 
0 0 0 1 1 1 1 0 0 1 0 0 1 0 0 1 1 1 1 1 1 0 1 0 1 1 1 0 1 1 1 0 1 1 1 0 1 0 0 1 1 0 1 1 1 0 0 0 1 0 0 0 0 1 
0 1 0 0 1 1 1 0 1 0 0 0 1 1 0 1 0 0 0 0 1 1 0 1 1 1 1 1 1 1 0 1 1 0 1 0 0 0 1 1 1 1 0 0 0 0 1 0 0 1 0 1 0 0 
1 0 1 0 1 0 0 0 0 1 0 1 1 0 0 0 0 1 1 0 1 1 0 0 0 1 0 0 0 0 1 1 0 0 0 0 1 0 0 1 1 0 0 0 1 0 1 1 1 0 1 0 0 1 
1 0 0 1 0 1 1 1 0 0 0 0 0 1 0 0 0 1 0 0 0 1 1 1 0 0 1 1 1 1 1 0 1 1 1 0 0 0 1 1 0 1 1 0 0 0 0 0 1 1 1 1 0 0 
0 1 0 0 0 1 1 1 1 1 1 0 1 1 1 0 0 1 0 0 0 0 0 0 1 1 1 0 1 0 0 1 1 0 1 1 0 1 1 1 0 0 0 1 1 1 1 0 0 1 0 0 0 0 
1 1 1 0 1 0 0 1 0 1 1 1 1 1 0 0 1 0 0 1 1 1 0 1 1 0 0 1 1 0 1 0 1 1 0 0 1 1 1 1 0 1 1 1 0 1 1 1 0 1 0 1 1 0 
0 0 1 1 0 0 1 1 0 1 0 0 1 0 1 1 1 0 0 0 1 0 0 1 0 0 0 0 1 1 1 0 0 0 1 0 0 0 1 0 1 0 0 1 0 0 0 1 0 0 0 1 0 0 
0 0 0 1 1 1 0 0 1 0 0 0 0 0 1 0 0 0 0 0 1 0 0 1 1 0 1 1 0 0 1 0 0 1 1 1 1 0 1 0 0 1 1 1 1 0 1 1 0 1 0 0 1 0 
1 0 1 1 0 1 1 1 1 1 1 1 1 0 1 0 0 1 0 1 0 1 1 1 1 0 0 1 0 1 1 1 0 0 0 0 1 1 1 1 1 0 0 0 0 1 0 1 0 0 0 1 0 0 
0 1 0 1 0 0 0 1 1 0 0 0 0 1 1 0 0 0 0 0 0 1 1 1 0 0 1 0 1 1 0 1 0 0 0 0 0 1 0 0 1 0 0 0 1 1 0 0 0 0 0 0 1 0 
1 1 0 1 0 1 0 0 0 1 1 1 1 1 0 1 1 1 1 1 1 1 1 1 1 1 0 1 1 1 1 1 1 1 0 1 0 0 1 1 1 0 0 1 0 0 0 1 1 0 1 1 1 0 
0 0 1 0 1 0 0 1 1 1 0 1 0 1 0 1 0 1 0 0 0 0 0 1 1 1 1 0 0 0 0 1 0 1 1 1 0 1 0 1 0 1 1 0 0 1 0 0 0 0 0 1 0 0 
0 1 1 1 0 0 1 0 1 1 0 0 0 0 0 1 1 0 0 0 1 0 1 1 0 0 1 0 1 1 0 1 0 1 0 0 1 1 1 0 0 1 1 0 1 1 1 0 1 1 1 0 1 0 
1 1 0 0 1 1 1 1 0 0 1 0 0 0 1 1 1 1 0 0 0 1 1 1 0 0 1 1 1 0 1 0 0 0 1 1 1 0 1 0 0 0 0 1 0 0 0 1 1 1 1 1 0 0 
1 0 1 0 1 0 0 1 0 0 1 1 0 0 0 1 0 0 1 1 1 1 1 0 1 0 1 0 0 1 1 1 0 0 1 1 0 1 0 0 0 1 0 0 0 0 1 0 0 0 1 0 1 0 
0 0 1 1 1 1 0 0 0 0 0 1 0 0 0 0 0 0 0 0 0 0 0 1 0 1 1 0 1 1 0 1 1 1 0 0 0 0 0 0 1 0 1 1 0 0 1 1 0 1 1 1 1 0 
0 0 1 0 0 0 1 0 1 0 0 1 1 0 1 1 1 0 0 0 1 0 0 1 1 1 0 1 0 0 1 0 0 0 0 0 0 1 0 1 0 0 0 1 1 1 0 0 0 0 0 1 1 1 
0 0 0 1 1 0 1 0 0 1 0 1 1 0 0 1 1 0 0 1 1 1 1 0 1 1 0 1 0 1 0 1 0 0 0 1 0 1 0 1 0 0 0 1 1 0 0 0 1 0 0 0 1 1 
0 0 0 1 0 0 0 0 1 0 1 1 0 1 0 0 0 0 0 0 1 1 1 0 0 0 0 0 0 0 1 1 0 1 0 0 1 0 1 1 1 0 0 1 1 1 1 0 1 1 0 1 1 1 
1 1 1 1 1 0 1 0 1 0 1 1 0 0 1 1 1 0 1 0 1 1 1 0 1 0 0 1 1 1 1 0 0 0 0 1 0 1 1 1 1 0 0 0 0 0 1 0 0 1 0 0 0 1 
0 1 1 0 0 1 1 1 1 1 0 1 0 0 1 1 0 0 1 0 0 0 0 0 0 1 1 0 1 1 1 1 0 0 0 0 1 1 0 1 1 0 0 1 0 1 1 0 0 0 1 0 0 1 
0 0 0 1 0 1 0 1 1 0 0 1 1 1 0 1 0 1 1 1 1 1 0 0 0 0 0 1 1 1 0 1 1 1 1 0 0 1 1 1 0 1 0 1 1 1 0 1 0 1 0 1 0 1 
1 0 1 0 1 0 1 0 0 0 1 1 0 1 0 0 1 0 1 1 1 0 0 1 0 1 0 0 0 1 1 0 1 1 0 1 1 1 1 1 1 0 0 0 1 1 0 0 1 1 0 1 0 0 
0 0 1 1 0 0 0 0 0 1 1 0 0 0 1 1 0 0 1 0 0 1 1 0 1 1 0 1 0 0 0 0 0 1 1 0 1 1 0 1 1 1 1 1 0 0 1 0 1 0 0 1 1 0 
0 1 1 0 0 1 0 0 1 0 0 1 0 1 0 1 1 1 0 0 1 0 1 0 0 0 0 1 1 0 1 1 1 0 1 1 1 1 0 0 1 0 1 0 1 0 1 0 1 1 1 0 0 0 
0 0 0 1 1 1 1 0 1 0 0 0 1 1 0 1 0 1 1 1 1 1 1 0 1 1 0 0 1 0 0 0 0 0 1 0 0 0 0 1 0 1 1 1 0 1 1 0 1 0 0 0 1 1 
1 1 0 1 1 0 1 0 0 1 0 1 1 0 1 0 1 1 1 1 0 1 0 1 0 1 0 0 0 1 1 1 0 0 0 0 0 1 0 0 0 0 1 0 1 0 0 0 1 1 1 1 0 0 
1 0 1 1 0 1 0 0 0 1 0 0 1 0 1 1 0 0 1 1 0 0 1 0 1 0 1 0 1 1 0 0 0 0 1 0 1 0 0 0 1 0 0 0 0 0 1 0 0 0 1 0 1 0 
0 0 0 1 0 0 0 1 0 0 1 0 1 0 0 1 0 1 0 1 1 0 1 0 1 1 0 0 1 1 1 1 1 1 0 0 1 0 1 0 1 0 0 0 0 0 1 1 1 1 0 0 0 1 
0 1 0 0 1 1 0 0 0 1 0 0 1 1 0 0 1 1 0 1 1 1 1 1 0 0 0 0 0 0 1 0 1 1 1 1 0 1 1 0 0 1 0 0 1 0 0 0 0 1 0 1 0 1 
0 0 0 1 0 0 1 1 1 1 0 0 0 0 1 1 0 1 1 0 1 0 0 0 0 0 1 0 0 1 0 0 1 0 1 1 0 1 0 1 0 0 1 0 0 0 1 0 0 0 0 1 0 0 
1 1 1 0 1 1 1 1 1 0 1 1 1 0 0 1 1 0 1 1 0 1 1 1 1 1 0 1 1 0 0 0 1 1 1 1 0 0 0 1 1 0 0 0 0 0 0 1 0 1 0 0 1 0 
0 0 1 0 0 0 0 0 1 0 1 0 1 1 0 1 0 1 1 1 0 1 1 0 1 0 1 1 0 0 1 0 1 1 0 1 1 1 1 0 1 0 0 0 1 1 1 1 0 1 0 0 0 0 
0 1 0 0 1 0 0 0 1 1 1 1 0 1 0 1 1 1 1 0 1 0 1 1 0 1 0 0 0 0 0 0 0 0 0 1 1 1 1 0 0 1 1 1 0 0 0 1 1 0 1 1 0 0 
0 0 0 0 1 0 0 1 0 0 0 1 1 1 0 1 1 0 0 0 1 0 0 0 1 0 0 1 1 0 1 1 1 1 1 0 1 1 1 0 0 1 1 1 0 1 0 1 1 0 0 1 0 0 
1 0 0 1 1 1 1 0 0 0 0 1 0 1 1 0 1 1 1 0 0 0 1 1 1 1 1 1 0 0 0 1 0 0 0 1 0 1 1 0 0 1 0 0 1 1 0 0 0 0 1 0 0 0 
1 1 1 1 1 1 1 1 0 1 1 0 0 1 0 1 0 0 1 0 0 0 1 1 0 1 1 1 1 1 0 1 0 1 0 1 1 1 0 1 0 0 0 0 1 0 1 1 0 0 1 0 0 0 
1 1 1 0 0 1 1 0 0 0 0 0 1 1 1 0 0 1 0 0 1 1 0 0 1 0 1 0 1 1 1 0 0 0 1 1 1 0 1 1 0 1 1 0 0 0 0 1 1 0 1 0 1 0 
1 0 0 0 1 1 1 0 0 0 0 1 1 0 1 0 1 0 0 1 0 0 1 0 1 1 0 1 1 1 1 0 0 1 0 1 1 0 1 1 0 1 0 1 1 1 1 1 1 1 0 1 0 1 
1 1 0 1 0 0 1 1 0 1 1 1 0 0 1 1 1 1 0 1 0 0 0 1 1 0 1 1 1 1 0 1 0 1 0 1 1 1 0 1 0 1 0 0 1 1 1 0 0 0 1 0 0 0 
0 1 0 1 0 1 0 0 0 0 1 1 1 0 0 0 0 1 1 0 1 1 0 1 1 0 1 1 1 1 1 1 0 1 0 0 0 0 0 1 0 0 0 0 0 0 0 0 1 1 1 1 0 1 
0 0 1 1 1 0 0 0 1 0 1 1 0 1 1 0 0 0 0 0 0 1 1 0 1 0 1 0 1 0 1 1 0 1 0 1 1 0 1 1 0 0 0 0 1 0 1 0 0 1 0 0 0 1 
0 0 0 1 0 1 1 0 1 1 1 1 0 0 0 1 1 0 1 0 1 1 0 0 1 0 1 1 0 0 1 0 0 1 1 0 0 1 0 1 0 1 1 1 0 1 0 1 1 0 1 0 1 1 
0 0 1 0 1 1 0 0 1 0 1 1 0 0 0 1 1 0 0 0 1 0 1 0 0 1 0 1 1 1 1 0 1 0 0 0 0 0 1 1 0 0 0 0 0 0 1 0 1 0 0 0 0 0 
0 0 1 0 0 0 1 1 0 0 1 0 1 1 0 0 1 0 0 1 1 1 0 0 1 1 0 1 1 1 1 0 1 0 0 1 1 0 0 1 0 0 0 1 1 0 1 0 1 0 0 0 1 0 
0 0 1 1 1 0 0 1 0 1 1 1 1 0 1 1 0 1 1 0 1 1 0 0 1 1 0 1 1 1 1 0 1 0 1 1 1 1 0 1 0 1 0 1 0 1 1 0 1 0 0 0 1 0 
0 1 0 1 0 1 0 0 1 0 0 0 1 1 1 1 1 0 0 1 1 0 1 0 0 0 1 0 0 0 1 0 1 1 1 0 0 0 0 0 0 0 0 1 0 0 0 1 0 0 0 1 1 1 
0 1 1 1 0 1 1 1 0 1 0 1 1 0 1 1 0 1 1 1 0 1 1 0 0 1 1 1 0 0 0 0 1 0 1 1 1 1 0 1 0 0 1 1 1 0 0 1 0 1 0 0 1 1 
1 1 0 0 0 1 0 1 1 1 1 1 1 0 0 1 0 0 0 1 1 1 1 1 0 1 0 1 0 1 0 1 1 1 1 1 0 1 0 1 0 1 0 1 0 0 1 0 0 1 1 1 0 0 
0 0 0 1 1 0 0 0 1 1 1 0 1 1 1 1 0 1 1 1 1 1 1 0 1 0 1 0 1 1 0 0 1 0 1 1 0 1 1 1 1 0 1 0 1 0 1 1 0 0 0 1 1 0 
1 0 0 0 0 1 1 1 1 0 1 0 1 0 0 0 1 1 0 1 1 1 1 0 1 1 1 1 0 0 1 1 1 1 1 1 1 0 0 0 1 0 1 0 0 1 1 1 0 1 0 1 1 0 
1 0 1 0 1 0 1 1 1 0 0 1 1 1 1 0 0 0 0 1 1 0 0 0 1 0 1 0 1 0 0 0 0 1 1 0 1 0 1 1 0 1 0 1 1 1 1 1 0 1 0 1 1 0 
