70 68 971
72 86 14 4 75 55 42 32 53 91 50 34 77 96 7 84 2 39 90 56 42 5 97 88 70 88 98 19 92 93 82 15 30 47 18 4 1 59 36 5 49 37 39 78 32 45 61 86 35 2 41 29 6 89 68 75 28 65 46 71 57 79 86 87 25 3 42 78 
14 29 82 14 66 72 91 49 68 51 86 55 53 26 83 58 66 50 85 94 14 82 64 70 12 49 8 36 4 50 65 17 78 99 30 95 22 21 44 90 23 81 96 75 7 78 85 24 27 21 17 92 2 33 13 65 33 21 52 36 70 17 52 99 67 34 94 88 
6 89 29 28 69 24 3 27 1 87 51 79 59 19 22 12 51 35 76 36 55 27 71 76 43 75 74 9 8 67 97 13 7 77 40 76 1 94 2 53 32 4 84 90 23 5 1 25 39 76 60 45 3 31 72 97 57 98 6 64 64 54 28 23 30 19 98 82 
13 99 35 44 3 70 86 77 74 86 1 65 14 61 61 16 43 33 12 99 30 69 14 45 74 41 67 4 59 16 37 23 67 23 19 21 92 4 97 66 41 97 82 6 9 42 21 51 26 85 49 7 5 62 4 79 54 22 34 65 38 70 87 56 93 57 76 36 
60 72 53 53 68 34 58 29 28 31 79 5 67 80 64 71 41 67 1 95 40 34 11 29 56 97 84 100 54 59 35 65 30 88 69 50 73 79 78 100 9 8 57 27 87 20 97 80 38 98 74 77 83 84 6 38 32 41 89 37 100 24 54 81 63 22 30 35 
100 59 87 60 67 43 86 5 62 35 84 99 84 9 27 66 44 32 56 76 73 44 64 24 19 17 4 81 91 86 16 42 96 2 54 14 96 91 19 57 25 2 7 60 11 33 78 6 17 33 81 89 28 97 64 47 13 67 79 55 4 46 97 100 99 50 13 94 
92 31 2 17 85 8 28 47 41 5 52 9 89 85 49 17 81 12 15 45 78 45 100 34 91 48 33 89 49 45 35 40 76 36 8 12 44 36 58 36 92 9 44 81 93 92 49 25 55 15 70 84 59 21 17 1 68 49 42 68 94 76 7 21 11 67 32 6 
54 89 93 45 49 88 25 42 31 25 66 85 39 87 69 50 7 85 50 26 34 43 93 79 18 52 99 81 70 82 38 23 70 31 67 70 18 44 11 49 20 29 33 11 15 1 60 74 38 61 99 71 4 44 49 73 47 99 53 16 80 91 38 1 21 56 70 90 
99 33 90 71 61 75 81 27 75 40 100 12 52 51 34 55 46 34 80 92 32 32 7 11 22 96 63 94 51 33 36 2 65 25 24 77 99 4 3 26 43 55 89 46 57 75 53 2 8 32 45 40 63 3 2 37 98 65 82 100 97 17 53 13 42 76 89 92 
31 91 17 73 97 58 71 53 32 23 6 39 54 50 30 68 4 32 4 53 48 86 5 44 2 57 56 95 85 96 39 15 38 7 40 35 64 10 39 47 84 97 86 37 98 67 56 2 98 60 54 45 97 10 40 50 19 47 97 3 94 35 69 32 41 60 18 57 
21 8 3 4 4 40 92 2 7 48 55 56 59 60 53 55 70 44 56 88 43 52 42 36 86 10 67 79 22 84 35 42 92 89 98 47 29 41 100 87 40 54 94 50 14 98 56 83 42 12 22 84 63 63 71 1 24 38 31 45 73 65 39 16 5 88 15 85 
80 14 71 20 68 17 21 33 14 77 67 7 88 88 42 2 50 13 54 73 2 84 70 26 100 60 94 57 47 8 41 26 21 12 97 40 80 18 24 93 94 90 100 33 77 41 86 78 5 92 3 6 75 24 32 27 83 25 83 29 84 75 6 56 38 55 96 17 
24 19 10 69 61 61 1 37 53 38 67 58 29 69 63 56 92 46 34 26 22 68 6 5 42 11 61 80 17 8 96 40 78 57 8 38 69 60 27 22 98 93 79 78 13 93 33 56 39 66 81 60 85 86 17 27 48 77 58 65 36 53 56 13 62 64 51 30 
75 29 3 72 21 81 2 85 26 34 40 16 52 72 75 36 57 43 14 4 71 71 20 6 76 76 71 37 91 21 18 65 1 21 89 73 53 90 57 78 75 48 93 26 19 20 14 75 62 27 30 33 50 2 90 25 29 60 61 71 32 78 35 32 50 75 4 3 
16 60 80 91 7 73 68 77 92 33 51 5 12 33 89 61 34 79 85 14 38 97 84 70 26 70 1 76 97 57 78 12 16 9 54 75 33 74 51 76 58 54 81 69 38 69 81 23 47 17 36 85 13 19 6 91 40 6 18 36 14 47 48 30 55 53 56 88 
26 58 15 36 63 95 4 100 16 37 22 62 53 9 98 18 79 55 60 19 13 77 54 26 23 53 55 29 6 62 68 83 72 83 18 34 29 74 86 44 10 59 58 62 68 55 31 46 10 90 16 74 18 70 99 92 22 6 73 27 67 40 62 90 74 79 24 3 
52 61 46 61 19 55 75 38 10 57 36 71 99 51 44 16 20 94 8 94 99 80 72 18 71 33 7 45 12 82 99 15 42 96 28 13 51 54 50 12 10 85 34 8 88 29 24 59 22 83 52 21 14 76 38 84 8 96 80 71 78 78 38 19 26 65 83 76 
18 33 39 27 69 72 87 56 52 10 15 73 44 18 45 57 93 34 40 53 30 72 75 59 1 12 77 26 76 60 53 45 44 91 72 12 14 58 20 17 19 34 42 14 3 86 70 96 72 61 100 1 32 74 59 33 86 87 10 13 98 63 58 41 5 81 5 71 
90 24 39 60 9 80 73 63 66 94 10 37 54 9 89 38 35 99 70 72 37 31 84 35 45 93 27 2 25 83 24 66 58 62 25 18 42 49 81 7 42 90 95 48 99 35 85 33 85 54 56 21 36 39 7 81 84 86 82 60 68 5 26 78 66 2 95 7 
51 75 65 44 17 11 91 67 97 75 51 81 80 6 2 16 44 60 48 79 45 81 39 65 85 64 42 2 17 88 61 67 15 25 63 31 88 53 97 84 80 47 65 11 52 18 78 47 77 25 26 22 5 16 38 41 31 79 95 47 66 55 14 80 31 28 62 18 
32 58 54 11 4 18 74 7 87 51 54 63 28 31 36 84 46 73 77 76 51 71 22 69 25 87 100 55 66 62 25 98 71 30 60 27 99 33 33 85 36 38 47 63 68 83 46 65 7 22 92 58 92 14 78 68 52 29 75 18 90 51 67 13 80 26 39 78 
59 23 62 94 61 60 8 80 94 5 45 1 27 36 10 70 1 87 90 53 15 64 22 57 66 88 69 45 65 59 74 23 81 87 68 41 46 75 21 40 80 17 40 58 52 49 79 53 87 20 57 53 83 30 9 100 69 29 96 33 87 69 8 20 55 27 12 1 
54 84 92 85 100 83 42 52 31 72 56 69 92 64 21 26 45 82 26 13 10 21 97 49 42 4 68 96 31 31 48 84 15 39 68 14 73 61 17 55 84 24 23 75 87 44 53 83 25 78 95 86 50 92 34 91 47 53 39 29 36 86 12 50 77 31 15 49 
43 32 4 27 7 78 53 46 73 5 28 97 34 23 83 36 66 68 26 12 73 16 41 8 2 4 9 30 87 23 30 29 54 85 7 61 63 60 6 35 16 33 84 50 7 18 85 24 37 62 88 9 78 80 68 31 35 76 12 21 99 41 50 4 78 8 16 92 
67 21 26 83 6 61 84 64 30 68 40 67 81 27 27 58 6 47 40 40 22 51 13 72 44 14 76 21 21 91 12 88 64 89 22 21 50 5 36 79 72 75 97 52 1 24 62 58 70 1 50 43 4 62 15 47 75 42 67 95 84 30 34 47 18 55 19 19 
59 55 50 82 81 46 86 34 21 47 43 42 99 92 37 54 5 3 100 31 44 18 78 27 47 11 26 17 66 96 87 76 2 36 58 83 34 43 68 6 41 10 100 91 54 36 45 58 38 96 41 81 66 18 59 64 80 36 80 45 32 19 73 85 54 82 67 39 
76 34 45 16 96 96 58 49 31 54 58 68 2 98 100 67 67 10 30 47 46 62 43 29 80 15 13 85 96 32 24 71 17 20 38 12 15 48 12 97 1 70 16 54 67 15 20 34 76 2 32 21 15 74 1 46 89 14 30 36 97 5 7 13 76 96 77 42 
43 88 38 96 57 53 49 76 19 69 61 95 22 92 67 36 65 68 81 5 33 62 41 29 67 99 93 94 94 69 36 37 9 73 32 65 78 80 92 96 100 52 90 21 95 57 8 12 76 88 16 8 2 8 88 68 6 80 61 100 1 48 36 9 21 19 25 98 
50 17 45 50 20 35 70 67 43 30 78 70 17 45 77 18 53 64 37 10 95 50 9 47 97 96 55 69 14 32 18 64 48 63 65 19 49 86 85 43 15 14 12 84 11 88 1 63 3 90 24 49 91 33 96 39 80 2 8 46 33 25 61 32 39 25 51 87 
10 87 81 25 1 92 8 11 31 60 25 85 1 48 34 91 32 81 30 12 34 89 57 19 65 17 50 4 41 52 42 2 39 23 26 91 66 85 1 97 45 77 33 45 24 66 88 8 98 69 19 84 57 75 2 21 43 51 76 83 55 70 36 93 44 62 83 9 
98 35 57 42 11 90 39 86 7 78 93 57 46 63 40 2 37 41 74 31 43 2 65 97 71 1 41 14 62 75 22 59 9 31 53 71 20 43 57 78 20 1 34 65 64 73 18 52 65 43 83 60 44 47 56 14 47 49 27 60 23 1 71 32 31 23 2 2 
17 10 79 36 11 13 52 74 37 21 25 2 63 59 61 59 6 68 72 52 16 51 12 91 3 34 22 85 56 75 38 24 85 16 59 47 80 62 20 17 82 96 70 96 55 82 54 12 1 26 63 17 28 26 59 30 59 80 66 66 6 3 89 90 70 99 88 50 
60 59 18 93 55 87 89 61 20 42 72 20 19 86 88 46 64 46 27 22 77 44 40 83 46 28 24 16 79 12 65 38 70 34 31 76 72 19 36 91 12 59 10 31 97 50 28 60 95 55 81 72 98 72 6 96 52 29 11 30 40 27 67 62 60 49 37 83 
19 25 73 31 35 34 13 31 35 40 90 30 46 23 53 96 94 58 91 45 38 53 26 30 79 45 91 90 93 27 72 64 3 96 46 38 81 58 68 16 97 10 97 43 84 1 38 29 58 80 26 47 32 51 76 10 95 66 51 40 45 74 3 99 21 48 36 53 
5 56 68 53 17 16 47 100 16 84 80 25 63 5 72 46 56 47 7 2 65 57 41 61 82 43 59 2 42 47 55 98 2 74 51 70 90 49 21 5 33 100 30 47 5 53 45 12 51 51 13 15 8 54 75 41 48 86 43 42 32 49 39 85 22 41 6 63 
42 26 20 26 25 1 72 29 53 16 92 3 19 5 70 26 10 96 66 9 81 60 50 64 60 41 48 82 33 5 96 74 30 15 99 55 67 23 35 19 90 27 74 8 83 43 85 92 38 51 100 71 62 2 34 22 42 34 55 26 38 2 100 68 17 50 74 35 
72 8 54 62 86 27 21 68 21 6 59 58 8 11 28 69 12 14 42 53 47 96 78 84 98 29 3 66 79 76 100 2 36 5 63 21 83 36 89 3 41 99 13 100 9 92 68 20 5 62 24 51 9 54 87 6 82 89 23 12 17 75 14 52 31 28 72 14 
63 12 68 55 11 32 54 19 24 74 39 28 35 14 31 43 67 69 1 1 9 75 12 25 49 25 76 80 5 100 45 67 11 12 22 21 96 75 40 19 100 30 98 34 43 80 77 62 48 29 62 57 3 73 33 52 50 9 83 54 8 27 20 70 90 93 91 85 
20 82 55 19 63 53 5 57 32 81 18 32 61 79 88 63 4 20 14 53 80 48 6 39 26 77 9 68 22 51 4 41 84 59 11 46 63 15 54 46 47 72 77 7 50 16 70 53 88 35 57 19 35 62 58 60 91 18 27 12 20 31 4 55 41 14 100 3 
81 5 48 27 76 77 86 78 92 7 82 31 41 39 50 75 52 7 87 42 76 13 5 47 95 8 1 35 74 52 37 54 56 37 32 32 13 17 61 56 23 42 87 16 80 36 42 84 94 28 25 69 93 30 15 87 89 67 74 62 18 10 15 73 98 47 56 10 
15 16 18 90 10 4 57 41 39 50 24 32 78 49 52 22 30 18 8 18 84 33 32 1 43 46 25 92 44 81 54 11 48 71 52 57 74 8 98 12 57 21 95 86 21 46 7 2 63 67 72 98 99 3 98 93 100 74 37 44 54 90 6 54 60 57 10 85 
16 7 48 24 80 42 62 100 39 20 54 53 38 25 50 37 27 99 81 78 72 17 21 26 58 78 79 69 34 40 53 1 99 100 25 78 93 86 29 31 57 82 83 95 6 32 83 84 30 63 62 54 32 34 31 89 64 61 58 97 100 62 50 98 62 26 75 54 
63 56 37 19 37 19 13 95 3 95 30 84 10 43 37 41 29 67 81 92 27 90 40 79 52 89 76 65 14 3 70 76 58 6 95 46 77 59 92 31 54 22 14 63 16 3 55 44 21 35 35 100 77 75 78 80 15 5 44 29 59 65 56 68 23 50 66 99 
9 57 29 14 30 94 76 46 48 82 89 21 68 76 20 44 2 49 23 16 5 18 44 16 83 52 83 5 1 100 55 61 57 35 26 86 80 1 31 80 34 72 100 2 47 71 45 48 71 20 15 27 89 11 42 23 62 77 79 14 76 33 75 84 19 100 70 99 
53 52 30 86 75 29 39 73 51 36 72 21 55 87 99 43 97 41 18 58 69 96 71 96 29 97 80 99 49 1 49 1 52 78 38 79 58 77 51 8 64 23 80 18 9 79 12 5 71 29 14 39 25 84 34 5 33 65 3 81 65 52 33 17 81 70 95 39 
98 97 46 61 19 26 30 27 56 94 83 26 22 96 16 98 32 1 54 64 66 9 44 30 12 76 98 92 97 44 30 95 41 28 7 59 5 89 38 60 82 20 85 55 16 100 53 47 100 58 62 65 66 5 47 77 80 44 21 28 88 50 22 80 29 81 38 33 
69 75 92 50 47 76 4 14 27 8 60 79 18 73 95 83 77 41 12 8 37 32 35 76 33 9 55 62 41 44 94 9 71 86 10 17 13 65 30 92 25 41 22 42 13 16 24 41 9 87 48 97 18 34 72 3 94 78 64 34 21 9 94 91 94 55 7 59 
20 88 2 96 28 23 37 92 90 12 32 50 99 31 46 68 17 69 70 10 46 85 96 67 94 41 9 39 96 68 49 67 55 50 62 35 24 50 78 14 61 10 63 11 92 61 31 8 29 52 70 75 37 65 41 82 5 49 72 52 16 21 18 23 22 31 57 46 
80 34 59 93 95 73 3 39 33 85 98 62 37 67 36 25 83 28 58 40 28 29 91 44 1 61 18 23 91 74 68 71 59 78 63 6 50 17 44 35 2 41 96 90 8 83 66 42 10 75 33 37 55 24 32 56 36 49 78 26 74 97 96 85 74 10 90 75 
27 33 61 80 25 56 21 84 90 38 26 99 64 58 88 18 33 71 73 68 72 2 94 45 50 41 29 75 51 70 50 29 54 62 60 79 18 32 62 59 69 87 10 32 97 97 1 29 19 26 49 90 27 42 87 29 34 67 3 36 37 4 64 90 66 75 68 35 
6 82 93 26 68 2 9 16 50 10 45 69 87 93 10 65 86 48 93 71 15 96 7 3 99 22 44 16 97 64 50 54 45 43 80 64 96 40 80 46 1 76 66 87 20 27 52 5 75 44 75 89 91 81 43 42 55 86 57 51 49 7 56 45 1 87 9 48 
27 88 93 27 63 10 66 82 37 69 38 63 12 64 51 55 97 93 96 51 30 4 53 31 62 8 75 62 95 83 62 73 22 6 51 36 16 16 17 4 84 6 66 48 70 68 2 66 12 49 16 41 52 68 71 14 27 46 27 21 80 88 93 2 94 44 37 61 
11 6 64 95 63 81 94 32 48 95 49 11 95 16 51 46 83 74 59 62 71 38 82 2 77 27 3 70 70 92 82 32 49 45 26 11 77 19 43 76 65 43 86 59 59 37 57 93 62 67 54 84 4 88 85 81 14 40 2 35 31 84 66 79 80 92 41 57 
62 83 32 79 78 18 89 36 6 45 28 19 12 82 2 15 69 38 47 34 77 49 68 7 32 33 37 63 76 30 19 90 64 3 68 41 20 56 76 77 1 4 95 64 37 48 78 57 85 77 90 62 77 9 20 8 41 9 70 17 38 41 6 1 43 25 42 14 
80 69 90 32 24 36 95 60 35 25 68 71 53 9 84 29 17 4 36 58 64 57 26 53 49 83 5 91 7 98 56 38 67 97 22 90 84 68 2 18 92 21 89 44 30 72 72 46 27 59 55 42 68 32 94 16 14 99 59 72 96 66 62 14 63 35 4 46 
2 57 16 94 77 56 89 6 27 13 4 6 23 58 47 42 90 93 58 55 43 68 79 90 33 40 4 47 74 59 93 27 15 60 72 43 15 61 49 93 25 4 98 47 61 97 89 2 41 98 9 83 17 39 24 1 78 79 48 3 37 92 81 3 3 53 98 17 
13 46 9 89 1 59 87 61 7 75 15 47 24 75 81 92 13 4 93 42 35 92 96 23 35 76 26 37 28 75 5 92 20 13 80 20 23 67 32 29 93 98 75 69 24 7 60 36 63 4 29 97 47 24 19 33 100 96 69 79 70 73 71 41 38 2 12 60 
20 96 41 65 45 67 33 69 74 44 56 88 100 85 84 46 8 54 79 59 2 99 90 23 24 60 16 61 13 79 72 33 26 12 49 23 79 81 43 4 76 98 91 75 34 26 21 42 31 51 52 84 49 41 59 72 52 74 84 17 4 56 49 82 67 97 4 97 
29 46 100 4 43 42 31 77 67 51 70 50 1 73 33 1 66 91 73 69 16 56 85 72 11 33 53 30 81 56 78 61 53 30 17 47 71 47 75 90 49 96 39 49 69 71 49 86 14 73 54 29 29 39 100 91 23 4 72 56 11 50 16 63 79 84 10 49 
30 84 38 78 80 76 78 100 99 79 85 12 51 90 92 31 28 44 22 3 99 93 58 10 94 25 72 72 9 33 73 38 17 62 68 48 90 45 99 88 23 35 51 26 24 94 56 4 89 29 6 88 74 63 97 67 39 20 91 47 53 63 37 21 24 4 20 13 
100 18 52 75 52 2 100 27 48 7 30 36 36 35 23 61 49 71 27 88 91 69 86 43 31 22 15 7 77 34 71 77 51 23 51 2 76 50 80 23 8 10 11 95 96 33 55 45 56 82 84 46 50 21 40 33 43 54 91 19 87 61 95 89 83 97 42 11 
98 21 85 6 30 95 100 26 80 55 22 35 88 57 32 89 77 71 73 19 24 63 90 62 24 36 50 58 33 91 68 30 11 53 87 93 99 87 18 78 93 91 12 80 47 43 20 23 65 93 94 40 55 83 1 78 18 2 36 2 44 55 32 55 7 70 99 6 
56 16 35 48 6 99 79 4 93 99 26 58 43 19 97 97 1 50 27 71 3 14 72 47 68 55 53 27 25 51 84 32 18 18 32 75 16 10 78 61 60 3 18 2 74 66 51 26 67 77 96 70 90 20 16 9 26 20 35 2 70 18 34 39 88 17 13 55 
78 42 15 38 96 84 91 69 50 41 95 16 69 42 85 58 13 52 67 91 23 53 92 44 23 77 82 10 45 46 16 23 87 31 12 83 14 2 3 15 95 49 31 15 91 67 73 55 71 91 97 93 95 89 37 17 17 18 78 62 16 94 36 2 76 47 36 41 
100 39 56 46 87 38 61 29 4 85 36 26 27 32 19 21 72 55 38 41 24 67 2 39 12 37 93 87 35 28 80 34 18 35 80 57 24 40 37 79 76 72 5 2 56 23 22 27 29 11 67 4 78 20 95 89 8 87 28 42 66 7 28 36 93 59 92 16 
50 28 94 25 52 98 26 7 72 47 85 52 58 52 56 87 23 2 75 31 40 54 24 5 60 51 92 4 9 83 19 58 63 65 34 14 14 59 72 86 58 56 89 15 7 96 53 30 97 79 12 36 33 35 93 44 38 84 48 98 19 18 8 81 82 41 46 96 
52 17 33 9 72 21 75 31 17 27 12 65 5 23 53 89 9 45 33 98 80 32 48 98 49 55 30 83 47 75 30 98 91 62 6 15 34 80 45 50 6 56 67 63 30 19 51 38 15 35 88 94 18 35 44 19 89 73 1 87 48 30 85 90 91 42 4 76 
22 100 78 79 55 44 93 84 62 96 74 76 82 61 21 100 95 64 18 35 89 18 21 88 99 57 77 41 99 33 16 72 32 93 50 39 36 43 22 49 90 95 76 71 7 97 70 1 12 87 87 100 56 8 87 54 16 16 94 14 48 10 85 31 2 87 69 90 
29 43 38 70 89 14 40 96 62 10 48 73 48 35 25 4 94 11 9 61 26 55 75 25 64 11 8 17 97 28 58 77 70 96 46 11 61 86 58 74 95 5 98 94 91 22 97 36 85 58 97 10 12 23 87 27 33 94 43 30 21 53 6 43 48 52 5 60 
37 62 33 83 18 30 76 9 4 25 96 88 82 44 49 93 66 35 71 99 80 65 80 53 17 85 47 64 88 51 75 24 12 7 58 29 89 34 89 92 10 85 79 91 80 79 35 46 14 5 96 45 21 75 97 38 11 43 53 99 93 28 74 4 86 32 85 26 
0 0 0 1 0 0 1 0 1 1 1 0 1 0 0 1 0 1 0 0 1 1 0 0 0 0 1 1 1 1 1 1 0 1 0 0 0 1 0 1 0 1 1 1 1 1 0 1 0 1 0 0 0 0 0 0 0 1 1 1 1 0 0 1 0 0 1 0 
1 0 1 1 1 0 0 1 1 1 0 0 0 0 0 0 1 0 0 1 1 1 1 0 0 1 1 0 0 1 0 1 1 1 1 0 1 1 1 0 0 0 0 0 0 0 0 1 0 0 1 0 0 0 0 0 1 0 0 1 1 0 1 0 1 0 0 0 
1 0 0 0 0 1 0 0 1 1 0 0 1 1 0 1 1 0 1 0 0 1 0 1 1 1 1 0 1 0 0 0 0 1 0 0 0 1 0 1 0 0 1 1 1 1 1 0 0 0 1 0 0 1 0 1 0 1 0 1 1 0 1 1 1 0 1 1 
1 0 1 1 0 0 0 0 0 1 0 0 0 1 0 0 0 0 1 0 0 1 1 1 0 1 1 1 1 0 1 0 0 0 1 1 0 1 1 0 1 1 0 1 1 1 1 1 1 0 0 1 0 1 1 0 0 0 1 1 0 0 1 1 0 0 0 1 
0 1 1 1 0 0 0 1 1 1 1 0 1 1 0 1 0 1 1 1 1 1 0 1 1 0 0 0 0 0 1 0 1 0 1 0 0 1 1 1 0 0 0 0 1 0 1 0 1 1 1 0 0 1 1 1 1 0 1 0 0 0 0 0 1 0 0 1 
1 1 1 0 0 1 0 1 1 1 1 0 0 0 0 0 0 1 0 1 1 1 1 0 0 0 0 1 0 0 0 1 1 1 1 1 0 1 1 1 1 0 1 1 1 1 0 1 1 0 0 0 1 0 0 1 0 0 0 0 0 1 1 0 0 1 1 1 
0 0 0 1 1 0 1 0 1 1 1 0 1 1 1 0 1 1 0 1 0 0 1 0 1 1 0 0 0 0 1 0 0 1 0 1 1 1 1 1 0 0 1 1 0 0 1 1 0 1 1 0 0 0 0 1 1 1 1 1 1 0 0 1 0 0 1 1 
1 0 0 1 1 0 0 1 0 1 0 0 1 1 0 1 0 1 0 1 0 0 1 1 0 1 0 0 1 1 0 0 0 0 1 1 0 1 0 1 0 0 1 1 0 0 0 0 1 1 1 1 1 0 0 1 1 0 0 0 0 0 0 0 0 1 1 1 
0 1 0 1 1 1 0 1 1 1 1 0 0 1 1 1 1 1 0 1 0 0 1 0 0 0 0 1 1 1 0 0 0 0 1 1 1 1 1 1 0 0 1 0 1 1 1 1 0 0 0 0 0 1 0 1 1 0 0 1 1 0 1 1 0 0 1 1 
1 0 0 0 0 0 0 0 1 0 1 1 0 1 0 0 0 0 1 0 1 1 1 0 1 0 0 1 0 1 1 1 1 1 1 1 1 0 1 0 0 0 0 0 1 0 0 0 0 0 0 1 1 1 0 1 1 0 0 1 1 1 0 0 1 0 1 0 
0 1 1 0 1 1 0 1 1 0 1 1 0 1 1 0 0 1 1 1 1 1 0 0 1 0 0 0 0 1 0 0 0 1 0 0 0 0 1 1 1 0 1 1 1 0 1 1 1 0 0 0 0 0 0 1 0 0 1 1 1 1 1 0 1 0 0 1 
0 1 1 1 1 0 1 0 0 0 1 1 1 1 1 1 1 1 0 1 1 1 0 0 0 0 0 1 0 0 1 0 1 0 0 0 0 1 0 0 1 1 1 0 0 0 1 1 1 1 1 0 0 1 0 1 1 1 0 1 1 1 0 1 1 0 1 1 
1 0 1 0 1 0 1 0 0 0 1 1 0 0 1 0 0 0 1 1 1 0 1 0 1 1 1 1 1 1 0 0 1 0 0 0 0 1 0 1 0 0 0 0 0 0 0 0 0 0 0 1 0 1 1 1 0 1 0 1 0 1 1 1 1 1 1 1 
1 0 0 1 0 1 1 0 1 1 1 1 1 1 0 1 0 1 1 0 0 1 1 0 0 0 1 1 1 1 1 0 1 1 1 1 0 0 1 1 0 0 0 1 1 0 1 1 0 0 1 0 1 0 1 0 0 0 1 0 1 0 0 0 0 0 1 0 
0 1 0 0 1 0 0 1 1 1 0 1 1 0 1 0 0 0 0 1 1 0 1 0 0 1 1 0 1 0 1 0 1 1 0 1 1 0 0 0 1 0 1 0 0 1 1 1 1 1 0 0 1 1 1 0 0 0 0 0 0 1 0 0 0 0 1 0 
1 1 0 0 1 0 1 0 1 0 1 0 1 1 1 1 0 0 1 0 0 1 0 0 1 0 0 1 1 1 1 0 0 0 0 0 0 1 0 1 1 1 1 1 0 0 0 0 0 1 0 0 0 1 1 1 1 1 1 0 1 0 0 1 0 1 1 0 
0 1 1 0 0 1 1 0 1 1 0 0 0 1 0 0 0 1 0 1 1 1 0 0 1 0 1 0 1 1 0 0 0 0 0 1 1 1 1 0 0 0 0 0 1 1 0 1 0 0 0 1 1 0 1 1 1 1 1 0 0 1 0 0 1 0 1 0 
1 1 1 1 1 1 1 0 0 0 1 1 0 1 0 0 0 0 1 1 1 0 1 1 1 0 1 1 0 1 1 0 0 0 1 1 0 1 1 0 1 0 1 1 1 0 1 1 0 0 0 1 0 0 0 0 0 1 1 0 0 0 0 0 1 0 1 1 
1 0 1 0 0 1 1 0 1 1 1 1 1 0 0 0 0 0 0 0 1 1 0 0 1 1 0 0 1 0 1 0 0 1 0 1 0 1 1 1 0 0 0 0 0 0 0 0 0 0 0 1 1 1 1 0 0 0 1 1 0 0 1 0 1 1 1 1 
0 0 0 1 1 0 1 1 0 1 0 0 1 0 0 0 1 1 0 1 1 1 0 1 0 1 0 1 0 1 1 1 0 1 0 1 0 1 0 0 0 0 1 1 1 1 1 0 0 1 0 0 1 0 1 1 0 1 0 0 1 1 1 1 1 1 0 1 
0 0 1 0 1 0 1 0 1 0 0 0 0 0 0 1 1 1 0 1 1 0 1 0 0 1 1 1 0 1 0 1 1 1 1 0 0 1 0 1 1 1 1 1 1 1 0 0 1 0 1 0 1 1 0 1 0 1 0 0 0 0 1 1 1 1 0 1 
0 0 1 1 1 0 1 1 0 1 1 1 0 1 1 1 0 1 0 0 0 0 0 0 0 0 1 1 1 1 1 1 0 0 0 1 0 1 0 0 1 0 1 1 1 0 0 1 1 0 1 1 0 1 1 0 1 1 1 0 0 0 1 0 0 0 0 1 
1 0 1 0 0 1 1 1 1 1 0 1 1 1 0 1 1 0 1 0 1 1 1 1 1 0 0 0 0 0 1 0 0 0 0 1 1 0 0 1 1 1 0 1 0 0 0 1 0 0 0 1 1 1 1 0 1 1 0 0 1 1 0 1 0 0 0 1 
0 1 0 0 0 0 1 0 1 1 0 1 1 0 1 0 1 0 1 0 1 1 0 0 1 0 1 1 1 0 0 1 1 1 1 1 1 0 1 0 0 1 0 1 1 1 0 0 1 1 1 0 0 1 0 1 0 1 0 1 1 1 0 0 0 0 1 1 
0 1 0 0 0 0 0 0 1 0 0 0 1 1 0 1 1 0 1 1 1 1 0 1 0 0 1 0 0 1 0 1 0 0 1 0 0 1 0 1 1 1 1 0 0 1 0 1 1 1 0 0 0 0 1 1 1 1 1 1 0 1 0 0 1 0 0 1 
1 1 0 1 0 1 1 0 0 1 0 1 0 0 0 1 1 1 0 0 0 1 1 0 1 0 0 0 0 1 0 1 0 0 0 0 0 0 0 0 1 0 0 0 1 0 1 0 1 1 0 0 0 1 0 1 1 1 0 1 0 0 1 0 0 1 0 0 
1 0 1 1 1 1 1 0 1 0 0 0 1 0 0 1 1 1 1 1 0 1 0 0 1 1 0 1 1 0 0 0 0 1 1 1 0 0 1 1 0 1 1 1 1 0 1 1 1 0 0 1 1 0 1 0 0 1 1 1 1 1 1 1 0 1 1 0 
1 0 1 0 0 1 1 1 1 0 0 0 0 0 1 1 1 0 1 1 1 1 0 0 0 1 1 1 0 0 1 0 1 1 0 1 0 1 0 1 0 1 1 0 1 0 0 0 0 1 1 1 0 1 1 1 1 0 0 1 1 1 1 0 0 1 1 0 
1 1 1 1 0 0 1 0 0 1 0 0 1 0 1 1 1 0 0 0 1 0 0 0 0 1 0 0 1 1 1 0 0 0 1 1 1 0 1 1 0 1 0 1 1 1 0 1 0 1 1 1 1 1 1 1 1 1 0 0 0 1 0 0 1 1 1 0 
1 0 0 1 0 0 0 1 1 1 0 1 0 0 0 1 1 1 1 0 0 1 0 0 0 0 1 1 1 0 0 1 1 0 0 1 0 1 0 1 0 1 1 0 1 1 1 0 1 0 1 1 1 1 0 1 0 1 1 1 1 1 0 0 1 1 1 1 
0 0 0 0 1 1 0 0 1 1 0 0 0 1 1 1 1 1 1 1 0 0 0 0 1 1 0 0 0 0 1 0 0 1 0 1 1 0 1 0 1 1 0 1 1 1 1 0 1 0 1 1 0 1 1 1 0 0 1 0 0 0 0 0 1 0 1 0 
0 0 0 0 1 0 1 0 0 0 0 1 0 1 0 0 1 0 1 1 0 0 0 0 0 0 0 0 1 1 0 1 1 1 1 0 1 1 1 1 1 1 0 0 1 1 0 0 1 0 1 1 0 1 1 1 0 1 1 1 0 1 0 1 0 0 1 0 
1 0 1 0 0 0 0 1 1 1 1 0 1 0 1 1 0 0 0 0 1 1 1 1 1 1 0 1 1 1 1 0 0 1 1 0 1 1 1 0 0 0 0 1 0 1 1 0 1 1 0 0 1 1 1 0 1 1 1 0 0 1 1 0 0 0 0 1 
1 1 1 0 1 1 1 0 0 0 0 1 0 1 1 1 0 0 1 1 1 0 0 1 1 1 0 1 1 0 0 0 0 1 0 1 0 0 1 0 0 0 1 0 1 0 1 1 0 0 1 1 1 1 1 0 0 1 0 1 1 0 1 1 0 0 1 0 
0 0 1 0 0 0 1 1 1 0 1 1 1 0 1 0 1 0 0 1 1 0 0 0 1 1 0 1 1 1 1 1 1 0 0 0 1 1 1 0 1 0 1 0 0 0 0 1 0 1 0 1 1 0 0 0 0 0 1 1 1 1 1 0 1 1 0 0 
0 0 0 1 0 0 0 1 0 0 0 1 1 1 0 1 1 0 1 1 0 1 1 1 0 0 0 1 1 0 0 1 0 0 0 1 0 0 0 1 1 0 0 0 1 0 1 1 1 1 0 1 0 1 1 0 1 1 1 0 1 1 1 0 0 0 1 0 
0 1 1 1 1 1 0 1 0 1 0 1 0 0 0 0 0 1 0 1 0 0 0 0 1 1 0 1 1 1 0 0 0 1 1 1 1 1 0 1 1 0 0 1 1 0 0 1 0 0 0 0 0 0 0 0 0 0 1 1 1 1 1 1 1 1 1 0 
0 1 1 1 0 1 1 1 1 1 0 1 1 0 0 0 1 0 0 1 1 1 0 0 1 0 0 0 1 1 0 1 0 1 1 0 0 0 1 1 1 1 1 0 0 1 0 1 1 0 0 0 0 0 1 1 0 1 1 1 0 1 1 0 0 0 1 0 
0 0 1 1 0 0 1 0 1 0 1 1 0 1 1 0 1 0 1 0 1 0 1 1 1 0 0 1 0 1 1 0 1 1 1 1 1 1 1 1 1 0 0 1 1 1 0 1 0 1 1 1 0 0 1 1 1 1 1 1 0 0 0 1 1 1 1 1 
0 0 0 1 1 0 1 0 1 1 1 1 0 0 1 0 1 0 0 0 1 1 1 1 1 1 0 1 1 1 0 1 0 0 1 1 0 0 1 1 1 1 1 1 1 0 0 0 0 0 0 1 1 0 0 0 1 0 1 0 0 1 0 0 1 1 1 1 
1 0 1 0 1 0 1 1 0 1 1 0 1 0 1 0 0 1 1 1 1 0 0 1 0 0 1 1 1 0 1 0 1 0 0 0 0 1 1 0 1 1 0 0 1 1 1 1 0 0 0 1 0 0 1 0 0 0 0 1 1 1 1 0 1 1 0 1 
1 0 1 0 1 1 0 0 0 1 1 0 1 1 1 0 0 0 0 0 1 0 0 0 1 1 0 0 1 0 1 0 0 0 0 1 1 0 1 1 0 0 1 1 0 1 1 0 1 0 0 0 0 0 0 0 0 0 0 1 1 0 1 1 0 1 1 0 
1 0 1 1 1 1 1 1 0 0 1 1 0 1 0 1 0 0 1 0 1 1 1 0 1 0 1 0 1 0 0 0 1 1 0 0 0 1 1 0 1 0 0 0 1 0 1 1 0 0 1 1 1 0 1 1 0 1 1 1 1 1 0 0 0 0 0 1 
1 1 1 0 1 1 0 1 1 1 0 0 1 0 1 1 0 1 0 1 0 1 0 1 0 0 0 0 0 0 1 1 0 1 0 1 0 0 0 0 0 1 0 1 1 1 0 1 0 0 0 0 1 1 0 1 1 0 0 0 0 1 1 0 0 1 0 1 
0 0 1 0 1 1 1 0 0 0 0 1 0 0 1 0 1 1 1 1 1 1 1 0 1 0 0 1 0 0 0 0 1 1 0 0 0 1 1 1 1 1 0 0 1 1 0 1 1 1 0 0 1 1 0 0 1 1 1 1 1 0 1 0 1 1 1 0 
1 0 1 0 1 1 0 0 0 0 1 1 0 1 0 1 0 0 1 0 1 0 1 1 0 1 1 0 0 0 0 1 0 1 0 1 0 0 0 0 1 1 0 1 1 0 0 1 0 1 1 0 1 1 1 0 0 0 0 0 1 0 0 1 1 0 1 1 
0 1 1 1 0 1 0 1 1 0 1 0 1 0 0 1 1 1 1 1 1 1 0 0 1 0 0 0 0 1 1 0 0 0 0 0 0 0 0 1 1 1 1 0 1 1 1 1 0 0 0 0 1 0 0 0 0 0 0 0 1 1 1 1 0 1 0 0 
1 0 1 0 1 1 1 0 0 0 1 1 1 0 1 0 0 1 1 1 0 1 1 1 1 0 1 1 1 1 1 1 1 0 1 0 1 0 0 0 1 0 1 0 0 0 0 0 1 1 1 1 1 1 1 0 1 0 1 1 1 0 0 0 0 1 0 0 
0 0 0 1 0 1 1 0 1 1 1 0 1 0 0 0 1 1 0 1 1 1 0 0 1 0 0 1 1 0 1 1 0 1 0 1 0 1 1 1 1 0 0 0 1 0 0 0 1 0 1 0 1 1 0 0 1 0 1 1 0 1 0 0 0 1 1 1 
0 1 0 1 1 0 1 0 0 1 1 1 1 0 1 0 0 1 0 1 1 0 0 1 1 1 0 1 0 1 0 0 0 1 0 0 1 1 0 0 1 1 1 0 0 1 1 0 0 1 1 0 1 0 1 0 1 1 0 1 1 0 1 1 1 1 1 1 
1 0 1 0 1 0 0 1 1 1 1 0 1 1 0 0 1 1 1 0 1 1 1 0 1 0 1 1 0 1 0 1 1 1 1 0 1 1 0 1 1 1 1 0 0 1 0 1 0 1 1 1 0 0 1 0 1 1 1 1 0 1 0 1 0 1 1 1 
0 1 0 1 1 1 1 1 0 0 1 1 1 0 0 0 1 0 0 0 1 1 1 1 0 1 0 0 0 1 1 0 1 0 0 0 1 1 1 0 1 0 1 1 1 1 1 0 1 1 0 0 0 1 1 0 0 1 0 0 1 1 0 0 1 0 0 1 
0 1 1 1 0 0 0 1 1 1 1 1 0 1 1 0 0 1 0 0 0 0 0 1 0 0 1 1 1 1 0 1 1 1 0 1 1 1 0 1 0 1 0 1 0 1 1 0 0 0 0 1 0 0 0 0 0 0 0 1 1 0 0 0 0 1 1 1 
0 1 0 0 0 0 1 0 0 1 0 0 1 0 1 1 0 0 0 1 0 0 0 1 0 1 0 0 0 1 0 0 1 0 0 1 1 0 0 1 1 0 1 0 1 1 1 1 1 1 0 1 1 1 0 0 0 0 0 0 0 0 0 1 1 0 0 0 
0 0 1 1 1 0 1 0 1 1 1 0 0 0 1 0 1 0 0 1 0 0 1 0 1 1 1 0 1 0 0 0 0 1 1 1 1 1 1 1 0 1 1 0 1 1 0 0 1 0 1 1 1 0 0 0 1 1 0 0 1 0 0 0 1 0 1 0 
1 1 1 1 0 1 1 1 0 0 1 1 0 0 0 1 0 0 1 1 0 1 1 1 1 0 1 0 0 1 1 1 0 0 0 0 1 1 1 1 1 0 0 0 0 1 1 0 1 1 1 1 0 0 1 0 0 0 0 0 1 1 1 1 0 1 1 1 
1 0 1 0 0 1 0 0 0 0 0 0 1 1 1 1 0 0 1 0 1 0 1 0 1 0 0 1 0 1 1 1 0 0 1 0 1 0 1 0 0 1 0 1 1 1 0 1 0 0 1 1 0 0 1 1 1 1 1 1 1 0 0 1 0 1 1 1 
1 0 1 1 0 1 0 1 1 1 0 1 1 1 0 1 0 1 0 1 1 1 0 0 1 0 1 1 1 0 1 1 1 0 0 1 0 1 0 1 0 0 0 1 1 0 0 1 1 0 0 0 0 0 0 1 0 1 1 0 0 0 1 1 0 1 0 0 
0 0 1 0 0 1 1 1 1 1 1 1 0 1 1 0 0 0 1 0 1 0 0 1 0 1 0 1 1 0 1 1 0 1 0 0 0 1 0 0 1 1 1 1 0 0 1 0 0 0 1 0 1 1 1 1 1 0 0 0 0 0 1 1 1 1 1 1 
1 1 1 0 0 0 1 1 1 0 1 1 0 0 1 1 0 1 1 1 1 1 1 1 1 0 0 0 0 0 0 1 1 1 1 0 0 0 1 1 0 0 0 0 1 0 0 1 1 1 0 0 0 1 1 0 1 0 0 1 0 0 0 1 0 1 1 0 
1 0 1 1 1 1 0 0 1 0 1 0 1 1 0 1 0 0 1 1 0 0 1 0 0 1 1 0 1 1 0 0 1 1 0 0 1 0 0 0 0 1 1 1 0 1 0 0 1 0 0 1 0 1 1 0 0 1 1 1 0 1 0 1 1 0 0 0 
0 0 0 0 0 1 1 0 1 1 1 0 1 1 0 1 0 1 0 0 0 1 0 0 0 0 0 1 0 0 1 0 0 0 0 0 1 1 1 0 0 0 1 0 1 1 1 1 0 1 1 1 0 1 1 1 1 1 0 1 1 0 1 0 0 1 0 1 
0 1 0 1 1 1 1 0 0 0 1 0 0 1 1 0 0 1 1 0 0 0 1 0 0 1 0 0 0 0 1 1 0 1 0 1 0 1 0 0 1 1 1 1 0 0 0 1 1 1 1 0 1 0 0 1 1 0 1 0 0 1 1 0 0 1 0 1 
0 0 1 1 1 0 1 0 1 1 1 0 0 0 0 0 0 0 1 0 0 1 0 1 0 1 1 0 0 1 1 0 1 1 1 1 1 0 1 0 1 0 1 0 0 1 0 0 0 1 0 0 0 0 1 0 1 1 1 1 0 0 1 0 1 1 1 1 
1 0 1 1 0 0 1 0 0 1 0 0 0 1 0 1 1 0 1 1 1 0 0 1 1 0 1 0 1 0 1 0 0 1 1 0 1 0 0 1 1 1 1 0 0 0 1 1 0 0 0 1 1 1 0 0 1 0 0 0 0 0 0 1 1 0 1 0 
0 0 0 0 1 1 0 1 1 1 0 1 1 1 0 0 0 1 0 1 1 1 1 1 1 1 0 0 1 0 0 0 0 0 0 1 0 0 0 1 1 0 1 0 1 1 1 1 0 1 0 1 0 1 1 1 1 1 1 0 1 0 0 1 0 0 0 0 
0 0 0 1 1 1 0 0 0 1 0 1 0 0 0 1 0 1 0 1 1 0 1 0 0 0 0 0 0 0 1 1 1 1 0 0 0 0 0 0 1 0 1 0 1 0 1 1 1 1 0 0 1 1 1 1 1 1 0 0 1 1 1 0 0 1 0 0 
0 1 0 1 1 0 1 0 0 0 1 1 0 1 0 1 1 1 1 0 0 1 0 1 0 1 0 0 1 0 0 1 1 0 0 1 0 0 1 0 0 1 0 0 0 0 0 1 1 1 0 1 0 0 0 0 0 0 0 1 1 0 0 0 0 0 1 1 
0 1 1 1 0 1 1 0 1 1 0 0 0 0 1 0 0 0 0 0 0 0 1 1 0 1 0 1 0 1 0 0 0 1 1 0 1 1 1 0 0 1 1 1 1 0 1 1 0 0 0 1 0 1 0 1 1 0 0 1 0 0 1 0 1 1 1 0 
0 0 1 0 1 0 1 0 0 1 1 1 1 1 0 1 1 0 0 0 1 0 1 1 0 0 1 0 1 0 0 1 0 1 0 1 1 1 1 0 0 1 1 1 0 1 1 1 1 1 1 0 0 0 1 0 1 1 0 0 1 1 0 0 0 0 1 0 
