56 68 2245
36 82 80 16 60 49 6 41 46 29 78 4 99 97 74 35 37 51 69 10 44 36 90 72 95 74 89 37 59 9 77 94 91 8 62 50 56 19 43 1 100 72 57 98 20 30 33 57 32 53 18 75 89 59 99 35 32 87 71 90 96 99 36 38 6 49 39 61 
67 33 13 18 5 69 16 24 51 100 32 82 52 1 9 92 59 7 78 43 93 100 32 40 98 19 77 3 19 68 15 38 100 28 55 56 48 70 32 98 21 63 32 25 64 40 16 74 46 46 16 38 45 100 30 43 18 58 97 37 25 64 74 25 91 80 32 90 
2 63 88 22 78 71 46 41 10 14 66 55 59 82 44 3 81 73 97 50 31 46 86 7 9 11 31 99 91 15 40 92 77 79 65 54 49 63 46 58 76 12 64 86 93 8 40 25 32 37 74 14 82 12 21 42 74 3 40 16 17 31 7 94 10 24 99 58 
86 45 68 13 56 31 98 100 90 89 76 22 77 49 87 10 60 7 51 34 62 90 49 30 73 8 23 82 83 74 39 20 18 6 32 25 89 81 76 78 69 51 51 46 51 38 55 11 96 6 96 57 47 96 87 19 55 61 52 89 34 43 8 3 100 39 27 88 
71 54 66 40 4 16 37 55 5 43 17 1 100 64 9 47 11 47 17 18 8 21 6 93 63 14 96 62 4 74 50 75 80 67 66 83 34 54 89 39 96 57 91 48 20 99 46 31 46 62 48 5 82 5 49 96 18 96 58 74 22 7 100 1 25 65 35 58 
70 24 96 17 32 86 64 52 37 9 34 34 23 33 90 56 37 38 52 7 86 9 80 59 67 31 59 91 95 93 48 16 68 96 32 100 81 96 3 69 4 88 2 26 72 91 34 60 81 85 66 18 45 97 76 11 27 34 53 73 78 52 88 98 47 72 49 80 
67 3 48 22 42 2 100 13 44 33 72 24 69 90 93 13 38 68 75 65 53 27 89 83 30 29 80 77 100 80 8 18 34 7 91 75 8 90 87 52 74 58 27 42 47 20 54 85 39 80 1 92 6 41 74 36 69 5 64 20 84 23 89 17 29 80 43 89 
69 29 92 95 86 70 88 85 89 94 21 28 73 73 71 79 13 44 66 34 48 81 5 83 3 94 51 31 73 93 19 93 21 62 39 58 32 27 94 72 20 66 51 92 90 21 22 3 64 39 88 63 19 44 97 21 37 47 4 9 91 74 54 63 36 92 73 67 
18 66 90 89 84 41 81 73 61 54 27 77 93 66 91 11 10 88 84 46 86 87 7 77 60 12 91 47 3 63 65 73 29 55 61 64 95 41 36 55 95 63 83 39 28 74 49 37 13 84 35 98 70 41 26 82 52 69 28 6 31 93 78 11 47 39 74 93 
31 10 47 77 72 82 15 51 55 16 40 19 99 74 68 21 14 46 2 17 14 81 22 44 25 52 55 23 90 28 15 72 89 14 49 60 95 63 63 1 30 2 19 29 75 38 1 40 83 54 8 96 86 81 92 11 32 46 33 73 25 100 45 14 13 93 25 7 
7 87 59 37 40 77 17 14 66 69 5 49 22 12 96 7 93 87 69 76 84 2 49 61 53 93 26 65 37 50 23 95 89 81 83 28 9 99 94 74 19 98 74 40 10 70 99 54 8 67 29 44 20 77 4 72 21 29 36 9 30 10 4 18 90 86 98 98 
37 91 72 55 88 45 47 49 66 45 2 74 63 83 69 35 11 72 6 32 52 94 92 81 3 95 51 93 81 48 42 69 38 65 23 25 10 69 26 27 65 79 52 28 61 20 62 24 91 19 7 94 64 98 75 67 93 25 11 25 72 52 93 61 17 67 37 78 
36 62 56 52 93 8 79 53 27 92 76 70 63 82 63 26 32 89 92 24 13 54 100 36 58 44 96 74 10 85 3 45 46 58 97 38 65 27 43 44 71 70 13 33 4 75 58 35 64 2 10 28 7 61 16 64 4 63 89 13 47 91 58 45 1 6 34 17 
84 28 60 54 98 24 38 53 99 48 39 14 1 48 93 7 60 8 23 63 71 11 75 69 54 84 13 6 41 99 22 25 26 34 30 23 57 20 27 7 19 65 72 19 64 65 77 23 72 99 85 94 62 12 15 67 47 79 72 88 77 45 64 3 78 45 77 87 
64 4 93 34 20 65 52 84 81 81 58 4 31 43 50 92 6 64 58 52 42 81 91 19 26 54 73 55 51 49 93 66 4 86 100 24 2 3 59 82 83 16 85 14 10 34 57 15 49 67 19 91 47 9 61 24 15 33 31 65 33 23 82 89 8 81 12 61 
84 70 94 66 85 79 31 47 64 88 61 13 54 79 55 52 40 67 76 54 99 6 70 83 28 51 71 88 32 34 48 67 3 94 84 40 24 15 86 87 54 98 51 7 29 57 58 68 23 85 21 73 90 90 8 70 92 78 57 75 12 56 41 66 49 77 57 72 
91 94 11 44 92 13 2 20 22 59 87 44 96 59 69 85 100 76 54 91 53 62 18 16 70 58 34 70 86 90 94 76 84 4 71 27 68 24 46 89 35 84 85 30 94 5 14 93 80 20 35 84 33 52 52 2 62 85 24 47 74 17 75 9 72 97 35 39 
21 32 80 55 67 16 84 60 20 49 4 99 68 39 34 53 90 85 6 3 69 29 50 43 45 76 51 16 72 38 7 92 69 86 46 36 1 81 47 20 30 51 70 49 89 3 1 30 40 7 85 8 35 86 2 80 61 5 47 32 42 53 76 62 90 73 49 42 
54 96 61 83 98 82 31 86 37 84 67 76 90 51 35 24 36 37 55 48 93 54 80 34 6 7 47 96 79 96 37 84 43 50 18 40 83 49 77 71 84 43 46 73 46 33 48 33 69 55 81 61 8 12 46 13 18 92 60 48 39 49 32 33 50 49 72 84 
49 100 55 32 95 52 56 40 84 56 24 52 10 4 64 17 67 61 81 36 5 93 36 43 93 19 76 94 67 99 77 68 99 31 51 93 83 59 84 18 14 7 22 23 63 85 91 81 98 23 17 2 15 52 96 7 70 23 52 88 22 29 7 72 11 10 16 45 
68 51 63 33 57 84 7 71 20 97 52 17 19 20 70 86 71 66 44 92 40 96 31 13 24 38 84 34 99 51 31 18 1 93 50 10 76 56 80 47 52 83 16 22 2 85 7 24 2 51 67 42 46 98 54 21 87 90 6 37 40 36 54 93 28 55 2 55 
10 81 54 13 16 69 86 69 5 93 93 7 95 11 100 92 60 5 64 98 94 69 34 86 57 87 78 84 41 79 91 2 11 96 14 78 64 100 47 20 44 91 78 90 1 77 81 61 34 44 58 27 64 92 64 20 30 93 56 23 23 98 24 86 93 90 63 8 
41 9 27 36 99 5 25 52 81 57 64 14 52 21 93 15 64 8 87 46 1 42 20 75 91 43 60 83 84 23 90 76 83 16 11 34 20 87 85 53 43 100 18 46 20 62 61 36 70 99 33 22 92 52 48 82 46 8 64 30 82 5 57 16 72 20 49 92 
6 85 96 1 84 65 46 56 27 58 43 48 56 75 21 47 26 68 28 71 27 43 52 60 47 9 76 19 28 76 62 85 13 9 85 48 73 31 55 51 88 97 98 44 23 70 42 48 90 70 71 68 12 22 28 11 82 55 81 9 82 42 46 94 50 30 94 74 
12 48 25 100 97 22 95 19 44 88 19 33 57 89 100 21 62 79 83 44 33 63 4 15 4 1 60 5 31 53 78 42 53 2 93 1 76 39 71 19 27 89 3 35 29 54 7 43 33 89 38 65 51 41 31 54 42 91 58 24 95 88 17 47 89 62 47 16 
100 18 86 78 58 40 65 39 94 71 81 26 60 18 42 10 10 73 16 3 15 25 26 9 12 43 8 53 4 6 20 55 75 6 85 33 45 49 71 38 19 3 15 30 20 9 40 29 81 7 32 47 31 9 55 95 51 14 99 6 20 18 13 94 23 97 26 20 
45 48 9 15 50 76 45 21 84 36 50 16 94 33 62 24 41 68 70 44 82 68 49 1 86 13 94 60 9 72 79 5 71 40 72 73 15 16 93 98 3 94 13 96 78 74 71 19 93 41 14 74 8 14 26 93 27 72 53 35 43 83 92 65 22 63 89 36 
30 82 33 84 27 97 79 5 22 1 75 15 41 88 88 1 1 14 93 79 85 97 66 79 32 57 95 53 71 84 41 100 17 73 83 95 22 13 99 43 13 25 57 54 64 97 54 17 62 98 95 98 47 60 28 78 68 22 30 38 57 22 37 73 95 71 68 68 
83 18 10 96 95 19 1 58 15 6 74 28 55 21 25 1 80 52 30 100 25 12 37 82 33 26 6 79 96 25 46 31 95 8 78 89 26 30 98 92 35 72 19 41 44 95 94 75 46 23 74 22 34 63 55 67 88 61 97 35 37 43 65 31 50 42 19 27 
71 17 18 57 40 88 98 35 82 91 9 79 13 83 100 99 45 7 17 84 19 13 18 55 7 83 86 8 76 56 34 47 24 3 55 63 90 52 49 71 94 58 1 59 92 1 57 88 59 25 71 77 37 40 31 96 22 68 3 50 24 37 48 47 39 2 62 29 
6 10 51 99 67 52 57 10 4 65 97 62 89 19 38 78 59 20 73 80 88 27 81 11 63 28 9 54 30 70 34 35 32 84 85 50 87 94 60 90 58 8 3 99 27 40 28 85 12 52 16 99 78 97 61 93 24 69 46 5 91 31 39 74 14 76 23 53 
69 34 42 78 42 97 28 68 88 7 4 99 58 19 97 88 67 9 32 91 30 29 95 72 59 86 45 24 13 67 76 81 53 70 10 94 66 90 13 53 96 16 52 6 86 100 45 53 61 76 95 90 56 41 61 14 78 5 89 90 23 17 22 27 86 84 20 3 
73 84 7 68 51 58 25 37 10 69 41 70 44 87 11 51 27 71 16 5 27 5 46 1 21 20 28 58 3 99 12 27 83 18 46 33 28 71 21 37 39 61 58 35 99 20 85 26 90 1 82 68 57 79 68 29 98 47 86 52 46 97 30 28 66 76 12 93 
46 33 81 36 45 90 70 44 9 7 21 50 59 2 17 15 32 37 43 30 83 80 33 28 28 63 7 93 90 19 86 35 3 18 70 99 8 92 94 16 98 14 66 8 67 34 22 99 70 16 80 5 95 64 84 74 26 91 66 15 61 3 1 15 21 23 65 28 
14 59 95 63 24 60 70 91 46 43 41 15 58 20 71 4 83 55 77 61 97 94 27 9 97 28 75 69 50 39 48 15 97 42 29 21 54 50 63 99 92 3 65 1 74 36 4 56 42 32 68 38 25 95 98 73 22 72 41 23 10 40 89 59 82 17 31 87 
18 45 85 9 47 49 9 72 36 64 27 77 95 95 66 19 89 15 92 62 86 84 36 48 24 76 58 5 44 88 43 61 32 27 69 30 27 29 1 15 92 79 91 38 25 9 56 65 23 99 78 61 83 13 60 6 40 17 62 83 56 4 43 39 82 63 20 8 
91 20 22 34 50 65 71 27 25 27 91 99 77 69 59 59 33 70 16 73 86 77 55 93 32 50 31 13 12 50 73 55 21 46 88 23 10 11 49 86 89 39 85 65 59 95 24 44 65 39 16 2 68 22 95 99 23 77 64 35 27 36 89 99 33 28 21 95 
38 69 80 26 8 16 91 18 11 66 61 27 4 28 28 23 2 74 74 24 51 37 10 29 24 50 27 56 30 48 2 67 16 82 45 75 97 87 93 59 52 5 85 7 33 65 30 86 90 55 9 40 91 71 20 66 20 47 73 49 46 75 68 61 56 64 88 4 
50 80 63 1 36 47 59 68 63 40 53 53 94 14 44 84 36 64 1 55 62 74 56 7 48 75 67 55 38 54 58 87 85 20 39 21 19 97 40 33 37 45 85 82 10 81 66 45 44 18 51 57 91 58 63 38 32 81 44 21 87 2 59 71 73 97 43 43 
46 35 76 34 31 12 15 40 92 32 84 87 50 86 43 40 44 5 30 27 86 25 48 72 26 58 94 51 7 89 93 52 23 20 37 53 32 51 44 75 35 79 14 84 64 56 75 59 13 56 86 50 81 85 73 58 42 18 8 48 6 1 51 80 20 87 84 3 
90 27 30 24 5 43 59 21 98 33 79 62 41 16 11 21 52 83 30 46 53 38 45 58 90 96 90 61 34 73 64 23 52 93 98 8 35 56 28 84 41 7 46 81 74 8 53 26 43 82 71 95 19 15 4 60 62 93 21 96 66 36 70 17 80 68 24 66 
23 4 49 63 62 46 95 35 54 47 12 96 29 82 42 99 49 45 59 10 38 31 57 55 66 79 23 45 46 98 10 20 1 58 35 14 56 29 49 9 76 12 56 56 46 49 54 94 93 64 55 82 94 64 88 59 42 10 55 39 60 64 58 12 74 92 26 29 
21 26 89 48 37 96 3 82 96 8 27 88 24 82 22 17 97 9 28 38 71 82 76 30 98 33 41 23 77 66 3 49 91 91 96 80 38 98 61 33 57 88 72 80 21 45 49 17 54 76 6 76 9 81 5 58 65 97 80 93 15 82 41 5 24 36 36 13 
85 97 97 42 36 69 73 8 13 21 24 18 48 81 93 57 13 49 66 77 46 46 22 60 79 62 16 55 98 52 67 34 100 64 27 87 84 100 94 96 20 69 66 68 1 10 76 13 59 41 89 56 38 62 67 17 24 82 71 73 85 37 6 36 52 33 74 35 
32 19 83 3 39 100 70 39 9 97 51 19 38 92 74 75 53 40 43 76 74 65 48 10 2 54 46 5 38 71 40 21 90 74 23 28 73 93 67 81 89 17 100 78 8 25 5 13 17 47 88 90 12 88 99 65 93 96 21 30 19 60 50 8 85 72 35 57 
16 53 90 57 22 41 86 81 65 90 93 81 89 81 22 52 20 73 68 12 20 88 93 38 100 42 45 84 65 32 93 33 36 82 89 57 22 26 38 38 16 30 71 56 62 92 59 81 16 26 92 36 65 84 25 64 77 22 100 94 53 92 26 40 25 66 97 98 
91 34 35 58 15 57 65 77 49 23 9 16 100 1 51 65 36 28 80 65 49 31 58 1 74 35 40 98 100 88 95 42 21 82 52 88 38 16 64 38 91 72 6 90 24 8 6 12 35 86 76 83 16 85 35 90 71 27 39 22 14 86 63 87 19 66 74 8 
34 89 46 24 60 3 65 36 10 71 47 45 8 74 27 75 10 62 16 80 88 55 1 1 92 15 39 10 33 12 17 66 100 14 89 12 16 5 47 78 27 45 22 86 70 48 61 31 61 28 62 48 34 62 1 25 28 39 34 60 3 3 77 54 68 17 65 84 
22 63 61 48 59 34 86 28 33 46 10 94 73 71 93 7 84 45 83 64 84 69 23 38 71 52 91 38 68 56 73 89 70 85 89 29 70 74 8 3 71 18 96 95 40 88 53 24 33 36 87 68 4 61 57 26 12 47 15 80 54 40 20 24 24 60 4 94 
33 11 48 55 80 43 50 20 82 2 43 66 37 29 85 92 41 41 17 53 88 32 84 93 71 3 16 46 63 19 91 47 82 38 2 61 32 51 80 66 52 74 31 41 54 68 32 95 8 1 99 47 32 82 92 54 84 7 99 98 78 42 45 59 31 46 71 63 
48 51 28 51 76 10 91 30 77 75 76 37 75 74 35 58 7 26 63 42 85 13 40 62 54 36 72 85 33 42 99 80 44 78 82 20 87 25 1 16 99 28 4 25 1 38 34 59 16 96 100 52 60 91 65 14 26 36 50 10 29 48 89 73 77 71 44 63 
47 96 78 45 23 33 21 75 23 6 33 38 53 32 41 12 75 5 77 52 92 26 62 72 25 50 96 1 72 39 16 70 34 45 66 56 78 86 30 100 43 14 89 95 98 29 59 72 85 35 23 28 13 84 99 89 86 95 42 9 33 57 79 19 53 44 26 30 
82 8 81 76 21 21 71 18 49 81 41 85 15 64 12 79 99 63 20 84 57 61 45 41 69 23 11 21 18 37 3 51 96 35 27 16 56 49 86 56 29 26 41 95 41 4 26 40 66 45 23 22 5 67 15 25 41 25 45 11 13 99 61 8 34 39 76 89 
87 61 44 67 38 36 14 79 40 39 18 5 83 92 79 39 11 93 63 3 69 7 13 82 58 26 89 91 64 16 31 3 28 26 21 66 14 34 96 53 72 13 9 54 56 39 92 66 83 6 69 52 13 33 33 22 58 73 64 74 41 46 28 68 71 48 33 84 
82 28 88 5 92 97 11 100 87 54 17 70 60 85 21 72 70 5 45 79 29 8 4 69 53 31 37 75 79 21 59 60 1 98 64 44 46 74 43 33 28 60 2 39 96 22 10 65 26 6 96 54 13 99 75 17 30 11 91 8 31 1 19 31 99 34 75 44 
60 69 76 39 28 77 77 24 50 38 40 75 43 35 81 7 86 7 23 15 17 13 74 99 66 44 30 64 77 56 7 88 24 35 78 4 63 54 27 13 43 18 39 85 5 71 43 90 77 17 56 93 82 29 92 47 24 73 10 52 80 68 40 3 54 17 6 17 
0 1 0 0 1 0 1 1 1 1 0 1 0 1 0 1 1 1 1 0 1 0 1 0 1 0 0 1 1 0 1 1 1 1 1 0 1 0 1 0 0 1 0 0 0 0 1 1 1 0 1 0 0 1 0 1 1 0 0 0 0 1 1 0 0 1 0 0 
1 0 0 1 1 0 1 0 0 0 1 1 0 1 1 0 0 1 0 1 0 0 0 0 0 1 0 0 0 1 0 0 1 1 1 0 1 1 0 0 1 0 1 0 1 1 0 1 0 0 0 0 1 0 1 1 0 1 1 0 0 0 0 1 1 0 0 0 
1 0 0 0 0 0 0 1 1 1 0 1 1 1 0 0 1 1 1 1 0 1 0 1 1 0 0 0 0 0 0 1 1 1 0 1 1 0 1 0 1 1 1 1 0 1 1 0 0 1 1 1 0 1 0 1 0 0 1 0 1 1 0 0 0 0 1 1 
0 0 1 0 0 1 1 0 0 0 0 1 1 0 0 1 1 0 0 1 0 1 0 1 1 0 1 1 0 1 1 0 1 0 0 1 1 1 0 0 0 0 1 1 0 1 1 0 1 1 1 1 1 1 1 0 1 0 1 1 1 0 0 1 1 0 0 0 
0 0 0 0 1 1 1 1 0 0 1 1 0 1 1 1 0 0 1 0 0 0 1 0 1 1 1 0 0 1 0 0 0 1 0 1 0 1 0 1 0 0 0 0 1 1 1 1 1 0 1 0 0 1 0 1 0 1 1 0 0 0 0 0 1 0 1 1 
0 0 0 0 0 1 0 1 0 1 0 0 1 0 0 1 1 0 1 1 1 0 0 1 0 0 0 1 1 1 1 1 1 1 1 1 0 1 0 1 0 1 1 1 1 1 0 0 1 1 1 0 0 1 1 0 0 1 0 1 1 1 0 0 0 1 0 1 
0 0 0 0 1 1 1 0 0 1 0 1 1 0 1 1 1 0 1 1 0 1 0 1 0 0 1 1 1 1 0 1 0 0 1 1 1 0 0 1 0 0 0 1 0 1 0 0 1 1 1 1 1 0 0 1 0 0 0 0 1 0 1 1 0 1 1 1 
1 1 0 1 1 0 0 0 1 0 0 1 0 1 0 1 1 1 0 0 1 1 0 0 1 1 0 0 0 1 1 0 0 0 1 1 0 0 1 0 0 1 1 0 1 1 1 0 0 0 0 1 1 0 0 0 0 0 0 0 1 0 0 1 0 0 0 0 
0 0 0 0 1 1 1 0 1 0 1 1 0 1 1 1 0 1 0 0 1 0 0 0 0 1 1 0 1 1 1 1 1 1 1 1 1 0 1 0 1 0 1 1 0 0 1 0 1 1 0 0 1 0 0 0 1 1 0 0 1 1 1 0 1 1 1 0 
1 1 0 0 1 1 0 1 0 1 1 1 0 1 0 1 0 0 1 1 0 0 0 1 1 1 1 0 0 1 0 0 0 0 0 1 0 0 1 0 1 0 1 1 0 1 1 0 0 0 1 0 0 1 1 0 1 0 0 1 1 1 1 1 1 0 1 1 
0 0 1 0 0 1 1 0 0 0 0 0 1 0 0 1 1 1 1 0 0 0 0 1 1 1 1 0 1 0 0 0 0 1 0 0 0 1 1 1 0 1 1 1 1 0 0 1 1 0 1 1 0 1 1 1 1 0 1 0 0 1 0 0 1 0 0 1 
0 1 0 0 1 0 1 0 0 1 1 1 1 1 1 1 0 0 0 1 0 0 0 0 1 0 0 0 1 0 0 1 0 0 1 1 0 0 1 0 1 1 0 1 0 1 0 0 1 1 0 1 1 0 1 0 0 1 1 1 1 1 0 1 1 1 0 0 
1 0 0 1 1 0 0 1 1 0 1 0 1 1 1 0 1 0 1 0 1 0 1 1 1 0 0 0 1 1 0 1 1 1 0 0 1 0 1 1 0 0 1 0 0 1 0 1 1 1 1 1 1 1 0 0 1 0 1 0 1 1 1 0 0 1 0 0 
1 1 1 0 0 0 0 0 1 0 1 1 0 1 0 1 0 0 0 1 0 1 1 0 0 1 0 1 0 1 1 0 0 0 0 0 0 0 0 0 0 0 1 0 1 1 0 1 1 0 0 1 1 1 1 1 0 0 0 1 1 1 1 1 1 1 0 0 
1 0 0 1 0 1 0 1 0 0 0 1 0 0 0 1 0 0 0 0 0 1 1 1 0 0 0 0 1 0 0 0 1 0 0 1 1 0 1 1 0 1 0 0 0 0 1 0 0 1 0 0 0 0 1 1 0 0 1 0 0 1 0 1 1 0 1 0 
0 0 1 0 1 1 0 1 1 1 1 0 1 0 0 1 0 0 0 0 0 1 0 0 0 1 0 1 1 1 1 0 1 0 0 0 1 1 0 1 0 1 1 1 1 1 1 1 1 1 0 1 1 0 0 1 1 0 1 1 1 0 1 0 1 1 0 0 
0 0 1 1 0 0 0 1 0 1 1 1 1 1 1 0 1 1 1 1 1 0 0 0 1 1 0 0 0 0 0 1 1 0 0 1 0 0 0 0 0 1 0 1 0 1 1 0 0 0 1 1 1 1 1 0 0 1 0 0 1 0 1 0 0 1 1 1 
0 0 1 0 1 1 1 0 0 0 0 0 0 1 1 1 0 0 1 0 1 1 0 1 0 0 1 0 1 1 1 1 1 1 1 0 0 0 0 1 0 0 1 1 1 1 0 1 1 0 1 1 1 0 0 1 0 1 0 1 0 1 1 1 0 0 0 1 
1 0 0 1 1 1 0 0 0 1 0 0 1 1 1 0 1 1 0 1 0 0 1 1 1 0 0 0 0 0 1 1 1 1 1 0 0 1 0 1 0 0 1 1 0 0 0 1 1 0 1 1 0 0 0 1 0 1 1 0 1 0 0 0 1 1 0 0 
0 1 1 1 1 0 0 1 0 0 1 1 0 0 0 0 0 1 0 0 0 1 0 1 0 0 0 1 1 0 1 0 1 0 1 1 0 1 0 0 0 1 1 0 1 0 1 1 1 1 1 1 0 0 0 0 0 0 0 0 1 1 0 0 0 1 1 0 
0 0 1 0 1 0 1 1 0 0 0 1 1 0 0 1 0 1 0 0 1 0 0 0 1 0 1 1 1 0 0 0 0 1 0 0 1 1 1 0 1 1 1 0 1 0 0 1 1 0 0 0 0 0 1 1 1 0 1 0 0 1 0 1 0 1 1 1 
0 0 1 0 1 1 0 1 1 0 0 0 0 0 0 0 1 1 0 0 1 1 0 0 0 1 1 0 0 0 1 0 0 1 0 1 0 1 0 1 1 1 1 0 1 1 0 0 1 0 0 0 1 1 0 1 0 1 1 0 1 1 0 1 0 1 1 0 
0 1 1 1 0 0 1 0 1 0 0 0 0 1 1 0 0 1 1 0 1 1 0 0 0 0 0 0 1 1 0 1 0 1 1 1 1 0 1 0 0 1 1 1 0 0 1 0 1 0 0 0 1 0 1 1 1 1 1 0 0 1 0 0 0 1 1 1 
1 0 0 0 0 1 1 0 1 0 1 0 0 1 1 0 0 0 1 1 1 1 1 1 0 1 1 1 0 1 0 0 1 0 0 1 1 1 0 0 1 1 1 1 0 0 1 0 0 1 1 1 0 1 0 0 0 1 1 1 0 0 1 0 0 1 1 0 
0 1 0 1 0 1 0 1 1 0 1 1 1 1 0 1 0 0 1 0 0 1 1 0 1 0 0 1 1 0 1 1 1 0 0 0 1 1 1 1 1 0 0 0 1 1 1 1 1 0 0 1 1 1 0 0 0 0 0 1 0 1 1 0 1 1 0 1 
0 1 0 1 1 0 1 1 1 0 0 1 1 0 0 0 0 0 1 0 1 1 1 1 0 0 1 0 0 1 1 0 0 1 0 0 1 1 1 1 0 1 0 1 0 0 1 0 1 0 0 0 1 1 1 0 0 1 0 0 0 1 0 1 0 0 1 1 
0 0 0 0 1 0 1 1 1 0 1 0 1 1 0 0 1 1 0 1 0 0 1 1 1 1 0 1 0 1 1 0 1 1 0 0 0 1 0 1 1 1 1 0 1 1 1 0 0 1 1 1 0 0 0 1 1 0 1 1 1 0 1 0 1 1 0 1 
0 0 0 0 0 1 0 1 0 1 1 1 1 0 0 1 0 0 0 1 0 1 1 1 1 0 1 1 0 1 0 0 0 1 0 0 0 1 1 1 0 0 0 1 0 0 0 0 0 1 1 0 0 0 1 0 1 0 1 1 1 1 1 1 0 0 1 1 
1 0 0 1 0 0 1 0 0 1 0 0 0 0 0 1 0 1 1 1 1 0 0 0 1 0 0 0 0 1 1 1 0 1 0 0 1 1 1 1 1 1 1 1 1 1 0 0 0 1 1 1 1 0 1 1 0 1 1 0 1 0 1 1 1 1 1 0 
1 0 1 0 0 0 1 1 1 0 1 1 1 1 0 1 1 1 0 1 1 1 1 0 1 0 1 0 1 0 0 0 1 1 0 1 1 0 0 0 0 0 1 1 1 1 0 0 0 0 1 1 1 0 1 0 0 0 0 1 1 0 0 0 1 0 1 0 
0 1 0 0 1 1 0 0 0 0 0 1 1 1 0 0 1 0 1 1 0 1 1 1 0 1 1 1 1 0 0 0 0 0 0 1 0 0 0 0 1 0 1 0 0 0 0 1 0 1 1 0 1 0 0 1 1 1 0 0 0 0 0 0 1 1 1 1 
1 1 1 0 0 1 0 0 1 1 1 1 0 0 1 1 0 1 0 1 1 1 0 1 1 0 1 0 1 0 1 1 0 1 1 0 0 0 0 1 1 1 0 1 0 1 1 0 1 1 0 0 0 0 1 0 0 0 0 0 0 0 1 0 1 0 0 1 
0 0 0 1 0 0 1 0 1 0 0 0 1 0 0 0 0 1 0 1 1 0 1 0 0 0 0 1 0 1 0 1 1 0 0 1 0 1 1 0 1 0 0 1 0 1 1 1 0 1 0 0 1 1 0 0 1 0 1 1 1 0 0 1 0 1 0 1 
0 0 1 0 0 1 1 0 0 0 1 1 1 1 1 0 0 1 0 1 1 0 1 1 0 1 0 0 0 0 1 1 0 0 1 0 0 0 1 0 0 0 1 1 0 0 1 0 1 0 0 1 0 1 0 0 0 0 0 1 0 0 0 1 0 1 1 0 
1 0 1 1 1 0 0 1 1 1 1 0 1 1 1 1 0 1 1 1 1 0 0 0 0 0 1 0 1 0 1 0 1 0 1 0 0 1 1 1 0 0 0 0 0 1 1 0 1 1 1 0 1 1 0 1 1 1 1 0 0 0 0 1 0 1 1 1 
0 0 0 1 0 0 1 0 0 0 1 1 1 0 1 0 0 0 1 1 1 1 0 1 1 0 0 0 0 1 1 0 1 1 1 0 0 0 0 0 1 1 1 0 0 0 1 0 0 0 1 0 1 1 1 1 0 0 1 0 1 0 0 1 1 0 1 1 
0 1 1 1 1 0 0 1 1 1 1 1 1 0 1 1 0 1 0 0 1 1 0 0 1 0 1 0 0 0 0 1 0 1 0 1 0 0 0 1 1 1 0 1 1 0 0 1 1 0 1 0 1 1 0 0 0 0 0 0 0 0 1 0 0 0 1 0 
0 1 1 0 0 1 1 0 1 1 1 0 1 1 0 0 0 1 0 0 1 0 1 1 1 0 0 1 0 1 1 1 1 0 1 1 1 0 1 1 1 1 1 0 0 0 0 0 1 0 1 0 0 0 1 1 0 1 0 1 1 1 0 0 1 1 1 1 
1 1 0 0 0 1 0 0 1 0 0 0 0 1 0 0 1 0 0 0 1 0 1 0 0 1 0 1 0 0 0 1 1 0 1 1 0 1 1 1 1 1 0 1 1 0 1 0 0 1 0 0 0 1 0 0 0 1 1 0 1 0 1 0 0 0 1 0 
1 0 0 0 1 0 1 0 0 1 1 1 0 1 1 0 1 1 0 1 0 0 0 1 0 1 1 0 0 0 1 1 0 1 0 0 1 1 0 1 0 1 0 1 1 1 1 0 1 0 1 1 0 1 1 0 1 0 0 1 1 1 0 1 0 0 1 1 
0 0 1 0 1 1 1 0 1 1 0 0 1 0 1 1 1 0 1 0 1 1 1 0 1 0 1 1 0 1 1 0 1 0 1 0 1 0 1 0 1 1 0 0 1 0 1 1 0 0 1 1 0 1 1 1 1 1 0 1 0 1 0 1 1 1 1 1 
1 0 1 1 0 0 1 1 0 1 0 0 1 0 0 1 1 1 0 0 0 1 1 0 0 1 1 0 0 1 1 0 1 0 1 1 0 0 1 0 1 1 1 1 1 1 0 0 0 1 0 1 0 0 1 0 1 1 0 0 0 1 0 1 0 1 1 0 
1 0 1 1 1 0 0 1 1 0 1 1 1 0 0 1 0 0 0 1 1 0 1 1 0 1 0 0 0 1 0 0 1 1 1 1 1 1 0 0 1 1 0 1 1 0 0 1 0 0 1 1 1 0 0 1 0 1 1 0 0 1 0 0 1 1 1 0 
0 1 1 0 0 1 1 0 1 1 1 0 0 0 1 1 1 0 0 1 1 1 1 1 0 0 1 1 1 0 0 0 1 1 0 0 0 1 0 1 0 1 1 0 0 1 1 1 1 1 0 0 0 1 1 1 1 1 0 1 1 0 1 1 1 1 1 1 
0 1 1 0 0 0 1 0 1 0 1 0 0 1 0 0 1 0 1 0 1 0 1 0 0 0 1 0 1 0 1 1 1 0 0 0 1 1 0 0 1 0 1 1 1 1 0 0 1 1 1 0 1 0 1 0 1 0 0 0 1 1 0 0 0 0 0 1 
1 1 1 0 1 0 0 0 0 0 1 1 1 0 0 1 0 1 1 1 1 1 0 0 0 0 1 0 0 1 1 1 0 1 1 1 1 1 0 1 1 1 1 1 1 1 0 1 0 1 1 1 0 1 0 0 1 1 1 1 0 0 0 1 1 1 0 1 
1 0 0 0 1 1 1 0 0 1 0 0 0 1 0 0 0 0 1 1 1 0 0 1 0 0 0 0 1 1 1 0 1 1 1 1 1 0 1 1 0 1 0 0 0 0 1 0 0 0 1 1 0 1 0 0 1 1 0 1 0 1 1 1 1 0 0 0 
1 0 1 1 1 1 1 0 1 0 0 1 0 0 0 0 1 1 1 1 0 1 0 0 1 1 1 0 0 0 0 1 0 1 0 1 1 1 1 0 0 0 0 0 0 0 1 1 1 0 0 1 1 0 1 0 0 1 0 0 1 0 1 1 0 1 0 1 
0 0 1 0 0 1 1 0 0 0 1 1 0 0 1 1 0 0 0 0 1 0 0 0 1 1 1 1 0 0 0 1 0 1 1 0 1 0 0 1 0 1 0 0 1 1 0 0 0 0 0 1 0 1 0 1 0 1 0 1 1 0 0 1 0 1 1 1 
0 1 0 0 1 0 1 0 0 1 0 0 1 1 1 1 0 1 1 0 1 1 1 0 0 1 0 0 1 1 1 1 1 1 1 0 1 0 0 1 1 1 1 0 0 1 0 0 0 1 0 1 0 0 0 0 1 0 0 0 1 1 1 0 0 1 0 0 
1 1 1 1 0 1 1 0 0 1 0 0 0 0 0 1 0 0 1 0 0 0 0 1 1 0 0 0 1 0 0 0 1 1 1 1 0 1 1 0 0 1 1 1 0 1 0 0 1 1 0 1 1 1 0 1 1 0 1 0 1 1 0 0 0 0 0 1 
1 1 1 1 1 0 0 1 1 0 1 0 0 0 1 1 1 0 0 0 0 1 0 1 0 0 0 1 0 0 0 1 1 1 1 0 0 1 1 1 0 1 0 0 1 1 1 0 1 0 0 0 1 0 1 0 0 1 1 1 1 1 0 1 0 1 1 0 
1 1 0 1 0 0 1 1 1 0 1 1 0 1 1 0 1 0 0 1 0 1 0 1 0 1 0 0 0 0 1 1 1 1 0 1 1 1 0 0 0 1 1 0 0 0 0 1 1 0 0 1 1 1 0 1 0 1 0 0 1 1 0 0 0 0 1 1 
0 1 1 0 0 1 0 0 1 1 1 0 1 1 1 1 0 0 0 0 1 0 1 0 1 1 0 1 1 1 0 1 0 0 1 0 1 0 0 0 1 1 1 0 0 0 1 1 0 0 1 1 0 0 1 0 1 1 1 1 0 0 0 0 0 0 0 1 
0 0 1 1 1 0 1 0 1 1 1 1 1 0 1 1 1 0 1 0 0 1 1 0 1 0 1 1 0 1 0 0 0 1 1 1 0 0 1 1 1 0 0 0 1 1 0 0 0 1 0 0 0 0 0 1 0 1 0 0 1 0 0 1 0 1 0 0 
1 0 1 1 0 1 1 1 1 1 1 1 1 0 1 1 0 1 1 0 1 1 0 0 0 0 1 0 1 1 0 0 1 1 1 0 0 1 1 1 0 1 0 1 1 1 1 1 1 0 1 0 1 1 0 1 1 1 1 0 0 1 0 0 0 0 0 1 
