48 70 2590
8 61 93 88 94 14 43 74 67 74 34 61 74 89 46 28 26 23 31 5 56 88 14 80 78 77 21 31 15 16 32 74 77 25 62 70 90 56 95 8 29 29 20 55 17 65 82 94 39 12 51 95 51 64 74 81 40 47 11 7 14 43 80 90 19 93 11 8 48 6 
15 77 86 86 83 54 51 64 47 89 28 97 35 78 60 9 10 52 7 21 58 20 15 89 10 85 82 72 44 29 29 10 57 14 95 39 67 45 55 66 86 82 62 20 11 22 80 21 73 86 93 82 6 59 22 15 43 55 38 86 84 67 95 92 32 89 83 99 86 37 
64 71 70 77 42 32 98 22 4 22 7 48 55 12 6 29 78 100 83 16 85 18 34 31 10 65 72 44 15 57 32 30 79 1 7 72 84 56 93 88 30 52 87 84 63 93 12 93 92 47 60 29 64 93 11 25 57 82 68 72 90 99 1 68 51 7 92 87 15 84 
26 44 87 12 79 2 4 91 94 48 89 53 28 52 45 38 77 53 20 44 24 9 95 25 29 97 83 20 83 97 55 8 92 94 20 71 95 75 13 88 74 1 92 1 52 88 39 28 40 58 24 16 18 70 92 98 66 74 69 1 23 24 8 14 17 79 36 63 6 48 
50 79 48 93 80 100 80 18 79 71 27 54 86 96 23 77 94 41 3 62 41 25 37 100 90 5 31 26 67 36 25 68 14 73 60 93 24 91 62 54 62 40 8 99 36 82 76 29 74 78 42 14 54 79 66 95 83 96 72 2 31 97 69 44 21 29 89 44 71 2 
49 32 42 56 31 29 90 58 9 63 87 50 29 92 28 94 86 63 89 10 64 19 6 32 14 26 12 54 21 83 56 69 66 49 77 48 77 66 57 85 28 43 86 56 34 66 1 72 28 89 81 43 59 38 26 73 63 90 78 83 24 85 3 89 33 79 89 61 44 45 
97 24 40 83 31 73 48 32 96 27 20 28 69 79 65 46 3 27 35 80 61 58 65 64 99 49 42 87 62 38 83 58 61 22 92 91 47 39 74 42 17 94 70 85 24 86 31 78 13 17 9 25 75 25 88 73 26 82 11 87 19 93 96 31 67 88 73 13 78 47 
6 95 92 27 31 67 13 13 44 77 30 4 1 4 81 41 28 6 74 38 92 92 82 87 74 48 26 46 60 4 92 18 98 35 44 28 1 56 93 96 84 22 52 85 77 32 77 56 37 50 45 80 93 26 66 66 26 92 11 37 47 55 54 44 89 50 23 42 57 15 
37 41 36 88 25 64 71 1 19 7 50 63 86 42 41 4 59 66 47 21 2 93 75 56 36 16 5 10 9 61 25 97 1 12 37 77 28 7 29 46 14 30 61 51 23 1 54 81 66 100 2 67 92 28 74 79 43 78 89 51 91 65 100 43 28 36 20 7 42 100 
53 55 30 13 6 52 65 11 85 30 11 38 96 54 65 22 85 60 99 25 62 41 41 61 84 68 96 55 75 38 54 79 44 35 43 1 87 7 12 23 88 74 60 35 27 24 56 63 83 7 87 97 47 27 57 30 47 53 84 73 90 38 51 85 72 45 86 10 3 97 
84 90 70 43 76 48 19 32 63 53 38 49 49 84 76 6 66 74 10 49 46 51 38 48 35 62 44 20 71 46 68 7 87 37 49 62 37 19 45 99 72 34 99 20 18 26 77 83 99 86 83 96 88 21 43 23 82 86 42 4 83 10 10 21 98 11 83 86 29 79 
36 100 13 35 72 82 12 100 16 11 38 98 6 25 70 1 47 3 38 41 59 21 50 68 93 99 30 75 37 59 6 72 10 18 58 33 51 70 85 66 80 22 15 37 46 85 89 45 39 27 85 97 99 86 17 91 36 46 18 72 56 75 44 18 92 53 2 94 22 86 
59 53 7 73 90 5 9 30 49 48 56 85 96 6 70 12 49 57 58 18 29 65 92 24 82 35 76 84 28 98 69 38 50 28 62 91 32 71 21 32 70 28 16 65 86 37 29 34 93 38 51 21 2 94 44 36 28 72 19 7 69 39 44 70 18 5 61 49 27 33 
32 48 60 47 13 97 35 93 30 28 30 32 100 83 25 96 18 4 67 88 10 35 79 5 4 96 10 16 97 88 48 28 36 60 27 100 56 61 92 38 40 21 69 40 55 46 35 73 1 53 60 63 87 38 67 42 86 28 10 82 16 57 9 51 16 35 50 24 48 41 
61 87 13 81 78 67 78 12 91 79 64 51 41 2 40 59 96 25 87 5 58 54 13 19 4 81 5 5 4 52 97 16 91 61 96 68 79 74 80 70 4 95 72 96 49 63 54 44 40 92 100 97 45 12 15 100 92 20 4 47 23 100 62 13 12 58 81 91 31 12 
60 86 6 31 81 6 45 34 1 84 78 100 81 22 64 47 74 55 66 29 2 89 81 63 1 92 72 33 82 54 44 41 39 2 23 19 7 68 5 8 3 82 59 83 55 22 30 28 77 47 57 30 87 37 44 40 28 16 72 62 69 16 54 8 17 77 26 75 96 30 
82 98 63 93 33 18 14 14 45 42 12 53 71 99 41 15 38 21 82 61 82 50 28 35 57 44 63 35 71 10 16 4 8 79 96 92 96 10 5 92 51 16 97 74 66 37 40 55 57 21 16 90 70 43 25 79 39 87 65 9 97 80 12 56 10 8 47 5 69 3 
49 71 70 97 44 36 33 83 90 42 3 57 83 25 100 7 55 90 46 19 50 94 98 61 1 8 20 99 64 40 1 64 11 22 60 6 57 45 41 99 38 95 55 20 19 6 79 73 47 24 43 96 69 93 9 69 100 80 67 15 20 19 31 82 40 42 39 49 38 79 
47 75 74 53 47 44 11 77 69 57 100 11 53 20 3 13 88 54 92 6 21 63 24 51 96 15 92 35 63 82 13 9 8 38 14 54 82 24 30 50 80 81 12 84 100 15 48 39 68 40 96 40 54 19 90 50 86 34 36 48 15 100 9 22 38 22 28 19 45 9 
20 76 90 31 12 41 45 59 32 65 50 27 4 56 98 46 57 83 79 92 30 45 91 90 18 28 11 45 98 7 6 17 35 95 48 46 87 44 4 18 60 6 97 64 61 94 61 17 28 91 60 9 35 50 99 4 30 61 1 27 68 6 96 2 100 43 99 38 38 54 
8 98 59 4 13 71 49 73 39 76 63 98 84 49 100 34 52 29 95 52 7 14 57 2 67 8 96 65 46 86 18 5 83 29 8 47 51 56 19 90 83 81 87 66 29 38 52 32 18 46 84 25 59 92 78 77 100 26 41 97 63 10 1 45 90 60 91 41 67 61 
30 49 41 68 66 21 58 17 52 75 14 35 51 24 27 29 100 78 6 92 26 68 2 26 64 91 85 6 83 51 66 64 51 58 32 16 78 89 85 81 15 98 68 66 22 46 46 73 23 51 65 48 70 66 25 85 8 61 90 43 63 7 6 13 64 37 80 93 77 64 
25 92 62 92 57 35 37 54 7 11 4 71 10 25 88 86 9 48 46 50 90 60 56 95 24 71 84 4 15 12 67 39 3 80 31 11 66 19 64 73 82 19 95 43 43 83 29 3 30 26 52 19 38 59 65 61 29 48 64 95 60 83 34 14 14 16 77 80 86 40 
52 19 11 98 62 5 80 42 8 61 19 11 31 56 22 96 17 2 95 80 97 6 14 30 20 28 97 96 7 82 87 10 1 97 7 14 2 39 7 61 51 25 23 82 81 44 29 49 46 75 28 94 81 94 75 52 21 71 47 79 4 85 88 4 82 46 69 35 84 75 
47 87 100 69 68 32 65 48 80 62 22 59 55 54 52 29 5 24 51 3 2 54 88 41 10 21 87 78 7 22 53 53 8 4 73 27 87 37 74 66 98 48 76 4 53 80 32 58 3 34 60 5 88 99 45 97 19 83 26 25 5 30 29 64 33 2 91 71 38 64 
88 88 63 64 91 16 43 75 25 97 8 36 53 47 35 50 43 5 32 69 82 88 50 10 52 83 63 42 5 53 57 93 40 72 56 82 87 50 8 11 46 68 98 99 14 32 48 9 89 31 29 70 19 78 31 70 12 46 63 17 98 19 9 89 90 16 70 28 17 30 
90 14 97 88 64 62 71 11 22 59 94 50 80 12 80 63 33 91 8 95 59 5 65 19 93 7 86 14 86 2 95 76 16 91 15 31 5 85 42 26 96 87 28 27 98 7 89 82 49 96 28 8 52 44 26 96 50 64 62 36 65 56 63 32 47 77 63 3 13 56 
28 60 94 55 87 43 61 27 24 62 75 51 69 78 46 46 74 96 9 35 83 26 90 97 9 88 25 23 42 89 30 70 49 23 76 87 65 89 65 88 50 39 90 70 17 36 15 42 83 76 76 17 53 17 13 61 57 37 36 98 25 65 19 25 88 95 63 4 83 28 
44 84 66 85 53 34 72 67 27 54 94 54 22 46 71 34 59 79 22 94 76 99 10 47 75 49 41 38 53 75 17 96 58 82 80 10 68 52 28 94 57 22 48 79 19 70 64 77 100 38 22 75 88 32 21 14 80 13 51 32 87 67 79 96 1 11 57 20 62 85 
65 70 58 64 100 28 85 16 5 84 53 78 11 92 9 83 5 41 96 8 24 34 26 3 30 78 13 86 49 26 22 14 47 31 29 47 59 14 62 15 97 66 92 7 57 53 90 13 93 37 20 68 70 98 70 51 75 34 89 24 11 62 89 58 93 17 4 3 82 17 
17 79 82 8 37 38 12 78 2 56 14 22 24 36 71 45 38 97 79 78 20 41 40 60 98 84 29 53 86 10 69 2 40 50 61 77 39 73 54 41 28 20 14 3 7 84 48 96 80 78 74 52 18 13 63 16 48 91 20 33 1 89 86 92 90 46 68 29 70 74 
21 50 93 34 52 51 69 99 46 100 76 19 51 46 83 14 13 30 56 32 14 8 72 99 100 62 97 67 42 66 92 14 67 36 99 71 86 67 69 32 66 97 2 69 94 85 34 6 66 41 89 32 49 61 30 48 74 26 66 67 44 10 80 10 45 78 80 31 96 1 
14 61 49 15 81 42 51 66 99 69 7 87 100 55 99 29 54 72 7 71 90 50 80 69 11 25 98 91 7 93 43 20 6 43 34 38 36 85 4 34 5 10 72 4 16 71 84 69 94 90 39 36 91 71 56 2 95 54 44 1 98 38 72 55 80 5 45 15 41 48 
100 45 9 71 100 24 93 84 92 39 73 82 74 64 52 29 17 98 34 60 50 84 97 21 90 76 78 34 42 70 81 93 67 41 15 66 64 8 49 55 98 74 89 23 89 92 3 5 42 37 64 91 72 12 64 61 39 93 95 80 62 27 72 28 68 86 46 31 45 94 
38 42 19 78 16 7 69 19 63 10 55 26 53 78 89 68 38 27 60 84 6 73 11 29 53 30 15 98 12 11 91 1 5 62 78 20 68 99 38 31 8 44 8 12 21 97 31 11 23 42 94 81 15 4 9 67 85 75 64 97 38 6 97 42 67 75 13 87 25 51 
17 84 46 76 96 19 72 26 29 47 20 22 79 34 78 87 52 62 14 15 10 51 72 7 44 39 33 56 25 57 58 93 40 56 20 87 74 44 65 54 90 84 75 68 17 4 6 20 18 71 34 27 73 5 33 68 95 17 24 71 73 33 15 65 88 35 51 61 78 15 
14 19 50 41 38 18 96 95 37 13 66 70 40 90 27 72 58 73 89 81 96 13 65 10 77 53 44 80 65 73 46 31 91 96 23 28 13 18 23 50 31 40 71 70 29 49 93 86 74 33 18 69 46 83 78 74 35 74 53 51 46 99 81 37 46 3 16 58 73 38 
59 3 77 82 24 58 30 16 43 55 49 61 23 46 43 53 19 29 26 24 79 23 74 60 11 19 14 27 76 86 16 87 40 45 68 63 2 49 31 44 4 31 56 26 76 98 30 46 26 55 21 5 30 94 16 40 12 81 18 40 67 86 26 6 30 45 21 83 93 51 
78 96 81 34 74 8 31 3 5 9 10 26 65 39 71 32 30 83 12 100 74 78 85 99 36 66 43 8 48 87 58 77 83 90 10 8 49 93 10 53 53 71 30 17 61 1 48 91 35 59 90 8 89 26 58 76 91 52 83 90 38 92 66 72 33 28 79 81 20 41 
85 72 11 67 40 72 19 39 14 5 49 55 12 89 80 21 64 22 24 98 11 61 41 28 33 25 55 63 57 26 3 42 49 66 60 88 89 78 78 54 82 27 8 45 67 87 17 83 8 40 32 70 100 73 97 84 97 4 99 6 29 53 47 30 18 58 69 58 35 47 
11 68 25 18 64 91 56 80 73 15 19 5 84 70 29 33 6 77 88 4 82 16 8 80 45 78 37 66 35 23 12 98 90 36 67 5 78 23 84 3 37 54 59 73 76 87 57 33 15 44 88 97 59 95 28 56 72 65 21 59 39 84 56 29 71 22 85 48 44 21 
2 33 26 60 57 1 98 13 85 13 56 72 61 66 67 88 73 90 52 45 48 91 28 3 71 50 25 7 50 20 27 51 4 53 11 60 5 8 24 90 20 79 61 80 97 79 20 69 69 23 14 16 65 93 71 35 43 47 94 92 18 20 42 22 72 4 33 77 64 9 
18 35 87 78 67 35 9 86 4 29 8 69 96 73 61 66 59 55 64 52 98 82 72 92 55 95 95 39 23 58 47 40 45 86 70 11 20 30 96 75 58 3 43 53 75 56 71 34 62 34 37 60 67 60 51 21 55 97 12 29 7 58 21 51 95 42 61 15 71 56 
89 80 10 84 84 85 91 54 70 52 40 58 11 58 18 61 31 24 10 42 52 16 51 24 66 46 65 26 12 87 33 52 18 42 87 2 78 77 7 99 29 98 57 39 56 74 52 86 97 61 79 100 28 29 76 93 26 40 70 89 79 54 93 96 95 79 49 25 56 56 
23 36 53 79 74 60 4 77 45 100 89 75 52 16 56 27 60 33 18 29 22 48 34 66 96 29 44 44 53 51 99 27 86 4 6 12 63 9 88 60 61 77 34 64 92 89 42 52 74 59 32 95 59 66 60 54 46 55 97 50 6 48 76 43 51 33 54 13 42 42 
24 54 70 58 17 13 98 58 64 71 68 48 17 26 65 28 79 10 83 28 11 40 75 38 82 25 71 36 89 64 29 13 17 98 22 33 10 71 42 26 94 9 25 10 87 89 90 65 50 24 44 12 63 18 49 96 42 19 31 31 34 59 95 50 8 16 34 70 86 27 
95 79 36 19 41 22 59 30 38 60 5 82 71 67 51 19 62 93 90 45 75 23 55 21 25 63 36 10 32 73 37 78 4 24 48 96 97 6 77 86 65 81 67 35 99 18 5 60 62 46 56 88 69 11 8 45 25 95 54 56 19 42 33 74 65 32 21 61 37 97 
47 53 29 65 39 27 34 43 39 47 89 94 34 9 4 93 5 80 87 58 35 58 52 19 31 16 50 52 29 38 100 27 90 29 91 28 7 77 23 45 23 63 91 9 23 46 1 27 26 40 36 12 97 87 83 79 55 32 82 83 22 34 9 63 14 51 91 20 79 65 
0 1 0 0 1 0 1 1 0 0 0 1 0 0 0 0 1 0 1 0 0 0 1 0 1 0 0 1 0 1 1 0 0 1 0 1 1 1 0 1 0 1 0 0 1 0 0 0 0 1 1 0 0 0 0 1 1 1 0 1 0 1 1 0 0 1 1 1 0 1 
0 0 0 0 0 0 1 0 0 1 0 1 0 0 0 0 1 1 1 1 0 1 0 1 1 0 0 0 1 0 0 1 1 0 1 1 0 0 0 1 0 0 0 0 0 0 0 1 1 0 0 1 1 0 0 1 0 0 1 1 1 1 0 0 0 1 1 0 0 1 
1 0 1 0 0 1 0 0 0 0 0 0 1 0 0 0 1 0 0 0 1 1 0 1 1 0 1 1 0 1 0 0 1 0 0 1 1 0 1 0 0 0 0 0 0 1 0 1 1 0 1 1 0 1 0 1 1 1 0 0 0 1 0 1 1 0 0 0 0 0 
0 1 0 1 1 0 0 1 1 1 1 0 0 1 0 1 1 1 0 1 1 1 0 1 0 1 1 1 0 0 1 0 1 1 1 0 1 1 1 0 1 0 0 1 0 0 0 1 0 1 0 1 0 1 1 0 0 0 1 0 0 0 1 1 1 0 1 0 0 0 
0 1 1 1 0 1 1 1 0 1 0 0 1 0 1 0 0 0 0 0 0 1 0 1 0 0 0 0 0 0 0 1 1 1 0 1 0 1 0 0 1 0 1 0 0 0 0 1 0 0 1 1 1 1 0 0 1 0 0 0 0 0 1 1 0 1 1 0 0 1 
1 1 0 0 1 0 0 1 1 1 0 0 0 1 0 0 1 1 1 1 1 1 0 0 1 0 1 0 0 0 1 1 1 1 1 1 0 0 0 1 1 0 0 1 0 0 1 1 1 0 1 1 0 1 1 1 1 1 1 1 1 0 1 0 0 0 1 0 0 0 
1 1 0 1 0 0 1 0 0 1 0 1 0 0 0 1 1 1 0 0 0 1 1 1 0 1 0 1 1 0 1 0 0 0 0 0 0 1 0 0 0 1 1 0 1 1 0 1 0 0 1 1 0 0 0 0 1 0 1 0 1 1 1 1 1 1 1 1 0 0 
0 1 1 1 1 0 1 1 1 1 0 1 0 0 1 1 0 1 1 1 1 0 0 0 1 1 1 1 1 0 1 1 1 0 0 0 0 1 0 0 1 0 1 1 0 0 0 0 1 0 1 1 0 0 1 0 1 1 1 0 1 0 1 0 0 0 0 0 1 0 
0 0 0 1 0 0 0 0 0 1 0 0 0 1 0 0 1 1 1 0 0 0 0 1 0 0 1 0 0 1 1 1 1 1 0 1 0 0 0 0 0 0 0 0 1 0 0 0 0 1 0 0 1 0 1 1 0 1 0 1 0 1 0 1 0 0 1 0 1 1 
1 1 1 1 1 1 0 0 1 0 1 0 0 1 0 1 0 1 0 0 0 0 1 0 0 0 0 1 0 1 0 1 0 1 1 0 0 1 0 0 1 1 0 1 0 0 0 1 1 1 1 1 1 1 1 1 1 0 0 1 1 0 1 0 0 0 0 0 1 0 
0 0 1 0 1 0 1 1 1 0 0 0 0 0 1 1 1 0 1 0 0 1 0 1 1 0 1 1 1 0 1 1 0 0 0 1 0 1 0 1 1 1 0 1 1 1 1 0 0 0 0 0 1 1 1 0 1 0 1 0 0 0 0 0 1 0 1 1 1 1 
1 0 0 1 0 1 0 1 0 0 1 0 0 1 1 1 1 1 1 1 1 1 1 1 1 0 1 0 0 0 0 1 1 0 0 1 0 0 0 0 1 1 0 1 0 0 1 0 1 0 1 0 0 0 0 1 1 1 0 1 0 0 0 1 0 0 0 0 0 0 
0 1 1 1 1 0 1 0 0 0 0 1 0 0 1 0 0 0 0 0 1 0 0 1 1 0 1 1 1 0 1 1 1 0 0 0 0 1 0 0 1 1 1 0 1 1 0 1 1 0 1 1 0 1 0 1 0 0 0 1 0 1 0 1 0 1 0 0 0 0 
1 0 1 0 0 1 1 0 0 1 1 0 0 1 1 0 1 1 0 1 0 0 1 1 0 1 0 0 1 0 0 0 0 0 1 0 1 0 1 1 1 0 1 1 1 1 0 0 0 0 0 1 1 1 0 1 0 0 1 1 0 1 0 1 1 1 1 0 1 0 
0 1 0 1 0 0 0 0 0 1 1 0 0 0 1 0 1 1 0 0 1 0 1 1 1 1 0 1 1 1 1 1 0 0 1 1 0 1 1 0 0 0 1 0 0 0 0 1 0 0 1 1 1 1 0 0 0 0 1 1 1 1 1 0 1 0 1 1 1 0 
1 0 1 0 0 1 1 1 1 1 1 0 0 0 1 0 1 1 0 0 1 1 1 0 1 0 0 0 1 1 1 1 1 0 1 0 1 0 1 0 1 0 1 1 1 0 1 0 0 1 0 1 1 0 1 0 0 1 1 0 0 0 1 0 0 0 0 1 1 1 
0 0 1 1 0 0 1 1 0 1 1 1 0 0 1 1 0 1 0 1 1 1 1 0 1 1 1 1 1 0 0 1 0 1 0 0 0 1 0 0 1 1 1 1 1 0 1 1 0 1 1 1 0 0 0 1 0 1 0 1 1 0 0 1 0 0 0 0 1 0 
0 0 1 0 0 0 0 1 1 0 0 0 0 1 1 0 0 1 1 1 0 0 1 0 1 1 0 1 1 1 1 0 0 0 0 0 0 0 1 0 1 1 0 1 0 1 1 1 0 0 0 0 0 1 0 1 1 0 1 0 0 0 0 0 1 0 0 1 1 1 
1 0 0 0 1 1 1 0 0 0 0 0 0 0 1 1 1 0 1 0 1 1 1 1 1 0 0 1 1 1 0 1 1 1 1 0 0 0 0 0 0 0 0 1 0 1 0 1 0 1 0 1 1 1 0 0 1 0 0 0 1 0 1 0 1 0 0 1 1 0 
1 1 0 1 0 0 1 0 0 1 0 0 0 1 1 0 1 0 1 1 0 0 0 0 1 1 0 1 1 1 0 0 1 0 0 1 1 1 0 1 0 0 1 0 1 0 0 0 0 1 0 0 0 0 0 1 1 1 0 0 0 0 1 1 1 1 1 0 0 1 
1 0 1 0 0 0 0 0 0 0 0 0 0 0 0 1 1 0 0 1 0 0 0 1 0 1 0 1 1 0 0 0 0 1 0 0 1 0 1 1 0 1 0 0 1 0 1 0 0 1 1 1 0 1 0 0 0 1 1 1 1 1 1 0 0 1 0 1 1 1 
0 1 0 0 0 1 1 1 1 1 1 1 0 1 0 1 1 1 0 0 0 1 1 0 1 1 1 0 0 1 1 0 0 0 1 0 1 0 0 1 1 1 0 0 0 0 1 1 1 1 1 0 0 0 0 0 1 1 0 1 0 1 1 1 1 0 1 1 0 1 
0 0 0 0 0 0 0 1 1 0 0 0 0 0 0 0 0 1 1 0 0 0 0 0 1 1 0 0 0 1 0 0 1 0 0 1 1 1 0 0 1 0 1 1 0 1 1 1 1 0 1 1 0 1 1 1 1 0 0 1 1 0 0 0 0 0 1 1 1 1 
0 0 1 1 1 1 0 0 0 1 1 0 1 1 1 0 1 0 0 1 0 1 1 0 1 1 0 0 1 0 1 1 0 0 0 0 0 0 0 0 0 1 0 1 1 0 1 0 0 0 1 0 1 0 0 1 1 1 1 0 1 1 1 1 1 1 1 1 0 0 
0 0 1 0 1 0 0 0 0 1 0 1 1 0 1 0 1 1 1 0 1 0 1 1 1 1 0 1 0 0 1 0 0 0 1 1 1 1 0 1 0 0 1 0 0 0 0 1 1 1 0 1 1 1 0 0 0 0 1 1 1 0 1 1 1 0 1 0 0 1 
1 0 1 0 0 0 1 0 1 0 1 1 1 0 1 1 1 1 0 0 0 1 1 0 0 0 0 1 0 0 0 1 1 0 0 1 0 1 0 1 1 1 1 1 0 0 0 1 1 0 1 0 1 0 0 0 0 0 1 0 1 0 0 0 0 0 1 0 1 1 
1 0 1 0 1 1 0 0 0 0 0 1 0 0 0 0 0 0 0 1 1 1 1 1 1 1 1 1 1 0 0 1 0 1 1 0 0 0 0 0 0 0 0 0 0 0 0 0 0 0 0 1 0 1 0 1 1 1 0 0 1 1 1 0 0 1 0 1 1 0 
1 1 0 1 1 1 1 1 1 0 1 1 1 1 1 0 1 0 1 1 0 1 0 0 1 1 1 1 0 0 1 1 1 1 1 0 0 0 1 0 0 0 1 0 0 0 0 1 0 1 0 1 0 1 1 1 0 0 0 0 0 1 1 1 1 0 1 1 1 0 
1 1 0 1 1 0 1 1 1 0 1 0 1 1 1 0 1 1 0 1 1 0 1 0 1 0 1 0 1 0 0 1 1 0 0 1 1 1 0 0 1 1 0 0 1 1 0 0 0 0 1 1 0 0 0 1 0 1 1 0 1 1 1 0 0 1 1 1 0 0 
1 0 1 0 0 0 1 1 0 0 1 0 1 0 0 1 1 1 0 1 1 1 0 0 0 0 1 1 1 1 1 1 1 1 1 0 1 0 1 0 0 0 0 0 0 0 1 0 1 0 1 0 1 1 0 1 0 1 1 1 1 0 0 0 1 1 0 1 0 1 
1 0 0 1 0 0 1 0 0 1 0 1 1 1 1 0 1 1 1 0 0 0 0 1 1 0 0 1 1 0 1 0 1 1 1 1 1 0 1 0 1 1 1 1 1 0 1 0 1 0 0 0 1 0 1 0 0 1 1 1 0 0 1 1 1 0 0 1 1 0 
1 0 1 0 1 0 1 0 0 0 1 0 0 0 1 1 0 1 1 1 1 1 0 0 0 1 1 0 0 0 0 1 0 0 0 0 0 1 0 1 1 1 1 0 1 0 1 1 0 0 1 1 1 1 1 1 0 0 0 1 0 0 0 1 0 0 1 1 1 1 
0 1 1 1 1 0 0 0 0 0 1 1 1 0 0 0 0 0 1 0 1 1 0 0 0 1 0 1 0 0 1 0 1 0 1 0 0 1 0 0 1 1 1 0 0 1 1 0 0 0 0 1 1 0 1 0 1 0 1 1 0 0 1 1 0 1 1 1 0 1 
1 0 1 1 0 1 0 1 1 0 1 1 0 1 1 1 1 1 1 0 0 1 1 0 0 1 1 1 0 1 1 0 1 0 1 0 1 1 1 0 0 1 1 0 0 0 1 1 1 1 1 0 0 0 0 1 0 1 0 0 0 1 0 0 1 1 0 0 1 1 
0 1 0 1 1 0 0 0 1 1 1 1 1 0 1 1 1 1 0 1 0 1 1 0 1 0 0 1 1 1 0 1 0 1 1 1 1 1 1 1 0 1 0 0 1 1 1 0 1 0 1 1 1 0 1 0 1 1 1 0 0 1 1 0 0 0 1 0 1 1 
1 0 0 1 0 1 0 1 1 1 1 0 0 0 1 0 0 0 1 1 0 0 1 1 0 1 0 0 1 1 1 0 1 1 1 1 0 0 1 1 1 0 1 0 1 0 0 1 0 1 1 0 1 0 0 0 1 0 0 1 1 1 1 1 0 1 0 0 1 1 
1 0 0 0 0 1 1 0 0 1 0 1 0 1 1 0 1 1 0 1 0 1 0 1 0 0 0 1 0 1 0 1 0 0 0 0 1 1 1 0 0 1 1 0 0 1 0 0 0 0 1 0 0 0 1 0 0 0 1 1 1 0 0 1 0 0 0 0 1 1 
0 0 0 1 0 0 0 1 0 0 1 0 0 1 0 0 0 0 0 1 1 1 1 0 1 0 0 1 0 0 0 0 0 0 1 0 0 0 1 1 0 1 1 1 0 1 1 0 1 1 0 1 0 1 1 1 1 1 0 1 1 0 1 1 0 1 0 1 1 1 
0 1 0 1 0 1 0 1 1 1 0 1 0 1 1 1 0 0 1 1 0 0 1 1 0 0 0 0 1 1 1 1 1 0 0 1 1 0 1 0 1 1 0 0 0 1 1 1 1 0 0 1 1 1 1 1 1 1 1 0 1 0 1 0 0 1 1 1 1 0 
0 1 0 0 1 0 1 0 1 0 1 1 0 0 1 1 1 0 0 0 1 1 0 0 1 1 0 1 0 1 1 0 0 1 0 1 0 1 0 1 0 1 1 0 1 0 1 0 0 1 0 1 1 0 0 0 1 0 1 0 1 1 0 0 0 1 1 0 0 1 
0 0 0 1 0 1 1 1 1 1 1 1 1 0 0 1 0 1 1 0 1 0 1 0 0 1 1 0 0 1 1 0 0 0 1 0 1 0 0 1 1 1 0 0 1 0 1 1 0 0 1 1 1 0 1 1 0 0 1 0 0 1 0 0 1 1 0 0 1 0 
1 0 1 0 1 0 0 0 0 0 1 1 0 0 0 1 1 0 0 1 0 0 0 0 0 1 1 0 1 0 1 1 0 0 1 1 1 1 0 1 0 1 0 0 1 0 1 0 0 1 1 0 1 1 0 1 0 1 0 0 1 1 1 0 1 0 1 0 1 1 
1 1 0 0 1 1 0 1 0 1 0 1 1 0 1 0 1 1 1 1 1 1 0 0 1 0 0 0 0 0 0 0 1 0 0 1 0 0 0 0 1 0 1 1 0 0 1 0 0 0 1 1 1 0 0 0 0 0 1 0 0 1 0 0 1 0 1 1 1 1 
1 0 1 1 1 0 1 0 0 1 1 1 1 0 1 1 1 1 1 0 0 0 1 0 0 0 1 1 0 0 0 1 0 1 0 0 1 0 0 1 1 1 1 0 0 0 1 1 0 1 1 0 1 0 0 1 0 1 0 0 1 0 0 0 1 0 0 1 0 0 
0 0 0 1 0 0 0 0 1 0 1 0 0 0 0 0 1 0 0 1 1 1 1 1 1 0 1 1 1 0 0 0 0 0 1 0 0 1 0 1 1 1 1 1 1 1 0 0 1 0 1 0 1 0 1 1 1 1 0 0 1 0 0 1 0 0 1 0 1 0 
1 1 1 0 0 1 1 0 1 1 0 1 1 0 1 1 1 0 0 1 1 1 0 1 0 0 1 1 1 1 1 0 0 1 1 0 0 0 1 1 1 1 0 1 1 0 0 0 0 0 0 1 1 0 1 1 0 0 0 1 1 0 0 1 1 1 0 1 1 1 
0 1 0 1 0 0 1 0 0 1 0 0 1 1 0 0 0 1 0 0 0 0 0 0 1 1 1 1 0 1 0 1 0 1 0 0 1 1 0 1 0 0 0 1 1 0 1 1 1 0 1 0 0 0 0 1 1 0 1 0 1 1 1 1 0 1 1 1 0 1 
1 0 1 1 0 0 1 1 1 1 1 0 1 1 0 1 1 0 1 0 0 0 1 1 1 0 0 0 1 0 1 0 0 0 1 0 0 1 0 1 0 1 0 1 1 0 0 0 0 0 0 0 0 1 1 0 1 1 0 1 1 0 1 0 0 1 0 1 0 0 
