66 70 4066
22 53 10 80 88 96 90 45 48 35 52 84 92 10 100 7 37 20 67 76 70 20 27 15 64 98 90 92 91 50 30 64 54 39 43 42 86 85 38 85 71 90 68 62 99 20 20 88 39 86 63 8 5 41 74 20 38 15 64 28 64 93 43 18 83 37 11 69 73 48 
5 43 37 73 56 88 92 75 75 82 13 37 89 69 77 14 41 66 28 4 45 43 48 87 60 30 23 70 50 96 70 55 90 6 79 46 45 70 72 19 3 36 7 43 5 35 56 97 100 35 100 44 77 99 30 89 28 5 10 30 52 79 84 41 37 62 86 81 83 10 
100 85 45 58 79 1 93 34 97 92 68 48 88 44 46 69 84 26 73 94 55 24 24 90 17 60 3 54 93 85 63 44 21 8 1 99 8 93 84 57 37 51 4 76 46 50 44 82 27 69 75 33 92 98 22 60 10 76 14 2 12 76 45 32 35 97 82 43 90 65 
99 78 67 54 5 64 55 48 45 81 16 71 65 60 21 38 19 82 13 32 83 24 8 79 7 94 75 88 36 16 4 86 45 22 92 49 38 46 97 34 79 64 5 43 23 77 33 94 58 45 25 92 69 84 70 27 78 44 15 65 60 70 3 4 44 94 5 81 91 1 
14 69 16 70 64 91 46 96 84 55 92 60 46 12 96 15 39 25 11 5 89 22 26 43 77 69 88 81 49 79 33 15 99 49 84 14 39 82 61 74 88 53 33 34 16 80 100 54 4 62 10 45 83 36 87 60 4 75 40 5 5 73 19 55 21 54 69 11 87 81 
84 75 85 68 60 1 48 59 6 3 21 16 47 55 3 34 14 58 60 54 14 16 26 84 70 98 38 90 60 76 71 43 50 55 62 61 7 61 20 13 64 92 80 10 46 34 95 12 91 6 65 5 21 42 88 91 91 77 80 50 53 2 44 54 9 5 15 15 18 86 
79 81 29 10 42 74 43 37 85 86 42 1 42 63 42 81 5 84 58 36 33 62 38 76 15 98 33 81 12 50 66 43 30 94 4 71 20 99 59 56 84 1 57 77 15 50 57 71 34 66 6 18 27 95 94 94 92 26 26 56 27 92 50 56 37 53 78 56 51 37 
64 86 89 72 62 55 21 71 25 6 36 82 24 15 77 69 60 20 46 85 75 72 76 24 79 65 29 56 72 79 44 35 17 84 6 78 90 79 48 66 36 36 48 11 50 76 79 9 95 76 45 22 47 73 97 77 37 77 85 8 56 28 95 24 64 100 1 53 78 1 
19 14 88 18 24 89 93 55 49 39 30 93 12 29 65 61 57 1 37 41 61 44 21 55 67 84 6 20 88 84 72 58 49 59 75 24 47 19 30 95 10 12 87 21 40 4 33 48 56 70 89 16 13 9 22 80 92 28 51 31 11 22 89 11 80 15 86 78 34 16 
24 95 27 62 15 18 65 100 65 21 69 53 88 33 61 10 12 4 37 62 87 99 35 75 9 14 89 94 43 74 61 66 68 87 28 35 4 92 34 69 64 2 73 52 34 86 61 98 89 97 11 27 95 46 1 55 11 42 100 54 15 61 19 83 47 46 69 3 90 2 
23 53 55 95 56 40 80 16 89 21 64 100 47 10 97 48 64 59 41 16 12 55 76 83 89 74 80 57 28 69 10 50 74 64 45 29 56 24 97 44 44 60 95 43 22 91 42 85 50 82 52 13 36 79 95 77 5 75 85 32 95 95 82 20 10 26 1 65 1 97 
9 97 8 3 39 29 94 80 66 95 61 17 7 48 96 54 76 100 80 61 31 74 55 64 46 64 89 46 29 90 42 89 86 1 91 24 30 36 55 95 82 15 63 89 14 58 94 90 9 73 50 92 98 56 55 43 71 96 88 99 85 81 39 22 82 30 97 11 17 51 
57 99 17 19 39 82 29 32 71 89 4 20 80 53 27 87 96 98 34 35 48 70 16 87 91 97 68 39 59 84 41 15 82 57 85 20 38 13 3 61 2 58 32 33 11 59 71 6 56 4 40 3 73 7 41 63 3 8 53 13 92 93 79 73 49 64 45 39 76 47 
99 77 5 30 62 15 40 32 72 95 36 63 50 8 70 90 23 24 98 75 37 89 68 15 13 68 78 9 58 6 56 8 34 12 90 95 78 29 79 49 76 14 11 77 73 32 66 47 56 15 74 92 55 93 58 20 12 88 28 70 93 83 29 26 46 18 73 23 99 51 
71 26 16 34 2 88 65 19 87 20 86 60 63 40 52 73 59 63 60 87 84 52 21 65 29 19 82 1 41 32 51 64 57 66 49 10 6 13 81 92 85 66 3 99 5 6 71 16 68 30 54 4 33 26 68 62 44 1 62 85 85 65 48 41 30 48 3 87 60 83 
78 96 48 32 95 4 37 17 71 57 99 24 60 31 50 79 92 93 31 6 29 15 70 28 8 51 75 10 38 87 44 67 82 43 99 28 46 35 45 17 43 95 92 54 25 41 32 69 86 15 74 14 29 43 42 36 93 16 97 82 2 40 49 36 34 47 63 32 33 59 
100 76 53 91 29 30 84 13 98 69 27 71 34 7 65 75 43 57 43 91 39 96 83 39 31 16 37 46 47 69 56 46 96 61 89 77 42 72 89 39 40 67 61 73 73 25 100 67 33 42 58 23 89 92 61 72 7 97 69 6 18 76 3 65 36 91 41 29 62 81 
67 1 47 27 26 72 51 25 38 36 18 47 58 58 38 19 29 45 67 97 2 36 73 4 1 60 95 41 89 56 22 7 9 20 34 34 91 36 10 81 71 79 27 81 36 17 51 65 13 17 13 14 53 37 17 5 49 11 45 89 19 18 95 27 90 80 12 32 68 21 
12 90 99 91 70 34 7 20 50 19 89 63 84 93 99 100 97 99 63 93 87 81 11 34 59 100 13 70 31 80 90 95 22 40 85 91 25 43 11 75 13 51 37 96 43 87 47 91 86 9 83 24 41 93 57 51 44 22 20 27 53 61 73 74 100 9 65 25 51 27 
51 15 77 87 10 71 25 8 61 62 69 43 86 9 88 94 12 83 15 31 61 68 92 33 41 43 41 57 19 91 83 69 57 11 7 18 81 84 26 93 45 94 88 82 54 75 28 65 9 42 48 70 61 91 2 54 85 43 10 4 85 45 24 42 55 83 59 88 66 36 
80 10 29 67 44 35 93 71 51 2 64 98 71 25 88 24 78 73 18 39 28 3 83 51 96 38 85 6 25 50 42 56 12 22 23 55 8 15 77 59 68 92 56 90 16 96 14 45 68 83 36 47 37 18 49 32 7 34 90 83 83 83 39 94 4 13 100 12 79 28 
70 47 20 77 88 87 72 53 84 91 36 19 37 72 36 38 4 95 71 45 77 53 27 15 99 30 79 50 93 58 78 14 56 49 91 43 35 14 96 18 5 31 36 93 2 24 30 57 18 100 1 46 5 27 13 55 9 91 4 1 48 33 15 3 81 57 98 16 70 93 
85 26 23 73 71 76 48 100 85 17 52 85 62 8 64 74 62 72 65 17 24 64 50 90 19 30 46 16 97 68 60 34 45 34 6 15 9 53 67 93 21 18 30 82 25 93 8 86 16 24 2 39 87 3 81 57 85 78 24 33 97 83 66 42 16 23 56 77 75 22 
21 47 91 50 29 15 94 36 52 61 59 6 52 97 8 32 54 92 9 29 77 6 12 42 99 27 65 6 55 91 80 76 38 70 25 18 37 71 53 40 31 63 45 82 11 5 65 64 48 74 45 24 31 56 66 29 34 82 86 89 72 65 64 61 87 40 78 23 62 82 
62 93 44 59 26 55 63 91 70 10 16 14 86 98 21 51 78 55 84 63 43 55 80 58 68 66 49 45 40 11 27 1 55 22 11 32 28 73 74 98 35 89 63 20 38 84 22 15 38 5 30 32 11 9 89 30 74 89 75 13 99 53 65 5 26 76 37 54 100 10 
51 34 51 65 5 88 48 78 3 37 34 84 68 97 92 8 26 65 97 100 29 95 4 93 52 30 20 88 83 20 97 85 5 99 49 62 87 49 39 41 85 25 24 5 21 15 12 46 31 8 46 59 55 1 3 6 30 23 45 64 94 93 100 50 92 1 11 78 49 2 
70 85 26 45 89 46 11 1 91 41 60 88 51 66 41 53 23 22 27 67 86 72 60 37 22 51 37 32 80 37 85 1 22 10 45 10 7 55 62 50 95 74 37 97 91 77 1 14 99 28 80 36 51 91 72 72 41 61 56 72 97 40 72 18 2 16 80 60 70 93 
9 16 18 46 12 9 74 13 22 24 92 53 11 94 44 35 66 84 95 73 8 91 64 79 61 65 47 92 77 16 84 85 84 2 82 47 10 8 11 83 31 54 35 42 48 78 76 13 14 22 37 21 12 100 99 72 17 45 63 93 13 99 77 48 52 59 94 13 66 5 
95 48 58 81 41 57 59 68 21 72 89 57 44 1 57 94 24 73 91 39 65 55 89 93 2 40 3 95 52 20 51 98 68 61 78 60 17 88 28 38 11 16 94 54 68 2 48 44 74 90 34 90 44 22 83 45 13 85 91 16 5 94 13 24 6 42 83 22 30 62 
11 40 30 57 46 97 58 45 92 84 34 77 73 77 98 7 73 10 44 15 77 100 60 89 23 65 31 57 39 12 19 49 51 48 57 96 96 67 40 40 50 25 16 74 53 66 81 25 27 76 92 4 75 3 92 49 68 74 57 6 85 75 6 36 74 15 83 22 81 75 
61 30 99 28 3 52 93 35 28 20 10 19 23 84 22 66 84 41 40 41 98 24 67 55 11 41 69 94 14 49 68 26 78 18 53 33 69 46 67 97 65 29 67 39 64 88 4 48 80 43 88 77 19 6 32 29 46 100 74 11 49 93 36 78 11 89 10 79 34 29 
27 50 57 94 88 72 33 91 19 13 86 58 41 4 64 72 84 61 24 10 72 24 2 7 53 64 47 15 95 32 43 21 81 51 14 20 22 99 63 93 11 100 50 51 3 65 75 38 26 98 47 49 73 1 7 25 64 54 39 10 37 33 31 18 83 96 89 57 94 3 
1 56 2 50 7 4 67 33 94 44 82 40 44 54 40 50 30 56 55 69 65 92 1 95 61 36 43 1 44 36 4 44 44 5 45 50 61 11 34 54 54 15 93 49 20 85 99 49 40 5 17 4 48 70 51 8 5 93 61 48 80 64 43 23 68 87 24 80 98 57 
33 3 23 78 52 42 62 2 91 53 6 59 56 6 28 6 65 84 50 25 83 30 88 25 52 8 12 28 87 61 36 72 63 59 49 66 100 62 67 90 14 25 1 21 30 28 79 94 12 28 71 46 57 58 71 61 17 34 40 4 94 75 75 56 33 23 74 33 36 40 
74 49 16 74 21 97 54 99 43 17 27 13 62 35 70 84 95 87 17 34 42 10 61 16 18 93 90 91 77 77 82 51 77 98 76 97 94 29 96 36 97 74 100 59 8 22 42 55 8 59 40 1 68 100 68 37 45 9 27 21 85 9 71 61 6 99 9 51 79 56 
39 76 29 38 34 89 59 27 43 18 85 34 18 5 86 37 41 30 45 20 50 29 28 73 41 85 71 50 87 49 5 25 24 86 15 9 74 73 36 68 43 72 1 12 28 38 49 21 67 45 40 17 74 67 89 66 3 11 67 89 11 24 14 87 9 80 47 34 4 82 
1 46 6 53 58 33 91 58 5 57 2 44 25 27 62 65 45 64 75 11 53 38 34 18 24 94 97 70 27 100 4 27 98 61 80 7 45 22 64 50 78 17 93 3 44 55 19 88 70 46 50 74 83 84 91 6 29 39 27 56 91 82 82 88 42 13 94 87 34 57 
36 64 25 80 18 20 86 36 7 56 81 9 29 63 44 72 20 72 10 99 27 100 80 61 39 22 25 32 60 59 40 47 74 65 26 91 84 12 26 43 19 59 51 99 21 46 70 93 17 32 91 96 83 22 8 22 43 32 53 54 42 45 100 15 9 26 5 44 89 83 
38 59 41 88 57 13 85 79 5 2 62 47 49 44 69 56 17 63 87 22 17 81 66 16 95 26 93 52 69 81 86 59 91 26 98 48 38 83 78 95 36 39 41 84 34 61 39 51 24 77 72 40 57 89 7 4 66 100 7 86 32 92 44 23 69 42 22 6 24 99 
52 59 89 45 94 22 5 84 24 28 60 47 19 69 35 26 24 100 77 30 86 8 73 29 82 41 22 3 98 45 53 50 55 41 94 48 63 50 31 86 30 43 33 48 11 19 73 86 71 49 67 56 9 39 36 90 79 58 93 76 54 45 77 9 38 22 56 100 72 39 
37 1 81 21 48 43 40 73 28 10 73 94 17 81 32 4 23 62 13 67 37 67 11 14 27 48 35 34 99 58 72 88 58 52 8 58 46 99 82 73 60 6 18 28 39 1 32 61 62 44 27 51 62 89 16 88 89 2 74 39 60 45 26 69 49 86 78 94 84 11 
19 96 17 88 23 55 89 54 67 2 50 93 52 11 33 19 51 21 21 24 60 32 20 37 52 68 22 82 14 58 92 84 53 60 71 75 66 59 81 32 61 30 76 64 92 9 35 42 81 55 17 92 38 37 81 89 56 2 70 69 11 14 52 63 73 75 90 91 33 70 
22 45 51 50 61 42 58 95 84 90 1 100 82 38 88 14 78 44 15 100 12 78 65 16 92 37 90 81 27 74 2 1 71 52 50 31 94 59 77 29 48 29 80 81 66 68 94 95 11 61 94 74 90 58 41 81 47 30 14 25 56 15 77 26 19 26 8 64 36 36 
92 36 64 23 16 81 42 62 75 4 74 21 78 63 30 18 43 28 100 56 53 55 23 81 32 41 59 91 4 94 26 47 29 89 21 97 21 63 10 47 66 83 67 95 97 49 65 91 76 16 47 80 22 21 61 53 13 19 95 68 64 20 66 93 60 86 89 80 100 98 
26 18 32 45 64 28 93 28 18 68 95 16 100 16 88 60 20 100 30 14 67 93 85 32 37 44 70 77 75 69 74 53 38 57 97 2 84 41 81 54 60 76 69 59 43 57 70 63 56 51 28 75 96 13 58 32 8 27 9 35 48 34 87 85 91 35 86 26 75 67 
79 86 94 100 45 36 56 66 50 63 17 78 89 12 42 47 43 1 25 3 35 72 37 73 9 79 7 94 4 33 12 83 19 57 82 63 93 89 80 94 3 96 71 92 59 64 38 54 65 62 56 51 86 44 24 94 22 30 39 26 63 3 60 33 59 93 95 3 33 26 
97 35 74 19 26 32 35 15 85 51 29 93 1 14 36 24 59 58 54 97 35 68 51 46 100 62 38 46 64 70 71 12 56 44 83 82 28 17 48 64 67 76 56 19 41 44 43 99 1 48 48 87 15 98 32 66 11 21 11 27 90 33 38 97 29 72 78 8 40 26 
71 58 53 79 77 94 22 19 92 74 66 91 60 32 89 91 97 51 63 59 77 4 43 15 100 23 38 30 30 78 7 1 35 59 79 11 52 100 81 96 25 98 86 84 29 26 26 77 77 88 87 53 91 30 19 42 52 57 71 82 34 77 34 20 36 64 83 39 15 63 
34 39 61 20 22 41 45 99 18 21 38 4 26 80 85 44 21 37 100 92 70 33 68 3 5 55 18 87 94 32 49 27 70 61 98 43 2 95 93 19 15 30 74 40 9 59 84 81 47 35 72 16 68 92 70 24 98 87 10 91 70 10 70 91 71 67 85 72 61 77 
42 28 58 15 19 18 25 54 98 71 89 70 38 8 13 7 31 10 45 92 53 14 1 74 4 71 40 88 94 53 16 35 32 73 2 2 90 78 56 88 49 96 9 86 55 73 45 85 34 89 76 86 55 28 59 10 99 51 50 92 55 65 79 38 90 80 39 31 57 46 
18 57 41 78 95 95 2 39 31 36 79 58 21 33 86 32 95 84 34 44 27 88 60 5 25 1 36 63 32 45 9 1 1 1 79 95 96 32 85 26 67 64 84 40 48 21 71 42 4 4 37 82 43 49 87 67 49 22 81 80 18 41 33 19 42 63 65 37 94 50 
14 61 65 49 100 12 69 22 54 24 25 90 6 67 38 92 85 39 65 65 70 83 6 2 53 47 64 69 35 58 18 100 70 82 49 69 94 69 90 99 93 66 40 98 84 30 41 20 68 57 84 37 91 41 39 43 39 54 12 25 63 81 25 32 15 25 100 60 93 41 
58 37 58 97 86 93 26 26 12 45 35 48 34 25 88 24 20 79 77 31 3 40 63 79 71 77 3 23 88 48 15 45 84 25 94 70 17 71 47 29 68 33 76 1 58 15 24 77 93 100 59 48 91 21 78 14 50 81 36 37 80 2 34 15 26 79 36 43 49 83 
23 16 67 98 68 24 64 91 52 9 43 10 56 33 83 33 46 84 65 33 20 96 35 5 11 12 83 46 54 84 80 28 51 47 77 19 22 41 9 74 49 51 83 56 36 65 40 81 48 57 66 20 52 100 76 62 63 59 60 69 42 39 96 92 37 73 10 59 13 71 
32 13 73 14 68 8 31 59 41 30 15 6 1 67 57 77 80 19 87 39 87 28 30 83 71 66 55 33 24 19 55 55 83 27 21 2 35 3 60 75 84 75 80 85 93 36 13 24 6 99 15 93 78 44 75 48 9 81 32 85 51 86 91 33 65 11 34 99 13 93 
25 49 19 56 33 63 43 97 39 48 95 53 40 72 48 66 71 8 98 55 92 48 92 83 80 56 45 65 54 10 58 30 58 28 85 42 43 27 38 81 75 32 85 14 55 32 32 77 39 29 31 83 77 23 65 8 78 61 73 84 70 82 13 79 9 98 20 3 76 57 
83 50 40 67 16 46 50 47 23 89 75 5 71 51 79 87 11 9 99 83 92 69 64 56 47 24 5 19 27 81 75 61 30 67 80 45 12 29 91 86 69 18 91 91 20 21 29 30 29 28 64 72 48 27 28 46 3 32 64 81 12 91 41 94 57 20 90 20 49 81 
6 69 50 48 60 69 68 88 51 49 15 14 20 62 93 47 60 95 31 23 75 42 65 67 87 21 87 77 93 87 9 50 55 58 97 14 78 16 54 28 64 68 94 84 82 86 82 93 80 12 15 6 6 32 72 92 52 10 68 96 96 28 45 3 85 41 68 15 9 21 
94 72 41 87 7 74 72 89 66 3 52 32 8 57 63 32 49 67 41 68 62 37 48 59 91 32 99 58 98 59 31 92 83 71 78 89 96 50 29 61 52 81 44 12 37 7 43 37 25 83 57 38 71 4 96 61 87 47 71 85 5 1 76 87 23 5 28 18 54 56 
78 58 88 73 21 25 31 63 13 55 97 69 93 20 72 88 80 11 86 2 95 91 2 22 29 24 78 56 41 84 64 70 41 51 43 13 27 25 75 40 80 23 60 24 42 32 11 74 94 97 75 88 39 29 61 67 4 38 75 97 21 38 66 13 40 60 25 67 85 51 
6 16 74 65 39 15 48 1 88 41 49 15 80 87 43 40 6 46 30 32 94 50 69 12 15 60 71 39 26 7 90 83 74 15 48 12 29 47 13 69 40 13 83 19 100 77 11 57 74 40 88 68 41 8 79 7 67 1 46 93 60 87 75 33 1 74 97 81 73 61 
49 12 73 83 30 72 11 92 80 85 83 67 4 24 26 34 82 93 86 27 37 45 65 63 30 17 89 26 98 61 86 98 72 10 81 53 82 91 45 13 27 79 32 82 2 57 15 36 1 53 62 89 97 79 52 78 95 92 55 44 52 92 42 75 2 22 79 35 64 75 
47 43 54 78 76 7 87 43 42 87 95 56 76 43 86 79 21 80 70 75 24 73 19 17 99 20 90 29 54 53 4 52 47 9 30 23 67 68 65 9 54 59 16 81 1 1 11 73 32 80 100 55 4 18 23 54 37 12 83 42 17 38 93 63 46 74 37 12 41 1 
72 95 11 87 27 64 87 38 88 19 69 87 25 73 4 48 26 92 59 60 33 75 97 26 90 42 99 26 6 92 79 77 86 41 64 64 56 2 1 44 20 70 30 97 94 86 44 71 77 54 31 62 81 27 39 22 21 89 47 26 80 77 2 17 18 65 81 25 67 33 
68 38 54 98 34 47 35 29 70 63 35 100 24 15 78 62 36 98 51 34 75 30 11 77 99 80 93 79 4 11 11 24 1 65 73 86 63 7 15 32 69 49 83 93 15 61 6 2 10 8 35 37 90 97 65 88 28 9 66 84 20 76 7 72 92 79 57 55 37 23 
38 5 23 21 49 37 33 55 90 94 62 25 30 51 73 94 38 53 3 55 36 74 83 94 45 74 24 53 80 60 76 18 64 98 38 65 87 22 19 76 15 32 52 97 35 25 42 72 77 96 79 64 69 61 9 65 86 32 70 66 91 45 35 6 94 24 70 80 45 40 
1 0 1 0 0 1 0 0 0 0 1 0 1 0 0 1 0 0 0 1 1 0 1 1 0 1 0 1 0 0 1 1 0 0 0 1 1 0 1 1 1 0 0 0 0 0 0 1 0 0 0 1 1 0 0 1 1 0 0 1 0 1 1 1 1 1 0 0 1 1 
0 0 1 0 1 0 0 1 1 1 1 1 0 0 1 1 1 0 1 0 0 0 1 1 1 1 0 1 1 1 0 1 0 1 1 1 1 0 0 0 1 1 0 1 0 1 0 1 0 0 1 0 0 1 1 1 0 1 0 1 0 0 1 0 1 0 1 1 0 1 
1 1 1 1 1 1 1 1 0 1 1 0 1 1 1 0 0 1 1 0 0 1 0 1 0 0 0 1 1 0 1 0 0 0 0 1 1 1 0 1 0 0 1 1 1 0 1 0 1 0 0 0 1 1 1 1 1 1 1 0 0 0 0 0 0 0 1 1 1 1 
0 1 1 0 0 1 0 1 1 0 1 1 0 1 0 1 0 1 1 1 1 1 1 0 1 1 0 0 0 0 1 1 1 1 1 0 0 1 1 1 1 1 0 1 0 1 1 0 0 0 0 0 1 1 0 0 1 0 0 1 0 1 0 0 0 1 0 0 1 1 
1 0 0 0 0 0 1 1 1 1 1 1 1 0 0 1 0 1 0 0 1 0 1 1 0 0 1 0 0 0 0 0 0 0 0 0 1 1 1 0 0 0 1 0 0 1 1 0 1 1 0 0 0 0 1 0 0 0 1 0 0 1 0 1 1 0 1 0 1 1 
0 0 1 1 0 0 1 1 0 0 1 1 0 1 1 1 1 1 0 0 1 0 1 0 1 1 0 1 1 0 0 0 0 1 1 0 1 0 1 0 0 0 1 0 1 0 0 1 1 0 1 0 0 1 0 0 0 1 1 1 1 1 1 1 0 1 1 0 1 0 
0 0 1 1 0 0 1 0 1 0 0 1 0 1 0 1 1 0 0 0 1 1 1 1 0 1 0 1 1 1 1 1 1 0 0 0 1 1 0 0 1 1 1 0 0 1 1 1 1 1 1 1 0 0 0 0 1 0 1 1 1 0 0 1 1 1 1 0 0 1 
0 0 0 0 0 0 1 1 1 1 0 0 0 0 0 0 0 0 0 1 1 1 1 1 0 0 0 1 0 1 1 1 1 1 1 1 0 0 0 1 1 0 0 1 0 0 1 0 0 1 1 1 1 0 1 1 1 1 1 1 0 0 0 1 1 1 0 1 0 0 
1 1 0 1 1 0 1 0 0 0 0 1 1 1 0 0 0 1 0 1 0 0 1 1 0 1 0 0 0 0 1 1 0 1 0 1 0 0 1 0 0 1 0 1 0 0 0 1 1 0 0 1 0 0 0 0 1 1 1 1 1 0 1 1 1 1 0 1 1 0 
0 1 1 0 1 0 0 1 1 1 1 1 0 1 1 1 0 0 0 1 0 1 1 1 1 0 0 1 0 0 1 0 1 1 0 0 1 0 1 0 1 0 1 1 0 1 0 0 1 0 1 1 0 0 0 1 0 1 0 0 1 0 0 0 1 0 1 0 0 0 
0 1 1 1 1 1 0 1 1 0 0 0 1 0 0 0 1 0 1 1 1 0 1 1 0 0 0 1 0 0 0 0 0 1 0 1 0 0 0 1 0 0 1 0 0 1 0 1 1 1 1 0 1 0 0 1 1 0 1 1 0 1 0 0 0 0 1 0 0 0 
1 1 0 0 1 1 1 1 0 0 0 1 1 1 0 1 0 1 1 1 0 1 0 0 0 0 0 1 0 1 1 1 0 0 1 1 1 0 0 1 1 0 1 0 1 1 1 1 0 0 1 0 1 1 1 1 0 1 1 0 0 0 0 0 0 1 1 1 0 1 
1 1 1 0 1 0 1 0 0 1 0 1 1 1 0 0 1 0 0 0 1 0 0 1 1 1 0 0 0 0 0 1 1 1 1 0 0 0 0 0 1 0 1 1 0 1 1 1 0 1 1 1 0 1 0 1 0 0 1 1 1 1 0 0 1 0 1 1 0 1 
1 0 0 0 1 0 1 0 1 1 0 0 0 0 1 0 1 0 1 0 1 0 0 1 0 1 1 1 0 0 1 1 0 1 1 1 1 0 1 0 0 1 0 0 1 1 1 0 1 0 1 0 0 1 0 0 0 1 0 0 1 1 1 1 0 0 0 1 0 0 
1 0 1 1 1 1 0 0 1 0 0 0 0 0 1 0 0 1 0 0 1 1 1 0 1 1 0 1 0 1 1 1 1 1 0 0 0 1 0 1 1 0 0 1 0 1 0 1 1 0 1 0 1 1 1 0 0 1 0 1 0 1 0 0 0 1 0 0 0 1 
0 1 1 0 0 0 1 0 1 0 0 0 1 0 1 0 0 0 1 0 1 0 0 1 0 0 0 0 1 0 1 1 1 1 1 0 1 0 0 0 1 1 0 0 1 0 0 1 0 1 0 1 1 0 0 1 0 1 0 1 1 1 0 1 0 1 1 1 0 1 
1 1 0 0 1 1 0 1 1 0 0 1 1 0 1 1 1 1 0 1 1 0 1 1 1 1 1 0 1 1 1 0 0 0 0 1 1 0 0 0 0 0 1 1 0 0 1 0 0 1 1 1 1 0 0 0 0 1 0 1 0 0 1 0 0 0 1 1 0 1 
0 1 0 1 0 0 0 1 0 0 1 0 1 0 0 1 1 0 1 1 1 1 1 1 0 1 1 1 1 1 1 1 0 1 0 1 1 0 0 0 0 1 0 1 0 0 1 1 1 0 0 0 1 0 1 1 1 0 1 0 0 0 1 0 1 0 1 0 0 0 
0 1 1 0 0 1 1 1 0 0 1 1 0 1 1 0 0 0 0 1 1 0 1 0 1 0 0 0 1 1 0 1 0 0 0 0 1 1 0 0 1 1 1 1 0 0 1 1 0 0 0 1 0 0 0 1 0 0 0 1 1 0 1 1 0 1 0 0 0 0 
0 1 1 1 0 0 1 0 1 1 0 1 1 0 1 1 0 0 1 0 1 1 0 0 0 1 1 0 1 1 0 1 0 0 0 1 0 1 1 1 0 1 0 1 1 0 0 1 0 0 1 1 1 0 0 1 1 1 0 0 1 0 1 1 0 1 0 0 0 1 
1 0 0 0 0 0 0 0 1 0 0 1 1 1 1 1 1 0 1 1 0 0 1 1 1 0 0 0 0 0 1 0 0 0 0 0 0 0 1 1 0 1 0 1 1 1 1 0 1 0 1 1 0 0 0 1 0 0 1 1 0 1 1 1 1 1 1 1 1 0 
0 1 0 1 0 1 0 1 1 0 1 0 1 1 0 0 1 1 0 0 0 1 1 1 0 0 0 1 1 1 0 0 0 0 1 0 1 1 0 0 1 1 0 1 1 0 1 0 1 1 0 1 0 0 0 0 0 0 0 0 1 0 0 1 0 1 0 1 0 0 
1 0 1 1 1 0 1 0 0 1 1 1 0 0 1 1 0 1 1 0 1 1 0 1 0 0 0 0 1 1 0 0 1 0 1 0 0 1 0 1 0 1 0 0 1 1 1 0 0 1 0 0 0 1 1 0 1 0 1 1 1 1 1 0 1 1 0 0 0 0 
1 0 1 1 0 1 0 0 1 0 1 1 0 1 0 0 1 0 0 0 1 1 0 0 1 1 1 1 1 1 1 0 1 0 1 0 1 1 0 0 0 1 0 0 0 0 0 1 0 0 0 1 1 0 0 0 1 1 1 1 1 0 1 0 1 1 0 0 0 0 
1 0 1 1 1 1 1 1 1 0 0 1 1 1 1 1 0 0 1 1 1 0 0 1 0 1 0 1 1 0 1 0 1 1 1 0 0 1 1 1 1 1 0 0 1 1 0 1 0 1 0 1 1 0 0 1 1 0 0 1 1 0 1 0 1 1 0 1 0 1 
1 1 1 1 1 0 1 1 1 1 0 1 0 1 0 1 1 1 1 1 0 0 1 0 0 0 1 0 0 1 0 1 0 1 0 1 1 1 1 0 0 1 1 1 1 1 0 0 1 1 1 1 0 1 1 0 1 0 1 1 1 1 0 1 0 1 1 1 0 0 
1 1 1 0 0 0 0 0 0 1 1 0 0 1 1 0 0 0 0 1 0 0 0 0 1 0 1 0 1 0 0 0 1 0 0 1 0 0 1 1 1 0 1 0 0 0 0 0 0 0 1 0 0 1 1 0 1 0 0 0 0 1 0 1 1 0 0 1 1 1 
0 0 0 1 0 0 1 0 0 0 1 1 0 1 0 1 1 1 0 0 1 0 1 1 0 0 1 0 1 0 0 0 1 0 1 1 0 1 0 0 1 1 1 1 0 1 1 0 0 1 0 1 1 1 0 1 1 1 0 0 0 0 0 1 0 0 0 0 1 0 
0 0 1 1 1 0 0 0 0 0 1 0 1 1 1 1 0 0 0 0 0 0 0 1 1 0 1 0 0 0 0 0 0 0 1 1 0 1 0 0 1 1 0 0 0 1 1 1 1 0 1 1 0 0 0 0 0 1 0 1 1 0 1 1 0 1 1 0 0 1 
0 0 0 0 0 1 1 0 0 0 0 1 0 0 1 0 0 0 0 0 1 1 1 0 1 1 1 0 0 0 1 0 0 1 1 0 0 0 0 0 1 0 0 1 1 1 1 1 1 1 0 0 1 1 1 0 0 0 0 0 0 1 1 0 0 0 1 1 0 1 
1 1 0 1 0 1 1 0 0 0 1 0 1 0 1 0 0 0 0 0 0 1 1 1 1 0 1 0 1 0 0 0 1 0 0 0 1 1 0 1 1 1 0 0 0 1 0 0 1 1 1 0 0 0 1 1 0 1 0 1 1 0 0 0 0 0 0 1 1 0 
0 0 0 0 1 0 0 1 0 1 0 1 1 0 0 1 0 0 0 0 0 1 0 0 1 0 0 0 1 1 0 1 1 0 0 0 0 0 0 1 1 0 0 1 1 0 0 1 1 0 1 1 1 1 1 0 1 1 0 0 0 1 1 1 1 1 0 0 1 0 
1 1 0 1 0 1 0 0 0 1 0 1 0 1 0 1 1 1 0 0 1 0 1 1 1 0 0 1 0 0 1 1 1 0 1 1 1 1 1 0 0 1 1 0 0 0 1 1 1 1 1 1 1 0 0 0 1 0 0 1 0 1 1 1 1 0 0 1 1 1 
1 1 0 0 1 0 0 0 0 0 1 1 1 0 0 1 0 1 1 0 0 0 0 1 1 1 1 0 0 0 1 1 1 0 0 0 0 0 0 0 0 1 0 1 1 0 0 0 1 0 0 1 0 0 1 1 0 0 1 0 1 1 0 0 1 0 1 1 0 1 
0 1 1 0 0 0 0 1 0 1 1 1 0 1 1 1 0 1 0 0 0 1 1 0 1 0 0 0 1 0 0 1 1 1 1 0 1 1 1 0 0 0 1 1 1 0 0 1 0 0 1 0 1 0 0 1 0 0 1 0 0 1 1 0 0 1 0 0 0 1 
0 1 1 1 0 0 1 0 1 1 1 1 1 0 1 1 1 0 1 1 0 0 0 1 0 1 0 0 1 1 1 1 0 0 0 0 0 1 0 1 1 1 0 0 0 0 0 1 0 1 0 0 1 1 1 1 0 0 1 1 1 0 0 1 0 0 1 0 1 1 
0 0 1 0 1 1 0 1 0 0 0 1 0 0 0 0 1 0 0 1 1 1 1 1 0 0 1 1 0 0 0 0 1 1 1 0 0 1 1 1 0 1 0 0 1 0 0 1 0 0 0 1 1 1 0 1 1 1 0 0 1 1 0 0 0 1 0 1 1 1 
0 1 1 0 1 0 0 0 1 0 0 1 1 0 1 1 1 0 0 0 0 1 1 1 0 1 0 0 0 1 0 0 0 1 0 0 1 0 0 1 0 0 0 1 0 1 0 0 0 0 0 0 0 1 1 0 0 0 0 1 1 0 1 0 1 0 0 1 0 0 
0 1 0 0 0 1 0 1 1 0 1 1 0 1 0 0 1 0 0 0 1 1 0 1 1 0 1 1 1 1 1 1 0 0 1 1 1 1 0 0 1 1 1 0 1 1 0 0 1 0 0 1 1 1 0 1 1 1 0 0 0 0 1 1 0 0 0 1 0 0 
1 1 1 0 1 0 1 1 1 0 1 1 1 1 0 1 0 1 0 0 1 1 0 0 0 0 1 0 1 1 0 0 0 1 0 0 0 1 1 1 0 1 0 1 0 1 1 0 0 1 0 0 0 1 0 0 1 1 0 1 0 0 1 1 0 0 1 0 1 0 
1 1 1 1 1 1 0 0 1 1 1 0 1 0 1 1 0 0 1 1 1 1 1 1 0 1 1 1 1 0 0 0 0 1 0 1 1 0 1 0 1 0 0 0 0 1 0 1 0 1 0 1 0 1 0 1 1 1 0 0 0 0 1 0 0 1 1 1 1 0 
1 1 0 0 1 1 1 1 0 1 0 0 1 1 1 1 0 0 1 0 1 1 1 0 1 1 1 0 0 0 0 1 1 0 1 1 1 1 0 1 0 1 1 1 0 1 1 0 1 0 0 0 1 1 0 0 0 1 0 0 0 0 0 1 0 1 0 0 0 1 
1 1 0 1 0 0 0 1 0 1 1 0 0 0 0 0 0 0 0 0 1 0 0 1 1 1 0 0 1 1 1 0 0 1 1 0 1 1 0 1 1 1 1 1 0 1 1 0 0 1 1 1 1 1 0 1 0 0 1 1 1 0 0 1 1 1 0 0 1 0 
1 0 1 0 1 1 0 0 0 0 0 1 1 1 0 1 0 1 1 1 0 1 1 0 0 0 0 0 0 1 0 1 1 0 0 0 1 0 0 1 0 0 0 1 0 1 0 0 0 1 0 0 0 1 1 1 0 1 1 0 0 0 0 1 0 0 1 1 0 1 
1 0 0 1 1 0 0 1 0 0 0 0 1 1 0 0 0 0 1 1 0 1 1 0 0 1 0 1 1 0 0 0 0 0 1 1 0 0 0 1 0 1 1 1 0 1 1 0 1 0 1 0 1 1 0 1 0 1 0 1 1 1 1 0 1 1 1 0 1 0 
1 1 1 0 1 1 0 0 1 1 1 0 1 0 1 0 0 0 1 0 1 0 1 1 0 1 0 0 1 1 0 0 0 1 0 1 0 0 0 1 0 1 1 1 1 1 1 1 1 0 0 0 1 1 1 1 0 1 1 1 0 1 1 1 0 0 0 0 0 0 
1 0 1 1 0 1 0 1 0 1 0 0 1 1 0 1 0 0 0 0 0 1 1 1 0 0 1 0 0 0 1 0 0 0 1 0 1 1 0 0 0 0 0 1 1 0 0 1 1 1 1 1 0 1 0 0 1 0 0 1 0 1 1 0 0 0 1 1 1 1 
1 1 1 0 1 0 0 1 1 1 0 1 0 0 0 1 0 1 1 1 0 1 0 0 1 0 0 0 0 0 1 1 1 0 1 0 0 0 0 0 1 0 1 0 1 1 1 1 0 0 0 0 1 1 0 0 1 1 1 1 1 0 1 0 1 0 1 1 0 1 
1 0 1 0 0 0 1 1 0 1 1 0 0 0 1 0 0 1 1 1 0 0 0 1 1 1 0 0 0 0 1 0 0 0 0 0 1 0 1 1 1 0 1 1 0 1 0 1 0 1 0 0 0 0 0 1 1 0 1 0 0 0 0 1 0 0 1 1 0 1 
0 0 1 0 1 0 1 1 1 1 1 1 1 1 0 1 0 1 1 1 1 0 1 1 1 1 0 0 1 0 1 1 0 1 1 0 1 0 1 0 1 0 1 1 1 1 0 1 1 0 0 0 0 1 0 1 1 0 1 0 0 1 1 1 0 1 1 1 1 0 
1 1 1 0 0 0 0 0 0 1 0 0 1 0 0 1 1 1 1 1 1 0 0 0 1 0 1 0 1 1 0 0 0 1 0 0 0 0 0 0 1 1 0 1 1 0 0 1 1 0 0 0 0 0 1 1 0 0 1 1 1 1 1 1 1 1 1 1 0 0 
1 1 1 1 0 0 0 1 1 1 1 1 0 1 1 1 0 1 1 1 0 1 0 1 0 1 1 0 0 1 0 1 0 1 1 1 1 1 0 1 0 1 0 0 0 0 1 0 1 1 1 0 0 1 1 0 1 0 0 1 1 0 1 0 1 0 1 1 1 1 
0 1 0 0 0 0 0 1 0 0 0 1 0 0 0 1 1 1 0 1 1 1 0 0 1 1 0 0 0 1 1 0 0 1 1 0 1 1 0 1 1 0 0 1 1 1 1 0 0 1 1 1 0 1 1 0 1 1 0 1 0 0 0 1 1 1 1 1 0 1 
0 0 0 1 1 1 0 0 1 0 1 0 0 0 0 1 0 1 1 0 0 1 0 0 0 0 1 0 1 0 1 1 0 1 0 1 0 0 0 1 1 1 0 1 1 0 0 1 1 1 0 1 1 0 0 1 0 1 1 1 1 1 1 1 0 1 1 1 0 1 
0 1 0 0 0 0 0 0 1 1 0 1 1 1 0 1 0 0 0 0 0 0 1 1 1 1 0 0 0 0 1 1 1 0 1 1 0 0 0 1 1 0 1 0 1 1 1 1 1 0 1 1 0 0 0 1 0 1 0 0 1 1 1 1 1 1 0 1 1 0 
1 0 0 0 1 1 1 0 1 0 0 0 0 0 1 0 0 1 1 0 1 1 1 1 0 1 0 0 0 1 1 1 1 1 1 0 1 0 1 0 1 1 0 1 0 1 1 0 0 1 0 0 0 1 1 0 0 1 0 1 0 1 0 1 1 0 0 0 0 1 
0 1 0 0 0 0 0 0 0 0 1 0 0 1 0 1 1 0 0 1 1 0 1 0 0 0 0 0 0 0 1 0 0 1 0 0 0 0 0 0 1 1 1 1 0 1 1 1 1 1 1 1 0 0 1 0 0 1 0 0 1 1 0 1 0 0 0 0 1 0 
1 0 0 0 1 0 1 0 0 0 0 1 1 0 1 0 0 1 1 0 1 1 1 1 0 1 1 0 0 0 1 1 0 1 1 0 1 0 0 1 0 0 0 0 0 1 0 0 0 0 0 1 1 1 0 1 1 0 0 1 0 1 0 1 0 1 1 1 1 1 
1 1 0 1 1 0 1 0 1 1 0 1 1 1 1 1 0 0 1 0 1 0 1 1 1 1 0 0 1 1 1 0 0 1 1 0 0 0 0 1 0 0 0 1 1 1 0 1 1 0 0 0 0 1 1 1 1 1 1 0 0 0 0 1 0 1 1 0 0 1 
1 0 1 1 1 0 1 1 1 0 1 1 1 1 1 0 0 0 0 1 0 0 0 0 1 0 1 0 0 1 1 1 1 0 0 0 0 1 0 0 0 1 1 1 1 0 1 1 0 1 1 0 0 1 0 1 1 0 0 1 1 1 0 1 0 0 1 0 0 1 
0 0 1 0 1 0 0 0 1 1 0 0 1 0 1 0 1 0 0 1 1 1 1 1 0 1 0 0 1 0 1 0 0 0 0 1 0 0 1 0 1 1 0 1 1 0 1 1 0 1 0 0 0 1 1 1 0 1 1 0 1 0 0 1 1 0 0 1 0 0 
1 0 1 0 1 1 0 0 0 0 1 0 0 1 0 0 0 0 1 1 0 1 0 0 0 1 0 1 0 1 1 0 1 0 0 0 1 0 0 1 0 1 0 1 0 0 1 1 0 0 0 1 1 0 1 0 1 0 1 0 1 0 0 0 0 0 0 0 0 0 
1 0 1 1 1 1 1 0 0 0 1 1 1 0 1 0 0 1 0 1 1 1 1 1 1 0 1 1 0 1 1 1 1 0 1 1 0 0 1 0 0 0 1 1 1 1 0 1 0 0 1 1 0 0 0 1 0 1 1 0 0 0 0 1 1 1 0 1 1 0 
1 0 0 1 1 1 0 1 1 0 0 0 1 0 0 1 1 1 0 0 1 0 1 1 1 0 0 0 1 0 0 0 0 0 1 1 0 1 1 1 1 1 1 0 1 1 1 0 0 1 1 0 1 0 1 1 0 0 1 1 0 1 1 0 1 1 1 1 0 0 
0 0 1 1 0 0 1 0 1 1 1 0 1 1 0 1 0 0 1 1 1 1 0 0 1 1 1 0 1 0 1 1 0 0 1 0 1 0 0 0 1 0 0 1 1 0 0 1 0 1 0 1 0 0 1 1 1 1 1 0 1 0 0 1 1 1 1 0 1 0 
0 0 0 0 1 1 0 1 0 0 0 0 1 0 0 0 1 1 1 1 0 0 1 0 1 0 1 1 0 0 1 0 0 1 0 0 0 0 1 0 0 0 0 1 0 0 0 0 1 1 1 1 0 0 1 1 1 0 0 1 0 1 0 1 0 0 1 0 1 0 
