59 50 460
60 25 45 30 88 33 86 99 18 60 95 61 69 51 1 24 94 86 81 38 75 53 31 71 6 18 27 97 1 18 8 12 42 52 41 81 36 27 31 53 38 25 65 58 27 65 81 73 51 13 
10 77 66 40 99 23 57 25 71 9 94 78 21 35 82 61 15 17 39 97 70 28 73 86 85 100 51 17 72 53 30 81 81 95 73 79 69 81 55 39 90 48 68 62 34 49 74 100 18 65 
96 87 92 68 72 29 19 74 45 90 78 74 23 58 20 47 88 40 27 42 30 68 41 98 81 74 98 55 73 15 71 68 53 14 88 77 42 6 50 39 48 80 64 70 89 36 16 77 75 94 
70 57 62 11 6 94 36 3 48 9 70 70 28 22 84 15 98 25 73 100 15 20 79 31 41 19 66 8 95 92 1 17 48 14 27 53 8 62 56 7 22 25 77 2 98 60 68 96 36 40 
95 3 59 25 33 99 43 98 58 90 89 59 6 37 72 84 41 31 97 48 38 19 72 14 72 70 25 39 17 60 79 63 62 89 87 46 40 81 43 97 70 84 7 75 72 31 10 12 61 7 
60 50 77 83 15 48 4 39 86 20 51 16 82 64 5 20 10 96 1 4 92 70 87 99 97 58 29 6 22 41 64 81 91 40 63 5 87 19 96 73 38 98 40 72 61 96 91 22 91 43 
26 35 13 64 85 61 22 65 18 43 5 82 75 47 21 89 4 60 7 99 84 97 96 23 68 8 19 10 30 9 53 7 95 17 70 79 77 43 43 46 37 100 27 63 46 100 52 1 59 58 
99 94 54 46 16 73 6 34 83 87 95 35 93 89 51 14 20 79 57 14 24 45 13 3 8 11 2 59 11 12 68 62 5 74 59 72 98 64 58 80 50 52 66 94 92 68 8 11 46 16 
25 70 60 89 72 19 99 25 29 62 88 97 23 92 22 81 15 19 97 72 51 98 23 16 92 67 84 51 29 81 66 5 2 77 94 73 96 44 49 76 5 36 72 79 79 45 12 94 64 8 
65 14 5 40 81 48 6 16 98 34 97 15 91 98 44 84 23 91 27 71 66 84 59 38 62 37 34 25 30 97 32 95 62 89 34 95 88 91 10 86 24 58 52 14 8 95 49 30 85 28 
52 51 11 10 40 24 47 73 49 76 22 32 22 35 72 7 29 60 97 91 97 73 100 100 38 7 95 87 88 79 14 40 81 76 1 20 51 99 45 99 27 66 83 48 100 6 55 81 17 51 
23 13 23 22 13 61 29 59 99 16 89 64 7 70 39 8 41 41 6 85 40 32 2 74 32 2 79 86 34 96 88 56 60 63 77 24 75 57 82 73 25 23 36 31 92 26 90 32 66 48 
69 57 31 70 82 62 23 61 99 56 8 87 63 19 1 40 43 75 96 76 99 20 98 86 3 41 11 92 25 28 91 93 37 22 14 18 83 37 30 82 44 37 20 7 8 20 46 2 46 93 
77 44 65 27 29 19 67 91 62 91 18 53 83 54 74 97 24 56 85 53 89 28 42 60 34 49 31 31 50 76 76 78 71 92 4 51 10 71 41 71 13 11 75 96 16 48 44 39 56 80 
92 44 7 85 4 93 33 34 75 34 62 2 11 32 45 67 35 6 37 75 77 49 37 3 96 53 51 91 91 6 70 34 1 29 18 56 73 2 42 99 35 3 53 98 86 97 64 20 3 52 
47 31 52 83 33 48 35 83 90 78 40 12 63 41 92 33 96 16 34 89 14 21 91 66 70 29 63 33 100 17 36 46 47 87 81 79 34 67 14 76 44 5 87 59 45 78 91 93 93 24 
81 58 96 24 76 65 4 90 49 3 6 84 1 52 71 81 82 56 99 47 31 43 52 69 53 48 98 43 40 42 18 73 100 14 48 27 78 51 16 27 5 21 62 57 24 32 89 57 40 88 
4 22 82 7 91 34 54 88 76 46 82 45 18 81 58 17 7 88 19 74 66 75 94 27 32 69 11 20 77 50 59 80 71 40 38 61 25 92 1 52 37 82 97 6 14 54 74 72 41 92 
45 6 66 90 85 49 10 95 21 86 96 79 18 66 71 55 79 95 98 31 47 86 64 95 91 77 48 64 100 41 7 96 98 25 37 82 73 98 28 93 83 23 24 52 41 94 59 19 40 56 
49 86 42 12 80 84 40 80 100 91 72 6 86 69 30 74 3 55 71 82 47 5 5 22 57 45 15 67 15 55 74 63 92 15 26 24 51 17 55 50 7 26 7 44 94 89 17 48 43 87 
30 41 91 86 63 99 30 29 65 44 83 39 58 27 5 35 2 55 51 56 56 57 81 63 100 26 51 68 74 45 54 55 85 44 40 99 43 21 28 59 64 62 97 73 40 2 7 41 56 57 
96 12 65 76 26 16 54 28 83 79 72 88 33 8 83 24 7 77 44 86 36 7 99 32 31 39 33 37 79 41 45 27 4 61 54 29 28 7 56 62 85 79 49 69 86 31 92 44 8 35 
81 43 93 80 26 23 70 59 11 100 51 55 26 54 67 80 82 94 38 89 55 75 67 55 43 4 86 87 100 45 73 80 39 66 11 64 40 80 74 3 32 24 57 9 77 76 88 10 69 78 
98 24 52 16 78 46 72 15 84 71 11 57 50 49 74 13 65 65 44 90 67 75 66 76 84 94 51 23 4 19 100 53 94 3 21 24 1 92 90 84 62 1 92 11 1 65 75 17 82 19 
7 48 93 72 23 76 65 25 51 20 44 50 25 89 5 45 12 5 36 54 40 97 54 32 59 6 48 34 23 81 52 81 29 96 4 3 24 20 28 74 40 23 75 64 11 79 60 75 35 95 
80 27 43 33 10 53 90 9 38 12 90 41 44 70 37 47 72 60 67 51 33 58 73 7 73 36 38 32 62 24 26 41 2 20 25 11 72 14 20 10 78 9 50 73 78 86 20 1 97 38 
52 81 95 76 88 19 63 77 50 24 52 27 16 54 46 92 64 17 58 35 78 35 95 28 7 24 65 78 25 62 15 28 42 61 3 81 79 66 9 28 41 61 54 9 66 51 100 81 20 57 
16 97 43 62 76 2 86 41 79 62 54 46 89 47 6 43 28 37 60 88 16 53 100 22 61 65 72 12 98 91 69 13 88 11 74 63 64 11 55 43 72 8 40 12 55 45 7 34 33 66 
73 49 70 73 70 30 89 41 42 86 84 62 50 23 24 76 37 88 86 92 82 10 51 21 21 57 17 27 42 50 45 15 98 14 39 19 96 27 11 89 65 94 50 14 16 25 89 5 12 27 
48 45 36 98 65 8 7 82 87 48 31 31 62 80 96 52 98 43 79 8 31 43 2 32 8 69 9 97 25 72 23 72 17 58 70 81 17 76 14 3 75 44 33 89 75 81 40 72 75 18 
32 6 12 85 89 20 53 49 68 30 21 90 1 37 99 22 69 15 97 83 18 24 78 2 12 53 34 51 76 9 69 7 66 32 91 6 51 96 55 18 25 75 59 25 63 9 47 31 24 95 
65 93 18 43 46 81 47 80 32 22 88 52 81 53 83 71 10 86 18 64 55 42 90 14 19 52 74 17 35 97 63 51 41 33 45 87 13 91 66 44 65 5 47 97 9 30 19 18 67 37 
82 21 30 23 86 100 27 60 68 13 8 31 63 49 15 60 35 27 50 52 23 66 56 69 14 64 50 33 33 16 69 14 89 50 89 74 50 15 85 17 27 93 99 41 41 13 100 27 92 2 
78 66 19 85 34 33 48 36 65 80 51 85 46 91 34 86 65 35 100 1 52 78 93 50 18 85 15 18 63 6 19 40 71 89 76 56 21 75 91 37 7 94 21 4 84 7 89 100 41 88 
1 44 65 45 46 34 82 60 3 44 17 73 36 87 62 11 94 82 86 37 71 44 82 43 47 65 49 35 17 42 74 69 85 90 65 82 23 46 41 26 42 57 98 77 95 11 39 89 93 76 
77 63 19 58 57 65 74 6 51 42 99 24 10 83 13 27 65 88 72 57 65 13 14 14 41 60 25 80 100 69 55 76 83 26 85 39 42 59 44 93 100 42 68 62 77 33 88 93 20 59 
49 36 24 14 49 64 26 73 95 25 41 2 53 23 27 37 62 68 95 57 12 47 99 80 8 27 12 95 19 83 5 19 18 28 85 66 44 10 91 90 34 31 91 38 54 17 75 67 37 69 
23 100 15 21 79 74 99 42 68 17 76 25 88 93 4 72 11 99 81 1 89 66 83 79 4 36 48 30 54 36 98 77 35 65 49 66 90 48 7 58 16 83 34 3 27 37 26 89 36 58 
89 24 24 72 54 79 59 1 8 13 88 57 89 23 73 89 88 63 36 46 72 52 80 5 6 59 93 32 47 28 89 36 51 64 59 57 94 69 9 1 81 97 10 21 19 82 10 58 96 97 
55 67 100 35 23 6 93 16 89 39 43 29 26 46 45 36 54 38 5 62 39 37 58 48 58 28 81 19 85 77 15 92 43 67 78 66 72 70 33 12 60 27 40 38 24 84 73 77 22 29 
39 12 66 96 11 75 24 91 45 60 67 59 51 10 77 28 27 48 49 11 11 61 37 51 98 61 86 22 37 59 51 27 70 16 23 80 42 98 71 86 57 89 96 60 98 73 39 76 72 40 
86 83 100 75 33 49 35 70 70 23 29 20 50 50 87 24 82 28 73 4 13 81 92 61 40 42 33 31 17 4 70 55 86 69 29 70 17 15 92 38 89 20 10 90 21 96 65 54 76 37 
57 40 18 1 100 9 42 84 39 10 88 8 16 73 28 96 95 96 10 86 34 51 57 43 40 77 90 5 83 17 93 39 57 10 91 8 19 32 92 57 94 79 17 9 3 96 5 97 92 66 
34 25 16 90 19 8 19 60 64 1 77 56 91 33 66 82 92 36 65 83 44 10 13 60 19 68 56 75 16 99 40 50 75 8 91 93 67 9 52 30 9 80 37 52 12 54 85 56 89 49 
90 33 59 3 44 29 22 51 55 37 49 46 38 23 53 29 15 71 37 19 52 98 98 89 49 62 94 85 17 35 33 58 19 43 12 62 23 33 65 77 22 13 23 59 36 27 39 2 50 28 
72 1 25 22 41 25 83 87 9 51 21 93 60 39 88 72 52 10 4 16 39 77 81 13 88 16 91 26 69 40 53 41 41 29 62 33 5 96 19 65 98 39 10 57 29 97 80 33 58 36 
100 48 12 80 60 99 95 51 77 16 90 81 56 82 62 69 15 66 16 85 83 65 76 92 73 56 40 53 88 97 88 88 45 99 19 4 50 66 6 26 81 96 58 88 29 19 8 95 85 75 
80 19 39 7 10 63 62 49 15 50 45 54 89 41 5 7 97 54 24 2 31 4 49 88 91 78 7 50 24 43 24 3 61 62 9 70 25 23 70 91 24 66 45 12 7 49 70 55 54 94 
56 36 49 57 23 92 86 81 41 9 23 65 64 35 78 24 56 54 46 25 45 69 43 41 32 49 41 2 55 46 47 10 81 95 18 55 86 3 36 79 12 58 95 75 45 72 98 100 78 44 
25 74 64 67 14 96 67 6 97 21 51 95 82 83 89 52 37 27 54 72 57 65 82 51 91 26 74 41 25 51 84 1 24 99 19 37 94 37 94 42 57 44 36 91 26 77 94 15 55 47 
86 11 64 67 61 54 44 34 94 69 85 29 69 8 28 40 97 21 76 42 63 85 38 98 27 63 26 20 77 80 66 15 90 29 81 50 35 25 36 28 45 72 9 65 31 36 4 27 8 80 
69 22 64 58 72 90 20 97 61 49 77 26 15 66 7 47 68 41 23 55 20 67 26 28 84 56 15 87 35 23 18 55 96 33 12 67 74 83 64 34 31 40 12 97 57 18 44 76 10 66 
30 29 85 55 9 68 11 23 6 45 97 76 99 93 8 10 11 82 92 74 67 75 65 78 23 22 47 66 97 56 84 27 85 68 33 45 87 43 19 92 39 68 19 37 60 27 98 70 60 42 
96 78 68 60 56 90 33 2 56 82 10 39 60 46 58 92 90 96 87 8 87 25 75 58 14 86 84 63 8 95 4 55 72 71 14 79 13 99 81 68 80 42 58 39 87 67 82 28 62 68 
87 100 45 62 57 58 99 40 72 58 86 76 12 58 98 78 36 10 76 68 29 7 9 38 97 47 4 78 74 65 98 61 17 42 74 73 51 24 65 22 82 50 49 45 7 99 22 95 60 49 
14 89 7 23 78 3 21 82 33 95 98 82 7 14 75 80 87 77 3 51 50 36 52 51 81 11 49 54 5 60 3 18 100 61 92 78 16 13 59 48 59 56 81 65 22 7 96 8 83 50 
10 32 86 13 82 18 23 82 71 79 94 25 49 93 86 40 70 1 4 80 100 14 88 80 30 9 86 77 68 20 27 29 3 64 41 37 81 64 18 3 94 11 28 42 56 13 34 25 65 37 
5 64 3 44 95 32 52 32 9 71 51 87 99 53 50 39 89 82 54 59 36 48 21 63 41 76 27 74 53 43 63 9 6 65 52 52 48 55 83 8 25 85 94 75 90 95 13 78 28 19 
88 64 18 61 78 58 36 57 84 40 99 46 48 57 62 51 8 9 5 91 69 81 27 62 55 16 9 20 46 36 38 33 51 7 45 81 64 33 37 47 72 87 44 20 43 5 70 3 66 27 
0 1 0 0 0 1 0 0 0 1 0 1 1 0 1 0 0 0 0 0 1 1 1 0 0 1 1 0 1 0 0 1 1 0 0 1 1 0 0 1 1 0 0 0 0 1 0 1 0 0 
1 1 0 0 1 0 0 0 0 1 0 0 1 1 1 1 1 0 1 1 0 0 1 0 0 1 0 1 0 0 1 0 1 1 0 0 0 0 1 0 0 1 1 1 1 0 0 0 0 1 
1 0 1 0 1 1 1 1 0 0 1 0 0 0 1 0 0 1 1 1 0 1 1 1 0 0 1 0 0 1 1 1 0 0 1 1 1 0 0 0 0 1 0 0 1 1 1 1 1 0 
1 1 1 0 0 1 0 1 1 0 0 0 1 0 0 0 1 1 0 1 1 1 0 1 1 1 1 0 1 0 0 0 1 1 0 1 0 0 0 1 0 0 1 1 1 1 1 0 1 1 
0 0 0 0 0 0 0 1 0 1 1 1 1 0 0 1 1 1 1 1 0 1 1 0 0 0 1 1 1 0 0 1 1 1 1 1 1 1 0 1 0 1 0 1 1 1 0 0 0 1 
1 0 0 0 0 0 1 0 1 0 0 0 1 1 1 0 0 0 0 0 1 0 1 0 0 0 1 0 0 1 0 1 1 0 0 0 1 1 0 0 1 0 0 0 0 1 0 0 1 0 
1 1 1 0 1 1 1 0 1 1 1 1 1 0 0 1 0 1 0 0 1 1 1 0 1 1 1 1 1 1 0 0 0 1 1 1 0 0 1 1 1 0 1 0 0 1 1 1 0 1 
1 1 0 0 1 1 1 1 1 1 0 1 1 0 0 0 1 0 0 0 1 0 0 0 0 0 1 0 1 1 1 1 1 0 1 0 1 1 1 0 0 1 1 1 1 1 0 0 1 0 
0 1 0 0 1 1 1 1 1 0 0 0 1 1 0 1 0 0 0 1 0 0 1 0 1 0 1 1 1 1 0 1 0 0 0 1 1 1 0 0 1 1 1 1 0 1 0 0 1 0 
0 0 0 1 0 1 1 1 1 0 0 1 0 0 1 0 0 1 1 0 1 0 1 0 1 0 0 1 0 1 1 0 1 1 1 1 1 1 1 0 1 1 1 1 0 0 1 0 1 0 
0 1 1 0 1 0 0 1 0 0 1 1 1 0 1 0 0 0 1 1 0 1 0 1 0 0 1 0 0 1 0 1 0 1 1 1 0 1 1 0 1 0 1 0 0 0 1 0 0 0 
1 0 1 0 1 0 0 1 0 1 0 0 0 0 0 1 1 0 0 0 0 1 0 1 0 1 0 1 1 0 1 1 1 1 1 0 1 1 1 1 0 1 1 0 1 1 1 1 1 1 
1 1 1 0 1 1 1 1 0 0 1 1 1 0 0 0 1 1 0 0 0 0 0 0 1 1 1 0 0 1 0 0 0 1 0 1 0 1 0 0 1 0 1 1 0 0 1 1 1 1 
0 0 0 0 0 1 1 1 1 0 0 1 0 1 0 0 0 0 1 1 0 0 1 0 1 1 0 1 1 1 0 1 1 0 1 1 1 0 1 1 0 1 0 0 0 1 0 1 1 1 
0 0 0 1 0 1 0 0 0 1 1 1 0 1 1 1 0 1 0 1 0 0 1 0 1 1 1 1 0 1 1 0 1 1 1 1 0 0 1 1 1 0 0 0 1 1 1 0 0 1 
1 0 0 0 1 1 0 0 0 0 1 1 1 0 0 0 1 1 0 0 0 0 1 0 0 0 1 1 0 0 1 0 0 1 0 1 0 0 0 0 1 1 0 0 0 0 0 1 1 1 
0 1 1 1 1 1 1 1 0 0 1 1 0 1 0 0 1 0 1 1 1 0 0 1 0 0 1 0 0 1 1 0 0 0 1 0 1 0 1 0 0 0 1 0 1 0 1 0 0 0 
1 1 0 0 0 0 0 0 0 0 1 0 0 1 0 1 1 0 0 0 0 0 0 1 1 0 1 0 0 0 0 0 1 0 0 0 0 0 0 0 1 1 0 1 0 1 1 0 1 1 
0 1 1 1 0 0 1 0 0 1 0 0 1 1 0 1 1 0 0 1 1 1 0 1 0 1 0 1 1 1 0 1 0 0 0 1 0 1 1 1 1 1 1 0 0 0 0 0 0 0 
1 1 1 0 1 1 1 1 1 0 1 1 1 1 1 0 0 0 1 1 1 0 0 0 1 1 0 1 1 1 1 0 0 0 0 1 1 1 1 0 1 0 0 1 1 1 1 0 1 0 
1 0 1 0 1 0 1 1 1 0 0 0 0 1 0 1 0 1 0 1 0 0 1 0 1 1 1 0 1 1 0 0 1 1 0 0 1 1 0 0 1 0 0 0 1 0 1 0 0 1 
1 0 1 1 0 0 0 1 0 1 0 1 1 0 0 0 0 0 1 0 0 1 1 1 1 0 1 0 0 1 1 0 1 1 1 1 1 1 1 0 0 1 1 1 1 1 1 0 1 1 
0 0 0 1 1 1 0 0 1 0 0 0 0 1 1 1 1 1 0 0 1 0 1 0 0 1 1 1 1 1 0 1 1 0 1 0 1 1 0 0 1 0 1 0 0 0 1 1 1 0 
1 0 0 0 0 0 1 0 0 0 1 0 0 0 1 1 0 0 0 0 1 1 1 0 1 1 0 1 0 0 1 1 0 1 1 1 0 1 1 0 1 0 0 1 0 1 0 0 0 0 
0 1 0 1 1 1 0 1 0 0 1 1 1 0 1 1 1 1 0 0 1 1 0 1 1 0 1 1 0 1 0 0 0 0 0 1 1 0 0 0 1 0 1 0 0 0 1 1 1 1 
1 0 1 1 0 0 1 1 1 1 0 1 1 0 1 1 1 1 0 1 1 1 1 0 1 1 1 1 0 0 0 1 1 1 0 1 1 1 0 1 0 0 0 0 0 0 1 1 1 1 
0 0 0 0 0 0 1 1 1 0 0 1 1 1 1 0 0 0 1 0 1 0 0 0 0 0 0 1 1 1 1 1 1 1 1 1 1 1 1 0 1 1 0 0 0 1 0 0 1 0 
0 1 0 0 1 0 0 1 1 1 0 0 0 1 0 0 0 1 1 1 0 0 0 0 0 0 1 1 0 0 1 0 1 1 0 0 1 0 1 0 1 1 1 0 0 1 0 1 0 1 
0 0 1 1 0 1 1 1 0 0 0 1 0 1 0 1 0 1 1 1 0 1 1 1 1 1 0 1 0 0 0 1 1 1 0 1 0 1 1 1 1 1 0 0 0 1 1 0 0 0 
0 0 1 1 1 0 0 1 1 1 0 1 0 1 0 0 0 1 1 1 0 1 0 0 1 1 1 0 1 0 0 1 0 0 0 0 0 1 1 0 0 1 1 0 0 0 0 1 1 1 
0 1 0 1 1 1 0 1 1 1 1 0 1 1 0 1 1 0 0 1 0 0 0 0 0 1 0 0 0 1 0 0 0 0 1 1 0 1 0 1 1 1 1 0 1 1 1 0 0 0 
1 0 0 0 0 1 1 0 1 1 1 1 1 1 0 1 1 0 0 1 1 1 1 1 1 0 0 1 0 0 1 0 1 1 0 1 0 1 0 0 0 1 1 1 1 1 0 0 1 1 
1 1 0 0 0 0 0 0 1 1 1 0 1 0 1 1 1 0 0 1 0 0 1 1 1 0 1 0 0 0 1 1 1 1 0 1 1 0 0 0 1 1 0 0 1 0 1 0 0 1 
0 0 1 1 1 1 1 0 1 1 1 0 0 0 1 0 0 1 1 0 1 0 1 0 1 0 0 0 0 0 0 0 0 1 1 1 0 0 0 1 1 1 1 0 1 1 0 1 0 1 
1 1 0 0 1 1 0 1 1 1 1 1 1 1 1 1 1 1 1 1 1 1 0 0 1 1 1 1 1 1 1 0 1 1 1 0 0 1 0 1 0 1 1 0 1 0 1 0 1 0 
1 0 1 1 1 0 0 0 0 1 0 1 0 1 0 1 1 0 0 1 1 1 1 0 1 0 0 0 0 0 0 1 0 0 0 1 0 0 0 0 0 0 1 0 1 1 1 0 1 1 
0 1 0 1 1 1 1 0 1 1 0 0 0 0 0 0 0 0 0 0 1 0 0 0 0 1 0 1 1 1 1 1 0 1 0 0 1 1 0 0 0 0 0 0 0 0 0 0 1 1 
0 0 1 0 0 0 1 0 1 1 0 0 0 0 0 1 0 1 0 0 1 1 0 0 1 1 0 0 1 1 1 0 1 0 0 0 0 0 0 0 1 0 0 1 1 0 0 1 1 1 
0 1 0 0 1 1 1 1 1 1 1 0 1 0 1 1 0 1 1 1 1 0 1 0 0 0 0 0 0 0 1 0 1 1 0 0 1 0 1 0 1 0 1 0 1 0 1 1 1 1 
0 1 1 0 1 1 0 1 0 0 1 1 0 0 1 1 0 0 1 0 0 0 0 1 0 1 1 1 1 1 0 1 0 0 1 1 1 0 0 1 0 0 1 1 0 0 0 1 0 1 
1 0 1 1 0 1 1 1 0 0 0 1 1 0 1 1 1 0 1 0 0 1 0 1 0 0 1 0 1 1 1 0 1 0 0 1 1 1 1 0 1 1 1 0 0 0 1 1 0 0 
1 0 0 1 1 0 0 0 1 1 1 0 0 1 1 0 0 0 1 1 0 0 1 1 0 1 1 0 0 0 0 0 0 0 1 0 1 1 0 0 1 0 0 1 1 1 1 1 0 0 
1 0 0 0 0 0 1 1 0 1 1 1 1 0 1 1 0 0 0 0 0 1 0 1 0 1 0 1 1 0 1 0 1 1 0 1 0 1 0 0 0 0 1 0 0 1 1 0 1 1 
0 0 1 1 1 1 0 1 1 1 0 0 1 1 0 1 0 0 0 0 0 1 0 0 1 0 1 0 0 0 1 1 0 0 0 1 0 0 1 1 0 1 1 1 0 1 1 0 1 1 
0 0 0 1 0 1 1 1 1 0 1 1 1 0 1 1 1 1 1 0 0 1 1 0 1 1 1 0 1 1 1 0 1 0 1 1 1 0 0 1 0 1 0 1 1 1 0 1 1 0 
1 1 1 1 1 0 0 1 0 0 0 0 0 1 0 1 0 1 1 0 0 0 1 0 1 1 0 0 0 1 0 1 0 1 0 0 0 1 1 0 1 1 0 1 0 0 0 0 0 1 
0 0 1 1 1 1 0 1 1 0 0 1 0 0 0 0 0 0 1 1 1 0 0 1 1 0 0 1 0 0 1 0 0 0 0 1 1 0 0 0 1 0 1 1 1 0 1 1 0 1 
1 1 1 1 1 1 0 1 0 0 1 1 1 1 0 1 1 1 1 1 0 0 0 1 1 1 1 1 0 0 0 1 1 1 1 0 0 1 1 1 1 0 0 0 0 0 1 1 0 1 
0 0 1 0 1 1 1 1 0 0 1 0 1 0 1 0 1 0 1 0 1 1 1 1 1 1 0 1 0 0 0 0 0 1 1 1 0 0 0 0 0 1 0 0 0 0 0 1 0 0 
1 1 1 0 0 0 1 0 1 1 0 1 0 0 1 1 0 1 1 0 0 0 0 0 0 0 0 0 1 0 0 0 1 1 1 0 0 0 0 1 0 1 1 0 1 0 1 1 1 0 
0 1 0 0 0 0 0 0 1 1 1 1 1 0 1 0 0 1 1 1 0 1 0 1 1 1 1 0 1 1 0 1 0 1 1 0 1 1 1 0 0 0 0 1 0 1 0 1 0 1 
0 0 0 0 0 1 1 1 1 0 0 1 1 1 0 0 1 0 1 0 0 1 0 0 1 1 1 1 0 1 0 0 0 0 0 0 1 1 1 0 0 0 1 1 1 0 0 0 0 1 
1 0 1 1 1 0 0 0 1 0 0 1 0 0 1 0 0 0 0 1 0 0 1 1 1 0 1 1 1 1 1 0 0 0 1 1 0 0 1 1 0 1 0 1 1 1 1 1 1 1 
1 1 1 0 0 1 1 0 0 0 1 1 0 1 1 1 0 1 1 0 0 0 1 0 1 1 1 0 0 0 0 1 1 1 0 0 0 1 0 1 1 1 0 1 1 0 0 1 1 0 
1 0 0 1 0 1 0 0 1 0 0 1 0 0 1 0 0 1 1 0 0 0 1 1 1 0 1 1 0 0 1 1 0 1 0 1 0 0 1 0 1 1 1 1 1 0 1 1 0 0 
1 0 0 1 1 1 1 0 0 1 1 0 1 1 1 1 0 0 0 1 0 1 1 1 0 0 0 1 0 0 1 1 0 1 0 0 0 0 0 0 1 1 0 0 1 0 0 1 0 0 
1 0 1 0 1 1 0 1 0 0 1 1 0 0 0 0 0 0 0 0 0 0 0 1 0 1 1 0 0 1 0 1 1 1 1 0 0 0 0 0 0 1 1 0 1 1 1 1 1 1 
0 0 1 0 1 0 1 0 0 1 1 1 1 0 0 0 0 1 0 0 1 1 0 1 1 1 0 0 1 0 0 1 0 1 1 1 1 0 1 0 1 0 1 0 0 1 1 0 0 1 
1 0 0 1 1 0 0 1 0 1 1 0 0 1 0 1 0 1 1 1 1 1 1 0 1 1 0 0 0 0 0 1 0 0 0 1 0 0 1 1 0 0 1 0 0 1 0 0 1 1 
