54 66 1986
60 52 26 42 55 66 99 18 54 24 7 92 4 84 93 83 22 1 11 9 77 53 54 17 13 50 26 2 58 20 51 69 71 76 10 77 93 60 94 98 84 52 42 87 87 34 21 61 86 31 69 14 36 23 30 48 24 7 49 33 26 99 2 48 26 63 
24 71 23 70 68 58 73 61 96 60 46 16 20 83 99 40 96 34 14 77 81 38 83 81 70 60 31 23 7 56 86 83 78 60 52 98 17 76 58 12 35 56 79 6 38 77 46 34 62 59 10 94 48 45 74 18 4 4 92 63 12 77 45 89 36 48 
86 4 23 96 67 10 51 46 15 88 74 12 73 36 71 35 81 70 79 55 87 34 10 31 96 73 7 92 14 95 91 51 50 14 98 17 75 48 14 89 88 39 1 12 26 23 46 7 44 76 13 31 10 74 61 57 47 19 1 12 65 91 62 15 56 60 
83 30 59 48 71 98 86 23 10 12 45 7 70 40 83 82 70 44 55 82 52 53 53 4 64 17 95 78 83 2 89 65 32 99 12 2 97 50 76 58 61 20 64 82 59 98 63 81 93 69 14 45 22 18 48 37 87 94 14 69 96 2 86 79 53 49 
32 1 98 7 58 10 78 73 91 88 23 5 20 15 74 86 11 95 55 11 31 41 4 97 62 51 50 99 81 2 47 64 2 97 70 11 58 99 36 1 39 58 5 58 72 30 95 35 76 50 45 59 42 100 55 3 51 56 53 83 58 52 47 11 48 68 
74 57 67 9 57 57 66 14 14 89 43 61 23 19 10 67 77 3 67 83 58 69 38 10 3 47 61 49 58 60 69 31 69 87 91 25 43 56 90 8 44 85 68 19 3 29 37 31 32 55 65 89 75 54 50 78 1 63 78 10 22 46 92 90 84 82 
67 26 37 56 86 32 40 53 2 94 34 39 76 17 45 92 57 20 46 6 97 98 68 74 7 42 72 50 83 55 31 49 33 19 57 18 2 48 22 4 94 7 94 21 23 38 65 79 57 10 37 5 7 56 31 65 97 54 14 32 8 96 80 92 14 88 
61 67 88 35 22 33 41 15 53 16 5 17 46 13 78 82 18 36 90 48 100 86 1 65 69 60 60 1 4 25 88 64 92 27 98 13 59 91 80 12 6 36 80 51 48 58 33 65 45 22 64 45 59 16 61 28 28 21 28 31 97 67 46 40 94 44 
5 52 86 36 15 91 71 95 41 18 4 73 35 48 46 98 44 57 66 5 36 93 77 15 23 73 33 20 65 26 15 69 30 100 4 44 90 74 90 31 91 93 55 25 93 1 75 36 9 40 92 44 84 68 10 6 93 42 77 57 68 92 25 49 91 28 
92 81 53 34 11 95 26 17 72 70 17 46 6 77 37 97 72 20 17 81 77 9 23 53 65 42 96 41 90 87 20 33 19 72 66 29 18 44 97 89 13 14 86 70 42 74 67 14 93 83 94 21 43 68 26 59 61 21 99 2 59 70 35 77 93 52 
57 10 95 54 99 8 19 36 29 60 10 95 25 54 29 71 75 23 38 52 81 51 72 31 52 83 100 86 59 92 38 16 2 84 21 52 43 39 87 72 50 96 66 75 2 47 45 76 69 34 79 2 84 2 32 36 84 32 73 43 23 62 10 76 46 82 
27 88 20 66 59 21 13 77 95 14 23 91 41 43 25 19 44 8 21 76 95 4 59 68 98 33 29 59 9 26 40 87 14 11 52 72 32 17 48 26 30 22 17 71 17 93 41 60 52 61 87 47 17 97 66 66 30 46 25 90 72 16 76 85 27 80 
8 58 48 8 35 77 29 3 99 45 95 92 57 47 52 95 45 20 44 62 86 73 7 62 14 30 29 89 66 55 20 74 64 67 81 51 96 61 53 46 58 100 37 66 98 41 12 94 12 55 55 49 79 13 10 92 43 39 33 8 45 4 33 61 71 13 
11 18 26 63 15 83 14 52 100 11 44 11 4 55 66 10 56 96 23 65 88 65 55 72 24 52 75 57 12 97 21 22 14 46 36 81 80 50 32 79 12 27 42 68 33 7 77 88 54 51 5 41 67 11 64 91 62 39 99 73 35 19 46 1 17 82 
81 96 83 64 27 46 42 68 13 74 74 42 14 79 92 18 72 59 28 35 1 42 73 99 66 60 17 12 60 85 45 92 81 27 7 7 72 48 74 37 73 99 78 86 77 21 55 48 31 83 35 31 76 7 81 41 18 50 52 29 34 48 20 14 74 78 
72 98 25 97 86 98 95 15 35 24 35 90 23 66 72 57 48 99 64 81 39 33 30 43 62 63 90 81 29 16 59 100 13 35 97 98 84 43 12 19 66 98 8 41 15 31 97 15 29 12 95 67 45 24 9 6 38 51 38 18 66 48 18 78 83 66 
27 66 60 90 84 78 39 91 18 6 21 14 20 1 78 14 68 22 89 28 27 78 78 16 96 95 64 65 24 46 82 50 63 41 91 47 18 82 89 35 87 62 1 6 62 78 71 81 51 11 61 29 88 90 44 83 85 7 99 8 4 80 10 67 21 52 
65 90 33 5 77 19 66 77 76 28 6 46 60 56 56 20 36 96 10 79 30 94 38 29 1 93 8 62 11 80 14 75 70 46 80 46 65 97 74 92 76 31 38 36 38 45 55 73 40 16 3 22 61 40 50 62 85 57 75 95 37 88 70 58 34 1 
55 50 97 28 41 73 58 30 60 47 27 66 19 66 82 21 87 94 13 88 55 97 45 30 91 33 69 12 42 2 12 96 3 61 75 44 85 84 25 44 30 51 61 48 69 94 20 7 88 32 95 94 80 91 75 71 75 44 82 16 97 46 63 100 58 37 
43 42 20 67 37 49 18 49 48 38 43 67 44 30 99 38 75 30 28 50 100 54 45 34 69 41 31 31 40 88 67 34 29 38 1 17 86 70 65 33 7 7 100 50 88 50 40 15 31 19 16 31 73 60 16 93 100 46 76 92 33 94 25 13 32 77 
29 17 46 93 2 4 52 53 6 91 54 45 5 84 15 20 66 87 31 81 80 31 26 55 22 58 48 98 22 31 75 50 100 20 95 1 76 98 5 81 40 58 77 45 93 91 16 59 78 47 39 9 29 17 15 2 74 14 99 48 45 73 97 44 45 43 
96 20 40 52 52 80 9 28 76 53 18 43 11 47 41 2 7 21 18 21 74 43 87 73 90 83 97 39 78 93 81 73 64 73 24 15 4 84 94 79 88 64 73 99 62 66 52 69 86 69 41 60 63 27 84 53 61 32 43 38 25 23 10 40 47 85 
55 50 20 100 80 8 15 53 58 77 70 9 45 55 29 37 66 43 16 49 47 76 81 89 14 57 64 75 96 10 12 2 60 83 2 39 90 16 43 99 44 12 59 40 67 87 77 84 30 92 33 76 19 65 65 32 21 28 59 68 89 70 70 48 52 23 
87 94 90 81 92 34 93 51 73 11 89 1 94 70 44 78 46 63 42 62 46 14 41 4 82 29 25 51 77 29 25 15 22 14 47 65 99 39 67 24 1 56 24 47 25 68 24 22 82 66 35 27 31 75 83 12 56 7 14 84 35 38 98 8 4 44 
25 2 35 91 25 87 98 1 33 23 68 57 96 1 74 31 27 4 57 61 68 12 20 81 95 6 19 44 14 22 40 38 75 74 80 100 12 78 100 45 52 19 53 47 19 26 29 97 81 86 58 48 97 29 81 44 34 51 87 47 72 26 36 98 51 16 
49 63 45 100 59 96 70 11 42 88 88 23 37 68 8 46 68 56 74 48 99 7 50 38 6 73 63 41 70 66 8 19 80 52 18 38 47 40 48 41 79 35 15 15 54 22 12 21 29 37 20 80 44 69 17 1 41 31 93 63 96 53 81 27 4 50 
64 3 89 11 95 68 97 9 34 51 82 98 23 10 34 43 41 29 63 57 29 56 88 74 18 35 26 50 62 29 51 77 83 92 88 29 11 84 37 96 86 70 93 9 32 27 3 72 7 65 29 36 72 68 9 41 54 86 42 67 14 45 44 49 88 83 
77 98 66 66 45 52 35 38 12 66 16 14 38 22 30 18 9 2 85 69 94 90 54 36 57 20 32 100 20 19 82 96 68 99 61 12 2 48 49 65 13 16 78 2 90 8 19 98 61 55 19 54 45 72 41 53 43 24 4 62 42 37 10 9 35 22 
21 89 69 21 53 34 89 83 35 78 90 6 75 2 12 45 55 8 69 48 60 11 23 63 25 65 99 34 25 86 55 97 26 76 18 30 9 58 12 95 35 1 100 61 2 12 6 9 71 74 8 31 36 30 45 60 46 44 45 71 81 52 67 6 27 36 
35 35 93 47 29 27 99 81 40 53 44 45 61 14 70 20 44 5 1 89 65 47 84 61 17 16 12 35 21 38 71 7 24 15 53 53 94 4 33 33 56 76 29 68 89 98 87 85 2 87 25 18 85 60 79 1 75 90 88 95 80 10 1 3 24 6 
55 17 61 39 1 16 66 29 83 7 26 21 43 80 59 67 97 44 26 27 96 100 69 83 46 48 92 98 2 16 55 9 84 15 47 37 30 65 65 64 23 43 36 65 22 95 83 70 38 8 49 85 59 17 68 56 16 59 53 17 26 8 25 62 22 24 
98 4 40 14 19 62 56 55 26 29 49 60 51 38 19 99 22 77 67 41 32 82 100 36 50 77 43 75 38 17 50 87 72 89 1 90 50 56 96 27 85 44 86 35 33 4 85 7 32 51 47 15 84 98 50 33 27 45 59 16 61 8 3 84 48 55 
73 49 10 69 75 46 64 12 32 49 67 68 55 98 18 53 12 53 3 62 86 29 58 96 44 18 56 98 1 3 52 25 52 14 45 78 11 9 42 43 57 8 10 63 6 80 67 69 32 69 82 69 49 39 17 45 8 72 94 60 26 46 85 29 11 29 
59 21 89 100 15 97 7 77 11 64 56 78 33 39 98 14 60 99 53 76 43 12 99 88 72 76 85 8 5 95 36 15 16 77 14 82 73 20 58 84 36 65 13 68 56 10 33 15 60 85 42 54 49 92 42 20 67 26 27 23 21 14 37 88 90 50 
69 63 22 79 98 57 43 10 76 98 71 8 64 31 45 57 84 93 48 77 12 15 3 90 89 75 3 26 14 93 27 34 7 100 12 56 8 55 17 83 4 87 91 20 69 87 76 5 79 76 81 42 42 35 31 30 9 33 55 74 77 34 8 35 33 19 
90 41 25 6 23 81 45 65 100 13 51 27 69 81 2 50 22 43 36 52 73 97 37 79 70 13 12 77 48 97 48 89 37 72 95 11 4 39 28 3 3 30 82 72 11 35 73 84 78 8 36 2 4 24 32 74 88 96 2 87 92 49 76 80 21 22 
42 76 60 69 79 14 51 12 85 13 46 57 96 75 17 83 28 20 6 60 45 94 7 47 32 50 47 7 29 19 28 22 95 39 43 25 53 93 36 37 5 33 46 100 8 62 35 35 33 40 46 30 85 52 28 17 1 74 75 81 93 3 3 87 93 45 
11 45 89 98 34 93 30 79 44 37 92 78 24 76 70 69 5 6 73 32 22 73 6 97 6 98 51 8 36 43 4 98 40 92 47 73 36 76 3 31 65 46 9 40 21 30 8 26 35 80 9 9 5 14 5 10 63 7 69 50 1 72 47 40 15 45 
64 50 21 18 80 37 63 40 76 84 69 35 61 56 67 69 64 71 35 20 32 97 78 100 99 78 71 97 70 85 42 85 86 14 3 17 50 65 57 77 100 77 11 12 84 77 81 47 99 67 18 30 15 95 29 13 73 51 10 94 87 3 78 24 16 80 
41 65 97 49 93 96 25 3 8 61 32 40 7 30 6 25 60 20 19 40 85 43 91 94 36 29 96 14 53 63 45 93 79 41 93 71 89 69 73 48 29 56 87 36 86 44 12 97 15 82 36 99 25 78 44 12 7 39 77 11 53 22 55 31 14 47 
1 2 15 26 1 44 81 39 31 18 82 42 14 97 75 50 95 99 79 39 11 85 29 87 47 34 60 53 64 74 99 65 27 66 42 80 61 74 18 43 92 100 36 5 48 10 54 42 9 33 32 71 69 13 9 68 46 69 20 61 94 71 77 72 88 18 
51 48 92 69 90 83 20 25 39 67 86 45 60 94 77 44 16 97 56 25 16 53 45 36 13 90 58 90 61 45 59 64 92 2 32 33 36 3 9 75 69 94 19 28 40 47 71 7 95 78 31 11 82 27 98 95 16 55 36 77 51 46 40 42 48 23 
26 83 25 86 9 93 31 27 72 22 73 95 29 20 72 59 30 54 86 79 100 53 33 35 29 83 32 20 76 79 94 53 14 70 38 22 14 20 1 86 42 25 80 70 44 51 80 25 56 17 3 55 70 87 41 50 21 73 70 48 3 15 100 68 85 89 
90 98 9 42 83 2 66 14 71 62 17 50 86 72 19 89 79 88 27 19 37 48 91 58 95 46 25 47 13 9 35 54 6 95 95 41 96 13 54 18 74 22 20 11 94 38 51 72 77 78 42 65 25 85 23 71 30 47 17 42 7 4 48 12 50 42 
4 98 6 10 15 79 31 86 42 76 23 92 99 99 69 41 16 45 25 38 68 54 36 36 47 94 91 46 57 41 40 61 90 45 22 56 76 52 42 17 28 16 8 78 15 29 18 30 73 42 19 92 47 6 28 46 99 18 91 55 10 30 67 99 75 88 
55 2 92 48 18 71 63 77 48 77 5 66 58 30 59 28 21 6 85 48 51 35 18 93 42 27 23 8 78 49 48 84 50 39 31 67 9 93 43 56 22 100 73 31 29 32 11 49 37 95 49 39 30 18 31 23 44 5 30 73 53 77 56 54 67 86 
72 75 31 67 31 52 66 55 82 94 86 92 94 22 39 94 12 20 11 95 42 7 51 71 79 56 100 87 9 66 24 81 93 54 47 75 5 64 29 39 9 15 82 2 88 20 96 52 39 6 46 80 64 96 3 43 51 54 81 12 71 4 92 63 58 90 
37 62 5 18 52 13 32 34 14 19 53 61 22 92 19 67 23 82 15 77 76 17 30 56 28 53 60 71 15 17 12 4 30 16 21 82 28 52 15 94 22 67 54 44 10 24 62 85 6 76 61 81 93 43 89 72 95 48 43 61 16 54 64 45 22 84 
26 49 87 40 94 61 59 100 56 20 23 17 56 80 45 17 13 37 11 1 60 5 100 2 17 15 8 81 59 29 16 85 29 3 76 23 15 86 74 70 58 96 86 13 28 30 81 40 18 91 92 78 47 91 79 64 5 38 96 63 66 11 99 95 65 27 
69 79 64 42 48 21 89 34 34 16 15 14 7 33 57 98 62 55 88 92 18 92 30 13 7 95 76 5 41 40 83 9 19 47 2 66 67 43 51 52 10 66 18 17 50 26 66 11 80 54 54 98 97 83 62 55 30 37 12 70 77 94 31 47 92 32 
64 59 26 15 62 36 32 31 52 81 56 69 43 36 74 48 85 71 31 98 77 60 87 88 81 15 34 11 61 25 95 24 35 20 90 97 55 21 27 58 53 35 79 47 22 52 95 58 74 77 55 51 36 93 38 68 7 23 79 19 48 25 95 82 44 84 
78 51 57 57 60 61 43 38 8 64 90 54 21 63 30 27 65 17 20 55 84 26 77 14 97 24 38 91 6 82 74 35 84 30 43 43 91 85 33 50 48 74 3 20 88 84 47 53 52 18 59 35 95 35 49 91 59 38 81 16 19 55 2 54 36 45 
49 78 29 33 27 29 6 81 100 93 16 46 97 67 15 55 54 10 42 54 100 52 91 33 67 62 87 68 67 74 64 15 52 93 47 30 73 4 63 72 97 78 70 45 97 84 52 50 45 93 55 97 44 45 29 62 58 67 81 25 92 45 91 43 89 38 
25 13 41 87 84 89 16 5 86 12 41 37 13 85 29 67 81 24 64 61 85 21 79 65 97 71 61 88 13 49 77 89 61 69 75 97 58 91 1 43 54 41 31 67 78 59 33 58 34 96 71 18 69 49 34 17 19 95 4 84 95 32 72 56 1 47 
1 1 0 1 1 1 0 1 1 1 1 0 0 0 1 0 1 1 1 0 0 1 0 1 0 1 1 0 0 1 0 1 0 0 0 1 1 0 0 1 1 1 1 0 1 0 0 0 0 1 0 0 1 1 1 1 0 0 1 0 1 1 1 1 1 1 
0 1 0 0 0 1 1 1 1 0 1 0 0 1 1 1 1 0 0 1 0 0 1 1 0 1 1 1 0 0 0 1 1 0 1 1 0 1 0 1 1 0 1 0 1 1 1 1 1 1 0 1 1 1 1 1 0 0 0 1 0 0 0 0 1 1 
1 1 0 0 0 0 0 0 0 1 1 1 0 0 0 0 0 1 0 1 0 0 1 0 1 1 0 1 1 1 1 1 0 1 1 1 1 1 1 1 0 0 0 1 0 0 1 0 1 1 1 1 0 0 1 1 0 0 1 1 1 0 0 0 1 1 
1 1 0 0 0 1 0 1 0 0 1 1 1 1 1 0 0 1 1 0 0 1 0 1 0 1 1 1 1 1 0 0 0 1 0 0 0 0 1 0 1 1 1 0 0 0 0 0 1 1 0 0 0 0 1 1 0 1 0 1 0 0 0 0 1 0 
0 1 1 0 1 0 1 1 0 1 1 0 1 1 0 0 1 0 0 0 1 0 1 1 0 1 0 0 1 1 0 0 1 1 0 0 1 1 1 1 0 1 0 1 0 0 1 1 0 0 1 0 0 1 1 0 0 1 0 0 1 1 0 0 0 0 
0 0 1 0 1 1 1 1 0 1 1 0 0 0 0 1 0 0 0 1 1 1 1 1 1 0 0 1 0 1 1 0 1 0 0 0 1 1 0 1 0 1 1 0 1 1 0 1 0 0 1 1 1 0 0 0 0 1 1 0 0 0 0 1 0 1 
1 1 0 1 1 1 1 0 1 0 0 1 0 0 0 1 1 1 1 1 0 1 0 1 1 0 0 1 1 0 0 1 0 1 0 1 0 1 1 1 0 1 1 0 1 1 1 0 0 0 0 0 1 0 0 0 1 0 1 0 0 0 1 0 1 0 
1 1 1 1 0 1 0 1 1 0 0 0 0 1 0 0 1 1 1 1 1 0 1 1 0 0 1 0 0 0 0 0 1 1 1 1 1 1 1 0 1 1 1 0 0 1 0 0 1 1 1 0 1 1 1 0 1 0 0 1 0 0 1 1 1 0 
1 0 0 0 1 1 1 0 1 0 1 0 0 0 1 1 1 1 0 0 1 1 1 1 1 1 1 0 1 0 1 0 1 1 0 0 0 1 0 0 1 1 0 1 0 1 1 1 0 1 1 1 1 0 0 0 0 1 0 1 0 1 1 1 0 1 
1 1 0 1 1 0 0 1 1 0 0 0 1 1 0 1 0 1 1 1 1 1 0 1 0 0 1 1 1 1 0 0 0 1 1 1 1 0 0 0 0 1 1 0 0 1 1 0 0 0 1 1 0 0 0 0 0 1 0 0 1 0 0 1 1 0 
1 0 0 1 1 0 0 0 0 0 1 1 1 1 0 0 0 0 0 0 0 1 0 0 1 1 1 1 0 0 1 1 1 1 1 0 0 1 0 0 0 1 0 1 0 0 1 0 0 0 0 0 1 0 1 0 1 0 1 0 0 1 1 1 0 0 
1 0 0 1 1 0 0 1 1 0 1 0 0 1 0 1 1 1 1 0 1 1 0 1 1 1 0 0 0 0 1 0 1 1 1 0 1 0 1 0 0 0 0 1 1 1 0 0 0 1 1 0 0 1 1 1 0 1 0 1 1 1 1 0 0 0 
0 1 0 1 1 1 1 1 0 0 0 0 1 1 1 0 1 0 1 0 1 0 1 1 1 0 0 0 1 0 0 1 1 1 1 0 0 0 0 0 1 0 0 0 1 1 0 0 1 1 0 1 1 1 0 0 0 1 0 1 1 1 0 1 0 1 
1 0 0 1 0 1 0 0 1 1 1 1 0 1 0 0 0 0 0 0 0 0 1 1 1 1 0 1 0 0 1 1 0 1 1 0 0 1 0 1 0 1 0 0 0 0 1 0 0 1 1 1 1 0 0 0 1 0 1 1 0 0 1 0 1 0 
0 1 1 0 0 1 1 0 0 0 1 1 0 1 0 1 0 1 0 0 1 1 0 0 1 0 1 0 0 0 0 0 0 1 0 0 0 0 1 0 0 0 1 0 1 1 0 0 0 0 0 1 1 1 0 0 1 1 0 0 1 0 0 1 1 1 
0 0 1 1 0 1 1 0 1 0 1 1 0 0 1 1 1 1 0 1 1 1 0 0 1 0 0 0 1 0 1 1 0 0 0 0 1 1 0 0 0 0 0 0 0 1 1 1 0 1 1 0 1 1 0 0 1 0 0 1 0 1 0 0 1 1 
1 0 0 1 1 0 1 1 1 1 0 0 1 1 0 0 1 1 1 1 1 1 1 0 0 0 1 0 0 1 1 1 1 0 1 0 0 0 1 1 0 0 0 1 1 0 1 0 1 0 1 0 1 0 0 1 0 0 0 1 1 1 0 0 1 1 
1 0 0 0 1 0 0 1 1 1 1 0 1 0 0 0 1 0 1 1 1 1 1 1 0 0 1 1 1 0 0 0 0 0 0 0 0 1 1 1 0 1 1 0 1 0 0 0 0 1 0 1 1 1 1 1 0 0 0 1 0 1 1 1 1 1 
1 0 0 0 1 1 1 1 1 1 1 1 1 1 1 1 0 0 1 1 1 1 1 0 0 0 1 1 1 0 0 0 0 1 0 0 0 0 1 1 1 0 0 0 1 1 0 1 1 1 1 1 0 0 1 0 0 0 1 1 0 1 1 1 0 0 
1 0 0 0 1 1 0 0 1 1 1 1 0 1 0 1 0 0 0 1 0 0 1 1 0 1 1 1 0 1 1 1 0 1 1 1 0 1 1 0 0 1 1 1 0 0 0 0 0 0 1 1 1 0 0 1 1 1 0 0 1 0 1 1 1 1 
0 0 0 0 0 1 1 1 0 1 1 0 1 0 1 0 1 0 0 1 1 1 1 1 1 0 1 1 1 1 0 1 1 0 1 1 1 0 0 1 1 0 0 0 0 1 0 1 1 0 0 0 0 1 1 1 1 1 0 0 0 0 0 1 1 1 
0 0 0 0 0 1 0 0 0 0 1 0 1 0 1 0 0 1 1 1 0 1 0 1 1 0 1 1 1 0 1 1 1 1 0 1 0 0 1 0 1 0 1 0 0 0 0 0 1 0 1 1 1 0 0 0 0 0 0 0 0 1 1 1 0 1 
0 0 0 1 1 1 1 0 1 1 0 0 1 1 0 1 0 1 1 1 1 1 1 1 1 1 0 1 1 0 0 1 1 0 1 0 1 0 0 1 0 0 1 1 1 1 0 1 0 1 0 1 1 1 1 0 1 1 1 0 0 0 1 1 0 0 
1 0 1 1 1 1 1 0 0 0 1 1 1 1 0 0 0 1 1 1 0 0 1 1 0 1 1 0 0 0 0 1 0 1 0 1 0 1 1 1 1 0 0 0 1 0 0 1 0 0 1 0 0 0 1 1 1 1 1 1 1 1 0 1 1 0 
0 1 1 1 0 0 1 0 0 0 1 1 1 1 1 0 1 1 0 0 0 1 1 1 0 0 1 0 1 0 0 1 1 1 0 0 1 1 0 0 1 1 1 1 0 0 1 1 1 0 0 0 1 1 1 0 0 0 0 1 0 1 1 0 0 1 
0 0 1 0 0 0 0 1 1 0 1 1 0 0 1 0 0 0 1 0 0 1 0 1 1 1 0 0 1 0 1 1 0 0 1 0 1 1 1 0 0 0 1 0 1 0 0 1 1 1 1 1 1 0 0 0 1 0 0 0 1 1 1 1 0 0 
0 1 0 1 1 0 0 1 0 1 1 0 0 0 1 0 0 0 0 0 0 1 1 0 1 0 0 0 1 0 0 1 1 0 1 0 0 1 1 0 0 1 0 0 1 0 0 1 0 0 0 1 1 1 1 0 1 1 0 0 1 1 0 0 1 1 
1 0 0 0 0 0 1 1 0 1 1 1 0 1 1 0 0 1 1 0 1 0 1 0 1 1 1 1 1 0 0 0 0 0 1 1 0 0 0 0 1 1 1 0 0 1 0 1 0 0 1 1 0 0 1 1 1 0 0 1 1 0 1 1 0 0 
0 0 1 0 1 0 1 0 0 0 1 1 1 1 1 0 1 1 0 0 1 0 1 1 1 0 0 0 1 0 1 0 1 0 0 0 0 0 0 1 0 0 0 1 1 1 1 0 0 1 1 1 1 0 1 0 0 1 1 1 1 0 1 0 0 0 
0 0 0 1 1 0 1 1 1 0 0 0 1 1 1 0 0 1 0 1 1 0 0 0 1 0 0 1 0 0 1 1 1 1 0 0 1 1 0 0 1 0 0 0 1 1 0 0 0 0 1 0 0 0 0 0 0 1 1 0 1 0 1 0 1 1 
1 0 0 1 0 0 1 0 0 1 1 1 1 0 1 0 0 0 0 0 0 0 1 1 1 1 1 0 1 0 0 0 0 0 1 0 0 1 0 1 0 1 0 1 1 1 1 1 1 0 0 1 0 1 0 1 0 1 0 0 1 0 0 1 0 0 
1 1 1 1 0 1 1 0 0 0 1 1 0 1 1 0 0 0 1 1 1 0 0 1 0 0 1 0 1 0 0 1 1 1 0 1 0 1 1 0 0 0 0 0 1 1 0 0 1 1 1 1 1 1 0 1 1 0 0 1 0 0 0 1 0 0 
0 0 0 1 1 0 1 1 0 1 0 0 1 0 1 0 1 1 1 1 0 1 1 0 0 1 1 0 0 1 0 0 1 0 1 0 0 1 1 0 0 0 0 1 0 0 1 1 1 0 0 1 1 0 0 1 1 1 1 0 0 0 0 1 0 0 
0 1 1 1 1 1 1 0 0 1 0 1 0 1 1 1 0 1 1 0 0 0 1 0 0 1 0 1 1 0 1 1 1 0 0 1 1 0 1 1 1 1 0 0 0 1 1 0 0 0 1 1 0 0 1 1 0 1 0 1 1 1 0 1 1 0 
0 0 0 1 1 0 0 1 0 0 0 1 0 1 1 1 0 1 0 1 0 0 0 0 1 1 1 1 0 0 1 0 0 0 1 1 0 1 0 0 1 1 1 0 0 0 1 0 1 1 1 0 1 1 0 0 0 0 1 1 0 1 1 1 1 1 
0 1 0 1 1 0 0 0 0 0 0 1 0 1 1 1 1 0 0 0 1 0 0 0 1 0 1 1 1 0 0 0 1 0 1 0 0 1 0 0 1 0 0 1 0 1 0 1 1 0 1 0 0 1 1 0 0 0 1 1 1 1 1 0 1 0 
1 0 1 1 0 0 0 0 1 0 1 1 1 1 1 1 1 0 0 0 0 0 1 1 0 0 0 1 0 1 0 1 1 1 1 0 0 1 0 1 1 0 1 0 1 0 1 0 0 0 1 0 0 0 1 0 0 1 0 0 1 0 0 0 1 1 
0 1 0 1 1 1 1 0 1 0 0 1 0 1 1 1 1 1 1 1 0 1 0 0 0 1 0 0 0 1 1 0 1 1 1 0 0 0 0 1 0 0 0 1 1 1 0 1 1 0 0 1 1 0 1 1 0 1 1 0 0 0 0 1 1 0 
1 1 0 1 1 1 0 1 0 1 1 0 0 0 0 0 1 0 1 0 1 1 1 1 1 1 1 1 1 1 1 0 0 0 0 1 1 0 1 1 1 0 1 0 0 0 0 1 0 1 1 1 0 0 0 1 1 0 1 0 1 0 1 1 0 1 
1 1 1 0 0 0 0 0 0 0 0 1 1 0 0 0 1 1 0 0 0 1 0 1 0 1 0 1 0 0 0 1 0 1 1 0 1 1 0 0 1 0 1 0 0 1 0 0 0 0 0 1 0 0 0 0 1 0 1 1 1 1 1 1 0 0 
1 1 0 0 1 1 0 0 0 1 0 0 1 0 1 1 1 1 1 0 1 0 0 0 1 1 1 0 0 1 1 0 0 1 0 0 0 0 0 0 1 0 1 0 1 0 1 0 1 0 0 0 0 1 0 0 0 1 0 1 0 1 1 0 0 1 
0 1 1 1 1 1 1 0 1 0 0 1 1 1 1 1 1 0 0 1 0 1 0 0 0 0 0 1 1 0 0 1 1 1 0 1 0 0 1 0 0 0 1 1 1 0 1 1 0 1 0 0 0 1 1 0 1 1 1 0 1 1 0 1 1 0 
0 1 0 1 1 1 1 0 0 1 1 1 0 1 1 0 0 1 1 1 0 1 0 1 1 1 1 1 0 0 0 0 1 0 0 1 1 1 1 0 0 0 1 0 0 0 1 0 0 0 1 0 1 1 1 1 0 0 0 1 0 0 1 0 1 1 
1 0 1 0 0 1 1 0 0 1 0 1 1 0 1 0 0 1 1 0 0 1 0 0 0 1 1 0 1 0 1 0 0 0 0 1 0 1 1 0 0 1 1 1 0 0 1 0 1 0 0 1 0 1 0 0 0 1 0 1 1 0 1 1 0 1 
0 0 1 1 0 1 1 1 1 1 0 0 1 1 1 0 1 1 1 1 1 1 0 0 0 1 0 1 0 0 0 1 1 1 0 1 1 1 1 0 0 1 0 0 0 1 0 1 0 1 0 0 0 0 0 0 1 0 1 0 0 1 1 1 1 1 
1 0 1 0 0 1 1 0 1 1 0 1 1 0 0 1 0 0 0 0 0 1 0 1 1 1 1 0 0 0 0 1 0 1 1 0 0 0 0 0 0 0 1 1 1 0 0 1 0 0 0 1 0 0 0 1 1 1 0 0 1 0 1 1 1 1 
1 1 1 0 1 1 0 1 0 1 1 1 1 1 1 1 0 1 1 1 1 1 0 1 1 0 1 0 1 0 1 1 1 1 1 1 0 1 0 1 1 1 0 0 0 1 1 1 1 0 0 0 1 0 1 0 0 0 1 0 0 0 1 1 1 0 
0 0 1 0 1 0 1 1 0 0 0 1 1 1 0 1 1 1 1 0 0 0 0 1 0 0 1 1 0 1 1 0 1 0 1 0 1 0 1 1 0 1 1 1 1 1 0 0 0 0 1 0 0 1 1 0 0 1 1 0 0 0 0 1 0 1 
1 1 0 0 1 0 1 0 0 0 1 0 1 1 0 0 0 0 1 1 0 1 0 1 1 0 1 0 1 0 1 0 1 1 0 0 0 0 0 0 0 1 0 1 1 1 1 1 1 1 0 0 0 1 1 0 1 1 0 1 1 1 1 0 1 0 
1 1 0 1 1 0 1 1 0 0 0 1 1 0 0 1 0 1 0 1 1 0 0 1 1 1 0 0 0 1 0 1 0 0 0 1 1 1 1 1 1 1 0 0 1 1 0 1 0 0 1 1 0 1 0 1 1 0 0 1 0 0 0 0 1 0 
0 0 0 1 1 1 0 1 0 0 0 0 1 0 0 0 1 1 0 1 0 1 0 0 0 0 1 0 0 0 0 0 0 0 1 1 0 0 0 0 0 1 0 1 1 0 0 1 1 0 0 0 1 0 0 1 0 1 1 1 1 1 1 1 0 1 
0 0 1 1 0 1 0 0 0 1 0 0 0 0 0 1 0 1 1 0 0 0 0 1 1 1 1 0 1 1 1 1 1 0 0 1 1 0 1 0 0 1 0 0 1 1 1 1 0 1 0 1 1 0 0 0 1 1 0 0 0 0 0 1 0 0 
0 0 1 1 0 1 1 0 1 0 1 1 0 0 0 0 1 1 0 1 1 1 1 1 0 1 1 0 1 0 0 1 0 1 1 0 0 0 0 0 0 0 1 0 0 1 0 1 0 0 0 1 0 1 0 0 1 0 0 0 0 0 1 0 0 0 
0 0 0 0 0 1 0 1 1 0 0 0 1 0 0 0 1 0 1 0 0 0 0 0 0 0 1 0 0 1 0 0 1 1 0 0 0 1 1 1 1 0 1 1 0 0 1 0 0 0 0 1 1 0 1 1 0 0 1 0 1 0 0 1 1 0 
