50 57 2138
85 69 73 43 69 50 11 19 71 37 75 58 13 62 44 53 72 52 87 94 30 100 59 39 85 36 78 9 74 15 99 10 83 71 52 3 72 15 21 42 51 47 52 64 9 95 68 32 98 55 77 27 54 35 65 38 23 
42 98 48 8 96 58 42 18 61 44 90 75 17 31 78 15 82 93 23 28 60 6 25 14 83 3 19 69 67 56 43 60 6 91 67 1 100 8 19 12 4 8 39 72 90 16 86 24 8 61 3 67 66 80 33 48 82 
51 69 49 59 11 8 64 53 75 64 4 34 34 16 89 93 6 60 35 21 46 58 80 58 60 46 23 39 30 23 73 81 91 21 39 53 28 2 6 54 17 9 40 3 76 28 95 81 40 29 1 85 38 32 94 50 78 
16 40 59 90 12 39 80 32 77 85 12 30 90 17 47 50 8 49 26 36 95 58 75 76 11 11 65 42 4 14 71 71 6 30 61 17 68 92 1 97 76 64 26 65 80 72 67 88 72 92 75 19 49 1 94 11 11 
58 53 66 24 23 36 29 52 48 97 20 40 97 16 15 60 93 32 92 17 98 31 88 41 57 6 41 57 51 52 19 61 4 84 36 78 71 64 30 19 60 1 10 9 68 76 20 60 7 63 76 56 45 16 48 1 73 
89 9 24 92 27 36 95 62 71 24 85 86 53 3 97 5 64 5 72 39 77 84 98 39 59 53 84 26 1 36 99 41 45 74 32 23 9 78 37 31 1 21 16 54 75 12 58 38 69 82 76 45 65 73 35 75 78 
70 1 30 6 51 70 2 24 1 76 84 78 12 14 78 32 29 83 6 40 93 95 60 74 71 4 90 95 91 16 72 60 68 53 17 18 22 18 41 22 94 76 51 5 89 29 89 17 63 46 9 55 41 20 80 63 24 
69 57 66 85 81 25 52 33 42 22 55 11 14 28 56 90 79 13 78 59 1 47 73 98 7 28 38 26 7 100 1 28 9 66 64 89 43 67 73 84 88 79 46 2 59 54 91 89 66 20 99 18 66 71 15 24 50 
53 50 57 4 50 36 12 68 51 52 10 17 25 45 5 55 42 58 13 95 100 1 60 19 99 29 37 22 96 60 71 100 61 79 3 63 14 67 30 16 18 91 33 94 87 89 49 28 46 13 23 97 66 34 67 16 15 
3 37 10 15 8 9 75 38 11 37 4 29 18 19 47 60 51 92 46 91 92 74 88 5 48 84 70 33 51 37 99 5 74 8 19 33 68 94 22 31 82 25 59 52 44 5 11 46 97 9 37 40 34 24 44 33 8 
65 17 10 2 16 14 27 23 33 11 91 78 32 21 11 9 79 14 52 36 77 97 84 85 33 23 18 57 19 2 16 35 18 25 88 33 38 66 8 22 76 98 99 60 70 62 68 100 75 71 87 51 67 22 87 100 45 
56 8 15 57 75 49 75 51 37 7 40 2 14 62 30 63 12 41 84 73 8 84 100 30 70 2 96 92 89 47 88 44 6 54 1 80 2 75 30 90 33 70 92 99 83 73 61 94 13 45 19 72 80 70 1 49 71 
96 92 59 95 31 55 100 84 55 32 38 81 13 27 13 34 70 11 16 42 24 62 54 68 80 77 99 1 77 99 71 25 91 82 71 73 36 70 9 42 53 46 22 66 24 86 99 94 97 15 87 72 28 93 91 59 69 
89 59 98 87 81 22 29 62 92 2 49 13 62 90 18 7 11 83 30 97 81 75 45 47 62 16 26 54 58 84 22 46 42 71 32 23 44 61 36 87 14 85 100 75 74 17 33 37 51 14 33 83 89 29 82 50 96 
7 55 53 91 28 98 32 99 81 6 42 41 42 29 6 26 80 80 51 48 12 87 98 26 19 80 66 99 13 67 94 20 21 46 10 100 95 93 50 76 99 92 16 92 72 74 17 3 53 19 50 17 6 99 94 76 78 
11 75 91 77 68 62 49 66 71 100 60 15 50 35 13 93 3 56 64 76 72 66 80 43 67 48 48 65 93 23 94 3 49 36 31 69 97 79 34 19 31 45 34 80 80 98 72 34 54 87 61 77 4 92 19 22 40 
66 86 32 41 79 87 89 67 17 57 63 48 90 34 78 87 67 9 66 64 32 51 17 18 11 94 73 2 12 94 93 30 31 77 70 61 63 58 27 31 67 42 30 8 75 59 94 41 67 59 4 98 61 73 67 23 18 
39 25 81 84 69 10 14 45 31 75 59 41 53 90 7 94 71 14 68 30 8 8 96 18 64 46 31 36 12 53 5 3 29 85 38 98 47 52 94 77 78 53 69 30 94 75 24 64 41 91 93 100 51 41 69 14 38 
99 1 49 52 5 3 80 41 41 29 87 44 23 64 21 27 32 2 20 59 77 35 51 20 80 50 70 20 18 35 57 17 87 57 20 43 60 51 83 52 80 70 95 54 85 67 80 68 20 51 78 97 85 28 16 64 29 
37 35 47 71 43 15 57 100 34 51 11 84 33 14 15 54 8 68 90 26 47 58 45 49 87 41 34 15 8 97 43 44 32 41 14 74 55 22 25 88 72 87 24 57 100 38 62 59 58 52 84 56 61 81 5 47 73 
38 13 81 86 8 24 17 48 90 43 55 63 19 94 87 6 17 95 5 7 56 64 64 7 47 19 67 79 23 66 52 12 78 32 98 85 7 66 85 48 8 39 11 27 32 49 84 1 43 88 7 50 3 70 57 2 40 
75 80 63 40 31 74 70 62 23 6 21 89 90 68 96 80 30 74 12 78 9 64 72 97 70 22 99 91 30 100 30 4 80 44 96 62 70 65 24 92 70 44 80 12 11 28 91 41 53 54 70 62 17 42 58 86 15 
8 76 44 60 58 47 91 1 42 52 70 58 27 14 28 70 93 39 33 20 81 25 73 35 46 86 51 87 43 89 1 2 16 44 13 73 43 3 26 36 55 47 94 81 60 73 3 53 11 87 24 43 63 48 77 8 33 
80 47 27 68 47 29 35 43 41 60 37 96 85 72 2 31 65 82 91 37 36 95 99 22 18 42 84 66 70 92 98 49 38 77 68 36 5 55 30 97 14 66 92 98 90 93 80 54 27 22 43 62 16 41 36 86 34 
71 51 4 14 100 4 3 76 24 39 32 30 20 81 43 38 72 92 27 17 23 32 95 45 74 56 12 67 43 97 100 14 99 55 27 99 11 82 26 86 72 10 15 91 90 9 80 61 52 58 29 74 42 23 70 15 31 
82 33 73 78 85 38 77 91 17 27 1 98 52 38 69 61 4 11 50 64 43 63 15 100 91 41 41 66 10 8 96 91 40 20 69 76 10 97 67 78 23 19 27 74 57 47 87 12 57 88 76 51 2 90 51 45 82 
43 10 92 2 5 82 94 76 2 69 85 98 35 14 72 54 40 98 62 86 84 73 95 23 100 45 25 90 47 69 23 90 78 14 91 34 48 84 61 49 53 98 99 39 11 70 44 51 67 5 36 2 30 30 77 29 27 
1 70 73 21 93 62 98 6 5 83 5 40 43 6 92 92 4 83 3 25 26 53 44 31 40 97 12 22 73 40 48 25 10 20 45 54 34 42 11 38 76 16 77 71 21 21 62 76 55 64 52 80 68 95 62 60 44 
73 81 16 65 80 93 26 51 37 79 84 31 89 73 6 56 2 76 76 22 90 3 76 53 55 7 73 1 69 32 44 93 64 12 57 43 56 82 93 92 12 77 22 53 1 80 8 2 55 36 75 44 38 50 49 44 9 
21 45 77 4 40 21 67 3 78 9 58 11 53 2 23 29 23 75 82 2 34 83 9 69 58 4 59 59 52 54 67 24 50 95 27 42 16 93 96 93 53 54 3 6 7 77 86 29 3 67 83 37 50 91 57 59 46 
67 17 50 21 84 73 70 78 52 11 93 96 7 37 49 12 92 6 70 68 91 98 71 10 32 7 59 74 15 69 20 82 85 69 2 68 93 23 98 44 86 42 92 44 79 92 7 70 97 76 37 39 25 59 48 57 17 
58 30 32 26 1 65 11 69 18 30 62 40 79 57 77 21 48 72 99 39 78 20 87 5 8 26 30 67 73 38 35 31 19 18 8 20 82 70 88 99 100 1 91 78 58 67 98 57 39 48 96 68 19 82 73 27 59 
54 45 32 91 31 14 9 49 21 28 30 91 68 29 42 68 71 71 25 37 21 34 27 20 29 47 39 62 71 17 21 24 13 4 66 43 17 26 91 89 6 21 31 73 1 24 40 71 95 17 59 15 50 38 34 30 36 
24 43 6 40 63 81 52 66 46 47 34 71 37 75 76 9 5 100 61 29 92 83 75 8 94 89 9 31 74 90 18 98 32 23 37 47 3 41 12 100 87 98 22 75 72 50 36 28 49 96 56 92 31 82 51 24 70 
59 6 96 100 23 93 32 97 81 78 51 73 41 50 11 38 23 86 61 72 21 89 73 68 96 64 98 78 15 21 99 25 26 94 25 100 86 8 96 19 37 46 91 29 47 2 19 70 39 79 93 11 67 65 78 63 81 
76 92 47 48 90 71 26 84 47 25 21 6 73 91 42 18 34 71 65 87 89 34 25 67 26 35 86 43 64 100 75 91 91 21 39 80 91 16 15 90 40 36 95 12 78 37 82 11 59 46 97 47 31 21 65 8 7 
2 2 71 1 76 61 43 96 51 75 39 66 89 28 58 76 22 21 54 10 2 64 68 99 61 66 29 33 83 89 40 36 90 62 37 66 74 31 13 25 5 51 42 94 78 99 21 52 20 74 13 21 90 33 20 2 50 
100 34 32 88 25 68 30 86 56 95 60 86 59 36 91 10 77 36 39 76 56 90 47 82 3 19 71 87 38 72 36 90 57 20 29 82 87 58 19 94 4 30 31 63 65 21 24 42 8 62 69 64 52 15 97 6 33 
67 92 23 90 79 64 98 98 92 79 36 2 50 29 57 79 12 71 44 32 94 37 92 56 57 7 59 23 3 16 7 21 59 81 10 37 44 59 87 88 90 22 41 39 3 97 17 14 20 12 97 13 100 88 20 8 94 
78 30 96 45 89 16 3 69 77 40 65 36 78 52 77 99 92 15 1 40 83 66 11 47 63 24 98 2 95 6 96 25 87 43 69 75 11 72 44 87 63 8 74 40 11 50 90 54 16 43 45 99 8 56 97 22 31 
94 24 25 99 19 49 38 61 70 12 23 93 7 62 55 66 35 46 76 37 87 29 4 29 26 2 37 81 98 58 11 44 33 35 94 51 36 31 64 5 43 86 97 1 47 3 67 34 100 94 22 86 75 25 15 100 79 
3 80 28 12 90 71 45 76 65 47 11 95 62 67 89 48 15 90 46 17 8 31 16 1 4 54 75 29 68 74 59 22 53 86 33 94 9 77 70 25 24 32 71 85 99 60 84 65 1 82 82 60 64 49 60 68 2 
87 48 21 60 58 42 65 43 75 10 3 3 79 27 26 63 98 63 13 9 98 77 61 31 10 72 47 59 31 14 60 69 13 81 29 70 22 45 64 48 54 67 51 85 45 28 99 94 42 11 54 40 39 66 22 49 37 
68 7 68 33 18 36 97 50 16 66 24 12 82 23 66 100 73 2 96 1 100 90 42 62 43 33 100 61 7 100 97 74 58 64 59 76 52 55 77 19 73 52 31 54 75 48 5 47 49 100 99 100 41 93 61 36 77 
12 96 83 12 92 9 69 8 67 96 59 73 25 29 45 76 59 50 50 6 6 97 6 6 47 5 98 39 17 33 16 29 28 98 40 20 58 60 79 24 56 89 97 80 17 93 7 76 43 57 33 48 5 91 5 51 95 
3 42 12 87 57 92 15 6 83 86 64 42 64 39 49 52 87 80 20 80 87 95 74 95 80 73 99 70 78 1 16 32 42 79 18 98 70 84 56 4 69 19 46 84 9 46 87 96 26 7 75 64 53 48 58 84 20 
8 53 49 8 21 80 50 51 50 99 21 33 54 24 54 72 21 37 33 19 76 28 44 82 2 59 86 1 68 70 72 75 74 21 34 94 52 83 45 1 82 17 86 35 92 39 59 65 27 91 83 2 70 78 35 71 36 
21 23 55 90 94 81 63 66 14 9 18 49 5 70 82 21 7 68 64 45 26 28 72 68 62 25 37 39 60 59 26 80 81 80 21 27 12 35 92 26 43 9 26 47 31 7 19 37 74 35 34 52 62 57 71 76 81 
60 14 92 18 40 71 51 71 43 77 83 78 68 60 72 29 85 19 59 91 89 47 64 23 80 67 37 36 38 12 69 97 77 60 14 16 83 16 39 25 92 21 54 12 80 26 92 64 96 50 6 84 48 69 59 80 36 
47 15 73 58 35 21 86 95 86 2 29 2 40 53 45 12 59 8 43 84 99 6 31 100 11 66 48 31 24 27 18 70 93 42 79 28 62 65 74 48 18 2 1 9 6 97 72 64 5 14 99 3 71 29 3 81 95 
1 0 1 1 0 1 1 1 1 0 1 1 1 0 0 0 0 0 0 0 1 1 0 0 0 1 0 0 1 0 0 0 1 0 1 1 1 0 0 0 1 1 0 0 1 0 1 1 1 1 0 0 0 0 1 0 1 
1 1 0 0 1 0 1 1 1 0 0 0 0 1 1 0 1 1 1 1 0 1 0 1 1 1 0 1 0 0 1 1 1 1 1 1 0 0 0 1 0 1 1 1 0 0 1 1 0 0 0 0 1 1 0 0 0 
0 0 0 0 1 1 0 0 1 1 0 1 1 0 0 0 1 1 0 0 0 1 0 0 0 0 0 1 0 0 1 0 0 1 1 1 0 1 0 1 0 0 1 1 0 1 0 0 0 0 0 0 0 0 0 0 0 
0 1 1 1 0 1 1 1 0 1 1 1 1 1 1 1 0 1 0 1 1 0 1 1 0 1 1 0 1 1 0 0 0 1 1 0 1 0 1 1 1 1 1 0 0 0 0 0 1 0 1 0 0 0 0 0 1 
1 0 0 1 0 0 1 0 1 0 1 0 1 0 1 0 1 0 0 0 0 0 1 0 1 0 0 1 0 0 0 1 0 1 0 0 1 0 0 1 0 1 1 1 0 0 0 1 0 0 1 0 1 1 0 0 1 
0 0 1 0 0 0 0 1 1 1 1 1 1 0 1 1 1 0 1 1 0 0 0 1 0 0 0 1 1 0 0 1 0 1 0 1 1 0 0 0 1 1 1 1 1 0 0 0 1 1 0 1 1 0 0 1 0 
0 0 1 1 0 1 1 1 1 0 1 1 1 1 1 0 1 0 0 1 0 0 0 1 0 0 0 0 0 0 1 1 0 0 0 1 1 1 0 0 0 1 0 1 1 1 1 0 1 1 1 1 0 0 0 0 0 
0 1 0 0 0 1 1 0 1 0 0 1 0 0 1 0 0 0 1 1 1 1 0 1 0 1 1 0 1 1 0 0 0 1 0 0 0 1 1 0 1 1 1 0 1 0 0 0 0 1 1 1 0 0 0 0 1 
1 1 1 1 1 1 1 0 1 0 1 1 1 1 0 0 0 0 1 0 0 1 0 1 1 1 1 1 0 0 0 1 1 1 0 0 0 0 1 0 0 0 1 1 1 1 1 1 0 0 1 0 0 1 0 1 0 
1 0 0 1 0 0 0 0 0 1 0 0 0 0 0 0 1 1 1 1 0 0 1 1 1 1 1 0 1 0 0 1 0 1 0 0 1 1 0 1 0 1 0 0 1 0 0 1 0 1 0 0 1 1 1 0 0 
0 0 0 0 0 1 0 1 1 1 0 0 1 0 0 0 0 0 0 0 0 1 0 1 1 1 0 0 0 0 0 1 0 0 1 1 1 0 0 1 1 1 1 0 1 0 1 1 0 1 1 1 0 0 0 1 1 
1 1 1 1 1 0 0 0 0 1 1 0 1 0 1 0 0 1 1 0 0 0 0 1 0 1 1 0 0 0 1 1 1 0 0 1 1 0 1 1 1 0 1 1 1 0 1 1 1 1 1 0 1 1 1 1 1 
1 1 1 1 0 0 1 1 0 0 0 1 1 1 0 1 0 1 0 0 1 1 1 0 0 1 1 0 1 1 1 0 0 0 1 1 0 0 0 0 0 0 1 1 1 0 1 1 1 1 1 0 1 0 0 1 0 
0 1 1 1 0 1 1 0 0 0 0 1 0 1 1 0 0 1 1 0 0 0 0 1 1 0 0 0 1 0 0 1 1 1 0 0 0 1 0 0 0 1 1 0 0 1 1 0 0 0 1 0 1 1 1 0 1 
0 0 0 0 0 1 1 1 1 1 1 1 0 0 1 1 1 1 1 0 0 1 0 1 0 0 0 1 0 0 1 0 1 1 0 1 1 1 1 0 1 0 1 1 0 0 0 0 0 1 0 0 0 1 1 1 1 
1 0 1 0 1 1 1 1 1 0 0 1 1 0 0 0 0 1 0 0 1 0 0 0 1 1 0 0 0 1 1 0 0 1 0 1 0 1 0 0 1 0 1 1 1 1 1 1 0 1 1 1 0 0 1 1 1 
1 1 1 1 0 1 1 1 1 0 0 0 1 0 0 1 1 1 0 0 0 1 0 1 1 1 1 1 0 0 0 1 1 1 0 0 1 1 1 0 0 1 1 1 1 1 0 0 0 1 0 0 0 0 1 1 1 
1 0 1 1 0 1 1 0 1 1 1 1 0 1 1 0 0 0 1 1 0 0 1 1 0 1 0 1 1 1 0 0 0 0 1 0 1 0 0 0 1 1 1 0 1 0 0 1 0 1 1 1 1 0 0 0 0 
0 1 1 0 1 1 0 1 0 0 0 1 1 1 0 0 0 0 1 1 0 1 1 0 0 0 1 0 1 1 0 1 0 1 1 0 0 1 1 1 0 0 0 1 1 0 1 1 1 1 0 1 0 0 1 0 0 
1 0 1 0 1 1 1 0 0 1 1 0 0 0 0 0 0 1 1 0 0 1 1 1 1 1 1 1 0 1 0 1 0 1 0 1 0 1 1 1 0 0 1 0 0 1 1 0 0 0 1 0 1 0 0 1 1 
1 0 0 1 0 1 1 0 1 0 0 0 1 1 0 0 0 1 0 1 0 1 1 0 0 0 0 0 0 1 0 1 1 0 0 0 1 1 0 1 1 0 1 1 0 0 1 0 1 1 0 1 0 1 1 0 1 
1 1 1 0 1 1 0 1 1 0 0 1 0 1 0 0 1 1 0 1 0 1 0 0 1 1 0 0 0 1 0 0 0 1 0 1 0 0 0 0 0 0 1 0 0 1 1 1 1 1 0 1 0 0 1 1 1 
0 0 1 1 0 1 1 1 0 0 0 0 0 0 1 0 1 1 0 0 0 1 1 0 1 1 0 1 0 0 0 0 0 0 1 0 1 0 1 1 0 1 0 0 1 1 1 0 0 1 1 1 1 0 1 0 1 
1 0 0 1 0 0 1 0 0 1 0 0 1 1 1 0 1 1 0 0 0 0 1 0 1 0 1 0 1 1 1 0 1 1 0 0 0 1 0 0 1 0 0 0 0 1 0 1 1 0 0 1 1 1 1 0 1 
0 0 0 0 0 0 1 1 0 1 1 0 0 1 1 0 0 1 0 1 1 0 0 0 0 0 1 1 1 1 0 0 0 0 0 0 0 1 1 1 1 1 1 1 0 0 1 0 1 0 0 0 0 0 0 0 0 
1 1 0 1 1 0 1 1 0 1 1 1 0 0 0 1 1 1 0 1 1 0 0 1 0 1 1 1 1 1 1 1 0 1 0 1 1 1 0 1 0 1 1 0 0 1 0 1 1 0 1 0 0 1 1 1 0 
0 0 0 1 1 1 1 1 1 0 0 0 0 0 0 1 1 0 1 0 0 1 1 0 0 1 1 1 0 0 0 0 0 0 1 1 1 0 0 0 0 1 0 0 1 0 0 0 0 1 0 1 0 0 1 0 1 
0 0 0 0 0 0 0 0 0 0 1 0 0 1 1 1 1 1 0 1 1 0 1 1 1 0 1 1 0 0 0 0 0 0 1 0 1 1 0 1 1 1 1 0 0 0 1 1 0 0 0 1 0 1 0 1 0 
0 0 0 0 1 0 0 1 1 0 0 1 0 1 0 1 1 0 1 1 0 0 1 0 0 1 0 1 1 0 1 1 0 1 1 1 0 1 1 1 1 1 0 1 1 1 0 0 1 1 1 1 1 1 1 1 0 
0 1 1 0 0 1 0 0 0 0 0 0 1 1 1 0 0 1 1 1 1 1 0 1 1 0 0 0 1 0 0 1 1 1 1 1 0 0 1 1 0 1 1 1 1 0 1 1 1 1 0 1 0 0 0 1 0 
0 1 0 0 1 1 1 1 1 1 1 1 0 0 1 0 1 0 1 0 1 0 1 0 0 0 1 0 0 0 1 1 0 1 1 1 0 1 0 1 0 0 0 0 0 1 0 0 1 1 0 1 1 1 1 1 0 
0 0 0 1 1 1 1 0 1 0 0 0 1 0 0 1 0 0 1 0 1 1 1 0 1 0 0 1 0 1 1 0 1 1 1 0 1 0 0 0 1 1 0 0 1 0 1 1 0 0 1 1 0 1 0 1 1 
0 0 1 1 1 0 1 1 1 1 0 0 0 0 1 1 0 1 0 0 0 1 0 0 1 0 0 0 0 0 1 0 0 1 1 0 1 0 1 0 0 1 0 0 1 1 1 1 0 1 1 0 0 1 1 1 1 
1 1 1 1 1 1 0 0 1 0 1 1 1 1 1 0 0 1 1 1 0 0 0 1 1 0 0 0 1 1 0 1 1 1 0 0 1 0 0 0 0 1 1 1 0 1 1 0 0 0 0 1 0 0 0 1 0 
0 0 0 0 0 1 1 1 1 1 0 0 1 0 0 0 0 0 0 1 1 1 1 0 1 0 0 1 1 0 1 1 0 1 1 0 0 0 1 0 1 0 0 0 0 0 0 0 0 1 1 0 0 1 0 1 1 
0 0 0 0 1 0 0 1 1 0 1 0 0 1 1 0 1 0 0 0 0 1 0 1 0 0 1 1 0 0 1 1 0 1 1 0 1 0 1 1 0 0 1 0 0 0 0 1 0 1 1 1 0 0 0 0 0 
0 0 1 0 1 0 1 0 1 1 0 1 0 1 0 0 0 0 0 0 1 0 1 0 1 0 0 1 0 0 0 0 0 1 1 1 1 0 0 0 1 0 0 1 1 0 1 1 0 0 1 1 0 0 1 1 0 
1 1 1 0 1 1 0 0 0 0 1 0 0 1 1 0 1 0 1 1 0 0 0 0 1 1 0 0 1 1 0 0 0 1 0 1 1 1 1 1 1 0 0 1 0 1 1 1 0 0 1 0 0 1 0 1 0 
0 1 1 1 0 0 0 1 0 1 0 1 1 0 0 1 0 1 1 1 0 1 1 0 0 1 0 1 1 0 1 1 1 1 1 1 1 1 1 1 0 1 1 1 1 1 1 1 1 0 1 1 1 0 0 1 0 
0 0 1 0 0 1 0 1 0 1 0 1 0 1 1 0 0 1 1 0 0 1 1 0 0 0 0 0 0 1 0 1 0 0 1 0 1 1 1 1 1 1 0 1 0 1 1 1 0 1 1 0 0 0 1 0 0 
1 0 1 0 1 0 0 1 1 0 0 1 1 1 0 0 1 1 1 0 1 0 1 0 1 1 0 1 0 0 1 1 0 0 0 1 0 0 0 0 1 0 1 0 1 1 1 0 0 0 1 1 0 0 1 1 1 
1 0 0 1 1 1 0 0 1 1 0 0 0 0 1 0 1 1 0 0 0 0 1 0 1 0 0 1 0 1 1 1 1 1 1 1 0 1 1 0 0 1 0 0 0 1 1 1 0 1 0 1 1 1 1 1 1 
0 0 1 1 1 1 1 0 0 0 1 1 1 1 1 0 1 0 0 0 1 0 0 0 0 1 1 1 1 0 0 1 1 0 0 0 1 1 1 1 1 0 0 0 1 1 1 0 1 1 0 0 1 0 0 1 0 
0 0 1 0 1 0 1 1 0 0 0 0 1 1 1 1 1 0 0 0 1 0 0 0 0 0 0 0 1 1 0 1 0 1 1 1 1 1 0 0 1 0 0 0 1 1 1 0 1 1 0 0 1 0 1 1 1 
1 1 0 0 0 1 0 1 0 1 1 1 1 1 0 1 1 0 0 0 1 0 0 0 1 0 1 1 1 0 0 0 0 0 1 0 1 1 1 0 1 0 1 0 1 0 0 0 0 0 1 0 1 1 0 0 1 
0 1 1 0 0 1 0 0 0 0 0 0 0 0 1 0 1 1 0 1 1 0 0 0 1 0 1 0 0 1 0 0 0 1 1 0 0 1 1 1 0 1 1 0 1 0 0 0 1 0 0 1 1 0 1 0 0 
0 1 0 1 1 1 1 0 0 0 0 1 1 1 1 0 0 1 1 0 0 1 0 0 1 1 1 1 0 0 1 0 1 0 1 0 1 0 0 1 0 0 0 1 0 0 1 0 1 0 1 1 0 1 0 1 0 
1 1 0 1 0 0 0 0 1 0 1 1 0 0 0 1 1 1 1 1 1 1 0 1 0 0 1 1 0 1 1 1 0 1 1 0 1 1 1 0 0 0 0 0 1 0 1 0 1 0 1 0 0 1 0 0 1 
1 0 1 0 1 1 0 1 0 1 0 1 0 1 1 0 1 0 1 1 1 1 0 0 0 1 0 0 1 0 1 0 0 1 1 0 0 1 1 0 0 1 1 0 0 1 1 1 1 0 0 0 0 1 0 0 0 
0 0 1 1 0 1 1 1 0 1 1 0 0 1 0 0 0 1 0 1 0 0 0 0 0 1 0 1 1 1 1 0 1 0 1 1 0 0 0 0 0 1 0 0 0 1 0 1 0 1 0 0 1 1 0 1 0 
