69 58 670
66 19 5 28 21 94 77 67 16 86 21 90 72 35 97 40 53 47 27 100 94 29 10 9 90 61 84 45 40 25 100 6 96 56 33 16 1 61 34 68 46 6 58 69 92 54 9 45 52 87 96 98 67 5 6 56 18 90 
52 9 66 3 14 61 58 99 28 58 59 13 26 57 19 35 25 10 40 85 6 92 71 2 89 37 58 94 44 27 35 47 36 53 49 49 13 6 47 93 16 58 5 93 14 23 27 90 85 66 27 90 9 97 43 97 86 1 
43 29 27 29 28 62 81 76 63 46 82 61 90 49 18 94 41 83 69 19 73 5 36 99 46 45 47 89 93 32 41 87 13 67 68 40 81 100 15 43 45 48 55 86 48 73 32 40 7 100 58 79 56 46 29 1 42 76 
89 86 59 29 73 71 48 92 62 28 91 29 22 88 28 76 73 76 100 4 15 7 55 25 37 10 70 66 63 63 93 51 48 51 32 72 74 31 63 35 10 6 15 31 93 43 58 65 18 10 21 84 16 75 60 52 37 81 
69 99 43 61 49 43 12 32 14 37 62 29 71 23 34 86 53 78 80 63 94 49 72 14 32 39 41 44 42 77 24 11 75 19 71 75 61 34 59 26 70 72 54 93 95 39 30 47 16 9 61 62 9 32 75 92 22 15 
35 64 43 11 74 17 29 96 44 41 82 2 66 3 73 20 95 67 10 76 66 78 36 26 39 44 10 65 36 31 32 22 94 74 32 19 43 60 15 86 100 48 87 18 50 11 37 97 78 98 24 43 75 60 20 65 55 29 
82 90 12 13 12 57 38 95 76 80 7 42 17 6 89 55 23 90 66 11 86 95 61 10 37 87 69 8 4 75 89 85 65 100 97 28 56 86 22 31 18 80 24 34 86 12 41 60 2 6 23 39 100 35 48 88 21 68 
47 24 43 35 8 59 34 56 38 90 94 11 72 11 91 96 96 28 59 36 87 12 93 61 51 92 95 50 31 68 70 78 43 12 12 3 22 98 10 59 39 3 69 10 65 59 57 61 38 68 96 77 31 89 37 81 32 84 
83 15 3 52 44 45 15 55 47 36 4 9 46 42 11 66 52 28 77 60 88 14 27 35 90 10 75 79 90 59 14 24 73 16 27 16 12 41 22 11 28 26 19 25 67 81 91 70 8 67 82 47 32 8 82 22 69 8 
52 59 66 65 34 90 32 61 5 43 53 79 53 81 56 23 5 22 4 47 44 11 65 25 10 97 84 91 70 53 98 21 63 64 37 96 5 68 8 10 10 61 40 15 41 95 37 97 68 92 96 11 55 60 87 64 8 71 
54 29 75 3 1 37 18 37 84 23 56 92 84 66 52 75 32 44 69 20 92 88 12 87 51 66 99 37 81 58 59 86 87 33 88 87 69 58 76 53 80 31 44 15 48 47 89 79 90 9 99 81 96 62 68 46 79 18 
35 59 75 93 44 61 26 83 100 46 40 27 98 71 57 93 37 57 39 25 35 28 85 85 61 81 98 80 78 76 97 12 86 71 57 81 84 82 64 35 27 55 61 77 78 69 21 14 25 12 91 12 91 75 48 51 7 46 
30 37 21 26 100 7 49 56 87 32 37 2 66 16 9 78 44 86 46 16 51 71 27 93 34 18 20 81 68 78 26 50 14 99 75 14 5 23 69 43 6 58 97 23 25 5 100 20 42 98 35 44 68 62 89 1 31 60 
81 98 37 59 47 3 57 74 16 13 48 36 7 6 45 3 28 69 59 80 40 52 77 75 48 96 88 36 48 18 95 80 67 83 38 66 85 46 91 100 58 90 88 65 95 32 19 75 53 30 54 92 33 82 18 80 77 57 
67 76 26 13 7 93 96 97 10 80 42 52 32 100 41 71 16 36 54 34 10 6 15 15 50 48 96 19 79 24 76 46 51 1 10 57 45 57 53 6 89 95 57 20 46 98 42 13 85 95 98 46 53 13 60 2 12 7 
20 90 82 47 87 32 100 97 40 96 53 93 2 41 39 10 12 36 59 5 48 43 100 45 40 52 9 99 5 20 57 76 10 38 23 48 21 74 96 61 69 1 5 22 93 95 32 5 30 42 61 29 37 60 25 76 63 34 
75 67 53 31 43 14 21 17 14 41 90 9 1 10 9 5 32 2 51 15 58 80 56 18 60 44 30 85 20 92 18 94 11 22 76 5 88 48 73 1 89 62 9 41 23 70 46 6 71 48 20 80 28 28 97 39 71 78 
23 90 22 92 35 32 14 63 88 1 10 60 53 98 73 13 39 95 82 36 1 4 83 72 83 62 51 32 1 22 9 75 63 30 67 50 13 80 12 100 32 73 11 36 71 83 48 61 30 30 48 82 33 82 5 68 44 56 
99 96 29 7 70 91 37 36 92 1 67 55 1 50 28 63 85 50 98 85 62 27 14 9 60 98 90 64 17 85 19 15 80 47 74 50 90 62 37 33 62 4 88 14 5 15 77 90 16 74 74 77 52 39 85 11 88 26 
26 5 11 45 71 90 43 44 91 84 5 28 17 67 83 56 80 87 22 8 28 37 81 53 13 84 43 97 46 83 22 72 39 84 68 9 26 10 53 16 46 57 95 14 75 29 69 7 68 90 14 47 26 47 100 90 30 94 
86 76 76 59 99 14 95 66 75 20 27 27 35 72 35 82 85 62 10 5 68 77 46 33 24 23 79 75 12 61 68 49 88 96 60 86 61 54 51 35 73 77 13 59 1 100 40 37 61 50 94 80 78 39 12 1 62 91 
75 25 3 95 74 90 42 33 27 2 38 29 37 62 5 1 20 57 100 12 94 12 61 87 91 90 77 3 91 90 45 17 15 47 63 40 88 4 72 14 6 61 42 94 22 98 46 93 7 46 4 100 57 16 38 100 6 66 
2 96 56 98 64 70 44 27 9 83 30 32 48 87 44 41 80 65 90 26 57 96 23 13 95 31 28 84 30 33 50 83 80 57 80 44 26 75 70 86 57 51 17 56 38 60 96 69 76 86 46 84 81 20 96 28 51 76 
63 32 8 64 15 88 20 94 31 45 69 52 82 77 2 50 33 91 61 80 12 36 65 57 72 98 77 19 25 79 94 39 10 2 3 24 41 22 70 23 19 38 26 100 14 27 50 98 70 10 78 81 98 94 37 21 91 65 
39 67 43 33 6 5 86 60 28 78 81 97 100 51 86 77 3 52 3 4 1 24 65 78 4 62 24 93 82 14 9 73 33 4 57 38 8 94 49 87 71 29 36 22 32 21 98 34 24 52 37 25 28 1 2 31 15 25 
75 48 91 36 20 23 39 76 12 46 69 60 32 91 40 67 64 71 40 61 56 63 65 44 87 92 45 41 74 11 17 49 58 7 84 78 81 74 5 92 19 26 51 2 16 91 21 80 13 12 92 69 74 8 12 13 99 8 
53 73 18 21 73 28 28 8 57 60 81 61 52 51 38 54 52 6 96 24 37 9 35 28 29 61 36 92 73 86 100 77 58 69 97 82 48 76 89 4 36 69 17 39 19 54 92 23 59 88 46 47 48 33 75 76 93 62 
67 65 47 18 93 57 39 41 38 86 69 79 42 56 99 10 94 18 63 85 92 74 24 37 20 71 21 46 46 13 59 65 29 58 34 21 14 72 14 3 10 82 81 3 37 80 12 30 49 26 66 92 99 90 28 71 12 1 
68 58 13 79 74 42 36 7 14 1 31 79 3 92 60 36 94 48 67 5 29 67 30 47 58 81 88 37 3 99 37 22 56 2 100 81 95 35 88 60 35 70 39 90 61 50 77 54 98 95 10 78 13 91 24 22 71 11 
10 25 10 47 47 17 100 98 50 94 33 37 53 19 6 91 60 18 41 88 71 90 34 80 19 46 70 95 67 93 5 77 69 66 75 67 35 74 65 84 67 49 72 71 67 29 62 79 46 54 66 16 95 100 47 65 97 68 
59 16 12 64 92 81 81 18 99 67 43 63 2 61 11 73 31 30 1 44 8 46 49 25 13 95 76 11 60 73 31 18 88 94 33 31 26 14 100 25 32 42 87 34 2 50 6 84 79 59 28 38 56 28 62 21 23 38 
83 82 62 13 99 49 7 84 31 32 97 30 56 80 71 95 13 24 96 71 59 74 81 86 63 88 66 76 8 88 65 91 21 26 55 71 26 13 54 56 45 2 85 52 82 7 98 46 82 93 68 41 18 48 78 80 36 43 
56 95 82 20 37 2 98 92 73 23 4 78 31 100 80 67 52 13 74 1 58 55 94 26 95 11 25 25 91 12 67 98 7 49 69 43 2 18 86 26 93 90 4 23 89 35 89 92 47 62 93 4 69 38 81 15 48 6 
39 90 69 58 39 75 6 60 70 59 77 55 85 69 96 40 91 37 74 32 80 20 45 72 75 13 61 56 80 9 13 70 50 33 27 41 8 84 100 29 43 76 35 79 97 31 70 87 67 95 70 98 14 15 22 40 27 82 
47 58 42 11 28 92 44 54 32 3 90 83 31 32 58 65 62 6 47 31 45 65 77 14 63 42 28 84 81 7 65 28 64 7 90 43 50 33 49 33 35 38 15 17 69 24 34 82 30 80 64 26 45 40 39 59 81 67 
42 61 73 58 40 88 16 30 83 17 14 31 1 1 68 15 17 36 91 50 69 72 82 32 97 78 71 35 36 3 53 29 63 77 38 55 17 54 36 99 22 49 29 23 49 96 89 18 83 79 67 51 2 100 82 50 77 4 
85 12 6 89 92 20 66 30 26 82 83 61 80 4 62 8 78 62 55 67 79 37 45 98 87 99 97 20 48 74 75 84 37 32 73 81 3 90 10 29 71 44 89 2 99 2 61 77 64 15 43 42 3 39 39 41 37 88 
60 85 13 86 68 49 69 92 29 71 81 90 99 3 33 40 56 32 41 16 8 4 82 50 46 84 88 36 24 77 23 35 13 35 72 32 36 40 24 16 11 56 58 61 59 90 100 14 21 93 82 80 96 15 81 93 99 21 
81 74 97 3 61 9 90 32 92 77 72 15 44 34 23 1 94 81 43 46 46 15 90 79 47 85 94 27 30 44 47 10 17 95 64 77 55 5 61 47 33 84 13 29 17 35 81 62 67 23 59 65 90 48 43 36 85 88 
62 14 31 61 75 100 55 38 76 62 95 88 8 27 71 72 55 39 59 36 1 25 10 11 41 99 11 36 34 95 23 48 60 54 8 34 5 14 23 80 75 17 20 34 44 90 6 50 29 64 37 81 40 47 43 81 45 53 
16 31 47 90 78 58 95 85 91 99 98 66 31 73 82 50 58 77 39 63 79 19 78 15 99 18 13 42 50 58 46 17 40 45 6 17 2 53 1 45 51 50 10 33 74 43 82 32 72 73 94 50 91 24 16 42 41 29 
83 42 38 28 58 77 72 15 93 26 67 45 70 70 46 31 2 20 73 84 3 96 56 48 97 98 71 13 39 63 93 73 4 30 1 61 6 24 28 50 1 94 94 70 15 91 52 17 10 77 52 64 72 59 12 69 56 82 
33 95 45 25 67 100 54 19 13 11 95 40 60 95 85 5 17 100 95 20 68 57 96 19 20 20 77 31 40 84 65 72 30 61 48 97 60 1 67 72 63 13 11 22 60 48 78 28 47 72 47 66 80 43 84 100 62 12 
82 1 47 46 24 77 6 71 25 18 23 43 89 85 56 52 58 15 99 35 42 97 58 40 62 38 82 97 89 95 60 70 47 58 68 70 34 25 92 58 42 14 1 31 50 8 34 59 74 32 45 15 80 3 54 41 92 88 
89 32 82 100 53 29 57 20 50 43 97 42 100 38 7 52 20 9 11 53 67 84 36 12 50 15 66 56 7 9 43 47 40 76 46 92 56 55 64 58 97 12 99 48 49 57 52 21 65 62 25 84 46 61 95 95 27 12 
2 34 20 96 80 11 72 78 54 79 84 69 36 80 80 86 27 29 95 78 1 59 92 25 42 37 37 88 83 64 99 37 97 70 32 28 32 55 57 86 34 40 54 21 71 34 59 98 14 53 27 14 63 18 90 57 6 27 
44 41 90 95 77 38 16 8 17 48 63 26 33 48 65 38 68 36 71 78 85 36 82 63 1 45 33 91 1 38 69 96 78 10 42 6 47 10 14 15 57 28 40 41 75 57 30 94 44 53 72 28 88 53 42 41 49 74 
31 1 64 51 97 93 60 90 99 58 51 64 72 7 91 64 99 65 20 29 58 63 81 81 42 20 86 83 60 34 9 42 35 72 44 83 16 3 72 14 12 75 29 84 33 19 47 32 35 18 12 45 80 44 25 21 15 10 
55 75 44 63 68 30 86 12 12 2 66 35 67 78 9 96 13 42 14 11 25 1 28 36 45 7 31 69 79 45 31 33 71 26 96 91 55 33 2 18 34 67 52 53 96 13 48 8 54 13 18 78 13 97 65 57 3 47 
78 81 91 60 66 14 85 13 4 91 45 57 60 31 23 11 83 71 23 30 78 28 94 48 5 7 44 21 15 99 67 92 31 10 51 96 23 87 8 78 29 5 34 88 35 8 51 17 78 73 98 8 53 91 7 57 49 50 
30 64 100 48 55 31 57 58 78 31 96 38 8 25 42 41 64 28 49 14 44 78 39 93 85 91 35 91 99 84 93 80 47 92 28 53 74 84 10 52 67 58 89 26 34 82 67 97 9 67 63 4 96 53 96 33 95 30 
75 93 13 67 25 11 11 52 64 36 87 25 39 53 82 27 79 15 8 97 12 68 15 26 71 10 78 66 42 72 48 17 16 12 35 40 23 97 91 86 85 30 10 23 34 44 2 64 58 61 60 69 29 26 46 99 36 23 
65 29 46 64 97 62 75 84 53 97 32 96 34 16 25 96 91 10 39 92 74 96 52 33 17 80 11 62 79 46 37 95 26 82 58 75 95 32 58 100 81 41 95 66 57 71 13 99 80 51 90 5 99 41 38 67 73 48 
80 51 45 16 97 22 50 54 96 96 37 5 47 69 46 41 35 54 63 47 52 95 50 41 99 100 33 88 66 5 87 97 7 83 65 3 5 14 8 100 61 97 5 8 65 2 100 99 55 15 98 6 9 99 98 59 98 30 
47 15 87 33 63 45 16 27 100 72 92 7 71 53 3 27 12 20 28 11 18 82 77 67 39 85 17 36 96 66 18 42 80 56 26 43 52 93 21 51 64 13 10 87 65 64 65 28 83 93 90 53 26 67 19 17 51 36 
4 98 1 73 39 33 28 17 27 80 9 99 30 25 11 91 63 27 55 27 54 37 71 44 89 97 10 60 65 12 47 68 10 99 41 100 83 20 16 9 99 77 60 81 1 70 71 63 97 77 41 50 14 12 45 2 60 54 
13 24 18 59 43 79 58 83 78 40 3 94 1 53 70 60 85 22 81 8 36 77 84 76 79 97 39 23 51 98 29 63 73 98 74 16 76 31 50 53 22 52 98 74 57 19 85 93 40 66 100 27 42 84 55 72 32 93 
47 82 91 75 97 15 24 70 30 99 52 80 51 73 83 1 47 91 19 31 84 59 48 83 37 90 18 91 13 50 84 59 83 26 85 79 92 8 100 22 6 51 53 9 24 87 9 22 30 27 4 13 37 52 47 26 93 65 
16 5 66 51 16 48 28 100 79 20 8 78 93 65 29 97 25 4 35 85 77 64 64 80 76 52 31 23 77 75 39 45 80 56 47 95 55 75 46 33 46 5 63 90 22 43 38 46 98 72 83 74 36 46 53 11 97 36 
85 74 10 75 70 41 30 16 87 37 42 33 21 87 89 83 28 10 77 65 8 26 37 90 99 24 35 4 34 83 39 71 8 100 97 77 93 79 93 31 15 34 63 35 73 52 70 100 13 98 17 20 24 53 9 22 76 95 
77 61 78 67 83 85 67 32 62 11 62 6 41 76 39 56 62 63 59 83 63 71 81 31 91 4 35 51 77 62 46 54 74 75 20 57 59 38 40 72 48 1 77 41 28 68 96 89 30 54 24 44 24 4 74 66 59 8 
69 35 69 14 40 43 88 12 51 98 49 90 70 49 42 98 89 69 65 84 9 95 37 32 38 12 87 12 30 45 19 98 32 40 63 23 82 2 34 32 99 83 73 20 83 66 18 71 34 82 54 94 28 42 26 66 5 64 
29 86 9 47 83 92 38 97 14 19 98 48 2 49 82 26 20 64 91 37 86 76 71 91 70 98 84 47 15 88 10 43 26 70 90 60 61 79 57 27 98 6 26 51 54 59 77 26 22 67 62 59 43 84 49 64 82 32 
10 96 71 19 39 96 89 80 56 1 58 12 27 7 69 52 58 75 10 34 100 83 52 61 93 46 45 41 9 78 24 18 25 95 89 63 90 77 94 97 77 4 60 56 10 29 59 67 3 21 52 54 55 56 14 48 1 10 
88 62 39 12 79 64 6 19 78 47 95 72 44 24 75 3 79 84 83 37 3 37 9 6 90 64 61 56 11 14 65 98 75 56 61 5 19 18 24 96 17 70 19 12 45 93 66 23 29 49 12 83 85 20 88 75 83 1 
82 45 14 98 95 40 53 55 44 71 25 19 19 41 41 37 52 85 82 17 60 10 17 23 92 2 42 79 28 77 31 9 21 44 6 15 83 11 22 79 33 46 49 51 38 89 40 89 26 21 57 85 30 74 7 73 27 100 
3 6 76 34 14 49 77 71 15 12 81 36 42 14 33 90 16 70 31 55 10 56 27 67 40 56 92 98 80 18 97 83 23 25 68 88 73 96 10 39 59 43 27 100 8 11 42 23 81 24 30 42 79 56 8 70 64 51 
19 43 68 15 77 42 39 44 81 63 92 91 2 50 33 80 50 40 90 43 14 22 66 43 64 96 99 23 17 62 74 35 4 41 49 33 35 40 28 15 2 19 5 55 69 89 86 70 80 76 12 94 97 77 36 60 24 86 
83 40 47 56 74 3 48 74 87 34 13 14 49 67 33 5 73 53 46 59 22 25 34 85 70 30 13 58 42 36 43 76 75 42 31 100 96 30 73 82 64 38 95 64 4 79 68 76 31 13 86 4 90 19 88 59 1 100 
1 1 0 0 0 0 1 0 1 0 1 0 1 0 1 1 1 0 0 1 1 0 1 1 0 0 1 1 1 1 1 0 0 1 0 0 0 1 0 1 1 0 1 0 0 0 0 0 0 0 1 0 0 0 1 0 1 0 
0 0 0 1 0 0 0 1 1 0 0 1 0 0 1 1 0 0 0 0 0 0 0 1 0 1 1 1 1 0 0 1 0 0 0 1 0 1 0 1 1 0 1 1 0 0 1 1 0 1 1 0 1 0 1 0 1 1 
1 0 1 1 0 0 1 0 1 0 1 1 1 1 1 0 0 0 1 1 1 1 0 0 0 0 0 1 0 1 0 1 0 0 1 0 0 0 0 1 0 0 0 0 1 1 0 1 1 1 1 0 1 1 1 1 1 1 
0 1 1 1 1 1 1 0 1 1 0 1 0 1 1 0 1 0 1 1 0 1 1 1 1 0 0 0 1 0 0 1 1 1 0 0 0 1 0 1 0 1 0 0 0 0 0 1 0 0 0 0 1 1 1 0 1 0 
1 0 0 1 0 1 0 0 0 0 0 0 1 0 1 1 1 1 1 1 0 0 1 1 0 0 0 0 1 0 0 0 0 0 1 0 1 1 1 1 1 1 0 0 1 1 1 0 1 1 0 1 1 1 0 1 0 1 
1 1 1 1 1 1 1 0 0 1 1 1 0 0 0 0 0 1 0 1 0 1 0 0 0 1 1 1 1 1 0 0 0 1 0 1 0 1 1 0 0 0 1 1 0 1 1 0 1 1 0 1 0 0 1 1 0 0 
0 1 0 0 1 0 1 1 0 1 1 1 0 1 0 1 0 0 1 0 1 0 1 1 1 0 1 0 1 1 0 1 0 0 1 0 1 0 1 1 1 0 0 1 0 0 1 0 1 0 0 0 0 0 1 1 0 0 
1 1 0 1 0 0 0 1 0 1 1 0 0 0 0 0 0 0 1 1 1 0 1 1 0 1 1 1 0 1 1 1 0 1 0 0 0 0 1 0 1 0 0 1 1 1 0 1 1 1 0 0 1 1 0 1 0 1 
0 0 1 1 1 1 1 1 0 1 0 1 1 1 0 0 1 1 1 1 0 0 0 0 1 1 1 1 0 1 0 0 1 1 1 0 1 0 1 1 1 1 0 1 1 0 1 0 1 0 1 1 0 1 1 1 0 0 
0 0 1 1 0 0 0 1 0 1 0 0 0 1 1 1 0 0 1 1 0 1 1 1 0 0 0 0 1 0 0 0 0 0 1 0 0 1 0 1 1 0 1 1 1 0 0 0 1 0 1 1 1 1 1 1 1 1 
1 0 0 0 0 0 0 1 1 0 1 1 1 0 1 0 1 0 1 0 0 0 0 0 1 1 1 0 0 0 0 0 0 0 0 1 0 0 0 1 0 1 0 0 1 1 0 1 0 1 1 0 1 1 0 1 0 1 
1 0 1 1 0 0 1 0 1 0 0 1 1 1 1 0 1 0 1 1 1 1 1 0 0 0 1 0 1 1 0 1 0 1 0 0 1 0 1 0 0 1 0 1 0 1 1 1 1 1 1 1 0 0 1 0 0 1 
1 0 0 1 1 0 0 1 1 0 1 0 0 1 1 0 1 0 1 0 1 1 1 0 0 0 0 1 0 1 0 1 1 1 0 0 1 1 1 0 1 1 0 1 0 0 0 1 0 1 0 1 0 1 0 0 1 0 
0 0 1 0 1 0 1 0 0 1 1 0 1 0 1 0 1 1 0 1 1 0 1 1 1 1 0 1 0 0 0 0 0 1 0 1 0 0 1 0 1 0 0 0 0 1 0 0 1 0 1 0 0 0 1 0 0 1 
1 0 1 1 0 1 1 0 1 1 0 0 1 1 1 0 0 1 1 0 1 0 1 1 0 1 1 1 1 1 1 1 1 0 0 1 0 1 0 1 0 0 1 0 0 0 0 0 0 1 0 1 0 1 0 0 1 0 
0 0 1 1 1 1 1 0 0 1 1 0 0 0 1 0 0 1 0 0 1 0 1 1 0 1 1 0 0 0 0 0 0 0 1 0 1 0 0 1 0 1 0 0 1 1 0 1 0 1 1 1 1 1 0 1 0 1 
0 0 1 0 0 0 0 1 0 1 0 0 1 0 1 1 0 1 0 1 0 0 0 0 1 1 1 1 1 1 1 1 0 0 1 0 0 0 0 0 1 0 0 0 0 0 1 0 1 1 1 1 1 1 1 0 1 0 
0 0 0 1 1 0 1 0 0 0 0 0 0 0 0 1 0 0 1 0 1 0 1 0 1 1 0 1 1 1 1 1 1 1 0 0 1 0 0 0 0 1 0 0 1 1 1 1 1 0 1 0 0 1 1 0 0 1 
1 1 0 0 1 1 0 1 1 1 1 1 1 1 0 0 0 1 1 1 1 0 0 0 1 0 1 0 0 1 1 1 1 1 0 0 0 0 1 1 1 1 0 1 0 1 1 0 0 0 0 1 0 0 0 1 0 1 
1 1 1 0 0 0 1 0 0 1 0 1 0 0 0 1 1 1 0 0 1 0 0 1 0 0 1 0 0 0 1 1 1 0 0 1 0 1 0 0 1 0 0 1 0 0 0 1 1 0 1 1 1 1 0 1 0 0 
1 0 0 0 1 1 1 1 0 1 1 0 0 0 1 0 1 1 0 0 1 0 0 0 1 1 0 1 0 0 1 1 0 1 0 1 0 1 1 1 0 0 1 0 0 0 0 1 0 1 1 1 1 0 1 0 1 1 
1 0 1 1 1 1 0 1 1 1 0 0 0 1 0 1 1 0 0 0 1 0 1 1 1 0 1 0 0 0 0 1 0 1 0 0 1 1 1 0 0 0 0 0 1 0 1 0 0 1 0 1 1 1 0 0 1 1 
1 1 0 1 1 0 0 1 0 1 0 0 1 0 0 1 0 1 1 0 1 1 1 0 1 1 1 1 1 1 1 0 0 1 1 1 1 0 1 0 1 1 0 1 0 0 0 0 1 0 0 0 1 0 0 0 1 0 
0 0 1 1 1 1 0 0 1 1 0 0 1 0 1 1 1 1 1 1 0 0 1 0 1 1 0 1 1 1 1 1 0 0 0 1 0 0 1 1 0 0 1 1 0 0 1 1 0 0 0 0 1 0 0 0 1 1 
1 0 0 1 0 0 1 0 1 1 1 1 0 1 1 1 0 1 0 1 0 0 0 0 0 1 0 0 1 1 1 0 0 0 1 0 0 1 0 0 0 1 1 1 0 0 0 1 1 0 0 1 0 0 1 0 1 0 
1 0 1 0 1 1 0 0 1 1 1 0 1 0 1 0 1 0 0 1 1 1 0 1 0 0 0 1 1 1 1 0 0 1 0 1 0 1 1 0 0 1 0 1 1 1 1 0 1 1 1 0 0 1 0 0 0 0 
1 1 1 1 1 1 0 1 0 0 0 0 0 0 1 0 1 0 0 0 0 1 1 1 0 1 1 0 1 1 0 1 0 1 0 1 1 0 0 1 0 1 1 1 1 0 1 1 0 1 1 0 1 1 0 1 0 1 
1 0 0 1 1 0 0 1 1 1 1 1 1 1 0 0 0 0 1 0 1 1 1 0 0 0 1 0 1 0 1 0 0 1 1 1 1 0 0 0 1 1 1 0 0 0 1 1 0 0 1 1 1 0 1 1 1 1 
1 0 1 0 1 1 1 0 0 0 0 0 0 0 1 0 0 1 0 1 0 0 1 1 1 1 0 0 0 1 1 0 1 0 0 0 1 0 1 1 0 1 1 1 1 0 1 0 0 1 1 0 1 1 0 0 0 0 
0 0 1 0 0 0 0 1 1 0 1 0 1 1 1 1 0 1 1 1 1 1 0 0 0 1 1 0 1 1 0 0 0 1 0 0 1 0 1 0 0 0 0 0 0 0 1 0 1 0 0 0 0 0 0 0 0 0 
0 1 1 0 1 1 1 1 0 0 0 1 1 0 0 1 0 0 1 1 0 0 0 0 0 0 1 1 0 1 1 0 0 0 0 0 0 1 1 0 1 1 1 0 0 1 0 0 1 1 0 0 0 0 0 0 0 1 
1 0 0 0 0 1 1 0 1 1 1 0 1 0 0 0 1 0 0 1 0 1 0 0 1 0 0 0 1 0 1 0 0 0 1 0 1 0 0 0 1 1 0 0 0 0 0 1 0 0 0 1 0 0 1 1 1 0 
1 0 0 1 0 1 1 1 1 0 1 0 0 0 1 0 0 1 1 1 0 1 1 0 0 1 1 0 1 0 0 0 0 0 1 0 1 0 0 1 0 1 1 0 0 0 1 0 0 0 1 0 1 1 1 0 0 0 
0 1 0 0 0 0 0 1 0 0 0 0 1 0 0 0 1 0 0 0 0 0 0 0 1 1 1 0 1 1 0 1 1 0 1 1 0 0 0 0 0 0 1 1 1 1 1 0 1 1 0 1 0 0 1 1 1 0 
1 1 0 1 0 1 1 0 0 1 0 0 1 0 1 0 1 0 1 0 0 0 1 0 0 1 0 1 0 1 0 1 0 0 0 1 1 1 1 1 0 1 1 0 1 0 0 0 0 0 0 0 0 1 0 0 1 0 
0 1 0 0 1 0 0 1 1 1 1 0 0 1 1 1 1 0 0 0 0 0 0 0 1 0 0 1 1 1 0 1 0 0 1 1 0 1 1 0 0 0 0 0 1 0 1 1 0 1 1 1 0 1 1 1 1 1 
0 0 0 0 1 1 0 0 0 1 1 1 1 1 1 1 1 1 1 1 0 0 0 1 1 0 0 0 1 1 0 0 0 0 0 1 1 1 0 0 0 1 1 1 1 1 0 0 0 0 1 0 0 0 1 1 0 1 
1 0 0 1 0 0 0 0 0 1 1 0 1 1 1 1 0 0 0 1 1 0 1 0 0 1 0 1 0 1 0 1 1 0 1 1 1 1 1 1 0 1 1 0 0 0 1 1 1 1 0 0 1 1 0 1 0 1 
0 0 0 0 1 1 0 0 0 1 1 1 0 0 0 1 0 1 0 1 0 1 0 0 1 1 1 1 0 1 0 0 1 0 0 0 1 0 1 1 0 0 1 0 0 1 0 0 0 0 1 0 1 1 0 0 0 1 
1 0 0 0 0 1 0 0 0 0 1 1 1 1 1 0 1 0 0 1 0 0 1 0 1 0 1 1 0 0 1 0 0 1 0 1 1 0 1 1 0 0 0 0 1 1 0 1 1 0 0 0 1 0 0 0 0 1 
1 1 1 0 1 0 0 1 1 1 1 0 0 0 1 0 0 0 1 0 1 1 1 0 1 0 0 1 0 0 0 1 1 0 0 0 0 0 1 1 1 1 1 1 1 0 1 1 1 0 1 0 1 0 0 0 0 0 
1 0 1 0 0 0 0 0 1 0 0 0 1 1 1 0 0 0 1 1 1 0 1 1 0 1 1 1 1 0 1 1 0 0 1 0 1 1 0 0 1 0 0 0 1 0 0 1 0 1 0 0 1 0 1 0 1 0 
1 0 0 0 1 1 1 0 1 0 1 0 0 0 0 0 0 0 0 1 1 1 0 0 1 0 0 0 0 1 0 1 1 1 1 1 0 0 1 1 0 1 1 0 1 0 1 0 0 1 1 1 0 1 1 1 1 1 
1 1 0 0 0 0 1 0 1 1 0 0 0 1 1 0 1 1 0 0 1 0 0 0 1 0 1 1 0 1 0 1 0 1 1 1 1 0 1 0 1 1 0 0 0 0 0 0 1 0 0 0 0 0 0 1 1 1 
0 1 0 1 0 1 0 0 0 1 0 1 1 0 0 1 0 1 1 0 1 0 0 1 0 0 0 0 1 1 0 0 0 0 1 0 1 1 0 1 0 1 0 1 1 1 0 1 0 0 1 1 0 1 0 1 1 0 
1 0 1 1 0 1 0 1 0 1 0 0 1 0 1 1 1 0 0 0 1 0 0 0 1 0 1 0 1 0 0 1 1 0 0 1 1 0 1 1 0 1 0 1 0 1 0 1 0 1 1 1 1 1 0 1 0 1 
1 1 0 1 0 1 1 1 0 1 1 1 0 1 1 0 0 1 0 1 0 0 0 0 1 1 1 1 0 1 1 1 1 1 1 1 0 0 0 0 1 0 0 0 1 1 0 0 0 0 1 0 0 1 0 0 0 0 
1 1 1 0 0 0 1 1 0 1 0 0 0 1 0 0 1 0 1 0 0 1 0 1 1 1 0 0 1 0 0 0 1 1 1 0 0 0 1 0 0 1 0 0 1 1 0 0 1 1 0 1 0 1 0 1 0 0 
1 1 0 1 1 0 1 0 0 1 1 1 1 1 1 1 1 0 0 1 0 1 0 1 0 0 0 0 1 0 0 1 1 1 0 0 1 1 1 1 0 0 0 1 1 1 1 0 1 1 1 0 1 1 1 1 1 1 
0 0 1 0 1 0 1 0 0 0 1 1 1 0 1 0 1 0 1 0 0 1 0 1 1 1 0 0 0 1 1 0 0 0 1 1 0 0 1 0 1 1 0 0 1 1 0 0 0 0 1 0 1 1 0 0 0 0 
0 0 0 1 1 0 1 0 1 1 0 1 1 1 0 1 0 1 1 0 1 1 0 0 1 1 1 1 1 1 0 1 0 0 0 1 0 1 1 1 0 1 0 0 1 0 1 1 1 0 1 1 1 0 1 1 1 1 
0 1 0 0 0 0 0 1 1 0 0 0 0 1 0 0 1 1 1 0 0 0 1 1 1 0 1 1 1 1 0 0 0 0 0 0 1 1 1 0 1 0 1 1 1 1 0 0 0 1 0 0 1 1 1 1 0 1 
0 1 0 0 1 0 0 0 0 1 1 0 0 0 0 1 0 1 0 0 1 0 1 1 0 0 1 1 1 1 0 1 0 0 1 0 0 0 0 1 1 1 1 1 1 1 0 1 0 0 1 1 0 0 0 0 1 1 
0 0 0 0 0 1 1 1 1 1 1 1 0 1 0 1 0 1 0 1 1 0 1 0 1 0 1 0 0 0 1 0 0 0 1 0 1 0 0 0 1 1 1 0 0 1 1 1 0 0 0 1 0 1 0 0 1 1 
0 0 1 1 0 1 1 1 0 0 1 0 0 1 1 1 1 0 0 0 1 1 0 1 0 1 0 0 1 0 1 1 0 0 0 0 0 0 0 0 0 1 0 1 0 1 0 1 1 1 0 0 0 0 1 0 1 0 
1 0 0 0 1 0 1 0 0 1 0 0 1 0 0 1 1 0 0 0 0 0 1 0 0 1 0 0 1 0 0 0 0 0 1 0 0 0 0 0 1 0 1 0 0 1 1 0 1 1 0 1 1 1 1 0 0 0 
0 1 0 0 0 0 0 1 0 0 1 0 0 0 0 1 0 1 0 1 1 0 0 1 1 0 0 1 0 0 1 0 1 1 0 1 1 0 0 0 0 1 0 0 1 1 0 1 0 0 0 1 0 1 0 0 1 0 
1 1 0 0 1 1 1 1 1 0 1 1 0 1 1 1 1 0 0 1 0 0 0 0 1 0 1 1 0 0 1 1 1 1 1 0 0 0 1 1 1 0 1 1 1 0 0 1 0 0 0 0 0 0 1 1 1 0 
0 1 1 1 1 0 0 0 1 1 1 0 0 0 1 1 1 0 1 0 1 0 0 0 0 1 0 1 0 1 0 1 1 1 0 0 1 1 0 0 0 1 1 0 1 0 0 1 0 1 1 0 1 1 0 0 0 0 
1 1 0 1 0 1 0 0 1 0 1 1 0 1 1 1 0 0 1 0 1 0 1 0 0 1 0 0 1 0 0 0 1 0 0 1 1 0 0 0 0 1 0 1 1 1 0 1 1 0 1 1 0 0 1 0 1 1 
0 0 0 0 1 1 1 1 1 0 1 1 1 0 0 1 1 1 0 1 0 1 1 1 0 1 0 0 1 1 1 1 0 1 0 1 1 1 0 0 1 1 1 0 1 1 1 0 1 1 0 1 1 1 1 1 1 1 
1 0 0 1 0 0 0 0 1 1 1 1 1 0 1 0 1 0 0 0 1 1 0 1 0 1 0 1 0 1 0 0 0 1 1 0 1 1 0 1 1 1 0 0 1 1 1 0 0 1 1 1 0 1 0 0 0 0 
0 0 0 0 0 0 1 1 0 1 1 0 0 0 1 0 0 0 0 1 1 0 0 0 1 0 1 1 1 1 1 1 1 1 1 0 1 1 1 1 0 0 1 0 0 0 0 1 1 0 0 0 0 1 0 1 1 1 
0 0 0 0 1 1 1 1 1 1 0 1 0 0 1 0 0 0 0 0 1 1 1 1 1 1 0 1 1 0 0 1 0 0 1 0 0 1 1 1 0 1 0 0 1 0 0 1 0 1 1 1 0 0 0 0 0 1 
1 1 1 0 0 1 0 0 1 0 1 0 0 1 1 0 1 0 0 0 1 0 1 1 1 1 1 0 1 1 1 1 0 0 1 1 1 1 1 1 0 0 1 0 1 1 0 0 1 1 0 1 1 1 0 1 1 1 
1 0 1 0 1 1 0 0 0 1 0 1 0 0 1 0 0 0 1 0 1 0 1 1 1 1 1 1 0 0 1 1 0 0 1 0 1 1 0 0 0 0 1 1 0 1 1 0 1 0 1 0 0 0 0 0 1 1 
1 1 1 0 0 1 0 1 1 0 0 0 0 1 0 1 0 1 0 1 1 0 1 0 0 1 1 0 1 0 1 1 0 0 1 0 0 0 0 1 0 0 1 0 1 0 1 1 1 0 0 0 0 1 1 0 1 0 
1 0 0 0 1 0 1 1 1 1 1 1 0 1 1 0 1 1 0 0 0 1 0 1 1 0 0 0 1 1 0 0 0 1 0 1 1 1 0 0 0 1 1 1 0 1 1 1 0 1 0 0 0 0 1 1 1 0 
0 0 1 0 0 1 1 0 1 1 0 1 1 0 1 1 1 1 0 0 1 0 1 1 0 1 1 0 1 0 0 1 0 1 1 0 1 1 1 0 0 1 1 1 1 0 0 1 0 0 1 1 0 1 0 1 0 1 
