64 54 667
71 6 94 59 43 34 52 82 47 40 78 65 83 60 17 63 26 29 81 2 14 73 30 35 88 8 15 10 65 57 16 35 14 61 45 56 95 96 89 93 87 67 58 70 26 26 84 3 55 16 4 20 89 33 
54 76 41 20 37 57 28 4 43 93 64 39 48 10 86 89 3 72 55 12 93 80 37 28 34 43 44 37 62 84 22 68 11 62 87 47 70 67 50 12 59 65 50 59 75 87 47 29 58 1 40 3 32 28 
30 65 71 25 1 32 60 22 51 70 35 90 16 4 56 17 67 14 34 16 24 60 2 70 88 12 22 79 14 53 58 95 69 28 72 70 12 31 43 62 1 30 51 16 33 6 85 52 72 18 67 95 77 21 
17 16 84 38 46 97 43 3 43 11 31 14 32 42 45 27 55 45 56 6 12 40 63 96 91 34 65 10 81 93 82 49 8 65 38 5 13 80 8 55 43 38 69 74 31 13 52 37 9 59 42 20 51 5 
68 93 90 84 2 22 77 35 70 36 99 8 41 11 39 100 18 81 89 86 7 71 50 58 7 10 69 49 29 19 5 48 11 94 32 65 68 60 99 37 47 98 96 87 60 35 38 29 67 26 66 73 96 15 
83 3 24 51 3 5 69 7 52 79 52 35 43 19 46 42 56 93 91 3 31 2 37 69 83 4 94 48 28 42 15 10 44 90 60 46 94 80 4 98 11 55 84 53 26 30 46 33 22 88 35 52 42 24 
72 24 27 66 71 6 59 37 16 2 27 27 99 20 7 54 69 17 60 53 21 85 34 19 17 55 58 4 58 51 27 30 74 5 47 97 10 5 33 25 58 59 4 8 31 10 61 51 78 72 55 50 57 88 
20 25 94 78 28 52 28 6 33 54 10 79 50 20 35 34 96 92 45 99 51 75 60 63 77 37 34 32 39 42 19 58 19 65 35 98 16 15 4 100 68 13 78 69 84 64 2 80 7 98 78 57 24 38 
71 1 26 4 32 64 98 2 22 16 66 8 13 33 22 68 32 41 33 61 9 16 24 63 95 82 60 25 38 84 14 60 36 39 16 67 55 13 20 28 80 86 35 44 70 9 12 2 1 44 14 62 59 90 
76 6 71 87 82 9 70 95 20 57 85 35 23 91 47 95 18 26 80 5 22 1 65 33 2 17 28 16 78 38 5 53 43 27 40 76 87 61 22 7 18 7 41 92 49 88 86 67 65 17 23 86 18 87 
70 71 3 97 38 33 35 94 37 29 21 76 5 7 89 78 13 58 36 54 1 85 93 39 3 9 7 25 47 76 63 16 47 17 65 36 49 99 82 86 79 2 13 35 60 1 13 25 10 48 30 11 84 74 
49 86 82 55 62 28 31 24 96 29 41 60 16 89 10 97 26 88 50 39 75 62 39 87 86 1 86 67 11 22 40 11 7 73 17 69 1 47 44 96 27 84 7 43 25 16 91 50 55 41 88 29 2 79 
67 39 79 5 5 41 26 96 51 84 68 67 4 20 66 48 67 44 83 73 38 7 40 29 9 95 21 96 23 22 26 42 12 4 46 68 96 71 63 46 6 82 65 62 2 30 9 20 25 43 93 63 2 32 
91 10 78 11 5 1 84 83 42 47 86 39 14 82 61 28 79 66 9 43 27 62 24 87 82 49 30 26 11 31 9 53 92 87 15 48 39 50 30 32 96 68 70 9 1 30 36 79 47 44 74 26 58 49 
12 39 97 93 64 59 75 24 63 66 10 77 14 100 26 95 31 73 62 52 81 62 33 68 93 80 64 18 5 21 66 68 11 15 13 74 73 87 49 88 5 59 64 70 58 42 64 41 66 78 92 47 91 25 
66 35 56 29 52 60 1 70 79 11 84 91 36 8 30 85 95 34 95 11 3 4 4 18 44 69 95 36 67 86 12 33 72 67 13 24 78 14 93 8 24 28 99 12 35 28 96 82 13 90 92 67 93 47 
84 89 15 31 76 82 68 87 66 39 5 78 14 34 43 6 41 19 85 39 30 20 18 77 53 30 18 44 48 62 42 32 50 56 62 25 89 29 63 54 19 19 84 33 52 26 90 93 44 75 83 25 46 1 
1 98 82 70 93 30 32 34 13 33 41 26 10 30 6 72 35 24 43 18 56 94 96 98 86 91 72 69 68 17 21 20 66 54 90 58 35 73 43 99 5 83 24 14 64 29 38 99 5 80 68 12 73 15 
9 11 6 80 31 25 48 3 44 13 56 33 22 43 5 16 41 10 51 65 75 14 45 12 64 49 43 84 61 16 98 21 78 55 53 8 79 100 10 23 65 17 7 38 59 12 54 52 73 4 16 99 69 12 
63 33 13 5 16 25 72 65 45 49 20 97 8 98 49 69 72 13 86 79 2 96 42 55 47 66 10 14 64 79 78 26 63 90 83 78 14 54 42 58 3 13 55 62 63 3 31 34 67 16 64 68 63 5 
75 62 22 84 75 86 14 52 63 76 41 45 5 6 51 99 64 5 11 70 66 73 24 96 59 90 63 22 9 26 27 83 39 100 19 13 85 32 17 100 60 9 96 16 15 46 14 30 50 77 99 68 1 74 
63 11 63 26 33 23 3 11 6 41 10 24 5 47 7 73 98 18 34 93 34 48 91 99 29 40 75 79 7 28 52 22 38 66 99 22 88 53 84 45 45 94 20 49 92 27 74 89 44 7 81 77 6 71 
28 34 63 2 64 21 81 15 94 71 32 92 44 71 96 28 16 40 21 35 41 12 13 14 52 9 72 32 37 77 55 64 62 69 18 25 89 98 91 83 20 22 26 64 92 22 91 59 13 63 46 53 26 58 
18 77 66 89 60 55 65 14 18 78 82 35 2 23 85 92 5 56 65 82 19 9 55 61 19 68 23 64 20 48 22 90 76 39 78 36 93 95 49 63 72 83 49 74 5 33 17 61 89 34 42 59 94 49 
20 12 16 94 76 87 94 49 76 69 39 54 56 84 100 5 46 71 39 46 96 43 79 65 3 19 98 96 29 43 96 100 54 11 94 81 50 39 29 77 7 20 82 63 3 81 19 100 52 57 45 99 51 75 
63 5 45 12 52 26 54 48 25 8 10 70 40 59 8 21 88 67 40 69 81 94 50 99 45 53 7 41 51 57 16 14 13 12 25 64 37 31 11 62 90 73 31 29 83 91 49 70 57 40 39 37 33 40 
87 77 92 45 70 42 53 85 7 65 96 84 28 85 14 91 46 3 63 28 31 97 70 32 67 26 71 57 14 4 96 52 32 39 96 53 80 48 37 39 12 85 22 92 69 35 82 66 37 96 45 67 92 15 
98 58 92 21 66 58 76 61 9 59 99 57 12 31 4 48 21 68 84 42 59 4 76 40 21 64 87 18 82 78 84 32 88 75 52 53 84 27 66 45 85 16 1 96 98 4 96 18 23 31 11 81 35 38 
72 55 1 58 24 83 88 7 14 75 34 17 79 17 43 96 61 79 12 61 75 9 17 22 79 39 52 89 72 38 27 43 45 79 1 68 13 40 75 78 14 8 94 44 24 88 40 37 67 3 49 93 63 65 
14 41 56 65 82 79 3 60 21 99 38 73 66 51 12 40 80 77 47 74 21 23 61 12 59 27 14 7 19 76 24 84 17 31 1 50 9 55 9 81 53 98 54 18 100 17 10 80 94 56 53 66 30 65 
77 40 44 90 99 14 65 74 98 81 56 50 82 64 4 90 96 56 88 1 25 87 18 34 18 63 42 22 28 71 87 4 63 82 93 61 95 9 34 44 42 89 93 23 4 96 13 51 3 52 52 28 90 69 
13 8 31 54 29 10 77 67 13 39 48 57 99 95 65 84 38 6 24 83 81 27 78 93 77 33 96 80 12 85 48 24 44 30 30 73 91 6 91 55 96 91 11 94 85 28 29 22 85 52 4 65 30 34 
9 58 18 4 38 29 89 37 4 32 19 33 56 9 90 99 64 85 89 26 30 73 5 58 46 90 61 2 6 42 87 15 100 4 18 89 84 58 77 87 42 47 20 49 56 9 47 71 94 87 48 23 59 53 
33 57 94 93 58 51 87 96 65 86 99 35 26 82 44 54 68 37 1 39 86 8 100 84 30 45 71 77 19 81 81 3 89 26 48 98 77 34 93 93 71 91 27 96 24 23 49 44 59 1 82 96 8 33 
80 37 77 2 66 48 34 46 50 23 24 97 20 100 30 13 44 52 55 23 47 79 45 48 22 3 48 55 99 56 88 30 44 16 31 9 15 16 55 65 38 30 13 10 81 95 22 24 46 28 46 45 6 90 
44 27 45 91 82 43 98 21 72 42 88 54 2 3 69 56 67 59 37 31 68 17 25 41 41 23 68 86 67 26 28 10 52 72 52 85 14 2 57 37 95 45 42 96 47 62 4 65 72 40 95 91 57 72 
31 97 46 51 34 64 76 61 73 79 32 76 16 97 77 72 85 71 16 26 19 62 40 22 26 11 61 73 54 17 96 36 65 41 86 99 4 13 59 28 44 43 55 59 39 84 30 24 6 98 1 24 59 92 
45 37 55 6 61 8 74 8 43 39 48 81 37 3 93 47 82 88 41 36 46 80 19 28 55 25 25 7 48 35 51 45 23 5 2 35 64 75 42 6 13 89 86 1 43 31 100 24 18 40 60 16 71 30 
95 77 54 19 84 54 5 86 50 80 90 51 14 53 25 56 10 90 96 48 90 39 30 41 62 99 81 73 14 3 3 8 80 56 78 15 61 35 100 10 14 89 60 79 93 37 34 54 26 82 1 67 20 82 
8 33 81 40 6 46 42 8 6 73 15 35 87 28 69 86 37 34 26 49 13 70 85 98 24 10 79 76 28 50 58 87 83 90 26 88 35 20 47 40 92 61 75 31 88 43 16 77 29 94 25 93 63 61 
90 38 22 69 14 49 70 23 36 52 12 13 91 46 32 37 86 76 50 12 58 37 6 73 65 34 18 89 26 81 1 68 18 22 88 83 71 57 5 6 9 16 18 99 14 2 36 51 29 85 62 86 73 67 
10 90 1 28 78 78 60 31 45 77 52 32 12 22 89 16 79 49 84 49 47 97 2 34 47 30 70 8 67 95 26 28 84 78 7 13 56 66 43 52 95 95 84 6 68 24 73 47 72 56 95 70 4 48 
56 2 29 25 9 95 71 87 74 54 64 81 67 19 98 61 71 92 55 6 49 75 81 74 21 52 29 67 73 85 66 28 86 94 5 47 88 75 33 61 81 96 93 99 67 91 59 89 34 66 94 35 40 74 
8 12 77 88 30 1 24 95 81 10 88 85 56 27 11 40 39 91 87 32 89 53 74 100 93 59 65 86 93 56 11 52 67 39 92 48 92 15 42 72 24 29 56 31 7 18 22 45 9 9 28 49 13 1 
48 6 60 64 43 4 19 54 8 37 44 99 84 35 65 77 6 41 57 13 23 63 31 45 8 91 53 35 39 65 88 39 70 99 54 13 54 73 18 61 61 13 11 97 48 28 73 5 68 30 70 90 92 100 
34 51 42 38 38 32 55 77 70 76 75 76 40 80 48 57 93 60 22 3 56 69 82 29 25 49 10 94 39 53 45 24 4 86 14 93 18 68 69 39 43 95 14 83 74 13 91 18 73 12 73 80 32 54 
8 57 3 69 2 93 22 47 68 77 32 81 69 49 100 89 40 43 35 53 77 60 18 67 78 90 31 50 21 62 3 81 70 57 49 72 49 70 18 17 98 49 49 18 50 49 58 41 43 92 45 19 52 62 
37 81 3 67 30 24 81 84 4 50 41 52 21 89 74 38 57 71 39 6 41 40 6 98 80 48 90 24 66 93 38 2 73 40 21 54 15 1 37 18 50 77 22 23 18 47 60 26 69 50 83 9 41 88 
7 20 35 48 96 52 92 33 54 64 24 26 69 39 26 5 8 27 34 29 49 3 75 61 28 96 10 11 4 51 98 62 22 85 9 69 36 100 1 41 15 77 66 35 67 91 40 74 18 25 55 18 79 81 
78 6 76 88 68 80 90 18 41 11 2 2 80 37 53 32 78 20 60 95 54 26 38 45 100 7 69 54 24 47 86 2 5 62 89 72 93 30 89 85 40 42 86 71 79 91 3 8 10 14 54 15 40 91 
60 39 97 80 44 21 79 81 22 83 42 62 6 34 91 47 19 82 88 56 53 18 98 7 77 59 20 31 74 59 73 33 49 70 12 44 90 42 77 63 24 18 76 82 4 66 80 74 47 67 29 51 37 79 
57 65 37 29 47 10 39 20 42 40 41 6 35 82 47 11 44 23 81 19 56 84 36 35 57 82 53 37 85 41 15 93 6 52 21 4 61 12 23 55 3 63 12 37 44 10 100 39 32 80 9 39 63 44 
73 19 78 26 55 62 66 22 54 23 73 27 27 85 90 49 39 92 64 2 80 59 12 79 50 95 58 58 34 20 2 58 90 31 83 97 92 1 18 97 23 90 75 49 26 16 50 65 59 65 18 39 23 81 
17 24 76 27 82 61 46 35 18 88 65 53 84 8 53 1 56 75 42 83 24 67 98 25 83 57 89 1 47 63 81 63 87 8 89 20 20 87 6 38 26 70 42 9 29 94 61 36 20 54 18 95 20 68 
19 55 76 7 7 22 70 39 36 8 99 77 27 18 63 32 7 88 53 48 48 33 93 60 68 13 13 38 7 84 5 26 38 32 84 96 53 5 35 88 12 85 64 90 2 78 73 61 17 77 8 16 61 53 
75 81 65 87 18 23 71 74 100 60 5 84 56 57 40 42 96 4 26 60 45 79 89 18 39 58 46 99 73 59 51 48 39 67 34 56 89 56 29 41 16 33 76 23 41 15 16 36 18 41 47 63 71 36 
32 10 93 29 60 65 87 10 64 25 28 50 80 68 5 60 8 72 44 83 94 84 50 9 20 67 1 66 81 24 53 64 33 45 93 44 62 31 53 77 56 32 26 87 99 31 47 59 54 90 93 48 74 42 
8 45 61 61 10 41 84 15 5 68 11 49 11 72 79 15 1 34 46 26 73 96 8 19 54 62 60 47 61 85 88 68 29 48 80 91 41 63 5 97 82 15 45 92 39 23 58 91 9 3 16 81 99 24 
51 4 37 62 50 97 99 90 16 27 37 96 69 29 10 25 25 92 92 69 35 82 44 93 72 52 47 39 84 97 62 34 1 50 47 50 46 45 39 62 24 28 9 92 56 70 69 81 13 12 1 48 45 44 
92 16 95 90 54 78 87 68 63 87 69 10 88 15 54 79 28 77 6 36 21 13 5 41 45 70 52 46 17 96 89 60 63 84 49 68 13 87 87 76 73 56 85 13 70 90 91 49 67 48 36 39 60 92 
79 57 61 30 2 77 77 90 88 39 25 89 6 38 75 93 65 100 48 1 12 69 90 54 17 8 1 52 46 12 43 24 68 56 5 21 32 81 11 72 71 35 60 77 24 34 21 88 33 20 88 44 40 30 
97 56 37 49 59 83 13 53 58 32 8 63 53 92 95 63 15 66 49 74 94 73 7 66 12 92 37 52 87 76 81 36 83 17 84 41 51 48 45 61 80 5 75 32 96 69 94 10 86 94 35 31 66 93 
96 30 84 32 81 71 7 61 6 41 29 41 81 32 89 78 92 68 82 66 99 29 86 44 38 72 37 24 54 55 16 2 84 100 33 64 22 92 76 27 32 4 19 65 87 7 42 78 26 75 95 24 3 81 
19 92 4 8 15 57 62 30 58 97 81 43 12 2 86 87 28 69 42 99 85 29 5 78 6 31 52 53 6 54 33 77 97 36 84 11 44 45 93 54 93 73 48 4 27 85 90 6 53 83 4 38 11 9 
0 0 0 0 0 1 1 0 1 0 1 0 0 0 0 0 1 0 1 0 1 1 0 0 0 1 1 0 0 1 0 0 1 0 0 1 1 0 1 1 0 0 1 0 1 0 1 0 0 0 1 0 1 1 
0 1 0 1 1 0 1 1 1 0 1 1 0 1 1 1 0 1 0 1 0 1 1 1 1 0 1 0 0 0 0 0 1 0 0 1 1 1 0 0 1 0 1 1 1 1 1 1 0 1 0 0 0 0 
1 1 0 0 0 0 0 0 0 0 0 0 1 1 1 1 1 1 1 1 0 0 0 1 1 0 0 0 1 0 0 0 0 0 1 0 0 1 0 0 1 0 1 0 0 0 0 1 1 1 0 0 0 0 
1 1 1 0 1 0 0 1 0 0 1 1 0 1 1 0 0 0 1 1 1 1 1 1 0 1 0 1 1 0 1 0 0 0 0 1 0 1 1 1 1 0 0 0 0 1 0 0 0 1 1 1 0 0 
0 1 1 0 0 0 1 1 1 1 0 1 0 0 0 1 1 0 0 0 0 0 1 0 0 1 0 1 0 0 1 0 1 1 1 1 1 0 1 0 1 1 0 1 1 0 1 1 0 1 1 0 1 0 
1 1 0 1 0 0 1 1 1 1 0 0 0 0 0 1 0 1 0 0 0 0 1 1 1 1 0 0 0 1 0 1 0 0 0 0 1 1 0 0 0 0 0 1 0 0 0 1 1 1 1 1 1 0 
1 0 0 1 0 0 1 0 1 1 1 1 0 0 0 0 0 1 0 0 0 1 0 0 0 1 1 1 0 0 0 1 0 0 1 0 0 0 1 1 1 0 0 1 0 0 1 0 1 0 0 1 1 0 
0 1 1 1 0 1 0 0 1 0 0 0 1 0 0 0 1 1 0 1 1 0 0 0 0 1 0 0 1 1 0 1 0 1 0 1 0 0 1 1 1 0 1 0 0 1 0 0 1 0 1 0 0 1 
0 0 1 1 0 0 0 0 1 1 1 1 0 1 0 1 1 1 1 0 1 0 0 1 0 1 1 1 1 1 1 1 1 0 0 1 0 1 1 1 0 0 0 0 1 0 1 0 1 1 1 0 1 1 
1 1 0 0 0 1 1 1 0 0 1 1 1 1 0 0 0 0 0 1 0 0 1 1 0 1 0 1 1 1 0 1 0 0 1 1 1 1 0 0 1 0 1 1 1 1 1 0 1 0 1 1 0 0 
0 0 1 1 0 1 0 0 0 1 1 1 0 0 0 0 0 0 0 1 1 0 0 0 0 1 0 1 0 0 1 1 1 1 0 1 0 0 1 0 1 0 1 1 1 0 0 1 0 0 1 1 0 1 
1 0 1 0 1 1 0 1 0 1 0 0 0 0 1 0 0 0 0 1 0 1 1 0 1 1 0 0 0 1 1 0 1 0 0 1 0 0 0 0 0 0 1 0 0 0 0 0 0 1 1 0 0 1 
0 1 0 1 1 1 0 1 1 1 1 1 0 1 1 0 0 1 0 1 0 0 1 0 0 1 1 0 0 0 1 0 1 1 1 1 0 1 0 1 1 1 0 1 1 0 0 1 1 0 0 1 1 1 
0 1 0 1 1 0 1 0 1 1 0 0 0 0 0 0 0 1 1 0 0 0 0 0 1 0 1 1 1 0 0 1 1 1 1 1 1 0 1 0 1 1 1 1 0 1 1 0 0 1 0 0 1 1 
1 1 1 0 0 0 0 1 0 1 0 1 0 1 1 0 0 1 1 1 0 1 0 0 1 0 1 0 0 0 1 1 1 0 1 0 0 1 1 0 1 1 1 1 0 1 1 0 0 1 1 0 0 1 
0 0 1 1 0 0 0 1 1 1 1 1 1 1 0 0 0 1 1 1 1 0 0 0 0 0 1 0 1 0 1 1 0 1 1 0 1 1 1 0 0 0 1 0 1 0 0 1 1 0 1 0 0 1 
1 0 0 0 0 1 0 0 0 0 1 1 0 0 0 1 0 1 1 0 1 1 0 1 0 1 1 1 0 1 1 1 0 1 1 0 0 0 0 0 0 1 0 1 1 0 0 0 1 0 0 0 1 0 
0 1 1 1 1 1 1 0 0 1 1 0 1 1 0 0 1 0 1 1 1 1 0 0 1 1 0 1 0 1 1 0 0 0 1 1 0 0 1 0 1 0 0 1 1 0 1 1 1 0 0 0 1 0 
0 0 0 0 1 0 1 0 0 0 1 1 1 1 0 1 1 1 1 0 0 1 0 1 0 1 0 0 0 1 1 0 0 1 1 1 1 0 0 1 0 1 0 0 0 0 1 1 0 0 1 0 1 0 
0 1 1 0 0 1 1 1 0 1 0 1 1 1 1 1 0 0 0 0 0 0 1 1 1 1 1 1 1 1 1 1 0 0 1 0 0 1 1 0 0 1 1 1 0 0 0 0 0 0 1 0 0 0 
1 0 1 1 1 0 0 0 0 0 0 1 1 0 0 0 0 1 0 1 0 0 0 1 1 0 1 0 1 0 0 0 0 1 1 1 1 1 1 1 0 1 1 1 0 1 1 0 0 1 0 1 0 0 
0 1 0 1 1 1 1 1 0 1 0 1 0 1 1 1 1 1 1 0 0 1 1 1 1 0 1 1 1 1 1 1 0 0 0 1 1 0 0 1 1 0 1 0 1 0 1 0 1 0 0 1 1 0 
0 1 0 1 0 1 0 0 0 0 0 0 1 1 0 1 1 0 1 0 0 1 0 1 1 1 0 0 0 1 0 0 0 0 0 1 1 0 1 1 1 1 1 0 0 0 0 1 0 1 1 0 0 1 
1 0 0 1 0 0 1 0 1 1 0 1 0 1 1 1 0 0 0 1 1 1 1 1 0 1 0 0 1 1 1 1 1 0 0 1 0 1 1 1 1 1 0 1 0 0 1 0 0 1 1 1 0 1 
0 1 0 1 1 0 0 0 1 1 0 1 0 1 1 1 0 0 0 1 1 0 1 0 0 1 0 1 1 0 0 1 1 1 0 0 1 0 1 0 1 1 1 1 0 0 0 1 0 0 0 0 0 1 
0 0 0 0 0 1 1 0 1 0 1 1 1 0 0 0 0 1 1 0 1 0 0 1 1 1 0 1 1 0 0 1 1 0 0 1 0 1 1 1 1 1 0 0 1 0 0 0 0 0 0 1 0 0 
0 1 1 0 0 0 1 0 0 0 0 0 1 0 1 0 1 0 1 0 1 1 0 1 1 0 1 1 1 1 1 0 0 1 0 0 1 1 0 1 1 1 1 0 1 0 1 1 1 0 1 0 1 1 
1 0 0 1 1 1 0 1 1 1 0 0 1 1 1 0 1 1 1 0 1 0 1 0 1 0 1 0 0 0 0 1 1 0 0 0 1 1 1 1 0 1 1 1 1 0 1 0 1 0 0 1 1 1 
1 0 1 0 1 1 1 1 1 0 1 1 0 0 0 0 1 0 1 0 0 0 1 1 0 0 0 1 1 1 0 1 1 0 1 0 1 0 1 0 0 0 0 1 1 0 1 0 1 0 1 1 1 0 
0 1 0 0 0 0 1 1 1 1 1 0 1 0 1 1 1 1 1 1 0 0 1 1 1 0 0 0 1 1 0 0 0 0 0 1 0 0 0 1 1 1 0 0 1 1 1 0 0 1 1 1 1 1 
0 0 1 0 0 1 1 0 1 0 1 1 1 1 1 1 1 0 0 1 1 1 0 0 0 0 1 1 1 1 0 0 1 0 0 0 1 0 0 0 0 1 1 1 1 1 0 0 1 0 1 0 1 1 
1 1 1 0 1 1 1 1 1 1 1 1 1 0 1 1 0 1 1 0 0 0 1 0 0 0 0 1 1 0 0 0 1 1 0 0 0 0 0 1 1 1 1 0 0 0 1 0 0 0 0 0 0 1 
1 0 0 1 1 1 1 1 1 1 1 1 1 1 1 1 1 0 1 0 0 1 0 0 1 0 0 0 1 1 1 0 1 1 1 1 0 1 0 1 0 1 1 1 1 0 1 0 1 0 0 1 1 0 
1 0 1 0 0 0 1 0 0 0 1 1 1 0 0 0 1 0 1 0 0 0 1 1 0 0 1 0 1 0 1 1 0 0 1 1 0 0 1 0 0 0 1 0 0 0 0 0 0 1 0 0 0 1 
1 0 1 0 1 1 0 0 0 1 0 1 0 0 1 1 0 1 1 1 1 0 1 1 0 0 1 0 0 1 0 0 1 1 0 0 0 1 0 0 0 0 1 0 0 0 1 0 0 0 0 1 0 1 
1 0 1 0 1 0 1 1 0 0 0 0 1 1 1 1 1 1 0 1 1 0 1 0 1 1 1 1 1 1 0 0 0 0 0 1 0 1 0 0 1 0 0 0 1 0 0 1 1 0 0 1 0 1 
1 1 1 0 0 0 0 1 0 0 1 0 1 1 1 1 1 0 1 1 1 1 1 1 0 1 1 0 0 1 1 1 1 0 0 1 0 0 0 0 0 1 0 1 0 1 0 1 0 1 1 1 0 0 
0 0 1 1 0 1 0 0 1 1 0 1 1 1 1 1 1 1 1 0 0 1 1 0 1 1 1 0 0 0 0 0 0 0 1 1 1 0 1 0 1 1 1 0 0 0 0 0 1 1 0 1 0 1 
1 1 1 1 1 1 1 0 0 1 0 1 0 1 1 1 0 1 1 1 1 1 0 1 1 1 0 1 1 1 1 0 0 0 1 0 1 0 0 1 0 0 1 0 1 0 0 1 1 1 1 1 0 1 
0 0 0 1 1 1 0 0 0 0 0 1 0 0 0 0 1 0 0 0 0 0 1 0 1 0 1 0 1 0 1 0 0 0 1 1 1 1 0 1 1 0 1 0 0 1 0 0 1 1 0 1 1 1 
0 0 0 1 1 1 1 0 1 1 0 0 1 0 1 1 1 1 1 0 1 0 1 1 0 0 0 0 0 1 0 0 0 0 1 1 1 1 1 1 0 0 1 1 0 1 0 1 0 0 0 1 0 1 
0 0 0 1 0 0 0 0 0 0 0 1 1 0 0 1 1 1 1 0 0 1 1 1 0 1 1 0 0 1 0 1 1 0 0 1 0 0 0 0 1 0 1 0 0 0 1 1 1 0 0 1 1 1 
0 0 1 1 0 1 0 0 0 1 0 0 1 0 1 1 0 0 1 0 0 0 0 0 1 1 0 1 0 0 1 1 0 0 0 0 1 1 1 0 0 1 0 1 0 1 0 0 1 0 0 0 0 0 
0 1 1 0 1 0 0 0 1 0 0 1 1 1 0 0 1 1 1 0 0 1 1 1 0 1 1 0 1 1 1 1 0 0 1 1 0 0 1 1 0 1 1 1 1 1 1 0 0 1 0 1 0 0 
0 0 1 1 1 0 0 0 1 0 0 0 0 1 0 1 0 1 1 1 0 0 1 0 0 1 1 1 0 1 1 0 0 0 1 1 0 1 1 1 0 1 1 0 0 0 1 1 1 0 0 1 0 1 
1 1 1 0 0 1 0 1 0 0 1 1 1 1 1 0 0 1 1 1 1 0 1 0 1 0 1 1 0 1 1 1 0 0 0 0 1 0 1 1 0 0 1 1 1 0 1 1 1 0 1 0 0 0 
0 1 1 1 1 1 1 0 0 1 0 0 0 1 0 1 1 0 0 0 1 1 0 0 1 1 1 0 1 1 0 1 1 1 1 0 0 0 0 1 1 0 1 1 1 0 1 0 0 1 0 0 0 0 
0 1 1 1 1 0 1 0 0 0 1 1 0 0 1 0 1 0 0 0 0 1 0 1 0 1 0 0 1 0 1 1 0 0 1 1 1 0 1 1 0 1 0 0 1 1 0 0 1 0 0 1 1 1 
0 1 0 0 0 1 1 1 0 1 1 1 0 0 1 0 1 1 1 1 1 0 0 1 0 0 1 0 1 1 1 0 0 1 0 0 0 1 1 1 0 1 0 1 1 0 1 1 1 0 0 1 0 1 
0 0 1 0 0 0 1 0 0 1 1 1 0 0 0 1 1 1 0 1 0 0 1 1 1 1 1 1 0 1 0 0 1 1 0 1 0 1 1 0 1 1 1 1 1 0 0 0 1 1 1 1 1 1 
0 0 0 1 1 0 0 0 0 1 1 1 0 1 0 0 0 1 1 1 0 0 1 1 0 0 0 1 1 1 0 1 1 0 0 0 0 0 0 1 1 0 0 0 1 0 0 1 0 1 1 0 1 0 
1 1 1 1 0 0 0 1 0 1 1 0 0 0 1 0 1 0 0 1 0 0 1 0 1 1 1 0 0 0 1 1 1 0 1 0 0 1 1 0 1 0 1 1 0 0 1 1 0 0 0 1 0 0 
1 1 1 1 0 1 1 1 1 1 1 0 1 1 1 0 0 0 0 1 1 1 1 1 0 1 1 1 0 1 1 0 0 0 1 0 0 0 1 1 1 0 1 0 0 0 0 0 1 1 1 0 0 0 
1 0 1 0 1 0 1 0 0 0 1 1 0 1 1 0 0 1 0 1 1 0 1 0 0 0 1 1 1 1 1 0 1 1 1 1 1 0 1 1 0 0 0 1 1 1 1 1 0 1 0 0 0 0 
0 0 0 1 0 1 0 1 0 1 0 1 0 1 1 0 0 0 0 0 1 0 0 0 1 0 1 0 0 1 0 0 0 0 1 0 0 1 1 0 1 0 1 1 1 0 1 0 0 0 0 1 0 0 
1 1 1 1 1 1 0 1 0 0 0 1 0 0 1 0 0 0 0 1 1 1 1 1 1 0 1 0 1 1 0 1 0 1 0 0 1 0 1 1 1 1 0 1 1 1 1 1 1 1 0 1 1 0 
0 0 0 1 0 1 0 1 0 0 0 0 0 1 1 0 0 0 1 1 1 1 0 1 0 0 0 1 1 1 1 1 0 1 0 0 0 0 1 1 0 0 1 1 1 0 1 0 0 0 1 0 1 1 
1 0 1 1 1 0 1 0 1 1 1 1 1 1 1 1 0 0 1 0 1 0 0 0 0 1 0 1 1 0 1 0 0 0 1 1 1 0 1 0 1 0 0 1 1 1 0 0 1 1 0 0 1 0 
0 0 1 1 1 0 1 0 0 1 1 0 0 0 0 1 0 0 1 0 1 0 0 1 0 1 0 0 0 1 1 0 1 0 1 1 1 0 1 1 1 0 1 1 0 0 0 1 0 1 1 1 0 1 
0 0 1 0 1 1 1 0 1 1 0 1 0 1 1 1 1 1 0 0 0 0 0 1 1 0 0 1 1 0 0 1 1 1 1 0 0 1 0 0 0 0 1 0 0 0 1 1 1 1 1 0 0 0 
1 1 0 1 0 0 0 1 1 1 0 1 1 1 0 1 1 0 1 0 0 1 0 1 0 0 1 0 0 1 0 1 0 0 0 1 0 0 0 0 1 0 1 0 1 1 1 0 1 1 0 1 0 1 
0 1 1 1 1 1 0 1 0 1 1 0 0 0 1 0 0 0 0 1 1 0 0 0 0 1 1 1 0 0 0 0 1 1 0 0 0 0 1 0 1 0 0 1 0 1 1 0 0 0 1 1 0 1 
1 0 0 1 1 0 1 1 1 0 0 1 0 0 1 1 0 1 1 1 0 0 0 0 0 0 0 0 1 0 1 1 0 0 0 0 0 1 1 1 1 0 0 1 0 0 0 1 1 1 0 1 1 0 
1 0 1 1 0 0 1 1 1 0 1 1 0 0 0 1 1 1 1 0 0 0 0 0 1 1 0 1 0 1 1 0 1 0 1 1 1 1 1 0 1 0 0 1 0 0 0 0 0 0 0 0 0 0 
