50 45 1332
55 55 32 75 50 4 9 72 99 10 5 65 71 96 78 3 35 60 86 5 21 79 26 25 39 94 97 52 16 98 85 22 4 16 48 6 71 57 77 69 18 34 85 88 81 
62 90 67 73 28 71 93 6 97 17 44 42 66 47 57 63 31 30 19 98 78 76 68 86 52 89 55 37 73 42 69 87 83 35 59 62 58 4 67 6 72 63 47 37 61 
56 52 44 85 70 41 14 45 61 99 48 49 53 37 73 46 5 59 81 40 70 42 49 73 61 54 44 75 100 33 35 55 84 30 92 5 23 5 1 35 4 100 35 8 88 
7 6 93 66 86 84 87 79 32 59 39 85 54 13 36 38 100 91 73 81 82 29 3 38 29 89 93 81 23 1 68 30 58 12 47 43 95 33 21 78 43 12 62 96 76 
50 86 75 40 58 8 73 87 62 10 67 51 55 47 73 7 67 54 64 78 100 58 73 84 30 2 26 41 64 74 17 13 59 43 4 16 50 28 54 64 89 21 14 43 67 
86 49 85 92 12 63 91 21 87 27 51 88 4 91 3 29 59 67 87 54 70 55 55 49 8 18 38 28 31 80 47 69 81 31 60 44 45 2 65 31 28 15 71 84 57 
73 12 68 40 99 21 61 5 75 10 64 93 47 44 75 78 90 43 58 72 54 2 17 56 66 99 35 32 69 18 88 42 30 55 81 80 27 93 84 2 2 99 46 48 42 
72 26 83 15 35 55 20 36 23 75 53 73 10 36 42 27 76 35 56 30 67 87 9 59 22 10 61 21 7 8 62 78 85 97 44 20 3 64 7 77 90 12 49 99 47 
90 78 22 24 85 4 42 72 12 1 93 73 61 13 79 20 27 8 57 75 52 28 77 67 86 53 56 97 1 7 96 43 84 17 18 68 72 60 39 83 12 84 7 24 48 
85 43 26 45 51 100 48 78 28 14 16 80 21 12 33 27 59 27 62 76 44 30 99 55 20 34 66 3 40 89 3 77 84 28 21 86 28 68 16 55 33 31 87 5 42 
71 32 53 97 45 28 92 74 78 47 46 11 64 48 3 5 50 79 40 30 51 25 9 70 40 15 54 22 1 58 16 71 41 68 19 86 47 11 59 24 9 4 87 72 4 
89 28 5 19 67 34 69 44 42 90 83 57 43 5 9 100 20 32 93 87 50 78 33 12 88 8 20 44 94 44 99 82 71 3 52 90 89 72 33 82 61 67 90 55 23 
99 55 42 82 99 80 83 76 64 95 15 72 66 58 17 9 56 51 32 11 2 21 51 74 5 32 86 71 22 41 94 20 47 87 53 45 19 35 20 82 29 86 5 95 44 
74 55 51 24 86 13 77 58 63 50 62 95 88 85 16 28 78 87 74 16 39 70 34 73 41 68 54 26 72 48 69 97 54 72 20 92 84 97 49 47 98 63 93 37 47 
8 64 76 46 89 91 36 58 25 60 98 92 13 24 15 12 44 12 66 15 83 57 51 79 57 97 29 19 89 65 17 48 81 92 93 69 83 80 79 7 39 28 50 52 51 
64 15 47 27 32 13 10 88 63 40 97 59 68 15 99 85 32 46 65 75 90 85 57 69 63 15 60 91 16 63 93 80 77 91 58 9 4 67 48 66 7 44 77 26 11 
75 10 94 73 74 68 62 59 77 83 73 91 94 15 59 56 60 38 84 50 47 92 53 14 92 71 72 35 99 97 97 73 7 90 97 32 58 59 42 86 93 15 28 86 81 
86 93 40 75 76 90 22 20 94 35 11 16 58 97 14 54 94 39 60 83 35 44 92 93 85 77 37 51 5 74 32 42 66 71 17 42 12 38 61 6 24 71 73 81 19 
87 34 12 25 46 47 59 41 90 4 25 19 92 76 23 66 59 16 31 81 32 72 93 69 84 50 44 6 22 24 25 60 10 88 84 7 34 95 47 24 50 23 42 41 50 
16 6 8 31 89 89 15 60 33 83 96 82 79 1 55 54 25 15 63 13 50 21 98 96 19 21 45 42 14 38 91 81 95 51 12 83 39 26 95 23 60 90 4 90 90 
10 44 67 76 58 79 26 79 76 73 97 49 70 90 62 7 81 95 1 31 6 36 21 83 30 43 94 71 98 84 60 7 79 26 83 36 56 60 66 32 32 15 32 53 4 
45 59 84 39 12 66 96 47 86 78 28 28 24 98 25 59 9 84 37 35 66 72 42 77 38 25 60 52 56 13 55 1 23 91 39 34 56 35 32 42 64 59 21 39 8 
46 97 17 81 33 3 98 57 44 74 94 69 33 97 24 97 3 24 20 93 15 5 49 1 37 42 16 47 62 55 55 59 51 71 39 36 73 36 92 16 61 85 36 46 33 
60 42 35 35 13 28 49 18 28 1 54 69 17 52 82 71 6 41 73 28 31 8 52 19 99 20 79 35 55 76 19 66 18 54 1 30 33 1 99 12 2 4 80 70 56 
13 40 13 5 64 93 88 72 96 6 22 15 36 9 22 12 27 87 81 32 39 62 64 40 61 75 93 64 6 62 71 71 53 84 75 16 28 62 39 23 19 61 38 55 21 
11 18 99 49 50 31 40 11 46 31 23 73 23 39 78 36 9 48 88 44 75 55 71 36 94 46 55 6 35 61 26 45 78 76 45 27 6 84 89 52 14 64 76 88 2 
53 23 62 53 62 58 27 17 80 14 62 25 20 67 59 80 44 55 9 19 100 87 77 83 76 80 97 91 55 36 92 59 59 5 63 20 62 41 88 42 55 49 66 26 67 
77 6 62 31 66 81 30 53 9 65 80 88 13 70 94 48 13 4 6 17 67 78 31 7 65 72 61 66 89 39 32 65 44 94 96 61 26 77 65 86 41 96 25 53 17 
18 1 29 21 58 98 39 35 28 46 52 51 58 69 39 96 52 4 91 97 51 52 22 79 16 59 20 64 83 24 80 52 24 61 25 82 58 63 68 37 8 71 87 66 39 
25 61 91 80 52 87 82 55 61 61 22 19 80 85 54 55 17 5 79 77 29 12 86 92 31 22 51 2 60 16 40 84 29 30 16 32 69 49 38 29 9 59 99 40 96 
52 95 12 9 25 40 37 36 25 80 66 98 31 67 57 98 59 40 26 40 7 9 8 56 46 88 64 57 39 56 52 90 50 15 98 26 54 87 61 78 66 78 75 48 97 
31 46 55 22 23 46 29 32 6 36 29 93 51 85 31 6 36 73 7 2 22 32 55 8 44 32 26 74 58 73 70 88 70 76 62 93 21 42 76 26 77 4 71 27 41 
53 85 28 25 91 30 99 75 84 6 70 68 83 43 25 56 12 65 25 39 26 69 60 67 44 37 43 100 7 21 40 60 5 19 36 96 48 34 22 32 92 91 99 74 34 
75 81 97 39 58 36 64 26 47 82 22 83 24 73 42 45 64 53 1 82 88 96 82 74 69 65 65 60 63 90 45 89 71 93 28 80 80 43 5 26 25 78 61 100 2 
54 44 65 6 45 99 45 92 80 70 13 44 34 24 58 76 68 98 46 12 25 77 92 68 81 69 44 11 29 43 64 34 39 29 39 35 79 36 78 10 5 90 5 91 13 
14 66 32 11 63 44 88 39 35 7 71 3 50 33 84 44 97 17 82 77 8 16 55 43 46 16 47 35 20 37 100 33 54 31 95 16 26 82 54 60 88 77 15 89 9 
50 33 5 66 14 81 73 82 35 67 27 2 14 13 21 2 12 5 8 95 100 23 20 81 29 32 21 5 98 9 65 47 41 70 64 7 2 89 88 89 55 66 90 20 30 
11 74 94 15 81 88 66 3 59 47 83 42 67 39 39 27 4 37 68 25 1 74 26 89 13 14 95 78 4 15 7 66 88 100 80 20 39 46 74 50 44 57 91 62 95 
82 88 50 70 7 74 70 32 52 10 44 65 57 73 20 71 80 85 10 31 65 29 22 62 2 71 57 10 13 18 57 94 57 58 64 64 84 85 95 35 47 39 99 3 11 
71 25 42 55 86 25 19 66 98 32 19 20 88 81 32 57 37 78 14 94 41 77 77 77 23 63 75 61 62 77 24 32 53 17 38 90 93 9 55 90 40 26 9 80 6 
93 36 94 70 49 87 62 25 16 38 48 78 13 60 91 41 35 74 46 4 12 35 96 20 42 38 11 67 98 90 72 90 26 17 59 74 3 20 51 70 58 50 100 22 61 
90 14 48 16 59 51 27 94 98 98 87 35 8 53 33 50 76 22 75 92 33 100 46 52 2 16 61 3 15 34 64 56 48 63 71 6 13 49 51 10 46 37 97 6 41 
29 55 68 2 81 59 34 32 57 38 34 24 50 36 38 84 51 45 83 13 16 88 77 16 91 87 14 79 35 19 20 63 25 87 16 5 98 2 36 54 91 21 77 40 9 
66 75 11 10 57 76 77 97 52 45 87 90 58 17 24 76 36 38 52 75 54 56 72 7 43 77 97 16 53 36 24 70 63 86 79 19 61 8 67 13 52 53 2 9 22 
78 36 57 15 87 83 20 94 54 26 88 30 74 55 34 62 30 3 24 16 34 42 76 93 9 40 44 13 94 4 34 71 91 43 37 29 25 57 74 31 34 13 12 8 68 
98 69 49 100 92 64 85 85 92 77 45 31 72 10 24 27 95 46 17 89 83 97 14 91 22 96 24 35 59 83 54 56 51 2 56 94 18 40 31 9 69 27 91 40 36 
15 67 31 60 35 19 94 84 84 84 5 31 8 91 90 42 96 45 45 50 52 38 67 92 20 27 12 47 17 51 82 31 69 64 43 56 35 36 39 18 20 95 1 79 86 
90 72 81 34 16 82 86 6 48 29 25 74 40 71 43 42 5 25 63 20 67 18 54 55 56 24 74 50 24 4 87 13 75 20 98 91 1 35 48 49 15 72 74 54 95 
16 48 99 41 10 70 59 27 24 13 34 47 38 83 22 93 22 86 68 41 83 10 93 18 57 41 32 80 67 38 74 34 37 24 26 46 94 85 24 69 49 57 15 87 91 
88 79 64 73 98 56 55 59 49 24 15 41 56 47 7 45 20 93 81 96 18 78 89 54 53 57 55 61 23 93 3 10 71 67 34 21 22 88 79 70 12 46 11 19 92 
0 0 0 0 0 1 0 1 1 1 1 1 1 1 1 1 1 0 0 1 1 0 1 1 0 0 0 1 0 0 0 1 0 1 1 0 0 1 1 0 1 0 1 0 1 
1 0 0 1 0 0 1 0 1 0 0 1 0 0 0 0 0 1 0 1 0 0 0 0 1 0 1 1 1 1 0 0 1 0 0 1 0 1 1 1 1 0 1 1 0 
1 1 0 0 1 0 0 1 0 0 0 0 1 1 1 1 1 0 0 1 0 0 0 1 1 1 0 1 0 1 1 1 0 0 1 1 0 0 0 0 0 0 0 0 1 
1 1 0 1 1 1 1 1 1 0 1 1 0 0 1 1 0 1 1 0 0 0 0 0 0 0 1 0 0 1 1 1 0 1 1 1 1 0 1 0 1 0 1 1 0 
1 1 0 0 0 0 0 1 0 1 1 0 0 0 0 1 1 0 1 1 1 0 0 1 1 0 0 1 0 0 0 1 1 0 1 1 1 1 0 1 0 0 0 0 0 
0 1 1 0 0 0 1 1 0 1 0 1 1 0 1 1 0 0 0 0 1 0 1 0 0 1 1 0 1 1 0 1 1 0 0 1 0 1 0 1 0 1 0 0 1 
1 1 1 1 0 1 0 0 1 0 0 0 1 1 1 1 1 0 0 1 0 1 0 0 0 1 0 1 1 0 0 0 0 1 1 0 0 1 0 1 1 0 1 1 1 
0 0 1 1 0 0 1 1 0 1 1 1 0 0 0 0 0 0 0 1 1 0 0 0 0 1 0 1 1 1 0 1 1 1 0 1 0 0 0 0 1 0 0 1 0 
0 0 1 1 0 0 0 1 0 1 1 0 1 0 1 0 1 0 1 0 1 0 0 1 0 1 0 0 1 0 1 1 0 0 0 0 0 1 1 1 0 1 1 1 1 
0 1 0 0 0 1 1 0 1 0 0 0 1 1 1 1 0 1 1 0 1 1 0 0 1 1 0 0 0 1 1 0 0 0 1 0 1 0 0 0 1 1 1 0 0 
0 1 0 1 0 0 1 1 0 1 0 0 0 0 0 1 0 1 0 0 0 0 1 0 1 1 1 0 0 1 0 1 0 0 0 0 0 1 0 0 1 0 0 1 1 
1 0 1 0 0 1 0 1 0 0 0 1 0 0 0 1 0 1 0 0 1 0 0 1 0 0 0 1 1 1 0 0 1 1 0 0 0 0 1 0 0 1 1 0 1 
1 0 1 0 0 1 0 0 1 1 1 1 1 0 0 0 0 0 1 1 0 1 1 0 0 1 1 1 0 1 0 0 1 1 0 1 0 0 0 1 1 1 1 0 1 
1 0 1 0 0 0 0 1 1 1 0 0 0 1 0 1 0 0 1 1 1 0 0 1 0 1 1 1 0 1 0 0 0 1 0 0 1 0 1 0 1 1 0 1 1 
1 1 1 1 0 0 0 0 0 0 1 0 1 0 0 0 1 0 0 0 0 0 0 1 0 0 0 1 1 0 0 0 1 1 1 1 0 0 1 0 0 0 0 1 1 
1 1 0 1 0 0 0 0 0 1 0 1 1 0 0 1 0 0 0 0 1 1 0 1 1 0 1 1 1 0 0 0 0 0 1 0 1 1 0 1 0 1 0 0 1 
0 1 1 0 0 1 0 1 1 1 0 0 1 0 1 1 0 1 1 1 0 1 0 0 0 1 0 1 0 0 0 0 0 1 1 0 1 1 1 0 0 0 0 1 0 
1 1 0 0 0 1 1 0 1 1 0 1 1 1 1 0 1 1 0 0 0 0 1 1 1 0 0 1 0 1 1 0 0 0 0 1 1 1 1 1 0 1 0 0 0 
1 0 1 0 0 1 1 0 1 0 1 1 0 1 1 0 0 1 0 0 0 1 0 1 0 1 0 1 1 0 1 0 0 0 0 0 0 1 0 1 0 1 0 0 0 
1 0 1 1 1 1 1 0 1 0 1 0 0 0 1 0 0 1 0 0 0 0 0 1 0 1 1 0 1 0 0 1 0 1 0 1 1 1 0 0 1 1 1 0 1 
0 0 1 0 1 0 0 1 0 1 0 0 1 0 1 1 0 0 1 0 0 1 1 1 1 1 1 0 0 1 1 1 1 1 1 0 1 1 0 1 0 0 1 1 0 
1 0 0 1 0 0 0 1 1 1 0 1 0 0 1 1 1 0 1 0 1 1 1 0 1 1 1 1 0 0 1 1 1 0 1 1 0 1 0 0 0 0 1 1 0 
0 0 1 1 1 0 0 1 1 1 0 0 0 0 1 0 1 0 1 1 1 0 0 0 0 0 1 0 1 0 0 1 0 0 0 0 0 1 1 1 0 1 0 0 1 
1 0 1 1 0 0 1 0 0 1 1 0 0 1 1 0 0 1 1 0 1 1 0 0 0 1 0 1 1 0 1 0 1 0 0 1 0 1 1 1 0 0 1 1 0 
1 1 0 0 0 0 1 1 0 0 1 1 0 1 1 1 0 1 0 0 1 1 0 0 0 1 1 1 1 0 1 0 1 1 0 0 1 1 1 1 1 1 0 0 0 
1 1 0 1 1 0 0 0 0 1 0 0 0 1 1 0 0 1 1 1 1 1 0 0 1 1 0 0 0 0 0 1 1 0 0 0 0 1 0 0 0 0 0 0 0 
1 0 0 0 1 0 1 1 0 0 0 0 0 0 0 0 0 1 1 0 0 1 0 1 1 0 1 1 1 1 1 0 1 0 1 0 0 0 1 0 0 1 0 0 1 
0 0 1 0 1 1 0 0 1 1 1 0 0 1 1 1 0 1 0 0 0 0 0 1 0 1 1 1 1 0 1 0 0 0 0 0 0 0 0 1 1 0 1 1 1 
0 0 1 0 0 0 0 0 0 1 0 1 1 0 1 1 1 1 1 1 1 1 1 1 0 1 0 0 0 1 1 1 1 0 1 1 0 1 1 1 1 0 0 0 0 
1 1 1 0 0 0 1 0 0 0 0 1 0 0 1 1 1 0 0 1 1 1 0 1 1 1 0 1 1 0 1 1 1 0 1 1 0 1 1 0 1 1 1 0 1 
1 1 0 1 0 0 1 1 0 0 0 1 0 1 0 0 0 1 1 0 1 0 1 0 0 1 1 1 1 1 1 0 1 1 1 1 1 0 0 1 0 1 0 0 0 
1 0 1 0 1 1 1 0 0 1 0 0 1 1 1 0 0 1 1 0 0 0 1 1 1 1 1 0 1 0 0 0 0 1 1 0 1 0 0 1 0 0 1 1 1 
0 1 0 1 1 0 0 1 1 1 0 0 0 0 0 0 1 0 1 0 1 1 1 0 1 1 0 1 0 1 0 1 0 0 0 1 0 0 1 0 1 1 0 0 0 
0 0 1 1 1 1 0 0 1 0 1 0 0 0 0 1 1 1 0 1 0 1 0 0 0 0 0 0 0 0 0 1 0 1 0 0 0 0 0 1 1 0 1 1 0 
0 1 1 1 1 1 1 0 1 0 1 1 0 1 1 0 1 0 0 0 0 0 0 1 1 0 0 1 1 1 1 1 0 1 1 1 0 0 0 1 0 1 0 0 0 
1 0 1 0 1 1 0 1 1 1 0 1 1 1 1 1 1 0 1 0 1 1 0 0 1 1 0 0 1 1 0 0 1 1 0 0 0 1 0 1 0 0 1 0 0 
0 1 1 0 0 1 0 1 1 0 0 0 0 0 1 1 0 1 1 1 0 1 1 1 1 1 1 0 0 1 0 0 0 1 0 1 0 0 0 1 0 1 1 1 1 
0 0 0 1 1 1 1 1 1 0 0 0 0 0 0 1 0 0 0 1 0 1 1 1 1 0 1 0 1 0 0 1 1 0 1 0 1 0 1 0 1 0 0 1 0 
0 0 1 0 0 0 1 1 0 0 1 0 1 1 0 0 1 1 1 1 0 1 1 1 1 1 0 1 0 1 1 0 1 0 1 0 1 0 1 1 0 0 1 1 0 
1 1 1 1 0 1 1 0 0 0 1 1 0 0 1 1 1 0 1 0 1 1 1 1 0 0 1 1 1 0 1 1 0 0 0 0 1 1 0 1 0 1 1 0 1 
0 0 1 0 1 1 1 0 0 0 0 0 1 1 1 0 0 0 0 1 0 0 0 0 1 0 0 0 1 0 0 1 0 1 0 1 0 1 1 0 0 0 0 1 1 
1 1 0 0 1 1 0 0 1 0 1 1 0 1 0 1 1 0 1 0 0 1 0 1 0 0 1 0 0 1 0 0 0 0 0 0 1 0 0 0 1 1 0 1 0 
0 0 0 0 0 0 0 1 1 0 1 1 1 0 0 0 0 0 1 0 0 1 1 0 1 1 1 0 1 1 0 0 1 0 0 1 1 1 0 0 1 0 1 0 0 
1 1 0 1 0 0 1 1 1 0 0 0 1 0 0 0 0 0 0 1 0 1 0 1 0 0 0 0 1 1 0 1 0 0 0 0 0 0 1 1 0 1 1 1 1 
1 0 1 1 0 0 0 1 0 1 1 0 0 1 0 1 1 1 1 1 1 1 1 1 0 0 1 1 0 1 0 1 1 1 1 1 0 1 0 0 0 0 1 0 1 
1 1 1 0 0 0 1 1 0 1 1 0 0 0 0 1 0 0 0 0 1 1 0 0 0 0 0 0 1 1 1 0 0 0 0 1 1 0 0 1 1 0 1 1 0 
0 1 1 0 1 1 1 1 1 1 1 1 1 1 1 0 0 1 1 1 0 0 0 0 0 1 1 0 0 0 1 0 1 0 0 1 1 1 0 0 0 1 1 0 0 
0 0 0 0 1 1 0 1 1 0 0 0 1 0 1 1 1 1 1 1 0 0 0 1 0 0 0 1 0 0 1 0 0 1 0 0 1 0 1 0 0 1 1 1 0 
0 1 1 1 0 1 1 0 1 1 0 0 1 1 0 1 0 0 1 1 1 1 0 1 1 1 0 0 0 1 0 0 0 0 1 0 1 1 0 0 0 0 0 1 1 
0 0 1 1 1 1 0 1 1 1 0 0 1 0 0 1 1 0 1 1 0 0 0 1 0 0 1 1 1 0 0 1 0 0 0 1 1 0 0 0 0 0 1 1 1 
