54 50 173
13 20 62 36 19 92 34 83 75 98 82 84 24 8 43 3 73 31 93 44 1 18 37 48 11 24 1 83 81 72 56 93 44 69 81 62 12 14 96 39 63 30 22 86 37 16 40 61 47 85 
57 99 2 93 46 65 17 99 99 49 22 6 41 65 75 21 27 86 86 74 76 48 3 97 85 91 13 25 4 11 61 60 9 14 4 6 78 20 4 77 20 26 82 13 90 8 85 68 46 71 
94 21 70 96 70 55 39 34 31 42 44 91 53 52 4 56 9 34 28 13 62 47 90 43 59 31 3 44 51 48 66 44 20 35 91 89 89 81 22 71 22 65 61 26 68 17 82 77 50 9 
41 11 55 82 5 66 64 59 61 14 6 26 57 26 12 100 66 53 80 88 23 54 4 84 79 72 100 60 100 1 68 92 63 75 73 67 92 36 26 52 50 83 29 58 60 40 9 26 92 89 
13 15 42 16 50 20 39 1 32 90 1 51 81 15 77 5 81 68 41 58 19 42 41 99 51 52 39 60 77 82 48 41 96 41 9 97 12 47 97 43 89 49 46 69 63 22 74 96 90 66 
5 60 7 97 59 9 49 49 68 25 30 67 66 78 7 74 74 71 72 23 65 60 23 10 81 38 32 54 85 73 71 89 32 77 86 42 85 34 90 5 58 20 71 75 97 78 48 22 48 72 
96 12 31 19 74 11 8 5 16 92 77 86 80 60 14 65 2 51 50 43 55 8 62 25 34 10 54 82 84 53 53 79 17 35 49 90 46 56 94 13 99 22 99 79 33 12 95 86 14 45 
29 68 4 90 93 37 52 46 70 35 99 74 65 15 9 14 56 6 21 1 18 20 22 68 50 6 32 96 92 45 40 72 13 95 13 57 84 64 54 53 50 4 27 15 18 87 28 25 44 100 
25 61 19 98 81 20 4 12 16 47 56 7 18 20 2 30 76 85 46 30 89 95 33 67 9 3 53 88 27 96 40 52 9 58 1 89 30 4 52 45 2 59 51 71 79 4 1 6 88 98 
35 29 92 20 95 53 22 100 92 100 47 31 3 7 41 4 47 70 59 98 14 13 57 16 83 87 20 35 92 59 32 79 87 76 98 34 28 71 33 19 22 31 50 77 38 90 32 84 59 42 
34 24 54 42 39 89 80 58 23 71 17 7 1 55 82 98 88 9 20 72 27 94 3 28 70 92 69 1 27 27 42 60 2 48 53 41 36 32 50 58 55 18 16 55 73 97 5 12 5 76 
84 84 69 86 11 38 77 80 90 55 58 84 15 60 31 19 52 66 51 1 75 5 71 91 11 95 87 15 6 44 91 89 27 59 74 89 49 2 20 90 57 78 73 23 89 3 93 40 20 95 
92 47 99 14 89 62 8 75 76 14 70 18 2 96 77 28 37 77 81 56 66 89 85 39 11 73 93 56 64 13 50 8 59 1 21 47 62 81 73 37 94 43 7 47 90 83 74 78 11 55 
34 76 95 70 66 58 43 59 13 58 23 62 17 81 62 90 79 75 70 3 64 15 97 70 61 39 4 87 16 14 93 1 41 87 71 7 44 65 17 56 74 39 18 91 71 31 80 49 6 1 
3 69 15 100 38 75 90 41 61 5 6 53 58 46 40 80 52 35 44 68 91 69 58 60 59 28 90 90 28 47 90 31 67 4 82 4 31 71 96 43 27 1 96 84 99 87 63 50 21 58 
70 63 27 27 22 37 55 64 27 82 10 68 64 77 24 45 32 6 15 80 48 42 32 95 25 30 33 40 80 6 97 1 68 75 79 90 12 33 5 90 67 14 9 30 42 84 75 74 89 41 
5 37 82 36 83 59 66 16 98 97 21 46 97 40 73 75 81 84 60 85 25 26 99 85 7 92 69 33 17 57 74 21 45 7 57 28 65 22 95 14 18 15 12 66 6 84 40 87 19 51 
71 43 76 21 27 35 13 95 67 29 4 40 50 48 47 58 27 63 31 21 29 100 87 40 65 93 23 56 79 41 7 49 83 34 70 61 68 34 8 35 62 11 26 63 10 24 20 37 87 50 
9 15 49 96 54 65 40 28 21 70 68 27 18 2 60 39 14 28 24 21 14 86 83 39 48 45 63 20 33 1 69 41 15 70 88 20 34 27 99 54 96 66 32 66 19 92 56 32 71 80 
5 84 17 39 22 16 83 84 35 15 36 56 8 2 25 95 73 10 74 71 16 21 36 47 38 6 38 46 38 8 77 94 43 93 32 65 8 15 100 43 81 36 50 88 37 74 35 10 35 60 
32 50 80 20 97 70 25 34 67 14 94 43 7 36 87 39 52 94 5 4 88 85 39 37 25 27 62 59 88 97 70 20 46 1 91 42 70 15 28 36 29 73 30 35 60 16 25 64 10 29 
67 49 14 57 38 90 35 99 100 75 95 69 46 93 69 36 86 91 50 13 78 78 37 8 65 97 23 89 60 84 18 78 85 83 34 22 72 68 20 23 94 67 91 39 59 11 74 44 1 24 
9 31 53 45 38 17 93 12 58 4 96 27 33 80 9 66 53 32 86 72 6 79 90 96 18 100 58 43 96 11 18 4 41 71 100 78 39 45 41 96 100 36 22 33 67 82 50 19 65 87 
43 70 66 32 17 35 84 75 29 79 85 47 34 77 17 33 54 7 29 46 55 29 34 28 13 100 10 62 71 26 49 65 48 66 48 64 52 31 90 80 9 74 26 42 2 94 27 55 53 7 
1 7 87 34 34 99 85 43 13 7 21 13 71 68 30 71 31 81 1 73 12 62 46 90 55 100 35 81 54 87 88 6 93 26 91 27 25 28 21 89 86 41 1 9 8 30 79 91 62 79 
63 73 92 60 62 47 59 97 79 65 35 18 22 28 44 65 54 68 92 74 8 29 67 8 37 26 37 15 16 50 46 30 22 37 90 36 35 100 84 14 64 18 31 38 45 74 2 50 93 93 
76 100 73 42 7 10 67 95 24 35 44 21 64 18 10 53 53 44 5 88 57 68 5 88 5 2 13 58 51 6 2 26 57 75 19 16 84 86 62 59 20 58 80 83 75 89 88 79 84 92 
66 41 11 70 80 68 71 92 25 74 49 27 99 6 1 70 21 36 55 82 94 26 39 25 60 65 13 47 43 49 90 8 89 53 30 20 72 52 63 48 25 12 26 76 69 78 45 41 13 51 
74 7 76 65 31 35 81 96 34 24 96 75 83 84 79 64 55 50 16 17 98 92 80 23 19 100 1 15 40 65 17 66 23 44 82 6 79 62 53 64 85 48 90 20 83 69 83 37 18 50 
5 67 94 37 42 64 36 94 31 28 58 47 45 81 43 26 38 21 87 90 36 24 37 25 43 19 93 77 7 63 79 63 29 72 99 22 87 87 15 17 14 25 16 58 5 58 35 94 30 21 
83 17 44 71 41 86 41 86 15 47 48 93 9 28 64 60 50 2 46 16 71 11 40 86 68 96 95 54 89 76 74 71 92 70 41 32 7 81 69 21 79 68 13 40 96 28 99 97 30 44 
12 100 54 52 37 73 47 31 26 36 58 51 58 49 20 51 32 27 83 1 47 62 68 12 53 15 39 51 11 20 46 75 71 51 26 7 75 24 89 52 11 46 2 21 94 74 71 78 100 5 
78 98 66 97 9 70 12 100 72 74 19 17 100 90 19 25 48 93 1 37 44 11 34 98 31 80 71 53 57 22 58 86 19 75 34 80 45 97 79 16 71 49 85 22 90 3 47 38 48 99 
26 43 61 11 92 92 90 62 96 98 35 53 35 6 80 69 85 76 65 15 43 87 15 27 9 5 82 7 94 81 5 19 23 65 81 15 8 23 28 56 20 63 60 7 20 39 75 4 14 91 
70 57 30 36 35 90 40 16 96 85 96 52 55 71 68 36 85 28 58 64 35 29 26 94 87 45 85 61 100 98 4 21 6 85 57 93 74 48 60 21 85 8 72 39 78 91 74 14 70 83 
77 4 64 55 98 50 51 82 63 3 31 18 75 89 2 83 81 75 31 40 95 15 47 18 5 76 8 31 89 78 13 18 81 28 72 30 78 74 11 40 76 94 57 3 82 58 85 62 84 15 
1 78 81 100 47 38 75 54 68 64 83 80 33 16 8 56 97 37 29 60 76 57 53 84 59 34 93 43 95 76 10 47 5 42 46 51 79 21 56 46 36 91 78 20 58 37 75 54 73 3 
13 100 11 65 35 69 50 27 64 44 54 25 91 10 66 88 12 45 60 19 42 47 9 71 66 18 7 40 24 79 95 36 30 5 53 64 26 2 42 41 98 47 65 40 56 30 27 67 26 87 
86 20 33 46 90 51 64 97 90 39 27 84 74 57 41 78 72 18 32 14 58 29 60 22 20 68 3 46 86 29 84 71 48 69 69 89 19 84 85 60 22 12 44 47 20 36 25 43 53 8 
8 10 88 68 83 7 87 85 4 72 65 40 95 64 60 63 53 30 46 89 89 19 52 84 65 71 19 41 14 71 48 21 32 35 40 66 93 78 51 49 50 67 88 44 83 47 58 87 76 55 
75 16 73 27 100 37 97 18 78 62 41 77 35 24 64 26 90 56 4 92 4 5 10 43 100 92 41 57 78 68 11 53 84 83 31 35 71 79 52 100 41 44 77 27 68 92 4 9 47 7 
52 3 63 61 97 62 53 90 70 82 57 80 34 92 14 64 26 85 43 30 36 35 25 64 13 44 55 16 52 54 75 3 56 37 64 4 51 68 93 20 49 2 100 35 93 65 50 71 1 44 
100 37 78 24 100 42 68 55 58 71 8 84 74 15 72 89 70 22 56 63 42 56 16 93 90 8 9 40 78 10 35 29 46 65 53 97 6 72 3 15 42 62 98 67 76 70 7 98 43 14 
12 36 70 27 28 11 34 37 2 64 98 37 44 95 1 48 91 58 19 46 73 13 7 22 31 83 43 38 32 86 51 43 21 72 69 1 83 54 89 36 69 86 72 13 80 24 60 22 82 79 
67 6 43 74 27 73 8 70 62 39 7 65 81 27 36 1 79 70 54 67 6 23 4 29 35 35 53 46 9 86 76 75 91 18 100 17 43 59 38 4 49 44 20 81 23 8 81 1 77 87 
20 34 9 75 15 95 10 19 40 18 4 16 44 46 85 44 14 27 54 52 83 3 47 54 35 21 61 16 74 90 54 93 75 14 19 89 8 28 59 99 97 62 66 41 59 51 36 73 29 89 
76 63 43 74 17 78 95 77 45 68 18 50 12 93 63 30 81 22 10 40 20 6 53 86 46 64 88 81 36 68 22 63 31 64 36 47 93 82 75 89 49 93 38 12 37 100 94 69 21 3 
8 93 8 13 30 6 76 17 86 63 84 59 77 66 75 12 12 67 94 39 8 94 83 45 6 19 97 99 87 69 53 47 61 60 11 90 65 38 58 3 100 42 13 28 7 87 39 71 6 84 
61 13 30 95 9 35 13 57 85 51 26 37 49 86 48 59 28 65 96 85 19 47 78 31 74 37 70 65 59 75 100 19 39 29 65 99 15 77 56 51 79 33 39 28 70 39 38 97 3 34 
34 73 32 63 3 58 51 24 74 9 98 25 79 88 54 43 87 20 71 94 23 50 78 61 29 47 99 66 96 53 51 81 25 35 43 80 44 94 3 17 54 1 41 85 40 46 79 78 18 50 
23 40 51 100 52 31 47 3 48 42 55 99 22 32 85 16 11 28 61 13 96 67 65 88 51 57 86 81 34 3 82 57 94 84 56 97 14 54 99 62 95 6 12 68 89 48 36 99 75 96 
63 70 14 28 9 64 84 94 45 69 96 78 25 41 62 33 90 75 86 40 88 33 97 99 52 85 46 87 83 72 35 98 93 48 25 2 64 60 95 60 80 43 37 5 35 98 89 24 25 74 
64 12 6 60 63 10 45 60 96 79 32 82 76 76 30 52 77 45 63 72 4 43 66 92 99 100 90 87 24 14 60 39 77 18 50 39 27 46 99 74 25 82 56 52 57 37 56 34 81 18 
57 36 12 22 27 10 73 68 96 48 33 8 86 10 77 36 48 3 33 98 76 57 79 83 61 88 19 16 73 99 85 29 86 49 2 13 58 26 32 6 74 65 13 11 74 89 98 73 43 31 
0 1 0 0 0 0 1 0 1 1 1 0 1 0 0 0 0 1 0 0 0 1 0 0 1 1 0 1 1 0 1 1 0 1 0 0 0 1 0 1 1 1 1 0 0 1 1 0 1 1 
0 1 0 0 0 1 1 0 0 1 1 1 0 1 1 0 1 1 0 1 0 1 1 0 1 1 1 0 1 0 1 0 0 1 0 0 1 0 0 1 1 1 1 1 0 0 0 1 1 0 
1 1 1 0 1 0 1 1 1 0 1 0 0 1 0 1 1 1 1 0 0 0 1 1 1 0 1 1 1 0 1 0 0 0 0 1 1 1 0 0 0 0 0 0 1 0 1 1 1 0 
1 0 0 0 1 0 0 1 1 0 1 1 0 1 1 1 1 0 0 1 0 0 1 1 1 1 1 0 0 1 1 1 1 1 1 0 1 0 1 1 0 1 0 0 0 1 1 1 0 0 
1 0 0 0 1 1 1 1 0 1 0 1 0 1 0 0 1 0 0 1 1 0 0 1 0 0 0 0 0 0 0 1 1 0 1 0 0 1 1 0 0 1 1 1 0 1 1 0 1 1 
1 0 1 1 1 1 1 0 1 1 0 1 0 1 0 0 0 0 1 1 0 1 1 1 0 1 0 1 1 0 0 0 0 1 1 0 1 1 0 0 0 0 0 1 0 0 1 0 0 0 
1 0 1 0 1 0 0 1 1 1 1 0 0 0 1 1 0 0 0 0 1 1 0 1 0 0 1 1 0 1 1 0 1 0 0 0 0 0 1 0 0 1 0 0 1 1 1 1 0 0 
1 1 1 1 0 1 0 1 0 0 0 1 0 1 1 1 1 0 1 0 0 1 1 0 1 0 1 1 1 1 1 0 0 0 0 0 1 0 1 1 0 1 0 1 0 1 0 1 1 1 
0 1 1 1 1 0 0 1 1 1 0 0 0 1 0 0 1 1 0 1 0 0 0 0 1 1 0 1 0 1 1 0 1 0 0 0 0 0 1 0 1 0 0 1 1 1 1 0 0 1 
1 1 0 0 1 1 1 1 1 1 1 0 0 0 0 0 0 0 0 0 0 1 0 1 1 1 0 0 1 0 0 1 1 0 1 1 1 0 0 0 1 1 0 1 1 0 1 0 1 1 
0 1 1 0 0 0 1 0 0 0 1 0 1 0 0 0 1 0 0 0 0 0 1 1 1 1 1 1 1 0 0 1 0 1 1 0 1 0 1 0 0 0 0 0 0 1 0 0 1 1 
0 1 1 1 0 0 0 0 1 1 0 0 0 0 1 1 1 1 1 0 1 0 0 1 0 0 0 0 0 1 1 0 1 0 0 1 1 0 1 0 0 0 0 0 0 0 0 1 1 1 
1 0 1 1 1 1 0 0 0 0 1 1 1 0 0 1 0 1 1 1 1 1 1 0 0 0 0 0 1 1 1 1 1 1 0 0 0 0 0 0 1 0 0 0 0 0 1 0 1 0 
0 0 0 1 0 0 1 0 0 1 1 1 0 0 0 0 1 1 1 1 1 0 1 1 0 0 1 1 0 0 1 0 1 1 0 1 1 1 0 1 0 1 1 0 0 1 1 1 0 0 
0 0 0 0 1 0 0 1 1 0 1 0 1 0 0 1 0 1 0 0 1 1 1 0 1 1 1 0 0 0 0 1 0 0 1 1 0 1 0 1 1 0 0 0 0 0 1 0 1 0 
0 0 1 0 0 0 1 0 1 0 0 1 1 0 0 0 1 0 1 0 0 0 0 0 1 0 0 0 1 1 0 1 0 1 1 0 0 1 0 1 1 0 0 0 0 0 0 0 1 1 
0 1 1 0 1 0 0 1 1 1 0 1 1 0 1 0 1 1 1 1 0 0 0 0 0 0 1 0 0 0 1 0 1 1 0 0 1 1 1 0 0 1 0 1 0 1 0 1 0 1 
0 0 0 0 0 0 1 1 1 1 1 0 0 0 1 0 0 1 1 1 1 0 1 1 1 1 0 1 0 0 1 0 0 1 1 1 1 0 0 0 1 0 1 1 0 0 0 1 1 1 
0 1 1 1 0 1 0 1 0 0 1 1 1 0 0 0 1 0 0 1 0 1 1 1 1 0 0 1 1 1 0 1 0 0 1 1 1 1 0 1 0 1 1 1 1 1 1 0 1 1 
0 0 0 1 1 1 1 1 0 0 1 1 0 1 1 1 0 0 0 0 1 0 0 0 1 1 0 0 0 1 1 0 1 0 1 1 1 1 0 0 1 1 1 1 1 0 0 1 0 1 
0 1 1 0 0 1 1 0 1 1 1 1 1 1 1 1 0 0 0 0 0 1 0 1 1 1 1 1 0 1 0 0 1 0 0 1 1 0 1 0 1 0 1 1 1 0 0 1 1 0 
0 1 1 0 1 0 1 0 0 1 0 0 0 1 0 0 0 1 0 1 0 0 1 1 1 1 0 1 0 1 1 0 0 0 0 1 1 1 0 1 1 0 1 1 1 0 1 1 1 0 
0 1 0 1 1 1 0 1 0 1 0 1 1 0 1 0 0 0 1 0 1 0 0 1 1 1 1 1 0 0 1 0 0 1 1 1 0 0 0 0 1 0 1 0 0 0 0 0 1 0 
0 0 0 0 1 0 1 0 1 1 1 0 1 1 1 1 0 1 1 0 1 0 0 0 0 0 0 1 1 1 1 1 0 1 0 1 1 1 0 0 1 1 0 0 0 1 1 0 0 0 
0 1 0 0 1 1 0 0 0 1 1 1 1 1 0 1 1 0 0 1 0 1 0 1 0 0 0 1 0 1 0 0 0 0 0 0 1 0 0 1 0 1 0 1 1 1 0 0 1 0 
1 1 0 1 0 0 1 1 1 1 0 1 1 0 0 1 0 1 1 0 1 1 0 1 0 1 0 0 1 1 1 0 1 1 1 1 1 0 0 0 1 0 0 0 1 0 1 1 1 0 
0 0 0 0 0 0 1 0 1 0 0 0 0 1 1 1 0 0 1 1 0 0 1 0 0 0 0 1 0 0 1 0 0 1 0 0 0 1 1 1 1 1 1 1 0 0 0 0 0 1 
1 0 1 1 1 1 1 1 0 1 1 1 1 0 1 1 0 1 0 1 0 1 0 1 0 0 1 0 1 1 1 0 1 0 1 0 1 1 0 1 0 1 1 0 1 0 1 0 1 0 
1 1 1 0 0 0 0 1 0 1 0 0 0 1 0 1 0 0 0 0 1 1 1 0 1 1 0 0 1 1 0 0 0 0 0 0 0 1 1 0 0 1 0 0 1 1 0 1 1 0 
1 0 1 0 1 0 1 1 1 0 1 1 1 1 1 1 0 1 0 1 0 1 1 0 1 0 1 1 1 0 0 0 1 1 0 0 0 0 1 1 0 0 0 1 0 0 1 0 1 1 
1 1 0 0 0 0 0 1 1 1 0 1 1 1 1 0 1 1 0 0 0 0 1 0 0 1 0 1 1 0 0 0 1 1 1 1 1 1 1 0 1 1 0 0 0 1 0 1 0 0 
1 0 1 0 0 1 1 1 0 0 1 0 1 0 1 0 0 0 1 1 1 0 0 1 1 0 0 1 1 0 0 0 0 1 1 0 0 0 1 0 1 0 0 0 1 0 0 1 0 1 
0 1 0 0 0 1 0 0 0 1 0 0 1 0 1 0 1 1 1 0 1 0 1 0 0 0 0 0 1 0 1 1 0 1 1 0 0 1 1 1 0 1 1 1 0 1 0 1 0 1 
1 0 1 0 0 1 0 0 1 1 0 0 0 0 0 1 1 0 0 0 1 0 1 1 0 1 0 0 0 0 1 0 0 0 0 0 1 1 0 0 0 1 0 1 1 0 0 0 1 1 
0 0 1 0 1 1 1 1 1 0 0 0 0 0 0 0 1 1 1 1 1 0 0 0 1 0 0 1 0 1 0 1 0 0 1 1 1 0 1 1 0 1 1 0 1 0 1 0 1 0 
0 1 0 0 1 1 0 1 1 1 1 1 0 1 1 1 0 1 1 1 0 0 0 1 0 0 1 1 0 1 0 0 0 0 1 1 0 1 0 1 0 1 0 0 0 0 1 1 1 1 
0 1 1 1 0 1 1 0 1 1 1 1 0 1 1 1 0 1 0 0 0 1 0 1 1 0 1 1 1 0 0 0 1 1 1 1 0 0 1 1 1 0 0 1 1 0 0 1 1 1 
0 0 0 0 1 1 0 0 0 0 0 0 0 1 1 1 0 0 1 0 1 0 0 0 0 0 0 0 1 1 1 1 1 1 1 0 1 0 0 1 0 0 0 0 1 1 1 0 1 0 
0 1 0 0 1 0 0 1 1 0 0 0 1 0 0 1 0 1 1 1 0 1 1 0 1 1 0 0 1 1 0 1 0 0 1 1 1 0 0 0 0 1 0 1 1 0 0 1 1 1 
0 0 0 0 0 1 1 0 1 0 0 1 1 0 0 0 0 1 0 0 1 0 1 1 0 0 0 0 0 1 0 0 1 0 0 0 0 1 0 1 1 0 1 0 1 1 1 1 0 1 
1 1 0 1 0 0 1 0 0 1 0 0 0 1 1 0 1 1 0 0 0 1 0 1 0 1 0 1 0 0 0 0 1 0 1 0 0 0 0 1 0 0 1 0 0 0 0 1 1 0 
1 0 0 0 1 0 1 0 1 0 0 1 0 0 0 1 0 0 1 0 1 1 1 1 1 1 1 0 0 1 0 0 1 0 0 0 0 1 0 1 1 1 1 1 1 1 0 1 1 0 
1 1 1 0 0 1 1 1 1 0 0 1 0 1 0 0 0 0 1 0 0 1 1 1 0 0 0 1 1 1 1 1 0 0 1 0 1 1 0 0 1 0 0 1 0 0 1 0 0 0 
0 0 1 0 1 0 0 1 1 0 1 0 1 1 0 0 0 0 1 0 0 0 0 0 1 0 0 0 0 1 1 1 1 0 1 1 0 1 0 1 1 1 1 0 1 0 1 1 0 0 
1 0 1 1 1 0 0 1 1 0 0 0 1 0 0 0 1 1 0 1 0 1 1 0 0 0 0 1 1 0 1 0 0 0 1 1 1 1 1 0 0 1 0 1 1 0 0 0 1 0 
0 0 1 1 0 1 1 0 0 0 0 0 0 0 0 1 0 1 1 1 1 1 0 1 0 0 0 0 0 1 0 0 1 0 1 1 1 0 1 0 0 1 0 0 0 0 0 0 0 1 
1 1 0 1 1 0 1 1 1 0 0 1 0 0 1 0 1 1 0 1 1 1 0 1 1 0 1 1 0 1 0 1 1 0 1 0 1 0 1 0 0 1 1 1 1 1 1 1 0 1 
0 1 0 0 0 0 1 1 1 1 1 0 1 0 0 0 0 1 0 1 1 1 0 1 0 0 0 1 1 0 0 1 1 1 1 1 1 0 0 0 0 1 0 1 1 1 1 1 0 1 
0 0 0 1 1 0 1 1 1 0 1 0 1 0 1 0 1 0 1 1 0 1 1 1 0 0 0 1 0 0 0 0 0 1 1 1 1 0 0 1 0 1 1 1 1 0 0 0 0 1 
0 0 0 1 1 0 1 1 1 1 0 1 0 0 0 1 0 0 0 0 1 0 0 0 0 1 0 0 0 0 1 0 0 1 1 0 1 0 1 0 0 1 1 0 0 0 1 0 0 1 
0 1 0 0 1 0 0 1 0 0 1 1 0 1 0 1 1 1 1 1 1 1 0 0 1 0 0 1 0 0 0 1 1 0 1 0 0 1 1 0 1 0 1 1 0 1 0 1 0 0 
0 1 1 1 0 1 1 0 0 0 1 0 1 0 1 0 1 1 0 0 0 1 1 1 1 1 1 1 0 1 1 1 1 1 0 1 0 1 1 0 1 0 0 0 1 1 1 0 1 1 
0 1 0 1 0 1 0 1 1 1 1 0 0 0 1 0 1 1 1 0 1 1 1 0 1 0 1 0 0 0 1 0 1 0 0 0 1 0 1 0 1 0 1 1 0 0 1 1 0 1 
0 1 0 1 1 1 1 1 0 1 1 1 1 1 1 1 1 1 0 0 1 1 1 0 1 1 1 0 1 1 1 1 0 1 0 0 1 1 1 1 0 0 0 1 1 0 1 0 1 1 
