59 41 20
64 69 74 41 85 16 51 91 8 65 6 72 31 82 3 64 83 17 99 41 50 50 8 40 100 68 4 75 44 92 42 7 12 67 99 96 34 1 39 93 65 
44 16 96 25 19 59 60 35 9 52 85 59 11 24 10 79 79 84 74 70 77 32 33 95 30 29 28 30 67 72 47 62 87 94 87 57 4 98 44 13 49 
28 23 11 3 32 89 82 67 14 3 95 45 36 89 74 16 68 56 34 39 54 95 77 47 33 34 50 82 77 14 82 56 36 93 10 19 33 43 37 47 98 
31 91 85 19 17 100 38 72 85 76 77 31 5 23 16 90 24 49 66 38 31 73 73 75 34 44 7 77 80 53 74 11 96 58 81 12 9 19 35 45 46 
11 75 50 85 42 39 8 91 56 45 73 80 70 47 14 13 5 90 44 58 15 6 53 72 87 16 32 57 50 76 2 12 2 4 96 44 94 3 86 2 48 
10 81 17 8 94 81 12 35 24 69 49 82 73 20 20 40 51 76 89 78 29 100 80 84 47 75 78 50 12 79 97 21 11 65 28 57 97 91 91 72 12 
40 53 84 11 72 76 14 99 64 91 28 16 22 11 62 96 40 63 59 70 11 31 81 75 10 37 23 1 79 95 12 18 47 47 81 71 22 94 69 38 84 
96 5 58 59 66 53 98 81 64 20 91 94 52 66 4 88 88 4 18 34 67 36 81 13 16 51 87 61 19 24 44 67 28 53 25 45 6 74 25 69 93 
16 14 44 33 17 83 72 72 1 6 38 88 38 3 55 40 89 15 58 12 10 24 91 63 100 87 20 74 64 40 18 31 53 62 63 70 96 86 93 48 43 
31 35 80 33 41 19 73 55 29 36 17 4 26 79 4 64 98 29 27 37 46 57 41 59 71 62 7 57 55 54 99 37 41 31 21 81 49 93 88 77 28 
4 33 53 34 36 68 31 64 95 19 61 51 59 72 22 21 78 30 27 83 28 63 23 58 83 56 59 75 95 87 54 50 19 58 83 6 25 13 21 19 83 
82 22 41 5 43 13 82 72 39 64 51 53 39 61 35 94 71 61 40 57 66 89 28 23 71 33 48 35 6 18 69 39 39 9 43 81 74 24 4 64 39 
55 17 77 67 3 22 37 16 61 45 33 49 72 56 71 57 55 57 62 72 25 100 11 86 42 43 11 17 99 74 55 5 42 32 71 97 53 7 64 66 51 
96 66 75 51 37 31 5 45 92 29 70 43 39 55 36 33 65 52 31 90 6 35 32 89 57 80 42 63 43 7 66 38 72 40 41 60 22 97 5 65 25 
26 7 15 32 42 48 48 45 30 37 2 65 20 91 21 51 32 36 93 90 53 83 13 92 23 25 65 71 81 29 96 6 87 10 89 80 9 36 24 39 24 
25 55 96 15 75 46 98 62 39 39 14 73 52 57 47 28 21 17 8 49 64 13 87 26 1 66 34 88 89 72 11 66 78 6 32 53 52 82 66 42 20 
80 14 23 36 12 50 9 28 57 9 44 21 96 69 73 61 2 60 2 26 23 19 3 28 50 7 31 31 73 24 3 4 89 25 39 100 75 47 80 31 8 
23 4 3 43 76 15 96 88 16 73 10 86 76 89 36 34 20 18 58 95 20 61 84 45 52 35 71 50 14 53 57 88 56 59 30 32 74 26 19 41 50 
80 27 77 68 14 11 39 83 20 34 55 81 17 51 32 51 21 81 17 73 38 56 29 48 86 12 73 63 82 66 12 61 92 89 28 57 51 67 91 70 52 
45 2 20 47 33 22 67 66 38 92 55 94 20 54 31 83 27 45 64 92 8 24 35 48 51 43 50 69 33 20 72 30 73 91 76 6 13 95 23 2 86 
77 47 57 30 29 39 8 25 2 99 33 77 85 32 79 27 82 48 12 53 19 93 25 62 20 82 26 14 56 27 99 32 26 7 14 54 45 21 79 98 72 
63 74 8 46 53 87 27 52 50 31 22 42 8 35 61 41 60 75 97 87 25 80 64 32 93 17 28 66 47 78 89 61 51 48 7 55 34 85 58 83 68 
32 76 75 66 37 67 26 63 63 64 39 43 27 22 87 95 50 4 94 79 92 6 29 40 64 36 25 49 45 60 68 76 35 94 94 23 60 71 37 23 34 
76 17 12 49 3 58 50 7 3 28 50 9 9 41 24 96 66 72 40 25 91 68 59 84 61 82 44 31 70 18 16 45 34 27 46 36 36 95 94 91 23 
44 51 31 84 74 26 1 98 17 25 88 84 36 72 96 69 67 26 38 84 41 83 17 19 80 4 7 74 50 97 96 45 47 78 28 72 55 81 69 72 5 
57 7 40 80 3 60 46 28 98 29 21 32 97 91 11 52 49 84 1 97 32 45 95 9 25 67 16 5 35 87 61 43 45 53 22 47 12 19 27 9 99 
99 40 95 41 2 47 90 86 99 86 17 96 33 77 20 99 44 76 85 30 36 28 27 88 1 73 100 20 51 60 18 49 52 65 90 53 63 31 38 13 68 
6 8 100 35 27 98 78 54 83 60 90 62 86 29 62 10 80 33 61 40 3 9 91 19 50 43 81 80 33 93 100 90 53 99 24 31 49 54 85 83 13 
74 44 50 54 57 59 34 42 19 73 44 80 15 62 29 9 94 61 41 38 12 83 90 10 6 73 58 59 57 40 23 82 35 72 35 92 31 68 33 1 92 
28 80 6 41 61 15 86 73 7 23 84 41 65 45 47 37 3 57 93 94 32 26 81 3 60 72 85 28 56 86 19 35 17 77 75 77 43 60 1 1 34 
84 42 98 29 40 86 83 48 30 28 79 55 8 34 15 31 18 94 38 3 64 72 72 40 98 48 82 9 1 35 43 36 76 92 64 15 78 98 62 59 26 
93 14 85 26 28 16 43 21 5 98 36 77 69 76 74 68 9 35 68 43 77 56 70 20 71 84 97 69 98 56 46 42 21 82 67 48 97 61 20 2 58 
7 30 78 82 55 46 43 89 65 85 17 20 7 37 91 42 85 11 91 92 8 32 12 89 98 11 38 59 82 91 68 89 20 46 22 26 43 64 15 59 1 
83 31 7 19 21 48 4 83 39 47 90 70 59 78 20 69 15 30 3 57 97 91 76 94 12 54 88 76 68 47 28 2 29 34 21 1 81 76 83 71 22 
24 41 32 1 60 1 68 41 55 24 89 45 52 83 8 5 22 35 24 20 62 25 48 47 97 48 28 72 30 98 46 53 90 77 6 1 29 25 41 83 100 
30 79 3 64 87 59 85 73 82 5 87 59 52 33 7 52 60 79 81 10 76 86 99 52 43 52 33 19 92 15 18 21 46 73 36 84 31 21 56 65 77 
42 23 80 75 29 31 86 59 64 47 86 49 98 90 43 49 22 61 40 88 30 13 33 2 100 16 33 20 24 97 48 17 71 28 43 51 58 81 10 21 27 
95 21 24 84 63 24 57 23 64 45 5 28 29 6 27 97 90 99 20 38 46 88 8 73 31 59 31 11 20 3 37 14 24 13 50 86 36 6 61 51 2 
65 30 31 70 9 27 12 7 98 49 4 85 57 77 15 67 59 77 86 13 66 99 36 30 100 74 65 6 34 68 59 98 97 89 19 57 15 30 63 64 79 
19 49 87 47 15 53 57 44 38 69 9 88 5 38 40 30 54 97 63 73 55 12 22 44 30 78 10 12 93 74 42 11 74 80 57 40 32 65 83 21 33 
43 60 89 32 99 18 38 95 80 10 50 43 31 93 73 61 54 36 53 79 77 15 4 8 23 44 39 87 78 11 71 21 70 60 52 69 29 89 63 61 51 
64 3 81 8 27 41 62 62 45 92 90 59 96 97 33 39 87 19 16 97 90 88 67 1 40 87 29 80 1 89 30 65 92 63 24 70 55 85 32 100 29 
73 10 24 70 43 14 8 13 81 5 54 69 23 54 60 61 83 39 61 23 21 77 66 83 1 36 89 37 67 40 65 91 50 40 60 44 53 68 56 34 24 
10 2 98 15 61 58 49 51 70 72 23 47 37 5 99 24 46 35 42 85 52 33 86 91 92 29 44 11 37 29 86 98 30 83 12 42 92 61 44 62 84 
67 60 72 23 58 96 68 44 37 5 95 69 90 86 13 19 81 75 7 9 61 4 90 95 67 83 87 79 78 100 14 44 59 86 19 16 81 38 59 69 42 
6 38 32 43 2 2 23 76 8 83 88 63 24 35 29 6 73 60 83 72 73 79 30 10 49 45 42 86 55 11 28 60 100 11 54 53 12 76 80 19 10 
20 81 33 54 61 90 26 72 73 97 97 3 26 6 51 22 100 36 28 62 15 40 13 25 93 65 36 21 96 6 30 15 86 15 20 99 4 45 70 28 93 
18 30 70 76 80 43 75 68 71 88 34 10 100 59 54 16 46 74 11 52 56 78 89 70 97 87 73 42 9 1 86 26 82 56 1 14 50 27 81 20 14 
66 81 13 24 87 80 22 60 91 73 15 68 61 36 64 100 9 57 8 61 95 85 42 2 38 55 51 64 87 23 78 53 3 42 28 89 22 49 1 64 73 
67 83 86 3 98 85 63 55 44 23 49 28 16 50 65 23 52 29 9 74 58 13 29 99 41 69 72 41 69 87 66 88 69 51 90 67 35 52 73 78 26 
73 57 93 74 74 15 25 2 76 99 11 88 27 61 80 95 85 73 16 71 38 3 40 88 44 58 22 47 30 51 24 2 59 16 75 32 31 51 85 58 49 
95 45 27 56 25 74 92 49 41 62 86 43 1 73 38 58 46 84 39 48 7 92 6 74 18 38 56 69 74 13 69 69 58 96 76 34 21 67 82 61 80 
19 55 81 91 44 90 36 27 81 35 85 72 40 58 90 29 14 58 3 78 78 23 35 25 50 20 45 16 53 57 95 71 63 27 61 6 69 48 32 49 82 
68 72 74 26 61 54 91 70 8 68 100 30 55 24 79 26 69 46 79 77 93 49 40 71 62 45 39 61 77 39 95 96 63 20 73 75 73 63 45 81 83 
96 10 89 19 41 14 39 38 44 16 30 45 55 1 6 99 91 18 27 82 12 23 44 31 95 18 4 10 14 36 44 9 97 84 28 37 49 18 75 93 33 
56 37 87 8 94 38 99 11 16 80 75 38 23 5 85 92 60 46 6 47 89 14 44 24 93 32 72 11 6 64 95 14 52 82 21 45 71 71 8 86 50 
82 76 24 86 60 68 98 5 73 44 45 38 87 68 31 19 39 93 76 55 87 41 6 20 62 51 42 32 58 28 34 39 3 9 76 14 76 25 18 48 69 
62 38 7 81 20 25 19 12 53 73 50 93 31 70 6 81 11 38 90 90 23 80 92 31 55 5 7 80 74 6 100 87 43 6 67 62 83 38 25 87 62 
75 79 92 96 37 24 58 74 13 48 48 44 91 78 51 48 36 82 21 94 81 60 36 38 26 50 20 15 26 58 77 52 89 20 47 25 44 57 50 8 4 
0 1 1 1 1 0 1 0 1 0 0 0 1 1 1 0 1 0 0 0 0 1 0 1 0 0 0 0 1 0 1 1 1 0 1 0 1 0 0 0 0 
0 0 1 1 1 0 0 1 0 1 1 1 1 1 1 0 1 1 1 1 0 1 0 1 0 0 0 0 0 0 0 0 0 1 0 1 1 0 1 1 1 
0 1 1 1 0 1 1 0 0 0 0 1 1 1 1 1 1 1 0 1 1 0 1 1 0 1 0 1 0 0 0 0 1 1 0 1 0 1 1 1 1 
0 0 0 1 0 0 1 1 0 0 1 0 0 0 1 1 0 0 1 0 0 1 1 0 1 1 0 0 0 1 0 0 0 0 0 0 0 1 1 0 1 
0 1 1 0 0 0 1 0 1 1 0 1 1 0 0 0 1 1 0 0 1 1 0 1 1 0 0 0 0 0 1 0 1 1 1 1 1 0 1 1 1 
0 0 0 0 0 0 1 1 1 0 0 0 0 0 1 1 0 1 1 0 0 1 0 1 0 1 1 0 1 0 0 1 0 0 1 0 1 1 0 0 1 
0 0 1 0 1 0 0 0 1 1 0 1 1 0 1 0 1 0 1 1 0 0 1 0 0 1 1 1 1 1 0 0 1 1 0 0 0 1 0 1 0 
1 0 1 1 0 1 0 0 1 1 0 1 0 0 1 1 0 0 1 1 0 1 1 0 1 1 0 0 0 1 0 1 0 1 0 0 1 0 0 0 1 
0 1 1 0 1 0 0 1 1 0 0 0 1 0 0 0 0 0 0 1 1 1 1 0 1 1 1 1 1 1 0 1 1 1 0 0 0 0 1 1 0 
1 0 1 1 0 0 1 0 0 1 1 0 0 0 1 0 1 1 1 1 1 1 0 1 1 0 1 1 1 0 0 1 0 1 0 0 1 0 1 0 1 
0 0 1 0 1 1 0 0 1 1 0 0 1 1 1 1 0 0 0 0 0 1 1 0 0 1 1 0 0 1 1 1 1 0 1 1 0 1 1 1 0 
1 1 1 0 0 0 0 0 1 1 1 0 0 1 0 1 0 0 0 0 1 1 1 0 0 0 0 0 0 1 0 1 0 0 0 0 0 0 0 1 1 
1 0 1 0 0 1 1 1 1 1 0 0 0 0 0 1 0 0 1 1 1 0 1 1 0 1 1 1 0 1 0 1 1 0 0 1 1 1 0 0 0 
1 0 0 1 0 1 0 1 0 1 0 1 1 1 1 0 0 0 0 1 1 0 0 1 0 0 0 1 0 0 1 1 0 1 1 0 1 1 1 1 0 
1 0 1 0 0 0 1 0 0 0 1 0 1 0 0 1 0 1 1 0 0 1 0 0 0 1 1 1 0 0 1 0 1 1 0 1 1 1 1 1 0 
1 0 1 1 0 0 0 0 1 0 0 0 1 0 0 0 1 1 0 0 1 0 1 0 1 0 1 0 1 0 0 0 0 1 0 1 1 0 1 1 0 
1 1 1 0 0 1 1 1 0 1 0 0 0 0 1 0 1 0 0 0 0 0 0 0 0 1 1 0 0 0 1 0 0 0 0 0 0 1 1 0 1 
0 0 1 0 0 0 0 0 0 0 0 0 0 0 1 0 0 1 0 0 0 0 0 1 0 0 1 0 0 1 1 0 1 0 0 1 0 0 1 0 0 
0 1 1 0 0 1 0 1 1 1 0 0 1 1 0 0 0 0 0 1 1 0 0 0 0 0 0 1 1 1 1 1 0 0 0 0 1 0 1 1 1 
1 1 1 0 1 1 0 0 1 1 1 1 0 1 1 0 0 0 1 1 0 1 1 0 1 1 0 1 0 1 1 0 0 0 0 1 1 1 1 0 0 
1 1 0 0 0 0 0 1 0 1 1 1 0 1 0 1 1 1 0 0 0 0 0 0 0 0 1 1 1 1 0 0 0 0 1 1 1 1 0 1 1 
1 0 1 0 0 1 0 1 1 0 0 1 1 0 1 1 0 1 0 1 1 1 0 1 0 1 0 1 1 1 0 0 1 0 0 1 1 0 1 0 1 
1 1 0 1 0 1 1 1 1 1 0 0 1 0 0 0 0 0 1 0 0 1 1 0 1 1 1 0 0 1 1 1 0 1 0 1 0 0 0 1 1 
1 0 0 1 0 0 1 0 1 1 1 0 1 1 1 0 1 1 0 0 0 1 1 1 1 0 1 1 0 1 0 1 1 0 0 1 0 0 0 1 1 
1 1 0 0 1 0 1 0 0 0 1 1 1 0 1 1 0 0 1 1 1 1 0 1 1 1 0 1 1 1 1 0 1 1 1 0 0 0 0 0 0 
1 0 1 0 1 0 0 1 0 1 0 1 1 0 0 0 0 0 0 1 1 0 0 0 1 0 0 0 1 1 0 0 1 0 0 0 0 0 1 0 1 
0 1 0 0 0 1 0 0 1 1 1 1 0 1 1 0 0 1 1 1 1 0 0 1 0 0 0 1 1 0 0 1 0 1 1 0 0 1 0 1 1 
1 0 1 0 1 1 0 0 1 1 0 1 1 1 1 1 1 0 1 0 1 0 0 0 0 0 0 1 0 1 0 1 1 1 1 1 1 0 1 0 1 
1 1 1 1 0 0 0 1 1 0 0 0 0 0 0 0 0 1 0 1 0 1 0 1 1 1 0 1 1 0 0 0 1 1 1 0 0 0 1 1 0 
1 1 1 1 1 1 1 1 0 0 1 1 0 0 0 0 1 1 1 1 0 1 1 1 1 1 1 1 0 1 1 1 0 0 0 0 0 1 1 0 1 
0 1 1 0 0 1 1 1 0 1 1 0 0 1 1 1 0 0 1 1 1 0 0 0 0 0 0 1 1 0 0 1 1 1 1 1 1 1 1 1 0 
0 1 0 1 0 1 0 0 0 1 0 0 1 0 0 1 0 1 0 0 1 1 1 0 1 1 1 0 0 1 0 0 0 0 0 1 1 0 1 1 1 
1 1 1 1 1 0 1 0 1 1 1 0 1 1 1 0 1 1 0 0 1 0 0 1 0 1 0 0 1 1 0 0 0 1 0 1 1 1 1 0 1 
0 1 0 0 0 0 1 0 0 1 1 0 1 1 1 1 1 1 0 1 1 0 1 0 0 1 0 0 0 0 1 1 1 1 1 0 1 0 0 1 1 
1 1 0 0 0 1 0 0 1 1 1 0 0 0 0 1 0 0 0 0 1 1 0 0 0 0 1 0 0 0 1 1 0 1 0 0 1 0 0 0 1 
0 0 1 0 1 1 0 1 1 0 1 0 0 1 0 0 1 0 0 1 1 0 1 0 0 0 1 0 0 0 1 0 0 0 0 1 1 0 1 0 1 
0 0 1 1 0 0 0 0 0 0 1 0 1 0 0 1 1 0 0 1 1 0 0 0 1 1 1 1 0 0 0 0 0 0 0 1 0 0 1 0 0 
1 1 0 1 1 1 0 0 1 0 1 0 0 1 1 1 1 0 0 1 1 0 1 1 0 0 1 1 0 1 1 1 0 1 0 0 1 0 0 0 0 
1 0 0 1 1 0 0 0 0 1 1 0 0 0 1 1 1 0 1 0 1 0 1 1 0 1 0 0 1 0 1 0 1 1 1 0 1 1 0 1 0 
1 0 1 1 1 0 0 1 1 1 0 1 0 1 1 1 1 1 0 0 0 0 1 0 0 1 1 1 0 1 0 1 1 1 1 0 1 1 1 0 0 
1 1 0 1 0 1 0 1 1 0 0 0 1 0 0 1 1 1 1 0 1 0 1 0 1 1 1 1 0 1 1 0 0 0 1 0 1 1 0 1 0 
0 1 1 0 1 0 1 0 1 0 0 0 1 0 1 1 0 0 1 1 0 1 0 0 0 0 1 0 0 0 0 0 1 1 0 0 0 0 1 1 0 
1 1 1 1 1 0 1 1 0 1 1 1 1 1 0 1 1 0 0 1 0 0 1 1 1 1 1 1 0 1 1 1 0 0 1 1 1 0 1 1 1 
0 0 0 0 0 0 1 0 0 0 0 0 1 0 1 1 1 0 1 0 1 1 1 0 0 0 1 0 1 0 0 0 0 0 0 1 0 1 1 0 1 
0 1 1 0 0 0 1 1 1 0 0 0 1 0 0 1 1 1 1 1 1 1 0 1 1 1 0 0 0 0 1 0 1 0 0 0 0 0 1 0 0 
1 0 1 0 1 0 1 0 1 1 1 0 1 0 1 0 0 1 0 1 1 1 0 1 1 0 0 1 1 0 1 1 0 0 1 1 1 0 1 0 1 
0 1 0 1 0 0 1 0 1 0 1 0 1 0 1 1 0 1 1 0 0 0 1 1 1 0 0 1 0 0 1 0 1 1 1 0 0 1 0 1 1 
1 1 0 1 0 0 0 1 1 0 0 1 1 1 0 0 1 1 0 1 0 0 1 0 0 1 0 1 1 1 0 0 0 1 1 0 1 1 0 0 0 
0 1 1 1 1 1 0 0 1 1 1 0 0 1 0 1 1 1 0 0 1 0 0 0 0 0 1 1 0 1 1 0 0 1 1 1 0 1 0 0 1 
1 0 1 0 0 1 1 1 1 1 0 0 1 1 0 1 0 1 0 0 1 0 0 0 0 0 0 1 0 0 0 1 0 0 1 0 1 0 1 0 1 
0 0 0 1 0 1 1 0 1 1 1 0 0 1 0 0 1 1 0 0 0 1 0 0 0 1 1 0 0 1 1 0 0 1 1 0 0 1 0 0 0 
1 0 0 0 0 0 0 1 0 0 1 1 0 1 1 1 0 1 0 0 0 0 0 1 0 0 0 1 1 0 1 0 0 0 1 0 0 1 1 1 1 
1 0 1 0 0 1 1 1 1 1 0 1 1 1 1 1 1 0 0 1 0 1 1 0 0 1 0 1 1 1 0 0 0 1 0 0 0 1 1 1 0 
1 1 1 1 0 1 0 1 1 0 1 0 1 1 0 1 1 1 0 1 1 0 1 1 0 1 1 0 0 1 0 0 0 0 1 0 1 1 1 0 1 
0 1 1 1 1 0 1 1 0 0 0 0 1 1 0 0 1 0 0 0 1 0 0 1 1 0 0 1 0 0 0 0 1 1 0 1 1 1 0 1 1 
0 1 0 0 0 0 1 0 0 1 1 1 1 0 0 1 0 1 1 1 0 0 0 1 0 1 1 1 1 0 0 0 0 0 0 0 0 1 0 0 0 
0 1 1 0 0 0 1 1 0 0 1 0 0 1 0 0 0 1 1 0 1 1 0 1 1 0 1 0 1 1 0 1 1 1 1 1 0 0 0 0 0 
0 0 1 1 0 1 1 1 0 1 0 0 0 1 1 0 0 0 1 1 0 0 0 0 0 1 0 0 0 0 1 0 0 0 1 0 1 0 1 1 1 
1 1 1 0 1 0 0 1 1 1 1 0 0 1 0 1 1 0 1 1 1 1 1 1 0 1 0 0 0 0 0 1 1 1 1 0 1 1 1 1 1 
