65 41 2392
62 10 44 63 42 41 63 17 72 43 54 5 33 88 60 78 29 32 67 44 95 85 97 61 95 28 18 67 28 72 93 90 81 36 52 22 28 14 91 51 8 
96 55 92 84 66 22 64 97 88 8 44 72 56 4 66 84 73 84 11 44 77 52 77 64 3 50 44 68 40 46 27 88 53 19 71 18 92 34 15 79 93 
58 3 49 13 20 32 85 4 94 28 32 46 4 47 100 54 90 20 45 36 46 32 40 16 54 57 7 40 23 38 32 80 40 80 44 11 63 28 66 57 8 
97 54 63 96 5 68 37 24 13 24 22 96 63 37 2 20 96 41 42 33 72 74 24 4 17 34 18 97 100 26 4 48 79 66 43 84 34 32 59 98 55 
80 45 18 17 46 37 64 86 30 96 10 3 71 65 72 4 82 68 55 8 71 55 38 88 49 73 21 80 32 70 35 11 15 4 79 12 40 94 50 69 89 
59 24 11 75 95 67 56 62 73 15 84 27 53 71 76 25 92 7 8 13 41 71 27 44 49 39 35 95 88 56 35 98 79 46 72 73 12 79 86 84 94 
69 11 46 39 38 22 82 44 30 95 37 100 73 32 100 63 19 94 2 74 29 51 52 74 74 76 37 53 13 20 98 33 82 95 23 71 16 5 67 97 51 
55 96 75 86 48 38 4 41 91 29 21 42 80 46 15 7 82 19 71 54 16 3 87 10 26 10 78 82 76 74 84 30 70 58 67 69 47 23 9 38 51 
82 31 83 27 97 41 61 16 12 66 83 66 52 45 43 61 22 24 88 95 59 69 16 17 36 84 15 58 45 4 8 26 34 90 4 31 31 64 98 94 29 
80 59 33 24 2 45 97 77 33 92 36 1 59 4 88 95 18 45 39 74 5 16 7 46 19 89 28 35 86 21 15 18 32 47 93 85 44 90 61 76 33 
96 28 91 51 16 85 21 12 75 94 68 90 100 66 61 41 93 95 78 66 9 95 49 8 88 33 51 29 93 78 61 41 57 51 91 24 88 63 88 62 56 
55 52 8 72 12 48 17 58 25 82 18 72 30 77 11 62 79 39 6 56 51 46 65 53 89 88 40 51 75 2 59 82 5 66 53 68 65 69 77 41 2 
94 12 83 23 22 44 1 12 2 57 62 99 21 15 87 60 6 90 87 59 48 68 15 65 72 82 29 93 10 69 46 56 33 29 78 6 24 78 18 25 86 
31 24 6 97 62 18 3 3 4 61 50 23 28 66 94 9 94 38 71 15 84 26 47 12 3 52 35 80 21 12 66 52 87 23 48 48 40 2 51 95 15 
52 17 42 18 11 2 63 48 72 77 83 97 23 94 51 75 81 31 47 92 96 98 30 70 98 77 62 51 79 56 65 83 73 58 52 35 60 14 34 83 43 
17 32 65 10 82 91 42 12 38 85 59 87 14 81 36 91 42 87 21 97 3 55 21 61 6 55 20 72 89 54 14 5 85 30 66 67 73 8 30 62 92 
89 48 6 69 36 48 62 22 20 58 24 75 31 84 32 85 55 55 25 9 68 81 45 50 99 11 22 6 41 35 49 81 34 6 1 69 5 62 90 77 71 
14 3 1 49 34 38 56 89 14 64 8 95 60 57 93 71 30 50 63 64 50 43 50 56 43 18 12 56 8 88 26 73 90 79 73 76 16 28 16 81 43 
23 75 3 32 19 73 13 68 87 29 18 29 78 25 23 95 36 78 54 24 55 78 65 33 51 40 100 78 55 81 73 30 7 75 13 26 99 25 93 85 53 
62 65 30 86 39 77 22 68 30 97 22 8 13 7 10 53 58 39 59 90 11 40 97 37 52 74 35 29 18 71 81 80 87 63 65 25 39 38 92 20 86 
14 79 99 72 88 3 29 27 61 71 89 53 67 26 56 92 60 84 9 83 65 40 69 79 5 94 69 94 85 40 80 50 19 78 21 58 80 2 84 92 72 
73 96 90 98 52 81 9 35 89 91 51 29 60 29 85 5 49 78 89 89 9 91 7 86 11 64 17 12 100 61 83 24 56 72 73 7 4 81 42 93 24 
44 73 35 25 9 91 73 38 79 61 47 21 19 84 32 35 53 95 34 13 78 57 68 1 81 75 5 13 68 49 88 63 73 22 87 81 12 60 18 43 72 
16 63 91 100 46 25 52 41 10 16 70 18 83 70 98 9 26 10 28 74 98 91 46 71 29 78 35 40 96 29 12 63 43 54 62 41 78 65 81 39 32 
2 56 15 71 53 75 49 14 3 22 63 45 20 86 73 97 72 13 44 52 76 7 94 29 20 34 58 37 66 96 68 67 51 82 90 55 57 38 20 11 11 
35 55 82 20 79 79 43 43 74 94 18 80 87 98 100 73 55 36 90 50 3 9 52 37 50 6 45 87 78 55 49 12 61 31 83 91 61 25 34 34 18 
3 66 56 1 65 80 55 52 70 57 54 30 8 90 79 66 34 17 43 40 65 54 52 47 88 43 59 12 76 45 29 78 10 84 30 74 16 85 25 85 41 
30 14 100 72 44 65 57 60 7 97 76 12 48 23 99 42 33 62 17 77 90 47 86 26 76 59 41 12 35 77 4 17 42 4 88 85 68 44 96 27 92 
71 90 92 93 41 85 26 2 2 2 44 100 40 21 27 98 13 91 85 89 94 1 82 49 40 18 69 35 13 47 79 83 36 70 76 28 54 53 82 7 6 
77 58 45 97 37 95 61 27 31 49 20 31 82 21 22 99 89 56 11 35 34 93 22 55 20 2 61 24 83 67 30 11 77 26 59 13 72 19 39 2 19 
10 84 100 30 5 98 70 61 60 4 94 52 78 49 24 79 61 47 61 27 28 71 55 6 81 67 77 99 57 79 17 19 62 68 48 19 17 70 79 76 73 
24 79 50 24 2 80 84 1 40 63 28 62 17 33 42 36 10 92 44 40 8 62 53 75 62 71 91 31 1 18 3 25 97 5 100 98 84 84 98 76 46 
78 89 14 10 83 49 71 74 93 62 82 6 15 8 67 37 51 97 38 68 52 14 64 56 13 14 91 96 11 18 93 40 7 7 2 89 7 72 62 51 86 
95 9 100 3 75 88 53 72 25 20 23 90 36 30 3 49 72 50 59 90 43 51 48 1 52 36 59 23 49 62 8 44 70 59 98 44 99 50 67 23 21 
41 65 56 70 67 4 94 68 15 83 10 65 30 62 16 17 73 90 65 86 50 60 55 60 57 50 58 6 69 33 79 9 97 34 31 15 90 24 82 4 58 
44 68 39 57 35 55 29 24 71 14 73 83 20 85 39 22 42 97 90 74 75 50 22 60 80 36 49 55 18 4 12 13 23 50 69 57 56 50 33 79 15 
57 61 35 41 51 8 83 47 49 8 73 98 30 33 30 65 33 84 34 37 48 46 59 49 67 68 57 16 100 35 30 56 47 16 49 97 23 31 96 71 38 
68 21 19 52 2 84 37 37 69 73 84 15 83 85 33 2 41 48 1 27 77 9 25 93 57 73 67 39 68 38 28 88 10 47 91 11 82 27 99 2 51 
83 68 86 19 100 87 59 47 40 37 24 100 61 68 8 33 34 46 53 23 25 40 32 23 30 94 56 9 93 58 59 27 25 44 45 25 83 55 23 22 43 
98 21 3 65 28 87 51 25 39 73 1 30 57 24 12 2 79 20 46 88 78 72 13 74 68 89 56 74 11 29 16 9 1 70 25 80 9 75 4 47 48 
56 29 56 79 40 57 10 59 3 97 88 26 61 61 46 49 68 19 12 96 35 20 48 56 96 27 64 71 82 63 70 38 91 25 68 30 33 77 40 87 74 
27 13 34 40 58 35 7 28 46 55 14 17 2 70 12 29 85 82 62 47 3 99 37 79 67 18 64 43 57 50 68 36 14 54 75 23 88 33 51 85 87 
16 1 41 85 12 69 70 46 30 68 48 81 5 79 47 74 42 41 31 43 61 66 57 66 92 79 5 24 81 89 11 97 89 51 33 52 71 54 97 52 22 
97 84 78 27 82 51 68 75 33 10 35 98 18 52 41 49 56 65 81 44 75 77 84 77 62 35 99 15 84 2 36 32 86 65 58 67 16 25 93 48 86 
27 98 56 78 38 4 85 2 84 80 28 13 63 56 74 50 6 40 33 8 28 64 45 92 21 63 7 97 56 7 34 34 4 41 64 93 96 48 47 32 28 
74 44 42 82 69 91 87 60 75 46 87 38 90 79 10 53 37 58 60 95 44 93 50 84 56 43 80 4 89 11 83 14 6 24 47 74 15 34 33 89 79 
72 79 21 2 88 25 90 98 84 85 41 76 34 24 32 28 3 87 68 65 69 82 70 92 28 95 6 13 80 47 44 51 25 64 52 64 88 93 61 23 77 
1 98 63 77 29 90 31 67 58 96 35 91 65 27 18 60 84 83 91 30 26 41 6 41 44 70 80 36 82 2 65 83 51 27 11 32 16 41 98 25 88 
33 15 53 59 85 64 94 67 6 24 44 46 29 36 41 50 15 28 32 68 92 66 18 18 28 49 86 68 47 10 56 79 25 60 89 9 75 82 27 80 57 
70 77 38 5 17 87 71 44 70 38 88 87 55 5 14 56 42 82 2 52 89 32 28 100 72 88 74 53 14 5 62 35 81 99 91 49 37 61 44 7 50 
31 93 56 88 59 11 29 40 12 32 80 95 59 79 66 46 4 71 11 60 32 45 92 82 35 40 18 47 35 76 96 66 21 52 53 79 14 33 70 78 65 
1 72 23 79 90 21 34 12 31 45 95 28 36 76 14 75 45 13 61 21 60 26 93 63 30 71 77 63 92 54 27 92 77 1 22 66 73 7 77 4 51 
71 83 86 98 96 12 43 60 72 15 20 98 7 82 79 29 58 41 72 11 19 63 40 20 36 5 92 42 34 47 92 56 29 77 6 77 40 48 36 11 62 
55 60 20 37 39 100 46 79 71 9 98 33 48 69 20 52 12 61 37 59 52 45 39 80 50 15 19 97 3 81 10 9 93 81 97 31 80 43 61 50 51 
10 34 98 30 53 1 42 65 90 100 16 34 38 47 83 5 17 31 59 97 92 67 89 72 64 71 3 58 32 52 8 93 37 57 23 41 57 64 5 46 15 
72 79 52 18 13 8 34 43 66 82 34 85 23 57 48 45 59 5 28 62 64 21 98 20 95 38 28 58 94 26 72 65 56 75 82 69 35 67 63 52 1 
49 36 23 5 35 67 16 91 95 77 6 67 75 25 61 64 5 70 58 30 93 22 85 19 56 5 53 22 68 5 22 68 92 96 72 27 15 39 69 9 16 
75 27 90 99 87 5 55 8 14 84 100 36 21 18 43 25 71 64 44 27 38 63 18 33 87 96 47 25 65 7 40 39 85 81 89 23 86 96 30 51 79 
29 38 51 47 80 28 69 96 23 47 33 86 64 17 72 12 64 96 28 22 88 18 7 68 6 29 5 1 59 56 32 39 93 34 37 25 61 5 20 84 51 
52 21 67 68 44 30 83 91 57 57 78 74 15 98 31 43 2 84 53 9 15 92 54 100 28 78 61 85 49 96 87 100 16 53 19 59 82 54 49 90 10 
79 63 24 76 94 18 29 77 71 38 43 14 43 42 93 72 54 29 20 49 16 19 16 20 89 26 54 42 27 43 3 5 6 26 80 51 44 8 79 66 97 
21 31 39 14 75 10 68 56 29 68 71 99 84 42 40 61 95 81 87 38 84 91 95 61 22 45 56 82 75 73 78 47 3 69 60 30 30 79 85 59 47 
7 9 82 48 48 42 43 81 81 32 16 71 26 76 93 22 32 74 96 56 3 42 11 71 53 40 1 32 76 11 30 34 19 63 81 19 56 75 99 36 6 
66 7 83 41 51 4 24 76 99 80 78 92 90 49 45 81 1 76 56 11 57 89 81 19 21 51 74 96 1 10 53 66 68 36 7 18 39 82 93 90 61 
22 81 2 70 25 82 22 52 89 32 8 77 65 78 98 15 52 45 16 13 97 81 32 32 39 1 71 73 93 12 33 14 92 87 36 69 68 57 20 57 41 
1 0 0 0 1 0 1 1 1 1 0 0 0 1 0 0 1 0 0 0 1 0 0 1 1 0 0 1 1 0 1 0 1 1 1 0 0 0 0 1 0 
0 1 0 1 0 1 1 0 1 1 1 1 1 0 0 1 1 0 1 1 1 1 0 1 0 1 1 1 1 0 1 1 0 1 0 0 0 1 0 0 1 
0 1 0 0 0 0 1 0 1 1 1 0 1 0 1 0 1 0 1 0 1 0 0 0 1 0 1 0 0 1 1 0 0 0 1 0 0 0 0 1 1 
0 1 1 0 0 1 0 0 1 0 1 1 0 0 0 0 1 1 0 0 0 1 0 0 0 1 0 0 1 1 0 1 1 1 0 1 0 0 0 1 0 
1 1 0 1 1 0 0 0 0 0 1 1 1 1 1 0 0 0 1 1 0 1 0 1 1 0 1 1 0 1 1 1 0 1 1 1 1 1 0 1 0 
1 1 1 0 0 1 0 0 0 0 0 1 0 1 0 0 1 1 0 0 0 0 0 1 1 1 0 0 1 0 0 0 1 1 1 1 0 1 0 1 1 
0 0 0 0 1 0 1 0 1 1 1 1 1 0 0 0 1 0 0 1 1 0 0 0 1 1 1 1 1 0 0 0 0 0 0 1 1 1 0 0 0 
1 1 1 1 1 1 0 1 1 1 0 0 1 1 1 1 0 0 0 0 1 0 0 1 0 0 0 1 0 0 1 1 1 0 0 0 0 1 0 1 0 
0 1 0 1 1 1 1 1 1 1 0 0 0 0 0 0 0 0 0 1 1 1 0 0 1 1 0 0 1 1 1 1 1 1 1 0 0 0 1 1 0 
0 1 0 0 0 0 0 0 0 1 1 1 0 1 0 1 1 1 0 1 0 1 0 1 0 0 1 1 1 0 1 1 0 1 1 0 1 0 0 1 1 
1 0 1 1 0 0 0 1 0 1 1 0 1 0 0 1 1 1 1 0 0 0 0 1 0 0 0 0 0 1 1 1 1 1 0 0 1 1 1 0 0 
1 0 0 1 0 1 1 0 0 1 0 1 1 0 1 1 0 1 1 0 0 0 1 1 1 1 1 0 1 1 0 0 1 0 1 1 0 0 1 0 1 
0 1 0 0 0 1 0 1 0 0 0 1 0 1 0 1 0 0 0 1 0 0 0 1 0 0 1 0 1 1 0 1 1 0 1 1 0 0 1 0 0 
1 1 0 0 1 0 1 1 0 0 0 1 1 1 1 1 0 1 0 1 1 0 0 0 1 0 0 1 1 0 0 0 0 0 0 1 0 1 1 1 0 
1 0 1 0 1 0 0 0 0 1 0 0 0 0 0 0 0 1 1 0 1 1 0 0 1 0 0 1 1 1 1 0 1 0 0 0 0 0 1 0 1 
1 1 1 1 1 1 1 0 0 1 0 1 0 0 1 0 0 0 1 0 1 1 1 1 1 0 1 1 1 1 0 0 0 0 1 1 1 0 0 0 1 
0 1 1 0 0 1 0 0 0 0 1 1 0 0 0 0 1 1 1 1 0 1 1 0 0 1 1 0 1 1 1 1 1 1 1 1 0 1 0 1 0 
1 0 0 0 1 0 1 0 1 0 0 0 0 0 0 1 0 0 0 1 1 1 0 0 0 0 1 1 0 0 1 1 0 1 1 1 1 1 0 0 1 
0 0 1 1 0 0 1 0 0 0 0 1 1 0 1 1 1 1 1 1 0 0 0 0 0 1 1 1 1 0 0 0 0 0 1 1 0 0 1 1 0 
1 0 1 0 0 0 1 1 1 1 1 0 1 1 0 0 1 1 0 1 1 0 1 1 1 0 0 1 0 1 1 1 1 1 1 1 1 1 0 1 0 
0 1 1 1 1 1 0 0 1 1 1 1 1 1 0 1 1 1 1 0 1 1 1 0 0 1 1 1 1 0 1 1 1 0 1 0 0 1 0 1 1 
0 1 0 1 1 1 0 1 1 0 0 0 1 0 0 0 1 0 0 0 1 1 1 0 0 0 0 0 0 1 1 0 0 1 1 0 0 1 1 1 1 
1 1 1 1 0 1 0 0 1 0 1 1 0 1 1 0 1 1 0 1 0 1 1 1 0 1 0 0 0 1 1 1 1 0 0 1 0 1 1 1 1 
0 0 1 0 0 1 1 1 0 0 0 1 0 1 1 1 1 1 0 1 1 1 0 1 0 1 1 1 0 1 0 0 1 0 0 1 1 0 1 1 0 
1 0 0 0 0 0 0 1 0 1 0 1 1 0 1 0 1 0 0 0 1 0 0 1 1 1 0 1 0 0 1 1 0 0 0 0 0 0 0 0 1 
0 1 0 0 1 0 0 1 0 0 0 0 0 1 1 0 0 0 0 0 0 0 0 0 0 1 0 0 1 0 1 1 1 1 0 0 1 0 0 1 0 
0 1 1 0 1 1 0 1 1 0 1 1 0 1 1 1 1 1 0 1 0 0 1 1 0 1 0 0 1 1 0 0 1 1 0 0 0 0 1 0 0 
1 1 0 0 1 0 0 0 0 1 1 0 0 0 0 0 1 0 1 0 1 1 1 0 1 1 1 1 1 1 1 0 0 0 0 1 0 0 0 0 0 
1 1 0 1 1 0 0 0 0 1 1 1 0 1 1 0 0 0 1 1 0 1 0 0 1 1 0 0 1 0 0 0 1 0 0 1 1 0 1 1 1 
0 0 0 1 1 0 0 0 1 1 0 0 1 0 1 1 0 1 0 0 1 1 0 0 1 1 1 1 0 0 1 0 0 1 1 0 1 1 0 0 1 
0 0 0 0 1 1 0 1 0 0 0 1 0 0 0 1 1 1 1 1 0 1 0 1 1 0 0 0 0 0 1 0 0 0 0 0 1 0 1 1 0 
1 0 1 0 0 0 1 0 0 1 0 1 1 0 0 1 0 1 1 1 0 1 1 0 1 1 0 1 0 1 1 0 0 0 0 0 1 1 0 1 0 
1 0 1 1 1 0 1 0 1 0 0 0 0 1 1 1 1 0 0 0 0 0 0 0 0 1 1 1 1 0 0 0 1 1 1 0 0 1 0 1 1 
0 0 1 1 1 1 0 0 1 1 0 1 1 0 1 0 0 0 0 0 0 0 1 0 0 1 0 1 1 1 0 0 1 0 1 1 1 0 1 0 1 
1 1 0 1 0 1 1 0 1 0 1 1 1 1 1 1 1 0 0 0 1 0 0 1 0 1 0 0 0 0 1 1 1 1 0 1 0 0 1 1 0 
0 1 1 1 0 0 0 1 1 1 0 1 1 1 1 0 1 1 0 1 0 1 0 0 1 1 0 1 0 0 1 1 1 1 0 1 1 1 0 0 0 
0 0 1 1 1 1 0 1 1 1 1 0 1 1 1 0 0 1 1 0 0 0 1 1 0 0 1 1 1 1 1 1 1 0 1 1 1 1 0 0 1 
1 0 0 1 0 1 1 1 0 1 1 0 0 1 0 0 0 0 1 1 1 1 1 0 0 0 1 1 0 0 0 1 0 1 0 0 0 1 1 0 0 
1 0 0 0 0 1 0 0 0 1 0 1 0 0 1 0 1 1 0 1 1 0 0 0 0 0 0 0 0 0 0 1 0 1 1 1 0 1 1 0 0 
1 0 1 1 1 1 1 0 0 0 0 0 0 0 0 1 1 0 1 1 1 0 0 0 1 1 0 0 0 0 0 0 0 1 1 0 1 0 0 1 1 
0 1 1 1 1 0 0 0 1 1 1 1 1 1 0 0 1 0 1 1 1 1 0 0 0 0 1 1 0 0 0 1 1 1 0 1 0 0 1 1 1 
0 1 1 1 1 1 0 0 0 1 1 1 1 1 0 1 1 1 0 1 1 1 1 0 1 0 0 1 1 0 0 1 1 1 0 0 1 0 0 1 1 
1 1 1 1 1 0 0 0 0 1 1 1 0 1 0 0 0 1 1 0 0 0 1 1 0 1 0 0 0 0 0 1 1 1 0 0 1 0 0 0 0 
1 1 0 0 0 1 0 1 0 0 1 1 1 1 1 1 1 0 1 1 0 0 0 1 1 0 0 1 0 0 1 1 0 0 0 0 1 0 1 1 1 
1 0 0 0 0 1 1 0 0 1 0 1 1 1 0 0 1 1 0 0 1 0 0 1 0 0 0 0 1 1 1 0 0 0 0 0 1 0 0 0 1 
0 1 0 1 1 0 0 0 1 0 1 1 0 0 1 0 0 1 0 0 1 0 0 1 1 0 0 1 0 0 0 0 1 0 1 0 1 1 1 0 0 
0 1 0 1 0 1 1 1 1 1 0 1 1 1 0 1 0 1 1 0 1 1 0 0 0 0 1 0 1 1 0 0 0 0 1 0 1 0 1 0 0 
0 0 1 1 0 1 1 0 0 0 1 0 0 1 0 0 0 0 0 1 0 0 1 1 1 1 0 1 1 1 1 1 1 1 0 1 0 0 1 0 0 
1 0 0 0 1 0 1 1 0 0 0 0 0 1 1 1 1 1 0 0 0 1 1 1 0 1 1 0 0 0 0 1 0 0 0 1 0 1 1 1 1 
1 1 1 0 1 1 1 0 1 0 0 1 1 0 1 0 1 1 1 1 1 0 0 1 0 1 1 1 0 0 1 1 0 0 1 1 1 1 1 1 1 
1 0 0 1 1 1 1 0 0 0 1 0 0 0 1 0 1 0 0 0 1 0 0 0 1 1 1 0 0 0 1 1 0 0 1 1 1 0 1 1 0 
0 1 1 0 0 1 0 1 1 0 0 1 0 0 1 1 0 1 1 0 1 0 1 1 1 0 0 1 0 1 0 0 0 1 1 1 0 1 0 1 1 
0 1 1 1 0 0 1 1 1 1 0 1 0 1 1 1 1 0 1 0 0 1 1 1 0 0 1 1 0 1 0 0 0 1 1 0 1 0 1 0 0 
0 0 0 1 1 1 1 1 0 1 0 0 0 1 0 0 1 0 0 0 0 1 0 0 0 0 1 1 1 0 1 1 0 1 1 1 1 0 0 1 1 
0 1 0 0 0 0 1 0 1 1 0 0 1 0 0 1 0 1 0 0 0 0 0 0 1 1 1 1 1 0 0 0 0 0 0 0 1 1 0 0 0 
0 0 1 1 0 0 1 0 0 1 0 0 1 0 1 0 1 0 1 0 1 1 0 1 1 0 0 0 0 0 0 0 0 1 1 1 1 0 1 0 1 
1 0 0 0 0 0 1 0 0 1 1 1 1 1 1 1 1 1 1 0 0 0 0 1 1 1 1 0 0 1 1 0 1 0 0 1 0 1 0 0 1 
1 0 0 0 1 0 0 0 1 0 0 1 0 0 1 0 1 1 0 0 0 0 1 0 0 1 1 0 1 1 1 0 1 1 1 0 1 1 1 1 1 
1 0 1 1 1 1 0 0 0 0 1 0 0 1 1 1 0 1 0 0 0 0 1 1 1 0 1 0 1 0 1 0 0 1 0 0 0 0 0 0 1 
1 1 1 1 0 0 1 1 0 1 1 0 1 0 0 1 1 0 0 1 0 0 0 1 0 0 1 1 0 0 0 0 1 1 1 1 1 0 0 1 0 
1 1 1 1 1 0 1 0 0 0 0 0 0 1 1 0 0 0 1 0 0 1 1 1 0 0 0 0 0 1 0 1 0 1 1 0 1 0 0 1 0 
0 0 1 1 1 1 1 1 0 0 1 1 1 0 1 0 0 0 0 1 0 0 1 0 1 1 1 1 1 1 1 1 1 0 0 0 0 0 1 0 0 
0 0 1 0 1 1 0 1 0 1 0 0 0 0 1 0 1 0 1 0 1 1 1 0 1 1 0 1 0 0 1 0 0 1 0 0 0 0 1 0 1 
1 0 0 1 1 0 1 1 1 1 1 0 1 1 0 0 1 1 1 1 1 1 0 0 0 0 0 0 1 1 0 1 1 0 0 1 0 1 0 1 1 
1 0 0 0 0 0 1 1 1 1 0 1 1 0 1 1 1 1 0 0 1 1 1 1 0 0 1 1 1 1 0 0 1 0 1 1 1 0 0 0 1 
