50 54 2405
68 45 72 33 77 27 84 8 7 28 13 100 26 44 97 82 74 26 39 21 21 4 69 26 40 21 92 67 13 80 71 80 24 42 65 52 20 100 59 26 79 23 77 56 66 26 37 91 51 28 11 24 31 32 
49 22 4 92 88 16 71 58 47 94 51 63 97 70 62 55 47 41 77 23 48 94 48 85 37 51 64 99 74 94 30 74 15 33 65 54 100 35 63 47 80 65 9 76 86 23 82 32 15 10 6 62 3 6 
98 91 56 61 90 81 6 19 54 72 4 18 25 3 4 39 49 35 3 10 10 88 84 43 71 98 52 77 11 6 34 9 97 41 21 86 21 27 56 74 50 59 43 27 14 46 65 62 80 68 23 41 7 6 
83 78 55 86 6 66 91 39 26 39 79 98 76 51 76 32 24 26 42 18 52 55 15 68 69 46 35 43 38 42 1 20 71 55 57 76 72 47 14 49 38 44 47 13 94 22 44 69 47 38 86 50 92 52 
18 60 97 4 55 34 97 55 5 67 9 61 42 33 59 7 81 96 50 27 9 95 1 4 63 99 41 100 49 85 3 18 96 99 73 50 84 70 4 88 36 13 100 30 97 59 36 77 6 38 56 14 32 8 
70 47 6 62 98 6 46 1 23 42 51 96 91 87 17 95 74 52 59 26 33 7 84 21 35 41 58 90 7 41 97 76 39 55 37 89 60 83 41 83 76 91 30 18 29 46 12 3 49 22 28 34 80 63 
54 15 55 11 4 61 3 53 36 42 7 25 82 18 59 22 100 34 64 81 51 93 78 15 47 79 88 26 12 68 40 65 82 94 27 37 55 29 89 42 22 47 66 3 65 24 76 16 57 40 49 60 84 26 
74 30 4 61 55 67 80 46 31 61 39 57 98 45 38 38 87 59 37 4 14 53 28 41 68 36 80 68 47 15 46 20 44 1 33 50 68 12 95 98 73 86 7 22 30 44 11 16 54 47 72 19 99 51 
60 19 86 91 86 85 6 83 4 1 84 88 51 51 100 97 100 24 82 6 45 12 1 7 79 7 54 50 25 4 100 36 22 38 79 60 22 84 42 77 84 25 65 86 27 16 83 27 39 64 32 35 27 85 
41 58 91 94 7 67 50 59 55 71 96 33 82 69 68 24 45 51 100 61 89 79 76 71 5 14 86 88 100 65 72 41 22 14 86 80 33 35 38 87 58 85 19 39 53 86 14 50 88 66 10 76 44 86 
98 100 51 36 87 51 100 11 43 73 76 28 52 8 15 90 94 72 26 64 62 31 1 76 80 41 93 41 68 36 78 66 87 81 53 25 31 52 35 73 76 11 52 27 70 66 16 16 89 94 79 51 24 32 
78 3 72 70 95 39 57 73 56 43 53 8 19 35 11 54 59 86 16 10 13 37 28 80 52 68 73 83 70 96 14 47 50 37 68 45 27 24 69 83 18 73 42 37 7 53 42 17 90 9 78 54 45 57 
86 49 25 10 31 94 6 96 41 7 32 60 3 58 84 23 92 53 95 34 41 53 38 34 69 27 42 99 33 39 55 18 87 79 27 17 25 84 12 17 43 95 76 45 52 11 68 44 64 14 29 56 67 66 
90 87 44 83 85 76 21 92 45 59 70 24 75 94 59 38 62 1 84 38 98 36 48 17 31 63 30 59 19 48 76 60 87 19 94 23 47 15 14 91 25 36 66 52 29 25 41 91 77 25 80 26 60 27 
42 42 90 24 52 60 23 27 71 9 45 64 32 91 30 97 34 55 32 99 6 13 75 46 55 52 70 34 29 81 60 71 74 1 46 25 60 20 51 82 29 96 46 12 38 75 8 71 29 40 22 86 52 96 
84 6 99 5 91 28 86 50 50 59 3 47 36 14 66 86 96 46 33 41 57 71 67 17 93 48 8 14 33 11 10 68 68 60 73 58 87 58 59 88 68 61 34 3 27 52 41 22 97 73 14 54 95 80 
22 88 27 29 53 12 39 14 79 6 74 51 63 12 60 73 100 80 34 85 34 60 36 74 33 33 99 98 38 93 77 59 80 56 39 85 19 77 98 49 34 71 100 48 83 11 20 34 90 5 70 24 16 58 
49 48 42 47 45 31 40 74 89 71 81 79 55 99 55 53 47 40 75 98 87 9 9 6 42 50 11 64 25 78 73 74 26 14 20 22 44 11 47 84 82 27 62 88 77 68 92 24 7 67 73 93 75 33 
50 69 83 12 32 7 90 4 32 67 69 52 88 12 62 87 47 95 13 60 83 42 27 74 17 85 92 89 29 67 22 30 35 56 42 18 14 31 73 46 49 41 97 36 4 10 74 50 57 39 61 39 80 39 
64 96 23 8 36 3 74 9 32 60 64 73 77 78 55 49 75 3 41 23 91 44 32 64 45 88 54 5 78 33 43 94 80 17 1 16 19 26 24 2 85 88 75 13 17 81 13 91 36 53 65 78 48 96 
93 92 36 47 48 65 79 42 10 59 58 62 74 28 87 49 29 23 88 55 35 4 36 99 46 23 51 10 100 50 58 92 41 45 38 40 61 69 81 71 27 38 32 52 65 19 100 94 93 40 100 28 43 87 
26 41 9 29 2 8 78 11 52 71 55 41 62 68 9 43 38 87 32 69 90 97 39 42 42 32 81 41 11 75 28 88 67 88 68 21 48 98 31 51 20 38 91 81 5 52 23 42 90 55 62 80 3 53 
73 96 84 5 36 46 79 15 33 46 55 53 18 2 50 48 52 69 37 94 49 41 45 24 34 35 78 48 66 80 100 38 75 35 42 62 80 72 29 64 69 35 16 86 88 17 86 39 85 22 84 86 15 29 
9 48 15 38 47 80 69 46 69 95 80 62 8 11 33 88 27 2 22 42 39 9 11 24 99 47 46 83 32 12 63 92 11 77 29 58 8 97 3 76 91 35 37 99 97 21 86 23 74 60 17 13 68 27 
88 67 73 85 1 57 96 63 48 7 39 77 64 98 25 18 73 16 4 61 66 1 33 3 23 7 62 91 71 30 17 58 48 42 43 48 98 38 62 45 96 52 73 59 49 98 29 73 65 32 33 82 84 65 
84 59 23 46 49 93 27 66 51 26 59 93 25 56 82 86 52 78 37 25 88 37 74 16 9 90 100 93 71 83 9 54 41 32 51 90 24 29 7 74 54 65 18 78 72 52 15 23 81 3 99 68 39 24 
36 99 13 35 91 35 69 100 41 62 31 91 51 6 72 9 32 25 73 1 55 96 52 69 18 32 72 69 52 62 92 87 61 57 73 51 91 93 2 31 54 84 74 4 90 45 64 21 21 88 21 75 83 25 
44 1 8 67 21 59 28 12 97 88 68 21 91 11 14 92 93 67 76 66 23 17 62 86 89 83 74 61 9 56 85 52 8 93 18 28 3 98 92 100 85 11 20 75 21 33 19 14 52 94 31 74 10 45 
59 50 79 84 10 87 40 95 91 99 39 60 79 41 57 70 92 42 80 64 68 53 48 86 18 99 31 48 72 92 44 83 41 22 66 51 9 57 45 51 8 35 10 86 27 67 7 19 60 86 34 79 90 81 
17 7 80 47 7 3 91 50 37 31 72 3 81 32 11 77 34 18 63 43 55 90 61 61 60 72 99 93 51 88 73 67 95 4 65 53 7 55 2 43 38 25 97 70 8 60 47 41 77 61 84 84 50 96 
44 9 68 42 1 70 30 26 88 76 29 52 28 87 59 29 82 96 6 30 65 13 89 63 6 18 24 41 1 25 36 44 34 55 38 86 24 67 63 11 42 44 15 69 30 25 49 63 72 6 93 88 19 33 
51 76 50 26 16 2 50 3 98 35 58 35 73 81 1 35 44 94 30 10 14 60 86 62 74 57 68 66 96 38 51 98 13 100 23 80 54 25 82 51 11 39 85 35 72 85 22 67 30 51 28 43 62 13 
4 36 21 23 53 16 12 3 66 76 55 88 55 8 64 37 10 27 27 94 61 50 30 34 16 59 85 43 1 46 7 56 33 79 79 86 47 42 40 12 18 94 51 24 53 67 12 62 93 91 55 5 40 36 
39 56 94 75 50 94 20 9 50 5 87 80 90 85 73 29 96 42 75 99 66 27 65 77 41 9 67 47 13 59 83 51 14 76 25 15 22 97 23 23 1 62 54 42 46 26 70 94 68 96 44 33 75 8 
61 15 16 80 61 80 38 95 31 3 71 7 69 44 55 92 66 55 5 19 48 2 96 70 47 63 65 90 47 39 49 60 53 16 91 66 96 80 60 78 82 82 84 50 77 39 93 42 45 97 12 93 51 60 
62 97 74 78 39 21 17 87 32 21 3 22 38 50 1 50 27 34 83 10 35 60 100 28 53 97 76 17 89 26 76 2 75 49 79 13 21 47 99 52 68 53 25 57 2 25 6 28 10 89 90 45 48 41 
72 52 37 99 68 77 77 43 30 51 44 61 63 64 7 13 68 26 66 92 83 19 69 40 99 30 28 88 74 27 80 97 79 69 96 98 45 72 93 27 22 36 87 36 51 45 48 18 71 65 62 5 84 82 
44 82 11 24 21 85 50 52 33 80 20 28 78 17 51 70 43 24 5 81 59 7 25 59 25 47 23 38 51 58 19 47 39 29 70 11 65 19 63 98 99 82 77 76 98 28 97 92 51 1 72 62 7 49 
20 83 47 94 20 98 52 90 96 42 71 65 53 35 35 67 32 85 48 9 60 98 88 56 41 38 8 65 51 67 13 22 1 59 16 73 8 67 62 55 60 32 19 12 19 54 30 50 38 78 10 50 27 97 
57 19 87 17 83 89 35 47 11 35 58 78 7 17 96 21 72 55 4 90 19 22 95 48 24 85 77 33 86 3 82 94 74 68 10 56 8 96 55 18 31 12 95 89 28 90 9 51 97 13 93 15 34 87 
62 57 23 39 42 60 93 23 54 66 42 15 22 49 11 28 19 41 39 65 81 18 7 90 69 3 54 13 17 87 51 78 96 74 16 89 33 61 11 38 26 4 53 99 4 15 26 74 55 16 39 87 34 45 
76 54 99 29 66 15 68 16 44 15 41 12 3 26 72 65 63 97 20 67 96 23 81 73 97 87 89 87 74 22 31 1 27 29 30 44 95 49 11 38 15 52 49 69 29 72 85 91 69 4 58 16 26 90 
88 74 77 76 60 50 49 42 50 75 22 31 70 16 31 81 6 97 84 6 65 12 78 49 2 46 52 11 13 30 1 100 55 29 28 15 78 76 8 79 3 30 10 72 97 92 52 54 89 35 60 53 46 37 
54 100 34 5 62 98 86 14 97 41 42 76 7 71 4 14 50 6 95 59 29 44 50 81 97 90 67 56 43 65 44 96 16 77 52 77 74 38 43 23 30 84 50 36 55 53 1 56 58 96 14 39 39 15 
19 35 57 37 43 99 1 86 46 68 15 49 97 40 38 39 14 67 74 64 54 80 68 55 35 78 2 100 16 92 67 86 78 23 22 20 73 75 58 18 42 72 66 38 63 56 76 29 22 2 92 76 81 11 
82 68 88 83 67 3 74 85 88 51 7 10 23 79 36 80 48 77 3 66 15 17 21 42 45 94 95 88 21 28 99 2 95 86 36 13 89 61 98 28 64 56 89 86 87 24 17 34 53 71 51 19 87 71 
12 32 17 7 19 37 34 17 39 80 3 26 92 43 87 41 22 50 97 11 87 83 86 3 68 38 73 19 56 59 41 68 90 57 26 61 46 11 77 84 90 31 61 33 25 47 74 47 96 22 9 82 4 46 
36 23 84 8 41 91 67 34 10 8 42 87 20 87 97 97 22 38 79 83 71 4 29 96 2 77 17 62 10 72 7 46 94 42 53 87 85 71 72 94 31 13 33 50 100 29 98 73 67 29 55 37 84 36 
32 85 12 100 98 21 71 4 66 16 98 71 2 82 93 73 27 23 38 59 25 89 40 74 61 6 2 16 94 85 51 77 21 14 76 18 34 98 74 52 13 23 74 67 4 66 91 82 41 28 93 17 16 32 
90 77 37 92 44 82 28 46 58 49 59 85 18 44 34 43 47 46 65 20 64 20 38 7 2 30 34 94 46 2 77 87 30 13 78 25 46 58 70 55 6 28 39 75 23 72 18 70 69 82 41 85 2 30 
0 0 0 1 1 1 0 1 0 1 1 1 1 0 0 0 0 1 1 0 0 0 1 1 1 1 0 1 1 1 1 1 1 1 1 0 1 1 1 1 1 0 0 0 0 1 1 0 0 0 0 0 0 1 
1 1 1 0 1 0 1 0 0 1 1 1 1 0 0 1 1 1 1 0 0 0 1 1 0 1 1 1 0 0 0 1 1 1 1 0 0 1 0 0 0 0 1 1 0 1 0 0 1 0 0 1 0 1 
0 0 0 1 1 0 1 0 0 1 1 1 1 1 0 0 1 0 0 0 0 0 0 0 0 1 0 0 0 0 1 0 1 0 1 0 0 1 0 0 0 0 0 1 1 0 1 1 1 1 1 1 0 1 
1 0 0 0 1 0 0 0 0 1 0 0 0 1 1 0 1 1 0 1 0 0 0 0 1 1 1 0 0 1 0 1 0 0 1 1 1 0 1 1 1 0 1 1 1 0 0 0 1 0 0 0 0 0 
0 1 1 1 0 1 1 0 0 1 0 0 0 1 0 1 1 1 1 0 1 0 1 1 1 0 1 1 0 0 1 0 1 0 0 1 1 1 1 1 0 0 1 0 1 1 1 0 1 1 1 0 1 0 
1 0 0 0 1 1 0 0 1 0 0 1 1 1 0 1 1 0 1 0 0 0 0 0 1 1 1 0 1 0 0 0 1 0 0 0 1 1 1 1 1 1 0 0 1 1 1 0 1 0 0 0 1 0 
0 0 1 1 0 0 1 0 0 0 0 1 1 0 0 0 1 1 1 1 1 0 0 1 0 0 1 1 0 0 1 0 0 1 1 0 1 0 0 0 1 1 1 0 1 1 0 0 0 1 1 1 0 0 
0 0 0 0 1 0 0 1 0 1 0 1 1 1 1 0 1 0 1 0 0 0 1 0 0 1 0 1 1 0 1 1 0 1 1 0 1 0 1 1 1 1 0 0 0 0 0 0 0 1 0 1 1 0 
1 1 1 1 1 0 1 0 0 0 0 1 0 1 1 1 1 0 0 1 1 0 1 1 0 0 1 1 1 0 1 0 0 0 0 1 1 1 1 1 1 1 0 1 1 0 0 0 0 0 1 1 1 1 
1 1 1 0 0 0 0 1 0 0 0 0 1 1 0 1 0 1 0 0 1 1 0 1 1 1 0 1 0 1 0 1 0 1 1 1 1 0 0 1 0 0 0 0 1 0 1 1 1 1 0 0 1 0 
0 0 1 0 1 0 1 1 1 1 0 1 0 1 1 1 1 1 1 1 1 1 1 0 0 0 0 0 1 1 1 1 1 0 1 1 0 0 0 0 1 1 1 0 0 0 1 1 1 0 0 1 1 1 
1 0 0 1 0 1 0 1 0 0 0 1 1 0 1 1 0 0 0 1 0 1 1 1 0 1 0 1 0 1 0 1 1 0 1 0 1 1 1 1 1 1 0 0 0 1 0 0 0 0 0 0 1 1 
0 0 0 0 1 0 1 1 0 1 0 1 1 1 0 0 1 0 0 1 0 0 1 0 0 1 1 0 1 0 0 1 0 0 1 1 1 1 1 1 0 1 0 1 0 0 1 1 0 1 1 1 1 0 
1 0 1 0 0 0 1 0 0 1 1 1 1 0 0 0 1 0 1 1 1 1 1 1 1 0 0 0 1 0 0 0 0 1 1 0 1 0 1 1 1 0 1 0 0 1 0 1 0 1 0 1 1 1 
0 0 1 1 0 0 1 0 1 1 1 0 1 0 0 0 0 1 0 1 0 0 0 0 1 0 0 1 0 1 1 0 1 0 1 1 1 0 1 0 1 0 0 1 0 0 1 0 1 0 1 1 0 0 
0 0 0 0 1 0 1 0 1 0 1 0 1 0 1 0 0 0 0 0 1 0 0 1 1 1 1 0 1 1 0 1 1 1 1 1 1 0 1 0 0 0 1 1 0 0 1 0 0 1 0 0 1 0 
1 0 0 0 1 1 1 1 0 1 0 1 0 0 1 1 0 1 0 1 0 0 1 1 1 0 0 1 0 1 0 1 0 0 1 1 1 0 0 1 1 1 0 1 1 1 1 1 0 1 1 0 1 0 
1 0 0 1 0 0 0 0 1 0 0 0 1 1 1 0 0 0 1 0 0 0 1 1 1 1 0 0 1 1 1 0 0 1 1 0 0 1 0 1 0 0 0 1 1 1 1 1 1 0 1 1 0 0 
0 0 1 0 0 0 0 1 0 0 1 1 0 1 0 0 0 0 0 0 0 1 1 1 0 1 0 1 0 0 1 1 0 0 1 1 0 1 0 0 1 1 1 1 0 1 1 1 0 1 1 0 0 1 
1 0 0 1 1 0 0 0 1 0 0 1 1 0 0 0 0 0 1 1 1 0 1 1 1 1 0 0 1 1 1 0 1 1 0 1 0 0 1 1 0 0 0 0 0 1 0 1 1 1 0 0 1 1 
1 0 0 0 1 1 1 0 0 0 0 0 1 0 0 1 1 0 1 0 0 1 1 0 0 0 0 1 0 1 0 0 0 1 0 1 0 1 1 0 1 1 0 1 1 0 0 1 1 1 1 1 0 0 
0 1 0 0 0 0 1 0 0 1 1 0 0 0 1 0 0 1 1 1 0 1 1 0 0 0 1 1 0 1 1 0 0 1 0 0 1 1 1 0 1 0 0 1 0 0 1 1 1 1 0 1 0 1 
1 0 0 0 1 0 1 0 0 0 1 0 0 0 1 1 0 0 0 1 0 0 1 1 1 0 0 1 1 0 1 0 0 1 0 1 1 1 1 1 1 0 1 0 1 0 1 1 1 1 0 1 0 1 
0 1 1 1 1 0 1 0 0 0 1 0 1 0 0 1 1 1 1 0 1 0 0 1 0 1 0 0 0 0 0 1 0 1 0 1 0 1 1 0 1 0 1 1 0 1 0 1 0 1 1 0 0 1 
1 0 1 1 0 1 0 0 0 0 0 0 1 0 0 0 0 1 0 1 0 0 0 0 1 1 0 0 1 0 1 0 0 0 1 0 0 1 1 0 1 1 1 0 1 1 0 1 0 0 1 1 0 1 
1 1 0 1 1 1 1 1 1 1 1 1 0 1 0 1 0 0 0 1 0 1 0 1 0 0 1 1 1 0 1 1 1 1 0 1 1 0 0 0 1 1 1 1 1 0 0 1 0 0 0 0 1 0 
1 0 0 1 1 0 1 0 1 0 0 1 1 1 1 1 1 1 1 1 0 0 1 1 1 1 1 1 1 1 1 1 1 1 0 0 1 1 1 0 1 1 0 1 0 1 0 1 0 1 0 1 1 1 
0 0 0 1 1 0 0 0 1 1 0 1 0 1 0 1 0 1 0 0 0 0 1 1 1 0 0 0 1 0 1 1 0 0 0 0 0 1 0 1 0 0 0 0 0 0 1 0 1 1 0 0 1 1 
1 1 1 1 1 0 1 0 1 0 0 0 0 0 1 0 1 1 1 1 0 1 1 1 1 1 1 1 1 0 0 0 1 0 1 0 0 1 1 0 1 1 0 1 0 1 1 1 0 0 1 0 1 0 
0 0 1 1 1 0 1 0 0 1 0 0 1 0 1 0 0 0 0 0 1 0 1 0 1 0 1 0 0 0 1 0 1 0 1 0 1 1 0 1 0 0 1 1 1 0 0 1 0 0 0 1 0 1 
0 1 1 1 0 0 1 1 0 0 1 0 1 0 1 1 0 1 0 1 0 1 0 0 0 0 0 0 0 0 0 0 0 1 1 0 1 0 1 0 1 0 0 0 1 1 1 1 0 1 0 0 0 0 
1 1 1 1 1 1 0 1 1 0 1 0 0 0 0 1 0 1 1 0 1 0 1 1 1 1 0 0 0 1 0 1 0 1 0 1 0 0 1 1 0 0 1 0 0 0 1 1 1 1 1 1 1 1 
0 1 0 0 1 0 1 1 1 1 1 0 1 1 0 0 1 1 0 0 1 0 0 1 1 0 0 1 1 1 0 1 0 0 1 1 1 1 1 0 0 0 0 1 1 1 1 0 0 1 1 1 0 1 
0 1 1 0 0 0 0 0 1 0 1 1 0 0 0 1 0 0 1 1 0 0 0 1 1 0 1 0 1 1 1 0 0 1 0 1 1 0 1 1 1 0 0 1 0 0 0 1 0 1 0 0 1 0 
0 0 0 1 0 1 0 0 1 0 1 0 1 0 0 1 1 1 1 1 0 0 1 0 1 0 1 1 0 1 1 0 1 1 1 0 0 1 0 0 0 1 0 1 1 0 0 1 0 0 0 0 0 0 
1 1 0 0 0 0 1 1 1 1 0 0 1 0 0 1 0 0 0 0 1 1 1 0 0 1 0 1 1 0 1 0 1 1 1 1 1 0 0 0 1 0 1 0 0 1 1 1 1 1 1 0 1 0 
0 1 1 0 0 1 0 1 1 1 0 0 0 0 1 0 0 0 0 1 1 1 0 0 0 1 0 1 0 1 0 0 0 1 1 1 0 1 0 0 1 1 0 1 1 1 0 1 0 0 1 1 1 1 
1 1 1 1 1 1 0 1 1 1 0 0 0 1 0 0 1 1 1 1 0 0 1 0 0 1 1 1 0 0 0 1 0 1 1 1 0 1 0 0 0 0 0 0 1 0 1 0 1 0 0 0 1 1 
0 1 0 1 0 0 0 0 1 0 0 0 1 0 0 1 0 0 1 1 1 1 1 0 1 1 0 1 1 1 0 1 0 0 1 0 0 1 1 0 1 1 0 0 1 0 1 0 1 0 1 0 1 0 
0 1 1 0 0 0 0 1 0 0 1 1 1 0 0 0 0 1 1 0 1 0 1 0 0 0 0 1 0 0 0 0 1 1 0 1 0 0 0 0 1 0 1 0 0 1 0 0 0 1 0 1 1 1 
1 0 1 1 1 1 1 1 1 0 1 0 0 1 0 0 1 1 0 0 1 0 1 1 0 1 0 1 0 0 0 1 0 0 0 1 1 0 1 1 0 0 1 0 1 1 1 0 1 1 0 0 0 1 
0 0 0 0 1 0 0 0 1 0 0 1 0 1 1 1 0 0 1 1 0 0 1 1 0 0 1 0 0 1 1 0 1 1 1 1 1 1 1 0 0 1 1 0 0 1 1 1 1 0 0 1 0 1 
1 0 1 0 0 0 1 1 0 0 0 1 1 1 1 0 1 1 1 0 1 0 1 0 1 0 0 1 0 0 1 1 0 0 1 0 0 0 1 1 0 1 0 0 0 1 0 1 0 0 1 1 0 1 
1 1 1 1 0 1 1 1 0 1 0 1 1 0 1 0 1 0 1 0 0 1 1 0 0 0 0 0 1 0 1 1 1 0 0 0 0 0 1 0 1 1 0 1 0 1 1 1 1 1 1 1 0 1 
0 1 1 0 1 0 1 0 1 0 0 0 0 0 0 0 1 1 1 1 0 1 0 0 1 0 1 0 1 1 1 1 0 0 0 1 1 1 1 0 1 0 0 0 0 0 0 1 0 1 0 0 1 1 
0 0 1 1 0 0 1 0 0 1 0 0 1 1 1 0 0 0 0 0 0 1 1 0 0 1 0 1 1 1 0 0 1 1 1 1 1 0 1 1 0 0 1 1 1 0 1 1 1 0 0 1 1 1 
0 1 0 0 0 1 1 0 1 0 1 1 1 1 1 1 0 1 1 0 0 0 0 0 0 1 0 0 1 1 1 1 0 1 1 1 0 0 1 0 0 1 1 1 0 0 0 0 0 1 0 0 0 1 
0 0 0 0 0 1 1 1 0 0 0 1 1 0 1 0 0 1 1 1 1 1 0 1 0 0 1 0 0 1 1 1 1 0 1 1 1 1 0 0 1 0 1 0 0 1 0 1 0 0 0 1 1 0 
1 1 0 0 0 1 1 1 0 0 1 1 1 1 0 1 1 1 1 0 1 1 1 0 0 0 0 1 1 1 1 0 1 0 0 1 1 1 0 1 1 0 0 0 1 1 1 0 0 0 0 0 0 0 
0 0 0 0 1 1 1 1 0 0 1 0 1 0 0 0 1 1 0 1 0 1 0 1 1 1 0 1 1 0 1 1 0 1 1 0 1 0 1 1 1 0 1 0 0 1 0 1 1 0 0 1 1 1 
