59 54 1094
58 100 96 88 45 99 75 72 40 8 67 35 25 2 31 28 53 40 57 9 58 15 77 31 51 86 70 78 65 47 15 75 98 63 62 95 61 89 66 100 96 33 87 21 86 17 100 90 8 8 99 65 22 27 
47 25 12 68 2 29 15 68 3 64 30 64 58 91 52 76 42 100 60 80 72 45 96 71 34 4 31 84 20 4 11 67 28 74 34 81 2 100 49 56 16 30 72 25 72 75 100 14 74 59 93 45 55 41 
68 41 96 98 24 15 1 86 33 81 60 19 13 13 70 61 69 85 43 40 62 14 14 61 27 88 72 72 84 26 12 3 66 59 100 42 73 53 27 58 33 38 76 45 51 97 58 19 82 52 58 95 65 23 
7 92 62 78 15 98 56 26 100 73 84 100 14 8 4 93 17 88 30 92 84 32 89 93 50 22 44 59 68 9 34 74 52 95 52 66 92 59 43 92 31 26 43 97 85 46 41 2 33 70 45 16 54 85 
9 3 58 52 14 25 12 47 99 63 41 2 80 85 60 22 28 42 99 70 38 36 67 78 37 99 100 33 66 53 18 26 7 27 30 20 52 41 66 2 56 59 3 35 95 14 9 22 55 7 91 93 42 57 
22 30 7 21 63 24 25 32 2 32 58 31 51 61 23 69 62 30 27 16 17 73 29 25 94 84 83 84 28 77 92 49 58 50 22 72 25 46 3 26 77 13 8 80 73 31 48 87 12 26 2 28 98 31 
4 91 66 39 26 45 15 69 45 24 70 66 96 94 64 98 20 40 62 27 19 35 9 66 21 21 43 74 100 40 56 4 30 73 42 7 17 8 75 62 31 44 79 26 38 42 76 9 34 89 87 52 23 96 
70 95 68 12 21 67 4 76 22 33 49 63 92 17 22 66 30 5 62 9 82 99 2 57 59 87 46 45 91 20 92 60 67 59 23 87 78 78 14 99 11 62 14 54 31 35 19 60 39 80 20 21 30 22 
29 40 60 26 85 50 98 76 9 16 87 84 54 64 61 67 62 23 81 27 76 11 62 47 70 52 78 90 24 8 63 5 47 74 82 83 24 31 11 84 46 49 67 99 12 80 18 25 54 98 52 82 8 65 
28 29 68 5 70 92 64 84 48 63 58 29 45 81 12 7 64 57 55 83 8 18 14 25 43 19 74 46 100 33 62 79 61 29 36 83 72 99 66 19 13 75 100 58 7 11 16 71 19 71 5 78 88 70 
2 82 88 27 79 88 59 40 18 72 69 53 54 92 52 71 63 16 46 14 73 52 76 41 74 94 11 30 72 50 99 25 32 87 52 10 26 62 2 43 33 70 96 86 13 99 57 75 14 2 88 39 5 63 
31 79 9 41 8 32 42 59 8 25 97 59 35 22 21 88 16 53 57 63 91 21 13 47 96 27 100 35 17 56 50 47 34 10 39 94 41 32 4 48 57 100 59 43 21 31 30 88 35 38 51 25 58 63 
23 5 41 74 40 9 30 41 7 15 50 45 60 42 77 63 41 85 62 51 27 34 81 56 22 68 93 24 44 50 86 67 55 79 92 46 87 21 38 94 88 39 90 47 80 18 10 72 2 23 23 28 57 55 
83 78 22 75 53 18 77 38 36 83 16 27 28 55 100 17 48 87 55 37 33 86 55 94 9 8 17 31 36 73 38 18 2 11 45 54 28 21 43 63 55 11 42 34 65 41 50 12 27 56 100 11 41 6 
5 1 14 21 32 49 45 21 18 98 31 62 3 11 34 45 25 88 7 66 21 71 6 22 82 32 77 34 95 69 39 99 70 52 71 53 52 67 25 70 64 55 83 18 17 17 14 42 56 21 7 29 91 13 
2 25 96 79 58 90 99 96 40 20 100 62 72 51 28 96 20 43 3 3 60 19 71 74 60 78 46 19 58 36 31 60 60 78 90 69 20 40 65 59 60 16 73 31 66 100 79 38 43 33 92 54 3 14 
79 15 91 24 33 1 60 15 60 71 92 1 40 63 40 56 74 99 71 46 82 36 45 12 73 39 44 64 93 46 77 71 60 20 95 44 20 6 58 31 76 2 31 15 64 22 70 89 21 92 34 54 28 31 
65 52 21 60 68 13 57 96 36 69 15 82 12 86 39 22 16 14 23 98 81 38 20 2 27 92 94 12 45 73 42 61 24 63 72 91 27 80 87 14 48 53 47 60 91 85 33 6 99 55 56 31 92 75 
84 70 18 77 82 14 1 75 26 25 89 97 67 16 76 5 81 76 10 28 87 100 12 19 5 62 73 12 44 16 86 28 86 55 4 19 68 5 93 93 81 82 41 99 49 17 4 29 92 13 8 78 12 20 
96 68 33 20 80 77 35 17 4 72 72 59 90 39 15 83 84 47 16 24 46 64 92 49 92 83 13 100 12 24 71 59 43 55 30 22 31 17 91 86 88 62 45 30 52 11 12 35 58 27 59 3 42 2 
3 85 85 15 84 48 90 6 59 32 61 88 6 43 4 96 29 44 9 73 73 12 35 36 99 92 14 9 94 55 10 96 39 46 62 75 94 51 80 4 35 92 43 40 35 99 87 15 42 47 39 14 58 73 
1 56 65 14 64 10 68 74 58 6 19 19 32 64 22 64 19 56 55 62 95 41 60 33 55 1 79 45 66 88 18 18 96 34 31 59 43 50 84 52 7 55 71 39 70 92 2 89 47 8 50 93 1 61 
77 7 13 55 52 30 94 69 47 89 54 29 100 96 78 35 48 84 41 70 22 11 13 75 51 11 83 52 3 83 12 31 89 76 85 92 5 30 60 51 19 13 79 18 61 8 4 60 91 45 29 65 7 93 
39 57 3 21 8 57 55 71 87 96 46 23 87 50 52 99 52 70 11 82 39 23 89 95 34 31 39 14 95 45 6 34 1 8 6 60 16 61 30 2 8 27 24 94 28 28 92 79 49 55 12 40 29 52 
34 63 82 72 76 77 16 82 62 68 41 67 79 57 79 60 10 86 86 86 32 13 13 23 43 61 29 6 52 58 57 85 20 90 56 95 66 23 28 79 42 69 46 20 77 76 79 86 62 64 23 93 28 35 
67 22 48 96 27 99 5 83 84 24 73 91 70 90 66 98 69 7 18 66 79 94 41 57 31 54 73 54 98 52 40 65 74 39 12 100 38 16 35 73 91 7 15 60 48 80 9 16 39 26 33 17 71 74 
25 54 79 49 59 77 1 98 93 74 89 4 25 26 71 59 50 61 65 64 72 65 96 81 32 86 58 65 2 81 90 78 86 68 27 44 44 27 93 88 52 81 91 76 58 13 35 59 73 51 75 45 15 70 
77 47 55 34 11 8 66 52 85 51 19 63 46 15 41 39 2 92 71 45 68 29 57 54 87 82 4 13 78 71 82 54 17 88 39 79 47 57 30 84 7 100 46 53 14 87 43 16 30 13 12 97 93 68 
2 32 49 6 44 26 76 78 31 44 17 22 74 64 78 3 47 84 54 44 88 68 30 82 35 12 95 46 60 39 65 62 22 14 67 66 91 94 95 74 89 11 95 62 74 72 16 72 7 69 16 95 36 97 
76 70 8 22 67 68 13 32 29 34 97 47 99 87 92 93 12 80 4 6 41 29 29 56 1 36 24 16 82 60 64 9 81 72 31 100 39 95 31 19 28 27 65 79 65 8 71 77 87 26 34 27 7 63 
82 7 50 57 74 31 68 37 39 49 8 21 100 98 67 30 68 95 56 84 73 72 91 95 48 77 73 34 55 79 48 88 85 97 45 10 27 12 46 17 12 6 90 11 55 56 92 75 2 47 58 74 71 49 
69 70 77 41 3 32 71 50 19 7 46 15 16 24 79 13 93 90 70 34 53 25 41 44 51 43 43 8 16 13 8 36 82 85 28 37 68 98 86 38 4 84 53 71 59 31 84 3 72 53 36 24 29 29 
20 79 71 62 87 38 26 46 74 59 82 1 95 49 51 33 39 54 16 91 25 26 73 60 29 96 12 16 72 93 44 91 71 66 4 9 4 29 7 77 87 88 29 34 89 79 66 27 85 33 69 9 58 93 
20 38 88 31 6 59 75 1 1 46 67 4 6 70 84 12 98 23 52 26 8 40 57 73 66 41 5 86 1 14 78 20 4 65 50 61 76 25 61 76 22 27 32 79 48 67 43 45 41 94 23 48 85 79 
20 2 19 76 87 19 42 16 38 45 80 39 57 7 15 17 35 88 96 18 19 43 84 61 40 77 6 14 24 90 44 96 91 14 71 29 84 64 44 73 8 75 11 64 82 78 33 16 17 28 85 35 22 68 
95 13 44 100 78 20 41 21 15 31 34 37 59 17 1 2 89 60 77 52 76 10 29 8 77 45 87 61 32 60 80 26 25 76 78 2 95 18 23 61 1 8 97 59 77 97 13 65 9 41 68 84 50 48 
43 78 45 29 38 76 40 69 1 64 44 30 66 90 48 40 50 48 47 99 58 23 47 70 40 55 62 7 90 63 55 32 40 99 12 29 74 52 98 26 15 93 56 80 83 3 71 84 2 18 82 59 92 81 
81 31 35 94 38 25 57 44 8 96 42 20 77 67 71 74 92 85 18 47 17 52 1 87 36 2 56 69 13 48 49 93 78 36 86 67 12 94 10 19 42 3 90 18 69 60 43 61 97 60 7 65 12 8 
51 99 61 59 19 73 6 20 65 35 55 3 2 18 96 63 88 89 66 78 6 34 37 48 94 85 60 53 49 23 60 52 21 72 10 39 45 67 58 61 1 64 63 54 33 11 69 21 99 34 98 57 67 86 
56 13 71 15 65 71 37 76 22 9 47 83 48 91 1 57 4 2 73 66 7 5 28 75 25 79 60 22 87 79 60 42 91 30 9 7 100 45 34 74 54 80 8 53 23 9 9 26 62 81 43 20 86 23 
95 62 53 6 84 39 84 43 32 26 24 40 32 75 37 65 100 42 97 8 94 71 16 54 96 29 87 90 48 24 12 94 85 64 100 20 54 35 14 86 61 89 77 44 64 13 9 15 54 57 22 47 27 89 
53 74 17 39 63 17 14 75 10 50 90 61 70 96 96 35 33 56 24 9 99 39 22 59 53 75 15 27 74 93 15 26 66 84 16 29 52 81 55 61 30 96 22 51 91 17 86 23 24 61 32 22 99 5 
33 3 79 99 29 4 92 96 81 9 31 48 37 82 28 43 94 58 39 15 8 81 83 45 56 6 5 87 80 55 43 64 10 73 62 90 77 5 85 57 14 67 57 2 100 84 45 94 93 35 60 53 67 95 
97 22 52 54 60 83 8 2 46 17 75 8 7 51 64 43 59 77 62 15 79 13 51 75 58 95 61 18 47 27 64 96 49 15 49 8 50 8 10 95 77 84 54 35 86 18 29 96 94 90 63 24 55 13 
50 12 7 10 29 6 37 44 1 85 11 49 92 60 8 53 54 84 88 8 18 73 77 47 21 22 88 83 98 42 47 47 54 5 57 34 10 93 30 62 29 40 62 72 99 70 25 4 53 64 63 23 89 39 
21 9 13 60 43 10 54 89 56 59 93 12 44 55 56 73 16 36 64 78 8 62 99 84 18 51 99 80 25 87 71 97 47 83 57 89 92 62 77 99 20 22 63 63 28 70 36 43 6 51 72 65 13 70 
100 82 73 98 13 49 85 35 46 31 17 54 72 60 15 100 11 34 21 73 48 100 42 35 95 99 86 18 63 50 88 62 31 12 60 95 12 96 30 9 78 98 62 49 10 28 49 20 13 21 92 61 73 85 
47 67 84 32 84 46 81 23 60 63 86 19 58 98 66 39 6 43 36 20 44 45 47 44 16 12 16 59 72 88 44 18 54 27 2 90 24 34 64 83 97 50 53 6 47 18 96 4 13 31 23 8 28 22 
51 43 33 66 2 56 6 97 25 11 23 78 100 98 12 64 81 60 65 85 17 11 3 12 66 67 94 41 74 21 14 24 16 46 41 69 53 98 17 29 9 91 7 60 88 18 75 20 29 39 5 45 1 59 
56 67 25 49 7 50 22 20 25 89 17 65 9 21 15 25 49 23 15 7 82 54 76 57 74 4 95 78 48 96 36 55 14 12 56 72 61 77 91 37 17 59 1 25 31 15 49 31 89 15 38 23 68 13 
79 41 69 25 70 16 72 57 23 85 20 78 8 80 6 50 16 22 8 69 46 90 35 46 21 76 12 58 98 79 22 28 72 90 52 93 6 76 50 28 12 69 57 20 1 62 69 68 83 29 88 80 18 75 
77 38 50 88 95 99 18 17 26 41 58 77 34 63 4 83 42 16 3 98 35 55 59 55 75 93 83 62 72 53 88 48 90 89 87 37 87 5 5 12 97 62 41 30 77 44 64 70 11 19 20 97 73 78 
52 47 23 86 61 94 38 48 94 80 89 32 68 75 88 24 39 85 85 79 14 13 74 78 83 85 96 2 81 20 31 84 67 53 70 79 99 59 78 44 38 66 27 57 93 15 80 31 99 65 9 12 29 82 
41 11 18 88 64 51 8 47 34 26 51 55 56 49 14 33 44 3 51 71 60 43 37 39 73 35 55 33 98 84 66 91 46 84 78 62 34 37 8 19 14 58 74 69 59 87 54 54 89 4 76 100 46 12 
39 70 46 45 2 44 80 67 34 26 50 63 39 35 100 46 54 65 55 79 34 13 65 87 19 5 42 94 57 87 6 47 56 3 91 9 46 71 75 31 48 77 46 86 63 97 83 16 61 37 46 94 2 62 
32 20 67 73 13 75 11 70 21 18 73 11 26 70 33 53 53 32 29 98 17 91 94 51 59 54 88 4 100 89 66 31 60 84 4 24 58 66 94 30 84 18 92 9 87 25 61 39 56 41 88 25 32 81 
75 42 87 14 45 86 54 62 16 13 97 71 37 6 37 82 35 72 99 27 32 37 3 45 28 10 85 15 34 68 96 61 9 82 74 6 67 28 19 34 40 16 57 28 21 45 61 8 16 59 34 47 48 88 
91 75 97 28 89 31 95 36 91 56 17 64 13 35 43 31 21 83 98 77 62 71 73 23 78 88 33 63 34 80 50 77 6 46 4 95 28 50 30 70 5 99 86 17 85 28 100 5 62 49 33 24 19 5 
46 48 44 78 62 30 10 11 6 15 9 61 61 88 10 91 58 67 41 95 35 25 22 34 82 84 35 66 7 53 23 4 53 66 33 14 95 42 77 52 9 85 12 69 24 74 59 33 40 51 27 26 76 49 
1 0 1 1 1 1 1 1 0 1 1 0 1 1 0 1 1 0 1 0 0 0 1 1 1 0 1 1 0 0 1 1 0 0 0 0 1 1 1 1 1 0 0 0 0 0 1 1 0 0 1 0 0 1 
1 1 1 1 1 1 1 0 0 0 1 0 0 0 0 1 0 1 0 0 1 0 0 0 1 0 0 0 0 0 1 0 0 1 1 1 0 0 1 1 0 0 1 0 1 1 0 1 0 0 1 1 0 1 
1 1 1 1 1 1 0 1 1 0 0 0 1 0 1 0 1 1 1 1 0 0 0 0 1 1 0 0 0 0 1 0 1 0 1 0 1 1 1 1 1 1 1 0 0 0 1 1 0 0 0 0 0 1 
0 1 0 0 1 0 0 0 0 1 0 0 1 1 1 1 0 1 0 0 1 0 0 0 0 0 0 0 0 0 1 0 1 1 0 0 0 0 0 0 1 0 0 1 0 0 0 0 1 0 0 0 1 1 
1 1 1 1 1 0 0 1 0 1 0 1 0 0 1 0 1 1 1 1 0 1 1 0 1 0 0 0 1 1 1 0 0 0 1 0 0 1 1 1 1 1 0 1 0 1 1 1 0 0 0 0 1 0 
0 1 0 1 1 1 0 0 1 1 0 1 1 1 0 0 0 1 1 0 0 1 1 0 0 0 0 1 0 0 1 1 1 1 0 0 1 0 0 0 1 0 1 0 1 0 0 1 1 0 1 0 1 1 
0 0 1 0 1 1 0 0 0 1 1 0 1 0 1 1 1 0 0 0 1 1 0 1 1 0 1 0 0 1 1 0 1 0 0 0 0 1 0 0 0 1 1 0 0 0 1 1 0 1 1 1 1 0 
1 0 0 0 0 0 1 0 0 0 0 0 0 0 1 0 1 0 0 0 0 0 0 1 1 0 1 0 0 0 0 1 0 0 1 0 0 1 0 0 1 1 1 0 1 0 0 0 0 0 0 0 0 0 
0 1 1 1 0 1 1 0 0 1 1 1 1 1 0 0 0 0 1 1 0 0 1 0 1 0 1 1 0 1 0 0 1 1 1 1 0 0 1 0 1 0 1 1 0 0 1 0 0 0 1 0 0 0 
0 1 0 1 1 1 1 1 1 0 0 1 1 0 1 0 0 1 1 1 0 1 1 1 1 1 1 0 1 1 0 0 1 1 1 0 0 0 1 1 0 1 0 1 1 0 0 1 1 1 0 1 0 0 
0 1 1 1 1 1 0 1 1 1 0 0 1 0 1 0 0 1 1 0 1 0 0 1 1 1 0 0 0 0 0 0 1 1 1 0 0 0 1 1 1 0 0 1 0 1 1 0 0 1 1 1 1 1 
0 1 1 0 1 1 0 1 0 1 0 1 1 1 1 1 0 1 1 0 0 1 1 1 0 0 0 1 1 0 0 0 1 1 0 0 1 1 1 1 0 1 0 0 0 0 1 1 1 0 1 1 1 1 
0 1 1 1 0 0 1 1 0 0 0 1 0 1 0 1 0 0 0 1 0 1 1 1 0 0 1 1 1 1 0 1 0 1 0 1 0 1 0 0 1 0 1 1 0 1 0 0 0 1 1 0 0 0 
0 0 0 1 1 1 0 0 1 1 1 1 0 1 1 0 0 0 0 1 0 0 1 0 1 1 1 0 1 1 1 1 1 1 1 1 1 1 1 0 0 0 1 0 0 0 0 0 1 1 1 1 1 0 
1 0 1 1 1 1 0 0 0 0 1 1 1 0 1 0 0 1 0 0 0 0 0 0 0 1 1 0 0 1 0 0 1 0 1 0 1 1 0 1 1 0 1 0 0 0 0 1 1 1 1 1 1 1 
0 0 1 1 0 1 0 0 1 0 0 0 0 1 0 1 1 1 1 0 0 1 0 0 0 1 1 1 1 1 1 1 1 0 0 1 1 1 1 1 1 0 1 1 1 1 0 0 1 1 0 1 1 0 
1 1 0 1 1 1 0 0 0 1 0 0 0 1 1 1 0 0 1 0 0 1 1 0 1 0 0 0 1 1 0 1 0 0 0 1 1 0 1 1 1 1 0 1 1 1 0 1 0 0 1 0 1 1 
0 0 1 0 0 1 1 1 0 0 1 0 1 1 0 1 0 1 0 0 0 1 0 0 1 0 0 0 0 1 1 0 0 1 1 0 0 0 1 0 0 1 0 0 0 0 1 0 1 1 1 1 1 1 
1 0 1 0 0 1 1 0 1 1 1 0 0 1 1 1 1 1 0 1 1 0 1 0 1 0 0 0 1 1 1 0 1 0 0 1 1 0 1 0 1 0 1 1 1 0 1 0 1 1 1 1 0 0 
1 1 0 1 1 1 0 0 0 1 0 0 1 1 0 0 1 0 1 0 1 0 0 0 1 0 0 0 1 0 1 0 1 1 0 0 1 0 0 1 0 0 1 1 1 0 1 0 0 0 1 1 1 1 
0 0 1 0 0 0 0 1 1 1 1 1 1 0 1 1 1 1 1 0 0 0 0 0 0 0 0 1 0 1 1 0 1 0 0 0 1 0 1 0 1 0 1 0 0 0 1 1 0 0 0 0 0 0 
0 0 1 1 0 1 0 1 1 0 1 1 0 0 1 1 0 0 0 1 0 0 0 1 0 0 1 0 0 1 0 1 1 1 0 1 0 0 0 1 0 0 0 0 0 1 0 1 1 0 0 1 0 0 
0 0 0 1 0 1 0 1 0 0 0 0 1 1 0 0 0 1 0 1 1 0 0 1 1 0 1 0 1 0 0 0 0 1 1 1 0 0 0 0 0 0 0 1 1 0 1 0 1 1 1 1 0 1 
0 1 1 0 1 1 0 0 1 0 1 0 1 1 0 1 1 0 0 1 0 1 1 1 1 1 1 0 0 1 0 0 0 1 0 0 0 0 0 1 1 1 0 0 0 0 0 1 1 0 0 1 1 1 
0 1 0 1 1 0 0 1 1 1 1 1 1 1 0 1 1 1 0 1 1 0 1 1 1 0 1 1 1 1 0 0 0 1 1 1 1 0 1 0 1 0 0 0 1 0 1 0 1 1 1 0 1 1 
0 0 1 1 1 1 0 1 1 0 0 0 0 0 0 1 0 1 1 0 1 0 0 0 1 1 1 0 0 0 1 0 0 1 1 1 0 0 1 1 0 1 1 0 1 0 1 0 1 0 0 1 1 1 
1 0 0 1 0 0 1 0 0 0 1 0 1 1 0 0 0 0 0 1 1 1 1 0 1 1 1 0 0 0 1 1 0 1 0 0 0 0 0 0 0 1 0 1 0 0 0 0 1 0 0 0 1 1 
0 1 0 1 1 0 1 0 0 1 1 0 0 1 0 0 0 0 0 0 0 0 1 0 1 0 0 1 0 1 0 0 0 1 0 1 1 1 1 1 1 1 0 1 0 0 1 0 1 1 1 1 0 0 
1 1 0 1 0 0 0 0 0 1 1 0 0 1 0 0 0 1 1 0 0 1 1 1 0 0 1 1 1 1 1 0 0 1 1 0 1 1 0 1 0 0 0 1 1 0 1 1 1 0 0 1 1 1 
0 1 1 1 0 0 0 1 0 0 0 1 0 1 0 1 1 1 1 1 0 0 1 1 1 0 1 1 1 0 0 1 0 1 1 0 1 1 0 1 0 0 0 0 0 1 1 1 0 0 0 0 0 1 
1 0 1 0 1 0 0 0 1 0 1 0 1 1 0 1 0 0 1 1 0 1 0 0 0 0 0 0 0 1 1 1 1 0 1 0 0 1 0 0 0 0 0 1 1 0 0 1 0 1 0 1 1 0 
1 1 0 1 0 0 0 1 1 1 0 0 0 0 0 0 0 0 0 1 1 1 1 1 1 0 0 1 1 1 0 0 1 0 1 1 1 0 0 0 1 0 1 1 1 1 0 1 1 0 0 0 0 0 
1 1 0 1 0 1 1 0 1 0 1 0 1 0 0 1 0 0 0 1 1 1 0 1 0 1 0 1 1 0 1 0 1 1 0 1 0 1 0 1 1 1 1 0 1 0 1 1 0 1 1 1 0 1 
1 1 1 1 0 0 1 1 1 0 0 1 1 0 0 1 1 1 0 0 1 1 0 0 1 0 0 0 0 0 1 1 1 0 0 1 1 1 0 0 1 0 1 0 0 1 0 1 0 0 0 1 0 0 
1 1 1 1 1 1 0 0 0 1 1 0 1 0 1 1 0 0 0 1 0 0 0 0 0 0 1 0 1 1 0 0 0 1 0 1 0 0 1 0 1 0 0 0 0 1 0 0 1 0 1 0 0 1 
0 0 1 1 0 0 0 1 1 0 0 1 1 1 1 1 1 0 1 0 1 0 1 1 0 1 1 0 1 1 1 1 0 1 1 0 1 1 1 0 0 0 1 1 1 0 0 0 1 0 0 0 0 0 
1 0 1 0 0 0 1 0 1 1 1 0 0 0 0 1 1 0 1 0 1 0 1 0 1 0 0 1 0 0 1 1 0 0 1 1 0 0 1 0 0 0 0 0 0 0 1 1 0 1 0 0 1 1 
0 0 1 0 0 1 0 1 0 0 0 1 1 0 1 0 0 1 0 1 1 1 1 1 0 0 0 0 0 1 1 0 0 0 0 0 1 0 1 1 0 1 0 0 0 0 0 0 1 1 1 1 0 1 
0 0 1 0 1 1 1 0 1 1 1 1 1 0 1 1 0 1 0 0 1 0 0 0 1 0 1 0 1 1 1 1 1 0 1 0 1 0 1 0 0 0 1 1 0 0 0 0 0 1 1 1 1 1 
1 0 1 0 1 0 1 0 1 1 1 0 1 0 1 0 1 1 0 0 0 1 1 1 1 1 0 0 0 1 0 0 0 1 0 1 0 0 1 1 1 0 0 0 1 1 1 0 0 1 0 0 0 1 
1 0 0 1 0 1 1 0 1 1 0 1 0 0 1 1 1 0 0 1 1 1 0 0 1 0 1 1 1 0 1 0 0 1 0 0 0 1 1 1 0 1 1 0 1 0 1 0 1 1 0 0 0 0 
0 1 1 1 1 0 1 0 0 1 1 0 0 0 1 1 1 1 0 0 1 1 1 1 1 0 0 1 0 1 0 0 0 1 1 1 1 1 1 1 0 1 0 0 1 1 1 0 1 1 1 0 0 0 
1 0 0 0 1 0 1 1 0 1 0 1 1 1 0 0 1 1 1 1 1 0 0 1 1 1 0 0 0 1 0 1 1 0 1 0 0 0 0 0 0 0 1 1 0 0 1 1 1 1 0 0 1 0 
1 0 0 0 0 0 1 0 1 0 0 1 0 0 1 0 0 1 1 0 0 1 0 0 0 1 1 0 1 0 0 1 1 0 1 1 0 0 0 0 0 0 1 0 1 0 1 1 0 0 1 0 1 1 
0 1 0 1 1 0 0 1 1 1 0 0 0 0 0 0 0 0 1 1 0 0 0 1 1 0 1 1 0 0 0 1 1 1 0 0 1 0 0 0 1 0 0 0 0 0 0 1 0 1 0 0 1 0 
0 1 0 1 0 1 0 0 0 1 1 0 0 0 1 0 0 0 0 0 0 0 0 1 1 0 0 0 1 0 0 1 1 1 0 1 0 0 1 0 0 1 0 0 1 1 0 0 0 0 0 0 0 1 
1 0 1 0 0 0 0 0 1 1 1 0 0 1 0 1 1 0 0 0 0 0 1 0 0 1 0 0 0 1 1 1 1 1 1 1 1 1 1 1 0 1 1 0 0 1 0 0 0 0 0 0 0 1 
1 0 1 1 1 1 0 0 0 1 1 0 0 1 1 0 0 0 1 1 0 1 0 0 1 0 1 1 1 1 1 0 0 0 1 1 1 0 1 1 1 1 1 0 0 1 0 0 1 1 1 1 0 1 
0 0 0 1 1 1 0 0 1 0 0 0 1 1 0 1 1 0 0 0 0 0 1 0 0 0 1 1 0 1 0 0 1 0 1 1 1 1 1 0 0 0 1 1 1 1 0 0 1 0 1 1 0 0 
1 0 1 0 1 1 0 0 1 1 0 0 0 0 1 0 0 1 0 1 1 1 1 1 0 0 0 1 0 0 1 1 1 0 0 0 1 0 0 0 1 1 0 0 1 0 0 1 1 0 1 0 1 0 
0 1 0 0 0 0 0 0 0 1 0 0 0 0 0 0 0 1 1 1 1 0 1 1 0 0 1 1 1 1 1 1 0 1 1 1 0 1 1 0 1 1 0 1 1 0 1 0 1 1 1 1 1 0 
0 1 0 0 0 1 1 1 0 1 1 1 0 1 1 1 1 0 1 1 1 0 1 0 0 0 1 1 1 1 1 0 0 0 0 1 1 1 0 0 0 1 1 1 0 0 0 1 0 1 0 1 0 1 
0 0 0 1 0 1 0 1 1 1 1 1 0 1 0 0 1 1 0 0 0 0 1 0 0 1 0 0 1 0 0 1 0 0 0 0 1 1 0 1 0 1 0 0 0 1 0 1 0 0 0 0 1 1 
0 1 0 0 1 1 0 1 0 1 1 1 1 1 0 1 0 0 1 0 0 1 1 0 1 1 1 1 1 0 0 0 1 0 0 0 0 1 0 0 0 1 1 1 0 1 1 0 1 0 1 1 1 0 
0 0 0 1 1 1 1 1 1 0 0 0 0 0 1 0 0 1 0 0 0 0 1 1 1 1 1 0 0 1 0 0 1 0 1 1 0 0 0 1 0 0 1 1 0 0 1 1 1 1 1 0 0 0 
1 1 1 1 1 0 0 1 0 1 0 0 0 0 0 1 1 1 1 1 0 0 1 1 1 1 1 0 1 1 0 0 0 0 1 1 0 1 0 0 1 0 0 1 0 1 0 0 0 0 1 0 0 0 
1 1 1 0 1 0 1 1 1 1 1 0 0 1 0 1 0 1 1 0 0 0 1 1 0 1 1 1 1 1 1 1 0 1 1 1 1 1 0 0 0 0 1 1 1 1 0 1 0 1 0 0 1 1 
1 1 1 0 0 0 1 0 1 1 1 1 0 0 0 1 1 0 1 0 1 0 1 1 0 1 1 0 1 0 1 1 0 0 1 0 1 1 0 0 0 1 1 1 0 1 0 1 0 1 1 1 1 0 
1 1 1 0 1 0 0 1 1 0 1 1 1 0 0 1 1 0 1 0 1 1 0 1 0 0 0 1 1 0 1 0 1 0 0 1 0 1 0 0 1 1 1 0 0 1 0 1 1 1 1 1 0 1 
