44 70 2865
82 9 53 45 7 46 14 13 22 60 38 71 70 36 88 40 27 75 45 91 93 81 70 77 70 12 86 83 92 55 19 73 16 71 17 22 16 82 86 89 93 24 60 14 11 47 6 38 73 50 80 18 30 50 94 99 61 31 33 4 37 51 76 52 22 44 25 89 77 11 
78 70 34 37 83 96 35 40 33 8 89 65 77 70 14 70 20 26 100 52 29 36 3 56 40 76 99 64 64 75 74 41 96 59 29 31 55 16 70 39 23 59 3 51 80 68 20 100 45 71 51 73 58 5 28 97 80 78 13 44 53 38 36 48 97 17 78 3 32 100 
93 6 10 48 56 89 15 27 88 12 97 39 84 6 43 64 3 75 41 67 70 45 4 57 45 52 73 74 54 4 73 99 61 82 46 16 71 12 42 58 23 90 48 59 96 43 22 50 17 14 68 86 59 71 42 3 75 67 76 80 70 1 78 83 82 23 50 52 87 92 
62 61 33 9 19 80 51 40 81 19 54 48 4 64 19 98 66 93 64 93 72 85 93 2 67 27 76 17 30 62 60 91 23 44 52 93 24 54 85 4 73 90 4 28 53 22 77 70 66 40 62 89 77 7 42 43 33 18 11 62 31 22 5 5 66 8 98 41 61 82 
96 85 71 99 65 23 72 41 92 89 81 5 78 9 11 71 51 95 88 14 9 19 35 65 23 52 72 72 92 84 53 40 21 75 38 85 97 10 25 40 98 57 97 27 65 59 98 68 54 85 33 14 55 19 78 30 71 1 1 14 84 6 53 56 80 43 40 29 52 17 
20 1 73 16 28 90 27 25 9 80 61 41 45 68 11 74 97 81 74 49 47 9 6 51 65 86 45 4 66 96 72 85 97 45 53 76 86 79 52 94 10 64 86 54 31 96 27 79 29 52 80 27 60 85 29 24 70 74 80 87 21 51 72 69 47 76 44 84 54 95 
29 63 11 66 68 41 62 94 20 42 97 99 68 56 35 96 32 5 21 63 91 42 65 14 10 12 89 54 47 94 100 76 56 10 41 75 3 54 20 74 95 16 24 14 72 58 62 3 14 82 65 5 75 81 70 85 44 11 90 91 4 41 18 60 51 58 86 5 64 6 
78 10 21 1 24 92 10 37 46 24 70 62 80 45 43 49 29 86 59 18 28 63 58 45 74 60 55 59 16 18 64 93 27 37 45 2 28 55 90 26 78 60 87 57 4 81 57 32 67 16 1 94 30 10 39 55 70 45 65 85 14 29 30 92 65 74 94 44 80 83 
69 57 94 8 65 97 88 22 28 54 89 28 100 18 38 90 24 59 34 88 95 47 68 24 38 84 50 83 28 29 18 48 38 11 55 2 8 95 75 87 100 63 67 99 32 56 40 55 66 25 95 60 23 62 36 13 46 85 47 25 65 64 72 54 27 79 56 86 73 82 
24 72 97 90 23 28 97 62 35 62 87 29 74 61 90 61 73 87 97 20 11 61 35 35 15 61 13 22 98 85 3 22 56 99 63 78 79 60 92 65 73 30 93 46 90 34 6 63 21 2 34 83 15 68 17 81 81 29 2 78 65 56 51 73 7 14 2 37 25 93 
1 97 22 93 95 12 78 52 26 50 6 59 33 72 78 1 52 58 82 5 88 46 12 38 18 70 3 20 6 27 64 6 76 86 50 22 49 80 25 74 29 30 84 13 53 61 14 4 71 95 60 58 92 24 47 10 93 50 81 99 28 44 56 55 81 58 76 29 37 1 
54 65 82 37 78 35 50 43 90 20 37 2 77 28 25 75 89 17 24 21 67 4 65 23 58 45 80 86 26 16 38 79 32 19 68 61 5 69 3 95 88 91 48 16 71 72 90 59 88 66 80 7 21 96 29 30 92 60 15 17 27 52 48 58 23 67 19 27 35 73 
73 74 64 20 89 34 43 30 44 83 47 75 89 19 22 69 49 14 80 15 30 6 19 29 15 41 95 85 19 81 58 44 54 21 63 94 6 58 76 49 40 74 76 80 93 97 100 93 10 79 7 92 36 25 20 50 17 67 35 36 47 92 79 1 64 93 46 69 50 21 
69 41 95 96 72 39 93 71 31 54 49 37 97 84 14 69 86 30 35 20 17 33 63 95 85 78 88 31 98 89 51 18 82 97 14 53 35 58 24 65 11 72 54 8 8 19 28 93 48 62 64 65 94 78 11 79 55 98 61 52 39 11 69 20 8 34 72 94 91 47 
59 2 71 64 61 78 82 40 70 81 1 85 97 46 62 8 76 16 57 36 19 95 99 39 66 6 73 90 51 63 36 61 16 6 24 28 35 57 67 56 38 19 40 34 65 1 41 92 68 98 28 86 44 26 77 10 83 49 51 33 63 38 46 31 96 69 10 30 26 29 
86 63 47 25 48 63 26 89 55 45 38 34 83 81 11 59 42 93 59 92 77 73 30 22 3 77 43 65 6 68 93 91 82 39 68 29 54 45 69 60 89 6 93 71 87 3 81 80 47 39 72 75 12 53 49 66 29 91 30 86 10 74 29 43 13 96 23 18 40 92 
77 80 97 69 51 35 23 31 15 21 22 38 95 85 42 95 2 22 37 32 7 46 5 35 40 69 82 63 86 21 6 14 1 54 82 3 89 56 85 55 76 58 44 23 42 85 17 44 6 54 27 64 51 83 51 43 52 32 5 89 53 62 3 5 15 36 59 55 44 43 
9 19 1 52 93 94 88 10 37 45 15 63 61 17 46 11 59 49 42 15 89 46 76 91 2 91 79 60 45 22 3 6 92 55 57 85 48 97 94 37 41 60 99 53 76 96 63 35 96 5 49 85 2 25 27 4 67 5 15 11 78 17 16 70 23 25 54 71 21 99 
7 13 58 57 66 85 5 80 71 100 36 20 36 38 96 63 93 62 67 7 24 97 76 40 66 98 16 71 20 88 69 78 100 78 87 17 14 91 97 85 42 84 56 78 21 51 40 13 64 58 72 39 54 47 30 71 44 45 41 16 32 61 93 84 90 31 52 4 21 100 
88 15 84 43 92 4 45 83 69 60 40 40 98 46 38 80 16 81 24 9 48 8 69 93 91 59 23 42 14 96 94 1 10 77 95 53 32 91 35 100 50 26 91 99 71 28 78 39 61 54 99 60 61 67 52 51 77 75 44 42 22 37 42 83 65 88 35 97 78 69 
48 79 94 39 30 17 18 59 55 30 12 5 90 24 71 41 26 100 67 70 41 40 58 35 22 75 74 56 71 4 24 70 34 70 60 15 38 78 74 44 59 37 48 48 61 70 41 38 69 7 59 62 47 69 48 20 43 21 76 65 76 51 34 10 72 94 24 9 23 49 
52 81 38 99 29 50 69 69 87 89 27 46 2 25 14 49 45 56 22 20 20 97 22 53 58 94 98 82 2 20 82 6 1 19 4 29 68 24 49 55 65 75 100 66 100 13 15 44 20 88 15 39 84 36 43 42 29 41 75 83 12 56 88 12 27 43 92 94 19 40 
100 83 15 99 48 66 63 14 61 34 1 75 24 37 62 19 30 43 59 56 77 22 11 64 34 89 58 25 83 76 65 34 58 31 85 6 96 47 71 8 33 24 34 56 60 95 74 41 89 84 96 65 6 58 80 91 47 38 15 81 13 31 14 71 61 98 28 8 97 50 
15 29 73 48 36 84 95 10 24 83 45 19 100 2 77 79 92 23 16 7 55 81 89 68 3 50 66 82 9 14 31 24 42 4 23 29 39 17 38 63 52 35 81 51 36 9 29 80 83 97 86 37 29 74 5 31 75 22 12 84 35 42 59 76 97 81 56 36 98 94 
98 1 80 30 51 67 39 31 46 73 79 83 10 7 9 14 37 83 35 48 18 69 42 76 96 90 9 3 25 58 48 74 58 27 56 8 94 46 90 39 18 69 22 27 75 30 92 64 64 26 63 34 46 56 9 93 46 17 96 22 26 43 96 83 22 3 42 67 48 32 
5 65 52 78 44 26 59 35 41 75 13 4 8 10 59 68 55 56 37 2 78 62 96 25 45 17 27 86 83 74 69 40 90 20 69 85 98 80 20 38 54 84 93 61 93 4 80 99 59 16 100 36 78 96 60 74 64 38 11 47 63 80 38 53 51 6 89 48 85 60 
38 90 43 82 2 88 85 82 86 44 97 86 31 26 33 43 99 96 80 62 94 43 41 31 47 43 89 35 91 25 95 80 15 37 61 68 76 46 49 62 41 98 99 71 75 31 13 26 26 45 87 20 87 27 2 33 21 90 19 11 15 13 42 81 2 55 48 77 100 49 
90 92 98 88 14 72 18 79 97 96 23 83 15 9 61 68 93 82 58 63 44 24 28 38 56 29 92 3 57 43 3 47 34 52 34 47 24 4 25 72 99 99 7 13 7 67 80 51 100 89 14 96 12 41 33 67 21 24 22 29 66 76 75 51 28 61 49 3 64 74 
74 62 72 32 26 31 51 57 33 50 98 98 97 61 90 29 80 10 4 1 39 21 28 65 71 7 77 20 9 40 45 35 53 68 66 30 50 68 39 35 18 36 32 66 96 22 47 75 83 50 27 73 23 7 38 45 13 14 64 22 6 60 8 58 80 25 40 29 93 78 
15 62 13 47 27 60 20 73 87 2 75 65 75 97 71 64 41 84 77 57 57 34 68 16 44 47 40 83 28 84 12 42 45 76 40 24 35 59 96 73 61 22 38 87 70 8 50 11 91 78 19 99 64 86 14 7 85 6 41 12 89 52 5 34 27 45 57 13 3 4 
86 15 78 23 1 47 30 2 57 73 80 75 23 43 13 37 1 97 94 41 60 82 92 64 67 18 8 75 82 63 79 67 77 56 89 78 54 71 79 11 95 10 37 17 4 1 5 4 97 98 44 56 32 35 72 98 4 79 73 86 41 3 52 70 10 93 47 63 63 77 
25 57 87 14 25 90 14 30 94 63 79 37 18 10 24 41 60 27 72 84 64 64 86 16 33 47 60 79 61 22 56 86 30 94 99 6 83 12 87 28 74 66 17 44 27 40 36 86 18 7 69 82 71 6 49 3 4 8 82 65 81 89 50 62 82 100 67 16 63 54 
96 37 71 12 32 97 3 67 35 72 74 55 5 44 61 5 98 64 64 79 28 44 19 29 57 52 28 76 68 91 81 15 79 51 78 62 47 80 28 33 3 53 88 60 48 48 64 46 63 28 76 43 23 95 23 80 46 51 55 65 93 35 79 23 37 8 84 35 39 63 
68 42 16 55 1 15 54 16 60 68 95 36 10 18 82 33 49 79 35 3 96 79 89 74 1 77 34 36 11 72 98 30 13 65 84 65 80 89 33 91 57 27 78 18 44 59 2 92 38 36 46 33 66 86 58 18 14 43 53 25 15 51 54 79 67 90 96 46 30 28 
37 38 54 66 56 50 25 9 93 14 97 39 98 62 76 7 80 90 50 32 66 64 34 71 42 1 60 37 98 42 16 86 79 70 52 86 71 28 95 63 41 91 53 90 52 29 96 83 70 97 15 35 60 100 5 54 52 17 42 50 58 58 35 88 79 38 74 49 65 68 
11 5 10 64 46 61 44 42 96 13 38 10 47 50 61 3 55 13 19 96 62 28 5 48 16 83 86 89 83 2 8 46 7 17 9 52 29 4 45 24 16 35 85 14 36 46 68 90 10 87 37 71 66 42 70 81 76 7 21 59 9 80 4 67 96 64 70 77 67 15 
52 34 1 89 99 36 34 66 25 95 4 61 65 70 2 86 50 30 93 23 88 1 2 43 67 98 6 36 26 24 2 29 57 2 17 55 37 2 20 13 96 76 74 12 45 27 98 46 56 42 68 95 42 70 37 60 19 42 47 44 65 49 72 73 2 89 27 91 42 99 
55 38 74 80 49 70 7 98 15 14 39 83 61 80 52 97 91 70 91 38 65 7 38 88 80 91 28 58 81 70 8 88 7 33 67 7 2 25 5 17 91 43 51 51 75 2 47 65 23 89 54 87 96 91 26 27 82 54 84 14 23 92 1 81 24 68 87 78 44 43 
46 34 86 96 84 60 49 83 24 71 71 78 9 66 20 34 92 53 87 28 67 61 71 19 93 46 38 32 23 82 74 68 15 59 15 99 70 63 81 46 33 3 75 93 21 94 27 64 47 65 91 65 26 61 35 70 7 73 1 81 6 75 1 20 33 15 70 3 78 2 
100 62 57 74 55 77 67 33 40 65 97 83 81 74 95 16 44 53 40 96 34 97 70 34 68 55 100 38 9 29 91 8 43 47 81 49 75 47 81 67 64 77 49 44 3 95 11 98 48 2 93 33 98 63 18 66 17 17 55 77 98 45 84 40 44 64 88 70 62 68 
36 25 96 36 21 98 31 83 95 78 85 40 10 82 2 27 99 70 95 53 46 92 50 29 31 93 44 18 14 5 37 50 82 33 85 54 82 15 36 29 44 20 68 53 54 21 31 52 90 26 57 87 69 6 67 100 50 10 69 63 66 58 12 47 42 49 52 75 63 88 
3 7 59 22 11 64 94 42 68 35 19 24 21 87 81 87 38 30 96 59 44 14 16 56 60 57 4 64 31 18 3 86 76 13 59 87 77 53 80 44 87 98 19 60 36 99 46 74 80 94 84 23 7 99 78 18 7 33 81 89 3 83 26 78 96 85 64 24 89 43 
19 27 92 37 86 28 87 32 53 66 77 36 88 83 86 18 52 44 2 33 32 4 67 58 82 14 94 45 89 34 40 7 60 83 95 46 10 81 29 14 98 5 1 86 87 86 3 90 29 4 22 13 8 41 22 41 6 67 37 95 100 76 1 59 59 48 4 20 28 32 
86 26 36 86 63 74 24 17 64 52 20 37 16 79 29 37 19 35 3 8 81 2 35 81 61 45 80 16 65 8 100 50 85 87 87 99 13 10 15 28 14 34 16 29 65 45 66 35 31 20 42 11 74 77 43 86 21 23 1 37 82 52 38 18 39 25 16 51 34 30 
1 0 0 0 1 0 0 0 1 0 1 0 0 0 0 1 1 1 1 0 1 0 1 1 1 1 1 0 1 0 1 0 1 1 1 0 0 1 0 1 0 1 1 0 0 0 1 1 1 0 1 0 0 1 1 1 0 0 1 0 1 0 0 0 0 1 0 0 1 0 
1 1 1 0 1 1 0 1 1 1 1 0 0 0 1 1 1 0 0 1 0 1 1 0 1 1 0 1 1 1 1 0 0 0 1 1 0 1 0 1 1 0 1 1 0 1 0 1 1 0 0 1 1 0 1 0 1 1 1 1 0 0 1 0 1 0 0 1 0 0 
0 1 0 1 0 0 0 0 0 1 1 0 0 0 0 0 1 0 1 0 1 0 1 0 0 0 1 0 1 1 1 1 0 1 0 0 0 1 0 0 0 1 0 1 0 1 1 1 1 0 1 0 0 0 0 1 0 1 1 1 0 0 0 0 0 1 0 0 0 1 
0 0 0 0 1 0 1 0 1 0 1 1 0 1 1 1 0 0 0 0 1 1 0 0 1 0 1 0 0 1 1 0 1 1 1 1 0 0 1 1 1 0 0 1 0 0 0 0 0 1 0 1 0 1 1 1 1 0 1 0 1 0 0 1 0 1 0 0 0 1 
1 1 0 0 0 0 0 1 0 0 0 1 1 0 0 1 1 1 1 1 1 1 1 0 0 1 1 0 1 1 1 1 0 1 1 1 1 1 0 0 1 0 1 0 0 1 1 1 0 1 0 0 0 0 0 0 1 1 0 1 1 1 0 1 1 1 0 0 0 0 
0 1 0 1 1 0 0 1 0 1 0 0 1 0 0 1 0 0 0 0 1 1 1 1 1 0 0 1 1 0 0 1 1 0 1 0 1 1 1 1 0 1 1 1 1 0 0 1 0 1 1 1 0 1 0 1 1 0 1 0 0 1 0 1 1 1 1 0 0 1 
1 1 0 1 0 0 1 1 1 1 0 1 0 0 0 0 0 1 0 1 0 0 0 0 1 1 1 0 0 1 1 1 0 0 0 1 0 1 0 1 0 0 0 0 0 0 0 0 0 0 1 0 0 1 0 1 1 1 0 1 0 1 0 1 1 1 0 1 0 0 
1 1 0 1 1 0 0 0 1 0 0 0 0 1 0 0 0 1 1 0 0 1 0 0 0 1 1 0 1 0 0 0 1 0 1 0 1 1 0 0 1 1 0 1 0 0 1 0 1 0 1 1 0 1 0 0 0 1 1 1 1 1 1 0 0 1 1 1 0 1 
1 0 0 1 1 0 0 1 1 1 1 0 1 1 1 1 0 1 0 1 1 0 0 0 0 0 1 1 1 0 1 0 0 1 0 1 0 0 0 1 1 0 1 0 1 0 1 1 1 0 0 0 0 1 1 0 1 0 0 1 0 1 1 0 0 1 0 0 1 0 
1 1 0 0 1 0 0 1 1 0 1 0 0 1 1 1 1 0 0 1 1 0 0 1 1 1 0 1 1 0 1 1 1 0 1 0 0 0 1 1 0 0 1 0 1 0 0 1 1 0 0 0 0 1 1 1 0 0 0 1 0 0 0 1 0 0 1 0 0 1 
1 0 1 1 0 1 1 0 0 0 0 0 1 1 1 0 0 1 0 1 1 0 1 1 1 1 1 1 1 1 0 0 1 1 1 0 0 1 0 0 1 1 1 0 0 0 1 0 0 1 1 1 0 0 0 1 1 0 0 0 1 0 1 1 0 0 1 0 1 1 
1 1 0 0 1 0 0 0 1 0 0 0 1 0 1 0 1 0 0 0 1 1 0 0 0 0 0 1 1 0 1 0 1 1 0 0 0 0 1 1 1 1 1 0 1 0 0 0 1 0 0 0 0 1 0 0 1 0 0 0 0 1 0 1 0 0 0 0 1 1 
1 0 0 1 0 1 1 1 1 0 1 0 0 1 1 0 0 0 1 0 1 1 1 1 1 1 0 1 0 1 0 1 1 0 0 1 1 0 0 0 0 0 0 1 1 1 1 1 0 0 1 1 0 0 0 1 0 0 0 0 1 0 1 0 0 0 0 1 0 0 
1 0 0 0 1 0 1 1 1 1 1 1 0 1 1 1 0 1 1 0 1 1 0 1 1 0 1 1 1 1 0 1 1 0 1 1 0 0 0 0 0 1 1 0 1 0 1 1 0 1 0 1 0 0 0 1 1 1 1 0 0 1 1 0 1 0 1 0 1 1 
0 1 0 1 1 1 1 1 1 1 0 1 1 0 1 1 1 0 1 0 1 1 1 0 1 1 1 0 1 0 1 1 1 0 0 0 1 1 1 0 1 1 1 0 1 1 1 1 1 0 1 0 0 1 1 1 0 0 0 1 0 1 0 1 1 0 1 1 1 1 
1 0 0 1 0 0 0 0 1 1 0 0 0 0 1 1 0 1 1 0 0 1 1 0 0 1 0 1 0 0 0 1 0 1 0 1 1 0 1 0 0 1 0 0 0 0 1 0 1 0 0 0 1 1 0 1 0 1 0 0 1 1 0 1 0 0 0 1 1 1 
1 1 1 1 1 1 1 0 1 1 0 1 1 1 0 1 0 1 0 0 1 1 1 1 1 1 0 1 0 1 1 1 0 0 1 1 1 0 1 0 1 1 1 0 0 1 0 0 0 0 0 0 0 0 1 1 1 1 0 0 0 1 1 0 1 0 1 0 1 0 
0 0 1 1 1 1 1 1 1 1 1 0 1 1 0 1 0 1 0 1 1 1 0 1 1 0 1 1 0 0 1 1 1 1 0 0 0 1 1 0 1 0 0 0 0 0 1 0 1 0 1 1 1 0 0 0 0 1 1 0 0 1 1 1 0 0 1 0 1 0 
0 0 0 0 1 0 0 0 1 0 0 0 1 1 0 1 0 0 0 1 1 0 0 0 1 0 0 0 1 0 0 1 0 1 0 1 1 0 0 0 0 0 1 1 0 1 0 0 0 1 1 1 1 0 1 1 0 0 1 1 0 0 1 0 1 1 0 0 1 0 
1 0 0 0 1 0 1 0 0 1 1 0 0 0 0 0 1 0 0 1 0 0 1 1 0 0 0 0 0 1 0 1 1 1 1 1 1 1 1 0 0 0 0 1 0 0 1 0 0 1 1 0 1 0 1 1 0 1 0 0 1 0 0 0 1 1 1 1 0 0 
1 1 0 1 0 1 1 1 1 1 0 0 0 1 0 1 0 0 1 0 0 0 1 0 0 0 0 0 1 0 0 0 1 1 1 1 0 0 0 1 0 0 1 0 1 1 1 0 1 0 0 1 0 1 0 1 0 0 1 1 0 1 0 0 0 1 1 0 0 0 
1 0 0 0 0 0 1 1 0 0 0 0 0 0 0 0 1 0 0 0 1 0 0 1 0 0 1 0 1 1 0 0 1 0 1 1 0 0 0 0 1 0 1 1 1 1 1 0 1 1 1 0 1 1 0 0 1 1 0 0 0 0 1 1 0 0 0 1 0 0 
1 1 1 0 0 0 1 1 0 0 0 1 1 0 0 1 0 0 0 0 0 0 0 1 1 0 1 1 1 0 1 1 1 0 1 0 0 1 1 1 1 0 0 0 0 1 1 0 1 1 0 1 1 0 1 0 0 0 1 0 0 1 1 0 1 0 0 0 1 1 
1 1 1 1 1 1 0 1 1 1 0 1 1 0 1 0 0 0 0 0 0 1 1 1 1 0 1 1 0 1 0 1 0 0 1 1 1 1 0 1 1 1 0 0 1 0 0 1 0 0 1 0 1 0 1 0 1 0 1 1 1 0 1 1 0 0 1 1 1 1 
0 0 0 1 0 1 1 0 1 1 1 0 1 0 1 0 1 0 0 0 1 0 0 0 1 0 0 0 0 0 0 0 0 0 1 1 0 0 1 1 1 0 1 0 1 0 0 0 0 1 0 0 1 1 0 0 1 1 1 1 1 1 0 1 1 1 0 1 0 0 
0 1 0 0 0 1 0 0 1 1 1 0 1 0 1 1 1 0 0 0 0 1 1 0 1 0 1 1 0 1 1 0 1 0 0 1 1 1 1 1 0 1 1 1 1 0 0 0 0 1 0 0 0 1 0 1 0 0 1 0 1 0 0 0 0 1 1 0 0 1 
1 0 0 0 1 1 0 1 0 0 0 0 1 1 0 1 0 0 1 1 0 1 0 0 1 0 1 1 0 1 0 1 1 0 1 0 1 1 0 1 0 0 0 1 1 0 0 0 0 0 1 0 1 1 0 0 0 0 1 0 1 1 0 1 1 1 1 1 1 1 
0 1 0 0 0 1 0 0 1 0 0 1 0 1 0 1 0 0 1 1 1 0 1 1 1 0 0 1 1 1 0 0 0 0 0 0 0 1 1 1 1 1 0 0 1 1 1 1 1 0 0 0 0 1 1 0 0 0 1 1 1 1 1 0 0 0 0 0 1 1 
1 0 1 0 0 0 1 1 1 0 1 1 1 0 1 0 0 1 0 1 0 0 0 0 0 0 0 0 0 1 0 0 1 1 0 0 1 1 1 0 1 1 1 0 1 0 1 1 1 1 0 0 1 0 0 1 1 0 0 1 1 0 1 0 1 1 0 0 0 0 
0 0 1 1 0 0 0 1 1 1 1 1 1 0 1 1 0 0 1 0 0 0 0 1 1 1 1 1 1 1 1 1 1 0 0 0 0 0 1 1 0 0 0 1 1 0 1 1 0 0 1 0 1 1 0 0 0 1 1 1 0 1 0 0 1 0 0 0 1 1 
1 1 0 0 0 1 0 1 0 0 0 1 1 1 0 1 1 0 0 0 1 0 1 1 0 1 1 0 1 0 0 0 1 0 0 0 1 0 1 1 1 1 0 0 0 0 1 1 0 1 0 1 1 1 0 0 0 1 0 1 0 0 0 1 0 0 1 1 1 1 
0 0 0 0 0 1 0 1 0 0 0 0 1 1 0 1 1 0 1 0 0 1 0 0 0 1 0 0 0 1 1 1 1 1 1 1 0 0 0 1 0 0 1 0 0 1 1 1 0 0 1 0 1 0 0 0 1 0 0 1 0 1 0 1 0 0 1 1 0 1 
0 0 0 1 0 0 1 0 1 1 0 1 1 0 1 1 0 0 1 0 1 1 1 0 1 1 0 0 0 0 1 0 0 1 0 1 1 1 1 1 0 1 0 1 1 1 0 1 1 1 1 0 1 0 0 0 0 0 0 0 0 1 1 1 1 1 0 0 0 1 
1 0 0 1 1 0 0 1 1 1 0 1 0 1 1 0 1 1 1 1 0 1 1 1 0 0 0 0 0 0 1 0 0 0 1 1 0 0 0 1 1 0 0 1 0 0 0 1 1 1 1 1 0 0 0 1 0 0 1 0 0 1 0 0 1 0 1 1 0 1 
0 1 0 1 1 0 1 1 1 0 0 0 0 0 0 0 1 0 1 1 1 1 0 1 0 1 1 1 0 1 1 0 1 1 1 0 1 0 1 0 1 1 1 1 1 1 1 1 0 0 0 1 0 0 0 0 1 0 1 1 1 0 1 0 1 1 0 0 1 1 
1 0 0 0 1 0 1 1 1 1 1 1 0 1 1 1 1 0 1 1 1 0 1 0 1 1 1 1 1 1 1 0 1 1 0 1 1 0 0 0 1 1 1 0 1 0 1 0 0 0 1 1 0 1 0 1 0 1 1 1 0 0 0 0 1 0 1 1 0 1 
1 0 0 1 0 1 1 1 0 0 1 1 1 1 0 1 1 0 1 0 0 1 0 0 1 1 0 0 0 1 1 0 1 0 1 1 1 0 0 1 0 1 1 0 0 1 1 1 0 0 1 0 0 1 0 1 1 0 0 1 1 1 1 0 1 0 1 1 1 1 
0 1 0 1 1 1 1 1 0 1 1 0 1 1 1 1 1 0 1 1 0 1 0 1 1 0 0 1 1 1 0 1 0 1 1 0 0 0 1 0 1 0 0 0 0 0 1 1 0 0 0 0 1 0 0 1 0 0 0 1 1 0 1 1 1 0 1 1 0 0 
0 1 1 0 1 1 0 0 0 1 0 0 1 0 0 1 1 1 1 1 0 0 1 1 0 1 1 1 0 1 0 0 0 1 1 1 0 1 1 0 0 0 0 0 0 0 1 1 1 1 0 0 1 1 1 1 0 1 1 1 0 1 1 1 0 0 0 0 0 0 
0 0 0 0 0 0 0 0 1 0 1 1 0 0 0 1 0 1 0 1 0 1 0 1 0 0 0 0 0 0 0 0 0 0 0 1 0 0 1 1 0 0 0 0 0 1 0 0 0 0 1 0 1 1 1 1 1 1 0 1 1 0 1 0 1 1 1 1 0 0 
1 0 0 1 1 0 0 1 1 0 1 0 0 1 0 0 0 1 1 0 1 1 1 0 1 0 0 0 1 0 0 0 0 0 0 1 0 0 0 1 1 0 0 1 1 0 1 1 1 1 0 0 0 1 1 1 1 1 1 0 1 1 1 1 1 1 1 1 1 1 
1 0 1 1 0 0 1 1 0 0 0 0 1 0 1 0 1 0 1 0 0 0 1 1 1 0 0 0 0 0 0 1 0 1 0 0 0 1 0 0 1 0 0 0 1 1 0 0 1 1 1 1 1 0 1 1 1 1 1 1 1 1 0 0 1 0 0 1 1 0 
1 0 1 1 1 0 0 1 0 1 1 1 0 0 0 1 1 1 1 1 0 0 0 0 0 1 0 1 0 1 1 1 1 0 0 0 0 0 0 1 1 1 0 0 1 0 1 1 1 0 0 1 1 0 1 1 0 1 0 0 0 0 0 0 0 0 0 1 1 0 
0 0 1 0 0 1 1 0 0 0 0 0 0 1 0 1 1 0 1 1 1 1 1 1 1 0 1 0 1 0 0 1 1 0 1 1 1 0 1 1 1 0 1 1 1 1 0 0 0 1 0 1 1 1 0 0 1 1 0 0 0 1 1 1 1 1 0 0 1 0 
