60 67 226
36 15 92 91 11 49 49 87 16 91 1 27 94 55 71 27 7 37 26 3 98 41 20 4 48 17 39 80 39 76 57 26 42 48 16 4 48 17 90 15 7 90 41 100 96 63 27 2 51 4 56 1 44 75 4 43 44 94 22 82 21 30 8 62 29 75 65 
76 91 6 43 50 95 83 49 91 98 27 44 48 31 100 48 74 26 51 69 69 97 42 3 17 72 62 31 100 36 95 28 79 1 70 28 47 52 28 89 49 55 33 49 37 84 96 62 61 99 30 30 95 72 32 11 43 45 41 42 80 88 21 10 40 90 89 
86 94 17 27 94 71 11 42 7 94 38 20 54 88 50 35 82 21 66 44 15 10 37 8 42 76 29 3 15 18 92 52 63 8 78 57 30 88 98 88 33 87 7 39 26 8 73 7 28 91 3 94 52 91 2 45 66 82 48 32 51 39 83 14 98 13 70 
79 52 19 66 85 58 24 75 83 32 47 42 11 37 44 57 41 34 58 85 51 91 32 82 41 22 16 6 71 28 75 49 32 46 66 68 55 90 42 37 73 88 30 83 77 73 39 69 58 48 53 8 90 37 41 83 58 57 88 81 36 15 29 67 60 95 34 
14 36 27 2 8 67 32 42 95 56 33 63 66 32 15 25 22 3 66 4 13 22 91 93 9 57 21 28 16 67 13 81 2 40 35 9 6 18 3 100 73 35 62 38 66 28 63 39 31 80 94 95 53 37 87 61 93 59 88 61 26 1 93 27 40 27 88 
97 44 90 96 69 76 9 58 93 88 20 32 70 51 25 64 3 13 2 64 6 61 3 66 86 3 58 64 94 37 51 90 32 92 37 52 67 97 10 60 37 81 43 6 32 19 22 34 32 23 97 37 83 52 54 20 54 63 84 100 51 86 41 83 78 30 34 
96 78 43 55 14 76 49 72 7 68 45 40 99 67 89 87 2 40 92 73 45 54 56 96 5 42 37 39 71 18 72 66 95 67 73 9 42 21 32 48 40 76 39 38 94 79 76 47 70 67 20 67 73 75 62 77 68 98 15 38 67 38 4 62 4 76 22 
97 48 53 96 88 80 87 77 73 65 5 20 35 71 91 1 95 65 62 71 85 12 37 22 78 27 77 91 82 4 12 79 52 16 26 91 95 12 67 20 77 71 91 63 94 81 15 88 97 28 11 81 91 99 55 21 25 83 11 7 87 75 37 90 90 62 80 
37 26 98 8 54 21 50 16 14 30 30 53 78 9 15 11 100 14 65 20 90 47 82 48 85 56 36 26 98 50 57 86 75 55 93 28 75 42 95 40 23 76 44 52 84 59 62 83 24 78 54 13 77 36 13 13 43 48 39 40 97 95 25 71 1 69 50 
27 62 44 18 84 19 62 88 55 72 1 89 95 79 43 59 7 30 71 19 72 19 57 12 15 4 88 38 56 57 87 83 18 31 100 54 1 13 93 55 84 93 44 30 71 86 89 29 67 59 48 38 29 56 1 44 11 89 33 67 97 19 49 14 49 100 19 
50 13 11 56 48 4 99 78 26 36 66 55 2 76 54 40 5 61 40 100 72 80 32 38 76 2 38 42 51 37 12 52 1 23 7 49 78 58 26 55 93 43 61 95 70 66 86 26 27 77 77 98 57 60 87 84 62 76 77 64 64 89 15 65 63 73 65 
92 82 42 46 75 84 59 21 5 24 6 31 50 34 7 99 90 67 37 26 28 12 2 91 76 42 57 92 4 81 56 95 63 97 93 89 32 51 9 36 74 66 66 76 99 73 74 41 91 11 66 18 74 19 60 49 61 16 40 16 48 95 11 10 43 55 98 
74 5 58 62 30 23 27 5 22 51 31 14 41 93 79 10 66 49 21 15 9 88 6 25 36 53 87 97 95 41 47 21 97 4 82 26 79 60 83 100 11 13 13 3 57 43 65 22 91 85 88 52 73 94 28 60 98 66 56 92 58 2 64 54 58 45 79 
36 5 13 87 67 25 51 69 33 93 85 55 35 70 94 38 94 39 17 53 36 82 60 80 39 14 43 44 71 88 23 6 44 35 44 10 12 94 30 96 38 15 50 72 36 96 62 81 34 78 85 22 12 96 1 2 9 43 46 79 82 20 36 77 6 31 86 
69 24 68 65 61 34 66 85 21 61 46 1 47 75 37 68 86 32 20 40 41 14 37 71 96 56 59 72 61 89 10 82 13 29 46 25 62 11 9 82 24 54 34 70 29 70 89 66 53 8 57 93 21 93 16 68 100 74 92 13 14 53 94 78 81 39 3 
42 1 11 75 24 65 60 45 45 81 33 62 33 92 19 78 13 63 93 32 63 18 23 75 31 75 68 9 7 6 11 48 58 73 74 82 37 33 26 33 13 11 95 46 2 65 23 66 27 67 98 89 84 72 15 66 99 82 26 5 39 88 5 49 61 30 30 
49 63 55 82 27 65 76 72 19 92 46 84 18 64 81 59 99 5 25 65 3 59 90 59 49 30 15 97 90 45 26 38 7 33 19 33 49 46 57 67 89 54 51 7 18 83 17 16 87 93 32 41 51 74 52 100 3 66 48 92 10 74 81 68 58 100 53 
6 97 61 73 86 14 75 44 83 57 12 51 96 4 82 88 7 55 39 6 57 57 53 100 18 78 81 86 35 32 38 93 80 50 17 65 63 91 60 98 99 23 48 46 27 81 86 85 36 24 90 44 32 94 96 50 24 76 35 58 59 24 2 38 73 18 55 
87 60 14 36 59 89 83 56 15 64 41 99 51 17 40 46 48 85 41 97 8 68 83 18 26 58 19 64 82 89 18 21 48 83 56 58 71 91 14 37 54 54 87 56 22 78 1 70 15 94 18 22 61 1 91 39 58 62 54 92 50 23 12 49 5 67 7 
28 57 20 16 62 25 55 17 47 84 70 68 98 15 85 20 27 85 62 65 95 23 18 86 24 40 49 73 97 15 79 76 72 50 43 85 26 97 54 24 33 75 91 30 89 28 1 67 64 63 32 58 37 1 95 61 93 43 33 41 10 63 16 33 64 10 17 
89 59 70 65 91 96 7 20 84 34 21 51 98 83 34 7 71 86 2 31 78 96 15 18 5 77 85 37 92 95 6 33 5 27 97 95 23 3 14 58 37 86 60 86 20 45 92 91 31 45 21 8 41 36 78 97 64 14 86 56 8 43 88 12 69 36 58 
43 38 72 1 26 57 60 11 77 5 55 67 87 99 39 94 91 26 23 40 90 37 25 97 96 19 36 60 87 71 17 30 8 40 82 86 49 93 48 77 97 2 95 83 53 33 29 43 59 51 82 100 39 58 96 35 76 31 94 15 1 62 96 60 2 77 97 
50 69 45 26 18 98 20 52 50 4 80 93 14 83 26 13 21 36 8 7 63 90 52 77 42 14 72 2 15 48 50 16 17 46 93 34 44 64 85 93 19 17 37 33 51 15 45 23 50 5 30 12 94 81 89 36 46 12 89 12 60 38 27 28 84 71 13 
79 34 49 71 53 17 60 85 67 74 81 90 75 85 71 86 79 3 26 66 49 38 54 12 49 43 39 28 78 61 40 56 47 40 79 51 57 38 87 23 11 67 64 37 52 86 22 82 89 100 47 89 89 52 100 89 94 90 16 24 3 7 79 49 98 57 99 
54 46 85 29 8 3 44 44 54 30 18 87 70 17 33 10 57 36 9 97 82 51 12 5 53 70 35 1 19 44 51 73 89 87 53 97 89 48 40 43 77 9 81 98 77 66 7 33 1 68 29 82 18 92 38 22 13 73 74 32 16 24 56 56 10 60 52 
98 7 44 92 36 52 73 33 81 38 40 13 90 59 94 72 76 37 61 97 2 33 22 33 100 45 40 56 6 99 59 55 5 2 47 92 6 71 25 86 60 16 50 49 74 95 20 1 32 33 49 33 65 70 17 17 66 56 72 71 6 30 25 10 84 23 2 
41 45 78 26 4 93 27 53 18 22 24 18 5 56 66 37 73 87 5 89 52 60 12 74 65 93 50 26 28 73 79 68 17 8 93 73 52 72 25 69 93 48 38 97 4 55 85 76 41 89 16 44 100 27 17 16 71 67 41 99 91 72 66 59 79 11 31 
31 82 55 51 26 55 89 22 58 43 58 85 36 98 100 79 97 78 48 12 100 14 4 98 56 75 64 14 6 26 45 36 59 51 38 84 5 26 57 14 21 14 98 56 11 49 86 59 78 33 70 78 98 73 75 53 100 90 67 5 67 63 92 25 13 29 8 
70 55 16 83 27 81 33 82 91 33 19 49 11 52 70 40 49 95 66 2 94 8 20 50 74 82 41 51 46 69 58 67 75 26 50 1 6 34 34 49 66 5 49 76 56 19 67 56 13 33 57 58 40 28 7 13 61 47 63 7 67 73 25 42 50 26 94 
55 59 80 3 25 84 52 52 91 22 19 46 34 3 55 91 42 82 49 6 43 95 21 1 61 45 25 54 94 51 100 48 61 79 3 37 14 6 41 4 27 11 1 12 13 55 54 54 89 2 11 31 96 31 83 8 27 59 14 20 61 13 20 22 43 74 10 
8 79 50 63 5 60 63 68 72 70 21 77 58 22 40 40 69 70 22 76 49 32 41 68 93 5 39 66 47 12 75 6 42 77 68 46 36 31 13 60 100 85 36 9 6 75 48 74 97 21 2 45 52 42 64 96 99 3 61 45 66 88 3 8 64 70 53 
99 52 18 58 3 54 46 11 60 72 10 85 68 30 86 64 82 80 28 77 78 30 90 74 47 77 28 54 92 98 59 42 1 28 52 56 81 97 66 40 68 76 25 88 57 62 51 38 93 78 67 22 59 8 48 6 84 75 59 27 24 17 68 25 44 19 80 
25 67 97 16 35 24 92 22 81 6 72 70 50 2 36 72 12 43 71 17 78 45 28 56 69 44 24 45 40 94 76 16 61 72 31 95 48 75 68 28 80 91 97 29 44 85 52 56 79 74 72 9 19 99 64 39 95 39 35 86 33 10 1 93 33 83 39 
80 9 58 59 40 48 8 21 92 44 72 47 22 46 70 82 16 21 46 6 67 36 40 52 68 1 4 12 33 38 2 65 99 59 23 38 59 30 58 2 73 30 100 47 27 21 28 94 41 25 51 7 13 42 10 32 42 65 44 26 55 97 90 53 8 65 90 
18 46 48 19 71 29 18 17 7 38 96 52 31 21 2 89 85 43 51 16 36 15 11 61 21 8 3 73 67 19 15 84 64 14 2 34 42 71 50 100 60 98 51 42 70 52 31 54 46 81 69 81 47 80 93 20 39 95 92 5 13 58 88 29 71 89 62 
12 11 64 63 22 61 13 64 82 16 94 35 61 26 3 93 24 34 86 43 72 80 87 76 45 44 63 73 15 3 86 78 65 49 41 87 61 53 50 42 21 95 28 33 72 83 26 95 16 63 38 88 42 24 15 38 67 30 62 33 84 48 11 49 48 51 35 
61 55 36 54 75 82 82 60 53 64 37 47 31 99 36 70 92 59 85 30 78 14 43 10 49 90 20 97 90 22 83 2 77 70 55 3 51 88 14 3 51 50 50 82 48 85 51 40 96 87 21 73 52 63 34 1 5 6 49 46 79 32 47 7 1 53 62 
52 41 75 54 91 25 55 24 24 40 27 15 87 13 87 11 17 50 44 69 6 1 17 3 80 48 49 86 1 1 47 4 41 74 57 84 50 64 59 73 3 85 40 41 50 26 51 66 27 46 86 32 47 2 86 78 50 34 15 2 87 14 5 79 87 13 14 
36 76 73 60 78 57 99 70 58 25 20 75 51 66 60 35 12 62 20 41 63 6 55 64 44 68 20 74 54 32 88 41 8 60 1 37 68 99 7 26 23 26 100 26 43 12 60 6 73 31 46 87 36 1 2 31 20 21 5 26 52 92 66 11 3 66 48 
70 17 6 95 91 83 47 16 26 10 27 31 82 10 77 68 97 29 69 28 100 41 32 25 92 75 43 55 77 60 2 46 76 59 93 19 41 91 86 18 100 65 49 33 74 77 52 70 57 72 97 56 12 80 33 55 6 27 9 82 86 62 80 14 20 24 32 
13 66 69 30 17 33 78 49 6 6 52 76 62 23 24 70 34 56 54 40 61 80 49 95 65 62 26 78 82 1 61 46 66 30 75 82 62 5 82 20 62 33 95 24 55 70 45 40 77 98 79 90 77 79 36 93 41 61 23 74 61 83 19 78 64 45 11 
78 1 92 97 63 24 43 38 30 64 82 69 41 31 99 30 59 78 65 51 18 77 73 91 89 8 61 66 23 5 28 100 58 19 96 20 94 90 9 23 54 42 91 94 72 41 75 82 18 91 32 87 67 57 29 7 16 89 24 38 46 51 90 3 69 85 74 
62 27 82 36 80 75 78 73 46 18 99 79 36 89 62 22 7 18 3 13 85 91 36 23 88 38 12 90 6 48 15 19 74 96 54 53 22 31 77 19 100 27 97 35 15 59 9 73 28 11 37 13 53 24 35 41 61 98 82 18 97 97 36 71 44 41 75 
66 23 4 84 23 82 81 9 97 91 69 21 18 31 58 30 84 81 16 24 42 65 5 59 62 53 47 84 97 39 10 62 62 13 97 36 95 77 44 43 67 65 15 37 95 72 66 78 53 82 53 46 46 10 4 59 62 2 42 58 41 52 71 2 16 68 89 
62 96 84 56 15 48 71 51 43 42 68 20 46 49 25 91 47 34 47 5 95 48 99 5 88 2 27 41 17 46 81 31 94 65 38 60 12 8 62 54 2 29 26 99 30 50 90 76 83 88 32 29 35 82 85 75 83 64 67 52 61 100 34 54 64 71 65 
75 31 26 81 32 55 6 30 84 55 71 11 89 58 94 69 45 28 6 71 10 69 89 13 81 88 98 35 51 69 99 78 99 77 58 82 31 63 63 66 69 86 76 9 95 21 77 91 48 82 13 10 2 2 74 83 41 72 69 44 40 19 21 90 95 30 23 
77 92 37 42 12 22 69 20 69 90 96 59 37 30 72 98 83 25 72 17 65 43 85 8 34 56 80 75 50 9 97 27 52 85 20 63 7 89 82 27 78 30 85 66 11 8 64 45 32 87 62 49 29 98 56 14 53 88 88 55 96 36 33 48 20 52 62 
78 40 44 4 69 25 41 35 87 48 50 31 32 36 44 80 16 42 87 29 46 74 16 52 70 51 84 69 70 36 30 100 27 25 3 96 1 43 82 39 91 31 70 74 18 65 53 33 58 39 13 56 65 80 7 34 30 91 54 51 78 35 50 56 12 5 51 
12 47 32 51 89 14 72 62 31 88 66 15 46 5 27 1 69 6 59 54 87 1 59 90 78 93 39 34 4 95 36 68 42 68 70 82 81 93 44 64 80 61 78 25 65 57 77 85 62 36 38 49 36 48 38 66 41 28 51 96 23 38 15 16 57 84 49 
90 76 44 53 8 5 82 84 69 38 61 54 100 48 43 100 35 91 89 52 83 68 54 30 42 92 45 9 48 28 58 37 56 1 89 15 5 71 98 74 60 10 79 59 9 73 10 44 15 50 47 49 18 1 79 11 92 75 20 91 54 77 28 61 77 68 75 
34 90 73 59 50 82 89 60 43 61 70 86 28 19 84 28 88 84 6 99 27 32 70 18 86 46 45 46 74 64 21 7 54 93 65 3 26 53 62 68 66 31 5 93 2 89 20 41 24 78 91 51 9 60 20 46 5 16 92 79 79 12 37 32 56 2 34 
33 6 48 53 71 78 57 15 31 97 87 72 73 16 62 75 76 74 94 22 78 9 65 8 87 28 97 71 83 98 56 67 55 3 19 78 81 28 92 63 76 30 86 48 45 100 22 73 73 15 94 2 75 10 10 14 37 6 84 19 55 39 37 61 42 56 38 
74 35 82 88 10 11 26 58 8 25 31 80 49 98 25 50 72 34 11 37 70 68 72 40 74 63 76 35 4 31 72 29 65 53 68 27 16 93 84 23 69 66 2 17 63 26 67 87 59 77 23 28 45 95 19 18 57 94 4 12 25 76 92 41 80 11 67 
95 4 2 17 72 68 18 89 30 95 7 16 5 83 91 84 79 37 2 49 45 96 52 8 72 27 99 12 59 61 31 53 64 32 22 88 99 91 76 81 86 34 48 90 16 38 74 47 26 75 95 70 22 46 77 93 25 27 5 83 88 87 87 51 18 8 38 
69 99 65 1 36 98 48 25 66 38 50 64 63 77 58 85 98 55 61 43 79 88 99 13 75 85 52 77 54 11 67 74 61 83 74 96 33 74 73 98 11 22 61 25 50 70 9 100 24 70 42 55 9 40 19 35 76 22 11 29 33 29 3 93 12 76 89 
44 1 61 93 11 34 5 88 36 74 48 35 49 69 28 55 77 67 74 11 42 95 74 22 27 2 24 72 13 52 60 8 52 72 100 15 57 56 2 92 29 1 78 30 70 5 84 46 71 57 9 64 4 34 86 82 35 61 53 100 12 12 59 16 35 11 30 
44 66 83 35 47 83 13 76 52 17 59 50 40 68 10 55 71 43 92 52 29 53 57 80 16 20 39 31 55 49 60 98 14 42 84 60 77 96 87 28 65 98 29 56 65 38 10 87 32 2 90 61 54 46 92 21 66 30 52 72 78 63 69 44 57 4 55 
33 100 42 12 16 39 41 71 55 30 32 41 62 33 82 74 38 28 65 59 93 95 62 64 24 24 84 19 80 87 26 12 38 19 24 5 9 16 27 63 45 59 55 58 43 36 31 81 15 48 91 7 94 52 22 69 75 57 88 55 44 65 18 33 83 93 38 
91 8 64 5 53 74 59 10 17 46 93 97 61 40 39 19 33 90 93 1 16 49 40 22 92 4 40 77 86 32 66 28 92 29 32 44 3 42 5 19 40 49 67 52 88 5 70 20 46 62 73 61 11 12 83 54 68 74 82 53 57 47 33 48 28 64 91 
82 58 48 100 97 96 18 48 84 74 69 55 19 83 79 79 45 43 13 50 10 86 32 14 43 30 46 90 57 62 33 38 19 80 89 67 27 6 66 62 79 86 69 49 68 47 28 64 89 40 14 50 78 45 64 20 74 61 9 83 22 93 20 92 24 9 10 
0 1 0 1 0 0 1 0 1 0 1 1 0 1 0 0 0 0 1 1 1 1 1 1 1 0 1 0 1 1 0 1 0 0 1 0 0 0 1 0 0 0 1 1 1 1 1 1 1 0 0 0 1 0 0 0 0 1 1 1 0 1 1 0 1 0 1 
0 0 0 0 1 0 1 0 0 0 1 1 1 1 0 1 0 0 1 1 0 0 0 1 0 1 0 1 0 0 0 0 1 0 0 0 0 1 0 0 1 1 0 0 0 0 0 0 0 1 1 0 0 1 1 0 0 0 1 1 0 1 1 1 1 0 1 
0 1 1 0 1 0 0 1 0 0 1 1 0 1 0 0 1 0 0 1 0 0 1 1 0 0 1 0 0 1 1 0 0 1 0 1 1 1 1 0 1 0 1 0 1 1 0 0 1 0 0 0 0 1 1 1 1 0 1 1 1 0 1 0 1 0 1 
1 1 0 1 0 1 0 0 0 1 1 1 1 1 1 1 0 0 0 1 1 1 0 1 0 0 0 0 0 0 0 1 1 0 0 0 1 0 0 0 1 1 1 0 1 0 1 1 0 0 0 1 1 0 0 1 0 1 0 0 1 0 1 1 0 1 1 
0 1 1 0 1 1 1 1 0 1 1 1 1 1 1 0 0 1 1 1 1 0 1 0 1 1 1 0 0 1 1 0 0 1 0 1 0 1 1 0 0 0 1 1 1 0 1 1 1 0 0 0 0 0 0 0 1 0 0 1 1 0 1 1 1 1 1 
1 0 0 1 0 0 0 1 1 0 1 0 1 1 0 1 0 0 0 0 0 0 0 1 1 0 1 0 1 0 1 0 1 1 1 1 1 1 1 0 1 0 0 0 1 1 0 1 1 0 1 1 0 0 1 1 0 0 1 0 0 1 0 1 0 0 1 
0 1 0 0 1 0 1 1 1 0 1 1 1 1 0 1 1 0 0 0 1 0 0 1 0 1 1 0 1 1 1 1 1 1 0 0 1 1 1 0 1 1 1 0 0 0 1 0 0 1 0 1 1 0 0 0 1 0 0 1 1 1 0 0 0 0 0 
1 1 0 1 0 1 1 1 1 1 0 1 1 0 0 1 1 0 1 1 0 1 1 1 1 0 1 1 0 0 0 1 1 0 1 0 1 0 1 0 1 1 0 0 1 0 1 1 0 1 0 0 0 0 1 1 0 1 1 1 1 1 0 0 1 1 0 
0 1 1 0 0 1 0 1 0 0 0 1 1 1 0 1 0 0 1 1 0 0 0 1 1 1 0 1 0 1 0 0 1 1 1 1 0 1 0 1 0 1 0 1 0 0 0 0 0 1 0 1 1 0 0 0 0 0 0 0 0 0 1 1 1 0 0 
0 1 1 1 1 0 1 0 0 0 1 1 0 0 1 1 0 1 0 0 1 0 0 0 0 0 1 1 0 1 0 0 0 1 1 0 1 0 0 1 0 1 0 1 0 1 0 0 1 0 0 0 1 1 0 1 1 1 1 1 0 1 1 1 0 0 1 
1 1 1 0 1 1 1 0 1 0 1 1 1 1 1 0 0 0 0 0 0 0 1 1 0 0 1 1 0 1 0 1 0 0 1 0 1 0 0 0 1 1 1 0 1 0 0 1 1 1 1 1 1 0 0 1 0 1 1 0 1 1 1 1 1 1 1 
0 1 0 0 0 1 1 1 0 0 1 0 1 0 1 0 1 0 0 1 0 0 0 1 1 1 0 0 1 1 0 1 1 0 0 1 1 1 0 0 1 0 0 0 0 1 0 0 1 1 1 0 1 1 1 0 0 1 0 1 1 0 1 0 0 1 1 
0 0 0 0 0 0 0 0 0 1 1 0 1 0 1 1 1 0 0 1 1 1 1 0 0 0 1 0 0 0 0 0 1 0 0 1 0 0 1 0 0 0 1 1 0 0 0 1 1 0 0 0 1 0 0 0 0 0 0 0 0 0 1 1 0 1 0 
0 0 0 1 0 0 0 1 1 0 1 0 1 1 1 1 0 1 0 0 1 0 1 1 0 1 0 0 0 0 0 0 0 0 1 0 1 1 1 0 0 0 0 1 1 1 1 1 0 1 0 1 1 1 1 1 0 1 1 0 1 0 1 1 0 0 1 
1 0 0 1 0 0 0 1 1 1 0 1 0 1 1 1 0 0 0 0 0 0 1 1 1 1 0 1 0 0 0 1 0 1 1 0 1 1 0 1 0 0 0 0 0 1 0 0 1 0 0 1 0 0 0 0 1 0 1 1 1 1 1 1 0 0 0 
0 1 0 1 1 0 1 0 0 0 0 1 1 0 1 0 1 1 1 1 1 1 0 0 0 1 1 0 0 1 0 0 0 0 1 0 0 0 0 1 0 0 0 1 0 1 1 1 1 0 0 0 0 0 0 0 0 0 0 0 1 0 0 0 0 1 0 
1 1 0 0 1 0 0 0 0 1 1 0 0 0 0 0 0 1 1 0 1 1 1 1 0 1 1 0 0 0 0 1 1 0 1 0 0 1 0 1 0 1 1 1 1 1 1 1 0 0 0 1 1 1 0 0 0 1 0 0 1 1 1 0 1 0 0 
0 1 0 1 0 0 0 1 1 1 0 1 0 1 1 1 0 0 0 0 0 1 1 1 1 0 0 1 1 1 0 1 0 0 0 0 0 0 1 0 0 0 1 0 1 0 1 1 0 1 0 0 1 1 1 0 1 0 1 0 1 1 0 1 0 0 0 
0 1 1 0 1 1 1 1 0 1 0 0 1 0 0 0 1 1 1 1 0 1 0 0 0 0 0 0 0 1 0 0 0 1 1 1 1 0 0 1 0 0 1 1 0 1 1 1 0 1 0 0 0 1 1 1 1 1 1 1 0 1 1 0 0 0 1 
1 1 1 1 1 0 0 0 0 0 0 0 0 1 0 1 1 1 0 0 0 1 1 1 0 0 1 0 1 1 0 0 0 1 1 1 1 0 0 0 0 0 0 0 1 0 1 0 0 1 1 0 1 0 0 1 1 1 1 0 0 1 0 1 1 0 0 
0 0 0 0 0 0 0 0 1 1 0 0 1 1 1 1 0 1 1 1 0 0 1 0 1 0 1 0 1 1 0 0 1 1 0 1 1 1 1 1 0 1 1 1 1 0 0 1 1 0 1 0 0 0 0 1 0 1 1 0 0 0 0 1 1 0 0 
0 1 0 1 1 1 0 0 0 0 1 0 0 1 1 0 1 1 0 1 1 0 0 1 0 0 1 0 1 0 0 0 1 0 1 1 0 0 1 0 0 0 0 0 1 1 0 1 0 1 0 0 1 0 1 1 1 1 1 0 1 0 0 0 0 0 1 
0 0 1 1 0 1 1 1 1 1 1 0 1 0 0 1 1 0 1 1 1 0 0 0 1 0 0 1 1 0 1 1 0 0 0 1 1 0 0 0 1 1 0 0 0 0 0 1 1 1 0 0 1 1 0 0 1 1 1 0 1 0 0 0 0 0 1 
0 0 1 0 1 0 1 0 0 1 0 0 0 1 0 1 0 1 1 0 1 0 1 1 0 0 1 0 0 0 1 0 0 0 1 0 0 0 0 1 1 0 1 0 1 1 1 1 1 0 1 0 1 0 1 1 0 1 1 1 1 0 1 1 0 0 1 
0 0 1 1 0 1 0 0 0 0 1 1 1 1 0 1 0 1 0 1 1 1 0 0 0 0 0 0 0 0 1 1 1 1 0 1 0 1 1 1 1 0 0 0 1 1 1 0 0 1 1 1 1 0 0 1 0 0 1 1 0 1 0 1 0 0 0 
0 1 1 1 0 1 0 0 1 1 1 1 1 1 0 0 0 0 0 1 1 0 1 0 1 0 0 0 0 0 1 0 0 0 0 0 0 0 1 1 1 0 0 0 1 0 0 1 1 1 1 0 1 0 0 0 0 0 1 0 0 0 0 0 0 0 1 
0 0 0 1 1 0 1 1 0 0 0 1 1 1 0 1 0 0 1 1 0 1 0 0 1 0 1 0 0 1 1 1 0 1 0 1 1 0 1 1 0 1 1 1 0 1 0 0 0 1 1 0 0 1 1 1 1 0 1 0 1 0 1 1 1 1 1 
1 1 0 0 1 1 1 0 1 1 0 1 1 1 1 1 1 0 0 1 0 0 0 0 0 1 1 1 0 0 0 1 0 0 0 1 1 1 0 0 0 0 0 1 0 1 1 1 1 1 0 1 0 1 1 0 0 0 1 0 1 0 0 1 0 0 0 
0 1 0 0 0 1 0 1 1 1 0 0 1 0 1 0 0 0 0 0 0 0 1 0 1 1 0 0 0 0 1 0 0 1 0 0 0 1 1 1 0 0 0 1 0 1 0 0 1 0 0 1 0 1 1 0 1 0 0 1 0 1 1 0 1 1 0 
1 0 0 1 1 0 1 0 0 0 0 0 1 0 0 0 1 1 1 1 0 1 1 1 0 1 0 0 0 0 1 1 0 1 0 1 1 1 0 1 1 0 1 0 1 1 0 0 0 0 1 1 1 0 0 1 1 1 0 1 1 1 1 1 0 1 1 
1 1 1 0 0 1 1 1 0 0 1 0 0 1 1 1 1 0 0 0 1 1 0 1 0 1 0 1 1 1 0 0 0 1 0 1 1 1 0 1 1 1 0 0 1 1 1 0 1 1 0 1 0 1 0 0 0 0 0 0 1 0 0 0 0 1 1 
1 0 1 0 0 0 0 0 1 0 1 1 1 1 0 0 1 1 0 0 1 0 0 1 0 0 0 0 0 1 1 1 1 0 0 1 0 0 1 0 0 1 1 0 0 1 0 1 0 1 1 0 1 1 1 1 0 1 1 0 0 0 0 0 0 0 1 
1 0 1 1 1 0 0 1 0 0 1 1 0 0 1 0 0 0 0 1 0 1 1 1 0 1 1 0 0 1 1 1 1 0 0 0 0 0 1 0 0 1 0 1 1 1 1 1 1 1 1 0 1 0 1 1 1 0 1 1 1 0 0 0 1 0 1 
1 1 0 0 1 1 0 0 1 1 0 0 0 1 1 0 0 1 1 1 1 1 0 0 0 1 1 1 0 1 0 1 0 0 1 0 0 1 0 1 0 0 1 1 0 1 1 0 0 1 0 1 0 0 0 1 1 1 0 1 0 0 1 1 0 0 1 
0 0 1 1 0 0 1 1 0 0 1 0 0 0 0 0 0 1 0 1 0 1 1 0 1 1 1 0 0 1 1 0 1 1 0 0 1 1 1 1 1 0 1 1 0 0 1 1 1 1 0 1 0 0 1 0 1 0 0 1 0 0 0 1 1 0 1 
0 1 1 1 0 1 0 1 0 0 1 1 1 0 1 1 1 1 0 1 1 1 1 0 1 1 0 0 0 0 0 0 1 1 1 1 0 0 1 0 0 0 1 0 0 1 1 1 0 1 0 1 0 0 0 1 1 0 0 0 1 0 0 0 1 0 0 
1 0 1 0 0 1 1 0 1 0 1 1 1 1 1 0 1 1 0 1 1 1 1 1 0 1 1 0 0 1 0 1 1 1 1 0 0 1 0 0 1 0 1 0 1 0 1 0 0 1 1 1 0 0 0 0 1 1 1 1 1 1 1 0 1 0 0 
1 1 1 1 1 1 0 1 0 1 0 0 1 0 0 0 0 0 0 1 0 1 0 1 0 1 0 1 0 1 1 0 0 0 1 1 1 0 1 1 1 1 0 0 1 0 0 0 0 0 1 0 1 1 0 0 0 0 1 1 1 0 1 0 1 0 1 
0 0 0 0 1 0 0 1 1 0 1 1 0 1 0 1 1 1 1 1 0 1 0 1 1 0 0 1 1 0 0 0 1 1 0 0 1 0 0 0 0 1 0 0 1 0 1 0 0 0 1 0 0 1 1 1 1 1 0 1 1 0 1 0 1 1 1 
0 1 1 1 1 0 1 1 1 1 1 1 1 1 0 1 1 1 0 0 1 1 0 0 1 1 1 1 0 0 0 1 1 1 0 0 0 1 1 1 0 0 1 0 0 1 1 1 1 0 0 0 1 0 0 0 1 1 0 0 1 0 1 0 0 1 0 
0 0 1 1 0 0 0 0 0 0 0 1 1 0 1 1 1 0 1 0 1 0 0 1 1 0 0 1 0 1 1 0 1 0 0 0 0 0 0 0 0 0 0 1 0 1 0 0 1 1 0 1 1 0 0 0 0 1 1 1 0 0 1 0 1 1 0 
1 0 0 0 0 1 0 0 1 1 0 1 1 0 1 0 1 1 0 0 0 1 1 1 0 0 0 0 1 0 0 0 0 0 0 0 1 0 0 1 0 1 0 1 1 0 1 0 1 1 0 1 1 0 0 1 0 1 1 1 1 1 1 1 1 0 1 
1 0 0 0 0 1 0 1 0 0 0 0 0 0 1 1 1 1 0 0 1 1 1 0 0 0 1 1 1 1 0 0 0 0 0 0 1 1 0 1 1 0 0 1 0 1 1 1 0 1 1 1 0 0 1 0 0 0 1 0 0 1 0 0 0 1 0 
1 0 0 1 1 1 1 1 1 0 0 1 0 1 0 1 1 1 0 1 1 0 0 1 0 1 0 0 1 1 1 1 1 1 0 0 0 1 1 0 1 1 1 1 0 1 0 1 0 0 0 0 0 0 1 1 0 1 1 1 0 0 0 1 0 0 0 
0 1 1 0 0 1 1 1 1 1 1 1 1 1 1 1 0 0 1 1 0 0 0 1 1 1 0 0 1 0 0 1 0 0 0 0 1 1 0 0 0 1 1 0 1 1 1 1 1 0 0 1 1 0 0 0 1 0 0 0 1 1 0 1 1 0 1 
0 1 1 0 0 1 0 0 0 1 1 1 0 0 1 1 1 1 1 1 1 0 1 1 1 0 1 0 1 1 1 1 1 1 0 1 0 0 1 0 1 0 1 1 0 0 0 1 1 1 0 0 1 0 0 0 0 1 0 0 1 0 1 0 1 1 1 
1 1 0 1 0 0 0 1 1 0 1 0 1 1 1 0 0 1 0 1 1 1 1 1 0 1 1 0 0 0 1 1 0 1 0 0 0 0 0 1 0 1 1 0 0 0 0 1 1 0 0 1 1 1 0 0 1 1 0 1 0 0 1 0 1 1 0 
1 0 0 0 0 0 0 0 0 0 0 1 0 0 1 1 0 1 1 0 0 1 0 1 1 0 0 1 0 0 1 1 0 0 0 0 0 0 1 0 0 1 0 0 0 1 1 0 0 1 0 0 0 0 0 1 1 0 0 1 0 1 0 0 1 0 1 
1 0 0 0 1 1 0 1 1 1 1 1 0 0 1 0 0 0 0 1 1 1 1 0 1 0 0 0 0 1 1 1 1 1 1 0 0 1 0 0 1 1 1 1 1 1 1 1 1 0 0 0 1 1 0 0 1 0 0 1 1 1 1 1 0 0 1 
1 0 1 1 1 0 0 0 1 1 1 0 0 1 0 0 0 1 0 1 1 1 1 0 0 1 1 1 1 0 1 0 0 0 1 1 1 0 1 0 1 0 1 0 0 1 0 0 1 1 1 0 0 1 0 0 0 0 0 1 0 1 0 0 1 1 1 
0 1 0 1 1 0 0 1 0 1 1 1 0 0 0 0 0 1 1 1 1 1 1 1 1 0 1 1 1 0 0 0 0 0 1 1 0 1 0 1 0 1 0 1 0 0 1 0 0 0 1 1 1 0 0 0 0 1 1 0 0 1 0 0 1 1 1 
0 0 1 1 0 0 1 1 0 1 1 1 1 1 0 1 1 1 1 1 1 1 1 1 1 0 1 1 0 0 0 0 0 1 1 1 1 0 0 0 1 1 1 1 1 1 0 0 0 1 1 0 0 0 1 1 1 1 0 1 1 0 1 0 1 0 1 
1 0 1 1 1 1 0 0 0 1 0 0 0 0 1 0 0 0 1 0 1 0 0 0 0 1 1 0 0 1 1 1 1 0 0 0 1 0 1 1 0 1 1 0 1 1 0 0 1 1 0 0 0 0 0 0 1 1 0 0 0 1 1 1 1 0 1 
1 0 0 0 0 0 0 0 1 1 0 1 0 0 1 0 0 0 0 0 1 1 0 1 1 1 1 0 0 1 1 1 1 0 0 0 0 0 0 1 1 1 1 1 1 0 1 1 0 1 1 0 0 1 1 1 0 0 1 0 1 0 0 1 0 0 1 
0 0 1 0 1 0 1 0 1 1 1 0 0 0 1 0 0 0 1 1 0 0 0 1 1 0 1 0 1 1 1 1 1 1 1 0 1 0 0 1 0 1 1 0 1 1 0 1 1 1 0 0 1 0 1 1 0 0 1 1 1 1 1 0 0 0 0 
1 1 0 0 1 1 0 1 0 1 1 1 0 0 1 0 0 1 1 1 1 1 0 1 0 1 0 0 1 0 0 1 1 0 1 0 1 1 1 1 0 0 0 1 1 1 1 1 0 1 0 0 0 0 1 1 0 1 1 1 1 0 0 1 0 0 1 
0 1 1 1 0 1 0 1 0 1 0 1 0 1 1 0 0 0 1 1 0 0 0 1 1 0 0 0 1 0 0 1 1 1 0 1 0 0 0 1 0 1 0 0 0 0 0 0 0 1 1 0 1 0 1 0 0 1 1 1 1 1 0 1 0 1 0 
0 1 1 1 1 0 0 1 0 0 1 1 0 0 0 0 1 0 1 0 1 1 1 0 0 0 1 1 0 0 0 0 1 1 0 1 1 0 0 1 0 0 0 0 0 1 0 0 1 1 0 0 0 1 1 1 1 0 0 1 0 0 1 1 1 1 0 
0 1 1 0 1 1 0 1 1 1 1 1 1 1 1 1 1 0 0 0 1 0 1 0 0 1 0 0 1 1 0 1 1 1 1 0 0 0 0 0 1 1 1 0 0 1 0 0 1 0 0 1 1 1 1 1 1 1 1 0 1 0 1 0 1 1 0 
0 1 0 0 0 0 1 1 0 0 1 0 0 1 1 1 0 0 0 0 1 0 1 1 1 1 1 1 1 0 1 1 1 0 1 1 0 0 0 0 1 1 1 1 1 0 0 1 0 0 1 0 0 1 1 1 0 0 0 1 0 0 0 1 0 1 1 
