44 55 93
2 27 81 6 9 53 32 9 29 55 50 55 84 89 93 69 29 9 43 56 34 80 81 4 10 57 27 20 76 38 72 77 17 5 34 25 9 66 33 37 72 34 43 7 74 35 75 3 96 69 58 29 100 90 32 
9 46 11 29 21 100 52 49 16 56 35 40 16 100 24 52 23 10 95 29 83 81 55 37 76 24 46 56 23 35 40 84 33 50 12 53 49 15 54 17 71 88 56 86 39 32 90 13 93 36 41 27 68 95 64 
44 70 61 51 93 48 90 76 80 91 39 84 40 53 37 56 75 76 63 13 66 46 54 78 90 41 70 17 8 65 32 3 86 44 54 78 91 95 5 70 86 95 54 77 100 42 32 26 18 46 90 83 44 43 13 
33 83 82 49 43 98 32 45 84 76 50 13 66 45 70 36 82 64 41 58 15 82 41 41 51 86 30 34 29 25 98 62 59 79 62 1 77 94 98 12 69 47 24 86 43 93 73 76 9 13 33 23 95 73 15 
45 11 97 30 91 21 27 4 79 58 66 32 86 11 29 97 31 27 20 16 22 65 89 97 25 53 30 47 99 54 14 96 16 10 77 7 30 56 10 60 13 27 91 98 37 71 94 67 98 65 35 19 81 75 15 
5 27 96 4 78 2 17 73 17 78 49 23 59 4 85 18 68 11 61 17 100 31 62 66 28 27 52 98 59 26 13 64 5 8 67 34 61 35 6 78 64 6 52 22 62 36 91 29 47 51 46 46 34 7 63 
61 85 67 59 44 44 23 59 100 82 77 33 43 63 90 20 26 96 71 47 9 59 37 37 57 40 34 54 73 93 16 85 29 34 43 24 78 17 82 77 99 10 62 93 72 51 12 97 98 34 95 6 92 84 95 
100 23 80 53 47 72 21 31 53 54 26 76 83 42 10 60 92 19 73 84 43 23 47 39 21 81 86 78 24 69 72 24 43 52 76 89 75 48 19 79 2 96 7 84 90 16 95 81 86 67 65 28 42 11 19 
14 43 4 91 19 24 15 42 66 18 69 6 44 69 24 23 70 72 29 5 61 96 52 41 33 70 57 61 63 20 31 76 62 34 19 80 57 85 73 74 2 94 79 45 62 54 19 83 25 99 39 37 94 90 78 
27 60 86 39 22 5 69 50 19 54 68 50 62 52 23 35 5 68 65 1 81 18 20 63 95 18 1 31 64 91 60 90 2 46 80 75 2 48 76 20 53 95 70 14 46 44 48 2 63 12 3 43 81 22 57 
75 91 57 6 54 99 17 95 52 14 74 79 16 73 54 87 25 49 8 38 46 3 37 48 65 100 50 59 81 23 15 7 13 72 64 67 22 81 61 74 94 87 4 61 59 57 48 36 5 55 73 3 58 62 50 
74 13 51 33 45 25 99 52 37 70 67 55 44 47 68 69 93 6 72 5 64 28 52 51 85 59 76 87 68 37 88 41 1 90 25 46 14 24 97 2 45 15 9 88 14 28 8 6 33 79 62 48 59 14 99 
95 24 74 33 91 62 72 83 62 61 8 59 74 83 7 27 27 22 87 67 35 14 74 92 46 5 53 46 15 18 44 9 41 69 93 83 82 64 66 95 24 25 54 49 7 60 27 33 81 14 51 15 27 25 58 
25 81 11 70 95 28 65 55 21 85 47 3 66 10 68 60 85 92 13 85 50 73 11 83 5 24 33 20 3 9 29 27 89 39 48 35 19 12 89 39 96 87 93 61 48 13 72 32 56 85 68 6 9 79 40 
13 54 24 84 56 85 13 34 25 3 81 60 21 92 100 11 39 87 56 99 86 68 71 70 75 7 37 80 67 67 71 31 21 95 15 28 79 79 62 55 33 94 14 54 86 66 16 24 4 23 75 89 90 97 58 
65 55 47 96 21 13 67 51 85 13 17 13 43 47 26 97 80 19 63 85 56 28 52 32 31 75 6 71 64 54 29 80 8 75 76 80 39 94 82 24 6 99 88 100 45 13 96 76 83 58 60 39 85 12 70 
67 86 27 38 1 32 18 81 91 44 8 70 82 53 51 57 10 1 44 9 46 56 56 73 39 14 33 29 50 96 98 17 81 76 6 33 59 23 65 49 66 24 18 99 76 20 56 37 21 99 45 18 55 53 90 
45 66 74 73 67 69 22 35 1 49 40 34 7 62 98 55 79 74 24 78 49 43 33 38 63 83 34 80 89 86 22 33 51 95 57 70 64 78 4 64 26 44 49 32 57 99 38 36 72 61 65 72 4 49 9 
18 31 43 98 20 80 71 4 83 65 61 52 28 90 55 44 68 50 44 51 7 42 89 94 65 49 10 89 4 58 97 22 40 91 71 11 23 41 67 5 5 79 56 85 68 62 80 35 12 75 86 70 17 26 15 
33 26 24 21 30 33 70 3 72 12 73 35 34 13 1 38 69 79 45 5 98 7 36 33 70 11 70 39 79 95 5 11 72 28 84 1 12 53 3 35 64 75 69 50 39 21 87 60 51 32 16 49 90 52 33 
59 62 54 49 40 100 5 2 71 32 85 72 43 37 26 77 53 53 98 2 91 18 40 2 69 23 18 69 12 21 1 22 34 54 22 73 53 26 26 23 57 11 46 51 99 72 80 3 24 29 4 66 46 44 68 
66 66 37 34 30 9 86 51 42 39 73 66 43 50 91 18 59 53 63 9 52 34 40 54 57 68 10 75 66 5 42 83 22 30 69 51 90 54 54 31 45 78 96 39 27 38 56 85 91 19 46 42 4 37 47 
13 5 8 87 22 12 80 4 34 61 72 36 50 78 41 32 22 18 27 60 97 16 16 33 6 86 78 99 41 15 98 53 71 5 91 92 69 70 47 2 82 19 89 31 48 82 62 69 51 40 80 47 56 47 80 
13 32 9 12 25 75 9 77 45 65 68 88 33 89 35 86 71 5 27 53 52 8 15 72 58 6 51 57 61 98 88 74 81 96 37 5 71 97 34 67 61 53 55 94 41 89 31 63 45 57 16 48 64 30 19 
74 35 21 30 48 70 17 73 51 12 61 7 34 57 40 1 69 44 55 14 85 95 45 47 91 1 62 38 17 43 8 90 30 28 19 29 98 87 1 100 98 61 58 84 69 50 84 37 93 90 51 77 36 47 76 
78 47 89 15 15 84 22 4 13 1 74 41 50 60 93 49 10 5 7 93 25 56 28 13 100 69 63 29 56 61 4 33 8 44 47 74 27 20 78 39 72 51 31 22 63 75 22 72 31 80 16 55 35 43 68 
87 63 82 15 18 43 18 50 2 61 48 75 88 19 4 78 42 55 61 63 69 35 85 40 18 64 7 72 51 1 91 89 63 73 3 32 67 20 81 68 32 80 94 71 50 98 1 91 52 13 6 72 47 42 63 
16 57 69 88 59 69 30 47 83 2 49 14 20 20 46 87 52 25 81 74 26 78 26 68 81 38 73 52 37 14 66 52 71 34 91 29 2 21 76 84 74 24 49 94 96 94 32 99 70 64 72 95 93 50 62 
25 87 35 76 75 100 93 27 70 26 69 51 79 41 78 62 15 53 10 60 48 55 43 46 24 7 70 18 51 19 32 76 57 18 3 32 17 96 58 39 21 78 89 100 19 18 13 85 70 75 44 18 29 38 63 
53 44 32 22 95 50 5 22 59 22 24 90 39 19 99 29 40 76 69 91 94 86 3 78 55 77 73 72 58 11 87 62 6 18 35 52 20 40 73 78 61 97 19 51 15 17 79 6 92 99 96 38 84 99 67 
39 27 92 62 36 54 100 97 59 70 84 63 89 23 87 18 35 83 88 38 50 4 16 7 47 67 3 84 50 53 3 40 79 94 2 67 47 1 15 57 70 98 71 10 20 58 79 7 40 66 44 41 21 11 48 
68 77 2 3 27 54 57 66 84 50 19 50 48 72 65 57 93 62 27 55 34 84 85 40 76 3 83 68 23 45 15 42 22 16 45 100 21 53 17 5 55 36 54 2 59 70 10 51 32 37 5 17 20 42 56 
47 44 90 15 66 34 81 60 7 49 4 6 69 8 23 25 62 10 79 64 68 100 73 70 31 61 27 47 33 68 54 79 11 95 45 28 81 78 87 87 26 42 45 46 50 19 71 11 28 1 26 47 100 51 16 
31 63 42 29 95 61 35 26 23 29 22 51 61 99 89 48 24 83 44 70 32 14 40 94 41 92 72 39 91 22 6 73 36 100 54 31 60 88 8 83 68 29 85 29 28 73 28 51 55 23 72 38 36 63 84 
28 54 55 66 45 28 23 17 63 22 70 45 82 9 52 16 77 81 100 57 8 24 36 10 31 58 82 68 93 44 3 20 50 57 37 94 36 59 62 99 81 32 95 14 92 47 81 68 27 80 76 86 55 11 95 
85 68 28 5 12 24 7 83 73 16 19 66 51 30 27 1 62 10 96 75 2 42 7 21 20 86 97 57 92 59 51 77 79 31 33 90 54 39 73 26 6 43 91 9 24 69 9 85 31 56 11 32 49 17 4 
68 54 52 24 46 11 27 74 89 57 6 30 62 96 54 87 2 97 29 10 20 49 18 57 79 26 67 62 74 84 66 42 89 17 17 34 79 95 7 19 3 12 49 64 60 2 50 61 50 30 70 22 79 39 78 
57 64 44 19 38 79 84 31 68 52 99 53 83 94 12 1 96 23 49 60 82 3 61 94 52 91 15 25 69 54 2 25 69 98 95 58 28 30 88 95 82 39 100 64 32 11 16 27 85 65 38 19 19 99 12 
22 89 27 47 9 32 100 85 52 97 80 10 25 9 49 71 42 87 70 57 70 32 73 97 17 89 86 87 59 84 98 80 24 76 78 32 59 78 17 11 74 48 72 50 56 20 21 50 59 42 58 28 74 30 76 
42 70 62 28 28 97 77 60 21 5 37 52 63 14 20 25 40 67 96 89 75 68 9 76 78 3 33 5 28 63 33 69 84 94 48 12 42 24 71 62 28 7 66 43 73 37 67 12 4 15 100 30 34 61 5 
11 63 37 67 42 51 99 62 35 44 9 98 86 84 20 99 64 78 64 6 50 1 24 61 56 90 13 37 23 73 41 33 87 29 52 28 32 2 89 18 98 49 15 35 32 86 33 95 63 49 52 65 1 76 25 
8 65 89 44 40 61 36 24 99 64 75 78 95 29 18 64 26 66 78 60 98 15 44 44 78 92 96 42 44 23 18 51 39 7 94 78 19 29 54 70 45 28 47 91 56 65 55 33 30 84 92 79 99 36 75 
28 79 70 69 23 44 38 25 34 96 19 12 15 99 17 84 95 44 82 86 52 46 92 84 28 75 28 58 73 15 32 100 93 53 20 15 48 10 92 82 5 10 45 71 60 61 6 55 56 88 92 7 85 83 43 
64 57 22 74 82 36 57 33 28 10 5 95 9 14 86 90 70 47 34 93 6 46 98 12 2 37 55 60 74 37 2 89 46 23 62 79 58 19 63 38 80 67 32 88 32 69 78 54 15 63 46 72 9 95 36 
1 1 1 0 0 0 0 0 1 0 0 1 0 0 1 1 1 0 0 0 1 0 1 0 0 0 1 1 0 0 0 1 1 0 1 1 0 1 1 1 0 1 0 0 1 1 1 0 1 1 1 1 1 0 1 
1 0 1 0 0 1 1 1 0 1 1 1 1 0 0 0 0 0 0 0 1 1 1 0 1 0 1 0 1 1 1 0 0 0 1 0 1 0 0 1 1 1 0 0 1 1 0 0 1 0 0 0 1 0 0 
0 0 1 0 0 1 0 0 1 0 1 1 0 1 1 1 0 0 0 0 0 1 0 0 0 0 0 0 0 0 1 0 1 0 1 1 1 1 1 0 1 1 0 1 0 1 1 1 0 1 1 0 0 0 0 
0 0 0 0 0 1 1 1 0 0 0 1 1 1 0 0 0 1 0 0 0 1 1 1 1 0 0 1 0 0 1 0 1 0 0 1 1 0 0 1 0 0 0 1 1 0 1 0 0 1 0 0 1 1 1 
0 1 1 0 1 0 1 1 1 1 1 0 0 1 1 1 1 1 1 1 1 0 0 1 0 0 1 0 1 0 1 1 1 0 1 0 0 1 1 1 0 0 0 1 0 1 0 1 0 0 0 1 0 1 0 
0 1 1 0 0 1 1 1 0 1 1 0 0 0 1 1 0 0 1 1 0 0 0 1 1 0 0 0 0 1 1 0 0 0 0 0 0 1 1 0 0 0 1 0 0 0 0 1 0 1 0 0 0 0 0 
1 0 0 1 0 1 0 0 1 1 0 1 1 1 0 1 0 1 0 0 1 1 0 0 1 0 1 0 0 1 0 1 0 0 0 0 1 1 1 0 0 1 1 1 1 1 0 1 0 1 1 0 0 0 0 
1 0 1 1 0 1 1 1 1 1 1 1 0 0 0 0 0 0 1 1 1 1 0 0 1 1 1 1 1 1 0 0 1 1 0 1 0 1 0 1 1 0 1 1 0 1 0 1 1 1 0 0 0 0 0 
0 1 0 1 0 1 1 1 1 1 1 0 1 0 1 1 1 1 0 1 1 1 1 0 1 0 1 1 1 1 0 1 1 0 0 1 1 0 0 0 1 1 1 0 0 0 1 1 1 1 0 0 1 1 1 
0 0 0 1 1 1 1 0 0 1 0 0 1 0 0 1 1 0 0 0 0 0 1 1 1 1 0 0 0 1 1 0 1 1 1 0 0 1 0 1 0 1 1 1 1 1 1 1 1 1 1 1 0 0 1 
1 1 1 1 1 0 0 1 0 1 1 0 0 0 1 1 0 0 0 0 1 1 1 0 1 0 1 0 0 0 1 0 1 0 1 1 1 0 0 1 1 1 1 1 1 0 0 0 0 0 0 0 0 1 0 
1 1 0 1 0 0 1 0 1 1 1 0 0 1 1 1 1 0 1 0 0 1 1 0 0 1 0 0 1 1 0 0 0 0 0 0 0 1 0 0 0 0 0 1 1 1 0 0 0 1 1 0 1 0 0 
1 1 0 1 1 1 1 1 1 0 1 0 0 0 0 0 1 0 1 0 0 0 0 0 0 0 1 0 1 1 0 0 1 0 1 0 1 0 1 1 0 1 1 1 1 1 1 0 0 0 0 0 1 1 0 
1 1 0 0 0 1 0 0 0 1 1 0 0 1 0 1 0 1 0 1 0 0 0 1 0 1 1 0 0 0 0 1 1 0 1 1 0 0 1 0 1 0 1 1 0 1 1 0 0 1 1 0 1 1 1 
1 0 1 1 0 1 0 0 1 0 1 0 0 1 0 1 0 0 0 0 0 1 1 0 1 0 1 1 0 1 1 1 1 0 1 0 1 1 0 0 1 1 1 0 1 1 1 1 1 1 1 0 0 0 0 
1 1 0 0 1 1 1 0 0 1 1 0 1 0 0 1 0 0 0 0 1 1 1 0 1 0 0 1 0 0 1 1 1 1 1 0 0 1 1 1 0 0 1 1 1 0 1 1 0 1 1 1 1 0 1 
0 0 1 1 0 0 0 1 1 0 0 0 0 1 1 1 0 1 1 1 0 1 0 1 1 0 0 0 1 0 1 1 0 1 0 0 1 0 1 0 0 0 0 1 1 1 0 1 1 1 1 1 0 1 1 
1 1 1 1 0 0 1 1 0 0 1 1 1 0 0 1 0 0 0 1 0 1 0 1 0 1 0 0 0 0 1 1 1 0 1 0 0 0 1 1 0 1 0 1 1 0 0 1 1 0 1 1 0 1 0 
0 0 1 0 0 1 1 0 0 0 1 0 0 1 0 1 1 1 1 0 0 0 0 1 1 1 0 0 1 1 0 1 0 1 0 0 0 1 0 1 1 1 1 0 0 1 1 1 0 1 1 0 1 0 0 
0 1 0 0 0 0 0 1 0 0 1 0 0 1 1 1 0 0 1 0 1 0 0 0 1 1 0 1 0 0 1 0 1 0 0 1 0 0 0 0 0 0 0 1 1 1 0 1 0 1 0 1 0 0 1 
1 1 1 0 1 1 0 1 0 0 1 1 0 1 0 0 0 0 0 1 1 0 1 0 0 1 0 1 1 0 0 0 1 0 0 0 1 0 1 0 0 0 1 0 0 1 0 0 1 1 1 0 1 0 1 
1 1 1 0 0 0 0 0 1 0 1 0 0 1 1 0 0 0 1 0 0 1 1 0 0 0 1 1 1 1 0 0 1 1 0 1 1 0 0 1 1 1 1 1 0 0 1 0 0 0 1 0 1 0 0 
0 0 1 1 1 1 1 1 0 0 1 1 0 1 1 1 0 0 0 1 1 0 0 1 1 1 0 1 0 0 0 0 0 1 1 1 0 0 0 0 1 1 0 1 1 1 0 1 0 0 1 1 0 1 0 
1 0 1 1 1 1 1 1 0 0 1 1 1 1 0 1 0 1 1 1 0 1 1 0 1 1 1 0 0 0 0 1 1 1 0 0 1 1 1 1 0 0 0 1 0 0 0 0 0 0 0 0 1 1 0 
0 1 1 0 1 0 0 0 1 0 1 1 1 0 0 0 0 1 0 1 1 1 0 1 1 0 1 1 1 1 0 1 0 1 1 1 1 1 1 0 1 0 1 0 1 0 0 1 1 1 1 0 0 1 1 
1 1 1 0 0 0 0 1 0 0 0 1 1 1 0 0 1 1 1 1 0 1 0 1 0 1 0 0 1 1 0 0 0 1 0 0 1 1 1 1 1 1 0 0 1 0 0 0 1 0 1 1 1 1 1 
0 0 1 0 1 1 0 1 1 1 0 0 0 1 1 1 0 1 1 0 0 0 1 0 1 1 1 1 0 1 0 0 1 1 1 1 0 1 0 0 1 0 0 1 1 1 1 1 0 0 0 0 0 1 0 
0 0 0 1 0 1 1 1 0 0 0 1 1 1 0 1 0 0 1 0 0 0 1 1 1 1 1 1 0 0 0 0 0 0 1 1 1 0 0 1 0 0 1 1 1 1 0 0 1 1 0 1 0 1 1 
1 0 0 0 0 1 0 0 1 0 1 0 1 1 0 1 0 0 0 1 0 1 0 0 0 1 0 0 1 1 1 0 1 1 1 0 0 1 0 0 0 0 0 1 1 1 0 1 1 0 1 1 1 1 1 
0 0 1 0 0 0 1 0 0 0 1 0 1 1 0 1 1 0 1 0 0 0 1 1 0 1 0 1 1 1 1 1 0 0 1 0 1 0 0 1 0 0 1 1 1 1 0 0 0 0 0 0 0 1 1 
0 1 0 0 0 1 1 1 1 1 0 1 0 0 0 1 0 0 0 0 1 0 0 1 0 0 1 0 1 1 1 1 0 1 1 0 1 0 1 0 0 1 0 0 1 0 0 1 0 0 1 1 0 0 0 
0 0 1 0 1 0 0 1 0 1 0 0 0 1 1 1 1 0 1 1 1 1 1 1 1 0 0 0 0 0 0 1 1 1 1 0 0 1 1 0 1 0 1 1 1 0 0 0 1 1 1 0 0 1 1 
1 1 0 1 1 0 1 0 1 1 0 0 1 1 1 1 0 1 0 0 0 1 0 0 0 0 0 0 0 1 0 0 0 0 1 1 0 1 0 0 0 0 0 1 1 1 0 0 1 1 0 1 0 0 0 
0 0 0 0 1 1 0 1 1 0 0 0 1 1 0 1 1 0 1 0 0 0 1 0 1 0 0 1 0 0 1 0 1 1 0 0 0 1 1 1 1 1 1 0 1 0 1 0 0 0 1 0 1 0 0 
0 0 0 1 0 1 0 0 0 1 0 0 1 1 1 0 1 0 0 1 1 0 1 0 0 1 1 1 0 1 1 1 1 0 0 1 1 1 1 1 0 1 1 0 1 0 0 0 0 0 1 0 0 0 0 
1 0 1 0 0 0 1 1 1 1 0 0 0 1 1 1 1 0 0 1 1 0 0 1 1 0 1 1 1 1 1 0 1 0 0 0 0 1 1 1 1 1 1 1 0 0 1 0 0 1 1 0 0 1 1 
1 0 0 0 1 0 1 1 1 1 1 1 1 0 1 0 1 0 1 1 1 1 0 1 1 1 0 1 1 0 1 0 0 1 0 1 1 1 0 1 0 1 0 1 1 1 1 1 0 0 0 1 1 0 0 
1 1 0 0 1 0 1 1 0 1 0 1 0 1 1 1 0 0 0 1 0 1 1 1 1 1 1 0 1 1 0 0 0 1 0 1 1 0 1 0 1 1 1 1 0 1 1 0 1 1 0 1 0 1 0 
0 0 1 0 1 0 1 1 1 0 0 0 1 0 1 1 1 0 1 0 1 0 1 1 1 0 1 1 1 0 1 1 1 1 1 0 1 0 0 0 0 0 1 0 0 0 1 1 1 0 1 0 0 1 1 
0 1 1 1 0 1 0 1 0 1 1 1 1 1 1 1 0 1 0 0 1 1 1 0 0 0 1 0 0 0 1 0 0 0 1 0 0 0 0 0 1 1 1 0 0 0 0 0 1 0 0 0 1 0 0 
1 0 0 1 0 0 1 1 0 1 0 1 1 0 1 0 0 0 1 0 0 0 0 1 1 1 1 0 0 1 0 0 1 0 1 0 1 0 1 1 0 1 0 1 0 1 1 0 1 1 0 0 1 1 1 
0 0 0 0 0 0 1 0 1 1 0 1 0 0 0 0 0 0 0 0 0 0 1 0 1 0 0 1 1 1 0 0 1 1 0 0 1 1 0 0 1 0 0 1 1 0 1 1 0 0 1 0 0 1 0 
1 1 1 1 1 0 1 1 0 0 1 0 1 1 0 0 0 1 0 1 0 0 1 1 1 1 1 1 1 0 0 0 1 1 1 0 1 1 1 1 1 1 1 1 0 0 1 0 1 1 1 1 1 0 0 
0 1 1 0 0 1 0 1 1 1 0 1 0 1 1 0 1 0 1 0 0 1 1 0 0 0 1 1 1 0 0 0 1 1 0 0 1 0 1 0 1 1 1 1 1 0 1 0 0 1 0 0 0 1 0 
