70 54 3437
33 19 75 76 51 21 1 30 2 99 28 78 69 37 14 10 85 30 95 15 18 19 20 31 82 48 84 6 18 98 54 50 69 80 78 19 1 78 1 54 28 28 31 97 64 44 6 100 73 52 14 43 71 85 
25 52 33 9 9 50 6 63 51 26 94 28 97 46 57 97 99 85 24 29 33 39 25 90 39 97 41 4 39 63 89 64 15 73 24 75 74 81 89 24 7 83 4 55 28 12 51 79 96 26 59 28 64 83 
17 2 80 10 58 70 72 46 85 38 70 60 13 43 41 53 18 99 35 21 53 15 33 55 45 80 80 3 60 43 86 28 97 17 37 54 38 61 51 75 50 20 34 14 14 74 67 31 24 53 4 76 67 36 
82 11 67 61 14 26 56 51 54 4 67 42 57 56 54 59 30 4 30 64 69 43 89 35 73 13 88 76 40 6 63 22 17 30 82 82 7 89 84 12 92 2 6 48 57 59 58 87 14 87 50 83 29 90 
69 54 2 56 81 42 62 96 15 30 77 48 63 83 37 46 47 28 47 52 28 3 62 85 89 28 24 90 10 52 80 78 57 81 86 90 74 47 85 40 76 61 88 38 95 24 35 41 3 81 44 30 83 6 
67 24 33 90 13 94 93 92 23 2 25 8 91 50 6 75 90 33 87 29 70 81 52 56 74 54 36 17 36 71 74 2 94 6 43 58 51 35 2 26 36 26 33 78 27 91 52 16 23 90 44 45 71 47 
100 96 53 36 12 40 58 86 93 3 43 35 60 46 21 61 71 9 38 55 86 17 45 90 84 68 79 80 12 1 78 11 96 30 98 60 21 55 97 13 57 91 47 69 36 20 81 58 28 71 13 65 87 57 
54 70 76 85 1 87 37 79 50 33 8 47 44 81 54 40 93 62 30 92 30 18 11 63 75 90 33 87 54 71 96 60 92 71 96 93 10 32 71 59 64 30 57 7 10 10 98 3 24 28 94 5 45 56 
67 71 45 51 58 50 21 5 9 13 75 4 5 84 88 27 94 51 8 51 10 18 12 7 72 35 86 17 40 82 72 58 53 68 9 62 17 81 66 26 93 92 81 49 28 68 27 21 71 35 23 32 4 35 
90 75 21 76 43 12 9 66 70 61 33 30 74 49 10 39 26 55 83 59 3 10 78 30 82 48 16 5 31 19 39 21 45 11 48 87 23 56 52 44 69 36 73 42 84 82 33 62 36 67 72 91 76 49 
72 57 49 87 61 79 57 51 51 1 62 98 39 36 6 42 79 26 77 51 19 12 84 3 25 72 69 96 14 44 97 85 53 45 23 65 75 79 68 26 31 81 75 21 16 80 14 94 57 90 96 76 53 31 
78 30 2 47 25 15 42 21 51 46 17 73 11 92 3 30 17 85 10 43 57 25 75 70 70 31 59 17 6 64 47 36 93 1 34 69 67 27 42 18 73 58 42 35 49 97 64 17 81 73 12 38 49 86 
59 18 16 18 34 74 33 32 61 77 32 94 45 99 72 38 68 44 96 9 30 96 5 93 65 38 17 76 27 17 61 85 34 28 54 19 53 38 3 65 14 34 10 11 84 82 48 3 77 95 12 7 91 68 
51 7 57 20 82 83 36 94 20 22 73 73 40 26 11 42 90 76 28 100 86 63 33 34 66 9 28 29 15 70 96 18 76 53 37 9 87 72 2 6 93 27 31 85 52 41 78 93 16 57 44 54 20 76 
39 85 37 18 65 3 88 60 20 15 64 8 76 3 80 77 60 24 3 90 60 6 82 38 51 50 46 46 3 65 74 41 1 10 10 65 12 49 77 84 64 92 91 39 94 22 67 54 98 22 95 57 79 77 
46 29 26 92 27 80 8 100 72 9 61 81 73 24 82 49 7 45 41 98 35 86 71 53 91 68 74 86 77 53 62 74 33 39 17 11 70 25 10 93 33 22 25 57 46 6 58 52 2 50 1 36 35 24 
41 78 91 14 63 19 18 76 93 3 66 9 13 35 33 75 79 17 96 3 26 41 61 83 45 62 84 97 50 70 20 90 47 63 3 9 33 73 84 25 75 1 86 39 87 70 13 65 39 9 20 64 1 80 
98 45 41 81 94 90 50 65 31 97 79 34 57 12 58 93 88 84 93 73 22 80 95 87 96 33 95 15 48 47 94 45 44 87 77 37 28 26 1 59 74 80 44 83 43 1 27 30 36 19 55 57 50 49 
95 46 33 89 12 80 88 58 76 31 44 52 67 71 29 19 29 55 50 24 89 92 24 15 22 11 33 76 68 35 76 14 32 8 55 43 39 42 52 14 72 95 17 90 18 45 60 98 51 10 22 39 53 97 
53 26 8 38 53 75 24 28 40 55 87 94 49 77 35 1 90 6 47 6 47 64 3 7 62 5 68 83 44 72 79 48 98 86 85 2 12 8 82 52 14 68 45 15 45 32 15 86 89 13 44 36 77 98 
94 90 2 61 24 97 84 2 45 81 40 29 83 3 89 16 6 2 83 3 16 79 34 82 17 22 47 12 57 75 9 50 64 62 62 87 59 46 40 3 78 31 83 12 34 71 27 91 25 62 93 92 92 26 
26 8 48 72 19 56 46 27 6 61 89 19 47 99 16 38 1 94 69 83 57 54 6 84 44 30 45 37 21 36 14 46 96 61 69 14 17 66 93 74 26 33 44 24 31 60 62 31 5 82 65 61 35 70 
44 30 99 40 18 72 76 32 69 71 44 38 36 12 3 28 85 29 12 81 52 42 40 65 24 96 46 41 56 32 10 52 14 61 91 83 84 18 14 52 40 10 41 28 21 44 55 58 24 67 38 27 60 29 
44 36 76 89 76 83 73 37 34 38 97 77 20 80 46 86 84 86 95 24 13 67 19 19 76 42 37 65 21 49 93 64 84 20 4 59 3 28 95 36 65 44 64 37 75 10 22 58 47 68 82 59 86 100 
29 62 94 18 26 14 66 71 29 49 90 84 59 92 12 53 80 28 96 43 64 71 4 37 80 50 56 61 8 42 13 89 3 58 6 80 23 71 50 51 71 92 34 29 35 97 33 66 25 29 9 88 51 64 
25 82 14 32 43 73 73 7 61 27 64 18 7 86 40 8 88 10 51 73 38 86 70 71 51 94 51 11 33 53 75 57 34 88 41 28 60 13 86 73 40 1 90 98 38 30 57 25 91 8 50 81 93 19 
51 95 12 53 6 44 57 32 53 42 71 93 22 82 57 59 54 48 60 96 45 97 77 2 74 67 9 23 47 53 41 49 47 4 53 4 99 61 87 3 3 57 47 76 91 4 34 96 51 45 91 48 42 19 
49 67 86 9 89 84 61 81 85 59 84 37 15 34 50 1 37 52 10 83 79 100 38 64 95 89 9 38 36 2 56 36 68 93 44 56 29 56 88 13 66 23 1 80 56 50 33 44 53 42 79 31 93 16 
47 39 4 55 76 91 56 32 26 23 76 21 30 4 76 17 68 42 91 69 73 46 70 5 42 23 98 20 5 42 35 51 81 91 57 56 81 12 39 59 86 67 79 15 70 7 83 38 100 73 58 72 71 27 
29 12 1 78 31 6 20 65 8 100 7 65 7 88 28 46 46 14 12 24 80 33 30 15 22 29 87 31 53 9 10 33 20 10 10 2 67 29 19 27 80 25 91 87 12 18 84 9 83 47 85 63 31 66 
77 53 47 15 35 99 24 44 31 95 54 92 49 20 73 67 98 52 91 88 90 55 58 73 15 92 71 99 6 2 65 82 6 11 49 40 61 24 84 43 70 37 34 18 8 6 36 58 10 79 45 99 33 54 
24 99 98 46 98 3 47 14 37 52 76 85 44 36 60 27 30 29 15 15 99 74 73 34 31 82 12 28 32 96 33 55 95 30 1 44 33 99 57 69 3 32 5 46 19 64 24 100 44 38 14 42 11 86 
76 94 19 87 21 51 35 53 57 29 83 57 24 67 8 80 35 10 63 39 55 33 54 30 32 97 67 97 39 29 83 66 22 53 4 94 3 38 99 60 18 33 68 41 99 75 72 33 36 34 23 42 18 76 
71 49 72 37 98 62 18 32 27 91 84 83 85 87 20 35 98 90 67 65 30 65 92 2 49 27 87 71 69 5 98 39 5 21 28 2 83 45 85 61 35 69 43 71 7 15 5 4 4 71 20 33 87 11 
86 35 38 25 5 58 29 2 96 85 23 75 87 57 71 23 69 6 91 12 28 97 78 33 52 81 55 72 65 42 82 3 76 71 27 33 28 7 34 76 91 8 50 29 16 21 52 85 78 42 48 5 91 25 
89 94 57 96 65 73 37 47 75 64 69 53 96 97 59 82 72 50 41 73 30 9 93 81 93 22 75 92 27 17 68 67 10 76 62 75 48 50 73 75 66 41 27 13 37 38 94 60 39 87 33 68 95 77 
49 39 51 23 30 29 91 49 95 100 24 9 74 71 10 98 45 75 39 24 88 27 61 33 39 99 19 23 18 65 99 66 3 1 40 84 29 30 32 24 30 55 84 55 26 93 53 22 68 43 97 7 69 9 
39 7 59 10 29 77 74 80 94 29 80 34 12 9 15 96 84 96 50 67 51 27 11 55 1 78 97 49 36 65 58 75 24 68 36 4 96 9 35 90 89 15 75 1 75 89 96 10 85 97 28 87 76 38 
41 76 68 37 24 3 53 33 29 76 1 64 32 48 25 66 37 13 80 11 65 6 52 12 15 88 9 94 26 84 32 66 11 99 54 86 53 58 19 82 34 71 97 17 18 21 82 7 34 62 69 98 19 20 
62 86 59 22 79 84 5 62 1 67 60 6 52 13 64 70 46 49 92 42 65 10 63 46 16 48 59 36 97 30 56 58 15 66 79 45 2 35 7 54 53 18 60 5 82 75 26 27 75 18 21 39 27 35 
36 94 82 47 29 30 76 36 40 42 54 70 38 55 5 44 8 57 14 19 13 95 93 39 74 67 56 94 57 34 28 45 79 61 91 59 42 18 95 81 11 48 51 48 54 7 44 61 15 57 80 28 51 24 
66 24 91 73 69 99 6 48 43 84 60 85 42 2 2 88 82 12 87 84 60 40 90 3 53 57 11 84 84 61 7 1 37 49 73 5 100 78 53 42 13 64 27 6 65 28 46 99 92 32 82 51 24 24 
5 28 80 15 11 15 27 69 15 63 70 39 20 69 68 24 10 80 87 88 37 52 68 82 50 59 66 83 61 41 58 17 68 37 83 30 3 9 50 69 24 19 7 95 39 74 18 49 5 4 88 42 7 55 
75 8 65 92 91 25 32 100 93 51 89 75 80 91 36 82 60 11 100 18 5 39 44 22 39 48 77 78 41 84 33 68 91 97 59 33 74 91 33 18 41 73 93 73 63 80 54 74 90 5 44 94 43 87 
15 33 86 91 11 27 26 95 46 69 43 4 1 68 94 85 86 87 57 78 59 72 57 64 97 98 68 40 91 63 78 57 95 64 99 57 42 25 51 87 93 46 90 45 13 36 30 98 22 38 27 32 61 35 
95 10 32 62 1 74 24 79 30 71 94 29 27 35 53 30 21 97 27 62 41 39 97 22 89 70 12 67 1 24 54 47 33 37 9 34 11 84 64 40 54 57 20 33 91 24 14 63 20 40 24 13 30 73 
34 70 42 97 37 95 21 42 41 53 78 1 38 88 85 1 80 90 9 51 22 51 75 87 65 46 26 41 58 8 13 44 77 6 40 65 100 60 58 93 65 36 93 2 75 77 55 6 19 15 57 40 66 83 
79 30 28 56 70 38 63 34 81 92 40 72 8 39 32 66 31 96 53 76 49 27 4 3 85 22 18 41 14 35 23 92 16 2 47 38 39 62 71 71 5 10 43 12 1 26 29 83 21 33 10 69 60 14 
24 96 35 93 36 48 79 10 91 94 63 38 31 54 51 54 24 55 15 18 18 67 43 47 2 15 79 11 84 90 24 59 85 59 3 72 58 81 33 49 74 96 38 57 1 88 10 24 42 76 94 59 43 36 
57 44 51 36 54 86 77 30 96 14 88 98 85 97 78 70 45 3 17 82 59 17 21 20 92 62 48 85 73 90 21 29 85 23 16 38 8 45 19 3 58 6 52 94 55 29 63 99 31 79 33 42 47 5 
13 39 19 60 23 91 49 95 71 33 69 39 23 28 35 41 82 92 99 33 37 53 61 52 3 44 30 87 85 29 92 97 67 10 57 41 52 57 88 74 42 56 64 16 84 98 8 65 41 58 98 78 10 10 
29 65 53 10 3 89 38 46 38 56 7 46 97 10 2 84 84 95 91 47 10 74 45 18 91 37 75 40 14 37 49 94 53 54 4 7 94 93 53 31 49 11 76 97 21 30 32 4 24 22 2 86 48 98 
55 38 35 81 29 48 69 29 42 73 34 97 80 28 89 84 58 89 94 86 85 14 15 16 17 90 90 19 27 37 16 81 26 2 62 54 50 82 82 43 55 16 39 34 95 79 69 4 68 62 89 52 76 55 
20 44 97 9 14 23 45 30 56 22 83 69 75 32 50 8 74 4 75 64 89 69 43 57 73 10 71 13 13 46 20 32 89 16 92 3 90 88 84 45 9 66 13 35 50 63 43 75 18 17 39 59 38 81 
67 10 42 37 74 54 34 93 38 23 8 81 77 50 69 60 94 77 77 7 64 26 21 6 1 90 74 91 100 63 23 67 24 64 55 98 69 89 90 58 11 50 39 39 99 7 98 44 35 26 50 98 52 22 
55 4 12 81 94 11 43 16 29 67 79 84 16 99 24 5 57 86 6 47 24 56 53 73 100 39 98 1 89 49 75 95 52 38 75 97 100 70 12 29 36 42 64 51 41 39 7 49 24 65 95 47 72 99 
19 23 89 68 24 29 17 50 24 20 87 50 17 86 19 80 66 6 22 81 8 14 19 67 14 94 83 60 40 54 10 10 77 98 78 52 27 46 1 2 65 39 51 33 24 22 13 42 79 86 22 39 99 93 
5 12 86 87 71 78 40 80 39 68 29 68 19 7 65 71 8 30 9 11 14 85 84 78 26 62 63 99 100 61 43 56 24 29 94 46 58 34 77 96 53 6 16 24 64 80 94 72 61 55 34 75 39 17 
52 16 30 67 66 82 27 9 37 3 37 31 48 46 16 25 93 68 82 8 43 45 40 37 68 100 91 53 26 81 21 30 96 51 96 61 84 74 69 20 76 57 2 24 54 17 100 47 37 33 6 31 29 45 
67 49 97 9 1 74 41 74 3 36 76 50 49 59 24 69 30 51 78 32 74 31 100 25 29 88 57 35 19 38 31 37 86 27 98 38 1 38 11 55 26 86 5 74 44 80 94 74 30 71 57 56 54 56 
80 82 96 89 68 14 26 99 50 63 77 47 100 77 37 63 84 62 48 88 87 44 19 80 69 48 3 25 55 56 32 35 89 27 75 57 92 52 55 94 66 31 92 65 60 28 79 43 89 79 82 75 22 100 
7 42 99 9 18 54 16 1 40 4 80 66 12 71 69 66 64 34 49 56 50 60 83 29 2 24 7 35 50 80 86 8 21 84 16 90 89 83 90 80 39 69 45 50 92 13 68 55 46 16 10 96 75 45 
76 28 20 82 62 21 61 99 29 33 82 44 22 23 79 63 2 17 84 99 66 75 63 33 29 9 100 91 56 26 87 31 53 6 64 66 26 24 64 6 8 98 2 81 72 80 43 25 96 78 23 13 52 86 
46 33 46 45 75 1 23 13 83 75 18 46 93 95 21 8 1 28 57 2 8 28 33 2 53 28 32 75 92 35 12 37 67 57 34 93 9 56 5 91 82 74 88 26 21 60 34 73 87 90 26 46 70 58 
100 22 37 31 48 28 65 12 17 84 68 2 28 77 9 33 19 90 58 59 16 78 18 1 50 57 90 27 2 11 36 53 32 72 83 32 52 100 43 20 35 62 21 62 90 29 94 61 70 52 19 37 81 88 
37 83 44 79 9 98 89 45 2 73 68 37 4 71 36 98 90 70 59 62 31 49 42 77 9 12 80 79 48 60 66 37 94 62 15 55 11 3 51 12 75 18 48 78 41 83 27 82 4 86 44 87 34 85 
15 94 48 94 72 48 5 89 84 99 50 98 5 60 100 55 72 27 24 19 56 64 54 83 46 57 68 41 95 53 77 9 98 25 2 69 24 59 57 59 9 7 56 13 18 7 67 89 85 90 60 41 6 13 
23 51 21 42 43 68 94 19 76 91 95 30 11 18 88 19 28 48 25 83 60 95 42 78 83 26 67 94 18 24 58 40 26 79 81 68 46 26 87 73 68 33 2 30 3 41 49 30 88 25 65 99 19 58 
76 54 83 95 47 53 18 5 92 44 35 25 11 32 2 49 56 22 82 58 51 36 50 51 65 90 76 81 88 46 38 64 99 73 58 98 25 75 54 16 18 40 92 81 71 94 29 26 67 62 35 17 49 37 
68 14 26 95 46 13 40 84 76 91 56 85 88 80 60 93 47 29 32 39 61 54 84 90 31 50 3 18 18 52 54 85 17 79 31 62 43 71 97 71 13 52 55 52 31 66 44 78 47 27 68 7 80 51 
1 1 1 0 0 0 1 1 1 1 1 1 0 0 1 1 0 1 0 0 0 1 0 1 0 0 1 1 0 0 1 0 0 0 0 0 0 1 0 1 0 1 1 0 1 0 1 1 0 0 0 0 1 0 
0 1 0 1 0 0 0 1 0 0 1 0 0 1 1 0 1 1 0 0 0 1 0 1 1 0 1 1 1 0 1 1 1 1 0 1 1 0 0 0 0 1 0 1 1 0 1 0 1 1 0 1 1 0 
1 0 1 0 1 0 1 0 1 0 1 1 0 0 0 0 0 0 0 1 1 1 1 1 1 0 0 1 0 1 1 1 1 0 1 0 0 0 0 1 1 1 1 1 0 1 1 0 1 1 1 1 0 0 
0 1 1 0 0 1 0 0 0 1 0 1 0 1 0 0 0 1 0 1 0 0 0 1 0 0 1 0 1 1 0 1 1 1 1 1 0 1 1 0 1 0 0 1 1 0 1 1 1 1 1 1 1 1 
0 0 1 1 0 0 1 0 1 0 0 1 1 0 0 1 1 1 1 1 0 0 1 0 1 0 1 0 1 1 0 1 1 1 1 1 0 0 1 1 0 1 0 1 0 1 0 1 0 1 0 1 1 1 
1 1 1 0 1 0 1 1 1 0 1 0 1 1 0 1 0 0 0 1 0 0 0 0 1 0 0 1 1 1 0 0 0 1 1 0 1 0 1 1 1 0 1 0 1 0 1 0 0 0 1 0 0 1 
1 0 1 1 1 1 0 0 1 1 1 0 1 1 1 0 0 0 1 1 0 0 1 0 0 0 0 1 0 0 0 1 0 0 0 0 1 1 0 0 0 1 1 1 0 0 1 0 0 0 0 0 1 1 
0 1 1 0 1 0 1 1 1 1 1 0 1 0 1 1 1 1 1 0 0 1 0 1 0 0 0 0 0 1 1 1 0 1 1 1 1 0 1 0 0 0 0 1 1 1 1 0 0 0 0 0 1 0 
0 1 0 0 1 0 1 1 1 1 0 1 1 1 1 0 1 1 0 0 1 1 1 0 1 0 0 1 0 1 1 0 1 1 0 0 0 1 1 1 1 1 0 0 0 0 0 0 1 0 0 0 0 1 
0 1 1 0 1 0 0 0 0 1 0 1 1 0 0 1 1 1 0 0 1 1 0 1 1 1 0 1 0 0 0 0 1 0 1 0 0 1 1 0 0 1 1 1 1 0 0 0 1 1 0 1 0 0 
0 1 0 0 0 0 0 0 0 0 0 1 0 0 0 1 1 0 0 0 0 1 0 0 0 0 1 0 1 1 1 1 0 1 0 0 1 0 1 1 0 1 1 1 0 1 0 1 0 1 1 0 0 0 
0 0 0 0 1 1 1 0 0 0 1 0 0 0 1 1 1 1 1 0 0 1 0 1 0 0 0 1 0 0 1 0 1 1 0 0 0 0 0 1 0 1 1 0 1 0 0 0 0 1 1 0 0 1 
1 0 1 1 1 1 0 1 1 1 0 0 1 1 0 1 0 0 0 1 0 1 0 0 1 0 1 0 0 1 1 0 1 0 1 1 1 1 0 1 0 0 1 1 1 1 0 1 1 0 1 1 1 1 
0 1 1 1 1 1 1 1 1 0 1 1 1 1 0 1 0 1 0 1 0 1 0 1 1 1 1 0 0 1 1 0 0 0 0 1 1 1 0 1 1 0 0 1 1 0 0 1 1 0 0 0 0 0 
1 1 1 0 1 1 1 0 0 1 0 0 1 1 1 1 0 0 1 0 1 0 1 0 1 0 0 1 0 0 1 1 1 0 0 0 0 1 0 0 1 0 0 0 0 1 1 0 1 1 1 1 1 0 
1 1 0 1 0 1 0 0 0 1 0 0 0 0 0 0 0 1 1 0 1 1 1 0 1 1 1 0 0 1 0 1 0 1 0 0 0 0 0 0 0 1 1 0 1 1 0 0 0 1 0 1 0 0 
1 0 1 1 0 1 0 1 0 0 0 0 0 0 1 1 0 1 0 1 1 1 0 1 1 0 1 0 1 1 0 1 1 1 0 0 0 0 1 0 0 1 0 0 1 1 1 1 0 1 1 1 1 1 
1 0 0 0 0 1 1 0 0 1 1 0 1 1 0 0 1 0 1 0 1 0 1 0 1 0 0 0 1 1 0 0 1 0 0 0 1 0 0 0 1 0 0 0 1 1 0 1 1 1 1 0 1 0 
1 0 0 1 1 0 0 1 0 1 1 1 1 0 1 0 0 0 0 1 0 1 0 0 0 1 1 1 0 0 0 1 0 0 0 1 0 0 0 1 1 1 0 1 0 1 1 0 1 1 1 1 0 1 
1 1 1 0 0 1 0 0 0 0 1 0 0 1 0 0 0 1 0 0 0 0 1 1 0 0 0 0 1 1 1 0 0 0 0 0 1 0 1 1 1 0 1 1 1 1 1 0 1 1 0 1 1 0 
1 0 0 1 0 0 0 1 0 0 0 1 1 1 1 0 1 0 0 0 1 1 0 1 1 1 0 0 0 0 0 1 0 0 1 0 0 1 1 1 0 1 0 1 1 1 1 0 0 1 0 1 0 0 
0 0 1 1 0 0 1 0 1 1 0 0 1 1 0 0 0 0 0 0 1 1 1 0 1 1 1 1 1 1 0 1 1 1 0 1 1 1 1 1 0 0 1 1 1 1 0 1 1 0 1 0 1 0 
0 0 0 1 1 1 1 1 0 0 1 1 0 0 0 1 1 1 1 1 0 0 0 0 1 0 0 0 0 1 1 1 1 1 0 1 0 1 0 0 0 1 1 0 0 0 1 1 1 1 0 1 1 1 
0 1 1 0 1 1 0 0 0 1 1 1 0 1 0 1 0 0 0 1 0 0 1 0 0 0 1 0 0 0 1 0 1 0 0 1 0 0 1 0 0 1 1 0 0 0 1 0 0 0 0 1 0 1 
1 0 0 0 1 0 0 0 0 0 1 0 1 1 1 0 1 1 1 1 1 0 1 1 0 1 1 0 0 1 0 1 0 0 1 1 0 0 1 0 0 0 0 1 1 1 1 1 0 1 0 0 1 1 
1 1 0 0 0 1 1 0 0 1 0 0 0 0 0 0 0 0 0 0 1 0 0 0 1 0 1 1 0 0 0 1 0 0 1 0 1 1 0 0 0 0 0 1 0 0 1 0 0 1 0 1 1 0 
1 0 1 1 1 1 1 1 1 1 0 0 1 1 1 1 1 0 1 1 1 1 1 0 1 1 1 0 0 1 0 0 1 1 1 1 1 0 0 0 0 0 0 1 0 0 1 1 0 0 1 1 0 0 
1 1 0 0 1 0 1 0 0 1 1 1 0 0 0 0 0 0 1 1 1 1 1 0 0 1 1 1 0 1 0 1 0 0 1 0 0 1 0 1 0 1 0 0 0 0 0 0 0 1 1 0 0 0 
0 1 1 1 0 1 0 0 0 1 0 0 1 1 1 1 0 1 0 0 1 0 1 1 1 1 1 0 1 1 1 0 0 0 1 1 0 0 1 0 1 0 0 0 1 1 1 1 0 1 1 1 0 0 
1 1 0 0 1 1 1 0 1 0 1 1 1 1 1 0 1 0 0 0 0 1 1 1 0 0 0 0 1 0 0 0 1 0 0 1 0 0 1 1 0 0 0 1 1 1 1 1 1 0 1 1 1 0 
0 0 0 1 0 0 1 0 0 1 1 1 0 1 1 1 0 1 0 1 0 1 0 1 0 0 1 1 1 1 0 0 1 0 1 1 0 0 1 1 1 0 0 1 1 1 1 0 0 1 1 0 0 1 
1 1 1 1 0 1 0 0 1 1 1 0 0 1 0 1 0 0 0 0 1 1 1 0 1 1 1 0 1 0 0 1 1 1 0 1 0 0 0 1 1 1 1 1 0 0 0 1 0 0 1 1 0 1 
0 1 0 1 0 0 1 0 1 0 1 1 0 0 1 0 1 0 1 1 1 1 1 1 0 1 0 0 0 0 1 0 1 1 0 1 1 1 1 0 0 1 1 0 1 0 0 0 0 1 1 1 0 0 
1 1 1 1 1 0 1 0 0 0 1 0 0 1 0 1 1 0 0 1 0 1 1 0 0 0 1 1 1 1 0 0 0 1 1 1 1 0 1 0 1 1 0 1 0 0 0 1 0 1 0 0 0 0 
0 0 0 1 0 1 1 0 0 1 1 1 1 1 0 0 1 1 1 1 0 1 0 0 1 0 1 1 1 0 1 1 0 1 1 0 1 0 0 1 1 0 0 0 1 0 1 0 1 0 1 1 0 1 
0 1 0 1 0 1 1 0 0 0 1 1 0 0 1 1 1 1 1 0 1 0 0 0 0 0 1 1 1 1 1 1 0 1 1 0 0 0 0 0 0 0 0 1 0 1 0 0 0 1 0 0 1 0 
0 1 0 1 0 0 0 1 1 0 0 0 1 0 1 1 1 1 1 1 0 0 0 0 0 1 1 0 1 0 0 1 1 1 1 0 1 1 1 0 0 0 1 1 0 0 0 1 1 0 0 0 0 1 
0 0 0 0 0 1 0 0 0 0 1 1 0 0 1 1 1 1 1 0 0 0 0 0 1 1 0 0 1 0 1 0 0 1 0 0 0 0 1 0 0 0 0 0 1 1 0 0 0 1 0 0 1 0 
0 1 1 1 1 1 1 0 1 0 1 1 0 1 1 1 1 0 0 1 0 1 0 0 1 0 0 1 0 1 1 1 0 0 0 1 1 1 1 0 1 0 1 0 1 1 1 1 1 1 0 1 0 1 
0 1 1 0 0 0 1 1 1 0 0 1 1 1 0 1 0 0 1 1 0 1 0 1 0 1 1 0 1 1 1 1 1 1 1 1 1 0 1 0 0 1 1 0 0 1 1 0 1 0 0 1 1 0 
1 1 0 0 0 1 1 1 0 0 0 1 0 1 1 1 1 0 0 0 0 0 0 1 1 1 1 1 1 1 1 0 0 1 0 0 0 1 0 0 0 0 1 0 0 1 1 1 1 1 0 1 1 0 
0 0 1 1 1 0 0 1 0 1 0 0 1 1 0 1 1 0 0 1 0 0 0 1 1 1 0 1 0 1 1 0 0 1 1 1 1 0 0 0 1 1 0 0 0 0 0 1 0 0 0 0 0 0 
1 1 1 1 1 1 1 0 1 1 1 1 0 1 1 1 1 0 0 1 0 0 0 0 1 0 0 0 1 0 0 0 0 0 0 1 1 1 1 1 0 1 0 0 0 1 1 1 1 1 0 1 1 0 
0 1 1 0 1 0 1 1 0 1 1 0 0 1 1 1 0 1 0 0 0 0 1 1 1 0 1 0 1 0 0 1 1 1 0 0 1 1 0 0 0 1 0 0 0 0 1 0 1 0 0 1 0 1 
1 0 1 0 0 1 0 0 0 0 0 0 0 1 1 0 1 1 0 0 1 0 0 1 1 1 1 1 1 1 1 0 1 0 0 1 1 0 0 0 0 0 0 1 1 0 1 1 1 1 1 1 0 1 
0 1 0 1 0 1 0 1 1 0 0 1 1 1 0 1 1 0 1 0 1 1 0 1 0 1 0 1 0 0 0 0 1 0 1 0 0 0 1 1 0 1 1 1 1 1 1 0 1 0 0 1 1 0 
0 1 0 0 0 0 1 0 1 0 1 0 0 1 0 0 0 0 1 1 0 0 0 1 1 0 1 1 1 1 0 1 0 0 1 1 0 0 1 1 1 0 0 1 1 0 1 0 1 1 1 1 1 0 
0 0 0 1 0 1 0 0 0 1 0 1 0 0 0 1 0 1 0 0 0 1 0 0 1 1 1 1 0 0 1 0 1 1 0 1 0 0 1 0 1 1 1 1 1 1 1 1 0 1 1 1 0 0 
1 0 1 0 1 0 0 0 0 1 1 0 0 1 1 1 1 0 0 0 0 0 0 1 1 0 0 1 1 0 1 0 0 0 0 1 0 1 1 1 0 0 1 1 1 0 0 0 1 1 1 1 1 1 
0 0 1 0 1 1 0 0 1 1 1 0 0 1 1 0 0 1 0 0 0 0 0 1 0 1 0 1 0 1 0 0 1 0 0 1 1 1 1 0 0 0 0 0 0 1 0 0 1 1 0 1 1 1 
0 1 0 0 1 1 1 1 1 1 1 0 0 0 1 1 1 1 0 1 1 0 1 0 0 0 1 1 1 0 0 0 1 0 0 0 1 0 0 1 1 1 1 1 0 0 0 1 1 0 0 0 0 1 
0 1 1 1 0 1 1 0 1 1 0 1 1 0 1 1 1 0 1 0 1 1 0 0 0 1 0 0 1 1 0 0 0 1 1 0 0 1 0 1 0 0 1 1 0 0 1 1 1 0 1 0 1 1 
0 1 0 1 1 0 0 1 0 0 1 1 0 1 0 0 1 0 0 0 0 1 0 1 0 1 1 0 0 0 1 0 1 0 1 0 0 1 0 0 1 1 1 1 0 0 1 1 0 0 1 0 1 0 
1 1 1 0 1 1 0 1 0 1 1 1 0 1 1 0 1 0 1 0 0 1 0 1 1 1 1 0 1 0 0 1 0 0 1 1 1 0 0 1 1 1 1 1 0 0 1 1 0 0 0 0 0 0 
0 1 1 1 1 1 0 0 0 0 0 1 1 1 1 0 1 1 1 0 0 0 0 0 1 0 0 1 1 0 0 1 1 1 0 1 0 0 1 0 0 1 0 0 0 1 0 1 0 1 1 1 1 1 
1 1 0 1 0 1 0 0 0 1 0 0 0 0 1 1 1 1 0 1 1 1 0 1 0 1 1 0 0 0 1 1 1 1 0 0 0 0 0 0 0 0 1 0 1 0 0 0 1 0 1 1 1 1 
0 0 0 1 0 0 0 1 1 1 1 0 1 1 0 0 0 0 0 1 1 1 1 1 1 0 1 0 1 1 0 0 1 0 1 1 1 1 0 0 1 1 0 0 1 1 0 1 1 1 0 0 0 1 
1 0 1 1 0 1 0 0 1 1 1 0 0 0 0 0 0 1 0 1 1 1 0 0 0 1 1 0 0 1 1 1 1 0 0 0 1 0 0 0 1 1 1 1 1 1 0 0 0 0 1 1 1 1 
1 1 0 0 1 0 0 0 0 1 0 0 1 0 1 0 0 0 1 1 0 1 0 0 1 0 0 0 0 1 1 1 0 1 0 1 0 0 1 0 1 1 0 1 1 1 1 0 0 0 1 0 1 0 
0 0 0 0 0 0 1 1 0 1 1 0 0 1 0 1 1 1 0 1 0 0 1 1 0 1 0 1 1 1 1 1 0 0 1 0 0 0 0 0 1 1 0 1 0 0 0 1 0 0 0 0 0 1 
0 0 0 0 0 1 1 1 0 1 1 1 0 0 1 0 0 0 1 1 1 1 1 1 0 1 0 0 0 0 0 0 1 0 0 1 0 1 0 0 1 0 0 1 0 1 1 0 0 0 1 1 1 1 
1 1 0 1 1 0 1 1 0 0 0 0 1 0 0 0 0 1 0 0 0 0 0 1 0 0 1 0 1 0 1 0 1 1 1 0 0 1 0 0 1 0 1 1 0 1 1 0 0 1 1 0 1 1 
1 1 1 0 1 0 0 0 1 1 0 0 1 0 1 1 0 1 1 1 0 1 0 1 0 0 0 1 0 1 0 1 0 1 1 0 1 1 0 0 0 0 1 0 0 0 1 1 1 1 0 1 0 1 
0 0 1 0 1 0 1 1 1 0 0 1 0 0 0 0 0 1 1 1 1 1 0 0 0 1 1 1 1 0 0 1 0 1 0 0 1 1 1 1 1 0 0 1 0 0 0 0 1 1 0 0 0 0 
1 1 1 0 0 0 0 0 0 1 1 0 1 1 1 0 0 1 0 0 0 0 0 0 1 0 1 1 0 0 1 1 1 0 0 1 1 0 1 1 1 0 1 0 1 0 1 1 1 1 1 0 0 0 
0 1 0 0 0 0 0 1 0 1 1 0 0 0 0 1 1 0 1 0 0 1 1 1 0 0 1 0 0 1 0 1 0 0 1 0 0 1 1 0 0 0 0 0 1 1 1 0 1 0 1 1 1 0 
1 0 0 0 0 1 1 0 0 1 0 1 1 0 0 0 1 0 0 1 0 1 0 1 0 1 1 1 1 1 1 0 1 1 0 1 0 1 1 0 0 1 1 1 1 1 1 0 1 1 0 1 1 0 
0 1 0 0 0 1 1 1 1 0 0 1 1 1 0 0 1 0 1 1 1 0 0 0 1 0 1 1 1 0 1 0 1 1 0 1 0 1 0 1 1 1 0 0 0 0 0 1 0 1 0 1 1 1 
1 0 1 1 1 0 1 1 0 1 0 0 0 1 1 1 0 0 0 1 0 0 1 0 1 0 1 0 1 1 1 1 1 0 0 1 0 1 0 1 0 0 1 1 1 1 0 0 1 0 1 0 0 0 
0 1 0 0 1 0 1 0 1 0 0 1 1 1 0 1 0 1 0 1 0 1 0 0 1 0 0 0 0 0 1 0 1 1 0 1 1 1 1 0 0 0 1 1 1 0 1 1 1 1 0 1 0 1 
