49 48 472
86 13 85 4 21 7 32 25 48 84 64 94 54 46 97 31 27 65 13 45 61 57 18 98 9 86 35 82 31 100 18 69 12 2 24 85 60 55 9 59 90 72 52 43 69 48 73 48 
64 38 92 76 94 62 73 2 47 8 84 29 59 53 97 70 6 21 6 17 75 66 75 17 90 78 59 58 77 84 57 40 21 49 15 66 62 87 67 8 46 2 88 56 54 85 78 11 
5 83 27 31 49 1 99 38 30 58 47 6 93 4 45 65 4 11 30 17 50 96 76 95 98 63 3 3 47 80 66 3 62 92 86 62 45 84 51 74 93 98 32 85 53 76 49 8 
87 30 24 36 26 99 82 75 61 36 29 60 15 94 62 29 38 99 90 82 83 41 7 75 90 38 12 94 66 12 53 4 42 28 91 19 78 24 45 38 60 25 49 74 19 63 2 8 
61 44 41 95 36 47 22 77 37 33 70 54 96 74 57 89 1 99 59 78 22 3 67 81 28 16 7 98 78 60 5 90 3 45 85 90 43 58 66 31 42 87 84 37 60 92 78 12 
90 36 89 64 39 56 96 18 23 2 67 52 14 71 41 16 67 77 58 61 34 23 92 75 62 27 64 21 19 41 33 60 28 73 75 18 28 71 35 2 24 53 53 37 75 46 53 41 
74 62 54 8 84 45 34 45 71 49 18 41 41 2 53 69 74 27 86 54 49 73 7 73 25 60 9 100 5 13 92 78 74 45 37 10 89 23 6 12 23 23 4 64 76 8 32 2 
35 17 7 83 41 13 55 66 24 16 65 28 28 56 58 2 53 46 11 41 20 16 4 43 91 60 6 18 67 37 71 53 5 77 88 98 42 94 63 65 9 79 93 37 86 2 90 38 
99 52 31 19 19 86 61 61 45 18 79 64 54 49 16 10 78 3 7 19 49 21 83 57 99 27 45 37 28 34 74 79 37 4 97 56 42 9 16 86 26 46 1 31 95 17 40 72 
71 99 42 19 71 24 28 22 51 72 58 30 58 31 8 46 87 4 1 28 12 69 65 37 14 66 67 60 34 59 83 56 9 24 27 79 48 54 100 50 77 57 79 86 40 87 32 26 
90 84 5 54 52 21 42 18 86 9 77 71 19 60 27 79 35 53 57 34 58 9 83 34 17 62 20 56 48 51 33 89 34 89 94 38 10 36 55 95 96 83 18 66 42 44 44 29 
96 52 62 53 60 97 38 29 10 9 36 9 11 69 97 97 9 43 34 18 78 88 65 73 70 82 38 64 25 81 44 72 84 57 76 44 53 13 72 62 22 59 22 32 27 19 28 36 
61 13 5 90 52 69 14 74 50 51 89 26 83 32 97 66 88 72 61 93 37 84 6 10 43 28 93 21 98 73 8 10 85 13 99 37 81 64 10 83 66 98 8 48 81 57 65 20 
80 78 64 68 13 70 77 55 49 70 28 98 42 35 7 78 99 57 14 32 20 75 66 37 24 73 84 4 81 100 76 61 29 39 28 42 60 57 48 8 26 27 5 19 14 63 96 12 
71 62 95 42 88 60 78 12 85 13 67 65 65 42 77 93 81 5 86 40 13 86 100 38 12 56 8 25 71 55 89 41 16 83 35 56 43 64 67 79 77 33 43 93 27 20 37 59 
76 23 98 88 60 97 77 71 5 36 48 75 90 36 67 58 18 1 13 12 65 31 90 93 15 85 37 41 56 73 99 83 47 49 22 6 97 98 29 1 85 76 75 74 11 42 83 80 
94 95 92 58 25 33 2 40 17 38 32 24 63 31 6 61 31 27 19 27 76 47 28 60 74 2 34 84 95 16 15 89 63 6 98 39 91 100 30 59 89 62 83 3 44 88 64 74 
15 34 100 42 80 79 2 53 33 87 88 27 54 2 67 16 60 65 7 2 16 36 60 56 97 42 59 40 82 74 65 48 7 17 89 38 95 90 42 79 76 29 6 82 82 24 97 41 
88 3 42 55 39 54 11 87 95 21 79 28 94 95 75 52 11 64 89 58 53 30 36 81 10 93 62 91 17 10 84 56 65 77 11 55 30 21 41 77 41 19 4 86 14 79 37 76 
94 77 33 46 58 21 78 67 13 91 9 81 1 44 89 65 21 99 19 2 71 11 30 63 82 34 48 47 64 36 22 57 64 7 54 21 27 84 87 91 74 47 24 74 91 12 90 11 
62 60 64 32 71 94 94 52 79 93 50 42 80 71 50 43 77 55 63 55 38 1 98 12 47 21 37 89 32 27 51 45 38 15 76 60 8 21 63 38 65 12 79 44 83 80 38 11 
34 52 18 24 52 15 35 50 87 71 39 70 49 41 14 39 55 89 98 14 61 61 51 25 72 81 20 6 60 9 69 46 60 86 69 63 52 55 64 38 77 54 7 78 95 20 16 49 
60 13 63 20 73 65 96 97 46 67 2 57 75 70 2 34 7 22 48 58 76 11 47 5 65 53 82 59 24 97 59 35 61 73 6 86 38 1 82 83 19 35 39 93 57 93 78 63 
66 25 73 94 88 71 98 52 76 79 62 99 27 20 86 87 93 91 72 82 44 5 64 62 40 54 7 48 98 84 10 16 61 34 9 48 57 58 51 32 36 64 82 14 35 67 100 79 
58 24 60 1 28 23 62 19 29 20 66 78 4 28 93 16 61 1 15 69 58 65 100 45 80 82 58 14 48 10 93 57 33 52 57 12 27 71 31 55 90 96 32 45 23 77 12 36 
77 26 4 87 42 4 83 21 37 93 35 84 2 79 41 86 30 49 97 8 71 27 62 61 75 46 57 97 22 69 84 50 94 88 88 88 43 23 8 79 15 94 14 68 24 6 53 54 
55 1 61 77 28 75 89 2 72 46 50 45 66 34 46 11 73 86 98 67 8 58 97 22 51 62 41 75 68 93 80 74 93 92 50 72 18 39 25 41 36 27 85 1 12 83 11 36 
68 9 2 75 18 50 48 68 11 88 94 30 32 25 55 76 69 57 100 38 95 24 79 82 2 15 82 13 97 44 48 64 4 1 90 21 50 37 41 13 76 86 94 7 63 49 35 31 
5 34 20 51 9 50 84 11 65 17 75 13 60 23 29 16 75 18 36 77 7 28 89 82 14 34 41 76 82 27 58 38 12 29 40 20 79 23 82 43 39 57 7 51 31 35 66 5 
5 1 81 63 81 21 96 94 55 88 21 88 14 30 78 25 58 17 97 36 40 78 30 30 86 37 80 16 23 45 73 79 98 53 41 78 26 37 23 32 76 95 19 90 24 96 14 81 
65 10 17 56 40 98 85 25 86 65 41 9 61 13 39 10 17 32 39 94 20 61 25 95 7 96 84 30 43 50 11 7 11 79 62 50 28 47 27 14 63 19 74 75 83 12 37 99 
43 75 45 62 88 69 57 94 64 92 24 7 41 86 13 4 16 27 5 43 25 31 56 39 49 29 13 31 93 49 82 35 76 26 49 63 94 57 56 10 48 31 16 41 16 80 44 83 
58 100 26 82 31 81 20 79 62 85 62 54 85 43 88 12 20 88 74 13 44 82 74 92 64 41 84 32 21 79 14 78 78 39 12 8 72 83 39 33 19 100 86 56 94 73 67 13 
61 41 77 56 74 51 47 37 91 82 68 63 60 34 93 38 72 56 97 43 38 35 75 9 86 60 64 31 85 30 43 97 22 72 52 47 74 51 36 16 32 55 31 44 88 75 81 60 
30 77 54 19 64 81 27 49 40 90 80 76 72 74 24 45 97 28 92 22 78 79 38 61 33 20 4 21 94 36 32 23 13 85 41 28 65 20 28 57 61 7 84 32 33 8 29 81 
35 72 3 64 50 92 24 82 63 80 2 56 15 33 30 79 70 70 6 86 41 34 94 2 92 78 85 76 37 13 9 23 84 63 86 85 54 61 67 16 92 20 23 7 5 52 37 74 
73 95 11 14 80 5 15 71 34 99 99 70 64 7 92 99 69 29 84 74 41 50 41 33 21 63 39 25 66 27 50 38 21 61 51 100 17 17 23 50 68 21 71 31 79 14 29 47 
42 64 72 82 65 12 14 86 26 4 10 91 31 12 28 3 24 31 3 40 47 25 41 66 97 11 96 75 24 77 73 17 92 44 50 57 55 16 42 80 71 3 70 53 14 49 56 37 
79 58 28 78 34 68 43 30 78 91 4 53 19 76 21 10 71 23 18 25 38 59 56 8 62 77 61 27 25 16 64 56 25 91 85 58 59 79 39 88 21 94 93 39 21 65 1 91 
87 18 67 24 29 22 84 42 50 96 68 26 11 31 81 87 74 17 96 84 96 34 23 68 79 67 59 99 32 59 89 18 28 7 94 8 28 77 49 29 72 17 54 34 99 87 72 24 
3 67 7 50 52 82 18 30 48 76 80 79 86 20 97 65 26 90 73 5 18 21 33 41 37 86 26 88 72 97 11 75 15 18 76 66 99 93 47 46 68 26 77 5 45 73 70 22 
14 42 26 83 62 58 23 51 95 48 38 67 96 48 93 10 17 68 27 15 61 73 13 80 50 89 85 46 13 54 67 78 47 44 60 8 1 34 10 95 33 47 13 28 47 5 89 63 
25 15 30 37 39 42 16 40 82 52 85 46 57 3 23 3 46 34 63 98 67 72 44 51 71 57 78 17 13 18 79 37 84 8 73 22 1 41 61 34 44 97 79 1 99 1 55 44 
86 69 41 52 93 84 2 63 92 31 31 5 100 61 93 83 69 18 4 21 58 16 55 1 12 85 53 62 38 60 5 23 80 97 27 72 33 28 86 76 11 16 32 10 77 25 93 97 
42 48 69 51 16 75 3 79 60 56 41 97 67 97 71 46 46 97 70 78 77 55 5 87 23 37 48 51 61 92 47 2 92 15 4 7 90 6 85 1 13 77 49 79 74 19 77 19 
16 46 48 44 52 52 30 74 40 29 76 100 73 22 53 64 89 56 22 30 62 58 82 74 35 30 5 60 48 81 30 15 78 77 58 81 80 39 7 20 68 82 71 92 4 76 7 44 
83 28 25 44 37 6 70 23 35 26 34 34 58 63 49 87 91 6 67 23 45 73 42 64 55 64 7 10 39 13 53 22 92 29 17 28 34 38 3 20 15 36 53 72 99 1 58 89 
59 25 11 55 49 4 70 3 20 76 12 10 88 16 83 79 44 52 58 29 41 60 48 56 48 1 27 46 53 37 86 63 13 49 17 61 4 86 64 23 13 27 85 100 43 67 30 38 
18 40 67 59 51 66 14 98 66 92 95 71 80 81 33 44 81 2 5 84 87 20 59 100 98 43 51 92 61 33 30 79 72 48 89 22 13 2 20 79 45 14 1 77 46 85 20 78 
1 1 1 0 0 1 1 0 1 1 1 1 1 0 1 0 1 1 0 0 0 1 0 1 0 0 1 0 0 0 1 0 0 0 0 0 1 1 0 0 0 0 0 0 0 1 0 0 
1 0 0 1 1 0 0 0 0 1 0 0 0 1 0 0 0 0 0 1 1 1 0 0 1 0 0 1 1 0 1 0 1 1 0 0 1 0 0 1 0 0 0 0 0 0 0 0 
1 0 1 0 1 1 0 0 1 0 0 1 1 1 1 0 1 1 0 0 0 1 0 0 1 0 0 1 0 0 1 1 0 1 0 0 0 0 0 0 1 0 1 0 0 0 0 1 
0 0 1 0 1 1 0 1 1 0 0 0 0 0 1 0 1 1 0 1 0 1 1 1 1 0 1 1 1 1 0 1 1 0 1 1 1 1 0 1 1 0 1 1 0 0 1 1 
0 0 1 0 1 0 1 0 1 0 0 0 1 0 1 0 0 0 1 0 1 1 1 0 0 0 1 0 0 0 0 0 0 1 0 1 1 1 0 0 1 0 0 0 0 1 1 1 
1 0 1 0 0 0 0 0 0 1 0 0 0 0 1 0 1 1 0 1 1 0 1 0 0 0 1 0 1 0 1 1 0 0 1 0 0 0 0 0 1 1 1 1 1 0 0 1 
1 0 0 0 0 1 1 0 1 0 0 1 0 0 0 0 0 1 1 1 1 1 1 1 0 0 0 0 0 0 1 0 0 1 0 0 0 1 0 0 1 1 1 1 1 1 0 1 
0 1 0 0 0 0 1 1 0 1 1 1 0 0 1 0 1 1 1 1 1 1 1 0 0 0 0 1 1 0 1 0 1 1 0 1 1 1 0 0 0 1 1 0 1 0 1 0 
1 0 0 0 1 1 1 0 0 1 1 1 1 0 1 0 0 1 1 1 0 0 1 1 1 0 1 1 0 0 1 0 0 1 0 0 1 1 0 1 0 1 0 1 0 0 1 0 
1 1 1 0 1 1 1 0 1 0 1 0 1 1 0 1 0 0 1 1 0 1 0 0 1 1 0 1 1 1 1 0 0 0 0 1 1 1 0 1 0 1 1 1 0 1 0 1 
1 0 0 1 1 1 0 0 0 0 1 1 1 0 1 0 1 0 1 0 1 1 1 1 1 0 0 1 1 1 0 1 1 1 0 0 0 0 1 0 0 0 1 0 1 0 0 0 
0 1 0 0 1 0 1 0 0 0 1 0 1 0 1 0 1 1 0 1 0 1 1 0 0 0 0 1 0 0 1 1 0 1 1 1 1 0 1 0 0 0 0 1 0 1 1 1 
0 0 0 0 1 1 1 1 1 1 0 0 0 1 1 0 1 0 1 0 0 0 0 1 0 0 0 1 1 0 0 0 0 1 0 1 0 1 1 0 1 1 0 1 1 1 1 0 
1 0 0 1 0 1 0 0 1 1 1 1 1 0 1 1 1 1 0 1 1 1 1 0 1 1 1 0 0 0 0 1 0 0 1 0 1 1 0 1 0 0 0 1 0 1 0 1 
0 1 0 1 0 0 1 1 1 0 1 0 0 1 1 0 0 0 0 1 0 1 0 0 1 0 0 1 1 0 0 0 1 0 1 0 0 1 1 0 1 1 0 0 0 1 0 0 
0 1 0 0 0 0 0 1 1 0 0 0 1 0 0 0 0 0 0 1 1 0 1 0 1 1 0 1 0 1 0 0 0 0 0 0 0 1 1 1 1 1 0 0 1 0 1 1 
0 1 0 1 1 1 0 0 0 0 0 1 1 0 1 1 0 0 1 0 1 0 0 0 1 0 1 0 0 0 0 1 1 0 0 1 0 0 1 0 1 1 1 0 1 1 0 1 
1 1 0 0 0 0 0 1 0 1 0 0 1 0 1 1 0 0 0 0 0 1 1 1 1 0 0 0 1 0 0 0 1 0 0 1 0 1 1 0 0 1 0 0 1 0 1 1 
0 1 0 0 0 1 0 1 1 0 0 1 0 0 1 1 0 0 1 0 1 0 0 1 1 0 1 0 0 0 1 0 1 1 1 0 0 1 1 0 1 1 1 1 1 0 0 1 
0 1 1 1 1 1 1 0 0 0 0 0 1 0 1 0 1 0 0 0 1 0 0 0 1 1 1 1 1 1 0 0 1 0 1 0 1 0 1 1 1 1 0 0 1 1 0 1 
1 1 1 0 1 1 0 0 0 1 1 1 0 0 1 1 0 1 0 1 1 1 1 0 0 1 0 0 0 1 1 1 0 0 1 1 1 1 1 1 0 1 0 0 1 0 0 1 
1 0 0 0 1 1 1 1 0 1 1 0 0 0 1 0 0 0 1 1 1 1 0 1 0 1 0 1 1 0 0 0 0 0 0 1 0 1 0 0 1 0 1 1 0 0 0 1 
1 1 0 0 0 1 0 0 0 0 1 1 0 1 1 0 0 1 1 0 1 1 0 0 1 1 1 0 0 1 1 1 1 1 1 1 0 1 0 0 1 1 1 1 1 0 1 1 
0 0 1 1 0 1 1 1 1 0 1 1 0 0 0 1 0 1 0 0 1 0 1 0 0 0 0 1 1 1 0 1 0 1 0 0 0 1 1 1 1 1 0 1 1 0 0 1 
0 1 0 1 1 1 1 1 1 1 0 0 1 0 1 1 1 1 1 0 0 0 1 0 1 0 1 1 0 0 0 0 1 0 1 0 1 1 0 1 0 0 1 1 1 1 0 0 
0 1 0 1 0 0 1 1 0 0 0 0 0 1 1 1 1 0 0 1 1 0 0 0 0 1 1 1 0 0 0 1 1 0 0 1 0 1 1 0 1 1 1 0 0 0 1 0 
0 1 1 0 1 1 0 0 0 1 1 1 1 1 0 1 0 0 0 0 1 1 1 0 1 0 0 1 0 0 1 0 1 0 0 1 1 0 1 0 0 0 1 1 0 1 0 0 
1 1 0 0 0 1 0 1 1 1 1 1 1 0 0 0 1 0 1 0 1 0 0 1 1 1 0 1 0 1 1 1 0 1 1 0 1 0 0 0 1 1 0 0 1 0 0 0 
0 0 1 1 0 1 0 1 1 1 0 1 0 1 1 0 1 0 0 0 0 0 0 1 1 0 1 1 0 0 1 1 0 0 0 0 0 1 0 1 0 0 0 0 0 1 0 1 
0 0 1 0 1 1 0 0 0 1 1 0 1 1 1 1 1 0 0 1 1 0 0 1 0 1 1 0 0 1 1 0 1 0 1 0 0 1 1 0 0 0 0 0 1 0 1 1 
0 1 0 1 1 1 0 0 0 1 0 0 0 0 1 1 0 0 0 0 1 1 0 1 1 1 1 1 1 1 0 1 0 0 0 0 1 0 0 1 1 0 0 1 0 1 0 1 
1 0 1 0 1 0 1 1 1 1 0 0 0 0 1 0 0 1 0 0 1 0 1 0 1 1 1 1 0 1 0 1 0 0 1 1 0 1 0 1 0 0 1 0 0 0 0 1 
1 1 1 0 1 0 0 0 0 1 0 0 0 0 0 0 0 1 0 0 0 0 1 0 1 0 0 1 0 1 0 1 0 1 1 1 0 1 0 0 0 0 0 1 0 0 1 1 
0 1 1 0 0 1 1 1 1 1 0 0 0 1 1 0 0 1 0 0 0 0 0 1 0 1 0 0 1 1 1 1 1 1 0 1 0 1 0 1 0 0 1 1 1 1 1 0 
0 1 0 0 1 1 1 1 0 1 0 1 1 1 1 0 0 1 1 0 0 1 0 0 1 1 1 1 0 1 1 0 0 1 1 0 0 0 1 0 0 1 0 1 1 1 1 1 
0 0 0 0 1 0 0 0 1 0 1 0 1 0 0 1 0 1 1 0 0 1 1 0 0 1 1 1 0 0 1 0 0 1 0 1 1 0 1 0 0 1 0 1 1 1 1 1 
0 0 0 0 1 1 0 0 0 1 1 0 1 0 0 1 1 0 0 0 0 0 1 1 1 1 0 0 0 1 0 1 0 0 1 1 1 0 1 1 1 1 1 1 1 1 0 1 
1 1 1 1 1 0 0 0 0 1 0 0 0 0 1 0 0 1 0 1 1 1 0 0 0 1 1 0 0 0 1 1 1 0 1 0 1 1 0 1 0 0 1 1 1 1 1 1 
0 1 1 1 1 1 1 1 1 1 1 1 1 0 1 0 1 0 0 0 1 0 1 0 0 0 1 1 1 0 1 1 0 0 0 1 1 0 0 0 1 0 0 0 0 1 0 1 
1 0 1 0 0 0 0 0 1 1 0 0 0 1 0 0 1 0 1 0 0 1 1 1 1 1 1 0 0 1 1 1 1 1 1 1 1 0 0 0 1 0 1 1 1 1 1 0 
1 0 0 0 0 1 1 1 0 1 1 0 0 1 1 0 0 1 1 1 1 1 0 0 1 1 0 0 0 1 0 1 0 1 1 0 0 1 1 1 0 1 1 0 0 1 0 0 
0 0 1 1 1 1 1 1 0 1 1 0 1 0 0 1 1 1 1 1 0 0 0 0 1 0 1 1 1 1 1 1 1 1 0 1 0 1 0 1 1 1 1 0 1 1 1 0 
1 0 0 1 0 0 0 0 0 1 1 1 0 1 0 0 0 0 1 0 0 1 1 1 0 1 1 0 0 0 0 1 0 0 1 0 1 1 0 1 0 0 1 0 1 1 0 1 
0 1 1 0 0 1 1 1 0 0 1 0 0 1 0 0 0 1 0 1 0 1 0 0 1 1 0 0 1 1 1 1 0 0 1 1 1 0 0 1 0 1 0 0 0 0 0 0 
1 0 1 1 1 0 1 0 1 1 0 0 0 1 1 1 0 0 0 1 0 0 1 0 1 1 0 1 1 0 0 0 1 1 1 0 1 0 1 1 1 1 1 0 1 1 1 1 
1 1 0 0 1 1 0 0 0 1 1 1 1 1 1 0 1 0 1 0 0 0 1 0 1 1 0 0 0 1 1 1 0 0 1 1 1 0 1 0 1 0 1 0 0 1 1 1 
1 0 1 0 0 1 0 1 0 0 0 0 1 1 1 1 1 1 0 1 1 1 1 0 1 0 0 1 1 1 0 1 1 0 1 1 1 1 1 1 1 1 1 0 0 0 1 0 
1 1 1 0 0 0 0 1 0 1 1 0 0 1 1 0 1 0 1 0 1 0 1 0 1 0 0 0 1 1 0 0 0 1 1 0 1 1 1 1 0 0 1 1 0 0 1 1 
0 0 0 1 1 1 1 0 0 1 0 1 0 0 1 0 1 0 0 0 0 0 0 0 0 1 1 0 0 0 0 0 1 0 0 0 1 1 0 1 1 1 0 1 1 0 0 1 
