48 40 888
66 38 76 76 70 36 85 9 81 86 100 86 22 40 31 94 71 66 33 76 72 49 95 61 45 11 26 90 96 69 29 61 59 4 88 80 39 72 40 72 
10 39 57 83 31 40 77 1 5 61 29 28 10 23 88 6 86 65 95 81 34 23 94 44 26 33 75 17 5 14 88 66 5 96 48 35 35 76 35 39 
37 63 66 98 38 6 3 75 70 49 7 55 23 100 50 100 33 76 16 89 90 55 54 94 51 1 80 37 77 66 76 65 29 93 62 18 50 16 92 72 
64 98 78 86 50 28 85 34 55 53 22 44 7 75 89 57 27 68 94 55 34 21 19 14 65 80 83 15 95 74 38 10 23 15 95 72 94 32 5 49 
84 26 44 90 52 33 99 31 52 44 85 37 16 4 2 80 35 84 46 82 9 83 91 32 50 38 3 95 69 60 43 4 37 39 45 41 23 43 71 74 
38 55 63 53 10 64 33 97 48 78 78 56 13 68 39 14 57 94 8 77 53 3 80 41 41 25 81 63 67 51 88 5 58 50 9 19 14 41 15 13 
71 92 20 35 12 59 48 20 52 55 97 4 57 76 96 97 100 77 11 19 79 99 75 88 48 83 7 13 76 21 25 46 65 45 80 76 3 79 47 6 
33 43 61 42 19 56 90 70 32 1 88 63 99 14 50 46 49 56 11 24 77 35 21 93 31 100 20 85 78 66 90 62 9 50 55 27 6 45 96 89 
45 36 51 95 1 1 92 49 56 2 24 84 37 44 76 19 95 95 4 24 61 45 38 69 95 92 47 52 36 94 92 32 81 43 26 34 95 18 34 2 
19 58 38 7 53 13 26 48 60 81 23 72 25 60 92 19 52 90 22 87 83 14 71 16 8 96 49 2 13 82 3 84 91 40 42 44 5 67 91 16 
47 13 87 72 25 30 42 76 19 64 14 1 29 84 68 36 32 16 37 96 50 91 79 40 83 21 35 87 39 25 54 86 90 40 9 66 69 50 41 87 
65 6 39 93 42 7 28 73 74 16 68 75 7 99 15 89 71 49 27 9 26 32 46 67 71 54 32 91 56 24 29 72 29 19 65 70 77 44 94 3 
60 62 77 18 12 43 58 82 44 36 90 21 67 88 87 89 41 70 31 48 45 59 72 25 29 36 47 6 31 40 8 42 53 36 59 64 79 68 45 22 
3 87 94 21 74 80 9 66 1 91 66 45 1 37 69 30 72 15 87 54 7 46 96 59 81 6 23 59 74 19 32 28 5 25 49 30 56 9 96 8 
100 61 52 100 97 73 29 20 39 15 73 45 60 68 4 93 74 78 51 99 48 35 26 53 11 74 82 19 83 29 26 34 89 30 33 85 2 14 4 92 
80 29 37 40 48 92 32 73 21 34 71 68 20 97 72 83 22 6 1 56 34 26 89 23 55 74 59 8 87 15 52 66 43 40 57 90 31 40 15 3 
26 85 22 97 33 94 79 55 99 79 62 32 5 3 6 11 76 65 71 14 79 22 31 73 61 88 14 43 79 28 45 4 65 18 1 97 11 79 3 9 
10 65 93 14 19 98 76 46 14 46 59 92 19 41 16 79 28 30 21 59 9 17 14 73 35 14 70 97 45 24 58 6 40 50 71 58 99 46 3 13 
44 13 56 62 54 24 41 33 53 13 91 13 82 57 86 16 22 7 64 66 30 21 71 70 70 41 27 21 39 82 33 82 46 40 95 99 63 35 84 67 
100 26 80 81 82 17 48 4 23 11 21 52 32 44 21 53 36 100 73 26 33 57 7 78 49 2 29 11 88 64 30 87 89 61 19 23 77 66 78 99 
77 98 50 8 93 23 12 29 74 37 54 6 93 13 35 41 66 63 4 53 26 85 92 67 45 10 89 21 76 66 71 4 15 72 63 8 46 74 88 19 
10 93 76 55 5 11 47 70 73 2 75 99 86 18 65 82 27 5 2 54 70 24 9 84 96 71 43 41 97 30 12 6 23 87 12 79 97 59 1 70 
60 75 20 98 44 36 79 22 40 33 76 61 56 84 96 51 7 39 44 3 20 55 60 94 41 72 73 38 30 73 59 41 99 78 38 42 13 17 63 4 
49 90 64 56 26 59 7 32 49 2 86 69 56 45 62 48 16 86 85 45 58 43 38 8 72 75 1 36 43 64 39 43 5 2 99 82 13 57 65 61 
58 50 81 65 95 95 12 10 80 49 7 90 43 96 97 15 70 98 50 13 13 41 7 69 94 5 51 6 61 15 19 18 65 51 82 11 45 46 72 77 
94 30 66 36 25 14 2 95 11 4 59 75 44 65 44 89 22 94 95 82 60 65 52 24 15 85 86 60 30 58 36 23 87 53 11 12 66 64 58 29 
67 68 3 62 84 98 51 5 91 97 39 3 61 90 78 75 74 64 86 4 21 73 78 59 25 40 22 91 4 31 71 22 50 73 36 34 71 86 90 13 
34 80 15 94 69 93 20 95 8 58 50 28 30 27 38 7 19 60 49 74 90 19 95 92 91 30 25 13 67 66 26 52 98 92 45 18 36 17 12 43 
26 61 22 55 40 60 61 10 71 9 83 12 27 77 3 70 59 79 82 77 97 59 29 94 51 25 11 38 93 23 81 18 35 2 73 26 13 85 35 83 
46 17 47 72 46 49 93 4 80 27 32 76 85 60 21 87 85 31 77 77 5 57 47 92 10 19 17 23 55 4 57 100 20 3 24 65 4 16 20 83 
94 52 10 31 63 30 17 99 60 93 28 17 1 74 8 11 44 76 85 98 79 41 98 51 96 73 67 99 40 39 33 34 90 42 64 4 71 32 3 82 
25 30 98 77 55 57 87 98 33 23 95 63 64 44 13 11 16 80 9 8 18 93 41 59 34 4 62 56 35 16 37 11 97 35 40 51 43 78 100 75 
1 47 38 16 90 2 26 58 81 86 65 50 78 57 8 63 60 22 18 46 89 54 9 86 40 48 36 35 25 88 9 25 34 98 40 23 52 17 32 32 
2 48 34 31 4 41 45 15 14 62 61 3 68 21 88 59 68 75 93 92 62 54 69 95 3 60 70 54 77 53 86 30 53 19 61 56 11 5 23 77 
19 35 79 86 55 18 96 22 92 89 65 6 94 33 52 96 93 73 50 69 26 87 50 78 57 10 85 19 67 7 95 37 41 73 22 47 90 69 68 34 
57 33 91 50 17 42 98 9 15 47 29 92 85 79 21 41 40 5 11 6 64 6 94 56 30 15 3 72 36 70 57 92 54 47 94 71 40 43 31 54 
41 60 97 25 38 17 17 29 74 27 87 37 84 80 44 14 47 46 37 82 16 93 25 21 39 18 43 78 12 74 84 52 33 32 76 22 49 92 2 74 
71 88 62 6 68 5 19 14 51 7 95 18 99 19 90 89 89 33 67 100 6 2 52 90 33 79 63 33 23 64 58 45 4 19 50 71 76 21 36 78 
27 30 47 26 100 36 66 40 68 84 92 25 85 95 66 70 73 80 54 47 96 12 91 99 82 41 69 9 61 56 86 39 85 32 64 36 20 82 76 39 
65 67 16 2 61 81 71 85 61 24 32 56 87 22 54 69 14 74 77 74 29 15 13 65 46 28 52 17 61 27 56 26 45 71 27 57 3 97 94 63 
72 77 70 59 98 75 79 64 48 7 89 28 21 53 44 19 33 96 35 93 74 42 18 71 12 44 79 15 92 72 29 64 48 99 74 98 73 4 61 73 
10 49 52 31 54 96 49 86 91 35 78 64 77 96 86 40 91 65 6 83 36 35 98 36 85 23 33 9 26 45 33 35 45 85 17 98 80 17 83 70 
52 61 85 28 8 71 19 98 35 25 32 22 11 29 57 95 51 41 55 28 37 88 15 34 72 31 31 51 48 66 72 51 26 56 78 85 78 96 82 64 
72 14 86 82 94 94 76 97 87 31 24 75 70 90 8 41 21 39 91 20 56 62 70 33 69 99 17 99 46 98 62 18 63 99 99 57 45 27 53 31 
9 28 57 78 18 65 18 90 55 60 61 10 73 30 42 93 80 58 91 25 7 53 94 70 51 45 78 95 71 82 77 31 61 34 60 78 50 77 19 4 
88 79 13 60 60 6 52 39 63 95 16 21 47 9 42 49 5 19 96 27 52 24 57 13 9 16 42 58 44 61 61 31 91 25 42 51 30 46 41 44 
40 56 65 38 17 6 38 21 77 85 48 80 9 56 92 17 72 34 75 67 46 87 50 88 64 91 90 45 88 31 89 79 38 5 16 6 62 6 27 90 
90 26 70 98 81 61 67 4 46 93 71 43 79 20 31 94 62 20 39 2 2 79 80 40 83 48 45 96 53 23 86 42 48 55 92 81 67 58 84 13 
1 1 0 1 0 0 1 0 0 1 1 1 1 0 0 1 1 1 0 1 1 1 1 1 1 0 1 0 1 0 0 0 0 0 1 0 1 0 0 1 
1 1 0 0 0 1 1 1 0 0 1 1 1 0 0 1 0 1 1 1 0 1 1 0 1 0 0 0 1 1 1 0 0 0 1 0 1 0 0 1 
0 1 0 0 1 1 1 1 0 0 0 0 1 1 0 0 1 1 1 0 0 0 1 0 0 0 1 1 0 1 0 1 0 1 1 1 0 0 0 0 
0 0 1 1 1 1 1 0 0 0 1 0 1 0 1 1 0 0 1 0 1 1 1 1 0 0 0 0 0 0 1 0 0 0 1 1 1 1 1 0 
1 0 0 0 0 1 0 0 1 1 1 0 0 0 1 1 1 1 1 1 1 0 0 1 0 1 0 0 0 0 0 0 0 0 0 1 0 0 1 1 
1 0 0 0 1 1 1 0 1 0 1 0 1 1 0 1 1 0 1 1 0 1 1 1 0 0 0 0 0 1 1 0 0 1 0 1 1 1 1 0 
1 0 0 0 0 0 0 1 1 1 0 1 1 0 0 1 0 0 1 0 0 0 0 0 0 0 1 1 1 0 1 1 0 1 1 0 0 1 1 1 
1 0 0 0 0 1 1 0 1 0 0 1 0 1 1 0 1 0 1 1 0 0 0 1 0 1 1 0 1 1 1 0 1 1 0 1 0 1 1 0 
1 1 1 1 0 1 0 0 1 1 1 0 0 1 1 0 0 0 0 1 1 1 1 0 0 1 1 1 0 0 1 1 0 0 1 0 1 1 0 1 
0 1 1 0 0 0 0 1 0 0 0 0 1 0 0 0 1 0 1 0 0 0 1 0 0 0 1 0 1 1 1 0 1 0 0 1 0 1 0 0 
1 1 0 1 1 1 1 0 1 0 0 1 0 0 0 0 0 1 0 0 0 1 0 1 1 0 1 1 1 1 0 1 0 0 0 1 1 1 0 0 
1 0 0 1 0 0 1 1 1 0 1 1 1 1 1 1 1 0 0 1 1 0 0 0 1 0 1 0 1 1 1 0 0 1 1 0 1 0 1 0 
0 0 1 0 1 0 1 1 0 1 0 0 0 0 0 1 0 1 1 1 1 0 1 1 1 0 1 0 0 1 0 1 1 0 1 1 0 0 0 1 
1 0 1 1 0 1 0 0 0 0 1 1 0 0 0 0 0 0 0 0 1 1 1 0 1 0 1 1 0 1 0 0 1 1 1 1 0 0 1 1 
0 0 0 0 0 1 0 0 1 1 1 0 0 0 0 1 1 0 0 1 1 1 1 1 0 1 0 1 1 0 0 1 0 0 1 1 1 0 1 0 
1 0 0 1 1 1 0 0 1 0 1 0 1 1 1 0 0 0 1 1 0 1 0 0 1 1 1 1 1 1 1 0 1 0 1 0 1 1 0 0 
0 0 0 1 1 0 1 1 0 0 0 0 1 0 0 1 1 0 0 1 1 1 1 0 1 1 1 0 0 1 0 0 1 1 0 0 1 1 1 1 
0 1 1 1 1 1 0 1 1 0 0 0 0 1 1 1 0 0 0 1 1 0 1 1 1 1 1 0 1 1 1 1 0 0 0 0 0 1 1 1 
1 1 0 1 0 1 1 1 1 1 0 0 1 1 1 1 1 1 1 0 0 1 1 0 1 1 0 1 0 1 1 0 0 1 1 1 0 0 0 1 
1 0 1 1 1 1 0 0 0 1 0 0 0 1 0 0 1 1 1 1 0 0 1 1 1 1 0 1 1 0 0 1 0 0 0 1 1 0 0 1 
1 0 1 0 0 1 0 1 0 1 0 1 0 0 0 1 1 0 1 0 0 1 1 0 1 1 1 0 1 1 1 1 0 0 1 0 0 1 1 0 
0 1 1 0 1 1 0 0 1 1 1 1 0 0 1 0 0 1 0 1 0 0 0 0 0 1 0 0 0 1 1 1 1 0 1 0 0 1 1 1 
0 0 1 1 0 0 1 0 1 1 0 0 1 0 0 0 0 1 0 0 0 1 1 1 0 1 0 0 0 1 1 1 1 0 0 1 1 1 0 0 
0 0 0 0 0 1 0 0 0 0 1 0 0 0 0 0 1 0 0 0 1 1 1 0 0 1 1 1 0 1 1 0 1 0 0 0 1 0 0 1 
1 1 1 1 0 1 1 1 1 1 1 0 0 0 0 0 1 0 1 1 1 1 0 1 1 0 1 0 1 1 1 0 1 0 1 1 0 0 0 1 
1 0 0 1 0 0 0 0 0 1 1 0 0 1 1 1 0 0 1 1 1 0 1 0 1 0 1 1 0 0 0 1 0 0 0 0 1 0 0 1 
0 0 1 0 1 0 0 1 0 1 0 0 0 1 0 1 1 0 0 1 0 0 0 0 1 1 0 0 1 1 1 1 1 1 0 0 1 0 0 0 
1 0 0 1 0 0 0 1 0 0 1 0 1 1 0 0 0 1 0 0 0 1 1 1 0 1 1 0 1 1 0 1 0 0 0 0 0 1 1 1 
1 0 1 0 0 0 0 0 1 0 0 1 0 0 0 0 1 1 0 1 1 0 0 1 0 0 1 1 1 0 0 1 1 1 1 1 1 0 1 0 
0 0 1 0 0 1 1 1 1 1 0 0 0 0 1 0 1 0 1 0 0 1 1 1 1 1 0 0 1 0 1 1 0 0 0 0 0 1 1 1 
0 0 1 0 0 0 1 1 0 0 0 0 0 1 0 1 0 0 1 1 0 0 1 0 1 1 0 1 0 0 0 0 0 1 1 0 1 0 0 1 
0 0 1 0 1 1 1 0 0 1 1 0 1 0 1 0 1 1 1 1 1 1 0 1 0 1 0 1 1 0 0 1 0 0 0 1 1 1 1 1 
0 1 0 0 1 1 0 1 0 0 0 0 1 0 1 0 1 1 1 0 1 0 0 1 0 0 1 1 1 0 1 0 1 1 0 1 0 0 0 0 
0 0 0 0 1 0 0 0 1 1 1 1 1 1 0 1 1 1 1 0 0 0 0 1 1 0 0 1 1 0 1 1 1 0 1 0 0 1 0 1 
1 1 0 0 0 1 0 1 0 1 0 0 1 0 0 0 1 0 1 0 1 0 1 0 0 1 0 0 0 0 0 1 0 0 0 0 1 0 0 0 
1 0 0 0 0 0 0 1 1 1 1 0 1 1 0 0 0 0 0 0 0 0 0 0 1 0 1 0 0 1 0 1 1 1 1 1 1 1 1 0 
0 0 0 1 1 0 1 1 0 0 0 1 0 0 1 1 0 0 0 0 1 0 1 0 1 0 0 1 1 1 1 1 1 0 0 1 0 0 0 1 
0 0 0 0 0 1 0 0 0 0 0 1 0 1 0 0 1 0 1 0 1 0 1 0 0 0 1 1 0 0 0 0 0 0 0 1 1 0 1 1 
0 0 1 1 1 1 1 1 1 0 1 0 0 1 0 1 1 0 0 1 0 0 1 0 0 1 1 1 0 1 1 0 1 0 1 0 1 0 1 0 
0 1 0 1 0 0 0 1 0 0 0 0 0 1 1 0 0 0 1 0 1 0 1 0 0 0 1 1 1 0 1 1 1 1 0 1 0 0 0 0 
0 0 1 0 1 0 0 0 0 0 0 0 0 1 0 1 0 1 0 1 0 0 0 1 1 1 1 1 1 1 0 0 0 1 0 1 1 1 1 1 
1 0 1 1 1 0 0 1 1 1 0 1 1 1 1 0 0 0 0 1 1 0 1 1 1 0 1 0 1 0 1 0 0 1 1 0 1 0 1 0 
1 0 0 0 1 1 0 1 1 0 0 0 0 0 0 1 0 1 1 1 1 1 1 0 0 0 0 1 0 1 1 1 1 1 1 0 0 0 1 1 
0 0 0 1 0 0 0 0 1 0 1 0 1 0 0 1 0 0 0 1 0 1 0 1 1 0 0 1 0 1 1 0 1 1 1 1 1 0 1 0 
0 0 0 1 0 1 0 1 1 0 0 1 1 0 1 0 0 1 0 0 0 1 1 0 0 0 1 1 0 1 1 0 1 1 1 0 0 1 1 0 
1 1 1 1 1 0 1 0 1 1 0 0 0 1 0 0 0 1 1 0 0 0 1 0 0 0 0 0 0 1 0 1 0 0 0 1 0 0 1 0 
1 0 0 0 1 0 0 1 1 0 0 0 0 1 0 0 1 0 1 1 1 1 1 1 1 1 0 0 1 0 0 1 0 0 1 1 0 1 1 1 
1 1 1 0 0 1 0 1 1 1 1 0 1 0 1 0 1 0 0 1 0 0 0 0 0 1 1 0 0 0 0 0 1 1 0 1 1 0 1 0 
