57 54 1138
38 3 84 89 29 35 75 38 42 11 50 51 41 99 46 96 95 46 47 99 8 47 17 54 84 96 11 9 24 63 30 61 18 14 1 98 100 76 87 93 38 88 95 79 87 40 74 81 85 20 31 93 18 47 
98 53 42 8 62 18 23 91 78 92 56 31 89 7 6 27 99 43 14 93 21 52 32 46 32 69 18 15 13 87 61 62 40 55 69 53 72 43 95 1 34 3 31 74 9 88 52 8 31 66 52 3 17 84 
1 1 4 18 15 16 56 27 77 47 81 97 51 4 40 46 5 25 48 87 51 8 75 54 15 57 19 19 59 88 54 11 40 57 80 6 72 36 32 100 82 65 48 33 20 39 30 24 64 29 63 66 36 37 
19 51 93 90 21 3 29 74 14 68 30 45 25 53 80 8 4 14 72 51 98 92 90 27 67 5 55 29 70 90 17 40 92 61 81 12 16 9 85 81 28 66 25 52 18 5 60 21 18 83 72 67 26 61 
93 93 65 99 73 86 88 42 77 32 2 58 95 17 18 32 97 46 97 74 49 15 78 60 87 47 95 10 13 20 22 57 12 86 55 37 23 94 78 52 25 31 9 72 100 26 3 48 23 99 21 24 65 98 
83 52 96 77 61 60 49 83 16 12 20 70 48 95 16 77 46 92 60 6 63 59 83 65 6 58 64 27 81 80 76 15 31 24 44 44 83 92 78 51 55 49 72 3 95 87 31 92 79 90 49 41 48 32 
6 6 41 21 84 21 100 11 87 83 34 82 78 69 25 7 19 80 7 90 34 2 29 16 93 7 6 94 47 5 25 4 10 65 24 45 37 76 56 75 10 41 57 87 61 33 93 31 64 99 21 97 52 49 
13 97 7 70 90 53 26 14 57 88 30 32 32 18 59 39 92 68 80 100 54 40 33 98 71 96 49 43 45 100 43 9 96 49 78 37 53 3 2 61 90 31 45 74 48 3 12 92 71 43 91 76 35 75 
26 57 71 74 51 67 25 93 75 73 93 4 9 97 58 11 10 100 93 54 73 93 8 36 84 30 79 74 6 13 1 83 69 71 56 19 37 32 63 63 4 7 66 13 3 23 23 64 74 67 17 46 59 25 
82 42 54 60 68 11 24 68 93 92 90 100 62 78 32 24 40 87 82 57 99 36 31 73 100 5 40 16 2 98 92 83 92 98 94 59 8 17 78 53 60 67 4 21 44 87 96 35 74 29 91 24 65 73 
97 64 77 88 31 79 37 75 13 28 72 7 38 31 75 67 83 35 33 39 7 28 25 55 14 50 83 56 74 99 29 22 14 57 61 45 87 97 19 100 77 42 58 66 72 32 33 7 18 17 45 77 97 21 
83 62 23 17 18 96 16 98 69 29 6 29 25 93 77 95 44 5 36 1 71 8 84 55 14 54 23 10 82 71 30 64 33 52 32 50 99 47 99 19 28 4 99 52 96 76 47 39 32 82 91 54 41 75 
8 54 80 83 63 61 53 45 76 85 96 7 86 47 6 84 65 33 40 64 36 35 91 34 26 22 16 16 76 8 42 35 62 21 17 76 33 70 20 8 6 68 67 92 66 72 27 82 56 66 45 91 53 87 
25 30 61 92 45 88 99 39 22 12 11 91 40 44 12 11 3 17 30 21 60 95 44 39 77 99 4 73 42 8 12 18 37 72 9 34 59 59 72 32 23 82 74 62 77 85 72 32 54 2 52 65 48 96 
3 24 46 59 49 87 66 60 4 3 83 64 36 93 75 59 76 97 92 50 10 21 86 81 52 91 34 55 56 82 2 10 57 48 68 5 86 34 16 42 88 98 57 75 42 31 33 18 79 76 19 88 96 4 
21 99 95 6 54 2 87 7 11 44 54 31 100 92 64 16 33 3 65 41 77 7 24 61 76 2 36 94 42 84 97 14 82 43 19 87 96 58 94 59 1 99 89 52 90 4 19 74 6 84 15 34 42 38 
46 17 91 81 62 84 16 10 97 98 5 68 84 100 25 77 58 77 76 46 28 17 1 47 91 6 82 5 39 23 42 84 91 32 17 4 68 32 13 64 81 17 83 65 69 7 93 78 83 20 76 11 37 76 
9 27 34 90 31 24 64 24 60 6 7 76 9 74 59 73 90 40 42 72 56 10 79 48 39 13 68 14 75 56 42 83 82 75 24 12 98 87 87 57 44 93 84 4 67 95 77 56 34 70 79 41 31 9 
40 69 22 59 35 96 14 76 31 95 50 54 58 99 93 44 56 36 89 91 92 55 85 68 62 70 37 92 10 67 1 2 87 22 60 21 69 74 48 99 20 97 53 78 48 97 73 3 84 61 45 75 67 30 
94 80 99 82 72 61 100 72 62 87 93 21 7 61 46 7 12 18 3 16 95 2 12 19 56 95 32 1 22 98 30 15 78 80 97 49 40 96 72 1 34 16 74 93 76 71 99 39 88 53 54 34 55 17 
5 10 64 36 10 85 33 91 51 62 71 47 62 10 95 33 63 28 48 88 72 76 10 70 14 98 23 20 83 77 36 87 86 99 22 48 35 7 38 86 20 8 84 82 70 78 66 84 58 14 71 29 41 32 
51 6 29 73 25 64 1 13 50 38 63 24 37 98 82 75 35 1 34 18 82 3 48 100 86 57 13 8 85 5 40 87 10 20 11 87 83 11 51 85 1 13 60 37 62 93 11 48 93 45 66 27 99 13 
26 37 69 90 44 5 94 35 44 55 7 54 93 41 65 43 25 17 8 36 53 21 28 16 69 73 12 86 51 10 98 76 46 18 17 42 74 62 76 17 68 82 71 61 23 87 55 99 3 14 87 7 87 66 
22 55 38 33 40 88 43 89 15 40 58 83 81 83 96 9 100 64 42 22 76 64 60 82 15 14 96 1 20 34 18 94 88 56 26 79 95 20 19 62 12 28 44 92 10 40 52 61 55 94 82 30 57 93 
11 23 6 58 75 26 91 93 19 30 48 96 60 94 68 78 55 79 57 51 22 67 42 74 27 96 67 61 25 75 53 87 98 59 45 24 36 35 16 6 65 15 53 24 9 20 54 15 50 10 65 72 28 58 
45 7 53 63 67 77 37 71 64 86 81 60 10 68 94 77 73 10 92 78 86 52 97 39 66 47 100 83 70 28 92 14 86 45 76 52 21 64 74 36 50 7 95 11 74 41 87 99 50 30 76 35 81 24 
25 99 22 77 33 91 56 24 56 41 68 83 44 41 47 17 28 48 23 75 10 49 15 96 47 16 78 74 3 58 97 27 8 71 3 92 61 58 16 17 50 35 99 93 27 97 62 7 44 36 81 53 84 47 
1 82 62 78 55 64 87 4 91 95 74 45 86 86 55 53 2 4 40 53 49 66 49 10 72 93 97 4 97 81 50 97 14 12 26 21 75 13 24 17 7 49 14 44 86 20 97 88 75 36 92 23 53 40 
84 25 84 81 80 33 13 30 29 26 41 55 46 67 19 21 36 25 21 49 20 7 68 16 46 42 3 37 17 8 28 100 84 12 80 63 44 92 92 24 70 32 30 67 99 48 88 86 24 60 34 44 66 53 
11 11 94 66 99 62 73 27 62 56 90 93 18 85 37 10 8 6 41 90 72 91 37 11 76 13 71 61 56 88 13 18 51 59 83 49 20 55 27 33 10 16 26 28 100 14 37 60 71 29 49 42 72 37 
5 99 1 27 60 8 14 24 26 16 34 8 65 6 15 43 38 24 59 15 3 10 28 39 69 98 20 69 92 43 58 48 41 58 74 52 66 39 28 43 55 61 2 19 66 16 61 4 40 71 70 42 81 50 
33 1 47 4 22 90 46 79 37 86 88 62 90 5 1 17 47 55 77 49 25 95 64 85 50 55 8 19 49 40 68 33 40 67 36 61 56 33 91 45 70 79 6 59 83 6 27 82 60 56 30 84 50 45 
21 99 52 80 17 52 19 37 84 58 3 71 71 10 55 61 6 24 91 64 35 74 69 61 7 81 16 36 16 17 32 88 15 83 67 84 86 37 20 69 95 74 91 17 35 45 29 93 69 20 56 3 45 76 
15 51 8 83 38 76 99 69 63 14 4 82 49 89 18 20 10 64 45 100 80 31 97 9 23 65 28 78 19 24 6 85 74 13 67 63 88 18 31 3 83 86 84 31 75 1 50 36 17 94 35 96 76 31 
56 99 47 35 28 17 58 33 54 83 98 20 45 85 37 28 87 19 13 22 1 39 75 2 74 91 47 61 38 23 43 94 21 42 80 48 58 90 33 11 72 30 83 69 66 71 96 5 42 8 26 42 47 52 
44 72 94 90 32 32 12 75 77 84 16 56 32 25 45 16 88 69 45 22 37 10 92 32 66 85 91 92 27 89 95 22 61 89 63 92 20 75 18 48 10 33 55 41 10 52 56 97 20 52 18 8 14 61 
91 79 46 81 22 24 70 17 45 30 5 7 73 76 33 91 23 43 75 29 35 84 80 43 32 51 94 49 58 59 62 48 38 7 81 59 30 50 75 26 31 31 84 3 6 17 45 80 11 20 9 45 55 40 
39 87 91 85 35 100 43 48 100 80 54 80 91 35 29 17 60 59 48 44 13 53 12 58 85 22 29 45 18 83 84 57 21 26 93 56 26 35 3 25 67 9 56 57 43 84 73 3 94 20 98 58 25 9 
67 9 82 95 5 99 30 88 7 50 14 99 57 91 34 12 67 100 20 22 8 14 57 80 68 2 52 65 59 76 25 26 36 6 72 92 57 53 79 63 3 44 14 11 86 47 22 52 98 93 25 57 59 81 
36 26 34 39 43 93 66 67 70 53 25 93 44 81 46 75 95 48 18 8 58 4 6 32 7 55 76 32 11 34 64 99 60 98 89 54 42 55 72 11 7 48 55 3 28 100 77 75 99 46 34 9 1 92 
40 8 46 67 91 9 1 6 59 12 3 47 65 96 53 88 58 12 36 13 14 15 12 90 89 11 35 75 71 88 66 10 95 63 28 37 71 28 42 81 39 45 28 55 40 32 43 98 43 30 62 56 44 73 
97 85 35 84 59 5 71 24 66 65 86 94 1 9 73 94 89 64 38 68 18 30 100 12 79 42 41 40 50 37 64 46 21 51 29 79 7 51 54 73 67 91 18 67 51 90 13 40 53 50 59 23 31 10 
86 61 4 27 52 53 15 16 50 35 18 31 65 24 81 70 48 48 60 17 66 11 59 78 2 63 80 12 85 10 22 23 71 77 1 74 29 15 41 30 49 58 60 65 34 41 34 81 40 45 50 5 7 8 
83 8 70 14 72 7 23 45 29 45 21 29 19 1 95 11 30 43 69 42 59 2 82 44 34 73 88 83 77 95 42 11 54 12 24 77 70 99 21 50 95 41 30 65 41 24 76 23 18 44 64 76 97 97 
19 30 69 58 65 97 4 6 60 10 69 83 86 90 33 7 39 28 99 68 92 92 43 67 14 60 62 29 35 58 25 5 40 45 63 56 41 66 13 100 75 82 35 13 23 19 19 62 46 69 81 90 60 24 
8 25 35 70 53 70 79 29 26 70 73 88 25 66 6 38 17 32 71 3 44 93 22 14 6 19 35 39 8 94 14 68 71 48 89 23 69 67 4 95 89 76 34 65 93 39 54 10 23 76 12 18 21 85 
32 26 4 18 16 63 11 29 82 81 29 70 56 97 89 59 91 77 86 25 41 79 15 47 40 37 22 3 55 42 88 38 20 43 55 35 57 17 16 39 50 44 60 57 40 48 15 83 76 52 59 17 30 73 
15 21 62 36 24 68 78 11 5 97 5 11 31 13 79 98 51 28 41 63 36 33 10 50 15 86 54 73 54 83 97 68 56 58 3 79 25 32 41 81 28 45 91 11 9 22 8 12 49 1 74 85 33 83 
86 99 20 39 71 73 74 19 92 29 77 47 59 53 78 99 34 58 95 76 68 3 97 27 14 98 27 87 82 59 22 19 9 41 10 79 66 35 50 9 15 26 55 73 78 85 71 63 42 65 39 61 19 35 
87 33 32 66 71 65 76 92 36 85 85 45 15 2 79 64 10 93 41 65 17 71 1 87 33 42 3 71 54 73 6 40 57 89 57 28 6 33 71 41 69 7 85 83 8 15 99 18 59 39 34 75 9 34 
13 42 27 67 12 80 39 69 71 96 10 28 75 15 12 45 55 80 52 91 62 59 5 60 28 15 51 61 89 59 46 53 52 72 19 16 51 57 84 74 4 45 53 78 59 64 75 65 43 78 55 56 88 11 
68 16 25 18 28 65 28 74 17 80 97 35 95 48 44 30 73 99 27 25 77 85 88 3 2 82 80 8 89 67 19 56 34 95 25 62 60 5 35 76 36 31 63 30 30 6 11 54 56 37 78 32 74 65 
86 27 98 65 34 87 32 4 94 17 99 19 78 58 75 64 85 10 47 47 91 28 4 1 82 60 90 59 43 63 76 29 89 73 93 74 59 76 78 53 93 76 23 22 85 97 86 69 6 32 16 48 11 71 
48 92 30 37 51 25 51 78 53 91 50 97 65 61 73 42 13 17 69 87 38 53 83 75 21 40 58 88 87 69 11 86 60 40 75 62 64 25 39 68 68 41 65 32 1 37 73 65 5 41 3 94 45 37 
69 65 28 26 5 66 46 15 51 58 6 25 19 22 2 10 89 69 2 53 52 54 41 24 70 97 16 72 91 12 8 59 28 35 36 32 100 82 98 2 91 4 79 61 77 32 22 65 100 23 70 51 28 62 
26 97 59 93 68 49 4 27 59 31 13 94 15 64 27 12 66 17 67 96 78 95 27 99 60 78 74 81 28 1 42 5 50 100 49 69 100 52 96 58 34 60 4 100 24 82 12 41 99 30 36 28 25 62 
78 36 39 3 16 18 56 9 74 5 9 22 73 8 25 20 66 58 80 21 58 55 2 21 95 100 2 82 79 78 95 9 65 85 11 80 54 66 89 27 22 49 100 95 56 24 14 73 33 93 93 42 99 95 
1 0 1 1 1 0 0 1 0 1 1 0 0 0 0 0 0 1 0 1 1 0 0 1 0 1 1 1 0 0 1 0 0 0 1 0 0 1 1 0 0 1 1 1 1 1 1 0 0 0 1 0 0 0 
1 0 1 0 1 1 0 0 1 1 1 0 1 1 0 0 0 0 1 1 1 1 0 1 1 0 1 0 0 1 0 1 1 1 0 1 1 0 1 0 1 0 1 0 0 1 1 0 1 0 1 1 1 1 
0 0 1 1 1 0 0 1 1 1 1 1 0 0 0 0 0 1 0 1 0 0 0 1 0 0 1 1 1 1 0 1 1 0 0 0 0 0 0 1 1 1 1 0 1 1 0 1 0 0 1 0 1 1 
1 1 1 1 1 0 0 1 1 1 1 1 0 1 1 0 1 1 1 0 1 0 1 1 1 1 1 0 0 0 0 1 0 1 0 1 0 0 0 1 0 0 1 0 1 0 0 0 1 1 0 0 1 1 
1 0 1 1 1 1 1 1 0 1 0 1 0 0 1 1 0 1 1 1 1 0 1 1 1 1 0 1 1 1 1 1 0 0 0 1 1 1 0 1 1 0 0 1 1 0 0 1 1 1 0 1 0 1 
0 1 0 1 0 0 0 1 1 0 1 1 1 0 0 1 0 1 0 0 1 1 0 1 0 0 1 0 1 1 1 1 0 0 0 0 0 1 0 1 1 1 0 1 0 0 0 0 0 0 0 1 1 1 
0 1 1 1 1 0 0 1 1 0 1 0 1 1 1 1 0 0 0 0 1 0 0 0 0 0 0 1 1 0 0 0 1 1 1 1 1 0 0 0 0 1 0 1 0 1 0 0 0 1 0 1 1 0 
1 0 1 0 1 0 0 1 0 1 0 0 0 1 0 0 1 0 1 0 0 1 1 0 1 1 1 1 1 1 0 0 1 1 0 0 1 0 1 0 0 1 0 0 0 0 1 1 0 0 1 0 0 1 
1 1 0 0 1 1 1 1 0 0 0 0 0 1 1 1 1 1 0 1 1 0 1 0 0 0 1 1 0 1 0 1 0 1 0 1 0 1 0 0 0 0 1 0 0 0 0 1 1 0 1 0 1 0 
1 1 0 0 0 1 1 1 0 1 0 0 1 0 0 1 1 0 0 0 0 0 0 0 1 1 1 0 1 0 1 0 1 1 0 1 0 1 0 1 1 0 1 0 1 1 1 0 1 1 0 0 1 0 
0 1 1 1 1 0 1 0 1 0 0 1 0 0 1 0 1 0 1 1 0 0 0 1 0 0 1 0 0 0 0 0 1 1 0 1 1 1 1 0 0 1 0 0 0 1 0 1 1 1 0 1 1 1 
0 1 1 1 1 1 0 1 1 1 0 1 0 0 1 0 0 1 1 0 1 1 1 1 1 0 1 1 1 0 0 0 0 1 1 1 0 1 1 0 1 1 1 1 1 0 1 0 1 1 0 0 0 0 
0 1 0 1 1 0 1 1 0 1 1 1 1 1 1 0 1 0 1 1 1 1 1 1 1 1 0 1 1 0 1 1 0 0 0 1 0 0 0 0 1 1 1 0 1 0 0 0 0 0 1 0 1 1 
1 0 0 1 1 1 1 1 1 1 1 1 0 1 1 1 1 1 0 0 1 1 1 0 0 1 0 1 1 1 0 0 1 0 1 0 0 1 1 1 0 0 0 1 1 0 0 0 1 0 1 0 0 0 
0 0 1 0 1 1 1 0 1 0 0 1 1 0 0 0 1 0 1 0 1 0 0 1 1 1 0 0 1 0 0 0 0 1 0 1 0 0 1 0 0 0 1 1 0 1 0 0 1 1 0 1 1 0 
0 0 1 0 0 0 0 0 0 0 0 1 0 0 1 1 0 1 1 1 1 0 0 1 0 0 0 0 1 1 0 1 0 1 0 0 1 0 1 0 1 1 1 1 1 0 0 0 1 0 1 0 0 0 
1 0 0 1 0 1 1 0 0 1 1 0 1 0 1 0 0 0 1 1 1 1 1 1 1 1 1 0 1 1 0 1 1 0 0 1 1 1 1 0 0 0 0 0 1 1 0 1 1 0 1 0 1 0 
0 0 1 1 0 1 1 1 0 0 1 0 0 1 0 1 1 0 0 1 0 1 1 1 0 0 1 1 1 0 0 1 0 1 0 0 0 1 1 0 0 1 1 0 0 1 1 1 1 1 0 0 0 1 
1 1 0 0 0 1 0 0 0 0 0 0 0 0 0 0 1 0 1 0 0 1 1 1 0 0 1 0 0 1 0 1 0 0 1 1 1 1 1 1 1 1 1 0 0 1 0 1 1 1 1 1 0 0 
1 0 0 0 0 1 1 0 0 0 0 0 1 1 1 0 0 1 0 0 1 0 1 1 1 1 0 0 0 0 0 1 0 0 1 0 1 1 1 0 1 1 0 0 1 1 0 1 0 0 1 1 0 1 
0 1 0 0 1 0 0 1 0 0 0 1 1 1 0 0 1 1 1 1 1 0 1 0 0 1 0 1 1 1 0 1 0 0 0 0 1 0 1 1 1 1 0 0 1 1 0 0 0 1 0 0 0 1 
0 0 0 0 1 1 1 0 1 0 0 1 0 1 1 1 0 0 1 1 0 0 0 0 0 0 0 0 0 0 1 0 0 0 1 1 1 0 1 0 0 0 1 0 1 1 0 0 1 1 1 0 1 1 
0 1 1 0 0 0 0 1 0 0 1 1 0 1 0 1 1 0 1 1 1 1 0 1 1 1 0 0 1 1 1 0 0 0 0 0 0 1 0 1 1 1 0 1 0 0 1 0 1 0 1 0 1 1 
1 0 0 1 0 0 0 1 0 0 0 0 1 0 1 1 1 1 0 0 0 1 0 1 1 1 0 0 1 1 1 0 0 1 1 0 1 1 0 1 0 0 0 1 0 1 0 0 0 0 0 1 1 0 
0 0 0 0 0 1 0 1 0 0 1 1 0 0 1 0 0 1 0 0 0 1 1 0 1 0 0 1 1 0 1 1 0 1 0 1 1 0 0 1 0 1 0 0 0 1 1 0 0 1 0 0 0 1 
0 1 1 1 0 0 1 0 0 1 1 0 0 0 0 1 1 0 0 0 0 0 1 1 0 0 1 0 0 1 0 1 1 1 0 1 0 1 1 0 0 1 0 1 1 0 0 1 0 0 1 0 1 0 
0 1 0 1 0 1 0 0 0 1 1 0 1 1 1 0 1 1 1 1 0 1 1 0 0 1 1 1 0 0 1 0 1 0 1 1 1 1 1 1 1 1 1 0 0 0 0 0 1 0 1 0 1 1 
0 1 0 1 0 0 1 1 0 1 1 1 0 0 1 0 1 0 1 0 0 1 0 0 1 0 0 1 0 1 0 0 0 0 0 0 1 1 0 1 0 1 1 1 0 0 1 1 0 0 0 0 1 0 
0 1 0 1 0 0 0 0 1 1 0 1 1 1 0 1 1 1 1 0 0 1 0 1 0 0 1 0 0 0 1 0 1 1 1 1 0 0 1 1 1 0 0 0 1 0 0 0 1 1 0 1 0 0 
0 0 0 1 1 0 0 0 1 1 1 0 1 1 0 0 0 1 0 0 0 0 1 0 0 0 1 1 0 1 1 0 1 0 0 0 0 0 0 1 1 0 0 0 1 0 1 0 0 1 0 0 1 1 
0 0 0 1 1 0 0 0 0 1 0 0 0 1 0 0 0 0 0 0 0 0 1 1 0 1 1 0 1 0 0 1 0 0 0 1 0 0 0 0 1 0 1 1 1 1 0 0 1 0 0 0 0 1 
1 0 0 0 1 1 1 1 0 1 1 0 1 1 0 1 1 0 1 0 1 1 0 1 1 1 0 1 1 0 1 1 1 1 1 0 1 0 1 1 0 0 0 1 1 0 0 0 0 1 1 0 0 1 
1 1 0 1 1 0 0 0 1 1 1 0 1 0 1 0 0 1 0 0 0 1 0 0 1 1 1 0 1 0 1 0 1 0 0 0 0 0 0 1 1 0 1 0 0 0 0 0 1 0 0 1 1 1 
1 0 0 1 1 1 1 0 1 0 0 1 1 0 1 1 1 0 1 1 0 0 1 0 0 1 0 1 0 1 0 0 0 0 1 1 1 0 1 0 0 0 0 1 0 1 1 0 0 0 1 0 0 0 
1 1 1 1 0 0 1 0 0 1 0 1 0 1 1 1 1 1 1 1 1 0 1 0 0 1 0 1 1 1 1 0 0 1 0 0 1 1 0 1 0 0 0 0 1 1 1 0 0 1 0 1 1 1 
1 1 0 0 0 1 1 1 0 1 0 0 1 1 1 1 0 1 1 0 1 0 1 0 0 0 1 0 1 0 1 1 1 1 1 1 1 0 1 1 1 1 1 0 1 0 1 1 1 0 0 0 0 1 
0 0 1 0 1 1 0 0 0 0 0 1 1 1 1 0 0 0 0 1 0 1 1 1 0 0 1 0 0 1 0 0 1 1 0 0 0 1 1 0 1 1 1 0 0 0 1 0 0 1 1 0 0 0 
1 0 0 0 1 0 1 1 0 1 0 1 1 1 0 0 1 1 1 1 1 1 1 0 1 0 1 0 0 1 0 0 0 0 0 1 0 0 0 1 1 0 0 0 1 0 1 1 1 0 0 0 0 1 
1 1 1 0 0 0 0 0 0 0 1 0 1 1 0 1 0 1 1 0 0 1 0 1 0 1 1 0 0 1 1 1 1 1 1 1 1 1 1 1 1 0 1 0 0 0 1 0 1 1 1 1 0 1 
0 0 1 0 0 1 1 1 0 0 0 1 1 1 1 1 0 0 1 0 1 1 0 0 0 1 1 1 1 1 0 1 1 1 1 1 0 1 1 0 1 1 0 1 1 1 0 1 1 1 1 0 1 1 
1 1 1 0 0 0 0 0 1 1 0 1 1 0 0 0 1 1 1 1 0 0 0 0 0 1 0 1 0 1 1 1 0 0 1 0 0 1 0 1 1 0 0 0 1 0 0 0 0 1 1 0 0 1 
1 0 0 1 1 0 0 0 1 0 0 1 0 0 0 0 0 1 1 0 1 0 1 1 0 1 1 1 1 1 0 0 1 0 1 0 1 1 1 0 1 1 1 1 0 0 0 0 1 1 0 1 1 1 
0 1 0 1 0 0 0 0 0 1 0 0 0 1 1 1 0 1 0 1 0 0 1 0 0 1 1 1 0 0 0 0 1 1 0 1 1 0 1 1 0 0 1 0 1 1 1 1 0 1 1 0 0 0 
1 0 1 0 1 1 1 0 0 0 1 0 0 0 0 1 1 0 1 1 0 1 0 1 0 0 1 1 0 1 0 1 1 1 0 1 1 1 1 1 1 0 1 1 0 1 1 1 0 0 0 0 1 0 
0 0 0 1 1 1 0 1 0 1 1 0 0 0 1 1 1 1 1 0 0 1 1 1 1 1 0 1 0 1 0 0 1 0 1 1 1 1 0 0 0 1 0 1 1 0 0 0 1 0 0 1 1 0 
1 0 1 1 0 1 0 0 1 0 0 0 1 0 1 1 0 0 1 0 1 0 0 1 1 1 1 1 1 1 1 0 1 1 1 1 0 1 1 0 1 0 0 0 0 0 0 0 0 1 0 1 1 1 
0 0 0 0 0 1 1 1 1 0 0 0 0 1 0 1 1 1 1 1 0 1 1 0 1 1 1 0 0 0 1 1 1 1 1 1 1 0 0 0 0 1 1 0 0 1 0 1 0 1 0 0 1 0 
0 0 1 1 0 0 0 1 1 1 1 0 0 0 0 0 0 0 1 1 1 1 0 1 0 1 0 1 1 1 1 0 0 0 1 0 0 1 0 1 0 1 1 0 1 1 1 1 0 0 1 1 0 1 
0 0 0 0 1 0 0 0 0 0 1 1 0 1 1 0 1 1 1 0 0 0 0 1 0 0 1 1 1 1 0 1 0 1 1 1 1 1 0 1 1 1 0 0 0 1 0 1 1 0 0 1 0 0 
0 0 0 1 1 1 1 0 0 1 1 1 0 0 1 0 1 0 1 1 0 0 1 1 1 0 1 1 1 1 1 1 0 1 0 1 0 1 1 0 0 0 0 1 0 1 1 1 1 1 1 0 1 0 
1 0 0 0 0 1 1 1 0 1 1 0 1 1 0 0 0 0 1 0 1 1 1 1 1 0 0 0 0 1 0 1 1 0 1 1 1 1 1 1 0 0 1 1 1 1 0 1 0 1 1 1 0 0 
0 1 1 0 1 1 1 1 1 1 1 0 0 0 1 1 1 0 1 1 1 1 0 1 0 0 0 0 0 1 0 0 0 1 1 0 1 0 1 0 1 1 0 0 1 0 1 1 0 1 0 1 0 0 
1 0 1 1 0 1 0 1 1 1 0 0 1 1 1 0 1 0 1 0 0 1 0 0 0 0 1 0 1 1 0 0 1 1 0 0 0 0 1 0 1 1 0 0 1 1 1 0 0 0 0 0 1 0 
0 1 0 1 1 0 0 0 0 0 1 0 0 0 1 1 0 0 0 0 1 1 0 0 0 0 0 0 0 0 1 1 1 1 0 1 1 1 1 0 1 0 0 1 0 1 0 0 0 0 1 1 0 1 
1 0 1 1 0 1 1 1 0 1 1 1 0 0 0 1 0 1 1 1 0 0 0 0 0 0 0 1 1 0 0 0 0 1 0 1 1 1 0 1 0 1 0 0 0 0 1 0 1 1 1 1 1 0 
1 1 0 0 1 0 0 1 0 1 1 0 0 0 0 0 1 0 0 0 1 0 0 0 0 0 1 0 1 0 0 1 0 0 1 1 0 1 0 1 0 1 1 0 1 1 1 1 0 1 1 1 1 1 
1 1 1 1 1 1 1 1 0 1 0 1 0 0 0 1 1 1 0 1 1 0 0 0 1 0 1 0 1 0 1 1 0 1 0 1 0 1 1 0 1 1 1 1 1 1 0 1 0 1 0 0 1 0 
