51 67 1191
24 75 85 48 64 55 22 76 35 96 70 88 23 64 91 27 52 14 50 17 59 73 43 70 91 78 25 27 34 93 25 9 67 61 56 82 16 29 57 2 76 78 89 98 41 31 24 93 96 25 9 54 50 3 76 40 33 100 18 66 45 95 74 11 7 81 45 
74 9 53 76 84 31 16 33 71 99 8 15 94 32 23 100 33 78 75 25 10 26 42 27 70 88 52 33 95 32 77 20 92 81 95 27 11 63 59 82 61 66 96 54 49 71 5 34 48 31 58 9 57 51 35 26 39 86 10 85 69 38 56 12 19 51 90 
29 13 100 62 25 17 10 30 65 32 35 98 79 65 7 39 73 58 73 51 48 10 60 32 30 50 87 41 68 89 82 96 53 81 10 77 97 19 59 13 50 45 63 80 9 69 18 34 26 42 84 73 3 95 56 32 44 95 24 11 83 57 59 88 37 20 16 
85 38 74 97 39 18 59 18 79 80 87 12 5 80 47 30 82 41 37 65 37 31 40 99 66 96 9 53 84 28 20 68 17 94 16 55 63 27 24 41 6 10 4 62 41 50 43 22 43 80 38 31 62 29 29 27 76 38 31 11 17 51 30 34 44 46 88 
6 24 12 99 29 73 54 42 14 4 85 87 98 16 25 80 77 5 8 4 33 97 34 43 14 84 73 99 79 70 86 37 93 49 87 21 22 40 14 35 95 98 21 44 13 97 23 90 2 31 45 86 79 78 28 44 14 100 42 44 69 80 80 61 28 18 33 
49 58 47 35 52 96 56 96 9 52 18 50 5 100 46 90 31 75 70 26 88 21 68 84 42 47 15 2 26 33 87 27 90 85 61 93 80 16 40 40 20 10 41 76 61 86 18 91 61 87 17 100 7 36 83 48 34 98 2 59 30 40 85 71 24 98 63 
55 13 55 95 84 64 87 60 24 73 29 67 85 15 83 84 73 70 19 73 3 16 26 13 97 65 98 67 40 47 81 94 59 35 40 95 50 27 54 74 51 82 92 87 48 74 70 72 43 40 44 97 55 21 9 3 85 58 21 76 4 2 22 63 88 13 57 
90 91 62 15 41 95 6 79 42 31 49 65 73 88 9 21 95 29 29 49 66 87 70 93 90 71 66 4 10 79 12 99 69 25 65 62 19 70 40 12 100 40 29 24 80 37 44 26 17 73 74 34 11 43 79 100 65 44 56 27 22 19 77 43 96 42 4 
14 11 95 78 11 35 6 34 66 94 78 91 62 2 64 48 12 59 26 63 23 69 70 49 43 89 26 85 84 67 40 49 29 34 78 39 20 35 25 37 80 54 79 94 55 95 41 18 53 18 80 27 38 2 76 80 42 53 16 25 71 55 25 99 41 55 90 
12 41 14 1 21 67 79 66 73 73 6 42 25 23 73 52 60 74 79 92 15 31 7 91 53 14 68 51 6 22 40 69 14 5 69 86 23 100 51 47 72 56 88 97 30 61 100 42 86 78 85 1 60 43 43 64 8 10 66 65 83 58 34 97 62 54 34 
37 5 85 83 77 92 23 25 74 35 24 15 20 53 51 72 64 93 15 79 1 76 44 17 11 1 50 59 63 56 92 51 60 76 85 88 68 7 12 41 41 87 7 13 91 57 36 54 1 2 32 53 78 76 70 40 28 71 98 42 78 41 92 90 17 77 77 
36 35 89 28 28 27 86 40 18 94 75 71 46 77 55 99 6 82 68 45 9 90 94 3 68 34 94 57 2 22 33 89 57 73 68 84 100 5 23 17 98 49 39 44 77 45 94 34 26 61 30 87 50 23 89 69 9 34 25 62 56 10 3 12 82 70 95 
33 75 69 1 24 69 40 19 46 84 12 79 62 24 9 100 26 83 40 94 43 73 71 5 80 80 7 91 13 28 37 98 2 57 98 26 26 37 96 23 73 8 53 86 31 13 37 56 48 76 50 90 100 72 94 32 51 52 74 15 80 11 12 33 67 10 10 
44 98 6 66 70 13 71 7 43 83 43 51 30 70 52 20 22 23 65 5 73 69 78 87 48 88 99 80 7 60 90 50 57 95 68 79 59 90 85 1 72 80 3 54 1 54 25 74 76 89 78 100 57 56 39 56 95 89 36 1 48 77 3 4 23 22 34 
81 11 71 33 34 2 36 87 2 41 11 28 17 52 57 16 60 12 54 16 59 42 3 11 41 31 13 97 53 86 30 85 48 100 17 82 1 4 20 55 45 83 82 13 34 90 28 45 54 34 60 12 27 14 22 20 44 87 16 96 72 45 32 72 97 49 5 
97 4 24 3 100 58 36 12 43 26 92 88 79 25 47 90 3 13 63 22 56 49 37 52 73 34 83 44 30 83 48 78 39 23 81 38 81 16 50 23 93 93 62 71 17 9 12 71 21 75 45 28 75 33 31 47 66 14 42 47 48 41 77 38 16 57 76 
96 24 77 70 17 69 32 87 37 92 51 59 64 25 3 91 51 36 22 50 53 87 91 100 86 84 28 24 99 84 51 46 59 27 67 75 47 50 14 83 41 16 93 56 92 96 99 42 31 72 91 83 58 34 34 95 17 13 70 67 96 20 12 7 98 78 33 
44 28 98 78 20 13 71 28 4 66 26 98 48 97 88 82 6 21 68 52 89 80 22 55 28 41 66 34 39 96 18 34 75 16 12 46 80 34 73 36 51 50 33 50 98 72 31 3 45 98 55 33 30 76 88 57 68 5 42 6 52 59 92 78 26 55 76 
6 88 100 41 90 50 73 39 47 96 69 2 40 19 56 73 100 83 12 56 50 16 97 8 20 7 99 49 33 53 24 38 92 24 30 81 25 54 71 71 49 91 72 89 9 79 13 60 61 24 15 63 91 63 70 62 22 20 11 54 72 34 43 15 9 24 47 
33 77 17 4 77 7 27 65 68 6 29 27 18 52 94 32 95 8 1 56 29 20 66 82 43 52 76 9 60 99 55 93 27 23 48 4 82 26 20 1 83 49 79 1 52 72 32 46 80 85 2 60 56 67 42 51 18 69 59 30 20 66 22 46 40 21 1 
21 46 21 73 29 21 52 81 24 75 64 70 54 48 71 66 56 89 59 6 59 27 16 88 46 81 61 44 21 33 96 93 78 68 66 58 88 69 38 12 43 2 33 49 49 55 14 4 43 72 61 53 98 77 92 96 9 4 91 29 36 86 74 14 6 91 71 
93 59 61 56 1 62 40 49 62 94 14 18 89 85 78 41 35 6 85 82 15 88 24 95 76 61 68 89 66 10 11 11 68 23 66 21 84 6 21 98 51 35 15 39 71 44 32 5 50 16 38 16 55 61 10 30 22 30 70 39 39 81 49 59 3 15 31 
39 72 51 36 22 37 2 13 8 97 44 64 98 59 54 13 13 66 23 43 39 4 64 78 94 44 26 52 99 92 34 89 15 37 76 37 73 77 49 32 25 44 48 23 2 1 35 66 18 9 60 57 12 24 34 58 19 11 61 69 3 95 9 69 31 84 5 
3 12 5 87 37 100 34 59 1 86 45 19 55 54 78 11 17 53 96 74 72 7 35 92 61 81 1 29 11 84 86 65 48 42 51 84 42 36 94 94 73 38 64 28 43 42 90 12 46 86 85 69 44 71 61 4 51 61 84 13 96 21 78 43 63 80 78 
56 16 71 1 40 61 65 19 55 6 9 66 3 46 3 72 89 73 32 44 76 44 27 88 91 48 65 86 62 97 63 69 12 86 69 3 98 33 22 52 90 82 18 93 27 20 64 15 44 47 58 71 42 36 59 32 35 75 17 48 71 32 16 34 69 85 37 
66 17 10 69 7 91 38 51 17 57 14 83 53 12 40 23 53 27 33 84 14 8 53 61 78 36 29 64 4 13 52 21 81 61 89 39 51 27 89 19 35 54 1 87 65 92 62 69 70 94 5 83 1 57 96 31 92 24 46 47 88 97 67 20 57 7 59 
59 85 99 29 20 53 81 58 69 72 71 90 93 65 94 76 17 50 23 99 93 46 44 91 85 40 9 4 48 67 62 58 52 13 86 23 17 66 80 85 89 51 74 82 67 19 9 83 68 31 82 12 28 77 54 12 69 62 15 16 29 29 26 80 41 11 54 
57 29 33 93 69 35 19 50 53 37 58 36 57 40 69 68 67 45 74 78 13 35 45 81 15 73 6 46 65 68 99 21 48 84 13 17 70 83 18 23 20 28 10 76 67 78 95 34 74 68 63 39 55 59 71 69 31 76 15 95 95 65 67 43 48 32 11 
18 14 28 92 33 55 1 8 74 30 55 59 3 22 21 93 28 80 63 97 62 90 63 9 37 27 75 79 27 58 41 44 72 20 35 4 27 35 64 100 16 70 58 18 91 30 63 71 9 25 67 23 67 81 31 3 7 57 33 33 15 73 28 86 92 14 41 
18 100 56 69 15 25 26 85 68 56 47 38 16 23 56 90 89 36 20 91 94 29 23 79 95 47 6 32 91 72 72 60 71 80 29 86 4 6 70 23 13 68 60 29 90 67 18 79 2 90 21 48 70 96 26 64 42 83 95 84 54 18 96 77 49 76 62 
5 81 83 27 94 50 39 74 91 5 91 69 7 32 90 6 1 37 31 16 78 13 62 14 19 32 9 95 80 84 8 84 16 42 11 9 43 49 82 33 53 25 54 11 8 95 16 9 31 98 76 60 63 38 73 81 69 33 27 100 68 34 84 84 27 46 44 
69 46 78 53 50 54 6 13 61 100 80 21 82 78 97 42 40 86 66 72 6 51 50 5 18 35 40 53 61 85 97 81 82 74 33 32 27 91 44 39 90 23 60 24 100 8 65 91 93 82 14 50 32 63 54 50 49 46 2 9 30 50 41 12 75 74 95 
53 64 38 92 5 60 3 28 12 10 44 54 54 26 20 3 9 34 56 58 83 1 12 43 83 13 84 46 88 57 40 40 72 29 31 28 40 33 56 3 94 51 57 47 76 76 49 37 9 57 94 43 9 57 86 43 22 69 40 9 77 31 100 100 59 31 27 
51 15 34 53 61 85 9 7 12 36 8 48 97 16 94 91 24 2 76 19 23 96 58 31 24 89 31 23 99 13 50 49 79 35 2 39 19 62 98 31 50 5 30 98 72 23 88 47 25 64 65 47 11 75 30 35 63 12 57 13 76 58 14 6 93 15 97 
63 28 94 45 77 50 75 26 21 97 14 19 73 77 84 72 87 58 53 73 72 16 30 84 91 39 49 48 83 63 44 46 43 89 90 71 90 16 97 62 13 10 81 37 38 64 8 76 73 12 49 44 27 30 79 69 68 28 17 3 42 12 48 36 1 89 7 
90 5 55 52 69 64 84 57 53 47 17 28 71 28 28 14 55 57 44 23 77 71 91 79 65 3 78 100 3 18 6 44 74 12 47 42 75 30 99 79 28 15 7 98 94 86 11 48 95 55 23 71 77 65 1 41 67 30 93 21 47 50 65 21 62 11 14 
88 93 64 67 20 30 25 18 24 10 80 23 4 86 97 26 15 62 78 7 80 59 99 1 58 49 17 78 62 79 43 49 71 7 67 91 88 91 60 63 53 91 86 8 77 34 86 43 95 63 49 27 74 48 27 31 48 43 8 9 21 2 9 44 60 76 34 
48 66 45 10 70 35 47 78 63 81 15 5 27 29 54 53 2 53 31 32 52 25 91 60 46 93 20 89 4 95 74 51 13 70 13 82 56 11 11 19 43 25 75 22 54 80 26 55 84 57 87 35 81 77 46 78 21 66 18 25 60 91 27 24 12 91 6 
68 2 16 86 96 93 12 17 46 92 95 100 27 51 38 62 83 15 59 13 87 24 30 11 36 73 90 59 84 80 16 51 33 32 88 29 76 100 97 21 43 91 72 69 93 10 30 76 76 41 40 62 64 69 25 51 41 14 62 25 93 77 75 26 60 15 6 
35 14 2 55 56 45 27 76 37 88 6 64 63 46 3 76 61 24 100 64 64 13 25 40 58 1 67 35 13 81 40 47 46 93 54 1 89 32 76 26 19 33 41 33 30 96 8 43 19 60 6 34 24 82 26 81 34 44 67 46 24 58 45 69 3 98 21 
91 81 48 68 99 33 9 83 14 56 42 56 26 1 13 59 77 46 36 57 80 79 76 25 2 33 69 22 35 18 94 26 98 94 45 48 26 5 82 39 60 24 47 85 76 11 96 52 57 31 61 36 10 36 12 63 20 33 85 55 50 30 32 100 23 76 99 
48 81 81 39 92 56 37 77 83 47 24 35 55 54 47 42 63 34 54 78 53 38 14 59 39 43 42 38 18 18 89 65 50 21 55 93 76 43 21 58 42 44 44 96 98 42 38 12 75 43 89 28 80 54 38 70 97 80 60 14 49 48 30 50 68 37 42 
95 79 63 4 20 6 100 68 55 41 57 19 16 51 59 95 82 13 32 51 61 11 10 26 59 9 55 8 76 43 2 22 22 64 78 93 21 77 12 28 69 68 46 84 18 56 30 99 68 62 2 28 24 11 53 35 20 60 42 47 2 95 21 75 10 98 20 
83 26 31 10 94 51 7 30 68 62 59 19 30 72 72 9 96 34 14 30 53 73 23 52 26 18 24 53 79 73 72 61 98 54 70 43 4 28 72 24 90 83 94 71 54 17 31 1 50 44 30 55 68 5 6 46 74 81 98 52 53 21 13 50 26 34 44 
30 62 68 5 3 50 50 25 3 66 55 56 15 51 85 69 70 41 26 15 14 6 12 18 58 84 82 59 10 67 3 91 80 70 95 82 71 44 58 25 61 65 80 75 15 17 96 84 57 21 51 23 79 62 40 36 98 73 47 7 39 49 97 19 70 91 100 
40 86 10 64 98 74 44 24 40 60 19 75 68 92 25 90 70 39 29 5 36 53 3 42 92 51 38 10 72 80 61 11 17 70 27 66 43 22 89 82 81 8 57 100 99 81 90 68 19 70 24 6 23 27 47 14 29 36 23 53 67 83 15 35 53 41 100 
47 62 89 81 94 48 37 94 46 69 35 65 40 4 40 45 78 18 44 91 99 79 65 51 98 48 65 32 52 58 84 50 71 24 30 17 71 66 62 68 87 96 32 26 51 23 22 29 41 65 19 39 96 84 89 93 83 5 76 86 62 11 35 33 34 17 1 
4 82 62 71 20 57 54 45 7 77 67 87 17 83 6 7 78 41 47 22 75 51 98 12 65 8 98 49 94 14 49 97 96 10 68 67 18 73 64 76 49 82 63 17 64 20 23 42 12 21 63 86 72 12 49 88 72 46 36 65 60 84 61 7 45 80 73 
62 5 36 37 53 17 99 70 81 70 44 74 81 65 88 18 88 100 66 27 23 12 62 87 71 97 99 77 93 31 1 54 35 37 42 87 5 93 8 37 62 4 10 43 20 50 60 7 1 26 33 23 89 46 61 59 94 59 87 86 89 39 39 23 27 32 62 
32 24 21 68 38 24 30 80 43 31 91 1 31 68 85 5 56 30 65 66 23 23 4 60 64 43 50 86 69 82 99 52 57 20 72 94 43 53 25 38 83 16 38 65 35 23 69 91 4 33 8 79 55 64 38 18 58 88 56 26 21 6 30 77 25 1 71 
20 5 95 57 87 62 46 3 97 68 71 39 24 55 46 2 61 61 91 31 18 78 86 96 50 43 25 27 68 77 49 87 81 95 95 19 9 40 73 5 60 43 43 83 49 40 36 9 1 26 39 70 56 76 65 5 19 89 83 38 17 83 76 49 78 70 19 
1 0 0 1 1 0 1 1 0 0 0 1 0 0 1 0 1 1 0 1 1 1 0 0 1 0 1 0 1 0 0 0 0 1 1 0 1 0 1 0 1 0 1 1 0 0 1 1 1 0 0 0 1 0 0 0 1 1 0 0 1 1 1 0 0 0 0 
1 1 1 1 0 1 0 1 1 1 1 0 0 1 1 1 0 1 1 0 0 1 1 1 0 0 0 0 0 0 0 1 1 0 1 1 1 1 1 1 0 0 1 1 1 0 0 1 0 1 1 0 0 0 1 1 0 1 1 0 0 0 0 1 0 1 1 
1 0 0 0 1 0 0 0 1 0 0 0 0 1 1 1 0 0 0 1 0 0 0 1 0 0 1 1 0 0 0 0 0 0 0 1 0 0 1 1 1 1 1 1 1 1 0 1 1 1 0 1 1 0 0 1 1 1 0 1 1 1 1 0 1 0 1 
0 0 1 1 1 0 1 1 1 0 1 0 1 0 0 0 1 1 1 0 0 0 1 1 0 0 1 0 1 1 1 1 1 0 1 1 1 0 0 0 0 1 1 1 0 1 1 1 0 0 0 0 1 1 0 1 1 1 1 0 0 0 0 1 1 1 0 
0 1 0 0 1 0 1 0 0 1 1 1 1 0 1 0 1 0 0 0 1 1 1 0 1 1 0 0 0 1 1 0 0 1 1 1 1 0 1 1 1 0 1 1 0 0 1 1 1 1 1 0 0 0 0 1 0 0 1 0 1 0 1 1 0 0 0 
1 0 1 1 0 0 0 1 0 0 0 0 1 1 1 0 1 0 0 0 0 1 1 0 0 0 1 0 0 1 0 1 0 0 0 0 0 0 1 0 1 1 0 0 0 0 0 1 0 1 1 0 0 0 0 0 0 0 0 0 1 1 0 1 1 0 1 
1 1 0 1 0 1 0 0 1 0 1 0 0 0 1 0 0 0 0 0 0 0 1 1 0 0 1 1 1 1 1 0 0 1 1 0 1 1 1 0 1 0 1 1 0 0 1 0 0 0 0 1 0 1 0 0 1 1 0 0 0 1 0 1 0 0 1 
1 1 0 0 1 0 1 0 0 1 0 0 0 0 1 1 0 0 1 1 0 0 1 0 0 0 1 1 0 1 1 0 0 1 0 1 0 1 0 0 0 0 1 0 0 0 1 0 0 0 1 0 0 0 1 1 0 0 0 1 1 1 1 1 1 1 1 
1 0 1 1 0 1 0 1 1 0 0 1 1 1 1 1 1 1 0 0 0 0 1 1 1 0 0 1 1 1 0 0 1 1 0 1 0 0 0 1 1 1 0 0 0 1 1 1 1 0 0 1 0 1 0 0 1 0 1 1 1 1 1 0 0 1 1 
0 0 0 1 1 1 1 1 1 1 0 0 0 0 0 1 1 1 1 1 1 1 0 0 0 1 1 0 1 1 1 1 1 1 0 0 0 1 1 1 0 1 0 0 0 0 1 1 0 0 0 1 1 0 1 1 1 0 1 0 1 1 1 0 0 1 0 
1 0 1 0 1 1 0 1 1 1 1 0 1 1 0 0 1 0 1 0 1 1 0 1 1 1 0 1 1 1 0 0 1 1 1 0 0 1 0 1 0 1 1 1 0 1 1 1 1 0 0 0 0 0 1 1 1 1 0 0 0 0 1 0 0 0 0 
0 1 0 0 0 1 1 1 0 1 1 1 0 1 1 1 1 1 0 0 0 0 1 1 0 1 0 0 1 0 1 0 1 1 0 1 1 1 1 1 0 0 0 1 1 0 0 1 1 0 1 0 0 0 1 1 0 1 1 1 1 0 1 0 0 1 0 
1 1 1 0 1 1 0 0 0 0 0 1 0 1 1 0 1 1 1 0 1 0 0 1 1 0 0 1 0 0 1 1 1 0 1 0 1 0 1 0 0 1 1 0 0 0 0 0 0 1 0 1 1 0 0 0 1 1 0 1 1 1 1 0 0 0 0 
1 0 1 1 1 1 1 1 1 1 0 1 1 1 0 1 1 0 1 1 1 0 1 1 1 1 0 1 1 0 0 0 1 1 0 0 0 1 1 0 0 1 1 0 1 1 1 0 0 0 1 1 1 1 0 0 0 0 0 1 1 0 1 0 1 1 0 
0 0 1 0 1 1 1 1 0 1 0 0 1 0 1 0 1 0 1 0 0 1 0 1 0 0 1 0 1 0 0 1 1 0 1 0 1 1 1 1 0 1 1 1 1 0 1 1 1 0 1 1 0 1 1 0 1 0 1 0 0 1 0 1 1 1 1 
0 0 0 1 0 1 0 1 1 1 1 0 0 1 1 1 1 0 0 0 1 0 1 1 1 0 1 0 0 1 0 0 1 0 0 0 0 0 1 1 1 0 1 1 0 0 1 1 0 1 1 1 0 0 0 1 1 0 1 1 1 1 1 0 0 1 0 
0 0 0 1 1 0 0 1 0 0 0 0 0 1 1 1 1 0 1 0 1 1 0 0 0 1 1 1 1 1 1 1 1 1 0 0 0 0 1 0 0 1 0 0 1 0 1 0 0 1 1 1 0 1 1 1 0 0 0 0 1 1 1 0 1 0 1 
1 0 0 1 1 0 0 1 1 0 1 1 0 0 0 1 0 1 0 1 0 0 1 0 0 1 1 0 0 1 1 1 0 0 0 1 0 0 0 1 0 1 0 0 1 1 1 0 0 1 1 0 0 1 0 0 0 0 0 0 1 0 1 1 0 1 0 
0 0 1 1 0 0 1 1 0 0 0 0 1 0 1 1 0 0 0 0 0 0 0 0 1 0 1 1 0 1 1 0 1 0 1 1 1 1 0 1 1 1 1 0 1 0 0 1 1 0 1 1 0 1 0 1 0 1 0 0 0 0 1 1 0 0 1 
1 1 1 0 1 0 1 1 1 0 1 0 1 1 1 0 1 1 0 1 1 0 1 1 0 1 0 0 0 1 1 1 0 0 0 1 1 1 1 0 1 0 1 0 0 0 1 1 1 1 0 0 1 0 0 0 1 0 0 1 1 1 1 0 1 1 1 
0 0 0 1 0 1 0 0 1 0 1 0 0 1 1 0 0 1 0 0 0 1 0 0 0 1 1 0 1 0 0 1 0 0 0 0 1 0 1 0 1 0 1 1 1 0 1 0 1 0 0 1 1 1 1 1 0 0 0 1 0 0 1 1 0 1 1 
0 0 0 0 1 1 1 0 0 1 1 0 0 1 1 0 0 0 1 0 0 0 0 0 0 0 1 1 0 0 1 0 0 1 1 1 0 0 1 1 0 1 1 0 0 0 0 1 0 0 1 1 0 1 1 0 1 0 0 1 0 1 0 1 0 1 0 
1 1 0 0 1 1 1 0 1 0 0 0 0 0 1 1 0 0 0 1 1 0 1 1 1 0 1 0 0 0 0 1 1 0 1 1 1 1 1 1 1 1 1 1 0 1 1 0 1 1 1 1 0 0 0 1 0 1 1 1 1 1 0 0 0 0 1 
1 1 0 0 0 0 0 1 0 1 0 0 0 0 0 1 0 0 1 1 1 0 0 0 1 1 0 0 1 0 1 1 1 0 1 1 0 1 1 0 0 1 0 1 1 0 0 1 1 0 0 0 0 0 0 0 0 0 0 1 1 1 0 0 1 0 0 
1 1 1 1 0 0 0 1 0 0 1 1 1 1 0 1 0 0 1 0 0 0 0 0 1 1 0 1 1 0 1 0 0 0 0 0 1 0 1 1 0 0 0 0 0 0 1 0 1 1 0 1 1 0 1 0 1 0 1 0 0 1 1 0 1 1 0 
0 1 1 1 1 0 0 1 0 0 1 0 1 0 0 1 1 0 0 1 1 0 0 0 1 1 1 1 1 0 0 1 1 1 1 0 1 1 0 1 1 1 1 1 1 1 0 0 1 0 1 1 1 1 1 0 1 0 1 0 0 1 1 1 1 0 1 
0 1 1 0 1 0 1 0 1 1 0 1 0 0 0 1 1 0 0 1 1 0 1 1 0 0 0 1 1 1 1 0 0 0 0 1 1 1 1 0 0 1 0 1 0 0 0 1 0 1 1 1 1 0 0 0 0 1 1 0 0 0 0 0 1 0 0 
0 1 1 0 0 1 0 1 1 1 1 0 1 0 1 1 0 1 1 0 0 0 1 0 0 0 0 1 1 0 1 1 1 0 1 1 1 0 0 0 1 0 1 0 0 0 1 0 0 1 0 0 1 0 0 0 0 0 1 1 0 0 0 1 0 1 1 
0 1 1 0 0 1 1 1 0 0 0 0 0 1 1 0 1 1 0 1 1 0 0 0 0 0 0 1 0 1 0 0 1 0 1 1 1 0 0 1 0 1 0 0 0 1 0 1 0 0 0 1 0 0 1 0 0 1 0 1 0 0 1 1 0 0 1 
0 1 1 1 1 0 1 0 1 0 0 0 0 1 1 1 1 1 0 0 0 1 0 1 0 0 0 1 1 1 0 1 0 0 0 1 0 0 1 1 0 0 0 1 1 1 0 0 0 1 0 0 0 0 1 0 1 0 0 0 1 0 1 1 0 1 0 
1 1 0 0 0 0 0 1 1 1 1 1 0 0 0 0 1 0 0 1 1 0 1 1 1 0 0 0 0 0 0 1 1 0 0 1 0 0 0 1 0 0 1 0 0 1 0 1 1 0 1 1 0 0 0 1 0 1 1 1 1 0 0 0 0 0 0 
1 1 0 0 1 0 1 1 1 0 1 0 0 0 1 1 0 0 1 0 0 0 1 1 1 1 0 0 0 0 0 1 1 0 1 0 1 1 1 0 1 1 0 1 1 0 0 1 0 0 1 0 0 1 0 0 0 0 0 0 0 0 1 0 0 1 0 
1 0 0 1 1 1 0 1 0 0 1 1 0 1 1 0 0 0 0 0 0 0 0 1 1 0 0 1 0 1 1 0 1 1 1 1 0 1 0 0 1 1 0 1 1 1 0 1 1 0 1 1 1 1 0 0 1 1 1 1 0 0 1 0 0 1 1 
0 0 1 1 0 0 1 1 1 0 1 0 1 0 1 0 1 0 1 1 1 0 0 1 0 0 0 0 0 1 1 1 0 0 0 0 1 1 1 0 1 1 1 0 1 0 0 0 1 1 1 0 1 1 1 0 1 0 0 0 1 0 1 1 0 1 1 
1 0 1 0 1 0 1 1 1 1 1 1 0 1 0 1 0 1 0 0 0 0 1 0 0 1 1 1 1 0 1 1 0 0 1 1 0 0 0 1 1 0 0 0 1 0 1 1 1 1 0 1 0 1 0 0 0 1 1 1 0 0 0 0 0 1 0 
0 1 0 1 1 0 1 1 1 1 0 1 0 1 1 0 1 0 0 1 0 1 1 1 1 1 0 0 0 1 0 0 1 0 0 0 1 1 1 0 1 1 1 1 0 0 1 0 0 1 1 0 1 0 0 0 0 0 0 0 1 0 0 0 1 0 0 
0 0 1 0 1 0 0 0 1 0 0 1 1 1 0 1 0 1 1 1 1 1 1 1 1 0 1 1 1 0 0 1 0 1 1 1 0 1 1 1 0 1 0 1 1 0 0 1 1 0 0 0 1 0 1 0 0 1 0 1 1 0 0 1 1 1 0 
1 1 1 0 1 1 0 0 0 1 0 1 0 0 0 1 0 0 0 0 0 1 0 1 0 0 1 1 0 0 1 1 1 1 0 0 0 0 0 0 1 1 1 0 1 1 1 1 1 1 0 1 1 0 0 1 1 1 1 1 0 0 0 1 1 0 0 
1 1 0 1 0 1 1 0 1 0 1 0 0 1 0 1 0 1 0 1 0 1 0 1 1 1 1 1 0 0 1 0 1 1 1 1 1 0 0 0 1 1 0 1 0 1 0 0 0 0 0 0 0 0 1 1 1 0 0 0 0 1 0 1 1 1 1 
0 0 1 0 1 0 0 0 1 1 0 1 1 1 1 1 1 0 0 0 1 1 1 1 1 0 1 1 1 1 0 1 1 1 1 0 1 0 0 0 1 0 0 1 1 1 0 0 1 1 1 1 0 0 0 1 0 0 0 0 1 0 1 0 1 1 0 
1 1 0 1 0 0 1 1 0 1 0 0 0 1 1 1 1 1 0 0 0 0 1 0 1 1 1 1 1 0 1 0 1 1 1 0 1 1 1 1 0 1 0 0 0 1 0 1 1 0 0 1 0 1 1 1 0 0 0 1 1 1 1 0 0 1 0 
1 0 0 1 0 1 1 0 0 0 0 1 1 0 1 0 0 0 1 1 1 0 1 0 1 0 0 1 0 1 0 0 1 0 1 1 1 0 1 1 0 0 1 0 0 0 0 1 1 0 0 0 0 0 0 1 0 0 0 1 1 0 1 0 0 0 1 
0 0 1 1 0 1 0 0 1 1 1 0 0 1 1 0 1 1 0 0 1 1 0 0 0 1 1 1 1 1 0 1 1 1 1 0 0 1 0 0 0 1 0 0 0 1 0 1 0 1 1 0 0 0 0 0 1 0 1 0 1 0 0 1 1 1 1 
0 0 1 0 1 1 0 1 1 0 0 1 0 1 0 0 1 0 1 1 1 1 1 0 0 1 0 1 0 1 0 0 1 0 0 0 1 1 0 0 1 0 1 1 1 0 0 0 0 1 1 0 0 0 0 0 1 0 0 0 1 0 0 0 0 1 1 
1 0 1 0 1 1 1 0 0 1 0 0 0 1 1 0 1 0 0 0 1 0 0 1 1 0 0 1 1 1 0 0 1 1 0 0 0 0 0 0 1 1 0 1 0 0 1 0 0 1 0 1 1 0 1 0 0 1 0 1 0 0 0 1 0 0 1 
0 0 1 1 0 0 1 1 1 1 1 1 1 0 1 1 0 1 0 0 1 1 0 1 1 1 1 0 1 1 1 1 0 0 0 0 1 0 1 0 1 0 1 1 1 0 0 1 1 0 1 0 1 0 1 0 1 0 0 0 0 1 1 0 1 0 0 
0 0 1 0 1 0 1 0 1 1 0 0 0 0 1 1 1 1 0 1 0 1 1 0 1 0 0 1 0 0 1 0 0 0 1 1 0 0 0 1 0 0 1 0 1 1 1 0 0 0 0 1 1 1 1 0 0 1 1 0 1 0 0 1 0 1 1 
1 0 1 0 0 1 0 0 0 1 0 1 1 0 1 0 1 0 0 1 0 1 0 0 1 0 1 0 0 0 1 1 0 0 0 0 0 0 1 0 1 1 1 0 1 0 1 0 1 1 1 1 0 1 0 1 1 1 0 1 1 1 1 0 0 1 0 
0 1 1 0 0 0 0 0 1 0 1 1 1 0 0 1 1 1 1 0 0 0 0 0 1 0 1 1 0 0 0 0 1 1 0 1 0 0 1 1 1 1 1 0 1 1 1 0 1 0 1 1 0 1 1 0 1 0 1 1 0 1 1 1 1 0 0 
1 0 0 0 1 1 1 0 0 1 1 1 0 0 0 1 0 1 1 0 1 1 0 0 0 1 0 1 0 0 0 1 0 0 0 0 1 1 0 1 0 1 0 0 1 0 0 0 0 1 0 1 0 0 1 0 0 1 0 0 1 0 0 0 0 0 0 
1 1 0 0 0 1 1 0 1 1 0 1 1 1 1 0 0 0 0 0 0 1 0 0 1 0 0 1 0 0 1 1 0 1 0 0 0 1 0 1 0 1 0 0 0 0 0 0 0 0 1 0 0 1 0 1 0 1 0 0 1 1 0 1 0 0 1 
