61 48 2817
94 50 78 76 30 86 97 24 52 65 71 23 35 80 69 76 54 11 4 83 4 68 34 77 13 98 100 94 50 20 11 95 21 88 71 50 26 19 25 77 84 95 51 18 27 20 46 32 
82 49 66 85 16 99 13 81 97 12 74 98 83 84 92 4 24 14 5 49 85 82 77 68 28 28 37 6 99 82 38 80 83 3 16 98 2 81 30 50 92 56 99 27 91 42 82 14 
8 38 14 92 19 91 11 99 18 47 4 16 81 93 47 63 48 14 12 1 94 42 2 38 97 100 16 39 93 97 53 100 34 66 43 5 56 53 55 25 100 58 92 80 3 38 42 50 
4 5 50 97 98 51 86 46 2 1 85 94 97 37 46 83 54 88 39 10 41 93 86 92 2 78 23 4 67 16 5 22 20 6 19 18 8 56 63 9 57 47 55 5 83 52 87 37 
39 25 98 31 17 35 74 19 64 96 74 83 11 79 4 31 84 74 48 92 30 62 52 86 9 6 90 43 9 29 31 48 53 80 30 22 15 4 40 30 99 65 12 10 43 16 92 27 
89 91 70 70 52 21 55 60 79 97 55 87 25 85 86 77 17 68 50 83 71 41 12 21 6 76 82 48 91 73 26 31 15 95 1 67 68 7 78 98 3 32 84 27 69 22 56 85 
89 5 19 11 98 30 31 3 5 65 2 47 89 28 30 4 74 30 70 93 36 47 90 91 31 26 69 51 47 24 35 87 81 5 97 30 34 79 32 91 43 33 37 32 12 66 35 86 
47 4 78 35 2 20 25 84 45 93 34 91 69 20 29 1 24 25 30 58 3 13 48 46 45 36 77 57 2 63 94 100 66 23 34 19 42 58 3 86 3 36 28 23 56 56 23 31 
32 4 88 35 16 87 32 60 23 8 68 76 70 61 75 87 36 61 57 77 18 59 15 72 47 94 94 54 2 16 84 33 71 24 67 86 62 98 98 36 57 65 11 78 78 38 16 65 
98 73 41 67 83 7 39 81 1 84 86 2 52 70 34 22 45 53 8 6 50 57 42 59 21 4 36 50 93 4 14 90 76 7 9 10 13 99 91 65 82 76 66 85 97 52 7 93 
4 66 99 5 22 92 15 94 95 51 44 88 54 9 29 81 15 37 90 80 87 32 44 21 60 62 5 56 13 11 1 68 28 99 24 49 90 39 43 36 41 38 23 46 98 4 26 65 
40 67 44 79 51 39 99 10 52 3 17 64 66 17 83 93 15 7 42 56 97 36 92 37 25 66 82 74 69 7 38 61 25 33 39 75 24 37 84 75 91 53 91 56 69 73 1 36 
31 94 91 27 81 34 63 5 100 96 30 68 2 68 80 79 52 18 53 75 6 89 50 49 41 40 4 9 64 4 96 95 97 39 73 77 72 88 33 23 83 63 43 37 82 22 15 33 
92 19 8 97 7 57 45 99 48 1 60 11 56 55 57 5 93 30 33 17 69 66 39 51 80 81 39 61 55 5 45 46 76 52 94 34 60 91 33 7 91 92 70 46 98 26 2 43 
7 35 59 27 52 49 30 31 82 68 43 36 25 39 33 100 43 26 33 2 16 65 61 58 8 82 4 58 59 57 100 66 91 10 44 42 10 73 24 91 93 18 78 69 57 10 68 99 
36 100 52 3 17 64 61 76 45 16 85 4 72 36 21 15 45 64 8 7 89 32 97 81 1 75 49 9 36 68 59 23 19 11 26 87 74 38 15 19 5 99 74 76 35 94 42 31 
57 50 37 97 81 86 29 33 12 29 42 47 96 100 22 15 62 99 1 36 36 15 6 40 66 79 67 52 72 9 82 80 58 71 77 90 8 5 22 19 34 15 17 81 15 90 95 76 
88 48 63 75 14 68 66 31 98 33 82 69 93 16 1 2 86 29 91 93 85 64 63 70 31 31 51 97 21 97 72 60 96 87 35 10 6 100 92 4 84 74 24 28 89 24 29 26 
4 71 70 89 35 32 58 17 14 60 13 34 57 36 94 52 22 80 13 28 79 5 83 15 30 6 42 18 82 71 43 85 41 12 25 27 95 35 43 8 94 7 94 2 43 87 6 64 
18 18 43 96 74 25 62 3 83 4 72 64 74 66 100 66 29 77 45 23 11 39 83 56 46 76 58 88 14 63 3 31 32 46 78 6 22 40 60 4 43 84 19 68 49 19 85 78 
95 81 52 57 20 34 12 65 61 69 4 74 83 6 56 15 3 34 20 25 73 31 28 67 66 99 86 67 17 22 96 63 3 47 71 22 33 82 38 93 3 41 19 85 98 74 99 1 
7 70 77 31 53 56 49 18 54 86 84 70 8 79 84 62 78 54 35 10 88 72 54 90 64 72 26 61 46 25 13 4 46 89 35 50 45 35 68 98 21 3 20 80 34 55 41 63 
9 75 24 48 98 77 37 61 1 14 73 98 90 86 1 36 26 87 37 70 22 56 20 42 59 91 21 44 45 13 6 53 87 81 52 84 57 88 96 9 54 68 6 43 5 7 78 31 
93 15 52 66 22 71 7 80 61 79 75 6 43 32 10 29 12 62 64 21 1 11 29 54 79 35 97 35 41 26 65 85 92 17 51 14 39 9 45 100 40 72 57 82 3 18 63 67 
31 26 87 32 89 15 37 19 1 85 53 41 63 18 78 6 86 28 19 24 88 16 75 27 39 31 9 41 1 71 59 31 48 45 14 36 12 51 54 12 87 7 5 49 76 34 55 61 
61 25 84 100 92 59 27 30 41 35 23 41 57 33 24 4 78 37 92 41 39 97 4 26 55 60 26 30 93 32 42 5 9 78 5 100 36 31 82 28 17 56 21 73 88 44 28 17 
80 19 9 19 16 13 96 22 72 21 52 65 53 93 69 61 70 73 12 57 55 45 37 71 100 57 43 40 52 71 56 31 41 65 1 8 29 96 30 100 69 33 64 21 25 85 33 47 
9 44 55 64 41 91 34 40 99 29 79 50 51 87 33 91 3 33 51 31 81 80 30 49 12 46 21 88 82 53 86 90 48 41 53 88 83 39 80 34 19 58 83 69 96 67 11 98 
100 61 28 32 92 10 80 55 7 100 95 88 52 80 77 51 72 82 39 7 72 18 40 90 27 74 58 23 41 68 72 92 81 52 23 72 61 2 79 67 53 73 6 4 4 82 6 76 
15 44 34 86 13 25 75 40 98 84 14 90 4 37 81 84 88 3 7 100 56 85 18 8 57 23 63 61 57 69 88 23 64 21 9 77 45 35 68 94 71 33 84 74 69 64 57 57 
19 15 8 26 100 26 34 56 100 48 68 8 16 55 31 32 27 91 8 23 77 75 17 47 7 100 20 27 15 28 35 85 43 43 11 94 20 96 1 19 43 69 27 11 75 9 42 2 
99 1 24 75 27 40 22 33 91 93 59 58 73 94 42 67 88 52 60 7 47 60 77 42 28 55 4 55 63 97 56 13 97 31 88 23 23 61 7 13 5 17 22 77 62 64 95 49 
15 54 7 14 66 84 7 45 90 10 99 53 6 54 17 2 37 56 76 59 68 82 23 73 50 45 1 12 8 96 12 74 1 19 87 66 54 45 11 43 54 9 47 11 15 16 64 51 
71 39 61 39 72 83 63 22 79 63 85 86 10 96 12 11 66 50 28 71 95 90 66 48 99 64 59 65 79 22 67 50 13 79 40 84 61 2 57 92 16 41 29 78 89 40 40 6 
90 67 77 36 57 42 83 7 5 93 23 84 67 41 85 79 19 24 14 31 77 23 22 92 63 51 69 3 42 60 9 83 27 85 18 35 78 53 93 82 97 15 17 63 55 1 93 73 
76 7 55 52 29 77 96 43 79 16 98 72 76 6 55 54 42 72 88 19 76 80 100 73 46 17 35 52 69 80 76 45 38 30 48 66 58 43 60 36 11 57 8 38 14 62 91 55 
85 30 73 13 9 25 85 6 41 71 57 61 50 32 5 87 13 5 4 71 47 16 6 9 24 65 46 38 78 36 44 15 65 17 27 25 41 11 30 33 33 38 93 35 21 50 73 34 
54 77 4 52 44 61 61 67 26 6 56 3 94 100 17 10 68 43 35 8 5 16 92 90 6 36 24 26 37 96 59 90 24 14 94 19 75 54 38 100 11 93 54 56 44 71 66 11 
65 52 70 22 67 61 11 72 49 86 50 85 81 60 27 5 74 20 23 48 25 60 47 87 5 100 43 48 22 60 11 39 11 80 60 29 93 22 53 41 7 2 77 87 61 3 43 86 
74 18 33 98 29 31 37 85 83 31 33 4 90 95 94 52 74 53 80 18 74 84 10 32 37 87 19 50 41 13 35 15 30 20 64 11 50 100 95 32 30 79 88 71 73 33 22 47 
86 54 16 11 89 26 43 26 12 13 75 4 25 61 18 7 80 34 17 30 85 63 13 67 42 52 37 14 85 11 12 22 16 28 32 4 53 26 81 16 90 7 19 15 68 89 73 47 
22 41 28 6 3 93 72 44 44 61 10 80 71 21 1 38 100 85 41 52 62 22 19 52 80 38 18 47 26 90 46 99 30 73 4 84 65 28 28 61 88 89 92 10 61 93 47 61 
29 87 64 42 60 83 93 40 72 10 38 97 99 83 47 80 56 50 64 72 29 43 84 16 83 76 25 43 20 71 3 100 10 67 41 21 1 34 12 72 95 50 20 46 32 66 25 39 
67 40 63 48 34 46 63 16 73 40 59 92 62 13 43 71 31 84 44 31 69 55 54 63 4 73 8 88 90 85 26 9 76 40 56 10 86 70 77 10 9 35 54 71 100 96 93 30 
31 88 13 99 43 66 62 98 91 21 85 80 5 11 88 81 50 95 42 87 65 18 97 73 5 50 95 4 97 40 33 28 27 45 26 21 63 39 19 53 12 3 84 16 65 24 48 67 
18 89 53 82 59 1 7 63 2 53 66 51 44 50 78 23 47 55 43 9 46 61 13 57 16 96 72 80 71 72 46 89 12 51 22 70 3 80 32 57 85 97 7 28 99 84 50 45 
90 93 5 35 5 17 91 72 64 15 52 35 38 49 75 49 51 96 19 54 28 2 62 12 51 68 39 49 3 41 45 92 85 49 79 89 17 21 61 80 87 64 66 76 12 40 25 15 
88 95 20 15 48 81 26 98 48 16 98 2 56 42 45 40 42 23 81 58 96 93 38 34 56 55 10 19 95 34 33 82 80 52 48 27 84 25 77 31 40 74 32 96 16 77 87 57 
51 67 67 98 59 56 32 66 10 41 85 4 26 69 37 57 73 84 83 56 8 11 39 100 85 22 47 52 50 33 60 1 100 26 98 10 81 29 76 91 21 12 46 46 32 83 2 4 
18 37 12 78 47 50 77 31 71 23 82 21 55 42 73 6 19 70 68 100 51 95 90 23 6 35 69 89 69 22 93 87 58 4 64 5 5 92 87 75 14 21 47 20 14 19 26 32 
41 45 83 43 39 72 65 96 59 85 84 27 7 28 65 64 31 80 20 35 71 59 62 84 31 8 4 44 79 81 27 19 77 10 13 15 33 77 62 43 62 45 22 20 73 86 83 55 
18 55 42 88 13 3 24 43 62 79 38 92 59 16 62 87 77 74 1 10 3 14 52 16 58 25 35 82 11 69 89 28 23 30 67 87 84 90 81 97 68 70 89 78 38 50 64 14 
24 16 75 78 29 79 93 39 3 79 20 13 47 8 92 22 89 59 8 72 100 41 69 68 62 57 97 99 58 61 13 33 76 87 10 57 65 54 95 68 32 66 32 79 26 76 100 14 
86 59 86 85 51 6 4 13 14 1 63 71 61 75 4 88 14 13 44 78 67 90 97 50 56 81 28 81 56 79 94 41 90 31 77 92 36 81 56 49 81 19 72 93 45 75 80 58 
39 76 88 57 65 84 7 72 64 34 52 71 65 98 63 6 28 40 97 16 20 53 16 52 23 87 44 67 13 75 25 52 50 64 8 67 47 14 38 63 100 90 85 16 39 48 21 18 
87 17 33 58 21 1 9 95 87 52 62 52 26 38 3 28 1 62 94 99 76 31 13 27 72 98 42 62 45 62 80 83 30 12 40 3 64 100 97 51 51 10 54 28 47 56 55 99 
69 100 50 96 31 62 22 54 11 15 16 7 76 95 89 58 58 80 60 22 79 8 24 81 18 29 61 64 84 67 15 4 67 64 100 49 77 21 54 88 36 69 94 63 15 35 72 25 
66 31 98 97 39 73 29 8 1 89 71 36 56 37 39 74 100 38 22 29 11 75 16 98 96 61 60 62 95 84 86 13 14 35 9 4 7 37 11 7 78 34 42 85 70 33 58 22 
70 79 50 32 5 17 29 100 77 41 62 24 24 99 36 89 86 96 93 92 84 55 51 61 88 44 45 10 76 2 83 98 32 84 29 37 100 10 88 76 50 1 51 25 52 86 13 37 
81 57 80 65 12 30 77 51 26 74 12 53 27 46 50 59 29 31 47 28 40 86 56 41 87 6 65 90 92 77 26 24 34 57 40 97 39 69 99 64 42 11 16 68 56 18 78 37 
48 24 64 39 10 19 79 48 77 43 37 20 71 14 43 4 70 35 52 8 3 51 23 96 13 39 63 20 8 41 56 55 16 72 93 77 42 23 24 18 65 12 37 35 77 32 91 47 
1 1 1 1 1 0 0 1 0 0 1 1 0 0 1 0 1 1 0 1 1 0 0 1 1 1 1 0 0 1 0 1 1 1 0 0 1 0 0 1 0 1 0 1 1 1 1 1 
0 1 0 1 1 0 0 1 1 0 1 1 1 1 0 0 0 0 1 0 0 1 1 1 0 0 0 1 1 1 0 0 0 0 1 0 1 0 1 0 0 0 0 1 1 0 0 1 
1 1 1 1 0 1 0 0 1 0 1 0 1 0 0 0 0 0 0 1 0 1 0 0 1 0 1 0 0 1 1 1 0 1 1 0 0 1 0 1 0 0 1 1 0 0 1 0 
0 1 0 0 0 0 0 1 0 1 1 0 1 1 0 1 0 1 0 0 0 0 1 0 0 0 0 0 0 1 1 0 1 1 0 1 1 0 1 1 0 0 1 1 1 1 0 1 
0 0 1 1 1 0 1 1 1 1 0 1 1 1 0 0 0 0 1 1 1 0 0 1 1 1 0 0 1 0 0 1 1 1 0 0 0 0 1 1 1 1 0 0 0 0 0 0 
1 0 1 0 0 1 1 1 1 1 0 0 1 0 1 0 1 0 0 1 0 0 0 1 1 1 0 0 1 0 0 0 0 0 0 1 1 1 0 0 0 0 0 0 0 0 0 0 
0 1 1 0 1 0 1 0 1 1 0 0 0 1 1 0 1 1 1 0 1 0 1 1 0 1 1 1 1 0 1 1 1 0 1 0 0 1 0 1 0 1 0 0 0 1 1 1 
0 0 1 1 0 0 1 1 0 0 0 1 0 1 1 1 1 0 1 0 1 0 1 0 1 1 0 1 0 1 0 1 0 1 0 0 0 1 1 0 0 1 1 0 0 0 0 0 
1 1 0 0 1 1 0 0 1 1 1 1 0 1 0 0 1 1 1 1 0 0 1 0 0 0 1 0 1 1 0 0 0 0 0 0 0 1 0 1 0 0 0 0 1 1 1 0 
0 0 1 0 0 0 1 0 1 0 1 0 1 1 0 1 0 0 1 0 1 0 1 1 0 1 0 1 0 1 0 0 1 1 1 1 0 0 0 1 0 1 1 1 0 1 0 0 
1 0 0 1 0 1 0 0 1 0 1 1 1 1 0 0 1 1 0 1 1 0 0 1 1 1 0 1 0 0 0 1 0 0 0 0 0 1 0 1 1 0 0 1 1 0 1 0 
1 1 1 0 1 1 1 0 0 1 0 0 0 0 0 0 0 0 1 0 1 1 1 1 1 0 0 1 0 1 1 0 1 1 0 0 0 0 1 1 1 1 1 1 1 1 0 1 
0 1 0 1 0 1 0 0 1 0 1 0 0 0 0 1 1 0 1 0 0 0 1 0 1 0 1 0 0 1 0 0 0 0 1 1 1 0 1 1 0 0 1 0 0 1 1 0 
1 1 0 0 1 1 0 1 1 1 1 1 1 1 1 1 1 1 0 1 1 1 0 1 1 1 0 0 0 1 0 1 0 0 1 0 1 1 1 0 1 0 0 0 0 1 1 1 
0 0 0 1 1 0 1 1 1 1 1 1 0 1 1 1 1 0 1 0 0 0 0 1 0 0 1 0 0 0 0 0 0 0 0 0 1 1 1 0 0 0 0 0 1 1 1 0 
1 0 0 1 0 0 0 1 1 1 1 1 0 1 1 0 0 1 0 1 0 1 1 0 1 1 1 0 0 0 0 0 1 0 1 1 1 0 0 0 1 0 1 1 1 0 0 1 
0 0 0 0 0 0 1 1 1 0 0 0 0 0 0 1 1 1 1 0 1 1 0 1 1 1 0 1 1 0 0 1 1 1 0 1 1 1 0 0 1 0 0 1 1 0 1 0 
0 0 0 1 1 0 0 1 1 1 0 0 1 0 0 0 1 0 1 0 1 0 1 0 0 1 1 1 0 0 1 0 0 1 1 0 1 0 1 0 1 1 1 0 1 1 1 1 
1 0 1 0 0 0 0 1 0 1 0 0 0 0 0 0 1 1 0 1 1 1 1 0 0 0 1 0 1 0 1 0 0 0 0 1 1 0 0 1 0 0 1 0 0 1 0 0 
0 1 1 0 0 0 0 1 1 1 1 0 1 0 1 0 0 1 1 1 0 1 0 0 1 1 0 0 0 0 0 1 1 1 1 0 1 1 1 0 1 0 1 0 0 0 0 0 
1 1 0 1 0 0 1 0 0 1 0 0 0 0 1 1 1 0 1 0 0 0 1 1 0 0 1 0 0 0 1 1 1 1 1 0 1 0 0 1 0 0 0 0 0 1 1 1 
0 1 1 0 1 0 1 0 0 0 0 0 0 1 0 0 0 1 0 0 1 0 1 1 0 1 1 0 1 1 1 1 0 0 1 1 1 0 1 1 0 0 0 1 1 0 1 0 
1 1 0 0 1 1 0 1 1 1 1 0 0 0 1 0 0 0 0 1 0 1 1 0 1 1 1 1 1 0 1 0 1 1 0 0 0 0 1 1 0 0 1 0 0 0 1 1 
0 1 0 0 0 1 1 0 0 0 1 1 1 0 1 0 1 0 1 1 0 0 1 0 1 0 1 1 1 0 0 1 1 1 0 1 0 1 1 1 1 0 0 0 0 0 1 1 
0 0 1 0 0 0 1 1 0 0 1 1 0 1 1 1 0 1 0 1 0 0 0 1 0 0 0 1 0 1 0 0 1 1 1 1 1 0 1 0 0 0 1 0 1 0 1 0 
1 1 1 1 1 1 1 0 1 1 1 0 0 1 0 1 1 1 0 0 1 1 0 1 1 0 1 1 0 0 1 0 0 0 1 1 1 0 1 0 1 0 0 1 0 1 0 1 
0 1 1 0 0 0 1 0 0 1 1 0 1 0 0 1 0 0 1 1 0 0 1 0 1 0 1 1 1 0 0 1 1 1 1 1 1 1 1 1 0 0 0 1 0 0 1 0 
0 0 1 1 0 1 1 1 1 0 0 0 0 0 1 1 0 1 1 1 0 0 1 0 1 1 1 1 1 0 0 0 0 1 1 1 0 0 0 1 0 1 1 1 1 1 0 1 
0 1 1 0 0 0 0 1 1 1 0 0 0 0 0 0 0 1 1 0 1 0 0 0 1 1 1 0 0 1 0 0 1 1 0 1 1 0 0 0 0 0 0 0 1 1 0 1 
0 0 1 0 0 1 0 1 1 1 1 1 0 1 0 1 0 0 0 1 1 0 1 1 1 0 1 0 1 1 1 1 1 0 1 1 0 1 0 1 0 0 0 1 1 0 0 0 
1 1 1 0 1 1 1 0 1 0 0 0 1 1 1 1 0 1 0 0 0 1 1 1 1 1 0 0 0 0 0 1 1 0 1 1 1 0 1 0 0 0 0 1 1 1 0 1 
0 1 1 1 0 0 0 1 0 0 1 0 0 0 1 0 0 0 1 1 0 0 1 0 0 1 1 0 0 0 1 1 1 1 0 1 1 0 0 1 0 1 1 0 1 0 0 1 
0 1 0 0 0 1 0 0 0 0 0 1 0 0 0 1 1 0 0 0 0 0 0 0 1 1 0 1 0 1 0 0 0 1 1 0 0 1 1 1 1 1 0 1 1 0 0 0 
0 0 1 0 0 1 0 0 0 0 1 0 1 1 1 0 0 0 0 1 1 1 0 1 1 0 0 0 0 1 1 0 1 0 0 0 1 0 0 1 0 1 0 0 0 1 0 1 
1 0 0 0 0 0 1 1 0 0 1 0 1 0 0 0 0 0 0 1 0 0 1 0 1 1 0 0 0 0 1 1 1 1 1 1 1 1 0 1 1 1 1 0 0 1 0 0 
1 1 0 1 1 1 1 1 0 0 1 0 0 0 1 1 1 0 0 0 1 0 1 0 0 0 0 0 1 1 0 0 0 0 1 1 1 0 0 1 0 1 1 1 1 0 0 0 
1 1 0 0 1 1 1 1 1 1 1 0 0 0 0 0 0 1 0 0 0 0 1 0 0 1 1 1 1 0 0 0 1 0 1 0 0 0 0 1 1 1 0 0 1 0 0 0 
0 0 0 0 1 1 0 1 0 0 0 0 0 0 0 1 1 1 1 1 1 1 0 1 1 0 1 0 1 1 0 1 0 0 1 1 0 1 0 0 1 0 0 1 1 1 0 0 
0 0 1 0 1 1 1 0 0 0 1 1 1 1 0 1 0 1 0 0 0 0 0 0 1 1 1 0 0 0 0 0 0 1 0 1 0 1 0 0 1 1 1 1 0 1 0 0 
0 1 0 1 1 1 1 0 0 0 0 0 0 0 0 0 1 1 0 0 0 0 0 0 1 0 1 1 1 1 0 0 0 0 1 0 1 0 0 1 0 1 1 1 1 0 1 1 
1 1 1 1 1 1 1 0 1 0 0 1 0 0 1 0 0 0 0 0 0 1 1 0 0 1 1 1 1 1 0 0 0 1 1 0 1 1 0 0 1 0 1 1 0 0 0 1 
0 0 1 0 1 0 1 1 1 0 1 0 1 1 0 0 1 0 0 0 1 0 0 0 1 0 0 1 0 0 0 1 0 1 1 0 0 0 1 1 1 0 0 0 0 0 0 1 
0 0 1 1 1 1 0 0 1 0 1 0 0 0 1 0 1 0 0 1 1 0 1 0 0 1 0 0 1 1 1 0 1 0 1 0 0 1 0 1 1 0 1 1 0 0 0 1 
1 0 1 0 0 0 0 1 1 0 1 0 1 1 0 1 1 0 1 1 1 0 1 1 0 0 0 0 1 0 1 0 1 0 0 1 0 0 0 1 0 0 0 0 1 0 1 0 
0 0 0 0 0 1 1 0 1 1 0 0 0 0 0 1 0 0 0 1 0 1 0 1 1 0 1 0 1 0 0 1 0 0 1 1 1 0 1 1 0 0 1 0 0 0 1 0 
0 1 1 1 0 0 0 1 0 1 1 1 1 0 1 1 0 0 0 0 1 0 1 1 0 0 1 0 0 0 0 1 1 0 0 0 0 0 1 0 1 1 0 0 1 1 1 1 
1 0 1 0 0 0 1 0 1 0 0 1 0 0 0 0 0 0 0 0 0 1 1 1 0 1 1 1 0 1 1 1 1 0 0 1 1 1 1 0 0 1 1 0 1 0 0 0 
0 0 0 1 0 1 0 0 0 0 0 0 1 1 0 0 1 0 1 0 1 0 0 1 1 0 0 0 0 0 0 0 1 1 1 1 0 0 1 1 0 1 1 1 0 1 1 0 
1 0 0 1 0 1 0 1 1 0 1 1 1 0 1 0 1 1 1 1 1 0 0 1 0 0 0 0 1 1 0 1 1 1 0 1 0 0 0 1 1 1 0 0 1 1 0 0 
0 1 0 1 1 0 0 1 0 0 0 0 1 0 1 0 1 1 1 1 1 1 0 0 1 0 0 0 0 0 1 0 1 1 0 1 1 0 0 0 1 0 0 0 1 1 1 0 
0 0 0 1 0 0 0 1 1 0 1 1 1 0 1 0 1 1 1 1 0 0 1 1 0 1 1 1 0 0 0 0 1 0 1 1 0 1 0 1 0 1 0 1 0 0 1 1 
1 1 0 1 1 1 0 1 0 0 1 0 0 1 0 1 1 0 0 1 1 0 1 1 0 1 0 0 1 0 1 1 1 0 0 0 1 1 1 0 1 0 0 1 1 1 1 0 
1 1 0 0 0 1 0 0 0 0 0 0 0 1 1 1 1 1 1 1 0 1 1 1 1 1 1 1 0 0 1 1 1 1 0 1 0 0 1 1 0 1 1 1 1 0 0 0 
1 0 1 0 1 0 1 0 0 0 1 0 0 1 0 0 0 0 1 1 0 1 0 0 0 1 1 1 1 0 0 0 0 1 0 1 0 0 1 0 0 1 0 1 0 0 1 0 
0 0 1 0 1 1 1 0 0 0 1 1 0 1 0 0 1 0 1 1 0 1 1 1 0 1 0 0 0 1 0 0 1 0 1 1 1 0 1 0 0 0 1 1 0 1 1 1 
0 1 0 0 0 1 1 0 0 1 0 0 0 0 1 0 0 0 1 0 0 0 0 0 0 1 1 0 1 1 1 1 0 1 1 0 0 1 0 1 0 0 1 1 0 0 1 1 
0 0 1 0 0 1 1 0 0 0 1 1 1 0 0 1 0 0 1 0 1 1 1 1 1 1 0 0 1 1 1 0 1 0 0 1 1 1 0 1 0 1 1 1 1 1 1 1 
1 0 0 0 0 1 0 1 0 0 1 0 0 0 0 1 0 0 1 1 0 1 1 0 0 0 1 1 1 0 1 1 1 1 1 1 0 1 0 1 0 0 1 0 0 1 1 1 
1 0 0 1 1 1 1 1 1 1 1 1 1 0 0 0 1 1 1 1 1 0 0 1 0 1 1 0 0 0 1 0 1 0 1 0 1 1 0 1 0 1 0 1 1 0 0 0 
1 1 1 0 1 0 1 1 1 0 0 0 1 1 0 0 1 1 0 1 0 0 0 0 1 0 0 0 0 0 0 1 1 0 0 1 0 1 0 1 0 0 1 1 0 1 1 1 
1 1 0 1 0 0 0 1 0 0 0 0 0 0 0 1 0 0 0 0 1 1 0 1 1 1 0 1 1 1 1 0 1 1 1 1 0 1 0 0 1 0 1 1 1 1 1 1 
