49 55 2108
41 14 7 56 26 12 46 41 82 100 70 94 61 59 11 64 90 62 52 6 59 13 70 98 22 72 66 92 19 39 97 11 52 3 19 77 14 64 69 95 64 39 40 24 97 50 87 87 64 38 44 22 3 65 71 
24 88 36 67 59 74 63 69 25 17 87 53 30 51 21 76 66 11 15 41 60 17 80 46 80 69 41 1 71 57 71 94 44 58 13 2 31 27 23 7 44 61 59 25 11 31 1 28 94 15 69 53 31 48 50 
62 16 90 14 87 46 36 32 41 93 96 95 23 75 17 81 18 77 91 42 40 22 94 19 67 9 87 19 91 86 68 53 54 9 18 92 54 54 75 46 46 23 40 21 97 8 1 66 85 92 59 76 65 53 46 
31 13 85 49 55 70 68 59 75 76 77 18 29 30 45 26 75 67 66 47 63 73 48 80 9 91 38 36 55 42 82 85 6 66 85 61 87 52 71 14 27 47 31 7 28 75 32 55 93 49 1 7 22 100 86 
82 90 76 18 44 69 99 80 75 16 16 87 2 67 57 67 45 56 98 3 35 24 35 89 17 35 90 23 56 41 61 38 31 36 7 26 56 57 58 30 72 73 68 25 92 25 92 36 32 41 39 66 16 25 55 
32 59 96 7 67 36 19 56 18 6 14 44 61 70 1 91 93 25 58 69 16 34 60 4 65 52 42 83 68 18 89 51 28 84 9 46 71 27 53 89 32 66 84 93 87 84 35 79 8 44 48 76 78 59 79 
94 63 72 28 30 41 16 32 68 51 93 66 22 19 18 62 3 36 45 47 22 80 33 53 39 76 52 14 5 10 44 99 24 15 78 53 55 94 37 75 44 29 40 17 99 9 78 1 96 74 99 70 5 31 22 
44 7 25 9 11 86 53 61 10 19 39 14 26 84 50 100 27 30 91 96 29 51 25 81 47 99 80 68 3 62 41 98 68 65 59 31 50 63 43 59 33 33 25 58 16 74 57 95 4 47 90 84 50 14 64 
96 12 95 63 67 57 3 16 24 19 26 6 68 40 49 79 73 81 3 30 49 28 87 43 83 85 32 66 86 45 30 33 9 24 47 27 80 1 94 56 19 20 13 39 59 13 17 83 46 71 13 94 98 51 36 
33 87 19 98 73 15 79 5 75 55 52 53 86 52 47 41 71 18 6 9 28 18 77 11 63 99 75 56 48 25 43 80 11 61 78 83 28 56 88 2 10 91 55 48 42 53 88 64 70 45 72 49 63 100 11 
25 98 85 33 46 9 27 77 20 40 54 54 67 62 93 20 23 83 74 70 77 78 10 40 99 54 64 48 68 63 58 45 13 43 77 10 51 55 86 22 94 40 28 60 53 20 32 75 3 57 97 79 35 58 70 
33 11 33 80 31 96 90 75 60 84 3 69 86 57 54 8 51 93 35 62 97 6 93 24 8 50 20 38 36 29 60 68 91 92 100 21 39 41 95 98 24 49 66 9 6 20 68 8 64 2 69 61 8 14 36 
67 15 55 57 50 35 16 69 25 7 68 46 46 60 92 43 83 41 9 92 46 80 59 53 43 13 73 55 72 38 90 90 52 96 46 53 30 13 22 55 72 41 100 17 53 91 11 35 31 71 78 28 50 89 32 
45 1 5 99 24 94 89 13 98 84 59 50 14 23 23 20 94 16 19 10 68 61 73 54 44 95 32 23 97 72 55 41 24 11 91 47 4 79 59 1 15 69 3 28 92 25 99 85 92 17 47 11 29 71 17 
24 65 48 47 13 71 1 53 94 11 44 40 66 74 50 67 88 71 21 67 62 97 65 98 89 33 96 51 62 66 67 85 83 66 83 95 36 83 100 29 45 95 20 11 68 22 29 56 92 49 74 5 45 39 2 
85 71 50 36 84 67 2 21 1 20 3 96 55 38 47 36 34 41 55 96 60 76 24 67 19 24 41 23 69 31 25 5 53 26 92 37 92 46 9 93 65 63 40 19 100 38 6 86 78 61 81 89 88 5 56 
7 80 48 81 100 78 5 5 30 82 96 18 74 41 26 18 5 89 57 76 40 94 81 77 23 93 58 11 33 14 18 91 93 65 71 93 94 28 97 24 9 44 93 34 85 19 51 41 59 59 68 50 4 49 27 
26 93 36 89 77 49 58 67 41 75 90 33 68 17 81 43 77 25 36 63 9 6 13 1 16 72 69 17 75 69 43 53 13 78 93 90 78 50 8 19 24 97 51 44 65 32 86 94 8 73 56 68 78 68 68 
45 91 88 62 18 56 56 22 21 86 14 10 63 15 17 81 39 66 84 34 30 67 71 23 74 44 30 41 73 50 60 18 92 48 31 9 55 86 82 75 23 47 84 86 62 53 18 52 70 53 85 99 19 55 74 
44 50 55 84 23 4 44 92 96 43 22 56 97 59 38 72 82 84 7 19 97 59 36 48 80 41 84 79 59 39 4 3 88 58 38 62 14 33 53 9 75 26 64 72 85 53 95 18 89 1 36 85 12 23 33 
91 63 16 21 74 6 76 28 46 86 65 59 99 50 64 7 24 89 22 47 25 75 93 42 63 94 29 47 57 52 31 47 14 99 20 39 56 95 66 53 80 83 12 30 32 75 88 7 63 10 54 40 36 46 81 
50 91 10 48 47 13 79 46 78 29 17 17 84 11 82 37 43 64 48 24 95 74 12 54 88 21 59 27 8 56 8 57 47 69 4 45 33 34 42 10 62 58 26 98 69 60 34 63 75 33 86 22 6 97 75 
45 69 33 72 28 88 31 84 86 99 40 83 83 73 24 92 87 82 70 84 2 81 69 64 55 53 1 76 58 50 2 54 70 86 25 98 74 55 33 11 5 24 93 87 49 17 31 35 50 100 18 51 32 38 66 
86 90 66 14 99 67 15 52 37 1 77 86 26 83 70 88 88 94 81 26 42 49 56 76 98 7 45 100 38 34 65 76 23 82 89 21 49 55 72 37 7 100 74 84 83 43 72 22 88 4 99 29 52 55 56 
1 13 52 52 51 85 16 78 59 49 66 79 49 72 3 85 79 54 10 14 88 5 85 61 92 40 60 73 43 14 80 43 26 32 94 28 68 61 5 79 10 22 9 58 46 63 95 24 17 4 89 4 8 74 65 
52 65 76 24 8 89 3 50 66 86 96 46 6 8 2 84 69 76 92 79 21 55 73 96 23 28 84 78 88 9 94 39 74 69 62 81 9 16 82 75 2 29 72 59 37 25 42 5 100 85 83 20 91 7 15 
13 35 99 43 22 59 36 12 32 5 73 12 13 40 94 39 93 74 62 51 10 87 44 67 86 29 1 6 71 8 72 36 94 22 78 67 81 13 78 12 69 2 76 34 93 21 24 86 94 86 36 56 24 80 22 
9 60 74 66 30 33 38 17 78 11 94 44 91 59 73 55 27 26 30 60 19 50 84 4 95 21 91 50 44 22 23 4 81 97 70 63 81 59 79 59 69 25 54 12 83 79 66 9 4 95 21 74 96 56 29 
90 76 20 92 71 41 14 74 74 62 95 88 43 5 66 53 26 90 6 37 24 84 54 33 40 48 5 65 95 60 94 36 87 65 27 57 57 93 82 82 6 29 69 100 33 87 52 58 28 10 46 52 93 99 36 
84 98 40 49 44 99 94 80 85 10 58 93 66 2 74 100 8 2 68 7 87 6 11 96 34 20 42 85 64 92 20 48 42 11 48 85 9 41 16 45 2 74 37 67 75 62 18 34 16 86 93 2 91 3 97 
76 22 90 60 85 34 31 84 75 41 31 59 1 23 27 45 76 100 33 95 26 95 12 12 10 97 4 11 40 6 59 15 79 49 27 15 34 9 99 8 2 81 18 2 56 44 99 31 43 31 25 21 77 37 32 
86 85 87 48 76 92 7 43 22 7 21 36 40 29 86 99 82 19 16 36 74 60 34 56 54 16 33 26 93 21 57 78 57 95 26 33 86 84 27 59 42 47 95 33 27 32 31 61 50 46 96 75 5 81 31 
11 96 15 36 88 35 93 18 43 87 95 27 25 78 53 83 71 51 29 3 30 61 33 90 10 78 37 85 35 17 67 45 12 33 80 52 19 24 69 61 63 63 88 87 92 92 21 14 43 2 16 24 62 48 65 
23 77 1 59 11 69 77 55 80 9 35 83 27 58 3 88 20 65 27 58 8 18 31 21 60 32 88 83 93 35 99 67 12 99 26 22 67 2 29 99 11 63 81 89 72 36 28 44 100 54 1 60 72 31 32 
83 14 20 18 6 6 16 25 17 15 50 91 33 3 19 83 65 33 64 54 56 51 81 99 50 87 100 61 58 82 93 92 96 64 9 53 69 25 77 38 91 78 28 75 81 98 58 45 82 73 98 37 23 31 36 
24 69 87 37 26 20 29 69 15 44 78 20 12 54 48 49 96 26 28 22 6 77 79 50 58 3 100 95 25 82 82 49 50 20 85 27 39 65 95 6 60 24 25 71 77 72 72 24 97 51 46 54 28 76 4 
85 79 55 31 3 36 64 3 85 83 39 11 22 55 57 27 14 81 3 37 57 74 60 33 23 10 30 76 37 5 31 74 83 85 56 38 20 20 40 56 2 31 18 23 85 75 1 99 55 3 87 63 29 46 95 
51 55 24 78 44 29 9 69 63 45 24 100 17 95 40 72 97 70 42 71 6 16 72 56 70 74 42 84 54 87 79 4 94 54 34 89 34 42 57 97 86 32 48 54 27 39 26 75 8 67 45 66 34 16 21 
55 42 63 38 95 1 16 51 94 22 84 82 55 77 90 3 14 74 51 68 52 89 45 26 49 63 22 14 96 90 34 50 31 48 87 77 49 55 79 42 76 14 76 82 42 17 85 56 42 35 75 93 23 71 70 
71 33 92 36 80 81 70 81 63 17 19 91 65 25 70 59 100 35 86 34 77 2 18 84 44 4 58 88 26 80 58 49 12 1 84 43 33 5 23 95 74 93 37 38 18 58 48 69 93 33 2 69 87 71 52 
30 74 61 69 100 40 78 100 3 78 35 45 62 40 19 8 13 63 45 2 80 2 50 49 94 34 2 62 20 73 65 1 46 25 70 97 16 99 48 18 29 83 14 90 22 84 98 34 47 42 87 78 95 88 78 
89 22 80 2 41 4 19 94 1 95 15 98 11 13 97 80 41 79 94 83 100 29 80 85 75 73 24 5 67 11 82 7 32 13 9 25 16 27 18 17 21 32 66 83 96 62 63 37 41 8 19 92 36 50 29 
63 22 52 67 40 62 100 47 46 13 7 70 28 85 39 96 57 70 61 40 65 75 54 53 67 61 23 58 48 72 38 62 45 41 80 37 3 80 83 100 44 89 21 23 73 59 19 29 80 31 20 44 5 73 49 
71 85 71 81 85 95 18 46 91 59 78 27 13 9 61 64 52 1 84 74 25 42 44 6 21 75 25 16 31 50 64 54 86 87 86 70 33 3 68 23 13 45 2 77 53 14 92 56 15 75 29 39 16 25 96 
88 51 21 4 81 22 19 86 7 57 71 29 41 26 96 16 90 40 17 19 44 30 10 99 96 85 79 35 52 55 82 40 5 2 95 38 75 65 23 82 74 46 10 14 71 57 29 12 48 97 30 91 27 40 41 
74 24 71 60 27 26 42 18 30 95 64 67 70 81 42 3 54 87 64 67 9 20 48 20 67 44 2 9 22 41 49 96 16 19 55 42 44 96 12 26 91 75 92 12 55 85 14 60 23 77 79 83 48 26 3 
14 21 56 22 43 96 70 38 63 40 44 56 84 92 67 9 82 94 52 45 100 89 58 60 11 86 90 94 33 15 48 46 35 3 19 77 50 40 66 12 79 62 19 14 53 86 74 34 31 78 78 30 66 87 41 
76 72 30 69 56 96 16 53 31 70 71 59 19 10 77 82 40 38 1 54 90 38 27 75 68 4 4 49 69 42 90 97 65 71 65 20 67 33 72 49 54 94 59 73 3 35 6 42 24 6 47 65 43 74 91 
62 29 94 63 50 87 52 46 51 74 62 70 92 94 93 40 48 86 99 72 88 85 77 82 61 35 28 25 29 53 16 91 34 61 5 83 48 56 28 98 81 41 20 73 87 12 12 86 98 62 57 37 99 85 70 
0 0 1 0 1 1 1 1 0 0 1 0 1 0 1 0 0 0 1 0 0 1 0 1 0 1 1 0 1 1 0 1 0 1 0 1 0 1 0 1 1 1 1 0 1 1 1 1 1 0 0 1 1 0 0 
1 1 1 0 1 0 0 0 0 1 0 1 1 0 1 0 1 0 0 0 1 1 1 1 0 1 1 1 1 1 1 0 0 0 0 1 0 0 0 1 1 0 0 1 0 0 1 0 0 1 0 0 0 1 1 
0 0 0 1 1 1 0 0 1 0 0 1 1 1 1 0 0 1 0 1 0 0 1 0 1 0 0 1 1 1 0 1 1 0 1 1 1 1 1 0 0 1 1 1 0 0 1 1 0 1 0 0 0 1 0 
1 0 0 0 1 1 0 0 0 0 1 1 1 1 0 1 1 0 1 0 0 1 1 1 1 0 0 1 0 1 1 1 1 1 1 0 0 1 1 1 1 0 0 0 1 1 0 0 1 1 0 1 0 1 1 
0 0 1 1 0 0 1 0 0 0 1 0 1 1 1 0 0 0 0 1 1 1 1 0 0 0 0 0 0 0 1 0 0 0 0 0 0 1 0 0 1 0 1 0 1 0 0 1 0 1 0 0 0 1 0 
1 1 0 1 0 0 0 0 0 0 0 1 0 1 1 1 1 1 0 1 0 0 0 0 1 1 0 1 1 0 1 0 1 1 1 1 0 1 0 0 1 0 1 0 0 1 1 1 0 1 0 1 1 0 1 
0 1 1 1 1 1 0 1 1 0 1 0 0 0 0 0 0 1 0 0 1 1 1 0 1 0 0 0 1 1 1 0 0 1 1 1 0 0 1 1 0 0 0 0 0 0 0 0 1 0 0 0 1 1 0 
1 1 1 1 1 0 1 1 0 0 0 0 0 0 1 0 0 1 0 0 1 0 1 0 0 1 0 0 1 0 1 0 1 0 1 0 0 0 1 0 0 0 0 1 0 1 1 1 0 1 1 0 1 0 0 
1 0 0 0 1 0 1 1 0 1 0 0 1 1 0 1 1 0 0 0 0 1 1 1 0 0 1 0 0 1 0 1 1 0 1 0 1 0 1 1 1 0 1 0 1 1 0 0 1 0 1 0 1 0 1 
1 1 0 1 1 0 1 0 1 0 0 0 1 0 1 0 0 1 1 0 0 1 0 1 0 0 0 0 0 0 0 1 1 0 1 0 0 0 1 0 0 1 0 1 1 1 1 1 1 1 0 1 0 0 0 
0 1 0 1 1 1 1 0 0 1 1 1 0 0 0 0 0 1 0 0 0 1 1 0 0 0 0 0 0 0 0 1 1 1 0 0 0 1 1 0 0 0 1 0 0 1 0 1 0 0 1 1 0 0 1 
0 1 1 0 1 1 1 0 1 0 0 1 0 1 0 0 0 1 0 0 1 1 1 0 0 1 1 1 1 0 0 0 1 1 0 0 0 1 1 1 1 1 1 1 1 1 0 1 0 0 1 0 1 0 0 
1 0 0 0 1 0 0 1 1 1 0 1 0 1 0 1 1 0 0 0 1 0 0 0 0 0 1 0 0 0 1 1 0 1 0 1 1 0 1 0 0 1 1 0 0 0 1 1 0 0 0 1 0 0 1 
0 1 0 1 1 0 0 0 0 1 0 0 0 1 1 0 1 0 1 1 0 1 0 0 1 0 0 0 0 0 1 1 1 0 0 0 0 0 1 1 1 1 1 1 0 0 1 1 0 0 0 0 0 1 0 
1 1 0 0 0 1 1 1 0 1 1 1 0 1 0 1 0 1 0 1 0 0 0 1 0 0 0 0 0 1 1 0 0 1 0 0 0 1 1 1 1 0 0 1 1 0 0 1 1 0 0 1 0 0 1 
0 1 1 0 1 0 1 1 0 1 1 1 1 1 0 0 0 1 0 1 0 0 1 0 0 1 0 1 1 1 0 1 0 1 1 1 1 1 1 0 0 0 1 1 1 1 0 1 0 0 0 1 1 1 1 
1 0 1 0 1 0 1 0 0 0 0 0 0 1 1 0 1 1 1 0 1 0 0 0 1 1 1 0 0 0 1 1 1 0 1 0 1 0 1 1 1 1 1 1 0 0 1 1 0 0 1 1 0 0 1 
1 1 0 1 1 1 0 0 0 1 1 0 0 0 1 1 1 0 1 0 0 1 1 1 1 1 1 0 1 1 0 1 0 0 0 1 1 1 1 1 0 0 0 0 0 1 1 1 0 0 1 0 0 0 0 
1 1 1 0 1 0 0 0 0 0 0 1 0 1 0 1 1 0 1 1 1 1 1 0 1 1 0 1 1 0 1 1 0 0 1 1 0 1 1 0 1 1 1 1 1 1 1 0 0 0 0 1 1 1 1 
0 0 1 0 0 0 1 1 0 0 0 1 0 1 0 1 0 1 0 0 0 0 1 1 0 1 1 1 1 0 0 1 0 0 1 0 0 1 1 0 1 1 1 1 0 1 0 1 0 1 1 1 1 0 0 
1 1 1 0 0 1 0 0 1 0 1 0 0 0 1 0 1 1 1 1 1 0 1 0 1 0 1 0 1 1 0 0 1 1 0 1 0 1 1 1 1 1 1 0 1 1 0 1 0 0 0 1 0 1 0 
1 0 1 1 1 1 1 0 0 0 0 1 0 1 1 0 1 0 1 1 1 0 1 0 0 1 0 0 0 0 0 1 0 1 1 1 0 0 1 0 1 0 0 1 1 1 1 0 1 1 1 0 1 1 1 
0 0 1 0 0 1 0 0 1 1 1 1 0 1 0 0 0 0 0 0 0 1 1 0 0 0 0 1 0 1 0 0 1 1 0 0 1 0 0 0 1 1 1 1 0 0 0 1 0 0 1 0 0 0 1 
0 1 1 1 1 0 1 1 1 1 1 1 0 1 1 0 0 0 0 0 1 0 0 0 0 0 1 1 0 1 0 1 0 1 0 1 1 0 0 0 1 1 0 1 0 1 1 1 0 1 1 1 1 1 1 
0 1 0 1 0 1 1 1 0 0 1 1 1 1 0 1 0 1 1 1 0 1 1 1 1 0 0 0 0 1 1 0 0 1 1 0 0 0 1 0 0 1 0 1 0 0 0 1 1 0 0 1 1 1 0 
0 0 0 0 0 1 1 0 0 0 1 0 0 1 0 1 1 1 1 0 1 1 0 0 0 0 1 0 1 0 0 1 0 1 1 0 0 0 0 0 0 1 1 1 0 1 0 1 0 1 1 1 0 0 0 
0 0 1 0 0 1 1 1 0 0 1 0 0 1 1 1 0 0 0 1 1 1 1 0 1 0 0 0 0 0 0 0 0 1 1 0 1 0 0 1 0 1 1 0 0 0 1 0 1 1 1 0 0 0 0 
1 0 0 0 0 0 0 1 1 0 0 1 1 0 1 0 0 0 1 0 1 0 0 1 1 1 1 1 0 1 1 1 0 0 1 0 0 0 1 1 0 1 1 1 1 0 1 1 1 0 0 0 0 0 1 
1 1 0 0 1 0 0 1 0 0 0 0 0 0 0 0 0 1 1 1 1 1 0 0 0 1 0 0 1 0 0 1 0 0 1 1 0 1 0 0 1 1 1 0 1 1 0 0 0 1 1 1 0 0 0 
1 1 0 1 0 1 1 1 1 0 1 0 0 0 1 1 0 0 0 0 1 1 0 1 1 1 1 1 1 1 1 0 0 1 0 0 0 1 0 1 1 1 0 0 1 1 1 1 1 1 1 0 0 1 0 
1 0 1 0 0 0 1 0 0 1 0 0 1 0 0 1 1 1 1 1 1 0 0 0 1 1 0 1 1 1 1 1 0 0 1 0 0 1 0 0 0 1 1 1 1 1 0 0 1 1 0 0 1 0 0 
0 0 0 0 1 0 1 0 0 0 0 0 0 1 0 1 1 1 0 0 0 1 1 1 0 0 1 0 0 1 1 0 1 1 0 1 1 0 1 1 0 1 1 0 0 0 1 1 1 1 0 0 1 1 1 
1 1 0 0 1 1 1 0 1 0 0 0 0 0 1 1 0 1 1 1 1 1 0 1 0 0 1 0 1 0 1 0 1 1 0 1 1 1 1 0 0 1 0 0 0 1 1 0 0 0 1 0 1 0 1 
0 0 0 0 1 0 0 1 1 1 0 0 0 1 1 0 1 1 0 1 1 0 1 1 0 1 1 0 1 1 1 1 1 1 1 0 1 1 1 1 1 1 1 1 1 1 0 0 0 0 0 1 0 1 0 
1 0 1 1 1 0 1 0 1 0 0 1 0 1 1 1 0 0 0 0 1 1 0 0 1 0 0 0 1 1 1 0 1 0 1 1 1 0 1 0 1 1 0 1 1 1 0 1 1 0 1 1 0 1 1 
1 0 1 0 1 0 1 1 1 1 0 0 0 1 0 1 0 1 1 1 0 0 1 0 1 1 1 0 1 1 1 1 1 0 1 0 0 0 1 0 1 1 0 0 0 0 1 0 0 0 1 0 0 0 0 
1 0 0 0 1 1 1 0 0 0 1 0 0 1 1 0 1 0 1 1 1 1 0 1 1 0 1 0 0 1 0 1 1 0 1 1 1 1 1 1 1 1 1 1 0 0 0 1 1 1 0 0 0 0 1 
0 0 0 0 0 0 0 0 1 1 1 0 0 0 0 0 1 1 1 1 1 0 1 1 1 0 1 1 0 0 0 0 0 1 0 1 1 1 1 0 0 0 1 0 1 1 0 0 0 0 1 1 0 0 0 
1 0 0 0 1 0 0 1 0 1 0 1 0 1 0 1 1 1 0 1 0 1 0 0 1 0 0 0 0 0 1 1 1 1 1 0 1 1 1 1 1 1 1 1 0 1 0 1 0 0 1 0 1 1 1 
0 1 1 1 1 1 0 0 0 1 1 0 0 0 0 1 1 1 0 1 0 0 1 1 0 0 0 1 1 1 0 0 0 1 1 1 0 1 1 1 0 0 1 0 1 1 1 0 1 0 1 1 0 1 0 
0 1 1 1 0 0 1 0 1 0 1 0 1 0 0 0 0 0 1 0 1 1 0 0 0 0 1 1 0 0 1 0 1 0 0 0 1 1 0 0 0 0 0 1 0 0 1 1 1 0 1 0 1 1 0 
1 1 0 0 1 0 0 0 0 0 0 0 1 1 0 1 1 0 0 0 1 0 1 0 1 0 1 0 1 1 0 1 0 0 1 0 1 1 0 1 0 0 1 1 1 1 1 1 0 1 1 1 1 1 1 
1 1 0 1 0 1 1 1 0 0 1 0 1 0 0 0 0 0 1 0 1 0 1 0 0 0 0 1 1 1 0 0 0 1 1 0 0 1 0 0 1 1 0 0 1 0 0 0 0 1 0 0 1 1 0 
0 1 0 1 0 1 0 1 1 1 0 0 1 1 0 0 0 1 0 0 0 1 0 0 1 1 0 1 1 1 0 1 0 0 0 1 0 0 0 1 1 0 1 1 0 1 1 0 0 1 1 1 0 1 1 
0 1 0 1 0 1 1 1 0 0 1 1 0 0 1 1 1 1 1 0 1 0 1 0 1 1 1 0 1 0 1 1 1 1 1 1 1 0 0 1 0 0 0 0 0 1 0 1 0 1 0 0 1 1 0 
0 0 1 0 0 1 0 1 1 1 0 0 0 1 1 1 1 1 1 0 1 0 0 0 1 1 0 1 0 0 1 1 0 0 1 0 1 1 0 0 1 0 1 1 1 0 1 1 1 0 1 0 1 1 0 
0 0 1 1 0 1 0 1 1 0 1 0 1 0 0 0 1 0 1 1 0 1 0 1 0 0 0 0 1 1 0 1 1 1 0 1 0 0 1 0 0 0 0 0 0 0 0 0 0 1 1 0 0 1 1 
0 1 1 0 1 0 0 0 1 0 1 1 0 1 0 0 0 0 0 0 0 0 0 0 1 1 1 1 1 0 1 1 0 0 1 1 1 1 1 0 1 0 1 0 0 1 0 0 1 1 0 0 1 0 0 
0 1 0 0 0 0 1 1 0 1 0 1 0 1 1 1 1 1 0 1 1 0 1 1 1 0 1 1 0 1 0 0 0 0 0 0 0 1 1 1 1 1 0 1 1 1 0 0 1 1 1 0 1 0 0 
