51 61 1618
14 55 92 37 43 6 77 58 59 45 93 39 3 43 46 77 93 28 24 65 80 98 21 88 38 60 86 82 96 73 46 61 27 37 49 21 43 25 79 53 69 23 91 71 66 36 99 10 15 23 74 47 20 46 34 10 57 72 43 4 96 
88 64 74 24 64 94 18 88 24 70 8 47 12 30 64 100 29 73 14 3 98 60 74 43 46 35 51 69 77 55 64 64 70 89 40 34 82 57 21 58 79 29 56 90 10 19 89 38 43 55 92 40 66 18 34 63 52 36 31 29 90 
46 44 60 34 35 93 68 44 65 25 22 45 80 63 55 50 4 44 92 58 36 83 75 5 68 38 56 3 68 36 45 66 32 4 51 66 48 18 9 12 94 82 57 25 97 63 26 100 6 17 9 93 51 83 97 70 20 5 25 40 92 
69 57 23 24 7 41 71 77 1 82 22 35 90 47 31 52 72 30 10 41 38 2 43 72 51 65 44 55 89 83 46 9 91 21 32 97 61 2 25 61 35 47 95 77 45 25 28 16 6 37 8 95 91 51 67 41 15 62 95 55 96 
92 15 86 12 46 34 72 99 59 85 33 57 31 9 1 8 89 68 13 25 76 60 67 78 78 7 44 39 1 98 34 93 12 19 4 9 4 28 7 62 12 91 70 94 52 70 1 40 38 66 16 13 25 83 42 2 89 85 40 42 34 
25 86 97 95 41 5 98 68 63 12 31 53 81 25 4 51 77 95 40 42 11 4 66 45 45 19 85 29 10 26 62 34 63 58 80 4 14 78 23 76 41 6 80 21 82 84 23 58 30 14 52 40 17 17 36 61 88 21 41 97 98 
2 83 61 11 62 16 24 91 38 51 31 95 31 4 76 66 26 86 95 40 37 87 8 53 22 69 92 42 9 89 92 63 23 52 73 84 67 49 75 56 99 57 51 81 60 26 46 38 11 41 77 47 27 84 52 100 4 43 94 65 83 
85 27 5 36 51 41 54 51 15 9 2 23 59 82 83 37 28 20 99 68 48 46 46 83 49 45 39 43 38 3 26 22 81 82 9 83 22 62 34 88 23 87 11 33 68 45 69 95 16 20 14 15 65 59 97 65 56 87 7 93 89 
84 67 21 66 75 4 87 89 89 75 63 75 37 95 42 81 16 89 96 35 54 62 51 65 58 15 20 97 73 64 37 57 30 58 22 57 61 60 97 1 86 59 75 74 53 68 54 68 56 1 54 10 62 4 26 72 18 45 68 91 8 
4 99 90 13 72 98 25 31 94 25 69 52 99 42 56 19 48 24 74 100 77 35 14 33 60 85 50 56 4 92 64 59 90 5 24 61 2 48 44 47 73 12 98 23 5 53 41 4 28 67 4 57 1 17 89 13 53 90 68 8 34 
83 18 23 87 41 36 40 89 79 86 61 42 83 35 98 88 76 2 67 42 5 75 94 73 15 6 25 5 74 84 38 56 1 12 95 42 47 34 30 77 20 42 70 54 76 68 93 3 69 12 96 25 86 90 97 53 47 73 57 20 56 
46 28 56 9 22 49 8 7 30 36 78 71 6 84 99 25 28 53 45 39 49 69 77 90 17 29 36 89 85 56 96 82 35 3 42 56 52 49 14 81 85 92 4 42 27 2 66 54 54 10 93 54 78 69 43 46 97 79 86 33 86 
81 66 20 83 7 27 86 8 40 19 92 83 22 33 9 75 50 63 80 59 7 34 88 75 76 33 23 6 18 55 91 50 20 62 84 78 88 70 85 80 40 76 14 61 60 75 35 9 89 14 19 95 47 6 21 75 90 43 32 59 97 
23 8 68 36 44 45 76 65 30 55 4 57 20 64 69 94 50 29 82 63 48 76 62 5 96 88 95 90 19 5 86 93 13 53 29 8 98 4 72 27 10 27 35 29 90 3 75 91 32 56 53 79 84 66 83 31 5 29 21 24 34 
58 68 98 11 48 5 60 3 28 38 12 54 72 93 95 75 67 85 6 74 89 36 57 7 70 40 11 99 60 86 84 17 54 33 79 53 89 38 56 16 75 67 21 47 11 15 73 29 51 78 3 91 65 11 97 34 50 60 84 61 45 
19 30 50 51 60 3 39 50 10 54 24 28 26 22 39 92 46 67 42 23 21 85 39 32 33 73 33 92 8 46 89 27 75 90 77 86 92 16 35 1 21 59 81 47 32 19 38 78 37 32 52 58 16 91 89 48 15 73 92 22 18 
80 100 92 69 77 30 13 92 64 65 64 74 45 10 6 15 100 35 52 31 38 9 98 80 49 97 94 21 88 68 39 19 67 82 40 95 11 4 38 75 68 2 100 65 63 5 79 14 91 82 44 29 42 93 60 42 90 6 63 29 73 
53 48 91 86 87 38 49 90 75 75 9 28 74 25 91 79 56 4 21 37 100 1 31 44 61 72 33 66 86 62 90 90 61 32 76 99 69 24 40 44 98 100 71 71 25 13 1 80 69 74 68 20 74 98 63 86 22 96 51 7 9 
92 49 21 24 24 71 44 99 10 87 48 61 10 70 85 74 23 16 42 96 36 61 21 85 76 7 6 23 9 65 83 1 13 3 76 88 73 19 38 34 58 85 94 19 6 31 92 28 98 86 75 33 98 96 18 73 54 23 95 62 87 
77 14 51 79 89 38 3 60 75 88 17 11 34 35 17 64 78 44 61 63 71 94 61 66 63 85 71 85 80 84 24 56 98 74 87 38 64 41 97 90 81 13 1 14 99 69 29 77 64 89 91 34 34 3 51 96 88 21 33 19 5 
8 74 54 33 12 91 96 5 88 38 85 52 38 98 3 6 26 31 69 66 21 55 52 76 5 99 15 78 31 33 34 38 58 87 71 70 77 18 26 16 55 62 20 44 59 22 1 36 52 22 53 24 76 56 51 80 55 65 9 85 97 
42 75 55 28 97 76 57 66 1 72 21 62 91 64 72 64 17 59 67 38 63 91 13 19 41 44 73 58 53 9 54 94 35 8 74 31 35 30 97 87 53 69 48 96 84 71 59 100 81 78 37 44 20 49 14 12 45 86 69 97 46 
23 42 81 82 67 11 17 48 59 3 1 27 3 96 11 25 6 62 58 35 99 53 54 99 66 66 43 3 34 91 48 8 33 80 90 51 43 58 99 1 12 99 80 66 46 42 91 3 3 48 38 1 100 43 100 17 8 42 19 94 85 
18 53 17 98 42 19 40 51 17 92 15 67 23 80 12 64 70 67 67 69 56 19 20 98 70 36 58 64 6 51 48 24 55 16 21 97 34 12 99 51 55 13 69 78 45 81 41 66 99 59 35 54 30 6 3 51 42 60 14 47 62 
13 22 17 28 42 65 14 5 15 64 60 80 32 37 24 64 29 89 14 40 23 67 21 81 22 71 22 33 85 20 95 97 42 63 77 35 79 90 92 93 5 3 72 88 91 47 52 19 36 17 10 10 36 30 90 57 1 63 89 37 83 
35 33 76 97 9 62 27 98 53 20 2 55 43 90 45 90 93 16 77 9 25 86 44 7 76 52 7 38 41 43 72 27 27 99 76 36 61 2 85 13 73 39 20 68 80 16 9 24 31 85 84 8 70 80 14 97 31 20 87 23 14 
10 50 40 9 77 27 21 78 64 85 3 54 4 70 33 20 30 56 2 14 91 9 35 70 22 84 1 93 22 75 58 31 76 98 91 52 76 11 82 91 96 36 44 51 57 28 70 86 35 72 51 26 32 85 95 54 20 47 98 41 22 
56 24 49 5 14 1 80 77 34 23 24 69 66 74 25 94 96 10 28 67 12 53 98 96 100 3 68 46 1 8 19 56 83 68 60 49 20 91 25 53 13 100 73 31 73 97 76 68 58 3 86 69 8 36 16 7 38 83 4 90 43 
23 45 77 90 56 25 61 99 1 13 63 100 37 93 73 85 68 92 94 23 78 14 30 13 29 88 2 64 43 92 58 65 88 34 6 96 11 18 94 11 82 56 11 18 49 35 2 68 26 95 90 55 8 71 67 89 10 21 52 53 12 
61 69 51 46 27 46 56 44 39 67 78 47 29 95 47 63 97 14 88 91 56 95 51 78 13 39 88 33 42 92 96 54 12 47 99 90 44 55 86 83 21 63 81 49 57 27 63 5 92 2 48 47 96 98 25 9 88 64 41 81 7 
89 34 70 35 32 12 78 86 97 12 58 11 44 58 19 70 20 24 62 22 23 60 17 72 36 77 59 99 18 39 57 58 72 79 44 55 90 21 41 38 85 50 48 28 8 18 50 27 41 63 100 63 22 69 34 58 45 44 8 14 34 
17 71 5 95 14 60 84 87 52 73 23 1 72 2 60 89 51 39 30 13 38 44 35 6 30 44 51 25 51 16 59 67 87 15 61 100 26 96 86 77 20 8 30 91 10 41 80 12 79 61 25 69 56 11 74 85 54 76 62 56 92 
20 23 78 86 35 29 12 83 67 88 2 26 69 93 87 10 72 99 40 84 75 8 39 37 82 76 90 9 37 97 52 8 19 81 93 6 10 4 40 28 44 41 53 64 85 40 73 8 90 65 91 16 72 30 52 5 5 93 14 93 89 
65 100 60 98 44 65 59 48 4 86 43 96 38 6 81 29 31 40 70 95 31 85 66 12 88 23 68 80 36 60 21 52 59 80 49 2 44 7 1 99 44 43 94 34 1 26 14 31 66 84 77 48 20 94 59 60 16 78 39 51 37 
59 55 47 90 55 100 85 14 1 83 57 95 29 90 95 6 4 77 23 39 53 22 10 47 32 69 62 9 60 65 45 70 71 91 60 25 91 44 90 43 79 47 89 7 88 84 12 43 12 87 33 65 8 43 63 40 11 76 48 70 92 
93 40 62 35 51 87 77 94 76 19 72 74 8 30 14 43 94 8 6 80 41 22 87 83 84 78 45 12 26 67 3 70 58 65 4 8 3 81 53 30 51 77 56 10 6 69 4 99 76 10 78 68 31 17 50 15 94 47 78 19 65 
80 40 22 96 44 81 50 76 85 80 26 61 87 88 67 55 91 65 82 100 95 50 31 63 51 97 56 49 74 27 13 5 66 86 1 61 18 50 36 3 81 14 63 67 1 81 73 91 98 7 43 92 8 73 6 10 69 13 59 94 39 
23 98 57 61 50 69 78 100 5 32 80 70 95 99 70 27 23 12 24 29 54 67 36 26 72 46 46 85 56 91 75 78 89 83 38 38 52 16 89 8 99 21 77 45 19 98 72 41 9 95 22 63 62 57 40 85 54 38 69 9 28 
96 87 68 78 76 6 81 43 46 88 42 66 16 86 36 13 57 29 74 4 50 88 65 6 79 1 12 16 70 20 44 17 58 63 46 34 68 27 76 66 66 69 31 34 55 67 98 63 95 71 66 96 10 82 53 89 83 64 4 4 84 
99 20 93 62 65 26 81 43 54 46 9 74 29 42 28 95 91 91 41 62 8 36 71 90 88 11 72 4 15 75 87 65 46 31 78 62 57 59 5 62 56 65 35 84 6 15 30 48 57 70 9 64 57 32 53 97 42 76 100 8 50 
38 25 47 68 2 9 76 12 13 89 68 29 24 51 34 90 81 33 46 2 42 9 11 25 62 7 18 89 58 78 91 47 2 37 66 55 45 42 67 9 82 34 37 57 84 22 46 16 55 91 70 48 100 80 24 13 38 41 1 47 70 
91 93 71 80 10 78 76 51 44 85 85 77 73 41 12 47 87 80 53 77 49 52 28 28 75 92 65 67 93 11 37 35 55 7 14 64 84 90 67 79 26 51 7 50 43 19 48 29 98 100 58 46 51 85 25 77 77 41 44 21 3 
80 55 57 38 21 72 74 10 38 52 87 40 59 36 83 29 84 63 78 35 20 75 38 57 99 14 85 39 57 5 41 88 11 49 26 83 72 99 44 62 2 30 1 60 18 35 40 53 50 17 39 21 91 76 77 89 42 13 79 98 17 
71 38 80 71 63 62 43 13 6 4 14 87 56 26 4 91 65 8 92 82 47 12 24 22 41 13 63 53 43 13 22 14 2 53 84 64 14 78 28 71 81 93 10 37 70 65 79 35 73 70 68 19 33 43 92 73 7 7 78 50 71 
99 15 72 51 50 87 16 28 66 39 8 58 48 96 28 64 74 14 36 95 33 6 28 75 50 52 82 8 29 83 30 79 97 53 81 46 91 49 73 56 39 33 65 86 28 44 1 54 57 37 100 41 94 79 68 95 31 49 2 11 31 
83 42 79 35 22 24 25 70 49 80 8 33 97 45 12 40 98 65 49 86 65 89 79 95 56 26 25 56 27 88 38 62 29 16 96 2 92 21 24 40 52 31 72 100 28 35 40 25 100 88 62 16 28 40 10 84 65 87 39 44 26 
29 57 54 44 52 55 35 24 30 26 28 13 49 27 40 84 66 16 83 53 77 50 33 68 11 16 85 49 6 80 74 34 36 79 30 39 86 64 63 15 90 90 27 38 16 18 21 82 33 55 86 61 56 18 81 19 85 17 67 43 96 
93 28 83 71 57 21 56 73 83 71 62 24 97 51 40 15 24 73 99 30 10 12 38 80 92 56 16 8 74 58 55 66 86 89 37 94 9 92 66 44 62 79 67 59 82 58 25 5 82 23 86 44 34 23 23 77 78 90 36 52 48 
90 69 85 78 5 78 39 97 96 82 10 74 100 20 7 58 44 11 91 19 49 34 52 71 56 81 1 98 16 4 45 6 72 81 35 77 10 73 25 5 6 34 31 6 54 37 15 49 100 57 67 48 91 71 70 98 51 70 95 66 25 
91 23 97 71 10 25 81 34 49 37 40 34 19 97 87 8 63 88 7 19 6 6 9 76 75 7 78 97 53 96 21 44 70 17 14 79 41 46 13 41 35 4 75 5 100 13 12 14 52 70 32 58 27 93 85 2 51 63 50 3 10 
70 46 79 39 12 10 31 9 74 72 43 77 98 48 28 62 11 41 14 33 72 71 59 64 55 12 14 69 61 69 78 31 14 9 69 25 70 51 34 43 74 28 19 71 27 98 33 90 38 46 22 61 68 80 77 22 92 90 43 52 58 
1 1 1 1 1 1 0 0 0 0 1 0 0 0 0 1 0 1 0 1 0 1 0 0 1 1 1 0 1 0 0 1 0 1 0 1 0 1 1 1 1 1 1 0 1 1 1 1 1 0 0 1 1 0 1 0 1 0 0 1 1 
0 0 1 1 0 0 0 1 0 1 1 1 0 1 0 1 0 1 0 0 1 0 1 1 1 1 0 0 0 1 1 0 1 0 0 0 0 0 1 0 1 0 1 1 1 1 0 0 0 1 0 1 1 0 0 0 1 1 0 1 0 
1 0 0 1 0 0 0 0 1 0 1 0 0 0 1 1 0 1 0 1 0 1 0 0 0 1 1 1 1 1 1 1 1 1 0 1 1 0 1 1 1 0 1 1 0 0 0 0 0 0 0 0 0 0 0 0 1 1 1 1 0 
0 0 1 0 0 0 1 1 1 0 0 1 1 1 1 0 1 0 0 0 0 0 0 0 0 0 0 1 1 1 0 1 1 1 1 1 0 1 0 1 1 0 1 1 1 0 1 1 0 1 1 0 1 1 1 1 1 1 0 0 0 
0 1 1 0 1 0 0 0 1 1 1 1 0 0 1 1 1 0 1 0 1 0 1 0 1 0 1 0 1 1 0 1 0 1 1 1 1 1 1 0 1 1 0 1 1 1 0 1 1 0 1 0 0 1 0 1 1 1 1 0 0 
1 0 0 0 1 0 1 1 1 0 0 0 0 1 0 1 0 1 0 0 0 0 0 1 0 1 1 1 0 1 1 1 1 1 1 1 1 0 0 1 0 0 1 0 1 1 1 1 0 1 1 1 1 1 0 1 0 1 0 0 1 
1 1 0 1 0 1 0 1 1 1 1 1 1 0 1 0 1 0 1 1 0 0 0 1 0 0 0 0 0 0 1 0 0 1 1 0 1 1 1 0 1 1 0 0 1 1 0 0 1 1 1 1 1 0 1 0 0 1 0 0 1 
1 0 1 0 1 0 1 1 1 0 0 0 0 0 1 1 0 0 0 0 1 0 1 1 1 1 1 0 1 0 1 0 0 1 1 0 1 0 1 0 0 1 1 0 1 0 1 1 0 0 1 0 0 1 1 1 0 1 1 0 1 
0 0 1 1 1 1 0 0 0 1 0 1 0 1 0 0 0 0 1 0 1 1 0 0 0 1 1 1 0 1 0 1 1 0 0 1 1 1 1 0 0 1 1 0 0 0 0 1 0 1 1 1 0 0 0 1 1 1 0 0 0 
1 1 1 1 1 0 0 0 1 0 0 1 0 0 1 0 1 0 0 0 0 1 1 0 1 0 1 0 0 1 0 1 0 0 0 0 0 1 0 0 1 1 1 1 1 0 1 0 1 1 1 1 1 0 1 0 0 0 1 0 0 
1 0 0 1 0 0 0 1 1 0 1 0 1 0 1 1 0 0 0 1 1 1 0 1 0 1 1 1 0 1 1 1 1 1 1 0 0 1 1 1 1 0 1 0 1 0 1 1 0 0 0 1 1 1 0 0 0 1 1 0 1 
0 1 0 1 0 0 1 1 0 0 0 0 1 0 1 0 0 0 0 0 1 0 1 0 0 1 0 0 0 0 1 0 1 1 0 0 0 1 1 0 0 0 0 1 0 0 1 0 0 0 0 1 0 0 1 0 1 1 0 0 1 
1 0 1 1 0 1 1 0 0 1 0 0 1 1 1 1 1 1 0 1 0 1 1 0 1 1 1 0 0 1 0 1 0 1 0 0 0 1 0 0 0 0 1 0 0 0 1 1 1 1 0 1 1 1 1 0 0 1 0 0 0 
0 0 0 1 0 1 1 0 1 0 0 0 1 0 0 1 0 1 0 1 1 0 0 0 1 0 0 0 1 1 1 1 1 1 1 1 0 0 1 0 0 0 0 1 0 0 0 0 1 1 0 0 1 0 0 0 1 0 1 0 1 
0 1 0 1 0 0 0 1 1 0 1 1 0 1 0 0 1 0 1 0 0 1 1 1 1 0 0 1 1 0 1 1 1 1 0 0 1 0 1 1 0 0 0 0 1 0 0 1 1 1 1 1 0 1 0 1 1 0 1 0 0 
0 1 0 1 1 0 1 0 1 0 0 1 0 1 1 1 1 0 0 1 1 1 1 0 0 1 1 0 0 1 1 0 0 1 1 0 1 0 0 0 0 0 1 1 1 0 0 1 0 0 0 0 1 1 0 1 0 0 0 0 1 
1 0 0 0 0 0 1 0 0 1 1 0 0 0 0 1 0 1 1 0 1 1 1 0 0 1 1 0 1 1 1 0 0 1 0 0 1 1 0 1 0 1 0 0 1 0 1 1 1 1 1 0 0 1 0 0 0 1 0 1 1 
0 1 1 1 1 1 1 0 1 0 0 1 0 0 0 0 0 0 1 1 1 1 1 0 0 0 0 1 0 1 0 0 0 1 0 1 0 1 1 0 1 1 1 0 0 1 0 0 1 0 1 1 1 0 1 1 0 0 1 1 1 
1 1 0 1 1 1 1 0 1 1 0 0 0 0 0 0 0 0 1 0 1 0 0 0 0 1 0 0 0 1 1 0 1 1 1 0 1 0 1 0 0 1 0 0 1 1 0 1 1 0 0 1 0 0 1 0 1 1 0 0 1 
0 0 0 1 1 0 0 1 1 0 1 0 1 0 1 0 0 1 1 0 1 0 1 1 1 1 0 1 0 0 0 0 0 0 1 1 0 0 1 0 0 0 0 1 0 0 1 1 1 1 1 0 1 0 1 1 0 1 0 0 0 
0 0 0 0 1 0 0 1 1 0 0 1 1 1 0 1 1 1 0 0 0 0 1 1 1 0 1 0 0 1 0 0 1 1 0 0 1 1 0 0 1 0 1 0 1 1 1 0 0 1 0 1 1 0 0 0 0 1 1 1 0 
1 1 1 0 0 1 1 1 1 1 0 1 1 1 1 0 0 1 1 0 0 0 1 0 0 0 0 1 1 1 1 0 1 0 1 1 1 0 0 1 0 0 0 1 1 1 1 0 1 0 0 1 0 1 1 0 1 1 1 0 1 
0 1 0 0 0 1 0 0 1 1 0 1 1 1 1 1 1 1 0 1 1 1 0 0 0 0 0 1 0 0 0 0 1 0 1 1 1 1 0 0 0 0 0 1 0 1 0 1 0 0 0 1 1 0 1 1 1 1 1 1 0 
1 1 1 0 0 1 1 1 1 0 1 1 0 1 1 1 1 0 1 0 1 0 1 1 1 1 0 1 0 1 1 1 1 0 1 1 1 1 1 0 1 0 0 1 1 1 0 1 0 1 1 1 1 0 0 0 1 1 1 1 0 
0 1 1 1 0 1 0 1 0 1 0 0 1 1 0 0 1 1 0 0 0 1 1 0 0 0 0 1 1 1 1 0 0 1 1 1 0 1 0 0 0 1 0 1 0 0 0 0 1 0 0 1 0 0 0 0 0 0 1 1 1 
0 1 0 1 0 1 1 0 1 1 0 0 0 0 1 0 0 1 0 0 1 1 0 1 1 0 1 1 1 1 1 0 0 1 1 1 0 1 1 1 0 1 0 0 1 1 1 1 0 1 0 1 0 0 1 0 1 0 1 0 1 
0 0 0 1 0 1 1 1 0 1 1 1 1 0 1 0 1 0 0 0 0 1 0 1 0 0 0 1 0 0 0 0 1 0 0 1 1 1 0 1 0 1 1 1 1 0 1 0 0 1 0 1 1 1 0 1 1 0 0 1 0 
1 0 1 1 0 0 1 1 0 0 0 0 1 1 1 1 1 0 0 0 0 1 1 1 1 1 1 1 1 0 1 0 0 1 0 0 1 1 0 0 1 0 0 1 1 1 0 0 1 0 1 0 1 0 1 0 1 0 1 1 1 
1 1 1 0 1 0 1 0 0 1 0 0 1 1 1 1 1 0 0 0 1 0 1 1 0 0 1 0 1 0 1 0 1 1 0 1 1 0 1 1 1 1 1 1 0 0 0 0 0 0 0 1 1 1 1 1 1 0 1 1 0 
1 1 1 0 0 0 1 0 0 0 1 1 1 0 0 1 0 0 0 1 0 1 0 1 0 1 1 0 0 0 0 1 1 0 1 1 0 0 1 0 0 1 0 1 1 0 1 0 0 1 1 0 0 1 1 1 0 0 1 0 0 
0 0 0 0 1 1 0 0 1 1 0 0 1 0 1 1 1 1 1 0 0 1 0 1 0 1 1 1 1 0 1 1 0 1 1 1 1 1 1 0 0 0 0 1 0 1 0 1 1 1 1 1 0 1 1 1 1 0 0 0 0 
1 1 0 1 0 0 0 1 1 0 0 1 0 1 1 1 0 0 0 1 1 0 0 1 1 1 0 1 1 0 0 0 1 0 1 1 0 1 0 0 1 0 1 1 0 1 1 0 1 1 1 1 1 1 0 0 0 0 0 1 0 
0 0 1 0 1 0 1 1 0 1 0 1 0 0 1 1 1 1 1 0 0 0 0 0 0 0 0 0 0 0 0 0 0 1 1 1 1 0 0 1 1 1 0 1 1 1 1 0 0 0 0 1 0 0 1 0 1 1 0 1 1 
0 0 1 1 1 1 0 1 1 1 0 0 0 1 1 1 0 1 0 0 0 1 0 0 0 0 1 1 0 1 1 0 1 0 1 0 1 1 1 1 1 1 1 1 0 1 0 1 0 0 1 0 1 0 1 1 0 0 1 1 1 
0 1 0 0 1 0 0 0 1 1 1 0 0 0 1 1 1 0 0 1 1 0 1 1 1 0 0 0 1 1 1 1 0 0 0 1 0 0 0 0 1 1 0 1 0 1 1 1 1 1 0 1 1 1 0 1 0 0 1 1 1 
0 1 0 0 1 1 1 1 1 1 0 1 1 1 1 1 0 0 0 1 0 1 1 0 0 0 0 0 1 1 0 1 0 0 0 1 1 1 0 1 0 0 0 1 0 1 0 0 1 1 0 1 0 1 1 0 1 1 1 0 1 
1 1 1 1 1 1 0 0 1 1 0 0 1 0 0 0 0 0 1 1 0 1 0 1 0 0 0 0 1 0 1 0 0 0 1 1 1 0 0 1 1 0 1 1 0 1 1 1 1 1 0 0 0 0 1 0 1 0 0 0 0 
1 1 0 0 0 0 1 0 0 0 0 0 1 1 1 0 0 0 0 1 0 0 1 1 1 0 0 1 0 0 0 0 1 0 0 0 0 1 0 0 0 0 1 1 1 0 0 0 0 0 1 0 0 1 1 1 1 1 1 1 0 
1 1 1 1 1 1 0 1 0 0 1 0 1 0 0 1 0 0 1 0 1 0 0 0 1 0 1 1 1 1 1 0 0 0 1 0 0 1 1 0 0 0 0 1 0 0 1 1 0 0 1 0 0 0 0 0 0 0 1 1 1 
0 1 1 0 0 1 0 0 0 0 0 0 1 1 1 1 0 0 0 1 1 0 1 1 0 1 1 0 0 0 1 0 1 1 1 0 0 1 0 1 0 0 1 1 1 0 0 0 0 0 1 0 0 0 1 1 0 1 1 0 1 
1 1 1 0 0 1 0 1 1 1 1 1 1 0 0 1 1 0 0 1 1 0 0 0 1 1 0 0 0 0 0 1 1 1 1 1 0 0 1 1 1 0 0 0 1 0 0 0 1 0 1 0 0 1 0 1 0 0 0 1 1 
0 0 0 1 0 0 1 0 1 0 1 1 0 0 0 0 0 0 1 0 0 0 0 1 0 1 0 1 1 1 0 1 1 0 0 1 0 1 1 1 1 1 1 1 1 1 0 1 0 1 1 0 1 1 1 0 0 1 1 0 0 
1 1 0 1 0 1 0 1 1 1 1 0 0 0 1 0 0 0 0 0 1 0 1 0 1 1 0 1 0 0 1 1 0 1 1 0 1 1 1 0 0 0 0 1 1 1 1 1 1 1 1 0 1 1 0 0 0 0 1 1 1 
1 0 1 0 1 1 1 0 0 1 1 1 1 0 0 0 1 1 1 0 1 1 1 0 1 1 0 0 1 1 1 0 0 0 0 1 1 0 0 1 1 1 0 1 1 0 1 0 0 1 0 1 0 1 1 0 0 1 0 1 1 
1 1 1 1 0 0 0 0 0 1 1 1 0 0 0 0 0 0 0 1 0 1 1 1 0 1 0 0 1 1 1 0 1 0 1 1 0 1 1 1 1 0 0 1 1 1 1 1 1 0 0 0 1 1 1 0 1 1 0 0 1 
1 1 0 1 0 1 1 0 0 0 1 0 1 0 1 0 1 0 1 1 0 1 1 0 1 1 1 0 1 1 1 0 0 1 1 1 0 0 1 0 1 0 1 0 0 0 0 1 1 1 1 1 1 0 1 0 1 0 0 0 0 
0 0 0 1 1 1 0 1 0 0 0 0 1 0 0 0 0 0 1 0 1 0 1 1 0 1 0 0 1 0 0 1 0 1 1 1 0 1 0 1 1 1 1 1 1 0 1 0 0 0 0 1 0 1 0 0 0 0 1 1 0 
1 1 0 0 0 1 1 1 1 0 0 0 1 1 0 1 0 0 1 0 0 0 1 1 0 1 1 0 0 0 0 0 1 0 0 1 1 1 0 1 1 1 1 1 0 1 0 1 1 0 1 1 0 0 0 1 0 1 1 0 0 
0 0 1 0 1 1 0 0 1 1 0 0 0 1 1 0 1 0 1 1 1 1 0 0 1 1 0 1 0 0 1 0 1 0 1 0 1 1 0 1 0 0 1 0 1 0 0 1 0 0 0 0 1 0 0 0 1 0 1 0 0 
0 0 1 1 1 1 0 0 0 1 0 0 1 1 0 1 1 1 0 1 1 0 0 0 0 1 1 0 0 1 0 1 0 0 0 1 1 0 0 1 0 0 0 1 1 0 0 1 1 0 0 0 0 1 0 0 0 0 0 0 1 
1 1 1 1 1 1 0 0 1 0 0 1 0 1 1 0 1 0 1 0 0 1 0 1 0 1 1 0 1 0 1 0 1 1 1 1 0 0 1 1 0 1 0 0 0 1 0 1 1 1 1 0 0 0 1 0 1 1 0 0 1 
