60 48 2100
41 8 22 76 99 94 54 3 34 65 23 90 78 99 10 1 14 41 79 58 19 70 71 82 82 91 22 77 67 30 29 7 37 2 83 87 95 88 90 28 4 12 17 81 10 79 33 76 
19 64 33 90 33 55 71 66 45 44 43 63 73 23 69 61 24 3 100 19 90 41 46 94 52 15 26 13 93 11 40 63 74 24 52 58 78 22 23 74 18 17 36 90 39 57 3 63 
59 54 81 49 94 78 94 45 44 71 9 36 81 1 51 6 76 2 63 54 76 38 79 93 6 67 34 45 23 88 59 33 41 91 33 34 20 26 30 64 97 91 51 29 91 1 35 66 
55 97 71 30 34 2 74 40 68 7 36 42 95 46 74 87 36 59 21 7 84 50 70 32 40 73 61 82 25 95 48 79 91 18 60 77 71 33 68 38 92 55 31 86 100 57 72 87 
15 44 93 98 94 15 30 85 39 42 67 15 36 66 94 78 35 5 54 6 38 73 95 29 79 26 66 78 82 89 16 96 33 61 45 78 27 26 14 65 67 32 79 54 97 24 32 32 
29 37 37 18 62 31 98 40 8 63 18 41 51 85 36 35 45 33 64 71 10 78 87 29 9 18 82 58 93 65 89 73 2 77 90 15 59 87 54 19 1 23 59 4 8 47 38 4 
79 54 75 40 31 13 20 91 82 54 48 75 18 88 47 71 16 89 85 75 75 39 93 76 61 51 79 20 97 68 24 27 21 98 19 3 62 38 46 44 91 45 70 61 33 16 31 48 
4 68 74 31 58 18 58 18 21 36 38 69 55 13 96 28 62 66 82 23 3 27 18 46 72 87 58 56 55 40 3 10 7 29 92 64 46 49 34 66 36 23 35 43 35 82 70 96 
99 51 70 53 30 40 98 1 78 55 56 84 47 10 46 53 38 37 69 36 38 54 53 73 28 87 15 14 20 36 9 18 39 30 71 68 69 20 20 47 27 75 30 73 36 75 77 26 
64 45 61 1 50 13 25 77 52 40 90 71 27 50 41 65 32 63 32 100 34 51 98 60 77 80 84 13 6 61 38 21 57 50 21 59 62 46 35 65 37 77 36 63 26 28 80 57 
42 63 9 75 14 58 87 42 37 70 6 95 82 95 15 39 44 36 49 58 33 83 22 21 59 9 35 37 88 14 45 29 77 5 4 42 63 90 35 51 11 41 45 93 35 12 83 31 
99 31 88 31 65 61 51 76 70 85 12 57 51 8 38 79 13 41 20 27 82 54 77 92 46 74 36 33 85 18 63 83 100 2 13 65 14 15 40 83 51 3 92 1 62 81 79 74 
21 50 100 54 56 29 97 1 2 33 33 86 2 47 68 2 100 32 18 14 46 9 48 48 11 39 1 72 19 79 98 91 81 49 96 36 77 45 88 78 77 73 15 30 71 82 83 71 
65 52 84 62 60 31 10 70 22 10 94 92 40 91 35 72 91 82 59 68 26 47 97 54 71 12 84 41 45 18 11 10 70 46 23 29 29 32 51 2 93 44 45 85 86 79 56 76 
13 15 95 38 13 92 92 83 55 27 23 99 96 34 60 65 31 35 46 59 66 96 60 11 91 5 95 28 35 2 3 47 16 50 37 28 41 80 62 47 58 85 97 53 70 9 70 100 
43 67 11 8 14 70 70 4 26 64 83 13 18 85 11 33 86 47 13 26 26 74 72 35 10 21 88 31 29 9 31 71 75 93 30 40 14 100 95 40 15 77 52 32 13 62 17 99 
61 29 24 38 54 48 73 16 68 12 46 48 72 28 18 98 20 47 37 34 46 31 25 61 7 28 92 19 41 60 17 1 88 93 91 94 92 63 61 11 26 6 58 97 86 27 94 57 
73 82 42 19 12 66 31 70 45 74 40 86 34 9 38 73 53 80 18 44 94 78 6 19 84 15 67 21 41 12 77 13 93 19 83 56 36 65 25 81 39 17 18 24 25 7 96 77 
87 14 72 32 91 29 51 26 43 69 46 35 81 75 47 25 93 82 81 28 46 57 60 36 25 77 59 49 36 7 25 74 20 48 5 62 76 7 40 18 76 85 52 8 59 51 32 3 
84 64 31 81 73 42 17 97 71 27 46 6 33 22 79 4 70 35 66 45 42 5 15 17 41 66 24 52 68 7 54 51 23 36 32 95 78 100 91 48 26 88 5 11 62 35 14 31 
69 31 27 62 87 41 30 28 59 5 31 26 12 36 29 34 72 12 80 1 11 22 100 88 10 56 98 23 90 12 53 10 42 31 72 81 72 1 8 30 6 90 7 69 25 35 54 96 
46 33 48 8 54 47 96 15 2 93 37 43 56 89 5 50 20 76 30 43 28 89 24 85 78 30 5 54 17 58 2 62 90 49 22 44 48 17 58 1 61 47 96 69 35 100 18 6 
27 99 100 54 87 23 91 16 53 95 69 69 5 70 82 46 71 55 89 18 71 99 70 84 45 65 52 31 64 21 89 90 19 88 96 57 63 38 24 67 32 44 87 88 66 20 34 36 
75 74 5 97 24 26 80 20 91 83 51 6 55 91 48 25 30 43 33 92 80 56 58 63 52 96 51 17 16 36 4 90 9 60 86 33 37 18 52 79 52 54 85 7 96 32 83 26 
26 16 69 5 23 79 19 74 74 21 42 89 56 97 30 17 8 16 1 45 85 52 23 88 58 59 46 53 90 29 30 67 44 99 23 66 77 42 92 50 14 85 91 22 34 20 38 41 
87 38 37 71 41 12 11 50 70 56 3 12 84 32 78 27 82 1 45 10 94 88 12 7 24 2 28 57 21 17 98 60 54 86 82 47 97 92 96 67 48 50 78 31 34 7 10 15 
7 6 25 100 93 36 59 68 89 38 25 9 55 74 20 60 59 2 6 8 93 54 74 40 3 3 23 36 9 32 51 68 89 27 19 33 62 77 100 50 15 24 10 21 49 30 80 60 
83 38 67 75 91 40 67 93 94 89 29 2 72 31 69 12 57 88 44 70 16 43 71 82 19 32 2 19 13 34 78 95 71 44 22 13 83 88 5 28 28 85 30 99 15 50 10 23 
89 5 44 57 99 66 38 17 98 92 88 62 77 65 57 99 9 30 11 43 17 15 71 44 52 52 94 18 53 55 41 42 59 36 50 9 2 39 78 51 30 65 64 6 29 72 56 37 
1 66 80 17 33 2 12 84 53 57 1 5 11 93 98 21 81 99 30 34 38 7 36 67 23 99 25 51 71 80 88 71 98 19 40 30 72 3 13 24 60 65 80 70 10 30 43 90 
28 24 23 65 82 58 84 4 56 60 54 78 91 93 1 88 63 40 17 34 42 81 9 1 98 89 23 7 70 17 96 49 40 70 14 73 27 49 76 34 8 81 64 50 74 64 38 36 
3 6 70 96 87 78 49 84 18 71 42 39 39 37 88 78 6 53 50 84 1 77 69 60 57 32 9 30 95 98 18 49 4 39 45 42 68 93 25 86 15 18 76 53 54 63 82 11 
67 83 46 67 59 14 78 15 46 39 97 92 36 66 93 39 4 89 32 71 81 56 8 47 73 84 51 78 98 32 40 65 14 85 83 24 99 61 90 96 51 38 39 38 3 31 77 6 
19 60 29 51 16 36 97 40 71 99 70 69 30 9 85 95 94 67 70 44 79 60 39 29 49 77 67 52 60 95 9 78 54 89 29 21 25 77 13 47 76 34 67 57 42 51 4 87 
18 73 30 96 84 20 77 33 97 95 36 8 41 44 85 46 33 65 67 9 94 31 7 21 64 74 77 57 24 80 96 93 5 25 41 88 45 69 72 93 63 7 100 3 51 36 48 35 
53 66 95 46 48 1 66 11 74 94 20 50 74 15 42 30 91 34 17 87 2 89 31 64 95 30 18 97 18 18 83 70 35 77 15 83 78 32 45 3 25 64 52 50 30 46 79 21 
31 48 7 33 88 38 48 34 19 18 31 88 87 65 57 21 42 23 3 71 54 100 73 31 15 77 80 45 74 11 17 4 58 75 88 45 64 88 30 35 5 12 22 91 77 31 63 18 
53 18 88 59 17 12 89 31 88 20 27 13 30 95 17 87 70 56 83 85 43 13 19 99 24 41 41 100 23 4 69 27 21 8 85 89 20 25 71 7 45 50 72 26 44 88 65 65 
95 47 50 90 11 68 88 87 60 29 38 82 84 7 9 4 14 45 44 85 22 14 92 18 63 63 43 59 2 7 23 48 6 72 37 68 92 25 54 51 5 92 85 88 50 93 43 15 
89 86 100 10 51 43 27 14 57 70 72 58 28 46 57 33 18 94 53 9 70 6 11 26 97 95 65 98 39 59 13 28 44 12 89 46 54 16 11 10 37 34 19 64 80 75 49 49 
20 1 57 41 58 19 66 7 66 82 4 4 40 16 83 35 27 72 81 32 39 91 41 75 77 59 90 56 86 90 4 5 42 12 98 100 30 15 6 95 97 9 51 36 77 33 23 55 
56 3 87 94 45 27 20 21 38 10 28 23 51 83 79 93 94 76 92 76 91 49 22 39 9 24 26 85 9 48 40 64 2 78 10 99 4 29 71 41 90 99 15 41 81 46 33 27 
21 76 54 63 24 75 53 32 51 79 69 59 78 60 22 80 37 31 30 40 12 100 33 1 50 99 41 83 44 73 9 17 100 14 31 23 88 84 55 90 14 75 48 91 34 70 22 70 
52 51 9 15 51 93 16 52 92 8 34 35 33 94 3 32 7 34 55 47 69 61 36 82 87 84 24 20 5 46 89 8 48 49 75 50 42 90 2 85 49 35 71 81 81 74 65 87 
7 71 33 27 83 21 8 69 56 31 88 60 76 76 19 76 76 93 25 17 34 26 1 83 13 24 15 93 97 31 79 55 53 64 81 35 36 40 3 91 70 42 2 98 69 20 73 45 
65 97 13 98 23 66 32 87 89 99 79 37 29 57 91 82 72 23 68 7 62 23 97 83 64 98 80 33 70 4 29 34 53 41 31 27 6 15 13 94 13 91 82 93 99 72 26 71 
46 46 29 59 68 26 42 83 75 73 67 44 77 95 29 29 36 12 55 93 26 19 39 90 9 20 34 7 44 12 77 89 57 58 48 76 83 41 58 9 13 25 5 41 19 33 21 6 
96 27 51 21 45 89 62 53 8 48 12 3 59 40 92 67 97 91 94 31 83 51 40 47 27 96 88 98 80 60 3 76 39 53 48 35 93 62 40 53 9 51 55 19 90 98 37 39 
88 30 69 22 32 60 69 59 55 8 56 87 67 10 62 57 63 61 92 7 22 31 59 30 81 14 48 22 11 36 60 51 65 81 72 97 40 92 55 47 99 62 33 18 71 46 74 85 
6 17 92 28 47 50 9 79 15 9 1 26 44 12 28 61 92 99 57 84 91 63 82 41 24 14 58 94 11 84 31 16 100 22 95 47 23 56 77 38 64 29 15 59 41 42 19 84 
40 27 19 82 89 100 23 64 65 32 10 75 15 40 43 15 13 89 13 35 44 41 24 59 70 38 70 62 79 40 97 71 67 16 52 7 15 26 23 80 10 32 6 24 23 48 90 87 
37 54 21 32 95 45 43 16 82 12 77 13 51 73 83 69 88 34 28 55 12 50 86 21 33 91 96 7 91 38 93 79 91 65 10 37 61 4 52 95 67 28 7 18 53 89 38 92 
74 65 46 37 14 83 57 98 26 5 4 16 42 96 94 84 13 55 21 73 11 24 67 77 52 25 46 56 13 84 47 39 100 45 75 66 27 84 63 52 88 19 19 81 66 64 64 78 
71 36 51 81 60 69 57 63 46 3 18 58 38 16 48 37 60 23 54 39 58 17 90 45 35 61 77 100 24 40 30 94 28 32 74 87 52 83 1 97 37 70 7 26 85 54 62 97 
28 68 35 85 84 76 81 70 36 57 21 12 49 2 5 28 33 31 66 85 65 66 33 1 87 39 26 71 45 39 67 72 6 53 9 41 29 89 62 64 98 35 27 98 36 84 25 21 
14 90 5 30 7 37 30 93 28 7 15 72 97 34 43 55 86 51 47 14 92 9 30 41 95 56 90 30 39 14 50 4 55 6 33 13 95 14 57 22 72 71 45 69 4 87 23 90 
90 21 3 33 29 84 25 75 40 14 5 30 79 6 34 85 64 66 97 10 32 53 31 3 75 27 23 31 13 97 20 54 18 74 38 46 58 62 21 49 75 77 78 5 34 63 89 49 
29 37 58 12 41 40 14 16 66 37 46 31 85 17 36 2 90 74 100 99 87 72 99 14 100 77 18 33 39 7 82 19 43 91 82 84 31 96 51 48 84 96 78 68 12 14 70 53 
39 21 4 25 92 2 38 91 30 56 23 21 62 56 91 56 99 73 39 29 20 89 76 3 36 6 22 99 19 43 4 57 63 7 33 54 60 71 44 42 26 19 62 39 26 4 46 24 
76 85 4 47 25 32 1 13 37 23 11 7 17 14 15 80 72 47 85 84 17 81 25 94 99 38 84 76 41 30 52 69 66 55 15 42 86 16 54 74 90 17 80 58 82 94 37 54 
0 1 0 0 1 0 0 1 1 1 0 1 0 1 1 1 0 0 1 1 1 0 1 0 0 0 1 0 0 0 1 0 1 1 0 0 1 0 1 0 0 1 1 0 1 1 0 1 
1 1 0 0 1 1 0 0 0 1 0 0 1 1 0 0 0 0 0 1 1 1 1 1 1 0 1 0 1 1 1 0 0 1 0 0 1 0 0 1 0 0 1 1 1 1 0 1 
1 0 0 0 0 1 1 1 1 1 1 1 0 0 1 1 1 0 1 0 0 1 1 0 1 0 0 0 1 0 1 1 0 1 1 0 0 1 1 1 0 0 0 0 0 0 1 0 
0 0 0 0 1 0 1 0 0 1 0 0 1 1 1 1 0 0 0 0 1 1 0 1 0 0 0 0 0 1 0 0 0 1 1 1 1 0 0 1 1 0 1 0 0 0 1 0 
1 1 1 0 1 1 0 1 1 0 1 0 1 0 0 1 1 1 1 0 1 1 1 0 1 1 0 1 1 0 0 0 1 1 1 0 0 1 1 1 1 1 1 0 1 0 0 0 
1 1 0 1 0 1 1 1 0 0 1 0 0 1 0 1 0 1 0 0 0 1 1 1 0 1 0 1 1 0 1 0 1 1 1 1 1 1 0 1 1 1 1 1 0 0 0 0 
1 0 0 0 0 0 1 0 1 1 0 0 1 1 0 0 1 0 1 0 1 0 1 0 1 1 1 0 1 1 0 0 0 1 0 0 1 0 0 0 1 0 0 1 0 0 1 1 
0 1 1 1 1 0 1 0 1 0 0 0 0 1 1 0 0 1 0 1 1 0 1 1 1 1 0 1 1 1 0 0 0 1 1 1 1 1 0 1 1 0 1 1 1 0 1 1 
0 1 0 1 0 1 0 1 0 0 0 0 0 0 0 0 1 1 0 0 0 0 1 0 0 1 1 0 1 1 1 1 0 0 1 0 1 1 1 0 0 1 0 0 1 0 0 0 
1 0 1 0 0 0 0 1 1 1 1 1 0 0 0 1 0 1 1 0 1 1 0 1 0 0 1 0 0 1 0 1 0 1 1 0 0 1 1 1 1 0 0 1 1 1 0 1 
0 0 1 1 1 1 0 1 1 1 1 1 1 0 1 1 1 0 1 1 0 1 1 1 1 1 0 0 0 1 0 1 1 1 0 0 1 1 1 0 0 1 0 1 1 1 0 0 
1 0 0 1 1 1 0 0 0 1 1 1 0 1 0 1 0 0 1 1 1 0 0 0 1 0 1 0 1 0 1 0 0 1 0 1 0 0 1 0 1 0 1 1 1 1 0 0 
0 1 1 1 0 1 1 1 1 1 0 0 1 1 1 1 0 1 0 0 1 1 0 1 0 0 0 1 1 1 1 1 0 1 1 0 0 0 0 0 1 0 0 0 1 1 1 1 
0 1 1 0 1 1 1 1 1 1 0 1 0 0 0 1 1 1 1 1 0 1 1 1 1 0 0 0 1 1 1 0 1 0 0 0 0 1 1 1 0 1 0 1 1 1 0 0 
0 1 0 0 1 1 0 0 1 0 1 1 1 0 1 0 1 1 0 1 0 1 0 0 1 1 1 0 0 1 1 0 1 1 1 0 0 1 0 0 1 1 1 0 0 0 1 1 
1 1 0 1 1 0 1 0 1 1 0 1 0 1 0 1 0 1 1 1 0 0 1 1 1 0 1 1 0 0 0 1 0 0 0 1 1 1 1 0 0 1 0 1 1 0 0 1 
1 0 0 1 0 1 0 1 1 1 1 1 0 1 0 0 0 0 1 1 0 0 1 0 1 1 1 0 1 0 0 0 0 0 1 0 0 1 1 1 1 0 1 1 0 1 1 0 
0 0 1 0 0 0 0 1 0 0 0 1 0 0 0 0 0 1 0 0 1 1 0 0 0 1 1 0 0 0 0 0 0 1 0 0 1 1 1 1 1 1 1 1 1 1 1 0 
0 1 0 1 0 0 1 0 1 0 0 0 0 0 0 0 1 1 0 1 0 0 0 1 1 1 0 1 0 1 1 1 0 1 0 0 0 0 1 1 0 1 1 1 0 0 1 1 
1 0 0 1 0 1 0 1 0 0 0 1 1 1 0 1 1 0 1 1 0 0 0 1 0 0 0 0 0 1 1 1 1 0 0 1 1 0 1 1 0 1 0 1 1 0 0 0 
1 1 1 1 0 1 0 0 1 0 0 1 0 1 0 1 1 0 1 0 0 0 0 0 1 0 1 0 1 1 0 0 1 1 1 1 1 0 1 0 0 1 0 0 0 0 0 0 
1 1 0 1 1 0 0 0 1 1 1 0 1 1 0 0 1 1 1 0 1 0 0 0 1 0 0 1 1 0 1 0 1 0 1 0 0 1 1 1 1 0 1 0 1 1 0 0 
1 1 0 0 1 1 0 0 1 1 1 0 1 1 0 1 1 0 1 1 1 0 1 0 0 0 0 0 0 0 0 1 1 1 1 0 0 0 0 1 1 0 0 0 1 0 1 0 
0 1 1 0 1 0 0 0 1 1 0 1 1 0 0 1 1 1 1 1 1 0 1 0 0 1 1 1 1 0 1 0 1 0 0 1 1 0 1 0 1 1 1 1 1 1 0 1 
0 1 0 0 1 1 0 1 0 1 0 0 0 1 0 1 0 0 0 1 0 1 1 0 0 0 1 0 1 1 1 1 0 1 1 0 1 0 1 1 1 0 1 1 1 1 1 1 
1 1 0 0 1 1 0 1 1 1 1 0 0 0 0 0 0 1 0 1 1 0 0 1 0 0 0 1 1 1 1 1 1 1 1 0 1 1 1 0 0 1 1 0 1 1 0 1 
0 1 0 0 1 1 1 1 1 1 0 0 1 1 1 0 1 0 0 0 1 1 0 1 0 1 1 0 0 0 1 1 1 0 1 0 1 0 1 0 1 1 0 0 1 0 0 0 
0 0 0 0 0 0 1 0 0 1 0 0 1 0 1 0 0 0 0 1 0 1 1 0 0 1 0 1 1 1 1 0 1 1 0 1 0 1 0 0 0 0 0 1 0 0 1 0 
0 1 1 1 0 0 1 1 0 1 0 1 0 0 1 0 1 1 1 1 1 1 1 1 0 0 1 0 0 0 1 0 0 0 1 0 1 0 1 1 0 0 0 0 0 0 0 1 
1 0 1 0 1 0 0 1 0 1 0 0 1 1 1 1 1 0 0 0 1 1 1 1 1 0 1 1 0 0 1 1 0 0 0 1 0 0 1 1 1 1 1 0 0 0 0 1 
1 0 0 0 1 1 1 1 1 0 0 1 0 1 1 0 1 1 0 0 1 1 1 0 0 0 0 0 1 0 1 0 0 1 0 0 1 1 1 0 1 1 0 0 1 1 0 0 
0 0 0 1 1 1 1 1 0 1 1 1 0 1 1 0 0 1 0 1 0 1 0 1 1 0 1 0 1 0 0 1 0 1 0 0 0 1 1 0 0 1 1 0 0 0 1 0 
1 1 0 1 1 0 1 0 0 0 0 1 0 0 0 1 1 0 1 0 1 0 0 1 1 0 0 1 0 1 0 0 0 0 1 1 0 0 1 0 1 1 1 1 0 1 0 1 
1 1 1 0 0 0 1 1 0 1 1 0 0 1 0 1 1 0 0 1 0 0 1 1 1 0 1 1 1 1 1 0 1 0 0 1 0 1 0 0 1 1 1 1 0 1 0 1 
1 1 0 0 1 1 1 0 1 0 0 0 0 1 0 1 1 0 0 0 0 0 0 1 0 1 0 0 1 1 0 0 0 0 0 1 0 0 1 1 0 1 0 0 0 0 1 0 
1 1 0 1 0 0 0 0 0 0 0 1 1 0 1 1 1 0 0 1 0 0 0 0 1 0 1 0 1 0 0 0 0 0 1 0 0 1 0 0 1 0 1 1 1 1 0 0 
1 1 1 1 1 1 1 0 0 0 0 1 1 0 1 1 0 0 1 1 1 1 1 0 1 1 1 0 0 0 0 1 1 1 0 0 1 1 0 1 0 1 0 1 1 1 0 0 
1 1 1 0 0 0 0 1 1 0 0 1 0 0 0 1 0 0 1 1 0 1 0 0 0 0 1 0 1 1 0 0 0 1 0 0 1 0 1 1 0 1 0 0 0 1 1 0 
1 0 1 1 0 1 1 0 1 0 0 0 1 0 0 1 1 0 1 1 0 1 0 1 0 0 1 0 1 1 0 1 1 1 0 1 0 0 0 1 0 0 1 0 1 1 1 0 
1 1 1 0 0 1 1 0 0 0 1 1 1 1 0 1 1 1 0 1 1 0 1 1 1 0 1 0 0 1 0 1 0 0 1 0 1 0 0 1 1 1 1 0 1 1 1 0 
0 0 1 1 0 0 1 1 1 0 1 1 1 0 0 1 0 0 1 1 0 0 1 1 1 0 0 0 1 1 0 0 1 0 1 0 0 0 1 1 1 1 0 0 1 1 0 1 
1 1 0 1 1 1 1 1 1 1 1 1 0 0 1 0 0 0 0 0 1 1 0 0 0 0 0 1 1 0 0 0 0 1 0 1 0 1 0 0 0 0 1 0 0 0 0 0 
0 0 0 1 0 0 1 0 1 0 0 0 0 0 1 0 1 1 0 0 0 0 0 0 0 1 0 0 1 1 0 1 1 1 1 1 1 0 0 0 0 0 1 1 0 0 1 0 
1 1 0 1 0 0 1 0 1 1 1 0 0 1 1 0 0 0 1 0 1 1 0 1 1 1 0 0 1 0 0 0 1 0 1 1 0 0 0 1 0 1 1 0 0 0 0 1 
1 0 1 0 1 1 1 1 1 0 1 0 0 1 1 1 1 0 1 1 1 1 0 1 0 1 1 0 1 0 1 0 0 0 0 1 0 0 0 1 0 1 1 0 0 0 1 1 
1 0 0 0 1 0 1 1 1 0 0 1 0 1 1 0 0 0 0 0 0 0 1 0 0 0 0 0 1 1 0 0 0 0 0 1 1 1 1 0 1 1 1 0 0 1 0 0 
1 0 0 1 1 1 1 1 0 1 1 1 0 1 1 0 0 1 0 1 0 1 1 1 0 1 1 0 0 0 1 1 0 1 0 1 1 1 0 1 0 0 0 0 1 1 1 1 
0 1 0 0 0 0 1 0 1 1 0 1 1 1 0 1 1 0 1 0 1 1 1 1 1 1 1 1 0 0 0 0 1 1 0 1 1 1 1 0 0 0 1 1 1 1 1 0 
1 0 0 0 1 1 1 1 0 0 0 0 1 0 0 0 1 0 0 0 0 1 0 0 1 1 0 1 0 1 1 1 1 0 1 0 1 0 1 0 1 1 0 0 0 1 0 1 
1 0 0 1 0 0 0 1 0 0 0 0 1 0 0 0 0 1 0 1 0 0 1 1 1 0 1 1 1 1 1 0 0 1 0 0 1 0 1 1 0 0 0 1 0 0 1 0 
1 1 1 1 1 1 0 1 1 1 0 0 1 1 0 1 0 0 1 0 0 0 1 0 0 1 1 0 1 0 0 1 0 0 0 1 1 1 0 0 0 1 0 1 0 0 0 1 
1 1 1 1 0 0 0 0 0 1 1 1 0 1 0 0 1 1 1 0 0 0 0 0 1 0 0 1 1 0 0 0 0 1 1 0 0 1 0 0 1 1 1 1 1 0 1 0 
1 0 1 1 0 1 1 1 0 1 1 1 0 1 1 0 1 0 0 1 0 0 1 1 0 0 0 1 0 1 1 1 1 0 0 0 0 0 1 0 1 0 1 1 0 0 1 1 
0 1 0 0 0 1 1 0 1 1 1 0 0 0 1 0 1 0 0 1 0 1 1 1 0 0 1 0 0 0 1 0 0 1 1 0 0 0 0 1 0 1 1 0 1 1 0 0 
1 0 1 1 0 0 0 0 0 1 0 0 0 1 1 0 0 0 0 0 0 0 1 0 1 1 1 0 0 1 1 1 0 0 0 0 1 0 0 1 0 0 0 0 1 1 0 1 
1 0 1 1 0 0 0 1 1 1 1 1 0 0 0 0 1 0 0 0 1 0 1 1 0 1 1 1 0 1 0 1 1 1 1 1 0 1 0 1 0 1 1 0 0 1 1 1 
0 1 1 1 0 0 0 0 0 1 0 0 0 0 0 1 0 1 0 0 0 0 1 0 1 0 0 1 0 1 0 0 1 1 1 1 0 1 1 0 0 1 0 0 0 0 1 0 
1 1 0 1 1 1 1 0 0 0 0 0 1 0 0 0 0 1 1 0 0 1 0 0 0 0 0 0 1 1 0 0 0 0 0 1 0 1 1 0 1 1 0 1 0 0 1 0 
1 1 0 1 0 0 1 0 0 1 1 1 0 1 0 0 0 0 1 0 1 0 0 1 0 0 0 0 0 1 0 1 0 0 0 0 0 1 1 0 0 0 0 0 1 0 0 1 
0 1 1 1 1 1 0 1 1 0 1 1 0 1 0 0 1 0 1 1 1 0 0 1 0 0 1 1 0 1 1 0 0 0 1 0 0 0 1 1 0 1 1 0 0 1 1 0 
