44 67 156
3 79 60 92 66 59 56 10 98 67 15 50 21 92 4 77 57 24 39 27 85 96 97 56 60 16 73 90 26 92 5 80 70 65 71 36 75 27 45 72 45 11 73 17 2 76 94 59 52 84 37 36 31 85 91 42 1 15 83 78 59 88 58 28 4 28 15 
30 6 11 1 50 22 73 19 75 100 12 33 3 47 70 90 30 54 33 71 6 99 54 36 57 93 93 85 96 72 99 25 78 62 77 79 83 1 97 57 52 60 42 7 7 63 96 88 16 80 58 74 79 11 9 35 3 53 19 50 24 70 26 1 31 54 32 
65 6 28 73 10 88 14 16 46 76 63 33 44 95 42 69 73 53 29 7 7 81 78 9 4 99 86 57 29 40 88 45 97 15 17 6 54 83 73 51 10 88 83 53 82 25 73 54 29 1 12 87 33 89 47 37 87 33 93 67 72 32 63 20 46 80 26 
52 14 98 2 23 85 85 28 18 61 100 71 41 53 83 79 85 23 26 21 62 58 65 80 81 96 43 100 94 74 77 45 87 27 46 9 63 82 36 81 94 88 3 86 40 85 65 24 60 42 97 73 99 61 52 31 9 46 82 2 19 59 98 57 37 43 18 
99 77 5 31 22 92 34 8 83 70 72 59 29 65 55 53 63 67 5 45 75 2 26 28 73 36 25 29 24 20 98 23 96 3 5 69 46 38 76 81 8 99 39 88 63 93 41 77 11 97 21 38 98 99 65 70 86 42 51 10 61 48 84 8 50 88 76 
48 78 4 28 85 2 66 24 65 10 16 93 20 12 66 9 10 64 74 31 1 67 81 62 79 29 97 38 30 85 65 77 62 68 4 98 22 21 73 38 82 89 30 54 100 95 62 61 10 87 92 11 53 24 24 83 52 21 20 34 57 85 10 18 4 66 67 
25 38 39 62 20 27 92 73 79 38 34 39 48 21 82 10 25 6 85 8 9 5 27 42 61 63 4 30 19 21 48 43 58 87 57 77 65 100 1 95 37 35 34 36 7 67 97 31 24 82 90 33 38 69 26 99 31 81 80 1 1 28 44 11 66 100 87 
82 51 88 77 39 74 62 75 80 80 23 62 4 56 52 88 94 20 65 44 2 46 23 3 98 2 98 8 67 49 95 1 99 34 77 37 59 90 11 38 69 86 51 72 41 2 11 34 73 76 29 75 21 4 77 18 5 74 26 24 22 72 24 72 57 52 8 
67 93 71 4 61 56 6 85 48 8 95 82 80 70 62 6 42 65 82 12 70 7 89 93 80 12 68 51 20 71 11 86 63 81 89 23 36 94 59 83 53 6 16 85 27 30 90 69 94 72 32 63 30 20 7 62 31 26 12 2 96 22 87 10 54 27 85 
41 72 43 76 25 48 91 9 75 72 98 95 66 21 26 80 3 97 39 64 79 64 27 80 12 1 66 73 6 92 57 47 15 100 22 39 99 64 99 25 36 49 71 1 21 48 80 23 44 70 38 74 86 17 5 97 69 70 69 74 13 78 20 28 29 41 18 
27 57 69 4 92 17 74 44 37 22 75 12 17 45 1 91 30 69 95 78 37 17 46 11 81 75 82 60 3 75 30 82 31 98 85 74 14 58 17 2 31 91 65 48 35 66 90 64 34 36 41 71 4 39 33 37 13 66 96 68 92 77 49 22 74 33 47 
39 42 63 93 73 54 57 72 40 22 13 56 8 48 96 30 52 86 14 40 51 79 87 18 71 64 66 44 37 98 91 28 91 5 20 63 10 76 86 50 50 98 5 57 98 52 86 49 38 99 40 40 29 26 57 51 89 22 95 78 71 37 5 61 41 76 76 
51 51 61 52 52 11 56 8 8 59 45 8 48 95 47 87 24 72 43 74 61 16 20 90 86 56 94 99 49 21 74 51 23 86 2 75 48 9 34 55 67 79 62 15 25 60 1 48 32 44 74 44 59 93 33 97 1 78 95 49 98 20 51 20 57 52 46 
5 60 80 59 26 10 73 40 34 32 93 34 15 88 59 58 46 51 90 94 3 19 88 3 16 59 53 88 16 4 33 20 15 64 78 41 73 2 32 59 34 24 92 48 63 50 58 9 52 99 54 7 18 42 9 85 100 14 72 15 69 57 86 84 20 64 76 
45 17 7 3 50 83 46 50 45 47 7 5 50 5 59 56 74 52 17 59 3 30 82 70 98 38 55 33 10 70 8 54 87 15 8 88 49 53 37 45 51 95 2 100 52 60 56 25 63 24 83 65 53 65 86 2 2 41 35 11 62 94 16 48 60 23 88 
8 27 76 5 77 71 6 77 22 17 84 46 79 7 81 95 11 45 81 64 98 73 50 61 34 44 28 34 3 51 73 63 29 48 67 6 18 72 34 91 88 69 89 18 27 69 64 37 65 44 52 14 68 2 74 54 97 2 87 99 4 11 61 32 58 79 89 
28 2 22 18 41 42 58 58 68 26 22 56 42 17 8 56 85 61 81 38 57 34 76 7 37 86 20 21 43 98 61 22 100 35 92 92 76 49 50 44 75 23 51 68 39 58 23 75 70 4 64 26 37 39 85 26 24 4 98 19 53 58 92 4 92 83 96 
68 32 97 63 58 19 13 25 9 23 48 84 92 3 47 70 91 38 6 16 13 9 65 83 13 23 75 17 14 57 12 33 88 8 47 45 78 60 22 86 34 21 21 25 23 20 46 13 57 51 81 69 11 97 4 24 19 78 92 85 34 3 69 74 62 16 70 
39 27 91 76 60 11 97 36 85 16 34 50 24 36 82 44 47 78 47 22 97 76 13 33 10 67 1 35 28 68 4 18 94 47 93 5 9 41 41 94 8 26 43 83 61 76 27 7 53 25 80 1 1 92 33 62 10 86 96 89 5 51 6 99 49 51 55 
58 43 95 3 51 20 97 33 33 72 11 39 24 36 71 25 36 14 9 97 24 46 44 12 51 46 70 1 47 20 55 4 62 2 6 64 73 2 97 5 73 7 96 48 94 66 24 29 79 85 77 2 30 72 66 32 70 35 32 16 54 39 19 67 40 76 31 
64 29 27 69 53 85 64 100 79 81 76 59 59 60 88 13 41 59 78 73 80 12 56 95 65 94 65 83 85 40 13 1 20 91 69 72 28 84 24 58 64 51 16 74 10 55 86 50 66 63 74 45 74 30 40 90 75 4 73 12 96 37 12 15 28 32 39 
7 15 62 64 30 12 31 3 73 86 89 22 51 51 96 47 77 77 86 18 51 42 42 14 37 79 25 51 58 56 89 64 22 2 79 3 65 9 6 89 46 46 63 48 48 10 95 24 86 32 94 88 73 35 2 9 65 78 12 22 86 52 37 7 6 15 10 
22 76 67 11 21 12 73 21 59 82 15 35 19 46 28 6 71 14 59 31 79 37 42 100 22 46 89 80 3 55 41 24 30 7 34 3 70 58 23 29 91 89 15 9 86 42 67 56 55 25 87 85 61 80 85 34 25 25 14 27 79 54 3 61 13 36 15 
82 46 89 62 36 77 76 97 62 69 63 18 76 87 56 60 100 35 96 33 60 20 98 38 51 52 40 63 16 28 77 97 25 65 11 60 41 86 8 54 7 70 71 82 9 26 41 60 13 89 44 72 8 42 61 10 45 1 72 60 80 48 8 4 64 70 15 
4 8 23 10 14 44 32 95 4 10 87 63 22 75 7 45 35 100 5 44 96 57 68 7 36 15 66 91 31 36 6 86 43 80 95 56 23 27 2 27 36 40 41 57 67 47 1 1 98 57 96 93 14 63 99 1 30 17 92 60 52 49 97 94 28 92 1 
2 18 54 28 5 93 69 61 59 67 13 11 17 69 7 9 34 21 60 35 2 76 78 13 79 78 10 24 5 1 24 58 70 77 86 74 21 6 86 80 24 50 42 40 18 100 1 4 21 12 38 74 39 67 87 17 44 48 40 100 100 15 57 69 91 94 94 
63 99 31 94 75 80 36 14 49 35 14 52 7 77 41 81 15 59 19 83 54 66 22 53 65 88 62 85 30 7 30 93 58 12 86 32 91 21 45 91 56 11 95 62 87 87 94 54 46 12 36 51 77 58 4 41 45 17 77 27 23 6 19 32 17 4 63 
59 77 8 2 32 70 48 45 8 34 39 61 31 50 97 82 79 6 37 71 2 5 48 28 27 53 46 59 22 2 73 32 78 32 33 9 1 80 5 9 66 95 21 96 97 17 29 75 22 65 45 24 69 44 51 48 49 49 58 70 50 30 1 27 14 34 87 
14 65 91 74 30 38 95 78 34 63 6 60 85 23 56 60 43 100 62 42 48 10 99 17 59 81 69 37 94 54 23 59 19 66 85 100 55 31 77 88 93 35 99 77 57 54 88 51 53 50 93 100 59 91 68 70 23 37 58 68 42 33 27 12 50 63 12 
4 93 40 91 85 26 89 14 34 94 1 85 47 2 77 98 13 19 66 82 42 54 91 9 95 23 87 59 72 49 22 75 41 61 17 78 39 57 91 72 51 43 56 97 45 32 46 57 51 11 90 44 16 80 52 63 55 91 21 26 39 42 53 32 54 69 9 
92 78 51 64 80 93 19 28 89 3 73 45 5 84 86 48 99 66 99 13 72 89 33 97 80 26 49 11 80 70 71 23 99 21 86 78 65 57 5 54 11 77 98 15 12 36 62 11 1 12 23 24 1 8 20 32 33 21 94 12 42 64 87 40 36 72 69 
52 80 73 5 90 49 55 4 61 90 17 23 42 29 97 65 81 4 36 12 89 56 57 52 49 72 38 40 59 62 8 10 41 80 15 83 81 21 38 93 10 55 67 3 35 63 67 15 19 2 78 59 10 34 10 10 5 48 50 63 61 57 72 1 89 38 35 
21 58 73 13 19 79 79 21 13 93 87 79 63 41 56 21 50 89 31 11 45 30 60 59 90 69 82 42 57 20 29 77 29 53 41 48 31 71 68 95 15 55 73 78 47 28 98 48 68 80 58 12 61 18 70 50 86 51 44 94 22 72 22 51 24 14 98 
54 84 17 100 50 23 72 27 69 51 77 16 18 56 74 81 17 43 50 18 80 52 61 73 26 32 46 76 7 59 25 12 94 41 11 43 64 34 70 84 84 98 100 53 5 25 33 73 67 82 91 46 86 3 18 11 87 15 38 93 73 14 5 18 6 67 60 
69 1 81 5 84 78 4 89 83 28 21 7 94 55 97 91 40 52 60 2 38 74 91 82 98 4 38 15 9 5 26 30 5 7 34 40 36 37 28 70 16 1 77 61 55 25 51 46 76 10 47 65 35 37 99 32 92 36 98 100 40 23 29 96 81 62 88 
17 50 67 38 17 67 66 77 73 91 79 18 18 40 16 83 74 4 33 5 95 68 54 95 60 77 75 7 57 89 94 25 90 13 15 7 31 80 35 4 70 14 21 40 53 37 22 27 40 6 83 87 73 89 33 32 65 59 91 73 47 84 50 89 48 64 47 
79 43 81 82 65 46 54 4 99 90 77 77 82 82 11 20 6 99 52 90 15 10 80 40 9 15 89 49 63 52 95 41 46 75 74 62 73 27 65 71 69 93 99 2 74 9 21 80 60 24 69 74 85 48 13 45 14 53 93 76 56 87 16 54 14 41 15 
86 68 80 8 36 24 58 37 98 18 9 29 77 32 49 3 16 48 67 61 61 72 5 37 27 44 4 80 57 45 95 94 12 26 53 99 49 10 35 98 27 95 78 56 26 26 58 41 73 76 53 86 47 58 74 74 1 77 5 9 73 99 54 36 76 6 34 
77 67 20 74 93 14 52 100 39 29 57 32 54 85 36 39 31 45 12 56 97 40 61 57 13 11 10 48 39 67 34 15 33 53 40 78 19 91 77 9 72 86 40 25 70 28 15 52 72 78 8 21 17 20 77 81 82 39 81 20 5 14 34 90 18 74 19 
36 16 47 45 87 32 36 63 53 15 77 57 39 54 16 59 23 87 35 3 68 73 35 88 30 48 73 71 18 46 89 5 14 35 49 52 19 37 15 23 3 43 79 41 49 46 99 71 32 86 25 100 10 60 39 91 59 11 61 76 9 49 81 22 36 81 73 
54 69 39 76 72 34 7 12 82 4 63 4 88 100 80 87 61 39 77 52 50 87 12 25 95 13 57 68 48 38 41 1 58 31 28 29 64 86 93 45 42 7 100 29 58 80 67 18 18 43 69 19 81 33 44 76 45 52 95 44 41 87 96 99 18 75 79 
33 61 23 78 54 81 29 82 38 8 48 8 78 42 28 96 22 60 91 49 56 43 44 99 83 30 94 33 99 69 12 32 81 86 61 86 67 89 67 56 97 66 63 74 7 43 69 28 2 60 29 10 54 72 8 36 53 54 69 52 74 32 83 6 69 43 91 
87 31 9 95 27 74 57 52 80 99 21 59 53 32 87 62 85 10 21 72 63 26 92 14 51 23 48 56 44 90 98 30 72 6 24 51 79 33 2 10 83 74 21 87 5 7 100 41 69 21 13 31 98 4 96 49 79 43 56 22 84 54 3 7 11 27 57 
90 11 11 51 93 84 71 32 41 30 31 33 98 3 45 28 1 49 75 1 79 69 56 100 4 61 2 10 72 80 19 13 42 29 63 35 64 34 66 56 15 48 89 12 51 85 91 51 85 65 51 63 85 58 14 88 19 68 97 90 99 67 2 41 47 16 27 
0 0 1 1 0 0 1 1 0 0 1 0 0 1 0 1 1 0 0 0 0 1 1 1 0 1 0 0 0 1 0 0 0 1 1 0 1 1 0 0 1 1 0 1 1 1 0 0 1 1 1 1 0 0 0 0 1 0 0 1 1 0 1 1 1 1 0 
1 0 0 1 1 1 1 0 0 0 1 1 1 0 0 0 0 0 0 1 1 0 1 1 0 0 0 1 1 1 1 0 1 1 1 0 1 1 1 1 1 0 0 1 0 0 1 0 0 0 1 0 0 1 1 0 1 1 0 0 1 1 1 0 1 0 1 
0 1 0 1 1 0 0 0 0 0 1 0 1 1 0 1 0 1 0 0 0 1 0 0 0 0 1 1 1 0 0 1 1 0 0 0 0 0 0 0 1 0 0 0 1 0 1 1 1 1 0 1 0 0 0 1 0 1 0 1 1 0 0 1 0 1 1 
0 1 0 0 0 0 0 0 1 1 1 1 0 0 1 0 1 1 0 0 0 1 0 1 1 0 0 0 0 1 1 0 0 1 0 1 1 0 1 1 1 1 0 0 1 1 0 0 0 0 0 0 1 0 0 0 0 0 0 0 1 0 0 1 1 0 0 
1 1 0 0 0 1 0 0 0 1 0 1 1 0 1 0 0 0 0 0 0 0 1 1 1 1 1 0 0 0 1 1 1 1 1 1 0 1 0 0 0 0 1 0 1 1 0 1 1 0 1 1 0 0 0 1 1 0 1 0 0 0 1 1 1 1 0 
1 0 0 0 1 1 1 1 0 0 1 1 1 1 0 1 1 1 1 0 0 1 1 0 1 0 0 0 1 1 1 1 1 1 1 0 0 0 1 0 1 0 1 0 1 0 1 0 1 1 0 1 0 0 0 0 0 0 0 1 1 1 0 0 1 1 1 
1 0 0 0 1 1 1 1 0 1 1 1 0 0 1 0 0 1 0 0 1 0 1 1 1 0 1 1 1 1 0 1 1 1 1 0 0 0 1 0 0 0 1 0 0 1 0 1 0 0 1 0 0 0 1 1 1 0 1 0 1 1 1 0 0 0 0 
0 1 0 1 1 0 0 1 1 1 0 0 0 0 1 0 1 0 1 0 1 1 1 1 1 1 1 1 1 1 0 0 0 0 1 1 0 1 1 1 1 1 1 1 1 1 1 0 1 0 1 0 1 0 1 0 1 0 0 1 0 0 1 0 0 0 0 
0 1 1 0 0 0 1 1 1 0 0 0 1 0 1 1 0 1 1 0 1 1 0 0 1 0 1 0 0 1 0 1 0 1 1 1 1 0 0 0 1 1 0 0 1 1 0 1 1 1 0 0 0 0 0 0 1 1 0 1 0 0 0 0 1 1 1 
0 0 0 0 1 1 1 1 0 0 1 0 1 0 0 1 1 0 1 1 1 0 1 1 0 1 1 1 0 1 0 0 1 0 0 0 1 1 1 0 0 1 0 1 1 0 1 0 0 0 1 0 1 0 1 1 1 0 0 1 1 1 1 0 1 0 0 
1 1 0 1 1 1 1 1 0 1 0 1 1 0 0 1 1 1 0 1 0 1 1 0 0 0 1 1 0 1 1 1 1 1 0 0 0 1 1 1 0 1 0 1 0 0 1 1 1 1 0 0 0 0 0 1 0 1 0 0 1 1 1 0 1 1 0 
1 0 0 0 0 1 0 0 1 1 1 1 0 0 1 0 1 1 0 0 0 0 0 0 1 1 0 1 0 1 1 0 0 1 0 0 1 1 0 0 0 1 1 0 0 1 1 1 0 1 1 0 1 1 1 0 0 1 1 1 0 1 1 0 0 1 1 
1 0 1 0 0 1 1 1 1 0 0 0 1 1 1 1 1 0 0 1 0 1 1 1 0 0 0 0 0 0 1 0 0 1 0 1 0 1 0 1 0 0 1 1 1 0 0 0 0 1 0 0 0 1 0 0 1 0 1 1 0 0 1 1 1 1 0 
1 1 0 0 1 0 1 0 1 1 0 0 1 1 0 0 0 1 0 0 0 0 1 1 1 0 1 0 1 0 0 1 1 0 1 0 0 1 0 1 0 1 1 0 0 1 0 0 0 0 1 0 0 0 0 1 0 1 1 0 1 1 1 1 1 0 1 
1 1 0 1 0 1 0 0 1 0 0 0 0 0 1 1 0 1 1 0 0 0 1 0 1 1 1 0 0 1 0 0 1 0 1 1 1 1 1 0 1 1 0 0 1 1 1 1 1 0 1 1 0 1 1 1 0 0 0 0 1 0 0 0 0 1 1 
1 1 0 1 0 1 0 0 0 1 1 0 0 1 1 1 1 0 0 1 0 0 1 1 0 1 1 0 1 1 0 0 0 0 1 0 0 1 1 0 1 0 0 1 0 0 1 1 0 1 0 1 0 1 0 0 0 1 0 1 0 0 1 0 1 1 1 
1 0 0 1 1 0 0 1 0 0 0 0 0 1 0 1 1 0 1 1 0 1 0 0 1 0 1 0 1 0 1 0 1 1 0 0 1 0 1 0 0 1 0 0 1 0 0 0 0 1 0 1 0 0 1 0 0 0 0 0 1 1 0 0 0 0 0 
1 0 0 1 0 1 1 1 0 0 1 1 0 0 1 1 1 1 0 1 1 1 1 1 0 0 0 0 0 0 0 1 1 0 1 1 0 0 0 0 0 1 1 1 0 0 0 1 1 1 0 1 0 1 0 0 1 0 0 1 1 0 0 0 1 1 1 
1 0 0 1 0 1 1 1 1 1 0 0 1 1 0 0 1 1 0 1 0 1 1 1 0 1 0 0 0 1 1 1 1 1 1 0 1 0 1 0 1 1 1 0 0 1 0 1 1 1 0 1 0 1 1 0 1 1 0 1 0 1 1 0 1 0 0 
0 0 1 0 1 1 1 0 1 1 0 1 0 1 1 1 1 1 0 1 0 1 1 1 0 1 0 0 0 0 0 0 0 1 0 0 0 0 0 0 1 0 1 1 0 0 0 1 1 1 1 1 0 0 1 0 1 1 0 1 0 0 1 0 0 0 0 
0 0 0 0 1 1 1 0 1 0 0 0 1 1 1 1 0 0 0 0 1 1 1 1 1 1 0 0 1 0 0 0 0 1 0 1 0 0 1 1 0 0 1 1 1 1 0 1 1 0 0 0 0 1 1 1 0 0 1 0 0 0 0 1 1 0 0 
1 0 0 0 0 0 1 0 1 0 0 1 1 1 1 0 1 0 1 0 0 1 0 0 0 0 0 1 1 1 1 0 1 1 0 0 1 1 0 1 0 0 0 1 1 1 1 0 1 1 1 1 0 1 0 0 1 0 1 0 1 1 0 1 0 0 1 
0 1 1 1 1 1 1 1 1 0 0 1 1 1 0 0 0 1 0 0 0 1 0 0 0 1 0 1 1 0 0 1 0 1 0 1 1 1 0 0 1 1 1 0 0 0 1 0 1 1 1 0 0 1 0 1 0 1 0 1 1 1 1 1 0 1 1 
1 1 1 1 0 0 1 1 1 1 0 1 0 1 0 0 0 1 1 1 1 0 1 1 1 0 0 1 1 1 0 0 0 1 0 1 0 1 0 1 0 0 0 0 1 1 1 1 0 0 0 0 0 0 1 1 0 1 0 1 0 0 0 1 0 0 0 
0 1 0 1 1 0 1 1 1 0 0 1 1 0 1 1 0 1 0 0 0 1 0 1 1 1 1 0 1 1 0 1 0 0 0 1 0 1 1 0 0 1 1 1 0 0 0 0 0 0 0 0 1 1 1 0 0 1 1 1 0 1 0 1 0 0 0 
0 1 1 0 1 1 1 0 1 0 0 1 0 0 0 0 1 1 1 0 1 0 1 0 1 0 0 0 0 0 0 1 1 0 1 1 1 1 1 0 1 0 1 1 0 1 1 0 0 0 0 1 1 1 1 0 1 1 0 0 1 0 1 1 0 0 0 
1 1 1 1 0 1 1 1 0 0 0 0 1 1 0 0 0 1 0 0 0 1 0 0 1 0 1 0 1 0 0 0 1 1 0 0 1 1 1 1 1 0 1 0 1 1 1 1 0 1 1 0 0 1 1 1 1 0 1 0 0 1 1 0 1 1 0 
0 0 1 1 1 1 0 0 0 1 1 1 1 0 0 1 0 1 0 0 1 1 1 1 1 1 0 1 0 1 1 0 1 1 1 1 0 1 1 1 0 0 0 1 0 1 0 0 0 1 0 1 0 0 1 1 1 1 1 1 1 0 1 0 1 0 1 
0 1 0 1 1 0 1 0 0 0 0 1 1 1 1 0 1 1 1 1 0 1 0 1 0 0 0 0 0 0 0 0 1 0 1 0 1 0 0 1 1 1 0 0 0 0 0 0 1 0 1 0 1 1 1 1 1 0 1 1 0 1 1 0 0 0 0 
1 1 1 0 0 0 1 0 0 1 0 0 0 0 1 0 1 0 0 0 0 0 0 1 0 1 1 0 1 1 1 0 0 0 1 0 0 0 0 0 1 1 1 1 1 0 0 1 1 0 1 1 0 1 0 0 1 1 1 0 1 0 1 1 0 0 0 
0 0 0 0 1 1 1 0 1 0 0 0 1 0 1 0 0 1 0 1 0 0 0 0 1 0 1 0 0 1 0 0 1 1 0 0 0 0 1 1 0 1 1 1 0 1 1 0 0 1 1 0 1 1 0 0 1 0 1 1 1 1 1 1 0 0 1 
1 0 0 0 0 0 0 1 0 1 0 0 1 1 0 1 1 1 1 1 1 1 0 0 1 0 0 0 0 0 1 1 0 0 0 0 0 0 1 0 1 1 0 0 0 0 1 1 0 0 1 1 0 1 1 1 1 1 1 0 1 0 1 1 0 1 1 
0 1 0 0 0 1 1 0 0 1 1 1 1 0 0 0 0 0 0 1 1 1 0 1 1 0 1 0 1 0 0 1 0 0 0 0 0 1 1 0 0 0 1 0 0 0 0 0 0 0 1 1 0 1 1 1 0 0 1 1 0 1 0 0 0 0 1 
0 1 0 0 0 0 1 0 1 1 0 1 1 1 1 1 1 0 0 0 0 0 1 1 0 1 0 1 1 0 0 1 0 0 1 0 0 0 0 1 0 0 1 1 1 0 0 0 0 0 0 1 0 0 0 1 1 0 0 0 1 0 1 1 0 0 1 
0 0 1 0 0 1 1 0 1 1 0 1 1 1 0 0 1 0 1 0 1 1 0 1 0 0 0 1 0 0 0 1 0 1 1 1 1 0 1 0 1 1 1 0 0 1 1 0 1 0 0 0 1 1 1 0 1 1 1 0 1 0 1 0 1 0 1 
0 0 0 0 1 1 0 1 0 1 0 0 1 0 0 1 0 1 1 0 1 0 1 1 0 1 0 0 1 0 1 1 0 1 0 1 0 0 0 0 1 1 0 0 1 1 0 1 0 1 1 1 1 1 0 1 0 0 1 1 0 0 1 0 1 1 1 
0 1 0 0 0 1 1 1 0 0 1 0 0 0 1 0 1 0 0 1 1 1 0 0 1 1 1 0 0 0 1 0 1 1 1 0 0 0 1 1 0 0 1 0 0 0 0 1 1 1 0 0 0 1 0 1 0 0 1 0 0 1 1 0 0 0 0 
1 0 1 0 0 1 1 0 1 1 1 0 0 0 1 0 0 0 1 1 0 1 1 0 1 0 1 1 0 1 1 1 1 0 1 1 1 0 0 0 0 1 1 0 1 0 1 1 0 0 0 0 1 1 0 0 1 0 0 0 1 1 1 1 0 1 0 
1 1 0 0 1 1 1 0 0 1 1 1 1 1 0 1 0 1 1 0 1 1 0 1 1 0 0 0 0 1 0 1 1 1 1 0 0 0 0 1 1 1 0 0 0 0 1 0 0 1 1 1 0 1 0 1 1 0 1 1 0 0 1 1 1 0 1 
1 1 0 0 0 1 1 1 0 1 0 0 1 1 1 0 0 1 0 1 0 1 1 0 1 1 1 0 0 1 1 1 0 1 0 1 1 1 0 1 0 0 1 0 0 1 0 0 0 1 1 0 0 0 0 1 1 1 1 1 1 0 1 1 0 1 0 
1 0 0 0 0 1 1 0 1 0 1 1 0 0 0 1 0 1 1 1 0 1 0 0 0 0 1 1 0 0 0 1 0 0 1 0 1 1 1 0 1 0 1 0 0 0 1 0 1 0 1 1 1 1 1 1 1 0 1 0 0 1 1 0 1 1 1 
1 0 0 1 1 0 1 1 0 1 0 0 0 1 1 1 0 0 1 0 1 1 1 1 0 0 1 0 1 0 1 0 0 1 0 1 1 1 1 1 0 1 1 0 0 0 1 1 0 0 1 0 0 0 1 0 0 0 0 1 0 0 0 0 1 0 0 
1 1 1 0 1 0 0 1 1 0 0 0 1 1 1 1 1 1 0 1 1 1 1 0 1 1 0 0 1 0 0 0 1 1 0 0 1 0 1 0 1 0 0 0 1 1 1 0 0 1 1 1 0 0 0 0 0 0 0 1 1 0 1 0 1 1 1 
0 0 0 1 1 0 1 1 1 1 0 1 1 1 0 1 0 1 1 0 1 1 0 0 0 0 1 1 1 0 0 1 0 0 0 1 1 0 0 0 1 0 0 0 0 0 1 0 1 0 0 0 0 0 0 0 0 1 1 1 0 1 0 0 0 1 0 
