67 67 2980
37 29 63 96 19 85 38 91 35 55 66 51 54 3 98 27 29 32 83 23 39 38 17 71 76 82 20 25 96 96 35 84 24 97 79 42 33 68 85 68 23 50 18 76 5 68 55 85 99 89 7 89 26 76 59 54 9 30 78 56 25 64 39 48 61 69 41 
45 36 25 64 58 27 34 86 31 1 40 15 99 28 74 87 6 49 97 59 9 26 88 64 2 51 54 49 63 22 41 8 9 18 71 67 44 4 52 26 56 43 92 54 22 17 92 79 17 40 89 25 17 28 40 18 79 93 18 93 66 59 52 75 28 23 41 
23 78 44 48 34 38 91 39 11 8 83 42 24 22 30 1 39 58 40 8 88 33 26 80 98 36 32 72 63 6 64 85 35 7 84 20 96 74 59 7 33 93 48 9 66 29 9 56 86 48 64 25 80 89 57 78 76 88 1 38 45 65 74 79 23 57 99 
19 82 9 77 15 53 24 23 18 4 31 74 42 78 37 66 10 77 22 39 4 61 39 41 5 3 14 36 78 22 86 96 3 46 72 69 98 47 91 15 50 73 40 91 3 28 9 12 56 30 50 59 91 40 99 47 95 64 34 72 85 19 67 40 64 90 8 
13 88 51 80 37 75 19 80 77 99 88 40 54 17 89 13 59 81 63 58 75 79 91 46 15 62 64 54 77 5 14 90 92 64 69 80 38 39 59 67 37 46 6 43 15 47 55 25 27 69 82 53 99 25 98 14 86 13 19 62 17 32 3 60 47 23 39 
37 14 98 55 50 95 60 92 61 58 98 86 84 19 19 36 17 43 85 82 80 49 1 94 17 84 96 76 83 71 15 71 84 64 25 85 10 36 29 71 94 26 56 29 96 26 17 13 69 1 46 100 50 46 93 18 82 41 94 64 11 60 86 46 23 10 30 
32 97 58 54 90 36 9 71 31 87 87 95 7 39 41 6 88 38 51 58 19 91 51 34 53 10 71 98 84 80 79 67 29 37 21 70 24 81 40 6 67 26 1 73 65 93 31 4 82 81 61 53 71 63 38 75 24 9 72 7 40 2 26 68 38 46 38 
61 78 29 67 45 7 19 69 71 63 99 26 44 79 39 48 1 53 86 75 77 94 98 35 33 100 60 53 89 57 90 2 35 18 20 31 24 90 51 46 52 50 24 47 80 14 95 81 66 32 7 42 77 57 29 9 8 40 61 48 97 2 49 83 72 20 65 
47 9 15 45 60 16 68 59 96 81 5 28 98 36 34 40 12 42 68 72 1 7 85 49 55 38 97 89 61 69 53 8 77 20 52 89 35 71 47 30 3 51 57 100 38 43 91 1 36 58 24 37 17 60 85 23 98 33 12 10 1 16 17 78 35 20 66 
70 42 64 51 44 66 60 96 55 2 86 7 37 96 30 73 64 42 9 86 91 42 49 100 94 65 69 71 51 88 88 72 30 3 23 25 68 82 20 22 35 58 28 23 53 10 48 16 51 56 53 93 49 2 92 43 18 60 65 20 100 5 92 29 7 66 5 
27 99 77 48 33 34 28 7 86 89 54 53 39 62 5 83 10 58 74 4 27 86 21 47 85 25 38 65 83 55 69 9 53 45 57 37 78 36 43 15 24 97 19 14 58 24 96 19 33 21 23 60 6 43 58 90 19 47 6 1 1 75 10 53 71 18 89 
1 53 83 67 76 79 86 41 88 61 36 7 93 56 81 4 62 23 61 3 93 7 9 93 59 35 2 63 5 71 3 57 23 86 24 50 64 9 90 4 69 25 10 61 33 90 17 46 64 77 48 56 36 8 100 94 94 2 9 99 24 11 7 47 96 30 96 
12 38 38 15 58 62 76 71 46 17 87 91 32 15 91 87 2 50 38 48 44 91 56 94 15 66 100 61 62 30 8 73 19 45 39 77 59 14 47 4 82 85 47 13 99 89 99 1 38 36 48 81 27 3 26 93 20 26 53 81 7 12 5 77 57 43 53 
67 8 51 22 89 35 20 1 86 8 51 38 46 39 85 78 17 39 56 9 58 81 13 91 39 24 95 15 80 90 20 98 49 22 20 38 9 39 90 94 99 93 31 44 31 67 73 99 57 28 7 66 60 19 56 98 94 3 65 26 44 36 23 92 57 94 81 
65 85 23 10 83 15 92 78 97 10 2 95 18 30 53 84 41 23 39 91 16 93 55 41 36 42 16 28 98 9 8 15 93 30 76 27 96 20 4 92 29 6 86 47 87 38 30 27 12 20 69 28 13 75 20 48 16 35 27 14 44 87 80 88 68 55 15 
64 74 70 7 55 27 93 53 65 82 34 44 46 53 12 73 17 87 92 17 2 27 95 67 22 81 46 61 1 53 27 16 78 97 22 32 75 66 84 40 100 69 83 45 22 94 17 90 32 60 58 34 38 53 52 11 85 98 72 37 2 98 52 79 46 26 11 
21 91 46 12 90 15 94 86 88 39 2 29 71 14 87 56 51 91 7 62 27 4 85 64 5 82 67 36 80 92 46 52 83 43 63 24 57 56 10 96 46 63 25 16 76 63 71 79 5 78 92 31 33 76 46 90 9 13 25 88 4 22 39 38 64 1 62 
73 8 71 20 54 85 44 69 61 58 92 91 62 21 82 45 53 57 90 42 65 54 18 5 58 39 43 95 55 96 56 27 55 78 46 8 63 42 29 75 51 72 65 13 92 98 9 96 6 50 90 22 4 7 26 61 98 21 7 52 68 15 78 22 44 75 82 
58 16 62 32 19 33 48 83 76 97 91 71 2 40 60 24 95 19 49 7 16 21 14 67 88 28 96 62 23 70 43 81 38 56 64 56 88 12 38 15 8 80 85 62 71 97 85 66 15 85 72 30 6 85 96 93 64 43 6 87 12 48 67 1 3 30 8 
42 93 97 56 53 76 93 14 47 89 50 64 55 34 35 84 91 72 31 36 87 73 41 25 36 89 91 89 43 73 96 37 17 93 92 21 20 36 86 18 76 35 81 30 21 68 13 11 91 95 98 77 67 39 2 55 79 44 43 21 68 90 9 37 34 1 57 
54 88 43 23 64 29 56 93 49 23 58 12 65 52 9 41 71 99 94 25 77 90 19 50 9 8 58 45 42 10 2 47 98 96 21 13 76 76 57 77 50 14 88 14 18 48 7 88 47 52 64 23 41 34 72 50 41 82 46 34 91 99 80 88 46 53 100 
22 28 57 98 78 22 85 43 91 84 1 30 30 53 93 5 45 26 28 46 19 9 92 52 100 90 84 87 36 36 39 9 15 47 6 92 20 42 87 11 25 87 40 7 91 85 11 36 62 38 33 32 47 24 84 46 66 19 84 53 6 74 61 20 72 18 64 
92 59 50 54 35 88 45 41 79 81 3 66 43 41 98 74 39 74 9 36 91 27 71 95 32 45 55 4 16 24 67 59 34 16 64 68 55 9 61 85 89 63 50 83 55 100 9 45 25 17 80 15 96 51 9 79 47 15 82 14 90 48 25 23 15 88 90 
22 48 2 6 37 65 8 71 71 59 79 16 83 96 47 49 43 49 9 21 95 75 55 9 64 54 33 86 21 72 27 42 20 29 47 56 45 6 78 15 64 57 82 98 4 81 46 46 29 6 18 76 80 72 84 43 26 68 28 46 91 55 39 10 35 37 17 
79 43 95 45 58 51 79 56 54 59 53 51 39 11 68 14 90 92 49 33 17 68 12 14 59 18 52 68 52 88 37 82 82 31 79 40 33 57 47 38 67 51 88 57 61 7 71 3 98 71 87 66 91 98 31 49 68 82 68 71 22 56 53 55 86 83 94 
70 39 92 7 57 95 46 13 7 5 35 9 54 6 95 20 96 45 2 96 64 36 15 34 57 71 38 11 8 20 57 78 10 100 36 66 94 34 31 1 90 65 61 43 70 56 14 17 52 16 64 67 51 79 100 59 49 90 21 8 61 77 85 23 77 73 88 
22 6 18 22 47 35 35 89 56 90 3 73 93 70 36 59 72 66 10 30 66 51 50 74 12 79 10 34 7 82 73 28 39 43 2 85 77 36 74 32 77 28 56 21 49 44 31 20 9 40 1 27 91 50 100 54 80 9 39 86 91 11 66 81 5 19 66 
33 6 91 65 34 70 72 54 18 15 36 89 76 75 89 2 17 90 53 22 70 61 60 7 3 23 24 84 27 94 1 60 99 91 76 84 60 47 89 29 14 24 17 41 99 5 94 67 46 46 89 67 58 100 26 61 22 49 96 49 95 96 60 93 86 35 29 
97 33 17 25 98 41 93 38 91 49 31 57 94 28 97 61 86 97 86 98 18 86 93 18 80 40 77 25 77 11 53 73 96 69 49 93 9 41 83 99 89 65 8 34 93 4 46 30 100 31 27 70 69 71 87 48 10 64 72 86 26 76 10 21 45 58 66 
5 50 48 4 90 12 11 23 56 66 69 85 18 51 11 87 19 33 73 19 42 36 42 79 62 18 88 34 14 97 99 18 98 98 73 87 10 35 62 65 1 82 2 18 32 12 4 3 97 28 73 90 64 66 69 77 83 8 10 48 57 61 18 54 58 90 41 
19 25 54 84 77 35 85 46 18 48 1 72 44 28 44 34 43 10 54 19 44 13 81 44 69 41 61 23 50 50 15 69 26 20 4 54 54 40 99 71 39 99 43 35 79 38 20 21 99 73 40 43 85 20 86 6 12 98 80 13 99 46 81 25 65 36 30 
18 75 29 40 66 79 34 100 57 24 19 78 22 43 69 16 79 40 53 84 51 50 63 15 49 60 48 25 24 83 54 93 10 34 85 75 13 70 74 69 93 44 98 67 86 66 82 64 5 87 100 7 36 62 22 36 74 21 12 97 3 66 90 64 99 26 38 
63 95 63 84 88 6 81 54 43 99 87 7 3 73 6 62 61 19 35 48 92 55 60 41 9 77 82 73 27 7 10 90 1 25 73 40 82 5 45 25 3 32 83 58 4 40 19 16 58 5 64 2 59 75 94 67 51 75 91 77 33 53 66 33 77 90 25 
58 95 69 82 97 100 64 6 56 3 24 71 13 80 86 66 90 60 59 9 10 85 99 39 17 51 4 1 27 94 77 37 40 46 70 36 97 86 42 52 88 17 75 52 49 60 69 38 72 79 46 33 63 45 71 31 95 75 84 74 20 60 10 59 5 31 46 
2 16 39 5 56 8 79 7 56 91 28 93 14 6 39 46 21 35 69 51 29 43 34 54 14 46 15 24 50 46 69 3 61 60 8 68 67 38 27 22 80 54 14 45 11 4 91 31 38 59 34 19 53 19 24 18 64 39 41 66 36 61 68 48 20 27 16 
86 17 42 59 48 47 25 93 57 28 83 88 18 93 73 36 97 91 59 14 55 49 6 72 84 18 39 84 38 18 99 75 34 92 86 33 38 10 25 46 37 59 85 54 3 57 41 99 48 100 64 54 100 69 25 84 39 15 67 28 84 17 54 69 8 39 2 
97 48 26 42 37 85 27 42 39 35 83 38 82 34 1 87 33 22 63 68 12 78 86 39 61 2 92 82 61 31 83 9 30 8 3 66 44 29 8 83 63 42 72 97 27 24 35 59 97 98 79 8 27 64 46 39 18 38 20 30 20 2 91 49 62 93 15 
57 21 74 91 35 67 14 83 93 38 18 51 86 67 81 94 93 97 91 31 14 80 3 95 99 56 85 100 17 77 66 26 49 39 68 36 5 82 70 97 71 87 99 56 5 80 49 97 76 92 80 41 71 34 87 22 89 72 21 6 100 86 83 1 24 50 36 
80 31 5 28 53 44 26 9 48 57 57 97 84 48 28 76 71 61 63 92 49 86 12 6 37 97 88 37 72 90 24 51 72 81 78 25 24 55 33 23 64 41 71 99 41 98 75 11 58 89 2 7 26 13 64 62 61 52 99 32 93 74 34 64 54 63 88 
29 17 20 52 32 13 74 31 53 72 57 63 29 45 16 87 22 80 51 83 40 54 33 23 46 7 56 9 60 18 49 41 86 20 92 70 32 65 100 84 88 56 98 69 52 13 55 73 92 57 7 83 62 40 5 59 98 60 68 9 29 68 49 67 87 92 36 
19 9 35 54 96 42 52 16 45 64 23 69 8 79 75 90 93 66 95 51 15 6 70 24 35 37 24 1 24 68 88 94 76 22 47 23 15 50 39 11 14 13 79 21 91 53 62 35 71 56 86 85 62 55 60 48 44 36 100 19 55 87 64 30 60 10 4 
26 12 94 36 25 6 14 97 49 18 58 83 88 66 20 25 27 27 36 26 70 23 25 40 77 11 3 58 22 12 14 47 75 59 82 99 65 95 47 65 12 57 99 52 22 19 28 100 97 15 25 66 38 49 5 66 11 7 24 84 70 89 30 45 47 11 95 
63 57 94 27 20 50 78 71 71 96 50 22 92 17 46 9 54 46 65 71 8 71 46 91 92 34 20 88 81 82 35 43 38 28 22 57 77 99 80 99 46 81 20 89 97 17 97 2 62 61 73 69 83 18 11 26 52 30 66 32 11 100 26 100 27 47 56 
55 45 87 53 90 68 24 78 64 40 26 18 53 38 90 73 72 59 83 98 62 64 63 45 74 14 71 25 40 17 80 94 14 19 98 3 86 73 33 1 64 58 18 16 96 59 40 19 18 74 16 79 37 30 24 62 43 46 86 34 62 17 27 27 35 76 30 
72 48 14 73 11 23 42 78 70 1 69 89 70 42 4 100 78 86 75 91 28 20 76 62 34 93 40 60 79 68 41 51 67 54 75 78 77 16 7 46 68 76 34 37 69 90 89 99 75 63 89 54 83 65 67 68 9 59 27 87 26 68 89 92 21 63 21 
49 79 80 95 98 7 80 35 75 21 75 73 47 37 14 1 71 30 19 38 38 77 17 76 2 84 17 46 56 79 66 5 9 45 51 7 3 82 93 78 3 67 2 49 55 15 1 26 44 20 15 33 96 31 61 50 66 77 47 22 55 12 78 16 9 28 22 
63 61 14 40 63 32 94 64 86 8 64 63 4 35 78 36 83 60 96 32 26 72 78 99 79 41 76 94 1 55 15 64 15 80 55 78 11 48 93 48 8 56 11 11 43 40 46 25 99 94 56 76 65 85 74 95 77 49 88 30 3 54 45 18 85 99 47 
95 47 39 43 6 46 53 16 88 44 61 12 42 6 19 70 23 55 43 17 84 44 57 13 98 10 57 67 95 7 65 41 5 55 35 10 1 39 25 40 82 38 4 76 43 22 45 65 29 39 82 12 82 90 76 32 99 84 98 45 90 15 38 95 69 72 56 
69 11 81 61 44 70 64 19 12 85 63 77 65 2 10 28 35 99 55 66 49 38 16 46 80 30 83 26 98 6 81 19 68 13 79 12 82 42 30 94 78 45 22 95 46 83 22 32 33 77 98 33 66 65 78 45 46 12 70 43 18 3 13 85 15 91 48 
97 84 78 42 14 74 63 8 19 97 29 2 29 57 51 61 23 15 91 19 60 2 89 55 71 43 67 8 57 10 55 5 93 84 46 6 57 60 13 27 8 94 29 36 50 79 49 24 46 39 43 5 92 83 11 63 77 78 70 33 87 76 90 31 60 35 89 
16 47 1 43 54 46 23 42 48 1 90 71 46 80 65 3 71 99 13 85 75 90 6 60 28 82 49 11 41 83 99 56 81 99 50 35 97 72 28 44 25 17 66 70 48 83 24 70 81 37 7 56 78 12 15 58 93 63 68 85 97 66 93 30 16 42 64 
12 66 43 7 90 59 25 11 58 7 35 27 87 23 85 94 52 97 8 9 41 22 28 26 71 93 18 100 61 11 15 24 76 57 31 17 67 7 28 24 13 14 2 99 88 87 93 39 35 52 100 75 26 27 100 96 72 69 95 32 80 61 7 55 17 89 24 
83 95 3 58 7 68 11 6 55 49 50 45 83 53 96 58 78 23 9 73 46 78 19 77 9 79 83 15 95 72 38 29 66 40 38 25 7 49 82 13 49 83 10 32 35 5 41 13 79 1 37 24 30 56 100 38 34 35 53 81 58 90 61 75 82 99 99 
40 99 80 5 47 62 14 30 49 70 22 61 49 75 97 72 4 4 24 94 38 10 46 70 67 87 30 93 68 80 92 60 78 23 64 77 37 29 58 37 98 32 97 98 6 45 70 61 49 93 54 38 2 51 7 20 38 88 12 57 68 55 16 97 30 31 73 
18 11 83 54 9 14 2 6 71 46 27 83 46 71 37 35 24 87 93 43 76 81 7 33 100 13 100 96 42 83 21 11 93 3 64 53 68 65 11 90 63 37 72 60 60 8 95 83 47 87 78 74 19 36 58 70 48 10 66 42 92 38 52 36 92 16 89 
59 32 51 48 94 39 19 6 98 79 100 33 77 38 10 2 9 45 60 78 92 69 95 85 12 32 37 47 23 4 87 33 35 89 32 81 28 3 86 77 81 37 9 9 74 18 62 82 14 21 12 58 41 6 42 4 90 30 3 64 33 41 97 68 30 28 100 
9 30 85 85 62 21 94 22 46 63 84 80 29 56 43 86 49 100 79 52 89 9 54 5 41 95 1 60 76 80 59 84 62 95 68 75 67 13 97 65 28 32 44 56 87 86 41 87 85 71 39 26 79 44 30 72 90 82 31 65 61 42 100 74 88 68 49 
55 32 45 19 59 28 14 14 14 99 6 1 35 77 91 60 55 86 41 26 76 22 9 92 35 50 92 8 37 11 56 43 94 52 13 53 79 26 18 45 76 24 97 11 100 87 22 6 24 63 84 99 36 44 43 70 93 86 30 81 48 85 24 41 37 36 45 
15 14 63 11 89 86 7 99 37 93 73 94 69 87 29 19 22 72 61 44 16 98 73 97 45 57 72 38 45 59 82 12 72 96 22 61 33 29 11 69 73 35 15 41 21 43 60 95 15 72 38 30 70 10 78 66 18 49 3 15 60 37 26 83 32 99 95 
65 27 6 85 52 92 99 44 13 94 3 7 60 27 96 89 48 57 67 13 74 67 68 40 78 56 65 61 39 64 55 55 42 12 40 45 4 90 89 16 35 43 74 94 69 21 83 68 77 1 81 50 19 100 42 49 7 6 9 45 21 63 100 15 75 91 59 
30 32 99 97 67 42 70 12 62 90 46 30 18 46 62 19 17 13 60 65 19 66 25 63 38 87 14 4 13 56 63 42 88 13 90 6 54 11 17 68 100 63 97 69 60 10 88 28 22 47 44 40 64 68 54 2 7 20 57 19 75 71 13 14 84 54 71 
89 65 40 56 16 2 4 85 13 13 72 93 86 18 36 25 82 4 31 35 62 50 91 32 76 62 44 90 45 50 60 85 14 99 41 29 52 44 13 17 9 84 9 94 54 44 71 87 99 1 73 60 2 63 92 77 76 87 18 72 36 30 57 49 28 97 30 
32 92 42 48 100 78 8 94 83 3 16 69 2 16 41 13 69 55 4 45 31 43 63 54 78 92 10 79 71 58 8 54 50 1 53 1 78 60 46 60 63 61 80 64 28 20 28 96 75 32 41 57 26 55 10 3 98 20 33 68 29 40 74 78 93 26 31 
70 86 76 82 48 89 61 63 16 81 42 12 7 73 4 63 50 10 24 53 7 95 37 26 24 29 99 53 21 25 83 90 62 11 23 61 99 84 75 66 16 16 77 22 89 32 36 90 41 59 42 99 6 31 25 29 59 23 33 79 99 16 20 60 78 43 20 
28 78 94 93 93 10 22 14 50 53 1 39 46 11 33 44 16 63 20 44 73 95 29 3 93 96 74 5 73 16 24 100 45 70 92 37 31 65 2 80 18 2 70 15 13 54 10 80 16 30 76 40 24 4 42 68 99 68 72 71 35 48 22 80 69 65 16 
99 30 70 30 47 71 99 13 35 53 22 15 20 51 90 12 26 93 5 46 91 72 69 13 7 16 34 86 36 98 53 34 27 22 63 25 45 14 37 79 66 11 45 37 61 86 48 39 30 53 84 72 24 52 84 30 20 69 67 55 19 20 89 97 41 3 74 
37 16 10 16 33 20 12 70 33 50 69 71 79 21 54 51 97 57 86 78 76 7 45 31 25 16 71 21 8 73 94 45 41 56 12 25 27 23 94 59 72 15 81 3 35 86 5 83 43 90 61 70 96 5 100 72 72 22 93 79 47 38 23 87 93 86 11 
1 0 0 1 1 0 0 1 0 1 1 1 1 1 1 1 0 1 0 0 0 0 0 0 0 1 1 0 0 0 0 1 0 0 0 0 0 0 1 1 0 1 0 1 0 1 0 0 0 1 0 0 1 0 0 1 0 1 1 0 0 1 1 0 0 1 0 
0 0 0 1 0 1 1 1 1 0 0 1 0 1 0 0 0 0 1 1 0 0 0 0 0 1 1 1 1 1 1 0 1 1 1 1 0 1 0 1 1 0 1 0 1 1 0 1 1 1 0 0 0 0 0 0 0 0 1 1 1 1 1 0 0 1 1 
1 0 1 0 1 0 1 1 1 0 0 1 0 1 1 0 1 0 0 0 0 0 1 1 1 0 1 1 1 0 0 0 0 0 0 1 0 0 1 1 0 1 0 0 0 0 0 0 0 1 0 0 1 1 1 1 0 0 0 1 0 1 1 0 1 1 0 
1 1 1 0 0 0 1 0 0 1 1 0 1 0 0 1 1 0 0 0 0 1 1 1 1 0 0 0 1 1 0 0 1 1 0 1 1 1 1 1 0 0 0 1 0 0 0 0 0 1 0 0 0 1 1 1 1 1 1 0 1 1 0 0 0 1 1 
1 0 0 1 1 1 1 0 1 1 1 1 0 0 0 0 0 1 0 1 1 1 1 1 0 0 0 0 1 1 1 0 1 0 1 0 1 0 1 0 0 0 0 0 0 0 0 0 1 0 1 0 0 0 0 0 1 0 1 0 1 0 0 0 0 0 1 
1 0 0 0 0 0 0 0 0 0 1 0 1 1 1 0 1 0 0 0 1 0 1 1 1 1 1 1 0 1 0 1 0 0 1 0 0 1 1 0 1 0 0 1 1 0 1 1 0 1 1 1 1 0 0 0 1 1 1 1 1 0 1 1 0 0 1 
1 0 0 1 1 0 0 0 0 0 1 1 0 0 0 1 1 0 1 1 1 0 1 1 1 1 0 0 1 0 0 0 0 0 0 0 1 0 0 1 0 0 0 0 0 0 1 0 0 0 1 1 0 0 0 0 1 0 0 1 1 0 1 1 1 1 1 
0 1 0 1 1 0 1 1 0 1 0 0 1 0 0 0 1 0 1 1 0 1 1 1 0 0 0 0 1 0 1 1 1 1 0 1 1 1 0 0 0 1 0 1 1 0 1 0 1 0 1 1 0 1 0 0 1 0 0 0 0 0 1 0 1 1 1 
1 0 1 1 0 0 1 1 0 0 0 0 1 1 0 0 1 1 0 1 0 0 0 0 1 0 1 1 1 0 0 0 0 1 1 0 0 1 1 0 1 1 0 0 0 0 0 1 1 0 1 1 0 1 1 1 1 0 0 0 0 0 1 0 0 0 0 
0 1 1 0 0 1 0 0 1 1 0 1 0 0 0 0 1 1 1 0 0 0 1 0 0 1 1 1 1 0 1 1 1 1 1 0 0 0 0 1 1 1 0 1 1 0 1 0 1 1 1 1 1 0 0 1 1 1 0 1 1 0 0 1 1 0 1 
1 0 1 0 1 0 1 0 0 1 0 0 1 1 1 0 0 1 0 1 1 0 0 0 1 0 0 0 1 0 1 0 0 1 0 1 1 1 0 1 1 0 0 0 1 1 0 1 1 1 0 0 1 0 0 0 0 0 1 1 1 0 1 1 1 0 1 
1 1 1 0 0 1 0 0 0 0 1 1 1 0 1 1 1 0 1 1 0 1 0 0 0 1 1 0 0 1 1 1 1 0 0 1 1 0 0 1 0 1 0 1 1 1 0 0 1 1 1 0 1 0 0 1 1 1 1 1 1 0 1 0 0 1 1 
1 1 1 0 0 0 0 1 1 0 0 1 1 1 1 1 0 1 1 0 0 1 1 1 0 0 0 0 0 1 1 0 1 1 0 1 1 1 0 1 1 0 0 0 0 1 0 0 0 1 0 0 0 0 0 0 0 0 0 0 0 0 0 1 1 1 0 
0 0 0 1 1 1 0 1 1 1 1 1 0 1 0 0 1 0 0 0 0 1 0 0 1 0 1 0 1 0 0 0 0 0 1 1 1 1 0 0 1 0 0 1 1 0 1 0 0 0 0 0 1 1 0 0 1 1 0 1 1 0 1 1 0 0 0 
0 0 1 0 1 1 0 0 0 0 1 0 0 1 1 0 0 0 1 0 1 0 0 0 0 0 1 1 1 0 0 1 0 1 1 1 0 0 1 0 0 0 0 1 0 1 1 0 1 0 1 1 1 1 1 1 0 1 0 1 1 0 0 1 1 1 0 
1 1 1 1 0 1 0 1 1 1 0 0 1 1 1 0 0 0 1 1 0 0 1 1 1 0 1 0 1 1 0 1 0 1 0 0 1 0 1 0 0 0 0 1 1 1 1 1 0 0 0 0 1 1 0 0 1 1 1 1 0 1 0 1 1 0 1 
0 1 1 0 1 1 1 0 0 0 1 1 0 1 1 1 0 0 1 1 0 0 0 1 1 1 1 0 0 1 1 0 0 0 1 1 1 0 1 1 0 0 0 1 0 1 0 0 0 1 1 0 1 1 1 0 1 0 0 1 1 0 0 0 0 1 1 
0 1 1 1 1 1 0 0 1 1 0 0 1 1 1 1 1 1 0 1 0 0 0 1 0 0 1 0 0 0 1 0 1 0 0 1 0 0 1 1 1 0 1 1 1 1 0 0 0 1 0 0 1 0 1 1 0 1 1 0 1 1 1 1 1 1 0 
1 1 1 1 0 1 0 1 1 1 0 1 1 1 1 1 0 1 1 0 1 0 1 0 1 0 1 0 0 0 0 1 1 0 0 1 1 1 1 0 0 1 0 0 0 1 1 0 1 0 0 0 0 0 0 0 0 1 0 0 1 1 0 0 1 0 0 
0 1 1 1 0 0 1 0 0 0 1 0 1 0 1 0 0 1 0 0 1 0 1 0 1 0 0 0 1 0 0 1 0 1 0 0 1 1 0 1 0 1 1 1 1 0 1 0 1 0 0 1 0 1 1 1 1 1 1 0 1 1 0 1 0 0 1 
1 0 1 0 0 1 0 1 0 0 1 0 0 1 1 1 1 0 0 0 0 1 0 0 0 1 0 0 0 1 1 1 1 1 0 1 0 0 0 0 0 1 1 0 0 0 1 1 0 1 0 0 0 0 1 1 1 1 1 1 0 0 1 1 1 1 0 
1 1 1 0 1 0 1 0 1 1 1 0 1 1 0 0 1 0 1 0 0 0 1 1 1 0 0 0 1 1 1 1 0 0 1 0 0 0 0 1 1 1 0 0 0 0 0 0 1 1 0 1 0 0 0 1 0 1 1 1 0 0 0 1 0 1 1 
1 1 1 0 0 0 0 1 1 1 1 1 0 1 1 1 1 1 1 0 1 0 1 1 1 0 1 0 0 1 1 1 0 0 0 1 0 0 0 1 1 1 0 1 0 0 0 1 1 0 1 1 0 1 0 1 1 1 1 1 0 0 1 1 0 1 0 
1 1 0 0 1 1 1 0 0 1 1 1 0 1 1 1 1 0 1 1 1 1 0 0 1 1 1 0 1 0 0 0 0 0 1 1 0 0 1 0 1 0 1 1 1 0 1 1 0 0 0 1 1 0 0 1 1 1 1 1 0 0 1 0 0 0 1 
0 0 0 0 1 1 0 1 0 0 0 1 1 0 1 0 0 0 0 1 1 0 0 0 0 0 0 0 1 0 1 1 1 1 0 0 0 0 1 1 0 1 0 1 0 0 0 0 0 0 1 1 0 1 0 0 0 0 0 1 0 1 0 1 1 0 0 
1 0 1 0 1 1 1 0 1 1 0 1 1 1 0 0 1 1 0 0 1 0 0 0 1 0 1 0 1 1 0 0 0 0 1 1 1 0 1 0 1 0 1 0 1 1 0 0 0 1 0 0 1 1 0 0 1 1 1 0 1 1 0 1 1 1 0 
0 1 1 0 0 1 1 0 0 0 1 1 1 0 1 1 1 0 1 0 1 1 1 1 0 0 0 1 0 1 1 0 1 0 1 1 0 0 0 0 1 1 1 0 1 1 1 0 1 0 0 1 1 1 0 1 0 0 0 0 0 1 0 1 0 1 0 
0 0 0 0 1 1 0 1 0 1 0 1 0 0 1 1 0 1 0 1 1 0 0 1 0 1 1 1 1 1 0 1 1 0 0 0 0 0 1 0 1 1 1 1 1 1 1 1 0 1 1 1 1 1 0 0 0 1 1 0 0 1 1 1 0 1 1 
0 1 0 0 0 1 0 0 1 1 1 0 1 0 1 0 1 0 0 1 1 1 1 1 0 0 0 1 0 0 1 0 1 1 1 0 1 1 0 0 0 1 0 1 1 0 1 0 0 1 0 1 0 1 0 0 1 1 0 0 1 1 0 0 0 1 0 
1 0 0 1 0 1 0 1 0 0 0 1 0 1 1 0 0 0 0 0 1 1 0 1 0 1 0 1 0 1 1 1 0 0 1 0 1 1 0 0 1 0 1 1 0 0 1 0 0 0 0 1 1 1 1 0 0 1 1 0 0 0 0 0 0 1 1 
0 0 1 0 1 1 1 0 1 1 0 1 1 0 0 0 1 1 1 1 1 0 0 0 1 1 0 1 1 1 0 1 1 1 1 0 1 0 0 0 1 0 0 0 0 0 1 0 1 0 1 0 1 0 0 0 1 0 1 0 1 0 0 0 1 1 0 
0 0 1 1 1 1 1 0 0 1 1 0 0 1 1 0 0 1 1 0 0 1 0 1 1 0 1 1 1 0 0 0 0 1 1 0 0 0 0 0 1 1 0 1 0 0 1 1 1 0 1 0 0 1 1 1 1 0 0 1 0 0 1 1 1 0 1 
0 0 1 0 1 0 1 0 0 1 1 1 0 0 1 0 0 0 1 1 0 1 1 1 0 0 0 1 1 0 0 1 0 1 0 1 1 1 1 1 0 0 1 0 0 0 1 0 0 0 1 0 0 1 1 0 1 1 1 0 1 1 0 1 0 0 0 
1 1 1 0 1 0 1 1 0 1 0 1 0 1 0 0 1 1 0 1 0 1 0 1 1 1 1 0 1 1 1 0 0 0 0 1 0 0 0 1 1 1 0 1 0 0 0 1 0 0 0 0 1 0 1 0 1 0 1 0 1 0 0 1 0 0 0 
1 0 1 0 0 0 0 1 0 0 1 1 0 1 1 1 1 1 0 1 0 1 0 0 0 0 0 0 1 0 0 0 1 1 0 1 1 0 0 1 0 0 0 1 1 1 0 0 0 0 0 0 1 0 0 0 1 0 0 0 1 0 0 0 0 0 1 
1 0 1 1 0 1 1 1 1 1 1 1 1 0 1 0 1 0 0 1 1 1 1 1 0 0 1 0 0 1 1 1 1 0 0 1 0 0 1 1 1 0 0 0 0 0 0 0 0 1 1 1 0 1 0 0 1 1 0 1 0 1 0 1 1 1 0 
1 1 1 0 0 0 1 0 0 1 1 0 1 0 0 0 0 1 0 0 0 1 0 1 1 1 1 0 0 0 0 0 1 0 0 1 0 1 0 0 0 1 1 1 1 1 1 1 0 1 1 0 0 1 1 1 0 0 1 0 1 0 0 0 0 1 0 
0 0 0 0 1 1 1 0 0 0 0 1 0 1 0 0 0 1 1 1 1 0 1 1 1 1 0 1 1 1 1 1 1 1 1 0 0 1 1 0 1 1 1 0 0 1 0 0 0 0 0 1 0 1 1 1 0 1 0 1 0 0 0 1 1 1 0 
0 0 1 0 0 0 0 0 0 1 0 1 0 0 1 1 0 0 0 1 0 1 0 1 1 0 1 1 1 0 1 1 1 0 0 1 0 0 1 0 1 1 1 1 0 0 1 0 0 1 0 0 1 0 1 0 0 0 1 1 1 0 1 0 0 1 1 
0 1 0 1 0 1 0 0 1 1 1 0 1 0 0 0 1 0 1 0 0 0 1 1 1 0 0 1 0 1 0 1 0 0 0 1 1 0 1 1 1 0 1 1 0 1 1 0 1 0 0 1 0 1 0 1 1 1 0 0 0 0 1 1 0 1 0 
0 1 1 1 1 1 0 0 1 1 1 1 0 1 1 1 0 1 1 1 0 0 0 0 1 0 1 0 1 0 0 1 0 1 0 1 0 0 1 1 1 0 1 1 1 0 0 1 1 1 1 0 0 1 0 1 1 0 1 0 0 1 1 0 0 1 1 
0 1 0 1 0 0 0 1 0 1 1 1 0 1 0 0 1 1 1 0 1 1 1 1 1 0 1 0 0 0 1 0 0 0 1 0 0 0 0 0 1 1 0 1 0 0 0 1 0 1 1 1 0 0 0 1 0 1 1 0 0 1 0 0 1 0 0 
1 0 0 0 1 0 0 0 0 0 0 0 0 1 1 1 1 0 0 1 0 1 0 1 1 1 1 1 0 1 0 0 1 0 0 0 0 0 1 1 0 1 1 1 1 0 0 0 0 0 1 1 0 0 0 1 1 1 1 0 1 1 0 0 1 0 1 
0 0 0 1 0 1 0 1 0 0 0 1 1 0 0 0 0 0 0 0 0 1 1 0 0 0 0 1 1 0 0 1 0 0 0 0 1 0 0 0 1 0 1 0 0 1 0 1 0 0 1 0 1 0 0 0 0 0 1 1 0 1 1 0 1 1 0 
0 0 0 0 1 0 1 1 1 1 1 0 1 1 1 1 0 1 1 0 1 1 1 0 1 0 1 1 1 1 1 0 1 0 0 0 0 0 1 1 1 0 1 0 1 0 1 1 1 0 0 0 1 1 1 0 0 0 1 1 1 0 1 0 0 0 0 
1 0 1 0 1 1 0 1 0 0 0 0 0 0 0 0 1 1 1 1 1 0 0 1 1 0 0 0 1 0 0 0 0 0 0 1 1 0 0 0 1 0 0 1 0 0 1 1 1 1 0 1 1 0 0 0 1 0 0 0 1 1 0 1 1 0 1 
0 1 1 0 0 0 0 1 0 0 0 0 0 1 0 1 0 1 1 1 0 1 1 0 0 0 0 0 1 0 1 0 1 0 0 1 0 1 0 1 1 1 1 1 0 1 0 1 0 1 0 0 1 1 0 1 0 0 1 1 1 0 1 0 1 0 0 
1 1 0 0 0 1 1 0 0 1 0 1 1 0 1 0 1 0 0 0 0 1 0 0 0 0 1 0 1 1 0 1 0 1 1 1 0 1 1 0 0 1 1 1 1 0 1 0 1 0 1 1 1 1 1 1 1 1 1 1 0 0 0 1 1 1 0 
1 0 1 0 0 0 1 0 0 0 1 0 1 1 1 0 0 0 0 1 0 1 1 1 1 1 1 0 0 0 0 1 1 1 1 1 0 1 1 0 1 1 0 0 0 0 0 1 0 0 0 0 1 1 1 1 0 0 1 0 1 0 0 0 1 1 1 
1 0 1 1 1 0 0 1 0 0 0 1 0 0 0 1 0 1 0 1 0 1 0 0 0 0 0 0 0 0 1 1 0 0 1 0 0 1 1 1 1 1 0 1 0 0 0 0 0 1 1 0 0 1 0 0 0 1 0 0 1 1 1 1 0 0 1 
0 1 1 1 0 0 0 0 0 0 0 0 0 1 1 0 1 1 1 1 1 0 1 1 1 1 0 0 1 1 0 1 0 1 1 1 1 1 1 0 1 1 0 0 1 0 0 0 1 1 0 0 1 1 1 0 0 1 1 1 0 1 1 1 0 0 0 
1 1 1 1 0 0 0 0 1 0 1 0 1 0 0 1 0 1 0 0 0 1 1 1 0 0 0 1 0 0 1 0 1 0 1 0 0 1 0 0 1 1 0 0 0 0 1 0 1 1 0 1 1 0 1 1 0 1 0 1 0 1 1 1 1 0 1 
1 0 0 1 1 1 1 0 1 1 1 1 1 1 0 0 0 0 1 1 0 1 1 1 1 0 0 0 1 1 0 0 1 0 0 0 1 1 0 1 1 0 0 0 1 0 0 1 0 0 0 1 1 1 0 0 1 1 0 0 0 0 0 1 0 0 1 
0 0 0 1 1 0 1 1 1 0 1 0 0 1 0 1 0 1 0 0 0 1 1 0 1 1 0 0 0 1 1 0 1 1 1 0 1 0 1 0 0 0 0 1 0 0 0 0 1 0 1 1 1 0 1 0 1 0 0 1 1 0 1 0 1 0 0 
1 1 1 1 1 1 0 0 1 0 1 0 0 1 1 1 1 1 1 1 0 1 0 0 0 0 1 0 1 0 0 0 1 1 0 0 0 0 1 0 0 0 0 0 1 1 0 0 0 1 0 0 0 0 0 0 0 0 0 1 0 0 0 1 1 0 1 
1 0 0 1 0 0 1 1 0 0 1 0 0 0 0 1 0 0 1 0 0 1 0 0 1 0 0 0 1 0 0 0 0 0 0 0 1 1 1 1 0 0 1 0 0 0 1 0 0 1 0 1 0 0 1 0 0 1 0 1 1 0 0 1 1 0 1 
0 1 1 1 1 1 0 0 0 0 1 0 1 0 1 0 1 1 1 1 0 0 1 1 1 0 1 0 1 1 1 1 1 0 0 0 0 0 0 0 1 0 0 0 0 1 0 1 1 1 0 1 1 0 0 0 0 0 0 1 1 1 0 0 0 0 1 
0 0 1 0 1 1 0 1 0 0 1 1 1 0 0 0 1 0 0 1 0 0 1 1 0 1 1 0 1 1 1 1 1 1 1 1 0 1 0 0 1 0 0 0 0 0 0 0 0 1 1 0 1 1 1 1 0 0 0 1 1 1 0 0 0 1 1 
1 0 0 1 0 0 1 0 0 1 1 0 1 0 0 1 1 1 0 1 1 0 1 0 1 0 0 0 1 1 1 0 1 1 1 1 1 1 0 0 0 1 0 0 1 0 1 0 1 0 1 0 0 0 0 0 1 0 0 0 1 1 0 1 1 1 0 
0 0 0 0 1 1 1 1 0 1 0 1 1 0 0 1 1 1 0 1 0 0 1 0 0 0 0 1 1 1 1 0 0 0 0 1 1 1 0 0 1 0 1 0 1 1 1 0 0 1 1 0 0 0 0 0 0 0 1 0 0 0 0 0 0 0 1 
0 0 1 0 1 1 1 1 0 0 0 0 1 0 1 1 0 1 0 0 0 0 1 0 0 1 0 0 0 0 1 0 0 0 0 1 0 1 0 0 1 1 1 0 1 0 0 1 0 0 1 0 0 0 0 1 1 0 1 1 0 1 1 1 1 1 0 
1 0 1 0 0 0 1 0 1 1 0 0 1 0 1 1 1 1 1 0 0 1 1 0 0 0 1 1 0 1 1 1 1 0 1 1 0 0 0 1 0 0 1 1 1 0 1 0 1 0 0 0 0 1 0 0 0 1 1 0 0 0 1 0 1 1 1 
1 1 1 1 1 0 0 1 1 1 0 1 0 0 1 0 0 0 0 0 0 0 1 0 0 0 0 0 1 1 0 0 0 1 1 0 1 0 1 0 1 1 1 1 1 0 0 0 1 0 0 1 0 0 0 1 0 0 1 1 1 1 1 1 1 1 1 
0 1 0 1 0 1 0 1 1 1 1 1 0 0 1 1 0 1 1 1 1 1 1 0 0 0 0 0 1 1 1 0 0 0 1 0 1 1 1 0 0 1 1 0 1 1 0 1 0 1 1 0 1 0 0 1 0 0 1 0 1 1 0 1 1 1 1 
0 0 1 1 1 0 0 1 1 1 1 0 0 1 1 0 0 1 0 1 0 1 1 0 0 0 0 0 1 1 1 1 1 0 0 0 0 1 0 1 0 1 0 0 0 1 0 0 1 1 0 1 0 1 1 0 1 1 0 0 0 0 1 1 0 0 0 
1 1 0 0 1 1 0 0 0 0 0 0 1 1 0 0 1 1 1 0 0 0 0 0 0 0 0 1 1 0 1 0 1 1 0 0 1 1 0 1 1 1 1 0 0 0 0 0 1 1 0 0 1 0 0 1 1 0 0 0 0 0 0 1 1 0 0 
0 1 0 1 0 1 1 0 0 1 0 0 0 1 0 0 0 0 1 1 1 1 0 1 0 0 1 1 1 0 1 0 1 0 1 0 1 0 0 1 1 1 1 0 0 1 0 1 0 1 0 1 1 0 1 1 0 0 0 0 0 0 0 0 0 1 0 
