68 70 2497
64 73 90 15 9 47 75 14 27 41 73 60 54 65 8 94 73 28 39 85 42 65 15 41 70 83 5 1 56 12 50 19 36 39 86 44 37 12 57 63 52 81 22 57 46 81 50 70 60 40 7 54 56 21 94 77 55 50 77 11 61 26 81 96 16 18 91 52 29 48 
66 32 80 39 88 77 19 89 47 31 28 5 84 35 25 29 11 31 78 40 41 90 65 74 37 33 91 27 84 72 26 2 3 58 40 43 34 11 31 32 41 11 36 24 45 12 52 8 43 81 47 35 22 63 60 10 95 3 88 31 74 66 32 28 23 23 70 8 33 1 
40 73 11 27 48 7 91 51 14 85 83 60 71 56 23 31 65 69 85 53 51 58 70 82 85 92 5 55 99 89 7 90 14 69 69 61 75 59 64 89 43 46 100 65 2 74 95 18 43 31 22 93 88 91 27 25 34 83 31 85 71 37 74 36 5 94 49 31 52 12 
71 46 9 71 11 62 44 57 80 38 40 53 83 79 44 61 3 29 43 85 13 65 73 39 53 29 32 1 60 36 12 30 33 20 52 95 82 48 4 13 37 43 65 19 21 60 31 76 41 25 60 53 42 33 91 94 13 75 94 72 10 57 54 42 76 5 37 9 52 40 
73 89 82 90 59 54 1 42 29 41 66 89 94 7 73 36 100 85 10 45 9 71 1 62 65 77 66 1 37 70 92 62 10 25 51 20 78 51 61 7 92 27 47 37 33 19 24 85 55 34 29 63 56 82 24 20 58 42 72 46 63 63 7 72 87 9 43 17 60 4 
23 3 82 21 39 66 91 14 50 45 47 31 8 55 12 83 74 21 76 98 18 38 60 25 61 99 85 4 15 44 59 89 98 40 61 88 5 51 2 7 95 100 37 54 54 100 89 80 72 64 77 89 54 88 65 14 86 50 69 52 45 27 92 43 66 52 30 23 54 31 
29 1 31 17 6 36 16 94 15 87 10 91 27 15 31 92 28 16 93 49 20 37 75 11 79 93 15 9 15 68 91 95 68 21 11 74 9 78 67 23 16 28 66 42 42 96 85 22 63 77 70 82 14 96 45 44 40 59 4 54 26 95 100 94 67 10 19 75 87 37 
50 54 65 15 96 58 62 32 79 76 9 100 58 74 96 2 69 87 60 73 41 37 67 40 82 85 2 100 60 40 37 9 94 53 75 89 10 88 72 41 63 32 40 72 5 87 73 74 74 84 98 66 21 64 57 54 48 58 54 59 98 90 19 43 42 45 83 51 84 54 
91 47 86 83 18 90 69 43 15 94 78 12 59 50 27 68 4 27 25 57 37 74 46 8 16 39 52 98 41 36 4 84 34 89 66 3 30 86 97 97 32 75 60 90 24 87 57 27 65 34 35 53 59 32 60 27 70 12 24 63 99 79 46 84 67 63 86 97 100 83 
93 31 9 52 73 32 90 81 11 6 66 45 59 25 77 18 51 98 81 26 60 31 5 57 14 23 71 52 19 71 34 63 53 94 67 77 77 56 58 87 14 75 84 72 51 60 89 1 9 22 79 69 52 35 77 66 57 48 17 28 18 2 42 22 95 8 99 71 16 8 
10 29 82 93 52 33 4 40 85 12 61 15 32 13 1 9 30 10 56 46 37 25 99 30 98 45 38 96 15 5 3 76 85 37 68 36 69 71 75 5 35 88 20 66 52 20 26 33 29 33 30 17 9 28 47 7 72 36 2 38 92 57 14 76 93 33 11 13 56 37 
69 90 76 88 7 27 60 33 11 40 17 40 9 26 67 7 84 90 94 85 28 85 93 41 60 37 73 70 1 80 6 70 69 82 9 28 60 68 12 71 60 28 62 68 5 29 26 88 18 19 25 97 3 17 89 62 6 14 83 58 93 40 27 62 73 36 41 85 55 52 
7 14 79 68 33 36 48 58 23 18 76 47 14 30 16 3 43 73 16 25 30 8 17 57 21 89 44 61 25 98 12 31 64 43 99 48 78 46 58 100 63 33 99 29 15 14 31 57 38 46 34 67 5 50 75 26 90 18 86 15 68 50 45 83 92 95 30 69 93 87 
20 7 72 18 35 38 83 65 94 20 62 79 39 67 28 13 44 70 83 81 84 50 30 80 84 21 75 65 41 67 4 61 73 75 30 60 64 65 24 57 84 38 36 74 56 15 87 99 84 21 79 19 22 61 99 5 33 73 69 74 91 72 86 15 98 15 74 61 79 50 
70 15 39 57 40 94 71 78 44 7 98 74 25 19 34 23 75 67 47 96 92 89 19 77 4 17 43 29 29 74 30 50 40 68 6 79 61 29 57 4 35 6 78 59 77 63 34 51 81 32 46 72 21 65 48 76 33 43 4 13 16 34 15 55 53 20 85 14 100 93 
69 86 99 98 97 75 61 30 77 41 61 23 65 33 39 12 8 23 6 64 35 21 49 1 27 1 21 12 14 72 4 35 58 2 32 54 28 44 83 5 37 95 79 1 80 69 64 87 91 70 2 77 90 50 78 69 3 50 80 16 21 83 2 78 37 34 83 16 77 17 
72 65 64 50 65 43 18 29 29 60 50 83 37 91 32 14 59 34 15 38 2 35 73 3 65 61 88 99 28 17 16 100 81 79 49 98 21 19 78 1 78 27 35 66 17 67 79 28 52 45 65 5 32 89 60 48 1 47 46 29 15 61 28 96 91 28 93 63 98 70 
16 76 48 50 41 64 68 72 91 20 68 8 76 99 48 35 46 49 34 92 77 48 4 56 43 47 35 87 9 33 8 76 60 55 26 52 19 93 75 61 64 43 20 40 41 68 26 39 16 59 30 44 7 85 51 1 31 85 88 92 69 95 67 80 2 92 84 20 37 58 
32 52 52 4 43 45 71 69 83 38 79 64 33 85 48 83 86 79 19 25 70 40 71 36 19 72 80 2 43 68 12 27 19 63 30 14 59 52 34 41 89 12 4 73 97 52 7 34 82 77 10 3 16 32 38 87 4 69 88 98 36 51 24 7 66 5 72 24 56 5 
17 96 16 20 68 64 23 74 49 56 51 58 58 18 42 48 4 45 16 44 94 4 46 70 62 11 74 33 87 30 37 3 77 52 74 45 68 49 70 16 4 72 26 14 42 67 61 45 63 28 40 56 83 86 77 44 96 51 76 82 32 64 36 8 68 10 4 35 10 26 
50 13 97 27 78 38 93 38 35 7 18 74 15 100 59 91 44 7 41 71 40 24 35 76 32 2 37 87 88 46 12 89 10 9 16 88 98 60 77 84 67 94 58 33 94 68 23 89 26 16 11 66 39 45 93 22 98 29 9 85 26 20 26 35 80 41 22 30 100 99 
65 18 44 22 50 37 42 73 77 67 40 88 84 30 84 28 4 34 8 12 70 33 83 95 20 15 35 93 96 87 91 60 4 87 34 54 75 27 78 52 45 17 39 29 98 74 8 1 7 16 64 77 48 47 71 19 13 58 12 60 44 2 19 47 40 4 52 15 30 29 
66 75 97 56 55 47 29 62 47 36 77 11 64 77 9 34 95 73 43 6 32 86 60 2 33 99 6 84 13 35 65 30 9 13 85 63 59 66 77 6 53 53 68 16 81 76 1 76 100 44 33 31 81 92 32 13 43 89 49 7 24 65 37 84 77 73 99 36 38 75 
93 42 79 60 57 60 87 10 87 86 5 19 68 85 63 99 50 5 40 98 11 63 14 99 98 90 72 96 77 61 70 21 3 49 80 11 60 18 20 46 55 76 64 22 61 78 73 10 82 12 59 45 26 72 43 23 13 66 19 90 27 40 62 29 40 94 39 99 11 11 
44 66 86 60 39 98 37 63 59 71 74 17 67 99 40 9 22 53 27 92 94 53 31 55 33 23 48 23 21 11 85 17 28 71 28 66 20 16 29 79 86 54 47 52 5 87 13 78 91 39 69 36 43 51 90 75 73 90 97 46 100 82 62 79 4 89 96 75 4 76 
53 42 30 100 93 34 38 57 11 80 95 31 15 37 33 4 63 6 45 60 51 96 93 64 74 48 52 70 22 7 45 27 100 26 78 93 59 15 1 21 94 96 3 8 84 36 63 47 93 60 58 43 55 2 58 81 49 61 2 22 67 46 48 19 24 25 63 34 91 63 
55 84 10 9 43 94 44 58 92 36 17 49 30 23 50 39 3 50 99 4 71 18 2 19 36 25 95 98 58 86 60 64 69 70 73 64 15 68 73 6 56 89 54 37 63 55 76 66 56 74 21 26 43 74 96 78 50 91 75 8 76 87 23 96 8 47 11 22 15 83 
27 22 23 32 58 86 86 85 3 93 11 75 18 53 49 66 31 50 56 57 57 83 95 32 30 2 78 41 23 44 75 1 65 50 32 75 35 69 11 89 61 21 63 31 74 63 96 56 13 3 64 21 85 59 4 66 12 34 58 87 77 33 87 94 82 71 20 68 39 30 
8 52 51 70 82 76 85 29 83 49 31 46 21 67 56 25 32 68 58 90 54 34 74 92 79 7 62 98 26 1 80 33 4 82 54 37 57 38 65 39 38 95 36 59 61 92 83 44 11 40 33 16 25 58 7 56 64 69 5 89 21 84 73 76 65 27 12 73 64 76 
63 2 70 99 60 82 90 94 25 52 85 10 67 9 67 73 64 83 93 69 23 65 4 96 40 21 22 51 93 37 26 56 90 47 54 1 28 95 94 53 46 78 62 12 39 80 36 54 62 29 74 85 93 78 32 33 50 53 35 42 41 61 49 31 7 54 31 35 100 77 
39 97 6 52 8 44 31 96 98 45 76 71 29 20 100 60 4 49 64 39 43 4 99 91 34 57 97 17 43 96 93 33 93 98 84 52 94 67 47 91 11 74 13 91 94 13 50 97 61 65 35 3 68 85 46 54 42 42 22 36 37 66 69 29 15 52 33 8 70 79 
98 80 5 63 70 98 75 71 94 87 35 81 90 55 17 87 60 10 28 81 46 16 46 14 45 60 17 29 20 87 59 69 18 63 31 88 60 5 10 6 92 97 86 33 51 54 19 62 64 98 94 9 13 39 74 9 50 90 37 21 28 96 90 98 58 20 85 70 77 46 
75 68 42 12 52 44 65 22 5 28 19 98 36 31 88 61 40 90 3 76 10 82 71 99 79 81 71 15 50 47 61 76 66 2 87 17 98 3 90 2 31 8 52 18 38 39 79 77 80 33 5 90 14 27 40 93 7 10 7 8 8 19 83 73 21 21 41 18 24 30 
71 54 37 22 23 27 13 53 3 92 85 59 33 99 86 25 43 44 86 49 52 94 68 34 18 40 55 59 9 78 40 79 83 77 53 57 3 65 10 57 8 46 68 93 96 53 69 38 96 6 39 47 99 6 33 69 97 39 79 5 68 18 35 50 94 39 58 48 55 67 
57 63 65 24 7 60 76 75 98 23 80 36 22 31 93 6 51 41 44 29 97 11 46 83 12 92 22 21 91 76 88 47 90 4 22 96 63 49 22 12 72 54 99 45 36 91 50 38 83 45 66 79 55 63 62 18 54 83 38 97 10 77 43 100 80 65 47 95 13 21 
6 36 26 5 80 13 47 81 50 30 25 15 60 31 77 21 100 83 55 90 79 65 66 73 16 98 89 62 44 54 82 49 89 7 5 21 19 4 1 20 33 78 34 44 8 63 65 60 97 71 49 27 35 66 99 50 63 40 64 58 93 45 59 81 4 63 53 74 18 6 
94 2 83 79 46 42 93 62 1 89 32 1 67 19 67 66 68 81 57 31 39 49 28 97 81 83 11 34 8 29 39 1 30 73 80 75 14 72 36 67 13 20 67 79 38 85 96 57 66 52 40 4 100 67 100 33 1 10 66 8 90 56 9 20 28 40 46 93 63 34 
11 27 53 30 58 90 14 53 46 79 57 37 82 8 3 33 40 55 43 57 63 84 12 23 3 91 14 1 36 28 34 46 55 38 75 12 79 41 16 76 19 72 13 53 32 67 85 71 22 79 80 84 63 91 58 17 34 71 17 69 98 2 14 4 39 41 67 69 81 83 
45 51 6 9 3 37 75 40 60 96 18 91 31 32 81 40 49 14 10 17 82 60 19 48 15 9 88 82 78 20 64 74 22 69 82 25 58 8 16 69 56 33 59 38 17 91 78 65 57 39 33 90 50 3 37 65 12 76 46 41 47 9 66 69 29 99 45 38 6 60 
58 61 44 16 99 60 59 28 76 15 66 9 4 16 11 93 32 74 20 77 14 67 85 31 35 65 29 79 3 35 38 60 47 81 28 97 93 86 76 68 52 42 28 55 9 39 99 92 12 19 68 78 85 4 60 71 68 89 1 22 75 90 34 73 22 13 70 14 98 45 
82 1 38 9 7 98 99 6 89 63 76 8 92 60 11 51 82 31 39 82 52 65 71 37 38 92 49 59 6 98 3 39 98 93 99 5 42 50 62 83 12 37 90 3 48 1 5 29 31 96 62 34 60 32 71 97 75 19 55 32 69 10 70 66 54 21 22 95 70 35 
77 81 71 19 35 70 19 91 50 49 86 11 82 46 42 4 94 69 23 1 100 91 62 70 8 67 90 82 13 11 16 42 91 39 60 77 8 78 67 58 78 53 68 11 50 62 15 95 30 89 47 29 31 8 50 38 26 91 71 39 1 87 80 43 25 39 71 84 68 38 
93 45 42 13 7 43 74 21 37 55 61 36 35 91 43 37 81 69 79 51 59 32 89 38 26 65 76 97 49 95 86 41 39 79 5 45 21 30 18 9 84 30 44 71 21 39 7 53 59 37 55 17 68 44 6 94 8 33 90 8 27 27 1 17 5 5 13 77 35 30 
85 70 60 81 40 32 71 98 36 81 35 90 49 2 85 54 95 45 86 36 52 64 62 4 80 66 61 92 42 95 74 79 16 33 11 56 16 81 5 51 61 91 92 61 45 77 14 39 73 51 27 76 14 40 80 93 6 40 36 99 86 9 29 1 93 39 56 8 71 13 
10 83 3 54 43 47 82 8 38 54 58 16 29 23 55 8 67 12 99 3 63 84 11 91 85 4 82 92 63 4 4 73 87 59 78 81 57 59 89 94 12 98 61 92 73 16 52 39 27 50 41 89 34 52 32 18 55 13 61 69 68 17 93 6 75 70 87 83 28 27 
29 91 76 89 35 48 4 86 87 83 35 27 71 68 30 54 37 36 18 50 5 86 66 97 91 92 67 29 74 46 55 2 89 83 91 23 30 46 8 68 28 42 47 51 62 76 4 50 64 74 99 68 59 64 16 1 55 34 30 81 80 36 82 20 18 24 42 100 70 49 
19 97 42 17 99 55 45 3 5 8 76 3 27 86 19 42 86 25 76 67 5 7 3 39 26 72 62 67 23 31 67 94 80 60 10 78 15 54 32 71 61 59 25 87 44 43 81 82 20 56 48 24 14 50 14 39 74 76 57 48 58 75 41 37 34 51 15 100 4 46 
70 17 5 95 3 100 89 35 81 8 90 29 84 55 30 97 93 55 24 49 3 82 75 43 18 9 93 84 60 49 82 30 65 38 76 19 37 16 54 70 76 95 98 11 50 79 59 42 34 83 43 88 64 17 30 33 77 75 69 37 23 50 18 87 87 45 5 75 12 58 
44 87 53 93 97 54 72 56 95 57 90 89 96 53 58 25 37 34 51 5 22 73 6 91 11 44 87 16 19 99 25 62 85 29 55 34 82 78 41 29 86 30 17 81 34 26 57 70 60 8 27 33 32 84 76 43 28 62 10 46 12 86 59 49 15 65 82 48 94 74 
76 79 3 45 11 36 70 20 57 81 79 35 66 10 19 41 4 98 54 65 95 66 51 53 14 17 70 47 64 63 20 40 94 22 36 56 9 5 75 17 86 53 52 51 15 22 43 70 19 96 35 13 61 85 17 26 1 86 24 64 1 43 55 94 16 90 49 76 47 24 
93 84 28 96 34 94 17 28 64 87 23 98 51 36 34 19 13 34 5 37 49 5 31 56 50 47 97 98 22 43 73 66 26 53 61 11 46 29 38 9 15 13 6 17 100 39 36 64 24 40 100 25 96 31 32 45 29 28 94 2 23 19 68 48 71 28 11 16 57 48 
25 71 12 82 40 63 73 75 27 48 66 78 72 13 60 55 9 88 83 2 90 5 20 57 4 42 36 14 58 92 14 34 15 77 67 54 40 39 28 18 87 45 95 10 57 55 65 65 94 99 18 35 55 38 43 58 79 79 24 88 70 37 21 36 13 40 89 4 78 68 
21 16 64 68 78 20 74 42 84 67 92 54 2 46 91 44 55 21 74 78 61 44 14 33 79 79 72 20 34 50 39 55 17 3 74 94 22 47 87 58 13 78 11 66 75 53 62 30 25 35 7 85 30 73 18 61 3 41 32 36 90 70 42 59 72 15 52 46 61 39 
55 26 68 17 91 43 69 4 24 45 39 30 82 20 54 99 80 56 39 11 44 81 33 85 39 56 52 42 1 12 80 55 89 100 23 32 42 91 35 65 88 25 46 69 45 52 19 76 59 9 39 2 41 71 39 79 26 90 73 27 53 4 33 42 3 56 25 96 98 59 
12 37 84 58 5 28 61 75 55 19 84 93 21 24 63 11 55 41 52 27 19 4 30 3 97 33 10 21 80 8 32 92 44 15 1 1 94 61 75 48 79 58 93 51 34 7 13 88 47 64 66 65 20 95 20 68 79 29 89 59 36 72 50 32 86 2 84 31 14 58 
30 44 68 22 95 53 29 59 40 27 23 5 44 42 51 63 9 30 91 49 40 79 20 41 10 57 42 45 39 55 54 69 98 73 42 44 25 70 3 16 49 77 20 92 70 23 54 30 4 44 79 43 22 50 35 83 59 76 27 97 82 81 65 31 53 7 27 30 28 81 
45 76 57 17 19 78 39 72 7 42 68 37 36 89 87 70 24 97 97 2 93 78 82 10 60 87 16 86 68 95 18 12 23 74 28 41 3 66 13 10 59 32 46 94 20 32 15 95 28 11 97 73 40 30 82 100 68 49 37 35 95 55 47 17 80 74 58 83 92 22 
44 50 53 89 96 24 73 10 19 52 21 67 24 12 96 57 11 16 5 100 50 100 6 96 68 37 22 77 71 65 50 14 66 2 55 61 78 27 23 48 78 95 14 54 6 61 10 69 76 67 20 78 18 25 73 37 13 46 14 36 10 63 49 76 17 55 88 46 81 10 
93 11 56 58 16 62 70 77 82 98 43 1 75 12 77 99 49 89 45 62 76 6 76 77 81 92 31 21 89 64 82 33 74 38 90 89 99 12 65 32 9 60 32 83 71 8 81 71 48 77 84 24 83 60 100 15 3 82 35 92 45 17 24 18 54 66 58 4 77 75 
35 37 86 66 71 8 25 51 79 24 80 62 99 62 21 98 76 76 80 11 67 76 79 42 94 32 7 3 35 35 29 21 23 14 38 93 22 62 44 100 37 75 13 36 36 86 85 11 61 16 73 79 92 51 20 37 34 79 39 20 65 68 40 88 33 77 80 54 90 75 
5 27 49 18 14 36 3 98 47 15 14 71 93 5 74 64 41 7 94 31 27 59 98 18 98 83 47 77 36 88 4 93 14 52 10 27 88 64 25 86 30 90 8 74 94 81 37 86 40 31 16 18 41 66 35 38 48 33 66 83 21 69 75 86 73 36 13 12 51 89 
97 32 30 56 5 23 89 42 8 28 24 23 97 16 88 83 53 35 16 18 70 36 39 96 21 11 84 85 22 34 25 70 66 54 25 22 28 65 15 35 44 38 10 40 5 49 23 57 36 38 27 57 25 65 52 45 27 35 82 48 21 6 69 38 60 93 59 87 10 74 
74 53 63 35 93 68 83 15 76 70 4 54 26 28 18 78 72 96 64 53 43 84 11 11 73 22 56 32 60 17 57 33 69 71 19 61 90 2 27 66 23 30 19 49 9 89 26 33 84 41 85 79 25 47 41 49 68 48 32 28 64 88 12 33 11 31 45 100 84 72 
65 6 53 36 6 14 76 83 46 11 24 82 89 100 29 82 48 96 29 80 75 93 19 39 77 29 21 21 29 4 44 45 61 49 80 19 62 55 1 7 18 24 88 58 75 68 39 23 16 20 54 90 12 72 80 40 1 100 12 81 55 56 25 16 56 5 34 17 11 86 
75 28 62 14 38 36 82 76 10 97 95 63 38 58 87 18 49 87 17 61 67 24 16 43 39 23 47 24 39 10 61 65 89 22 78 26 58 11 54 19 59 100 82 97 10 68 66 58 6 34 18 24 57 85 66 47 7 65 22 97 26 83 61 14 4 91 92 13 53 45 
32 12 44 65 8 53 84 73 11 41 6 80 64 15 65 81 61 23 45 83 20 70 65 32 36 20 74 27 33 27 71 16 38 66 32 97 19 15 69 81 55 26 12 70 92 28 50 53 51 47 35 22 68 99 53 55 70 79 81 54 5 3 69 94 69 52 90 39 66 10 
71 72 35 82 41 79 10 43 31 60 41 65 33 8 15 37 15 36 15 95 90 71 50 10 64 70 62 53 8 79 62 30 51 49 11 43 27 72 85 57 83 77 73 15 85 39 52 99 74 66 45 63 37 94 73 52 15 34 5 22 64 18 51 14 66 14 9 44 37 93 
100 20 70 24 34 6 62 37 56 36 55 52 50 43 98 74 94 12 59 50 86 23 68 88 36 33 1 96 77 38 41 28 9 10 52 94 67 65 31 74 52 37 77 2 79 26 27 24 38 86 74 75 8 41 62 95 25 15 91 1 4 31 81 12 92 84 57 10 48 87 
0 1 0 0 0 0 0 0 0 1 1 1 1 0 1 0 1 1 0 1 0 1 1 0 0 0 1 1 1 0 1 1 1 0 1 1 0 1 0 0 0 1 1 1 0 0 0 1 0 0 0 0 0 1 0 0 1 1 1 0 1 1 1 1 1 0 0 1 0 0 
0 0 0 1 0 0 0 0 1 0 0 1 0 0 0 0 1 1 1 0 1 0 1 0 1 0 0 0 0 0 0 0 1 0 1 1 0 1 1 1 1 1 0 1 0 0 1 1 1 0 1 0 1 1 0 0 1 1 0 1 1 1 1 0 1 1 1 0 0 0 
1 0 0 0 1 0 0 1 1 0 1 0 0 0 1 1 1 1 0 1 0 1 0 0 0 0 1 1 0 1 0 1 1 0 1 1 0 0 0 1 0 1 1 0 0 1 1 1 0 1 0 0 1 1 0 1 1 1 0 1 1 0 0 0 0 0 1 0 0 1 
1 0 1 1 0 1 0 0 0 0 1 0 0 0 1 1 1 0 0 0 1 1 0 0 0 1 0 1 1 0 1 1 0 0 0 0 1 0 0 1 0 0 1 0 0 1 1 0 1 0 0 1 1 0 1 1 1 1 1 1 1 0 0 1 0 0 1 1 0 0 
0 0 0 1 0 0 0 0 0 0 0 0 1 1 1 0 1 0 1 0 1 0 0 1 1 0 1 0 1 1 0 1 1 0 0 0 1 1 0 1 1 0 0 0 1 1 0 0 1 1 0 1 1 0 0 0 0 0 0 1 1 1 0 1 1 1 1 0 0 1 
0 1 1 0 1 0 1 1 1 0 0 1 1 1 0 0 1 0 0 1 0 1 0 0 0 0 1 1 0 1 0 0 0 1 0 1 0 1 0 1 0 0 0 1 1 0 1 0 1 1 0 1 1 0 1 1 0 1 1 1 0 1 1 1 1 0 0 1 1 1 
0 1 1 0 1 1 1 0 1 0 0 1 1 1 0 0 0 0 1 1 1 0 1 1 1 0 1 1 1 0 0 1 0 0 1 1 1 0 1 0 0 1 0 1 0 0 0 1 0 1 0 0 1 1 1 0 1 0 0 0 0 0 1 0 0 1 1 1 1 1 
0 0 0 0 1 1 0 1 0 0 1 0 0 0 0 1 1 1 1 1 0 0 1 1 0 0 0 0 1 0 1 1 0 1 1 1 0 1 1 0 0 0 1 0 0 1 0 1 0 1 0 0 1 0 0 0 0 0 0 1 0 1 1 0 0 0 0 1 0 1 
1 0 1 0 0 1 1 0 1 0 0 1 0 1 1 0 1 1 1 1 1 1 0 0 0 1 0 0 0 0 1 1 0 0 0 1 1 1 1 0 1 1 0 0 1 1 0 0 1 1 0 0 1 0 0 1 1 0 1 1 1 0 1 1 0 1 0 1 0 0 
0 0 1 0 0 0 1 0 1 0 0 1 0 1 1 0 0 1 1 1 0 0 1 1 1 1 0 0 0 1 0 0 1 1 0 1 0 0 1 1 0 1 0 1 0 1 1 0 0 0 1 1 0 0 0 0 1 1 0 0 0 0 0 1 1 1 0 1 1 1 
0 1 1 0 0 1 0 0 0 0 0 1 1 1 0 0 1 1 1 1 1 1 1 0 0 0 1 0 0 0 1 0 1 0 1 0 0 1 0 0 1 0 1 1 1 1 1 0 1 0 1 0 1 0 0 1 1 1 1 1 1 0 1 1 1 0 1 1 1 1 
1 1 1 0 0 1 0 1 1 1 1 1 1 0 1 0 1 0 1 0 1 1 0 1 0 1 1 1 0 1 0 1 0 1 0 0 0 0 1 0 1 0 1 0 0 0 0 1 1 0 1 0 1 1 1 1 1 1 0 1 0 0 1 0 1 1 0 0 1 1 
0 0 1 1 0 1 1 1 0 0 1 1 1 0 0 0 1 1 1 1 1 1 1 0 1 0 1 1 0 0 0 0 0 1 1 0 0 1 1 0 1 0 1 0 0 0 1 1 1 0 0 0 0 1 0 1 0 1 1 0 1 1 1 1 1 0 0 1 1 1 
0 1 0 1 1 0 1 0 0 1 1 0 1 1 0 0 0 0 1 1 0 1 1 1 0 0 0 0 1 1 0 1 0 0 1 0 0 0 0 0 1 1 1 1 0 1 1 1 1 0 0 1 1 1 1 0 1 1 0 1 0 0 0 1 0 1 1 1 0 1 
1 1 1 0 0 1 1 1 0 0 0 1 0 1 0 1 1 0 0 0 1 0 0 1 1 1 1 0 0 1 0 1 0 1 0 1 0 1 0 1 0 0 0 0 0 0 1 1 0 1 1 1 1 0 1 1 1 0 1 1 1 1 0 1 0 0 0 1 0 1 
0 0 1 0 0 1 0 1 1 1 0 0 0 1 0 1 0 1 1 0 0 0 1 1 0 0 1 0 1 1 1 1 1 1 1 1 0 1 0 1 0 0 0 1 0 0 0 0 0 0 0 0 0 0 1 0 0 1 1 1 0 0 0 0 1 1 1 0 0 0 
1 1 0 1 0 0 0 0 1 0 0 1 0 1 1 0 1 1 1 0 0 1 1 0 1 0 1 1 0 0 1 0 1 1 1 1 0 1 1 1 1 0 0 0 1 0 0 0 1 1 1 0 0 0 0 0 0 0 1 1 0 0 1 1 1 0 0 1 0 1 
0 1 1 1 1 0 1 1 1 0 0 0 0 1 0 1 1 0 1 0 1 1 0 0 0 1 1 0 1 1 1 1 0 1 0 0 1 1 1 0 0 0 0 0 1 0 1 0 1 0 0 0 1 0 1 1 1 0 1 0 1 1 0 1 0 0 1 1 0 1 
0 0 1 0 0 0 1 0 0 0 0 0 0 0 0 1 1 1 1 1 0 0 0 0 0 0 0 1 1 0 0 1 0 1 0 1 1 1 1 1 1 1 1 1 1 1 1 1 1 0 0 1 1 0 1 1 0 1 0 1 0 1 1 0 0 1 1 0 0 0 
1 1 0 1 0 1 0 1 0 1 0 0 0 1 0 1 0 0 1 0 0 1 1 1 1 0 0 1 0 0 1 1 1 1 0 1 1 1 1 1 0 1 0 1 0 0 0 0 1 1 0 1 0 0 0 0 0 0 1 0 0 0 1 1 0 0 0 1 1 1 
0 1 0 0 0 0 1 1 0 0 0 1 1 1 1 1 1 1 1 0 1 1 0 0 0 0 0 0 1 1 0 0 1 0 0 1 1 1 0 1 1 1 0 0 0 1 1 1 0 0 1 1 1 1 0 1 0 0 0 1 0 0 1 1 0 0 0 1 1 1 
1 1 0 1 1 0 1 1 1 1 1 0 1 1 1 1 0 1 1 0 1 1 0 0 0 1 0 1 0 0 0 1 1 0 1 0 0 0 1 1 1 1 1 0 0 0 1 0 0 1 1 1 0 1 1 1 0 0 0 1 0 0 0 1 0 1 1 0 1 1 
1 1 0 0 1 0 0 1 0 0 0 1 1 0 1 1 1 1 1 1 0 1 1 1 0 1 0 1 1 0 0 0 1 0 0 0 0 1 1 1 1 1 0 1 0 1 0 1 1 1 1 1 0 0 0 0 0 1 1 1 1 0 0 0 0 0 0 1 1 0 
0 1 1 0 0 1 0 0 1 1 1 0 0 1 0 1 1 0 0 0 0 1 0 0 1 1 0 1 0 0 1 0 1 1 0 1 0 0 1 1 1 0 1 0 1 0 1 0 0 1 0 0 0 1 0 1 0 1 0 0 1 0 0 0 1 0 1 1 1 0 
1 0 0 0 0 1 0 1 1 1 0 1 1 0 0 0 1 0 1 0 0 0 0 0 0 1 1 1 0 0 1 1 0 1 0 1 0 0 0 1 1 1 0 1 1 1 1 1 1 0 1 0 0 1 0 0 0 1 1 0 1 0 0 0 1 0 1 1 0 1 
0 0 0 0 1 0 1 0 1 1 0 0 1 0 1 1 0 1 1 1 1 0 1 1 0 0 1 1 1 0 1 1 0 1 1 1 1 1 1 0 0 1 0 1 1 1 0 1 0 1 0 0 0 1 1 0 1 1 0 0 1 1 1 1 0 0 0 0 1 1 
0 1 0 1 0 1 0 1 0 1 0 0 1 0 1 0 1 0 1 1 0 0 0 1 1 0 1 1 0 1 0 1 0 0 0 1 1 0 0 1 1 0 1 0 1 0 1 0 0 0 1 0 1 1 1 0 1 1 0 0 0 0 1 0 1 1 1 0 1 1 
0 1 0 1 1 1 0 0 1 0 1 0 1 0 1 0 0 0 1 0 0 1 1 1 0 0 0 1 0 0 1 0 1 1 0 0 0 0 1 1 0 0 1 1 0 0 0 0 0 1 1 1 1 0 0 1 0 1 0 0 1 1 1 0 0 1 0 0 1 1 
1 1 1 0 1 1 0 1 0 1 0 1 0 1 1 0 0 1 1 1 1 0 0 0 0 1 1 1 1 0 0 1 0 0 1 1 1 0 0 1 1 0 0 1 0 1 1 0 0 1 1 0 1 0 0 0 1 0 1 0 0 1 1 0 1 1 1 1 1 1 
0 0 0 1 1 0 0 0 0 1 1 0 1 1 0 1 1 1 1 0 1 0 1 1 0 1 0 0 0 1 1 0 1 1 1 0 1 0 0 0 1 0 0 0 1 0 1 0 1 1 0 0 1 1 1 1 0 1 1 0 0 1 1 1 0 0 1 0 0 0 
0 1 0 0 1 1 0 1 1 1 0 1 1 1 0 1 0 1 0 0 1 1 1 0 0 1 1 0 1 1 0 1 1 0 1 0 1 1 1 0 0 1 1 0 0 1 1 1 0 1 1 0 0 0 0 1 1 1 1 1 1 1 0 0 1 0 0 0 1 0 
0 0 1 1 0 0 0 1 1 1 0 0 1 1 0 1 0 1 1 1 0 0 0 1 0 1 1 0 1 0 0 1 0 0 0 0 0 0 1 1 1 0 1 0 1 1 0 1 0 1 0 1 1 0 0 1 1 1 1 0 1 0 1 0 0 1 0 0 1 0 
1 1 0 0 1 1 1 1 0 1 0 0 0 1 0 0 0 1 1 0 1 1 0 0 1 0 1 1 0 0 1 1 1 1 1 1 0 0 0 0 1 1 0 0 0 0 0 1 1 0 1 0 1 1 0 0 1 1 1 1 0 1 0 1 0 1 0 1 1 1 
1 0 0 0 0 0 0 1 1 0 1 0 0 0 1 1 0 0 0 1 1 0 0 1 0 1 0 0 0 1 1 1 0 1 1 0 0 0 1 1 0 0 0 0 0 1 1 0 0 0 0 1 0 0 1 0 1 1 1 1 1 0 1 1 0 0 1 0 0 1 
1 0 1 1 1 0 1 0 0 1 0 0 0 1 1 1 1 0 1 0 0 0 1 1 1 1 1 0 1 0 1 0 0 1 0 1 1 1 0 1 0 0 0 0 1 1 0 1 1 1 1 1 1 0 0 0 1 0 0 0 0 0 1 0 1 1 0 0 0 0 
1 0 0 1 0 0 0 0 1 0 1 0 1 0 1 0 0 0 0 1 1 0 1 0 0 0 1 0 0 1 0 1 1 1 1 1 1 1 0 0 1 1 0 1 0 1 1 0 0 1 1 1 1 0 1 1 0 0 0 0 1 0 0 0 1 1 1 0 0 1 
0 0 1 1 1 1 0 0 1 0 1 1 1 0 1 0 1 0 0 1 0 1 0 0 1 1 1 1 0 0 0 0 0 1 1 1 0 0 1 0 0 0 1 0 0 0 0 1 0 1 1 1 0 1 1 0 0 1 1 0 1 1 1 1 1 0 0 1 0 1 
1 1 1 0 1 1 1 1 0 1 0 1 0 1 0 0 1 1 1 0 1 0 1 0 1 0 1 1 0 1 0 1 0 1 0 1 0 1 1 0 0 1 0 1 0 0 1 1 1 0 1 1 0 1 1 1 1 0 0 1 0 0 1 0 1 1 0 1 0 1 
1 0 0 1 1 1 0 0 0 1 0 0 0 0 1 0 1 0 0 1 0 0 1 1 1 0 0 1 1 0 0 1 0 0 0 0 1 0 0 0 0 1 0 0 1 1 0 1 1 1 0 1 1 0 0 0 0 0 1 0 0 1 1 1 0 1 1 1 0 1 
1 0 0 1 0 0 0 1 1 0 0 1 1 1 1 0 0 0 0 1 0 1 1 1 0 1 0 1 0 0 0 0 0 1 1 1 1 0 0 0 0 0 1 1 1 1 1 1 1 0 1 1 1 0 0 1 1 0 0 1 1 0 1 1 1 1 0 0 1 0 
0 1 0 0 0 0 1 0 1 0 0 0 1 1 0 1 0 1 1 0 1 0 0 0 0 0 1 0 0 0 1 1 1 1 1 0 1 0 0 1 0 0 1 1 1 0 0 1 1 1 1 0 0 1 1 0 1 0 0 0 1 1 1 0 1 0 0 0 0 0 
1 0 0 1 1 1 1 1 0 0 0 1 1 0 1 0 0 0 0 1 0 1 0 1 0 1 1 0 0 1 1 1 1 1 0 0 1 1 1 1 0 0 1 1 0 0 1 1 0 1 0 1 1 0 0 1 0 0 1 0 1 0 1 1 0 0 1 1 1 1 
0 1 1 1 0 1 1 1 0 0 1 0 1 0 1 1 1 1 1 0 1 1 1 0 0 1 0 1 0 0 0 0 1 1 0 0 1 1 1 1 1 0 0 0 0 1 0 1 0 1 0 1 0 1 1 0 0 0 0 0 0 0 0 1 0 0 1 1 0 1 
0 1 1 0 0 0 1 0 1 1 1 1 0 0 0 0 0 0 0 0 0 0 1 1 1 1 1 1 0 1 0 0 1 1 1 1 1 0 1 1 0 0 0 0 0 1 0 1 1 0 1 0 0 0 1 0 1 0 1 1 0 1 0 1 0 1 0 0 1 1 
1 1 1 1 0 0 0 0 1 0 1 0 0 1 1 1 1 0 1 0 0 1 1 0 0 0 1 0 0 0 1 1 0 1 0 0 1 1 0 0 1 1 0 1 1 1 0 0 0 1 1 0 1 0 0 1 0 1 0 0 1 1 1 1 0 0 1 1 1 0 
1 0 1 0 1 0 1 1 1 1 0 0 1 1 0 1 1 1 0 1 1 0 0 1 1 1 1 1 0 0 1 0 0 0 0 1 1 1 0 0 1 0 0 0 0 0 0 1 1 0 0 1 0 0 0 0 1 1 1 0 1 0 0 1 0 0 0 1 1 0 
1 0 0 1 1 0 0 1 1 1 1 1 0 0 0 0 0 1 1 1 1 0 1 1 1 1 1 1 1 1 1 0 1 0 0 0 0 0 1 0 1 1 1 0 1 1 0 1 1 0 0 0 0 1 0 0 0 1 1 1 0 1 0 0 1 0 0 1 0 0 
1 1 1 1 1 0 0 0 1 1 0 1 0 0 0 0 0 0 1 0 0 0 1 0 0 0 0 0 1 0 0 1 1 1 0 1 1 0 1 0 0 1 1 0 1 1 0 0 0 1 0 0 1 1 0 1 1 0 0 0 0 0 1 1 0 1 0 1 0 1 
0 0 0 1 0 0 1 0 0 1 1 0 1 1 1 1 0 0 1 0 0 1 1 0 0 1 1 1 0 1 0 0 1 1 0 1 1 1 1 1 0 1 1 1 0 0 0 0 0 1 1 0 0 0 0 0 1 0 1 1 1 0 0 1 1 0 0 0 1 0 
1 1 1 0 0 1 0 0 1 0 1 0 0 1 0 1 1 1 1 1 1 0 1 1 1 0 1 0 0 0 0 1 1 1 1 1 0 1 1 1 1 0 0 1 1 0 0 0 0 1 1 1 0 0 0 1 0 1 1 0 1 1 1 0 0 0 1 0 1 0 
0 0 0 0 0 1 0 0 1 0 0 1 1 0 1 1 1 0 0 1 0 1 0 0 1 1 0 0 1 0 0 1 0 0 1 0 1 0 1 1 0 1 0 0 1 1 1 0 1 0 1 0 1 0 0 1 1 0 1 0 0 0 0 1 0 1 1 0 1 0 
1 0 1 1 0 0 0 1 1 0 1 0 0 1 0 0 0 1 0 1 0 1 1 0 0 0 1 1 0 1 0 1 1 1 0 1 0 0 0 1 0 0 1 0 1 0 0 1 1 1 0 1 0 0 1 0 0 1 1 0 0 1 1 1 1 1 0 1 1 0 
0 0 0 1 0 1 1 1 0 1 0 1 0 0 1 0 0 1 1 1 1 1 1 0 0 0 1 0 1 0 0 1 0 1 0 1 0 0 0 1 1 0 0 1 0 1 1 0 0 0 1 1 1 0 1 1 0 0 1 1 0 0 0 1 1 1 0 1 1 0 
0 0 0 0 1 0 1 1 0 1 1 1 0 1 0 1 0 0 1 0 0 0 0 0 1 1 1 1 0 0 1 1 0 1 1 0 1 1 1 1 0 0 0 1 1 0 0 0 1 0 0 1 0 0 1 1 1 1 0 1 1 1 0 0 0 0 0 1 1 1 
0 1 1 0 0 1 1 1 1 0 1 1 1 1 1 0 0 0 1 0 1 1 1 0 1 1 0 1 0 1 0 0 0 1 0 1 0 1 0 1 1 1 0 0 0 1 1 0 1 0 0 1 1 1 1 0 0 1 1 0 0 1 0 0 1 0 1 1 0 1 
1 1 0 1 0 0 1 1 0 0 1 0 1 1 1 0 1 1 1 1 1 1 0 1 0 1 0 1 1 0 1 0 1 1 1 1 0 0 0 0 1 0 1 0 1 0 1 0 0 0 1 1 0 0 1 0 1 1 1 0 1 0 0 0 0 0 0 0 0 0 
0 1 0 1 0 1 0 1 0 0 1 1 1 1 1 0 1 1 1 1 1 0 1 0 1 1 0 1 1 0 1 0 0 0 1 0 1 1 1 1 1 0 1 1 0 0 1 1 1 1 0 1 1 0 1 0 1 1 1 1 1 1 1 1 1 0 1 0 0 0 
0 1 1 1 0 1 1 0 0 1 1 1 0 0 1 1 1 0 0 0 1 1 1 0 1 0 1 0 1 1 1 1 0 0 0 1 1 1 1 1 0 0 0 0 0 1 1 1 0 1 0 1 1 1 0 0 0 1 0 1 0 1 0 0 1 0 1 0 1 0 
0 0 0 0 0 1 0 0 0 0 1 0 1 0 0 1 0 0 0 1 1 0 0 1 1 0 1 0 0 0 1 0 0 1 1 1 0 1 1 1 1 0 1 0 1 1 0 1 1 0 0 0 1 1 1 0 1 0 0 1 1 1 0 1 1 1 0 1 0 1 
0 1 0 0 1 1 1 1 0 1 0 1 1 1 0 1 1 1 1 1 0 0 1 0 0 0 1 0 1 1 0 0 0 0 0 0 1 1 1 1 0 1 0 0 0 0 1 1 1 0 1 0 1 0 0 1 0 0 1 1 1 1 1 0 1 1 0 0 1 1 
0 1 1 0 1 1 1 0 1 0 1 0 0 0 0 1 1 0 1 0 1 0 0 1 0 1 0 0 0 1 0 0 1 1 0 0 0 1 1 1 0 0 1 0 0 1 1 1 1 0 1 1 1 1 0 1 1 0 0 1 0 0 1 1 1 1 1 1 1 0 
1 1 0 0 1 0 0 1 1 1 1 1 0 0 0 0 0 1 1 0 0 1 0 1 0 1 1 1 0 0 0 1 1 0 0 0 1 0 1 0 1 1 1 0 1 0 0 1 1 1 1 0 0 1 1 0 0 0 0 1 0 0 0 1 0 0 0 1 0 1 
0 0 0 1 0 0 1 0 1 1 0 1 1 0 0 0 1 1 1 1 0 1 1 0 1 1 1 1 1 1 0 1 1 1 0 1 1 0 0 0 1 0 1 0 0 0 0 1 1 1 0 1 1 1 1 0 1 0 1 0 0 1 1 1 0 1 1 1 1 1 
0 0 1 1 0 1 1 1 1 0 0 1 1 1 1 1 1 0 1 0 0 1 0 1 1 0 0 0 0 0 1 0 0 0 1 1 1 1 0 0 1 0 0 1 0 1 0 1 1 1 0 1 1 0 0 0 0 0 0 0 0 1 0 1 1 0 0 0 1 0 
1 0 0 1 1 0 0 1 0 1 1 0 0 0 0 0 0 0 0 0 1 1 1 1 0 0 1 0 0 0 0 1 1 0 0 0 1 0 0 1 1 1 1 1 1 1 1 1 1 0 1 0 1 0 0 1 0 1 1 0 0 1 0 1 1 0 1 0 1 1 
1 0 0 0 0 1 1 1 0 1 1 1 1 0 1 1 1 1 1 0 0 1 1 0 0 1 0 1 1 1 1 1 0 1 1 0 1 1 1 1 0 1 1 1 1 0 1 1 0 0 1 0 1 1 0 1 0 0 0 1 0 1 0 0 1 0 0 0 1 1 
1 1 0 0 0 0 1 1 1 1 1 0 1 0 1 1 1 1 1 0 1 1 1 1 1 0 1 1 0 0 1 0 1 1 0 0 1 1 1 0 0 1 1 1 1 0 0 1 0 0 1 1 1 0 0 1 1 0 0 1 0 1 1 0 1 0 0 0 1 1 
1 0 0 0 1 0 0 0 1 0 0 0 1 1 0 0 0 1 0 1 1 0 0 0 0 1 0 0 0 0 0 1 0 0 1 1 0 1 1 1 0 1 1 1 1 0 1 1 1 1 0 0 0 1 1 0 0 1 1 0 1 1 1 1 1 0 1 0 0 0 
