49 62 365
88 78 4 99 37 27 35 1 100 16 69 48 6 42 12 33 86 15 96 96 73 49 87 68 72 56 82 26 36 9 84 23 86 39 21 74 66 8 27 17 75 95 16 32 89 28 65 74 42 12 21 14 60 8 33 83 15 66 8 2 74 91 
76 11 82 49 85 47 56 11 15 82 5 31 13 45 58 29 19 51 40 91 64 51 50 96 34 64 14 41 17 87 84 93 98 65 41 34 63 48 44 77 29 100 59 93 45 68 22 15 18 13 57 81 16 7 29 49 22 42 41 39 80 76 
83 29 92 23 62 54 70 5 83 50 57 93 42 1 61 15 67 78 80 23 11 95 29 39 95 3 32 87 93 11 63 75 40 54 97 53 60 18 10 94 67 66 38 8 18 98 75 84 76 54 6 38 100 87 76 94 89 59 80 33 69 42 
7 60 48 55 65 59 72 74 4 38 39 41 97 56 91 23 91 66 76 96 3 75 82 30 68 22 88 100 54 8 93 12 20 92 66 84 50 89 57 5 26 47 98 75 54 88 97 44 5 25 91 59 99 25 88 19 46 27 18 52 86 62 
15 5 54 33 40 55 21 48 60 47 94 9 73 99 96 69 42 100 93 85 58 44 9 97 62 6 75 31 9 60 92 24 17 45 56 56 52 28 56 11 74 1 71 46 100 66 67 93 65 59 77 74 2 37 22 15 43 96 45 51 7 89 
26 23 85 33 31 36 61 86 98 86 38 68 84 37 33 50 82 49 60 10 74 62 47 95 28 41 42 73 43 49 13 69 71 97 53 53 85 65 90 34 51 28 2 34 64 86 35 97 87 94 7 60 7 53 7 35 93 48 59 35 48 71 
55 19 19 60 23 3 24 13 37 74 40 90 59 55 27 45 52 13 39 58 25 97 62 83 31 6 82 41 92 30 11 99 100 82 58 22 36 81 34 24 55 25 65 65 80 92 10 31 4 100 40 80 96 53 62 79 58 44 19 1 73 82 
99 24 63 56 45 50 37 31 74 43 55 38 7 34 29 68 16 85 67 7 64 15 59 78 93 68 21 11 69 45 44 19 68 58 75 64 8 63 94 33 57 49 70 63 34 51 83 2 87 49 8 50 63 19 79 7 38 51 70 58 95 13 
77 14 71 3 78 78 17 23 10 73 23 31 87 57 33 69 10 19 18 69 21 32 87 99 39 77 50 8 34 96 72 62 62 42 64 91 71 32 13 32 4 36 15 91 44 47 59 53 66 28 73 38 12 60 88 2 88 37 61 21 85 32 
83 46 26 98 36 48 82 48 80 85 35 46 75 30 92 86 82 9 65 55 98 76 66 86 77 5 22 37 25 58 21 59 3 46 9 90 93 90 90 24 26 24 69 1 54 13 38 87 73 2 93 71 30 10 56 58 14 29 95 91 87 67 
1 41 12 9 31 56 50 72 80 76 95 100 28 100 64 65 87 37 18 31 59 47 93 14 5 6 94 51 96 32 69 49 73 80 57 55 87 59 26 18 34 72 70 61 72 33 77 10 21 46 92 79 45 84 44 1 90 38 3 37 69 71 
85 93 2 94 99 88 52 76 6 37 100 75 49 71 59 77 32 80 22 75 58 66 59 2 18 100 91 20 88 59 90 25 4 91 18 54 79 21 30 36 9 29 62 57 51 20 85 34 99 6 8 9 24 18 10 93 17 100 13 5 10 2 
29 65 45 98 19 75 18 100 10 78 80 23 34 82 94 70 15 93 27 74 53 2 92 14 95 8 13 7 64 74 60 92 39 4 89 9 78 58 8 39 35 87 61 20 20 55 89 34 99 68 59 3 69 2 16 63 10 80 69 25 53 29 
17 43 84 57 51 62 67 10 52 1 48 65 73 67 71 13 52 21 80 63 23 49 64 38 63 25 17 32 50 21 12 18 64 95 74 66 8 92 28 60 45 27 24 17 94 46 81 97 66 61 59 88 61 23 25 23 99 93 6 48 13 17 
65 28 64 91 46 23 82 25 82 78 51 57 94 96 54 75 93 19 87 51 6 99 25 82 21 24 26 27 23 39 95 40 18 10 82 15 33 15 39 66 93 42 75 86 37 28 12 29 47 50 32 4 48 8 86 69 83 11 47 6 1 93 
97 71 3 78 37 87 92 76 52 84 69 26 22 5 6 85 34 52 35 17 7 34 24 92 2 7 55 100 64 7 45 12 29 99 89 66 85 80 93 88 16 61 66 89 65 71 73 50 74 59 66 80 93 90 72 46 48 78 98 63 36 42 
74 65 40 62 82 24 93 74 11 60 86 76 48 50 98 73 100 71 31 17 51 75 58 74 21 5 51 18 19 38 59 44 54 50 5 35 73 50 8 35 61 93 63 61 95 60 33 46 31 15 62 81 90 20 54 10 76 56 79 95 93 89 
38 47 38 95 33 10 96 41 96 8 85 58 68 31 70 100 76 100 67 90 80 56 9 85 17 36 92 95 82 84 35 72 82 72 18 15 33 65 7 28 72 43 38 40 74 7 91 1 6 57 90 37 64 50 73 80 38 64 26 19 47 60 
90 81 31 59 47 15 23 53 43 95 47 80 34 20 38 76 73 43 33 14 31 48 16 3 28 53 66 5 23 64 17 65 96 99 23 42 14 46 46 56 40 93 87 25 64 24 52 36 18 36 2 48 84 17 2 11 21 19 67 43 82 83 
59 78 82 82 71 95 79 17 2 70 9 40 46 24 63 97 12 32 33 13 31 16 81 32 78 1 50 44 95 83 27 54 12 60 87 35 54 65 51 7 34 11 46 79 34 60 75 45 91 59 9 73 74 89 56 3 41 57 47 88 39 25 
93 3 84 79 37 89 95 39 95 28 49 40 58 34 51 84 79 93 43 87 65 68 28 20 71 68 76 69 55 66 93 47 20 28 77 56 16 71 94 62 50 94 53 7 28 3 43 58 95 37 96 11 4 23 30 26 43 57 94 49 74 38 
96 94 17 24 49 84 95 95 45 44 40 97 3 19 51 45 76 97 81 24 7 36 98 88 14 40 44 59 89 18 97 36 11 65 11 11 49 5 57 93 1 97 42 3 15 44 99 43 41 31 66 99 18 63 87 31 55 82 90 95 51 38 
82 13 2 92 76 50 97 32 95 49 28 88 3 95 31 1 37 23 83 2 22 100 16 60 31 70 93 20 16 44 57 97 8 10 89 83 60 37 15 6 85 94 93 87 88 75 39 76 50 21 29 71 20 45 82 50 66 74 21 82 69 29 
78 77 39 18 59 50 54 25 55 38 71 99 24 10 73 62 86 22 34 14 44 54 10 77 55 28 51 76 9 19 56 38 47 94 56 58 43 9 82 49 99 4 47 22 14 72 36 99 45 21 64 89 74 74 65 81 1 67 8 61 38 63 
50 84 57 57 93 99 66 75 48 16 30 46 89 43 17 24 93 62 97 57 2 70 82 18 50 34 85 57 46 22 72 95 57 28 52 50 78 69 76 77 84 5 23 72 100 91 48 92 52 44 100 53 65 33 23 67 18 7 75 63 80 46 
58 88 25 61 37 3 29 64 31 64 21 53 87 72 44 86 63 47 29 15 52 46 99 74 12 17 32 38 79 11 84 88 98 8 48 87 62 28 2 93 43 74 97 30 45 92 15 60 39 96 74 42 93 24 15 56 40 46 93 71 8 28 
58 57 88 58 95 49 37 97 93 80 70 90 9 15 81 75 26 71 22 99 12 14 74 78 69 14 75 14 84 82 41 93 91 28 50 85 29 87 81 73 18 3 14 78 69 95 52 94 17 26 44 81 39 17 10 60 82 85 73 65 18 65 
10 8 93 59 93 73 97 25 97 14 79 11 91 99 5 95 92 73 20 87 5 10 4 15 69 37 99 93 2 16 58 11 76 2 21 20 26 18 44 22 83 75 32 74 73 88 68 17 61 39 3 65 48 58 79 17 95 29 61 48 97 18 
10 72 71 30 91 96 99 86 18 82 60 49 7 85 37 26 1 49 64 3 65 11 13 96 79 7 24 40 54 72 9 15 95 80 96 85 75 95 23 92 28 34 93 34 18 81 11 18 81 74 21 45 84 33 92 63 91 68 54 96 39 62 
10 34 41 5 70 16 51 92 59 30 26 3 15 43 35 25 13 15 98 85 12 82 69 3 96 59 70 49 6 61 10 15 94 51 71 15 18 74 7 76 3 84 31 18 78 65 42 90 80 40 74 91 73 42 45 68 52 67 16 57 27 25 
23 72 27 46 86 44 19 92 72 21 27 2 38 5 66 80 46 45 71 72 87 43 65 84 10 69 50 77 25 28 53 100 99 80 45 84 75 63 28 46 83 54 47 73 10 13 4 8 9 74 31 48 68 95 31 29 63 32 5 40 59 57 
39 57 88 83 40 63 45 67 8 79 73 7 3 34 71 58 93 79 31 23 78 50 18 8 78 80 39 82 71 97 39 9 5 78 91 45 40 87 63 100 18 87 6 72 73 76 30 65 6 60 88 84 62 5 91 39 36 82 21 7 30 11 
67 35 40 10 31 80 96 45 79 65 84 84 37 56 11 66 20 16 77 59 99 38 63 42 29 51 23 1 9 4 11 75 90 2 36 20 81 32 17 59 48 100 94 84 7 4 49 26 20 78 85 18 15 99 59 43 1 33 43 9 37 5 
36 26 59 71 98 39 54 66 50 2 65 95 37 71 99 38 48 70 15 84 39 81 83 50 76 35 34 70 96 70 27 83 48 85 53 97 75 59 62 24 12 78 19 48 48 69 37 47 90 3 31 28 36 65 29 11 99 63 32 46 84 10 
28 31 94 33 79 69 91 40 44 54 69 14 53 68 82 90 15 71 92 97 51 27 61 79 89 11 41 73 57 25 82 84 7 76 16 86 96 58 77 91 11 46 5 64 13 38 5 79 61 48 75 11 27 87 41 15 98 34 39 6 58 21 
41 16 48 9 53 43 18 82 33 29 79 89 44 43 27 48 22 87 47 96 49 73 35 89 40 84 22 78 89 31 98 81 47 97 89 99 39 7 32 24 87 10 64 82 53 90 29 74 76 27 21 76 100 55 65 39 38 86 68 78 69 18 
59 15 14 99 65 5 57 97 80 43 58 43 24 10 33 4 35 60 31 8 88 82 62 52 72 52 89 39 81 57 8 39 23 22 90 40 26 46 88 57 41 45 99 64 7 83 20 41 95 2 48 82 83 62 85 54 13 73 44 45 82 52 
84 4 25 25 95 2 70 82 58 10 27 8 26 85 91 45 25 37 46 73 18 80 86 2 85 50 26 28 94 7 31 29 63 7 53 57 8 23 39 17 84 17 25 9 1 67 5 77 3 2 1 72 81 86 73 65 35 98 45 29 57 75 
57 19 34 62 75 93 84 65 10 19 81 86 80 33 52 84 10 6 38 10 77 18 96 49 83 82 98 79 10 54 5 19 24 38 80 99 31 15 63 92 85 96 77 64 80 80 100 89 85 37 51 61 6 98 61 40 79 10 18 41 16 23 
59 39 60 90 37 42 4 52 33 88 99 61 4 78 40 3 19 76 91 69 88 96 66 100 36 96 10 53 36 25 27 46 15 87 35 52 80 90 55 13 30 53 25 33 82 17 87 100 92 29 68 32 76 85 31 11 81 40 16 16 16 94 
14 31 32 100 34 12 90 88 76 71 92 100 55 73 16 41 25 60 21 92 91 96 77 21 59 9 13 26 76 28 19 89 10 51 89 43 62 30 82 89 100 25 88 54 50 56 46 74 15 66 17 5 61 45 77 71 53 89 96 29 69 15 
69 78 17 57 73 30 38 54 18 37 31 5 42 80 12 87 53 26 4 21 82 17 66 59 87 70 99 35 98 67 49 19 45 17 27 17 46 65 22 63 53 52 19 95 31 31 33 35 8 89 8 90 5 73 100 43 42 98 77 92 65 77 
10 61 93 36 77 38 52 50 100 5 2 71 51 84 1 83 71 60 23 78 49 27 2 100 22 43 98 98 86 14 75 95 74 67 83 2 57 34 51 8 38 4 78 88 40 30 23 10 90 45 87 90 24 88 90 45 82 87 42 68 100 68 
14 25 87 96 26 95 82 28 2 19 84 80 59 23 9 33 32 50 77 70 40 52 9 29 96 90 67 90 9 66 9 23 42 95 70 19 89 3 46 43 74 29 22 32 51 82 16 34 84 92 3 23 44 11 51 91 1 69 80 61 86 41 
35 27 35 5 45 76 7 42 70 80 71 91 63 73 24 78 7 7 22 61 81 17 72 83 7 24 51 39 84 36 79 19 62 65 75 58 92 33 100 61 65 22 3 27 94 79 57 52 37 30 13 18 46 36 52 4 59 3 42 42 38 72 
12 52 89 86 9 80 19 8 93 83 81 47 61 27 25 17 78 62 46 42 31 43 77 82 47 35 84 40 29 74 64 40 77 52 26 85 83 96 45 27 78 25 74 38 3 98 7 81 11 4 74 41 47 51 75 45 37 10 36 17 35 99 
57 11 2 34 96 85 29 92 11 6 68 36 95 71 34 1 3 44 57 76 37 55 78 63 99 67 72 86 83 7 37 91 17 38 24 64 74 4 55 37 61 75 72 56 45 57 8 99 1 64 74 89 70 4 51 20 22 74 6 4 32 42 
47 1 31 70 64 5 74 71 41 34 45 64 41 41 21 1 39 73 64 64 13 86 19 15 5 40 88 10 44 20 3 90 20 34 11 35 38 36 57 30 22 53 93 14 93 65 14 83 37 30 47 49 15 65 63 19 57 3 81 100 74 83 
41 45 16 3 31 5 91 88 34 12 40 79 25 85 95 91 67 84 20 65 84 34 82 99 52 38 1 84 89 26 67 81 70 34 83 100 39 73 87 24 36 79 54 13 63 49 3 29 32 74 94 15 7 27 13 10 64 65 94 52 90 12 
1 0 0 1 0 0 0 0 0 1 0 1 1 0 1 1 1 0 0 0 1 0 0 1 0 1 0 1 0 1 0 1 0 0 0 0 1 0 0 1 0 1 0 1 1 0 1 0 0 1 0 1 0 0 1 0 1 1 1 1 0 1 
0 0 1 1 0 0 1 1 1 1 0 0 1 1 0 0 0 0 1 0 0 1 1 1 1 0 0 0 0 0 1 0 1 1 1 1 1 1 0 1 0 0 1 1 0 1 1 0 1 1 0 1 0 1 0 0 0 0 0 0 1 0 
0 0 1 0 1 0 1 0 1 1 0 0 1 0 1 0 0 1 1 1 0 0 0 1 0 0 1 0 0 0 0 1 0 1 1 0 0 0 0 1 1 0 0 0 1 1 1 1 0 0 0 1 0 1 0 0 1 1 1 0 0 1 
1 0 1 0 0 1 0 0 0 1 1 0 0 0 0 1 1 0 1 0 1 0 1 1 0 0 1 1 0 1 1 1 1 0 1 0 1 1 0 1 1 1 0 1 1 0 0 1 0 1 1 0 1 0 1 0 0 0 1 1 1 0 
0 1 0 0 1 1 1 1 1 0 1 1 1 0 1 1 1 1 1 0 1 0 0 1 0 1 1 0 0 1 0 0 0 1 0 1 0 0 0 1 0 1 0 0 0 1 1 1 1 0 0 0 1 0 1 1 1 1 1 1 0 0 
0 0 1 0 1 1 0 1 1 1 1 1 1 1 1 0 0 0 1 0 0 0 1 0 1 0 1 1 0 1 1 0 1 0 0 0 1 1 1 0 0 0 0 1 1 1 1 0 1 0 0 1 0 1 1 0 0 0 1 0 1 0 
0 0 0 0 0 1 1 0 0 1 0 0 0 0 1 0 0 0 0 0 1 1 0 1 1 0 1 0 0 1 0 0 1 0 0 0 1 0 0 1 1 0 1 0 0 0 0 0 0 0 1 0 1 1 1 0 1 0 0 1 1 0 
1 1 0 1 1 0 1 1 1 1 1 1 1 0 1 1 0 0 1 1 0 1 0 1 1 1 1 0 0 1 0 1 0 1 1 1 1 0 0 0 1 1 1 0 1 1 1 0 1 1 1 1 0 0 0 1 1 1 1 0 0 0 
1 0 1 0 1 0 1 1 0 0 1 0 1 0 1 0 0 0 1 0 1 1 0 1 1 1 0 0 1 1 0 1 1 1 1 1 1 0 0 0 1 1 0 0 0 1 0 0 1 0 0 0 1 0 1 0 0 1 1 1 0 1 
0 0 1 0 1 0 0 1 0 1 1 0 1 1 1 0 1 0 0 0 0 1 0 1 0 0 1 1 0 1 0 0 1 1 0 0 0 1 0 0 0 1 1 0 0 0 0 1 1 0 1 1 1 0 1 1 0 0 0 0 1 1 
1 1 0 1 1 0 0 1 1 1 0 0 1 0 0 1 0 1 1 1 1 0 1 0 0 0 0 0 0 1 1 1 0 0 1 0 0 1 1 1 0 0 1 1 0 0 0 0 1 1 0 0 0 1 0 0 1 0 0 0 0 0 
1 0 0 0 0 0 0 0 0 0 0 1 0 0 1 0 1 1 0 1 1 0 0 0 0 0 0 0 0 0 0 1 1 0 0 1 1 0 1 1 0 1 0 0 0 0 1 1 1 1 0 0 1 0 0 1 0 1 1 0 1 0 
0 0 0 0 0 1 0 1 0 0 1 1 1 1 1 0 0 0 1 0 0 0 0 1 1 1 0 0 1 1 0 1 0 1 1 0 0 1 1 1 0 0 0 1 1 1 1 1 1 0 1 1 0 0 0 1 1 0 1 0 0 0 
0 0 1 1 0 1 1 1 0 1 0 0 0 1 1 1 1 0 1 0 0 1 0 0 0 1 1 1 0 1 1 0 1 0 1 1 0 0 0 0 1 0 1 1 0 0 0 1 1 1 1 1 0 0 1 0 1 0 0 1 1 1 
1 0 0 1 1 0 1 0 0 1 0 1 0 0 0 1 1 1 0 1 0 1 1 1 1 0 0 1 0 1 1 1 0 1 0 1 1 0 1 1 1 0 1 1 0 1 0 0 0 1 1 0 0 0 1 1 0 1 1 0 1 0 
0 1 1 0 0 0 0 0 1 1 0 0 1 0 1 1 0 1 0 1 1 0 1 1 0 0 0 1 0 1 1 0 0 0 1 1 0 1 1 1 1 1 0 0 1 1 1 0 1 0 1 0 0 1 1 0 1 0 1 1 1 0 
0 0 0 1 1 0 0 0 0 1 1 0 1 0 1 1 0 0 1 0 1 1 1 0 0 0 0 1 1 0 0 1 0 0 0 1 1 1 1 1 0 0 1 0 0 0 1 1 1 0 1 0 1 0 0 1 0 1 1 1 1 1 
1 1 1 1 0 0 0 1 1 1 1 0 1 1 1 0 0 0 0 1 0 1 1 0 1 1 1 0 1 0 1 0 1 0 1 1 1 0 0 0 1 1 1 0 1 0 0 1 0 0 1 0 1 0 0 0 0 0 0 1 0 1 
1 0 0 0 1 1 0 0 1 1 1 0 1 0 0 1 0 0 1 1 0 1 1 1 1 1 1 0 0 1 1 1 1 1 0 1 0 0 1 0 0 0 0 1 1 1 1 1 1 0 0 0 1 1 1 1 1 0 1 1 1 0 
1 1 0 1 0 0 1 1 0 1 1 1 1 0 0 0 1 1 0 1 1 0 1 0 1 0 0 0 1 0 0 0 1 0 1 1 1 1 0 1 0 1 0 1 0 0 1 1 0 0 1 1 0 0 0 1 0 0 1 1 0 1 
0 1 0 1 0 1 0 0 0 1 0 1 0 0 1 0 1 1 0 0 1 0 0 1 1 0 1 0 0 0 1 0 1 1 1 0 0 0 0 1 1 0 0 1 0 1 1 0 1 1 0 0 1 1 1 0 1 0 0 1 0 0 
1 0 1 1 0 0 1 0 1 0 1 1 1 1 0 1 1 1 0 0 1 0 1 0 0 0 1 1 0 1 1 1 1 0 0 1 0 1 0 1 1 1 0 1 0 1 0 0 0 0 0 0 0 1 0 1 1 1 0 1 1 1 
1 0 1 1 0 0 1 0 1 0 1 0 1 1 1 1 1 1 0 1 1 0 0 0 1 0 1 1 1 0 0 0 1 0 0 1 0 1 1 1 1 0 1 1 1 0 0 1 0 0 0 1 1 1 1 0 1 1 0 0 1 0 
1 0 0 1 1 0 0 0 0 1 0 1 0 0 0 1 1 0 1 1 1 0 0 1 1 1 0 1 0 1 1 1 0 0 0 1 0 0 0 0 1 0 0 0 0 0 1 1 0 0 1 1 1 1 0 0 1 0 1 1 0 0 
0 0 0 0 1 1 0 1 1 1 0 1 1 0 1 0 0 1 1 1 1 0 0 1 0 1 0 1 0 0 1 0 0 0 0 1 1 0 1 0 0 1 0 1 1 1 0 1 1 1 0 0 1 1 1 1 0 1 0 1 1 1 
1 1 1 0 1 0 0 0 1 0 1 1 0 0 0 0 0 1 1 0 1 0 1 1 1 0 0 1 1 0 0 0 1 0 0 0 0 1 0 1 1 1 0 1 0 1 1 0 0 0 0 0 0 0 1 1 0 1 0 1 1 1 
1 1 1 0 1 1 1 0 1 0 1 1 0 1 0 1 1 1 0 0 1 0 0 0 0 0 1 0 1 1 1 0 0 0 0 1 0 1 1 1 0 1 0 0 0 1 1 0 0 1 0 1 0 0 1 0 0 0 0 1 1 0 
1 1 0 0 1 0 1 0 1 1 1 0 1 0 1 1 0 1 0 0 0 0 0 1 0 0 1 1 1 1 1 0 0 1 0 1 0 0 0 1 1 1 1 1 1 0 0 1 1 0 1 1 1 1 0 1 1 0 0 0 1 1 
1 1 1 1 1 1 1 1 0 1 0 0 0 0 0 0 1 0 0 1 1 1 0 0 1 0 0 1 0 1 1 1 0 0 1 1 1 0 0 1 1 1 1 1 1 0 1 0 0 0 1 1 1 0 1 0 0 1 0 0 0 1 
0 1 1 1 0 0 1 1 1 1 0 1 0 1 1 0 1 1 0 1 0 1 1 0 0 1 1 0 1 0 1 1 1 0 0 1 0 0 0 1 1 0 0 1 1 1 1 1 0 1 0 1 1 1 1 1 0 0 1 1 0 0 
1 1 0 1 1 0 1 1 1 0 0 0 0 1 1 1 0 0 1 0 1 0 1 0 1 1 0 0 1 1 0 0 0 0 1 1 0 1 1 1 1 1 1 1 0 1 1 1 1 0 1 0 0 1 0 1 0 0 1 1 1 1 
1 0 1 1 1 1 0 0 0 1 1 0 1 0 1 0 1 0 0 0 0 0 1 0 1 0 0 0 1 0 1 1 0 0 0 1 1 0 0 1 1 1 1 0 1 0 0 0 0 0 1 0 0 0 0 1 0 1 1 0 1 0 
1 1 0 1 0 1 1 0 1 0 0 0 1 1 1 1 0 1 0 1 0 0 1 0 0 0 1 1 0 0 0 1 1 0 0 0 0 1 0 1 1 0 1 0 0 0 0 0 0 0 1 0 0 0 0 0 0 0 0 0 0 0 
1 0 0 1 0 0 0 0 1 0 1 1 0 1 1 0 1 1 0 0 1 1 0 0 1 1 0 1 1 0 1 1 0 0 0 0 0 1 1 0 1 0 1 1 1 0 0 0 0 0 0 1 1 0 1 1 1 1 0 1 0 0 
0 0 0 0 1 0 1 0 0 0 0 1 0 1 0 0 1 0 0 1 1 0 1 1 1 1 0 1 0 0 1 0 1 1 0 0 0 0 0 0 0 0 0 0 1 0 0 0 0 1 1 1 1 0 0 0 1 1 1 1 1 1 
1 0 0 0 0 0 0 0 1 0 0 1 1 1 1 1 1 1 0 0 0 1 1 1 1 0 0 1 0 1 0 1 0 0 1 0 1 1 1 0 0 1 1 1 1 0 0 0 1 1 1 1 0 0 0 0 0 0 1 0 0 1 
0 0 1 1 0 0 1 1 0 1 1 1 0 0 1 0 0 0 1 1 0 0 1 0 0 0 1 1 0 1 0 0 1 1 0 1 0 1 1 0 0 0 0 0 0 1 0 0 0 0 0 0 0 1 0 0 1 1 1 0 0 1 
0 1 0 0 1 0 1 0 1 1 0 1 1 0 0 0 0 0 0 0 0 0 0 1 0 1 0 1 1 1 0 0 0 0 0 1 1 0 1 0 1 1 1 1 1 1 1 0 0 1 0 0 1 0 1 1 0 0 0 1 1 0 
1 1 0 0 1 1 0 0 1 1 0 0 0 1 0 1 1 0 0 0 0 1 0 0 0 0 0 0 0 1 0 1 0 1 1 1 0 1 0 0 1 0 0 1 1 0 1 1 0 1 1 1 1 1 1 1 0 1 0 0 0 0 
1 0 1 1 0 0 0 0 0 1 0 0 1 1 1 0 0 1 1 1 0 0 1 1 0 1 0 0 1 0 0 0 1 0 1 1 0 0 1 0 1 1 0 0 0 1 0 1 1 0 0 1 0 1 1 0 0 1 0 1 0 1 
0 1 1 1 0 1 1 1 1 1 0 1 1 0 1 0 1 0 0 0 1 0 1 0 1 0 0 1 1 0 0 1 1 1 1 1 0 0 0 1 1 0 1 1 0 0 1 0 0 1 0 1 1 1 0 0 1 0 0 1 0 0 
0 1 0 1 0 0 0 0 0 1 0 1 0 0 1 1 0 1 0 0 0 0 0 0 0 1 0 0 0 0 1 1 1 1 0 1 1 0 1 1 0 1 0 0 0 1 0 0 0 0 1 1 0 1 1 1 0 0 1 1 0 0 
0 0 1 0 1 1 1 1 0 1 0 1 1 0 0 1 1 1 0 0 0 0 1 1 1 1 1 1 0 0 1 0 0 1 1 1 0 0 0 0 1 1 1 0 1 0 0 0 1 0 0 1 0 1 0 0 1 0 1 1 0 0 
0 0 1 1 1 1 1 0 0 0 1 1 0 0 1 0 1 0 0 1 1 1 1 0 1 0 0 0 1 0 0 1 0 0 0 1 1 1 1 1 1 0 1 0 1 0 0 0 1 1 1 0 0 0 0 1 0 0 1 0 0 1 
1 0 1 0 0 1 1 1 0 1 0 1 1 1 0 1 1 1 0 0 1 0 1 0 1 1 0 0 1 1 0 1 1 1 1 1 0 0 1 1 1 1 0 0 0 0 0 1 1 0 1 1 1 0 1 0 0 1 1 1 0 1 
0 0 0 1 1 1 0 0 0 1 1 0 0 1 1 0 0 0 0 0 1 1 0 0 0 0 0 1 0 0 0 0 0 0 0 0 1 0 0 1 1 0 0 1 1 1 1 0 1 0 0 1 1 0 1 1 1 1 0 1 0 0 
1 0 1 1 0 0 1 1 0 1 1 0 0 0 1 0 0 0 0 0 1 1 1 1 1 0 0 1 1 0 0 0 1 1 0 1 1 1 0 1 0 1 1 1 0 0 1 0 1 1 1 0 0 0 1 1 0 0 1 1 0 1 
1 1 0 1 1 1 1 1 1 1 1 0 0 1 1 1 1 0 0 0 0 1 0 0 0 0 0 1 1 0 0 1 0 0 0 1 0 1 0 1 1 1 1 1 0 0 1 0 0 1 0 1 0 1 1 1 1 1 0 1 1 1 
0 1 1 0 0 1 0 1 0 1 0 0 0 1 0 1 1 1 1 1 0 1 0 1 0 0 0 1 1 1 0 1 1 1 1 1 1 1 0 1 0 1 1 1 0 0 0 1 1 1 0 1 1 1 0 1 1 0 0 0 1 0 
