50 60 1133
52 8 27 99 56 29 1 7 11 14 2 78 16 31 100 58 66 91 32 90 43 71 90 66 62 65 53 31 91 44 15 43 51 41 41 7 22 41 65 84 7 18 61 22 48 60 31 13 50 62 55 44 33 44 10 46 8 14 28 99 
57 42 41 60 35 33 66 56 26 82 39 84 99 52 5 46 11 87 10 13 48 64 56 32 8 17 29 15 82 56 65 91 50 57 50 84 90 67 39 67 48 29 50 46 80 6 43 43 92 52 55 91 16 62 75 23 31 3 89 12 
11 54 2 60 10 3 43 51 69 33 17 16 61 18 13 93 23 55 35 66 7 41 9 74 2 83 96 32 37 36 96 47 41 49 58 3 4 100 5 72 32 74 40 45 91 52 89 66 59 23 83 65 63 91 38 16 25 85 100 14 
72 47 12 65 95 70 67 50 69 23 22 53 96 61 49 39 64 37 4 22 11 38 38 25 29 27 40 5 63 91 18 35 37 30 99 84 51 17 33 71 39 6 23 35 18 23 25 82 11 28 55 21 65 45 45 45 71 37 50 34 
27 19 68 16 48 18 51 50 34 83 21 24 41 43 10 58 18 34 39 28 13 46 49 78 90 45 74 60 81 75 45 60 94 12 75 93 81 25 43 66 59 63 90 99 57 99 57 74 33 47 54 97 44 2 74 33 98 100 45 79 
74 89 38 67 53 64 12 33 88 54 51 98 16 40 97 24 90 5 98 74 3 3 71 47 56 44 31 53 95 75 31 69 16 68 87 68 83 98 52 70 3 2 20 70 93 68 94 83 72 43 56 26 45 26 72 100 22 55 52 16 
81 35 36 96 54 75 15 37 24 19 58 27 20 77 96 65 44 41 47 67 83 54 93 79 80 16 78 1 70 82 68 51 16 56 98 69 30 13 5 53 31 63 79 2 91 27 66 35 67 64 1 50 18 45 28 97 61 58 49 82 
91 16 84 6 23 82 26 52 94 83 5 76 45 35 77 87 61 95 21 80 58 74 81 75 70 8 23 82 17 71 16 7 39 99 64 61 80 90 13 25 72 69 100 68 55 29 54 68 23 27 47 80 52 27 7 21 86 29 55 3 
100 70 61 90 68 25 50 100 66 14 76 37 34 76 4 89 56 9 8 78 87 54 9 38 80 67 11 17 96 65 19 47 86 32 36 5 8 37 4 73 3 80 9 36 7 64 76 14 24 83 43 11 88 51 48 67 18 10 36 65 
26 6 11 11 37 98 16 44 86 71 16 88 2 76 76 60 39 3 73 63 38 15 25 25 18 24 44 87 34 79 51 59 84 13 22 21 62 89 16 47 11 84 87 13 59 62 72 50 16 45 64 53 11 88 30 28 11 73 14 44 
3 16 55 86 80 28 58 41 68 26 40 78 9 26 90 67 39 14 68 54 10 31 59 20 18 88 48 81 12 13 76 14 81 30 99 60 9 9 1 76 34 40 54 42 17 95 60 55 8 28 60 17 10 18 89 28 5 88 60 16 
100 35 81 80 17 80 92 25 40 44 53 73 83 58 66 51 52 77 5 12 56 64 80 66 82 68 45 38 55 4 6 7 38 38 38 54 17 29 31 8 72 83 32 6 40 97 56 91 74 12 54 29 76 34 46 9 53 90 98 60 
93 55 18 83 93 55 36 61 36 18 69 59 100 100 17 39 49 24 82 74 36 35 54 63 20 100 23 25 89 72 84 34 27 53 68 71 59 55 83 94 73 3 5 72 55 73 11 3 96 44 76 83 78 81 45 50 80 19 74 21 
91 9 6 69 61 73 39 19 27 21 65 99 24 69 71 78 41 33 32 88 76 59 71 5 39 15 6 71 34 79 43 76 87 48 44 99 72 82 18 98 54 82 49 29 2 71 58 94 55 41 81 30 99 51 86 90 18 92 60 3 
22 2 78 61 1 73 59 72 6 28 21 11 61 69 40 62 39 49 7 93 90 40 74 88 42 12 77 59 3 88 13 76 41 42 36 41 14 47 64 71 74 85 82 35 53 21 48 92 69 7 36 10 46 10 50 87 21 78 98 75 
66 62 2 58 4 38 99 69 84 62 40 9 46 21 95 51 93 43 42 13 49 29 23 46 90 72 32 62 49 81 88 66 43 90 24 46 27 74 66 62 35 5 22 33 77 17 83 69 59 76 82 59 4 56 4 46 79 87 7 27 
68 95 45 10 84 68 7 62 41 72 23 27 29 44 11 5 60 93 26 70 20 59 80 24 14 35 69 92 22 27 70 41 21 66 50 4 85 56 17 25 79 39 4 7 35 14 64 46 59 89 68 78 47 99 53 60 34 73 3 7 
100 24 47 72 90 48 76 74 55 44 51 33 83 6 92 69 19 55 66 29 43 85 7 89 84 11 100 17 84 2 75 35 77 21 6 66 68 33 92 22 77 94 6 11 99 97 79 69 51 96 98 93 81 56 81 64 66 80 32 1 
33 6 35 10 78 41 27 45 73 18 18 49 11 23 59 61 72 89 30 22 85 79 15 17 86 47 32 51 27 15 52 11 72 38 20 49 78 47 45 51 16 14 99 79 88 10 91 59 98 72 81 34 50 47 2 87 93 33 90 71 
47 41 82 18 30 53 18 8 51 62 58 19 75 8 97 15 69 87 73 67 59 53 52 60 51 54 47 44 38 36 66 37 28 99 6 57 52 24 64 54 37 73 72 64 33 68 78 1 7 50 19 17 55 71 76 5 76 74 100 65 
61 66 1 88 16 7 97 19 82 12 73 18 37 44 33 69 64 10 21 22 12 40 38 18 62 65 22 89 39 74 53 51 91 54 39 6 12 87 25 93 98 49 62 34 44 95 54 7 56 75 80 67 14 17 84 27 34 58 15 72 
31 19 74 73 72 12 78 35 98 54 27 48 2 89 33 98 35 87 4 90 61 84 57 26 52 92 4 85 49 18 8 31 88 82 3 60 45 33 94 95 38 73 42 92 13 74 89 47 12 92 36 24 27 44 49 31 36 4 67 36 
21 75 19 61 8 21 20 52 5 65 46 43 89 39 34 1 65 22 47 28 65 35 52 44 78 52 74 65 56 92 1 28 66 19 88 73 91 59 77 96 76 74 90 64 65 75 65 81 96 63 8 12 97 59 7 75 11 32 39 18 
24 91 45 41 9 33 14 52 43 42 47 18 67 88 82 31 62 46 11 9 60 71 72 57 29 79 31 91 10 21 60 85 12 5 26 72 89 91 23 31 32 21 49 98 60 82 81 21 79 91 81 38 61 53 94 42 31 76 84 92 
97 44 77 60 100 54 83 88 44 58 70 75 78 70 24 90 51 4 10 29 47 91 67 59 43 60 52 25 88 36 68 84 31 44 95 82 97 77 69 92 86 90 66 16 60 42 5 10 97 14 91 43 56 57 54 50 68 5 74 55 
92 42 90 74 37 36 55 86 65 75 77 50 65 95 65 76 36 69 37 84 35 27 27 90 35 32 40 55 36 65 9 80 6 51 53 95 86 60 80 2 34 8 52 50 2 16 25 89 37 14 73 71 40 51 60 27 82 51 81 69 
16 41 100 73 91 5 67 29 64 98 30 49 6 33 99 59 49 75 48 37 88 20 7 80 22 18 6 3 69 38 23 84 78 23 8 21 27 75 1 90 24 30 38 29 15 88 88 15 63 87 51 2 58 57 81 79 26 38 81 94 
75 3 29 5 25 37 77 3 63 77 92 86 58 82 67 72 69 54 86 83 92 36 85 49 44 17 27 70 7 59 15 33 61 44 37 38 32 13 40 46 89 84 31 47 65 49 18 85 2 56 68 93 91 4 93 35 72 19 56 78 
77 70 11 90 65 99 79 96 64 70 93 4 53 76 2 69 24 72 54 78 27 73 22 17 76 15 3 99 33 58 77 10 28 39 51 92 37 29 40 52 98 84 56 3 59 57 71 83 28 76 12 54 48 33 23 75 47 25 74 32 
83 2 93 62 40 43 53 28 23 44 80 20 28 35 74 86 43 45 20 71 72 31 76 72 16 98 98 62 23 23 93 57 24 85 18 15 79 22 43 1 18 74 73 45 60 46 82 2 42 2 24 14 84 100 85 99 49 82 13 23 
5 5 79 80 42 48 95 20 22 89 73 39 62 45 83 73 90 64 74 32 17 98 45 53 49 81 3 97 62 15 20 18 72 50 98 65 50 44 36 71 32 8 9 45 52 91 17 94 6 90 25 75 39 21 79 39 1 81 36 14 
48 7 84 19 8 81 83 57 24 18 27 7 78 87 51 29 77 67 74 35 8 98 61 99 18 39 37 70 71 24 36 18 82 19 36 90 51 70 98 26 88 25 32 17 11 34 45 40 52 19 26 59 68 86 9 38 76 46 59 46 
21 94 64 3 12 99 44 14 21 41 39 60 65 22 76 28 55 72 19 6 90 44 17 10 81 25 47 56 22 57 1 95 51 16 97 14 67 40 28 87 80 18 46 97 40 21 76 94 92 46 52 34 89 20 43 21 96 41 76 70 
49 28 64 99 96 12 65 62 51 44 100 82 61 45 30 100 17 57 46 8 2 49 93 42 68 87 62 15 79 89 84 28 69 47 78 16 58 42 77 60 85 28 94 46 72 75 97 88 84 94 47 85 42 40 79 61 26 92 76 5 
33 11 84 53 58 61 68 67 3 96 79 39 23 72 36 46 98 85 33 81 78 31 18 72 70 96 84 48 39 59 4 71 70 87 75 79 47 42 97 1 89 75 40 11 98 75 56 48 11 40 28 89 71 97 60 92 44 95 91 83 
54 94 5 75 32 80 5 79 21 1 31 10 28 22 72 25 49 28 72 59 19 52 47 41 48 58 33 92 53 23 26 58 69 30 84 100 9 40 30 82 40 61 43 19 82 14 44 30 93 67 89 64 70 87 4 70 45 88 13 49 
11 38 58 31 19 41 30 80 80 60 61 71 72 55 90 5 20 85 35 65 3 75 28 73 61 83 42 57 71 6 57 33 43 14 63 61 54 92 40 85 3 52 56 74 58 97 31 30 81 65 94 83 91 73 7 3 55 100 60 77 
5 16 9 99 82 71 60 35 15 51 72 17 55 27 43 64 23 73 93 55 89 38 89 79 10 96 81 17 47 92 93 52 60 2 2 41 72 13 27 86 64 98 55 70 76 97 85 50 21 78 56 9 15 45 39 25 92 71 93 90 
63 85 93 74 86 95 66 10 7 92 47 22 42 1 43 69 49 28 71 69 5 26 29 19 22 67 95 65 38 87 55 52 24 99 25 61 93 90 70 100 33 69 73 26 69 16 47 70 43 17 90 47 94 19 17 68 85 64 32 74 
2 38 25 25 37 1 86 81 90 7 32 75 75 5 100 96 20 46 65 62 14 54 60 8 24 76 27 61 39 10 34 41 48 11 17 36 11 2 16 1 61 48 75 35 4 26 82 23 24 46 84 37 52 95 96 75 70 22 35 61 
32 21 53 31 31 69 18 41 23 85 93 35 84 19 69 87 45 3 9 20 48 44 56 51 38 52 78 60 25 12 20 56 84 24 38 14 92 55 7 66 40 99 100 23 70 21 62 14 23 70 85 22 66 40 25 55 43 2 14 68 
65 85 75 49 8 13 62 52 67 20 17 58 19 69 33 88 41 94 53 15 15 37 88 80 28 12 35 71 13 100 38 30 85 12 78 92 76 91 43 95 11 12 52 81 32 36 20 24 29 72 38 96 60 77 75 39 89 61 9 53 
61 98 82 45 62 11 88 37 2 31 31 64 94 35 44 25 70 63 48 51 86 37 46 97 13 72 35 53 85 44 6 45 93 39 41 54 50 28 43 51 58 73 14 3 59 9 27 29 71 26 31 56 62 76 4 27 99 38 79 83 
33 84 27 26 75 19 31 24 47 73 26 56 46 91 59 4 99 37 84 69 63 14 76 76 41 79 54 40 68 33 22 1 68 1 26 42 71 56 17 17 29 42 25 26 32 83 81 30 71 17 50 85 82 77 13 23 55 66 14 75 
98 35 75 66 87 100 59 58 7 76 26 87 69 50 64 1 84 97 82 55 13 84 91 94 60 3 68 67 69 81 41 18 68 15 35 6 66 94 63 24 21 41 63 89 90 26 41 26 74 23 32 38 58 22 32 17 25 51 35 45 
32 75 62 99 41 97 4 58 42 19 82 62 11 96 50 100 73 91 77 47 65 8 84 22 30 67 90 6 18 25 2 1 51 63 51 92 11 6 1 52 76 34 65 86 29 15 38 2 57 14 100 73 22 35 94 3 54 35 60 23 
59 61 23 62 75 25 53 38 30 5 89 6 39 6 43 19 20 80 20 28 46 71 100 67 58 45 21 11 31 80 33 90 92 7 3 66 31 7 3 12 11 44 17 49 49 12 68 20 91 39 99 88 62 98 6 19 94 26 29 24 
57 13 65 48 19 67 66 1 73 20 12 36 63 81 84 63 92 3 82 34 94 80 22 55 29 27 73 74 5 53 98 61 65 14 9 35 33 26 35 57 45 46 92 60 26 76 22 69 30 56 3 23 87 76 77 16 2 1 41 6 
53 90 19 69 4 79 55 36 4 89 44 48 87 36 7 64 11 81 33 40 36 87 15 22 14 91 89 67 44 30 73 48 19 43 17 74 21 71 61 76 12 5 75 98 40 34 61 2 14 45 93 49 83 7 22 96 50 11 63 93 
92 87 40 10 29 56 36 1 79 96 76 90 100 50 39 91 83 51 92 96 96 85 96 30 91 70 26 40 32 88 84 23 26 24 84 54 31 71 6 9 67 81 50 18 30 40 9 65 91 100 12 38 84 60 67 27 29 92 66 12 
0 1 1 1 0 0 0 0 1 1 1 1 1 0 0 1 0 0 1 0 0 0 1 1 1 1 1 1 1 1 0 1 0 1 1 0 0 1 0 1 1 1 0 0 0 0 1 0 1 0 0 1 1 1 0 0 0 0 0 1 
1 0 1 1 0 0 1 0 1 1 1 0 1 1 1 1 1 0 1 0 1 1 1 0 0 0 0 0 0 0 0 1 1 1 0 1 1 1 1 0 0 0 1 1 1 0 0 0 0 1 1 1 0 0 1 0 0 0 1 0 
0 1 1 1 0 1 0 1 0 1 1 1 1 0 0 0 0 1 1 1 0 0 0 1 0 0 1 1 0 0 1 0 1 1 0 1 0 0 0 1 0 0 0 1 0 0 0 1 1 1 0 0 1 0 1 1 0 0 0 0 
1 0 1 0 1 1 0 1 1 0 0 1 0 0 1 1 1 1 0 0 0 0 0 1 0 1 0 1 0 1 1 1 1 0 1 0 1 1 1 1 0 0 0 0 0 1 1 1 0 1 0 0 1 0 1 0 0 0 1 0 
1 0 1 0 1 0 0 0 0 1 1 0 1 0 0 0 1 0 1 0 1 1 0 1 0 0 1 0 0 0 0 1 0 1 1 1 1 1 0 1 0 1 1 0 1 0 0 1 0 1 1 1 1 1 0 1 1 1 1 1 
1 1 0 0 0 1 1 1 0 1 1 1 1 0 1 0 0 1 1 0 0 0 0 1 0 0 0 1 0 1 1 1 0 1 1 0 1 1 0 1 0 1 0 1 1 1 0 0 0 1 0 1 0 0 0 0 1 1 1 1 
0 0 0 1 0 0 1 1 1 1 0 1 0 1 1 0 0 1 0 1 0 0 0 0 1 0 0 0 1 0 1 0 0 1 1 0 1 0 1 0 0 0 0 0 1 1 0 1 0 0 0 0 1 0 1 0 1 1 0 0 
1 1 0 0 0 1 0 0 0 0 0 0 0 0 0 1 1 1 0 1 1 1 0 0 1 1 0 0 0 0 1 0 1 1 0 0 1 0 0 1 0 0 1 0 1 1 1 0 0 0 0 0 1 0 0 0 1 1 1 1 
1 0 1 1 1 1 1 0 0 1 1 0 1 0 1 0 0 0 1 0 0 1 0 1 1 1 0 0 0 1 1 1 1 1 0 0 0 1 1 0 0 0 1 0 1 0 0 1 0 1 1 1 0 0 0 1 1 0 1 1 
1 1 0 0 0 1 1 0 0 0 1 1 0 0 1 1 0 1 0 0 1 0 1 1 0 0 1 1 0 0 0 0 1 0 0 1 1 1 0 0 1 1 1 0 1 0 1 1 1 0 1 0 0 1 0 0 1 1 1 1 
1 1 1 1 1 0 0 1 1 0 1 1 1 0 1 0 0 0 1 1 0 1 0 0 0 0 0 1 1 1 0 0 0 0 1 0 0 0 1 1 0 0 0 0 0 1 0 0 0 0 1 0 1 1 1 1 1 1 0 0 
1 0 1 1 0 0 1 0 0 0 0 1 0 0 1 0 0 1 0 0 1 0 0 0 1 1 1 1 1 1 1 0 0 0 1 0 1 1 1 1 1 1 0 0 1 1 0 1 1 1 1 0 1 0 1 0 1 0 1 0 
0 1 0 0 1 0 0 0 1 1 0 0 0 0 0 0 0 1 1 1 0 1 1 1 1 0 1 0 1 1 1 1 0 1 1 1 1 1 0 0 1 0 1 1 0 1 1 0 0 1 1 0 0 1 1 1 1 1 1 0 
0 0 1 0 0 0 1 1 0 1 0 1 1 1 0 0 0 0 0 1 1 0 1 1 1 1 0 0 0 1 1 0 0 0 0 0 1 1 1 1 1 1 0 0 0 0 0 1 0 1 0 1 1 1 0 0 0 0 0 0 
0 1 0 0 0 0 0 1 0 1 0 1 1 0 1 1 0 0 0 1 1 0 0 0 0 1 0 0 1 0 1 1 0 1 1 0 0 1 1 0 1 1 1 0 1 0 1 1 0 0 0 1 0 1 1 0 0 1 1 1 
0 0 1 0 1 0 0 1 0 1 1 1 0 0 1 1 1 0 0 1 0 1 1 1 0 0 1 0 0 0 1 0 0 0 0 0 1 0 1 1 1 1 0 1 1 1 0 0 1 0 0 0 1 1 1 1 1 0 1 1 
1 1 1 1 1 1 1 0 1 1 1 0 0 1 1 1 0 1 0 0 0 0 0 1 1 1 1 0 1 0 0 0 1 1 0 1 1 1 1 0 0 1 1 0 0 0 0 1 0 0 1 0 0 1 1 1 0 0 1 1 
1 1 0 0 1 0 1 0 1 1 0 0 0 1 0 0 0 0 1 0 0 0 0 0 1 1 1 1 0 1 1 1 0 1 1 1 1 1 1 0 0 0 0 0 1 1 0 1 1 0 1 0 0 1 0 0 1 0 1 1 
1 0 0 1 1 1 1 0 0 0 1 0 0 1 0 0 0 1 1 0 1 1 0 1 0 0 1 1 0 1 0 1 1 0 1 1 0 0 1 0 0 0 1 1 0 1 1 0 0 0 0 1 1 0 1 0 1 0 1 1 
1 0 1 1 0 0 0 0 0 1 1 0 0 0 1 0 1 0 0 0 1 1 1 0 1 0 0 0 1 0 0 0 0 1 1 0 1 1 1 1 1 0 1 1 0 1 1 1 1 1 1 0 0 1 1 0 1 1 0 0 
1 0 1 1 1 0 0 0 0 1 1 1 1 1 0 1 0 1 0 1 0 0 0 1 1 1 1 0 0 1 1 0 0 0 1 1 0 1 0 0 0 1 1 1 0 1 0 0 0 1 0 1 1 0 0 0 1 1 0 1 
0 1 1 0 1 1 0 0 0 0 0 1 1 0 0 0 1 1 0 0 0 0 1 1 0 1 1 1 0 1 1 0 1 0 1 0 1 1 0 0 1 1 1 0 1 1 0 0 0 1 0 0 1 1 1 0 0 0 1 0 
0 0 1 1 1 0 1 0 1 0 0 0 1 1 0 0 1 1 0 1 0 1 0 1 0 1 1 1 0 1 1 0 1 0 1 0 0 0 1 1 0 1 1 1 1 0 1 0 1 0 1 1 1 1 0 1 1 0 0 1 
1 0 1 0 0 0 1 1 0 0 0 1 1 0 0 0 0 0 0 1 0 0 0 1 1 0 0 0 0 1 1 1 1 0 0 1 0 1 0 1 1 1 0 0 1 0 1 1 0 1 0 0 1 0 1 1 0 0 1 1 
1 1 0 0 1 0 1 0 1 0 1 0 1 1 1 0 1 0 1 0 1 1 0 1 1 0 0 1 0 1 0 1 0 1 1 0 1 0 0 1 0 1 1 1 0 0 1 1 0 0 1 0 1 0 1 0 0 1 0 0 
0 0 1 1 1 0 1 1 0 1 0 1 0 1 0 0 0 0 1 0 0 1 0 0 1 1 0 1 0 0 1 1 1 0 0 0 0 1 1 0 0 1 1 0 1 0 0 1 0 1 1 0 0 0 0 1 1 1 0 0 
1 1 1 0 1 1 1 1 0 0 0 0 0 1 0 1 1 0 0 1 1 1 0 0 1 0 1 1 1 0 1 1 1 0 1 1 1 0 0 1 1 0 1 1 0 1 0 1 1 0 1 0 1 1 0 1 1 0 0 1 
0 1 0 1 1 1 0 0 0 1 1 1 1 0 0 1 1 0 1 0 0 0 0 1 1 1 0 0 1 0 1 1 1 1 0 0 1 1 0 1 0 1 0 1 1 0 1 0 0 0 0 0 0 1 1 1 0 0 1 1 
0 1 0 0 0 0 0 1 1 1 0 1 0 0 1 0 0 0 0 0 0 1 0 0 0 0 1 0 0 0 1 0 1 1 0 0 1 1 1 1 0 0 0 0 0 1 0 1 1 1 1 1 0 0 1 0 0 0 0 0 
1 1 0 0 0 1 0 1 0 0 0 0 0 1 0 0 0 1 1 0 0 1 1 0 1 1 0 1 1 0 1 0 1 1 1 1 0 1 0 0 1 1 0 1 0 1 0 0 0 1 0 0 0 0 0 1 1 0 0 0 
0 1 1 1 1 0 0 1 1 0 0 1 1 0 0 1 1 0 0 1 0 0 1 0 0 1 0 1 1 0 0 1 0 1 0 1 1 0 0 0 1 0 1 0 1 0 0 0 0 0 0 0 0 1 1 1 1 1 0 0 
1 0 0 1 1 0 0 0 1 1 1 0 1 0 0 0 0 0 1 1 0 1 1 1 0 0 0 1 1 0 0 1 1 0 0 0 0 1 1 1 0 0 1 1 0 0 0 1 0 1 0 1 0 1 0 0 0 0 0 1 
0 0 0 1 0 1 0 0 0 1 0 0 1 1 1 1 1 1 0 0 0 0 1 0 0 1 1 0 1 1 1 1 1 0 1 1 1 1 1 1 0 1 1 1 1 0 0 0 0 1 0 0 1 1 1 1 0 0 1 1 
1 1 1 0 1 0 1 0 1 0 1 1 0 0 0 1 0 0 1 0 1 0 1 1 1 0 0 0 0 0 1 1 1 0 1 0 0 0 0 1 0 1 0 0 1 0 1 1 1 1 0 0 1 1 1 0 1 0 0 1 
0 0 0 1 0 1 1 1 1 1 0 1 0 1 0 1 1 1 0 0 0 0 1 1 1 0 0 0 0 0 1 0 0 1 1 1 0 0 0 1 1 0 1 1 1 1 0 1 0 1 1 1 1 0 0 1 1 0 1 1 
1 1 0 1 0 1 0 1 0 0 0 1 1 1 1 0 0 1 1 1 0 1 0 0 1 0 1 0 1 0 0 0 1 0 1 0 1 0 1 1 0 1 1 1 1 0 0 1 1 1 0 0 0 0 0 0 1 1 0 0 
1 0 0 1 0 1 1 0 1 0 1 0 1 0 1 0 0 1 0 0 1 0 0 1 1 0 1 0 1 0 0 0 0 0 1 1 1 0 1 1 0 0 1 0 1 0 0 1 0 0 1 1 1 1 0 0 1 0 0 0 
0 0 1 0 0 0 1 1 1 0 0 1 1 1 1 0 0 0 1 0 0 1 1 1 0 1 1 0 1 1 0 1 1 1 0 1 0 1 1 1 0 1 0 1 1 0 1 1 0 0 1 0 1 0 0 0 1 1 0 1 
1 0 0 0 0 0 0 0 0 1 1 0 0 1 1 1 1 0 0 1 0 1 0 0 1 0 0 1 1 0 0 0 0 0 1 0 1 1 0 1 0 1 1 0 1 0 0 0 0 0 0 0 0 0 0 1 0 0 0 1 
0 0 0 1 1 1 1 0 0 0 1 0 1 0 0 0 0 0 1 0 1 1 0 1 1 1 0 1 1 1 0 0 1 0 1 0 1 0 0 1 0 1 1 0 1 0 0 1 0 1 1 1 0 0 0 1 1 1 0 0 
0 1 0 1 1 1 0 1 0 0 0 0 0 0 0 1 0 1 1 0 0 0 0 1 0 0 0 1 1 1 0 1 0 0 1 1 0 1 0 0 1 1 0 1 1 1 1 1 0 0 1 0 0 1 1 1 0 0 0 1 
1 0 1 1 1 0 0 1 1 1 1 0 0 1 0 1 0 1 0 0 1 1 1 1 1 0 0 1 0 1 0 1 1 1 0 0 1 1 1 0 0 0 1 0 0 1 1 0 0 1 1 1 0 0 0 1 0 1 0 1 
0 1 0 1 0 1 0 0 0 1 0 0 0 1 0 0 0 1 0 0 0 1 1 0 1 0 0 0 1 0 1 1 1 1 0 0 0 0 0 0 0 0 0 0 0 0 0 0 1 0 1 1 0 0 0 1 0 0 1 1 
0 0 0 0 0 1 0 0 1 0 1 1 0 1 1 0 0 1 1 1 0 0 1 0 0 1 1 1 1 1 0 1 1 1 1 1 0 1 0 1 1 1 1 0 0 0 0 0 0 1 0 0 1 1 0 0 0 1 1 1 
0 1 0 0 0 0 1 0 1 1 0 1 0 1 1 1 1 1 1 1 1 1 1 0 0 1 0 0 1 1 1 1 1 0 1 1 0 1 0 1 0 0 0 1 1 1 0 0 1 1 0 0 1 1 0 1 1 1 0 0 
0 1 1 1 1 1 1 1 0 1 1 0 1 1 1 0 1 1 0 0 1 0 0 0 0 0 1 1 1 1 1 0 1 0 1 0 1 0 0 1 1 1 0 0 0 1 0 1 1 1 1 0 1 1 0 1 0 1 0 1 
1 1 1 0 0 1 0 1 1 0 1 1 1 1 1 0 0 0 1 1 1 1 1 0 0 1 0 0 1 0 0 0 0 1 0 0 0 0 1 0 1 0 1 0 1 0 0 0 0 0 1 1 1 1 0 1 0 0 0 1 
0 0 1 0 1 1 0 0 0 0 0 1 0 1 1 0 1 0 0 0 0 1 1 1 0 1 0 1 1 0 0 0 0 0 0 0 1 1 0 1 1 0 0 1 1 0 1 0 0 1 0 0 1 0 1 1 1 1 0 1 
0 1 1 0 1 1 0 0 0 0 0 1 0 0 1 1 0 0 0 0 0 0 0 1 0 1 0 0 1 1 1 1 0 0 1 1 1 0 1 0 0 1 1 1 0 0 0 0 1 0 1 1 1 1 0 1 1 0 1 0 
1 0 1 1 0 0 0 0 0 0 0 1 1 1 0 1 0 0 0 1 1 1 0 0 0 0 1 1 0 1 1 0 1 0 1 0 1 0 0 1 0 0 0 1 1 0 1 1 1 1 0 0 0 0 0 0 0 1 0 1 
