70 48 3360
4 30 63 6 63 70 37 2 42 70 1 87 21 16 51 11 45 57 91 6 54 75 67 69 6 32 86 32 81 65 11 84 47 25 41 9 94 77 62 36 46 63 74 19 30 77 29 74 
85 72 31 90 98 98 58 4 81 44 87 61 60 50 96 6 74 36 67 20 12 28 7 9 42 32 79 24 8 60 97 44 31 80 34 80 29 43 35 9 86 74 21 98 23 16 55 96 
51 21 67 14 1 73 74 94 5 53 17 64 12 66 8 94 97 93 25 25 35 60 85 73 33 5 22 55 72 76 2 74 49 69 87 49 93 12 94 97 64 63 61 27 80 20 72 76 
12 97 100 98 8 36 22 40 40 43 46 63 19 99 36 67 19 74 67 12 85 12 60 1 74 20 79 5 91 51 80 54 47 31 52 54 66 25 45 57 68 42 19 38 40 6 4 59 
79 22 22 16 33 81 68 59 53 46 63 43 48 95 97 46 25 100 51 43 76 95 99 43 36 18 80 28 75 35 38 6 56 59 21 41 91 40 51 43 37 65 86 85 59 34 30 36 
85 81 78 60 27 76 55 15 45 34 94 20 21 31 25 76 41 97 68 31 88 18 74 24 83 11 60 93 96 42 28 80 74 5 91 52 33 45 66 77 31 59 48 51 41 24 78 81 
20 46 12 59 15 37 35 49 47 94 42 42 87 69 73 60 26 63 12 58 60 29 86 90 88 34 92 28 57 21 61 29 18 72 87 33 60 21 33 6 67 74 99 53 95 71 13 20 
85 76 29 44 4 14 85 43 47 28 23 4 49 83 84 66 6 70 98 65 43 31 70 9 56 68 61 50 90 25 21 74 100 49 18 56 15 54 98 61 82 20 16 30 2 99 95 7 
21 45 23 63 27 44 23 82 63 35 84 52 60 56 26 11 57 95 66 71 48 64 31 29 83 99 58 37 97 5 43 17 49 18 31 75 61 53 8 24 88 43 75 99 99 52 9 55 
46 27 77 94 90 7 22 24 5 32 60 54 36 55 22 36 72 53 10 32 57 69 7 96 12 82 94 10 33 55 16 31 81 92 24 70 50 97 45 7 28 5 60 15 59 33 50 82 
85 11 13 94 80 20 41 91 53 35 52 37 41 19 67 21 62 90 42 11 39 86 17 18 42 28 85 100 61 34 81 97 97 46 42 28 17 83 70 21 69 21 57 9 91 76 29 52 
17 22 62 55 59 31 73 1 10 57 100 22 42 33 19 38 30 12 17 46 94 86 66 62 58 74 22 48 49 2 99 66 23 13 20 82 43 44 82 4 52 33 26 94 65 96 83 94 
7 100 91 53 85 56 66 43 82 88 42 30 89 41 95 64 53 67 97 47 62 78 50 14 62 27 59 27 22 41 72 81 92 63 33 29 70 50 23 51 37 64 33 78 4 79 93 8 
97 89 6 59 18 56 72 79 82 30 57 56 22 29 36 14 43 68 42 64 69 64 15 58 79 99 35 83 77 79 42 74 67 48 32 36 3 55 14 36 84 71 91 57 51 78 70 93 
97 63 56 66 78 22 23 57 20 9 39 49 87 80 74 5 79 57 40 33 11 5 69 46 75 11 2 77 41 72 21 37 86 29 2 64 50 76 20 22 84 58 22 70 89 95 26 20 
51 17 52 61 22 72 58 48 35 59 25 75 82 45 11 68 73 65 31 75 40 50 48 24 59 69 45 99 15 23 18 65 39 70 77 60 93 34 60 27 92 84 1 74 80 12 93 5 
28 23 79 67 72 78 42 30 46 39 80 60 61 98 76 51 19 52 63 11 37 22 38 80 5 90 5 36 53 97 40 80 19 70 47 42 47 40 23 44 30 3 55 42 52 30 93 22 
33 55 32 69 76 21 49 32 63 53 19 15 2 59 95 20 80 93 62 79 84 84 22 14 86 77 55 89 58 47 10 91 53 94 11 80 66 11 63 28 16 82 43 17 92 37 36 71 
81 49 49 64 33 23 77 70 99 32 59 8 30 20 98 35 13 61 14 79 71 29 6 86 10 48 2 1 36 38 71 16 38 72 32 70 94 8 92 44 91 2 51 73 21 1 59 34 
61 72 12 31 52 17 69 61 17 70 13 4 59 36 72 97 7 3 18 52 62 9 95 53 10 97 77 31 97 35 64 9 58 27 92 10 95 60 22 11 29 35 67 40 70 38 36 76 
40 53 27 53 14 73 5 23 69 33 5 18 67 20 78 77 46 69 86 41 28 59 3 9 93 69 48 62 58 35 89 49 87 67 2 52 91 58 75 60 91 31 29 9 51 6 85 96 
27 22 88 54 81 43 14 73 63 13 87 21 47 27 69 86 46 70 37 36 28 63 47 70 94 27 78 96 33 63 43 59 36 31 64 16 25 30 41 87 42 79 59 41 5 28 26 2 
49 14 38 76 29 36 97 22 63 75 69 95 89 11 5 24 93 20 40 17 49 32 4 43 10 62 83 66 41 60 68 90 25 57 17 53 92 14 26 54 88 94 100 76 5 4 51 97 
76 90 66 24 73 69 18 82 82 100 100 23 11 19 64 36 75 32 88 18 45 66 72 84 59 23 11 15 27 62 64 2 3 29 77 76 97 95 9 30 46 8 4 57 78 67 44 4 
99 83 22 95 48 45 79 59 67 41 73 45 2 36 98 5 16 27 80 64 21 88 94 18 48 97 26 25 16 69 29 66 4 2 60 51 46 90 61 64 31 86 61 32 21 58 36 89 
36 67 52 8 7 45 26 54 94 3 30 9 24 58 26 27 11 85 29 8 75 90 72 57 75 84 88 47 93 76 35 29 94 87 36 100 83 61 5 76 64 35 36 87 44 61 65 55 
46 93 62 72 34 85 28 8 68 67 7 61 94 41 89 88 79 76 39 62 89 44 89 52 78 25 90 21 37 6 27 34 98 41 57 84 25 36 91 45 3 49 57 96 42 97 35 20 
72 74 33 60 17 74 63 46 50 4 66 86 9 45 72 59 85 28 42 61 64 84 5 18 33 61 13 26 9 100 97 81 73 82 92 41 55 55 86 56 10 3 41 19 47 64 29 83 
92 22 44 7 5 48 24 89 61 88 66 21 87 63 53 11 44 45 3 50 51 88 5 60 43 97 30 41 61 58 24 52 31 19 58 36 18 33 76 30 20 42 51 7 56 3 69 99 
99 72 100 49 11 4 61 53 100 90 46 12 100 21 63 30 39 72 17 56 56 45 38 76 38 88 82 93 42 2 43 41 73 42 41 84 45 1 88 96 43 33 8 94 5 22 75 43 
46 92 51 1 88 88 76 25 27 9 17 68 11 59 60 35 100 1 18 96 53 58 91 95 90 98 40 95 20 15 89 65 6 39 65 45 78 41 69 4 1 85 24 11 95 83 46 46 
83 15 41 88 72 83 82 14 81 22 60 100 36 48 64 93 39 80 37 68 72 57 72 73 93 95 35 87 29 80 84 12 47 76 99 18 58 32 31 38 5 90 89 92 90 4 36 80 
84 72 47 55 80 70 27 72 16 14 10 45 93 93 56 39 68 6 9 78 89 91 15 94 33 4 37 22 7 73 1 42 96 99 97 76 69 75 47 84 88 57 28 33 1 35 23 21 
92 31 98 81 74 12 26 6 67 62 27 26 34 79 67 30 29 15 5 97 90 3 33 29 59 12 13 12 47 36 32 90 18 29 70 91 40 47 96 59 61 74 84 94 4 50 75 33 
65 31 81 6 34 13 86 44 25 99 55 23 86 86 12 3 66 34 46 6 32 41 16 92 67 99 38 22 48 12 54 64 95 87 21 28 99 7 23 75 5 30 49 90 67 13 44 33 
46 89 90 29 82 5 21 100 3 10 21 2 21 75 18 67 13 38 46 11 96 69 38 100 50 86 41 16 50 37 48 47 25 37 76 58 93 48 57 95 57 78 49 29 4 66 96 16 
55 41 78 51 9 15 2 10 53 95 26 54 31 73 1 7 62 76 65 54 23 73 1 31 50 49 59 5 66 54 20 72 95 50 22 55 64 76 65 68 70 42 22 52 14 74 58 27 
49 74 33 23 47 33 53 96 33 63 1 50 17 72 21 63 21 95 17 37 70 33 56 39 74 29 42 40 2 99 18 2 73 50 76 19 34 80 66 18 43 18 67 59 42 40 73 62 
34 89 50 3 74 6 93 47 86 34 38 88 84 56 41 56 57 17 26 91 96 44 8 90 61 27 100 54 66 72 16 99 61 65 53 86 22 97 84 8 82 22 47 65 29 39 73 85 
55 50 27 3 93 35 92 6 13 92 59 78 63 26 28 75 43 32 60 64 28 96 23 61 17 21 25 97 60 49 81 66 99 8 68 91 94 12 48 58 3 7 87 17 32 14 44 74 
97 55 90 76 50 64 36 18 85 12 14 96 61 47 61 59 6 29 49 51 92 97 8 46 55 94 62 86 59 57 12 55 12 53 82 13 16 17 31 52 28 96 47 88 94 8 46 51 
88 47 1 79 95 60 76 1 5 37 38 15 46 49 21 57 53 2 69 69 18 51 20 98 99 19 37 92 78 35 43 65 81 95 95 27 7 70 79 11 58 16 78 3 17 98 11 69 
100 32 89 69 34 9 66 32 79 55 76 56 89 70 72 21 64 66 99 22 87 77 85 44 92 62 99 8 59 61 29 58 92 17 27 26 77 44 9 55 98 84 10 38 53 81 58 69 
98 56 90 84 32 74 80 76 35 30 83 94 90 11 3 34 80 81 11 56 77 19 63 26 55 72 64 59 5 21 27 54 29 69 38 60 94 69 35 81 98 70 26 39 32 28 72 11 
61 82 19 37 53 81 62 7 52 77 65 8 98 44 62 26 64 51 37 57 71 24 89 68 93 14 6 24 94 30 87 54 11 5 42 15 85 55 21 88 32 38 96 81 33 9 58 48 
11 94 4 81 17 45 100 9 58 57 85 51 86 71 56 49 75 97 15 11 52 88 98 35 25 45 15 9 5 72 56 15 17 11 47 34 55 46 94 65 55 30 15 40 100 23 40 26 
19 55 88 22 42 86 56 18 30 70 78 35 93 33 1 10 95 48 95 50 45 40 14 99 70 80 91 21 54 82 99 73 88 86 46 81 71 54 50 53 75 27 39 68 11 91 29 6 
90 23 7 35 62 72 85 31 3 27 4 57 9 2 81 96 87 78 29 10 31 78 14 6 57 4 73 67 94 53 24 84 75 82 70 88 5 54 71 60 81 74 16 41 75 48 88 13 
25 16 74 8 94 39 13 50 42 37 68 88 89 92 71 63 25 40 2 30 45 72 89 77 45 56 17 71 55 5 36 31 20 61 38 65 100 50 14 41 86 34 28 26 25 50 40 1 
41 42 82 86 13 70 14 58 77 31 80 83 35 15 14 6 76 51 71 75 1 36 67 38 69 47 64 45 96 55 46 89 96 27 74 9 49 39 18 77 69 97 60 55 64 73 61 91 
75 83 17 75 18 35 65 39 81 80 83 29 34 80 17 30 59 42 90 59 80 7 87 1 55 46 55 70 70 67 60 45 49 76 71 19 63 87 57 43 66 91 71 52 23 39 33 33 
80 22 91 60 80 77 60 34 75 66 56 96 33 15 92 33 43 63 51 5 1 59 99 67 2 22 70 24 60 2 56 40 23 98 51 2 26 62 87 52 27 42 48 11 9 91 44 3 
53 46 59 6 5 57 72 58 78 41 81 90 94 88 29 16 37 31 69 62 92 7 66 70 49 13 81 9 3 76 63 8 21 21 13 77 29 36 34 59 28 66 48 21 5 76 88 41 
58 56 55 49 62 20 70 62 32 2 22 86 29 84 45 50 56 9 78 85 96 64 43 23 29 90 95 86 17 82 26 74 89 80 74 3 99 43 16 82 97 90 20 25 73 64 26 29 
25 4 65 20 19 7 95 99 96 89 84 12 23 10 37 63 41 10 65 92 4 33 73 100 22 92 25 46 8 50 26 84 5 90 3 75 96 97 74 43 38 57 6 60 18 42 22 11 
51 39 2 55 23 74 6 96 18 30 41 77 32 67 12 88 56 14 63 52 63 88 46 52 96 52 11 66 93 84 76 96 74 77 2 48 2 7 43 71 89 36 99 72 2 10 59 9 
76 73 12 90 12 58 41 8 9 51 73 1 86 100 96 12 76 97 59 29 56 54 100 44 89 98 15 42 60 25 50 35 50 62 24 61 19 64 20 27 66 44 79 3 43 27 14 70 
75 25 99 30 30 50 73 18 99 87 59 58 64 60 92 13 21 15 25 91 30 45 69 95 88 48 50 83 74 63 52 100 39 2 30 68 3 2 37 2 41 47 59 4 7 3 16 79 
17 40 70 99 36 38 45 24 37 94 58 62 9 61 62 47 15 91 67 17 44 55 18 84 2 29 87 60 31 54 38 99 94 59 97 29 49 42 4 85 35 13 99 95 74 60 94 40 
2 60 56 45 66 26 29 19 54 67 30 84 21 68 34 66 78 31 46 26 24 2 63 10 14 61 5 39 72 98 78 73 9 86 69 26 11 49 45 64 16 74 99 88 93 32 53 71 
14 98 48 89 51 62 99 65 74 55 55 45 4 85 69 64 70 38 89 80 86 33 95 53 59 45 40 51 28 92 73 94 42 73 82 92 34 32 8 8 86 15 4 41 99 73 4 68 
62 93 99 47 77 93 52 35 89 91 38 16 35 62 9 76 34 91 19 20 22 79 79 60 45 82 100 43 6 4 62 67 48 60 66 24 4 17 59 92 7 96 7 41 9 68 68 43 
58 39 14 31 69 92 42 13 25 42 7 31 97 68 97 44 79 14 67 82 30 77 73 37 24 31 29 33 98 49 27 7 39 40 90 7 83 31 19 7 24 25 37 72 44 86 67 22 
99 86 3 81 62 27 69 38 9 97 70 59 97 48 65 35 87 54 41 69 37 11 75 12 87 64 84 82 1 50 3 51 35 57 31 49 83 99 86 44 48 7 2 96 54 18 31 92 
24 23 12 60 86 86 71 24 1 6 6 53 8 8 4 42 17 34 42 51 85 79 94 84 85 95 79 90 13 9 33 36 84 44 47 69 82 69 92 82 75 97 87 82 57 90 75 73 
75 17 23 11 47 17 94 32 63 73 73 27 33 6 62 16 49 60 36 30 29 28 64 3 76 50 36 84 91 62 8 65 30 31 76 77 99 69 60 13 93 32 40 26 89 53 93 90 
13 29 71 41 8 86 95 35 35 30 19 77 91 78 42 73 8 69 49 58 89 8 71 82 91 62 59 32 14 3 21 26 31 43 66 90 29 12 77 15 41 47 92 84 24 33 56 84 
53 56 41 41 15 63 74 5 24 84 36 38 87 8 15 69 51 81 59 79 92 87 93 85 33 36 20 56 68 27 39 72 82 32 13 48 94 86 52 70 70 40 7 8 99 21 76 1 
53 86 79 97 72 24 33 4 59 52 12 79 30 2 50 63 85 14 10 79 52 13 100 73 52 58 80 3 30 55 3 83 41 34 31 64 9 63 68 19 66 31 97 47 32 99 9 17 
12 70 47 15 82 98 87 86 55 66 88 84 73 42 18 65 75 48 28 83 62 47 2 79 29 50 25 61 100 85 29 12 54 27 78 88 24 65 25 78 82 12 13 6 5 31 22 80 
1 1 1 1 1 0 1 0 0 0 0 1 0 0 0 0 0 0 1 1 0 1 0 1 0 0 1 0 0 0 1 0 1 1 1 1 1 0 1 1 0 1 1 1 1 1 1 1 
1 0 0 1 1 0 1 1 0 0 1 1 0 1 1 0 0 0 1 1 0 0 1 1 1 0 0 0 1 1 1 1 1 1 0 0 1 1 1 1 1 0 0 0 1 1 0 1 
1 1 1 0 1 0 1 0 0 1 0 1 0 1 0 1 0 1 1 1 0 0 0 0 0 1 0 0 0 0 1 0 1 0 0 0 0 1 0 0 0 0 0 0 1 0 1 1 
1 0 0 0 0 0 0 0 1 0 0 0 0 0 0 1 0 0 1 1 1 1 1 1 1 1 1 0 0 0 1 1 0 1 1 0 1 1 0 1 1 1 1 1 1 1 0 1 
1 1 0 0 0 0 1 1 1 0 1 1 0 0 1 0 1 0 0 1 0 0 0 1 1 1 1 0 0 1 0 1 1 0 1 1 0 0 1 0 0 0 1 0 1 0 0 0 
1 0 1 1 0 1 0 0 0 1 0 0 1 0 1 0 1 0 1 1 0 0 1 0 1 1 0 0 1 0 0 0 0 0 1 1 1 0 1 0 1 1 0 0 0 0 0 1 
0 0 0 1 0 0 1 1 1 0 1 0 0 0 1 1 0 0 0 1 0 1 1 0 0 0 0 0 0 1 1 0 1 0 1 1 0 1 1 1 1 0 1 1 0 0 0 0 
1 0 0 1 1 1 1 0 1 0 0 1 1 0 0 0 0 1 1 0 0 0 1 1 1 0 1 1 1 1 0 0 0 0 1 1 1 1 1 1 1 0 0 0 0 0 0 0 
0 1 0 0 0 1 0 1 1 1 0 0 0 0 0 0 0 0 0 0 1 1 1 0 1 1 0 1 0 0 1 0 1 1 0 1 0 0 0 0 1 1 0 0 1 1 0 0 
1 0 0 0 0 1 0 1 0 0 1 0 0 0 0 1 0 1 1 0 1 1 0 1 0 1 1 0 0 1 0 1 0 0 1 0 1 1 1 1 1 0 0 1 1 0 0 1 
1 1 1 1 1 0 0 1 1 1 1 1 0 1 0 0 1 1 0 0 0 0 0 1 0 0 0 1 0 0 0 0 0 0 1 1 0 1 0 1 0 0 0 0 1 0 1 1 
1 1 1 1 1 1 0 0 1 0 1 0 0 0 0 0 0 1 1 0 0 0 1 0 0 1 0 1 1 1 0 0 1 0 1 0 1 1 0 1 1 0 1 1 0 1 0 0 
0 1 0 0 1 1 0 1 0 0 1 1 0 1 1 1 1 0 1 1 1 0 0 0 0 1 1 0 0 1 0 0 1 0 0 0 1 0 0 1 0 1 0 0 0 1 1 0 
1 1 1 0 1 1 0 1 0 1 1 0 1 1 0 0 1 0 0 0 0 0 1 0 1 1 1 0 0 0 0 1 1 1 1 0 0 1 1 0 0 0 0 1 1 0 1 0 
0 0 0 0 0 1 0 0 0 1 0 0 0 0 1 1 1 0 0 1 1 1 1 0 0 1 1 1 1 1 0 1 1 0 1 1 0 1 1 0 1 1 1 1 1 0 0 0 
1 0 1 0 0 0 0 0 1 0 1 0 1 1 1 0 0 0 1 0 0 1 0 1 0 1 0 0 0 0 0 1 1 0 1 1 0 0 1 0 0 0 0 1 0 0 1 0 
0 0 0 0 1 0 1 0 0 1 0 0 0 0 1 1 0 0 0 1 0 1 1 0 1 1 1 1 1 0 1 0 1 1 0 0 0 0 0 0 1 0 0 1 1 1 0 1 
1 0 0 0 1 1 0 1 1 0 0 0 0 0 0 1 1 1 0 1 1 0 1 0 1 1 0 0 0 0 1 0 1 0 0 0 1 0 1 0 0 0 1 1 0 1 0 1 
0 0 1 1 1 0 0 0 0 0 0 0 0 1 0 1 1 0 0 1 1 1 1 1 1 0 0 1 0 1 1 0 1 0 0 0 0 0 0 0 0 0 1 0 0 1 0 1 
0 0 0 1 1 0 0 1 0 1 0 0 0 1 1 1 1 1 0 0 1 0 0 1 1 1 1 1 1 1 0 1 1 1 0 1 1 0 0 1 1 0 0 1 0 1 1 1 
0 1 1 1 1 0 0 0 1 1 1 0 1 0 1 0 1 1 1 0 0 1 1 1 0 1 1 0 0 0 1 0 1 1 1 0 1 1 1 0 1 0 1 0 0 0 0 1 
0 0 1 0 1 1 1 1 0 0 1 1 0 1 1 1 0 1 0 1 0 1 1 1 1 0 1 0 1 0 1 1 0 1 1 1 0 0 1 0 1 0 1 1 1 1 1 1 
0 1 0 0 0 0 0 1 0 1 1 1 1 1 0 1 0 1 1 0 0 0 0 1 0 0 0 0 1 1 1 1 0 0 1 0 0 1 0 0 1 1 0 0 0 0 0 0 
0 1 0 0 1 1 1 1 1 1 1 0 1 1 1 1 1 0 0 1 0 0 1 1 1 1 1 0 0 1 0 0 0 1 0 1 0 1 1 1 0 0 1 1 1 0 1 0 
0 1 1 0 1 1 1 0 0 1 0 0 0 1 0 1 0 0 0 0 1 1 1 0 0 0 1 1 0 0 0 0 1 1 1 0 0 0 1 1 1 1 1 0 0 0 1 0 
0 1 0 0 1 1 0 1 1 1 0 1 0 0 0 1 0 1 0 0 1 1 1 1 0 1 1 1 1 0 1 1 1 0 1 0 1 1 1 1 1 0 0 1 0 0 0 0 
1 0 1 1 1 0 0 0 1 1 1 0 1 0 0 0 0 1 1 0 1 0 1 0 0 1 1 1 0 1 1 1 0 0 0 1 1 0 1 0 1 0 1 0 1 1 1 1 
0 0 1 1 0 0 1 1 0 0 0 0 0 1 1 0 0 0 1 1 0 1 1 0 1 0 0 0 1 1 0 0 1 1 1 0 0 1 1 0 1 1 0 1 0 1 1 0 
1 1 1 0 0 1 0 1 1 0 0 1 0 0 1 1 1 0 1 1 1 0 1 1 1 1 0 0 1 0 0 0 1 0 0 1 1 0 0 0 1 0 1 1 0 0 0 0 
1 0 1 0 0 1 1 0 0 0 0 1 0 0 0 1 0 0 0 1 1 0 0 0 1 1 1 1 0 1 1 1 1 1 1 0 0 1 0 0 1 0 0 1 0 0 0 1 
0 0 0 1 0 0 1 1 0 0 1 0 0 0 1 1 1 0 1 1 1 1 0 0 1 0 1 0 0 1 1 0 1 1 0 0 0 1 1 0 0 0 0 0 1 1 1 0 
1 1 0 1 0 0 1 0 0 1 0 0 0 1 0 0 0 0 0 0 0 1 0 0 0 0 0 1 1 1 1 1 0 1 0 1 1 1 1 1 0 1 1 1 0 0 1 0 
0 1 1 0 0 1 0 0 0 0 1 1 0 1 0 0 0 0 1 0 0 0 1 0 1 1 1 1 1 0 0 1 1 1 0 0 0 0 0 0 1 0 0 1 1 0 1 1 
1 1 1 1 1 1 1 1 0 1 0 1 1 0 0 1 1 0 1 0 1 1 0 0 1 0 1 0 1 0 0 0 1 1 1 1 0 0 0 0 1 0 1 1 1 0 0 0 
0 1 0 1 0 1 1 0 1 0 0 0 1 0 0 0 0 1 1 0 0 1 1 1 0 0 0 1 0 0 1 1 1 0 0 0 1 0 0 0 0 0 1 1 1 1 0 1 
1 1 1 1 1 0 0 1 1 1 0 1 1 1 0 1 1 1 1 0 1 1 1 1 1 0 1 0 1 1 1 0 0 1 1 1 1 0 0 0 1 0 0 0 0 0 1 1 
1 0 0 0 1 1 0 1 1 1 1 0 0 1 1 0 0 0 0 1 0 0 0 1 1 0 0 1 0 1 0 0 0 0 0 1 1 0 0 0 1 0 1 1 1 0 0 1 
0 0 0 1 0 0 0 1 0 0 0 1 0 1 1 0 1 1 1 1 0 0 1 1 0 0 1 1 0 1 0 1 1 0 0 1 1 0 1 1 1 1 0 1 0 1 1 0 
1 0 1 1 0 0 0 0 1 1 1 1 0 1 0 1 0 0 1 1 1 0 0 0 1 1 1 0 0 0 0 1 0 1 0 1 1 1 1 0 0 1 0 1 0 0 0 0 
1 1 1 0 1 0 0 1 1 1 1 1 1 1 1 1 0 1 0 1 0 0 0 1 1 0 0 1 0 0 0 1 0 1 1 1 1 1 0 0 0 1 0 1 0 1 1 0 
0 1 0 1 1 0 0 0 0 0 0 0 0 0 0 0 1 1 0 1 1 0 1 1 0 1 1 0 0 0 1 1 1 1 0 1 1 0 1 1 0 1 1 0 1 1 1 1 
1 1 0 0 1 1 1 1 1 0 0 1 0 1 0 0 0 0 1 1 0 0 0 0 0 1 1 1 1 0 0 0 1 0 0 0 0 1 0 1 0 0 0 0 1 1 0 1 
1 1 0 0 0 0 0 0 1 1 1 0 1 0 0 0 0 0 1 0 0 1 1 0 1 0 0 0 1 1 1 0 0 1 0 0 1 1 0 0 0 0 1 0 0 1 0 0 
0 1 1 0 0 0 0 1 0 0 1 1 1 0 0 0 1 0 0 0 1 1 1 0 1 0 0 1 1 0 1 1 0 0 1 0 1 1 0 1 0 1 1 1 0 1 1 1 
1 0 0 1 1 1 1 0 1 1 1 0 1 0 0 1 1 1 0 0 1 0 1 1 1 0 0 1 1 0 1 1 0 1 0 1 0 1 1 1 0 0 1 1 0 1 1 1 
1 1 1 0 1 1 1 0 1 1 0 1 1 1 0 1 0 0 0 0 1 1 1 1 1 0 0 0 0 1 1 1 0 1 1 1 0 0 0 1 1 0 0 1 1 0 0 1 
0 1 1 1 0 0 0 0 0 1 0 0 0 1 1 1 0 0 0 0 0 0 0 0 0 0 1 1 1 1 0 1 0 1 1 1 1 1 1 0 0 1 0 1 0 0 0 1 
0 0 1 1 1 1 1 1 0 0 1 1 1 1 0 0 1 1 1 0 1 0 0 1 1 1 0 1 1 0 0 1 1 0 0 0 1 1 1 1 1 0 0 1 0 1 1 1 
0 0 1 1 0 0 1 1 1 1 0 0 0 1 1 1 1 0 1 0 1 0 0 1 1 0 0 1 1 1 0 0 1 1 1 1 1 0 0 0 0 0 0 0 1 0 1 0 
0 0 1 1 0 1 0 1 1 0 0 1 1 0 1 0 0 0 1 1 1 1 0 1 0 0 1 1 0 0 0 0 0 1 0 0 0 0 0 1 1 0 0 0 1 1 1 1 
0 0 0 1 0 0 0 0 1 1 1 1 1 1 0 1 0 0 1 0 0 1 0 1 0 0 0 1 0 1 0 0 1 0 1 1 1 1 1 0 0 1 1 1 0 1 0 1 
1 1 1 0 1 1 1 1 0 1 0 0 0 0 0 0 0 1 1 1 0 1 1 0 0 1 1 0 0 1 1 0 0 1 0 1 0 1 0 0 1 0 0 1 0 0 1 1 
1 1 0 1 0 0 1 0 1 0 0 1 1 0 1 0 1 1 1 1 1 0 0 0 0 0 1 1 1 1 0 0 0 0 0 0 0 1 0 1 0 0 1 1 0 0 1 1 
0 1 1 1 1 1 1 1 1 0 0 0 1 0 1 1 1 1 1 1 0 1 1 0 0 0 0 0 0 1 0 0 0 1 1 1 0 0 1 1 1 1 0 0 0 1 0 1 
0 1 0 0 1 1 1 1 1 1 1 0 0 1 0 1 0 0 0 0 0 1 0 1 1 0 0 1 1 0 0 1 1 0 1 0 0 0 1 1 1 1 1 0 0 0 1 1 
0 1 1 0 1 1 0 0 1 0 1 0 0 1 1 1 1 1 0 1 1 1 1 1 0 0 1 1 0 0 0 0 1 1 1 0 1 1 0 0 1 1 1 1 0 0 0 0 
1 0 1 1 0 0 0 0 1 1 1 1 1 1 0 0 1 1 1 0 0 1 0 1 1 1 0 1 0 0 1 1 1 1 0 1 1 0 1 0 1 1 0 0 0 0 1 1 
1 0 1 1 1 0 0 0 1 0 0 1 0 1 1 1 0 1 0 0 0 0 0 1 1 0 0 1 0 1 1 1 1 0 0 0 0 0 1 0 0 1 1 1 0 0 0 1 
0 1 1 0 1 1 1 0 0 1 1 0 0 0 0 1 1 0 0 1 1 1 1 1 0 1 0 0 1 1 1 1 0 0 1 1 0 1 1 0 0 0 0 1 1 0 0 0 
1 0 1 0 1 1 1 1 0 0 0 1 1 1 1 1 0 0 0 0 1 1 0 0 1 0 1 0 1 1 0 0 0 0 0 1 1 1 1 1 1 1 0 0 0 1 1 0 
0 1 0 1 0 0 1 0 1 0 0 0 0 1 0 0 1 0 1 0 1 0 1 1 1 1 1 0 1 1 0 1 0 1 0 1 1 0 1 0 0 1 0 0 0 0 0 1 
0 0 1 0 0 0 1 0 0 0 0 1 1 0 0 0 1 0 1 1 0 0 1 1 1 0 1 0 0 0 1 1 0 1 1 0 1 0 0 1 0 0 0 0 1 0 0 0 
1 1 1 1 1 1 0 0 1 0 0 1 0 0 0 0 1 1 0 0 1 1 0 0 1 0 0 0 1 0 1 0 1 0 1 0 1 0 0 0 0 1 0 0 1 0 0 0 
0 0 0 1 1 0 1 1 1 1 1 0 1 0 0 0 1 1 0 0 1 1 1 1 0 1 1 1 1 1 1 1 0 1 1 1 0 0 0 1 0 0 1 1 0 1 0 1 
0 0 0 0 1 1 1 1 0 1 0 1 0 1 1 0 1 0 0 1 0 0 0 0 0 1 0 1 0 0 0 0 0 0 0 0 1 0 1 1 1 0 1 1 1 0 0 0 
0 0 1 0 0 1 1 1 0 1 0 0 1 0 1 1 1 1 1 0 1 1 0 0 1 1 0 0 1 0 1 1 0 0 1 0 0 0 1 0 1 1 1 0 0 0 0 1 
1 1 1 1 0 1 1 1 0 1 0 1 1 1 0 1 1 0 0 1 0 1 0 0 1 1 0 1 1 0 0 0 0 1 1 0 1 1 0 1 0 0 1 0 1 1 1 0 
1 1 0 0 1 0 0 0 1 0 1 0 1 1 0 1 0 0 1 1 1 1 1 1 1 0 1 0 1 1 1 1 0 1 1 1 1 1 1 0 1 0 0 0 1 0 1 0 
0 1 1 1 0 0 1 0 0 0 0 0 1 1 1 0 0 0 1 1 1 1 1 0 1 1 1 1 0 0 1 0 1 0 0 0 1 1 0 1 1 0 1 1 0 0 1 0 
0 0 0 1 1 1 0 1 1 1 0 1 1 1 1 1 1 1 1 0 0 1 0 0 1 1 1 1 0 0 0 0 0 0 0 0 1 0 1 0 1 1 1 0 0 1 1 1 
