54 54 611
99 59 45 94 82 7 48 64 98 76 6 25 44 92 61 16 46 76 11 56 96 16 12 54 97 48 32 6 33 93 77 83 51 73 76 32 79 23 47 29 51 52 5 46 95 66 13 40 41 23 47 88 38 58 
93 35 57 24 92 89 68 20 71 18 93 47 1 23 21 47 51 23 51 56 68 45 21 80 37 13 55 35 100 92 45 44 78 1 68 70 90 35 41 12 5 33 58 5 56 31 4 6 53 54 61 73 50 33 
4 38 97 58 73 96 50 17 92 27 69 59 48 58 45 89 70 1 21 79 58 28 61 61 34 14 66 46 38 15 31 41 5 27 99 77 75 48 45 66 26 13 76 74 23 72 14 44 25 86 74 82 14 35 
94 99 100 59 96 37 25 26 29 29 5 27 57 79 26 1 96 52 66 71 77 40 94 42 35 18 27 8 99 92 94 92 42 45 2 38 33 27 15 62 55 19 88 12 49 66 64 44 69 81 66 45 20 12 
38 54 29 16 14 28 8 7 71 49 52 73 38 84 51 5 97 5 75 85 68 76 2 32 71 70 12 37 14 84 48 3 89 28 18 2 7 25 9 78 26 12 2 15 47 4 71 44 8 46 80 76 21 81 
59 91 50 22 79 15 5 78 17 94 6 34 47 12 11 7 41 88 18 42 54 17 45 25 60 5 22 91 32 42 71 42 84 72 63 63 86 20 40 54 65 45 39 11 57 1 18 49 40 87 91 94 3 87 
70 14 43 91 4 74 84 26 67 67 49 30 29 86 1 21 39 65 17 30 27 25 30 44 74 22 31 16 67 33 2 36 99 97 78 2 22 61 80 89 27 28 70 8 14 70 80 4 86 96 33 12 21 15 
8 94 36 38 9 2 22 62 89 20 58 66 74 32 26 53 20 4 80 41 63 45 62 42 49 47 38 81 10 10 47 17 55 82 54 63 83 28 76 23 47 86 88 20 17 65 24 88 21 56 28 83 100 89 
77 100 87 66 33 96 75 79 65 29 61 70 43 95 97 70 18 44 55 57 15 23 22 91 10 42 46 37 76 97 77 4 97 63 69 29 11 95 59 75 75 19 44 69 66 41 39 35 36 45 91 2 68 64 
92 29 57 37 66 85 86 94 88 82 9 9 62 19 55 20 45 30 91 88 50 8 80 88 42 67 85 84 69 52 100 60 80 56 49 97 40 34 43 80 67 51 88 28 69 42 99 13 23 89 52 73 48 32 
12 89 98 96 25 18 99 24 30 31 31 78 79 23 63 21 2 29 71 41 8 91 34 6 3 57 47 7 81 94 38 92 35 87 40 11 57 38 34 86 20 16 63 99 38 25 19 39 5 42 31 12 32 65 
69 87 73 15 93 53 61 82 44 47 20 35 57 76 73 42 61 44 57 75 42 47 51 13 85 55 6 68 66 89 32 87 75 4 1 19 56 13 52 51 59 72 86 15 99 10 8 60 53 17 86 47 63 37 
59 99 91 64 66 9 52 97 95 79 52 47 49 7 60 1 10 18 24 47 85 22 56 44 33 60 60 19 6 22 55 16 21 97 31 86 5 35 35 51 13 86 98 13 45 57 13 6 26 36 52 62 10 59 
6 42 18 65 60 76 39 66 91 11 63 74 48 19 8 82 70 72 20 67 84 64 75 49 69 100 36 72 62 45 30 67 87 99 83 98 74 21 64 17 83 26 90 31 44 49 12 13 72 83 31 55 98 5 
55 18 5 91 89 18 35 18 36 21 17 18 19 42 91 82 58 73 59 99 3 54 99 67 19 70 1 49 77 99 54 31 16 10 21 5 79 8 74 14 28 90 83 98 84 25 31 41 98 41 92 52 95 90 
70 13 60 71 61 88 69 66 18 36 27 91 40 5 98 14 70 77 55 53 27 38 77 57 31 26 98 74 78 44 63 99 56 74 21 68 61 89 86 31 77 12 21 16 69 70 81 38 46 36 42 72 25 71 
81 7 96 30 80 25 73 43 24 80 68 44 99 81 85 84 11 61 96 83 28 16 52 9 53 49 96 47 21 72 17 53 79 12 82 58 37 6 52 12 85 20 7 83 100 43 67 10 55 14 44 83 81 95 
43 33 43 90 79 15 61 95 67 91 59 100 49 47 5 100 10 41 71 16 24 70 11 42 31 65 7 74 99 87 20 93 71 15 82 2 29 95 48 48 85 6 99 33 4 4 85 13 96 55 81 71 25 91 
64 7 55 70 33 6 8 52 98 31 66 80 32 47 26 31 46 10 89 44 95 92 99 79 57 95 85 37 65 61 27 29 68 33 50 52 38 10 3 88 92 21 19 75 67 44 5 12 5 93 7 99 37 6 
29 93 100 66 29 16 26 7 96 45 91 98 96 81 59 51 68 50 71 86 24 89 81 28 100 85 73 6 84 61 63 64 5 14 29 85 82 55 91 77 51 81 26 47 13 84 49 80 85 19 17 8 7 97 
88 58 82 12 15 17 72 78 80 76 43 61 60 24 67 2 1 17 34 78 15 47 62 63 78 46 33 95 6 39 91 93 48 72 4 63 88 27 92 20 54 34 80 65 58 46 66 10 14 99 87 29 97 100 
43 75 98 76 69 55 66 11 47 14 35 2 28 22 80 19 93 33 4 24 97 61 69 62 22 83 12 9 63 61 60 5 87 9 32 55 63 98 17 61 11 51 62 38 25 41 8 17 25 11 41 21 24 61 
34 45 95 98 5 9 58 17 14 44 25 45 50 88 94 66 100 4 69 62 93 93 54 52 9 79 15 1 99 38 14 85 34 8 82 39 17 91 55 82 34 31 78 35 70 72 52 70 27 20 31 72 12 36 
23 73 14 37 25 65 26 38 49 60 98 82 98 66 72 4 47 5 34 76 91 4 99 42 25 26 62 55 97 73 42 71 45 8 60 70 72 85 59 72 96 56 53 45 21 76 48 19 32 34 47 22 89 45 
63 13 70 76 19 18 49 60 41 45 67 100 66 90 36 25 13 32 32 17 28 5 92 76 75 23 61 21 96 49 66 11 13 35 86 31 5 34 42 45 31 9 96 96 50 83 72 63 66 56 79 94 60 71 
21 34 45 81 7 41 81 72 51 93 58 36 23 62 22 64 58 4 24 5 99 74 88 23 36 5 30 14 98 41 36 70 74 81 50 32 73 30 3 75 22 61 62 96 74 83 60 84 86 35 40 37 8 79 
11 95 84 40 61 33 80 96 3 5 28 52 37 100 34 91 26 55 3 88 51 29 70 62 64 8 96 3 96 56 82 58 50 65 97 10 49 28 6 51 84 85 55 72 37 88 63 62 94 17 49 96 45 71 
57 8 78 5 63 25 60 44 82 61 60 30 71 8 9 28 11 44 12 65 16 48 4 30 62 49 46 10 45 43 80 53 2 9 9 64 33 68 59 66 81 18 47 51 78 55 30 88 99 93 4 66 41 59 
95 2 7 92 63 51 86 43 56 40 3 64 3 88 32 14 5 64 31 52 14 60 58 95 99 8 87 2 73 79 12 19 32 19 63 95 21 100 89 76 39 91 40 94 30 23 7 35 86 89 86 51 49 95 
45 47 3 31 1 27 62 12 46 93 82 60 87 3 59 27 78 98 18 69 43 47 91 49 81 28 37 18 78 85 13 74 84 67 57 36 93 18 47 90 10 29 49 49 83 60 75 12 57 44 81 99 43 23 
99 23 51 35 93 80 72 57 6 7 23 14 42 15 31 88 5 92 68 5 92 2 64 67 14 20 10 46 70 52 68 68 27 70 55 71 2 78 27 7 84 49 20 25 15 2 64 19 45 84 24 37 85 87 
55 50 59 16 95 80 20 63 100 98 84 54 68 85 83 46 43 66 46 14 42 60 15 57 31 12 40 54 48 77 92 54 26 2 69 73 82 88 35 81 85 18 86 4 55 68 49 97 85 94 11 26 54 77 
34 36 88 26 89 87 2 32 40 79 34 61 51 67 48 37 99 85 7 84 88 61 3 89 57 87 82 19 64 87 96 97 22 35 22 62 22 75 94 13 6 79 73 56 97 73 45 95 9 3 78 96 63 32 
36 71 18 18 90 81 56 85 29 78 19 51 91 92 25 36 57 30 66 81 38 62 53 34 56 13 36 85 61 98 16 96 20 33 65 9 65 21 45 94 50 16 96 40 7 20 28 63 2 93 44 91 55 48 
76 10 13 11 95 73 60 10 68 79 95 85 40 59 5 84 4 6 99 99 97 58 19 24 20 72 17 15 14 23 15 89 32 79 99 78 51 10 40 70 88 34 54 79 92 10 63 96 15 13 46 12 70 64 
87 42 87 55 8 100 77 74 40 9 52 90 38 2 99 77 24 39 10 29 17 54 39 79 1 5 92 46 68 13 62 55 54 100 9 62 100 86 35 91 46 87 81 83 40 79 12 63 17 21 44 34 26 82 
64 26 38 7 72 6 20 85 12 73 84 72 86 35 9 21 26 54 59 6 89 98 36 52 13 5 72 56 90 98 89 53 75 78 12 46 35 31 82 46 55 66 70 41 100 78 13 77 84 71 34 24 68 70 
75 32 74 46 87 63 95 27 67 70 5 78 67 39 60 49 37 15 66 6 7 65 35 19 94 18 89 27 41 8 96 67 40 21 65 78 35 59 57 2 80 61 31 99 51 91 47 39 57 12 96 15 28 31 
33 21 100 73 48 93 32 95 59 23 16 23 1 50 34 57 3 13 69 34 11 71 76 9 62 84 72 57 98 100 87 82 72 39 54 71 31 37 66 89 60 81 12 60 82 97 68 85 61 88 70 24 10 45 
84 71 28 56 80 77 7 18 58 78 56 63 1 86 99 66 75 58 98 38 69 31 86 88 15 46 27 36 69 37 32 53 59 59 60 90 87 66 8 44 95 63 6 95 49 57 12 75 14 61 64 35 92 49 
22 58 94 49 94 15 37 25 19 47 36 30 37 22 95 44 18 41 58 23 88 58 31 51 32 45 12 47 79 3 95 52 60 41 52 5 7 88 30 77 87 17 6 23 38 52 18 7 44 27 82 31 85 12 
82 68 56 45 15 86 47 61 38 58 53 41 63 59 29 92 87 67 60 92 41 49 43 58 56 87 84 37 69 20 48 2 88 56 46 54 41 44 66 30 2 19 23 64 29 51 7 16 69 66 59 9 66 54 
66 21 92 1 57 60 73 57 14 60 12 11 65 4 55 30 86 8 100 8 71 29 10 29 96 78 46 54 86 11 7 3 32 98 55 40 10 27 96 75 38 59 85 54 63 39 36 100 46 35 7 68 63 16 
48 10 45 93 64 82 56 22 36 39 72 90 78 81 69 26 55 58 84 91 12 98 82 47 97 27 81 3 47 96 70 94 5 66 39 20 47 46 42 82 84 13 24 13 45 92 90 99 1 74 41 12 23 22 
58 20 1 91 74 47 38 96 92 42 61 82 14 8 27 55 41 62 67 16 27 11 7 16 61 8 41 1 71 16 75 81 35 75 23 60 21 60 55 64 53 16 98 66 75 76 20 15 38 38 31 16 100 89 
83 12 48 76 65 71 91 39 51 25 13 73 36 85 84 91 100 36 6 97 54 80 73 25 46 62 63 76 77 14 17 59 26 16 86 90 86 76 80 36 52 44 60 88 28 43 78 27 31 83 76 84 14 48 
8 59 9 22 87 37 88 55 95 13 70 33 54 56 8 85 43 60 28 55 99 7 97 76 33 79 10 60 14 23 7 74 33 15 95 19 51 82 73 98 46 95 30 51 50 89 87 44 100 14 98 98 20 47 
73 5 25 34 64 39 56 71 12 41 37 58 11 40 92 36 89 89 30 70 92 79 10 78 22 10 92 72 7 63 18 32 67 94 65 83 32 73 5 95 13 93 5 23 32 96 58 72 36 39 93 27 17 3 
5 91 64 48 14 70 10 31 1 29 24 18 63 8 90 67 54 54 59 58 28 43 5 38 66 41 76 59 67 45 13 23 87 76 22 100 97 84 30 50 12 5 67 74 64 8 92 18 13 50 27 40 92 32 
29 10 72 5 20 90 1 32 65 87 59 86 86 55 69 67 56 32 23 74 57 87 81 48 56 45 50 82 85 93 13 65 2 36 21 21 78 21 52 94 7 62 79 44 69 100 10 24 83 85 98 40 71 30 
39 78 75 88 59 11 81 24 75 82 11 48 3 40 68 6 33 27 20 64 70 88 63 32 63 45 16 60 36 38 42 75 15 16 14 25 78 94 100 4 28 11 51 82 2 19 39 35 45 58 98 66 97 12 
97 60 8 64 71 44 1 12 70 67 79 83 92 8 29 43 12 56 5 62 37 7 32 75 41 28 85 90 94 81 1 90 92 60 6 63 55 6 26 24 25 57 59 16 64 87 10 75 94 15 89 30 21 20 
56 61 48 40 2 93 73 54 82 64 13 87 78 68 45 4 43 69 60 1 36 23 39 45 50 32 59 38 13 79 9 21 91 8 12 92 100 84 97 34 100 10 72 77 77 16 32 71 36 91 72 71 66 62 
68 67 46 78 4 10 57 64 30 99 72 42 43 71 77 39 4 28 48 76 5 76 43 36 47 79 79 70 1 96 83 20 62 28 98 17 38 6 80 19 4 51 12 98 22 41 37 77 68 36 4 24 64 99 
1 1 0 1 0 0 0 0 0 1 0 1 1 1 0 0 1 1 1 1 1 0 1 1 0 0 0 0 0 1 0 1 0 0 0 0 0 0 1 0 1 1 1 0 0 1 0 1 1 1 0 0 1 1 
1 0 0 1 0 0 1 0 1 1 0 1 0 0 1 1 1 0 0 0 0 0 0 0 1 1 0 0 1 1 1 0 1 1 1 1 1 0 1 0 0 1 1 0 0 0 1 1 0 1 1 0 1 1 
1 0 0 1 0 1 0 0 1 0 1 1 1 1 1 1 1 1 0 1 1 0 1 0 1 0 1 1 0 0 0 1 1 1 0 1 0 1 1 0 1 1 1 0 0 0 1 1 0 0 0 1 0 0 
0 0 0 1 1 0 0 1 0 1 0 0 0 1 1 0 1 0 1 0 1 1 0 0 0 0 0 1 0 1 1 0 1 1 1 0 1 1 1 1 0 0 0 1 1 1 1 0 0 0 0 1 1 0 
1 1 1 0 0 1 1 1 1 0 0 0 0 0 0 1 1 0 1 1 1 0 1 0 0 1 0 0 0 1 1 1 1 0 1 1 1 0 1 0 0 1 0 0 1 0 0 1 1 1 0 0 0 1 
1 0 0 1 1 0 1 0 0 0 0 1 1 1 0 0 1 0 0 1 1 1 0 1 0 1 0 1 1 0 0 0 1 1 0 0 1 1 0 1 1 0 1 0 1 1 1 0 1 1 1 0 0 1 
1 1 0 0 0 0 0 0 0 1 1 0 1 1 1 1 0 0 1 1 1 0 0 0 0 0 1 0 0 1 1 0 0 0 0 0 0 0 1 0 0 0 1 1 1 0 1 0 1 0 1 0 1 0 
0 1 0 1 1 0 0 1 0 1 1 0 1 1 1 0 1 1 1 0 0 0 1 1 0 0 0 0 0 1 0 0 0 0 1 0 0 1 1 1 0 0 1 0 1 0 0 0 1 1 1 0 0 0 
1 0 0 1 0 0 0 0 0 1 0 1 1 1 0 0 0 1 0 1 1 1 0 1 1 1 1 0 1 1 0 1 1 0 0 0 0 1 0 0 0 1 1 1 0 0 1 0 1 1 1 0 0 1 
1 1 1 0 0 0 1 0 1 1 1 0 1 1 1 1 0 1 0 1 0 0 1 1 0 0 0 0 0 0 1 0 1 0 0 1 1 0 0 0 1 1 0 0 0 1 1 0 0 0 0 0 0 1 
1 1 0 1 1 0 1 0 0 1 1 1 0 0 1 0 0 0 1 1 0 0 0 1 0 1 1 0 1 0 0 1 1 0 0 0 0 0 0 1 1 1 0 1 1 1 0 0 1 1 1 1 1 1 
0 0 0 0 0 0 0 0 1 1 0 1 1 1 1 1 0 0 1 0 0 0 1 0 0 0 1 1 1 1 1 1 1 1 1 1 1 1 0 0 0 0 0 1 1 1 1 1 0 0 1 0 0 0 
0 1 0 1 0 1 0 1 1 1 1 0 1 0 0 1 1 0 1 1 0 1 0 1 0 0 1 0 0 1 0 0 0 1 0 1 0 0 0 1 0 1 0 1 0 0 0 1 0 1 0 0 0 0 
1 1 1 0 1 1 0 1 0 0 0 0 1 1 0 0 0 0 1 0 1 1 0 1 0 1 1 0 1 1 1 1 0 0 1 1 1 1 1 1 0 1 1 1 0 0 1 1 0 1 1 0 0 0 
1 1 1 0 1 0 0 0 1 0 0 1 0 0 0 1 1 0 0 1 0 1 1 1 0 1 0 1 1 1 1 1 0 0 1 1 1 1 0 0 0 0 1 0 0 0 1 0 0 1 1 0 0 0 
0 0 1 0 0 1 1 1 0 1 0 1 1 1 1 1 1 1 1 1 1 0 1 0 0 1 1 1 0 0 1 0 0 0 0 0 1 0 0 1 1 0 1 0 1 0 1 0 1 1 1 0 1 0 
0 1 0 1 0 0 1 1 0 0 1 0 0 1 0 0 0 0 0 1 0 1 1 0 0 0 1 1 0 0 0 0 1 0 0 1 0 1 0 0 1 1 0 0 0 1 0 1 1 1 0 1 0 0 
1 0 0 0 0 1 0 0 1 1 0 1 0 0 1 0 0 0 0 0 0 0 1 1 1 0 0 0 0 0 0 1 1 0 0 1 1 0 1 1 0 1 0 0 1 1 1 1 0 1 1 0 1 1 
1 1 1 1 1 1 0 1 1 1 1 1 0 1 1 1 0 1 0 0 0 1 0 1 0 0 0 1 0 1 0 0 0 0 1 1 1 1 0 0 0 0 1 0 1 1 1 1 0 1 1 0 0 1 
1 0 1 1 0 0 1 0 0 1 0 1 1 0 1 1 0 1 1 0 0 0 1 1 1 1 1 1 0 1 0 1 0 0 1 0 0 0 0 0 1 1 1 0 1 0 0 1 0 1 1 0 0 0 
1 1 0 0 0 0 0 1 1 0 1 0 0 1 0 0 1 0 1 0 0 0 1 0 0 1 0 1 1 0 0 0 1 0 1 0 0 1 1 1 1 0 0 1 1 0 1 0 0 1 0 1 1 1 
1 1 0 1 1 1 1 1 0 1 1 1 1 1 0 0 0 1 0 0 0 1 1 1 1 1 0 1 0 0 1 0 1 1 1 0 1 1 1 1 0 0 0 1 1 0 1 0 1 1 0 1 0 1 
0 1 1 1 0 1 1 1 1 0 1 1 1 0 0 0 1 0 1 1 1 0 1 0 0 0 1 1 1 1 0 1 0 1 0 0 1 1 0 0 0 1 1 1 1 1 1 0 1 0 1 0 1 0 
0 1 0 1 0 1 0 1 0 0 0 1 1 1 0 1 0 0 0 1 1 1 1 1 1 0 1 0 1 0 0 1 0 0 1 0 1 1 1 1 0 0 0 1 1 1 0 1 1 0 1 1 1 0 
0 0 0 1 0 1 0 0 1 0 0 0 0 1 1 0 0 1 0 1 0 1 0 0 1 1 0 0 0 1 0 0 1 0 0 1 0 0 1 1 0 1 1 0 0 0 0 1 0 0 0 0 0 0 
1 1 1 1 1 0 1 1 0 0 1 0 0 1 0 1 0 0 1 1 1 1 0 1 0 0 0 0 0 0 0 1 1 0 1 0 0 0 1 0 0 0 1 0 0 1 0 0 0 1 0 1 0 0 
0 1 0 0 1 0 0 0 0 1 0 1 1 0 1 0 0 1 1 1 0 1 1 0 1 1 1 1 0 1 1 0 0 1 1 0 0 1 0 0 1 0 1 0 0 0 1 0 1 0 0 1 1 1 
1 0 0 0 0 0 0 1 0 0 1 1 0 1 1 0 1 0 0 0 0 0 0 1 1 1 1 1 1 0 0 0 1 0 1 1 0 1 0 0 1 1 0 0 0 1 0 1 1 1 1 1 1 1 
1 0 1 0 1 0 1 1 0 0 1 1 1 1 0 1 0 0 1 0 0 1 1 0 1 0 1 0 1 1 0 0 1 1 1 1 1 0 0 1 0 0 1 1 1 1 0 1 1 1 1 1 1 0 
0 0 0 1 0 0 0 0 0 0 1 1 1 0 1 1 0 1 1 1 0 1 0 1 0 0 0 0 1 1 0 1 1 1 1 0 1 1 0 1 1 0 1 0 0 0 0 0 0 1 1 0 0 0 
1 1 0 0 1 1 1 1 1 1 0 0 1 1 1 1 1 1 1 0 1 0 0 1 0 0 1 0 1 1 0 0 0 0 0 1 1 0 1 0 1 1 0 0 1 0 1 0 1 1 0 0 1 0 
0 1 1 1 1 0 0 1 0 1 1 1 0 1 1 1 1 0 1 0 0 0 0 1 0 1 0 0 1 1 0 1 1 1 0 0 1 1 0 0 0 1 1 0 0 0 0 0 0 1 0 0 1 0 
1 1 1 0 1 0 1 1 0 0 1 0 1 0 1 1 0 1 0 1 0 1 1 0 1 1 1 1 1 0 1 1 1 0 1 0 0 0 1 0 1 0 1 0 1 0 1 1 0 1 1 0 0 0 
0 1 0 1 0 1 1 1 0 0 1 1 0 0 0 1 0 1 0 1 1 1 0 0 0 0 1 1 0 0 0 0 1 0 1 0 1 0 1 0 0 1 1 0 1 1 1 1 0 1 1 1 0 1 
1 1 1 1 0 1 1 0 1 0 0 0 0 0 0 0 0 0 1 1 0 0 1 1 1 1 1 0 1 1 1 0 0 0 1 1 1 0 1 0 1 0 0 1 0 0 1 0 0 0 1 0 0 0 
0 0 0 1 0 1 0 0 1 1 0 1 0 0 1 1 0 0 1 1 0 1 1 1 1 0 0 1 0 0 1 0 0 1 1 1 0 0 1 0 1 1 1 1 1 0 0 0 1 0 1 1 1 0 
0 1 0 0 0 1 1 1 1 1 1 1 0 1 1 1 1 0 1 0 1 0 1 1 0 0 1 1 1 1 0 1 0 0 0 0 1 1 1 1 0 0 0 1 0 1 0 1 1 1 0 0 0 1 
1 0 1 1 0 0 0 0 1 0 0 1 0 0 0 1 1 1 0 1 0 0 0 0 1 1 0 1 1 0 0 0 0 1 1 0 1 1 0 1 1 1 0 1 1 1 1 0 0 1 1 0 1 1 
0 0 0 0 0 1 0 0 1 1 0 1 1 1 0 0 0 0 1 1 1 0 0 0 0 0 1 1 0 0 0 0 1 0 1 1 1 1 1 0 0 1 1 0 1 0 0 1 0 1 0 1 1 0 
0 1 0 1 0 0 0 0 1 1 0 0 0 1 1 1 1 0 1 1 0 0 1 0 1 1 1 0 0 0 0 0 1 1 0 1 1 0 1 0 1 1 0 1 0 0 0 1 0 1 0 0 1 1 
0 1 0 1 1 1 1 1 1 0 0 1 1 0 1 0 0 0 1 1 1 1 1 0 0 1 1 1 1 1 0 1 0 1 0 1 0 1 0 1 1 1 1 0 1 0 0 1 1 1 0 0 0 1 
0 0 0 0 1 1 1 0 0 1 1 0 0 1 1 0 0 0 1 1 0 0 0 0 0 1 1 0 1 1 0 0 0 0 0 1 0 1 1 0 0 0 1 0 1 0 0 0 1 0 1 1 0 1 
0 0 0 1 1 0 1 1 0 1 1 0 0 1 1 0 0 1 0 1 1 0 1 1 0 0 1 1 0 0 1 0 0 1 1 1 1 0 0 1 1 0 1 0 1 0 0 1 1 0 0 0 0 0 
0 0 0 1 0 0 1 1 0 0 0 0 1 0 0 0 1 0 0 1 0 1 1 0 1 1 0 1 1 1 1 1 1 0 1 1 0 0 0 1 0 1 1 0 1 1 0 0 1 0 1 1 1 1 
1 0 0 0 0 1 1 1 1 0 1 0 0 0 0 0 1 1 1 0 1 0 1 1 1 1 1 0 0 0 1 0 1 1 0 1 1 1 0 0 1 0 0 1 0 0 0 1 1 1 1 0 0 0 
1 1 1 0 1 0 1 1 0 0 0 0 1 1 1 1 1 0 1 1 0 1 0 0 0 1 1 1 0 1 0 1 0 1 0 0 1 1 1 1 1 1 1 0 1 0 1 0 1 1 0 1 0 0 
1 1 1 0 0 1 0 0 1 0 0 1 0 1 0 1 1 1 1 0 1 0 1 0 0 0 1 0 1 0 0 0 1 0 0 1 1 0 0 0 1 0 1 1 1 1 1 0 0 0 1 1 0 0 
0 0 0 1 1 1 1 1 1 0 1 1 0 1 0 0 1 1 0 1 0 1 0 1 0 1 1 1 0 1 1 0 0 1 0 1 0 1 0 1 0 0 0 0 1 0 0 0 1 0 1 0 1 0 
1 1 1 1 0 1 0 1 0 0 0 0 1 0 1 0 1 1 0 0 1 1 0 1 1 0 1 1 0 1 1 1 0 0 0 1 1 1 0 1 1 1 1 1 1 1 1 1 0 1 1 0 0 1 
1 1 1 1 0 1 0 1 1 0 1 1 1 1 0 0 0 0 1 0 1 0 1 0 1 1 1 0 1 1 0 1 0 1 0 1 1 0 0 0 0 0 1 0 1 0 0 1 0 1 1 1 1 0 
1 1 0 0 1 1 1 1 0 1 1 0 0 0 0 1 0 1 1 1 1 0 1 1 1 1 0 1 0 1 1 1 0 1 1 0 1 0 1 1 0 0 0 0 0 0 1 0 1 0 0 0 0 1 
1 0 1 1 1 1 1 0 1 1 0 0 1 1 1 1 0 1 1 0 1 0 1 1 0 0 1 0 1 0 0 0 0 1 0 1 0 1 1 1 0 1 0 0 0 1 1 1 0 0 1 1 0 0 
0 1 1 0 1 0 0 1 0 0 0 0 1 1 1 0 0 0 0 0 0 0 1 1 1 1 1 1 1 0 1 1 1 0 1 0 0 1 0 1 1 0 1 0 1 1 1 0 1 1 0 1 1 0 
0 1 1 1 0 0 1 1 0 0 0 1 1 0 1 1 1 0 1 1 1 1 0 0 1 1 1 1 0 0 1 0 1 1 1 1 1 1 1 1 1 1 1 0 1 0 1 1 0 1 0 1 0 0 
