46 54 1645
64 73 25 6 94 23 43 18 81 77 68 21 72 63 17 9 88 75 83 4 77 91 35 28 94 14 16 28 80 72 32 96 45 56 53 38 31 95 8 11 23 75 31 94 89 100 3 29 74 37 32 2 79 66 
81 24 31 96 52 62 68 83 9 64 91 61 53 21 55 60 31 29 87 13 23 75 64 77 55 89 13 86 91 43 3 71 67 85 19 18 99 86 52 7 1 42 68 53 62 74 13 44 3 51 9 25 77 72 
53 32 61 65 17 3 7 72 25 73 56 43 42 54 80 94 61 80 35 80 85 49 53 97 92 7 99 100 31 75 24 83 58 84 99 75 86 58 98 62 82 53 5 76 7 36 69 19 16 55 98 52 3 2 
100 47 9 98 46 91 24 21 26 82 4 24 8 41 33 5 3 15 57 59 90 15 46 10 33 13 64 82 64 19 84 63 65 92 60 62 82 84 83 7 17 38 83 24 31 15 28 85 81 36 43 22 51 40 
31 35 53 47 69 16 17 52 79 81 95 90 94 76 25 28 35 41 66 69 64 96 83 43 80 16 31 74 37 33 13 20 19 17 18 87 33 34 38 63 66 32 4 59 60 29 87 46 21 4 14 37 99 48 
79 30 63 9 55 52 93 67 23 12 36 92 98 20 25 88 82 90 71 85 100 82 65 86 27 86 41 40 22 39 88 52 20 2 13 74 5 5 93 27 16 28 18 66 47 94 53 28 83 23 64 35 57 81 
72 83 66 13 23 39 3 62 90 23 15 2 96 20 59 88 46 74 15 16 91 61 9 43 40 44 18 56 78 74 88 49 8 53 13 82 43 16 43 32 38 58 86 85 29 44 73 74 69 39 89 60 52 50 
54 43 93 23 50 22 96 37 70 56 41 35 37 83 50 80 67 39 89 52 23 17 47 47 42 15 38 83 26 41 32 80 83 76 2 33 97 50 21 18 5 62 52 93 96 53 24 62 91 12 65 66 80 63 
64 74 78 1 56 55 41 39 34 76 14 88 60 10 89 80 27 45 93 31 37 41 83 61 54 26 24 19 91 56 81 6 29 10 59 36 65 51 74 50 26 87 89 37 48 29 69 26 25 13 56 62 53 39 
74 7 16 49 77 6 4 9 63 32 71 21 19 87 24 92 88 49 30 29 38 77 57 6 3 34 18 10 47 23 100 20 81 15 68 57 20 24 17 35 7 39 55 26 25 78 17 65 79 99 93 68 75 1 
73 29 34 42 39 80 64 38 51 44 53 71 52 24 94 69 58 52 59 65 77 84 94 46 48 24 44 92 91 18 92 15 99 78 57 37 9 72 26 60 68 30 82 19 54 75 39 63 78 98 79 55 33 25 
100 80 48 43 23 91 12 14 5 10 43 13 98 52 37 76 63 4 5 44 22 10 70 13 73 47 10 3 1 42 27 52 73 27 46 95 17 10 60 73 71 3 38 69 6 74 96 68 77 100 63 50 10 32 
62 34 30 23 36 83 16 15 34 88 41 32 34 9 41 94 81 11 48 70 31 5 43 26 24 71 78 86 73 39 69 86 72 50 9 59 32 76 25 18 64 65 49 97 73 41 42 6 51 41 27 34 97 22 
11 20 44 88 57 16 26 25 54 49 75 14 60 58 89 84 75 4 49 75 53 73 67 94 30 70 87 9 3 83 30 13 3 73 53 59 41 78 36 94 79 62 59 38 71 47 21 98 51 21 72 3 46 91 
48 27 60 86 35 14 69 64 78 23 89 30 33 29 60 20 74 38 81 32 27 52 30 47 49 80 20 72 34 17 14 82 43 73 67 30 86 87 45 64 9 33 45 94 13 4 13 38 93 46 69 19 97 99 
18 97 30 37 20 64 5 34 97 47 58 15 76 44 54 21 59 14 5 55 7 18 59 20 55 3 65 76 22 13 26 91 61 55 79 32 70 83 65 18 81 23 33 57 18 86 29 28 99 85 82 58 2 92 
29 9 95 45 36 68 57 61 58 69 67 36 100 37 70 65 54 50 39 38 58 8 75 86 35 26 23 68 83 76 60 63 84 6 7 19 25 15 31 34 83 98 69 82 34 90 98 39 39 88 29 97 95 3 
34 81 80 56 49 14 32 60 76 67 17 82 86 41 96 68 74 30 65 94 12 98 83 61 89 21 49 17 69 43 71 3 24 3 58 24 16 41 83 44 8 99 25 45 91 73 12 64 2 77 9 65 26 91 
26 66 63 74 34 32 68 5 34 43 59 43 66 74 36 48 17 43 98 94 39 88 18 2 3 71 30 11 36 56 53 13 73 16 38 7 47 57 63 80 100 21 74 65 46 9 65 63 3 14 8 41 54 25 
43 56 47 24 19 82 31 71 46 4 86 83 62 32 40 24 63 91 96 37 55 41 97 71 55 100 85 62 92 38 38 34 45 85 58 63 18 88 86 64 43 71 98 4 55 89 79 17 79 74 5 86 15 54 
56 69 53 92 83 44 81 20 30 78 56 39 40 26 78 77 89 21 48 38 76 54 27 55 22 57 28 27 94 94 80 50 63 84 93 97 79 74 68 8 51 24 98 42 49 76 19 89 48 18 26 23 71 4 
29 92 13 57 70 6 50 1 7 64 36 100 60 15 25 28 22 27 3 72 20 51 47 90 91 46 7 16 20 29 72 49 21 36 57 42 41 58 43 100 22 78 51 33 92 75 60 66 53 62 37 72 64 35 
62 54 32 20 22 51 49 45 99 21 80 7 62 72 65 56 71 86 86 21 18 29 47 30 46 99 91 34 23 7 68 36 60 99 55 81 2 55 77 52 75 56 59 89 80 23 96 2 60 33 23 29 62 21 
58 7 72 1 93 94 7 12 29 18 63 35 51 64 90 27 15 16 35 25 56 14 47 52 15 58 84 89 87 97 10 96 56 81 96 48 26 54 59 54 72 21 40 22 36 29 48 51 97 34 27 52 47 26 
55 14 83 91 2 21 87 63 17 42 43 12 41 20 18 52 25 89 24 65 62 60 93 61 62 41 95 88 93 41 13 47 6 48 37 8 68 76 70 84 69 65 48 10 36 65 13 61 5 36 25 66 95 69 
26 8 10 20 96 2 13 60 100 18 7 89 77 75 16 99 10 84 15 57 45 50 21 57 10 25 93 34 42 39 3 68 47 64 39 94 65 3 53 16 73 12 56 49 86 71 99 95 7 13 4 51 63 76 
60 24 53 4 58 94 42 12 13 40 75 52 85 91 6 38 58 78 1 14 79 86 36 77 32 42 42 87 45 56 63 4 79 15 59 88 8 52 99 21 92 73 24 76 15 29 65 73 59 65 38 37 2 25 
65 86 19 6 72 63 61 34 18 92 100 76 79 60 27 78 32 70 2 55 98 69 35 62 41 93 79 30 29 80 54 94 65 72 51 89 86 64 74 55 55 74 82 33 85 61 62 16 30 64 70 27 84 56 
41 24 49 19 5 77 50 58 22 15 82 25 55 67 88 28 74 94 53 55 26 37 15 40 4 97 55 73 23 38 81 15 13 29 33 17 57 83 26 31 49 7 55 55 26 94 82 99 87 87 5 64 23 20 
3 27 16 9 51 90 46 83 5 58 11 89 74 68 23 52 98 23 58 4 77 35 49 11 85 35 97 90 50 71 61 5 49 28 13 52 17 11 34 73 68 45 62 94 64 36 45 13 59 54 16 87 41 16 
97 25 2 45 66 51 68 26 7 16 53 72 67 22 82 53 94 49 49 7 42 12 43 38 24 53 92 91 91 32 6 40 8 59 84 74 9 51 51 68 19 56 39 37 77 20 89 22 20 37 29 62 100 23 
51 75 27 42 17 17 25 74 56 33 32 92 58 93 42 60 60 12 15 98 49 43 69 37 17 88 26 97 1 25 71 52 52 97 45 68 65 70 42 73 54 25 64 63 17 57 22 76 69 89 25 17 83 93 
5 99 81 30 95 81 7 17 84 10 13 29 77 30 50 70 2 55 95 65 17 11 73 90 39 41 78 63 9 61 56 66 11 36 47 58 68 5 74 4 14 39 84 43 68 85 12 69 39 58 85 7 21 57 
96 59 50 26 21 10 38 28 75 48 15 74 5 35 78 31 38 92 69 21 34 36 5 97 4 95 7 40 53 27 48 100 37 97 25 57 59 14 37 85 62 51 58 18 85 36 48 22 79 16 94 64 3 98 
60 6 44 18 97 96 44 45 96 80 93 72 89 51 86 25 88 99 75 45 16 60 32 16 33 62 83 27 25 86 76 37 43 20 54 40 67 98 84 14 29 76 86 17 79 71 93 66 21 68 62 36 79 46 
3 11 7 86 89 32 71 65 68 13 36 21 52 2 70 87 68 99 15 53 67 45 75 60 62 95 79 23 82 9 20 85 71 27 70 60 10 40 76 29 4 11 1 8 64 71 94 31 21 8 35 87 52 61 
98 13 55 28 88 37 36 7 73 7 85 42 18 46 33 93 74 36 55 75 43 70 45 89 53 65 96 39 3 100 100 53 64 54 80 3 42 68 62 66 74 46 7 43 92 91 87 17 27 41 91 21 62 35 
9 14 51 57 53 6 8 4 58 71 9 89 26 3 56 87 68 81 84 75 23 27 65 9 44 43 1 34 16 63 21 24 28 23 32 32 28 39 35 37 62 96 78 87 98 33 73 65 14 56 39 88 83 56 
49 26 50 49 11 65 63 31 41 43 54 72 26 33 11 13 22 72 8 99 58 5 31 30 69 96 37 60 36 19 67 84 96 16 84 7 81 99 37 21 41 42 44 66 75 54 78 96 77 85 94 34 41 76 
15 10 24 4 69 59 74 35 42 70 2 77 28 34 75 64 54 15 58 50 33 32 3 62 79 80 99 24 65 39 99 32 100 74 35 20 32 8 6 73 29 8 50 56 41 76 72 47 43 29 96 75 12 50 
88 42 81 86 65 98 77 15 29 76 89 15 48 20 74 53 45 3 60 46 10 53 21 81 51 63 9 98 89 72 47 77 13 80 14 29 77 42 44 57 18 84 23 65 55 96 69 99 50 81 96 60 33 69 
92 35 83 53 32 72 24 30 100 37 9 65 17 37 7 60 93 76 43 15 92 50 63 60 48 64 40 96 75 24 64 67 58 46 71 41 69 94 71 20 82 79 85 99 68 43 10 60 18 5 27 9 54 41 
68 53 56 60 48 31 83 11 49 93 9 19 33 77 64 3 49 46 34 85 96 1 27 5 12 44 61 90 4 14 30 23 67 86 82 66 68 65 77 16 9 37 86 41 65 49 96 13 46 29 97 41 81 23 
98 92 18 10 82 21 24 63 44 42 100 77 7 67 93 35 82 1 71 67 42 36 68 37 100 13 17 97 6 49 71 55 92 89 64 25 61 39 88 56 32 87 33 39 54 77 25 87 78 48 6 71 83 73 
59 34 37 75 30 94 75 53 48 66 41 64 91 53 54 30 61 86 68 45 76 21 21 100 60 98 47 65 68 81 89 26 15 77 52 96 71 26 48 18 44 40 33 86 45 87 15 5 72 82 49 47 55 69 
98 14 19 45 30 86 77 70 64 43 46 67 91 16 45 38 86 88 30 18 73 74 56 87 30 27 20 78 25 74 98 23 39 16 19 20 54 47 41 17 90 87 83 80 54 79 69 91 66 98 61 90 23 16 
1 1 0 1 0 0 0 0 0 1 1 0 0 0 1 1 0 0 1 1 1 0 1 1 1 1 1 1 0 1 0 0 1 0 1 1 1 1 1 1 0 1 0 1 1 1 0 0 1 1 1 0 1 0 
1 0 1 0 1 0 0 0 0 1 0 1 0 1 0 0 1 1 1 1 0 0 0 0 0 1 1 1 1 0 0 0 1 1 1 0 1 1 0 1 0 1 0 0 0 1 0 1 0 1 0 0 0 0 
0 0 1 1 0 0 1 0 1 0 1 0 1 1 1 1 0 1 0 1 1 1 0 0 0 0 1 1 0 1 1 0 0 1 1 0 1 0 0 0 1 1 0 0 0 1 1 1 0 0 0 0 1 0 
0 1 0 1 0 0 1 0 0 1 1 1 1 0 1 1 1 0 0 1 0 1 1 0 0 1 0 0 1 1 0 1 0 0 1 1 0 0 1 0 1 0 1 0 0 0 1 1 1 1 1 1 0 0 
1 0 1 1 0 1 0 0 0 1 0 1 0 0 1 1 0 0 1 1 0 1 0 1 1 1 1 0 0 1 0 0 0 1 1 0 0 0 1 1 1 1 0 1 0 0 0 0 0 1 0 1 0 0 
0 1 1 1 1 1 1 1 1 1 1 1 1 1 1 0 0 0 0 1 1 0 1 1 0 1 0 0 0 0 0 1 0 1 0 1 1 1 1 0 0 0 1 0 1 0 0 0 0 0 1 1 0 0 
0 1 1 0 1 0 1 0 1 1 1 1 0 0 1 1 1 1 1 0 1 1 1 0 1 1 0 0 1 1 0 1 0 1 0 1 1 1 1 0 0 1 0 0 1 1 0 0 0 1 1 0 0 0 
0 1 1 0 1 0 1 1 0 1 1 0 1 0 1 0 1 1 1 1 1 1 0 1 1 0 1 0 0 1 0 0 1 0 1 0 0 0 0 0 0 1 0 1 1 1 1 0 0 1 1 0 0 1 
1 1 0 0 0 0 0 0 1 1 0 0 1 1 0 1 1 0 0 0 1 0 1 1 0 0 0 0 0 0 1 1 1 1 0 1 0 0 0 1 1 0 1 0 1 1 0 1 0 0 1 1 0 0 
0 1 0 0 1 0 0 0 0 0 0 0 1 0 0 1 1 1 0 0 1 1 1 1 0 1 0 1 1 0 0 1 1 0 0 0 1 0 1 1 0 1 1 0 1 1 1 0 0 1 0 1 1 1 
1 1 1 1 1 0 1 1 1 1 1 1 1 0 0 0 1 0 1 0 0 0 1 0 0 1 1 0 1 0 0 0 0 1 1 1 1 0 0 0 1 1 0 1 0 0 1 1 0 1 0 1 1 1 
1 0 1 0 0 0 1 0 0 1 1 1 0 0 1 0 1 1 1 1 0 1 1 1 1 1 0 1 0 0 0 1 0 1 0 0 1 1 1 1 0 0 0 0 1 0 0 0 1 1 1 1 1 0 
0 0 1 1 1 0 1 1 1 1 1 1 1 0 0 0 0 0 1 0 0 0 0 0 0 1 0 1 0 1 1 1 1 0 0 0 0 1 1 0 0 0 1 1 1 0 0 1 0 1 1 1 1 0 
1 1 1 1 0 0 0 1 1 1 1 1 1 0 0 1 0 0 1 1 1 0 1 1 1 0 0 1 1 1 1 0 0 0 0 0 0 0 1 1 0 1 0 1 1 0 0 1 0 0 0 0 0 0 
1 0 0 0 1 1 1 0 1 0 0 1 0 1 0 0 0 0 1 1 1 0 1 0 1 0 0 1 0 0 1 1 0 1 1 1 0 1 1 0 1 0 1 1 1 1 1 1 1 0 0 1 0 0 
1 1 0 1 1 0 1 0 1 0 0 1 1 0 0 1 0 1 1 0 0 0 1 0 1 1 0 0 0 1 0 1 0 0 0 1 0 1 0 1 1 0 0 1 0 0 0 1 1 1 1 0 1 0 
0 0 1 0 0 1 1 0 0 0 0 0 1 0 0 1 0 1 1 0 0 0 1 0 1 0 1 0 0 0 0 0 1 0 1 1 1 0 0 0 0 0 0 0 1 0 1 1 0 1 1 0 1 0 
1 0 1 0 0 1 1 0 0 0 0 1 1 0 1 1 0 0 0 0 0 1 1 1 0 1 0 1 1 1 0 0 1 1 1 1 0 0 0 0 0 0 1 1 0 1 1 0 1 1 1 1 0 0 
0 0 1 1 1 0 0 1 1 0 0 0 1 1 0 1 1 0 0 1 1 0 0 0 1 1 1 0 0 1 0 0 1 1 1 1 1 0 0 0 0 1 0 1 0 0 1 1 0 1 0 0 1 0 
0 0 1 0 0 1 1 0 0 1 1 1 0 1 1 0 1 1 1 0 1 1 0 0 1 1 1 1 1 0 0 1 1 1 1 1 1 1 0 1 0 1 0 0 0 0 0 0 1 0 0 0 1 0 
0 0 1 1 0 0 0 0 0 1 1 1 0 0 0 0 1 0 0 0 0 0 0 1 0 1 1 0 0 0 1 0 1 0 0 1 1 0 1 1 1 0 0 1 1 1 0 0 1 0 0 0 0 0 
1 1 0 0 1 0 0 0 0 1 1 0 0 0 0 1 1 1 0 1 1 1 0 1 1 0 1 0 0 1 0 1 0 0 1 0 0 1 0 1 1 1 1 1 1 0 1 0 1 1 0 0 0 0 
1 1 0 0 1 0 0 0 1 0 0 0 0 1 0 1 0 1 0 1 0 0 1 1 0 1 0 0 1 0 1 1 0 1 1 1 0 1 1 1 0 0 0 0 1 0 1 1 1 0 0 1 0 0 
1 0 1 1 1 0 0 0 1 0 1 1 1 1 0 1 1 0 1 1 1 0 1 0 1 0 0 1 1 0 1 0 1 0 0 0 1 0 0 0 0 1 1 1 1 0 0 0 0 1 1 1 1 0 
0 0 0 0 0 1 1 1 0 0 0 0 0 1 0 0 1 0 1 1 1 0 1 0 0 1 1 1 1 1 1 1 1 1 1 1 1 0 1 1 0 1 1 0 0 1 0 1 1 0 0 0 0 1 
0 1 1 0 0 0 1 0 1 0 1 0 0 0 1 1 1 1 0 0 0 0 1 0 1 0 0 0 1 1 1 1 0 0 1 0 0 0 0 1 1 0 0 1 0 1 0 0 0 0 0 0 0 0 
1 1 0 1 1 1 0 1 1 0 1 0 1 0 1 1 1 0 1 1 1 0 0 1 0 1 1 0 1 1 0 0 0 1 0 0 0 0 1 1 1 0 0 0 0 1 1 0 1 1 1 0 1 0 
1 1 1 0 1 0 1 0 1 1 1 1 1 1 1 0 1 0 1 1 0 1 0 0 1 1 1 1 1 0 1 0 1 0 0 0 0 1 0 1 0 1 0 0 1 0 0 0 0 1 1 1 1 1 
1 0 0 0 1 1 0 0 1 1 0 1 1 1 0 0 0 0 1 1 0 0 1 1 0 1 0 1 0 1 0 1 0 0 1 1 1 1 0 0 0 0 1 0 1 1 0 0 0 1 1 0 0 0 
1 0 1 0 0 0 1 0 1 1 1 1 1 0 0 1 1 1 1 0 1 1 0 1 1 0 0 0 0 0 0 0 1 1 0 1 1 1 1 1 1 0 0 0 1 0 1 0 1 0 0 0 1 0 
1 0 0 0 0 1 0 0 1 1 0 1 0 1 0 0 0 1 0 0 1 1 1 0 1 0 1 0 1 0 0 0 1 1 0 1 0 1 0 1 0 0 0 1 1 0 1 0 0 1 0 1 1 1 
0 0 0 1 0 1 1 1 1 0 0 0 0 0 1 0 1 1 0 1 0 1 1 1 1 1 1 0 1 0 1 1 0 1 0 1 0 1 0 0 0 0 0 0 0 1 0 1 0 0 0 1 1 1 
0 1 1 1 1 0 1 0 1 0 0 1 1 0 0 1 0 0 1 0 0 1 1 0 0 0 0 0 1 0 1 1 1 0 1 0 0 0 0 1 0 0 0 1 1 1 0 1 1 1 0 0 0 1 
0 0 1 1 0 0 1 0 0 0 0 1 0 1 1 0 0 0 1 1 1 0 0 0 1 1 1 1 1 0 1 0 0 0 1 1 1 0 1 1 0 1 0 0 0 1 0 1 1 1 0 1 1 0 
1 1 1 0 0 1 0 1 1 1 0 0 0 1 0 1 0 0 0 0 0 1 1 0 0 1 0 0 0 1 0 1 0 1 1 1 0 0 0 1 1 0 1 1 1 1 0 1 1 0 1 1 1 1 
0 1 0 0 1 0 1 1 1 0 1 0 1 1 0 1 1 1 0 0 0 1 0 0 1 1 1 0 1 0 1 1 0 1 1 1 1 0 1 0 0 0 1 1 1 1 1 0 1 1 1 1 0 1 
0 1 0 1 0 1 1 1 0 1 1 1 1 0 0 0 1 0 0 0 0 1 1 1 0 0 0 1 0 0 0 0 0 0 1 0 0 0 1 0 0 0 0 1 1 0 1 0 0 1 0 0 0 1 
1 0 0 1 1 0 0 1 0 0 0 1 0 0 1 1 0 1 0 0 0 1 0 1 1 1 0 1 1 1 0 1 1 0 0 1 0 0 0 0 0 0 1 0 0 1 0 1 0 0 1 1 1 0 
0 0 1 1 1 0 0 1 1 1 0 0 0 0 0 1 1 1 1 0 1 0 1 1 1 0 1 0 1 0 0 1 0 1 0 1 0 0 1 1 0 1 1 0 1 0 1 0 1 1 1 0 1 0 
0 0 0 1 0 1 0 1 1 0 0 1 0 0 0 1 0 0 0 1 0 1 1 0 0 0 1 1 1 0 1 1 0 0 0 0 1 0 1 0 1 0 0 1 0 0 0 0 0 0 0 0 1 1 
0 1 0 1 0 1 1 0 0 1 0 0 0 1 1 1 0 0 1 0 1 0 0 1 0 0 1 0 0 0 0 1 0 0 0 0 1 0 0 1 1 0 1 1 0 0 1 0 0 0 0 1 0 0 
0 1 0 1 1 0 0 1 1 0 1 0 0 0 0 1 1 1 1 1 1 1 1 0 1 0 0 1 1 1 1 0 0 1 1 1 0 1 1 1 1 0 1 0 1 1 1 0 1 0 1 0 0 1 
0 1 1 0 1 0 1 0 0 1 0 0 1 0 1 0 1 1 0 1 1 1 0 0 0 1 0 1 1 0 0 1 0 1 0 1 0 1 1 0 1 1 0 0 1 0 0 1 1 0 0 0 0 0 
0 0 0 0 1 1 1 0 1 1 1 1 0 1 0 1 0 1 1 0 1 0 0 1 1 1 0 1 1 0 0 1 0 0 0 1 1 1 1 0 0 1 1 0 0 0 1 0 1 0 1 1 1 1 
0 0 1 0 0 0 0 0 0 0 0 0 0 1 1 1 0 1 0 1 1 1 1 0 1 1 1 0 0 0 0 0 0 1 1 0 1 1 0 1 0 0 1 0 0 0 1 0 1 0 1 0 1 1 
1 0 0 0 1 0 0 1 0 0 0 1 1 1 1 1 1 1 0 0 1 0 1 0 0 0 0 1 1 1 0 0 0 0 0 1 0 0 0 1 0 0 0 1 1 1 1 0 0 1 1 1 1 0 
