69 53 2201
9 78 24 89 14 83 89 29 3 95 65 93 44 76 67 94 55 8 96 88 59 51 43 35 11 6 33 24 97 90 63 6 67 39 46 32 21 87 60 23 81 24 67 76 100 34 70 6 93 65 93 52 67 
36 38 77 93 70 52 42 11 67 99 77 5 44 9 77 82 20 51 63 44 17 90 95 2 59 100 95 75 93 98 94 80 35 22 72 56 74 13 67 92 11 95 48 7 55 24 88 75 74 2 70 42 44 
64 96 2 15 90 29 59 39 22 38 25 43 62 80 68 26 46 11 37 41 58 95 95 33 34 69 58 88 90 100 31 53 95 84 20 36 64 78 26 85 68 50 80 29 29 99 54 75 62 42 67 19 88 
61 52 22 82 9 9 71 60 91 76 6 74 95 41 38 24 66 74 91 15 5 71 96 56 77 70 17 70 88 87 58 48 38 31 81 99 91 4 58 81 31 16 54 77 56 43 100 74 17 43 40 73 65 
35 28 41 56 44 11 43 31 20 43 20 50 23 70 40 78 80 20 8 95 25 84 2 20 36 75 36 78 67 60 42 53 88 35 9 83 45 3 65 16 45 37 65 20 6 56 49 85 27 57 31 51 92 
33 70 27 59 57 4 25 69 98 30 56 32 38 90 28 92 7 43 37 43 59 8 100 14 56 37 40 64 67 42 56 51 64 82 10 72 38 86 40 35 15 47 66 4 89 45 96 95 87 84 89 97 43 
88 10 50 76 1 14 43 94 69 45 9 50 54 81 39 92 72 73 6 71 90 62 59 34 9 53 72 44 93 68 86 32 29 35 8 81 100 2 75 68 46 83 70 100 15 8 91 87 33 48 57 22 9 
67 8 69 71 31 12 63 99 97 94 79 84 53 12 83 54 86 3 100 20 72 51 87 31 41 25 63 40 33 37 1 99 44 69 69 74 81 83 24 29 28 55 12 81 66 47 34 3 49 33 74 20 83 
12 2 75 36 65 67 68 53 67 18 48 87 38 73 67 20 97 96 100 3 59 80 20 5 13 22 5 98 47 24 32 59 78 59 46 94 25 14 46 43 83 93 29 21 65 48 92 13 95 91 67 53 22 
86 10 35 59 14 84 58 90 15 16 67 73 61 12 49 26 57 91 61 49 72 33 65 19 24 30 13 67 96 17 88 82 26 74 92 92 57 49 81 24 16 99 96 29 10 97 54 18 87 66 18 58 98 
82 76 74 63 40 40 59 57 79 92 82 53 83 25 9 84 57 32 99 7 80 27 16 76 33 85 14 98 2 24 96 36 51 21 98 91 60 56 47 38 99 80 42 34 5 51 17 13 34 15 20 65 94 
87 92 26 72 58 23 73 81 70 8 83 90 58 73 1 65 71 91 64 3 32 97 59 34 65 71 68 31 90 84 24 77 76 49 48 33 24 72 65 45 32 47 87 89 72 87 5 94 29 68 96 61 16 
6 94 32 77 13 63 18 97 86 46 24 35 93 8 10 17 24 54 48 70 40 88 93 79 92 87 7 12 34 67 79 40 13 11 68 25 73 85 73 10 31 96 96 75 55 5 43 78 59 42 100 50 29 
92 80 73 30 87 36 16 5 14 55 69 76 74 94 100 10 18 10 40 66 5 67 20 62 61 98 72 3 49 21 31 92 1 55 22 39 90 37 95 56 43 64 31 16 9 83 25 26 92 17 91 48 35 
63 9 95 12 80 97 60 53 80 51 5 34 72 95 76 60 89 31 2 4 13 69 12 95 46 90 38 62 32 38 96 94 46 42 5 78 39 64 82 70 67 38 3 90 32 78 50 72 60 3 28 73 24 
91 67 69 80 57 30 12 94 77 57 91 70 62 20 8 77 1 77 95 90 32 85 73 61 86 97 21 40 24 93 63 14 11 31 46 67 12 9 12 40 17 3 10 78 22 69 7 75 98 1 64 81 37 
37 41 22 33 13 62 8 57 24 73 68 7 70 86 70 30 98 62 47 52 23 76 73 91 82 99 40 35 63 72 71 51 13 93 35 77 6 42 34 29 66 53 87 36 38 57 65 87 70 11 38 92 39 
63 82 20 61 74 6 75 45 77 25 9 21 11 86 26 4 19 6 70 71 45 57 60 1 73 99 22 36 88 13 74 50 46 45 63 19 51 89 16 27 66 24 99 76 61 24 80 31 81 1 53 25 57 
65 77 29 63 98 16 50 10 89 52 56 34 66 26 84 54 41 62 19 17 60 47 29 35 26 60 67 26 64 92 34 28 20 14 42 18 30 44 79 70 47 86 3 12 12 38 17 4 99 88 20 10 34 
1 96 11 60 15 88 75 6 21 3 77 86 44 46 67 39 25 37 85 62 39 96 73 29 65 77 27 52 48 89 37 48 36 47 59 50 34 34 7 6 88 84 43 31 29 10 70 5 46 6 67 36 54 
91 64 18 67 43 21 67 83 9 14 18 55 73 68 40 58 26 97 45 9 39 27 90 48 48 94 45 54 12 81 7 3 96 76 21 38 96 87 72 4 1 90 10 25 9 1 34 34 97 78 95 87 56 
36 35 4 81 31 9 93 63 15 95 59 90 15 48 37 54 20 40 6 61 1 30 21 1 63 6 97 92 100 83 47 35 69 2 16 52 10 60 14 24 54 24 65 20 24 1 25 95 92 30 55 44 59 
75 44 73 80 40 16 32 75 15 18 95 16 33 46 26 92 12 1 97 35 18 69 58 18 93 4 62 75 58 5 85 84 1 10 16 92 25 47 66 39 64 13 55 49 58 32 92 21 32 41 56 49 61 
65 19 5 69 32 79 78 88 64 14 88 73 29 80 49 27 97 88 42 9 94 90 19 25 34 39 8 74 46 9 86 63 79 90 83 62 21 12 49 84 25 89 8 53 20 56 79 16 95 21 77 88 62 
95 64 47 85 24 72 83 84 57 45 14 99 79 75 19 90 75 2 15 15 61 67 34 16 98 2 63 70 78 50 83 72 66 30 8 41 1 90 24 58 86 89 56 64 63 26 54 89 27 68 4 39 86 
89 6 83 90 68 4 67 70 87 90 35 16 98 27 16 39 50 25 25 38 32 88 52 57 41 92 35 60 47 25 46 36 31 28 77 98 32 96 67 70 85 53 85 34 79 52 73 80 29 49 69 12 36 
72 21 29 64 55 88 62 32 33 49 62 13 26 59 96 21 78 65 57 82 1 91 61 4 15 92 32 15 13 44 50 84 64 30 99 70 18 61 1 2 61 14 14 38 25 61 58 2 25 67 83 77 9 
95 81 75 39 12 89 51 7 90 34 22 20 85 44 37 97 96 90 57 10 56 95 34 16 4 87 93 22 21 69 30 16 49 4 6 61 44 56 19 34 41 41 53 77 36 41 73 31 30 82 40 85 76 
73 1 31 11 93 53 32 61 34 47 62 90 4 74 33 59 92 66 51 84 18 28 19 58 52 50 40 33 41 24 8 66 76 91 76 20 95 7 81 28 5 42 17 8 67 50 18 58 15 69 94 85 48 
12 94 99 13 33 32 54 9 91 71 84 33 46 4 27 53 36 55 9 29 23 17 95 72 86 4 39 6 97 75 53 9 68 4 73 1 35 78 9 77 48 44 10 46 47 88 98 34 42 58 62 17 74 
8 40 60 12 30 65 8 4 70 68 72 73 41 24 59 18 84 35 18 27 96 63 26 84 12 59 77 69 73 93 95 80 33 6 91 62 22 51 18 91 18 89 15 10 12 73 28 95 60 97 73 55 59 
98 38 22 9 67 90 33 11 36 12 43 41 55 57 63 5 26 5 74 14 20 84 77 44 63 23 3 59 95 58 69 45 47 90 5 65 31 37 76 67 100 70 7 6 78 21 10 3 26 84 16 45 19 
44 88 81 66 43 39 13 52 7 9 98 48 13 15 78 1 90 44 52 59 3 58 37 23 67 39 48 2 7 44 20 50 84 100 68 26 90 80 77 48 40 26 95 4 40 73 4 81 16 7 40 18 64 
28 93 83 18 40 84 76 84 56 26 19 7 45 44 49 24 72 96 63 97 91 18 89 63 21 69 30 27 60 100 43 87 92 25 5 83 60 80 66 67 57 84 74 1 79 22 76 50 17 90 99 59 7 
87 21 79 55 3 58 15 54 100 53 45 76 9 79 35 89 45 2 97 80 27 50 11 100 77 60 68 67 58 27 25 96 99 56 3 1 13 17 54 64 21 50 39 30 29 73 70 25 26 66 56 4 67 
66 3 44 78 71 62 87 49 86 35 47 41 37 100 5 5 5 68 25 7 6 54 87 31 23 63 8 41 18 12 59 36 66 2 65 88 63 3 36 1 37 35 41 73 86 98 77 90 65 2 96 23 7 
34 5 82 96 12 74 66 75 32 1 41 86 17 80 100 19 68 100 56 2 93 80 87 90 57 28 6 10 76 28 68 9 32 49 5 96 22 70 70 6 22 62 43 90 94 42 8 61 94 15 62 38 47 
100 79 3 27 84 64 54 64 31 63 95 32 19 42 5 40 64 10 13 25 52 2 18 46 61 30 39 28 91 28 74 42 6 28 21 89 91 74 52 73 88 99 4 58 92 9 97 55 70 61 32 74 62 
1 19 75 31 9 2 21 88 75 15 93 2 35 33 44 60 37 16 100 35 20 57 26 80 6 33 49 66 64 22 28 64 92 2 94 52 55 67 39 29 81 31 30 67 64 25 78 100 40 77 86 59 86 
63 38 91 95 39 56 58 12 35 74 4 88 67 55 42 33 46 22 65 28 51 83 43 27 13 94 67 41 79 77 26 94 67 16 88 5 24 98 16 10 71 71 98 89 26 91 74 23 13 90 50 15 73 
93 42 37 86 8 77 17 84 3 10 50 70 49 6 45 98 22 55 20 92 52 9 69 94 34 91 6 23 93 21 47 85 62 83 70 69 12 86 4 14 47 6 35 96 11 80 45 32 86 65 76 89 25 
96 82 58 39 88 80 31 8 79 15 21 13 36 89 24 74 44 89 20 49 76 67 60 7 12 43 92 28 70 80 52 66 61 9 4 100 40 34 7 70 48 27 83 35 67 6 8 11 47 80 11 22 46 
70 28 9 13 19 36 82 50 87 99 10 47 2 10 87 35 68 56 34 47 90 21 65 96 28 75 42 59 86 15 5 7 42 13 71 12 1 5 61 87 3 70 86 57 31 72 43 51 79 29 97 69 49 
13 16 28 88 9 87 25 23 43 83 64 7 6 75 7 10 87 46 64 56 31 20 39 54 15 41 32 43 89 52 43 1 67 70 40 75 8 16 49 50 99 64 57 4 90 63 65 76 60 28 84 90 100 
74 95 14 14 27 8 2 30 50 2 97 19 94 23 79 9 24 28 7 87 84 62 77 99 26 52 58 6 87 100 57 60 94 22 73 72 29 26 2 78 80 50 48 73 24 26 81 47 6 40 86 89 1 
62 39 79 65 97 36 52 48 92 11 93 65 36 65 93 61 18 22 40 19 21 64 94 99 45 93 4 36 78 44 88 91 83 66 55 31 53 58 30 96 21 22 60 8 38 4 68 7 25 60 25 98 75 
19 96 19 63 51 6 40 94 94 30 28 11 36 58 64 46 39 11 66 61 71 73 98 74 92 5 51 3 81 48 78 51 95 48 13 45 54 4 90 47 33 18 9 21 27 72 66 66 83 31 78 5 55 
27 30 98 83 80 53 64 79 30 66 73 29 31 69 34 34 11 32 67 80 41 87 58 64 52 23 46 34 52 2 40 79 32 37 61 11 89 76 42 70 42 14 51 72 35 84 57 45 16 23 24 8 61 
81 71 64 56 69 49 59 70 88 37 53 25 50 64 65 25 57 87 18 70 37 41 56 20 98 52 87 72 27 94 85 8 17 48 15 85 49 73 6 36 62 59 12 11 74 77 87 30 63 57 51 51 97 
7 70 94 58 9 18 85 54 2 44 70 1 10 6 49 34 12 85 95 70 96 57 43 24 96 72 38 52 74 88 100 80 10 46 90 70 63 74 23 16 69 45 16 78 50 65 63 61 1 58 82 48 66 
76 72 13 47 61 16 73 1 16 52 62 61 41 83 75 66 57 90 34 1 5 63 3 21 26 63 21 35 97 69 52 72 92 65 71 4 80 43 4 95 94 17 7 87 99 81 4 56 22 38 8 27 52 
10 47 77 25 20 63 21 88 15 44 79 79 14 82 10 56 38 57 2 54 15 40 5 96 43 12 17 32 19 95 84 81 94 12 5 13 75 77 100 89 20 30 19 34 63 80 41 52 88 94 58 3 33 
62 50 76 25 18 59 43 13 42 23 6 54 79 70 80 55 21 20 75 50 90 60 64 69 52 16 57 46 25 11 30 86 60 57 62 77 16 4 89 57 79 46 62 9 67 41 16 87 12 42 88 1 1 
4 70 4 19 78 49 43 88 79 80 47 87 41 75 2 96 16 11 26 61 72 35 80 65 50 66 76 43 6 29 43 9 50 46 79 27 47 73 66 77 52 64 63 44 38 65 91 53 75 17 66 98 3 
97 14 4 62 42 46 19 70 40 27 19 37 5 97 83 29 14 59 32 77 74 75 66 38 18 71 64 86 88 61 40 84 75 95 97 68 40 16 37 31 94 7 67 51 3 2 79 68 12 11 96 85 37 
61 22 54 83 37 91 22 98 30 5 24 24 54 91 15 21 79 45 14 85 64 16 39 17 95 6 28 57 1 13 45 13 86 51 48 23 41 69 72 71 26 47 46 79 37 61 51 67 57 16 51 72 32 
89 88 78 46 16 34 46 80 78 10 17 28 57 91 69 78 62 91 3 60 36 33 96 48 83 62 5 98 64 76 81 4 16 58 49 31 91 94 62 21 56 78 100 12 21 68 89 34 10 43 94 98 75 
41 97 9 55 53 7 18 29 39 22 96 97 70 26 39 16 39 59 71 68 59 34 88 78 75 22 88 17 67 37 44 7 33 52 61 86 10 31 66 49 4 61 45 25 38 83 92 28 94 14 95 52 48 
35 29 74 8 68 90 74 56 33 80 89 37 93 26 46 75 43 46 30 55 90 54 44 25 46 71 18 59 65 69 58 99 49 31 6 69 73 31 24 57 63 64 45 55 41 91 81 83 36 10 37 78 63 
80 2 60 2 19 71 67 39 28 17 87 11 75 7 35 5 31 43 67 46 88 73 87 78 53 69 65 14 58 42 29 89 95 88 91 65 10 9 3 38 25 42 100 51 48 86 56 30 28 22 76 15 47 
62 44 51 82 9 65 91 2 93 32 97 32 22 61 42 82 16 31 58 57 30 9 56 67 16 86 94 89 61 9 35 74 4 86 55 12 50 98 66 94 29 62 25 2 74 66 83 41 96 92 97 77 100 
53 43 15 90 37 4 50 97 90 75 100 75 81 64 76 78 29 69 6 42 94 59 67 59 41 8 55 33 56 83 84 60 26 51 49 14 54 50 10 43 24 61 70 57 76 45 34 56 14 92 49 7 50 
16 17 91 75 23 75 30 6 58 42 31 8 90 96 13 92 57 8 67 17 77 23 45 73 57 100 86 48 49 44 49 16 61 39 90 35 65 71 40 75 12 22 34 54 17 47 97 73 6 15 42 34 38 
86 6 46 85 44 45 85 87 93 100 99 84 41 34 48 64 73 74 27 47 8 32 63 6 28 36 11 95 29 96 32 14 1 29 50 44 25 35 83 69 86 81 52 27 14 52 42 39 25 68 85 32 100 
99 89 79 86 99 73 14 94 56 27 47 36 29 42 60 63 24 29 100 5 32 78 70 35 19 60 60 39 96 43 90 95 32 68 80 82 93 46 28 48 72 74 84 52 15 95 66 91 75 66 95 7 43 
16 41 14 76 52 52 71 47 41 17 30 60 97 11 52 42 90 52 65 63 87 69 30 81 34 72 8 51 66 14 46 33 6 59 60 10 62 83 8 54 99 37 13 47 99 17 40 89 20 57 3 6 25 
32 38 10 3 45 61 20 10 6 5 68 64 64 77 77 98 84 30 49 72 94 95 70 10 87 58 81 43 61 86 19 44 76 28 99 20 88 70 82 93 74 49 8 90 77 84 39 12 13 87 83 59 82 
52 20 68 10 1 62 70 38 80 65 13 59 63 85 47 85 66 91 58 14 99 99 90 82 38 1 47 24 83 57 57 86 76 76 95 28 89 16 66 20 81 78 79 95 62 77 79 27 67 89 92 65 39 
81 99 76 33 97 52 67 5 8 53 80 36 99 8 24 15 73 44 47 2 22 93 16 98 24 94 16 12 86 81 50 18 31 78 51 79 29 69 83 88 21 14 23 72 73 47 86 97 90 84 99 63 76 
1 1 0 0 0 1 1 0 1 1 0 0 1 0 0 1 0 1 0 0 0 1 0 0 0 1 1 1 1 1 0 0 0 1 0 0 0 0 1 1 1 1 1 0 0 1 1 0 1 1 0 1 0 
1 1 0 0 0 1 1 1 0 1 1 1 1 1 1 1 0 1 0 0 0 0 0 0 0 0 1 1 1 0 0 0 1 0 0 1 0 1 0 0 0 1 1 1 0 0 1 1 1 1 1 0 0 
1 0 0 1 1 1 0 1 1 0 0 0 0 1 0 1 1 0 1 0 1 1 0 1 0 1 1 1 0 1 1 1 1 1 1 0 1 1 1 0 0 1 0 0 0 0 0 1 0 1 1 1 0 
1 1 0 1 0 0 1 1 1 1 0 1 0 0 0 1 1 0 1 0 1 0 0 1 0 1 0 1 0 1 0 1 0 0 0 0 0 0 1 0 1 1 1 1 1 1 0 0 1 0 0 0 0 
0 0 0 1 0 1 1 1 1 1 0 0 1 0 0 1 0 0 0 1 1 1 1 0 0 1 0 0 0 0 0 0 0 0 0 0 1 1 0 1 0 0 1 0 0 1 1 0 0 0 0 1 1 
1 0 1 0 0 1 0 0 1 1 1 1 1 1 1 0 1 0 1 1 1 1 0 0 0 0 0 0 0 0 0 1 0 1 0 0 1 0 0 0 1 1 0 0 1 1 1 0 1 0 0 0 1 
0 0 1 0 1 0 1 1 0 0 1 1 0 1 0 1 1 1 0 1 1 1 0 0 0 0 1 0 0 1 1 0 1 0 1 0 0 0 1 0 0 0 0 1 1 0 0 1 1 0 0 0 1 
0 0 1 0 1 1 1 0 0 1 0 1 0 0 1 0 0 0 1 0 0 0 0 0 0 1 0 0 1 0 0 1 1 1 1 0 1 0 1 1 0 1 0 0 1 0 1 1 0 0 0 0 0 
0 0 0 1 0 0 0 1 0 1 0 0 0 0 1 1 1 0 1 0 1 1 0 1 0 1 1 0 1 1 0 1 1 0 0 0 1 0 1 1 1 1 1 0 1 0 1 1 1 0 1 0 1 
1 1 0 1 0 0 0 1 1 0 0 1 0 0 0 1 1 0 0 0 1 0 0 0 1 1 1 1 0 1 1 0 0 1 1 0 1 1 1 0 1 1 0 0 0 0 1 1 0 1 0 0 0 
0 0 1 1 1 1 1 0 0 1 0 1 0 0 0 0 1 1 1 0 1 1 0 1 0 0 0 0 0 0 0 0 0 1 1 1 0 0 1 0 0 1 1 0 1 0 0 0 1 0 0 0 1 
1 1 0 1 1 0 1 1 0 1 1 1 0 0 0 0 1 0 0 0 0 1 1 0 1 1 1 1 0 1 1 1 0 1 0 0 1 1 1 1 0 1 0 0 1 0 0 1 1 1 1 1 0 
1 1 1 0 0 1 0 1 0 1 1 1 1 1 0 0 1 1 0 0 1 0 1 0 1 0 1 0 0 0 0 1 1 1 1 1 0 0 0 0 1 1 1 1 1 1 1 0 0 0 0 0 0 
1 0 1 0 1 1 0 1 1 1 0 1 0 1 1 0 1 0 0 0 1 1 1 1 0 1 1 0 1 1 1 1 1 0 1 0 0 1 1 1 0 1 0 0 0 0 1 1 0 1 0 1 0 
1 0 0 1 0 1 0 1 0 1 1 0 0 1 0 1 1 0 1 0 0 0 1 0 1 0 0 0 0 0 0 0 0 0 1 0 1 1 0 1 1 1 0 1 0 0 1 1 0 0 0 1 0 
1 1 1 1 0 1 0 0 1 0 0 0 1 1 1 0 1 1 1 0 1 1 0 1 0 0 0 0 0 1 1 1 0 0 0 0 0 0 0 1 0 1 1 1 0 1 0 1 0 1 1 1 0 
1 0 0 1 0 1 1 1 0 0 0 0 1 0 0 1 1 0 0 0 1 1 0 0 1 1 0 1 0 1 1 1 0 0 1 0 1 0 0 1 1 0 1 0 0 0 1 1 0 1 1 1 1 
1 0 0 0 0 1 0 0 1 0 0 1 1 0 0 1 0 1 0 0 0 0 1 0 0 0 0 1 0 0 0 1 0 1 0 0 0 0 0 1 0 0 0 1 1 0 1 1 1 1 0 0 0 
1 0 0 1 1 1 1 1 0 1 1 1 1 1 1 1 0 1 0 0 1 1 1 0 0 1 1 0 1 1 0 0 0 0 1 1 1 1 0 1 0 1 0 1 0 0 0 0 1 0 1 0 0 
0 0 0 1 0 0 0 1 0 0 1 0 0 0 0 1 0 1 1 1 0 0 0 0 0 0 1 1 1 1 1 0 0 1 1 0 0 0 1 0 0 1 1 0 1 1 1 0 0 0 1 0 0 
1 0 1 0 1 0 1 1 1 1 1 0 1 1 0 1 0 1 1 1 0 0 1 1 1 1 1 0 0 0 0 0 0 1 0 0 1 1 1 0 1 0 1 0 1 1 1 1 0 0 1 0 0 
0 1 0 1 1 0 1 1 0 1 1 0 1 1 1 1 0 0 0 0 1 0 1 0 1 1 1 1 0 1 0 0 1 0 1 0 0 0 1 0 0 0 0 1 0 0 0 0 0 0 1 1 0 
0 1 1 1 0 1 1 0 1 1 1 1 0 1 1 1 0 1 1 0 0 0 0 0 1 1 0 1 0 1 0 0 0 1 0 1 0 1 1 1 1 0 0 1 1 1 0 1 1 1 1 1 0 
0 1 1 1 1 0 1 0 0 1 0 0 1 1 0 1 0 0 0 0 0 1 1 0 0 0 1 1 0 0 1 0 1 0 1 0 1 0 0 1 1 0 1 1 0 0 0 0 0 0 1 0 1 
0 0 1 1 1 1 1 1 0 1 0 1 0 0 0 0 0 1 1 1 1 0 1 1 0 1 1 0 0 1 0 1 0 1 0 1 0 1 1 1 0 1 0 0 0 0 0 0 1 1 1 0 0 
0 1 0 0 0 1 0 0 1 1 0 0 1 1 1 0 0 0 0 0 0 0 0 0 0 0 1 0 0 0 0 0 1 0 0 0 1 1 0 0 0 0 1 0 1 0 0 0 0 1 0 0 1 
0 0 0 0 1 0 0 1 0 1 1 0 1 1 0 0 1 0 1 1 1 1 0 1 1 0 1 0 0 1 0 0 1 0 1 1 0 1 0 0 0 1 0 0 0 0 0 1 1 1 0 0 0 
1 0 0 1 1 0 0 1 0 0 0 0 1 1 0 1 0 0 1 1 1 1 0 1 0 1 0 1 0 1 0 1 1 0 0 0 0 0 1 1 1 0 1 0 1 0 1 1 0 1 1 1 0 
1 1 0 0 1 0 0 0 0 1 1 0 0 0 0 0 1 1 1 1 1 0 1 1 1 0 1 0 1 1 1 0 0 1 1 1 1 1 0 1 1 1 1 1 1 0 1 1 1 1 0 0 1 
1 1 0 0 1 1 1 0 0 0 0 1 1 1 1 0 1 0 1 1 0 0 0 0 0 1 1 1 0 0 0 1 1 0 1 0 1 1 0 1 1 0 1 0 0 0 0 1 0 0 0 0 0 
1 0 0 0 0 1 0 0 1 0 1 0 1 0 1 0 0 1 1 1 0 1 1 0 0 0 0 0 1 1 0 0 1 1 0 1 0 1 1 0 1 1 0 0 1 1 1 1 0 0 0 0 0 
1 0 0 0 1 0 1 0 0 1 1 1 1 1 0 0 0 0 1 1 0 0 0 1 1 0 0 1 0 0 1 0 1 1 0 0 1 1 0 0 0 1 1 1 0 1 0 1 1 1 0 1 1 
1 1 0 1 1 0 1 1 1 1 0 1 1 0 0 0 0 0 0 0 0 0 0 1 0 1 1 1 0 0 1 1 1 1 0 0 1 1 0 1 1 0 0 0 1 0 1 1 1 1 1 1 1 
0 0 1 1 1 1 1 0 0 0 1 1 0 0 1 0 0 0 1 0 0 1 1 0 0 1 1 0 0 0 1 0 1 1 0 0 0 1 0 0 0 0 1 0 0 0 0 0 0 1 0 0 1 
0 1 1 1 0 1 1 1 1 0 0 0 0 0 0 1 1 0 1 1 1 0 1 0 0 1 0 0 1 1 1 1 0 0 0 0 0 0 1 1 0 1 1 0 0 1 1 1 1 1 0 0 1 
1 0 1 0 1 1 1 0 0 1 0 1 1 0 1 1 0 0 1 1 1 1 1 0 1 0 1 0 0 1 1 1 0 0 1 1 0 1 1 0 0 1 1 1 1 0 1 1 0 0 1 1 0 
0 1 1 1 0 1 1 0 0 1 0 0 0 1 0 1 0 1 1 1 0 1 0 1 0 0 1 0 1 1 0 1 0 1 0 1 0 0 1 0 1 1 1 1 0 1 1 0 0 0 1 1 1 
1 0 1 1 1 0 0 0 0 0 1 0 0 0 0 0 1 1 1 0 0 1 0 1 0 0 0 0 1 1 0 0 1 1 0 0 1 0 1 0 0 0 0 1 0 0 1 1 1 1 1 1 0 
1 1 0 1 1 0 0 0 0 0 1 0 0 1 1 1 0 1 1 0 1 0 0 0 0 1 1 1 0 1 1 1 0 1 0 1 1 0 1 0 1 0 0 1 1 1 0 0 1 0 0 0 0 
1 0 0 0 0 1 1 1 0 0 1 1 1 0 1 1 1 1 0 1 1 0 0 0 0 0 1 0 1 0 1 0 0 1 0 0 1 1 1 1 0 0 1 1 0 0 0 1 1 1 0 0 1 
1 0 1 1 0 0 0 0 1 0 0 0 1 1 1 0 0 1 0 1 0 1 1 0 0 1 1 1 1 1 0 0 1 1 0 1 1 0 1 0 1 0 1 0 1 0 0 1 1 1 0 1 0 
0 1 0 1 0 1 0 1 1 1 1 1 1 0 0 1 0 1 0 0 0 0 1 0 1 0 0 0 1 1 0 1 1 1 0 1 0 0 1 0 1 0 1 0 0 1 0 0 0 0 0 0 1 
1 1 0 0 1 0 1 0 0 0 1 1 0 1 0 0 0 0 0 0 1 0 0 0 0 1 1 1 1 1 0 1 0 0 1 1 0 0 0 0 0 1 0 0 0 0 0 0 0 0 0 1 1 
1 1 1 0 0 0 1 0 0 0 0 0 1 0 0 1 0 1 1 1 1 1 0 1 0 0 1 0 1 0 1 0 1 1 0 0 1 1 0 0 0 0 0 1 0 1 1 0 0 0 0 1 0 
0 0 0 0 1 0 1 1 0 1 0 1 1 0 0 1 0 0 1 1 1 0 1 0 1 0 0 0 0 1 0 0 1 0 0 0 0 0 1 0 1 1 1 1 0 0 0 0 0 1 1 1 1 
1 1 1 1 1 1 1 0 1 1 1 1 1 1 1 1 0 0 1 0 1 0 0 1 0 0 0 1 0 1 0 1 1 1 0 0 0 1 1 1 0 0 0 1 0 0 1 0 0 0 0 1 0 
0 1 0 1 1 1 1 0 1 0 1 1 0 0 1 1 1 1 1 1 1 0 1 1 1 0 1 1 0 1 1 1 0 1 0 1 0 1 1 0 1 1 1 1 1 0 0 0 1 1 1 1 1 
1 0 1 1 0 0 1 1 0 0 1 1 0 0 0 1 1 0 0 0 1 1 1 1 1 1 1 0 1 0 0 0 0 1 1 0 1 0 1 1 1 0 1 1 0 1 1 0 1 1 0 0 1 
0 1 0 1 0 1 0 0 1 0 1 0 1 1 1 0 1 1 1 1 0 0 0 1 1 0 0 1 0 0 0 0 1 0 0 0 1 0 0 0 1 1 0 0 1 0 0 0 1 1 1 1 0 
1 0 1 1 0 0 0 0 0 0 1 1 0 1 0 1 0 1 0 1 1 0 0 1 1 0 0 0 0 1 0 1 1 0 1 1 0 1 1 1 1 1 0 0 0 0 1 0 1 1 0 1 1 
0 0 0 1 1 1 1 0 1 0 0 1 1 1 0 0 1 1 0 0 1 0 0 1 1 1 1 0 1 0 1 1 0 0 0 1 1 1 0 0 0 0 0 1 1 0 0 0 1 0 0 0 0 
1 1 1 0 0 1 1 0 0 0 1 0 1 0 1 0 0 0 0 0 0 0 0 0 0 0 1 0 1 1 0 0 0 1 0 1 0 1 1 0 1 0 1 0 1 0 1 1 0 1 0 0 1 
0 0 1 0 1 1 1 0 1 1 1 0 1 0 0 0 1 1 0 0 0 0 1 0 1 0 1 1 0 1 0 0 0 0 1 1 1 0 0 1 0 1 1 1 1 0 0 0 1 0 0 1 0 
1 1 0 0 0 1 0 0 1 1 0 1 0 1 1 0 1 0 0 0 1 0 1 1 0 0 0 0 0 1 0 0 1 0 0 1 1 0 1 1 1 1 0 1 1 1 0 0 1 0 1 1 0 
0 0 0 0 1 0 1 0 1 1 1 1 1 1 1 1 0 0 1 0 0 0 1 0 0 1 1 1 0 0 1 1 1 0 1 0 0 0 0 1 1 0 1 0 1 0 0 1 0 1 1 0 1 
0 0 0 0 0 1 0 0 0 1 1 0 1 1 1 1 0 0 1 0 1 1 1 1 1 0 1 0 0 0 0 0 0 0 0 0 1 1 1 1 0 0 0 1 0 1 1 0 1 0 0 1 1 
1 0 1 1 0 1 1 0 1 0 0 1 0 1 0 1 0 0 0 0 0 1 0 1 0 0 0 0 0 1 0 1 0 1 1 0 0 0 0 0 0 0 1 1 1 0 0 1 0 0 0 0 0 
0 1 0 1 1 1 1 1 1 1 1 0 0 1 0 0 1 0 1 1 0 0 1 0 0 0 0 1 0 0 1 1 1 1 0 0 0 1 1 1 0 0 1 0 1 0 1 0 0 0 0 0 0 
1 0 0 1 0 1 0 0 0 1 1 0 1 0 0 0 1 0 1 0 1 1 1 1 0 0 0 0 0 0 0 1 1 1 0 1 0 0 0 1 1 1 1 0 1 1 1 1 1 0 1 1 1 
0 0 0 0 0 0 0 1 1 1 0 0 0 1 0 0 1 1 0 1 0 0 0 0 1 1 1 1 0 0 1 1 1 1 1 1 1 0 0 0 1 0 0 1 0 1 0 1 0 0 0 1 0 
1 1 0 0 0 1 1 1 0 0 0 1 1 1 1 1 0 1 1 0 0 0 0 1 0 0 1 0 0 0 1 1 1 1 0 0 0 1 1 1 1 1 0 0 0 1 0 0 1 1 1 1 1 
1 0 0 1 1 0 0 0 1 1 1 0 1 1 1 0 0 0 1 1 0 0 0 0 0 0 1 1 1 0 0 1 0 0 0 1 1 0 1 0 0 1 1 1 0 0 0 1 0 1 0 0 1 
0 0 1 1 1 0 0 1 1 1 1 1 0 1 0 0 0 1 0 1 0 0 0 0 0 1 0 1 1 0 1 0 1 0 1 0 1 1 0 0 1 1 1 1 0 0 1 1 1 0 0 1 0 
0 1 0 1 1 1 1 1 0 1 0 1 0 1 0 1 1 0 0 0 1 1 1 1 1 0 0 1 0 1 1 1 0 1 0 1 0 1 1 1 0 1 0 0 0 0 0 1 0 0 0 1 0 
1 1 1 1 1 0 1 1 1 0 1 0 1 1 0 0 0 1 1 1 1 1 0 1 1 1 1 0 1 1 0 0 0 1 1 1 1 1 0 0 1 0 0 0 1 0 1 1 0 0 0 1 1 
0 1 1 0 0 1 1 1 1 0 1 0 1 1 1 0 1 1 0 1 1 0 0 1 1 1 1 1 0 1 1 0 0 0 0 0 1 0 0 0 0 1 0 1 0 1 0 0 0 0 1 1 0 
0 0 0 1 0 1 1 1 0 0 1 0 0 1 1 0 1 1 0 1 1 0 1 0 0 1 0 0 1 1 0 1 0 0 0 0 0 0 1 0 0 0 1 0 1 0 1 1 0 1 0 1 1 
1 0 1 1 0 1 0 0 0 1 0 0 1 0 0 1 1 1 1 1 0 0 0 0 1 1 0 0 1 0 0 1 0 1 0 0 1 0 0 1 1 0 1 0 0 0 0 1 1 1 0 1 1 
1 1 0 0 0 1 0 0 1 1 0 0 1 0 1 1 1 0 0 1 0 0 0 0 0 1 1 0 0 0 1 1 1 0 1 1 1 1 1 0 0 1 0 1 0 0 0 1 0 0 0 0 1 
