58 55 908
27 28 73 4 73 96 59 29 34 84 97 30 97 22 69 51 61 66 94 29 63 1 48 94 92 69 83 6 14 44 25 92 71 97 95 43 92 54 23 78 89 71 7 37 92 75 87 52 92 33 33 55 85 32 100 
76 100 34 33 65 29 9 56 100 6 3 94 49 8 69 26 48 39 85 84 31 11 22 82 55 54 66 61 39 98 60 66 97 45 99 14 73 7 21 24 64 75 18 13 82 86 90 29 76 26 12 6 37 86 88 
91 39 53 51 29 2 62 95 51 58 93 64 30 51 36 6 15 11 75 79 44 12 20 73 87 46 36 93 34 21 32 76 12 36 26 40 38 39 86 88 96 30 3 77 81 38 34 47 100 8 25 44 19 44 16 
58 89 3 50 74 76 33 49 87 20 74 78 57 64 64 96 11 45 98 88 25 88 73 23 87 81 47 82 51 91 49 8 31 52 9 5 27 93 5 65 13 79 42 21 94 57 17 5 2 66 44 78 5 16 1 
44 96 99 25 99 41 74 6 24 77 67 80 55 59 84 19 71 14 12 92 8 69 60 64 22 25 7 51 30 74 3 73 22 2 49 20 42 22 77 17 50 43 96 4 54 80 22 76 93 34 67 100 54 78 63 
27 55 21 77 36 95 32 8 16 85 8 35 78 82 63 95 31 58 90 35 11 69 8 86 62 41 5 13 46 34 28 24 88 48 53 23 94 84 82 9 68 90 95 45 71 10 91 1 67 81 87 77 49 95 14 
62 35 70 27 33 4 54 56 91 53 8 14 47 43 47 7 10 36 54 7 58 63 97 59 29 77 45 57 78 39 70 91 26 40 17 10 95 70 65 85 75 25 50 21 67 97 27 29 84 32 35 42 94 31 52 
22 60 48 78 89 87 48 31 64 39 48 73 85 69 89 21 43 65 71 15 32 19 94 60 54 25 94 47 19 76 98 92 87 46 70 27 84 69 58 47 59 57 71 43 77 11 63 20 76 85 86 7 55 31 18 
9 56 63 7 26 90 5 17 77 2 86 55 85 6 64 83 64 20 5 58 97 15 21 68 42 57 53 100 64 36 17 24 91 79 30 16 69 34 84 97 35 22 51 71 27 67 53 43 86 9 100 34 24 72 1 
65 29 6 65 92 41 33 67 83 12 96 50 32 30 33 28 16 54 30 87 33 96 91 75 34 100 26 67 75 98 20 91 78 77 7 21 69 40 87 51 3 82 52 34 63 84 13 31 90 94 17 74 42 59 100 
75 58 25 93 32 74 64 23 51 92 29 23 60 20 61 62 22 95 13 55 57 97 19 87 38 13 55 63 54 14 62 80 23 86 24 7 60 88 81 62 79 61 37 91 81 97 52 2 91 65 9 100 13 27 38 
2 91 45 64 44 10 25 75 32 10 99 90 21 38 70 35 68 31 71 58 11 19 10 64 62 74 72 61 38 51 50 39 41 46 2 37 55 26 11 39 87 61 28 8 50 98 42 18 80 12 27 90 82 36 5 
43 61 77 3 98 79 5 36 71 50 37 7 57 14 70 95 1 82 74 8 32 23 1 1 2 64 27 43 45 63 48 88 75 76 42 73 6 98 60 76 100 49 83 56 62 4 2 14 85 75 21 68 50 73 68 
51 88 95 46 33 9 45 72 83 20 13 7 25 63 67 52 62 67 34 17 28 89 70 42 26 44 14 93 45 39 13 48 26 7 93 58 15 37 81 49 8 46 56 84 8 74 35 69 40 21 37 67 9 6 60 
86 1 26 79 46 64 91 93 89 49 37 99 15 25 79 63 84 24 70 67 31 43 53 51 82 73 87 49 34 44 60 71 45 85 49 90 48 91 34 89 91 70 87 5 94 65 20 77 41 89 95 71 32 99 74 
13 72 12 13 57 56 73 27 100 9 28 41 9 70 74 97 61 95 83 17 40 99 88 68 39 77 62 62 60 60 87 24 83 98 37 91 53 61 70 4 21 49 44 29 18 69 25 30 15 59 99 54 10 86 21 
100 14 34 13 25 46 99 49 28 97 85 71 1 97 92 5 17 40 100 98 9 21 22 91 35 33 41 89 42 26 61 41 92 95 6 16 40 4 64 19 52 100 41 5 48 32 61 17 71 60 14 32 80 87 22 
67 19 62 7 12 39 67 5 82 13 10 98 4 65 13 23 69 13 15 73 12 47 33 28 69 92 41 100 24 80 73 42 98 86 48 62 25 14 66 6 27 27 55 30 43 68 4 11 32 19 83 43 17 15 71 
85 59 63 37 34 42 9 75 92 95 22 5 71 87 22 28 13 48 83 95 90 2 50 53 33 20 35 75 36 2 97 21 12 12 57 45 5 17 71 48 63 92 52 33 78 73 61 43 72 95 89 14 96 90 66 
28 10 52 54 45 53 3 17 64 66 25 8 70 42 78 18 4 21 21 89 51 94 49 45 17 43 33 30 90 22 47 17 83 99 22 28 51 76 44 67 41 21 74 63 62 4 32 17 76 52 5 26 97 53 22 
14 47 54 95 88 28 42 56 62 92 78 89 42 5 85 8 46 5 34 8 18 89 39 34 64 42 39 42 39 43 63 4 42 69 50 81 48 43 37 9 34 66 50 76 70 86 35 15 42 20 74 11 8 12 44 
24 6 34 17 44 29 31 99 22 99 48 2 98 91 90 59 76 55 60 51 25 97 38 39 38 57 65 48 65 28 43 40 33 29 56 28 9 86 26 82 37 26 35 86 68 25 96 43 79 55 46 55 51 83 46 
40 91 10 39 7 37 34 46 70 62 53 97 22 91 75 3 27 52 89 64 71 13 60 65 44 14 10 98 17 44 43 8 35 52 47 41 41 80 39 10 93 91 58 66 81 84 20 59 35 8 23 57 73 82 22 
16 47 31 65 15 27 60 23 61 63 69 53 3 100 91 64 92 34 22 57 14 57 76 25 92 35 47 100 7 80 21 74 78 52 39 93 78 98 67 90 12 35 94 15 86 85 78 29 70 51 85 35 8 12 59 
51 98 5 50 5 36 71 30 14 74 68 58 3 17 24 44 29 10 37 95 47 73 24 75 42 75 11 77 82 22 35 84 71 92 33 27 79 55 57 92 28 76 1 82 93 76 25 73 37 62 19 83 34 42 57 
28 16 67 4 49 40 38 32 11 81 65 37 60 71 93 3 99 69 4 32 13 31 57 37 68 70 55 2 55 48 59 82 64 25 85 12 17 75 96 79 55 12 15 14 82 60 69 32 80 72 64 44 54 72 32 
73 41 38 75 95 85 33 29 48 9 13 12 77 39 59 55 46 70 22 59 51 81 79 35 12 2 98 7 56 69 38 28 61 75 54 7 59 86 35 59 47 100 70 23 38 28 30 83 49 51 94 99 83 72 85 
94 74 82 52 81 2 89 8 62 15 62 69 73 99 3 31 97 2 52 72 92 31 1 74 79 51 67 30 85 91 66 30 64 48 81 96 1 69 3 63 83 16 83 7 67 85 90 15 39 93 86 30 24 86 55 
54 88 74 35 24 64 1 53 79 100 33 74 100 53 28 62 87 96 96 94 62 33 35 76 71 27 14 52 50 51 6 56 91 79 42 14 42 42 67 72 93 99 45 93 4 73 6 90 20 2 35 33 34 69 60 
56 96 73 7 97 24 64 4 14 43 46 27 36 39 93 8 32 44 52 76 99 76 81 40 47 34 75 79 19 95 39 74 42 11 32 39 86 96 94 99 38 39 78 25 78 22 32 61 17 36 36 15 63 68 55 
10 2 81 88 72 27 78 46 69 89 29 59 74 24 52 25 13 43 2 38 72 75 69 32 92 4 19 58 19 86 64 28 39 44 67 11 23 45 8 91 85 36 1 58 12 4 34 24 46 87 61 17 62 82 100 
5 37 18 62 55 56 26 82 46 21 49 8 43 45 67 85 29 3 37 38 66 41 72 89 38 10 2 7 71 83 6 27 19 76 89 26 83 14 7 28 86 7 88 81 51 54 17 79 8 54 69 73 46 40 14 
83 49 15 89 72 49 47 98 19 22 38 44 56 3 3 35 89 61 22 69 12 76 37 42 83 90 62 56 35 1 69 18 2 35 58 25 35 4 22 53 77 60 97 32 62 51 67 2 11 88 22 74 63 59 68 
98 48 29 53 35 82 73 4 83 59 61 7 93 65 80 45 93 91 93 25 5 43 43 6 6 30 28 79 45 38 98 42 37 27 46 71 8 70 74 90 80 35 48 72 51 27 68 43 70 13 19 74 7 61 79 
12 43 58 43 87 47 40 80 84 66 77 54 25 98 80 66 77 14 13 100 16 92 67 10 61 31 29 86 38 41 16 1 83 74 43 21 72 83 52 55 100 28 9 25 77 40 42 53 53 55 52 20 98 71 29 
58 1 9 43 38 50 58 39 84 83 33 57 7 67 8 61 67 88 21 43 64 60 84 69 64 90 20 83 87 42 64 96 43 24 90 32 25 100 70 61 34 3 17 40 69 24 1 87 63 73 81 79 33 17 47 
48 58 18 83 45 60 46 92 2 21 34 33 46 33 55 58 66 9 74 58 29 49 10 68 12 82 48 42 14 16 88 14 74 5 96 70 16 93 13 17 13 46 2 10 30 8 67 96 16 92 5 96 41 14 63 
4 95 63 45 61 78 32 74 3 88 69 24 4 13 37 72 25 82 73 87 12 80 5 59 47 97 63 43 37 28 57 40 22 19 36 34 49 67 59 3 6 27 27 9 91 63 81 16 96 5 54 59 37 58 17 
83 54 31 77 42 10 34 33 32 4 68 17 4 86 76 7 92 54 33 100 45 95 32 12 42 37 65 1 73 74 69 7 80 100 84 21 61 69 54 92 24 73 61 28 59 36 34 2 41 66 1 37 12 85 48 
53 21 64 5 45 38 74 51 17 25 86 89 85 54 94 29 78 67 89 5 77 76 90 78 16 55 30 53 18 14 52 22 34 16 27 78 5 100 81 21 24 66 61 8 20 55 88 49 21 76 5 97 3 94 26 
71 100 55 75 69 69 26 90 2 93 16 32 97 15 12 69 90 77 30 50 48 84 37 48 56 65 4 4 67 49 29 37 100 35 63 68 3 89 58 57 33 73 40 30 40 51 50 81 79 31 82 79 66 19 26 
21 83 82 76 1 30 56 90 30 91 52 97 45 92 6 53 25 31 92 6 22 94 55 2 25 86 84 3 3 54 80 76 88 61 51 40 43 59 29 72 1 81 20 45 24 26 98 48 8 41 53 29 35 60 82 
59 97 65 13 99 70 92 26 57 5 77 97 47 87 77 70 87 9 89 83 33 66 32 80 73 73 85 1 59 96 35 17 44 99 29 94 21 72 20 29 76 48 25 74 34 54 43 20 62 84 54 94 49 86 26 
74 10 62 26 68 9 60 84 52 11 64 45 31 35 16 59 63 63 36 36 96 89 31 67 2 14 73 96 62 58 73 87 67 34 13 34 94 72 69 45 82 84 41 12 70 9 23 32 71 10 20 19 98 50 37 
99 15 9 46 28 18 18 15 84 3 27 69 96 98 89 92 32 72 85 95 94 93 69 77 63 78 96 33 75 97 70 26 63 78 71 91 96 41 5 31 95 83 52 91 32 40 34 63 64 18 10 9 10 78 85 
25 56 33 57 30 81 26 7 44 56 30 34 3 70 90 33 16 72 84 6 3 76 40 66 91 57 75 51 19 4 35 43 59 67 99 41 48 77 47 43 32 28 76 34 97 65 18 13 88 54 70 90 81 61 7 
23 70 33 73 88 37 7 82 95 26 80 35 25 8 34 67 39 61 94 24 10 10 42 74 97 95 43 86 27 56 93 49 25 77 21 64 13 27 45 8 4 76 94 28 84 27 94 74 40 87 98 49 48 91 22 
44 37 16 82 63 71 74 11 47 2 83 62 15 61 6 74 65 34 67 92 17 46 38 42 85 76 39 33 24 81 6 67 17 21 48 31 44 73 93 42 75 75 4 41 36 61 14 100 94 80 43 62 77 80 4 
61 56 94 45 79 75 50 97 91 23 45 74 18 69 66 59 95 41 62 35 28 23 48 79 68 80 21 30 56 53 33 69 60 26 13 90 100 15 86 43 89 82 16 6 3 81 64 97 73 78 32 100 52 79 78 
19 58 51 48 66 3 32 34 62 58 98 51 9 64 88 51 52 70 18 9 24 51 73 20 23 2 51 23 53 30 52 23 39 2 71 56 56 2 89 17 11 39 19 20 54 7 22 58 28 40 66 51 90 90 70 
64 91 73 38 95 2 90 18 92 43 40 48 99 41 88 67 4 78 86 23 32 44 44 89 23 35 54 25 76 96 94 40 86 18 29 33 19 70 50 63 13 41 10 63 81 97 29 36 75 66 58 6 9 54 46 
83 40 51 7 16 46 53 7 84 70 87 16 41 57 17 3 21 57 12 83 89 8 63 25 34 29 34 91 89 87 88 24 79 39 30 94 36 82 52 71 52 38 86 92 94 54 94 14 62 57 48 3 16 63 79 
50 43 12 92 83 51 80 6 29 18 36 74 5 69 25 76 20 62 13 63 8 19 8 73 80 64 73 82 32 35 60 33 77 24 24 59 74 3 17 54 72 52 27 77 20 3 4 92 64 16 6 23 34 66 96 
66 81 68 47 12 54 59 44 30 82 68 40 7 22 56 60 94 59 38 22 31 40 77 74 55 92 79 78 26 96 25 91 77 92 89 88 97 99 84 78 32 3 17 38 24 25 49 69 35 86 42 65 25 18 90 
80 10 69 9 87 16 33 29 92 76 69 32 72 68 67 49 99 69 17 89 44 93 37 13 28 75 6 44 99 24 34 30 85 54 90 23 69 22 3 13 97 23 44 20 42 10 20 93 30 89 81 73 81 69 37 
60 43 43 56 94 18 89 75 2 94 65 76 14 38 30 26 35 52 21 6 94 82 78 86 63 66 18 36 46 86 72 58 81 14 13 74 31 53 100 84 98 64 11 11 2 40 89 88 44 61 45 89 95 22 26 
57 87 43 92 85 80 16 94 60 81 6 85 64 10 85 99 7 100 10 69 53 1 9 92 96 22 89 84 16 10 9 24 49 3 68 85 83 83 78 94 63 35 79 26 44 15 25 2 66 86 22 71 86 83 14 
34 4 2 17 19 12 78 94 12 80 61 96 62 43 73 56 58 7 86 83 2 52 59 55 69 44 76 39 82 58 53 15 13 54 83 31 17 60 25 28 40 37 75 53 80 47 60 37 5 97 71 58 48 30 12 
0 0 1 0 1 0 0 1 1 0 0 1 0 1 1 0 0 0 0 1 1 1 0 1 1 1 1 1 0 0 0 0 1 1 1 0 0 1 0 1 1 0 0 0 1 0 0 0 0 0 1 1 1 1 0 
1 0 1 0 1 0 0 1 1 0 0 1 0 0 1 1 1 1 1 1 1 1 1 1 1 0 0 0 1 1 0 0 0 0 0 1 0 1 0 1 1 1 0 1 1 0 0 0 1 1 0 0 1 1 1 
0 1 1 1 1 1 1 1 1 1 0 0 1 1 0 0 0 1 1 1 0 1 1 1 0 0 1 1 1 0 0 0 0 0 1 1 1 0 0 0 0 0 0 1 1 0 0 1 0 1 0 0 0 1 1 
0 0 0 1 1 1 0 1 1 0 0 0 1 1 0 1 1 1 1 0 0 1 0 0 1 1 0 0 1 0 1 0 0 0 1 1 1 1 1 0 1 1 0 0 0 0 1 1 1 0 0 0 0 0 0 
1 0 0 1 1 0 1 1 0 1 1 0 0 0 1 0 0 0 0 0 1 0 0 0 0 0 0 0 0 1 0 0 1 0 1 0 1 0 0 1 1 1 1 1 1 0 1 1 1 1 0 0 0 0 0 
0 0 1 0 1 0 0 1 1 0 0 1 1 1 1 1 0 0 0 0 0 1 1 1 0 1 1 0 1 1 0 1 0 1 1 1 1 1 0 0 1 0 0 1 1 1 0 0 0 0 0 0 1 1 1 
1 0 1 1 1 0 0 0 0 1 1 1 1 0 1 1 0 0 1 1 1 1 1 1 1 1 1 1 1 1 0 0 1 1 0 1 0 0 1 0 1 1 0 0 1 1 0 1 1 1 0 1 0 1 0 
1 1 0 0 0 1 1 0 0 0 0 1 0 0 1 1 0 0 1 0 1 0 0 1 0 0 1 1 0 1 1 0 0 1 0 0 0 1 0 1 0 1 0 0 1 1 1 1 1 0 0 1 1 0 0 
1 0 1 0 1 0 1 1 0 1 1 0 1 1 1 0 1 0 1 1 1 0 1 1 0 1 1 1 0 1 1 1 0 0 1 1 1 1 0 1 0 1 0 1 0 1 0 1 1 1 1 0 1 0 1 
1 1 0 0 0 0 1 1 0 0 1 1 1 0 1 0 0 0 0 1 1 1 1 0 0 0 1 1 0 1 0 1 1 1 0 1 1 1 0 1 1 1 0 0 1 1 1 1 1 1 1 0 1 0 1 
1 1 0 0 1 0 1 0 1 0 0 0 1 0 0 0 1 0 0 0 1 1 1 1 0 0 0 1 1 0 0 1 1 0 1 0 0 0 1 1 0 1 1 1 1 0 1 1 0 1 1 1 0 0 0 
1 0 0 0 0 1 0 1 0 0 0 1 1 1 0 0 1 1 0 1 1 0 0 0 0 0 1 1 0 1 0 1 1 0 1 1 1 1 0 0 0 1 1 1 0 1 1 1 0 1 0 1 1 1 1 
1 1 0 1 1 1 1 1 1 1 0 0 1 0 1 1 0 0 0 1 0 1 0 1 1 0 0 1 1 1 0 1 0 1 0 1 0 1 0 1 0 1 0 1 1 1 0 1 1 0 0 1 1 0 0 
1 0 0 0 0 1 0 1 1 1 1 1 0 0 1 1 0 0 1 0 1 0 0 0 1 1 0 0 0 1 1 1 1 1 1 1 1 0 0 0 1 1 1 1 1 1 1 0 1 0 0 1 1 0 1 
0 1 0 1 0 1 0 1 0 1 1 0 0 1 0 1 0 0 0 0 1 1 1 1 1 1 1 0 0 0 1 1 1 1 0 1 0 0 1 1 1 0 1 0 1 1 1 1 1 1 1 1 1 0 0 
0 0 0 0 0 0 1 1 1 1 1 1 1 1 0 0 1 0 1 1 1 1 0 0 0 1 0 1 0 0 0 0 0 0 0 1 0 0 0 1 1 0 0 0 1 0 1 0 0 0 1 1 1 1 0 
0 1 0 1 1 0 1 0 1 1 0 0 1 0 0 1 1 0 1 0 0 0 1 0 0 1 0 0 1 1 0 1 0 0 0 0 0 0 0 1 1 0 1 1 1 0 0 0 0 1 0 0 1 1 1 
0 1 1 0 0 0 0 1 1 0 1 1 0 1 1 0 1 1 1 0 0 1 0 1 0 1 1 0 1 1 1 1 0 0 1 0 1 1 1 0 1 0 1 1 0 0 1 1 1 1 1 0 0 1 1 
0 0 0 1 1 1 0 0 1 1 1 1 0 0 0 0 1 1 1 1 1 1 0 0 0 1 1 0 0 0 1 0 0 0 1 0 1 0 0 1 1 0 0 1 0 1 1 0 0 0 1 1 1 1 1 
1 1 0 0 1 0 1 1 0 1 1 0 1 1 1 0 0 1 0 1 1 1 0 1 1 0 0 0 1 0 1 0 1 1 0 0 1 0 1 0 1 0 0 0 1 1 0 1 0 1 0 0 0 0 1 
0 0 0 0 1 0 0 0 1 1 0 1 1 0 0 1 0 1 1 0 0 1 1 0 1 0 0 1 0 1 1 0 1 1 1 1 1 1 1 0 0 1 1 1 0 1 0 0 0 0 0 1 1 1 1 
0 1 1 0 0 0 1 0 0 0 1 1 1 0 0 1 1 1 0 0 1 1 1 1 0 1 0 1 0 1 0 0 1 1 0 1 0 1 1 0 1 1 1 0 1 1 1 0 0 1 1 0 1 0 1 
1 1 1 0 1 1 0 1 0 1 0 1 1 1 0 1 1 1 0 1 1 1 1 1 0 0 0 0 1 0 1 0 1 1 0 0 0 0 0 0 0 0 1 1 1 1 1 0 1 1 0 0 1 1 1 
1 1 0 1 1 0 0 1 0 1 0 0 1 0 0 1 0 0 0 0 0 0 1 0 1 0 0 1 1 1 0 0 1 0 1 0 1 0 1 1 1 1 1 1 0 0 0 0 0 1 0 0 1 1 1 
0 0 1 1 1 1 1 0 0 0 1 0 1 1 1 0 1 1 1 0 1 1 0 1 0 1 0 0 0 1 1 0 1 1 1 1 0 1 1 0 1 0 0 0 0 1 0 1 0 1 1 1 1 1 1 
1 1 1 1 1 0 1 0 0 0 1 1 0 0 0 0 1 0 0 1 0 1 1 1 0 1 0 1 0 0 0 1 1 1 0 0 0 1 0 0 1 0 1 1 0 1 1 0 1 1 1 0 1 1 1 
1 0 0 0 0 0 1 1 1 0 1 1 0 1 0 0 0 0 1 0 0 0 1 0 0 1 0 0 0 1 1 1 1 1 1 1 1 0 0 0 1 1 0 1 0 0 0 1 0 1 1 0 0 0 1 
0 1 1 0 1 0 1 0 1 1 0 0 0 0 0 1 1 1 1 1 0 1 1 1 1 0 0 1 0 0 0 0 0 1 0 1 1 0 0 0 1 0 0 1 0 0 0 0 0 1 1 0 0 0 1 
1 0 1 1 1 1 1 1 1 1 0 1 0 0 1 1 1 1 1 0 1 0 1 1 0 0 0 0 1 0 1 0 1 0 1 0 1 1 1 1 0 1 0 0 1 1 1 0 0 1 1 1 1 0 1 
1 0 1 1 1 0 0 0 1 0 1 1 1 0 0 0 0 0 0 1 1 1 0 0 1 1 1 1 0 1 0 1 1 1 0 1 1 0 1 0 0 0 1 0 1 0 0 1 0 1 0 1 0 1 1 
0 0 0 1 1 1 1 0 1 0 1 0 0 1 1 0 0 1 0 0 0 0 0 0 0 1 0 1 0 1 1 0 0 1 1 1 1 0 1 0 0 0 0 0 0 1 1 0 0 1 0 1 1 0 1 
1 0 1 0 0 1 1 0 1 1 1 0 0 1 1 0 1 0 0 0 0 1 1 0 1 0 0 0 1 0 1 0 0 1 0 0 0 0 0 1 1 1 1 1 0 0 1 0 0 1 0 0 0 1 0 
1 1 0 0 0 1 1 0 1 0 0 0 0 0 0 1 1 0 0 0 0 1 1 0 1 0 0 0 0 1 0 0 0 1 0 0 0 1 0 1 0 1 1 0 1 0 0 1 0 0 1 0 1 1 1 
1 1 1 1 0 1 1 0 1 0 0 0 0 1 0 0 1 1 1 0 1 1 0 0 1 0 1 0 0 0 1 1 0 0 0 0 1 1 0 1 0 0 1 0 1 1 0 1 1 0 1 0 1 1 0 
1 1 1 1 1 0 0 0 0 0 0 0 0 0 0 1 0 0 0 0 1 1 1 0 0 1 1 0 0 0 0 1 0 0 0 1 0 0 0 0 1 0 0 1 0 0 0 0 0 0 1 1 1 0 0 
0 1 1 0 1 0 1 1 0 1 1 1 1 0 1 1 1 0 1 0 0 1 0 1 1 0 0 0 1 0 0 1 1 0 0 0 0 1 1 0 0 1 1 1 1 1 0 0 1 1 0 1 0 0 0 
1 0 0 1 1 0 0 1 1 0 1 0 0 0 1 0 0 0 1 1 1 0 1 1 1 0 1 1 0 1 1 1 1 0 0 1 0 0 0 0 0 1 0 0 1 1 0 1 0 0 0 1 0 1 1 
0 1 0 1 1 0 0 0 1 0 0 0 1 1 0 1 1 1 1 0 0 0 0 1 0 0 1 0 1 0 1 1 1 1 0 0 1 0 0 1 1 1 1 0 0 0 1 1 1 0 1 0 0 0 1 
1 0 1 1 1 1 0 0 1 1 0 1 1 1 0 0 0 1 1 0 1 1 1 0 1 1 0 1 1 0 0 0 0 1 1 0 1 1 0 0 1 1 1 0 0 1 0 0 0 1 0 1 1 1 0 
0 0 0 1 1 0 1 0 0 1 1 0 0 1 1 0 0 0 1 0 0 1 0 0 1 1 0 1 0 1 1 0 1 1 1 0 1 1 0 1 0 0 0 0 1 1 0 1 1 1 1 1 0 1 1 
0 0 1 1 1 0 0 1 1 1 1 1 0 0 0 1 0 0 1 0 1 0 0 0 1 1 1 0 0 0 1 0 0 0 1 1 0 1 1 1 0 0 1 0 0 1 1 0 1 1 0 0 1 0 0 
1 1 1 1 1 1 1 1 1 1 0 1 0 1 0 1 1 0 0 1 0 1 1 0 0 0 0 0 1 0 0 0 1 1 0 1 0 1 0 0 0 1 1 0 0 1 0 0 1 0 1 1 0 0 1 
0 0 1 1 0 1 1 0 0 1 0 1 1 1 0 1 0 1 0 0 1 1 0 1 0 1 1 1 1 1 0 1 0 1 0 0 0 0 0 1 1 1 0 0 0 0 0 0 1 0 1 1 0 1 0 
0 0 1 0 1 1 0 1 1 0 1 1 0 1 1 1 0 0 0 1 1 0 1 1 0 1 0 1 1 0 1 0 0 1 0 0 0 0 1 1 0 0 0 1 0 1 0 0 0 0 1 1 1 0 0 
1 0 1 0 1 1 1 1 1 0 1 1 0 0 0 1 0 1 1 1 1 1 0 1 1 0 1 0 1 1 0 0 1 1 0 1 0 0 0 0 0 0 1 1 0 0 0 0 1 0 0 0 1 0 1 
0 0 0 0 0 0 0 0 1 0 1 0 0 1 1 0 1 1 0 0 1 0 1 1 1 1 1 1 0 1 0 0 0 1 0 0 1 0 0 0 0 1 1 1 0 0 1 0 1 1 0 0 1 1 1 
0 0 1 1 0 0 0 0 0 1 0 0 0 1 1 0 1 0 1 0 1 1 0 1 0 1 1 0 1 1 0 1 1 1 1 0 1 1 0 0 0 1 0 0 0 1 0 1 0 0 0 1 1 0 0 
0 1 1 0 0 0 0 0 0 1 1 0 1 0 0 1 0 1 1 0 1 1 0 1 1 0 1 0 0 1 0 0 0 1 0 1 0 1 1 0 0 0 0 1 0 0 0 0 0 0 0 1 1 0 0 
0 1 1 0 1 0 0 1 1 1 1 0 1 0 1 1 1 1 1 0 1 0 1 1 0 1 1 1 0 1 0 0 0 1 0 1 0 0 0 1 1 0 1 1 0 0 0 1 1 0 0 0 0 1 1 
0 0 0 1 0 1 1 0 0 1 0 1 1 0 0 0 1 0 1 0 0 1 1 0 0 1 0 0 1 1 1 1 1 1 0 1 0 0 1 0 1 1 0 0 1 0 0 0 0 1 1 0 0 0 0 
0 1 0 0 0 1 1 1 0 0 1 1 0 1 0 1 0 1 1 0 0 1 0 1 1 1 0 1 1 0 0 1 1 0 1 1 0 0 0 0 0 1 0 1 1 0 0 1 0 1 0 0 0 0 1 
1 0 1 0 1 1 0 1 0 1 0 1 1 1 1 1 1 1 1 0 0 0 0 1 0 1 1 0 1 0 0 0 0 1 1 1 1 1 0 1 0 1 1 1 0 0 1 1 1 0 0 1 0 0 1 
0 0 0 1 1 0 1 0 0 0 1 0 1 0 0 1 1 1 0 0 1 0 1 1 0 0 1 1 0 1 0 1 1 1 0 1 1 1 1 0 1 0 0 1 0 0 0 1 0 0 0 1 0 1 0 
0 1 1 0 0 1 0 1 0 1 1 1 1 0 0 1 1 0 1 0 1 1 0 0 1 0 0 1 1 0 1 1 1 1 1 1 0 0 0 0 1 1 0 0 1 0 1 1 1 0 1 0 0 0 0 
1 0 1 0 1 1 0 1 0 1 0 0 1 0 0 1 0 0 1 0 1 0 0 0 1 0 0 1 0 0 1 0 0 0 0 0 1 0 1 0 1 1 0 0 0 0 0 0 0 1 0 0 1 0 0 
0 1 0 1 1 0 1 1 1 1 0 1 1 0 0 1 0 1 1 0 1 1 0 1 0 0 0 0 1 0 0 0 1 1 1 1 1 0 0 0 0 0 1 1 1 1 0 1 1 1 1 0 0 0 0 
0 0 0 0 1 0 1 1 0 0 1 1 1 1 1 0 1 0 1 0 1 1 0 0 0 1 1 0 0 1 0 0 1 0 1 1 1 0 0 1 0 1 0 1 1 1 1 0 1 1 1 0 0 1 0 
0 1 0 0 1 1 1 1 1 1 0 0 0 0 0 1 0 0 1 0 1 1 1 1 0 0 0 1 0 0 1 0 1 1 1 0 1 0 1 0 1 0 0 0 0 0 1 1 0 1 1 1 0 0 1 
