40 54 647
26 85 27 77 68 100 98 24 63 96 77 80 85 47 12 22 41 85 95 85 80 36 71 55 84 26 23 5 2 48 64 80 84 42 56 52 42 5 75 4 1 52 35 85 50 47 58 90 83 4 26 15 39 97 
69 74 22 43 79 75 43 42 6 26 35 62 29 76 18 4 31 18 7 18 54 56 64 64 97 98 67 22 64 58 70 84 31 91 79 9 18 21 2 23 98 37 84 27 64 54 82 95 71 88 12 77 95 27 
40 43 76 58 64 92 15 86 75 98 76 5 58 45 77 12 68 75 48 3 1 11 56 34 57 79 21 68 7 15 46 98 57 22 55 72 13 22 57 39 71 85 44 28 81 72 39 48 46 38 3 98 1 58 
31 57 88 3 77 94 17 22 91 25 95 98 49 59 71 57 50 41 93 45 68 74 16 59 73 62 48 75 59 48 85 42 57 72 44 33 18 13 6 8 89 53 57 37 11 27 46 60 67 38 4 87 63 72 
97 36 33 44 10 43 92 46 84 48 18 80 32 35 92 89 94 80 93 51 69 56 77 14 15 96 3 71 82 66 42 78 53 26 73 14 68 64 60 4 63 77 35 46 63 26 35 8 57 79 58 25 34 87 
90 49 82 93 71 15 10 64 44 62 41 16 75 60 32 34 15 94 62 49 40 76 26 26 84 83 4 93 59 38 79 49 38 12 93 60 78 2 75 73 15 15 41 89 26 72 75 41 17 36 89 8 64 15 
85 47 49 41 39 7 78 70 7 67 33 99 78 11 52 52 35 66 18 75 7 43 98 81 83 67 68 24 74 31 90 11 29 38 51 20 44 80 89 3 46 21 1 23 83 5 26 18 22 43 92 80 37 42 
60 20 8 80 95 33 62 84 43 43 21 93 62 16 72 2 18 69 22 71 91 57 75 68 74 96 62 17 28 99 58 87 70 65 18 64 50 32 47 92 74 19 85 87 34 56 88 52 25 9 22 67 65 96 
87 90 43 48 7 70 46 16 9 15 33 78 78 82 9 76 73 34 94 57 20 28 65 7 79 41 68 52 59 84 99 45 74 93 93 32 15 38 47 23 5 79 52 82 60 13 10 33 46 3 41 18 82 57 
24 60 97 43 63 56 27 61 100 100 54 44 83 68 82 29 42 86 8 45 19 19 57 28 3 55 83 96 72 64 52 47 76 1 90 38 56 68 99 7 19 4 3 1 23 84 29 64 21 88 8 91 7 17 
71 9 71 5 4 94 68 8 40 43 8 81 33 15 48 83 21 18 86 23 18 8 58 99 23 30 86 82 73 44 98 95 53 20 99 8 13 66 15 5 61 74 37 93 88 37 27 9 54 12 83 24 71 93 
22 93 74 7 26 98 51 24 92 55 95 90 14 8 8 81 64 20 54 100 64 42 88 90 2 42 1 36 65 23 80 38 67 6 96 92 3 46 15 47 52 62 36 18 21 95 98 84 14 3 35 77 96 23 
18 49 16 18 37 32 92 16 69 58 73 64 50 76 62 16 22 65 77 9 82 97 56 31 32 21 86 67 50 81 41 67 30 56 85 18 39 28 33 7 86 6 70 87 33 83 2 6 48 31 66 29 79 21 
12 11 42 97 29 91 77 21 57 58 76 93 75 14 73 60 72 58 17 93 96 1 76 97 6 23 79 71 3 58 44 14 20 37 62 100 79 39 20 87 48 47 32 75 12 4 86 83 13 2 75 8 2 50 
56 59 24 35 81 79 44 24 92 63 12 54 62 90 44 81 77 43 79 60 69 90 63 54 72 75 7 98 34 60 100 89 70 23 23 51 1 18 26 45 80 38 50 93 27 45 25 55 39 3 14 8 92 28 
13 63 54 20 61 87 31 60 76 1 34 50 3 87 68 28 83 99 65 32 92 44 28 68 50 66 71 16 73 14 43 86 77 49 57 89 35 39 100 62 39 85 12 41 23 31 21 5 29 37 88 72 32 15 
40 82 81 62 49 53 75 43 90 3 91 98 43 26 37 94 39 75 79 50 68 1 32 88 58 13 24 45 84 56 60 75 89 40 36 37 44 63 79 86 65 70 83 60 47 19 53 85 94 83 87 13 36 70 
52 93 82 27 89 18 34 48 92 22 39 80 10 35 42 41 20 58 62 2 17 8 73 22 44 18 4 82 30 39 52 81 83 33 7 72 50 41 19 94 14 10 73 24 44 66 16 15 23 77 16 92 36 40 
13 79 57 16 13 86 7 64 18 89 48 77 60 50 69 31 43 34 92 67 57 35 84 24 1 6 100 68 49 35 8 61 66 64 29 78 50 35 41 19 75 40 95 87 41 15 17 35 49 60 1 57 94 84 
81 46 42 80 13 90 67 20 3 32 84 83 9 85 17 1 3 43 40 50 29 33 64 97 67 12 56 68 21 1 3 1 46 96 32 59 38 98 78 40 29 13 22 37 97 90 89 52 84 81 53 13 13 16 
61 79 80 17 98 100 69 1 52 15 96 83 25 33 81 54 24 61 67 97 50 15 38 38 18 22 18 70 34 30 38 94 9 69 62 58 20 31 58 71 97 6 5 21 38 85 26 14 46 44 10 47 11 48 
84 28 69 2 98 54 83 87 99 43 55 61 1 74 91 10 96 39 15 100 59 5 37 36 18 34 80 79 80 90 78 63 69 98 16 66 51 51 4 50 93 58 10 45 83 52 55 30 90 69 30 100 25 18 
35 42 51 66 73 82 7 50 96 76 48 12 93 50 14 97 99 58 54 60 3 89 63 9 18 52 29 99 3 54 16 90 47 18 55 19 99 62 21 47 89 20 10 81 69 23 77 20 80 83 31 82 23 94 
42 40 97 71 91 52 24 58 41 70 76 47 41 26 60 13 72 48 32 81 29 52 55 57 23 35 39 54 68 61 99 10 53 47 80 43 98 55 100 90 24 27 89 16 5 48 28 76 48 59 9 76 63 63 
84 85 97 75 90 17 35 40 26 39 87 57 33 36 11 85 78 86 11 66 54 15 13 81 43 12 92 3 39 54 65 23 38 14 97 80 82 83 19 59 22 57 15 54 45 77 90 22 14 1 87 67 67 51 
48 61 63 91 63 1 44 80 75 33 45 71 12 26 54 83 84 27 39 50 32 83 78 22 56 91 22 42 10 40 45 57 1 59 47 15 59 42 46 34 74 90 56 38 15 61 20 50 87 10 51 19 45 28 
40 100 19 13 42 28 4 38 36 56 96 34 71 6 75 16 39 100 58 47 89 24 7 8 26 94 70 76 64 14 4 55 13 74 67 6 1 70 43 88 26 38 73 48 44 99 15 34 98 24 80 87 48 39 
46 73 84 15 48 99 80 3 53 93 76 19 98 28 40 41 15 17 30 39 16 73 37 31 59 87 6 90 25 53 28 70 77 63 37 77 61 16 79 13 60 55 83 58 82 23 50 49 91 31 87 7 4 76 
89 14 62 94 3 86 99 83 7 75 45 95 51 6 11 30 70 22 84 53 31 17 27 80 65 17 11 4 75 66 79 63 79 92 9 33 77 7 15 35 81 12 30 84 17 92 13 86 13 48 90 44 16 16 
75 81 85 37 36 59 54 66 74 84 57 82 17 85 88 83 19 20 94 48 3 62 39 67 100 52 66 89 47 82 57 21 62 41 10 49 51 63 14 24 99 22 5 67 6 44 49 24 16 43 24 70 4 62 
37 55 65 2 44 11 83 52 84 96 92 45 96 42 7 61 18 57 82 74 23 39 18 72 15 85 66 38 54 21 51 90 76 16 44 71 26 78 22 61 74 13 5 21 6 64 82 23 20 63 49 43 54 18 
66 68 2 31 5 55 3 55 97 78 22 92 48 100 69 21 60 94 33 65 15 91 80 96 65 99 10 13 93 63 30 10 82 83 92 86 38 95 93 86 24 66 77 24 65 45 44 25 39 29 41 5 19 20 
100 35 70 9 100 15 24 81 76 5 64 68 43 53 62 87 38 37 52 66 60 17 10 4 93 100 32 33 4 2 4 55 88 25 16 87 91 39 68 67 95 83 34 37 35 47 75 72 83 27 37 43 95 98 
98 87 98 29 71 53 82 26 8 69 50 23 8 41 13 27 59 7 9 92 96 43 90 70 66 72 48 2 66 94 51 63 32 100 43 54 53 76 79 12 45 81 34 4 73 98 30 31 4 38 22 51 80 11 
73 45 34 72 98 100 66 48 14 49 100 57 3 52 32 81 15 28 13 100 83 85 97 12 15 52 1 88 3 32 50 27 28 84 98 25 35 15 25 48 64 24 56 18 27 40 98 41 19 11 92 2 47 88 
65 62 39 66 49 93 49 99 19 77 34 17 53 68 83 77 67 46 52 75 63 30 14 13 22 84 75 13 85 21 100 2 34 91 19 35 83 67 33 54 43 18 22 96 37 4 24 3 2 28 29 16 57 42 
80 79 26 6 43 62 79 43 15 12 85 33 46 19 100 30 72 94 47 45 89 35 49 65 90 2 92 18 17 48 60 49 78 37 54 21 50 32 15 65 96 51 97 41 69 48 23 93 42 21 37 82 56 85 
46 45 38 37 62 7 37 73 55 66 9 8 86 11 92 52 75 87 2 71 79 71 71 1 63 12 74 51 93 29 36 39 73 25 27 86 31 63 59 85 81 19 45 66 29 88 70 3 74 23 26 4 93 48 
57 7 59 30 58 3 10 45 93 34 21 20 19 52 34 77 36 14 48 32 32 76 19 53 31 44 75 8 100 20 55 56 26 65 37 35 67 46 31 12 79 52 31 97 55 16 26 90 82 25 74 65 52 44 
17 82 88 91 41 39 10 47 94 88 11 82 74 30 27 57 41 57 60 23 5 14 90 82 55 23 6 28 87 58 72 55 91 11 98 32 49 59 30 94 98 41 75 72 22 53 80 62 9 39 36 65 4 25 
0 1 1 1 1 1 0 0 0 1 0 1 0 0 1 1 1 1 1 1 0 0 1 1 1 1 1 0 1 0 1 1 1 0 1 0 1 1 0 1 0 0 0 0 0 0 0 1 1 1 0 1 0 1 
0 1 0 1 0 0 1 1 1 0 1 0 1 0 0 1 0 0 0 0 1 0 0 1 0 1 0 0 0 0 0 0 0 0 1 0 0 0 1 0 1 0 0 0 0 0 1 0 1 1 1 0 0 1 
1 0 1 1 0 1 0 0 0 0 1 1 0 1 0 1 1 1 1 0 1 1 0 0 0 1 0 1 1 0 0 0 0 1 0 0 1 0 1 1 0 0 0 0 1 0 1 1 1 0 1 0 1 1 
1 1 1 1 0 0 1 1 1 1 0 1 1 1 1 0 0 1 0 1 1 0 1 0 1 1 0 0 1 1 1 0 1 0 1 1 1 0 0 0 1 1 1 1 0 0 1 1 1 0 0 0 0 1 
0 1 0 0 1 0 1 0 0 0 1 0 0 0 0 0 0 0 1 1 1 0 1 0 1 0 0 1 0 0 0 0 1 1 0 0 1 1 1 1 0 0 1 0 0 0 0 0 0 0 1 1 0 0 
1 1 0 0 0 0 0 0 0 0 1 0 0 0 1 1 0 1 1 1 1 1 1 0 1 1 0 0 0 0 0 0 1 0 0 1 0 0 1 0 0 1 0 1 1 0 0 1 1 0 1 1 1 0 
1 1 0 1 1 0 1 0 0 0 0 0 1 1 1 0 1 1 1 0 0 1 0 1 0 1 1 1 0 0 0 1 1 0 0 1 0 1 1 1 1 1 1 0 0 0 1 0 0 0 0 0 1 0 
1 0 1 0 1 0 1 1 1 0 1 0 1 0 1 0 1 1 0 0 1 0 1 0 0 1 1 0 1 0 0 1 0 0 1 0 0 0 1 1 1 1 1 0 1 1 1 0 0 1 0 1 1 1 
0 0 0 1 0 0 1 1 1 0 1 0 0 1 1 1 0 0 0 0 0 1 1 1 1 1 0 0 0 0 1 0 0 0 1 0 0 1 1 1 1 0 1 1 1 0 0 0 0 1 0 1 0 1 
0 0 0 1 0 0 1 1 1 1 1 0 1 1 1 1 0 0 1 0 1 1 0 0 1 1 1 1 0 1 0 0 1 0 1 1 0 0 1 1 1 0 0 1 0 1 0 0 0 1 0 1 0 1 
1 1 0 0 0 0 0 0 0 1 0 0 1 1 0 0 0 0 0 0 1 0 0 1 1 0 0 1 1 1 0 1 0 0 1 1 0 1 1 1 1 0 1 0 1 1 0 1 1 0 0 0 1 0 
1 0 0 0 1 1 1 0 0 1 0 0 0 1 1 0 0 0 0 1 0 1 0 0 0 0 1 0 0 0 0 0 0 0 0 1 0 1 1 0 0 0 0 1 1 0 1 1 0 1 0 1 0 0 
1 0 0 0 1 1 0 1 1 0 0 1 0 0 0 1 0 0 1 1 1 0 1 0 1 1 1 1 0 1 0 0 0 0 0 1 1 1 0 0 1 0 1 1 0 1 1 1 0 0 0 1 1 1 
0 0 0 1 0 1 1 0 1 1 0 1 0 0 0 0 0 0 1 0 1 1 1 0 0 1 1 0 1 0 1 1 0 0 0 0 1 1 0 0 0 1 1 0 1 0 1 1 0 0 1 1 1 1 
0 0 0 1 0 1 1 0 0 1 0 1 0 1 0 0 1 1 1 0 1 0 0 0 0 0 0 1 0 0 0 0 0 1 1 0 0 0 0 1 1 0 0 1 1 0 0 0 1 1 1 1 0 1 
1 0 0 0 1 0 0 0 0 0 1 1 0 1 1 1 0 0 1 0 0 1 1 0 1 0 1 0 1 1 0 1 1 0 1 1 0 1 1 0 1 0 1 1 1 0 0 0 0 0 0 0 1 1 
0 0 0 0 1 1 1 1 0 1 1 1 0 1 0 1 1 1 1 0 1 0 0 1 0 0 1 1 1 0 0 1 1 0 1 0 0 1 1 0 0 0 0 0 1 0 1 0 0 0 0 1 0 0 
0 1 0 0 0 1 0 0 1 1 1 0 1 1 1 0 1 1 0 1 1 1 0 0 1 0 0 1 1 1 1 1 0 0 1 0 1 0 0 0 1 1 1 1 0 0 1 0 0 0 1 1 1 1 
0 1 1 0 0 0 1 0 0 1 0 1 1 1 1 0 0 1 1 1 0 0 1 1 0 1 1 1 1 1 1 1 0 0 1 0 1 1 0 1 0 0 0 0 0 0 0 0 1 1 1 1 1 0 
0 1 0 0 1 1 1 0 0 1 0 1 1 1 0 0 0 1 0 1 1 0 1 1 0 0 0 1 1 0 0 1 1 0 1 0 1 0 0 1 1 1 0 1 0 1 1 1 0 1 0 1 0 1 
0 0 1 0 0 0 0 0 1 0 0 1 0 1 1 1 0 1 0 0 0 0 1 1 1 1 0 1 0 0 0 0 1 1 1 1 1 1 1 1 1 1 0 0 0 1 1 0 0 1 0 0 1 0 
1 1 1 0 0 0 0 1 0 1 0 1 0 0 1 1 1 0 0 1 0 0 0 1 0 1 0 1 1 0 1 1 1 0 1 1 0 1 0 1 1 1 0 1 1 1 1 0 0 1 1 0 0 1 
0 0 0 0 1 0 0 0 1 1 1 0 1 1 1 1 0 0 0 1 0 1 0 1 1 0 0 0 1 0 0 1 1 0 1 0 0 0 1 1 1 0 1 0 1 1 0 0 1 0 1 1 0 1 
0 1 0 1 0 1 1 0 0 0 0 1 1 1 1 0 0 1 0 0 1 1 1 1 1 0 0 0 0 0 0 0 1 0 1 1 1 1 1 1 1 0 0 0 1 0 0 1 1 0 1 0 0 0 
0 1 1 0 0 1 0 0 1 1 0 1 1 1 0 0 0 1 0 0 0 1 0 0 1 1 1 0 0 1 1 0 0 0 0 0 1 0 0 0 1 0 1 0 1 1 1 1 1 1 0 1 1 0 
1 0 0 0 0 0 1 1 0 0 1 0 0 0 0 1 1 1 1 0 0 1 0 1 0 1 0 0 0 1 1 1 1 1 0 0 1 1 1 1 1 1 1 0 1 1 1 0 0 0 1 0 1 1 
1 0 0 0 0 0 1 1 1 1 0 1 1 1 1 0 0 0 1 1 0 1 0 1 1 1 0 0 1 1 1 1 1 1 1 0 1 0 1 1 1 0 0 0 1 1 1 0 0 0 1 0 1 0 
0 1 1 0 1 0 1 1 1 1 0 0 1 0 1 0 1 0 0 1 1 0 1 0 0 1 0 1 1 0 1 1 1 0 1 0 1 1 1 0 0 0 1 1 0 0 1 1 0 0 0 1 0 1 
1 0 0 0 1 0 0 1 1 1 1 1 1 0 0 1 1 0 1 0 1 1 0 0 0 0 0 0 0 0 0 1 0 0 1 0 0 1 1 0 0 0 1 0 1 1 1 0 1 0 0 0 1 0 
0 1 0 1 1 0 1 1 0 0 0 1 0 0 1 1 0 1 1 1 1 0 0 0 0 1 0 0 1 1 0 0 0 1 1 0 1 0 1 1 0 1 1 0 0 0 1 0 1 1 0 1 1 0 
1 0 0 0 0 1 1 1 1 0 0 0 0 1 1 1 1 1 1 0 0 1 0 1 1 1 0 1 0 0 0 0 0 0 0 0 1 1 1 1 1 1 1 1 1 0 1 0 0 0 0 0 1 0 
1 0 1 0 0 0 0 0 0 0 0 0 0 1 1 0 0 1 1 0 0 0 0 1 0 0 1 0 0 0 0 0 1 0 0 1 0 0 1 0 0 1 0 0 0 1 0 1 0 0 1 1 0 1 
0 1 0 0 1 0 0 0 0 1 0 0 0 0 0 1 0 0 0 0 1 1 1 1 0 0 1 1 1 0 0 1 1 0 1 0 1 0 0 1 1 0 0 0 0 0 1 0 1 0 0 0 1 0 
1 1 0 1 0 1 1 0 0 0 1 0 0 0 0 1 1 1 1 1 1 0 0 1 0 1 1 1 1 0 1 0 1 1 1 1 0 0 1 0 0 0 0 1 0 0 0 0 0 1 1 1 1 1 
0 0 0 1 1 1 1 0 0 0 1 1 1 1 0 1 1 0 1 0 1 0 0 1 0 0 1 1 0 0 1 0 0 1 0 1 1 1 1 1 0 0 0 1 1 0 0 1 1 0 1 0 0 1 
0 0 0 1 1 0 1 0 0 0 0 0 1 1 0 1 0 0 1 0 1 1 1 0 0 0 0 1 0 0 0 0 0 0 1 1 0 1 0 1 1 0 1 0 1 1 1 1 1 1 1 1 0 0 
1 0 0 1 1 1 1 1 1 1 0 1 0 0 0 0 1 1 0 1 1 1 0 1 0 0 0 0 1 0 0 0 0 1 1 1 0 0 0 1 1 0 0 1 1 0 0 0 1 0 1 1 0 0 
0 0 0 0 0 1 0 1 1 0 0 0 1 0 0 1 1 1 0 0 0 1 0 0 1 0 1 1 1 1 1 1 1 1 1 0 0 1 1 1 1 1 1 0 1 1 1 0 0 1 0 0 0 1 
1 0 1 0 1 0 1 0 1 0 1 0 0 1 1 1 0 0 0 1 0 1 0 1 0 0 1 0 0 1 1 1 1 0 1 0 0 0 0 1 1 1 1 1 0 0 1 0 0 1 1 0 1 1 
0 1 1 1 1 0 0 1 1 0 1 1 0 0 1 1 1 0 0 1 0 1 1 1 1 0 0 1 0 1 0 0 0 0 1 0 0 0 1 1 0 0 0 0 0 0 1 0 0 0 1 0 1 0 
