47 57 239
15 65 61 99 71 3 9 98 34 9 33 82 84 72 33 70 20 3 55 88 26 19 47 43 99 100 93 41 1 32 42 16 96 2 66 66 4 74 15 89 82 100 71 65 71 55 86 90 10 93 77 35 11 76 29 9 75 
21 49 76 4 42 43 100 96 8 17 51 33 84 40 14 83 62 30 5 16 68 94 77 60 23 11 70 50 91 30 76 64 30 3 67 71 45 18 66 4 35 17 36 70 8 1 4 69 83 8 36 50 53 13 61 27 75 
30 28 66 59 4 29 88 6 47 10 3 65 28 58 51 44 46 20 3 46 75 71 80 82 6 29 86 70 41 13 45 70 40 62 80 95 42 19 53 88 81 55 4 8 64 54 3 9 25 5 7 99 27 38 80 84 19 
66 54 59 30 50 29 69 11 60 64 52 31 16 91 11 22 95 18 37 100 20 98 25 76 56 23 2 93 55 85 11 20 90 70 1 39 50 69 49 9 84 52 39 51 95 1 24 89 18 13 88 89 10 12 64 65 87 
17 57 41 54 68 12 43 37 12 82 86 32 82 46 68 86 37 70 80 37 94 68 7 6 7 95 67 71 11 31 57 27 87 49 80 6 60 23 42 23 56 79 54 37 77 21 22 13 43 53 1 36 20 7 93 79 2 
59 1 12 41 9 90 27 57 22 85 68 96 26 90 51 57 43 39 85 16 13 97 58 65 49 45 37 56 89 15 9 99 67 72 39 75 61 17 31 82 1 98 29 79 87 79 35 81 18 19 48 82 67 57 46 15 1 
82 22 89 48 30 39 14 1 77 88 62 94 18 95 94 67 24 72 5 54 58 38 23 28 85 4 46 42 50 13 94 83 34 35 31 64 73 44 16 50 32 29 43 1 76 88 20 51 12 76 4 21 13 79 49 98 34 
46 91 35 58 84 18 44 18 48 59 43 43 74 92 26 3 86 79 78 25 98 80 36 73 83 57 38 13 57 35 47 2 77 81 12 12 50 55 82 49 13 24 92 38 67 69 40 52 47 69 76 44 48 64 69 83 72 
6 47 80 92 93 33 20 26 44 31 75 50 12 76 62 87 67 100 53 35 91 4 34 12 32 77 11 47 97 45 18 2 92 49 45 36 81 64 13 77 95 40 26 58 15 40 45 33 91 49 67 33 5 100 44 36 29 
7 34 77 51 3 31 94 51 75 82 83 39 94 59 85 33 85 94 99 76 90 31 66 39 98 50 43 49 94 30 29 52 63 6 54 65 36 100 15 62 81 97 100 74 8 36 59 44 30 57 19 19 88 36 9 37 85 
51 37 30 80 18 81 42 75 35 6 62 34 72 23 66 21 75 91 28 10 49 71 91 58 41 62 97 76 70 85 60 21 73 90 100 90 70 94 64 56 51 77 41 23 100 6 95 74 97 22 35 97 44 78 54 84 39 
2 59 60 86 18 80 59 59 32 100 29 77 16 36 27 92 77 1 91 34 95 16 30 68 3 79 11 80 32 94 18 86 4 29 71 74 9 81 32 92 81 12 68 48 48 94 39 76 47 30 9 41 97 91 9 99 69 
19 78 52 65 47 37 20 76 60 93 36 92 25 27 24 88 46 71 35 91 10 62 37 91 23 78 87 13 38 38 33 8 67 84 24 66 73 44 41 84 36 28 27 12 6 51 100 3 21 86 93 82 100 82 72 22 11 
11 34 48 48 18 7 14 53 31 31 25 74 71 60 61 50 87 25 7 37 76 9 9 13 2 91 12 83 14 33 93 24 18 92 23 35 98 89 88 28 19 64 53 42 76 66 43 62 90 50 50 17 58 58 29 59 100 
93 93 14 77 37 89 95 28 64 81 26 52 20 5 22 36 58 15 11 75 58 24 64 7 73 32 64 30 12 75 82 4 19 95 81 56 35 27 35 98 59 60 49 31 17 23 66 26 37 28 100 94 51 63 100 23 46 
16 4 57 42 85 61 60 31 93 67 66 71 2 63 29 13 64 59 29 86 76 54 22 55 53 16 5 67 67 79 12 34 35 21 75 19 33 87 2 25 53 67 95 6 81 75 19 44 86 99 29 61 53 3 16 57 18 
72 76 36 3 87 70 37 59 44 7 91 30 8 67 35 26 13 40 7 88 10 2 25 9 83 37 13 85 4 69 2 76 44 89 78 83 58 14 93 54 72 84 35 80 2 69 57 15 61 15 54 70 17 78 30 51 14 
42 35 18 63 88 45 6 76 22 40 34 87 33 39 58 68 73 89 69 42 98 35 54 12 88 23 80 65 5 30 31 46 16 48 8 3 92 66 31 65 57 16 3 41 54 12 60 26 53 29 19 50 15 72 13 3 47 
45 19 51 74 1 48 42 48 8 96 91 25 26 7 81 41 61 74 46 73 33 72 25 13 90 26 28 14 90 82 60 34 52 62 60 53 9 1 52 16 96 43 40 22 1 73 14 62 98 60 86 30 83 62 95 72 87 
22 37 76 55 96 62 6 57 21 58 18 21 62 33 68 56 25 89 56 49 55 69 46 66 54 75 48 15 21 71 53 42 8 81 48 55 42 54 12 62 63 29 34 24 13 1 79 89 42 87 37 96 55 34 61 9 61 
60 75 81 30 28 23 37 8 22 44 49 27 55 62 90 35 95 65 99 95 96 88 88 34 76 83 88 10 95 48 70 54 75 50 36 2 24 24 9 46 67 9 72 21 70 13 7 16 30 6 10 25 45 98 10 72 32 
49 81 79 97 2 32 23 52 19 24 27 43 84 72 9 44 96 82 13 8 40 80 89 97 89 65 41 38 74 13 22 23 45 100 71 47 83 93 50 54 68 76 96 51 100 56 94 95 37 58 54 29 37 43 25 77 7 
66 67 81 30 40 55 74 91 25 72 73 69 21 78 36 97 73 86 96 29 31 42 17 40 95 45 28 89 70 4 96 87 22 28 68 61 34 41 51 58 65 76 26 85 53 13 33 78 50 80 6 80 21 74 71 68 19 
98 56 40 1 3 26 75 82 93 35 15 85 38 24 49 65 1 86 17 13 70 94 62 50 51 93 22 25 63 89 95 60 45 34 13 99 59 39 81 3 73 95 39 62 19 88 26 19 25 95 84 94 88 45 95 91 38 
17 67 52 5 61 64 1 94 28 100 4 66 32 58 90 26 96 52 96 35 77 67 59 71 50 5 11 46 51 1 35 67 19 87 24 79 50 76 24 77 27 79 94 58 36 83 36 31 34 83 66 63 49 76 33 50 32 
95 48 83 47 82 1 65 20 76 43 69 4 18 97 30 96 90 88 31 73 23 14 58 57 31 20 58 58 5 7 90 99 6 24 46 88 76 62 7 52 5 28 55 74 76 84 70 18 23 52 42 97 17 99 54 47 71 
11 5 75 69 46 73 27 69 70 14 44 32 72 47 88 51 53 13 79 89 82 96 11 86 89 60 54 39 65 53 9 75 57 83 95 54 8 21 22 29 86 17 12 10 64 99 12 16 12 42 4 45 37 67 82 77 26 
88 16 90 40 24 16 48 59 62 1 18 35 74 46 72 90 10 33 5 8 97 73 71 38 28 68 27 46 1 3 23 88 18 64 79 94 79 26 52 93 26 21 79 51 66 50 93 75 35 49 35 31 21 57 68 1 76 
94 98 29 97 21 16 66 84 95 59 15 72 62 7 50 82 37 100 100 86 92 26 20 41 12 50 13 69 18 65 96 63 63 24 59 83 92 25 18 38 35 32 9 97 90 58 78 26 58 77 64 1 55 35 93 66 37 
58 86 6 22 82 68 36 5 27 70 48 3 88 85 37 71 94 33 13 51 63 38 60 39 53 61 93 88 5 11 24 62 96 29 36 77 96 71 34 74 93 81 76 32 66 65 2 11 97 14 61 59 4 73 50 8 85 
94 95 89 56 70 51 52 50 38 80 98 60 65 71 52 46 99 83 63 15 37 73 63 2 85 22 57 57 23 65 41 68 11 82 24 33 32 27 82 69 6 79 28 71 2 32 68 52 66 30 66 54 54 28 56 90 1 
64 47 75 80 39 95 91 20 18 23 3 44 56 23 1 35 3 71 88 86 38 91 51 19 56 5 24 35 12 14 88 75 12 62 55 2 56 97 74 25 19 76 20 74 51 21 60 5 43 99 90 81 89 40 51 44 96 
75 31 7 40 18 82 51 31 88 4 39 84 77 63 54 5 35 27 55 55 39 11 97 37 100 29 26 91 32 21 87 6 3 93 97 20 26 47 3 13 2 41 96 79 55 49 83 89 28 89 95 18 99 44 54 50 72 
31 40 3 4 78 60 6 71 56 78 96 54 80 61 56 72 8 86 26 9 68 67 88 8 61 5 58 4 10 7 28 93 98 30 96 76 42 53 98 49 30 45 3 61 5 10 32 65 95 58 73 14 76 60 21 36 64 
78 92 25 36 19 17 85 100 12 60 93 65 57 42 46 54 96 7 58 5 38 74 51 47 46 64 22 5 36 10 20 65 53 45 100 71 61 84 22 25 96 15 41 4 56 86 57 3 44 67 7 34 40 9 32 86 72 
6 42 7 15 14 71 67 10 22 89 22 57 10 46 52 76 38 8 31 24 64 33 19 82 91 52 22 99 84 59 22 89 52 80 55 65 2 73 26 23 13 48 32 22 45 35 98 83 42 80 58 58 65 76 39 7 80 
60 6 15 70 79 55 22 11 9 38 12 33 64 87 45 11 18 18 55 52 15 37 46 47 94 3 11 22 41 17 1 53 74 67 22 5 21 43 15 29 81 26 13 44 12 57 6 81 74 60 85 41 49 30 87 94 32 
49 67 72 17 67 24 91 85 46 47 5 40 61 85 72 86 97 67 50 53 72 30 79 84 14 71 32 95 57 77 26 57 44 98 73 62 73 15 47 70 61 51 10 21 36 33 59 32 100 8 37 71 89 67 6 55 37 
89 49 45 66 75 1 61 24 25 22 48 40 68 18 100 71 79 73 58 11 31 89 62 90 77 33 30 95 90 84 31 79 85 75 44 11 27 56 86 52 77 33 91 97 2 42 19 80 66 76 43 96 16 4 37 93 88 
67 87 78 2 70 56 86 96 51 48 23 6 33 74 34 18 16 82 19 9 100 99 75 75 93 22 91 96 59 35 84 77 73 13 78 94 20 16 90 70 15 12 27 100 37 12 17 4 94 35 64 93 85 90 20 77 12 
62 25 22 96 8 50 20 20 79 14 39 94 3 60 61 66 38 60 2 1 76 57 94 62 20 39 99 62 10 27 25 71 51 98 18 10 47 37 81 25 2 71 71 4 30 31 21 19 42 74 20 17 30 65 30 2 55 
80 63 64 7 87 86 9 84 3 71 30 92 51 6 93 22 76 49 3 58 69 22 99 43 93 67 24 9 49 25 16 28 87 79 86 25 17 47 8 19 17 89 10 67 47 55 40 74 3 43 32 23 16 82 65 60 49 
89 68 49 65 83 76 4 14 14 28 30 60 88 100 76 28 62 94 74 16 34 100 70 28 83 92 43 64 57 54 64 97 21 12 13 56 40 16 21 53 96 50 64 83 1 39 62 62 84 88 77 17 87 46 44 69 38 
38 84 46 91 48 94 64 11 6 71 50 22 91 54 17 92 17 51 92 7 64 54 91 51 82 59 89 28 55 57 17 92 93 14 35 92 7 98 2 64 68 4 85 10 9 53 1 26 55 44 32 19 49 74 69 31 33 
58 10 87 66 78 78 10 91 64 1 49 61 55 12 80 58 97 89 18 1 41 43 56 85 27 26 85 100 94 15 32 3 76 70 21 53 100 30 43 63 31 91 76 37 3 55 46 51 96 63 3 88 6 10 24 84 35 
9 35 29 75 67 83 51 88 3 3 87 85 46 50 15 88 25 3 42 31 48 92 78 10 47 18 67 56 41 50 91 1 37 71 76 3 53 78 42 8 80 29 92 77 30 58 17 54 60 58 36 7 2 66 68 48 83 
35 3 75 36 45 76 72 15 3 26 20 80 68 27 11 48 18 40 77 27 56 82 86 13 17 44 14 34 11 13 16 45 68 43 33 12 18 56 27 72 82 98 3 1 24 13 48 93 52 76 19 59 57 56 72 73 99 
0 0 0 1 1 1 0 1 1 1 0 0 1 1 1 0 1 1 1 0 0 1 1 1 1 0 1 0 1 0 0 1 0 1 0 1 0 0 1 1 0 1 1 1 1 1 0 0 0 1 0 1 1 0 0 0 0 
0 1 1 0 1 0 0 0 1 1 0 1 0 1 1 0 1 1 1 0 1 1 0 0 0 1 1 0 0 0 0 0 1 1 0 0 1 0 1 0 1 1 0 0 1 1 0 0 0 1 0 1 0 0 0 0 0 
1 0 0 1 0 0 0 1 0 1 1 0 0 1 1 1 1 1 0 1 1 0 1 0 0 1 1 1 1 1 1 0 0 1 0 0 1 0 0 1 1 1 1 1 0 0 1 0 0 1 1 1 0 0 0 0 1 
1 1 0 0 0 1 0 1 1 1 0 1 1 1 1 0 0 0 0 1 1 0 1 1 1 0 1 0 0 1 1 1 1 0 0 1 1 0 1 0 1 1 1 0 1 0 0 1 1 1 0 0 1 1 1 1 0 
0 1 0 0 0 0 1 0 0 0 1 0 1 1 0 1 1 0 0 1 1 1 0 0 0 1 1 1 0 0 1 1 1 0 1 0 0 0 0 0 0 0 0 0 1 0 1 0 1 1 0 0 0 0 0 0 1 
1 0 0 0 1 1 1 1 0 1 1 0 0 1 0 0 0 0 1 0 1 0 1 0 0 1 1 0 1 1 0 1 1 0 1 1 1 0 0 1 0 0 1 0 1 1 0 1 0 1 0 1 1 1 0 1 1 
1 0 0 0 0 1 0 0 0 1 1 1 1 0 1 1 1 1 1 0 1 0 0 0 0 0 0 0 0 1 1 1 1 1 1 1 1 1 1 1 0 0 0 0 0 1 1 1 0 0 0 1 1 0 0 1 0 
0 1 0 1 0 1 1 0 1 0 1 0 0 0 1 0 1 1 1 0 0 0 1 1 0 0 0 1 0 1 1 0 1 0 0 1 1 1 1 0 1 0 1 1 1 0 0 0 1 1 0 1 1 1 0 0 0 
0 1 0 0 0 1 1 0 1 0 0 0 0 0 1 0 1 1 1 1 1 1 0 0 0 0 1 1 0 1 1 1 0 0 1 1 1 0 1 0 0 1 0 0 0 1 1 1 0 0 1 1 0 1 1 0 1 
1 1 0 0 1 1 1 1 0 0 0 0 1 0 0 1 0 1 1 1 0 0 0 0 1 1 0 1 1 0 0 0 0 0 0 1 1 1 0 1 1 0 1 1 0 0 0 0 1 1 1 1 1 1 1 1 1 
0 0 0 0 0 0 0 1 0 1 0 0 1 0 1 1 1 0 1 1 0 1 0 1 1 1 1 0 1 0 1 1 0 1 1 0 1 0 1 0 1 0 0 1 0 1 0 1 0 0 1 0 1 1 0 0 1 
1 1 0 1 0 1 1 0 0 1 1 0 1 1 0 1 1 1 1 1 1 0 1 1 1 1 1 1 1 1 0 0 0 0 1 1 1 0 1 1 0 0 0 1 0 0 0 1 1 1 0 0 1 1 0 1 1 
1 0 0 0 0 1 1 0 0 0 1 1 1 0 1 1 0 0 1 0 0 1 1 1 1 0 0 1 0 1 0 1 1 0 1 1 1 0 1 0 0 0 1 1 1 0 1 1 0 0 0 0 1 1 1 1 1 
1 0 1 1 0 0 0 0 0 0 0 0 1 0 1 0 1 0 1 1 1 0 1 0 0 1 1 0 0 0 1 1 0 1 0 0 1 1 1 1 1 1 0 0 1 1 0 0 1 1 1 1 0 0 1 0 1 
0 0 1 1 0 0 1 1 1 0 0 0 1 0 1 0 0 1 1 1 0 1 0 1 0 1 1 0 0 0 1 1 0 0 0 0 0 1 1 1 1 0 1 0 0 0 0 0 0 1 1 0 0 1 1 0 1 
1 0 1 1 1 0 1 1 0 0 0 0 1 1 1 1 1 0 1 1 0 1 1 0 0 1 0 0 1 1 1 0 1 0 1 1 1 0 0 1 0 0 1 0 0 1 1 1 1 1 0 1 0 0 1 1 1 
0 1 0 1 0 0 0 0 1 1 1 0 0 1 0 0 0 0 0 1 0 1 0 1 0 0 1 0 1 0 1 1 1 0 0 1 0 1 0 0 0 1 0 0 0 0 1 1 1 1 0 1 1 1 0 1 1 
1 1 0 0 0 0 1 0 0 1 1 1 1 1 0 0 1 0 1 1 1 0 0 1 0 1 0 1 1 1 0 1 0 1 1 0 1 0 1 1 1 0 1 0 1 1 1 0 1 0 1 1 0 0 0 0 1 
0 0 1 1 0 0 1 1 1 1 0 1 0 0 1 0 1 1 1 0 0 1 1 0 1 0 0 1 0 1 0 0 1 1 1 1 1 0 1 0 0 1 0 0 1 1 1 0 0 0 0 1 0 0 1 1 0 
0 0 1 1 0 1 0 0 1 1 1 1 0 0 1 0 0 0 1 1 1 0 1 1 0 0 1 0 0 0 1 0 0 0 1 1 1 1 1 0 0 0 0 1 0 1 1 0 1 0 1 0 0 1 0 1 1 
1 1 1 0 0 1 0 0 0 1 0 1 0 0 0 1 0 1 1 0 0 0 1 0 1 0 1 0 0 0 0 1 1 1 1 0 1 0 0 1 1 0 1 0 1 1 1 1 0 0 1 0 0 1 0 0 1 
1 0 1 1 0 0 1 0 0 1 1 0 1 0 1 0 1 1 1 0 0 0 0 1 0 0 1 1 1 1 0 0 0 1 0 0 1 1 0 1 0 1 1 1 0 1 1 1 0 0 0 1 1 0 0 1 1 
1 0 0 1 0 0 1 1 0 1 0 1 0 0 1 1 1 1 1 0 0 1 1 1 1 0 0 1 0 1 0 1 1 0 0 1 1 1 0 1 1 0 1 1 0 0 0 0 1 0 0 0 1 1 1 0 1 
1 1 1 0 0 1 1 0 1 0 1 1 0 1 0 0 0 1 1 0 1 1 0 1 1 0 0 1 1 0 0 0 0 0 0 0 1 1 0 0 1 0 1 1 1 1 1 1 0 0 1 0 1 1 1 1 1 
0 0 0 0 0 0 0 0 0 0 1 1 1 0 0 1 1 1 0 1 1 1 1 1 0 1 1 0 1 0 1 1 0 0 1 0 0 0 1 1 0 0 0 1 0 1 0 0 0 0 1 1 1 0 1 0 0 
0 0 1 0 1 0 0 1 1 0 0 1 1 1 0 0 1 1 0 0 0 0 1 0 1 0 0 0 1 0 0 1 0 1 1 1 1 1 1 0 0 1 0 1 0 0 1 1 1 0 0 1 0 1 0 0 1 
0 0 1 0 0 0 0 1 0 1 0 1 0 0 1 1 0 1 1 0 0 1 0 0 1 1 1 0 1 1 1 1 1 0 1 1 1 1 0 1 1 0 0 1 0 0 1 1 1 0 1 1 1 1 0 0 1 
1 0 0 0 0 0 1 0 1 0 1 1 0 0 0 0 1 1 0 1 0 1 0 1 1 1 0 0 1 1 1 0 1 0 0 1 0 1 0 1 1 1 0 1 0 0 1 1 0 0 0 0 1 0 1 0 1 
0 1 1 1 0 1 0 0 0 0 0 1 0 0 1 1 0 0 1 1 0 0 1 0 0 1 1 0 1 0 0 1 1 1 0 1 0 0 0 0 0 0 0 0 0 1 0 1 1 1 0 1 0 1 1 0 0 
1 1 1 1 1 0 0 0 0 1 0 1 1 1 1 0 1 0 0 0 0 1 1 1 1 1 1 0 0 0 1 1 1 0 0 0 1 0 0 1 0 0 0 1 1 0 1 0 0 0 0 0 1 0 1 1 1 
1 1 1 1 0 1 0 1 1 0 0 0 0 1 0 0 0 1 0 0 1 0 0 1 1 0 0 1 1 1 0 0 1 1 1 1 0 1 0 0 1 0 0 1 0 0 0 0 1 0 0 0 0 0 1 1 0 
0 0 1 1 0 0 0 0 1 0 0 1 0 0 0 1 0 0 1 0 0 1 0 0 1 0 0 1 0 0 1 0 0 0 1 1 0 0 1 0 0 1 1 0 0 1 1 0 1 0 1 1 1 1 1 0 1 
0 1 1 0 0 1 0 1 1 1 1 1 0 1 1 0 0 1 0 0 1 0 1 1 1 1 1 0 0 1 0 0 1 1 0 1 1 1 0 0 0 0 1 1 1 0 1 0 1 1 0 0 1 1 0 1 0 
1 1 1 0 1 1 1 1 0 1 0 1 1 0 1 1 1 0 1 1 1 1 0 0 1 1 0 0 1 1 1 0 0 0 0 0 1 0 1 1 1 1 0 0 1 0 0 0 0 1 1 0 0 1 0 1 0 
0 1 1 1 0 1 0 0 0 0 0 0 1 1 1 0 0 1 1 0 1 1 0 0 0 0 0 1 1 1 0 1 1 1 1 1 1 1 0 1 1 0 1 0 1 0 0 1 1 1 1 1 0 0 1 0 0 
0 1 1 1 1 1 0 1 0 0 0 1 0 1 0 0 0 0 1 0 0 1 1 1 0 0 1 0 0 1 1 0 0 0 1 0 1 0 1 1 0 1 0 0 0 0 0 0 0 1 0 0 0 1 1 1 0 
0 1 0 1 0 0 0 1 1 0 0 1 1 0 1 0 0 1 0 1 1 0 1 1 0 0 1 1 1 0 1 0 0 1 1 0 1 1 1 1 1 0 0 0 0 0 0 0 1 0 1 1 0 1 0 0 1 
1 0 0 0 1 0 0 1 0 0 0 1 0 1 1 0 0 1 0 0 0 0 1 0 0 0 1 1 0 1 0 0 1 0 0 1 1 0 0 1 0 0 0 0 0 1 0 0 1 0 0 1 1 1 1 1 0 
0 0 0 0 0 0 1 0 0 0 1 0 0 0 1 1 1 1 1 0 0 1 1 0 1 0 1 0 0 0 0 0 0 1 0 0 1 0 1 0 0 0 0 1 1 1 0 0 1 1 0 1 0 0 1 1 0 
1 1 0 1 0 1 0 1 1 0 0 1 1 0 0 0 1 1 1 0 1 1 1 0 1 0 0 1 0 1 0 1 0 0 0 0 1 0 1 1 1 0 0 0 0 0 0 1 1 1 0 0 0 1 0 0 0 
0 1 0 1 1 1 0 0 1 0 1 0 0 0 1 0 1 1 0 1 0 0 1 1 0 1 0 1 0 0 1 0 1 1 0 1 0 0 1 0 0 0 0 0 1 1 0 0 0 1 1 0 1 0 0 1 0 
0 0 0 0 0 0 1 1 0 0 0 0 1 0 1 0 0 1 1 1 0 1 1 1 0 0 0 1 0 1 1 0 1 1 0 1 1 1 1 0 0 1 0 1 1 1 1 1 1 0 0 1 1 1 0 0 1 
0 1 1 1 0 1 0 1 1 0 0 1 1 0 1 0 1 0 1 0 0 0 1 0 0 0 0 1 0 0 1 0 1 0 1 1 0 0 0 1 0 0 0 1 1 1 1 0 0 0 0 0 0 0 0 0 0 
0 1 1 0 0 1 1 1 1 0 1 1 0 0 1 1 1 0 0 0 1 0 0 1 0 0 1 0 1 1 1 1 0 0 0 1 1 1 0 0 0 1 1 0 1 0 1 0 0 1 1 1 1 1 0 0 0 
1 0 1 0 1 0 1 1 0 0 1 0 0 1 0 1 1 0 0 1 0 1 0 1 0 1 1 1 0 1 1 1 1 0 0 1 1 1 0 1 1 1 1 1 1 1 0 0 0 0 1 0 1 1 1 1 1 
0 1 1 1 0 0 1 1 0 0 0 1 0 1 0 0 1 1 1 0 1 1 0 0 0 0 1 0 0 1 1 0 0 0 0 0 0 1 1 1 1 1 0 1 1 1 1 0 0 0 0 0 1 1 0 0 1 
1 0 1 0 1 0 0 1 0 1 1 1 0 0 0 0 1 1 1 0 1 1 0 1 1 0 1 0 0 1 0 0 1 1 0 0 1 1 1 1 0 0 0 0 1 0 0 0 0 1 0 1 0 0 0 0 1 
