59 66 1685
47 69 39 86 44 33 90 100 96 81 9 41 88 74 8 85 68 15 59 86 79 50 52 53 7 98 42 88 7 22 99 5 42 89 42 37 21 84 88 69 64 97 61 52 70 68 88 89 35 98 74 65 47 77 17 54 74 10 41 32 83 91 89 76 80 30 
13 52 13 100 20 29 48 81 32 17 100 71 5 34 68 30 50 15 58 66 68 31 28 60 15 10 51 3 86 82 84 98 33 49 49 53 77 97 85 60 65 36 30 22 22 97 3 71 63 61 89 82 43 16 94 9 25 96 11 10 77 95 59 9 95 8 
13 71 56 49 82 20 85 11 93 6 59 96 28 74 8 16 55 50 31 100 11 56 95 21 17 71 67 76 32 61 83 96 83 38 45 64 9 81 26 2 86 37 49 13 10 56 81 16 57 11 16 67 18 62 40 35 33 58 10 16 71 44 11 53 33 55 
69 41 35 46 94 72 34 42 37 43 49 17 11 6 79 26 24 97 87 63 31 71 21 92 86 43 35 49 47 67 3 15 59 90 13 5 61 46 98 49 41 47 65 51 4 96 28 27 92 66 42 22 89 62 65 26 56 99 74 2 17 77 69 27 18 81 
83 78 78 81 79 18 79 95 68 82 90 47 60 81 65 1 54 53 14 18 78 69 68 52 71 84 80 39 63 97 71 45 26 48 77 56 66 55 51 85 88 40 84 48 21 48 48 26 100 14 44 77 82 11 80 4 47 11 94 61 59 64 57 37 12 34 
92 29 40 42 65 28 82 48 75 54 95 74 79 94 39 74 23 73 37 54 76 83 65 70 95 75 85 51 11 48 84 55 76 24 96 41 3 29 40 29 82 35 2 13 80 93 86 54 65 74 8 92 8 24 13 2 50 98 53 61 45 88 15 73 63 62 
65 65 91 4 93 24 38 47 88 70 39 26 23 55 99 82 46 7 5 59 8 55 56 12 67 52 100 33 24 14 94 88 79 36 92 71 12 81 69 99 50 59 24 25 13 75 6 59 81 63 69 88 69 24 52 87 27 51 19 51 16 64 90 94 100 81 
17 63 14 85 61 15 96 37 39 8 11 45 18 43 59 86 82 27 61 33 13 88 35 31 90 51 46 79 44 97 12 12 59 77 49 72 91 44 60 30 51 22 26 21 64 84 6 45 10 19 78 74 58 12 4 47 14 1 77 58 98 40 21 56 16 69 
27 7 64 38 88 15 59 13 87 22 96 44 67 57 62 96 30 71 59 85 17 73 85 46 82 82 85 2 90 1 23 68 59 86 6 46 52 64 58 38 86 5 82 4 13 95 99 42 66 9 26 34 81 62 31 62 96 16 16 85 68 38 52 78 23 57 
23 75 21 32 64 58 88 45 13 100 92 63 41 9 71 18 42 52 31 73 65 26 40 80 10 59 17 62 36 40 70 10 66 42 93 29 51 80 26 63 31 69 25 23 77 96 40 70 99 22 94 63 48 33 43 57 43 59 70 78 50 40 39 67 33 31 
96 84 62 73 46 92 41 23 14 17 18 5 38 16 27 32 30 26 64 72 82 7 83 4 36 84 95 27 51 27 9 46 62 71 70 8 62 10 30 28 78 99 84 15 66 10 46 95 35 62 19 69 20 1 24 7 84 18 33 34 96 42 31 58 64 100 
17 77 61 46 4 90 96 88 57 61 49 2 7 36 15 25 56 34 77 79 93 61 48 25 46 95 18 29 4 81 80 20 58 41 17 61 82 12 100 38 24 1 40 31 36 6 55 43 40 32 21 32 44 20 8 89 14 26 69 18 58 49 89 15 89 6 
28 70 69 79 60 93 79 51 23 66 56 29 8 95 12 80 78 7 99 38 48 65 15 16 82 72 64 22 87 4 27 66 26 96 44 85 88 75 35 62 40 90 42 100 37 6 79 66 12 30 3 59 94 17 27 27 41 90 48 27 94 75 44 71 22 87 
55 61 61 41 22 53 30 15 52 18 20 30 84 32 59 38 42 4 7 68 30 47 10 78 25 55 4 68 25 25 6 31 37 67 71 58 19 52 24 22 70 44 51 5 27 62 94 20 65 100 88 95 98 49 24 22 3 79 89 27 55 95 57 91 13 79 
100 83 30 23 4 51 18 6 55 44 67 1 64 84 100 3 30 98 51 5 71 5 35 12 31 89 58 39 31 70 69 30 4 98 4 59 1 22 64 7 17 83 7 32 18 7 34 47 56 36 51 26 40 37 89 22 25 46 12 7 67 80 88 70 30 91 
28 30 64 44 36 81 26 43 12 95 1 98 41 8 33 43 85 25 79 74 46 55 19 58 61 86 89 48 7 18 90 35 47 54 78 83 86 55 77 49 1 29 46 41 36 31 35 20 7 65 45 52 19 64 61 79 1 50 78 7 67 67 41 66 20 70 
100 57 76 76 6 76 4 3 68 91 85 2 62 91 66 7 95 36 70 7 66 22 56 43 28 75 10 21 40 81 42 39 90 18 66 95 45 21 49 13 63 34 66 24 76 84 30 22 19 51 29 85 72 36 79 100 62 88 72 1 21 13 91 10 82 8 
56 27 80 4 91 42 89 8 66 17 43 95 90 62 98 18 98 69 6 76 20 67 16 43 20 88 56 10 97 37 70 4 15 49 59 57 91 48 65 8 16 59 54 5 72 51 75 69 72 80 97 43 46 64 86 65 51 41 27 99 29 96 54 96 44 12 
52 86 59 68 93 26 27 47 31 98 49 5 19 20 36 67 63 81 30 48 98 32 40 24 82 20 71 87 15 66 98 19 52 9 38 96 34 64 94 16 14 43 20 32 62 55 50 76 88 31 75 85 62 14 60 95 86 82 81 52 47 30 22 50 38 60 
46 24 23 91 39 88 33 11 71 95 65 20 70 4 50 97 40 63 62 99 9 47 80 89 51 79 71 72 28 8 31 25 31 6 16 70 93 100 80 64 46 96 83 68 52 85 64 91 47 25 42 56 72 73 96 22 51 66 93 79 26 24 55 8 29 22 
77 73 22 8 36 67 56 71 34 59 55 97 49 53 22 90 60 45 63 8 18 65 25 62 95 50 85 50 58 65 23 86 90 44 46 25 63 53 47 48 11 53 97 11 6 70 1 17 14 15 24 83 79 49 44 74 98 81 75 7 97 97 93 86 93 90 
11 7 42 9 54 4 62 50 14 67 19 66 83 84 80 7 66 11 7 62 36 4 42 10 63 38 58 7 24 2 96 34 8 89 42 62 92 55 63 5 73 34 23 56 69 2 14 35 64 20 96 99 75 89 60 37 26 18 43 49 19 90 34 27 78 28 
40 21 82 54 78 55 39 100 62 8 53 27 94 17 98 41 15 72 29 75 61 54 44 55 55 14 97 88 92 26 67 83 47 49 37 76 55 75 75 16 82 79 94 75 95 91 67 62 14 95 88 26 49 83 33 3 96 29 42 88 54 9 70 52 9 58 
27 63 33 53 30 66 32 23 93 78 13 59 91 78 54 30 4 54 12 36 8 60 64 1 47 69 9 68 21 17 26 99 31 10 52 60 27 35 82 71 64 46 30 55 24 35 36 79 40 48 14 99 59 29 99 57 97 8 24 17 76 1 16 7 62 19 
18 89 53 52 59 16 49 40 22 72 26 58 50 65 57 15 63 15 43 62 71 40 21 46 8 96 47 23 54 60 93 24 100 45 75 11 13 23 50 34 47 76 91 48 92 47 63 55 13 5 68 83 96 88 29 4 35 27 78 41 38 71 64 38 15 38 
48 27 12 49 13 58 24 3 6 16 2 20 22 14 24 89 49 20 28 29 23 62 55 100 2 44 70 65 81 37 54 28 15 66 77 27 75 52 82 32 19 83 51 40 48 75 80 48 46 7 76 20 21 82 71 22 26 41 39 6 29 44 86 43 61 14 
70 36 65 3 19 36 85 70 27 84 96 7 32 41 65 7 60 85 41 30 59 66 22 49 23 2 44 8 45 5 21 66 92 38 68 10 73 4 31 99 39 26 57 70 18 22 29 77 58 69 59 16 34 32 16 56 34 60 16 30 16 88 47 7 25 14 
68 49 69 99 48 7 76 56 29 94 77 57 22 35 77 80 2 62 64 18 69 49 29 84 78 44 72 76 2 48 41 69 97 9 19 96 67 47 51 95 40 80 3 61 66 31 93 67 92 8 36 61 56 64 96 85 59 67 60 60 15 100 81 63 60 51 
58 26 97 60 73 88 39 27 49 4 58 93 23 1 100 58 61 7 74 57 91 84 75 50 44 41 49 76 3 8 26 60 85 75 20 57 62 10 36 10 14 45 54 88 45 53 45 6 59 70 14 1 54 88 50 49 29 50 24 83 9 1 95 46 75 14 
54 37 75 89 98 40 33 52 27 78 56 72 35 67 93 100 67 98 87 69 46 67 18 21 50 79 22 44 24 96 9 77 84 35 18 82 75 50 85 1 79 40 24 65 58 69 64 25 66 3 93 12 69 62 32 70 40 5 65 15 1 25 44 84 60 61 
17 86 62 1 86 93 93 62 57 50 30 21 74 95 23 18 58 43 80 90 65 71 94 81 38 46 58 81 82 69 93 98 54 6 51 91 98 95 52 55 44 81 27 70 28 1 39 85 95 18 26 11 41 72 92 78 17 1 10 50 69 2 48 74 7 50 
64 57 44 68 63 87 48 89 8 75 41 47 12 35 16 37 98 8 8 41 85 77 41 46 26 61 99 25 34 58 74 97 14 17 64 76 56 64 16 15 90 56 13 1 42 29 90 39 36 97 79 73 25 71 70 51 31 69 75 64 26 1 13 39 69 28 
66 24 91 81 91 33 88 3 85 29 31 74 20 19 23 50 43 47 73 12 49 3 32 76 19 57 76 31 47 44 10 64 20 53 44 10 85 83 12 21 64 95 47 83 65 69 84 59 67 56 70 68 11 54 43 29 62 70 11 9 65 72 24 84 24 68 
45 60 2 57 81 65 3 27 47 67 47 83 25 65 90 46 32 100 51 26 80 13 95 42 73 60 66 96 95 89 15 40 1 17 48 33 81 50 11 80 68 57 62 44 73 3 41 5 55 92 82 86 4 29 80 28 88 45 23 34 85 38 73 85 54 20 
69 86 69 79 65 88 87 78 31 60 81 24 16 35 15 49 20 70 77 99 97 16 95 19 50 80 8 22 16 13 94 85 99 14 63 63 2 2 93 84 13 73 7 28 59 21 28 30 42 5 81 38 20 75 9 21 54 16 43 70 29 88 6 79 1 68 
93 2 21 85 86 33 9 44 12 67 17 40 97 58 96 29 96 67 3 56 88 57 71 82 78 51 69 83 29 69 2 22 71 75 58 8 7 67 51 71 85 67 10 33 77 57 61 24 23 64 79 10 72 49 91 49 52 11 83 32 80 36 5 2 10 63 
61 17 81 63 39 65 82 48 50 58 56 10 81 78 73 59 40 96 59 82 96 62 93 78 94 72 66 98 25 75 12 85 43 92 99 81 9 80 80 58 37 35 19 69 13 92 27 4 39 38 85 35 99 77 64 44 100 29 42 24 56 5 60 98 49 11 
31 57 90 10 66 27 97 84 47 9 27 74 64 66 63 48 52 13 25 15 57 24 96 50 100 51 6 11 100 54 21 30 10 11 40 75 89 36 59 35 96 37 60 59 2 74 6 53 39 82 20 95 58 15 96 57 17 1 19 16 55 40 46 16 2 37 
43 42 24 53 28 71 89 40 81 43 65 38 95 3 20 66 97 77 80 44 85 48 97 3 64 51 94 61 18 47 49 60 40 24 64 20 94 53 59 26 95 23 63 41 78 34 7 26 62 38 70 98 86 66 53 1 68 46 61 37 45 9 97 84 32 60 
3 77 64 13 2 58 88 16 51 65 50 57 90 63 94 11 61 31 28 13 31 47 10 91 84 6 51 32 42 34 91 96 62 7 9 63 16 48 31 66 64 32 74 53 94 20 16 6 50 43 18 81 90 80 23 25 85 26 56 26 11 98 22 73 4 82 
87 20 29 17 37 92 48 11 96 42 30 63 47 31 58 17 63 99 48 38 23 32 63 78 10 73 75 83 97 31 16 84 2 96 100 38 87 48 100 34 41 81 49 87 12 6 55 26 4 2 63 78 86 77 55 47 2 81 29 98 11 96 81 12 91 33 
2 29 80 1 14 72 34 62 10 97 67 65 22 22 18 37 51 55 13 5 1 14 38 81 64 100 76 96 64 66 28 65 94 59 17 8 30 50 21 40 46 40 56 20 13 73 56 64 28 68 68 80 34 57 61 97 57 88 92 20 54 72 36 99 30 4 
58 12 54 79 3 51 18 58 22 30 30 77 93 9 97 13 89 82 21 49 78 77 36 21 48 41 44 83 92 26 87 49 37 92 79 39 94 96 96 68 78 77 44 22 86 92 86 74 73 7 74 2 83 61 75 83 54 18 17 45 43 3 93 31 46 72 
69 92 19 16 59 48 45 54 70 82 98 55 7 70 13 80 24 48 92 98 30 45 15 46 89 10 1 34 40 98 57 61 89 27 28 99 75 72 5 96 53 2 2 59 23 15 90 46 62 82 43 43 78 58 88 67 19 40 52 58 38 8 18 78 34 98 
29 60 69 33 55 74 34 9 84 56 75 26 2 36 59 96 30 36 5 69 54 23 9 5 81 46 64 50 75 50 99 3 9 20 35 16 93 20 76 28 28 50 53 81 37 63 76 66 99 33 34 4 55 42 9 87 39 72 89 66 73 87 68 82 6 55 
49 50 26 24 30 53 73 82 85 9 97 61 26 95 45 59 98 99 53 58 38 43 82 26 8 54 64 28 87 70 82 35 71 7 58 100 12 82 34 96 42 30 8 67 76 52 78 25 3 82 83 40 76 16 65 84 69 80 11 56 1 44 42 72 2 52 
23 65 33 8 13 27 89 20 45 64 24 74 41 78 55 75 17 31 90 33 66 58 12 28 65 13 23 7 36 24 58 10 89 42 18 53 20 6 72 65 22 47 38 62 24 45 36 92 27 77 24 44 34 88 71 51 52 93 9 39 68 18 48 8 59 17 
60 31 75 84 95 96 30 84 9 6 80 96 49 58 72 25 1 57 12 71 59 15 15 67 53 83 84 52 90 95 69 50 25 43 33 71 90 14 6 50 71 86 45 20 43 68 44 44 76 7 66 35 21 81 1 25 63 37 28 4 31 48 53 7 42 37 
77 31 3 34 32 73 19 28 92 14 95 87 9 23 93 26 57 65 6 9 89 20 45 69 24 75 16 76 33 58 65 9 40 67 43 72 39 13 51 83 78 46 69 38 20 62 64 76 26 69 36 67 89 81 87 12 7 2 39 40 11 3 100 51 69 94 
74 60 59 24 42 36 21 10 74 40 23 37 67 1 57 55 19 45 87 5 8 93 58 99 84 69 1 36 71 22 29 44 81 39 19 74 75 92 83 100 31 58 88 50 58 44 4 76 41 42 32 100 34 89 98 70 57 51 5 27 72 85 22 4 24 41 
77 50 32 11 1 14 68 88 15 77 83 70 4 23 11 35 23 97 24 72 66 80 22 22 59 93 58 80 48 33 72 76 82 55 87 34 21 6 21 35 35 4 5 38 78 67 73 52 63 96 24 80 27 45 1 85 90 11 17 89 43 40 65 77 95 3 
10 15 60 83 49 94 38 5 32 67 72 4 19 86 51 42 66 77 38 18 14 27 28 82 16 71 21 32 99 15 34 8 81 93 42 82 87 79 86 70 46 9 25 16 95 75 57 12 51 46 29 16 73 57 97 40 79 18 71 77 84 56 84 65 100 78 
46 38 56 83 7 53 92 31 68 38 5 76 49 8 22 77 75 46 85 72 85 63 41 7 39 24 14 75 88 13 52 85 3 59 68 9 12 11 92 31 48 48 7 48 7 80 76 82 25 61 5 61 75 45 19 14 20 32 40 8 96 91 92 98 1 11 
7 12 21 50 95 20 97 53 67 56 32 43 37 56 55 93 16 29 37 86 42 56 17 33 15 12 23 59 10 24 69 68 87 42 69 33 61 65 85 28 20 16 22 8 23 76 100 90 4 88 75 98 96 91 30 10 55 5 20 16 80 41 35 18 82 3 
3 94 19 87 21 91 55 94 98 77 69 50 67 25 37 93 74 32 36 55 94 90 11 13 57 90 5 91 60 86 45 62 80 63 100 52 53 54 46 3 83 66 52 1 90 88 93 63 72 28 70 65 69 80 29 77 22 34 67 81 71 63 94 2 26 93 
6 30 99 51 32 81 16 83 81 58 23 25 72 94 5 41 58 73 21 38 2 94 71 20 74 94 83 19 95 8 63 100 89 61 2 21 93 70 3 25 79 25 2 50 70 6 43 79 30 15 17 31 8 39 51 33 32 33 51 79 92 13 30 80 26 32 
100 70 53 55 47 31 31 48 80 1 53 74 79 34 88 95 65 95 86 67 27 17 99 77 47 42 42 77 73 19 60 25 40 12 79 86 42 61 85 73 61 37 47 92 71 34 38 87 81 23 53 7 92 3 36 38 44 29 66 68 99 25 92 38 36 22 
76 29 83 60 54 95 49 100 86 71 85 24 57 65 46 61 24 37 63 11 27 58 91 92 25 89 17 69 78 4 90 5 85 24 65 38 19 13 89 4 35 25 27 91 42 25 51 65 13 65 27 39 22 17 83 98 57 51 66 34 54 8 39 90 31 55 
79 49 19 67 5 53 92 83 95 33 7 97 49 72 61 27 10 34 43 44 31 99 94 97 84 100 4 22 89 86 28 68 35 46 86 91 98 29 73 92 13 32 88 13 3 100 39 64 33 81 8 64 31 1 12 15 100 67 88 41 52 16 8 38 13 45 
1 0 1 0 1 1 1 1 0 1 0 0 0 1 1 1 0 1 0 1 1 1 1 1 1 0 0 0 0 0 1 1 0 0 1 0 1 0 1 1 1 1 0 0 0 1 1 0 0 1 1 0 1 0 1 0 1 1 1 1 1 0 0 0 0 0 
0 1 0 1 1 0 0 1 0 1 0 1 1 0 1 1 0 0 1 1 0 0 0 1 1 0 1 0 0 1 0 0 1 0 1 0 0 1 1 0 0 1 0 0 1 1 1 0 1 0 1 1 1 0 1 0 0 0 0 0 0 0 0 1 1 1 
1 1 0 0 0 1 1 0 1 0 1 0 0 0 0 0 1 1 0 0 0 0 1 0 0 1 1 0 0 0 1 1 1 1 1 1 0 0 1 1 0 0 1 1 0 0 1 0 1 1 0 1 1 1 0 1 0 1 1 0 1 0 1 0 1 0 
0 0 0 1 1 1 0 1 0 0 1 1 0 0 0 1 0 1 0 0 0 1 1 1 1 0 1 1 0 0 1 0 0 0 0 0 1 0 1 1 0 0 0 1 0 0 0 0 1 0 0 1 1 1 0 1 1 1 0 0 1 1 0 0 1 0 
0 0 0 1 1 1 1 1 0 1 1 0 0 0 0 0 1 0 0 1 1 1 0 1 1 0 0 0 0 0 0 0 0 1 1 0 0 0 1 0 1 1 0 1 1 0 0 1 0 0 0 1 1 1 0 1 1 1 1 1 1 1 1 1 0 0 
1 0 0 1 0 1 0 0 1 1 1 1 0 1 1 1 1 0 0 1 1 1 0 0 0 1 0 1 1 0 1 0 1 1 1 1 0 1 0 1 1 1 0 1 0 1 0 1 0 0 1 1 1 1 0 1 1 0 0 0 0 1 0 1 0 0 
1 1 1 1 0 0 0 1 0 0 0 0 0 0 1 1 0 0 0 0 0 1 0 0 1 0 0 0 0 0 0 1 1 1 0 0 0 0 1 0 0 1 0 0 0 1 1 0 0 0 0 0 1 0 0 1 0 0 1 0 1 1 1 0 0 1 
0 0 1 1 0 0 1 1 0 1 0 0 1 0 0 1 0 1 1 1 0 1 1 1 0 0 0 1 1 1 1 1 1 0 1 0 0 0 1 1 1 1 1 0 0 1 1 0 0 0 1 1 1 1 0 1 1 1 1 0 0 0 0 1 0 1 
1 1 1 0 0 0 0 1 0 0 0 1 0 0 1 0 1 0 1 0 0 0 1 1 1 1 1 1 0 1 0 0 0 1 0 0 1 0 1 1 0 1 0 1 0 1 1 1 1 0 1 1 0 0 0 1 1 1 0 0 1 0 0 1 1 0 
0 0 1 1 1 1 1 1 0 1 0 1 0 0 1 0 1 0 0 0 1 0 1 0 0 0 0 0 0 0 0 0 0 1 1 0 1 0 1 1 1 0 1 0 0 0 0 1 0 0 1 0 0 1 0 0 1 0 0 1 0 1 1 1 0 1 
1 1 1 0 1 1 0 0 1 0 0 1 0 1 1 1 1 0 0 1 0 0 1 1 1 0 0 1 1 0 0 0 0 1 0 1 0 1 1 1 1 1 0 1 0 0 1 1 0 1 0 0 1 0 1 1 0 1 0 1 0 0 1 0 1 1 
1 0 0 0 1 0 1 0 1 0 0 0 1 0 0 0 0 1 0 0 0 0 1 0 1 1 0 0 1 0 1 0 0 0 0 1 0 0 1 1 0 1 0 1 1 0 1 0 1 1 0 0 1 1 0 0 1 1 0 0 1 0 1 1 0 1 
0 0 1 0 1 1 1 1 1 1 1 0 1 1 0 1 1 1 0 1 0 1 0 0 0 1 0 1 0 0 0 1 0 0 1 0 1 0 1 0 1 1 1 0 0 1 1 1 0 0 0 0 1 1 1 1 0 1 0 1 0 1 0 0 1 1 
0 0 1 0 1 1 1 0 1 1 1 1 0 1 1 0 0 0 1 1 0 0 0 0 1 0 1 1 1 0 0 1 1 1 1 0 0 0 0 0 1 1 1 1 0 0 0 0 0 1 1 0 1 0 1 0 0 0 1 1 1 1 1 0 1 0 
0 1 1 0 1 0 1 0 0 1 0 0 0 1 1 1 1 1 1 0 1 0 1 1 1 0 0 0 0 1 1 0 1 0 0 0 0 1 1 0 0 1 0 0 0 0 0 0 1 1 0 0 1 1 1 1 1 0 1 1 1 0 1 0 0 1 
1 1 0 0 1 1 1 0 1 0 0 1 0 1 1 0 1 0 0 1 1 1 1 1 1 0 1 0 1 0 0 0 1 0 0 0 1 1 0 1 1 0 0 1 1 1 0 1 0 0 0 1 1 1 0 0 1 0 1 0 0 1 0 1 1 0 
1 1 0 0 0 1 0 0 1 0 0 1 1 0 1 1 1 0 0 0 1 1 0 0 0 0 1 0 1 0 1 0 1 1 0 1 0 1 0 1 1 0 0 0 0 1 1 1 0 1 1 1 0 1 1 0 1 0 1 0 0 0 1 0 1 1 
1 1 0 1 1 1 1 1 1 1 1 0 1 1 1 0 0 0 0 1 0 1 1 1 0 1 1 1 1 0 0 1 0 1 0 1 0 0 0 0 1 1 0 0 0 0 1 0 0 1 1 0 0 0 0 0 0 1 1 1 0 0 0 0 1 1 
1 1 1 1 1 0 1 0 1 1 0 0 0 0 1 1 0 1 0 0 0 0 0 1 1 0 1 0 0 0 1 1 0 0 0 1 0 1 1 1 1 1 1 1 1 0 0 0 0 0 0 0 0 0 1 0 0 1 0 0 1 1 1 1 1 0 
1 1 1 0 1 0 0 0 1 1 1 0 1 1 0 0 1 1 0 0 1 1 1 1 1 1 0 1 0 1 1 1 0 0 0 1 1 0 0 0 1 1 0 1 0 1 1 1 0 1 1 1 0 1 0 0 0 0 1 0 1 0 0 1 0 0 
1 1 0 1 0 1 0 0 0 0 1 1 1 1 1 0 0 1 1 0 1 1 0 0 0 1 0 0 1 1 0 0 0 0 1 0 1 1 1 0 1 0 1 0 0 0 0 0 0 0 1 1 1 1 0 1 1 0 1 0 1 1 0 0 1 1 
0 1 0 1 1 1 0 0 1 0 1 1 0 1 1 1 0 1 1 0 0 0 1 0 0 0 1 0 0 1 1 1 0 1 0 1 0 0 1 1 0 0 0 1 1 0 0 0 1 1 0 1 1 1 1 1 0 1 1 0 0 0 1 0 1 0 
1 1 0 0 0 1 1 1 0 0 1 0 0 0 0 1 1 1 0 1 1 0 0 0 1 0 1 0 0 0 0 1 0 1 1 0 0 0 1 0 1 0 0 1 0 0 0 0 0 1 1 1 1 1 1 0 1 0 1 1 1 1 0 1 0 1 
1 0 0 1 0 1 1 1 0 0 1 1 0 1 0 1 0 1 0 0 0 1 0 1 0 1 0 0 0 1 1 0 1 1 1 0 0 0 1 1 0 0 0 0 0 0 1 0 1 1 0 1 0 1 0 0 0 1 0 1 0 0 1 1 1 0 
1 0 0 0 1 1 1 1 1 1 1 1 1 0 0 0 0 1 1 0 1 1 1 0 0 1 0 1 1 1 1 0 1 0 1 0 1 0 1 0 1 0 1 0 1 0 0 1 1 1 1 0 1 1 0 1 0 0 1 1 0 0 0 1 0 1 
0 1 1 1 0 0 0 1 0 1 1 1 0 0 0 1 1 1 0 1 1 1 0 0 0 0 0 0 1 1 1 1 0 0 1 0 0 1 0 1 0 1 0 0 0 0 1 1 0 0 0 1 1 0 1 1 0 1 0 0 0 1 1 1 0 0 
1 0 1 1 1 1 1 1 1 1 0 1 0 0 1 0 1 0 1 0 1 1 1 1 1 0 1 1 1 1 1 0 1 1 0 1 0 1 0 0 0 0 1 0 0 0 0 1 0 1 1 1 1 1 1 0 1 0 1 0 1 1 0 0 0 0 
1 0 1 0 0 1 0 1 1 1 1 0 0 1 1 0 1 0 1 0 1 0 0 0 0 1 1 0 1 1 1 1 0 0 1 0 0 1 0 1 0 1 1 1 1 1 1 0 1 0 0 0 0 0 1 0 1 0 0 0 0 1 1 0 0 0 
0 0 0 0 1 0 0 1 1 1 0 0 1 1 0 1 0 0 1 1 0 0 1 1 0 1 0 0 1 0 0 0 0 0 0 0 1 0 1 0 1 1 1 0 0 1 1 0 0 0 1 0 0 1 1 1 0 0 1 0 0 1 0 1 0 0 
1 1 1 0 1 0 1 0 1 1 0 0 0 0 1 1 0 1 0 0 0 1 0 1 1 0 1 1 1 1 1 0 0 0 0 1 1 1 0 0 1 0 0 1 0 1 0 0 1 1 0 1 0 0 1 1 1 0 0 0 1 1 1 1 0 1 
0 1 1 0 1 0 0 1 1 0 1 1 1 0 0 1 1 0 0 0 1 1 0 1 1 1 1 0 0 1 0 1 0 1 1 1 1 0 0 0 0 1 1 1 1 0 1 1 0 1 1 0 0 0 1 1 1 0 0 0 1 0 1 1 1 0 
0 0 0 1 0 1 0 1 0 0 1 1 1 0 0 0 0 0 0 1 0 0 0 0 0 1 0 1 1 1 1 1 1 0 0 1 1 1 0 1 1 0 1 0 0 1 0 0 0 1 1 0 1 1 0 1 1 0 0 0 1 1 1 0 1 0 
1 0 1 1 0 0 1 1 0 1 0 0 1 0 1 1 0 0 0 0 1 1 0 1 1 1 1 1 1 0 1 0 1 0 0 1 0 1 0 0 1 0 0 0 1 0 1 1 0 0 0 0 1 0 1 1 0 0 0 1 1 1 0 0 1 0 
1 1 1 1 1 0 1 1 1 0 1 0 0 0 0 0 0 0 0 1 1 0 0 1 0 1 0 0 1 1 0 0 0 1 1 1 0 0 0 1 1 0 1 1 0 0 1 0 0 1 1 1 0 1 0 0 0 0 0 1 1 0 1 1 1 0 
0 1 1 0 0 0 0 0 1 0 0 0 0 0 1 0 1 1 1 1 1 0 1 1 1 0 1 1 1 1 1 1 0 0 1 1 0 0 1 1 0 1 1 1 1 1 1 0 0 0 1 0 0 0 1 0 0 1 1 1 0 0 0 0 1 1 
1 1 1 0 1 0 1 0 1 0 1 0 0 0 0 1 0 1 1 1 1 1 0 0 0 0 0 0 1 1 0 0 1 1 1 0 1 0 0 0 1 0 0 1 0 1 1 0 0 0 1 1 0 0 1 0 0 1 1 1 1 1 0 0 0 1 
0 0 1 0 0 0 0 1 0 0 0 1 0 0 1 0 1 1 0 0 0 0 1 1 0 0 0 0 0 0 1 0 0 0 1 1 1 1 0 1 0 0 0 0 0 1 0 1 1 0 1 1 1 0 0 1 1 0 1 1 0 0 0 1 0 1 
0 1 0 0 0 0 0 0 1 0 0 1 1 1 0 0 0 1 0 0 0 1 0 1 1 0 1 1 1 1 0 1 1 0 1 1 1 1 0 0 1 0 1 0 1 1 0 1 0 1 1 0 0 1 1 1 1 0 0 1 0 0 0 1 1 0 
0 0 1 0 0 1 0 1 1 1 1 0 0 1 1 1 0 1 0 1 1 0 0 1 1 0 0 1 1 1 1 1 1 1 0 1 0 0 0 1 0 1 1 0 1 0 0 1 0 0 0 1 0 0 0 1 0 0 1 1 1 0 1 0 1 1 
1 1 1 0 1 1 1 0 0 0 1 0 1 1 0 0 0 1 0 0 0 1 1 1 0 0 0 1 1 1 0 0 1 0 0 0 1 0 0 1 0 1 1 0 0 0 0 0 1 0 1 1 1 0 1 0 0 1 1 1 0 0 0 1 0 0 
1 1 0 0 1 1 1 0 1 0 0 1 0 1 1 1 1 1 1 0 1 0 1 0 1 1 0 1 1 0 0 0 0 0 0 1 1 0 1 0 0 0 1 0 1 1 0 0 0 1 0 1 1 1 1 1 1 0 0 0 0 0 0 0 1 1 
1 0 1 1 1 1 1 0 1 0 1 1 1 1 1 1 0 0 1 0 1 0 0 0 0 0 0 0 1 1 1 0 0 0 1 1 1 0 1 1 1 1 0 0 0 1 1 1 0 0 1 1 0 1 1 0 1 0 1 0 1 0 1 1 1 0 
0 0 1 0 1 0 1 0 0 1 1 1 0 1 0 1 1 0 0 0 1 0 0 0 0 0 0 1 1 1 0 0 0 1 0 1 1 1 1 1 0 1 0 1 0 0 0 1 1 1 0 0 1 0 0 1 0 0 1 0 0 1 0 0 0 0 
1 1 1 1 0 1 0 0 0 0 1 1 0 0 0 0 0 1 0 0 0 1 0 1 1 0 0 1 0 0 1 0 1 0 1 1 1 1 0 0 1 1 1 1 1 1 1 1 0 0 1 0 1 1 0 0 0 0 1 0 1 0 0 0 0 1 
0 1 0 0 1 0 1 0 1 0 1 1 1 1 1 0 0 0 1 0 0 1 0 1 0 1 1 0 0 1 0 0 0 0 0 0 0 1 0 0 1 0 1 0 1 0 0 1 0 1 1 0 1 0 1 1 1 0 1 1 1 1 1 1 0 1 
1 0 0 0 0 1 0 1 1 1 1 1 1 1 1 0 1 0 0 0 1 0 0 0 1 1 0 1 1 0 0 0 0 1 0 1 0 0 0 0 0 0 1 1 1 0 1 1 0 0 1 1 0 0 0 1 1 0 0 0 0 1 1 0 0 1 
1 0 0 0 0 0 0 0 1 1 0 0 0 1 0 0 0 0 0 0 0 1 0 0 0 0 1 1 1 1 0 0 0 0 0 0 0 0 0 1 0 1 0 0 0 0 0 0 1 0 1 1 0 1 1 0 0 1 1 1 0 1 1 0 0 0 
1 0 0 1 0 0 0 0 1 0 0 1 1 1 0 0 0 0 1 0 0 1 1 1 0 1 0 0 0 0 0 1 1 0 0 1 1 1 1 0 1 1 1 0 1 1 0 1 1 0 1 1 1 0 0 0 0 1 0 0 1 0 1 0 0 1 
1 1 0 0 1 0 0 1 0 1 0 1 0 0 1 0 1 0 0 0 0 0 1 0 0 0 0 1 1 1 1 0 0 1 1 0 1 1 1 0 0 1 1 0 1 0 0 1 0 1 1 1 1 0 1 0 0 0 1 1 1 0 0 1 0 1 
1 1 0 0 1 0 0 0 0 1 0 1 0 1 0 1 0 1 1 1 1 0 1 1 1 0 1 1 0 1 0 1 1 0 0 0 0 0 1 1 1 1 0 0 0 0 1 0 1 1 0 1 1 1 0 0 0 1 0 0 1 0 1 0 1 1 
0 1 1 1 0 1 1 0 1 1 0 0 0 0 1 0 1 0 1 1 1 1 0 1 1 1 1 1 1 0 0 0 0 0 1 0 1 0 1 0 0 1 0 0 1 0 0 0 0 1 1 1 1 0 0 0 1 0 1 1 0 0 1 0 0 0 
1 1 1 0 1 1 1 1 1 1 1 1 1 0 0 1 1 1 1 0 0 0 0 1 1 0 1 0 1 1 1 0 0 0 0 1 1 1 1 0 0 0 1 0 0 1 1 0 1 0 0 1 0 0 0 0 0 0 0 1 1 1 1 0 1 1 
1 0 1 0 0 1 1 1 1 1 1 0 1 0 0 1 1 1 1 1 1 0 1 1 1 1 1 1 1 0 0 0 1 1 1 1 1 0 1 0 1 0 1 1 0 1 0 1 0 0 0 1 0 0 1 1 1 0 0 0 0 1 0 1 0 1 
1 1 1 0 0 1 0 1 0 0 0 0 1 1 0 1 0 0 1 1 0 0 1 0 0 0 1 1 1 0 0 0 1 0 0 1 1 0 0 1 0 1 1 1 0 0 1 0 0 0 0 0 1 1 1 1 1 0 0 1 0 1 1 0 1 0 
1 0 0 0 1 1 1 0 0 1 0 1 1 1 0 1 1 1 1 0 0 0 1 1 1 1 0 1 1 1 1 1 1 1 1 0 0 0 0 1 1 1 0 0 0 0 0 1 1 1 0 0 1 1 1 1 0 1 0 0 0 1 1 1 0 0 
1 1 0 1 0 1 0 0 1 0 1 1 0 0 0 0 0 0 1 1 1 1 0 1 1 0 0 0 1 0 0 0 1 0 0 1 1 0 0 1 1 1 0 1 1 1 1 0 1 0 1 0 1 0 1 1 0 1 1 0 1 0 0 1 0 0 
0 0 1 0 1 0 1 1 1 1 0 0 1 1 0 0 1 1 0 0 0 1 1 0 1 1 0 1 0 0 0 0 0 1 1 1 1 0 1 0 1 1 0 0 1 0 1 0 1 1 1 0 0 0 0 1 1 0 1 1 0 1 0 1 0 1 
0 1 1 1 1 1 1 1 1 0 1 0 0 0 0 1 0 0 0 0 0 1 0 1 1 1 0 1 0 0 0 0 1 1 0 0 0 1 1 0 1 0 0 1 0 0 1 1 1 1 1 1 0 0 0 1 1 0 0 1 0 0 1 1 0 1 
1 0 0 0 0 1 0 1 1 0 1 0 1 0 1 1 1 1 1 1 1 0 1 1 1 1 0 0 0 0 0 1 0 0 1 1 0 1 0 1 0 1 1 1 0 0 0 1 1 1 1 0 1 0 0 0 0 0 1 0 0 1 0 0 1 1 
