53 65 2040
68 26 46 7 44 31 19 35 46 50 10 78 50 97 45 55 75 3 25 92 1 41 49 66 84 80 42 58 76 78 52 96 56 50 2 99 80 21 85 77 70 94 55 71 42 51 25 68 54 49 59 54 42 7 71 77 39 65 34 14 94 37 9 49 86 
63 99 18 83 83 94 4 28 100 74 22 51 50 89 4 51 48 9 92 6 32 20 44 96 53 10 41 41 70 90 27 32 88 96 14 23 89 69 2 41 42 75 91 44 64 46 94 63 6 37 20 37 56 16 84 60 25 77 100 94 66 78 26 5 73 
91 79 14 60 81 54 53 55 96 48 70 41 41 84 98 77 4 87 84 19 22 43 43 98 95 88 63 72 65 20 97 8 98 10 19 78 15 71 85 10 19 54 2 11 38 99 40 93 85 23 11 7 66 5 4 60 44 19 83 9 38 79 16 35 40 
34 65 54 56 49 15 26 54 16 89 43 67 28 35 3 50 97 61 67 1 65 78 97 35 61 5 24 91 72 58 31 57 74 36 64 22 51 90 28 18 78 70 84 57 5 39 6 1 99 25 54 63 2 50 49 14 6 72 57 29 82 39 85 55 74 
48 29 76 89 56 46 18 25 81 74 81 19 32 34 18 56 39 32 9 40 81 75 45 52 31 73 85 69 9 40 94 8 68 22 97 75 67 14 51 47 40 32 66 71 17 83 78 55 66 38 94 46 12 90 50 94 14 34 14 74 25 60 81 44 81 
77 18 99 43 69 97 82 52 62 52 20 96 81 74 62 18 19 59 82 60 8 75 25 94 41 98 18 100 78 14 32 55 31 30 97 51 78 30 54 92 81 73 87 13 98 100 30 68 11 63 27 70 90 51 63 30 100 33 81 78 46 12 84 28 93 
32 31 70 61 84 13 41 9 52 5 58 51 86 26 13 49 4 83 38 7 45 67 6 77 99 83 74 62 18 2 54 49 32 75 9 67 40 1 27 91 5 85 41 91 62 54 39 17 36 28 75 32 46 81 61 44 15 34 5 85 87 10 33 70 36 
42 89 75 42 15 65 47 51 58 89 64 63 27 33 50 54 7 81 99 39 93 94 6 27 98 90 65 59 22 87 94 63 75 69 57 41 85 3 44 42 43 7 4 21 39 53 74 98 86 24 36 78 69 41 56 18 82 21 76 4 59 69 18 33 89 
74 25 74 28 68 67 70 27 71 90 17 75 15 14 60 90 2 38 58 94 45 75 76 17 50 31 75 71 48 59 11 22 84 84 1 3 51 71 81 73 12 98 47 27 63 59 68 64 48 78 58 92 52 85 9 54 15 35 76 62 94 86 35 29 22 
36 31 72 58 12 96 69 61 42 47 23 100 67 87 99 44 96 91 95 80 51 100 94 85 27 7 78 13 94 58 34 29 41 57 38 4 52 58 64 45 5 86 97 71 24 95 66 71 37 60 2 87 12 47 72 90 54 1 2 47 59 87 27 99 95 
64 2 98 21 65 95 77 2 91 99 78 37 64 48 74 76 50 60 39 96 31 28 1 32 82 99 42 68 25 40 15 40 41 12 13 57 6 89 10 48 40 87 85 3 87 58 30 88 69 68 35 52 48 88 35 29 86 76 48 11 15 62 2 7 26 
14 63 83 55 72 83 94 11 67 48 49 76 78 36 44 97 22 95 96 9 29 24 95 56 24 57 70 37 58 28 14 72 90 97 26 14 79 71 76 97 18 24 72 47 11 67 96 32 14 91 41 94 67 35 50 42 91 19 78 100 47 92 71 88 40 
48 53 18 18 80 66 36 3 89 34 13 55 29 45 68 72 37 62 38 71 11 79 13 81 8 12 79 99 35 19 38 82 71 7 52 3 24 39 5 12 72 70 67 53 66 86 24 2 99 13 24 61 43 36 94 50 99 72 1 85 42 90 19 65 49 
70 67 72 60 71 84 31 92 2 83 57 39 58 58 38 70 33 50 64 20 43 66 71 67 18 55 8 7 73 72 7 94 38 79 53 61 14 36 52 67 18 61 5 28 18 94 49 3 96 13 22 38 30 92 4 47 47 12 53 71 35 60 17 73 90 
69 85 55 4 36 73 74 96 29 53 66 23 1 68 70 65 41 7 94 33 63 40 31 26 45 1 60 56 69 84 97 90 68 51 93 56 23 18 51 3 22 68 25 23 87 46 87 28 53 33 60 15 72 42 92 68 94 51 23 63 87 19 52 54 21 
96 61 95 66 64 98 87 31 74 9 18 20 48 97 24 80 8 38 3 49 81 23 42 31 45 56 69 16 7 23 36 3 35 83 20 98 80 6 29 5 67 98 24 66 94 47 97 1 36 51 1 16 73 94 99 18 50 67 33 56 41 20 10 76 2 
29 73 33 87 53 38 5 50 13 70 95 60 66 47 47 16 47 63 89 41 13 58 90 79 42 97 72 13 59 99 67 39 71 51 25 24 88 29 25 1 50 72 12 15 18 58 83 17 72 23 57 84 32 98 63 73 46 86 37 4 84 3 43 54 54 
19 29 93 48 6 45 49 77 56 16 46 66 98 62 37 72 70 21 3 19 35 27 65 20 15 20 3 70 14 8 23 33 89 67 32 46 12 80 22 19 95 19 84 44 81 21 15 50 41 69 21 75 47 37 46 62 56 48 31 70 7 5 2 95 23 
85 40 34 64 13 5 11 32 88 54 64 60 21 65 100 89 85 26 88 21 71 1 29 70 83 98 77 87 51 71 61 35 63 47 50 27 51 60 58 90 14 73 50 86 38 1 26 74 27 13 95 49 13 23 19 95 72 47 33 74 17 94 8 31 40 
9 58 42 69 67 31 34 40 80 19 29 81 44 2 59 9 48 59 73 22 29 20 45 75 4 18 44 97 25 74 88 86 83 81 54 2 12 39 41 43 9 21 75 4 74 85 12 22 44 37 95 72 56 40 47 59 57 90 8 34 15 47 19 98 28 
24 99 91 62 91 33 70 63 8 25 36 92 37 9 87 25 4 59 80 43 57 38 51 98 45 84 12 44 2 61 71 25 11 61 38 53 45 59 15 52 84 3 96 72 11 82 96 14 92 75 8 48 64 59 45 61 42 9 4 96 69 74 72 32 86 
10 84 30 68 51 34 3 53 29 74 15 62 69 29 6 95 88 53 59 98 50 71 40 10 74 87 78 47 58 61 84 19 97 13 39 47 46 41 51 26 15 65 88 35 45 45 82 33 97 92 30 98 62 21 7 35 59 37 33 17 49 16 87 45 28 
25 91 26 66 41 51 32 58 90 66 2 34 47 86 83 90 16 32 51 88 91 85 47 27 69 15 75 84 1 72 64 26 62 89 43 55 91 74 12 33 39 65 18 38 51 100 27 18 84 30 57 74 66 55 52 35 69 78 18 22 49 33 99 11 73 
41 17 64 14 80 96 4 44 13 93 46 65 72 15 48 1 72 73 66 26 24 52 47 1 22 68 50 54 66 12 27 58 80 42 23 11 89 78 54 53 71 52 17 94 66 16 94 37 88 11 15 63 15 61 16 36 28 65 41 45 28 67 54 59 60 
76 69 48 53 74 1 75 25 69 68 43 37 13 31 76 76 45 39 90 5 54 77 84 70 17 80 49 36 85 7 95 12 75 43 17 100 95 91 25 63 11 67 51 23 49 27 98 94 65 39 50 70 15 86 39 32 17 87 67 2 45 13 13 71 7 
29 70 1 72 46 16 82 12 66 56 13 92 6 6 8 44 7 77 11 92 67 94 9 5 12 62 49 24 74 19 31 55 41 83 26 86 50 59 50 16 14 62 59 19 67 19 15 73 95 25 17 14 18 25 18 29 86 67 4 11 37 34 17 77 69 
94 15 18 52 64 85 18 25 44 36 43 14 2 67 60 26 83 73 95 59 91 75 96 9 79 59 97 64 75 26 32 69 40 50 72 3 34 89 79 29 77 73 42 78 91 2 56 26 26 2 84 16 77 32 76 7 90 73 70 16 98 2 36 37 3 
8 91 36 48 21 17 24 93 10 54 83 63 61 8 89 62 44 56 90 75 32 96 16 4 66 31 1 19 19 37 21 26 79 8 73 99 76 49 91 86 2 25 48 62 85 36 75 28 92 65 54 75 12 21 78 29 3 78 47 21 66 19 98 44 27 
71 42 2 19 84 39 72 60 87 33 44 74 59 23 17 75 28 91 87 100 68 15 3 97 14 75 62 32 73 57 10 43 98 64 13 33 2 84 93 40 68 88 14 26 11 82 1 90 25 87 90 92 53 92 41 66 18 54 50 90 11 59 84 60 22 
96 93 76 79 37 15 46 24 80 24 86 62 24 76 86 62 65 29 14 8 69 32 25 23 81 67 85 39 50 44 13 98 36 88 28 72 2 26 96 82 49 81 95 24 8 80 85 72 60 50 31 81 33 56 55 13 74 39 4 23 82 16 72 70 55 
100 41 56 25 88 89 25 21 83 48 28 14 84 52 26 33 82 6 66 89 12 30 62 50 33 37 83 100 8 52 54 59 45 10 35 84 50 59 56 85 6 84 98 89 87 75 74 68 80 39 9 43 20 70 92 53 58 27 52 18 30 58 76 74 19 
11 10 68 69 65 52 27 100 2 15 86 76 88 6 8 78 14 50 98 83 94 2 41 20 5 10 1 62 85 75 80 95 36 48 16 100 51 42 100 4 8 85 80 96 90 39 25 3 40 74 38 33 75 30 4 80 39 5 41 75 31 73 70 66 20 
37 17 22 30 16 26 37 53 57 84 94 95 9 49 34 82 86 19 9 67 74 88 57 78 80 31 60 52 52 77 23 88 94 45 17 61 22 54 65 78 37 59 24 97 59 9 31 44 79 39 62 53 26 18 82 57 48 42 9 100 70 83 39 15 79 
56 28 100 61 92 29 49 2 4 46 60 13 76 3 43 66 16 95 43 33 77 99 33 70 59 32 39 42 22 6 20 77 33 72 89 24 52 38 26 56 83 85 20 10 40 62 75 55 57 17 40 85 67 72 54 26 55 44 19 76 49 90 5 81 13 
93 5 65 30 82 20 64 66 39 25 57 100 51 64 8 19 3 92 86 26 97 63 32 41 33 59 89 22 15 22 35 8 78 99 89 59 70 5 76 60 29 33 11 32 96 19 50 50 62 87 75 59 1 58 99 33 16 39 55 31 60 41 90 37 91 
30 95 12 34 71 71 15 55 81 46 50 99 47 99 61 34 25 71 34 82 69 67 49 7 73 31 19 65 72 55 7 2 2 18 35 24 88 49 78 68 46 79 19 93 29 31 78 53 1 63 86 69 81 86 27 53 69 45 69 40 52 75 41 53 92 
76 76 79 76 53 99 22 83 17 66 11 47 43 15 99 5 52 67 86 37 45 90 5 42 11 45 93 85 85 97 29 12 72 59 88 76 57 61 58 73 26 68 71 20 34 69 76 85 87 13 21 84 3 78 25 65 74 69 49 10 17 29 22 40 88 
61 15 44 73 24 69 98 43 39 69 76 60 44 60 98 57 32 81 11 61 57 75 34 77 23 96 93 52 17 32 39 29 98 34 1 21 2 50 15 93 18 90 4 61 1 1 17 85 34 27 45 90 1 31 67 76 26 11 79 94 95 69 22 44 2 
74 17 56 23 31 100 40 73 55 52 73 55 21 57 88 99 2 30 52 84 48 27 9 58 57 2 4 25 23 48 78 96 64 85 70 94 36 9 66 90 12 91 97 32 47 36 31 100 65 82 83 12 60 43 22 16 44 25 92 18 72 21 65 87 58 
34 81 93 94 98 35 6 88 31 37 87 18 19 38 83 100 73 46 59 15 67 26 11 44 17 28 15 90 45 54 47 78 86 91 24 83 77 29 23 59 17 61 77 36 50 59 87 22 56 98 89 23 23 51 66 92 30 32 33 74 85 79 4 70 21 
27 5 98 7 79 8 23 91 84 10 40 94 49 14 50 46 54 24 20 4 89 11 33 72 43 7 9 73 10 30 46 36 34 95 94 64 2 68 54 86 30 94 79 78 7 80 75 60 3 94 15 43 57 47 15 99 53 23 24 14 4 69 1 38 63 
94 53 16 62 7 1 91 52 32 68 10 11 94 21 66 87 35 8 43 81 74 94 86 48 69 51 52 89 52 41 3 45 93 18 58 51 19 48 2 2 67 11 12 60 31 29 99 17 37 41 98 62 86 35 10 54 85 61 94 36 53 96 33 45 14 
90 96 32 90 49 33 8 12 96 20 94 25 18 11 13 10 60 74 96 94 35 1 30 95 95 18 47 90 2 44 3 43 91 86 32 39 70 92 2 66 11 96 42 28 6 6 37 17 79 84 62 66 37 91 60 31 60 59 72 61 2 27 4 44 12 
87 34 34 78 36 99 88 83 92 67 40 97 4 56 27 39 17 92 75 59 4 57 19 14 29 79 67 7 34 10 70 21 43 3 98 30 53 38 12 44 4 3 92 59 58 71 98 26 14 72 85 17 81 3 30 9 33 48 67 67 57 36 87 52 39 
36 33 43 73 97 39 29 99 30 87 57 52 84 82 66 8 66 34 88 20 16 48 53 63 66 19 20 1 5 23 91 92 55 86 65 51 24 45 50 5 31 58 57 67 91 74 26 9 7 65 28 74 12 32 37 29 50 8 29 6 30 72 98 36 57 
14 39 80 58 88 36 40 97 92 58 87 65 83 95 24 47 75 97 10 6 85 38 8 92 19 65 73 90 62 61 98 27 99 29 36 38 64 28 34 8 85 72 24 68 19 47 14 93 96 76 50 32 13 57 24 83 74 48 72 87 8 21 14 58 49 
1 95 65 28 28 72 65 100 95 32 70 94 97 62 41 72 63 72 37 72 47 19 45 47 43 31 6 63 96 64 64 97 58 80 76 38 51 40 89 97 23 58 42 20 71 82 43 33 6 79 4 52 50 100 50 92 31 56 6 78 19 69 26 28 100 
2 65 50 93 5 47 16 62 88 87 32 22 29 17 27 60 72 30 9 72 80 52 2 35 57 79 5 78 5 32 77 58 49 79 2 53 77 69 67 16 55 98 37 36 66 15 47 38 45 7 9 76 58 62 62 14 40 66 43 96 49 20 5 97 50 
7 2 26 75 68 41 82 17 78 69 83 92 67 20 88 73 28 63 30 89 76 95 80 41 90 28 42 61 32 90 10 90 91 35 17 58 75 50 27 4 18 9 48 36 28 35 8 7 50 89 47 25 83 26 18 72 5 59 32 89 48 41 30 91 27 
46 48 2 47 26 5 64 34 52 99 13 39 58 19 40 46 17 16 81 43 33 4 99 43 88 87 91 80 17 81 7 14 80 8 61 6 64 76 91 68 27 4 6 84 74 97 30 91 12 62 85 45 65 83 87 52 22 29 32 38 9 38 3 41 97 
63 98 60 39 88 27 65 91 84 100 17 80 81 7 92 42 43 88 7 77 74 10 98 3 41 87 63 30 90 3 26 52 100 38 42 40 16 58 82 100 58 98 31 38 56 74 32 98 61 90 75 87 99 24 41 40 11 3 21 52 58 47 55 9 84 
97 48 51 54 30 2 63 79 33 53 35 58 84 84 71 73 10 57 23 34 97 62 96 51 35 99 60 81 53 69 16 1 68 66 7 49 68 69 28 52 73 62 61 56 97 31 80 7 87 3 92 35 16 39 86 50 37 45 82 89 65 49 90 85 15 
96 33 34 16 60 37 89 73 97 96 22 28 28 28 66 82 71 1 49 9 38 99 45 34 32 85 51 81 26 35 47 73 19 32 89 79 68 29 3 16 76 24 43 3 3 61 84 73 13 85 81 2 35 77 35 66 62 37 98 87 71 44 12 90 75 
1 1 1 1 1 1 0 1 1 1 1 1 0 0 1 0 0 0 0 1 1 0 0 1 1 0 0 1 1 1 1 0 0 1 1 1 0 0 0 1 1 0 1 1 0 0 0 0 1 0 1 0 0 1 1 0 0 1 1 1 0 0 0 0 1 
1 0 1 1 0 1 0 0 0 0 0 0 0 1 1 0 0 1 1 0 1 1 0 0 0 1 1 0 1 1 0 1 1 1 0 0 0 1 0 0 1 1 1 1 0 0 1 0 0 0 0 1 1 0 1 1 0 0 0 1 0 0 0 1 1 
1 1 0 0 0 0 1 1 1 0 1 0 1 1 0 0 0 1 1 0 0 1 0 1 1 0 1 1 0 0 0 1 0 0 1 0 1 0 1 0 0 0 0 0 1 0 0 1 1 1 0 0 0 0 1 1 0 0 0 1 0 1 0 0 1 
0 0 0 0 1 1 1 1 1 1 1 0 1 0 1 0 0 1 1 1 0 0 1 0 1 0 1 0 1 1 1 1 0 0 1 1 1 0 1 0 1 0 0 0 0 0 1 1 1 0 0 0 0 1 0 1 0 1 1 1 1 1 0 1 1 
1 0 0 0 1 0 1 1 1 0 0 1 1 1 0 1 1 0 1 0 1 1 0 0 0 1 1 1 1 0 0 1 1 0 1 0 1 0 0 0 0 0 1 1 1 1 0 0 0 0 0 1 1 1 1 1 0 1 1 0 1 1 1 0 0 
0 1 1 0 1 1 1 1 0 0 0 1 1 0 1 1 0 0 0 1 0 1 0 1 0 0 0 0 1 1 0 1 0 1 1 1 0 0 0 0 1 0 1 0 0 1 1 0 1 1 0 1 0 0 0 1 0 1 1 1 0 1 0 0 0 
1 1 0 0 1 0 1 1 1 1 1 0 0 1 0 1 1 1 1 1 0 0 1 1 1 0 1 0 0 1 0 0 0 0 0 1 0 1 0 0 0 1 0 0 0 0 1 0 0 0 1 0 1 1 1 0 1 0 1 0 1 1 0 1 0 
0 0 0 1 0 0 1 1 1 1 1 1 0 1 1 0 1 1 1 0 0 0 1 0 1 1 1 0 1 0 0 1 0 1 0 0 1 1 1 0 0 1 0 0 0 1 1 1 1 0 1 1 0 1 0 1 0 1 0 0 0 0 1 0 1 
0 1 1 1 0 1 0 1 1 0 0 1 1 1 0 0 1 1 0 0 1 0 0 1 0 0 1 0 0 1 0 0 0 1 1 1 0 1 0 0 0 0 1 1 0 1 1 1 0 0 1 0 0 1 1 0 0 0 0 0 1 0 0 0 1 
1 1 0 1 1 0 1 0 1 0 0 0 0 1 0 0 0 0 0 1 1 0 1 1 0 1 1 1 1 1 0 1 0 0 0 1 0 1 1 1 1 1 1 1 0 0 1 0 0 1 0 0 1 1 1 0 1 0 1 0 1 1 1 1 0 
1 1 0 0 0 0 0 0 1 1 0 1 1 1 0 0 1 0 0 0 1 0 1 0 1 0 1 0 1 1 0 1 0 1 1 0 1 1 0 0 1 1 0 0 0 0 0 1 0 0 1 1 0 1 1 1 1 1 0 0 0 0 1 0 1 
1 0 0 0 1 1 1 0 1 1 0 1 0 1 1 0 0 0 1 1 0 0 0 1 0 1 1 1 0 1 0 1 1 1 0 0 0 1 0 1 1 0 0 1 1 1 1 0 1 0 1 1 1 0 0 1 1 1 0 1 0 1 1 0 0 
1 0 0 0 1 1 1 1 1 0 1 0 0 1 1 0 0 1 1 0 1 1 1 1 1 1 1 0 0 1 0 1 0 0 1 1 1 1 0 0 1 1 0 1 0 0 0 1 1 1 1 0 0 1 1 0 0 1 0 0 0 1 1 0 1 
0 1 1 1 0 1 1 1 0 0 0 0 0 1 1 0 0 1 0 1 1 0 1 0 1 1 0 0 0 1 1 1 0 0 0 0 0 1 0 0 0 0 0 0 1 1 0 1 0 1 1 1 1 0 1 0 0 0 0 0 1 0 1 1 0 
0 0 0 1 0 0 1 0 0 0 1 1 0 0 0 1 1 1 1 0 1 1 0 1 0 0 0 0 0 1 0 0 1 1 1 1 1 1 1 0 1 0 1 1 1 1 1 0 1 0 0 0 1 0 1 1 1 1 1 1 0 0 1 0 1 
0 1 0 1 1 0 0 1 0 0 0 1 1 1 0 1 1 0 0 0 1 0 1 0 1 0 1 1 1 1 0 1 0 1 1 1 1 1 1 1 1 1 1 0 0 1 1 0 0 0 0 1 0 1 0 1 1 1 1 0 0 1 1 0 0 
0 0 0 0 1 1 1 0 0 0 1 0 1 1 0 1 1 1 1 0 1 1 1 0 0 1 0 1 0 1 0 1 1 0 1 0 1 0 0 0 0 1 0 0 0 0 1 1 1 1 1 1 0 0 1 0 1 0 1 0 1 1 1 0 1 
0 0 1 0 0 1 1 0 1 1 0 1 0 0 0 1 1 1 1 0 1 1 1 1 1 1 0 0 0 0 0 0 0 1 1 0 0 0 0 1 1 1 0 1 1 0 1 0 0 0 0 1 0 0 0 1 1 0 1 0 0 1 0 0 0 
1 0 0 1 1 1 0 0 1 0 1 0 1 1 0 1 0 1 1 0 1 0 1 1 0 1 1 1 0 1 0 1 1 0 1 0 0 1 0 1 1 1 1 0 1 1 0 1 0 1 1 1 0 0 0 0 0 1 1 0 0 1 1 0 0 
0 0 0 0 1 1 1 0 1 0 1 0 0 0 1 1 1 0 1 0 1 1 0 0 1 0 1 0 1 1 0 0 1 0 0 0 0 1 1 1 1 0 1 1 1 0 1 0 1 0 0 0 0 0 0 1 0 1 1 0 0 0 0 0 0 
0 0 0 1 1 1 1 0 1 0 1 1 1 1 0 0 0 0 0 0 1 1 1 0 0 1 1 0 1 1 1 1 1 1 0 1 1 1 1 0 0 0 1 1 1 0 1 1 0 1 0 1 0 1 0 1 0 1 1 1 0 0 0 1 0 
0 0 1 0 1 1 0 1 0 1 1 0 1 0 1 0 0 0 1 1 0 0 1 1 1 0 1 0 0 1 0 1 1 1 1 1 0 1 0 0 0 1 1 1 0 0 0 0 0 1 0 1 1 1 0 0 0 0 0 0 1 0 1 0 1 
0 1 1 1 0 0 0 1 1 1 1 1 1 0 1 0 0 0 1 1 1 0 1 1 0 0 0 1 1 0 0 0 0 0 1 0 0 1 1 1 1 1 0 0 1 1 1 1 0 0 0 1 0 0 0 1 0 0 0 1 0 0 1 0 0 
1 0 0 0 0 1 1 1 1 0 0 1 1 1 1 1 1 0 0 1 0 1 1 0 1 1 0 1 0 1 0 1 1 0 0 1 0 1 0 1 1 0 0 0 1 1 0 1 1 0 0 1 1 0 1 0 1 0 1 1 1 1 1 0 0 
1 0 0 0 0 1 0 1 0 0 0 1 0 1 1 0 0 0 1 0 0 1 1 0 1 0 1 0 1 1 0 0 1 0 1 0 0 1 1 0 1 1 1 0 1 0 0 1 1 0 1 1 1 0 1 0 0 0 1 0 1 1 0 1 0 
1 1 0 0 0 0 0 1 1 0 0 0 0 1 1 0 0 0 0 0 1 0 1 1 1 1 0 1 1 1 1 1 0 1 1 0 1 1 0 0 1 0 0 0 0 1 0 0 1 0 1 0 1 0 1 0 1 0 1 0 1 0 1 0 1 
1 0 0 0 0 1 0 1 1 0 1 1 0 1 0 1 0 1 0 0 0 0 1 0 0 0 0 0 1 0 0 0 0 0 1 1 1 1 0 1 1 1 0 1 0 0 0 1 1 0 1 0 1 1 0 1 1 0 1 0 0 1 1 1 0 
0 0 1 1 0 0 0 1 0 1 1 1 0 0 0 0 0 0 1 1 1 0 0 1 0 0 0 1 1 1 1 1 1 1 0 1 1 0 0 0 0 1 1 0 0 1 0 0 0 0 1 1 0 1 0 0 1 0 0 1 1 1 0 0 0 
1 1 0 1 1 0 1 1 1 1 1 0 0 1 0 0 0 1 0 1 0 1 0 0 1 1 0 0 0 0 1 1 0 1 0 1 1 0 0 0 1 1 0 1 0 1 1 0 0 0 1 0 1 0 1 0 1 1 0 1 1 1 0 1 0 
1 1 1 1 1 1 0 1 0 0 1 1 1 0 1 1 1 0 0 1 1 0 1 0 1 0 1 0 1 1 1 0 0 0 1 1 0 1 0 0 1 0 1 1 0 0 0 1 0 1 1 1 1 0 1 0 0 1 1 1 0 0 1 0 0 
0 1 0 0 0 0 1 0 1 0 0 0 1 1 0 0 0 0 1 0 1 0 1 0 1 0 0 1 0 0 1 0 0 0 0 0 0 0 0 0 0 0 0 1 1 0 1 0 0 1 0 0 1 1 0 0 0 1 1 0 1 0 0 1 0 
1 1 1 1 1 1 1 1 1 1 1 1 0 1 0 1 1 0 0 1 0 0 1 1 1 1 1 0 1 0 0 0 0 1 1 1 0 1 1 1 0 0 1 0 1 1 0 0 1 0 1 1 1 0 1 0 1 0 0 1 0 1 1 0 0 
1 0 1 0 1 0 0 1 1 0 0 0 0 0 1 1 0 1 0 0 0 0 0 0 1 1 0 0 0 1 0 1 1 1 1 0 0 1 1 1 0 1 0 0 1 1 1 1 0 1 0 0 0 0 0 1 1 1 1 1 0 1 1 1 1 
0 1 1 0 0 0 0 1 0 0 0 0 0 0 0 1 0 1 1 0 1 0 1 0 1 0 0 1 1 1 0 0 0 1 0 0 1 0 1 0 0 0 0 0 0 0 0 0 1 1 0 1 0 1 1 1 1 0 0 1 1 0 1 0 1 
1 0 1 1 0 1 1 0 1 0 0 1 0 0 1 1 0 0 1 1 1 1 0 1 1 1 1 0 0 1 1 1 1 0 0 1 1 0 1 0 0 1 0 0 1 1 1 1 1 1 0 0 0 1 0 1 0 1 1 1 0 1 0 1 1 
1 1 1 1 0 1 1 0 1 1 1 0 0 1 1 1 1 0 1 0 0 1 1 1 0 0 1 1 0 0 1 1 1 0 0 0 1 1 0 1 0 1 1 1 0 1 0 0 1 0 0 1 1 1 0 1 1 1 1 0 1 0 1 1 0 
0 1 1 1 1 0 0 0 0 1 1 1 1 1 0 1 1 1 0 1 1 0 0 0 1 0 1 1 0 0 1 0 1 0 1 0 1 1 1 1 0 0 0 0 1 0 1 0 1 0 1 0 0 0 0 1 0 1 0 0 0 1 0 1 1 
0 0 0 1 1 1 0 1 1 0 0 1 1 0 0 1 0 0 1 0 0 0 0 0 0 1 0 1 1 1 1 1 1 1 1 0 1 1 1 0 1 1 0 0 0 0 0 0 1 1 0 1 0 0 1 0 1 1 0 1 1 1 0 0 0 
1 1 1 0 0 0 1 0 0 0 0 0 0 0 1 1 0 1 1 0 0 0 0 0 0 1 1 1 1 1 1 1 0 1 1 1 1 1 1 1 1 1 1 1 1 1 0 1 0 0 1 0 0 1 0 0 0 1 1 0 1 0 1 1 1 
0 0 0 1 1 1 0 0 1 1 1 0 0 0 0 0 0 0 0 1 1 0 0 0 1 0 1 1 1 1 1 1 1 1 1 1 1 1 1 0 1 1 0 1 1 0 1 1 0 1 1 1 1 1 0 0 1 1 1 0 0 0 1 0 0 
0 1 1 0 0 1 1 1 1 0 1 1 1 0 1 0 1 1 1 0 1 1 1 0 0 1 1 1 1 1 1 1 0 0 1 0 1 0 0 0 0 1 1 1 1 0 1 1 1 0 1 0 1 1 1 0 0 0 1 1 1 0 1 1 0 
0 1 1 1 1 1 1 0 0 1 0 0 0 1 0 1 0 0 0 1 1 0 0 1 1 1 0 1 0 1 1 1 1 0 0 0 1 1 1 1 0 1 0 1 0 0 0 0 0 0 0 0 1 0 1 0 1 0 0 0 1 1 1 0 0 
1 1 1 0 0 1 1 1 1 0 1 1 0 1 1 0 1 1 1 1 1 0 1 1 0 1 0 1 0 1 1 1 0 1 1 0 0 0 1 1 0 0 0 0 1 1 1 1 1 0 0 0 0 1 1 0 0 1 0 0 0 1 1 0 0 
1 0 0 1 1 1 0 1 1 0 1 1 1 0 0 0 0 0 0 0 1 1 0 0 1 1 1 0 0 1 1 1 0 1 1 1 1 1 1 0 1 0 1 1 0 1 1 0 1 1 0 0 0 1 1 1 0 0 0 0 1 1 0 1 0 
1 1 1 0 0 0 1 0 1 0 0 1 1 0 0 1 1 1 1 0 0 1 0 0 1 0 1 0 0 1 0 1 0 0 1 0 0 1 0 1 1 0 0 1 0 1 0 1 0 1 1 0 0 1 0 1 0 1 1 0 0 0 0 0 0 
1 0 0 0 0 1 0 0 0 1 1 1 1 0 1 0 0 1 1 1 1 0 1 0 0 0 1 0 0 1 0 1 0 0 0 0 1 0 1 1 1 0 0 0 0 1 0 0 0 1 0 1 0 1 0 0 1 1 0 1 0 0 1 0 0 
1 1 1 1 0 1 0 0 1 0 0 1 0 1 1 0 1 1 0 0 1 0 0 0 0 1 0 0 0 1 0 1 0 1 0 0 0 0 0 0 0 0 1 1 1 0 1 0 1 1 1 0 1 1 0 1 0 1 1 1 0 1 0 0 0 
1 0 1 1 0 1 0 0 0 1 0 0 0 0 0 1 1 0 0 0 1 1 1 0 0 0 0 1 0 0 1 1 0 0 1 0 1 1 0 1 0 0 0 0 1 0 1 0 0 1 1 1 0 0 1 0 0 1 1 0 1 0 0 1 1 
1 1 0 0 0 0 0 0 0 0 1 0 1 0 0 0 1 0 0 1 1 0 1 1 1 1 0 1 1 0 0 0 1 1 0 1 1 0 0 1 0 1 1 1 1 1 1 0 1 1 1 1 1 0 0 0 0 0 0 1 0 0 0 0 1 
0 1 0 1 1 1 1 1 0 1 0 0 0 1 1 0 0 0 1 1 0 0 1 1 0 0 1 0 0 1 0 1 1 0 0 0 0 1 1 0 0 0 0 1 1 0 1 1 0 0 0 1 0 1 0 0 0 1 1 0 1 1 1 0 1 
1 0 1 1 0 0 1 0 0 0 1 0 1 0 1 0 1 0 0 0 0 1 0 1 0 1 0 1 0 0 0 0 1 0 1 1 0 0 1 0 1 0 1 0 0 0 0 1 0 1 0 0 0 0 1 0 1 0 1 0 0 1 0 1 1 
1 0 1 1 1 0 0 1 1 1 0 1 1 1 1 0 1 1 0 0 0 0 1 0 1 1 1 1 1 0 0 0 1 0 0 0 0 0 0 1 1 0 0 1 1 1 1 1 0 0 1 0 0 0 1 0 0 0 1 1 0 1 0 1 1 
0 0 1 0 0 0 0 0 0 1 1 1 0 0 1 0 1 0 1 0 1 1 0 1 0 1 1 1 1 1 1 1 1 0 0 1 1 0 1 1 1 0 1 1 1 0 0 0 0 1 0 1 0 0 0 0 0 0 1 1 1 0 1 0 1 
