70 70 4574
5 93 74 61 82 65 40 47 41 27 19 87 50 100 38 20 57 72 94 48 19 99 97 2 71 12 12 21 58 27 94 14 71 68 74 4 32 66 2 24 92 20 11 41 19 100 12 75 71 57 74 41 55 70 42 77 82 5 97 39 31 91 4 53 58 77 56 41 42 57 
65 85 76 27 78 46 26 89 72 48 46 46 40 52 15 33 29 48 38 25 38 20 67 41 73 76 70 80 17 63 37 33 48 64 11 25 10 88 65 81 35 10 26 26 62 93 58 42 92 95 18 30 67 85 70 39 12 91 18 28 54 6 12 1 70 22 77 79 61 41 
59 47 51 37 72 64 81 30 57 72 76 74 53 42 10 75 32 22 65 2 1 18 7 13 18 28 86 46 6 99 87 17 45 89 53 17 4 85 98 60 56 73 33 9 67 95 83 50 16 47 51 16 65 10 80 34 37 18 80 43 16 18 11 60 6 63 76 61 47 25 
20 54 98 4 62 16 98 96 65 65 95 68 81 11 77 60 44 13 29 75 7 44 92 17 56 49 31 31 9 29 8 28 83 57 84 96 72 33 44 88 98 38 7 78 48 83 89 43 48 70 18 6 13 9 75 68 10 5 51 18 86 58 98 20 14 33 15 37 65 10 
24 62 47 31 91 46 65 32 89 64 1 6 70 13 66 96 33 27 100 35 45 37 92 94 56 57 26 23 93 90 32 68 4 31 50 94 76 15 25 64 30 77 21 99 90 39 46 74 65 98 8 61 34 51 54 90 7 31 12 51 21 95 18 76 25 20 21 1 86 98 
16 15 74 89 66 15 79 11 88 95 8 47 56 42 97 61 83 55 44 94 5 16 40 75 91 65 94 11 17 79 8 84 93 82 72 10 96 2 21 36 97 28 82 4 21 79 16 3 33 59 48 90 74 88 64 64 4 9 27 20 87 34 55 31 67 27 41 15 28 13 
50 76 92 31 79 13 61 95 15 46 5 15 87 79 2 50 94 57 10 20 76 48 6 30 30 72 8 22 86 88 34 87 15 26 70 94 38 82 40 4 79 44 18 65 74 71 66 68 27 75 39 54 22 44 36 52 68 95 73 5 34 59 92 49 84 61 94 73 42 33 
28 73 28 98 37 2 20 3 69 47 29 59 52 51 3 39 54 70 34 78 74 19 36 17 67 71 29 60 95 23 44 75 95 72 72 31 73 91 33 93 89 62 51 93 64 5 31 69 26 16 46 52 35 34 68 53 56 97 13 3 19 8 77 13 79 100 43 3 90 28 
47 31 41 50 23 4 54 53 24 32 21 69 83 7 54 50 59 62 98 23 16 16 31 92 28 61 91 23 64 32 2 62 14 42 11 36 97 17 41 20 100 61 40 82 19 46 83 77 7 81 52 22 96 34 65 76 94 7 50 9 90 51 71 4 44 33 39 40 1 31 
59 100 91 50 81 9 95 64 38 53 96 89 26 43 22 90 18 67 48 19 76 38 69 98 93 64 30 31 3 31 14 13 82 4 63 63 65 57 78 54 62 25 94 87 67 67 29 37 33 76 55 60 65 76 57 57 39 87 40 94 69 53 6 50 8 68 64 24 77 93 
77 38 17 70 76 36 36 4 72 21 80 78 80 44 53 37 53 44 75 92 37 95 96 42 44 3 62 60 27 90 4 55 79 21 77 54 56 12 58 79 84 89 56 64 84 61 52 36 4 26 79 92 20 74 33 15 29 46 74 7 87 78 61 65 50 37 19 57 1 28 
35 36 16 42 99 51 2 50 87 5 27 17 96 46 43 81 13 71 78 86 29 65 15 89 29 16 78 99 72 30 78 58 65 45 100 16 96 1 17 34 58 44 50 5 41 92 85 53 14 15 91 42 79 57 83 59 73 12 10 96 41 87 54 57 32 5 72 79 5 89 
12 14 32 13 19 24 5 3 77 70 17 67 12 47 23 94 6 47 57 15 43 97 53 96 53 36 100 77 14 56 17 77 70 100 90 88 23 46 42 99 67 11 17 78 57 40 23 14 86 79 80 80 27 33 75 32 20 26 8 34 82 24 62 3 75 3 90 97 100 83 
96 67 93 64 44 2 55 19 15 93 97 95 72 76 79 47 7 98 24 66 83 57 41 97 59 15 99 100 11 99 83 58 65 75 22 60 76 76 78 43 68 27 37 40 2 67 38 60 64 61 25 47 18 65 43 28 79 93 28 41 91 10 99 7 36 72 19 12 47 48 
54 67 26 42 6 27 8 95 38 71 7 62 69 24 78 63 52 56 8 31 49 50 40 47 57 75 18 27 38 16 74 91 82 100 84 39 78 91 33 16 14 92 29 34 15 7 49 18 14 56 48 62 5 39 60 13 14 77 91 3 45 65 46 26 16 29 17 93 72 49 
60 85 92 89 70 59 47 18 76 60 25 76 22 82 66 81 46 31 10 37 34 54 53 79 31 68 7 47 60 78 48 72 14 39 60 84 97 6 53 25 17 30 52 90 11 17 23 56 100 32 44 33 37 96 11 67 63 69 66 75 99 13 46 12 51 5 47 100 62 52 
24 78 81 75 68 91 43 90 98 42 73 42 26 9 37 36 27 52 57 92 26 55 4 71 18 7 27 65 6 88 68 81 17 48 7 36 90 1 77 87 43 49 80 20 9 69 8 36 20 64 79 45 70 35 67 87 41 93 3 98 80 70 30 48 17 36 84 6 36 60 
45 30 61 24 50 69 92 57 56 63 72 35 59 41 69 25 79 61 17 82 10 48 51 39 96 20 26 31 77 61 90 73 43 50 97 44 71 40 52 26 55 75 12 13 15 32 38 93 92 54 26 53 54 77 91 49 48 68 31 76 81 20 49 23 22 97 18 92 36 21 
69 90 95 81 3 9 64 92 53 56 97 79 60 50 7 3 50 6 70 80 81 50 52 81 72 73 77 41 16 13 61 36 54 55 68 8 15 32 99 20 39 96 98 98 97 56 100 47 13 70 78 93 19 29 74 43 53 50 35 20 14 96 56 20 2 23 79 69 6 30 
88 44 77 37 42 73 44 41 71 56 62 49 48 33 29 73 27 82 75 61 53 40 8 60 11 10 83 90 78 88 19 17 84 47 5 25 19 48 17 42 3 79 90 2 63 70 27 89 51 1 49 56 92 57 15 3 18 49 92 47 37 62 63 20 8 19 96 78 66 12 
71 20 42 60 21 56 82 99 44 32 99 45 39 43 53 54 45 70 2 88 68 90 1 82 61 8 100 56 37 65 20 8 36 13 19 8 69 100 7 64 84 57 8 22 99 12 75 43 81 77 82 100 66 82 81 79 41 80 34 78 96 5 37 31 18 7 39 86 7 97 
1 42 53 9 63 52 20 90 46 53 66 28 52 83 61 85 13 2 16 47 31 12 3 67 94 20 73 84 57 31 80 58 72 85 18 35 36 37 24 33 41 41 12 45 75 73 29 88 74 44 86 56 7 88 22 53 60 46 88 16 77 20 73 48 4 90 34 91 79 9 
23 71 1 87 15 76 59 95 15 84 39 52 39 97 91 12 1 50 57 89 18 85 60 90 33 63 32 18 53 62 27 27 32 27 13 99 54 23 93 20 58 83 71 48 32 62 59 32 63 68 72 80 52 31 22 36 45 5 54 97 66 32 76 49 10 40 47 64 15 92 
83 24 74 6 72 5 67 82 89 81 49 60 61 53 43 82 40 87 86 45 36 3 76 11 51 86 2 50 1 68 41 83 92 66 40 63 71 6 44 59 39 45 70 99 49 12 80 88 99 17 33 34 19 60 96 21 97 49 22 97 17 62 32 8 80 71 70 50 29 65 
60 67 61 81 17 9 45 96 49 43 12 33 28 82 92 75 2 41 23 24 37 39 37 20 46 16 43 67 17 71 84 28 89 44 61 5 5 5 52 53 47 15 85 26 96 28 100 49 68 22 72 57 13 61 28 58 28 70 77 45 40 60 24 80 55 84 84 59 88 35 
63 86 49 99 11 96 27 62 45 46 84 68 54 48 28 82 5 8 51 33 52 43 44 27 22 99 11 58 9 50 44 72 36 45 70 98 40 48 60 36 46 95 4 51 42 83 32 98 90 35 83 93 29 26 72 2 76 34 59 85 83 55 8 70 99 29 20 90 77 31 
26 74 25 81 24 18 63 8 15 5 42 97 49 70 75 20 23 50 5 82 34 88 36 93 9 86 22 80 75 50 10 52 23 86 32 98 3 47 5 70 3 46 18 51 67 92 23 90 42 27 23 27 66 10 20 27 95 41 58 21 90 68 73 64 53 56 61 8 2 66 
77 4 63 94 7 82 38 81 23 79 59 45 57 77 6 28 3 52 68 60 72 9 79 96 72 84 52 85 91 5 50 19 9 64 12 67 45 1 47 67 31 57 63 88 33 20 15 87 71 35 47 95 95 77 90 67 60 93 51 50 98 52 20 58 15 32 76 12 84 22 
30 15 78 45 2 63 64 68 49 35 54 47 29 49 24 70 67 35 15 69 37 64 20 56 73 86 39 48 49 23 21 79 37 50 23 90 12 86 9 61 72 63 7 52 11 82 74 77 17 40 45 53 3 16 8 75 53 47 74 2 69 94 32 57 43 54 46 7 91 54 
67 15 68 25 18 78 59 91 6 75 30 2 79 84 69 38 58 22 84 31 75 4 76 6 12 19 11 57 25 53 63 43 67 30 19 85 60 77 75 65 3 57 19 81 40 87 19 50 60 54 32 86 10 8 91 21 78 1 78 54 54 92 48 72 21 66 56 32 43 83 
49 45 91 67 78 82 5 96 83 17 1 15 2 10 74 45 31 3 97 60 56 2 51 3 74 23 20 81 55 62 15 3 59 5 21 36 39 77 31 21 93 83 87 47 93 60 91 23 14 87 34 21 89 36 23 14 58 95 94 64 56 61 18 14 17 38 1 55 15 83 
76 59 66 62 5 58 74 47 32 87 34 65 8 74 52 82 39 9 76 84 25 84 44 42 49 61 32 50 15 98 32 42 8 97 4 13 6 29 11 37 67 44 53 74 69 4 8 7 65 35 91 41 18 86 34 67 46 65 68 13 14 99 54 22 48 9 86 53 37 96 
90 4 92 94 29 60 50 88 19 66 23 61 6 40 98 39 58 44 56 25 8 21 76 61 42 23 22 79 75 10 75 16 13 18 62 94 29 11 81 47 76 3 59 33 95 57 23 4 52 78 81 11 99 56 71 92 78 44 23 4 54 97 20 18 66 81 11 94 43 44 
93 70 98 51 2 44 59 24 48 62 54 80 72 4 35 95 47 64 38 69 67 91 17 38 61 82 70 23 76 12 66 68 33 64 70 34 59 81 10 58 42 15 37 14 70 23 8 16 86 45 37 5 88 53 94 48 87 64 70 62 27 88 81 60 3 2 45 61 82 6 
19 24 20 7 89 89 30 96 57 67 92 93 23 79 45 17 78 31 32 100 44 58 39 76 69 41 78 14 53 11 71 71 86 91 30 74 31 59 21 87 77 13 79 100 43 24 68 73 6 99 72 2 8 10 77 29 2 6 42 54 17 64 77 54 54 6 28 85 16 100 
71 92 12 50 43 55 25 10 27 82 60 50 83 68 11 60 96 12 17 89 17 85 52 45 39 58 50 18 94 17 17 64 61 29 65 3 35 41 65 13 75 24 62 57 43 24 68 90 87 85 30 3 69 34 48 59 43 49 76 36 66 45 51 26 25 68 80 59 8 44 
23 82 20 84 91 14 59 58 4 45 94 85 99 15 70 46 73 12 47 49 47 12 45 98 89 69 65 20 79 24 64 1 58 35 36 100 48 94 57 3 38 3 88 88 17 9 34 89 21 32 89 19 95 33 68 35 1 84 54 31 60 17 31 17 3 66 16 51 11 24 
5 100 26 44 88 94 53 73 83 73 4 23 43 98 56 11 84 8 46 37 39 5 6 21 73 8 87 40 58 97 64 63 49 41 6 36 87 10 8 69 34 63 91 77 12 98 39 95 58 84 31 96 89 36 16 13 96 54 53 53 3 68 67 51 8 25 38 94 34 97 
14 20 59 57 96 22 6 34 16 63 69 98 10 9 86 26 22 81 31 74 85 85 41 4 35 100 28 24 46 13 20 11 32 30 19 79 51 25 64 18 87 33 68 97 93 53 74 14 85 56 39 69 41 31 72 75 83 51 51 28 16 70 90 99 100 9 78 50 33 93 
20 71 77 87 19 70 91 92 35 75 48 26 43 40 56 67 66 38 17 16 17 32 86 59 31 85 67 60 86 51 52 57 21 29 43 40 98 33 83 84 59 82 9 2 21 65 68 87 54 36 2 23 68 87 81 50 23 99 9 61 49 12 69 21 40 12 60 89 96 95 
73 7 76 81 8 49 97 27 35 3 62 36 25 81 75 57 30 49 55 90 61 3 2 30 23 93 93 35 82 40 29 6 46 56 38 5 4 87 31 90 89 45 78 65 25 52 21 7 52 27 48 65 81 49 94 55 94 38 89 27 29 69 32 75 77 21 31 80 7 14 
70 47 58 47 63 34 50 83 40 53 61 88 17 41 88 62 96 81 51 36 7 80 5 90 6 33 11 36 12 69 1 33 68 58 31 30 92 32 65 83 85 25 22 53 66 10 15 13 42 65 48 1 96 4 42 1 36 4 89 100 73 89 84 92 99 15 21 42 46 85 
24 82 62 98 35 79 59 49 91 100 65 90 52 13 94 94 65 81 97 53 32 21 94 16 12 92 30 85 33 27 69 8 9 30 5 43 8 63 43 50 15 59 40 18 71 85 11 36 65 60 40 97 32 33 64 96 76 45 80 8 71 48 68 31 30 72 25 89 87 67 
39 53 78 30 70 48 14 33 35 78 44 27 26 75 11 89 22 87 33 1 46 56 1 13 86 30 37 11 70 23 29 60 27 6 89 96 6 2 80 92 80 23 18 57 50 81 46 71 67 30 72 64 85 24 77 23 53 65 33 74 39 13 34 65 19 22 12 24 24 92 
67 55 66 85 11 67 17 8 38 83 38 61 98 74 84 74 96 88 90 80 61 28 93 94 92 63 68 56 86 91 99 52 97 64 88 7 31 4 67 20 38 4 32 36 29 15 61 77 54 51 56 66 30 100 12 74 62 79 29 99 21 27 3 17 42 90 23 24 46 89 
43 35 44 74 22 25 40 35 1 45 37 8 11 66 8 22 39 69 100 19 68 20 45 70 36 87 11 10 10 8 51 5 95 46 30 16 70 22 2 22 66 38 30 76 56 89 97 94 57 48 13 76 19 9 97 54 47 60 16 57 19 66 13 13 63 42 81 85 63 82 
6 29 20 87 56 75 75 53 20 84 52 84 11 71 93 8 76 39 19 91 47 37 8 59 50 23 53 30 7 15 63 64 95 82 51 51 8 77 55 80 60 6 63 71 28 55 30 4 46 100 46 44 36 54 55 37 76 7 18 34 73 81 97 68 14 99 70 74 76 24 
53 35 81 15 57 61 22 86 64 19 85 61 62 73 14 16 9 41 74 79 74 47 59 23 66 24 21 87 97 96 62 49 83 94 16 39 54 89 77 69 7 13 30 20 37 95 88 98 36 61 76 61 59 86 83 76 9 56 62 58 3 23 58 85 17 25 76 22 13 4 
91 19 68 20 39 5 14 26 2 1 38 77 62 49 62 96 24 22 3 38 31 6 12 41 42 28 65 69 50 78 72 92 48 40 63 86 44 76 63 45 29 53 73 42 1 86 37 76 59 92 65 90 97 77 30 90 4 46 59 5 23 30 48 71 21 10 8 16 38 23 
12 66 75 84 7 27 21 95 54 80 86 19 21 82 95 2 72 50 47 82 7 70 63 54 92 84 64 99 99 53 21 63 18 47 98 24 25 19 70 31 98 56 1 18 89 47 19 12 96 65 93 2 86 56 8 77 91 23 28 89 75 100 3 92 99 1 67 75 19 36 
5 68 43 5 85 32 51 55 43 99 71 36 52 9 43 59 85 33 33 64 73 7 64 76 50 62 76 68 36 94 4 41 61 46 97 97 77 100 3 72 50 25 7 1 33 49 12 70 33 44 33 5 3 48 80 52 9 55 20 45 100 75 37 12 72 85 60 1 36 14 
72 85 91 30 38 23 30 49 44 62 44 29 66 98 76 98 2 37 52 73 33 4 47 21 67 70 5 27 70 93 92 93 77 82 22 14 57 3 14 52 64 10 80 82 7 8 79 8 96 82 80 28 85 78 48 4 48 4 82 69 96 73 62 25 55 83 90 11 38 4 
62 1 65 94 82 23 53 12 31 100 94 62 27 30 92 26 33 39 81 14 59 77 87 20 53 93 55 42 55 92 97 68 44 61 13 78 84 17 89 66 16 34 79 94 64 70 71 48 60 52 62 19 80 100 90 32 44 44 73 98 87 70 65 31 82 30 60 17 46 48 
82 62 82 13 7 97 82 78 44 42 29 5 12 8 56 1 39 99 97 63 96 35 32 13 17 66 42 76 82 39 76 16 100 9 28 7 5 61 84 48 54 64 5 65 71 12 18 61 11 66 23 58 100 7 22 17 24 15 92 5 54 19 72 53 27 51 11 31 12 46 
31 65 9 87 82 31 98 99 91 60 64 66 18 63 72 91 31 95 6 75 51 59 93 75 11 20 25 74 2 36 19 32 53 80 18 34 10 68 84 53 27 47 18 44 61 41 87 44 87 92 18 89 50 62 63 12 81 88 85 35 75 56 18 27 35 36 12 96 55 95 
48 81 41 65 77 54 57 63 97 43 54 66 32 3 27 46 66 60 33 3 94 60 58 11 86 44 98 98 39 52 44 87 33 85 3 61 90 60 23 38 54 76 3 37 30 29 83 47 40 67 49 33 26 6 96 64 1 45 13 40 97 56 78 81 92 80 41 81 91 63 
18 45 90 20 81 71 1 15 17 40 82 18 25 7 75 72 22 76 16 34 15 64 90 92 44 81 23 36 62 14 50 31 10 91 3 90 61 55 57 30 46 38 47 70 96 21 93 18 48 9 51 62 24 40 5 68 73 80 55 86 93 5 16 2 95 70 43 8 24 99 
37 70 36 35 91 84 7 84 1 55 44 3 68 67 95 25 86 67 4 41 4 48 45 19 49 39 89 91 98 12 42 34 33 29 20 24 12 27 7 64 33 2 19 52 68 13 76 6 31 79 46 34 26 90 4 26 80 44 69 78 8 10 63 40 90 83 63 54 61 21 
17 45 22 87 96 42 51 72 47 81 2 92 66 80 33 22 57 64 65 25 93 72 86 56 12 28 90 26 81 2 47 49 46 20 36 93 13 86 16 59 19 18 2 84 49 86 5 5 50 22 82 94 93 19 49 56 46 90 82 26 43 80 27 40 99 62 33 12 47 48 
22 65 17 24 1 17 9 57 22 10 78 55 4 71 25 4 78 71 46 59 48 88 38 74 28 89 87 60 100 86 59 73 50 76 96 2 92 57 59 65 18 88 71 73 10 96 77 88 18 74 46 17 61 36 43 88 24 29 99 75 14 10 47 16 37 95 69 28 3 79 
45 20 67 67 93 76 62 21 15 31 94 13 48 6 48 42 46 23 70 44 49 36 5 95 3 41 41 71 69 43 50 65 63 16 83 7 43 97 79 58 27 24 70 26 29 69 67 74 43 89 70 91 24 74 85 26 15 26 96 35 20 97 99 34 12 81 40 7 77 70 
64 56 93 85 81 22 5 100 95 47 88 64 37 63 38 73 40 4 98 87 38 70 84 88 3 47 20 95 53 49 64 68 4 57 4 36 30 8 87 76 54 26 40 90 88 29 15 79 32 12 66 69 33 1 8 36 47 27 30 52 75 45 19 78 53 23 66 82 82 52 
10 88 78 49 77 17 29 91 96 12 55 61 32 39 61 39 74 59 65 55 10 40 100 81 69 4 55 86 38 36 38 47 23 67 47 52 83 75 94 78 38 100 90 69 91 2 59 64 13 23 71 22 14 22 54 35 25 8 20 62 96 9 8 70 75 6 73 58 80 19 
87 69 70 29 89 60 82 47 76 94 22 46 68 87 67 21 21 91 81 93 5 28 1 64 49 76 70 22 85 1 92 23 70 61 3 58 21 85 5 48 78 26 93 97 12 59 70 85 1 2 77 5 29 77 69 29 4 90 50 40 90 93 63 59 54 65 17 26 49 73 
73 79 50 17 27 61 75 96 97 27 97 73 32 77 2 52 6 57 41 7 97 30 100 59 41 5 75 57 82 76 29 6 6 30 22 32 90 48 80 39 74 28 63 5 57 64 8 62 73 100 20 69 82 71 79 22 75 53 78 8 80 58 13 85 87 34 69 28 81 48 
18 55 27 81 11 83 96 71 96 68 70 16 88 51 86 66 72 13 71 1 20 2 10 33 87 48 66 7 28 99 6 45 5 32 77 15 15 73 37 10 92 7 77 80 9 63 97 33 27 19 33 46 21 95 30 59 94 48 17 21 46 22 18 50 53 94 16 19 18 53 
29 62 11 5 93 19 19 41 51 97 60 36 43 32 82 72 42 75 19 58 96 16 79 65 65 83 10 33 2 28 85 82 89 95 38 33 65 57 73 16 53 32 3 47 15 84 71 8 58 89 65 5 5 95 21 21 30 31 53 31 58 89 12 98 35 49 30 100 57 54 
67 62 38 69 8 52 4 78 12 61 19 28 18 75 23 38 47 4 68 100 34 77 40 97 26 75 45 7 26 54 61 92 15 98 12 74 1 15 4 12 27 22 40 96 48 14 34 94 17 53 93 50 82 85 46 7 59 42 14 36 95 26 27 9 23 90 35 23 4 38 
35 82 59 74 78 58 39 63 51 55 15 96 4 48 80 1 55 90 42 20 25 37 45 3 97 19 92 31 41 95 68 27 28 78 52 5 35 90 67 86 44 34 81 99 81 12 99 87 1 93 58 77 29 2 79 77 72 70 8 65 16 27 91 43 5 95 100 91 36 18 
28 32 51 60 30 84 71 81 22 23 73 80 99 53 33 77 29 5 98 88 69 13 67 11 8 71 5 7 13 93 24 41 24 27 100 5 62 23 85 83 45 9 62 96 61 95 72 42 99 22 81 19 34 47 29 93 69 86 51 82 78 27 74 1 53 25 57 66 99 42 
1 1 1 1 0 0 1 1 1 1 0 1 1 0 0 1 0 0 0 1 1 1 1 0 1 1 1 0 0 1 1 1 0 0 0 0 0 1 0 1 0 0 1 1 0 1 1 1 1 1 0 1 1 1 1 0 0 0 0 0 0 1 1 0 0 0 1 0 1 1 
0 0 1 1 1 0 0 0 1 1 0 1 0 1 0 0 1 0 0 0 0 0 1 1 1 1 1 0 0 1 1 0 1 0 1 0 0 1 1 1 0 1 0 1 0 0 1 1 0 1 1 0 0 1 0 1 0 1 1 0 0 0 0 1 0 1 0 1 0 1 
0 1 0 1 0 0 1 1 1 0 0 1 0 0 0 0 1 0 0 0 1 0 0 1 0 1 1 0 0 1 1 0 0 1 1 0 1 1 1 0 1 0 1 1 0 1 0 0 0 0 0 1 0 1 0 0 0 1 0 0 1 1 0 1 0 0 0 1 1 1 
0 0 1 1 1 0 1 1 0 1 1 0 0 0 1 0 0 1 0 1 1 1 0 0 0 1 0 0 0 1 0 0 1 1 0 0 1 1 0 1 0 1 0 0 1 1 0 0 1 0 1 0 1 1 0 0 0 0 0 1 1 0 1 0 0 1 1 1 0 1 
1 0 0 1 0 0 0 1 0 1 1 1 0 1 0 0 1 1 1 1 0 0 0 1 1 0 1 0 1 1 1 0 0 1 1 0 1 0 1 1 1 1 0 1 0 1 0 1 0 1 0 0 1 0 1 0 0 0 0 0 0 1 0 0 1 0 0 0 0 0 
0 1 1 0 1 1 1 1 0 1 0 0 1 1 1 1 0 1 1 0 1 1 0 0 1 1 0 0 1 0 0 1 1 1 0 0 0 1 1 0 1 1 0 0 1 1 1 1 1 1 1 0 0 1 0 0 0 0 0 0 0 0 1 0 1 1 0 1 1 0 
1 0 1 1 0 0 1 0 1 0 1 1 0 1 0 1 1 1 1 1 1 0 1 0 0 0 0 0 1 1 0 0 1 0 0 1 0 1 1 0 1 0 1 1 0 1 0 1 0 0 1 1 0 0 0 0 1 0 0 0 1 1 1 0 1 1 1 1 0 1 
1 1 1 0 0 1 0 1 1 0 1 0 0 1 0 0 1 1 0 1 0 1 0 1 1 1 0 0 1 0 1 0 1 1 1 1 0 1 0 1 1 1 1 1 0 0 1 1 1 1 1 1 0 1 0 1 1 0 0 0 0 1 0 1 0 1 1 1 0 1 
0 0 1 0 1 1 0 1 1 1 0 0 1 1 1 1 0 0 0 0 0 0 0 1 0 0 0 1 1 1 0 0 1 1 0 0 1 0 1 0 1 0 0 0 1 1 0 1 0 0 0 0 0 0 1 0 0 0 1 0 1 0 0 0 1 0 0 0 0 0 
0 1 0 0 0 1 0 0 0 0 0 0 0 0 0 0 1 1 0 0 1 1 0 1 1 0 1 1 0 1 1 1 0 1 1 0 0 1 0 1 1 0 1 0 1 0 0 0 1 0 0 0 1 1 1 0 1 0 1 1 1 1 0 1 0 0 0 1 1 0 
0 1 1 1 1 0 1 1 0 0 1 0 0 0 1 1 0 0 1 1 0 0 0 0 0 1 0 0 0 0 0 0 1 1 1 0 1 1 1 1 1 0 0 0 0 1 1 0 0 1 1 0 1 0 0 1 1 1 1 1 1 0 1 0 1 0 0 1 1 1 
0 1 1 0 1 1 0 0 1 0 1 0 0 1 0 0 0 1 1 0 0 0 0 1 0 1 0 0 0 1 1 1 0 0 1 1 1 1 0 0 1 1 1 1 0 1 0 1 1 1 1 1 0 1 1 0 0 1 1 1 0 0 0 1 1 1 0 0 1 0 
1 0 0 0 0 0 1 0 1 0 1 0 0 1 1 1 0 0 0 1 1 0 1 1 1 0 0 0 1 1 0 0 0 0 0 0 1 1 0 0 0 1 1 0 1 0 1 1 0 1 0 1 1 1 0 1 0 1 1 1 0 1 1 0 0 1 0 1 0 0 
1 0 0 0 0 1 1 1 0 1 0 0 1 0 1 1 1 1 0 0 0 1 1 1 1 1 0 0 0 1 0 0 1 0 0 0 1 1 1 1 1 0 1 0 0 1 1 1 0 0 1 1 1 0 0 0 0 1 0 0 0 1 0 1 1 1 1 1 0 1 
0 1 1 0 1 1 1 1 0 1 1 1 0 0 1 1 0 1 0 1 0 0 0 0 1 1 1 1 0 0 0 1 1 1 1 1 0 0 0 0 1 1 1 0 1 0 1 1 0 1 0 0 1 0 0 0 0 0 1 0 0 1 1 1 0 0 0 0 0 0 
0 0 1 1 0 0 0 1 0 0 0 0 0 1 1 0 1 1 0 1 1 0 0 1 0 1 1 0 1 0 1 0 0 0 1 0 1 1 1 1 1 1 1 1 0 0 0 1 1 0 0 1 1 1 0 1 0 1 1 1 1 0 1 1 1 1 1 0 0 0 
1 0 1 0 1 1 1 1 1 0 0 1 1 1 0 1 0 0 1 1 0 0 0 1 0 1 0 1 1 1 0 0 1 1 0 0 1 1 0 0 0 0 1 1 1 0 1 1 0 0 0 0 0 0 0 0 1 0 0 0 1 0 0 0 1 1 1 0 0 1 
0 0 1 0 0 0 0 1 1 0 1 1 1 1 0 1 0 1 1 0 0 1 0 0 1 1 1 0 0 0 1 0 0 0 0 0 0 0 1 1 1 0 1 0 0 1 1 0 0 0 0 0 1 0 1 1 1 0 1 1 0 1 0 1 1 0 1 0 1 1 
1 0 1 0 0 1 1 1 1 0 1 1 0 1 1 1 0 1 0 1 0 0 0 0 1 0 1 1 0 0 0 1 0 1 0 0 1 1 1 0 1 0 0 0 1 1 1 1 0 1 1 1 0 1 1 1 1 0 0 1 0 0 1 0 0 1 0 1 0 1 
1 0 0 1 0 1 1 1 1 1 1 0 0 1 1 0 0 1 0 1 0 1 1 1 1 1 0 0 0 1 1 0 1 1 1 1 1 0 0 0 0 1 0 0 0 1 0 1 0 1 0 1 0 1 0 1 1 1 1 1 0 1 1 1 0 1 0 1 1 0 
1 1 0 1 0 0 1 0 1 1 1 1 0 1 1 1 1 0 0 0 1 0 1 1 1 0 0 1 1 1 1 1 1 1 0 1 0 1 1 1 1 1 1 1 0 0 0 1 0 0 0 1 0 1 0 1 1 0 0 1 0 0 0 1 1 0 0 1 0 1 
1 1 0 0 0 1 0 1 0 0 1 0 1 0 0 0 1 1 0 0 0 0 0 0 1 1 1 1 1 1 1 0 0 1 0 0 0 0 1 1 0 1 1 1 1 1 1 0 1 0 0 1 0 0 0 0 0 1 1 1 0 0 1 0 0 1 0 0 1 0 
1 1 1 1 0 0 0 0 0 1 0 1 1 0 1 1 0 1 0 0 0 0 0 1 0 0 0 0 1 1 0 0 0 1 1 1 1 0 1 0 1 1 1 0 1 0 1 0 0 1 0 0 1 0 0 1 1 0 0 0 0 0 0 0 0 0 1 1 0 0 
1 1 1 0 0 1 1 1 1 1 1 1 1 0 1 1 0 0 0 0 0 0 0 1 0 0 1 0 0 1 0 1 0 0 0 0 1 1 0 0 0 1 1 1 1 0 1 1 1 1 1 1 1 0 0 1 0 1 1 0 0 0 0 1 0 0 1 1 1 1 
1 1 0 0 0 0 0 1 1 1 0 1 1 1 1 1 1 1 1 0 0 1 0 0 0 0 0 0 1 1 1 0 0 0 0 0 0 1 0 1 0 0 0 1 0 1 1 1 1 0 1 1 1 0 1 0 0 1 0 0 0 1 0 0 1 1 0 1 0 0 
1 0 1 1 0 1 1 1 0 0 1 1 1 0 1 0 0 0 1 0 0 1 0 0 1 1 1 1 1 1 0 0 0 1 1 0 0 0 1 0 0 0 1 1 0 1 1 1 1 0 1 1 1 1 1 0 1 1 0 0 0 0 0 0 1 1 0 1 0 1 
1 0 1 0 0 0 1 1 1 0 0 0 1 1 0 1 0 1 0 0 1 0 0 1 1 1 0 1 0 0 1 1 1 0 1 1 0 1 0 1 1 0 0 1 0 0 0 0 1 0 0 0 0 0 1 1 1 1 1 1 0 0 0 1 0 1 0 1 0 0 
0 0 1 0 1 1 0 1 1 1 1 1 1 1 1 0 1 0 0 0 1 0 0 1 1 0 0 1 1 1 1 0 1 0 0 0 1 1 1 0 0 0 1 0 1 0 0 0 0 0 0 1 0 0 0 1 1 1 0 0 0 0 0 1 0 1 1 0 0 0 
0 0 0 0 0 1 0 1 0 1 1 0 0 0 1 1 1 0 0 0 0 0 0 1 1 0 0 0 0 0 0 1 0 0 1 1 1 1 0 1 0 1 0 1 1 1 0 1 1 0 1 1 0 1 0 1 1 0 1 0 0 1 1 1 1 0 0 0 1 0 
0 0 1 0 1 1 1 1 0 0 1 1 1 1 0 0 0 1 0 1 1 1 0 0 0 1 0 0 1 0 0 1 0 1 1 1 0 0 0 0 0 1 1 0 0 1 0 0 1 0 1 0 1 1 1 1 0 1 1 1 1 1 1 1 1 0 0 1 1 0 
0 1 1 1 1 1 1 1 1 0 0 0 0 1 1 1 1 1 1 0 1 0 0 0 0 1 0 0 0 1 1 0 1 0 0 0 0 1 0 1 1 0 0 1 1 1 1 0 1 0 1 0 0 1 0 0 0 0 1 0 0 0 1 1 0 1 1 0 0 1 
0 1 1 0 0 1 1 1 1 0 1 0 0 0 1 0 0 1 1 1 0 1 1 1 0 0 0 1 0 0 1 0 1 0 0 1 1 0 1 1 0 0 1 1 0 1 1 1 0 0 0 0 1 0 1 1 0 1 1 0 1 0 1 0 0 1 0 0 1 1 
1 0 1 0 1 0 1 0 1 0 1 1 0 0 1 0 0 1 1 1 0 1 1 1 1 1 0 1 1 0 0 0 0 0 1 1 0 0 1 1 0 0 0 1 1 0 1 1 1 0 0 1 1 1 0 1 0 1 0 0 1 1 0 1 1 1 0 1 0 1 
0 0 0 0 1 1 0 0 0 0 1 0 1 0 1 0 1 1 1 0 1 0 1 0 1 0 1 1 1 1 0 1 0 0 1 1 1 0 0 1 0 1 1 1 1 0 1 1 0 0 1 1 0 0 1 1 0 1 0 1 0 1 0 0 1 1 0 1 1 0 
0 1 1 0 1 0 0 0 1 0 1 0 0 1 0 1 1 0 0 1 1 1 0 1 1 0 1 1 1 0 1 1 0 0 1 1 1 0 1 0 0 0 1 0 0 1 0 1 0 0 0 1 1 1 1 1 1 0 0 0 0 0 1 0 0 1 1 1 1 1 
0 1 1 1 0 1 0 0 0 0 0 1 0 0 0 1 1 1 1 1 1 1 1 0 0 0 1 1 1 0 0 1 0 0 0 0 1 1 0 0 1 0 1 1 0 1 0 1 0 1 1 1 1 0 1 1 0 1 0 0 1 1 1 1 1 0 1 0 1 1 
0 0 0 1 0 0 0 0 0 0 0 1 1 1 1 1 0 0 0 0 0 1 1 1 1 0 1 0 1 0 0 1 1 0 1 1 0 1 1 0 0 1 1 1 0 1 0 0 1 0 1 1 0 0 0 1 1 0 1 0 0 1 1 1 1 0 0 0 0 0 
0 0 1 0 1 0 1 0 0 0 0 1 1 0 0 1 1 1 1 1 1 0 0 0 1 0 1 0 0 1 0 0 1 1 0 0 1 1 0 0 1 1 1 0 1 1 0 1 0 1 0 1 1 0 0 1 0 1 1 0 0 1 1 1 0 1 1 0 1 0 
0 0 1 1 1 0 1 1 1 1 0 1 1 0 0 1 1 0 0 0 1 0 1 0 1 1 1 0 1 0 0 1 1 1 1 0 0 0 1 1 1 1 1 0 1 1 1 0 1 1 0 0 1 1 0 0 1 0 1 0 0 1 0 1 1 1 1 1 1 0 
0 0 0 1 1 1 0 0 0 0 0 0 0 1 0 1 0 1 1 1 1 1 0 1 1 1 0 0 0 1 1 1 0 1 0 1 0 1 1 0 1 1 1 1 1 1 0 1 0 1 0 1 1 0 1 0 0 1 0 0 1 1 1 1 0 0 0 1 1 1 
1 0 1 0 1 0 1 0 1 1 1 1 1 0 1 0 0 1 1 1 0 0 0 1 1 1 1 1 0 0 1 1 0 0 0 0 0 1 0 1 1 1 0 0 0 1 0 0 1 1 1 1 0 0 0 1 1 0 1 1 0 0 0 1 0 0 1 0 0 1 
1 1 0 1 1 0 0 1 1 1 0 0 0 0 0 1 0 1 1 1 0 1 1 1 0 1 1 1 1 1 0 0 0 1 1 1 1 1 0 0 1 1 1 1 1 1 0 1 1 1 0 1 1 1 0 1 0 0 1 1 1 1 1 0 0 0 1 0 0 0 
0 1 1 1 0 0 1 1 0 0 0 0 1 1 0 0 1 0 0 0 0 1 1 1 1 0 0 1 0 0 1 0 1 0 0 1 0 1 0 0 1 1 1 0 0 1 0 1 1 0 1 1 0 1 1 1 1 1 0 1 1 1 1 0 1 1 1 0 0 0 
0 1 1 1 0 1 0 0 1 0 1 0 1 1 1 0 0 0 1 1 1 0 0 1 0 0 0 0 0 1 0 0 0 1 0 0 0 0 1 1 0 0 0 0 1 1 0 1 0 0 0 1 0 1 0 1 1 1 1 1 0 1 1 0 0 1 1 0 0 0 
0 0 0 0 0 1 1 1 0 1 1 1 1 1 0 1 0 1 0 1 0 0 0 1 1 0 1 0 1 1 0 1 1 0 1 0 1 0 1 1 0 0 0 1 1 0 0 0 1 1 1 1 1 0 1 0 0 0 0 1 1 0 0 0 0 1 0 1 0 1 
1 0 1 1 1 1 0 1 1 1 0 0 1 0 0 0 0 1 0 1 0 1 1 1 1 0 0 0 1 0 1 0 0 1 0 1 0 0 1 1 1 1 1 0 1 0 0 0 1 0 1 1 1 0 0 1 0 1 1 0 1 0 0 0 1 0 1 1 0 0 
0 0 0 0 0 1 0 1 1 1 1 0 0 1 1 1 0 1 0 1 1 1 1 0 1 1 0 1 0 1 1 1 1 1 1 1 1 1 0 0 0 0 1 0 1 0 1 1 1 1 0 1 1 1 1 0 0 1 1 1 0 1 0 1 0 1 1 1 0 1 
0 0 1 1 0 0 1 0 1 0 1 1 1 0 1 0 1 1 0 0 0 0 1 0 0 0 1 1 1 1 0 1 1 0 0 0 0 1 0 0 0 1 1 1 0 0 0 1 0 0 1 0 0 1 1 0 1 0 1 0 0 0 0 1 0 0 1 0 0 1 
0 0 1 0 1 1 0 1 0 0 1 1 1 0 0 0 0 1 0 0 0 0 0 0 0 0 0 1 0 0 1 1 0 0 1 0 1 1 1 1 0 1 0 1 1 1 1 1 0 1 1 0 0 1 0 0 1 1 1 0 1 0 1 0 0 0 0 1 1 1 
0 1 0 1 0 1 0 1 1 0 1 0 1 1 0 1 1 1 0 0 1 0 1 0 0 1 0 0 1 0 1 1 1 0 0 0 1 0 1 0 1 0 1 0 1 1 1 0 0 0 1 0 0 0 0 0 1 1 0 0 1 1 0 0 1 0 0 1 1 0 
1 0 0 0 0 0 1 1 0 0 1 1 0 1 1 0 1 1 1 1 1 0 1 1 1 0 0 1 1 1 1 1 1 0 1 1 0 1 0 0 1 0 0 1 1 1 1 1 0 1 0 0 1 1 1 0 0 1 0 1 0 1 0 1 1 0 0 1 1 1 
0 0 1 0 1 0 1 0 1 0 1 0 0 1 1 1 1 1 1 1 1 1 1 1 1 0 1 1 0 0 0 0 0 1 0 1 0 1 0 1 1 1 1 1 0 1 1 0 0 0 1 1 1 0 1 0 1 0 0 1 1 0 1 1 0 1 1 0 0 1 
1 0 0 1 1 1 0 0 1 0 0 0 0 0 1 1 0 0 1 0 1 0 1 0 0 1 1 1 1 1 0 0 1 0 1 1 1 1 1 0 0 0 1 0 0 0 1 0 0 0 1 1 1 0 1 1 1 0 0 0 1 0 0 1 0 0 0 0 1 1 
0 1 1 1 1 1 1 0 0 1 1 1 0 0 1 1 1 0 1 1 0 1 1 0 0 1 0 0 1 0 1 0 1 1 1 1 0 1 1 0 0 0 1 1 0 0 0 1 0 0 0 0 1 1 1 1 1 1 1 0 1 0 0 1 1 0 0 0 1 1 
0 1 0 0 0 0 0 1 0 1 1 0 1 0 0 0 1 1 0 0 1 1 0 0 0 0 0 0 0 1 0 0 0 0 0 1 0 1 0 0 0 1 1 1 1 1 0 0 0 0 0 1 1 0 1 0 0 1 0 0 0 0 1 1 0 1 0 1 0 0 
1 0 1 0 0 0 1 0 0 1 0 0 1 1 0 0 1 1 0 0 1 0 0 0 1 1 0 1 0 0 1 1 1 0 0 1 0 1 1 0 1 1 0 0 0 1 0 0 0 0 0 1 1 0 0 0 1 0 0 1 0 1 1 1 0 1 0 0 0 1 
1 1 0 1 1 1 0 0 1 0 0 1 0 1 1 0 0 1 0 0 0 0 1 1 0 1 0 0 0 1 0 1 0 0 0 0 1 1 0 0 1 0 1 1 0 1 1 0 0 1 0 0 0 1 0 0 1 0 0 1 1 0 0 0 1 0 0 0 1 0 
1 1 0 0 0 0 1 0 0 1 1 0 0 1 0 0 1 1 0 0 0 0 0 0 0 1 0 0 0 0 0 1 1 0 1 1 1 1 1 1 0 1 0 0 0 0 0 0 1 1 0 1 1 0 1 1 0 1 1 0 1 1 1 0 1 0 0 0 1 1 
0 0 0 0 0 1 0 1 1 1 0 1 0 1 1 1 0 1 0 1 1 0 0 0 0 1 1 0 0 0 0 0 0 0 0 1 1 0 0 0 1 0 1 1 1 1 0 1 0 0 0 0 0 0 0 1 1 1 1 1 0 1 1 0 0 1 1 1 1 1 
0 0 1 1 1 0 0 1 1 1 0 1 1 0 1 1 1 1 1 1 0 1 0 0 1 0 1 1 0 1 0 0 1 0 1 1 0 0 0 0 1 0 1 0 1 1 1 0 0 0 1 0 1 0 0 1 0 0 0 0 1 0 0 0 0 0 1 1 0 0 
1 1 0 0 1 1 1 0 0 1 1 1 0 0 1 0 1 0 0 1 0 1 0 1 0 0 1 1 1 1 1 0 0 0 1 1 1 0 1 1 0 0 1 0 1 0 0 0 0 1 0 1 0 0 0 0 0 1 0 0 0 1 0 0 1 1 1 1 0 0 
0 0 1 1 0 0 0 0 0 0 1 0 1 0 0 1 0 1 0 0 1 0 0 1 0 1 1 1 0 1 0 1 1 1 0 1 1 0 1 1 1 1 0 0 1 0 0 1 1 0 0 0 1 0 0 1 1 1 1 0 0 1 1 1 0 1 0 1 0 1 
0 1 0 0 1 1 1 1 1 0 0 1 1 1 1 1 0 0 0 1 0 0 0 1 1 0 1 1 1 1 0 0 0 1 0 1 0 1 1 1 0 1 0 1 0 1 0 0 0 0 0 0 0 0 0 1 1 1 0 0 0 0 0 0 1 1 1 0 0 0 
1 0 1 0 1 1 1 1 0 1 1 0 0 1 0 0 0 1 1 0 0 1 1 0 1 0 1 0 0 0 1 0 0 0 0 0 0 1 1 0 1 1 0 1 0 0 1 1 0 0 1 0 1 0 0 0 1 0 0 1 0 1 1 0 0 1 0 0 1 0 
0 0 1 0 1 1 0 0 0 0 0 0 0 1 0 1 1 1 1 1 1 1 1 0 1 1 0 0 1 1 0 1 1 1 1 0 0 1 0 1 0 0 1 0 1 1 1 0 1 0 1 0 1 0 0 1 1 0 1 0 1 1 1 0 0 0 0 0 0 0 
1 0 0 0 0 1 0 0 1 1 0 1 1 0 1 1 1 1 0 0 1 1 1 1 0 1 1 0 1 1 1 1 1 1 1 0 1 1 0 0 0 0 1 1 0 1 1 1 0 1 1 1 0 0 0 0 1 0 1 1 1 0 0 1 1 1 1 0 1 1 
1 1 1 0 1 0 1 0 1 1 1 1 1 1 1 1 0 1 1 1 0 1 1 0 0 0 1 1 1 0 0 0 0 1 0 1 1 0 1 1 1 0 0 0 1 1 0 1 0 1 0 0 0 1 0 0 0 0 1 1 0 1 1 0 1 1 1 0 1 0 
1 1 0 1 1 0 1 1 1 1 1 0 0 1 1 0 0 1 0 1 0 1 1 1 1 0 1 1 0 0 1 0 1 0 1 1 0 0 0 1 0 1 1 0 1 1 0 1 0 1 0 1 0 1 0 1 1 1 0 0 0 0 0 1 0 1 0 0 0 1 
1 0 0 1 0 1 0 0 0 0 1 1 1 1 0 0 1 0 1 1 0 1 1 0 1 1 1 1 1 1 0 1 1 1 0 1 0 0 0 1 0 1 0 0 1 0 0 0 0 1 1 0 1 1 0 0 0 0 1 0 1 0 1 1 1 1 0 1 1 0 
0 1 0 0 1 1 1 1 1 1 1 0 0 0 1 0 0 0 0 1 0 0 1 1 1 0 0 1 0 1 0 0 0 0 1 0 1 0 1 0 1 0 0 1 0 0 0 0 0 0 0 0 0 1 1 1 0 1 1 0 0 1 0 0 1 1 0 0 1 0 
