41 67 2607
9 43 64 18 48 100 13 41 1 51 91 99 67 25 47 4 41 46 20 91 55 88 48 57 19 85 24 46 79 54 3 87 49 66 4 96 18 16 36 70 67 78 21 85 2 19 88 42 64 59 84 19 46 32 27 16 68 50 13 46 56 15 32 4 33 87 51 
2 55 39 23 73 16 43 9 18 14 96 11 77 6 47 47 3 30 73 70 97 75 82 94 82 97 77 37 81 15 39 82 69 77 4 41 93 99 49 62 12 96 24 40 53 70 39 55 99 63 24 47 37 58 40 70 54 68 58 86 83 97 67 51 25 22 44 
17 20 44 30 83 92 6 23 44 75 61 51 26 23 26 72 12 83 64 33 88 31 91 73 65 39 91 16 63 13 11 32 84 54 13 67 97 18 41 41 45 1 43 70 75 68 93 38 3 56 71 42 39 13 15 3 3 57 70 65 69 80 48 5 86 13 71 
82 30 11 22 26 63 16 95 37 36 88 27 90 95 97 31 85 61 97 88 63 54 57 79 74 89 79 78 74 91 100 55 72 62 29 98 24 96 44 13 31 83 39 20 78 87 51 14 99 99 1 61 52 10 91 78 50 69 7 23 11 7 29 35 68 9 32 
44 5 27 56 35 10 46 7 39 84 9 52 82 7 5 94 59 14 84 88 15 5 94 89 67 52 17 1 72 26 84 15 30 11 22 16 20 19 22 58 2 30 61 35 89 65 28 99 30 63 86 44 19 31 32 38 83 1 38 54 26 74 20 7 84 93 74 
55 11 48 64 64 29 24 50 17 41 29 15 70 43 52 66 62 83 49 51 65 49 40 70 26 13 41 32 48 33 58 54 95 57 69 10 85 93 59 54 85 87 68 6 29 20 71 42 2 20 92 18 68 84 39 94 96 79 77 96 63 86 49 9 42 18 18 
27 62 28 80 46 66 99 3 94 70 74 88 23 45 31 40 12 14 30 57 62 8 86 57 22 71 57 30 13 74 99 91 87 26 22 84 91 72 87 37 42 60 76 64 4 58 56 67 72 85 24 85 45 61 41 18 31 97 48 95 23 98 37 9 76 58 93 
18 82 79 54 23 90 81 38 45 39 45 11 62 82 86 46 78 98 86 95 29 34 94 75 8 92 12 17 67 21 61 84 2 91 90 76 32 22 14 76 60 10 38 21 91 76 66 20 73 3 15 53 89 8 28 96 51 39 12 69 11 24 5 13 66 46 88 
97 67 53 24 79 63 62 51 5 89 17 25 61 71 39 14 59 98 93 7 1 83 18 21 93 94 77 57 59 22 45 56 41 49 79 19 11 92 69 68 80 37 92 93 60 82 58 70 31 50 76 83 32 46 4 76 39 32 33 49 54 29 56 46 77 87 16 
40 78 36 7 10 73 50 2 84 83 59 53 13 8 29 48 91 74 51 18 12 34 50 12 87 30 68 84 7 54 99 46 83 35 4 92 59 53 45 42 87 3 46 99 62 74 46 4 47 48 22 10 34 23 22 20 53 41 56 59 94 54 56 28 40 11 72 
50 15 16 91 1 71 37 51 32 62 49 88 9 48 9 70 81 83 43 53 35 83 8 45 28 61 52 8 53 62 79 2 76 94 45 28 64 33 79 48 94 27 35 54 74 95 24 55 77 18 7 64 1 14 8 80 26 12 87 30 73 17 32 1 11 76 28 
26 8 58 25 1 84 59 7 10 5 30 16 34 99 74 97 99 39 56 31 16 67 69 46 92 86 77 92 48 4 71 73 63 81 50 15 16 8 21 25 65 2 92 98 1 65 46 51 3 1 81 19 68 2 64 11 87 92 2 86 95 24 10 9 4 59 23 
20 19 44 96 83 45 88 32 45 52 77 96 55 29 28 25 48 29 40 58 67 31 11 52 77 35 62 85 90 20 7 61 90 2 57 72 47 44 55 43 47 31 90 53 12 70 77 59 98 16 69 17 98 79 20 74 65 33 10 55 5 17 67 94 70 23 18 
68 18 72 11 65 55 52 17 66 21 46 76 71 61 44 39 11 75 58 84 39 91 46 45 47 14 64 40 83 86 57 51 4 29 13 68 83 16 36 100 37 81 75 59 94 71 97 4 45 6 39 35 48 84 32 94 97 95 34 32 32 42 82 35 22 46 54 
4 61 90 55 49 70 30 7 15 52 55 18 96 61 9 82 8 44 65 2 41 59 87 24 91 28 57 77 50 2 31 5 14 20 60 63 41 41 21 8 92 76 77 39 36 85 72 43 29 37 96 21 95 34 96 37 62 52 14 63 5 96 19 18 67 30 80 
59 22 53 66 65 28 43 3 15 79 27 57 7 63 5 79 9 38 74 46 51 77 11 65 81 6 36 99 72 17 30 30 39 82 96 55 61 90 10 75 68 36 84 27 98 88 57 6 77 31 51 80 7 61 44 40 18 31 38 89 48 19 19 38 1 66 92 
61 55 1 88 22 36 71 48 33 10 5 39 86 87 41 65 45 54 61 84 71 91 73 60 90 92 30 27 44 95 19 4 49 19 43 22 7 13 22 39 22 78 29 60 64 22 24 60 75 36 96 97 79 68 8 20 59 37 47 2 83 17 58 83 87 100 57 
93 13 78 84 86 55 12 45 70 33 21 29 59 56 24 56 86 44 63 6 2 52 4 56 86 20 13 69 6 64 25 51 76 54 34 14 8 45 58 29 30 78 9 88 86 85 95 23 28 10 80 81 61 83 36 98 54 100 18 12 64 94 62 91 47 95 4 
6 91 62 34 72 91 95 60 28 79 6 51 6 15 82 38 27 65 74 25 18 73 94 29 36 88 42 79 34 36 82 92 79 95 77 50 86 71 61 65 49 67 67 6 33 49 44 12 13 69 36 82 93 81 63 81 68 4 59 2 92 40 45 70 35 21 71 
72 92 84 36 92 2 55 50 34 3 93 45 67 13 32 48 5 13 10 85 80 66 43 33 57 35 29 78 21 50 100 92 41 83 79 84 84 33 33 70 35 77 66 1 89 50 1 46 62 62 82 93 27 77 78 35 11 6 64 31 7 16 74 99 98 52 83 
34 37 67 55 71 44 20 24 84 21 76 29 34 37 11 27 16 87 56 2 49 13 18 79 72 33 52 70 30 55 4 15 91 71 21 14 14 93 89 97 13 64 78 47 52 40 25 67 78 32 21 26 96 38 56 67 70 59 37 51 13 40 18 56 10 38 69 
75 30 57 24 95 72 53 41 23 92 17 42 21 48 62 46 43 51 53 10 20 63 98 22 27 89 91 82 51 29 2 25 10 58 100 4 29 52 96 4 43 12 45 63 11 6 60 54 8 64 15 79 26 12 100 53 100 91 86 2 71 88 27 80 97 26 36 
26 78 83 81 72 47 25 87 57 82 98 62 89 14 76 67 39 39 18 43 91 8 29 92 30 16 70 62 12 96 97 89 25 31 69 48 77 45 86 86 26 36 47 14 49 23 32 39 61 50 34 3 9 62 95 39 29 64 100 92 11 48 33 87 78 53 35 
7 98 72 92 75 7 38 41 55 12 72 94 25 73 79 27 82 40 21 20 20 37 19 63 47 66 47 34 95 100 20 1 49 91 44 75 98 82 15 4 93 39 49 17 11 27 96 92 18 16 63 37 4 81 52 51 98 98 36 45 49 7 45 97 97 41 24 
46 22 38 50 66 76 50 35 39 77 30 30 94 97 93 83 1 25 34 3 75 83 90 19 32 96 15 80 44 55 3 42 28 41 91 94 68 92 80 6 68 61 36 62 57 80 96 9 56 29 63 30 11 52 48 94 99 63 74 95 17 76 36 45 68 78 90 
36 69 69 93 37 29 80 50 37 59 45 46 15 25 60 44 87 64 44 81 62 6 6 56 22 81 91 18 49 68 59 36 89 27 28 25 7 8 26 44 18 22 41 84 46 100 28 84 63 71 16 77 28 21 84 1 2 27 19 2 46 77 89 34 56 68 10 
62 75 35 57 45 56 97 28 53 49 7 89 63 77 4 91 56 25 75 57 78 1 27 31 46 55 71 32 10 38 41 24 65 76 80 9 83 29 36 36 29 43 24 91 71 79 82 27 3 8 83 32 8 61 62 5 15 32 36 77 22 29 100 86 4 31 94 
86 11 29 73 39 71 48 82 94 27 15 20 81 22 54 13 81 14 26 85 28 58 73 56 79 1 55 64 56 38 9 93 48 37 18 87 60 65 20 5 43 34 24 24 55 29 36 87 42 61 71 21 70 95 77 100 47 83 15 54 20 23 47 20 12 64 58 
23 80 77 27 23 10 2 46 16 30 33 2 23 45 24 43 15 71 71 66 17 6 33 23 25 55 21 44 18 84 53 40 15 29 18 37 90 19 34 5 48 18 6 70 63 82 65 29 52 87 94 20 92 26 42 69 33 62 64 2 97 17 94 64 45 11 52 
35 30 38 91 29 55 49 51 17 30 67 97 33 53 43 4 97 20 98 17 52 11 80 6 8 48 99 23 45 61 74 31 42 11 21 71 66 21 73 34 2 39 31 34 43 73 38 91 92 35 7 96 45 39 1 4 86 51 26 82 11 52 12 53 62 85 75 
79 5 47 65 59 37 95 92 79 19 81 22 10 67 28 57 12 18 9 67 56 59 45 37 70 48 1 22 9 37 96 40 93 94 4 51 30 50 43 60 68 75 81 29 42 9 86 5 78 94 71 33 5 67 70 74 14 22 47 75 58 94 66 50 87 21 1 
68 70 95 27 37 69 8 17 10 68 54 14 45 48 37 78 52 55 99 77 21 20 75 95 29 68 12 78 6 32 30 73 1 24 99 89 93 58 5 2 25 59 68 70 58 56 99 61 10 49 37 30 20 63 76 48 30 87 77 87 18 7 59 18 30 9 58 
74 67 15 28 43 73 95 64 82 2 62 42 11 62 30 93 81 92 68 80 73 55 57 59 24 63 69 94 44 29 51 18 95 65 97 90 89 91 53 70 92 67 63 54 28 44 46 61 35 66 40 59 20 96 17 95 10 37 88 6 66 91 75 12 55 71 1 
96 13 6 17 56 72 80 61 51 75 7 11 62 72 3 20 43 50 89 89 60 25 77 17 42 67 43 54 73 13 6 20 77 11 37 32 34 68 92 85 94 50 47 55 73 49 75 67 99 63 56 10 39 84 26 81 2 68 86 26 32 43 46 8 6 34 91 
39 53 82 75 46 84 22 1 56 70 27 23 20 89 30 29 79 13 6 11 66 25 48 91 56 91 36 15 96 21 5 86 25 87 61 71 70 82 23 77 3 49 51 23 89 80 51 67 44 57 78 9 33 25 100 89 67 87 3 62 60 60 100 84 46 60 54 
67 41 28 95 43 76 46 17 64 77 68 31 21 76 60 81 60 36 32 48 3 19 3 16 30 62 15 13 59 74 19 77 66 46 71 61 22 68 77 85 45 96 67 17 23 26 97 83 14 29 82 16 99 84 83 28 97 50 40 7 23 58 83 41 56 54 1 
77 21 29 13 17 77 32 33 99 9 30 33 22 10 15 89 8 50 72 35 99 21 74 5 95 84 88 35 39 93 87 67 65 16 79 82 44 10 14 42 71 95 27 92 4 41 81 11 42 4 97 40 24 71 45 70 6 84 5 96 76 43 62 40 10 92 73 
53 54 39 47 24 33 73 15 89 65 47 51 58 50 48 98 73 70 94 95 75 77 51 70 52 93 31 43 55 74 16 7 27 6 5 50 90 77 65 78 93 63 29 51 13 28 100 37 97 93 31 71 21 81 92 72 74 74 66 28 47 33 86 74 38 91 75 
28 19 91 57 64 54 85 14 66 12 65 2 60 9 33 30 29 65 73 52 38 46 17 17 45 50 55 18 39 97 92 66 15 35 23 30 88 59 95 53 23 59 6 82 67 38 64 95 55 88 46 44 34 15 61 78 64 67 47 54 63 90 20 29 24 94 59 
11 4 53 15 78 64 21 60 30 10 75 77 64 62 22 8 47 36 20 76 51 86 22 5 100 64 76 28 87 69 38 50 24 43 64 2 6 84 13 35 46 87 11 9 100 85 68 47 20 87 22 23 24 96 27 75 59 2 55 45 22 92 46 45 34 10 98 
91 45 10 26 90 48 88 51 48 72 70 46 44 57 19 66 32 14 44 7 72 45 61 69 18 4 14 14 90 75 12 80 20 21 57 61 69 97 63 68 68 33 13 63 41 31 80 24 45 23 82 68 19 94 88 36 98 2 2 39 28 13 70 99 33 27 60 
0 0 1 1 1 1 1 0 1 0 1 1 0 0 0 1 0 0 1 0 1 0 1 1 1 1 0 0 1 0 1 0 0 0 1 0 0 1 0 1 1 1 0 1 1 1 0 0 1 1 0 0 1 1 1 1 0 1 1 1 0 0 1 0 0 1 0 
0 0 0 0 1 0 0 0 1 1 0 1 0 0 1 0 1 0 1 0 0 1 1 0 1 1 1 1 0 0 0 0 0 0 0 1 0 1 1 0 0 0 1 1 0 1 1 1 1 1 0 0 0 1 0 1 1 1 0 1 0 0 1 0 1 0 0 
1 1 1 1 1 1 1 0 1 0 0 1 1 1 1 1 1 0 1 0 1 1 0 0 1 1 0 1 0 0 1 1 1 1 1 0 0 0 1 0 0 1 1 1 0 0 1 1 0 0 1 0 1 1 0 0 0 0 0 0 0 1 0 1 0 1 0 
1 1 1 1 1 0 0 0 0 0 1 1 0 0 0 0 1 1 1 0 0 1 0 0 0 1 0 1 0 1 1 1 0 0 0 1 0 0 0 0 0 1 1 0 1 1 1 1 1 0 1 1 1 1 1 1 0 0 1 0 1 0 1 0 1 1 1 
1 1 1 0 1 1 1 0 0 1 1 1 0 1 0 1 0 1 0 0 0 0 1 0 0 1 0 0 0 1 1 0 1 1 0 0 0 1 0 0 0 1 0 0 0 0 1 1 0 0 1 0 0 0 0 0 1 0 0 0 0 0 0 1 1 0 1 
1 1 0 1 0 1 1 0 0 0 0 1 0 0 0 0 0 0 0 1 1 1 1 1 1 1 1 0 0 1 1 1 1 1 1 1 1 0 1 1 0 1 0 0 1 0 0 0 0 1 1 1 0 0 1 1 0 0 1 0 0 0 0 1 0 1 0 
1 1 1 0 0 1 0 0 0 0 1 0 0 0 1 1 0 0 0 1 0 1 0 0 1 0 0 0 0 1 0 1 1 1 1 1 0 1 1 1 1 0 1 1 0 1 1 0 1 1 1 1 0 1 1 1 0 0 1 0 1 1 0 0 1 1 1 
1 1 1 0 0 1 0 0 0 1 1 0 0 0 0 1 1 1 0 0 1 0 0 0 0 1 0 0 0 1 0 0 0 1 0 1 0 0 1 0 1 0 1 1 0 1 0 1 0 1 0 0 1 0 0 1 1 0 0 0 1 0 0 0 1 0 1 
1 1 0 0 0 0 1 0 0 0 0 0 0 1 0 0 1 0 0 0 1 0 0 1 0 0 1 0 1 0 1 1 1 1 1 1 1 0 1 1 0 0 1 0 1 1 1 0 1 1 1 1 0 1 0 0 0 0 0 1 0 1 0 1 0 1 0 
1 1 0 0 1 0 0 0 1 1 1 0 1 0 1 0 0 0 0 0 0 0 0 0 0 1 0 1 1 0 0 0 1 0 1 1 0 1 1 1 0 0 1 1 0 0 1 1 1 0 1 1 0 0 1 1 1 0 0 1 0 0 1 1 0 0 0 
0 1 1 0 0 1 1 1 0 0 1 1 1 1 0 0 1 0 0 0 0 0 1 1 0 1 0 1 0 1 0 0 0 1 0 0 1 0 0 1 0 1 0 1 0 0 1 1 1 1 0 1 1 1 0 1 0 0 1 0 1 1 1 0 0 1 0 
1 1 0 0 1 1 0 0 1 1 0 1 0 1 1 1 1 0 1 0 0 1 1 1 1 0 0 1 1 1 1 0 1 0 1 0 1 1 1 1 0 1 0 0 0 1 1 1 1 0 0 1 0 1 0 1 0 0 0 1 0 1 1 1 1 0 1 
1 0 0 0 0 1 0 1 0 1 0 1 0 1 1 1 1 1 0 0 1 0 0 0 0 1 1 1 1 0 1 0 0 1 0 0 1 0 1 1 1 0 0 1 1 0 0 0 1 0 0 0 1 0 0 1 1 1 1 0 1 0 0 1 1 0 0 
0 0 1 1 1 1 0 0 0 0 1 0 1 1 0 1 0 0 1 0 0 0 1 0 0 1 1 1 0 1 1 1 0 1 0 1 0 0 0 1 0 1 1 1 0 0 0 1 0 1 1 0 0 0 1 0 1 0 1 1 1 1 0 1 0 1 1 
0 1 1 1 0 0 1 1 0 1 0 1 1 1 0 0 1 0 1 1 1 1 1 1 0 0 1 0 0 0 1 0 0 0 0 0 0 1 1 0 0 1 0 1 1 0 1 0 1 0 0 0 1 1 1 0 1 1 0 1 1 1 1 1 1 1 1 
1 0 1 1 0 0 1 0 1 0 1 0 1 0 0 1 1 1 1 1 0 0 1 1 1 0 0 1 1 0 0 0 0 1 0 1 0 1 1 1 1 0 1 0 0 1 0 0 0 1 1 0 1 1 1 0 1 0 1 1 0 0 1 0 1 1 1 
1 1 0 1 0 1 0 1 1 0 1 1 0 0 1 1 1 0 0 1 1 0 1 0 0 1 0 1 0 1 0 0 0 1 1 1 0 1 0 1 1 1 1 0 1 0 1 0 0 1 1 1 0 0 0 0 1 0 1 0 1 0 0 0 1 1 1 
1 0 1 0 0 0 1 0 1 1 1 1 1 0 0 1 0 1 1 1 0 1 0 0 0 0 0 0 1 1 1 0 0 0 1 0 0 0 0 1 0 1 0 1 1 1 0 0 0 1 1 0 0 1 1 1 0 1 1 1 1 1 0 1 1 1 1 
0 1 1 1 1 0 0 1 1 1 1 1 1 1 0 1 1 0 0 0 0 0 0 1 1 1 1 0 0 0 1 0 0 0 0 1 0 0 0 1 1 0 1 0 1 1 1 0 1 0 1 1 0 1 1 1 0 0 1 0 1 0 1 1 0 1 0 
0 1 1 1 0 1 0 0 0 0 1 0 1 1 1 1 1 0 0 0 0 0 1 1 1 1 0 0 1 1 1 1 0 0 1 0 1 1 0 1 1 1 1 1 1 1 0 0 1 0 1 0 0 0 1 0 0 1 0 1 0 1 1 0 1 0 0 
0 1 0 1 1 1 1 0 0 0 0 1 1 0 0 1 0 0 0 0 0 1 1 0 1 0 1 1 0 1 1 0 0 1 0 1 1 1 1 1 1 1 0 0 1 0 0 0 1 0 0 1 0 1 1 1 0 0 1 0 1 0 0 0 0 0 1 
1 1 1 0 0 0 1 1 0 1 1 0 0 1 0 0 1 0 1 1 0 0 0 0 1 0 0 1 0 1 1 1 0 0 0 1 0 1 0 0 0 1 0 1 0 1 1 0 1 0 1 1 0 1 1 0 1 1 1 0 0 0 1 1 0 1 0 
1 0 0 1 1 1 0 0 1 1 1 1 0 1 0 1 0 1 0 0 1 1 1 1 0 0 0 1 0 0 1 1 0 1 1 1 0 1 1 1 0 0 1 0 0 1 1 0 1 1 0 0 0 1 1 0 1 1 1 0 1 0 1 0 1 0 1 
1 1 1 1 1 1 0 1 1 1 0 1 0 1 1 0 0 1 1 0 0 1 0 0 0 0 0 0 0 0 0 1 0 1 0 1 0 0 1 0 0 1 1 0 1 1 1 1 0 0 1 0 1 1 1 0 0 1 0 0 1 0 1 1 1 0 1 
0 0 0 0 0 1 1 1 0 0 0 1 0 0 1 1 0 0 0 0 0 1 0 0 0 1 0 0 0 0 1 0 0 1 0 1 0 0 0 1 0 0 0 1 0 1 0 0 0 0 0 0 1 1 1 1 0 1 1 0 1 0 1 1 1 1 0 
0 1 0 1 0 0 1 1 1 1 1 1 1 1 0 1 0 1 0 1 1 1 1 1 0 1 0 0 1 0 0 1 1 1 0 1 1 1 0 0 0 1 0 1 0 0 1 0 1 1 0 0 1 1 1 1 0 0 1 1 0 0 0 1 1 0 1 
0 0 1 1 0 1 1 0 1 1 1 0 0 0 0 0 1 1 1 1 1 1 0 1 1 0 1 1 1 0 0 0 0 1 1 0 0 0 0 0 1 1 0 1 0 0 1 1 1 0 0 0 0 1 1 1 1 1 0 1 1 0 1 1 0 0 1 
0 0 0 0 1 1 0 0 1 0 1 1 1 1 1 0 1 0 1 1 0 0 1 1 1 0 0 0 0 0 0 0 0 0 1 1 1 1 1 1 0 0 0 1 1 1 1 1 0 1 0 0 1 1 1 1 1 1 1 1 1 1 0 1 1 1 0 
1 0 1 0 0 1 0 0 0 1 1 1 1 0 1 1 0 1 0 1 0 1 0 0 0 0 0 1 1 1 1 0 1 0 0 0 1 0 0 0 0 1 1 1 0 1 1 0 0 1 1 0 1 1 0 1 1 0 1 1 1 0 1 1 1 0 1 
0 0 1 0 0 0 0 0 0 1 1 0 1 0 1 1 1 1 0 1 0 0 0 1 0 0 1 1 1 1 0 0 1 1 0 0 1 0 0 0 1 1 0 0 1 0 0 1 1 0 0 1 0 0 1 0 0 0 1 0 1 1 0 0 0 0 0 
0 1 0 0 0 1 0 1 1 0 1 0 1 1 0 1 1 0 0 0 0 0 1 0 1 1 0 1 1 1 0 1 0 0 1 0 0 0 1 1 0 0 1 0 1 1 1 1 1 1 1 1 1 0 0 0 1 0 1 1 1 1 0 1 0 0 0 
0 0 1 1 0 0 0 0 1 1 1 0 0 0 1 1 1 0 1 1 1 0 1 0 1 0 1 1 0 1 1 0 1 0 1 1 0 1 0 0 0 1 0 0 0 0 0 1 0 1 1 1 1 0 0 1 0 1 0 1 0 1 1 1 1 1 0 
0 0 0 0 1 0 0 1 0 0 1 1 0 1 0 0 0 0 0 1 1 1 1 0 1 0 1 0 0 0 0 0 1 1 0 0 1 0 1 1 1 1 0 1 0 1 1 0 1 1 0 0 0 1 0 1 0 0 1 0 0 0 0 1 1 0 1 
0 0 1 1 1 0 1 1 0 0 0 0 0 0 0 0 0 0 1 0 0 1 1 0 1 1 0 1 0 0 0 0 0 1 1 0 1 1 1 1 1 1 0 1 1 0 0 0 0 1 0 0 0 1 0 1 1 0 0 1 0 1 0 1 0 1 1 
0 0 0 1 0 1 1 1 1 0 1 1 0 0 1 1 0 0 1 0 1 0 0 1 0 1 1 1 0 0 0 0 1 0 1 1 0 1 0 1 1 0 0 1 0 1 0 1 1 0 1 1 0 1 0 0 1 1 0 1 1 0 1 0 1 0 1 
1 1 0 0 0 0 0 0 0 1 0 1 0 0 0 1 0 0 1 1 1 0 1 0 0 1 1 0 0 1 0 1 1 0 1 1 0 1 1 0 0 0 0 1 0 0 0 1 0 0 0 1 0 1 1 0 0 0 1 1 0 1 0 1 1 0 0 
1 1 0 1 0 0 1 1 0 0 1 1 0 1 1 0 0 0 1 0 1 0 1 0 0 0 0 1 1 0 1 0 0 1 0 0 1 1 1 0 1 0 1 0 0 1 0 0 1 1 0 0 1 0 0 1 0 1 0 0 1 0 0 1 1 0 1 
1 0 0 1 1 1 0 1 1 1 1 1 1 1 1 1 0 1 0 0 0 1 0 0 0 0 0 0 0 1 1 1 1 0 0 0 1 0 0 0 0 1 1 1 0 0 0 1 0 0 1 0 1 1 0 0 0 0 0 0 1 1 1 0 1 1 1 
0 1 1 0 1 0 1 0 1 0 1 0 0 1 1 0 1 0 0 1 0 0 1 0 0 0 1 0 0 0 1 0 0 0 1 1 1 0 0 0 0 1 0 0 0 1 0 1 1 0 0 0 1 1 0 1 0 0 1 0 0 1 0 0 1 1 0 
0 0 0 0 0 1 0 1 1 1 1 1 1 0 1 1 1 1 1 0 1 1 1 1 0 0 1 0 0 1 0 0 1 0 1 1 1 1 0 1 1 0 0 0 0 1 1 1 0 0 1 1 0 0 0 0 1 0 0 1 1 1 1 0 1 0 1 
1 0 0 0 1 0 0 1 0 1 0 1 0 0 0 1 0 0 0 0 1 0 1 0 1 0 0 1 1 0 0 0 0 0 0 1 0 0 0 0 0 0 1 0 1 1 1 1 0 1 0 1 1 1 0 0 1 0 1 0 0 0 1 1 0 1 0 
