56 69 1256
41 70 83 48 11 41 78 55 50 4 94 42 88 48 27 75 81 8 44 66 90 29 27 18 20 87 6 23 62 24 30 54 93 65 1 56 5 31 10 6 34 3 99 21 2 25 47 34 85 42 52 26 71 78 43 90 16 49 64 78 72 46 31 17 10 32 72 66 14 
33 71 47 36 70 20 89 46 66 23 30 8 74 56 78 3 50 19 19 50 35 48 22 80 78 90 41 61 13 6 74 45 28 73 32 49 92 21 95 57 95 76 16 20 83 45 74 33 16 92 82 50 91 55 81 21 96 21 33 60 78 59 5 5 31 88 54 74 60 
100 30 54 75 98 25 58 42 99 42 57 42 75 58 33 82 38 53 77 10 85 37 39 43 93 44 25 80 49 98 92 48 80 45 74 77 70 83 70 20 24 79 61 51 36 93 32 26 97 60 35 34 48 74 76 92 69 53 24 17 50 15 16 29 11 89 57 32 72 
79 51 47 57 12 49 92 4 80 17 53 92 4 86 91 29 61 83 97 65 6 65 15 72 32 95 82 72 4 14 95 82 64 42 38 75 90 81 31 22 50 83 65 53 20 55 33 32 37 29 97 94 45 11 65 76 57 99 99 60 12 94 93 27 87 82 2 28 63 
84 49 12 18 65 16 37 20 48 68 8 28 64 54 72 26 70 99 83 68 97 94 31 42 39 58 28 20 11 56 82 94 56 45 63 21 12 51 40 11 18 99 38 34 52 61 59 22 11 93 41 60 39 72 1 77 29 29 48 39 84 30 84 91 26 98 11 90 48 
2 100 17 1 38 50 4 50 61 77 61 5 18 20 95 89 72 71 69 52 19 59 87 100 42 78 77 91 88 66 38 90 66 54 42 55 56 45 4 68 22 16 72 91 87 67 31 59 89 99 10 59 57 49 10 50 26 39 92 13 4 29 54 21 34 95 27 89 92 
83 56 65 98 80 55 37 98 37 47 86 35 56 97 43 56 6 44 81 44 35 46 100 63 99 72 48 46 99 89 89 33 96 5 30 75 59 18 72 47 64 10 81 72 6 75 27 11 18 8 7 52 53 6 66 3 29 13 100 27 53 88 59 49 92 41 23 2 58 
47 48 22 56 80 45 61 54 71 23 23 78 81 74 82 86 91 85 67 56 36 93 8 76 4 56 67 96 31 21 5 77 20 78 32 52 22 44 5 93 66 80 22 47 53 4 84 96 40 50 3 75 95 10 50 50 18 69 45 48 41 1 24 60 79 7 11 52 50 
68 44 67 47 18 13 51 21 49 98 12 98 100 86 44 10 88 93 79 56 89 26 96 90 1 7 20 59 70 23 8 89 67 26 35 36 39 37 56 39 35 19 36 34 4 32 95 43 76 73 50 65 50 97 6 2 4 77 60 25 99 19 13 17 45 99 52 35 35 
59 73 21 77 60 55 33 91 1 27 67 74 77 83 75 73 88 77 28 16 36 52 14 7 16 83 51 14 34 37 1 45 9 21 73 68 27 5 11 28 84 77 53 60 11 27 84 50 55 12 65 91 15 30 49 31 12 51 96 98 87 96 42 95 17 66 14 43 23 
24 22 6 52 26 65 62 53 48 11 7 11 27 49 26 57 49 56 68 99 51 17 85 99 10 31 15 76 45 9 98 68 83 3 72 8 19 33 12 66 96 19 77 22 19 54 78 68 61 98 66 11 14 3 61 76 33 75 51 77 36 48 97 18 50 20 77 20 52 
89 85 47 7 13 21 77 18 98 96 78 47 14 41 13 16 1 88 100 28 38 29 63 37 77 32 38 96 8 57 47 96 93 46 54 58 66 83 75 15 78 53 14 43 93 26 10 45 13 10 72 2 38 86 38 14 17 75 9 77 83 7 24 75 4 30 32 21 64 
7 88 93 11 1 36 55 26 45 99 90 54 71 43 43 56 32 8 25 6 16 53 40 75 28 14 78 57 46 51 20 4 38 13 66 38 100 20 15 44 18 56 50 40 98 92 48 29 100 24 86 67 76 25 93 3 38 23 12 35 73 31 90 62 95 55 99 94 74 
65 90 44 20 39 83 17 82 82 97 33 5 34 52 80 58 96 35 47 18 46 34 42 28 23 3 23 30 53 68 55 17 57 98 36 47 33 4 81 14 52 13 19 85 16 50 94 12 84 41 81 29 74 23 57 48 77 31 77 30 50 32 98 59 81 86 5 65 41 
85 79 93 50 49 29 17 50 23 28 34 63 61 14 88 35 22 35 11 4 64 92 54 47 90 12 27 75 68 92 67 5 22 59 6 22 88 22 71 62 2 56 24 62 22 63 96 95 49 58 99 12 50 4 58 91 67 37 17 34 80 83 90 1 94 95 22 33 17 
44 94 70 100 69 83 73 31 78 67 79 87 17 43 88 20 52 78 86 88 46 72 67 81 61 19 74 8 92 58 76 36 3 45 87 71 27 59 53 56 25 83 94 42 77 82 13 29 11 51 68 9 22 35 89 34 5 14 41 97 71 16 84 25 12 22 95 38 80 
99 45 56 33 39 49 10 72 62 90 82 12 57 90 85 43 78 70 48 43 63 96 65 30 79 89 42 100 35 31 31 33 28 86 18 66 35 79 37 48 68 70 59 24 60 95 67 89 64 66 84 78 61 48 8 91 37 49 42 71 79 72 56 6 57 73 23 43 3 
11 90 70 81 100 93 92 94 11 32 10 76 15 87 36 15 46 26 51 94 67 73 25 90 80 82 99 4 57 41 6 67 83 75 99 82 20 42 28 30 26 89 6 92 27 93 6 73 71 8 18 89 81 94 31 60 76 29 64 32 21 69 50 55 96 1 37 15 42 
16 96 67 56 53 59 34 46 16 58 68 24 76 56 4 21 86 15 96 66 30 79 87 51 81 41 98 81 29 12 74 96 7 93 3 60 51 37 57 66 46 76 41 21 83 96 42 21 11 89 86 92 20 24 94 100 17 91 32 97 2 5 45 61 97 47 72 99 35 
80 17 81 55 57 53 37 53 46 9 15 35 95 6 6 70 100 57 86 90 88 35 44 44 79 56 41 25 27 91 60 58 7 92 12 16 44 100 20 90 9 34 76 55 91 81 24 42 37 62 84 76 96 79 19 74 34 11 98 12 54 9 69 60 100 80 27 44 31 
98 85 39 31 60 93 74 92 69 67 28 30 2 55 25 80 25 98 65 36 47 76 89 8 44 100 59 75 79 54 6 76 38 96 59 97 41 84 88 9 50 67 90 52 73 14 83 98 63 48 85 61 23 73 20 19 24 79 93 54 32 50 30 22 98 88 70 38 71 
58 98 72 76 87 23 1 52 6 98 66 5 82 26 27 6 98 45 81 76 90 35 59 39 16 80 36 55 50 25 25 59 22 48 86 60 23 86 11 80 35 76 84 68 54 10 25 51 7 6 78 48 92 36 38 7 68 26 61 69 50 37 79 24 84 64 83 6 2 
46 85 36 73 20 56 26 30 80 28 88 85 5 35 28 93 72 34 12 97 46 80 99 82 58 22 18 73 56 75 74 1 12 62 74 31 17 99 12 48 79 99 85 35 85 12 27 9 98 38 57 43 69 55 77 78 76 94 51 84 68 76 84 31 89 57 62 57 8 
73 5 86 24 89 72 60 52 99 68 49 88 25 44 9 31 20 86 59 65 88 42 84 64 25 15 4 34 76 61 93 100 65 30 75 5 1 35 8 51 54 57 39 30 100 99 61 71 36 19 35 24 12 18 39 88 32 42 21 59 2 65 59 18 94 33 74 47 19 
82 97 73 90 87 2 41 85 62 11 21 32 45 44 95 14 34 83 98 75 55 56 29 20 14 98 65 99 24 11 17 5 8 89 46 94 43 86 31 4 96 51 88 92 46 82 57 79 64 54 5 71 10 85 42 75 83 6 73 6 17 42 62 76 82 59 21 24 44 
51 80 91 1 67 34 98 100 90 76 16 44 81 86 5 65 27 79 99 84 4 56 52 97 69 27 78 27 48 2 70 98 81 12 51 99 45 48 98 35 24 13 30 56 50 34 72 76 64 23 12 19 78 63 15 47 90 93 73 89 46 95 86 78 6 88 76 3 36 
25 89 11 38 18 18 39 3 41 15 18 63 78 37 93 40 51 39 29 95 63 17 92 9 55 69 67 94 96 69 81 21 57 91 10 74 60 48 28 1 14 45 15 91 33 7 31 84 97 11 30 60 28 22 20 34 42 86 27 38 54 60 58 10 50 19 35 62 66 
62 14 80 59 28 22 91 35 52 26 83 63 8 94 42 81 14 27 22 99 5 59 5 64 68 14 66 86 1 27 4 14 92 35 72 19 56 15 5 60 40 88 74 99 81 67 79 46 93 1 45 49 11 1 65 31 14 82 16 66 8 71 80 99 5 51 69 13 65 
74 72 57 13 45 55 45 63 34 91 7 86 87 55 96 87 71 78 52 52 94 18 11 16 97 61 21 47 30 33 64 55 56 72 67 52 78 11 14 63 53 20 48 39 26 96 25 97 73 77 48 18 94 59 34 90 19 6 88 100 90 3 54 45 74 72 96 52 35 
61 14 87 80 14 78 5 61 2 53 33 78 53 51 23 11 36 12 81 41 52 33 82 54 38 26 80 62 73 83 96 85 48 34 64 61 11 20 21 65 73 6 42 25 8 17 87 95 80 19 87 31 3 68 37 41 45 68 2 69 50 49 53 49 34 16 10 97 87 
82 61 11 39 54 87 46 70 73 40 50 44 26 32 46 45 20 38 89 87 91 57 88 39 9 37 25 24 98 21 63 31 33 73 70 86 60 67 8 84 59 9 79 84 40 77 29 12 14 69 50 5 26 38 95 34 26 71 10 75 91 72 57 23 96 26 61 7 45 
68 91 3 76 69 38 67 45 18 78 11 87 28 67 64 17 13 49 94 84 58 68 74 81 24 49 29 2 61 35 98 28 25 100 55 46 89 21 42 59 51 4 97 30 70 60 46 83 8 39 66 18 58 91 98 33 91 26 34 51 61 31 30 37 82 84 34 71 57 
76 81 7 31 77 36 1 36 33 35 95 23 100 12 80 42 62 12 85 87 98 87 99 28 17 88 62 100 73 32 8 48 64 14 79 40 1 31 27 33 65 21 55 16 33 86 9 94 98 93 32 95 80 83 74 48 22 35 99 94 18 7 94 81 20 24 20 73 6 
46 5 70 19 12 37 3 97 45 96 46 90 79 40 21 13 14 68 86 100 66 80 18 24 25 98 96 100 70 68 5 67 24 26 85 35 62 87 84 58 34 29 99 65 21 19 77 86 38 15 85 56 46 2 79 70 52 74 69 21 93 25 39 17 50 24 3 11 62 
86 68 48 15 19 12 35 37 40 20 27 54 56 82 99 58 12 20 61 86 40 81 78 64 71 46 13 46 49 23 8 34 43 55 100 61 66 86 49 57 57 75 11 13 8 61 70 20 81 30 5 20 62 34 84 84 80 96 30 28 71 37 13 65 43 13 25 60 98 
25 16 55 100 78 67 7 39 88 78 71 69 82 90 82 68 25 65 99 73 46 26 43 34 90 7 76 2 83 35 52 7 3 58 58 80 76 17 70 15 94 40 35 28 30 16 47 6 32 45 78 30 22 72 63 11 30 39 65 12 25 68 71 79 25 80 59 52 96 
28 66 42 20 100 21 1 67 67 6 50 11 36 79 32 7 42 94 37 32 58 100 8 77 22 87 1 2 97 4 49 24 69 42 43 20 62 43 86 28 1 88 90 36 66 73 42 59 67 30 42 76 82 50 53 3 36 5 4 32 9 5 7 29 46 2 49 60 96 
86 39 96 25 81 83 91 53 77 1 71 6 95 99 87 44 51 42 31 7 97 14 67 1 72 96 99 73 96 10 21 33 48 68 58 28 51 48 33 27 100 3 84 94 1 23 89 3 64 19 62 60 84 28 13 56 75 11 28 70 20 100 3 19 68 60 99 70 59 
31 96 10 85 31 4 38 53 44 40 68 15 53 28 98 81 92 53 55 2 33 25 73 32 79 43 99 38 41 68 48 23 15 57 8 98 12 45 2 56 36 70 70 89 49 67 21 40 20 27 93 4 3 17 35 81 59 86 70 100 53 17 22 20 26 81 17 37 25 
70 44 13 91 13 53 39 32 73 30 3 99 22 6 54 38 40 34 97 25 4 48 30 72 69 1 97 50 69 86 26 38 29 90 29 94 42 19 25 66 49 79 17 22 84 70 12 75 55 60 52 10 7 33 82 27 33 30 28 53 15 6 90 96 95 70 89 89 41 
65 6 41 43 22 62 78 43 25 52 98 84 55 7 42 87 40 69 71 70 48 23 36 53 65 31 48 86 71 88 26 35 93 66 77 67 80 54 9 4 58 58 40 12 65 81 51 56 1 21 25 49 96 13 53 12 43 52 97 14 39 75 100 32 92 77 98 23 82 
58 79 39 16 18 3 32 50 5 87 51 77 64 51 72 76 3 35 70 7 32 35 45 58 35 28 1 11 77 24 44 35 2 35 2 71 89 33 20 93 71 22 69 86 24 41 61 79 27 83 85 10 17 29 67 51 9 68 13 85 43 9 71 96 43 72 66 31 56 
37 23 79 11 43 64 34 35 77 12 62 59 48 71 27 77 38 78 37 57 42 21 51 50 44 46 44 67 63 74 75 51 48 53 61 91 68 47 25 44 10 86 54 58 9 81 86 46 10 22 54 3 94 4 5 37 1 48 4 63 74 78 65 73 82 26 15 49 24 
92 45 33 29 50 42 37 82 27 34 43 48 87 46 94 42 50 30 42 49 85 56 22 62 21 95 95 98 61 96 73 52 40 57 81 41 99 17 23 25 51 65 25 37 10 70 31 11 99 24 60 84 80 33 97 52 79 44 1 40 39 73 91 30 29 71 70 27 88 
92 4 90 9 80 78 70 49 8 81 99 32 92 34 63 24 31 14 3 74 66 42 64 38 84 93 18 55 62 97 94 6 100 35 14 31 12 35 31 72 15 29 3 58 63 17 82 45 30 36 70 95 29 85 84 12 77 1 18 90 97 11 95 48 97 60 30 9 95 
60 80 61 41 34 19 55 50 100 51 31 87 72 77 15 56 60 26 32 12 44 21 61 6 68 8 3 27 90 63 73 49 94 34 41 27 52 95 28 3 45 10 89 16 86 3 71 97 80 54 60 23 75 20 29 42 28 83 20 17 45 93 17 90 26 58 68 29 4 
95 83 1 56 23 68 41 25 91 89 4 44 48 79 70 68 59 63 47 93 83 15 89 75 83 78 52 92 45 32 96 91 14 48 46 36 15 38 12 5 26 67 1 25 97 70 44 55 33 42 47 67 56 35 93 91 64 96 82 8 27 77 98 92 76 95 79 91 32 
42 47 9 8 47 86 57 69 29 11 1 71 10 19 78 96 11 68 60 6 50 19 84 78 69 75 54 63 5 96 47 46 42 7 53 41 44 9 9 25 72 61 95 33 79 24 80 41 44 39 98 45 10 81 74 78 7 79 92 11 74 38 56 68 97 60 8 40 21 
68 64 92 28 10 76 58 86 55 98 29 46 95 73 55 27 46 32 33 25 23 43 50 13 98 17 9 9 76 100 29 43 16 20 22 77 47 79 62 2 28 42 47 22 14 1 100 12 84 32 88 6 26 37 70 75 6 30 84 81 30 12 76 97 84 97 73 30 76 
35 31 3 76 77 77 42 29 76 5 12 60 44 70 85 32 39 60 37 69 43 70 98 54 97 46 37 93 18 67 20 4 97 75 80 26 51 73 54 78 29 18 37 72 87 74 3 25 33 92 93 75 13 42 80 9 87 17 53 57 35 73 60 83 99 91 60 1 63 
66 78 43 83 67 14 69 40 69 45 24 12 90 50 24 31 29 84 70 97 36 26 31 60 37 66 58 28 25 58 90 90 88 85 72 6 98 92 45 18 37 20 29 26 69 52 8 97 35 29 46 23 6 76 82 43 41 92 70 18 49 11 7 88 95 79 93 45 22 
89 62 58 8 91 35 28 94 95 77 81 23 22 55 81 49 88 23 42 79 44 59 28 54 65 67 49 95 60 45 17 48 6 74 56 48 61 83 94 55 11 26 77 32 80 9 81 67 31 22 46 74 32 25 80 96 91 80 43 2 24 59 50 81 84 57 81 44 91 
74 50 2 99 79 33 30 87 65 48 70 38 93 43 69 69 74 17 12 53 59 13 28 69 14 9 4 70 89 100 13 14 49 14 12 27 98 93 14 63 40 35 52 85 77 21 5 51 89 16 55 99 81 83 67 94 91 70 16 31 21 28 44 70 93 7 96 90 99 
61 4 90 95 56 74 24 28 31 26 68 46 32 66 78 14 84 24 56 5 91 86 26 18 81 95 62 87 42 51 37 55 7 27 1 14 52 76 93 82 53 60 80 85 77 57 50 60 32 6 16 22 43 41 91 24 87 52 10 81 3 47 87 61 25 39 74 76 15 
18 58 19 77 89 3 5 97 53 64 29 10 31 50 52 24 41 75 10 92 37 42 46 35 28 58 59 19 83 34 33 100 43 51 76 83 6 32 80 10 95 8 19 78 9 70 1 1 97 62 45 33 4 90 67 83 100 77 1 82 62 85 82 57 88 9 39 45 41 
18 54 87 77 72 64 38 93 64 38 41 26 82 25 81 24 91 15 23 19 68 4 81 52 85 37 91 94 27 35 86 97 88 72 73 11 88 10 56 51 48 96 28 81 21 60 4 63 75 26 82 42 30 14 45 66 2 88 11 28 22 96 24 62 20 49 24 7 58 
0 0 0 0 0 1 0 1 0 0 1 0 1 0 1 0 1 0 1 0 1 1 1 0 0 0 1 0 0 1 0 0 0 0 0 0 1 0 1 0 1 1 0 0 1 1 1 0 1 0 0 0 1 0 1 0 0 0 0 0 0 0 1 0 1 1 0 0 0 
1 0 1 0 0 1 0 1 0 0 1 1 1 1 0 1 0 0 1 1 1 0 1 1 1 1 0 0 1 1 0 0 1 1 1 0 1 1 1 1 1 0 0 0 0 1 1 0 1 1 1 0 1 0 0 0 1 0 0 0 1 1 1 1 0 0 1 1 1 
0 1 0 1 1 1 1 0 0 1 0 1 1 0 0 1 0 0 1 1 1 1 0 0 0 1 0 0 0 0 1 1 1 0 0 0 1 1 1 1 0 1 1 1 1 1 1 0 0 0 1 1 1 1 1 0 1 1 0 1 1 0 0 0 0 0 1 1 1 
0 0 0 1 1 1 0 1 0 0 1 0 1 0 0 1 1 0 0 0 0 1 0 0 0 0 0 0 1 1 0 1 0 0 0 1 1 1 0 0 1 1 0 1 1 0 0 0 0 0 1 1 1 1 1 1 1 0 0 1 1 0 0 1 0 1 1 1 0 
1 1 1 1 0 0 0 0 0 1 1 0 0 0 0 1 1 1 0 1 1 1 1 1 0 0 1 1 1 1 1 1 0 0 0 0 1 0 1 1 1 0 0 1 0 0 0 1 1 1 1 1 0 0 0 0 0 0 1 0 1 0 1 1 1 1 0 0 1 
1 1 1 1 1 0 1 1 1 0 1 0 1 0 0 1 0 1 0 0 0 0 1 1 1 1 0 0 1 0 1 0 1 0 1 1 1 0 0 0 0 1 0 0 1 0 1 0 1 1 0 0 1 0 1 0 1 1 0 0 1 0 0 0 0 1 1 1 1 
0 1 1 1 1 1 1 0 1 1 1 0 1 1 0 1 0 0 0 1 1 0 0 1 0 1 1 1 0 1 0 0 0 0 0 0 1 1 0 0 0 1 1 1 1 1 1 1 1 1 1 0 0 1 1 0 0 1 0 1 0 0 1 0 0 1 0 0 0 
0 0 0 0 1 0 1 0 1 0 0 0 1 0 0 1 0 1 1 1 1 0 1 1 0 1 0 1 0 0 0 0 0 0 0 0 0 1 0 1 0 0 0 1 1 0 0 1 1 0 0 0 0 1 0 0 0 0 0 0 0 0 1 0 0 1 0 1 1 
1 0 1 1 0 0 0 1 1 1 0 1 1 1 1 0 1 0 1 1 0 1 1 0 0 1 0 0 0 1 1 1 0 0 0 0 0 1 1 1 0 0 0 0 1 0 0 0 0 1 1 0 1 0 0 1 1 0 1 1 0 0 0 0 0 1 0 1 0 
0 0 0 0 1 0 1 1 1 1 1 0 0 1 1 0 1 1 1 1 0 1 1 1 1 1 1 0 0 0 0 0 1 1 0 0 1 1 1 0 0 0 1 0 1 0 0 0 1 1 1 0 0 1 1 0 0 0 0 0 1 1 0 0 0 0 0 1 1 
1 0 1 1 1 1 0 1 1 0 1 1 1 1 1 0 0 1 1 0 0 1 1 1 0 1 1 0 1 0 0 0 0 1 1 1 1 1 1 0 1 0 1 1 1 1 1 1 0 0 1 0 0 1 1 0 0 0 0 0 1 0 0 1 0 0 1 1 1 
0 1 1 0 1 0 1 0 1 0 0 0 1 1 0 0 0 0 1 1 0 1 0 1 1 1 1 1 0 0 1 0 1 0 0 0 0 1 0 1 1 1 1 1 0 1 1 0 1 0 1 0 1 1 1 1 1 0 0 1 0 1 0 1 1 0 0 1 0 
0 1 1 1 0 0 1 0 0 0 1 0 1 1 0 1 0 1 0 0 1 1 0 1 1 0 0 0 0 0 0 0 1 1 0 1 0 1 1 0 1 1 0 1 0 0 0 1 1 0 1 1 1 0 0 1 0 0 1 0 0 1 0 1 0 0 1 0 0 
0 0 1 1 1 0 0 1 0 1 1 0 0 0 0 0 0 1 0 0 0 0 1 1 1 0 1 1 1 0 1 0 0 1 1 1 1 1 1 0 0 0 0 1 0 0 1 0 1 0 0 1 0 1 0 1 0 0 1 1 0 0 1 0 1 1 0 1 0 
1 1 1 1 1 0 1 0 1 1 1 1 1 1 0 1 1 1 1 1 0 0 1 1 0 0 0 1 0 1 1 1 0 0 0 0 0 1 0 0 0 1 1 1 0 1 0 0 1 1 1 1 0 1 0 0 1 1 1 1 0 0 0 1 1 0 1 1 1 
1 1 1 0 1 0 1 0 1 1 1 0 0 1 0 1 1 0 0 0 1 1 1 0 1 0 1 1 1 0 0 0 0 1 0 1 0 1 1 1 0 1 1 1 0 0 0 1 0 1 0 0 0 1 0 0 1 1 1 0 1 0 0 1 1 0 0 1 0 
0 0 0 1 0 1 1 0 0 0 0 1 0 0 1 1 0 1 0 1 1 0 1 1 0 0 0 1 1 0 1 1 0 1 0 0 1 1 0 1 1 1 0 0 1 1 1 0 1 0 1 0 0 0 1 1 1 1 0 0 1 1 1 0 0 1 0 1 0 
1 0 1 0 0 1 1 0 1 1 1 1 1 1 1 1 0 0 0 1 0 0 1 1 1 1 0 0 1 1 0 0 0 0 0 0 1 0 0 0 1 1 1 0 0 1 0 0 1 0 0 0 1 1 1 0 0 1 1 1 1 1 0 1 1 0 1 1 0 
0 1 0 1 1 0 0 0 0 0 1 1 0 1 0 1 1 0 1 0 1 1 1 1 1 0 0 1 0 1 0 0 1 0 1 0 0 1 0 1 0 1 0 0 1 0 0 0 0 1 0 0 0 0 1 1 0 1 1 0 1 1 0 0 1 0 0 1 1 
0 0 1 1 0 0 0 0 0 0 1 1 1 1 0 1 0 1 1 1 0 0 0 1 0 0 0 0 0 0 0 0 0 1 0 1 1 0 1 1 1 0 1 0 1 1 1 1 0 0 1 1 0 1 0 1 0 1 1 0 1 1 1 1 1 1 0 0 1 
0 0 0 0 1 0 0 0 1 1 0 0 0 1 0 0 0 1 0 1 1 0 0 0 1 1 1 0 0 0 0 0 0 0 0 1 1 0 1 0 0 1 0 0 1 1 0 1 0 0 0 1 1 0 0 0 1 1 1 1 1 1 1 1 1 0 0 0 0 
1 1 0 1 1 1 0 0 1 1 1 0 1 0 1 1 0 1 0 0 0 0 1 1 1 1 1 1 1 1 0 1 0 0 0 0 1 0 0 1 1 1 1 0 0 0 1 0 1 1 0 0 1 0 1 1 1 0 0 0 0 0 1 0 1 1 0 0 1 
1 1 0 0 0 0 0 0 1 1 0 1 1 0 0 1 1 1 0 0 0 1 0 0 0 0 1 0 1 0 1 0 1 0 0 0 0 1 0 0 0 0 1 1 0 1 1 0 1 1 0 1 0 0 1 1 0 1 1 1 1 0 1 0 0 0 0 1 1 
1 1 1 1 0 0 0 1 1 0 0 1 0 1 1 0 1 0 0 0 1 0 1 0 1 1 0 1 0 1 0 1 0 1 0 0 0 0 0 1 0 0 0 0 0 0 0 1 0 1 1 0 1 0 0 0 1 0 0 1 0 0 0 0 0 1 1 0 1 
1 1 0 1 0 0 1 0 1 0 0 0 1 0 1 1 0 1 1 1 1 0 1 0 1 1 0 0 0 0 1 1 1 1 1 1 0 0 1 1 1 0 1 0 0 0 0 1 1 1 0 1 1 1 1 0 0 1 0 1 1 0 0 0 1 1 0 1 0 
1 0 1 1 1 1 0 1 1 1 1 0 1 0 0 0 1 0 0 0 1 1 1 1 0 1 0 1 1 0 1 1 0 0 0 0 0 0 1 1 1 0 0 0 0 0 0 1 0 1 1 1 0 0 0 0 0 1 0 1 1 1 0 1 0 1 1 0 1 
1 1 1 1 1 1 0 1 0 1 0 1 1 1 1 1 0 0 1 1 0 1 0 1 1 1 1 0 1 1 0 0 1 1 1 0 0 1 0 0 1 0 1 0 1 1 1 1 1 1 0 1 0 0 0 1 0 0 0 1 1 0 1 0 1 0 1 1 0 
1 0 1 1 1 1 0 0 0 0 1 1 0 0 1 1 1 1 1 1 1 0 0 1 1 1 0 1 0 1 1 1 1 0 0 1 1 0 1 0 0 1 1 1 1 1 0 0 0 1 1 1 1 0 0 0 1 0 1 1 1 1 0 1 1 0 0 1 0 
1 1 1 0 0 0 0 1 0 0 1 1 0 0 0 0 0 0 1 0 1 0 0 0 0 1 0 0 1 1 0 0 0 1 1 0 1 1 0 1 1 1 0 1 0 0 1 0 0 0 1 0 0 1 0 0 0 0 0 1 1 1 1 1 0 0 0 0 1 
0 1 1 1 0 0 1 0 0 0 1 0 1 1 1 0 1 1 0 0 0 1 1 1 0 1 1 1 1 1 0 1 1 1 0 1 0 0 1 0 0 0 0 1 1 1 1 1 1 1 1 1 0 0 0 0 1 1 1 0 1 0 1 0 1 0 1 1 0 
0 1 0 1 0 1 0 1 0 1 0 1 0 1 1 1 1 1 0 1 1 1 0 1 0 0 0 0 1 0 0 1 1 0 0 1 1 1 1 1 0 1 0 1 1 1 0 0 1 0 1 0 1 1 1 0 1 1 0 0 1 1 0 1 1 0 0 1 1 
1 0 0 1 1 1 0 0 1 0 1 1 0 1 1 1 0 1 1 0 1 1 1 0 1 0 0 0 1 1 1 0 1 1 1 0 0 1 1 1 0 0 1 0 0 0 1 0 1 0 0 0 0 0 1 1 0 1 1 1 0 1 0 1 0 1 0 1 1 
1 0 1 1 1 1 1 1 0 0 0 1 0 1 1 0 0 0 1 1 0 0 1 1 0 0 1 0 0 0 1 1 1 0 1 0 1 0 0 1 0 0 0 1 1 1 1 1 0 0 0 0 1 1 1 1 0 0 1 0 1 0 0 0 0 1 0 1 1 
0 1 0 1 1 1 0 1 0 0 1 1 0 1 0 0 0 1 0 0 1 0 1 1 0 1 0 1 0 1 1 0 0 1 1 0 0 0 1 0 0 0 1 0 1 1 0 1 1 0 1 0 1 1 1 1 0 1 1 0 1 0 1 1 1 0 1 1 0 
0 1 0 0 1 1 1 0 1 0 1 0 0 1 1 1 1 0 1 0 1 0 1 1 1 1 0 1 0 1 0 1 1 0 1 0 1 1 0 1 1 0 1 1 1 0 0 0 0 0 1 0 0 0 1 1 1 0 0 0 1 0 1 0 1 0 0 0 1 
1 1 1 1 0 0 0 0 1 1 1 1 0 1 1 0 0 0 0 0 0 0 0 1 1 0 0 1 1 0 1 0 0 0 1 0 0 1 1 1 0 0 0 0 1 1 1 1 1 1 0 0 1 0 1 0 0 1 1 1 1 0 1 1 0 0 0 1 0 
1 0 0 1 1 1 0 0 0 1 0 1 1 0 0 1 1 0 0 0 1 1 1 0 1 1 0 1 1 1 1 0 0 0 1 1 1 1 1 1 0 1 0 0 1 0 1 0 0 1 0 1 1 0 1 0 1 0 1 0 1 1 0 1 1 1 0 0 0 
0 1 0 1 1 0 1 1 0 1 1 1 0 0 0 0 0 0 1 0 0 1 1 1 1 1 0 0 1 0 0 1 1 0 1 0 1 0 1 1 1 0 0 1 0 1 1 0 1 0 0 1 1 0 0 0 1 0 0 0 0 0 0 1 1 1 1 0 1 
0 1 0 0 1 0 1 0 1 1 0 0 0 1 1 0 0 0 1 0 0 1 1 1 1 0 0 0 0 0 1 0 1 0 1 0 0 0 1 1 1 1 1 1 0 1 1 0 1 0 1 1 0 0 0 1 0 0 0 0 0 1 1 1 1 0 0 1 0 
1 1 1 0 0 1 0 1 0 1 0 1 0 0 1 0 0 0 0 1 0 1 1 0 0 1 1 0 1 1 0 0 0 1 0 0 0 0 0 1 1 0 0 1 0 1 1 1 1 0 0 0 1 1 0 1 0 1 1 1 0 1 1 0 0 1 1 1 0 
1 0 1 1 0 1 0 1 0 1 0 0 1 0 1 0 0 0 1 0 1 0 0 0 0 1 1 1 0 0 1 1 0 1 0 0 0 0 1 0 1 1 1 0 0 0 1 0 1 0 0 0 0 1 1 0 0 0 0 0 0 1 1 0 0 1 0 0 0 
1 1 1 0 0 0 0 0 1 1 1 1 1 0 1 0 1 0 0 1 0 0 1 1 1 1 0 1 1 0 1 0 1 0 0 1 0 1 0 1 0 1 0 1 1 0 0 0 0 0 1 0 1 0 1 0 1 1 1 0 0 0 0 1 1 1 1 1 0 
1 1 0 0 1 1 0 1 1 0 1 0 0 1 1 0 1 1 0 0 1 0 0 1 1 0 0 0 1 0 0 0 1 0 0 0 1 0 0 1 1 1 1 1 1 0 1 0 1 1 0 0 0 1 0 1 1 0 1 0 0 1 0 1 1 0 0 0 1 
0 1 0 1 0 1 0 0 0 0 0 0 1 0 0 0 0 1 1 1 0 1 1 1 1 1 0 1 1 0 0 1 0 0 0 0 1 1 1 0 1 1 0 0 1 0 0 0 1 1 1 1 0 0 0 1 1 0 1 0 0 1 1 0 0 0 1 1 1 
0 1 0 1 1 1 0 1 1 0 0 1 1 1 1 0 1 1 1 1 0 0 0 1 1 0 1 1 1 1 0 1 0 1 0 0 0 1 1 1 1 0 0 1 1 0 1 1 1 0 0 1 0 0 0 0 1 0 1 0 1 0 0 1 1 0 1 1 1 
1 0 1 1 1 0 0 1 1 1 0 1 0 1 0 0 1 0 1 1 1 0 0 1 0 0 0 0 1 1 0 0 0 1 1 1 1 0 0 0 1 0 1 1 1 1 0 0 1 1 0 1 1 0 0 1 0 1 0 0 0 0 0 0 1 0 1 0 0 
1 0 1 1 1 1 0 1 1 1 0 0 1 1 0 1 0 1 0 1 1 0 1 1 0 0 0 0 1 0 0 1 0 0 0 0 1 1 1 0 0 1 0 1 1 0 0 1 0 0 0 1 0 1 1 1 1 1 1 1 0 0 0 0 0 0 0 1 1 
1 1 1 1 1 0 0 0 1 1 0 1 1 1 0 0 0 1 0 0 0 1 0 0 1 0 0 1 1 1 1 0 0 0 1 0 1 1 0 0 0 0 1 1 1 1 0 0 0 0 0 1 1 0 1 0 0 0 1 1 1 0 0 0 1 1 0 0 1 
0 0 1 0 1 1 1 1 1 1 1 1 1 0 0 1 0 0 0 0 1 1 1 0 1 1 1 1 1 1 0 1 1 1 1 0 0 1 1 1 0 1 0 0 1 0 1 1 0 1 1 0 1 1 0 0 0 1 1 0 0 1 1 1 1 1 1 1 0 
1 1 0 0 1 0 1 0 0 1 0 1 0 0 0 1 0 1 0 1 0 0 1 0 1 0 1 0 0 0 0 1 1 1 1 1 1 0 1 1 1 1 1 0 0 1 1 0 0 1 0 1 1 1 1 1 0 0 1 0 0 0 1 0 1 0 1 0 0 
0 0 0 1 1 0 1 0 1 0 1 1 0 0 0 1 1 1 1 1 1 1 1 1 0 1 0 0 0 0 1 0 0 1 0 1 1 1 0 0 1 1 1 1 1 0 1 0 1 0 1 0 0 0 1 0 0 1 1 0 0 0 1 0 1 1 0 0 0 
0 0 0 1 0 1 0 0 0 0 1 1 1 0 1 1 1 1 1 1 0 0 1 0 1 1 1 0 1 1 0 1 0 0 0 0 0 0 0 0 0 1 1 1 1 0 1 1 0 0 0 0 0 1 1 1 0 0 1 0 0 0 1 0 0 0 0 0 0 
0 1 1 1 0 0 1 1 1 0 1 0 0 1 0 1 0 0 1 1 1 1 1 1 1 1 0 1 1 0 1 1 1 0 0 0 1 1 1 0 1 0 0 1 1 1 0 0 1 0 1 0 1 0 0 0 1 0 1 0 0 1 1 0 1 1 0 0 1 
1 1 0 1 1 0 0 0 0 0 1 0 1 0 0 1 0 0 0 0 0 0 0 1 1 0 0 1 0 1 0 1 0 0 0 1 0 1 0 1 1 1 1 1 1 1 0 1 0 1 1 0 1 0 1 1 0 1 0 1 0 0 0 0 0 1 0 1 0 
0 0 1 1 1 0 1 1 1 0 1 0 0 1 1 0 0 0 0 1 0 1 0 0 0 0 1 1 0 0 1 0 0 0 0 1 1 1 0 0 1 1 0 1 0 1 1 0 0 0 0 0 1 0 1 1 0 0 0 1 0 1 1 0 0 1 1 1 0 
0 1 0 1 1 1 0 0 1 0 0 1 0 1 0 0 0 0 1 0 0 0 0 0 1 0 0 1 1 1 1 1 0 1 1 1 1 1 1 0 1 0 1 0 1 1 0 1 1 1 1 0 1 1 0 1 1 0 0 0 1 1 0 1 1 1 0 0 0 
