64 68 3030
85 56 49 32 20 43 7 30 62 59 60 55 11 40 77 49 45 51 61 75 75 20 97 17 40 19 83 5 14 10 66 99 17 14 30 88 8 88 17 70 47 76 24 9 67 52 57 12 2 69 38 28 40 34 44 79 4 26 83 18 87 100 16 55 13 97 43 73 
85 11 94 83 87 17 91 5 20 99 68 73 19 6 100 59 39 43 89 95 21 24 12 59 23 79 14 88 27 8 60 63 18 53 45 56 21 87 13 40 85 80 12 4 85 63 14 76 5 2 70 77 25 33 36 100 11 1 87 37 60 46 100 77 50 96 85 70 
83 97 61 67 76 24 22 13 86 87 88 42 89 57 19 65 89 6 64 51 58 50 87 17 47 38 45 96 34 29 17 16 25 77 34 53 100 8 65 85 94 52 79 34 60 49 51 100 54 14 50 11 16 88 79 62 26 23 10 11 52 26 78 28 3 11 32 2 
70 96 39 16 99 17 49 10 65 51 9 70 65 10 32 32 50 10 93 27 84 54 37 35 80 14 15 34 76 46 87 98 94 25 13 44 93 13 54 9 64 14 78 80 24 9 11 25 70 55 51 54 9 87 40 40 52 54 73 79 52 59 76 45 84 88 88 28 
53 93 37 16 7 14 47 82 75 57 6 96 11 56 1 71 94 41 10 45 46 82 75 97 41 51 93 76 90 81 55 42 73 91 9 31 57 55 64 83 63 21 78 74 76 79 44 21 71 54 17 16 87 92 13 79 42 5 54 31 37 9 25 62 51 85 44 7 
40 8 89 2 28 19 27 56 97 23 76 19 28 45 34 14 36 98 93 29 55 98 11 91 58 35 4 9 20 48 15 11 7 56 64 34 74 43 41 22 65 69 92 44 13 25 9 100 23 1 28 77 51 38 19 8 25 23 16 96 22 83 58 28 90 73 61 15 
15 54 88 31 22 79 26 34 3 35 33 77 35 12 53 85 1 72 45 77 46 60 72 67 94 81 94 83 54 6 49 20 59 36 51 80 14 76 65 69 10 49 45 97 60 98 33 61 21 77 37 18 89 61 84 34 41 29 17 46 86 65 66 45 53 68 76 66 
43 41 34 5 41 79 53 1 28 37 13 100 14 1 17 54 61 52 87 54 32 55 51 17 72 16 13 24 83 89 41 78 81 27 34 21 57 38 73 84 74 85 35 87 86 3 92 98 6 79 3 37 85 54 5 56 21 18 31 4 58 72 33 38 98 18 10 54 
55 35 89 28 19 75 67 56 29 58 6 34 88 8 22 73 13 26 80 34 43 63 89 52 86 73 41 35 90 51 88 44 85 28 71 55 54 37 63 82 47 68 15 34 27 36 58 92 13 90 25 56 4 65 59 89 37 100 23 26 50 62 21 86 89 91 92 94 
80 54 75 78 73 89 63 100 76 73 91 88 62 67 95 17 31 54 5 19 53 27 96 54 88 16 91 28 58 82 21 37 88 47 66 60 35 29 59 62 1 1 1 14 19 96 30 1 1 34 19 5 12 66 58 51 81 100 30 39 81 50 27 68 48 93 28 82 
21 38 95 73 91 95 86 61 42 67 62 42 100 32 98 63 98 55 13 78 54 42 68 87 43 95 6 90 39 33 23 11 23 69 83 65 63 20 25 5 86 38 98 85 70 96 99 19 2 11 48 8 4 16 94 46 62 51 87 100 84 9 10 58 77 44 74 91 
63 98 47 48 36 45 84 57 92 82 75 93 92 74 52 47 89 97 92 2 48 30 1 83 90 62 92 18 5 65 8 19 62 55 66 49 51 49 57 94 30 83 38 73 57 90 19 97 86 62 99 85 91 51 67 80 65 58 97 21 74 57 40 36 63 5 36 13 
54 93 58 35 75 95 60 83 84 30 80 22 92 30 6 34 80 25 66 44 34 14 65 8 22 4 95 84 60 30 48 65 74 5 100 1 100 11 83 35 40 14 56 83 43 14 69 75 90 86 18 75 99 34 82 73 89 28 56 49 10 56 65 83 60 64 35 11 
74 70 46 66 83 53 48 78 18 16 52 59 1 21 34 52 55 15 24 95 95 31 95 4 86 60 38 98 75 73 8 1 42 5 66 76 10 13 53 27 29 4 86 81 25 71 84 31 85 59 77 31 90 72 34 27 83 72 76 57 96 36 57 37 40 22 64 1 
87 17 28 67 20 65 47 96 35 31 78 71 89 55 2 30 26 87 9 60 58 84 16 53 71 25 41 11 98 5 63 84 73 90 50 44 6 49 40 92 31 17 63 71 71 16 1 48 2 61 59 12 96 27 64 67 51 57 29 48 13 91 84 85 81 85 28 38 
33 67 30 63 36 44 86 58 59 86 58 12 98 16 23 93 42 39 59 92 95 87 92 59 78 27 43 10 11 70 99 96 89 28 58 24 23 43 33 81 80 90 45 29 6 67 22 47 57 80 91 3 19 34 61 96 12 3 57 22 25 55 17 13 83 27 88 5 
21 20 38 53 62 34 81 67 52 2 65 9 34 7 11 52 92 24 47 3 78 3 25 2 9 93 66 91 19 5 48 92 25 37 44 38 70 24 4 73 26 20 81 11 27 44 62 18 19 60 73 96 14 97 98 22 41 15 65 12 20 12 3 96 100 46 33 21 
69 88 93 46 7 26 56 85 69 17 55 87 28 27 34 41 23 83 63 15 98 27 26 17 90 28 64 89 73 96 61 94 83 53 39 89 78 47 74 98 15 28 36 43 6 70 35 28 52 97 42 1 75 68 69 64 47 32 4 20 27 64 65 61 17 55 50 46 
1 75 44 68 54 31 62 59 100 96 38 4 45 31 56 19 50 25 83 97 56 86 68 35 50 32 95 18 86 96 63 39 22 6 58 27 37 19 37 88 14 74 43 58 57 99 29 6 75 11 54 82 48 73 68 97 4 63 14 42 10 77 32 32 34 89 10 22 
59 47 62 24 72 4 34 28 54 62 86 80 72 39 14 19 64 81 68 67 95 33 60 5 9 43 88 95 83 49 16 41 95 29 65 67 85 98 94 38 11 79 70 82 70 83 52 33 15 71 51 10 4 63 66 64 57 53 58 40 1 26 80 48 54 96 14 38 
45 59 28 55 90 49 88 11 83 92 43 97 62 45 6 17 59 71 81 16 75 90 55 28 15 86 75 21 82 40 10 78 98 89 33 39 37 20 49 19 63 43 16 25 88 21 93 98 44 73 13 70 63 19 97 29 5 23 1 38 62 11 15 12 99 99 2 36 
71 51 6 33 93 21 9 32 94 2 30 89 74 94 58 88 13 55 17 69 29 17 6 43 79 20 54 78 19 7 65 89 57 70 73 2 43 82 85 36 83 66 24 8 60 81 96 24 87 64 92 16 32 97 58 11 68 63 88 38 69 4 78 78 73 51 31 15 
32 15 2 66 33 77 73 92 10 68 67 96 83 58 63 15 6 20 25 73 34 12 63 55 67 40 32 39 42 14 6 25 28 7 90 12 36 15 3 45 34 21 92 17 78 7 31 83 78 55 8 12 18 70 66 84 9 49 74 51 62 79 27 41 38 17 53 73 
31 7 69 64 28 12 32 57 18 62 40 96 16 47 59 85 16 24 68 76 24 42 78 85 72 5 77 9 73 29 33 55 88 53 70 15 65 2 71 34 63 62 81 31 8 39 15 75 14 35 51 37 28 28 73 99 84 50 60 56 78 44 10 17 97 80 31 13 
81 54 98 43 15 79 25 75 17 40 1 31 74 51 67 53 31 40 51 14 41 62 70 70 6 31 87 54 10 69 66 90 22 63 85 89 41 9 15 10 100 15 40 25 66 58 77 48 49 80 61 89 41 82 59 98 13 97 51 22 65 68 64 87 83 100 27 75 
60 41 84 60 55 75 84 72 85 61 19 33 40 32 74 32 13 84 30 77 80 32 51 96 100 14 82 82 65 60 56 24 100 92 83 7 66 67 78 50 79 49 35 70 32 60 1 96 95 82 73 26 14 23 21 13 88 55 46 52 14 1 75 66 92 10 72 10 
28 1 11 58 1 45 27 32 56 79 28 2 61 100 27 26 74 100 38 61 54 83 64 67 35 90 32 79 51 55 88 78 56 98 35 56 95 13 40 2 92 67 4 4 18 30 29 91 29 18 3 34 52 18 53 86 59 84 16 10 91 3 87 98 53 74 53 47 
38 44 48 81 10 51 36 79 33 64 21 13 33 23 47 84 92 99 22 51 34 37 60 76 40 98 73 92 23 78 90 61 21 89 93 83 92 29 61 24 44 82 88 77 56 86 12 48 84 33 98 70 70 9 45 61 6 18 4 81 95 45 93 67 33 85 49 24 
13 10 99 9 91 39 85 98 24 96 45 60 81 94 29 2 2 25 62 60 94 17 92 40 61 84 7 45 68 55 21 33 16 71 41 58 9 77 56 33 72 52 44 4 46 72 5 99 48 66 10 42 34 1 81 46 84 39 91 4 46 11 36 61 81 28 19 42 
4 26 26 75 77 69 31 22 92 35 73 39 1 82 32 86 35 65 32 70 3 22 73 48 84 60 61 16 87 31 57 90 56 34 17 32 2 47 6 93 81 78 84 33 11 15 19 97 79 2 67 34 75 91 81 58 51 41 25 89 71 82 79 78 15 47 10 69 
45 67 13 25 96 96 10 58 63 80 55 41 81 73 74 55 63 7 64 13 99 88 54 22 21 32 99 88 30 60 56 74 26 68 50 21 16 59 79 78 90 85 70 70 57 96 76 19 2 91 84 52 79 37 73 99 20 24 38 49 35 93 22 61 13 23 33 80 
82 63 57 71 47 78 93 3 73 20 74 26 11 57 78 89 45 2 39 64 77 77 64 12 21 37 24 85 59 56 64 92 71 72 63 17 50 7 72 74 26 45 100 36 53 29 76 49 30 15 64 59 43 27 70 63 63 93 48 73 100 63 65 70 35 79 87 84 
85 10 57 10 6 8 98 58 36 73 6 18 39 69 76 81 47 97 44 61 41 43 33 40 5 49 10 39 27 48 74 11 9 83 73 14 90 70 71 78 42 28 95 33 48 22 13 46 18 8 6 10 50 90 49 55 39 10 45 65 9 71 76 17 53 48 30 94 
69 52 71 62 31 17 94 30 38 7 75 7 14 32 16 16 22 17 22 60 26 66 76 87 36 3 3 40 50 85 34 18 36 4 32 19 73 25 48 62 31 23 21 97 6 36 12 27 4 33 38 82 50 14 68 38 16 70 77 18 6 10 87 42 66 18 60 90 
43 59 51 25 33 71 73 39 59 84 65 62 68 55 95 70 68 62 7 35 84 83 52 89 45 91 82 62 8 41 51 2 52 53 79 84 24 51 22 34 87 87 95 54 41 42 75 60 3 81 94 86 16 98 27 12 40 8 73 47 49 75 1 100 79 79 35 2 
81 57 87 67 95 34 73 87 75 47 98 77 80 91 15 95 40 41 6 79 48 30 78 48 56 30 99 34 8 34 88 40 90 74 7 36 7 31 22 81 77 19 58 56 61 24 2 53 64 7 83 11 88 60 59 43 41 9 77 48 42 64 40 83 89 46 18 96 
76 91 76 4 61 85 12 22 8 13 26 23 72 8 86 59 20 96 2 60 4 78 60 46 93 99 80 81 96 98 28 71 40 56 26 1 40 37 22 100 2 99 74 73 6 59 31 77 54 32 37 58 61 96 3 5 46 82 38 41 31 65 63 71 20 88 71 12 
77 44 11 30 94 84 2 99 43 32 28 48 16 64 5 28 11 59 85 56 93 22 96 75 86 10 45 6 49 67 69 25 62 79 54 55 14 7 6 8 91 33 56 58 96 12 85 58 71 69 13 15 42 60 89 28 21 86 85 69 52 53 46 66 83 99 20 48 
58 77 56 48 9 63 5 56 26 89 13 96 10 77 62 51 88 51 30 8 36 14 77 39 18 22 4 100 72 76 48 29 52 55 28 61 69 32 68 94 73 33 42 34 9 3 84 49 53 66 8 40 31 36 79 49 57 34 100 81 9 99 61 61 5 89 73 73 
72 40 67 44 72 8 77 33 62 13 81 15 78 88 6 60 24 84 8 32 18 60 64 78 58 77 38 63 65 10 35 36 2 53 32 73 12 60 5 74 72 37 40 1 25 97 61 100 33 20 31 2 79 47 79 37 23 17 51 39 78 37 74 79 90 57 4 53 
17 8 78 40 97 69 41 21 66 53 72 98 72 54 99 51 100 77 39 22 45 89 60 75 25 86 53 66 94 56 71 10 16 48 50 12 69 42 84 86 94 55 83 17 60 33 19 60 61 57 33 58 45 93 32 22 30 84 39 23 92 9 85 59 9 86 22 29 
79 57 14 24 63 48 40 22 80 59 81 92 15 14 49 12 58 80 85 39 16 75 61 59 36 97 17 96 82 38 24 12 94 37 35 8 36 75 29 67 85 10 58 51 75 7 62 32 38 98 70 53 73 82 11 8 31 79 3 12 68 78 24 13 66 10 20 1 
84 49 67 20 58 76 71 84 34 84 15 72 82 36 24 6 69 87 13 99 65 67 63 33 44 38 97 61 47 17 61 83 65 79 2 74 54 72 57 88 56 71 59 37 58 34 94 26 72 58 25 89 24 39 73 19 76 69 79 22 85 91 4 1 69 6 74 22 
29 30 61 84 52 19 72 61 5 65 87 28 22 63 16 97 1 40 15 76 9 45 49 45 35 5 46 3 62 19 77 90 1 37 74 52 8 97 13 12 62 51 91 35 65 7 32 65 46 98 92 6 43 92 51 77 96 96 32 57 66 8 47 66 44 72 18 51 
20 82 14 81 84 57 68 48 63 51 12 60 48 55 18 42 98 68 71 94 15 2 2 80 9 100 98 4 23 67 7 43 48 20 75 31 28 42 30 90 92 41 2 92 47 71 33 44 38 55 89 4 56 43 35 16 42 32 20 65 98 78 7 97 49 81 79 77 
75 8 18 18 100 71 9 98 41 94 94 30 48 82 33 56 76 20 71 18 51 42 82 1 71 40 49 20 72 28 96 46 87 13 16 39 84 76 36 76 21 29 6 69 63 38 76 38 9 98 7 60 40 40 12 62 79 60 81 3 39 76 100 26 41 15 64 76 
91 51 51 11 32 56 31 94 46 58 83 54 56 90 65 47 29 28 8 60 88 89 62 78 16 61 3 8 28 18 83 70 21 86 32 52 93 15 45 90 72 79 96 27 68 12 73 49 40 33 60 79 21 21 56 88 33 11 96 12 80 30 81 100 67 65 51 60 
79 47 1 2 26 96 29 45 60 53 45 99 85 4 77 57 76 84 45 61 94 92 72 74 21 5 73 88 21 76 99 99 22 51 52 99 99 80 96 58 85 40 8 69 96 84 78 71 67 22 31 13 13 55 86 85 11 58 24 31 85 22 81 7 25 32 57 23 
64 52 80 100 92 87 68 87 22 97 9 40 18 92 52 82 98 89 67 8 47 42 90 83 16 22 89 40 5 46 62 20 97 41 19 40 79 39 78 52 35 87 91 53 78 95 86 75 83 4 34 81 46 75 64 61 96 52 100 100 49 13 20 98 53 38 37 83 
76 67 34 11 53 24 15 82 70 52 8 53 56 41 33 53 15 48 13 62 52 64 13 100 28 32 49 32 22 86 14 49 4 47 11 56 22 77 37 44 29 96 96 36 36 80 88 2 28 52 15 79 67 27 30 94 59 79 25 32 16 38 32 19 36 43 26 9 
19 14 52 99 9 99 34 96 79 21 49 58 24 63 88 90 89 69 35 99 47 59 82 14 48 14 84 83 56 61 44 26 74 95 77 34 94 10 81 24 83 29 33 6 43 20 48 32 88 82 82 87 93 16 52 40 29 88 75 36 48 18 13 74 64 89 7 9 
99 40 84 33 68 16 38 63 87 37 46 75 71 27 13 63 42 64 2 22 51 28 57 51 97 70 24 61 58 82 21 8 21 57 40 41 72 30 3 59 18 48 85 88 26 97 50 20 12 4 41 15 31 50 65 28 71 40 40 80 73 12 40 46 68 79 86 92 
60 40 2 78 39 86 65 16 34 67 87 45 70 80 59 52 29 75 79 51 66 70 30 39 82 69 84 1 100 21 92 59 12 45 88 50 30 5 17 15 71 4 60 92 83 70 43 63 97 74 13 62 43 42 100 76 63 35 29 62 55 72 72 66 17 12 67 46 
68 36 13 90 39 72 81 73 93 75 35 89 48 47 3 43 40 54 70 2 89 98 15 43 70 39 61 38 50 79 35 17 14 47 6 4 70 38 76 63 12 10 3 12 56 5 6 48 59 27 49 99 77 16 93 98 54 53 35 55 84 69 71 97 16 28 53 85 
17 28 99 28 38 54 91 45 10 48 44 68 75 93 66 51 60 11 48 13 63 34 67 98 2 89 47 69 16 99 6 84 26 56 11 15 9 54 12 19 53 55 38 27 99 56 29 58 66 28 70 80 13 88 78 15 76 76 35 43 74 92 26 51 48 89 66 8 
94 77 26 46 83 16 25 82 71 5 39 88 85 61 67 97 48 96 63 76 71 98 70 44 41 48 95 40 36 12 48 81 40 25 26 22 40 2 3 62 7 42 49 43 54 16 39 53 11 2 28 82 51 98 77 91 97 23 31 32 34 30 64 73 54 41 95 94 
43 97 55 1 90 4 43 95 71 81 48 81 34 75 14 84 24 43 27 20 65 9 3 99 38 66 23 91 7 17 84 1 66 91 53 7 46 95 2 16 27 49 48 61 75 14 96 51 56 22 22 72 30 25 70 19 42 93 10 100 61 45 52 78 35 4 85 32 
50 38 99 77 38 99 89 12 64 36 14 19 10 36 42 91 12 12 10 53 56 19 5 16 63 56 94 50 60 30 33 9 67 32 37 56 30 77 67 93 13 81 63 22 68 4 12 79 67 21 83 74 39 87 90 54 95 35 55 6 16 87 66 34 18 3 89 99 
79 7 43 43 39 57 64 6 13 76 84 79 48 19 53 39 5 94 92 99 80 46 56 47 32 22 80 2 24 68 52 54 74 95 97 13 3 12 70 15 87 6 46 35 24 50 73 80 43 16 31 74 13 86 20 44 7 51 97 82 18 49 36 43 95 84 7 97 
95 29 64 34 34 9 68 57 58 92 36 52 59 66 77 71 52 96 66 10 98 63 92 15 63 27 9 9 10 68 5 56 96 68 89 29 28 8 37 37 51 72 88 9 90 64 79 93 11 45 2 8 59 93 74 73 71 35 81 32 2 37 88 49 57 76 77 84 
36 65 21 86 88 60 95 77 76 73 21 38 69 75 46 79 67 71 51 90 57 83 21 58 20 8 58 76 36 86 11 71 50 83 56 38 43 2 66 70 27 39 7 95 13 4 26 31 75 28 20 31 11 41 41 82 100 50 9 87 36 71 57 85 54 65 74 48 
66 92 17 92 30 23 39 42 79 16 72 5 95 92 87 5 84 79 38 83 29 46 70 64 17 78 100 22 42 74 69 60 17 37 3 46 11 93 39 89 60 10 93 55 53 80 59 36 58 49 71 38 46 92 1 62 69 1 35 63 26 3 74 42 39 76 39 50 
21 77 90 80 38 83 34 43 14 45 30 23 93 100 61 38 91 13 52 60 13 86 74 90 41 47 83 31 22 21 80 94 49 22 74 87 56 7 29 69 3 58 43 47 10 3 85 100 16 88 11 80 25 84 22 65 82 4 96 56 25 27 49 73 48 22 11 3 
81 39 23 35 49 66 82 58 20 18 9 35 5 20 67 81 55 88 46 37 91 93 92 67 71 40 92 19 14 54 73 46 45 48 80 93 65 61 50 84 78 10 71 34 29 37 15 36 76 12 72 18 56 15 85 26 54 28 96 19 81 21 64 25 68 96 17 84 
1 1 0 1 1 0 0 1 0 0 0 1 1 1 1 0 1 1 0 1 0 1 1 0 1 1 1 0 0 1 1 1 1 0 0 0 0 1 1 1 1 0 0 1 1 1 1 1 0 1 0 0 1 1 1 0 0 0 1 0 1 0 0 0 0 0 0 1 
1 0 0 1 0 0 0 1 0 1 0 0 1 0 1 0 0 0 0 0 0 1 1 1 0 1 0 0 1 0 1 1 0 1 0 0 0 0 0 0 1 0 0 0 1 1 0 1 1 1 1 1 0 0 1 0 1 1 1 1 1 0 0 0 0 0 0 0 
0 0 0 1 1 0 0 0 0 0 1 1 1 0 1 0 1 0 0 0 1 1 1 0 0 1 0 0 1 1 0 1 1 0 1 0 0 1 0 0 1 1 0 1 0 1 1 1 1 1 1 0 1 1 0 1 0 1 1 0 0 1 1 1 1 0 0 1 
1 0 0 1 0 0 0 0 1 1 1 0 0 0 0 1 1 0 0 0 1 1 0 1 0 1 1 1 0 1 1 1 1 1 0 1 1 0 1 0 1 0 0 0 1 0 1 0 0 0 0 0 1 0 1 0 0 0 1 0 1 0 1 1 1 0 0 0 
0 0 0 0 0 0 0 1 0 1 0 1 1 0 1 1 1 0 1 1 1 0 1 0 1 0 1 0 0 0 1 1 0 1 1 0 0 1 0 0 0 0 1 0 0 0 1 1 1 0 0 0 0 1 0 1 0 0 0 0 0 1 1 0 0 0 0 0 
1 0 1 0 0 0 0 1 1 1 0 0 1 1 0 1 0 0 1 0 0 1 1 0 0 0 0 0 1 1 1 0 1 0 0 0 0 0 1 1 1 1 1 0 0 1 0 1 0 1 1 0 0 0 1 0 1 1 0 0 0 1 0 0 1 1 0 0 
1 1 1 1 0 1 1 1 0 1 0 0 0 1 1 0 0 0 0 1 1 1 1 0 0 1 0 0 0 0 0 0 1 1 1 1 0 0 0 1 0 0 1 0 0 0 1 0 0 1 1 0 0 0 0 1 1 0 1 0 0 1 0 1 0 1 0 1 
1 1 0 1 1 1 0 1 0 1 1 0 0 0 0 1 0 0 0 0 0 1 0 0 0 0 1 0 1 0 1 0 1 1 0 0 1 0 0 1 1 1 1 1 0 0 0 0 0 0 0 1 1 0 1 1 0 1 0 1 1 1 0 0 1 0 0 0 
0 0 1 1 0 0 0 0 0 1 0 1 1 1 0 1 1 1 0 0 0 0 1 1 0 1 1 1 1 0 1 1 0 0 0 0 0 1 0 1 0 1 0 1 0 0 0 1 1 1 1 0 1 1 1 1 0 1 0 0 1 1 1 1 1 0 0 0 
1 0 1 1 1 1 0 1 1 1 1 0 0 0 0 1 1 0 1 0 1 1 0 0 1 1 1 0 1 1 0 0 0 1 1 1 0 0 1 1 1 0 0 1 0 0 0 0 0 1 0 1 1 0 1 0 1 1 0 1 0 1 1 0 0 1 0 1 
1 1 0 0 1 0 1 1 1 1 1 1 1 1 1 0 1 0 0 1 1 0 0 0 1 1 0 0 0 0 1 1 1 1 1 0 0 0 0 1 0 1 0 1 1 1 1 0 0 1 1 1 1 1 1 1 1 0 1 1 0 0 1 0 1 0 0 1 
1 0 0 1 0 1 0 1 0 1 1 0 0 1 0 1 0 1 0 1 1 1 1 0 1 0 0 1 0 0 0 1 1 1 0 1 0 0 0 0 1 1 1 1 0 1 1 1 0 1 0 0 1 1 0 0 1 0 1 0 0 0 1 1 1 0 0 1 
0 0 1 0 0 0 1 0 1 0 1 0 0 0 0 1 1 0 1 1 0 1 1 0 1 0 0 0 0 0 1 1 1 0 1 1 1 0 1 0 1 1 0 1 1 0 0 0 0 1 1 0 0 0 1 1 1 1 1 1 1 0 0 0 1 1 1 0 
0 1 0 1 0 1 0 1 1 0 1 0 1 1 0 0 1 1 1 0 0 1 0 0 1 0 0 0 0 0 0 0 1 1 1 1 0 1 0 1 1 1 1 0 0 0 0 0 1 0 0 0 1 0 0 0 1 0 1 1 0 1 1 1 0 0 0 0 
1 0 0 0 0 1 0 0 1 1 0 1 1 1 1 0 1 1 0 0 1 1 1 0 1 0 1 1 0 0 0 1 0 0 1 0 1 0 1 1 1 1 0 0 0 1 0 0 0 0 0 1 0 0 1 1 0 1 0 1 1 0 0 1 0 0 0 0 
0 1 1 1 0 1 1 1 0 1 1 0 1 1 1 1 1 1 0 0 0 1 1 1 1 1 0 0 1 0 0 1 1 1 0 0 0 1 1 0 0 0 0 0 1 1 1 1 0 0 1 0 1 0 1 0 1 0 0 1 0 0 0 0 1 1 0 1 
0 1 1 1 1 1 1 0 1 0 1 1 0 0 0 1 0 1 0 0 1 0 1 0 1 1 0 0 0 0 0 1 1 1 0 0 1 1 0 0 1 0 1 0 0 1 1 1 1 1 1 0 0 0 0 1 1 0 1 0 0 1 1 1 1 1 1 0 
0 0 0 1 0 1 1 0 1 1 1 0 0 0 0 0 0 1 1 0 1 1 0 0 0 1 1 1 0 1 1 0 1 1 1 1 1 1 1 0 0 1 0 0 1 0 1 0 1 0 0 1 1 0 1 0 1 0 1 1 1 1 1 0 0 0 1 1 
1 1 1 1 0 1 0 1 0 1 1 1 1 1 0 1 1 1 1 0 0 0 1 1 1 0 0 0 1 1 1 0 0 1 0 0 0 0 0 0 1 1 0 0 1 0 1 0 0 0 1 0 1 0 1 0 1 1 0 0 1 0 0 1 1 0 0 1 
0 0 0 1 1 0 0 0 0 1 1 0 0 0 0 1 0 0 1 1 1 0 1 0 0 0 0 1 0 0 0 1 0 0 0 1 0 0 0 1 0 1 1 0 1 0 1 1 0 0 1 1 0 0 0 0 0 0 1 1 0 0 0 0 0 0 1 1 
1 1 0 1 0 1 1 1 1 0 1 1 0 0 1 1 0 1 1 1 1 1 0 1 1 0 1 1 0 0 0 1 0 0 0 0 0 1 0 1 1 1 1 0 1 0 1 1 1 0 0 0 1 0 1 0 0 0 0 1 0 0 0 0 1 1 1 1 
0 1 0 0 0 1 0 1 1 1 0 0 1 1 0 1 1 1 1 0 1 1 1 0 0 1 0 1 0 1 0 1 0 0 1 0 0 1 1 1 0 0 0 1 1 0 0 0 0 0 0 1 1 1 1 1 1 0 0 1 1 0 0 0 1 1 0 1 
0 0 0 0 0 0 0 1 1 0 1 1 0 0 0 0 1 0 1 0 0 0 0 1 0 0 1 1 0 0 0 0 0 1 1 0 1 1 1 0 1 0 1 0 0 0 0 0 0 1 0 0 1 0 1 0 1 1 1 1 1 0 1 1 1 0 1 0 
1 0 1 1 0 0 1 1 0 1 1 0 0 1 0 0 0 0 0 1 1 1 0 0 1 1 1 0 0 0 1 1 0 0 0 0 0 1 1 1 0 0 1 1 0 0 1 0 0 1 1 1 0 1 1 0 0 0 0 0 0 1 0 0 1 0 0 0 
0 0 1 0 0 0 1 0 0 0 0 0 1 1 1 0 0 0 0 1 0 0 1 0 0 1 0 1 0 1 1 0 1 0 0 1 1 0 0 1 0 0 0 0 0 1 0 0 0 0 1 0 0 1 1 0 0 1 0 0 0 1 0 1 0 1 1 1 
1 1 0 1 1 0 1 1 0 1 0 0 1 1 0 0 0 1 0 1 1 0 1 1 0 0 1 0 1 0 1 0 1 1 1 0 0 1 0 0 0 0 0 0 1 0 0 0 0 0 1 1 1 0 0 1 0 1 1 1 1 0 1 0 1 1 1 1 
0 1 1 0 1 1 0 0 0 0 0 0 1 1 1 0 0 1 1 0 1 0 0 0 0 1 1 1 0 0 1 0 1 0 1 0 0 1 0 0 0 1 0 1 0 1 1 0 0 0 1 1 0 1 0 0 0 1 1 1 1 0 1 0 1 0 0 1 
0 0 1 0 1 1 1 0 0 0 0 0 0 1 0 0 0 0 0 1 1 1 0 0 0 1 0 1 0 0 0 0 0 1 0 0 0 1 0 0 1 0 0 1 0 0 1 0 0 1 1 1 0 1 1 0 1 1 1 1 1 1 1 0 0 1 0 0 
0 0 0 1 0 1 0 0 1 1 1 0 0 0 1 0 0 1 1 1 0 0 0 0 0 1 0 0 0 0 1 0 0 1 1 0 0 1 1 0 0 0 0 0 0 1 0 0 0 1 1 1 0 1 1 0 0 1 0 0 1 1 0 1 1 1 1 1 
0 0 1 0 0 1 0 1 1 1 1 1 0 1 0 0 0 1 0 1 0 1 1 1 0 0 0 1 1 0 1 0 0 0 0 1 0 1 0 1 0 1 0 0 0 1 1 1 0 1 0 1 0 1 0 1 1 1 0 1 1 1 1 1 0 1 0 0 
0 0 1 0 0 1 1 0 0 0 1 1 1 1 0 0 1 0 1 0 1 1 1 0 1 0 0 1 0 0 1 0 1 0 1 1 1 0 1 0 0 1 1 1 0 1 1 1 1 0 0 1 0 1 1 1 0 1 0 0 0 1 0 1 1 1 0 0 
1 1 0 1 0 1 1 1 0 0 0 0 1 0 1 1 0 0 0 0 0 0 0 0 1 0 1 0 0 1 0 1 0 1 1 1 0 0 0 1 0 0 1 1 1 0 0 1 0 0 1 0 0 1 0 1 1 1 1 1 0 0 1 1 1 0 0 1 
0 0 0 0 0 1 0 1 1 0 0 0 1 1 0 1 0 1 1 0 0 0 1 1 0 0 0 1 0 0 1 0 0 1 1 0 1 1 0 0 1 0 0 0 0 1 0 0 0 1 0 0 1 0 1 0 0 1 1 1 1 0 1 1 0 0 0 1 
1 0 1 1 0 0 1 0 1 1 1 1 0 1 1 0 1 1 0 0 0 1 1 0 0 0 1 0 1 1 1 0 1 0 1 0 0 1 0 1 0 1 0 1 1 0 1 0 1 1 0 1 0 1 1 0 0 1 0 1 0 1 1 0 0 1 0 0 
0 0 0 0 0 0 1 1 0 0 1 1 1 0 1 0 1 0 0 1 1 1 0 0 0 0 0 0 1 0 1 1 0 1 1 0 1 1 1 0 1 1 1 1 1 0 1 0 1 1 0 0 0 0 0 1 0 0 1 1 0 0 0 1 1 0 1 1 
1 1 1 0 0 0 1 1 1 0 1 0 0 1 0 0 0 1 1 0 1 1 0 0 1 0 1 1 0 0 0 1 1 1 0 1 1 1 0 0 0 0 0 0 1 1 0 1 0 0 0 1 1 0 1 0 0 0 1 1 1 1 0 0 0 0 0 0 
0 0 0 0 0 1 0 0 0 0 1 0 0 1 1 1 1 1 0 0 1 1 1 0 1 1 1 1 0 1 1 0 1 0 0 0 1 0 0 1 0 1 1 1 1 0 0 0 1 0 0 1 0 1 1 1 1 0 0 1 1 0 1 1 0 1 1 1 
1 1 0 1 0 1 0 1 1 1 0 1 1 0 0 1 0 1 0 1 0 1 0 1 1 1 0 1 0 1 0 1 0 0 0 1 1 1 0 0 0 0 1 1 1 1 1 1 1 1 0 1 0 0 0 1 1 1 0 1 0 0 0 1 0 0 0 1 
1 0 0 1 1 1 1 0 1 0 1 0 1 1 1 0 1 1 1 0 0 0 1 1 0 1 0 1 1 0 0 1 0 0 0 1 0 1 1 1 1 0 1 1 1 0 1 0 1 0 0 0 0 1 1 1 0 1 0 0 1 0 1 1 1 1 1 1 
1 0 0 0 1 1 1 0 1 0 1 0 1 1 0 1 1 1 0 1 0 0 1 1 1 0 1 0 0 0 1 1 0 1 1 1 0 1 0 1 1 1 1 0 0 0 0 1 1 0 1 0 1 0 1 0 1 0 0 1 0 1 0 1 0 1 0 0 
0 0 1 0 1 0 0 0 0 0 1 0 1 0 0 0 1 1 0 0 0 0 1 0 1 1 1 1 0 0 1 1 0 0 1 0 0 1 0 1 0 1 1 1 0 1 1 1 0 1 1 0 1 0 1 0 1 0 1 1 0 0 0 1 0 1 1 0 
1 1 1 1 0 0 0 0 1 1 1 0 0 0 0 1 0 1 1 1 0 0 1 0 0 1 1 0 1 0 0 0 1 0 1 0 0 1 0 0 0 0 0 0 0 0 1 1 0 0 0 0 0 1 0 0 1 0 0 0 0 0 0 0 0 1 0 1 
0 0 1 0 0 1 0 1 1 1 0 1 1 0 1 1 0 0 1 1 0 1 1 0 1 1 0 0 0 0 1 0 1 0 0 1 1 0 0 0 1 0 0 0 1 1 1 1 1 0 0 1 1 1 0 0 0 0 0 0 1 1 0 0 1 0 1 0 
0 0 1 1 0 1 1 1 0 0 0 0 0 0 1 1 1 1 1 1 0 0 1 1 1 1 1 1 1 0 1 1 0 0 0 1 1 1 0 0 1 1 0 1 1 1 0 1 1 0 0 1 0 0 0 1 1 1 0 1 1 0 0 0 0 1 1 0 
0 1 0 0 0 0 1 0 1 0 1 0 0 1 1 0 1 1 1 1 0 0 0 0 0 0 0 0 1 1 0 0 0 0 0 1 0 1 1 0 1 0 0 1 1 0 1 1 1 1 0 0 1 0 0 1 0 0 1 0 1 0 0 1 0 0 0 1 
1 1 1 1 1 1 0 1 1 0 0 1 1 0 1 0 0 1 1 0 1 0 0 0 0 0 1 1 0 0 0 0 1 1 1 1 0 1 0 0 1 0 1 0 0 0 0 0 1 1 0 0 0 1 0 0 1 1 1 0 1 1 0 1 0 1 0 1 
0 0 1 0 0 0 0 0 0 1 0 1 0 0 1 0 1 1 1 1 0 0 1 0 0 1 1 0 0 1 1 0 1 0 0 1 0 1 1 0 0 1 1 0 1 0 1 1 1 0 0 0 0 1 0 0 0 1 1 0 0 0 0 1 1 1 0 1 
0 1 0 0 0 1 0 1 0 1 0 1 1 0 1 0 1 1 0 1 0 1 1 0 0 0 1 1 1 1 0 1 0 0 1 0 0 1 0 0 1 0 1 0 1 1 0 0 0 1 0 1 0 1 1 0 1 1 1 0 0 0 1 1 0 0 1 0 
0 1 0 1 0 0 1 1 1 0 1 1 1 1 0 1 1 0 0 0 1 1 1 1 1 0 0 0 1 0 0 1 1 1 0 1 1 1 0 0 1 0 1 0 1 0 0 0 0 0 1 1 1 0 0 1 0 1 1 1 1 1 0 0 0 0 0 1 
0 0 1 1 0 1 0 0 1 0 0 1 0 1 0 1 1 0 0 0 1 1 1 0 1 0 1 1 0 1 1 0 1 0 0 0 1 0 0 0 0 0 1 0 0 1 1 1 0 0 1 1 1 1 0 0 1 1 0 1 0 1 0 1 1 0 1 1 
0 1 1 0 0 1 0 0 0 1 1 0 1 1 0 1 0 0 1 1 1 1 0 1 0 0 0 0 0 0 1 0 1 0 0 1 1 0 1 0 0 1 0 1 0 0 0 0 0 0 1 1 1 1 0 0 0 1 0 0 1 1 1 0 1 1 0 1 
0 1 1 0 0 1 1 0 0 0 0 0 0 1 0 1 1 0 1 1 1 1 1 0 0 0 1 0 0 1 1 0 0 0 0 1 1 1 1 1 1 0 0 1 1 0 1 0 0 0 1 0 0 1 0 0 1 1 0 1 0 1 1 1 1 1 0 1 
1 1 0 0 1 0 0 1 0 1 1 1 1 1 1 1 0 1 0 1 1 0 1 1 0 0 0 1 0 0 0 1 0 1 1 1 1 1 0 0 0 0 1 0 1 0 1 1 1 1 0 0 0 1 0 0 0 0 1 0 1 0 1 1 1 0 0 0 
0 1 0 0 1 1 0 0 1 0 1 1 1 1 1 1 1 1 1 1 0 1 1 1 1 0 0 0 0 0 0 0 1 1 1 0 0 1 0 0 1 1 1 1 1 0 0 0 0 0 1 0 1 0 1 0 0 1 0 0 1 0 1 1 1 0 1 0 
1 0 0 1 1 1 0 0 1 0 0 1 0 1 1 1 1 0 1 1 1 1 0 1 0 1 0 1 1 1 1 0 1 1 1 1 0 1 1 0 0 0 1 0 1 1 0 1 1 1 0 1 1 0 0 1 1 0 0 0 1 0 1 1 1 0 0 0 
0 1 0 0 1 1 0 1 0 0 0 0 0 0 1 1 1 1 0 0 1 0 1 0 0 0 1 0 0 1 0 0 1 0 0 0 1 1 1 0 1 1 0 1 0 1 0 1 0 0 1 1 1 0 1 1 0 1 1 1 0 1 1 1 1 0 0 1 
1 1 1 0 1 1 0 1 0 0 0 0 1 1 1 0 0 0 1 0 1 1 1 0 0 1 1 0 1 1 1 0 1 0 0 0 1 0 1 1 1 1 1 0 0 0 0 0 0 1 1 0 0 0 0 1 1 1 1 0 1 0 0 0 0 1 0 1 
1 1 0 0 0 1 0 0 1 0 1 1 0 0 1 0 0 1 1 0 1 0 0 0 0 1 0 0 0 0 1 1 1 1 0 1 0 0 1 1 1 0 1 1 0 0 1 1 0 1 1 1 1 1 1 0 0 1 0 0 1 0 0 0 1 0 1 0 
0 0 1 1 1 0 0 1 1 0 0 1 1 1 0 0 1 1 0 1 0 1 0 1 1 0 1 0 0 0 0 0 0 0 0 1 0 0 1 1 0 1 0 1 1 0 0 0 1 0 1 1 1 1 0 0 1 1 1 1 1 1 0 0 1 0 1 0 
0 0 1 1 0 0 0 1 0 0 1 0 1 0 1 0 0 0 1 1 1 0 1 1 1 1 1 1 1 0 1 1 1 0 0 1 0 1 0 1 1 1 1 0 1 0 1 1 0 0 1 0 0 0 1 1 1 0 0 0 0 1 1 1 0 0 0 0 
1 0 1 0 1 0 1 1 1 0 0 1 0 1 1 0 1 0 1 0 0 0 0 1 1 0 0 1 0 1 0 1 1 1 1 1 0 0 0 1 0 0 0 0 0 0 0 1 0 0 0 1 0 0 0 1 0 0 1 0 1 1 1 1 0 1 0 0 
1 0 1 0 0 0 0 0 0 1 0 0 1 0 1 1 0 1 0 1 0 1 1 1 0 1 0 1 0 0 1 1 0 1 1 1 1 0 1 1 1 1 1 0 1 1 1 0 0 1 1 0 1 0 0 1 1 0 0 1 1 0 1 1 1 0 0 0 
0 0 1 1 1 0 1 1 1 0 1 0 0 0 0 1 0 0 0 0 1 1 1 0 1 0 1 0 1 0 0 1 0 1 1 1 1 0 0 1 1 1 1 1 1 1 0 0 0 0 0 1 1 1 1 0 0 0 0 1 0 0 0 0 1 1 0 1 
0 0 0 1 0 1 0 1 0 0 1 0 0 1 1 0 1 0 0 1 1 1 0 1 1 0 0 1 0 0 0 0 0 0 1 0 1 1 0 1 1 1 0 1 1 1 1 0 0 0 1 1 1 1 0 0 1 0 1 1 0 1 1 1 1 0 1 0 
