55 62 210
21 77 47 15 32 61 44 21 31 68 62 81 32 29 100 26 42 69 26 84 78 93 98 38 33 39 40 23 11 58 42 31 87 41 97 18 53 40 91 83 59 4 15 90 32 67 15 73 87 92 8 64 37 57 54 69 48 93 91 58 2 85 
88 88 25 85 58 77 76 100 11 87 3 77 28 87 43 95 11 29 86 71 45 74 27 98 42 74 42 33 83 43 69 23 83 93 59 92 69 34 91 31 72 45 7 100 83 2 94 46 82 79 16 26 53 42 23 46 68 16 30 50 59 98 
72 93 90 30 84 10 16 26 92 87 70 99 86 5 100 79 50 81 10 65 59 14 58 33 59 25 49 89 75 59 38 46 51 28 28 34 89 43 11 81 29 32 31 15 36 30 45 37 62 6 1 72 19 59 5 30 35 53 70 9 63 7 
7 13 86 86 98 75 28 8 7 8 39 37 74 27 18 19 63 31 24 16 3 95 74 59 24 60 63 45 21 25 51 79 37 89 64 86 15 43 93 21 50 83 9 24 9 26 42 24 8 17 39 10 11 64 68 86 23 82 30 43 6 33 
21 94 21 36 79 35 78 71 7 28 6 15 51 66 92 44 89 99 60 27 61 23 90 28 60 65 62 42 7 67 74 80 61 46 15 39 32 93 62 38 20 19 4 70 84 95 65 73 45 76 51 5 98 93 85 10 57 46 51 63 12 76 
94 24 21 9 15 52 1 28 41 72 46 96 93 81 90 57 5 34 32 56 39 82 100 23 91 56 20 93 70 31 68 64 7 40 24 21 43 76 100 83 47 45 30 39 77 19 47 82 4 78 89 94 11 88 68 53 95 87 45 64 70 64 
79 28 55 2 48 97 77 99 31 75 95 60 13 71 30 59 4 86 89 92 31 99 31 99 4 25 37 48 89 58 64 19 85 18 21 84 15 49 82 97 24 76 57 88 99 38 99 2 23 87 94 54 37 76 4 40 1 40 40 41 50 3 
59 34 72 79 70 38 80 3 35 3 79 43 90 29 80 40 30 3 26 75 8 15 51 11 54 3 2 93 43 51 47 1 37 19 32 58 56 11 60 42 65 90 84 6 18 64 46 100 18 71 26 25 37 76 87 91 30 88 35 72 91 34 
25 79 52 56 36 59 18 95 1 82 37 84 39 6 47 84 5 16 7 31 40 43 58 26 33 88 66 20 11 56 53 35 34 56 42 21 14 11 67 66 44 3 50 83 9 48 66 13 64 72 95 55 15 53 81 99 92 46 18 54 53 70 
41 86 25 34 6 91 45 72 56 88 27 5 22 35 5 88 99 68 59 94 22 25 98 54 24 41 51 93 46 3 63 86 40 39 20 45 29 16 69 37 55 95 93 77 81 97 64 79 16 74 24 90 51 73 43 74 65 46 18 11 48 80 
96 88 71 67 84 51 82 4 87 89 50 80 65 30 28 80 61 44 5 36 85 55 61 79 80 25 24 98 35 72 29 83 11 51 1 46 2 35 50 40 23 51 71 87 33 99 18 93 94 22 80 78 77 40 8 8 17 32 5 3 55 86 
37 17 36 38 62 89 72 63 29 94 14 99 32 46 49 1 90 94 22 69 23 50 61 31 58 77 62 14 31 68 99 68 84 35 5 45 75 28 8 3 73 21 54 56 66 54 56 55 48 77 75 22 27 87 52 36 63 65 49 46 32 100 
13 15 86 17 60 60 96 19 63 68 91 68 23 8 21 78 14 20 6 88 42 84 75 45 19 89 10 68 34 41 67 98 56 52 14 67 63 61 37 25 28 27 92 2 86 65 79 99 84 85 86 77 68 12 22 39 53 31 58 86 23 24 
84 30 27 49 96 89 62 84 66 89 62 9 91 47 25 21 45 9 57 83 37 77 94 58 15 98 40 72 36 63 47 71 92 25 71 40 65 32 75 30 21 37 91 63 83 15 35 80 75 92 62 12 68 7 21 34 5 61 5 40 75 51 
10 18 27 80 57 91 12 32 21 84 20 63 98 2 77 32 81 52 23 94 15 42 1 35 75 5 47 79 96 73 81 57 91 7 88 99 50 99 82 70 34 1 84 83 55 60 15 35 63 89 29 77 31 81 12 57 37 10 88 84 83 20 
40 25 79 27 23 28 78 5 49 63 57 32 46 11 91 60 98 54 100 78 82 30 58 93 39 46 55 26 29 37 45 68 13 23 94 35 2 23 91 50 86 48 81 31 10 24 42 7 77 41 84 10 23 93 55 61 38 9 38 66 97 34 
85 9 9 31 43 10 53 86 60 90 33 40 72 94 63 13 1 91 6 36 1 28 81 55 40 18 15 77 36 11 62 20 71 70 2 65 32 55 50 91 96 34 82 68 28 97 80 28 39 85 15 91 64 95 97 3 65 11 31 100 73 93 
71 43 14 73 8 97 79 9 87 74 43 21 93 70 69 25 49 7 61 15 50 25 10 46 79 74 57 10 25 81 54 95 24 19 19 83 16 49 91 54 75 33 74 67 54 94 91 54 53 52 69 2 28 30 47 6 55 55 15 79 36 20 
25 11 39 96 93 54 44 35 7 18 68 33 85 73 26 27 79 78 78 99 79 57 80 78 63 34 32 29 64 19 49 88 29 87 35 73 40 79 8 46 96 27 78 32 51 56 59 29 33 88 27 64 45 6 93 59 91 24 87 54 95 35 
94 75 21 28 48 12 6 55 10 54 81 39 37 83 94 47 12 79 87 90 94 83 48 86 41 38 61 27 44 55 14 37 30 34 16 77 98 74 83 7 79 15 45 15 97 39 14 60 17 52 50 62 34 49 47 26 38 7 4 81 14 17 
69 43 3 37 71 100 10 5 6 88 71 50 54 67 40 19 27 8 70 28 69 3 76 15 80 65 74 84 46 87 100 66 81 54 2 3 53 63 59 10 50 29 12 56 95 51 74 73 11 96 52 79 50 79 46 30 44 71 13 41 9 64 
6 89 18 60 43 22 22 1 32 24 81 95 79 27 45 4 100 7 51 3 38 1 82 83 30 25 53 42 65 13 57 22 1 74 81 95 96 3 47 79 26 27 73 56 53 69 11 4 76 62 7 13 62 88 47 91 64 51 84 28 63 40 
49 15 66 30 61 13 84 7 91 9 33 15 16 37 83 26 41 10 87 99 74 48 38 72 90 1 74 73 80 88 65 28 2 30 9 62 42 44 20 32 4 4 98 19 41 32 45 33 42 83 31 67 31 20 91 72 20 64 45 99 52 61 
78 5 90 39 67 31 82 38 14 38 42 63 56 82 94 52 66 35 35 48 54 17 67 44 88 86 59 84 36 10 44 65 15 33 55 33 15 37 70 80 26 63 42 81 96 36 33 61 22 19 8 27 35 26 22 22 63 81 58 98 90 1 
15 56 86 69 40 52 57 62 32 82 24 25 63 20 60 47 32 34 65 92 60 99 17 34 72 80 14 29 29 55 82 43 11 67 12 50 70 68 63 1 50 87 78 64 58 89 10 89 22 74 80 34 24 49 67 47 80 32 76 8 86 9 
51 96 27 14 98 96 33 12 49 82 98 26 97 7 14 6 96 88 31 27 21 54 27 39 53 6 70 80 14 7 88 16 3 14 81 52 61 13 63 9 47 13 34 43 19 100 1 66 87 31 45 59 37 71 49 89 77 18 68 42 24 55 
57 78 20 89 81 80 1 96 41 47 60 26 42 30 25 42 96 11 72 40 69 60 62 69 48 90 86 67 31 62 73 39 91 44 27 24 24 28 71 16 26 30 41 67 59 66 60 6 28 32 97 49 43 59 17 91 100 3 9 31 16 82 
69 58 25 48 33 100 27 3 15 52 84 8 71 43 73 30 100 100 13 49 48 56 59 65 98 58 19 6 88 86 39 9 43 64 56 28 15 82 30 82 85 14 89 55 8 61 37 7 12 49 55 12 56 13 76 5 23 46 63 10 83 1 
18 77 16 25 4 31 6 34 12 91 47 52 97 6 64 85 64 75 86 71 86 41 35 13 98 57 10 60 67 92 60 36 69 76 61 72 58 18 57 21 60 55 72 9 60 35 93 24 61 78 46 99 71 80 63 68 37 73 27 55 16 38 
90 84 65 2 8 22 20 64 42 79 19 65 87 78 99 32 53 12 9 98 10 31 78 72 50 66 44 28 20 12 66 61 95 30 63 2 4 34 66 45 12 36 62 51 13 60 82 18 71 42 15 32 25 44 4 74 9 99 2 80 10 67 
41 57 48 55 10 51 88 27 48 51 62 9 53 27 20 86 44 43 28 10 74 4 54 29 77 14 28 30 46 89 48 38 45 96 92 55 98 31 81 45 33 95 5 86 21 25 71 16 67 50 25 92 5 30 21 82 96 100 11 41 40 59 
78 37 6 21 43 3 3 75 100 35 69 4 72 89 28 95 4 46 96 81 38 1 10 10 82 5 9 44 97 48 54 74 36 59 46 78 14 48 53 13 83 21 16 6 62 44 100 17 41 96 97 78 96 7 87 29 63 47 24 60 47 78 
85 82 88 31 60 1 30 12 65 64 84 81 70 45 76 69 62 68 16 58 46 11 16 84 91 79 31 15 90 77 44 74 10 83 56 69 36 86 80 100 49 64 32 70 60 59 39 21 27 54 31 24 17 46 7 59 24 37 25 65 65 68 
39 75 51 46 95 38 83 27 37 84 90 21 53 1 79 43 22 5 49 52 28 65 97 87 75 73 75 100 89 40 67 79 66 69 25 60 58 7 86 95 90 27 15 95 28 45 37 1 2 85 4 81 1 52 67 76 76 42 75 65 33 93 
43 98 14 19 9 71 26 95 17 67 73 83 13 100 80 50 52 81 86 55 61 87 7 80 14 82 73 40 46 5 84 41 54 97 59 62 20 84 8 88 3 81 23 67 32 2 16 84 82 54 90 94 92 96 25 5 30 97 44 75 1 79 
15 6 28 74 68 47 9 75 86 63 7 8 30 39 9 97 74 42 50 63 36 41 11 12 97 40 9 40 66 61 71 33 67 98 58 34 96 66 60 81 81 19 89 62 57 49 58 82 91 60 96 78 100 6 41 97 97 49 88 63 10 58 
95 76 55 52 61 50 69 20 83 1 38 23 62 46 71 72 79 13 31 75 42 30 32 83 78 81 83 18 95 92 75 89 67 82 92 79 83 12 99 17 65 88 39 26 86 62 97 64 26 79 90 20 61 22 2 38 54 84 7 48 28 82 
88 46 15 79 25 49 42 23 18 6 62 56 84 47 69 32 11 95 11 100 14 23 73 67 60 26 2 67 73 29 100 60 75 66 90 99 66 84 73 83 41 86 91 24 33 59 8 95 53 70 94 18 92 19 84 3 44 86 21 69 66 72 
28 40 37 70 90 55 53 14 89 93 100 79 69 84 38 76 78 42 97 71 60 88 89 43 90 85 80 63 53 46 34 32 37 23 1 27 77 5 92 65 50 91 44 18 74 33 45 51 74 93 74 33 80 14 28 21 50 7 83 2 4 17 
86 41 91 38 19 67 43 10 83 44 53 78 61 26 10 57 29 84 49 54 68 80 67 95 52 17 54 35 70 9 3 55 49 93 45 67 11 87 77 93 30 29 71 42 6 80 50 86 15 50 39 35 29 58 81 80 26 34 66 95 43 68 
2 43 12 98 10 22 84 38 15 65 66 37 58 23 68 59 9 35 8 47 69 88 56 49 19 81 35 85 28 29 4 81 71 16 78 80 89 13 69 55 29 86 91 86 9 11 44 17 45 3 15 13 90 71 61 8 3 47 44 82 75 48 
62 46 15 91 77 55 3 46 10 31 31 52 68 39 62 63 7 6 65 74 18 6 96 31 14 98 77 9 80 52 8 93 49 22 84 25 77 86 22 38 69 5 89 88 95 51 51 2 8 67 27 78 73 22 60 38 71 36 46 50 39 54 
95 39 27 78 64 55 15 37 92 83 41 33 23 36 83 73 89 42 91 15 19 63 36 78 52 6 66 50 8 56 3 2 95 81 31 10 36 45 46 79 80 39 11 2 74 45 26 14 87 68 80 57 83 15 87 34 72 52 83 31 59 37 
84 53 70 66 62 5 63 60 35 42 98 98 95 23 42 72 36 80 39 67 89 21 33 75 7 4 78 41 87 36 78 22 89 99 88 2 55 2 61 89 43 10 86 89 32 80 12 19 11 2 85 99 75 17 25 81 73 2 73 11 38 2 
84 78 100 71 79 54 72 40 43 66 1 80 6 33 11 69 3 22 71 88 72 97 56 97 29 28 98 1 90 87 3 74 64 2 96 95 8 20 86 2 85 86 81 43 18 44 11 21 65 33 60 88 29 15 84 57 95 82 10 84 20 12 
9 84 65 5 78 72 24 63 73 60 100 6 2 18 1 65 90 17 97 49 4 78 15 88 86 9 21 95 45 40 6 53 23 23 57 52 46 32 66 19 92 66 76 45 35 28 9 24 44 58 24 47 35 90 34 20 51 54 15 95 94 72 
99 68 46 8 72 92 39 89 62 82 6 89 27 40 16 35 15 59 44 90 5 78 80 39 50 30 92 16 76 37 39 74 57 85 33 28 76 24 16 37 5 22 25 31 13 40 18 28 98 13 17 2 91 96 92 92 77 36 7 52 72 45 
26 28 81 10 7 56 33 23 44 38 96 68 20 8 59 89 87 8 2 56 10 44 3 53 87 80 88 93 31 60 89 8 39 70 18 46 25 2 20 69 91 15 88 63 74 47 51 13 6 4 68 15 99 70 20 85 49 7 29 80 66 18 
39 57 39 8 2 15 10 21 35 100 87 23 62 12 21 65 24 26 68 91 93 19 61 12 3 9 18 32 40 36 1 79 92 39 86 45 53 47 17 88 47 3 62 8 66 82 24 90 59 44 80 51 62 92 14 16 53 84 47 92 19 99 
22 62 37 60 58 42 58 74 29 4 28 90 64 93 23 87 82 33 30 14 36 43 5 49 59 57 84 57 1 2 56 74 15 44 85 72 37 43 97 65 98 24 6 61 17 80 100 50 13 81 63 48 24 68 48 34 76 32 90 28 85 97 
2 52 93 86 75 29 80 72 46 78 95 51 90 63 83 89 13 47 22 75 94 45 94 93 78 70 24 19 49 61 68 50 12 60 88 38 88 19 9 33 96 56 36 86 18 70 26 82 16 47 57 61 43 2 53 72 23 29 43 72 41 10 
73 52 69 60 41 8 79 50 93 26 5 80 63 74 49 41 56 64 87 64 76 82 65 28 53 40 8 95 11 48 56 83 51 24 95 92 84 25 93 76 2 49 55 65 22 55 5 29 70 43 44 45 24 61 24 29 100 32 75 62 31 31 
44 34 54 90 25 89 66 17 64 68 65 70 32 38 76 88 19 45 30 62 89 6 22 65 34 21 96 8 82 78 38 78 11 44 19 87 32 85 55 48 52 71 69 83 9 45 22 27 89 51 40 30 56 62 94 89 34 41 49 16 70 86 
45 81 81 15 67 13 99 22 60 50 92 28 84 52 72 5 30 13 8 70 94 63 31 87 4 64 79 4 31 48 89 27 80 70 42 47 34 40 20 93 42 63 72 77 15 96 34 44 60 41 13 53 55 95 91 10 11 69 13 41 68 54 
68 48 75 61 46 8 52 17 52 93 79 75 22 93 70 55 89 29 47 53 33 53 48 23 63 58 43 27 50 11 80 69 10 54 29 7 13 81 23 16 25 1 91 98 46 12 4 34 93 50 86 25 3 85 48 17 94 90 43 44 52 23 
1 0 1 0 0 0 0 0 1 0 1 1 0 0 1 1 1 1 1 0 1 1 1 0 1 0 0 1 1 1 1 1 0 1 1 0 1 1 1 0 1 0 0 1 0 1 1 1 0 0 1 1 1 0 0 0 1 0 1 0 1 1 
1 1 0 0 0 1 1 1 1 1 1 1 0 1 0 1 0 0 1 1 0 0 0 0 0 1 0 0 1 1 1 1 1 1 1 1 0 1 0 1 0 1 1 0 0 1 0 0 0 1 1 0 0 1 0 0 0 0 0 0 1 1 
1 0 0 0 1 0 1 1 0 1 0 1 0 0 0 0 0 0 1 0 0 1 1 0 0 0 0 0 0 0 0 1 0 0 1 0 1 1 1 1 0 0 0 0 0 0 0 1 1 0 1 1 1 0 0 1 0 0 0 0 0 0 
1 1 0 1 1 1 0 0 0 0 0 0 1 1 1 1 0 0 1 1 1 1 1 1 0 0 0 0 0 0 0 0 1 1 1 0 0 1 1 1 1 1 1 0 0 0 0 0 0 1 1 0 0 1 1 1 1 1 1 1 0 0 
1 1 1 0 0 1 1 1 0 1 0 0 1 1 0 1 1 1 1 1 1 1 0 0 0 1 0 0 0 0 0 0 1 1 0 1 0 0 0 1 1 1 1 0 0 1 0 1 0 1 0 1 0 0 0 1 1 0 1 0 0 1 
0 1 0 0 1 0 0 1 1 1 0 0 0 0 0 0 0 0 1 0 0 1 1 0 0 0 0 1 0 0 0 0 1 0 1 0 1 1 0 0 1 0 1 1 1 1 1 1 1 0 1 1 1 0 1 0 1 1 1 1 1 0 
0 1 0 1 1 1 0 1 0 1 0 1 0 1 0 1 0 1 1 1 1 1 0 0 1 1 0 0 0 1 0 0 0 1 1 0 0 0 1 0 1 1 1 0 0 1 1 0 1 1 0 0 0 0 0 1 1 0 1 1 0 0 
0 0 1 1 0 1 1 0 0 1 1 1 1 0 1 0 0 0 1 0 0 1 0 0 0 1 1 0 1 1 0 1 1 1 0 0 0 0 0 0 1 1 0 0 1 1 0 0 1 0 0 1 1 1 1 0 0 0 0 1 1 0 
0 1 1 1 1 1 1 1 0 0 0 0 0 0 1 0 0 0 0 0 1 0 1 0 0 0 1 0 1 0 0 0 1 1 1 0 0 0 1 0 0 0 0 0 0 1 0 0 1 1 0 0 1 0 1 1 0 0 1 1 0 1 
1 0 0 0 0 0 0 0 1 0 0 1 0 0 1 1 0 0 0 0 1 1 0 0 0 0 0 1 0 0 0 1 0 0 0 1 0 0 1 1 1 1 1 1 1 0 0 1 0 0 1 1 1 0 1 1 0 1 0 0 0 0 
0 0 0 0 1 1 0 0 0 1 1 1 1 0 1 1 1 0 0 1 1 1 1 1 1 1 0 1 0 0 0 0 1 0 0 0 1 0 1 0 0 0 1 1 1 1 0 0 1 0 1 0 0 0 1 1 0 0 0 0 0 0 
0 1 1 0 0 0 0 1 0 0 1 0 1 0 1 0 1 0 0 0 0 0 1 0 1 1 0 0 1 0 0 1 0 1 1 0 0 1 1 0 0 0 0 1 1 1 1 0 1 0 0 0 0 1 0 0 0 0 0 1 0 0 
0 0 0 1 0 0 1 1 0 1 0 1 0 1 0 0 1 0 0 1 0 0 1 0 0 1 0 0 1 0 1 1 1 1 1 1 1 0 1 1 1 1 0 1 0 1 1 1 1 1 0 1 0 1 1 0 1 1 1 0 1 0 
1 0 1 0 0 0 0 1 1 1 0 0 1 0 1 0 1 0 0 1 1 0 1 0 0 0 1 1 0 0 1 1 1 0 0 1 0 0 0 0 0 0 0 1 0 1 1 1 1 1 0 0 1 1 0 0 1 1 1 1 1 1 
1 0 1 1 1 0 1 1 0 1 1 0 0 1 1 0 0 0 1 1 0 1 0 0 1 0 1 0 1 0 1 0 1 1 1 0 1 1 0 1 0 1 1 1 1 0 1 1 0 0 0 0 1 1 0 0 1 1 1 0 1 0 
1 0 1 0 1 0 1 1 1 0 0 0 1 1 0 0 1 0 0 1 0 0 0 0 0 1 1 1 0 1 0 1 1 1 1 0 0 1 1 1 1 0 0 0 1 0 0 0 1 0 0 1 0 0 0 1 0 1 0 0 0 0 
1 0 0 0 0 0 1 0 1 0 0 1 0 1 0 0 0 1 1 0 0 1 0 0 0 0 0 1 0 0 1 1 0 1 0 1 1 1 1 1 0 1 0 0 0 0 1 0 1 0 0 0 1 1 0 0 1 0 1 0 1 0 
1 1 0 1 0 1 1 1 0 1 0 1 1 1 1 0 1 1 0 0 1 0 1 1 0 0 0 1 0 1 1 0 0 1 1 1 1 0 0 1 1 1 0 1 0 0 1 1 1 0 1 0 0 0 1 0 1 1 1 1 0 0 
1 1 0 1 0 1 1 0 0 1 1 1 0 1 1 1 1 0 1 0 0 1 1 1 1 0 1 0 1 1 1 1 0 1 0 0 0 1 1 0 0 0 1 0 0 0 0 1 0 1 1 0 1 0 0 0 0 1 1 0 0 0 
1 1 1 1 1 1 0 0 1 1 1 1 1 1 1 1 0 0 1 1 0 0 0 0 0 0 1 1 0 0 1 1 1 0 0 0 1 1 1 1 0 0 0 1 1 1 1 1 1 0 0 0 0 0 0 0 1 0 0 1 0 1 
1 1 0 1 1 1 0 0 0 0 0 0 0 1 0 1 0 1 1 1 1 1 1 0 1 0 0 1 0 0 1 1 1 1 0 0 0 1 1 1 1 1 1 1 1 1 0 1 1 1 0 0 0 0 0 0 0 0 1 0 0 0 
1 1 1 0 0 0 1 1 1 0 0 0 0 1 0 0 1 1 0 1 1 0 1 0 0 0 0 0 0 1 0 0 0 0 0 0 0 1 1 1 1 0 1 1 1 1 0 0 0 0 0 0 0 1 0 1 1 0 1 0 1 1 
0 0 1 0 0 1 1 0 0 0 0 0 0 1 1 0 0 0 0 0 0 0 1 0 1 1 0 0 1 0 0 1 0 1 1 0 1 0 0 1 0 0 1 0 0 1 0 0 1 0 0 1 1 1 1 0 0 1 1 1 1 1 
0 1 0 1 0 1 1 0 1 0 1 0 0 1 1 1 1 0 1 1 1 0 0 0 1 1 0 0 0 1 1 1 1 1 0 1 1 0 1 0 0 0 0 0 1 0 1 0 0 1 1 0 1 0 0 0 1 0 0 1 0 1 
0 1 1 1 0 0 1 1 0 1 0 0 1 1 0 1 0 1 0 1 1 1 1 1 0 0 0 0 0 0 0 0 1 1 1 1 1 0 0 1 1 0 1 1 0 0 0 0 1 0 1 0 1 1 1 1 1 1 0 1 1 0 
0 0 1 1 1 0 0 0 1 1 0 0 0 0 0 0 0 1 0 0 1 0 1 1 1 0 0 1 0 0 1 0 0 0 1 0 0 1 0 1 1 0 0 1 1 0 0 1 0 0 1 1 0 0 0 0 1 1 1 1 1 1 
1 1 1 0 1 0 0 1 1 1 0 1 0 1 0 0 0 0 1 0 1 1 0 0 1 1 1 1 0 0 0 1 1 1 0 1 1 0 0 1 1 0 0 1 1 0 0 0 0 1 0 0 0 0 0 0 0 1 1 0 1 1 
0 0 0 0 1 0 0 0 1 1 0 1 0 0 0 0 0 0 1 0 0 0 0 0 0 0 1 1 1 0 0 1 1 0 1 0 0 1 0 1 0 1 1 0 1 1 1 1 1 0 1 0 0 1 0 0 0 0 1 1 0 1 
0 1 0 1 0 0 0 0 0 0 1 1 0 0 0 1 1 1 0 0 1 0 0 0 1 0 0 0 1 0 0 1 0 0 0 0 0 0 0 0 0 0 1 0 0 1 0 0 1 0 0 0 0 0 0 1 0 0 0 1 1 0 
0 1 0 0 1 0 0 1 1 0 1 0 1 0 0 1 0 1 1 0 1 1 1 0 1 1 0 1 1 1 1 1 0 1 0 1 1 0 1 0 1 0 1 0 0 1 1 0 0 0 1 1 1 0 1 0 1 0 1 0 1 0 
0 0 1 0 1 1 0 0 1 1 1 0 1 1 1 0 0 1 0 1 1 0 1 0 0 0 0 0 1 0 0 1 0 0 1 1 1 1 0 0 1 1 1 0 0 0 1 0 0 1 1 1 1 0 1 0 1 0 0 0 0 0 
1 0 0 0 1 1 1 1 0 0 0 1 1 1 1 0 1 1 1 1 0 1 1 0 1 0 0 1 0 0 1 1 0 0 1 1 1 1 1 1 1 1 0 0 0 0 0 0 1 0 1 0 1 0 0 0 1 0 1 1 0 0 
1 0 0 0 1 0 1 0 1 1 0 0 1 0 0 0 0 1 0 1 1 1 0 1 1 1 1 0 0 1 0 1 1 1 0 1 1 1 1 0 0 1 0 0 0 0 0 0 0 0 0 1 1 0 1 0 1 0 0 1 0 0 
1 1 1 1 0 0 0 0 1 1 1 1 1 1 0 1 0 0 1 0 1 0 0 0 0 1 1 0 0 1 0 1 0 0 0 1 0 1 1 1 0 0 1 1 0 1 0 0 1 1 0 0 1 0 1 1 1 0 1 1 1 1 
1 1 1 1 0 0 0 1 1 0 0 0 1 0 1 1 0 0 0 0 1 1 0 0 0 1 0 1 0 1 1 1 0 0 1 1 0 1 0 0 0 0 0 1 0 0 1 0 0 1 0 1 1 0 1 1 1 1 1 0 0 0 
1 1 0 0 0 1 0 0 1 0 1 1 1 1 1 0 0 0 0 0 1 1 1 1 0 0 0 1 0 1 1 0 0 0 0 0 1 0 0 0 0 1 1 0 1 1 0 1 1 0 1 0 1 0 1 0 1 0 1 1 1 1 
1 1 1 0 1 0 0 1 0 1 1 1 1 0 0 1 1 1 0 0 0 1 1 1 1 0 1 1 1 0 0 1 1 1 1 0 1 1 0 1 0 1 0 1 1 1 1 0 0 1 0 0 0 1 0 0 1 1 1 1 0 1 
0 1 0 1 0 1 0 0 0 1 1 0 0 0 1 1 0 0 0 0 0 1 0 0 1 1 0 0 0 0 1 0 1 1 1 1 0 0 1 0 1 0 0 1 0 0 1 0 0 1 1 0 0 1 1 1 0 1 1 1 1 0 
1 0 1 1 0 1 1 1 1 0 0 0 1 0 0 0 1 0 0 0 0 0 1 1 0 1 0 1 0 1 0 0 0 1 1 0 1 0 1 0 0 1 0 1 0 0 0 1 0 0 1 1 0 0 0 0 1 1 0 0 0 0 
0 0 1 1 0 0 1 0 1 1 1 1 0 1 0 0 0 0 0 1 1 1 1 0 1 1 1 1 1 1 1 1 0 1 0 0 1 1 0 0 0 0 0 0 1 0 1 0 0 1 1 0 0 1 0 0 0 1 1 1 0 1 
0 0 0 0 1 1 1 1 0 1 1 0 1 1 0 0 1 0 0 0 0 0 1 0 0 1 1 0 0 0 1 0 0 1 0 1 0 1 1 0 0 0 0 0 1 0 0 0 1 0 1 1 1 0 0 1 0 1 1 0 1 0 
1 0 1 1 1 0 1 0 0 1 1 1 1 0 1 0 1 0 0 0 0 1 0 0 1 0 1 0 1 1 1 0 1 0 1 0 0 0 1 1 0 0 0 1 0 1 1 1 0 0 1 0 1 0 0 0 0 1 1 1 0 0 
1 1 0 1 0 1 1 1 0 1 1 0 1 1 1 0 1 1 0 0 1 0 0 1 0 1 1 1 0 1 1 0 1 0 1 1 1 0 0 1 0 1 1 1 0 0 1 1 0 0 0 1 0 0 1 0 1 0 0 0 1 1 
0 0 1 1 1 0 1 1 1 1 0 0 0 1 1 0 0 1 0 0 0 0 1 1 0 0 1 0 0 1 0 0 1 1 1 1 0 1 0 1 0 1 0 1 0 1 1 0 0 1 1 0 1 0 0 1 0 1 0 1 0 0 
1 0 1 1 1 1 0 1 1 0 0 1 1 0 0 0 1 0 1 0 0 0 0 0 0 0 0 0 1 0 0 1 0 1 0 1 1 0 1 0 0 1 1 0 0 1 0 1 1 0 1 1 0 1 0 0 1 0 0 1 0 0 
0 1 0 0 0 1 0 1 1 0 1 0 0 1 1 1 0 0 1 1 1 1 0 1 0 1 1 0 0 0 1 0 1 1 0 1 0 0 1 1 1 0 1 1 1 0 0 1 0 1 0 1 1 0 1 1 1 0 1 0 0 0 
0 1 1 1 1 1 1 0 0 0 0 1 0 1 1 0 0 1 0 0 1 1 0 0 0 1 0 1 1 1 0 0 0 1 1 1 1 0 1 1 1 1 1 1 0 0 1 0 0 1 0 1 0 0 1 0 0 1 0 1 0 0 
1 1 1 0 0 0 1 0 0 0 1 1 1 0 1 0 0 1 0 1 0 0 1 1 1 1 1 1 1 1 1 0 0 0 1 1 1 0 1 1 0 0 0 1 0 1 1 1 1 1 0 1 0 1 1 1 1 0 0 0 1 1 
0 0 1 1 1 0 1 0 1 1 0 1 0 1 1 0 0 0 1 0 1 1 1 0 0 0 0 0 0 0 1 1 0 1 0 1 1 0 1 1 1 1 0 0 0 1 0 0 1 1 0 1 1 0 1 1 0 0 0 1 0 1 
0 0 0 0 1 0 0 0 1 0 1 1 0 0 1 0 0 0 1 1 1 0 1 1 0 1 1 0 0 1 1 0 1 0 1 0 0 1 0 1 1 1 0 1 1 1 1 0 0 1 1 1 1 0 0 1 1 1 1 0 0 1 
0 1 1 1 1 1 1 1 0 0 1 0 0 0 0 1 0 0 0 1 1 0 1 0 1 1 1 1 1 0 0 1 1 1 1 1 0 0 0 0 0 1 0 0 0 0 0 0 0 0 0 0 0 1 0 0 0 1 1 1 1 1 
1 1 0 0 0 0 0 0 0 0 0 0 1 0 1 1 0 1 1 0 1 0 0 1 0 0 1 1 0 0 0 1 1 0 1 1 0 1 0 0 1 0 0 0 0 1 1 0 1 1 1 0 1 1 0 1 1 1 0 1 1 0 
0 1 0 1 0 0 0 0 0 0 0 0 0 0 0 0 1 1 1 0 1 0 1 1 1 0 0 1 0 0 1 0 1 1 0 1 1 0 0 1 0 0 1 1 1 1 1 0 0 0 0 0 0 1 1 1 1 0 0 1 0 1 
0 1 0 0 0 1 0 0 0 1 1 1 0 0 1 1 0 1 1 0 1 1 1 1 0 0 1 0 0 1 1 0 0 1 0 0 0 0 1 0 1 0 1 1 0 0 0 0 0 1 0 1 0 1 0 0 1 1 0 1 0 1 
1 0 0 1 1 0 0 0 0 1 0 0 1 0 0 1 0 0 1 0 0 1 1 0 0 0 0 0 0 0 0 1 1 0 1 0 1 1 0 1 0 0 1 1 0 0 1 0 0 0 0 0 1 1 1 1 1 1 0 1 1 0 
