64 51 3121
36 84 90 99 64 11 40 51 50 23 94 27 88 94 76 90 3 54 56 21 45 22 26 29 72 6 40 28 72 42 41 7 77 82 5 93 44 44 43 93 18 88 20 5 81 47 94 83 1 2 56 
97 75 81 25 99 86 65 26 9 58 18 15 86 99 71 78 95 67 72 87 36 59 58 41 92 5 86 74 57 39 29 5 14 61 30 64 99 46 89 7 55 59 22 40 57 44 18 51 62 89 90 
98 48 99 90 91 55 75 64 11 66 45 16 31 5 97 94 3 42 34 10 96 92 83 35 1 78 4 3 40 93 92 37 92 91 26 82 45 52 97 8 17 41 75 47 98 71 92 100 64 26 61 
11 17 43 97 17 21 1 20 12 93 63 48 36 5 25 69 2 28 65 61 97 58 35 43 55 5 35 54 20 12 15 30 28 9 26 97 81 78 68 92 22 30 91 57 87 67 25 88 95 42 48 
91 99 82 85 53 38 71 58 57 82 24 38 62 85 15 58 65 93 25 57 14 6 99 23 92 66 99 31 12 40 78 2 38 11 38 42 100 9 100 8 42 75 45 3 59 12 12 24 4 88 32 
69 46 30 91 37 47 90 20 58 81 97 11 19 60 49 12 59 9 63 67 50 38 63 5 48 74 68 23 29 8 6 50 53 88 40 41 34 81 60 92 62 9 2 32 68 2 43 78 10 6 96 
12 95 11 16 42 36 35 65 65 42 70 14 46 57 5 87 43 38 98 86 99 6 39 30 25 41 24 55 2 29 50 13 23 60 80 17 96 15 33 12 8 54 77 54 63 33 40 5 70 37 90 
68 95 80 49 19 20 73 25 22 53 75 34 28 86 66 44 33 80 28 44 87 81 72 40 43 5 31 99 74 68 40 94 14 20 42 84 39 66 9 12 19 83 98 46 20 63 41 53 42 68 48 
80 100 20 72 43 24 2 93 49 21 33 42 34 4 84 18 94 49 26 6 19 60 55 16 79 17 56 83 10 75 31 41 75 50 12 69 25 14 13 73 34 45 15 20 48 50 89 42 50 66 99 
69 25 53 84 55 21 92 90 30 66 20 70 92 21 82 12 45 47 25 17 32 21 83 51 21 32 91 62 82 56 12 2 32 16 85 39 36 28 28 17 46 47 86 37 67 19 1 63 17 25 79 
49 45 14 51 17 45 42 30 78 49 41 79 81 56 16 19 43 43 46 59 88 44 45 25 10 15 77 72 32 1 2 32 97 15 82 14 12 75 43 89 24 36 68 4 43 83 22 86 77 19 44 
65 62 40 41 23 7 17 94 38 69 47 69 65 62 2 30 25 77 25 13 100 12 32 55 54 66 28 39 43 46 35 7 59 74 47 81 80 63 26 69 31 72 89 47 33 91 29 57 19 5 22 
18 16 53 24 69 71 51 60 13 48 94 19 6 19 17 86 99 31 11 19 13 34 8 59 19 98 39 75 16 43 48 85 58 53 8 79 23 10 38 87 57 31 5 62 49 73 99 99 3 61 18 
67 94 25 77 12 74 16 39 41 58 86 25 68 90 84 46 12 45 83 98 1 65 54 14 13 78 64 12 32 24 81 98 17 5 75 81 30 42 19 70 51 56 46 18 98 81 15 61 25 49 11 
25 13 16 90 26 94 53 89 25 76 69 75 44 25 49 76 54 42 46 23 92 54 68 62 51 100 76 11 24 25 21 100 37 37 89 14 82 41 54 6 68 74 32 11 98 32 39 51 73 84 25 
65 37 44 26 87 43 53 50 66 29 70 65 66 58 5 31 39 45 85 97 64 10 28 75 8 60 65 10 84 48 35 48 85 30 25 23 73 30 72 90 58 42 7 75 51 11 58 90 8 94 38 
71 3 65 97 10 76 61 20 60 9 6 59 45 35 36 67 59 65 39 1 74 32 7 1 82 69 58 23 28 51 60 99 53 77 47 15 52 60 86 63 20 43 74 64 29 9 82 88 25 72 88 
50 3 46 50 37 66 7 11 94 9 23 44 14 99 42 28 2 1 65 17 20 7 90 35 35 98 17 74 74 40 13 23 95 10 73 31 76 31 93 21 92 15 64 5 65 5 84 67 58 48 83 
29 6 24 64 92 21 32 66 46 71 30 68 65 40 92 47 67 75 40 87 66 6 2 22 71 58 5 89 15 4 23 44 9 46 59 52 18 42 69 63 12 99 82 29 90 26 75 56 52 66 94 
69 72 95 90 94 4 46 82 71 49 4 66 9 1 24 60 18 65 29 32 28 79 65 56 68 42 83 75 45 48 68 13 19 14 54 12 17 99 45 39 99 100 4 7 100 79 19 69 95 99 52 
23 29 69 30 96 10 12 22 55 60 89 67 30 2 21 94 70 71 90 9 70 90 12 28 41 43 98 10 37 48 13 11 76 81 41 23 91 52 44 97 63 84 15 45 85 87 90 7 58 79 15 
79 20 78 6 61 20 56 22 9 3 34 19 31 15 59 5 57 63 49 53 77 32 67 21 69 54 62 27 63 93 93 41 12 70 98 24 42 53 45 2 8 79 20 90 93 31 94 49 93 94 53 
21 78 19 42 98 24 55 24 86 47 16 78 11 37 76 34 30 80 79 31 39 57 51 28 1 81 22 1 25 67 53 45 44 23 38 93 47 93 16 32 91 83 62 1 20 37 35 49 16 13 80 
7 21 82 34 21 14 7 73 38 74 25 34 69 47 24 62 93 68 29 77 58 12 38 59 83 26 45 31 93 57 62 99 29 43 33 49 8 91 73 97 16 97 31 85 95 6 98 40 73 26 68 
30 89 57 40 71 82 84 54 26 92 15 25 20 10 9 20 17 99 92 66 15 40 48 51 35 53 48 74 25 25 41 6 66 49 46 36 30 29 89 55 21 56 31 40 65 39 60 33 90 3 50 
4 43 97 6 77 49 5 2 25 29 94 31 94 42 76 82 23 56 70 77 76 77 60 68 93 98 79 78 39 81 27 94 75 24 99 51 24 3 52 1 84 97 31 77 38 58 10 60 13 32 89 
41 8 48 60 1 97 90 78 88 70 56 81 45 31 80 47 7 34 51 7 17 47 89 46 37 46 55 48 10 86 36 2 46 35 61 46 84 50 75 23 72 82 3 68 13 34 66 19 20 16 77 
36 15 65 33 51 62 40 50 71 77 38 25 22 24 85 19 7 87 45 81 10 27 84 77 39 69 42 57 88 10 33 76 24 49 60 26 10 99 75 32 76 12 56 49 36 93 68 94 31 12 75 
40 38 10 68 28 78 61 36 18 70 20 93 45 68 52 22 77 3 49 61 78 60 16 78 47 8 45 93 38 9 19 29 46 28 96 26 57 9 61 26 78 81 18 75 48 22 96 77 24 96 37 
53 56 4 30 54 12 27 46 1 35 16 82 32 43 29 57 52 37 18 77 67 50 47 41 97 68 88 73 43 84 61 47 91 65 28 44 28 54 42 80 40 57 61 24 52 90 80 55 26 49 31 
92 98 29 84 47 96 24 71 90 7 32 36 49 48 16 44 75 69 37 6 9 94 67 32 97 8 63 51 33 64 33 77 13 62 12 59 9 35 82 99 93 65 86 41 12 1 85 38 22 21 43 
82 66 9 65 14 68 79 16 1 42 49 29 55 62 40 65 70 27 46 20 19 62 58 60 73 10 96 62 31 16 5 64 34 65 28 47 33 7 63 85 100 63 65 6 24 56 23 93 82 20 65 
1 82 22 12 6 31 7 68 14 74 72 77 7 88 57 6 20 15 68 56 14 82 20 72 5 76 94 49 9 13 13 9 94 86 20 100 69 26 19 34 100 42 62 58 29 18 63 1 84 82 8 
98 63 28 21 67 55 14 68 63 78 32 24 72 18 43 23 38 21 93 71 72 34 32 29 62 2 92 14 85 73 22 34 88 49 54 54 55 67 73 69 97 5 92 68 22 35 42 11 7 34 81 
78 67 64 6 80 65 49 94 50 22 15 35 9 15 89 14 21 7 87 89 3 91 81 22 64 67 15 74 73 48 6 50 66 69 7 98 34 56 43 35 29 9 21 89 23 9 2 95 68 40 83 
70 82 15 44 97 81 58 70 5 58 27 6 75 96 13 72 81 20 66 67 48 74 87 36 48 48 89 42 15 81 25 84 62 39 79 59 72 37 80 28 94 59 34 68 54 98 92 86 69 57 52 
16 31 90 3 78 37 43 72 51 23 96 87 37 86 65 47 9 53 78 37 98 36 22 18 89 19 9 26 87 17 29 54 99 19 8 29 7 50 100 10 25 47 96 13 84 12 59 93 65 36 81 
62 72 2 31 12 72 39 90 10 8 18 15 58 36 22 86 95 23 37 4 99 83 99 11 19 62 21 11 78 57 43 92 80 44 22 43 67 13 32 76 20 50 90 77 37 63 15 31 85 3 34 
36 86 84 46 56 98 67 66 75 75 60 18 6 3 92 48 69 4 80 96 75 81 37 3 69 99 69 100 35 72 85 70 57 21 68 64 70 86 81 96 12 40 14 17 42 5 64 62 60 95 9 
34 27 45 88 96 95 57 47 29 28 83 51 36 3 70 99 72 7 79 68 18 18 33 34 11 89 49 24 48 44 32 33 22 28 20 69 22 76 15 2 3 50 4 38 4 73 36 28 79 66 47 
48 83 79 81 45 67 30 68 66 25 99 98 98 78 17 67 99 93 81 53 47 82 56 37 86 81 24 13 11 90 59 59 72 37 91 17 55 20 36 20 96 87 69 94 64 85 60 15 29 92 19 
76 74 74 12 11 6 35 23 69 76 81 79 100 69 69 68 23 41 3 94 88 89 62 33 5 98 92 19 27 36 37 54 61 62 17 71 20 3 93 40 79 25 18 78 93 38 45 67 30 99 12 
18 88 73 50 44 22 94 62 48 29 50 53 41 63 69 63 34 24 55 73 2 31 90 31 23 80 27 89 9 25 52 26 64 24 76 7 45 21 20 45 1 21 49 41 36 18 3 69 93 9 42 
94 39 83 76 13 62 2 1 23 78 52 48 94 27 75 52 23 95 24 19 95 96 68 87 31 37 89 52 29 49 45 74 87 27 1 99 41 54 51 63 31 54 62 76 32 89 80 7 83 3 25 
30 50 44 16 81 32 57 84 12 5 28 85 44 6 37 94 98 90 45 12 73 50 74 48 34 62 79 40 96 81 16 25 83 60 93 63 43 49 98 55 5 25 91 48 30 28 42 28 69 38 91 
41 87 16 41 20 77 19 11 25 52 27 49 34 38 93 48 80 41 45 86 46 69 77 93 50 56 86 29 24 23 20 65 62 35 57 33 64 27 44 40 78 22 88 63 59 81 10 90 73 6 76 
18 26 52 63 76 59 100 56 82 23 27 98 36 14 54 68 29 81 63 68 10 84 7 73 42 39 34 32 12 92 7 81 17 10 95 44 68 95 52 1 69 78 99 4 43 4 23 71 36 86 38 
46 69 45 70 63 83 55 46 46 46 4 27 15 13 21 10 32 67 61 32 35 91 82 38 33 86 61 4 21 46 93 18 66 37 39 80 72 94 25 17 91 28 95 57 92 68 67 23 34 27 7 
69 69 88 58 2 73 70 57 46 67 49 63 33 38 54 12 9 47 89 77 89 16 72 46 8 91 64 82 24 42 88 44 11 76 54 12 100 23 20 45 42 68 60 26 5 13 89 65 11 77 42 
99 93 65 96 52 55 59 33 30 1 21 26 11 96 31 74 95 5 93 92 46 12 51 71 69 15 60 33 25 88 26 75 32 90 71 83 96 81 16 78 81 88 55 43 35 85 68 81 89 12 72 
87 24 74 9 92 88 20 76 12 8 2 39 39 43 61 74 39 41 41 68 74 28 22 16 62 58 36 42 98 47 14 84 22 39 45 13 27 64 41 90 23 42 28 14 36 88 87 74 81 27 93 
54 6 14 21 67 23 56 60 21 55 73 4 76 12 100 41 90 64 81 79 38 74 59 51 9 98 37 35 78 15 27 83 20 93 4 38 15 11 98 35 65 22 91 93 85 42 33 74 5 65 5 
95 38 15 45 46 12 34 32 42 100 59 24 20 3 79 57 69 90 6 56 6 28 46 98 12 39 30 38 44 94 42 38 83 8 34 81 19 67 12 12 67 22 36 38 24 14 46 93 55 52 48 
61 31 45 10 42 83 92 31 78 85 72 67 20 79 1 100 50 19 11 61 37 33 48 74 56 14 72 100 68 75 47 80 5 43 90 98 26 81 29 55 17 52 22 88 31 22 87 32 92 98 44 
29 82 92 54 89 5 77 89 24 51 87 56 55 30 97 53 7 77 81 61 45 32 82 33 14 55 71 97 99 68 41 27 1 84 32 90 88 9 30 63 59 16 18 66 97 14 18 55 42 50 68 
39 33 1 23 99 56 93 47 6 13 87 84 13 22 15 2 9 75 83 24 34 51 93 51 47 7 68 54 100 69 21 90 53 21 12 3 28 5 50 33 17 88 16 81 10 83 35 70 57 17 93 
90 67 38 92 66 44 11 19 95 79 39 85 84 59 96 86 39 52 87 71 20 27 87 1 36 69 87 57 77 3 2 19 22 39 10 87 34 21 57 28 99 95 64 34 5 12 72 43 63 10 14 
35 36 52 87 71 72 73 80 48 27 81 66 48 19 76 86 52 96 42 31 46 88 95 32 93 6 3 87 20 12 52 54 48 3 40 70 26 64 49 26 91 81 43 38 99 70 24 2 17 65 33 
63 53 79 46 97 84 48 83 55 11 87 61 10 41 100 32 67 16 80 44 6 61 86 43 11 56 18 13 72 35 97 86 39 75 31 87 10 30 21 64 41 7 76 2 48 28 33 14 43 65 57 
48 25 94 42 87 49 60 51 73 46 47 10 36 73 41 22 82 22 42 98 62 49 73 16 96 100 48 61 42 12 69 41 88 62 83 75 63 94 77 87 91 24 96 26 96 88 47 30 10 40 27 
23 88 51 38 35 3 86 47 96 49 15 37 37 29 71 63 43 16 39 29 6 14 76 83 10 64 29 91 73 20 17 95 60 19 33 94 73 70 41 69 18 7 57 6 35 79 20 77 94 59 57 
99 72 33 81 33 96 61 23 20 80 91 14 91 10 98 85 34 19 77 2 89 83 10 46 70 88 66 98 81 24 55 31 47 39 63 80 86 23 2 5 55 93 70 45 54 20 81 87 38 9 41 
78 44 50 24 13 38 89 10 18 64 16 49 10 6 11 89 91 86 43 95 92 87 17 88 40 36 69 78 25 29 18 3 72 20 26 84 57 66 46 26 29 13 26 90 19 89 79 61 74 73 56 
17 59 24 4 50 59 24 27 83 5 97 85 76 16 62 12 24 79 9 49 7 21 75 97 91 63 27 52 88 99 59 56 57 82 11 6 92 35 84 74 39 80 11 66 47 72 77 70 51 85 71 
0 1 0 0 1 0 0 0 1 0 0 0 0 1 0 1 0 0 1 0 0 0 0 0 1 1 0 0 1 1 0 0 0 0 0 1 0 1 0 1 1 0 1 0 0 0 1 0 0 0 0 
1 1 0 1 0 0 1 0 1 0 1 1 0 1 0 0 0 1 0 1 0 0 1 0 0 1 0 1 1 0 1 0 1 0 1 1 0 1 0 1 1 1 1 0 0 1 0 0 0 0 0 
0 0 1 1 1 0 1 0 1 1 1 0 1 1 1 0 1 0 0 1 0 1 0 0 0 1 0 0 1 0 0 1 0 1 0 1 1 1 1 1 1 1 1 0 0 0 0 0 1 1 1 
1 0 1 1 0 0 1 1 1 1 1 0 1 1 1 1 0 0 0 1 1 1 0 1 0 1 0 0 0 1 1 1 1 0 0 0 0 1 1 1 0 0 1 1 1 0 0 0 1 1 1 
0 0 0 0 0 1 0 0 1 1 1 0 0 1 0 0 1 1 1 0 1 0 0 0 1 0 1 1 1 0 1 0 0 1 0 1 0 0 1 1 1 1 1 1 0 1 0 0 0 1 0 
1 1 0 1 1 1 0 0 0 0 1 0 1 0 0 0 0 0 1 1 1 0 0 1 1 1 1 1 1 0 1 0 0 0 0 1 1 0 1 1 1 1 0 0 1 0 0 0 1 1 1 
0 0 0 1 1 1 0 0 1 1 1 1 1 1 1 0 0 0 1 0 1 0 0 1 0 0 1 0 1 0 1 0 0 1 1 1 1 0 1 0 1 1 1 0 0 1 0 1 1 1 1 
0 0 1 1 0 1 0 0 1 0 1 1 1 1 0 0 0 0 0 0 1 1 1 1 1 0 1 0 1 1 1 1 1 0 0 1 0 0 1 1 1 0 0 0 1 0 0 1 1 0 1 
0 1 1 0 1 1 1 1 1 0 1 0 1 1 1 0 1 1 1 0 0 0 0 0 1 1 1 1 0 1 0 0 1 1 0 0 1 0 1 0 0 0 0 0 0 1 0 1 1 0 0 
1 0 0 0 1 1 1 0 1 0 1 0 1 0 0 1 1 0 1 1 1 1 0 1 1 1 1 1 0 1 1 0 1 1 0 1 1 1 1 0 1 0 0 1 1 1 0 0 1 1 0 
0 1 0 1 0 1 1 1 0 0 0 0 0 0 0 1 1 1 0 1 0 1 0 1 0 1 0 0 0 1 0 1 0 0 0 1 0 1 0 0 0 1 0 0 1 0 1 0 1 1 1 
1 0 1 1 0 0 1 1 1 0 1 0 1 0 0 0 0 0 0 0 0 1 0 0 0 0 1 0 1 0 0 0 1 1 1 1 0 0 0 1 1 0 1 0 0 1 0 0 1 0 0 
1 0 0 1 0 0 0 1 1 1 1 1 0 0 1 1 0 1 0 1 0 0 0 0 0 0 0 0 1 1 0 1 1 0 0 1 0 1 0 1 0 1 0 0 0 1 1 0 1 1 0 
1 1 0 0 1 0 0 1 0 1 1 1 0 1 1 0 1 0 0 0 0 0 1 0 0 0 0 0 1 1 0 1 1 1 1 0 1 1 0 1 1 1 0 1 1 0 1 0 0 0 1 
1 0 0 1 0 0 1 0 0 1 1 1 0 0 0 0 1 1 0 1 0 0 1 0 1 1 1 1 0 1 0 1 1 0 0 1 1 0 0 1 1 1 0 1 1 0 1 0 1 0 1 
0 0 1 0 1 0 1 0 0 1 1 1 0 1 0 0 0 0 0 1 1 1 1 0 0 1 1 0 1 1 0 1 1 1 1 0 1 0 1 0 1 0 1 0 1 1 0 0 1 0 1 
0 1 1 0 1 0 0 1 1 1 1 0 1 0 1 1 0 0 0 0 1 0 1 1 0 1 1 0 0 1 1 1 0 0 1 1 1 1 1 0 1 0 1 0 1 0 1 1 0 0 1 
0 0 0 1 0 1 1 0 0 0 0 1 1 0 0 0 1 0 1 0 1 0 1 1 1 1 0 0 0 0 1 0 1 1 1 1 1 0 0 1 1 0 0 0 0 0 0 0 0 0 0 
1 0 1 0 1 0 1 1 0 1 0 0 0 1 0 0 0 0 0 1 1 0 1 1 0 0 0 0 0 0 0 0 0 1 0 1 0 1 0 0 1 0 1 1 1 1 1 0 1 1 1 
1 1 1 0 0 1 0 0 1 0 1 1 0 0 0 1 0 1 1 1 0 1 0 0 1 1 1 1 0 1 0 1 0 1 0 0 0 0 1 0 1 0 1 1 0 1 1 1 1 0 0 
1 0 0 1 1 1 1 0 1 0 0 1 0 0 1 1 0 1 0 0 0 0 0 0 0 1 1 1 0 1 1 0 1 1 1 0 0 0 0 0 0 1 1 1 1 0 0 1 1 0 0 
0 0 0 0 0 1 1 0 0 0 1 0 0 1 1 0 1 0 1 1 0 0 0 1 1 0 1 0 0 1 0 0 1 0 0 0 0 1 0 0 1 1 0 1 0 1 0 0 1 1 1 
0 1 0 1 0 0 1 0 0 0 1 0 0 1 0 0 1 1 0 1 1 1 1 0 0 1 0 0 0 1 1 0 0 1 0 0 0 1 1 0 1 0 1 1 1 1 1 1 1 1 0 
0 1 0 0 1 1 1 1 1 0 0 0 1 0 0 1 0 1 0 0 0 0 1 0 0 1 1 1 0 1 1 0 0 1 0 1 0 1 0 0 0 0 0 1 0 0 0 0 1 1 1 
1 1 0 1 1 1 1 0 1 0 0 1 0 1 0 1 0 1 1 0 1 1 0 0 0 0 1 0 1 0 1 0 1 0 0 1 1 1 1 1 1 1 0 1 1 0 0 1 0 1 1 
1 0 1 0 0 1 1 1 0 1 0 0 0 0 0 1 0 1 1 1 0 0 1 1 1 0 1 0 0 0 1 1 1 0 1 1 1 0 0 1 1 1 0 0 1 0 1 1 0 0 0 
0 1 0 0 0 0 1 1 0 0 0 1 1 1 1 0 0 1 1 0 1 0 0 1 1 0 0 1 0 1 1 1 0 1 1 0 1 0 1 1 0 0 1 1 1 0 0 1 1 1 1 
0 1 1 1 0 0 0 1 0 1 1 1 1 0 0 1 0 1 1 1 1 1 0 1 0 0 1 1 0 0 1 0 1 0 0 1 0 0 1 1 1 0 0 0 0 1 1 0 0 0 0 
1 1 0 0 1 1 1 1 1 1 0 1 0 0 1 0 1 1 1 0 0 1 0 0 1 1 0 0 1 0 0 1 0 0 1 1 1 1 0 0 0 0 0 1 1 1 1 0 1 0 0 
1 1 0 0 0 0 0 0 1 0 0 0 0 1 0 0 0 1 0 1 1 1 1 0 0 0 1 0 1 1 0 1 0 0 1 1 0 1 1 0 1 0 0 0 1 0 0 1 1 0 0 
1 1 1 1 1 0 1 1 1 0 1 0 1 0 1 0 0 0 1 0 0 1 1 0 0 1 0 0 1 0 0 0 0 0 1 1 0 0 1 1 1 0 0 0 0 1 0 1 0 1 1 
0 1 0 0 1 0 0 1 1 0 0 1 0 0 0 0 0 1 1 1 0 1 1 0 0 1 0 1 1 1 0 1 0 1 1 0 1 1 1 0 1 1 1 0 1 1 0 1 0 1 1 
0 0 0 0 0 1 0 1 0 0 0 1 0 1 0 0 0 1 0 0 1 1 1 1 1 0 1 0 1 0 1 1 0 0 0 1 1 0 0 0 0 0 1 1 1 0 1 1 1 1 1 
0 1 0 1 0 1 0 0 0 0 0 1 1 0 1 0 1 0 0 1 0 1 1 1 0 1 1 0 0 0 1 1 1 0 0 1 1 1 0 1 1 0 0 0 0 0 0 1 0 1 1 
0 0 0 0 0 1 1 0 1 1 0 0 1 0 1 0 1 0 0 0 1 0 0 0 0 0 0 0 0 1 1 1 1 1 1 0 0 0 0 1 1 0 0 0 0 1 1 1 1 1 1 
0 0 0 0 0 0 1 0 1 0 1 0 0 0 1 0 0 1 0 0 0 1 0 1 1 1 0 1 0 1 0 0 1 0 1 0 1 0 0 0 0 0 0 0 0 1 0 1 0 1 1 
0 0 1 1 1 0 1 0 0 1 1 0 0 1 1 0 0 1 1 0 0 1 0 0 1 1 1 0 1 0 1 0 0 0 1 1 0 1 0 0 0 1 1 0 0 0 1 1 0 0 1 
0 1 0 0 0 1 1 1 1 1 0 1 1 1 0 1 1 1 1 0 1 0 1 0 0 1 1 1 1 1 1 1 0 1 0 0 0 1 1 1 1 0 0 0 1 1 1 0 0 0 0 
0 0 1 0 1 1 1 0 0 0 1 0 0 0 0 0 1 1 0 0 0 0 1 1 1 0 0 1 0 1 0 0 1 1 0 0 0 1 1 1 1 0 1 1 1 1 0 0 0 0 0 
1 0 1 0 1 1 0 0 0 1 0 0 1 0 1 1 0 0 0 1 0 1 0 1 0 1 1 0 0 1 0 1 1 0 1 0 1 1 1 1 1 1 0 0 1 1 1 0 1 0 1 
1 1 0 1 1 1 0 1 1 0 1 0 1 1 1 0 1 1 1 0 0 0 0 0 0 1 1 0 1 1 1 0 0 1 1 1 1 0 0 0 0 0 1 1 1 0 1 0 1 0 1 
1 1 1 1 1 1 1 1 0 0 0 0 1 0 0 0 1 0 1 1 0 1 0 1 0 1 1 1 0 1 0 0 0 1 1 1 0 0 0 0 1 1 1 0 1 1 0 0 1 1 1 
1 0 0 0 1 1 1 0 1 1 0 1 1 1 1 1 0 1 1 0 0 0 1 0 1 0 1 1 1 0 1 0 1 1 1 0 0 0 0 1 1 0 1 1 1 0 0 1 1 1 0 
0 0 1 0 1 0 1 1 1 0 0 0 1 1 1 1 1 1 1 0 1 1 1 0 0 1 0 0 1 1 0 1 1 1 1 1 1 1 0 1 1 0 1 0 1 0 1 0 1 0 0 
0 1 0 0 1 1 0 1 0 0 1 1 1 1 1 0 0 0 0 1 1 0 0 1 1 0 0 1 0 0 0 0 1 0 1 0 1 1 0 0 1 1 1 1 0 0 1 1 0 0 0 
1 0 1 0 0 1 0 1 1 0 1 0 1 1 1 0 1 0 0 1 0 1 0 1 0 1 0 1 1 0 1 1 1 0 1 1 0 0 0 1 0 0 1 0 1 0 0 0 1 0 1 
1 1 0 0 1 1 0 0 0 1 0 1 0 0 1 1 0 1 1 0 1 1 1 1 1 0 1 1 1 1 1 0 1 1 0 0 0 0 1 0 1 1 0 1 1 1 0 0 0 0 0 
1 1 1 1 0 1 0 0 0 0 1 0 1 0 0 1 0 1 0 0 0 1 0 0 1 1 0 1 1 0 1 1 0 0 0 0 0 0 0 0 0 1 1 1 1 1 1 1 0 1 0 
1 1 0 1 0 0 1 1 1 0 0 0 0 0 0 0 0 1 1 1 1 0 0 1 0 1 0 1 0 1 1 1 0 0 0 0 0 1 1 1 1 1 0 1 0 0 0 0 1 1 1 
1 1 1 0 1 1 0 1 1 1 0 0 0 0 0 0 0 1 0 0 1 1 0 0 1 0 0 0 0 1 1 1 1 1 1 0 0 1 1 1 0 0 1 0 0 1 1 1 0 1 1 
1 0 1 0 0 1 0 0 1 0 1 0 1 0 1 1 0 0 1 1 1 1 0 1 1 1 0 0 0 1 1 1 0 0 1 0 0 0 0 1 0 1 0 1 0 1 0 0 0 1 0 
1 0 0 0 0 0 1 0 0 0 0 1 0 0 1 0 0 1 0 0 1 0 0 0 0 1 0 0 1 0 0 0 0 1 1 0 1 0 1 1 0 1 0 1 1 1 1 0 0 0 0 
1 0 0 1 0 1 0 0 1 0 1 1 0 0 0 1 1 0 0 0 1 1 0 0 0 0 1 0 0 1 0 0 1 0 1 1 0 1 0 1 1 1 0 0 1 1 1 0 1 1 0 
0 0 0 0 0 0 0 1 1 1 1 1 1 0 0 0 0 0 0 1 1 1 1 1 0 0 0 0 0 1 0 0 1 1 1 0 1 1 1 0 0 0 1 1 0 0 0 0 0 0 1 
1 0 1 1 0 1 1 1 1 1 1 0 0 0 1 0 0 0 1 0 0 0 0 0 0 0 0 1 0 0 0 1 0 1 0 1 1 0 0 0 1 1 0 1 0 1 0 0 1 1 0 
0 1 0 0 0 0 0 1 0 0 1 0 1 1 0 0 0 0 0 0 1 1 1 1 1 0 1 1 0 0 0 0 0 0 0 0 1 0 1 1 0 0 1 1 1 0 1 1 0 1 0 
0 1 1 1 0 1 0 0 1 0 0 1 0 0 1 0 1 1 1 1 0 0 0 1 1 0 1 1 1 0 1 1 1 0 0 0 1 0 0 1 0 0 0 1 0 0 1 0 1 1 1 
1 1 1 1 0 0 0 1 1 0 0 0 0 0 0 0 0 0 0 1 0 0 1 1 0 1 1 0 1 0 1 0 1 1 1 1 1 1 1 0 0 1 0 0 0 0 0 0 0 0 1 
0 0 0 0 0 0 1 1 1 1 0 1 0 1 1 1 0 0 0 0 0 0 0 0 0 0 0 0 0 0 1 1 0 1 1 1 1 0 0 0 1 0 0 1 0 1 0 0 1 1 1 
0 1 1 0 1 0 1 1 0 1 0 1 0 1 0 1 1 0 1 1 1 1 1 0 1 0 1 0 0 0 1 0 1 0 0 0 0 1 1 1 1 1 0 1 0 1 0 1 1 1 1 
1 0 0 1 0 1 0 0 1 0 1 1 1 1 1 1 0 1 0 1 0 1 1 1 0 0 1 1 0 0 0 1 0 1 0 0 0 1 0 1 1 1 0 1 1 1 0 1 0 1 0 
0 0 1 1 0 0 0 0 0 0 0 1 1 1 1 1 1 0 0 0 0 1 0 1 0 0 1 1 0 0 1 1 1 1 0 1 1 1 1 1 1 0 0 0 1 1 0 1 0 0 1 
0 1 0 1 0 0 0 1 0 1 1 1 0 0 0 1 1 1 1 0 0 1 0 1 0 1 1 1 1 1 1 1 0 1 0 0 1 1 0 1 0 1 1 0 1 1 1 0 0 0 0 
0 1 0 1 0 1 0 1 1 1 0 0 0 1 1 0 0 0 0 0 0 1 1 0 0 0 1 0 0 0 0 0 1 0 0 1 0 0 1 1 0 1 1 0 1 0 0 1 0 1 1 
