48 55 209
55 17 15 18 60 97 83 91 32 51 2 46 73 99 39 10 61 40 2 43 77 87 76 12 43 98 23 9 9 47 98 63 16 64 33 75 60 15 18 43 17 19 89 89 69 79 50 29 71 51 24 47 90 99 10 
32 48 33 92 57 79 41 71 94 4 3 21 15 69 38 58 86 8 98 74 76 28 76 4 98 26 79 97 67 77 6 98 77 38 90 85 69 82 7 14 86 62 34 100 30 71 9 15 78 6 41 53 34 16 9 
83 93 87 79 60 16 37 57 44 74 98 28 94 32 34 8 17 95 41 68 77 12 29 91 41 34 31 94 19 98 54 54 91 92 32 50 7 68 58 50 94 8 29 39 39 63 46 7 9 87 26 85 50 54 28 
90 40 10 35 10 8 88 63 98 80 47 99 38 66 56 40 59 15 68 50 53 82 95 11 43 33 37 79 34 42 6 76 33 16 10 43 75 50 57 72 81 3 70 18 69 77 9 79 92 77 28 96 10 23 59 
52 7 47 31 41 88 88 16 73 55 77 15 29 26 23 52 58 26 73 76 94 50 36 72 93 64 100 40 74 74 98 77 32 96 59 72 36 47 39 8 53 16 74 82 93 96 85 51 21 58 78 14 59 13 38 
51 77 89 42 2 14 92 78 45 87 37 17 22 35 7 29 87 22 54 20 15 50 5 17 70 62 94 36 20 58 25 22 34 13 15 87 26 6 65 22 45 1 90 66 35 97 47 73 70 100 93 36 1 97 52 
23 10 45 10 81 55 34 2 40 98 68 27 75 74 91 96 18 43 86 35 77 82 33 1 51 85 93 39 85 41 90 59 50 87 68 30 41 53 83 80 50 51 6 76 76 48 72 45 90 9 79 18 42 12 19 
44 48 11 82 32 52 24 91 53 10 10 35 50 63 17 81 64 19 87 40 94 34 63 38 76 23 69 93 64 32 11 59 79 22 93 10 25 16 52 29 25 62 63 26 76 32 6 39 50 44 30 44 30 44 33 
5 66 1 97 81 84 8 40 62 81 84 24 57 99 75 85 23 88 100 100 15 31 5 54 80 1 35 75 30 79 60 34 96 12 82 77 96 89 68 57 21 51 80 29 1 7 66 23 46 65 74 61 95 78 66 
26 30 100 1 59 30 60 44 26 23 26 2 18 66 21 27 87 23 6 67 23 64 32 97 10 96 70 70 42 99 87 68 29 86 20 87 68 31 31 93 53 8 46 71 73 18 97 11 40 54 78 62 70 9 58 
79 57 27 100 98 25 86 17 53 23 36 92 90 66 74 34 19 81 79 41 5 96 89 16 87 94 93 48 63 53 5 41 61 83 92 59 60 77 75 64 100 11 55 41 28 28 75 98 60 5 90 65 53 78 80 
39 24 24 39 86 28 95 79 89 78 70 99 37 99 73 52 50 35 7 42 15 86 16 12 46 73 2 62 25 31 93 15 54 16 53 40 95 48 70 83 77 91 81 65 89 6 16 90 92 74 32 6 60 99 18 
57 71 71 70 47 1 62 62 55 29 14 46 23 13 15 58 89 57 90 53 98 95 21 87 39 94 18 44 5 69 13 61 39 83 30 86 84 43 47 90 71 12 35 94 77 1 3 65 57 92 70 54 39 42 93 
77 35 62 72 40 30 37 52 69 19 34 6 54 76 4 43 47 15 29 92 91 29 46 8 38 37 29 91 27 70 35 55 56 97 79 47 26 15 99 46 85 84 51 39 59 54 33 57 21 62 100 63 42 45 70 
79 34 50 22 12 19 56 67 27 52 45 73 30 11 71 75 95 54 26 85 65 31 70 73 51 83 73 14 24 69 35 55 54 85 28 66 55 35 32 81 87 28 6 68 90 76 42 84 82 19 21 98 50 90 70 
52 72 94 65 47 63 100 1 68 36 28 33 90 63 16 23 1 95 28 20 84 55 61 20 88 32 40 85 81 81 7 84 52 100 49 98 14 100 99 34 35 78 66 76 92 34 50 44 28 77 63 12 32 76 83 
71 7 74 56 39 54 14 22 5 65 22 2 31 21 52 64 7 82 29 35 73 62 84 69 42 61 31 5 44 6 87 14 12 60 21 2 13 34 24 69 51 45 70 81 18 74 44 76 55 24 10 79 38 46 99 
79 58 30 83 1 87 69 66 51 80 39 52 44 72 75 12 74 72 81 54 41 6 49 16 12 73 78 43 10 23 41 88 80 70 22 32 9 42 49 59 21 87 10 64 11 37 75 84 60 7 38 100 65 38 67 
76 10 96 18 71 70 59 58 1 80 79 32 40 20 81 98 92 19 60 55 29 96 81 13 7 40 2 6 4 39 24 79 1 20 49 71 89 59 81 90 38 59 73 30 31 5 27 74 24 86 81 52 33 61 16 
39 52 17 96 55 8 20 86 8 39 34 78 79 92 58 20 81 69 45 10 51 49 37 24 24 74 4 28 7 17 95 97 68 64 93 75 71 64 60 30 54 93 59 32 36 69 4 16 89 48 26 39 48 14 14 
72 39 70 51 97 38 45 94 57 8 38 31 30 1 42 59 54 86 18 37 21 38 40 37 26 39 14 16 87 79 81 58 69 50 60 66 39 4 11 96 12 48 78 93 100 20 52 5 5 21 41 78 58 33 66 
35 71 31 2 57 9 82 66 77 84 25 94 22 81 4 69 44 3 99 36 54 18 39 58 74 59 51 51 68 83 16 54 5 98 55 14 6 37 79 35 72 56 80 45 88 84 14 31 38 12 66 92 81 5 1 
6 15 51 9 83 85 76 88 90 74 43 3 79 31 33 65 2 40 45 46 27 80 11 57 69 22 75 60 54 31 61 60 97 63 68 31 48 43 19 89 16 61 43 47 91 75 63 92 67 7 89 93 38 100 2 
7 73 28 18 27 58 30 38 54 93 57 85 92 51 55 80 67 15 22 65 5 48 27 48 14 86 36 7 75 35 60 33 8 87 51 86 96 80 23 1 24 79 37 15 29 91 94 47 5 15 63 61 15 42 60 
28 27 96 86 53 82 45 86 41 83 36 26 78 67 48 79 43 78 67 57 59 58 51 57 14 17 20 27 31 61 86 11 39 33 96 91 15 93 28 55 75 15 33 53 82 32 83 24 10 1 32 20 58 34 76 
24 51 95 50 33 55 35 95 45 68 91 36 34 83 63 40 57 30 72 61 11 4 95 86 65 96 17 84 5 51 11 80 53 6 29 37 12 16 32 57 83 74 44 16 56 58 55 64 87 79 77 49 82 23 86 
46 70 55 81 27 5 91 6 9 48 35 97 60 50 80 68 84 53 63 51 60 72 57 24 59 35 52 59 68 74 45 65 96 99 45 22 55 88 27 15 35 13 11 46 62 43 65 97 95 27 47 55 99 4 30 
9 90 81 19 58 6 63 22 1 13 19 22 67 58 1 33 92 13 96 90 75 38 54 71 32 33 70 38 83 25 67 43 14 99 61 23 57 76 97 57 88 67 31 7 24 31 39 67 43 34 56 69 23 62 92 
55 94 13 44 28 37 63 70 2 61 82 25 17 57 73 26 45 39 56 3 62 38 41 28 80 27 36 1 49 97 92 55 42 4 51 21 92 13 90 93 25 23 69 42 80 41 67 76 79 74 78 92 11 18 20 
42 96 7 42 97 55 85 3 48 40 53 68 31 65 9 76 90 31 44 83 10 85 1 85 15 26 62 7 36 32 78 29 79 84 23 75 38 7 30 37 99 82 4 29 99 12 56 40 42 100 74 4 36 26 40 
50 51 54 56 38 85 85 66 15 20 88 42 9 47 71 45 45 4 48 25 54 11 81 45 5 32 18 8 67 43 47 16 45 100 24 82 36 60 48 51 80 35 44 88 81 14 33 25 69 32 2 23 43 82 19 
47 13 37 54 31 31 52 98 76 4 21 57 39 33 56 41 12 91 84 99 23 49 83 100 18 15 1 92 57 34 10 55 98 98 8 28 81 11 25 56 14 98 64 5 30 20 97 41 62 81 91 36 81 26 35 
50 92 87 93 48 20 3 54 17 52 13 96 84 23 21 39 89 18 55 93 47 26 89 39 87 21 81 22 2 58 9 51 49 95 96 48 67 50 1 35 1 13 31 85 36 51 75 24 20 81 68 18 6 8 8 
44 29 88 18 82 98 26 84 46 72 79 94 90 28 94 25 81 7 55 65 94 57 91 69 28 72 88 45 29 95 52 25 23 91 42 56 88 19 40 34 90 18 27 80 46 72 56 26 30 62 42 75 18 84 43 
45 55 30 41 36 25 92 60 99 82 1 55 70 19 94 3 60 63 81 91 60 4 46 37 34 7 78 8 76 62 3 72 68 32 12 55 8 3 14 59 85 66 65 6 36 10 60 48 72 40 38 84 43 84 20 
28 42 98 88 18 11 90 89 30 73 1 85 33 55 98 91 39 16 7 96 51 16 55 98 39 46 88 22 41 23 94 68 64 91 55 81 53 44 22 82 17 22 66 1 28 16 91 67 31 49 14 33 16 69 83 
54 14 70 28 54 92 21 74 7 63 28 88 15 24 61 96 92 34 14 92 61 29 34 27 59 82 93 91 97 61 73 2 26 94 81 80 37 1 53 44 15 32 83 29 7 43 77 98 76 90 41 36 18 74 15 
28 7 7 18 55 67 43 9 44 88 89 23 25 90 27 68 56 11 50 85 17 44 13 67 19 2 7 54 71 33 68 98 39 26 67 94 44 61 2 88 49 42 62 25 83 41 44 39 51 45 23 19 88 35 85 
6 88 44 11 58 76 31 55 14 56 73 59 100 34 12 87 34 54 48 58 36 40 1 74 90 45 48 61 84 34 97 89 21 40 51 30 15 81 84 81 37 57 91 36 42 3 74 75 8 73 32 43 13 84 69 
54 80 16 66 63 50 63 3 22 54 53 52 69 34 87 1 70 95 91 57 36 45 82 10 52 54 93 95 18 28 15 72 7 30 37 21 31 51 23 5 5 28 8 25 13 94 25 34 89 15 42 76 60 23 38 
63 76 82 57 46 10 23 17 68 5 5 89 87 56 63 91 60 42 98 36 54 44 60 87 84 26 28 59 37 2 48 100 30 30 8 75 39 31 91 6 35 47 46 21 54 9 64 65 50 13 100 56 56 59 42 
39 85 22 98 73 75 97 72 4 26 32 78 16 14 20 74 48 67 71 20 20 79 35 85 81 48 84 36 3 95 29 94 31 2 43 3 77 39 27 80 65 58 10 32 71 29 57 70 95 28 41 67 6 28 3 
38 75 86 25 29 32 54 22 62 7 64 17 83 3 43 15 19 52 24 2 74 52 59 95 99 86 35 65 43 14 67 33 88 4 57 69 36 62 42 49 69 6 65 51 60 59 17 30 10 92 31 83 44 41 29 
94 78 16 58 73 29 76 5 69 79 61 37 66 23 78 15 91 35 31 93 46 90 62 75 51 53 58 86 48 50 14 41 28 29 98 100 58 73 4 26 4 16 14 21 90 43 87 80 30 18 25 75 59 86 2 
9 90 11 46 38 60 60 78 39 40 28 38 49 52 93 74 55 9 39 28 98 34 14 30 63 83 6 89 93 43 90 2 32 52 99 21 12 10 99 50 50 26 40 98 77 32 24 84 92 62 11 42 47 76 71 
9 59 28 98 51 70 39 4 53 91 3 74 54 12 72 55 13 49 94 11 25 78 86 60 69 47 22 10 46 98 32 54 56 59 51 58 28 90 14 81 32 68 6 85 79 77 39 44 25 85 54 1 62 39 13 
30 37 34 92 82 31 23 88 38 34 90 96 13 31 61 45 62 28 50 46 58 26 37 1 2 21 6 55 82 44 67 63 33 100 6 66 83 81 53 20 14 43 67 26 73 27 71 87 54 20 84 12 98 20 64 
99 92 70 5 25 65 71 40 97 23 45 15 5 25 19 76 38 13 43 16 38 21 86 24 27 57 7 90 54 79 53 5 70 22 61 47 39 32 86 35 6 30 1 10 55 20 37 44 32 79 59 69 52 96 44 
1 0 0 0 1 0 0 1 1 0 0 1 0 1 0 0 0 0 1 1 0 0 1 1 1 0 0 0 1 1 1 0 1 1 0 1 1 0 0 1 0 0 0 0 1 1 1 1 1 0 0 1 0 0 0 
1 0 0 1 1 0 1 1 1 0 1 0 0 1 1 1 0 1 1 0 1 0 1 0 1 1 1 0 1 1 1 1 1 1 0 0 1 1 1 1 0 0 1 0 1 0 1 1 0 0 0 1 1 1 1 
0 1 0 1 0 1 0 1 0 1 0 0 1 1 1 0 1 1 1 1 1 0 0 0 0 1 0 1 0 0 0 0 1 1 1 1 0 1 1 1 1 1 1 0 0 1 0 0 0 1 1 1 1 0 0 
1 1 0 0 1 0 1 1 1 0 1 1 0 0 0 1 1 1 1 1 1 0 1 1 0 1 1 0 0 1 0 0 0 0 0 1 1 1 0 0 1 1 1 0 0 1 1 1 0 0 1 0 0 0 1 
1 1 0 1 0 1 1 0 1 1 0 0 0 0 1 1 1 0 0 1 0 0 1 0 0 1 1 0 0 1 0 1 1 0 0 1 0 1 1 1 0 1 0 1 1 1 0 1 1 0 0 0 0 1 0 
1 1 1 1 1 0 1 0 1 0 0 0 0 1 1 1 1 1 1 0 0 0 0 1 0 1 0 0 1 1 0 0 0 1 0 1 1 1 1 1 1 1 1 1 0 1 1 0 0 0 0 0 1 1 0 
1 0 0 1 1 1 1 0 0 0 0 1 1 1 1 0 1 0 0 0 1 1 1 1 1 0 1 1 1 0 1 0 0 1 1 0 1 0 0 1 0 0 0 1 1 1 0 0 0 0 1 1 1 0 0 
0 0 1 1 1 0 1 1 0 0 0 0 1 0 0 0 0 0 1 0 0 0 0 0 0 0 1 1 1 0 1 1 0 1 0 0 1 1 1 1 0 0 0 1 0 0 0 1 1 1 1 1 1 1 1 
0 1 1 1 0 1 1 1 1 0 1 1 1 1 1 0 1 1 0 0 1 1 0 0 0 1 1 1 1 0 0 1 1 1 0 1 0 1 0 0 1 0 1 0 1 0 1 0 1 1 0 1 0 1 1 
0 0 1 1 1 1 0 0 1 1 1 0 0 0 1 0 0 1 1 0 0 0 1 0 1 1 0 0 1 1 0 0 0 1 1 1 0 1 0 1 1 1 0 1 1 1 1 1 0 0 0 0 0 1 0 
0 0 0 0 0 0 0 0 0 1 1 1 0 1 1 1 0 0 1 1 0 0 0 1 0 0 1 0 1 1 0 1 1 1 1 1 1 0 1 1 1 1 0 1 0 0 1 0 0 0 1 0 1 1 0 
1 1 1 0 0 0 0 1 0 1 1 1 0 1 1 1 0 0 0 0 0 0 1 0 0 1 1 1 0 0 1 0 1 0 0 0 1 0 1 1 0 0 0 0 1 1 0 0 1 0 0 1 0 1 1 
0 0 0 1 1 0 0 1 0 1 1 0 0 1 1 1 1 0 1 0 1 1 0 1 0 0 1 0 0 0 1 0 1 0 0 0 0 0 1 0 1 0 0 1 1 0 0 1 0 0 1 1 1 1 1 
1 1 0 1 1 1 1 1 0 1 1 0 1 0 1 0 1 1 0 1 0 0 1 1 0 1 0 0 0 1 1 0 0 1 1 1 0 0 1 0 1 0 0 1 0 1 1 0 0 1 1 1 0 0 0 
0 0 1 0 0 0 1 0 1 1 0 0 1 0 1 0 0 0 0 1 0 0 0 0 0 1 1 1 1 0 0 0 0 1 0 0 1 0 1 0 1 1 1 0 1 0 0 1 0 1 0 1 1 0 1 
1 0 1 1 1 1 1 1 1 0 0 1 1 0 0 0 1 1 1 1 1 1 0 0 0 1 1 1 0 1 0 1 1 1 0 1 0 1 0 1 1 0 1 1 0 1 1 1 1 0 1 0 1 1 0 
1 0 1 0 0 1 1 1 0 0 0 1 1 1 0 0 1 0 1 0 1 1 1 0 0 1 1 0 0 0 0 0 0 0 0 0 1 1 0 1 0 0 1 1 1 1 1 0 1 1 0 0 0 1 1 
0 0 0 0 1 1 0 1 1 0 1 0 1 1 0 1 1 0 0 0 1 1 1 0 0 0 0 1 0 0 0 0 0 0 0 1 1 1 0 1 1 0 1 1 1 1 0 0 1 0 0 0 1 1 0 
1 0 1 0 0 1 0 1 1 1 1 1 0 0 1 1 0 1 0 1 0 1 1 0 0 1 0 1 0 0 1 1 0 0 0 0 1 0 1 1 1 1 0 0 1 1 1 1 1 0 0 1 1 1 0 
0 0 0 1 0 0 0 0 0 1 0 1 0 0 0 1 0 1 1 0 1 1 1 0 0 1 1 1 1 0 1 1 1 0 0 1 0 0 1 1 1 1 0 0 0 0 1 0 0 1 0 1 0 1 1 
0 1 0 1 0 1 1 1 0 1 1 1 1 1 1 0 1 0 0 1 0 1 0 0 1 1 0 0 1 0 1 1 1 0 1 1 1 0 0 1 1 1 0 0 0 1 1 1 0 1 0 0 0 1 1 
1 0 1 1 0 1 1 1 0 1 0 1 0 0 1 1 1 0 1 0 1 1 1 0 1 0 1 1 1 0 0 0 0 0 0 0 1 1 0 0 0 0 1 0 1 1 1 0 1 0 0 0 1 1 1 
0 0 0 0 1 0 0 1 0 0 1 1 0 0 1 0 0 1 1 0 0 0 1 1 0 0 1 0 1 1 1 0 1 1 0 0 1 0 1 0 1 1 1 1 1 0 1 0 1 0 0 0 1 0 1 
1 0 0 1 1 1 1 1 0 0 1 0 0 0 0 0 1 1 1 0 0 1 1 0 0 1 1 0 0 1 1 1 1 0 1 0 1 0 0 0 0 1 0 0 1 0 0 0 1 1 0 0 0 1 0 
1 1 1 1 1 0 1 1 1 1 0 0 0 0 0 0 0 1 1 1 1 1 1 1 1 1 0 1 1 1 1 0 0 1 0 0 1 1 1 1 0 1 1 0 1 1 1 1 0 0 0 1 1 0 1 
0 1 1 1 0 0 1 1 1 0 1 1 1 0 0 0 0 1 1 0 0 0 1 1 1 1 0 0 1 0 1 1 1 0 1 1 1 0 0 0 0 1 1 1 1 1 0 1 0 1 0 0 0 1 1 
1 1 1 1 0 1 1 1 0 1 0 0 0 0 0 0 0 0 1 0 1 0 0 1 0 1 1 0 1 0 0 0 1 1 0 1 1 1 1 1 0 1 1 1 0 0 1 0 0 1 0 1 1 0 0 
0 0 1 0 1 0 0 0 1 0 0 1 1 1 0 0 1 1 0 0 1 0 0 0 0 1 0 1 0 1 0 0 1 1 1 0 1 1 0 1 1 0 0 0 1 0 1 1 1 1 1 1 1 1 1 
1 0 1 0 1 0 0 1 1 0 0 0 1 0 0 0 1 1 0 0 0 0 1 1 0 0 1 1 1 0 0 0 1 1 0 0 0 1 1 1 1 0 1 0 0 0 1 1 1 1 1 1 0 0 1 
0 0 0 1 1 0 1 1 1 0 0 1 0 1 1 0 0 1 1 0 1 1 1 0 0 1 0 0 1 0 1 1 1 1 0 0 1 1 0 1 1 0 0 0 1 1 0 1 0 1 1 1 1 1 0 
1 0 0 1 1 0 0 0 1 1 0 0 1 1 0 0 0 0 0 0 1 0 0 0 0 0 1 0 1 0 0 0 0 0 0 1 0 0 1 0 0 1 0 1 0 0 1 1 0 1 1 1 1 0 1 
0 0 0 0 1 1 0 1 1 0 1 1 0 0 0 0 0 0 0 1 0 0 0 1 0 1 1 1 1 1 0 1 1 1 1 0 0 1 1 1 1 1 0 1 1 1 0 1 1 0 0 1 1 0 1 
1 1 0 1 0 1 1 1 0 0 0 0 0 1 1 0 0 0 0 0 1 1 0 0 0 0 0 0 1 0 1 1 0 1 0 0 0 1 0 0 0 0 0 0 0 1 0 0 0 1 0 1 0 0 0 
1 1 0 1 0 1 0 1 1 1 1 1 1 1 1 1 1 0 1 1 0 0 0 0 0 1 1 0 1 1 0 0 0 0 1 1 1 1 0 0 0 0 0 1 1 1 0 0 1 1 1 1 0 1 0 
0 0 1 0 0 0 0 0 1 1 0 0 0 1 0 1 0 0 1 1 1 0 0 1 0 1 1 1 1 0 1 0 1 0 0 1 1 1 1 0 0 1 0 0 1 0 1 1 1 0 0 0 1 0 0 
1 0 1 0 1 1 0 1 0 0 0 1 1 1 1 1 1 0 1 1 1 0 1 0 1 1 1 1 0 1 1 1 1 0 0 1 0 0 0 0 0 0 0 0 1 1 1 0 1 1 0 1 1 1 1 
0 0 0 1 1 0 1 0 1 1 0 0 1 0 1 0 1 1 0 1 1 1 0 1 0 1 1 1 0 0 1 0 1 1 0 0 1 1 0 1 0 1 1 0 1 0 0 0 0 0 1 1 1 0 0 
1 1 0 1 0 0 0 0 1 1 0 1 1 1 0 0 0 1 1 0 0 0 0 1 0 0 0 1 1 0 1 0 0 1 1 0 0 1 0 1 1 1 1 0 0 1 0 0 0 1 0 0 1 0 1 
1 0 0 0 1 0 0 0 0 1 1 0 1 1 1 1 0 0 0 0 0 1 0 1 1 1 1 1 1 0 1 0 0 1 1 0 1 1 0 0 0 1 0 0 0 1 1 0 1 1 0 0 0 0 1 
1 0 0 0 1 0 1 1 1 0 0 1 0 1 1 0 0 0 0 0 1 0 1 1 1 0 0 1 0 0 0 1 0 1 1 1 1 1 1 0 1 1 1 1 1 0 1 1 1 0 1 0 0 0 1 
1 0 1 1 0 0 1 1 0 0 0 0 0 1 1 0 1 0 0 0 1 0 0 0 1 0 1 1 0 1 1 1 1 0 0 1 0 0 0 1 0 1 1 0 0 0 1 1 0 1 0 0 1 0 0 
1 0 0 0 0 1 1 1 1 0 0 0 0 0 1 1 0 0 0 1 0 0 0 0 1 1 0 1 0 0 1 1 0 1 0 0 1 1 1 0 1 1 0 0 1 1 1 0 1 0 1 0 0 1 0 
1 0 0 0 0 0 0 0 0 1 0 0 0 1 1 0 1 1 1 1 0 0 0 0 0 0 1 0 1 0 0 0 0 0 1 1 0 1 1 0 0 1 0 1 0 1 1 1 0 0 0 1 1 1 1 
1 1 1 1 0 1 1 1 0 1 0 1 1 1 0 1 1 1 1 0 1 0 0 1 1 0 1 0 1 0 1 0 0 0 1 0 0 0 1 0 1 1 1 0 0 1 1 0 0 0 0 1 1 0 0 
0 1 0 0 0 0 1 1 0 0 0 1 0 1 0 0 0 0 1 1 0 0 0 0 0 1 1 1 0 1 0 0 0 0 0 1 0 1 0 1 1 0 0 1 1 0 1 0 0 0 1 1 0 1 1 
0 0 0 0 0 0 0 0 0 0 0 1 0 0 1 1 1 0 1 1 1 0 0 1 0 1 0 1 1 0 1 0 0 1 0 1 1 0 1 0 0 0 1 0 0 1 0 1 1 1 0 0 1 1 0 
0 0 0 1 1 0 0 1 1 0 1 0 1 1 1 1 1 1 1 0 1 0 0 1 1 1 1 1 1 0 1 1 0 0 0 0 0 1 1 1 1 1 1 0 0 1 0 0 0 1 0 0 1 0 1 
0 1 0 1 0 1 1 1 1 1 0 1 1 1 1 1 0 0 0 0 0 1 0 0 0 1 0 0 0 0 1 0 0 1 0 0 0 1 0 0 0 0 1 1 1 0 0 1 0 1 1 1 0 0 1 
