48 52 2341
7 61 19 24 6 70 10 90 21 73 29 35 61 74 9 78 15 86 5 77 43 58 84 79 52 21 83 1 4 16 9 11 28 79 86 86 48 95 27 69 19 55 55 32 81 63 9 95 100 65 23 43 
74 58 73 25 79 55 77 82 23 37 92 2 15 29 87 15 23 14 35 94 20 89 25 52 4 85 47 55 1 21 49 74 79 22 51 57 76 27 90 98 16 82 100 82 10 38 96 85 51 30 30 23 
71 6 74 74 90 72 28 90 93 77 15 23 98 65 31 25 92 20 23 59 1 74 40 63 11 88 99 14 17 80 88 87 85 61 12 74 33 92 15 77 68 29 51 17 94 81 93 37 100 15 95 53 
40 86 15 3 73 65 68 42 44 55 80 28 67 92 53 51 83 19 27 2 99 77 70 44 57 62 80 9 29 26 61 20 64 75 22 36 91 41 29 86 95 9 13 14 52 17 64 86 35 91 87 85 
19 8 29 28 21 60 36 49 86 48 21 49 74 94 36 64 35 65 49 81 25 13 94 76 29 58 61 15 100 99 51 70 6 79 49 78 39 36 79 76 83 99 76 56 92 63 71 78 79 19 11 3 
83 4 30 11 13 90 77 64 40 80 34 97 58 34 75 48 70 53 23 4 51 50 60 94 13 30 24 91 1 34 46 83 89 75 46 2 17 74 17 56 53 50 53 63 36 27 10 5 31 85 60 33 
34 71 78 98 1 1 89 53 86 86 35 75 60 32 28 28 6 44 84 10 46 88 72 81 66 82 37 96 18 96 80 51 67 57 49 19 58 89 23 95 74 57 69 85 41 96 13 98 40 48 7 85 
35 79 17 52 12 53 47 29 100 26 31 66 34 79 36 43 19 58 38 92 67 6 29 59 54 41 56 45 40 62 81 26 92 97 77 3 1 75 83 100 52 14 18 85 92 5 28 63 63 65 54 81 
22 82 39 27 74 94 71 65 7 51 90 99 99 18 1 99 92 36 51 43 49 68 80 92 72 7 54 86 23 60 18 96 93 56 23 19 1 93 83 8 96 25 6 94 42 58 45 86 45 95 28 93 
14 59 37 37 65 90 23 39 49 40 35 94 48 9 12 100 53 46 7 48 70 64 94 64 74 38 49 18 84 28 63 97 87 99 33 51 40 55 42 41 47 28 34 46 36 45 97 88 90 56 88 12 
71 81 75 44 70 23 14 53 50 28 49 88 78 81 91 17 88 32 57 86 59 90 83 46 86 79 85 28 34 72 91 5 4 65 100 73 39 65 25 40 92 25 28 21 58 18 38 45 1 94 82 11 
36 64 8 73 94 92 52 80 16 42 84 71 58 35 44 48 100 20 88 43 97 67 64 54 36 53 50 36 46 31 98 33 46 5 58 39 96 9 18 63 51 53 34 60 88 29 8 39 100 47 33 96 
13 96 1 100 48 50 87 46 32 84 30 77 88 87 68 35 96 37 50 98 42 35 57 81 15 64 19 14 10 51 62 74 99 14 25 98 64 11 43 95 46 73 24 85 11 43 72 6 79 21 55 72 
7 12 52 21 27 22 86 89 73 47 14 23 61 39 20 76 1 15 22 47 39 45 83 49 87 54 7 18 26 61 41 32 72 93 52 51 14 38 39 38 36 52 60 48 90 32 75 43 46 97 41 84 
93 23 32 32 29 90 49 54 51 41 38 74 33 41 24 99 30 62 36 18 14 48 65 55 79 40 97 24 88 89 7 80 12 90 11 92 80 11 97 82 52 34 55 84 27 79 34 56 92 22 73 57 
69 90 12 47 81 60 22 68 49 80 47 12 69 58 55 100 68 51 81 19 85 88 55 11 66 88 18 9 9 91 66 29 32 77 75 12 88 48 79 88 27 25 51 96 34 5 47 2 56 80 72 92 
67 78 54 84 18 71 92 78 13 57 7 44 85 33 7 73 81 85 12 7 62 15 54 47 19 53 48 26 32 72 69 98 49 22 33 66 45 24 96 9 81 2 5 17 86 11 41 66 48 53 25 61 
67 30 7 37 34 7 15 65 78 83 14 78 57 46 96 53 70 91 61 2 44 17 18 29 80 59 47 27 63 71 39 81 52 45 17 86 51 83 2 80 18 16 58 74 13 5 78 34 95 90 35 38 
7 53 66 86 63 12 64 25 34 2 5 38 98 73 75 49 56 76 80 73 43 89 98 56 93 27 89 87 16 24 24 74 28 42 11 42 5 74 66 91 27 22 80 25 94 54 25 1 29 4 25 72 
93 74 27 85 100 67 72 16 42 47 41 21 40 52 62 97 77 79 87 4 100 18 28 46 71 52 46 99 7 23 22 99 96 100 36 96 67 7 63 60 5 55 81 97 6 42 93 83 21 31 38 72 
48 65 17 18 68 15 68 74 37 42 25 84 41 60 31 59 18 93 19 22 48 99 70 5 92 14 39 12 44 76 36 43 40 52 12 59 18 32 85 6 73 9 42 65 68 72 76 37 65 94 10 64 
44 80 20 87 93 59 51 89 34 86 31 26 89 95 84 7 26 68 64 98 28 5 14 95 77 89 31 93 34 93 8 77 72 27 64 64 37 14 52 71 51 35 96 39 29 31 97 54 51 61 3 78 
65 16 25 93 57 7 37 90 99 44 67 70 23 82 86 59 47 89 29 97 75 76 35 3 59 32 8 9 44 62 86 60 78 10 53 86 69 89 75 67 85 93 89 7 74 74 65 72 14 46 68 89 
73 55 91 31 38 51 39 81 12 77 40 41 38 92 26 6 33 1 73 69 93 61 75 19 86 91 90 99 88 58 87 61 64 30 43 1 80 82 81 91 10 20 32 47 64 9 53 48 9 77 16 2 
37 42 20 74 32 61 72 20 70 11 32 33 40 74 33 19 7 65 61 16 85 92 15 100 53 67 99 61 43 14 14 31 55 85 56 38 46 27 9 15 37 92 48 28 18 80 46 24 97 7 92 81 
50 58 32 2 24 30 15 18 95 28 100 1 13 55 90 58 33 99 72 22 90 71 49 7 3 95 83 99 53 26 31 54 83 62 8 58 43 22 75 37 1 26 89 13 32 78 22 64 76 46 85 18 
16 34 76 70 80 10 68 84 35 98 89 69 11 96 26 53 69 52 41 70 77 81 34 8 59 56 24 86 53 8 55 20 93 31 90 24 40 57 7 27 7 96 95 69 43 21 74 12 72 14 33 1 
47 66 60 5 73 83 42 25 43 97 45 35 27 86 11 18 42 17 44 100 64 39 69 59 11 42 70 34 7 2 34 53 19 94 9 92 76 51 68 70 47 64 57 73 49 67 42 43 35 86 42 99 
76 10 57 38 3 78 71 10 31 5 14 49 50 23 92 77 73 12 47 19 75 3 43 24 69 36 66 3 21 59 53 48 21 61 85 23 90 8 32 20 12 98 21 13 20 64 89 92 75 35 62 50 
89 56 25 9 91 42 64 64 100 68 63 20 81 100 43 70 7 26 42 70 23 14 82 94 77 22 37 4 9 98 5 97 5 29 6 48 22 69 11 21 88 25 93 68 24 87 38 82 12 31 3 87 
44 84 80 72 6 17 75 14 66 79 62 23 59 67 70 80 87 32 53 75 56 45 94 32 31 31 65 94 13 68 32 56 51 64 80 8 80 54 73 97 85 35 19 95 53 88 75 92 71 27 18 79 
23 11 10 5 94 74 98 6 93 82 14 96 45 93 55 24 98 28 72 82 14 91 77 18 30 3 61 53 81 78 31 3 41 40 7 86 65 56 43 10 37 56 5 81 48 59 56 98 38 80 31 51 
22 7 21 51 61 81 3 41 11 33 95 51 24 53 88 41 9 30 50 97 86 6 30 85 64 37 82 2 16 13 4 37 71 24 40 32 5 94 24 15 79 19 17 54 23 4 94 31 85 95 80 70 
100 61 7 16 97 88 69 65 52 72 1 75 96 92 58 52 86 81 18 64 51 86 17 74 89 63 56 73 57 35 95 9 47 1 76 44 40 44 8 92 15 60 66 62 52 75 13 37 55 82 52 58 
67 68 31 7 82 86 32 91 73 26 99 19 78 74 14 17 69 73 60 83 33 77 45 84 51 9 72 58 91 23 15 9 42 45 16 24 82 47 66 6 24 64 77 1 89 90 17 57 15 29 91 47 
5 87 82 56 96 5 65 38 79 79 46 72 23 13 47 56 59 12 14 82 75 90 82 15 31 51 23 45 79 14 43 35 52 24 42 47 80 6 36 58 84 34 30 58 46 76 14 57 88 79 90 14 
68 24 81 98 26 3 95 4 68 37 90 20 13 32 18 92 37 6 50 73 91 31 30 36 6 95 44 45 73 34 11 40 9 91 90 34 45 84 89 13 72 78 84 84 9 1 76 98 58 77 70 48 
7 99 36 12 46 79 9 18 64 19 10 72 9 51 57 53 86 45 17 57 23 100 41 83 53 68 80 10 44 49 58 50 100 93 13 45 23 73 62 87 91 23 10 51 73 67 56 58 11 72 15 85 
24 7 68 76 74 47 85 69 48 94 18 99 86 82 43 9 55 56 47 45 79 8 48 3 74 3 61 37 74 27 21 49 33 40 24 58 87 61 26 86 54 95 84 92 76 78 52 30 85 50 27 15 
57 74 18 31 28 78 19 53 56 39 2 40 79 77 97 17 37 74 54 43 68 89 86 95 66 37 25 50 38 3 65 94 28 82 24 55 11 42 7 66 33 60 5 63 37 53 79 25 26 32 67 45 
20 4 39 37 92 15 38 29 17 2 23 96 35 98 2 97 92 61 14 24 20 70 86 8 22 16 33 99 99 51 43 70 55 34 6 46 48 43 75 17 97 97 12 83 46 14 80 37 26 93 60 45 
15 97 53 88 12 37 87 10 87 81 79 41 14 36 39 62 31 13 78 27 61 41 61 6 6 40 43 31 85 54 28 99 51 32 86 62 68 24 24 54 5 54 47 18 42 85 31 72 49 60 50 61 
1 10 66 58 2 60 41 86 14 68 36 64 51 73 77 18 97 52 23 53 6 21 22 99 57 53 70 5 12 19 65 64 80 83 74 81 42 14 18 7 33 53 22 83 26 51 100 22 2 74 74 59 
95 95 57 51 99 78 8 63 48 24 78 28 6 51 60 100 16 78 58 48 30 32 30 55 82 81 28 35 55 53 46 1 100 2 3 98 32 10 12 79 34 90 58 91 92 18 42 8 95 52 55 76 
83 37 83 64 17 10 98 23 15 43 23 14 97 78 63 28 87 75 6 72 16 64 15 7 33 8 14 27 59 69 2 41 5 84 4 73 46 54 96 60 48 70 25 96 47 39 23 86 13 81 9 28 
96 23 35 28 83 48 6 41 68 59 82 24 43 37 97 40 42 92 51 42 61 27 37 60 65 12 45 30 44 53 57 39 28 43 18 10 43 75 50 62 33 83 86 27 72 82 18 65 25 68 6 37 
94 95 96 11 6 40 40 1 45 48 91 72 91 8 81 85 34 82 46 66 17 83 45 40 16 62 4 40 82 62 77 27 8 24 37 13 64 76 65 60 24 55 31 66 14 63 2 47 44 99 64 12 
82 8 51 97 70 7 89 3 20 65 29 27 40 66 91 55 41 55 14 16 9 44 33 22 6 34 68 2 33 31 13 14 39 16 62 60 74 50 62 93 66 42 19 6 7 9 60 100 63 74 15 71 
0 1 1 0 0 0 1 0 0 1 1 0 0 1 1 1 0 0 1 0 0 1 1 0 1 0 1 1 1 0 1 0 1 0 0 1 0 1 0 1 0 1 1 1 0 1 0 1 1 0 1 1 
1 0 0 1 0 1 0 0 1 0 0 0 0 0 0 1 1 0 0 1 1 1 0 0 0 1 1 0 1 0 1 0 0 1 1 0 1 0 0 0 0 0 1 0 0 1 1 1 1 1 1 0 
1 1 0 1 0 1 1 1 1 1 0 1 0 1 0 1 1 0 0 1 1 1 0 1 0 1 1 1 1 0 1 0 1 0 1 0 1 1 1 1 0 1 0 0 1 0 0 0 1 0 0 0 
1 0 1 1 1 0 0 0 0 1 0 0 1 0 0 1 1 1 0 1 1 0 1 0 1 1 0 0 1 0 0 0 0 1 1 0 0 1 0 0 1 1 0 0 1 0 1 0 0 1 1 1 
0 0 1 1 0 1 1 1 0 1 0 0 0 1 0 0 1 1 1 0 0 1 0 1 0 0 1 0 1 0 1 1 0 0 0 0 1 1 0 1 0 0 0 1 1 0 1 0 1 0 0 1 
0 1 0 0 1 1 0 0 1 1 0 0 1 0 0 0 0 0 0 0 0 0 1 0 0 1 0 0 1 1 1 1 0 0 1 1 1 1 1 1 0 1 1 1 0 1 0 0 0 0 0 0 
0 0 0 0 1 1 0 0 0 0 0 0 0 1 1 1 1 0 0 1 0 1 1 0 1 1 0 1 1 0 1 1 0 0 1 1 1 0 0 1 0 0 1 0 1 0 1 0 0 0 0 0 
1 1 0 0 0 0 1 1 1 1 0 1 1 1 1 0 1 1 1 1 1 0 1 0 0 1 1 0 1 1 1 0 0 1 1 0 0 0 1 1 1 1 0 0 0 1 0 0 0 1 1 1 
1 1 0 1 0 1 0 1 0 1 1 0 0 0 0 0 1 1 1 0 0 0 1 0 1 1 0 0 1 0 1 0 1 1 0 1 0 0 0 0 1 1 0 1 0 0 0 1 1 1 1 1 
1 0 0 1 0 0 1 1 0 0 1 1 0 1 0 0 1 0 1 0 0 1 0 0 0 0 1 1 1 0 1 1 1 1 0 1 1 1 0 0 1 1 1 1 1 0 0 0 0 1 1 0 
0 1 0 0 1 1 0 0 0 1 1 1 0 1 0 1 0 0 1 0 1 1 1 0 1 1 1 1 0 0 0 1 1 0 1 0 0 1 0 0 0 0 1 0 1 1 0 0 1 1 0 0 
0 1 1 1 1 0 1 1 0 1 0 1 1 0 1 1 1 1 1 0 1 0 0 1 1 0 1 0 0 1 1 0 0 0 0 1 0 1 1 0 0 1 1 1 1 0 1 1 1 0 1 1 
1 1 0 0 0 1 1 0 0 0 0 0 0 0 0 0 1 1 0 1 0 1 1 0 1 0 1 0 0 0 1 1 1 1 0 1 0 1 1 0 1 0 1 1 0 1 1 0 0 1 1 0 
0 0 0 1 0 1 1 1 1 1 0 1 0 0 0 1 1 0 1 0 0 0 1 0 1 0 0 1 1 0 0 1 0 0 0 1 0 0 0 1 1 0 0 1 1 1 0 0 1 0 1 1 
0 0 1 0 1 0 1 0 0 1 0 0 0 0 1 0 0 1 1 1 0 0 1 1 1 1 1 0 1 0 1 0 1 0 0 0 0 1 0 0 1 0 1 1 1 0 1 1 0 0 1 0 
0 0 1 1 1 0 1 1 1 0 1 0 1 1 0 1 0 0 0 1 1 1 0 0 1 1 1 1 0 0 1 0 0 0 0 0 1 1 1 0 0 0 0 1 1 0 0 1 0 0 1 1 
1 1 1 1 1 1 0 1 1 0 1 0 0 1 0 1 1 1 1 1 1 1 0 0 1 0 1 0 1 0 1 0 0 1 1 1 0 0 0 1 0 1 1 0 1 1 0 0 0 1 1 1 
1 1 1 0 1 1 0 0 1 0 1 1 1 0 0 1 0 0 0 0 0 0 1 1 1 1 1 0 0 0 1 1 1 1 0 0 0 0 1 1 0 0 1 1 0 1 0 1 0 1 1 0 
1 0 1 0 1 0 0 0 0 0 1 1 1 1 1 1 0 0 0 0 0 1 0 1 1 0 0 1 1 1 1 0 0 0 1 1 0 1 1 0 1 1 1 0 0 0 1 0 1 0 1 1 
1 1 0 0 1 0 1 1 0 0 1 0 0 0 1 0 0 1 0 1 0 1 0 0 0 1 1 1 1 0 0 1 1 1 1 0 1 1 1 1 1 1 1 0 1 1 0 1 0 1 1 0 
0 1 0 0 0 1 1 0 1 0 1 0 1 0 1 0 1 0 0 1 1 1 1 1 0 1 0 0 0 1 0 1 0 1 1 1 0 1 1 0 1 0 0 0 0 1 0 0 0 0 1 1 
0 0 0 0 1 1 1 0 0 1 1 1 0 0 0 1 1 1 1 0 1 1 0 1 1 1 1 1 1 0 0 1 0 1 0 0 0 1 0 0 0 1 1 1 1 1 0 1 0 1 1 1 
0 0 1 1 1 0 0 0 1 1 0 1 0 0 1 0 1 1 0 1 0 0 0 0 1 0 1 0 1 0 1 0 0 0 1 1 1 0 0 0 1 0 1 1 0 1 1 1 0 1 0 1 
1 1 1 1 1 0 1 1 0 0 1 1 1 0 0 0 0 0 0 1 0 1 0 0 0 1 1 1 1 0 0 0 1 1 1 0 1 0 1 1 1 0 0 0 1 1 0 1 1 0 1 0 
1 1 0 0 1 0 1 0 0 1 0 1 0 0 1 1 0 1 0 1 1 1 1 0 0 1 0 1 1 1 1 1 0 0 1 1 0 0 1 0 1 0 1 1 0 0 0 0 1 0 0 1 
1 1 1 1 1 1 1 0 0 0 1 1 0 0 0 0 0 0 0 1 0 1 0 0 0 0 0 1 1 0 0 0 0 0 0 1 1 1 1 0 1 1 1 0 1 1 0 0 1 1 1 1 
0 0 1 0 0 0 0 1 0 0 0 0 0 0 1 0 1 1 0 0 0 1 0 1 0 1 1 0 0 1 1 0 1 1 1 1 1 1 1 1 1 1 0 0 1 1 0 0 0 0 0 0 
1 1 0 1 0 1 1 0 0 1 0 1 0 1 1 1 0 0 0 0 1 0 0 0 0 0 0 0 0 0 1 1 1 1 0 1 0 0 1 1 1 0 0 1 1 1 0 0 1 0 0 0 
1 0 0 1 0 0 1 0 1 0 1 0 1 1 0 0 1 1 1 0 1 1 1 1 1 1 1 0 0 1 1 1 1 1 0 1 0 1 1 1 0 0 1 1 1 1 1 1 1 0 1 0 
0 1 1 1 0 0 1 0 1 0 1 0 0 1 1 0 1 0 1 1 0 0 0 0 0 0 1 1 0 0 1 0 1 1 1 0 1 1 0 1 1 0 1 1 1 1 1 0 1 0 1 0 
1 0 0 1 0 1 0 0 1 1 1 1 0 0 1 0 1 1 1 1 1 0 0 1 1 0 1 1 0 1 1 1 1 1 0 1 0 0 1 1 0 0 0 0 1 1 0 0 1 1 1 0 
0 0 1 1 0 1 0 0 0 1 0 1 0 0 0 0 1 1 0 1 0 0 1 1 0 0 1 1 1 1 1 1 1 1 1 1 0 1 1 0 1 1 1 1 0 1 0 1 0 0 0 0 
0 1 1 0 1 1 1 1 0 1 0 1 0 1 0 0 1 1 0 0 1 1 1 1 0 1 0 0 1 0 1 0 1 0 0 1 1 0 0 1 1 0 0 1 0 0 1 1 0 1 1 1 
0 0 0 0 0 0 0 1 0 1 1 1 0 0 0 1 0 0 1 1 1 1 0 1 0 1 0 0 0 1 1 0 1 1 0 1 1 0 1 1 0 0 0 0 0 1 1 0 1 0 1 0 
0 1 1 0 0 1 0 0 0 1 0 0 0 0 1 1 1 0 0 1 1 0 1 1 1 0 0 1 1 1 1 1 1 1 1 1 0 1 0 1 0 0 1 0 1 0 1 0 1 1 1 0 
1 0 1 1 0 1 0 1 1 1 0 0 0 1 1 1 0 1 0 0 0 1 0 1 1 1 1 0 0 0 0 0 0 0 1 0 1 1 0 0 0 0 0 1 0 0 0 0 1 0 1 1 
1 1 0 0 1 1 1 1 1 1 1 1 1 0 0 1 1 0 1 0 0 0 1 0 0 1 1 1 1 0 1 0 1 1 0 0 1 1 0 0 1 1 0 0 0 0 1 1 0 1 1 0 
1 0 1 1 1 0 0 0 0 1 0 1 1 1 0 0 0 0 0 1 1 0 0 1 0 1 1 0 0 0 1 1 1 0 0 0 0 1 1 0 0 1 1 1 0 1 1 1 1 0 0 1 
0 0 0 1 0 1 1 0 0 0 0 1 0 0 1 0 1 0 0 0 0 0 1 0 1 1 1 1 1 0 0 1 0 0 0 0 0 0 1 0 0 1 1 1 1 0 1 1 1 0 1 1 
0 0 1 1 1 1 0 0 1 0 0 1 1 0 0 1 0 1 1 1 0 0 0 1 0 1 0 1 1 1 0 1 0 0 1 1 1 1 0 0 0 0 1 1 0 1 0 1 0 1 0 0 
1 0 0 1 1 0 1 1 0 1 0 0 1 1 1 0 1 1 0 1 1 0 0 0 1 0 1 0 1 1 0 0 1 0 1 0 1 0 1 1 0 0 1 1 1 0 0 0 0 0 1 1 
0 1 1 0 1 0 0 0 1 0 0 0 1 0 1 0 0 0 1 0 0 0 0 0 0 0 0 0 0 0 0 1 1 1 1 1 0 1 1 1 1 0 0 0 0 1 0 0 1 1 1 0 
1 1 0 0 1 0 0 1 0 0 0 0 0 1 1 0 0 0 1 0 0 1 0 0 0 1 1 0 0 0 0 0 1 0 0 0 0 0 1 1 1 0 1 1 1 0 1 0 0 0 0 1 
0 0 1 0 1 0 0 0 0 0 0 1 0 0 1 1 0 1 0 1 1 1 0 0 1 1 0 1 0 0 0 0 1 0 0 0 0 1 0 1 1 0 0 0 0 0 1 1 1 1 0 0 
0 1 0 1 0 1 0 0 1 1 0 0 1 1 1 1 0 1 0 1 0 1 1 0 1 0 1 0 1 0 0 1 1 0 0 1 1 1 0 1 0 0 1 1 1 0 0 1 0 1 1 0 
0 0 0 1 1 0 1 0 0 1 0 1 1 0 0 1 1 0 0 1 1 1 0 0 0 1 0 0 0 1 0 0 1 0 1 0 0 0 1 0 1 1 1 0 1 0 1 1 0 1 0 1 
1 1 0 1 0 0 1 0 1 1 0 0 1 1 1 0 1 0 0 0 1 0 0 0 0 0 1 0 1 0 0 0 1 0 1 1 0 0 1 1 1 1 1 1 0 0 1 1 0 1 1 1 
1 1 0 1 1 1 0 1 1 0 1 0 0 1 1 0 1 0 1 1 1 0 0 1 1 1 0 1 0 1 1 0 1 1 1 0 0 1 1 0 1 1 0 1 0 0 1 1 0 0 0 0 
