64 61 2605
95 26 6 87 76 8 16 67 38 17 69 73 5 98 82 24 43 72 9 12 35 96 44 45 11 33 28 94 83 23 54 78 1 11 16 28 19 32 94 8 48 63 80 4 12 13 80 6 85 88 17 71 35 60 15 45 92 95 90 27 17 
96 56 69 6 71 97 76 2 42 84 1 56 15 57 67 28 36 72 64 75 88 34 10 100 1 6 91 95 48 69 63 43 24 32 48 47 28 24 48 21 59 1 77 25 57 43 52 44 67 67 18 54 1 79 53 53 85 96 47 32 64 
9 74 40 92 73 86 71 48 85 92 6 85 68 31 93 62 34 36 28 1 6 34 53 84 38 5 68 85 3 51 1 11 76 40 55 49 25 25 48 61 16 6 46 35 36 38 97 21 26 76 73 31 61 25 14 51 29 34 35 31 84 
35 94 12 74 48 12 50 24 59 11 40 64 8 26 51 97 74 72 22 50 44 4 62 21 18 12 49 51 47 32 86 33 77 97 59 76 60 8 99 19 70 90 82 29 16 85 26 41 56 99 90 51 3 4 71 72 15 72 74 13 3 
59 46 31 8 4 6 67 63 4 37 85 46 19 13 13 3 90 53 10 89 95 12 43 98 83 14 64 6 87 77 8 97 22 90 56 77 95 23 91 50 11 75 95 29 40 59 83 29 12 44 69 6 56 11 3 90 76 66 95 62 94 
54 59 67 43 14 95 89 88 86 38 99 12 85 79 51 43 14 32 6 9 100 11 16 63 65 5 38 83 51 100 76 56 10 95 98 75 89 86 15 74 76 65 86 12 95 88 6 60 19 12 69 19 22 36 33 39 93 70 21 43 21 
48 99 82 42 48 9 83 86 23 56 61 39 93 24 33 81 29 93 99 40 13 69 14 48 1 52 40 23 24 35 43 71 85 77 65 32 85 47 17 59 2 29 97 47 4 81 27 33 25 77 72 37 46 85 37 98 88 28 20 11 62 
15 82 46 91 46 30 27 44 46 85 97 27 33 43 30 65 69 62 90 98 86 78 43 22 66 40 10 94 12 20 55 26 53 53 68 50 82 94 93 79 30 90 57 14 84 87 78 5 100 19 2 37 97 44 59 62 35 20 7 46 91 
14 71 44 66 38 45 99 31 38 77 12 79 34 25 62 72 3 66 23 21 67 60 69 62 70 83 97 89 89 42 31 54 65 74 71 2 19 69 85 8 98 96 86 83 21 99 54 75 65 28 47 83 39 16 45 8 50 93 48 90 34 
79 44 98 4 14 52 74 83 36 81 32 83 18 14 55 69 19 29 85 46 28 67 37 43 63 44 44 55 44 33 41 22 76 38 77 42 41 51 76 28 83 7 11 53 20 17 21 90 46 5 87 25 23 23 19 86 19 62 40 62 94 
32 35 22 22 11 63 62 13 38 90 96 96 52 100 67 68 20 56 65 76 94 89 98 17 7 83 35 68 75 96 14 6 30 35 27 92 49 41 5 38 30 52 33 33 51 99 100 70 6 65 45 99 5 94 67 64 77 1 31 3 48 
96 8 29 82 87 73 82 27 77 19 8 28 3 40 30 53 91 51 58 7 47 9 64 40 75 27 68 76 9 70 75 5 30 56 38 16 28 20 94 4 90 53 83 93 44 64 45 86 14 3 93 60 63 56 51 37 34 19 64 42 88 
39 98 17 94 36 84 73 55 29 76 44 33 10 88 76 73 33 14 38 87 58 49 49 13 99 85 98 17 49 39 5 39 37 73 84 24 57 56 78 37 83 73 70 44 61 97 16 45 10 5 31 67 53 79 31 51 15 28 68 15 67 
24 53 55 96 88 78 4 95 7 41 77 31 62 20 43 58 87 87 68 43 17 34 95 47 17 98 14 44 17 28 62 40 33 16 87 20 45 43 15 3 83 43 34 96 15 76 53 1 63 20 96 31 6 90 78 22 87 91 17 3 70 
79 94 2 46 81 74 91 23 88 45 57 82 78 52 96 6 56 49 68 76 44 50 33 33 27 54 72 69 22 74 91 100 20 92 46 100 65 88 74 4 32 82 86 62 85 81 67 40 29 86 67 72 35 51 57 14 56 28 34 78 53 
24 77 72 16 74 23 32 13 48 36 97 29 21 58 65 1 76 57 82 61 75 53 47 26 61 60 81 88 94 58 41 17 87 12 84 60 87 16 25 34 51 21 15 71 30 79 23 5 87 4 17 62 9 63 39 69 75 19 9 68 29 
49 36 67 12 20 78 98 35 2 32 85 22 98 7 51 76 29 7 15 85 75 28 45 90 66 65 64 36 25 83 16 73 18 82 37 37 60 86 23 61 17 7 35 66 65 37 94 46 96 8 82 70 35 78 11 52 42 74 39 67 8 
55 91 26 88 79 14 99 65 89 12 33 95 46 99 12 34 92 57 29 99 38 51 85 15 61 88 8 87 26 26 46 32 69 23 72 47 37 70 11 77 33 44 23 78 94 34 64 85 90 44 35 79 46 71 45 59 58 53 45 35 30 
42 19 98 65 90 45 53 11 7 29 44 2 51 73 95 85 88 31 26 32 65 57 77 35 1 35 44 5 31 79 35 73 49 32 89 38 28 41 100 35 69 43 88 71 68 83 55 55 13 33 86 30 89 15 64 89 49 8 94 32 38 
80 56 86 11 44 75 91 84 26 77 4 21 64 74 88 98 81 94 63 13 80 92 53 46 7 93 94 66 38 77 3 17 32 40 80 75 66 70 10 92 98 13 64 13 87 51 11 67 44 73 31 75 16 83 20 22 75 66 88 65 94 
42 81 26 34 60 52 99 81 62 42 30 74 5 43 60 7 5 78 51 29 8 77 44 42 49 65 69 14 4 33 7 46 13 84 79 25 36 29 57 97 71 87 22 27 81 34 34 85 63 36 13 71 64 56 64 12 72 32 25 76 64 
84 21 29 67 51 5 54 79 61 2 49 99 24 28 79 9 61 63 71 48 27 93 11 82 57 23 6 88 99 81 4 82 53 32 1 3 36 54 81 48 56 82 47 31 9 77 39 21 92 9 68 18 2 78 52 10 52 57 97 51 89 
52 84 41 83 84 43 70 90 23 70 45 4 16 27 12 44 65 32 35 25 51 5 78 81 56 87 32 64 36 34 52 87 18 44 22 53 86 43 42 8 12 38 64 79 16 27 23 80 11 9 57 61 13 86 41 20 25 25 35 60 58 
38 98 27 81 19 32 66 62 25 26 73 63 41 4 30 67 26 62 29 34 18 90 99 55 82 70 79 58 5 38 68 42 36 46 23 6 77 40 19 2 65 44 16 5 47 45 24 72 6 52 57 75 93 7 30 75 77 8 84 81 98 
51 74 85 97 96 90 25 36 9 26 52 52 93 9 98 90 32 21 95 35 29 22 28 36 51 54 64 10 37 44 7 88 69 91 36 65 33 60 52 41 38 55 44 82 63 93 71 46 13 66 81 93 39 8 28 41 61 91 50 97 86 
9 36 55 51 23 71 83 83 74 75 72 28 70 53 43 62 24 88 26 41 68 19 79 27 98 19 87 41 20 36 78 28 71 84 31 94 54 13 28 79 40 51 7 9 3 1 71 78 88 96 18 8 66 48 34 16 18 21 56 38 56 
33 17 78 69 47 71 22 12 50 1 3 100 59 11 55 59 33 32 98 81 2 5 46 1 39 13 19 11 68 8 18 53 76 95 21 75 66 94 86 67 46 40 67 56 50 21 66 35 4 64 15 5 20 12 6 10 25 76 20 44 83 
37 96 58 32 68 84 49 14 21 15 59 60 33 67 62 5 32 96 9 47 10 13 67 21 70 76 97 45 48 41 79 84 88 89 67 56 72 15 21 93 82 31 4 66 97 65 71 81 60 79 27 21 43 45 94 65 21 90 61 68 30 
40 3 18 80 70 25 3 36 45 47 69 75 51 35 72 67 57 4 27 35 30 47 29 75 92 93 47 82 6 66 63 45 68 80 76 89 56 30 77 100 77 45 27 79 31 50 45 87 53 23 73 34 22 2 8 13 46 6 94 51 71 
9 47 91 88 74 79 96 4 7 47 32 52 73 10 34 74 6 73 26 29 45 12 2 98 71 14 96 77 60 98 47 68 45 89 7 70 20 2 73 26 49 56 29 73 65 63 99 71 35 76 51 79 87 52 29 58 17 24 34 28 21 
32 95 17 21 54 39 40 55 63 17 55 19 46 80 83 8 78 5 42 53 7 72 40 10 52 49 27 75 82 54 48 65 1 16 37 54 54 28 60 17 45 67 87 90 46 69 97 75 26 90 27 84 13 18 94 65 66 72 91 99 77 
90 16 77 6 52 82 11 80 42 79 24 8 65 65 5 86 61 79 63 2 57 46 14 27 91 30 44 62 21 95 39 62 10 67 67 61 49 30 92 90 8 67 49 25 31 53 10 43 31 72 44 39 69 10 65 60 91 9 73 63 3 
63 25 64 30 43 76 30 72 68 19 32 34 19 56 17 71 65 59 53 88 55 43 56 16 8 67 6 68 92 69 22 54 93 85 35 35 60 64 59 79 34 90 65 52 97 81 74 13 91 26 52 97 69 7 12 28 26 70 47 17 38 
68 22 82 4 57 68 15 20 26 94 54 67 10 5 15 42 79 27 32 56 78 29 76 37 92 3 14 61 1 30 50 68 51 31 23 7 99 38 79 76 83 32 95 44 88 9 85 18 88 16 74 65 96 1 1 40 56 14 100 56 95 
2 76 98 32 98 56 82 87 34 10 21 17 4 64 57 64 100 74 51 68 99 16 63 100 68 54 55 34 6 62 80 7 37 29 38 35 85 72 73 70 81 94 39 36 9 95 99 9 68 2 76 19 69 90 70 36 96 76 21 1 37 
1 7 74 29 96 60 65 67 32 87 99 77 25 86 38 19 85 98 38 38 25 56 6 14 25 93 9 100 14 61 89 66 67 62 46 63 73 63 81 56 49 32 33 73 17 22 91 53 19 28 90 43 36 95 8 12 88 69 12 53 29 
100 18 48 13 15 62 85 77 42 40 25 25 24 97 42 97 39 94 15 19 84 9 54 30 17 65 17 37 28 69 17 79 38 64 91 53 25 27 29 19 67 6 43 42 2 84 39 41 30 5 11 13 14 64 42 82 80 11 18 8 31 
86 86 69 50 29 73 26 55 53 96 21 58 91 15 60 26 53 52 55 9 62 19 22 77 61 55 56 23 24 15 53 10 1 73 11 81 97 88 35 50 84 8 7 74 22 18 99 26 21 6 34 34 24 8 62 36 62 18 58 38 84 
63 47 36 35 9 16 32 96 51 33 79 58 91 4 31 61 55 56 33 60 41 67 83 100 28 19 14 97 28 51 81 90 49 68 77 57 84 60 52 86 92 83 43 34 86 25 94 40 80 27 51 72 45 86 72 24 56 85 73 83 35 
5 73 83 72 49 91 55 8 42 40 51 24 34 84 62 58 30 53 89 8 4 61 52 89 84 27 44 68 99 78 54 3 50 88 75 50 78 81 9 71 21 11 95 6 95 56 64 76 8 52 83 63 64 86 3 47 12 46 66 11 76 
19 65 25 58 39 27 35 20 35 6 92 46 52 97 92 59 60 19 18 64 1 81 27 38 83 74 49 81 39 11 8 10 76 32 67 66 10 54 85 97 59 76 94 62 73 37 20 84 55 37 47 7 69 26 44 4 99 44 36 89 55 
43 50 82 26 17 47 36 70 84 32 80 11 77 93 35 13 12 19 67 100 17 73 69 42 68 24 40 11 11 81 17 53 30 50 30 98 97 65 19 32 48 50 42 76 42 77 88 5 47 54 5 63 78 25 5 45 100 96 8 10 28 
24 62 58 26 91 7 74 8 26 5 7 75 98 83 69 74 70 73 20 76 77 35 5 53 39 50 52 86 9 61 14 84 74 23 9 17 29 82 24 54 38 82 81 36 64 49 9 86 21 81 13 50 15 17 2 5 18 6 90 26 66 
55 10 92 77 70 8 6 52 31 11 41 64 91 76 80 39 37 65 12 69 29 61 35 45 14 39 63 19 80 40 37 35 1 28 11 71 35 68 74 17 79 14 32 69 42 11 60 78 27 71 46 55 83 80 52 48 70 66 19 49 5 
55 35 58 34 98 28 20 65 53 88 43 66 19 64 59 82 23 88 8 45 33 63 27 64 66 26 85 31 44 86 87 50 20 44 83 17 71 54 82 23 41 76 41 12 39 51 93 61 39 100 57 23 14 83 39 79 61 23 61 4 8 
48 54 80 91 36 48 14 42 81 88 82 57 80 45 47 31 37 60 69 89 16 91 2 51 29 33 11 4 93 14 63 40 67 42 83 55 90 96 96 70 83 29 78 63 74 25 93 62 84 61 50 99 3 4 49 84 36 11 87 80 25 
49 72 43 43 54 49 32 49 96 53 31 77 31 93 50 55 37 63 90 49 13 88 52 16 89 87 3 99 73 82 75 73 5 70 15 58 18 46 6 14 51 89 42 81 33 91 87 70 5 76 18 17 15 21 84 3 7 38 54 31 20 
80 4 76 49 70 34 19 16 91 84 18 79 25 98 12 67 84 33 71 59 50 88 25 23 23 80 81 61 33 12 32 64 67 7 13 36 40 31 3 83 66 20 61 90 17 24 56 52 56 26 62 58 65 87 80 88 66 60 48 50 23 
31 13 89 37 77 77 29 59 79 11 24 51 71 13 67 47 20 71 2 46 32 11 62 70 90 49 87 2 48 36 76 78 1 17 15 77 93 43 88 23 5 63 73 75 28 92 73 47 62 75 44 45 85 6 67 27 54 53 80 54 89 
55 31 41 71 97 69 15 39 56 38 43 71 10 70 98 1 42 44 14 68 88 59 5 45 25 31 98 77 62 51 17 16 34 9 39 30 78 53 21 85 90 15 55 52 84 52 52 78 48 66 97 35 76 1 79 52 83 28 80 44 31 
49 60 16 57 50 45 34 2 65 19 44 32 25 95 67 77 98 44 24 15 93 10 42 93 40 93 76 19 73 19 1 21 30 16 29 31 61 63 85 77 33 28 8 57 74 75 85 23 70 8 38 62 69 79 7 8 24 82 79 96 52 
79 68 34 95 48 64 7 10 48 35 94 27 95 3 52 21 87 75 42 47 64 56 15 94 62 75 17 95 53 64 98 83 83 31 77 31 47 35 92 46 70 86 25 16 88 76 36 26 2 77 72 17 32 39 11 45 65 79 39 17 43 
37 99 25 19 28 7 17 14 99 63 35 84 39 50 23 14 85 48 68 14 72 84 97 62 46 42 26 25 80 94 67 68 44 43 87 71 50 3 37 48 17 71 83 55 21 57 21 57 56 88 70 27 23 67 88 21 8 65 45 39 58 
63 7 2 57 45 24 6 99 60 5 16 31 39 70 51 95 42 7 51 81 29 29 4 47 69 76 6 33 20 44 91 34 2 92 90 46 15 48 45 27 4 12 57 43 81 7 37 23 65 39 3 45 68 58 91 36 33 96 20 4 92 
10 89 93 53 79 91 20 78 87 46 81 98 2 23 30 60 12 52 76 2 7 21 21 16 11 8 1 59 28 4 50 89 45 94 42 75 36 61 52 22 6 84 19 59 59 49 18 22 52 93 23 10 65 44 26 76 51 26 86 30 81 
87 19 25 32 60 99 68 72 2 89 29 86 60 87 44 60 4 65 11 48 39 21 13 82 98 40 85 23 77 14 55 63 84 32 94 95 82 13 66 84 54 94 21 13 80 64 72 35 80 34 83 18 6 47 52 3 86 88 25 62 53 
32 76 37 63 21 31 44 34 49 79 87 42 99 51 74 14 22 8 93 7 42 63 13 88 66 15 25 53 92 38 5 23 13 93 85 34 24 80 19 72 59 5 65 57 55 38 23 28 98 15 34 91 29 98 79 94 13 55 98 4 45 
3 78 9 95 14 94 70 93 12 93 3 68 58 12 22 47 34 1 96 100 87 87 81 84 17 74 48 71 72 51 67 26 80 76 72 93 69 42 38 81 34 92 48 43 3 22 42 88 74 37 88 60 23 68 96 39 93 43 62 16 46 
80 93 25 55 65 70 24 6 59 56 91 50 55 34 5 28 75 92 2 11 31 13 86 50 8 76 95 51 89 10 96 69 3 72 23 67 41 98 24 51 53 14 1 60 47 5 87 73 48 88 36 79 53 21 80 60 48 74 62 37 84 
57 5 38 81 79 56 73 77 31 24 81 44 24 92 43 80 79 67 79 18 2 57 70 74 37 82 22 10 43 10 45 52 66 34 32 44 41 4 72 71 27 5 15 2 96 9 33 26 75 12 44 77 20 65 2 56 46 75 18 89 84 
14 92 1 100 23 97 92 78 68 63 57 24 29 10 72 37 43 97 63 54 40 91 73 5 93 81 2 67 50 90 3 15 81 3 66 55 99 58 33 19 20 41 94 100 50 65 88 92 62 50 97 53 41 22 9 85 54 11 51 55 100 
5 21 33 60 87 87 58 96 71 28 67 11 22 66 13 38 53 4 99 54 53 4 46 74 12 30 79 22 33 33 74 37 53 58 96 91 96 6 86 67 85 4 29 6 69 41 96 73 97 46 79 49 49 24 74 13 54 52 34 38 36 
59 26 40 16 22 31 12 79 68 30 63 24 10 21 92 3 68 17 99 13 47 99 62 70 24 74 75 75 59 12 10 18 90 49 85 11 31 96 41 51 77 55 74 87 27 17 89 94 85 39 7 31 37 20 53 60 45 27 86 3 91 
47 72 80 47 9 42 78 4 34 80 33 88 53 19 15 21 59 8 6 97 14 36 33 85 88 44 29 67 29 84 9 75 55 88 21 63 81 50 19 14 29 51 1 33 21 67 6 79 75 11 75 40 98 59 25 38 2 5 56 82 88 
1 1 0 0 1 0 0 1 0 1 1 0 1 0 0 0 1 0 0 1 0 1 0 0 1 1 1 0 0 0 1 1 1 1 1 1 0 1 0 0 0 1 1 0 1 1 0 0 0 0 1 0 1 0 1 1 1 0 1 0 1 
0 1 0 0 1 1 0 0 1 0 1 1 1 1 0 1 1 1 1 1 0 1 0 0 0 1 0 1 0 0 0 1 1 0 1 0 0 1 1 1 1 0 0 1 1 1 0 0 0 1 1 0 0 1 1 1 1 1 0 1 1 
0 0 0 0 1 1 0 0 0 0 0 0 0 1 1 1 1 1 1 0 0 0 0 1 1 1 0 0 1 0 1 1 0 1 0 0 0 0 0 0 0 0 0 1 1 1 0 0 0 0 0 0 0 1 0 1 0 0 1 0 0 
0 1 1 1 1 1 0 0 1 0 0 0 1 1 1 0 0 0 1 0 0 1 0 1 1 1 0 0 0 0 0 0 1 1 1 1 0 1 1 0 0 1 0 1 1 1 1 1 1 0 1 0 0 1 1 1 0 1 1 0 1 
0 0 1 1 1 0 0 1 1 0 1 0 0 0 1 1 1 0 1 0 1 1 0 0 0 1 0 0 1 0 1 1 0 0 0 0 0 0 1 1 0 0 0 0 0 1 0 1 0 1 1 1 0 1 0 0 1 0 0 0 1 
0 1 1 0 1 1 1 0 0 0 0 0 0 1 0 0 1 0 0 0 1 1 0 1 1 0 0 0 1 0 1 1 1 0 1 0 0 0 0 0 1 1 1 1 0 1 1 1 1 1 1 1 1 1 0 0 1 0 0 0 0 
1 1 1 0 1 1 0 1 0 0 0 1 1 0 1 1 1 0 0 1 1 1 0 0 1 0 1 1 1 0 1 0 1 0 0 0 0 0 0 0 1 0 1 0 0 0 1 0 0 0 1 1 1 1 1 1 1 0 0 0 0 
0 1 0 0 1 0 0 0 0 0 1 1 1 1 1 1 1 1 1 1 0 0 0 1 1 1 1 0 0 1 0 0 0 0 0 0 1 1 0 1 1 1 0 1 0 0 0 1 1 0 0 0 0 1 1 0 0 0 0 0 0 
0 0 0 1 1 0 0 0 0 1 1 1 0 0 0 0 1 1 1 1 0 1 1 1 1 1 1 1 1 0 1 0 0 0 1 1 0 1 1 1 0 1 0 0 1 0 0 0 0 0 1 0 1 1 1 0 0 0 0 0 0 
1 0 1 1 1 0 0 0 0 1 0 1 1 1 0 0 1 1 0 1 0 0 1 1 1 1 0 1 1 0 0 1 0 1 0 1 1 0 1 1 1 1 0 1 0 1 1 0 0 1 1 0 1 0 0 0 0 0 1 1 0 
1 0 0 0 1 1 0 1 0 1 1 1 0 0 0 1 1 0 1 0 1 1 1 0 1 1 0 1 0 1 1 0 0 1 0 1 0 0 0 0 0 1 0 0 1 0 1 0 0 0 0 1 1 1 1 1 0 1 0 1 1 
0 1 1 1 1 0 0 0 0 0 0 0 0 0 1 0 1 0 0 1 0 0 0 0 1 1 0 1 0 1 0 0 0 1 1 0 1 1 0 1 0 0 1 0 0 1 1 1 1 1 0 1 1 0 1 1 0 0 0 0 1 
0 0 0 1 1 0 0 1 0 1 1 0 1 1 0 0 0 1 1 0 1 0 1 1 0 0 1 0 0 1 1 0 1 1 1 1 1 1 0 1 1 1 1 0 0 1 0 1 0 1 1 1 1 0 1 1 1 0 1 1 0 
1 0 1 0 1 0 0 1 0 1 0 1 1 0 0 0 0 1 1 1 0 0 0 0 1 0 1 0 1 1 0 0 1 1 1 0 0 1 1 0 0 1 0 1 1 0 0 1 1 1 0 1 1 1 1 1 1 1 1 0 0 
1 1 1 0 0 1 0 1 1 1 1 0 1 1 0 1 1 1 0 0 0 1 1 1 0 0 0 1 1 0 1 0 1 0 1 1 0 1 0 1 0 0 1 1 1 1 0 0 1 0 0 1 1 1 0 0 0 0 1 1 0 
1 0 0 1 1 1 1 0 0 0 1 0 0 0 1 1 1 1 0 1 1 1 1 0 1 1 0 1 0 0 0 1 0 0 1 1 1 0 1 1 1 0 1 1 1 0 0 0 1 1 1 0 0 0 1 0 1 1 1 0 1 
1 1 1 1 0 0 1 1 0 0 0 0 0 1 1 0 1 1 0 0 1 0 1 1 1 1 1 1 0 1 0 0 0 0 1 1 0 0 0 0 1 0 1 1 1 0 1 0 0 1 1 1 0 0 0 1 1 1 0 1 0 
1 1 1 1 1 0 1 1 0 0 0 0 1 1 1 1 1 1 1 0 0 0 0 0 1 0 1 0 0 1 1 1 0 0 0 1 0 0 1 0 0 1 0 1 1 1 0 0 0 0 0 1 0 1 1 1 1 1 0 1 0 
1 1 0 1 1 0 1 1 1 1 1 0 1 0 1 0 1 1 0 1 0 1 1 1 1 1 0 0 1 1 0 0 0 0 1 0 0 0 1 1 1 1 0 0 1 1 0 0 1 0 1 1 0 1 0 1 0 0 1 1 1 
1 1 0 1 0 0 0 0 1 1 1 0 1 1 0 1 1 0 0 1 0 1 1 1 1 0 1 1 1 0 0 0 1 0 0 1 0 0 1 0 1 0 0 1 1 0 0 0 1 0 1 1 1 1 0 0 1 1 1 1 1 
1 1 0 0 1 1 0 1 0 0 1 0 1 0 1 1 0 1 0 0 0 1 1 1 1 1 1 0 0 0 1 1 1 1 1 1 0 0 0 0 0 1 0 1 1 1 1 1 0 1 1 1 1 0 0 0 1 1 1 1 1 
0 1 1 0 0 0 0 0 0 1 1 0 1 0 1 1 1 1 1 1 0 0 0 1 1 0 0 0 1 0 0 0 1 1 0 1 1 0 0 1 1 1 1 1 1 1 0 1 0 1 0 0 0 0 1 1 0 0 1 0 0 
1 0 1 0 0 0 1 0 0 1 0 1 0 1 1 1 1 0 1 0 0 0 0 0 1 1 0 1 1 0 1 0 0 0 1 0 1 0 1 1 1 1 1 0 0 0 1 1 0 1 1 0 1 0 0 0 1 0 0 0 1 
1 1 1 0 0 0 1 0 1 0 0 0 1 0 0 1 1 1 1 0 0 1 1 0 1 0 0 0 0 0 1 1 1 0 1 1 0 0 0 1 1 0 1 0 0 1 0 1 0 1 0 1 1 1 1 0 1 1 0 1 0 
1 1 1 0 0 1 0 1 1 0 0 1 1 0 1 1 0 0 1 0 0 0 1 0 0 1 1 1 0 1 1 1 0 1 1 0 0 0 1 1 0 1 0 1 0 1 0 0 1 0 0 0 0 1 0 0 1 1 0 1 0 
1 0 0 0 0 1 0 0 0 1 0 0 1 1 0 0 0 0 0 0 1 0 0 0 0 1 1 1 1 0 0 0 1 0 1 1 1 1 1 0 1 1 0 0 0 0 1 0 0 1 0 1 1 1 0 1 0 1 0 1 0 
0 1 1 1 0 0 0 0 1 0 1 0 0 1 0 0 0 1 1 1 1 0 0 0 0 1 0 0 0 1 0 0 1 1 1 1 1 0 1 0 0 0 0 1 0 0 1 0 1 0 0 1 1 0 1 1 0 0 1 0 1 
1 0 0 0 0 0 1 0 1 1 0 0 1 1 0 0 1 0 1 1 0 0 0 1 0 0 1 0 1 1 1 1 1 0 1 1 0 1 1 1 0 0 1 0 1 1 0 0 0 1 0 0 0 0 1 0 0 0 0 0 1 
1 1 1 1 0 0 1 1 0 1 0 0 0 0 1 0 0 0 0 1 0 0 1 0 0 1 1 0 1 1 0 1 0 1 0 0 1 0 0 1 1 0 1 1 0 1 1 0 1 1 1 1 0 1 1 0 0 0 0 0 1 
0 1 1 1 1 0 1 1 0 0 0 0 0 0 0 1 1 0 0 1 1 1 1 0 0 1 1 1 1 1 0 0 0 0 1 1 0 0 1 0 1 1 0 1 1 0 0 1 0 0 0 1 1 1 0 1 0 1 0 1 0 
1 1 0 1 1 1 1 1 0 1 0 0 1 1 1 1 1 0 1 1 0 0 0 1 0 0 1 1 0 1 1 1 0 1 0 1 1 1 1 1 0 1 1 1 1 1 0 0 1 1 0 0 0 0 1 0 0 1 0 1 0 
1 0 0 1 1 0 0 0 1 1 1 0 1 0 1 0 1 0 1 0 0 1 0 0 1 1 1 0 1 0 0 0 0 0 1 1 0 1 0 1 1 1 0 0 1 1 0 0 1 1 1 1 1 1 0 0 0 1 0 1 1 
0 0 1 0 1 1 1 1 1 0 0 0 0 0 1 0 0 0 1 1 1 1 0 0 1 0 1 0 0 0 1 0 0 0 1 0 1 0 1 0 0 1 0 1 1 0 1 1 0 0 0 1 1 1 1 0 1 0 0 0 1 
1 0 1 0 1 1 1 1 0 0 0 1 0 1 0 0 0 1 0 0 0 1 0 1 1 0 0 1 1 0 0 0 1 0 0 0 1 0 0 0 0 0 1 0 1 0 1 1 1 1 1 1 1 1 0 0 0 1 1 1 1 
0 1 0 0 0 1 1 0 1 1 0 1 1 0 0 1 1 1 0 1 0 0 0 0 0 0 0 1 1 1 1 1 0 1 1 0 0 1 0 1 0 0 0 1 1 0 0 0 1 1 1 0 1 1 0 1 1 0 1 1 1 
0 0 1 1 0 0 0 1 0 1 1 1 0 1 0 0 1 0 0 0 0 0 1 1 0 1 1 0 0 0 1 0 0 0 1 0 0 1 1 1 1 1 0 1 0 0 1 1 0 1 0 0 1 1 0 1 0 1 1 0 1 
0 0 1 1 0 0 1 1 1 0 0 0 0 1 0 0 1 0 1 0 0 1 0 1 1 1 0 0 1 0 1 1 1 1 0 1 1 0 0 0 0 1 1 1 0 1 1 1 1 0 0 1 0 0 1 1 1 1 0 0 1 
1 0 0 0 0 1 1 0 0 0 1 1 1 0 1 0 1 1 0 0 1 1 0 1 0 1 0 1 1 1 1 1 1 1 1 1 1 1 0 1 1 1 0 0 1 1 0 0 0 0 0 1 0 0 0 0 0 1 0 1 0 
1 0 1 0 0 0 1 1 0 0 0 1 0 0 0 0 0 1 0 1 1 0 1 0 0 1 0 1 1 1 1 0 0 0 1 0 1 0 1 1 1 1 1 1 1 1 1 1 0 0 0 0 0 1 0 0 1 0 0 0 1 
1 1 1 0 0 1 1 0 0 0 1 1 1 1 0 1 0 0 1 0 0 1 0 0 1 1 1 1 1 1 1 0 0 0 0 0 0 1 1 0 0 0 0 1 1 0 0 0 0 0 0 1 1 1 1 1 0 0 0 1 1 
1 1 0 0 0 0 0 1 1 0 1 0 0 1 1 1 1 1 1 1 0 0 1 1 1 0 1 1 0 0 1 0 1 1 0 1 1 0 1 1 0 0 1 1 1 0 0 1 0 1 0 0 0 1 1 1 1 0 1 0 0 
0 0 1 1 0 1 0 0 0 1 0 0 0 1 0 1 1 1 1 1 1 1 1 1 0 0 0 0 1 0 0 1 0 1 0 0 0 1 0 0 0 1 1 1 0 1 0 0 0 1 1 1 0 0 0 0 0 1 0 0 1 
0 1 0 1 0 0 0 1 1 0 1 0 1 0 0 0 0 0 0 1 1 0 1 1 0 1 0 1 1 0 1 1 1 1 1 1 1 1 0 0 1 0 0 1 0 1 1 1 1 0 0 1 0 0 0 0 1 0 0 1 0 
1 0 0 0 1 1 1 0 0 0 0 0 0 1 0 1 0 1 1 0 0 0 0 0 0 1 1 1 1 0 1 0 1 1 0 0 1 1 1 1 1 1 1 0 0 1 1 0 1 0 1 1 0 1 1 1 0 0 0 1 1 
1 1 0 1 1 0 0 1 1 1 0 0 0 0 0 1 0 1 0 0 0 1 1 1 0 0 0 1 0 1 0 1 1 0 0 0 0 0 1 0 1 0 0 1 0 1 1 0 0 1 1 0 1 0 1 1 0 1 0 0 1 
0 1 0 0 0 0 1 0 0 1 0 0 1 1 0 0 0 1 0 0 0 0 1 0 0 0 0 1 1 0 0 1 1 0 0 1 1 1 0 1 0 0 1 1 1 1 0 0 0 0 0 0 1 1 0 1 1 0 0 0 0 
1 0 0 1 0 1 0 1 1 1 1 1 0 0 1 0 0 1 0 1 1 1 0 0 1 1 1 0 1 0 0 0 0 0 0 0 0 0 1 1 0 0 1 0 0 0 0 1 1 1 0 0 0 0 0 1 1 1 1 0 1 
0 1 1 0 1 1 0 1 0 0 1 0 1 0 1 1 0 0 0 1 0 0 1 0 0 1 1 1 0 1 1 0 0 0 1 1 0 1 1 0 1 0 1 0 0 0 1 1 0 1 0 0 1 0 0 1 1 1 1 1 0 
0 0 1 0 1 0 0 0 1 1 0 0 0 0 0 0 0 1 0 1 0 0 1 0 0 0 1 1 1 0 1 1 0 0 0 1 1 0 0 0 1 0 0 1 0 1 1 0 0 1 0 0 1 1 0 1 1 1 0 1 0 
0 0 0 0 0 0 1 1 0 0 0 0 0 0 0 1 1 1 0 1 1 0 0 0 1 0 1 0 0 0 0 0 1 1 1 1 1 0 0 1 0 1 1 1 1 1 0 0 0 0 1 1 1 0 1 0 0 1 0 0 1 
1 1 0 0 0 0 1 0 0 0 1 1 1 0 0 0 0 1 1 1 0 0 0 0 0 0 0 1 0 1 0 1 0 1 1 0 1 0 0 1 0 1 1 1 1 1 0 0 0 1 1 1 1 1 1 1 1 0 0 1 1 
1 1 1 0 0 1 1 1 1 0 1 1 1 1 0 1 1 0 1 0 1 0 1 0 0 1 1 0 1 1 1 0 0 0 0 0 1 1 1 0 0 1 1 1 0 0 0 1 0 0 1 0 0 0 0 0 1 0 0 1 1 
1 1 1 1 0 1 0 1 1 1 1 0 0 1 0 0 1 1 1 1 0 1 0 0 1 0 0 1 1 1 0 0 0 1 0 0 1 0 0 0 1 1 0 0 0 0 0 0 1 1 1 1 0 1 1 0 0 1 1 1 0 
0 1 1 1 1 1 0 0 1 0 1 1 0 1 1 0 0 1 1 1 1 0 0 0 0 0 0 1 1 1 0 1 1 1 1 0 0 1 0 0 0 0 1 0 1 0 1 1 0 0 1 1 1 1 1 1 1 0 0 0 1 
0 0 0 1 1 1 0 0 1 0 0 1 1 1 1 1 0 0 1 0 1 0 1 0 0 0 1 0 1 0 1 1 0 0 1 1 1 1 1 0 1 0 0 0 1 1 1 1 1 1 1 1 1 1 1 1 1 1 1 0 1 
1 0 1 1 1 0 0 0 1 0 1 1 0 1 0 1 0 1 1 1 1 0 1 0 1 0 1 0 0 0 1 1 0 0 0 1 0 0 1 0 0 0 1 1 1 0 0 1 1 1 1 0 1 0 0 1 0 0 1 0 0 
1 1 0 1 1 1 0 1 0 0 0 0 1 1 1 1 1 0 1 1 1 1 0 1 0 1 0 0 1 0 0 0 0 0 1 1 1 1 1 1 1 1 1 1 0 0 0 1 0 1 0 0 1 1 1 1 0 1 1 1 0 
1 1 0 1 1 1 0 0 0 1 0 1 0 1 1 0 1 1 0 1 1 0 0 0 0 1 1 1 0 0 1 1 0 1 0 1 1 0 1 1 1 1 1 1 0 0 1 0 1 1 1 1 0 1 1 0 0 0 1 0 1 
1 1 1 0 1 0 1 1 1 1 0 1 0 1 1 0 0 1 0 1 0 1 1 1 0 1 1 1 1 1 0 0 0 1 0 1 1 0 0 0 1 0 1 1 1 1 1 1 0 1 1 1 0 0 0 1 0 0 0 1 1 
0 1 0 1 1 1 0 1 0 0 0 0 0 1 0 1 1 1 1 0 0 0 1 1 1 0 1 1 0 0 0 0 1 0 1 0 0 1 0 0 1 0 0 1 0 0 0 1 0 0 1 0 0 0 1 1 0 0 0 0 0 
1 0 1 1 1 0 1 0 0 1 0 0 0 1 0 0 0 1 0 0 1 1 0 1 0 0 0 1 0 0 1 1 1 1 1 0 1 0 1 1 0 1 1 0 0 0 0 0 1 1 0 0 0 1 0 0 1 0 1 1 0 
1 1 1 0 0 0 1 0 1 0 0 0 1 0 0 1 1 1 1 0 1 1 0 0 1 0 1 1 0 1 0 1 0 1 1 0 1 0 0 0 0 1 0 1 1 1 1 0 0 0 0 1 1 0 0 1 1 1 0 1 0 
0 0 0 0 1 0 1 1 1 0 1 0 0 0 1 1 1 0 1 1 0 1 1 1 1 0 0 0 0 1 1 1 1 1 1 0 0 0 1 1 0 0 1 1 0 0 0 0 0 0 1 1 1 0 0 0 0 0 0 1 1 
1 0 0 1 1 0 1 1 1 0 0 1 1 1 1 1 1 1 0 1 1 1 0 1 1 0 0 1 1 1 0 0 1 0 1 0 0 0 1 1 0 1 0 1 0 1 1 0 1 1 1 0 0 0 1 1 0 1 0 1 0 
