44 59 2504
44 77 76 58 93 12 20 71 6 38 100 42 58 40 81 58 51 68 70 100 22 53 28 23 68 88 43 100 31 49 31 26 77 58 84 69 69 55 92 26 93 43 20 2 34 52 11 84 19 81 83 41 85 10 15 52 49 57 4 
31 57 34 57 33 92 40 54 12 94 45 90 38 87 9 39 20 60 2 3 31 82 86 23 18 47 37 70 96 46 73 78 54 58 34 87 1 25 92 65 19 36 54 8 22 62 47 93 73 100 47 3 33 84 77 50 31 66 19 
78 63 43 55 16 53 41 54 53 65 45 17 35 80 22 43 53 35 89 97 8 40 44 62 72 27 91 21 9 56 92 86 18 86 93 33 38 33 87 91 97 83 59 32 15 33 74 19 67 14 16 26 53 59 88 76 37 30 96 
46 85 87 83 2 73 75 86 62 59 24 4 8 7 63 39 21 95 64 39 13 29 6 39 33 64 78 8 53 7 3 50 91 42 32 44 66 59 29 27 17 53 31 76 11 45 66 83 91 29 21 3 9 27 93 41 42 70 48 
46 28 3 95 70 96 79 13 61 89 94 39 57 98 69 33 8 65 98 90 55 27 62 10 87 40 2 28 82 24 27 27 51 29 74 73 76 52 85 36 92 78 27 48 27 95 80 34 12 78 75 18 56 89 27 42 28 81 69 
61 4 48 88 6 28 13 78 4 16 15 91 7 44 17 54 71 64 34 56 75 63 83 92 18 71 71 59 98 51 80 59 6 79 98 11 6 62 41 9 77 55 100 35 50 68 88 20 31 73 28 57 35 10 49 52 80 19 63 
29 21 94 39 26 72 88 88 77 49 28 38 25 34 89 59 84 56 99 3 39 71 82 95 58 91 43 61 22 13 23 51 33 68 41 10 39 29 98 68 77 25 5 54 11 45 64 94 52 14 48 90 37 30 85 94 20 79 54 
94 44 29 96 28 96 36 38 35 64 35 54 93 59 58 46 69 54 61 14 5 75 62 95 11 43 79 4 14 9 9 7 52 37 2 80 33 38 17 19 53 3 72 45 13 81 42 82 34 3 47 38 77 60 84 87 2 14 42 
16 23 50 22 26 39 76 57 23 65 25 93 17 27 64 14 40 96 55 73 81 57 19 70 85 79 54 23 32 67 64 47 41 66 21 67 4 48 75 26 12 100 18 28 26 33 93 17 80 48 89 60 56 60 81 41 90 34 63 
21 53 79 20 93 44 40 11 47 87 86 24 98 37 93 77 14 77 22 31 56 69 71 67 24 30 47 16 19 33 79 92 85 9 11 29 52 50 92 50 88 29 25 37 17 17 65 30 93 86 60 100 6 83 66 82 12 64 97 
83 96 27 26 32 35 36 13 38 37 56 87 76 84 11 12 100 79 28 81 23 66 41 22 71 23 87 52 86 3 1 20 98 27 45 82 14 32 46 51 68 1 38 43 84 100 6 35 79 34 15 1 51 7 23 21 81 61 25 
19 15 25 38 13 51 35 46 64 66 91 15 86 91 4 80 26 3 38 12 33 71 78 34 21 85 8 93 17 20 17 35 35 41 25 99 44 59 44 59 76 86 25 61 28 28 93 53 83 30 16 15 52 93 100 24 77 7 16 
94 27 85 80 13 25 4 11 20 62 6 79 38 91 3 50 18 83 42 22 65 23 37 31 74 29 31 97 58 37 65 3 15 49 82 27 25 86 89 45 99 94 23 88 84 77 38 1 59 31 74 75 54 10 6 79 91 36 76 
48 24 40 2 39 40 83 17 64 20 6 8 19 99 82 6 35 59 95 87 69 26 61 44 31 22 49 9 12 36 36 11 59 27 64 49 66 47 18 30 18 75 89 36 73 71 42 59 81 36 46 49 13 6 44 43 79 44 4 
43 79 91 5 38 18 69 38 35 67 55 64 84 29 5 20 54 75 13 12 7 100 9 55 13 14 99 7 45 42 62 87 73 53 43 62 70 11 99 56 29 54 72 13 34 76 84 39 2 48 51 8 47 59 62 59 25 12 66 
21 6 27 7 30 31 1 91 52 12 89 8 92 94 79 56 80 54 91 18 7 38 20 14 85 79 27 95 55 91 12 75 48 91 33 77 21 33 67 73 96 55 32 40 1 10 95 80 15 86 97 21 23 17 86 59 47 12 6 
1 2 17 27 49 7 11 77 80 95 43 4 43 98 35 82 98 44 28 77 10 13 25 82 88 41 67 98 39 30 3 91 84 20 17 84 78 79 61 57 26 3 60 68 52 46 1 1 41 28 29 50 93 54 83 32 46 1 29 
85 31 84 75 14 3 44 97 32 74 9 41 99 12 52 18 63 98 70 16 38 98 44 40 42 97 22 73 43 23 53 79 53 36 53 18 90 48 66 22 22 75 14 20 38 65 90 52 62 59 67 100 8 11 39 49 7 12 73 
1 34 26 31 38 61 36 55 51 83 73 24 4 99 37 76 36 1 65 87 15 23 54 66 31 64 56 31 22 67 4 75 1 29 5 90 41 40 45 91 75 69 66 78 67 2 5 2 55 21 40 69 44 93 86 26 8 41 8 
82 7 11 56 59 39 12 49 32 4 45 74 78 13 40 7 79 93 12 32 99 32 71 19 27 16 4 4 23 44 12 4 51 22 11 9 13 23 9 44 78 53 17 55 65 8 61 95 1 24 78 51 8 49 70 34 16 73 38 
90 17 49 46 19 22 56 79 86 30 88 29 7 40 98 13 57 57 26 51 9 49 29 60 56 29 29 42 96 1 31 85 69 31 30 87 52 86 18 38 67 5 18 26 96 67 38 52 76 63 3 84 64 83 95 71 63 23 12 
58 76 42 42 44 72 72 83 76 9 100 13 27 56 82 52 51 1 90 3 76 4 57 11 19 91 6 90 53 80 53 10 55 95 3 99 18 26 33 93 34 84 57 61 39 91 64 89 91 5 43 18 61 51 80 79 41 85 20 
45 65 73 6 19 19 9 69 36 34 53 81 20 36 89 32 74 79 95 15 21 52 9 90 12 60 70 90 52 54 62 49 70 34 54 41 4 14 61 91 100 14 71 71 1 60 54 75 90 100 41 11 51 49 52 62 60 21 4 
12 27 65 60 96 50 65 36 5 79 49 95 30 14 66 100 14 77 53 88 18 52 80 28 55 29 32 16 88 52 71 51 78 87 10 26 88 27 13 92 57 61 87 86 74 4 37 88 32 41 27 49 44 7 29 98 35 60 66 
74 11 88 25 41 75 34 66 14 12 78 6 68 39 44 5 64 99 41 51 30 33 78 30 77 36 58 74 22 69 91 95 32 79 19 24 5 5 89 18 16 18 23 84 8 18 88 72 16 81 22 97 13 51 79 41 38 88 15 
59 57 57 54 40 35 72 63 39 28 51 9 44 68 83 79 76 1 18 99 68 50 72 17 63 23 95 3 60 82 69 19 38 78 24 29 12 47 91 3 75 41 63 18 61 45 48 88 45 17 86 65 67 57 81 29 31 27 83 
43 8 4 13 98 81 36 26 92 82 17 46 56 9 8 25 21 5 24 8 1 41 45 65 7 54 97 87 36 23 69 78 83 72 42 80 52 77 57 96 11 73 93 18 34 53 95 54 57 18 14 57 10 10 74 16 63 70 2 
99 45 23 28 27 46 70 58 50 98 14 97 8 87 89 78 72 93 72 77 49 41 90 58 3 52 31 18 66 52 72 64 96 46 44 74 91 13 31 40 10 45 36 70 83 77 99 54 69 22 30 18 14 72 27 16 23 9 34 
88 60 57 4 8 2 47 81 92 11 64 84 72 8 19 41 90 95 91 95 64 12 24 33 26 47 11 41 69 19 26 9 78 82 12 37 83 10 18 27 20 33 10 91 40 80 84 81 75 74 75 90 38 50 74 63 49 84 3 
17 54 81 25 83 62 88 20 97 97 89 75 16 21 84 59 60 63 42 92 89 67 18 30 4 19 55 66 67 90 21 84 43 53 60 26 14 48 45 62 96 85 36 12 5 71 70 16 34 63 7 74 29 76 56 85 94 10 50 
61 100 22 96 94 74 55 19 40 54 15 1 50 99 89 13 55 59 82 70 44 96 28 70 76 3 25 60 97 34 62 9 85 35 4 79 9 10 97 100 64 64 52 65 62 40 77 17 51 10 38 94 5 66 63 32 68 39 92 
16 73 53 24 9 87 27 87 47 37 36 98 52 99 50 16 12 41 44 80 91 53 18 85 9 83 99 40 2 38 31 18 62 35 93 70 74 20 57 20 8 44 70 59 42 19 26 53 59 69 33 50 73 2 86 81 36 36 20 
37 25 3 6 86 37 99 8 62 70 16 34 29 59 3 39 100 21 16 4 31 84 88 32 56 89 17 88 76 5 7 13 29 61 70 67 98 20 74 11 41 89 44 69 47 46 59 98 66 74 1 49 57 89 80 64 29 49 51 
5 53 10 69 81 70 90 47 19 10 72 30 50 60 73 71 58 19 29 55 36 55 56 36 63 96 16 79 76 64 29 32 68 90 100 100 12 42 99 30 51 70 11 52 82 36 74 39 54 55 94 41 9 1 77 23 48 44 1 
23 7 30 55 26 71 6 25 82 99 75 64 49 45 74 53 26 9 26 16 14 32 9 55 92 9 83 15 8 26 15 31 84 96 37 61 67 94 85 48 93 60 11 93 56 37 97 33 45 23 48 59 6 57 65 98 17 99 12 
25 76 78 7 59 74 95 19 40 40 55 39 32 66 50 77 21 86 73 5 82 47 53 92 53 61 8 2 29 6 65 5 81 42 11 91 15 57 61 54 97 68 93 80 33 94 56 6 31 29 10 12 27 62 56 79 74 63 32 
3 69 96 7 1 38 70 44 52 26 4 58 22 71 2 2 56 95 9 61 77 89 70 40 16 84 95 46 57 58 78 11 78 25 18 30 62 87 73 66 64 29 23 86 51 76 39 6 70 99 66 46 88 88 37 55 23 32 100 
31 41 29 42 18 54 59 47 67 97 72 32 60 100 6 97 50 81 87 56 2 86 73 99 25 12 36 79 86 67 30 17 59 59 58 76 64 68 74 30 64 97 14 75 96 19 72 98 52 58 5 5 95 29 4 19 93 91 97 
78 9 27 94 67 37 3 94 100 22 19 29 85 16 42 12 63 13 83 60 16 40 16 20 87 97 75 5 89 17 54 66 25 32 12 43 68 66 36 67 88 55 47 24 70 41 35 84 5 17 96 20 9 11 91 95 7 18 51 
95 34 4 13 11 35 76 53 2 41 89 20 28 95 19 4 64 11 38 99 15 7 94 86 67 57 76 61 63 45 63 10 79 67 74 89 1 49 41 55 41 81 26 21 75 96 24 90 6 61 89 20 19 82 57 85 38 85 97 
53 29 60 14 7 78 87 47 78 87 88 84 27 68 62 47 95 57 70 84 63 83 72 34 1 6 91 38 95 75 34 47 55 45 12 62 22 50 8 52 36 47 35 63 67 96 61 61 53 83 44 67 65 68 100 17 73 42 54 
67 68 40 66 23 84 29 36 6 79 95 9 14 42 43 28 8 91 89 20 95 71 63 61 87 30 12 3 54 6 9 73 25 48 90 47 83 18 34 40 96 29 48 10 22 43 89 81 33 77 100 79 99 62 91 85 44 54 40 
49 59 48 21 84 47 10 82 81 28 68 21 23 96 68 84 69 62 73 49 46 1 48 24 52 61 14 36 56 20 27 5 78 74 25 13 72 87 47 53 14 66 25 88 13 92 24 81 54 48 29 99 48 28 75 51 40 40 87 
96 59 65 100 89 91 76 53 62 62 51 66 27 16 90 67 28 34 90 8 39 37 88 37 36 15 63 87 55 3 25 2 61 89 53 1 79 80 54 93 42 4 58 20 20 48 86 47 33 27 7 71 63 94 59 51 61 22 89 
0 1 0 1 1 0 1 0 1 0 1 1 1 0 0 1 1 1 0 0 1 1 0 1 1 1 0 1 1 1 1 1 0 1 0 1 0 1 1 1 0 0 0 1 1 0 0 0 0 1 0 1 0 0 1 1 0 1 1 
1 0 0 1 0 0 1 1 0 1 1 1 1 1 1 0 0 1 1 1 1 0 1 1 0 0 0 1 0 1 0 1 1 1 0 1 1 0 0 1 1 1 0 0 1 1 0 1 0 1 0 0 1 0 1 1 0 1 1 
0 0 1 1 1 0 0 0 1 0 0 0 1 0 0 1 1 1 1 0 0 1 1 0 0 1 1 0 1 0 1 1 0 0 0 1 1 0 1 0 0 1 1 1 1 1 0 0 1 0 1 1 1 0 1 1 1 0 1 
0 0 0 1 0 1 1 1 0 0 0 0 0 1 1 0 1 1 0 1 0 0 0 1 1 0 0 1 1 0 0 1 0 1 0 0 0 0 1 0 0 1 0 0 0 0 0 1 1 1 1 1 1 1 0 1 0 0 0 
1 0 0 1 0 1 1 0 1 1 1 1 1 0 0 0 0 0 0 0 1 1 1 0 1 0 0 0 0 0 0 0 0 0 1 0 0 0 0 1 0 1 1 1 1 1 1 1 1 0 1 0 1 0 0 0 1 0 0 
1 0 0 1 0 1 0 0 1 1 0 0 1 1 1 0 0 0 0 1 1 0 1 1 1 1 1 0 0 1 0 0 1 1 1 1 0 0 1 1 1 1 1 0 0 1 0 0 1 0 0 1 0 1 0 0 0 0 0 
1 1 0 1 1 1 0 0 1 0 0 0 1 1 0 1 0 1 0 0 0 0 0 1 1 1 0 1 0 0 1 1 1 1 0 0 1 0 1 0 1 1 1 0 0 1 0 0 0 0 1 0 0 1 0 1 1 0 0 
1 0 1 0 1 1 0 0 0 0 1 0 1 0 1 0 0 0 0 1 0 0 0 1 0 1 1 0 0 1 0 1 1 0 1 0 1 1 0 1 0 1 1 1 1 1 1 0 1 1 1 0 1 1 1 0 0 0 0 
1 1 0 0 0 0 0 0 1 1 1 0 1 0 0 1 0 1 0 0 0 0 1 0 1 0 1 1 0 1 1 1 0 0 0 0 0 0 1 0 1 0 0 1 0 0 0 0 1 0 0 0 0 1 0 0 1 0 1 
0 1 1 1 0 1 1 0 1 1 1 1 1 1 0 0 0 0 0 0 0 0 1 0 1 0 0 1 0 0 0 0 0 1 1 0 0 1 0 0 0 0 1 1 1 1 1 1 0 1 0 0 0 1 0 1 1 0 0 
1 1 0 1 1 0 1 1 0 0 1 0 0 1 0 0 1 1 1 0 1 1 0 1 1 1 1 0 1 0 0 0 1 0 0 0 0 1 1 1 1 0 1 1 0 1 1 1 1 1 1 0 0 0 0 1 1 1 1 
0 1 1 1 0 1 1 0 0 0 1 1 1 0 0 0 0 0 0 1 1 1 0 1 1 0 1 0 0 1 1 0 0 0 1 1 1 0 1 1 0 1 0 1 1 1 0 1 1 0 0 0 1 0 1 0 1 1 0 
1 0 1 1 0 1 1 1 0 1 1 0 0 0 0 1 1 1 1 0 0 1 0 0 0 0 0 0 1 1 0 0 1 1 0 1 0 1 1 1 0 0 1 0 0 1 0 1 1 1 1 1 1 1 0 1 1 0 0 
1 1 0 1 0 0 1 1 0 0 0 1 1 0 0 1 0 0 1 1 1 1 0 0 0 1 0 1 1 0 1 0 1 0 1 1 0 1 1 0 1 1 0 0 0 0 0 0 0 1 0 1 0 0 0 0 0 0 0 
1 1 1 1 0 1 0 0 1 1 1 0 1 0 0 1 0 0 1 1 1 1 1 0 1 1 0 0 1 1 0 0 0 1 1 0 1 0 0 0 1 1 0 0 0 0 0 0 1 1 1 0 0 0 0 0 0 1 0 
1 0 0 0 0 1 1 0 0 1 1 1 1 0 1 1 0 0 1 1 1 1 0 1 1 1 1 1 1 0 1 0 0 1 0 0 1 0 1 1 1 0 0 0 0 0 0 1 0 1 0 1 0 0 0 0 1 1 1 
0 0 1 1 0 0 1 1 1 1 0 1 1 0 1 1 0 1 1 1 1 1 1 0 1 0 0 1 1 0 1 0 0 0 1 0 0 0 1 0 0 1 1 1 1 0 0 0 0 0 1 1 1 1 0 0 1 0 0 
0 0 1 0 0 1 1 1 1 0 0 1 0 0 0 1 1 1 1 1 1 1 1 0 0 0 0 1 1 1 1 1 1 0 0 0 1 1 1 0 1 1 0 1 1 0 0 1 1 0 0 0 1 1 1 0 1 1 1 
0 0 0 0 0 0 0 0 1 1 1 1 1 0 1 0 0 0 1 1 1 1 1 0 0 1 1 0 0 0 1 1 1 1 1 1 1 1 1 0 0 0 0 1 0 1 0 0 1 1 1 1 0 1 1 0 0 0 1 
0 0 0 1 1 0 0 0 1 1 1 0 0 1 0 1 0 1 1 0 1 0 0 0 0 1 1 1 1 1 0 1 1 0 1 1 0 1 1 0 1 1 0 1 0 0 0 0 1 0 1 0 0 1 0 1 0 1 0 
1 0 0 0 0 0 1 1 1 1 0 1 0 1 1 1 0 1 1 0 0 1 1 1 0 0 1 1 0 1 1 1 1 1 0 1 1 1 0 0 0 1 1 0 0 0 1 0 1 1 1 0 0 0 1 0 1 0 1 
1 1 0 1 1 1 1 0 1 0 1 1 1 0 1 1 0 1 1 1 1 0 0 1 0 0 0 1 1 0 0 1 0 1 0 1 0 1 1 1 1 0 1 0 0 0 0 1 1 1 0 0 1 0 1 1 0 1 0 
0 0 1 1 0 0 1 1 0 0 0 0 1 1 1 0 1 1 0 0 0 1 0 1 0 0 0 1 1 0 0 1 0 1 0 0 1 1 1 1 1 1 1 0 0 0 0 0 1 0 0 0 1 1 1 1 1 1 1 
0 1 1 1 1 0 1 1 1 0 0 0 1 0 0 0 0 0 0 0 0 1 1 0 0 0 1 0 1 0 1 0 0 0 1 1 0 1 1 1 1 1 1 1 1 1 1 0 0 1 0 0 0 1 0 1 1 1 1 
1 1 0 1 1 0 0 1 0 1 0 1 1 1 0 0 1 0 1 1 0 0 1 0 1 1 0 0 0 1 1 1 0 1 0 0 1 1 1 1 0 1 0 1 0 0 1 1 0 0 0 0 1 0 0 0 1 0 0 
1 1 1 1 0 0 1 0 1 0 1 0 1 0 0 0 0 0 0 0 1 0 0 1 1 0 0 1 1 0 1 1 0 0 0 0 0 1 0 1 0 1 1 1 1 1 1 1 0 1 1 1 0 0 0 1 0 0 1 
0 1 0 1 1 1 1 1 1 0 1 1 0 0 0 1 1 0 1 0 0 0 0 1 0 0 1 0 0 0 1 0 1 1 1 0 0 0 1 0 1 0 1 1 0 1 1 1 1 0 1 1 0 1 0 1 1 0 1 
0 0 0 0 1 1 0 1 0 0 0 0 1 0 1 1 0 0 0 1 0 0 0 1 0 0 0 1 1 0 0 1 0 0 0 1 0 0 0 0 0 0 0 0 0 1 1 0 1 1 1 1 1 1 1 1 1 1 1 
1 1 1 0 1 0 0 0 0 0 0 0 1 0 0 1 0 1 0 0 0 1 1 0 0 0 1 1 0 0 0 1 1 0 1 0 0 0 0 0 0 0 0 1 0 0 0 0 1 0 0 1 1 1 1 1 1 0 1 
1 0 1 0 1 1 0 1 1 0 1 1 0 1 1 0 1 1 0 1 0 1 1 0 0 0 1 0 0 0 1 1 0 0 0 0 0 0 1 1 0 1 1 0 0 0 0 0 0 1 1 0 0 1 0 0 1 0 0 
1 0 1 1 0 0 1 0 0 1 0 1 1 1 0 1 1 1 0 1 1 1 1 1 1 0 0 1 1 0 0 1 0 1 0 0 1 1 1 1 0 1 1 1 0 1 0 1 0 0 1 1 1 0 1 0 0 1 0 
1 1 0 0 1 1 0 1 1 1 0 0 1 1 1 0 1 1 1 1 1 1 0 1 1 0 0 1 0 1 1 1 0 1 0 1 1 0 0 0 0 1 0 1 0 0 0 0 1 1 1 0 0 1 1 1 1 1 1 
1 0 0 0 0 0 0 1 1 1 0 1 1 1 1 0 1 1 0 1 0 1 0 1 0 1 0 1 0 0 0 1 0 1 0 1 1 0 0 0 1 0 1 0 1 0 1 1 0 1 0 0 1 1 1 1 0 0 0 
1 0 1 0 0 0 0 1 1 1 0 1 0 0 0 1 0 0 0 1 0 1 1 1 0 0 0 1 1 0 0 0 0 1 0 1 1 1 0 0 0 0 1 0 1 1 1 1 1 1 0 0 1 1 1 1 0 1 1 
1 0 1 1 0 0 1 1 1 0 0 1 0 0 0 1 1 1 0 0 0 0 0 0 1 0 1 0 0 1 1 1 1 0 0 1 0 1 1 1 0 1 0 0 1 0 1 1 1 0 1 0 0 0 0 1 0 0 1 
0 1 1 1 0 1 1 1 0 0 0 1 0 1 0 1 1 0 0 0 0 0 1 0 0 1 0 1 1 0 1 1 1 0 0 1 1 1 1 1 0 1 1 0 1 1 1 0 1 0 0 1 0 1 1 1 1 0 0 
0 0 1 0 0 1 0 1 1 0 0 0 0 0 1 0 1 0 0 1 0 0 1 1 0 0 1 1 1 1 0 0 1 1 0 1 1 0 1 0 0 1 0 0 1 0 1 0 0 1 1 0 1 0 0 1 1 1 1 
0 0 1 0 1 0 0 1 1 1 0 1 1 1 0 0 1 0 1 1 0 0 1 1 1 1 1 0 0 0 1 1 0 0 1 1 1 0 0 0 1 0 0 0 0 0 0 1 0 1 0 0 1 1 1 0 1 0 1 
1 0 0 0 0 1 0 0 0 0 0 0 1 1 0 1 1 0 0 0 0 1 0 1 1 0 0 1 1 1 0 0 1 1 1 0 0 1 0 0 1 0 0 0 1 1 1 0 1 1 0 0 1 1 1 0 1 1 1 
0 0 0 0 0 1 1 0 1 0 0 1 1 0 1 1 0 0 1 0 0 0 1 0 1 0 1 1 1 0 1 1 1 1 1 1 0 1 1 1 1 1 0 1 1 1 0 1 0 1 0 0 0 1 0 1 1 1 1 
0 1 0 1 0 1 0 1 1 1 0 0 1 1 0 0 1 1 0 0 1 0 0 1 0 1 1 1 0 0 0 0 0 0 1 0 1 0 0 0 1 0 0 0 0 0 0 1 0 1 1 1 1 0 1 1 1 0 0 
0 1 1 0 1 1 0 1 1 0 1 1 1 0 0 0 0 0 0 1 0 1 0 0 0 0 1 1 0 1 0 0 0 1 0 1 0 0 1 1 0 0 1 0 0 1 0 0 1 0 1 0 0 0 0 0 0 1 0 
0 0 0 0 1 1 1 0 1 1 1 1 0 0 0 0 0 1 0 1 0 0 0 0 0 0 0 1 1 1 1 1 0 1 0 1 0 1 1 1 0 1 0 0 1 0 0 1 1 0 0 0 1 1 0 1 1 1 0 
0 0 1 0 0 0 0 1 0 1 1 0 1 0 0 0 1 1 0 0 0 1 1 0 0 0 1 1 1 0 0 0 0 1 0 1 0 0 0 0 1 1 0 0 1 1 0 0 0 1 1 0 0 0 1 0 0 0 1 
