53 59 716
63 52 48 9 46 61 99 12 23 86 97 24 85 43 29 21 42 77 8 53 46 74 68 99 21 5 15 14 30 93 71 93 96 70 1 41 30 51 5 5 36 1 28 72 43 8 92 36 84 52 40 81 25 59 80 46 63 46 11 
93 38 33 37 33 2 89 26 84 39 30 88 27 30 67 98 24 75 42 12 58 93 3 91 69 62 70 66 76 15 77 68 5 61 4 89 63 44 66 98 83 47 37 9 28 3 6 4 29 99 67 39 91 69 29 12 30 50 77 
6 16 53 25 20 66 81 61 28 24 78 77 6 25 13 66 52 15 72 55 44 22 21 34 13 42 62 76 23 11 52 28 26 57 5 98 22 85 10 1 60 87 77 18 63 89 83 67 55 6 21 50 28 94 83 40 87 44 15 
9 54 18 89 32 74 93 81 47 29 90 47 88 28 23 57 91 63 40 57 18 45 29 67 72 74 50 63 60 45 29 69 51 47 9 82 72 1 62 19 81 3 65 20 30 40 77 72 2 16 28 19 12 57 38 84 82 87 98 
42 31 27 62 33 73 22 14 96 74 27 14 54 81 31 73 11 70 1 82 71 68 62 42 80 18 79 15 51 65 12 44 47 38 57 80 62 78 45 58 51 24 23 4 4 53 29 14 22 29 48 93 49 9 86 28 78 64 42 
28 80 5 72 78 43 28 57 56 58 54 65 8 77 88 64 80 40 92 46 62 72 45 6 20 53 91 99 82 6 92 9 85 97 32 62 91 12 71 46 69 24 11 28 52 98 91 83 89 82 80 2 6 24 7 77 28 49 76 
9 54 67 70 90 15 53 52 5 16 74 3 36 49 13 64 100 62 54 34 2 88 14 4 45 37 62 21 17 11 96 25 16 15 46 58 29 99 61 86 66 34 88 2 82 52 65 81 65 70 14 66 57 79 69 53 68 31 74 
84 93 69 60 60 35 6 17 16 56 77 1 21 10 40 22 43 91 86 23 55 8 89 20 16 19 41 69 86 71 42 69 63 62 29 74 97 34 91 64 41 67 64 61 29 55 83 71 45 20 46 51 27 86 22 43 4 62 11 
90 84 4 10 98 65 38 72 13 23 62 76 63 80 91 24 60 45 58 31 89 29 28 91 8 65 13 2 20 26 64 9 10 67 71 7 31 8 78 44 83 91 71 45 71 62 20 30 6 29 12 47 58 91 89 65 55 1 66 
75 27 29 35 88 47 5 94 77 65 24 72 47 14 95 43 84 56 15 66 13 43 29 11 52 20 100 68 26 52 85 52 30 65 39 17 11 43 11 40 59 86 11 57 99 57 100 35 12 14 100 77 8 80 87 60 51 38 27 
77 90 12 80 19 76 18 36 87 13 98 78 23 83 40 80 81 97 31 67 8 96 18 36 3 98 23 14 48 12 41 76 1 4 8 20 31 25 7 69 89 4 46 12 38 86 91 70 82 21 37 41 16 54 77 70 51 51 84 
51 62 76 78 15 79 85 34 9 10 92 78 98 95 23 9 84 60 51 53 41 23 41 82 38 95 58 60 97 60 43 47 73 70 25 87 48 9 20 8 70 11 37 20 57 12 80 92 71 31 45 12 53 85 45 43 31 2 2 
28 13 96 26 85 65 2 72 64 11 43 71 32 6 60 51 14 71 31 6 41 13 50 4 65 86 48 7 17 1 60 96 13 55 21 50 71 23 21 34 85 15 57 68 20 68 19 34 38 1 39 30 13 40 34 29 77 33 36 
93 34 47 40 98 54 61 47 24 35 19 10 71 86 18 38 5 85 8 90 74 8 28 55 72 19 88 1 96 73 88 40 6 34 80 55 39 92 54 15 78 72 76 48 57 93 37 14 29 97 3 54 56 83 8 28 1 48 80 
48 20 67 88 77 52 19 31 91 10 36 57 39 60 32 38 68 76 74 81 4 70 36 9 26 18 16 5 70 63 84 18 34 2 5 10 53 23 93 95 84 28 3 22 87 34 11 55 9 36 87 64 6 22 72 83 39 88 39 
9 2 22 78 36 23 82 97 27 56 89 74 39 69 76 12 55 62 74 61 70 9 48 86 14 21 57 48 60 96 86 20 98 59 97 85 33 30 81 12 85 22 37 75 90 12 38 96 73 11 9 95 19 56 80 85 76 88 84 
87 84 22 58 33 80 6 69 65 87 1 28 23 22 64 97 63 27 86 59 52 48 67 46 67 74 77 3 1 64 86 40 99 7 49 83 39 7 51 55 93 52 82 16 25 45 64 40 71 2 98 22 49 16 19 67 41 95 69 
93 11 55 84 9 13 33 44 3 91 94 57 83 97 38 50 74 82 66 13 5 67 62 26 67 29 97 34 21 43 2 13 53 8 97 14 21 81 57 23 23 2 80 5 51 69 7 24 51 24 88 55 90 49 32 56 77 28 89 
49 71 43 61 75 50 9 88 22 41 96 97 63 50 28 20 100 96 78 75 46 1 62 52 90 62 36 97 90 15 38 38 37 32 50 12 81 11 51 55 51 99 51 66 48 78 85 99 73 62 25 71 14 38 74 55 99 61 51 
40 76 40 29 12 71 78 75 4 88 26 58 91 76 8 56 23 37 92 73 61 5 97 83 18 86 9 72 36 69 74 75 44 14 3 8 36 32 82 39 20 59 96 62 34 55 17 8 43 60 32 56 64 80 38 33 65 98 56 
100 67 29 26 62 94 28 69 30 12 3 68 31 61 16 44 95 22 12 54 65 71 86 20 86 65 9 70 30 7 25 81 73 53 7 86 99 86 55 28 97 57 47 79 69 62 22 15 84 33 69 100 55 6 71 40 70 79 61 
51 37 85 32 61 90 90 47 88 75 1 67 24 9 13 2 77 27 76 44 10 8 12 61 15 17 31 54 38 9 67 89 46 51 72 58 40 61 4 79 87 56 45 10 64 10 64 93 36 39 36 97 98 99 57 12 67 39 18 
56 99 84 96 96 86 67 54 78 79 57 56 18 13 53 79 28 14 42 72 49 32 7 45 30 57 53 93 75 91 10 31 89 45 26 85 31 45 38 8 23 46 15 92 58 19 71 86 32 12 57 80 44 16 76 25 24 80 17 
51 22 79 81 63 75 58 99 57 2 88 64 77 33 31 68 43 1 38 80 33 2 88 64 97 55 92 73 79 71 89 81 45 19 61 7 46 18 57 2 72 44 18 48 28 48 15 70 48 5 49 32 6 37 96 54 43 87 26 
73 9 66 53 5 37 13 63 82 83 19 83 6 62 100 53 90 47 19 59 47 23 60 78 80 48 25 85 90 11 10 63 72 76 15 76 12 80 91 93 14 9 27 19 71 27 71 12 25 41 22 71 16 81 1 47 80 25 32 
70 88 41 84 11 68 98 38 31 77 28 75 90 37 2 60 59 80 30 70 4 71 43 27 38 76 27 84 55 51 15 76 90 8 59 100 75 57 38 58 85 65 32 27 53 85 86 11 64 68 32 68 90 75 94 27 50 20 10 
56 22 25 32 64 32 90 15 58 98 52 15 35 69 47 61 73 31 98 84 47 65 67 14 54 41 7 80 42 78 90 50 51 66 81 14 49 22 29 6 72 32 21 6 52 19 18 25 1 15 60 47 80 26 12 85 19 70 65 
12 47 6 61 50 23 93 15 71 15 95 76 86 79 48 43 30 18 60 6 71 74 17 17 53 95 81 38 13 50 54 24 49 11 37 98 33 29 64 3 95 59 30 80 89 78 22 70 95 81 76 17 7 92 34 11 38 66 48 
50 15 53 26 63 63 62 12 95 42 28 97 37 38 27 68 26 56 42 95 2 74 22 19 80 66 4 91 3 69 90 53 83 43 30 98 57 43 61 52 84 88 100 72 77 78 40 2 85 81 97 87 54 70 57 86 35 60 76 
38 80 17 42 14 11 71 11 68 13 24 71 48 63 22 20 40 52 11 93 36 43 89 74 48 59 30 33 45 41 60 82 20 77 23 34 87 45 96 6 9 71 28 57 34 50 28 25 53 90 17 88 32 58 62 79 68 43 12 
12 84 71 94 55 99 68 88 38 13 84 43 21 54 71 29 39 72 8 63 24 97 80 63 28 37 76 7 4 19 18 15 54 40 60 8 39 28 96 76 92 31 70 64 36 92 93 27 63 52 89 38 49 20 1 76 56 76 34 
11 46 3 78 99 43 89 7 33 68 54 60 59 36 81 23 23 73 67 49 87 18 38 25 18 57 77 94 65 52 27 27 98 30 4 48 24 93 6 8 12 11 67 71 46 47 45 69 19 63 17 58 32 6 82 50 15 58 95 
31 61 73 57 10 54 13 10 29 57 15 36 68 26 2 90 23 1 34 91 71 48 60 28 80 17 61 81 83 70 75 13 31 99 70 92 53 34 1 81 90 16 17 57 93 70 47 15 70 32 58 93 80 69 20 11 37 81 91 
20 2 65 32 84 15 53 76 67 86 28 100 27 95 68 36 87 37 34 54 59 65 11 51 96 31 70 6 67 2 48 86 4 64 18 39 79 22 14 45 8 42 44 34 36 11 69 75 100 2 28 58 19 90 60 66 20 81 72 
86 35 19 24 90 83 41 28 61 62 42 57 21 35 53 7 70 15 75 96 14 29 23 23 99 12 82 64 83 63 87 69 97 58 44 86 40 36 65 52 97 6 60 70 40 12 76 62 79 2 57 92 82 32 67 80 43 100 44 
26 14 82 46 10 39 89 47 30 24 12 33 72 69 93 93 61 56 68 74 34 22 30 78 3 61 96 35 56 95 30 33 9 11 78 70 50 18 69 79 93 32 12 64 100 56 57 60 11 76 85 97 97 15 26 52 27 21 86 
34 15 15 66 75 77 95 45 26 12 13 57 4 44 20 20 95 75 28 7 37 3 91 33 52 57 10 55 36 30 40 69 97 6 87 71 82 81 67 60 45 31 68 48 26 87 19 21 61 46 79 49 1 69 34 4 78 43 58 
13 25 49 81 21 6 67 43 87 100 10 98 44 40 65 91 66 3 62 38 15 7 16 64 59 36 97 62 13 39 19 25 15 67 58 35 72 76 78 11 75 39 60 18 30 77 61 95 79 22 84 94 80 99 57 39 35 5 100 
99 95 71 24 10 89 81 96 13 8 73 75 83 63 34 100 93 62 12 39 41 33 23 86 13 73 94 3 59 98 2 58 44 24 33 53 13 65 49 25 72 73 51 54 36 84 6 28 46 17 66 38 2 40 23 66 13 16 68 
71 65 21 80 8 45 12 61 9 76 61 85 48 33 35 53 68 18 10 47 15 27 65 4 28 4 78 45 68 45 12 91 9 32 70 17 28 34 29 88 61 89 72 60 73 6 13 93 76 22 91 42 100 55 46 79 11 75 23 
78 20 34 20 28 18 42 96 97 75 24 85 35 64 56 95 89 62 59 81 89 32 71 30 32 78 27 10 88 2 33 17 21 18 37 100 35 30 96 84 4 71 68 90 87 75 36 75 88 94 7 76 78 29 6 9 58 84 70 
45 85 2 14 57 72 2 57 6 31 52 41 86 74 8 27 60 35 63 86 22 8 92 98 85 73 55 45 30 38 15 27 75 68 92 31 39 93 87 97 75 90 37 12 64 97 38 23 31 100 9 52 8 52 1 44 76 55 89 
6 45 3 32 19 22 23 49 61 67 88 57 41 77 93 52 40 41 41 15 71 41 75 23 100 78 75 43 54 30 83 59 26 37 42 44 59 16 44 19 82 31 27 74 60 71 77 99 12 17 65 82 9 39 56 8 17 31 3 
22 12 37 80 37 74 73 32 84 88 75 54 21 58 80 46 17 50 22 67 61 90 32 95 99 22 50 58 90 32 12 11 43 49 90 31 74 14 62 9 1 89 62 21 98 41 18 66 90 39 32 3 81 15 97 31 37 98 88 
26 30 52 37 24 52 78 7 25 92 20 33 92 60 94 65 57 86 34 22 27 73 6 29 5 20 25 35 56 75 74 82 4 25 18 79 76 47 85 52 38 5 36 82 64 81 98 73 66 31 94 93 55 99 73 59 19 98 93 
26 24 19 7 27 43 76 57 71 23 42 22 12 98 10 93 61 90 42 85 8 73 79 52 27 29 24 38 99 73 82 77 96 100 83 74 43 11 31 65 85 24 86 96 21 47 41 33 89 82 18 96 54 48 47 33 28 22 22 
79 95 3 55 42 3 37 16 97 99 46 61 83 69 98 31 41 45 71 73 33 52 42 28 58 89 26 42 69 99 63 47 45 65 1 87 19 89 54 15 88 51 75 22 71 73 52 11 17 74 35 49 78 77 28 87 17 5 28 
85 55 42 31 100 6 31 38 25 20 91 39 59 41 66 32 11 38 36 21 6 9 55 6 38 83 85 24 100 89 3 84 95 44 15 94 2 97 83 78 68 73 16 26 13 33 10 75 70 45 95 75 5 2 80 43 84 16 18 
35 4 21 19 51 16 85 96 17 81 79 94 49 51 62 26 16 94 87 90 16 31 37 42 88 38 74 82 73 89 99 8 45 71 26 95 87 62 90 55 42 68 49 42 71 10 20 86 55 6 75 70 89 63 12 76 100 85 57 
25 25 7 32 69 78 9 63 16 70 5 70 63 24 18 57 94 79 76 79 86 33 6 55 21 20 18 48 20 54 4 96 79 63 27 99 92 87 62 7 8 18 28 70 41 98 26 35 28 53 65 13 86 22 68 6 42 37 54 
13 43 9 8 21 71 86 71 14 72 32 20 79 1 100 100 42 97 78 76 24 30 92 37 15 14 56 73 7 44 78 19 86 38 26 58 61 11 29 74 34 12 46 64 13 45 63 54 41 40 81 64 70 72 52 36 37 59 60 
43 3 37 13 88 75 38 46 35 100 26 8 85 37 53 48 49 97 11 54 89 50 86 5 71 58 56 59 46 15 18 89 69 55 53 56 81 91 53 15 42 30 74 27 67 79 26 67 27 36 73 16 38 58 20 60 67 27 18 
13 93 88 53 13 42 5 69 74 47 73 40 41 3 13 19 21 43 44 39 70 32 63 37 21 21 8 80 87 34 50 51 79 37 3 91 30 60 11 3 6 36 42 98 90 6 16 62 49 12 100 18 43 63 54 63 35 61 94 
0 1 0 1 1 0 1 0 1 0 0 1 0 1 0 1 0 0 1 1 0 0 1 1 0 1 0 0 1 0 1 1 1 0 0 1 0 0 1 0 0 1 1 0 1 0 0 1 0 1 1 0 1 0 1 1 1 1 1 
0 1 0 1 0 0 0 1 1 0 0 1 0 0 0 1 1 0 1 0 0 0 1 0 1 1 1 0 0 0 1 0 1 1 0 0 0 0 1 1 0 0 0 0 0 0 1 1 1 0 1 1 0 1 0 1 0 1 1 
1 0 0 1 1 0 1 1 0 1 1 1 1 1 1 0 1 1 1 0 0 0 1 0 0 0 0 0 1 1 1 0 1 0 1 1 0 1 0 0 0 1 1 0 0 0 0 1 1 1 1 0 1 1 0 0 1 0 0 
0 1 1 0 1 1 0 0 1 1 0 1 1 0 0 1 0 0 1 0 0 1 1 0 0 0 0 0 0 0 0 0 1 0 1 0 1 1 0 1 0 1 0 1 1 1 1 1 1 0 1 1 1 1 1 0 1 1 0 
1 1 1 0 1 1 1 1 0 0 0 1 0 1 0 1 0 1 0 1 0 1 1 0 0 0 1 0 1 1 1 1 0 0 1 1 1 0 1 1 0 1 1 0 0 1 1 0 0 0 1 0 1 0 0 1 0 0 0 
0 1 1 1 1 1 0 1 0 0 0 1 0 1 0 0 1 1 1 1 1 1 0 0 0 1 0 0 1 0 0 1 1 1 0 1 0 0 0 0 0 0 1 0 1 0 0 0 1 0 1 1 1 1 1 0 0 1 0 
0 0 0 1 1 1 0 0 1 0 0 1 1 0 0 1 1 0 0 1 0 0 0 1 1 0 0 1 0 1 1 0 1 1 0 1 0 0 1 1 0 0 0 1 0 1 1 0 1 1 1 1 1 0 0 0 0 0 0 
0 0 1 1 1 1 1 0 1 1 0 1 1 0 1 1 0 0 0 0 0 1 0 1 0 0 0 0 0 0 0 0 0 0 1 0 1 0 0 0 1 0 1 1 0 1 0 1 1 0 1 1 1 1 1 1 1 1 1 
1 1 0 0 0 0 1 0 1 0 0 1 1 1 1 0 1 0 0 0 1 0 0 1 1 1 0 0 1 1 0 0 0 0 0 0 0 0 0 1 0 1 0 1 0 1 0 1 1 0 0 1 1 0 0 0 1 0 1 
0 1 1 1 1 1 1 0 1 1 0 0 1 1 0 1 1 0 1 1 1 1 1 0 0 1 0 1 0 0 0 1 1 1 0 1 0 1 1 1 1 1 1 0 1 1 1 0 1 0 1 1 0 0 1 0 1 0 1 
0 0 1 1 0 0 1 1 0 0 0 1 1 1 0 0 0 0 1 1 1 0 0 0 0 1 0 0 0 0 0 0 0 1 1 0 0 0 1 0 1 1 0 0 1 0 0 1 0 0 0 0 0 1 0 0 0 0 0 
0 0 0 1 1 0 0 1 0 1 1 0 0 0 0 0 1 1 1 1 1 1 1 1 1 0 0 1 0 0 1 1 1 0 0 0 0 0 1 0 1 0 0 1 1 1 0 0 0 1 1 1 0 1 1 1 1 1 0 
0 1 1 1 0 1 1 0 1 1 0 1 1 0 0 0 1 1 0 0 1 1 1 0 1 0 1 0 0 0 0 0 0 0 1 0 1 0 1 1 1 1 0 0 1 0 1 1 1 1 1 0 1 0 1 0 1 0 1 
1 1 1 1 1 1 0 1 1 0 0 0 1 1 0 0 1 1 1 0 0 0 1 1 1 1 0 0 0 0 1 1 1 0 0 0 0 0 0 1 0 0 1 0 0 1 0 1 0 1 1 1 1 0 0 1 1 0 1 
0 0 0 1 0 0 0 0 0 0 0 1 1 1 0 1 1 0 1 0 0 0 1 1 1 1 1 0 0 1 1 0 0 1 0 0 0 0 0 0 0 1 0 1 0 0 0 1 0 1 1 1 1 0 0 1 1 0 1 
1 1 1 0 1 0 0 1 0 0 0 1 0 1 1 0 1 1 0 0 0 0 1 1 1 1 1 0 0 1 0 1 1 1 1 0 1 1 0 0 1 0 1 0 1 0 0 0 1 0 0 1 0 1 0 0 0 0 0 
0 1 0 1 0 1 1 1 1 0 1 1 0 1 0 0 0 0 0 0 1 0 0 1 1 1 1 1 1 1 1 1 1 0 0 1 1 1 0 0 0 1 1 0 0 1 0 0 1 0 0 1 0 0 0 1 1 1 0 
0 1 0 1 0 0 0 1 1 1 0 0 1 1 1 1 0 1 1 0 0 1 1 1 0 1 1 1 1 1 0 1 0 0 1 0 0 1 1 1 0 1 1 0 1 1 1 1 0 1 1 0 0 0 0 0 0 1 0 
1 0 0 0 0 0 1 0 0 0 0 1 1 1 1 1 0 0 0 1 0 1 1 0 0 1 0 0 1 0 0 0 0 0 1 1 0 0 1 0 1 1 0 0 1 1 1 1 1 1 1 1 1 0 1 1 1 0 1 
1 0 0 1 0 0 0 1 1 1 1 1 0 0 1 0 1 0 1 1 1 0 0 0 1 0 0 0 1 0 0 0 0 0 0 0 0 0 0 1 1 1 1 1 1 0 1 1 1 0 0 0 1 0 1 0 0 1 1 
1 1 1 0 1 1 0 1 1 0 1 1 0 0 0 1 0 0 1 1 1 1 1 0 0 1 1 1 1 0 0 0 1 1 0 0 0 0 1 1 1 1 0 1 1 0 0 1 1 1 0 0 1 1 0 1 0 1 0 
1 1 0 0 0 1 0 0 1 1 0 1 0 1 1 1 0 0 1 0 1 1 0 1 0 0 0 1 0 1 0 0 1 0 0 1 0 0 0 1 1 0 0 1 1 0 0 1 0 0 1 1 1 0 0 1 0 0 0 
0 0 0 0 1 1 0 0 1 1 0 0 0 0 1 0 1 1 0 1 1 0 0 0 1 0 0 0 0 1 1 1 1 1 1 0 0 0 0 1 1 1 0 1 1 1 1 1 0 0 0 1 0 0 1 0 1 1 0 
1 0 1 0 1 1 0 1 1 0 0 1 1 1 1 0 0 0 0 1 0 0 1 1 0 0 0 0 1 1 1 0 0 0 1 1 1 1 1 1 1 1 0 0 0 1 0 0 1 0 0 1 0 1 0 1 1 0 1 
0 1 0 1 1 1 0 1 0 1 0 1 0 1 1 0 1 0 0 1 1 1 1 0 1 1 0 0 0 0 0 1 0 0 0 1 1 0 0 0 1 0 1 1 1 1 1 0 1 1 0 1 0 1 1 0 0 0 0 
1 0 0 0 0 1 0 0 0 0 0 0 1 1 0 0 0 1 1 1 0 0 1 1 1 0 1 1 1 1 1 0 1 0 0 0 1 0 0 1 0 0 0 1 1 0 1 0 1 0 1 1 0 0 1 1 0 0 0 
1 1 0 1 0 0 1 0 1 1 0 0 1 1 0 0 0 0 1 0 1 1 1 1 0 1 0 1 0 0 0 1 1 0 1 1 0 0 0 1 0 0 1 1 1 0 0 0 0 1 0 0 1 0 1 1 1 1 0 
1 1 0 1 0 0 0 1 0 0 1 1 0 0 1 0 1 1 0 1 1 1 0 1 0 0 0 1 1 1 0 1 0 0 0 0 1 0 0 1 0 1 1 1 1 0 1 1 1 1 0 0 0 0 0 1 0 0 0 
0 0 0 1 0 1 1 1 0 1 1 1 1 0 0 0 0 0 1 1 1 0 1 0 1 0 0 0 0 0 0 0 0 1 1 1 0 0 0 0 1 1 1 1 1 0 1 1 0 1 0 0 1 0 0 0 0 0 0 
0 0 1 1 1 0 0 0 0 1 0 0 0 1 1 1 0 1 1 0 0 0 0 0 1 0 0 0 0 0 0 1 0 1 0 1 1 0 1 1 1 1 1 0 0 1 1 1 0 0 1 0 0 1 0 0 0 0 0 
0 0 0 1 1 0 1 0 1 0 0 1 1 1 0 1 0 1 1 1 0 1 0 0 0 1 1 0 1 1 0 0 0 0 1 1 0 1 1 0 1 1 1 0 1 1 0 1 1 1 0 1 0 0 1 0 1 0 0 
1 0 0 1 0 1 0 1 1 1 0 1 0 0 0 1 1 0 1 0 1 0 0 0 0 0 1 1 1 0 1 0 0 0 1 0 1 0 1 0 1 1 0 0 1 0 1 0 0 0 0 1 0 0 1 0 0 1 1 
0 1 1 0 1 1 0 1 0 0 0 0 1 1 0 1 1 1 0 1 1 0 0 1 0 0 0 1 1 1 0 1 0 1 1 1 0 1 0 0 1 0 1 1 0 1 0 1 0 1 0 0 1 0 1 0 1 1 1 
0 1 1 1 1 1 0 1 1 0 1 0 1 0 1 0 0 0 1 1 1 0 1 1 1 0 0 1 1 1 0 1 0 0 0 0 1 0 1 0 0 0 0 0 0 1 0 0 0 1 1 1 1 1 0 1 1 0 0 
0 1 1 1 0 1 1 0 0 1 1 0 0 1 1 0 0 0 0 0 0 0 0 1 1 1 1 0 0 1 1 0 1 0 1 1 1 0 1 1 1 0 1 1 1 0 1 1 1 0 0 1 0 0 1 1 1 0 0 
1 0 1 1 1 1 0 0 0 0 1 1 1 1 0 1 0 1 0 0 0 0 0 1 0 0 0 0 1 1 0 0 1 1 1 0 0 1 0 0 1 1 1 0 0 1 1 0 0 0 0 0 0 0 0 1 0 0 1 
1 1 1 1 0 0 0 0 0 1 0 0 0 1 1 1 1 0 0 0 1 0 0 1 1 1 1 0 1 0 1 1 1 0 0 0 0 1 0 0 0 1 0 1 0 1 0 0 1 0 0 0 1 0 0 0 1 1 0 
1 1 1 0 1 1 0 1 1 1 1 1 0 0 1 1 1 0 1 1 1 1 1 0 0 1 0 0 1 1 0 0 1 1 0 0 0 0 1 1 0 0 0 0 1 1 1 0 1 0 1 1 1 0 1 0 1 1 0 
0 0 1 0 1 0 0 1 1 1 0 0 1 1 1 1 0 0 0 0 0 0 1 1 1 1 0 1 0 1 0 1 1 1 1 1 1 0 0 0 1 1 1 0 0 0 1 0 0 1 0 0 1 1 1 0 0 1 0 
0 0 0 1 0 1 1 1 0 1 1 1 0 0 0 0 0 0 1 0 0 0 0 1 1 1 0 1 1 0 1 0 0 1 1 0 0 0 1 1 1 1 0 1 1 0 1 0 0 0 0 0 0 1 1 1 0 0 1 
0 0 0 0 0 0 1 1 0 0 0 1 1 1 1 1 1 1 0 1 1 1 1 0 1 0 1 1 1 1 0 1 1 0 1 0 0 0 1 1 0 1 0 0 1 0 1 0 1 1 1 1 0 0 1 0 1 0 1 
0 0 1 1 1 1 0 1 0 0 0 1 1 0 1 1 1 1 0 1 1 1 0 0 0 0 1 0 1 1 1 1 1 0 0 1 1 0 0 1 1 1 0 0 1 0 1 0 1 1 1 0 0 1 0 0 1 1 0 
1 1 1 0 0 1 1 1 1 1 0 0 0 1 1 0 0 1 1 0 0 0 1 1 1 0 1 1 1 1 0 0 0 1 1 0 1 0 0 0 1 0 0 0 1 1 0 1 0 0 1 1 0 0 0 1 0 1 1 
1 0 1 0 0 0 1 1 1 1 1 1 0 1 0 0 0 1 1 1 0 1 0 1 1 0 1 1 0 0 0 1 1 1 1 1 1 0 0 1 1 1 0 0 0 0 0 0 0 1 1 0 0 1 1 0 1 0 1 
1 0 1 1 1 0 0 1 1 1 1 0 0 1 1 0 1 1 1 0 1 0 1 1 1 1 0 1 0 0 0 0 1 1 1 0 1 1 1 0 0 1 1 1 0 0 1 1 1 0 1 1 1 1 0 0 0 1 1 
0 1 1 0 0 0 1 1 1 1 0 1 1 1 0 0 1 0 0 1 0 0 0 1 1 1 1 1 1 0 0 0 0 1 0 0 1 0 1 0 1 0 0 0 1 0 1 1 1 1 0 1 1 0 0 1 0 1 0 
1 0 1 1 0 0 0 0 0 0 0 0 1 0 0 1 1 1 0 0 0 1 0 1 1 1 1 0 1 0 0 0 0 1 0 0 0 0 1 0 0 1 0 1 1 1 0 0 0 1 1 0 0 1 1 1 0 0 1 
1 0 0 0 1 1 0 1 1 0 0 1 0 1 0 1 0 1 1 1 1 0 0 1 1 1 0 0 0 0 0 1 0 0 1 1 1 1 1 1 1 1 0 1 1 0 0 1 1 0 0 0 0 0 1 1 0 1 0 
0 1 0 1 0 0 1 1 1 0 0 0 0 0 1 1 1 1 0 0 1 0 1 1 0 1 1 0 1 0 0 1 0 0 1 0 0 0 1 1 0 0 0 0 0 1 0 1 0 0 1 1 0 0 1 0 0 0 0 
1 0 0 1 0 0 0 0 0 0 0 0 0 0 0 1 0 1 1 1 1 1 0 1 1 1 0 1 1 0 0 0 0 0 1 1 1 1 1 1 1 1 1 0 1 1 1 1 0 0 0 0 1 1 1 0 0 1 1 
1 1 1 1 1 0 1 0 1 0 0 0 0 1 0 0 1 1 1 0 0 1 1 0 0 0 1 0 0 0 1 1 1 1 0 0 1 1 1 0 0 1 0 0 0 0 0 1 0 1 0 0 0 1 0 0 1 1 0 
1 1 1 0 0 0 0 0 1 0 1 1 0 0 0 0 1 0 0 0 0 1 0 0 1 1 0 1 0 1 1 1 0 0 1 0 1 0 1 0 0 0 0 0 1 0 0 0 0 0 0 1 1 1 1 0 0 0 1 
1 1 0 0 0 0 0 0 1 0 1 0 0 0 0 0 1 0 0 1 0 0 1 1 1 0 1 1 1 1 0 0 0 0 0 0 0 0 1 0 0 0 0 0 0 0 0 1 0 0 0 0 0 0 0 1 0 1 0 
