53 56 1216
29 19 59 17 66 16 49 21 87 25 73 12 91 68 69 90 67 54 68 72 61 99 96 4 55 35 33 4 61 77 87 89 95 97 57 12 13 5 84 51 30 8 62 72 76 82 13 42 36 81 65 96 31 13 100 85 
99 84 40 59 12 78 99 6 75 56 69 39 12 53 89 93 60 2 64 35 83 77 76 70 9 93 66 39 5 17 76 3 52 15 14 64 45 12 21 71 19 90 9 83 94 97 75 53 98 91 88 32 67 15 2 75 
59 19 65 63 87 40 18 90 7 31 53 3 94 26 73 65 67 33 47 60 29 21 12 78 63 51 61 29 18 62 55 76 32 20 39 18 11 8 8 69 38 12 71 83 37 95 47 3 27 45 14 7 18 26 84 80 
76 45 9 45 58 15 21 90 86 59 7 49 18 66 17 55 78 88 89 66 82 36 69 9 80 82 15 49 59 51 29 87 47 89 31 56 3 51 97 89 61 4 37 78 21 5 84 98 92 73 64 26 60 84 86 91 
17 52 40 76 54 68 14 52 56 44 8 10 47 4 50 7 59 38 37 80 43 72 29 86 44 44 63 55 27 48 98 96 52 37 23 5 56 36 9 63 79 16 24 77 71 74 84 30 11 72 61 5 43 41 43 39 
85 5 93 63 5 42 58 56 78 80 12 85 15 20 99 46 87 23 22 58 48 57 39 10 28 51 15 23 91 57 61 27 13 5 90 17 47 99 24 76 79 88 13 45 59 11 90 46 85 64 55 84 20 45 94 100 
95 60 74 37 68 86 64 80 90 53 49 88 3 24 16 81 11 28 78 70 90 67 67 27 82 73 10 54 17 3 5 11 62 78 99 29 63 62 61 4 66 9 44 69 84 59 1 95 38 78 16 79 45 34 57 78 
6 67 31 22 21 35 84 35 64 82 15 78 44 27 34 61 35 77 29 71 87 30 65 76 7 32 54 3 65 63 81 22 29 63 43 1 50 78 87 65 59 2 43 54 28 76 15 15 4 95 85 42 76 1 17 83 
32 22 37 48 84 69 69 64 32 63 17 33 40 3 97 98 4 91 4 84 18 70 98 73 64 34 14 40 34 30 74 17 4 10 16 87 79 84 3 62 46 19 46 37 21 94 86 77 85 89 60 54 58 9 27 74 
42 92 65 27 74 38 95 77 99 10 15 29 93 17 42 90 87 87 26 60 33 63 36 69 52 95 22 61 3 100 86 96 92 50 74 65 39 68 41 38 77 7 18 21 76 60 10 62 98 87 21 30 1 56 98 52 
2 20 65 56 71 50 3 62 52 76 26 42 43 18 79 19 25 49 39 100 8 100 13 5 38 86 87 39 93 84 42 95 55 58 2 26 60 5 87 11 32 65 52 75 34 83 45 58 83 36 9 90 87 74 46 77 
59 32 15 51 68 8 97 22 66 51 47 25 7 86 87 38 50 90 64 83 24 9 93 6 96 53 95 82 78 93 58 36 76 24 39 43 32 87 65 49 37 63 25 43 48 11 33 49 52 96 32 76 56 76 81 51 
80 28 85 58 72 42 93 47 18 83 90 49 70 6 49 58 68 73 53 16 35 85 64 86 32 47 13 88 74 94 90 54 73 74 11 44 68 55 42 85 90 83 85 59 88 33 68 56 57 20 23 91 4 38 28 88 
85 41 75 10 86 16 63 10 90 25 5 57 32 46 93 21 29 77 79 16 61 98 23 17 18 45 59 73 83 38 60 19 30 34 80 15 2 43 76 91 19 80 99 50 26 91 22 6 19 52 73 79 50 96 47 67 
92 57 39 74 94 99 44 24 84 24 90 85 18 66 27 88 97 77 90 22 67 11 79 37 63 52 67 12 47 13 78 38 21 68 64 15 66 59 90 50 34 31 86 3 48 13 91 45 89 80 66 8 42 45 96 4 
48 63 15 94 75 44 83 96 12 46 62 29 5 3 30 90 33 16 93 81 80 83 25 20 14 42 79 55 38 75 11 85 37 77 30 63 73 13 10 84 58 23 64 14 25 94 4 10 61 96 90 40 30 66 11 95 
59 90 1 49 16 11 33 4 40 15 18 12 27 28 47 36 50 10 50 27 3 5 36 63 52 77 54 33 42 17 27 52 58 27 100 73 90 33 76 29 99 45 92 25 72 38 60 74 99 61 52 2 17 87 16 20 
63 22 52 56 38 78 7 95 57 7 19 46 91 46 26 89 90 17 65 14 6 76 39 4 89 90 57 5 76 25 25 90 46 76 45 35 6 51 81 62 9 99 59 99 96 36 39 85 4 3 98 9 79 36 12 67 
25 21 71 52 45 47 41 42 75 37 76 80 88 56 93 48 6 51 47 1 86 85 85 89 88 35 49 18 22 12 84 99 32 6 50 76 53 43 17 79 79 44 58 18 99 50 66 56 52 12 56 37 48 93 77 87 
79 25 4 100 36 39 98 20 45 100 95 49 94 64 27 72 7 36 42 58 85 7 13 36 70 21 24 69 13 52 56 43 76 11 42 63 50 92 82 46 43 29 94 36 92 72 7 50 7 48 59 43 6 24 78 75 
44 53 44 8 4 51 50 31 61 43 93 10 34 27 55 76 55 100 11 98 71 70 99 29 69 58 71 75 81 100 1 76 52 96 83 55 46 84 37 7 26 82 68 60 8 23 87 14 74 98 63 45 19 61 73 87 
70 96 13 50 95 14 25 47 9 59 53 7 42 90 13 68 71 80 79 30 54 65 95 28 14 57 24 32 69 48 71 39 43 83 40 38 96 17 36 57 75 88 63 69 29 27 88 51 58 66 80 64 82 26 91 48 
82 66 31 3 13 1 93 8 84 32 45 31 100 80 39 75 19 1 95 100 79 82 50 37 99 82 100 32 7 42 79 41 7 10 95 71 62 87 78 45 70 74 28 70 5 66 96 76 19 90 75 97 23 24 85 73 
57 36 56 64 77 87 56 35 48 50 58 9 36 35 6 57 61 33 26 65 50 73 92 68 14 66 17 36 42 53 60 98 89 16 61 65 2 68 52 49 17 9 9 4 95 14 61 55 46 38 72 48 11 63 15 24 
81 83 12 22 36 71 19 76 38 80 92 91 47 43 39 16 51 100 19 98 13 31 4 11 69 75 58 79 90 24 2 70 7 13 91 94 36 9 69 73 40 60 64 39 55 54 6 57 53 76 54 66 7 58 76 75 
84 33 5 25 56 58 94 14 23 36 59 58 97 27 82 88 39 45 78 93 51 83 1 3 59 55 20 17 64 47 91 47 31 47 72 39 4 17 4 26 5 63 35 1 41 17 40 79 13 18 23 63 52 24 18 62 
30 89 78 93 36 20 91 18 66 14 56 22 31 60 99 87 22 34 39 62 50 78 93 62 47 67 77 99 90 94 12 71 34 90 63 69 61 54 39 27 67 94 100 49 5 98 87 26 83 25 40 32 55 84 46 1 
50 74 51 92 19 63 62 52 4 77 73 64 82 11 42 100 56 41 1 61 91 87 38 73 12 77 57 66 12 2 18 62 27 69 5 45 83 18 96 86 94 20 49 27 30 91 27 86 83 27 46 73 65 83 98 76 
12 54 93 23 55 11 36 33 79 40 77 13 10 24 98 55 44 98 82 25 40 60 62 23 38 59 47 2 94 44 30 5 97 22 79 3 84 67 35 14 58 63 26 67 87 23 22 82 73 55 6 12 14 68 86 51 
26 33 4 19 28 33 75 77 7 54 31 90 20 18 4 29 80 29 96 66 4 17 47 76 71 5 87 36 24 25 86 49 57 89 20 36 74 94 12 80 99 95 69 70 12 24 99 91 5 46 9 60 62 7 35 84 
11 73 71 34 97 56 35 5 96 54 93 21 99 56 100 50 50 21 19 61 96 69 4 100 14 12 59 27 18 45 62 81 70 32 14 18 39 100 23 87 5 67 7 4 22 59 5 72 79 75 84 26 44 87 26 9 
98 36 88 68 33 49 48 2 81 13 19 71 13 93 57 69 59 64 72 33 22 28 56 52 3 39 29 46 78 54 6 27 42 93 94 74 42 93 27 74 6 45 44 70 90 53 38 100 16 62 84 89 89 39 92 91 
30 20 88 7 26 94 33 19 38 79 92 31 71 70 56 28 66 100 97 55 4 87 7 19 48 90 59 36 81 2 79 10 21 18 68 98 63 100 16 1 30 59 31 1 28 87 28 94 38 77 48 41 63 6 11 10 
96 21 97 76 22 27 37 94 45 4 92 7 55 7 59 85 66 90 37 93 28 16 86 17 92 86 9 6 91 19 67 38 91 16 65 12 42 1 5 86 56 48 45 11 7 3 47 72 44 83 16 71 50 54 39 94 
91 47 99 33 17 66 71 7 81 87 70 74 40 75 12 95 74 56 5 80 58 3 3 2 85 71 24 35 24 15 80 14 61 78 98 78 95 68 84 27 7 54 1 46 80 12 40 5 67 97 85 76 51 39 29 36 
9 5 22 32 19 1 97 79 30 95 8 25 14 44 51 72 97 3 17 28 14 9 32 32 57 68 60 7 7 40 94 15 44 67 99 14 19 47 45 49 41 52 73 7 95 75 78 43 78 47 22 43 55 54 75 11 
73 86 69 79 25 63 46 69 29 44 34 100 90 78 48 83 30 72 41 76 98 18 19 75 64 92 18 70 45 44 32 70 29 1 48 53 15 45 73 95 88 7 94 30 84 41 64 65 64 4 93 62 73 63 36 37 
54 5 58 51 100 90 20 80 42 19 85 56 64 9 50 3 15 96 32 51 88 47 67 52 50 59 13 23 21 100 11 75 57 68 77 56 57 96 88 98 14 72 5 77 80 7 80 47 2 63 49 89 10 15 40 11 
26 4 33 98 4 95 24 12 63 100 19 71 95 6 21 9 77 77 37 9 83 68 55 84 31 3 25 92 69 16 2 94 20 87 92 75 81 15 86 95 15 4 18 61 10 90 21 38 66 58 98 49 25 52 84 7 
6 60 98 27 76 52 20 95 38 63 21 70 30 6 17 96 61 34 56 70 23 77 60 88 86 57 88 62 61 24 69 18 83 18 44 58 69 16 4 58 30 24 80 59 81 96 54 42 29 62 63 3 90 22 42 75 
31 30 88 91 5 56 8 87 26 52 97 46 19 52 4 48 76 35 7 8 30 12 49 10 25 12 12 14 85 53 40 15 34 28 5 38 35 65 77 60 68 25 6 86 76 61 33 3 47 91 11 76 55 59 37 79 
22 48 45 7 52 36 21 38 15 78 27 2 94 3 61 61 27 18 46 55 30 30 57 28 73 67 3 27 78 91 57 99 38 1 5 42 89 78 79 3 55 5 4 48 60 17 60 38 86 57 92 68 38 1 95 10 
67 50 36 44 40 93 95 30 45 51 71 33 28 1 88 34 5 43 33 16 11 92 54 97 48 97 16 86 97 62 47 64 11 83 59 3 27 5 32 71 56 54 56 83 6 95 17 62 37 49 78 48 93 31 96 92 
27 63 29 76 24 76 39 87 58 49 89 36 54 72 58 9 77 13 43 82 7 59 43 96 60 20 95 4 2 42 95 81 4 24 56 79 51 46 65 60 46 5 95 99 76 52 59 52 17 2 85 75 12 28 70 23 
99 64 26 1 57 73 33 60 48 88 91 98 85 55 57 30 60 3 81 87 54 39 91 70 92 75 45 4 2 66 26 1 82 4 53 38 76 37 50 23 76 40 72 60 46 80 41 5 82 21 44 35 60 34 57 51 
8 53 6 62 18 32 14 99 87 18 89 62 54 90 36 29 29 59 88 74 38 80 31 19 1 74 53 12 59 61 62 18 13 20 79 31 3 44 81 89 61 21 2 14 10 89 94 90 47 33 64 84 13 46 2 13 
71 6 24 29 67 37 98 31 56 29 13 58 72 46 98 33 66 99 98 28 87 44 17 33 76 32 68 88 77 21 52 99 27 27 79 45 64 77 27 71 5 40 81 76 85 78 60 2 29 10 29 15 53 98 100 80 
29 67 68 58 88 71 56 66 98 35 62 13 63 88 35 67 79 67 94 63 45 6 17 25 15 97 39 19 94 38 98 23 57 17 32 44 88 87 61 37 73 22 1 35 61 35 53 40 54 47 54 50 4 70 74 18 
19 12 36 12 2 85 86 58 2 17 53 89 56 13 77 28 86 77 15 98 63 67 37 68 65 43 17 68 12 90 37 30 54 72 94 55 9 79 64 10 48 16 50 3 80 26 82 17 54 96 14 68 63 51 36 79 
45 52 47 56 94 83 38 47 7 83 53 15 13 16 76 60 83 25 62 62 2 96 30 7 91 43 26 5 45 61 84 89 65 82 97 58 16 86 56 22 68 8 88 80 23 15 92 5 39 5 18 92 100 47 50 91 
41 76 47 86 36 30 26 52 63 22 61 79 59 16 52 26 23 92 58 97 6 1 53 97 5 70 40 57 68 90 99 61 65 45 98 52 27 23 4 89 97 64 19 55 32 71 33 6 14 42 3 19 42 55 15 98 
77 55 54 96 96 4 56 60 49 5 11 27 28 14 67 24 30 86 30 13 8 62 18 21 3 20 39 96 27 6 46 3 12 99 50 7 55 58 18 55 62 28 81 41 94 47 64 75 84 46 87 91 7 4 63 62 
76 2 9 54 59 54 8 22 5 57 80 59 14 97 13 28 24 45 68 69 91 84 43 27 29 29 17 87 85 80 100 12 33 9 65 43 62 72 16 18 80 95 76 94 91 40 73 66 84 40 35 75 23 29 53 51 
1 0 1 1 1 0 0 1 0 0 1 0 1 0 1 0 0 1 1 0 0 1 0 0 1 0 0 1 0 0 0 1 0 1 0 0 1 0 1 0 0 1 0 1 1 1 0 0 0 1 0 1 1 0 1 0 
0 1 1 1 1 1 0 1 0 1 1 0 1 1 0 0 0 0 1 1 1 1 1 0 1 0 1 0 0 0 0 1 1 1 0 0 1 0 1 1 1 1 1 1 0 1 1 0 1 0 1 1 0 1 1 1 
1 0 1 1 0 1 0 1 0 0 1 1 1 0 1 0 1 0 1 1 0 0 1 1 1 1 0 1 0 1 0 1 1 1 0 1 0 1 0 0 1 1 0 0 0 1 1 1 1 0 1 1 1 0 1 0 
1 1 1 1 1 1 0 0 0 1 0 0 0 0 0 1 0 0 0 0 1 1 1 1 1 0 0 0 1 1 0 0 1 1 0 0 0 0 0 0 1 0 0 1 1 1 1 1 1 1 1 1 0 0 0 1 
1 0 0 0 0 0 0 1 0 0 1 0 1 1 1 0 0 1 0 1 0 1 0 0 0 1 1 0 1 1 1 0 1 1 0 1 0 1 0 0 1 1 0 0 1 1 1 1 1 1 0 1 0 0 1 0 
1 0 0 0 1 1 1 1 1 1 0 1 0 1 1 0 0 1 0 1 1 1 0 0 0 0 1 0 0 1 0 1 1 0 0 1 0 1 0 1 0 0 0 1 1 1 1 0 0 1 1 1 1 0 1 1 
0 1 0 1 0 0 0 1 1 0 0 1 1 0 0 0 1 0 1 0 1 0 0 1 1 0 1 0 0 0 0 0 1 0 1 1 0 0 1 1 0 1 0 0 0 0 0 1 0 1 1 1 1 0 1 0 
0 0 1 0 0 1 0 0 1 0 1 1 0 0 1 0 0 1 0 0 0 0 1 0 1 0 0 0 0 1 1 0 1 0 0 1 1 1 1 0 1 1 1 1 1 0 1 1 0 0 1 0 0 0 0 0 
1 0 0 1 1 1 0 0 1 0 0 0 1 1 0 0 0 0 1 0 0 1 1 0 1 1 0 1 1 1 1 0 1 0 0 1 1 0 1 1 0 1 1 0 1 0 0 1 0 0 1 0 1 1 1 0 
0 1 1 1 0 1 0 0 1 0 1 0 0 0 1 0 0 1 0 1 1 1 0 1 1 0 1 0 1 0 0 1 0 1 0 0 0 0 0 1 0 1 0 0 0 1 1 0 0 1 1 1 0 1 0 1 
1 0 1 0 0 1 1 0 1 0 1 1 0 1 1 1 1 1 1 1 0 0 1 1 0 0 0 0 1 1 0 1 1 1 1 1 1 1 0 0 1 1 1 1 0 0 0 1 1 0 0 0 0 1 1 0 
1 1 1 1 0 1 0 1 0 1 1 1 0 1 1 1 0 1 1 0 1 1 0 1 1 0 1 0 0 0 0 1 1 1 0 0 0 0 1 1 0 0 0 0 1 0 0 1 1 1 0 0 0 0 1 0 
0 0 0 0 0 0 0 0 0 0 0 0 1 1 1 1 0 0 1 1 0 1 1 1 0 1 1 1 1 1 1 1 1 1 0 0 1 0 0 1 0 0 0 1 1 1 0 1 1 0 1 1 1 0 0 0 
1 0 1 0 1 0 1 0 1 1 0 0 1 0 0 0 0 0 1 0 1 0 1 1 0 0 0 1 0 1 1 1 1 0 1 0 0 1 0 1 0 1 0 0 1 0 0 0 0 1 0 1 1 1 0 1 
0 1 1 0 0 0 0 1 1 1 1 1 0 1 1 1 0 1 1 0 1 1 0 1 0 0 0 0 1 1 1 1 0 0 0 0 1 0 1 0 1 0 1 0 1 0 1 0 1 0 0 0 1 0 1 1 
0 0 1 1 1 1 1 1 1 1 1 0 1 0 0 0 0 0 0 1 0 1 1 0 1 1 0 0 1 0 0 1 0 1 1 1 0 0 0 0 1 1 0 0 1 1 0 1 1 1 0 1 0 0 1 0 
1 0 0 1 0 0 0 0 0 1 1 0 1 1 0 0 0 1 0 1 0 1 0 1 0 0 0 0 0 0 0 0 0 1 1 0 1 1 0 1 1 1 0 0 0 0 1 0 1 1 1 1 0 1 0 0 
1 1 1 0 1 1 0 1 0 1 1 0 0 1 1 1 0 1 0 0 0 1 0 1 0 1 1 1 0 1 1 1 0 0 1 1 0 1 0 0 0 1 0 1 0 0 0 0 1 0 0 1 1 0 1 0 
1 0 1 1 1 0 1 0 1 0 1 1 0 0 1 0 1 0 1 0 0 0 0 1 0 1 1 0 1 0 0 1 0 1 0 1 1 1 1 0 0 1 1 0 1 1 0 0 1 0 0 1 0 1 0 0 
0 1 0 1 1 0 0 1 1 1 1 1 0 0 1 0 1 1 0 0 0 1 1 1 1 1 0 1 0 0 1 0 0 0 0 1 0 0 1 0 1 0 1 0 0 0 0 0 1 1 0 1 0 1 0 1 
1 0 0 1 1 1 0 1 1 0 0 0 0 1 0 0 1 1 0 0 1 0 0 1 1 0 0 1 0 1 0 1 1 0 0 0 0 0 1 1 0 0 1 1 1 1 1 1 0 1 1 0 1 1 1 1 
1 1 0 1 0 1 0 0 1 1 0 1 1 0 1 0 0 0 1 1 0 0 0 0 1 1 0 0 0 1 1 0 1 0 1 1 1 0 1 0 1 0 0 0 0 1 0 0 1 1 1 1 1 0 0 0 
1 0 1 0 0 0 0 1 0 1 0 1 1 0 0 0 0 0 1 0 1 1 0 0 1 1 0 0 1 0 1 1 0 0 1 0 0 1 1 1 0 0 0 0 0 0 0 0 0 1 0 1 1 0 0 0 
1 0 0 1 0 1 0 0 1 1 1 0 0 0 1 0 0 1 0 0 0 1 0 0 0 0 0 1 0 0 1 0 0 0 1 0 1 1 0 1 0 1 1 0 0 0 0 0 1 1 1 1 0 1 0 0 
0 0 0 0 0 1 0 0 1 1 0 1 0 0 0 0 0 1 0 0 1 1 0 0 0 1 0 0 1 0 0 1 0 0 1 0 0 0 0 1 1 0 0 0 0 0 0 0 1 1 0 0 0 1 1 0 
0 1 0 1 1 0 0 1 1 0 1 1 0 1 0 1 1 1 1 1 1 0 0 1 1 0 1 1 1 0 1 0 1 1 1 0 1 0 1 0 0 0 1 0 1 0 1 0 1 1 0 0 1 0 1 0 
0 1 1 0 1 0 0 1 1 1 1 0 1 1 1 1 1 0 1 1 0 1 1 1 0 1 0 1 1 1 1 0 0 0 0 0 0 0 1 1 1 0 1 1 1 0 0 1 1 0 0 1 1 1 1 1 
1 1 0 0 0 1 0 1 1 0 1 1 0 0 0 0 0 1 1 0 0 1 1 1 1 1 0 0 0 1 1 1 0 1 0 1 0 0 0 1 1 1 0 1 1 0 1 1 0 0 1 0 0 0 1 1 
1 1 0 0 1 1 1 1 1 1 0 1 0 0 1 1 1 1 0 0 0 0 0 0 0 1 0 0 0 1 0 1 0 0 1 1 1 1 1 0 0 1 0 0 0 1 1 1 0 0 0 0 0 0 0 0 
1 0 1 1 1 1 1 0 1 0 1 0 1 0 1 0 0 1 0 0 0 0 1 0 0 1 1 0 1 1 0 1 0 1 0 1 0 1 1 1 0 1 0 1 1 1 1 1 0 0 1 0 0 1 0 0 
0 1 0 0 1 0 1 1 0 1 0 0 1 0 0 1 1 0 0 0 1 0 0 1 0 1 1 0 0 1 0 1 1 0 1 0 0 0 1 0 1 1 1 0 1 1 1 0 1 0 1 0 0 1 1 0 
0 0 0 1 1 0 0 0 0 1 0 0 1 1 1 0 1 0 1 0 1 0 1 0 0 0 0 0 1 1 0 1 1 0 0 0 0 0 1 0 1 1 1 0 1 0 1 0 0 0 0 1 0 1 1 1 
1 1 1 0 0 0 0 1 0 0 1 1 1 0 1 0 0 0 1 1 0 0 1 0 0 1 1 0 1 0 1 0 1 1 1 1 1 1 0 1 1 0 0 0 0 0 1 0 0 0 1 1 0 0 1 0 
0 1 0 1 1 0 1 1 1 0 0 0 1 1 1 1 1 0 1 1 0 0 0 0 0 1 1 0 0 1 0 0 0 1 1 1 1 0 0 0 1 1 0 0 0 1 1 1 1 1 0 1 1 0 0 0 
0 1 0 0 0 1 0 0 0 1 0 1 1 0 1 0 1 1 1 1 0 0 0 0 1 1 1 1 1 1 1 1 1 1 1 1 0 1 0 0 0 0 1 0 0 0 0 0 1 1 1 0 0 0 0 1 
1 1 0 0 1 1 0 0 1 1 1 1 1 1 0 1 1 1 1 0 0 0 0 1 1 1 1 1 1 1 1 0 1 1 1 0 1 1 0 0 0 1 1 1 1 1 1 0 1 0 0 1 0 0 0 0 
0 0 1 1 1 0 0 0 0 1 0 1 0 0 1 0 0 0 0 1 0 1 1 1 1 0 0 0 0 0 0 0 0 1 0 0 0 0 0 0 1 1 1 1 1 0 1 1 0 1 0 0 0 0 1 0 
0 1 0 0 0 0 1 0 1 1 0 1 1 1 1 0 0 0 1 1 0 0 1 1 0 1 1 0 1 1 0 1 0 0 0 0 0 1 1 0 0 1 1 1 0 1 1 0 1 0 0 0 0 1 1 0 
0 0 1 0 1 1 1 0 0 1 0 0 0 1 0 0 1 0 1 1 1 0 0 0 0 0 0 1 1 1 1 1 0 0 1 1 0 1 1 0 0 0 0 1 1 1 1 0 1 1 0 0 1 0 0 0 
0 1 1 1 0 0 0 0 1 0 0 1 1 1 1 1 1 1 0 1 0 0 1 1 1 1 1 0 1 0 0 1 1 1 0 1 0 1 0 1 1 0 0 0 1 1 1 1 0 0 0 1 0 1 0 1 
1 0 1 0 0 0 0 1 1 0 0 1 1 0 0 0 0 0 0 0 1 0 1 0 0 1 1 0 0 1 1 1 1 0 0 1 0 0 0 0 0 1 1 0 1 0 0 0 0 1 0 0 1 1 0 1 
0 1 1 0 0 0 0 0 0 0 1 1 0 0 1 0 1 0 0 0 0 1 0 1 0 0 1 1 1 1 0 1 0 1 0 0 1 0 0 1 0 0 0 0 0 1 0 1 0 1 1 0 0 0 1 0 
0 0 1 0 1 1 1 1 0 1 0 1 1 0 0 1 0 1 1 0 0 0 1 0 1 1 1 1 1 0 1 1 1 0 1 0 1 1 0 1 0 0 0 0 0 0 1 1 1 1 1 0 1 1 0 0 
0 1 1 1 0 0 0 1 0 0 1 1 1 1 0 1 1 0 1 0 0 1 1 0 0 0 0 1 1 0 1 1 0 0 0 0 0 1 1 0 1 0 1 0 0 1 1 1 1 1 1 1 0 0 1 0 
1 1 1 0 0 0 0 0 0 0 0 0 1 1 0 0 1 1 0 1 0 0 1 1 1 0 0 1 1 0 1 0 1 0 0 1 0 0 1 0 1 1 0 0 0 0 1 0 1 1 1 1 1 0 0 0 
1 0 1 0 0 0 0 0 0 0 1 0 1 1 0 0 0 0 0 1 0 1 1 1 1 0 0 0 1 0 1 0 1 0 0 1 1 0 1 1 0 1 0 1 0 0 1 0 1 0 1 1 1 0 1 0 
1 1 1 0 0 0 0 1 0 0 0 1 0 0 1 0 1 1 0 1 1 1 1 0 1 1 0 1 1 1 1 0 0 0 0 0 0 0 1 1 0 0 0 0 0 1 1 1 0 1 0 0 0 1 0 0 
0 0 1 0 1 0 0 0 1 1 0 1 1 0 0 0 0 1 0 0 0 1 1 1 0 1 1 1 0 1 1 1 0 0 1 1 0 1 1 1 0 0 1 0 0 1 0 0 0 0 0 1 0 1 0 0 
0 1 1 0 0 0 1 0 0 0 0 1 0 1 0 0 1 1 0 1 1 0 1 1 1 1 0 1 0 0 1 0 1 1 1 0 1 0 0 0 1 0 1 1 0 1 1 1 1 0 1 0 0 0 1 1 
0 0 0 0 0 0 1 0 1 0 0 0 0 0 0 1 1 1 0 1 1 0 0 0 0 1 0 0 0 1 0 0 1 0 0 0 0 1 0 1 1 0 0 0 0 0 1 1 0 0 0 1 0 1 1 0 
0 1 0 0 0 0 0 0 1 1 0 1 0 0 1 0 0 1 0 0 1 1 0 1 1 0 0 1 1 1 1 0 0 0 0 1 0 1 1 1 0 1 1 0 1 0 0 1 1 0 1 0 0 1 0 1 
0 0 1 1 0 0 1 0 0 0 1 1 1 0 0 1 1 1 1 0 1 0 1 0 0 1 1 0 0 1 0 0 1 1 0 1 1 1 0 0 1 1 1 0 0 1 1 1 1 1 0 0 1 1 1 1 
0 0 0 1 1 0 1 0 1 1 0 0 1 0 0 0 1 1 1 1 1 0 1 0 1 1 0 0 0 1 0 1 1 0 0 0 0 1 1 1 1 1 1 0 1 0 0 0 1 1 0 0 0 1 0 1 
