68 54 1410
10 65 69 94 27 65 60 75 4 27 82 88 42 69 46 51 60 29 60 77 21 6 85 22 72 60 93 22 67 18 88 77 34 8 22 61 72 81 87 28 59 68 15 100 36 60 50 96 41 9 24 61 67 60 
83 38 19 75 12 38 92 51 14 26 58 87 38 82 67 76 9 78 44 75 77 31 87 27 78 27 87 54 87 5 13 69 43 84 96 6 21 87 56 86 64 13 72 53 46 90 29 6 67 72 81 96 54 67 
74 32 45 60 37 31 65 1 52 59 84 47 64 56 85 71 41 1 35 64 53 81 6 81 38 24 4 70 19 58 36 92 41 32 4 77 63 20 77 14 30 13 12 45 68 96 15 61 96 49 76 1 81 33 
81 19 9 85 88 79 94 76 71 34 7 26 62 69 97 90 34 26 2 97 70 22 93 84 34 40 32 61 40 65 94 73 83 54 57 70 32 2 97 54 35 4 79 48 24 75 37 10 100 91 6 21 12 50 
4 97 90 88 57 81 52 2 53 86 55 61 7 87 14 4 40 100 7 71 47 82 45 36 91 97 26 97 17 89 46 73 85 87 12 41 20 15 95 24 52 49 37 58 35 50 61 27 50 19 97 96 1 41 
83 43 89 8 91 58 96 37 30 32 75 93 25 94 59 19 18 10 67 54 67 54 55 28 80 4 98 28 52 50 68 34 93 9 42 35 66 89 71 47 21 98 39 45 43 97 15 60 58 81 65 24 86 72 
3 65 75 53 92 78 2 12 12 46 72 5 81 37 45 3 83 17 100 73 61 43 21 27 54 78 8 71 53 45 42 8 10 68 60 53 46 61 16 57 59 39 13 39 75 57 93 9 74 93 33 86 87 53 
13 92 82 72 14 87 16 7 94 77 75 53 82 20 65 49 28 23 88 92 61 14 48 54 23 73 98 7 11 36 12 75 79 45 98 45 31 65 51 24 42 25 28 75 96 93 75 23 15 62 66 28 28 66 
33 2 38 30 8 100 17 19 26 47 64 23 91 46 88 42 70 81 18 97 7 14 89 81 88 56 95 54 83 74 19 15 75 8 96 82 60 64 53 85 10 68 60 1 13 99 94 82 31 11 31 37 24 71 
69 64 78 15 17 60 88 87 26 14 94 21 48 53 36 100 90 46 67 49 98 31 47 43 65 29 53 95 65 29 17 85 92 95 52 8 6 91 94 32 5 39 4 52 44 40 51 33 37 69 33 34 51 31 
76 15 59 80 61 75 8 78 59 51 24 62 58 29 53 3 12 57 94 16 8 37 7 10 69 43 30 53 28 80 83 55 95 41 34 7 15 94 84 73 44 59 87 54 88 39 56 99 95 1 66 54 37 72 
15 57 14 44 9 41 75 91 47 21 31 81 28 45 26 11 70 69 22 56 74 9 94 82 59 40 82 25 93 19 96 59 75 62 2 36 2 76 26 49 49 57 81 76 53 58 38 74 78 59 81 52 67 26 
33 78 65 14 2 9 84 49 67 11 10 20 46 64 48 71 64 96 79 44 71 84 53 8 57 30 67 90 81 85 15 65 62 32 31 15 40 66 64 59 76 73 30 21 36 77 44 99 24 22 94 94 57 46 
54 66 28 72 55 60 8 69 25 22 100 7 36 92 72 51 2 48 24 31 20 11 60 63 62 83 37 55 29 93 53 34 58 80 5 64 91 64 33 15 85 84 73 21 75 45 71 28 44 46 59 15 57 18 
78 18 52 66 24 80 10 28 13 68 7 69 83 98 33 15 64 17 51 89 89 25 85 12 53 28 9 63 94 17 32 71 86 83 88 10 63 98 37 75 17 96 96 99 45 28 66 60 96 16 48 85 92 32 
48 44 11 56 58 57 25 89 27 10 72 67 71 34 64 60 60 80 55 55 30 51 34 95 10 30 10 10 66 2 93 13 97 56 20 55 12 44 95 90 6 66 56 76 51 71 35 63 50 41 69 32 91 3 
26 53 84 88 62 49 89 6 13 37 61 84 43 72 28 38 62 85 55 69 60 58 40 47 20 89 87 40 72 30 42 98 82 25 37 95 25 25 100 37 61 13 21 56 84 100 93 97 36 99 66 95 56 5 
41 75 45 80 67 17 9 8 66 42 85 2 88 61 78 39 50 90 51 22 45 87 73 89 83 8 88 100 2 43 4 95 70 49 26 36 17 34 95 82 27 31 35 14 92 12 4 41 1 7 62 46 93 86 
34 27 93 21 27 94 16 30 40 85 30 65 20 46 50 66 79 76 97 13 41 88 24 97 80 77 3 93 22 95 78 7 21 70 80 99 15 95 29 55 79 10 71 50 8 21 15 86 48 11 51 41 50 74 
37 29 2 91 73 23 85 50 82 57 19 61 56 86 55 36 40 85 45 62 34 52 34 100 90 34 11 40 74 12 65 62 93 67 52 65 41 88 15 22 96 85 82 51 70 36 38 61 20 35 23 5 38 8 
5 27 41 67 18 66 78 83 27 22 1 30 87 41 17 1 63 65 37 44 15 7 32 5 67 3 39 89 8 28 97 64 55 89 30 72 55 59 6 81 81 6 63 67 47 31 19 61 95 55 56 62 13 39 
66 80 42 56 20 1 83 68 16 89 57 45 61 11 55 18 43 35 76 57 53 74 88 23 34 82 78 41 43 90 80 60 21 73 15 41 73 98 8 88 86 16 84 98 78 38 68 21 25 43 29 77 16 16 
100 1 98 29 41 92 70 20 52 91 92 18 31 16 67 90 55 53 58 38 2 35 28 21 7 52 63 36 28 30 51 79 30 100 7 71 92 77 42 95 19 34 12 49 1 79 90 56 83 47 45 36 34 72 
57 40 75 71 27 55 1 30 33 30 29 92 52 72 68 94 18 86 27 30 86 79 60 27 34 94 26 31 81 11 2 37 2 29 8 29 83 60 58 67 41 38 58 93 10 77 86 79 14 64 60 51 42 19 
78 76 64 55 6 45 65 59 33 66 39 40 46 21 51 3 88 92 41 45 84 2 74 69 80 87 84 92 38 25 10 67 52 26 21 9 70 37 68 2 54 58 94 100 79 44 54 18 87 46 14 70 47 87 
90 79 74 73 70 63 50 31 29 1 56 1 10 77 89 29 31 42 86 24 41 16 19 47 33 6 92 47 27 39 33 17 69 58 41 90 20 90 72 100 43 80 100 52 56 88 32 86 82 69 61 74 85 32 
20 17 37 12 15 15 2 100 83 22 57 24 63 29 65 34 28 7 13 80 10 21 19 93 58 100 62 19 26 46 50 45 14 38 8 81 52 61 80 87 82 88 10 44 16 26 78 96 85 42 75 46 14 93 
39 72 45 100 42 22 97 43 66 62 80 26 42 83 86 73 69 20 61 30 63 76 8 92 71 92 86 97 37 99 42 75 70 86 26 11 7 74 53 24 36 84 1 29 19 87 2 39 6 62 21 20 37 28 
12 60 71 97 56 7 95 97 34 17 34 11 27 92 85 32 68 72 15 68 100 85 6 1 24 63 14 44 83 3 71 46 62 93 42 69 51 88 18 84 56 3 47 35 95 31 66 14 54 32 81 53 17 39 
6 92 1 19 35 83 21 57 28 34 49 21 3 51 61 72 35 16 74 33 2 68 15 67 33 68 51 66 72 19 4 77 10 4 96 96 39 68 4 66 2 4 39 4 54 51 75 40 18 100 72 20 68 86 
86 52 53 88 17 25 6 20 53 67 24 48 14 14 68 17 79 69 20 69 24 26 19 50 65 37 49 37 56 68 74 93 20 79 33 36 55 38 56 7 57 31 7 70 44 74 87 74 42 58 95 65 83 13 
66 100 1 14 88 8 82 61 53 1 39 85 36 93 74 43 52 30 25 58 52 68 31 38 94 24 47 88 40 82 52 5 33 5 18 20 12 99 32 16 51 71 100 39 15 26 81 18 55 6 75 58 25 5 
95 70 80 94 57 19 27 61 23 59 65 41 78 28 91 9 44 42 31 95 80 98 20 12 15 27 69 42 84 94 98 31 63 78 24 72 96 2 84 71 60 48 63 89 27 53 49 70 46 80 65 77 29 36 
41 95 62 9 36 46 54 34 28 69 11 3 92 58 4 75 28 63 22 90 3 48 95 51 70 92 30 86 69 10 21 61 5 35 69 92 32 75 25 59 43 87 61 34 45 16 8 72 78 81 14 80 80 8 
82 49 51 12 86 71 73 59 31 29 93 52 21 76 26 45 34 68 32 46 1 28 61 60 99 90 40 64 21 19 71 2 20 74 65 5 44 90 63 75 18 7 26 38 82 51 35 67 70 66 12 22 93 24 
81 43 13 20 7 85 90 29 39 61 2 3 18 98 92 80 24 10 39 49 99 20 51 33 87 20 50 50 41 94 74 73 37 38 44 95 23 85 75 61 46 29 15 63 26 7 94 49 68 32 49 66 52 51 
51 90 70 100 39 62 94 64 86 82 2 29 76 76 13 50 36 58 30 2 72 55 60 66 55 79 97 3 97 100 53 47 89 74 46 80 87 39 95 72 20 96 52 47 71 65 49 58 74 78 12 46 85 71 
11 91 50 59 94 46 59 98 92 99 24 89 30 62 80 25 86 99 72 37 98 95 53 98 52 79 75 15 76 11 86 86 2 87 96 47 32 54 96 75 5 19 15 34 81 94 10 18 45 82 54 42 76 59 
39 79 37 65 94 12 76 79 49 29 17 96 75 100 2 22 74 6 41 40 91 73 34 1 42 78 34 95 71 9 5 9 87 93 25 32 56 52 62 4 32 78 52 6 77 53 80 2 58 20 42 100 44 75 
100 85 4 33 31 74 93 36 34 32 80 58 63 36 62 25 91 93 2 42 51 79 94 30 32 3 1 73 3 44 99 54 80 2 39 10 75 31 97 60 62 29 70 25 64 31 49 54 23 2 48 25 32 41 
54 64 44 54 88 46 49 87 51 28 40 89 90 67 20 38 26 33 66 95 57 81 25 57 35 100 59 82 24 42 74 78 5 69 83 93 14 32 31 17 11 70 5 52 36 76 90 62 9 7 56 17 40 33 
74 74 84 84 7 7 77 32 36 82 1 19 26 66 2 56 82 64 25 87 16 61 62 57 22 22 15 29 39 54 13 64 79 96 99 37 55 75 69 90 56 69 60 33 86 13 88 68 77 13 6 92 25 19 
100 98 41 14 78 79 68 91 94 46 86 92 83 40 66 51 82 74 71 93 6 56 6 46 75 82 58 80 25 34 99 24 31 39 37 8 69 56 98 62 2 36 5 36 27 22 38 8 95 60 1 53 15 58 
50 90 39 59 21 15 92 19 38 22 9 26 29 29 82 79 42 35 66 46 22 92 68 59 52 14 18 4 18 84 61 67 25 51 25 46 65 16 16 54 89 77 79 70 5 12 48 99 98 13 44 19 56 63 
77 7 77 46 10 46 30 70 65 54 72 89 51 36 57 67 89 97 95 20 66 99 83 13 49 33 77 93 51 33 7 80 91 35 77 1 81 6 22 45 12 94 85 62 81 93 80 22 90 74 93 7 25 75 
72 73 59 48 17 10 32 24 41 23 10 17 75 90 23 48 86 86 41 23 47 74 67 79 95 8 52 87 15 28 13 86 1 72 85 69 33 69 44 73 91 54 89 17 43 63 64 81 48 57 55 47 30 21 
77 24 81 28 62 95 56 26 32 8 49 16 28 81 84 72 53 26 25 94 94 19 8 58 99 8 14 5 54 43 26 82 18 6 9 31 52 16 56 83 75 5 50 3 37 86 74 42 63 98 87 57 16 94 
14 67 1 79 71 6 73 48 87 42 53 48 72 56 15 79 38 90 35 40 92 72 25 17 65 87 14 51 95 81 44 8 47 97 38 18 2 10 65 41 3 70 88 74 77 2 5 15 43 39 54 86 62 30 
2 26 68 67 76 63 48 72 22 46 68 60 15 21 21 80 61 24 1 100 49 77 54 53 43 96 44 48 34 57 77 35 35 45 2 10 59 1 33 80 46 100 39 61 21 12 92 33 35 92 85 35 20 38 
40 15 85 83 62 18 91 91 5 25 87 6 87 45 6 19 24 51 19 15 63 91 26 54 75 12 97 59 46 17 48 85 83 85 19 96 54 62 86 58 86 24 63 72 20 20 91 96 23 61 10 85 3 87 
39 29 98 35 40 95 3 87 32 85 23 2 81 77 63 18 34 49 94 49 20 13 20 62 8 42 74 69 79 76 55 17 5 4 3 44 51 6 82 82 42 57 35 74 33 98 92 18 98 85 18 69 49 38 
31 57 31 4 77 9 32 84 77 88 87 80 31 37 37 64 70 30 72 5 4 4 54 47 74 51 83 43 19 31 32 49 39 63 5 16 23 36 99 52 23 37 83 5 26 71 20 95 100 92 51 55 47 4 
53 72 54 35 15 73 18 46 73 56 60 77 23 35 64 73 86 86 62 68 42 87 38 62 33 89 5 84 44 51 87 48 75 93 83 89 65 100 86 37 7 98 66 82 32 29 6 69 67 67 88 8 5 77 
21 38 65 25 73 60 28 11 8 2 3 42 42 19 93 27 8 99 76 73 32 59 1 90 27 67 8 66 27 13 42 47 2 59 24 74 18 51 84 77 52 39 18 93 57 10 71 64 61 47 36 44 57 89 
33 84 7 41 1 33 5 43 32 6 1 55 31 70 5 66 47 8 4 16 52 61 26 74 24 38 72 12 81 29 100 14 64 58 6 64 91 62 58 74 67 58 28 49 80 84 14 26 43 18 93 94 30 18 
67 53 55 39 16 88 19 67 1 82 25 58 45 67 19 3 40 37 12 19 37 91 2 50 68 96 19 61 89 48 30 7 53 37 97 68 24 67 35 76 48 11 33 93 77 3 47 68 91 10 86 27 1 39 
28 20 34 47 32 74 94 62 32 46 50 81 14 73 47 100 48 95 10 32 39 38 86 37 5 28 46 42 6 98 80 33 18 65 79 1 90 73 14 21 70 63 53 35 35 100 34 34 46 95 17 36 32 54 
72 36 81 69 77 86 67 8 71 36 72 49 36 61 73 50 34 43 64 86 77 51 37 63 36 82 57 53 69 89 58 92 76 91 61 5 28 79 12 98 14 36 99 1 96 71 2 81 65 66 67 94 16 3 
56 51 37 64 55 5 4 13 97 80 55 9 84 82 87 47 80 52 82 78 52 78 100 54 58 65 19 76 58 86 31 65 36 67 28 91 23 32 55 71 63 9 79 98 42 17 44 73 68 26 2 20 55 2 
25 64 18 43 40 27 28 70 43 15 88 70 57 10 53 63 33 67 71 11 64 65 80 8 37 47 33 39 66 39 92 90 2 61 84 41 87 63 62 29 30 49 50 86 11 55 49 43 21 71 5 85 35 84 
44 24 31 28 14 48 66 5 90 67 65 25 60 3 40 21 31 69 22 32 54 32 86 54 74 7 25 30 43 11 14 86 34 96 13 99 43 30 3 84 96 19 9 55 21 48 28 3 68 49 35 21 80 72 
27 5 30 3 34 72 13 99 9 99 46 73 97 41 2 52 24 98 70 84 4 43 83 31 45 50 79 31 23 10 3 49 14 32 51 100 56 15 50 64 65 96 89 14 36 90 65 59 39 86 95 95 80 77 
25 25 79 56 7 1 65 9 1 31 93 51 82 48 17 31 63 82 26 3 47 61 93 63 72 83 48 18 77 80 94 54 4 72 9 62 24 25 71 24 7 15 74 88 14 43 19 28 76 96 31 22 9 75 
84 32 57 83 49 34 62 42 87 17 66 47 31 89 71 53 13 78 67 38 65 32 32 35 59 7 31 41 80 91 15 15 22 72 50 70 57 63 63 43 32 80 41 62 21 11 14 33 40 32 22 57 63 54 
91 21 12 73 62 44 63 28 58 36 99 59 57 55 22 20 49 5 51 41 66 71 52 31 55 43 62 77 99 24 82 42 96 45 14 9 88 29 37 98 16 35 8 73 42 29 44 42 85 94 83 50 65 86 
80 19 28 93 47 79 16 80 20 64 25 85 72 64 65 8 61 81 95 69 5 36 49 48 29 34 41 63 35 57 48 67 76 28 59 74 6 27 54 25 90 78 61 61 41 26 21 54 6 15 74 10 2 74 
9 82 59 49 45 46 6 44 12 33 71 22 6 76 100 59 52 89 88 13 2 81 90 74 86 47 88 11 8 89 84 16 22 95 16 66 40 21 10 3 5 32 76 63 60 76 21 11 16 61 75 69 41 64 
42 26 10 81 36 69 21 71 84 43 17 100 8 8 72 69 62 77 1 38 39 60 65 11 22 32 71 97 1 63 12 94 40 74 75 27 42 95 98 78 37 66 77 97 74 48 65 35 76 65 72 14 76 88 
0 1 1 0 1 1 1 0 0 0 1 0 1 1 1 0 0 1 1 0 1 0 1 0 1 1 0 0 0 0 0 0 1 1 1 0 0 0 0 0 0 0 1 1 1 0 1 1 1 1 1 1 1 0 
1 0 1 1 1 0 1 1 0 0 0 1 0 0 1 1 0 0 1 1 1 0 1 1 1 1 0 0 0 1 0 1 0 0 0 1 0 0 0 0 0 0 0 1 0 1 0 0 1 1 0 1 1 1 
0 0 0 0 0 0 1 0 1 1 0 0 0 0 0 0 1 0 0 1 1 0 0 1 1 0 0 1 1 1 0 1 1 1 1 1 1 0 0 1 0 0 1 0 1 1 1 0 1 1 1 1 0 1 
0 1 1 1 0 0 0 0 1 0 1 0 1 1 1 1 0 1 0 1 1 1 0 0 1 1 0 0 0 0 1 1 1 1 0 1 1 0 1 1 0 1 1 0 0 0 1 0 1 1 1 1 0 1 
1 1 0 1 1 1 1 1 0 0 0 0 1 1 0 1 0 1 0 0 1 0 0 0 0 0 0 1 1 0 0 0 0 0 0 1 1 1 0 1 0 0 1 1 0 0 0 0 1 0 0 0 0 1 
0 0 1 0 1 0 1 1 0 1 0 0 0 1 0 1 1 0 1 0 1 1 0 0 0 1 0 0 1 1 1 0 1 0 0 1 0 1 0 1 0 0 1 1 0 1 0 1 1 1 1 1 1 0 
1 1 1 1 1 1 0 1 1 0 1 1 1 0 1 1 1 1 0 0 0 0 0 0 1 1 0 0 0 1 0 1 0 0 1 1 1 1 0 0 1 0 1 0 0 0 0 1 0 0 1 0 0 1 
1 1 1 1 1 1 0 0 1 0 0 0 1 1 1 0 1 1 0 0 1 0 1 1 1 1 1 0 1 1 0 0 0 1 1 0 0 1 0 1 1 0 1 1 1 1 1 0 0 1 0 1 1 1 
1 0 0 0 0 0 0 0 0 0 1 0 0 0 1 0 1 1 0 1 0 1 0 1 1 0 0 0 1 1 1 0 1 0 1 1 0 1 0 0 1 1 0 0 1 0 0 1 1 1 0 1 0 0 
0 0 0 0 0 1 1 1 0 0 1 1 1 1 0 1 0 1 1 0 1 0 0 0 1 1 1 1 0 1 1 0 1 1 0 1 1 1 1 1 1 0 0 1 0 0 0 0 1 1 0 1 0 1 
1 1 0 0 1 1 1 0 1 1 0 0 0 1 1 1 0 1 0 0 0 0 0 0 0 1 0 0 0 0 1 1 1 0 1 0 1 1 1 0 0 1 0 0 0 0 0 0 1 0 0 1 0 0 
1 0 1 1 0 0 1 0 1 1 0 1 1 1 0 0 1 0 1 0 0 1 0 0 1 1 0 1 0 0 1 1 0 1 1 1 1 0 1 0 1 1 1 1 0 1 1 1 1 1 1 0 0 1 
0 0 0 1 1 0 1 1 0 0 0 1 1 1 1 0 1 1 1 1 0 1 0 1 0 0 0 0 0 1 1 0 1 0 1 0 0 1 1 0 1 1 1 0 0 1 0 0 0 1 1 0 0 1 
1 0 1 0 0 1 1 0 0 0 0 1 0 0 0 0 1 1 1 0 1 0 1 1 0 1 0 1 1 0 0 1 1 0 1 1 1 0 1 1 0 1 1 0 0 1 0 1 1 0 1 0 0 1 
0 0 0 0 1 0 1 1 1 0 1 0 1 1 0 1 0 0 0 1 0 0 1 1 1 0 1 1 0 1 0 0 1 0 1 0 0 0 1 1 0 1 1 1 0 1 0 0 1 1 0 0 1 1 
1 1 1 0 0 1 1 0 0 0 0 1 0 1 1 1 0 1 0 0 0 0 1 1 1 1 0 1 1 1 0 0 0 1 0 0 0 1 0 0 1 1 1 1 0 0 0 0 1 1 0 0 1 0 
1 0 1 1 1 0 0 1 0 1 0 0 1 1 1 0 1 0 1 1 1 1 1 1 1 1 0 0 1 0 0 0 0 1 1 0 1 1 1 1 0 0 1 0 1 0 0 0 0 1 1 1 0 1 
0 1 0 1 1 1 1 1 1 1 0 0 1 1 1 1 0 0 1 1 0 0 1 0 0 1 1 0 0 1 1 1 0 1 0 0 0 1 1 1 0 0 1 0 1 0 1 0 0 0 1 0 0 1 
0 0 0 1 0 1 0 1 0 1 0 0 1 0 1 0 1 1 0 0 1 0 1 0 0 1 0 1 0 0 0 0 1 1 0 1 0 0 1 0 1 1 0 0 0 1 1 1 0 1 0 0 1 1 
0 1 0 1 1 0 1 1 1 0 0 1 0 0 1 1 0 1 0 0 1 0 1 0 0 0 0 0 0 1 1 0 1 1 1 0 0 1 1 1 1 0 0 1 0 1 0 1 0 1 1 0 1 1 
0 1 1 0 1 1 0 0 1 1 0 1 1 0 0 0 1 1 0 1 1 1 0 1 0 1 0 1 1 0 0 1 1 1 0 1 0 0 1 0 1 1 1 0 1 1 0 0 0 1 1 1 0 0 
1 0 1 1 1 0 1 0 1 1 1 1 0 0 1 1 0 0 1 1 0 0 0 1 1 0 0 0 0 0 0 1 0 1 0 1 1 0 1 1 1 1 0 1 1 0 0 1 0 1 0 1 0 0 
0 1 0 0 1 0 0 0 1 0 1 0 1 1 0 1 0 1 0 0 0 1 0 0 0 1 0 0 0 0 0 0 1 0 0 0 1 0 0 0 0 0 0 1 1 0 0 1 1 0 1 1 1 0 
0 1 1 0 1 1 0 1 1 1 0 1 1 1 1 0 1 1 0 0 0 1 0 1 0 0 1 1 1 1 1 1 0 0 1 0 1 1 1 0 0 1 1 0 0 0 0 0 1 0 0 0 1 0 
1 1 0 0 0 0 1 0 1 0 0 1 0 0 0 1 0 1 1 0 1 1 0 1 1 0 1 1 0 0 0 1 1 0 1 1 0 1 1 0 1 0 1 1 0 1 0 0 0 1 0 1 1 1 
0 0 1 1 0 1 1 0 0 0 0 1 0 1 0 1 1 1 1 0 0 1 1 1 0 0 0 0 1 1 1 0 0 0 1 0 1 1 0 1 1 0 1 1 1 1 1 0 1 0 0 1 0 0 
0 0 0 1 0 1 0 0 1 0 0 1 0 0 0 0 1 1 1 0 1 0 0 0 1 1 0 1 0 0 1 1 0 1 0 1 1 0 1 0 1 1 1 1 1 1 0 1 1 1 1 0 1 1 
0 0 0 0 0 1 1 1 0 1 1 0 0 0 0 1 0 1 1 0 1 0 1 1 1 0 0 1 0 1 0 0 0 1 1 0 0 0 1 0 1 0 0 0 0 0 1 1 0 0 1 1 1 0 
0 0 1 0 1 1 1 0 0 1 1 1 1 1 1 1 1 0 1 1 0 0 1 0 1 1 0 0 0 1 0 0 0 1 0 1 1 0 1 1 1 0 0 1 1 1 0 0 1 1 1 0 1 1 
0 0 0 0 0 1 0 1 1 0 0 0 1 1 0 1 0 1 1 0 0 1 1 0 1 1 0 1 1 1 0 1 0 0 1 0 1 1 1 1 1 0 1 1 1 1 0 0 0 1 0 1 0 0 
1 0 1 1 1 0 1 1 1 1 1 0 1 1 0 1 0 1 1 1 0 0 0 0 0 0 0 1 1 0 1 1 0 0 0 1 0 1 0 1 0 0 1 0 1 1 1 1 1 0 0 1 0 0 
0 1 0 0 0 0 0 1 1 1 1 1 0 1 1 1 0 1 1 1 1 0 1 0 1 0 0 1 1 1 1 1 0 1 1 0 1 0 1 0 1 0 0 1 1 1 0 1 0 1 0 0 1 1 
0 0 1 1 1 1 0 0 0 0 0 0 0 1 0 1 0 1 1 0 0 0 1 1 1 1 0 1 1 0 1 0 0 0 1 0 1 1 0 0 1 0 0 1 0 0 0 0 1 1 0 1 1 1 
0 0 0 1 1 0 1 0 0 1 1 1 1 0 0 0 0 1 0 0 0 0 0 0 0 1 1 0 1 0 1 1 0 0 0 1 0 1 0 0 1 1 1 0 1 1 0 0 0 1 0 0 1 1 
0 0 0 1 0 1 1 0 1 1 0 1 0 0 1 0 0 0 1 1 0 1 0 1 1 0 0 1 0 1 0 0 1 1 1 0 0 0 0 1 1 0 1 1 0 0 0 0 0 1 1 0 0 1 
1 1 1 1 1 1 1 1 1 0 0 0 0 1 0 0 0 1 0 1 0 0 1 0 0 1 0 1 0 0 0 1 0 1 1 1 0 0 0 1 0 1 1 1 0 1 1 0 0 0 0 1 0 1 
1 1 1 1 0 1 0 1 0 0 0 1 1 1 1 1 0 0 0 0 1 0 1 0 1 0 0 1 1 1 0 0 0 1 0 0 0 0 1 1 0 0 0 1 1 0 0 1 0 1 1 1 1 1 
1 0 1 0 1 0 1 0 0 1 1 0 1 0 0 1 1 0 1 1 1 0 1 0 1 1 1 1 0 0 0 0 1 1 0 0 1 1 0 1 0 0 0 1 0 0 0 1 1 1 0 0 1 0 
0 1 1 1 0 0 0 0 0 1 1 0 1 0 1 0 1 1 0 1 0 0 0 1 1 1 0 1 1 0 1 0 1 1 1 1 1 1 1 1 0 0 1 0 0 0 0 1 1 0 1 1 0 1 
0 1 0 1 0 1 1 0 1 0 1 1 1 0 0 0 1 1 0 0 1 0 0 1 1 1 1 0 0 1 1 1 0 1 0 0 1 1 0 0 1 1 1 0 1 0 0 0 1 0 0 0 0 0 
1 1 1 0 0 0 1 1 1 1 1 1 1 0 0 0 0 1 1 0 1 1 0 1 1 1 1 0 1 1 0 0 0 0 0 0 0 1 0 1 0 1 0 1 1 0 1 1 1 1 1 0 0 1 
1 1 0 0 1 1 1 0 1 1 0 1 0 0 0 0 1 0 1 1 0 0 1 1 1 0 0 1 0 0 0 1 0 1 1 1 0 0 1 0 1 1 1 1 1 0 1 0 0 0 1 0 0 0 
0 0 0 0 1 0 1 1 1 1 0 0 0 1 0 0 1 0 1 0 1 1 0 1 1 1 1 1 1 0 1 1 0 0 0 1 0 1 0 0 0 1 0 0 0 1 0 1 1 0 1 0 1 0 
1 0 1 1 1 0 1 1 0 1 1 0 0 1 1 0 1 1 1 0 1 1 1 0 0 0 0 0 0 1 0 0 1 1 1 1 1 0 0 1 1 1 1 1 0 0 1 0 1 1 0 1 0 1 
1 1 1 1 1 1 0 1 1 1 0 0 0 1 0 0 1 1 1 0 0 0 1 0 0 0 1 0 1 1 1 0 0 0 1 1 1 1 0 1 1 0 1 1 0 0 0 1 1 1 1 0 1 0 
0 1 1 1 1 0 0 0 1 1 0 0 0 0 0 1 1 1 1 0 0 1 0 0 0 0 0 0 0 1 0 0 1 1 1 0 0 1 1 1 0 1 1 1 1 1 0 0 0 1 1 1 1 1 
1 1 1 1 1 1 1 0 1 0 1 0 0 1 0 1 0 0 1 0 1 0 1 1 1 0 1 0 1 0 1 0 1 1 0 1 0 1 1 0 1 0 0 1 0 0 1 0 1 0 0 0 0 0 
0 1 0 1 1 1 1 1 1 0 0 1 1 0 0 0 0 1 1 1 1 1 1 0 1 0 0 0 1 0 0 1 0 0 0 1 1 1 0 0 1 0 0 1 1 0 1 1 0 0 0 1 1 0 
1 1 0 1 1 1 1 1 0 1 1 0 1 0 1 1 0 1 0 0 0 1 1 1 0 1 0 1 0 1 1 1 0 1 0 1 1 1 0 1 1 1 0 0 1 1 1 0 0 1 0 0 0 1 
0 1 0 0 0 0 1 1 1 0 0 1 1 1 1 0 1 0 1 1 0 1 0 1 1 1 1 1 1 1 1 1 0 1 1 0 0 1 1 1 1 0 1 0 1 0 0 0 0 0 1 0 1 0 
1 0 1 0 1 0 0 0 0 0 0 1 1 0 0 0 1 1 0 0 0 0 0 0 0 0 0 0 0 1 0 0 1 1 0 1 1 0 1 1 1 1 1 0 1 1 0 1 1 1 1 1 1 0 
1 1 0 0 1 1 1 1 1 1 0 1 0 0 0 1 1 1 1 0 1 0 0 1 1 1 0 1 0 1 1 1 1 1 1 0 0 1 0 1 0 0 1 0 0 1 1 0 0 0 0 1 1 0 
0 0 1 1 1 1 0 0 1 1 0 0 0 0 1 0 0 1 0 1 1 1 0 1 1 0 1 1 1 0 0 1 1 1 0 0 1 1 1 0 0 1 0 0 1 0 0 1 1 1 0 1 0 0 
0 1 0 1 0 1 0 0 1 1 0 1 1 1 0 0 1 1 1 1 1 1 1 0 0 1 1 1 0 1 1 0 0 0 1 0 1 1 1 0 0 1 0 0 0 0 0 1 1 0 0 1 1 0 
1 1 1 0 0 1 1 0 1 1 0 0 1 1 0 0 0 0 1 0 0 1 0 1 0 0 1 1 1 0 1 0 1 0 0 0 1 1 0 0 0 0 0 1 1 0 0 1 1 1 1 1 1 0 
0 1 0 1 0 1 1 1 1 1 1 1 1 0 0 1 0 0 1 1 1 0 1 1 0 0 1 1 0 0 1 0 1 1 0 0 0 1 1 1 0 1 0 1 1 0 0 0 0 1 1 0 0 0 
1 0 1 0 1 1 0 1 1 0 0 1 0 1 1 1 0 1 0 1 1 0 1 1 0 0 1 1 0 1 1 1 1 0 0 0 1 0 1 1 0 0 0 0 1 1 0 1 1 0 0 0 0 0 
1 0 0 0 1 0 1 1 1 0 1 1 1 1 0 0 0 0 0 0 1 1 0 1 1 1 1 1 1 0 1 0 0 1 1 0 1 0 1 1 1 0 0 0 1 0 0 1 1 1 0 0 0 0 
1 1 1 0 1 0 0 0 0 1 0 1 1 1 0 0 0 1 0 1 1 0 1 1 1 0 0 1 0 1 1 1 0 0 0 1 0 0 0 1 1 0 0 0 1 0 0 0 1 1 1 0 1 0 
0 0 1 0 0 1 1 1 1 0 0 1 1 0 1 1 1 1 1 0 1 1 0 0 1 0 1 0 0 0 0 0 0 1 1 0 1 0 0 0 0 0 1 0 0 0 1 0 1 1 0 1 0 0 
1 1 0 0 1 1 0 1 1 0 1 0 1 0 1 1 0 1 1 1 1 1 1 1 1 1 0 1 0 0 0 1 1 0 1 0 1 1 1 1 1 0 1 0 0 0 1 0 0 0 1 1 0 1 
0 1 0 0 1 0 0 1 1 1 1 0 1 1 1 1 0 0 1 1 1 0 0 0 0 0 1 0 1 1 1 0 0 1 0 1 1 1 0 0 0 0 0 0 1 1 1 1 1 0 0 0 0 0 
1 1 0 0 1 0 1 0 0 1 1 0 1 0 1 1 0 0 1 0 0 0 1 1 1 0 1 0 1 0 0 0 1 1 0 0 1 1 0 1 0 1 1 1 1 1 1 1 1 0 1 1 1 0 
0 0 0 1 0 1 1 1 1 0 0 1 0 1 0 0 0 1 1 1 0 0 0 1 1 1 0 0 0 1 0 0 1 1 0 0 0 1 1 0 0 1 1 0 0 0 1 0 1 0 1 1 1 0 
1 0 1 1 1 0 0 1 0 1 0 0 1 1 0 0 1 0 1 0 0 1 0 1 1 1 0 1 1 1 1 0 1 0 1 0 0 1 0 1 0 0 1 0 1 1 0 0 1 0 1 0 1 1 
1 1 1 1 0 0 0 1 0 0 1 1 0 0 0 0 1 0 1 0 0 0 0 1 1 1 1 0 1 0 1 1 1 0 0 1 0 1 0 0 1 0 1 1 0 1 0 1 0 1 1 0 1 1 
1 0 1 0 0 0 1 0 1 0 0 0 0 1 1 0 1 0 0 1 1 0 0 1 1 0 0 1 1 0 0 0 0 1 1 1 0 0 1 1 0 1 1 0 0 0 1 0 0 1 1 0 0 1 
1 1 0 0 0 1 0 1 1 0 0 0 1 0 0 0 0 1 0 1 1 0 0 0 0 0 0 1 0 0 1 0 1 1 0 0 0 0 1 1 0 1 0 0 0 0 0 0 1 0 1 1 1 1 
