44 51 1522
33 52 6 36 94 12 46 2 61 90 71 43 53 47 52 7 21 16 36 39 27 61 14 55 69 20 42 16 64 12 73 96 15 30 83 61 41 28 62 53 70 84 96 22 83 99 81 55 14 68 93 
92 28 58 98 48 77 39 15 92 3 87 39 69 68 22 29 61 1 43 65 70 26 12 44 60 10 24 14 23 91 7 14 71 16 11 18 93 2 85 36 56 71 75 76 91 48 5 51 48 99 15 
70 76 27 13 36 36 88 1 11 30 7 76 100 23 87 70 67 40 54 2 47 76 28 22 66 75 78 68 75 76 35 44 52 61 8 39 48 95 39 10 24 98 86 76 72 24 45 90 63 50 43 
61 25 71 82 43 45 12 10 19 87 44 14 90 56 21 28 56 67 19 65 43 16 2 70 87 25 66 76 39 15 18 99 39 40 33 33 85 44 95 55 82 90 69 24 98 41 51 53 60 21 69 
54 36 23 23 74 47 88 1 38 54 71 36 44 10 20 77 46 15 71 1 97 12 21 20 9 13 22 13 24 95 34 77 30 56 51 56 54 90 8 91 43 78 27 87 40 98 63 85 13 85 37 
61 96 9 32 5 22 53 69 97 99 2 74 29 57 76 36 11 66 43 1 8 73 79 94 12 77 8 96 41 44 85 1 92 93 32 48 66 36 16 63 35 18 88 15 26 63 2 88 80 44 41 
88 16 19 33 79 47 93 75 39 36 11 39 27 55 22 74 73 10 90 35 44 59 74 10 84 88 11 24 68 6 64 55 22 82 39 100 81 31 26 71 67 88 10 45 43 83 71 15 92 60 1 
35 70 74 96 5 13 6 28 80 12 91 34 85 25 25 36 57 55 14 27 73 1 36 18 95 71 40 9 62 51 61 49 20 86 44 24 99 2 4 78 13 94 64 49 18 88 84 74 42 49 1 
67 50 88 36 44 10 75 5 72 25 65 20 44 51 15 19 49 16 22 78 80 16 41 28 85 28 64 11 22 12 63 88 13 2 23 57 12 97 13 83 21 77 54 16 27 68 34 27 36 56 5 
15 23 45 95 7 25 10 69 46 73 31 85 86 33 7 94 44 55 6 78 27 82 31 42 61 50 27 39 85 34 43 100 56 40 46 15 16 55 83 13 79 66 97 64 98 55 9 93 61 14 70 
87 48 52 80 60 1 6 98 86 40 93 37 95 84 82 61 99 88 96 11 18 61 59 82 10 65 42 2 25 56 23 11 55 74 90 14 26 95 63 11 86 7 47 33 90 80 93 40 19 88 2 
89 100 60 22 9 24 63 62 100 70 36 10 24 61 51 89 87 98 4 97 83 10 96 15 100 27 60 91 98 99 93 86 99 4 7 59 80 21 73 79 91 60 41 66 21 91 7 59 40 10 7 
75 71 54 41 70 33 100 61 82 51 5 67 1 8 25 11 87 97 83 66 87 95 58 5 67 100 11 25 40 72 31 66 42 37 6 64 69 58 76 50 60 80 68 60 87 44 70 26 40 5 43 
79 99 100 83 65 99 45 41 90 16 71 55 57 59 13 72 27 22 47 76 81 26 43 40 65 86 9 42 78 65 84 56 63 35 90 79 85 34 19 27 49 42 33 57 100 45 29 27 18 27 54 
98 53 49 37 69 86 98 10 63 14 45 70 77 79 59 7 15 92 78 41 92 19 74 49 70 70 29 48 88 55 2 85 59 2 74 79 87 23 40 2 36 84 71 64 14 30 71 29 21 48 21 
13 18 94 13 87 64 93 35 51 99 88 35 10 89 60 88 75 82 28 76 18 63 99 33 29 28 3 9 100 2 29 64 19 23 76 58 38 20 92 88 19 31 74 28 19 86 67 45 67 94 73 
36 9 71 69 37 50 23 45 49 25 73 13 95 47 40 52 36 60 95 23 30 25 49 57 95 86 23 92 52 69 16 40 29 38 60 65 87 82 61 87 58 85 51 53 84 91 56 19 2 51 94 
31 27 94 39 74 79 61 65 82 81 32 21 61 69 32 25 7 14 37 93 23 74 44 27 57 86 83 75 87 85 68 17 11 13 55 84 91 67 100 73 100 31 45 60 99 77 37 57 42 25 50 
64 98 45 91 54 30 73 81 68 57 100 36 19 13 90 55 3 8 54 27 59 85 72 19 35 48 7 92 41 31 93 4 81 89 94 34 70 18 66 37 26 66 72 45 78 13 99 32 20 4 59 
79 40 82 49 75 81 7 18 21 89 62 24 69 50 70 3 19 39 20 55 65 85 78 61 14 90 11 46 61 14 56 91 54 37 91 80 17 97 97 37 86 58 12 54 59 33 8 77 72 28 83 
88 64 60 48 78 49 58 23 9 71 78 52 76 14 42 55 82 39 3 70 24 60 81 29 18 66 89 46 37 16 28 76 31 39 23 8 87 32 30 48 54 59 99 30 24 40 84 5 30 87 26 
5 98 59 34 68 24 22 65 12 89 93 87 19 31 9 27 70 92 8 69 45 19 67 74 42 58 10 99 88 48 24 44 45 82 77 64 57 50 29 68 90 73 54 61 55 14 39 24 5 98 92 
2 16 10 75 10 20 36 8 59 83 83 2 80 17 31 43 73 80 23 41 22 95 46 82 50 60 20 25 16 17 17 17 33 78 44 42 97 79 1 7 14 83 9 45 99 39 87 24 70 62 64 
91 56 9 24 57 20 43 82 36 12 50 4 96 27 99 89 76 30 89 82 43 23 42 87 74 32 25 97 2 86 12 44 94 20 68 50 92 10 83 79 21 32 82 16 11 81 4 86 62 44 19 
56 19 13 42 92 44 18 40 45 56 51 89 1 70 56 50 61 17 85 91 90 16 73 57 26 5 13 63 66 56 34 21 26 46 14 17 89 83 8 86 90 58 26 90 80 33 92 92 49 76 83 
38 91 7 95 69 11 7 31 28 14 16 100 40 61 65 8 2 99 16 39 89 73 64 78 4 96 69 96 96 44 78 86 87 84 80 55 46 38 37 25 3 53 24 94 65 40 2 18 38 69 8 
26 41 71 56 97 18 24 92 66 20 21 51 6 56 30 12 53 19 100 77 73 52 52 67 69 91 68 38 80 36 46 58 28 68 13 24 38 88 67 3 7 39 53 64 94 34 27 46 4 27 74 
76 30 25 94 98 67 61 88 99 48 85 56 28 4 68 3 41 7 22 95 14 60 99 29 6 84 56 3 87 82 77 15 63 53 8 61 20 21 100 18 20 84 25 47 39 44 2 80 50 23 26 
15 34 25 44 39 60 51 42 99 84 70 65 46 22 72 58 93 44 9 62 64 92 86 62 83 29 15 62 79 37 39 45 71 15 88 61 75 90 2 73 25 23 37 71 45 60 80 37 4 89 51 
19 32 36 32 14 17 47 27 47 35 66 91 5 32 31 66 6 20 19 30 97 42 18 19 38 78 98 26 33 38 76 3 70 64 34 35 32 32 14 78 67 31 20 71 62 50 88 68 22 59 49 
18 52 67 36 89 44 85 66 28 23 94 30 44 57 63 30 88 47 43 17 13 73 36 83 35 86 23 54 59 33 2 76 36 68 63 76 63 47 41 90 21 34 19 64 42 34 46 81 80 88 97 
92 13 85 26 47 70 100 52 80 84 53 7 19 73 69 94 35 67 35 25 88 20 43 3 62 28 48 42 59 36 91 50 48 75 28 46 96 27 97 75 11 1 81 81 73 49 75 8 67 61 84 
54 80 78 57 93 6 4 35 64 91 25 66 90 51 93 35 46 71 83 20 33 84 52 14 8 100 40 15 66 100 98 72 31 76 28 24 33 83 10 48 26 86 13 15 36 57 50 81 28 84 52 
60 67 3 25 75 54 64 41 19 63 91 42 46 18 21 69 50 56 78 97 81 63 62 95 98 18 96 30 97 80 81 57 98 83 33 24 36 97 65 6 11 7 48 56 24 20 24 25 75 53 73 
55 67 34 2 16 4 97 45 100 28 77 8 26 59 41 1 46 37 17 52 47 23 51 3 46 70 78 22 97 83 95 51 49 80 52 65 83 1 61 83 28 38 90 5 96 30 6 42 18 22 45 
65 97 47 19 94 16 48 16 64 30 10 15 79 89 18 95 24 18 55 6 98 92 47 2 40 29 59 81 46 33 77 10 29 23 80 22 90 80 89 54 9 50 20 39 91 37 85 14 7 40 71 
4 31 17 57 22 45 16 2 91 48 30 52 28 52 84 1 94 63 90 47 23 91 66 14 81 54 98 94 60 37 64 63 20 33 20 41 77 87 95 19 34 24 23 13 28 6 65 21 20 6 19 
42 97 36 55 77 89 5 23 49 41 86 63 12 70 34 53 47 20 99 17 5 74 91 17 53 48 82 25 67 87 43 61 35 78 67 12 19 71 34 19 64 71 81 75 41 15 79 39 34 77 55 
39 3 98 7 55 45 40 80 64 27 74 24 13 4 42 24 22 13 9 40 28 80 72 2 20 86 33 10 72 61 16 10 63 13 16 70 58 8 1 21 86 74 96 98 77 37 22 50 1 82 41 
28 61 13 82 32 98 14 41 69 74 57 30 89 21 98 58 78 5 58 50 90 83 45 87 12 34 60 61 34 42 54 14 54 66 95 86 15 60 78 36 33 86 65 73 7 14 30 36 18 39 38 
59 74 34 98 85 67 57 97 53 50 50 66 4 15 12 41 82 71 70 17 55 56 81 28 14 47 9 1 64 100 38 75 73 72 72 9 90 80 5 42 30 7 7 33 73 18 25 54 40 94 70 
95 1 3 74 66 49 82 19 64 81 56 90 5 79 61 13 69 41 70 62 22 28 21 54 100 38 30 6 30 75 27 24 76 29 97 93 29 30 11 45 63 19 34 67 97 47 32 17 87 1 31 
60 80 51 13 79 40 94 84 69 68 63 44 95 43 40 88 72 22 98 68 84 68 53 50 17 99 81 85 37 33 15 96 12 65 60 43 5 53 78 25 73 40 69 67 83 60 6 6 81 4 73 
64 71 25 14 39 76 46 24 12 31 38 8 94 3 19 36 59 72 14 35 44 5 3 62 87 63 68 44 95 23 16 59 45 93 24 84 68 21 7 31 51 44 38 45 98 57 32 8 80 97 43 
0 1 0 1 1 0 0 1 1 0 0 1 1 0 0 0 1 0 0 0 1 1 1 1 1 1 0 0 0 1 0 0 0 1 0 1 1 0 0 0 1 1 1 0 1 1 0 1 0 0 1 
1 1 0 0 0 0 0 1 0 1 1 1 1 0 1 1 0 1 1 0 0 0 0 0 0 1 0 1 1 0 0 0 0 0 0 0 0 1 1 1 0 1 0 0 1 1 1 1 0 0 0 
1 1 0 1 1 1 0 0 1 0 0 1 0 0 0 1 1 1 0 0 1 1 0 1 1 1 0 0 1 1 0 0 0 0 0 1 0 0 1 1 0 1 0 1 1 0 0 0 1 0 0 
1 0 0 0 1 1 1 1 1 0 0 1 0 0 1 1 0 1 0 1 0 1 0 1 0 0 1 1 0 1 1 1 1 0 1 0 1 0 0 0 0 0 0 0 0 1 1 1 1 1 0 
1 0 0 0 1 1 1 0 1 0 1 0 0 1 1 0 1 0 0 1 0 0 1 1 1 1 0 0 0 0 0 1 0 1 1 1 0 0 1 1 0 1 1 0 0 0 1 1 0 1 1 
1 0 0 0 1 1 0 1 1 0 1 0 1 0 1 0 0 1 0 1 0 1 0 0 1 1 1 1 1 1 0 0 1 0 0 0 0 1 1 1 1 0 0 0 1 1 1 1 1 1 1 
1 0 1 1 1 0 1 0 0 0 0 0 1 1 1 1 1 0 0 0 1 0 0 0 1 0 1 1 1 0 0 0 0 1 1 1 0 0 0 0 0 0 0 1 1 1 0 0 1 0 1 
1 1 1 1 0 1 0 1 0 0 1 0 0 1 0 1 1 0 1 1 1 0 1 0 1 1 1 0 0 1 1 1 0 0 0 1 0 0 0 0 0 0 1 0 1 1 0 0 1 1 1 
0 1 0 1 1 1 0 1 0 1 0 1 0 0 0 1 0 0 1 1 1 1 0 1 0 1 1 0 0 1 1 1 0 0 0 1 1 0 0 1 1 0 1 1 1 1 0 1 1 0 0 
0 1 0 0 0 1 1 0 0 0 0 1 1 0 1 0 1 1 1 1 0 1 0 0 0 1 0 0 0 0 0 1 0 1 1 0 0 0 0 0 1 0 1 0 0 0 0 0 1 1 1 
0 1 1 0 1 0 0 1 0 1 0 1 1 1 0 1 1 1 1 0 0 0 1 0 0 0 0 0 1 0 1 1 1 0 1 0 0 0 0 1 1 0 0 0 1 1 1 0 0 0 0 
0 0 0 0 1 0 0 1 1 0 1 1 1 1 0 0 0 0 0 1 1 0 1 1 1 0 0 1 0 1 0 0 1 0 0 0 0 1 0 1 1 1 0 1 0 1 1 0 1 1 1 
1 1 1 0 0 1 1 1 0 0 1 0 1 1 1 0 1 0 0 1 1 1 1 0 1 0 1 0 0 0 1 1 1 0 1 1 0 0 1 0 0 0 0 0 0 1 0 1 1 0 0 
1 1 0 1 0 0 1 0 0 1 0 1 1 0 1 0 0 1 1 0 0 0 1 0 0 0 0 1 0 0 0 1 1 0 0 1 0 1 0 1 1 0 0 0 0 1 0 1 1 0 1 
1 0 0 1 0 1 1 1 1 1 1 0 0 1 0 1 0 0 1 1 1 1 1 1 0 1 1 1 0 1 0 1 1 1 0 1 0 1 1 1 0 0 1 0 0 1 1 0 1 1 1 
0 0 0 1 0 1 1 1 1 0 0 0 0 1 0 1 1 1 0 0 1 1 1 1 1 0 1 1 0 0 0 0 0 0 0 1 0 1 0 1 1 0 0 1 1 0 1 0 0 1 0 
1 0 1 1 1 0 0 0 0 0 0 0 0 1 0 1 1 1 0 0 1 0 0 0 0 1 1 0 1 1 1 0 1 0 1 1 0 1 1 0 1 0 1 0 1 1 1 0 1 1 0 
0 0 1 0 0 0 0 0 1 1 1 1 0 0 1 1 0 0 1 1 0 1 0 0 0 1 1 0 0 1 0 0 1 1 1 1 1 1 1 0 0 1 0 0 1 1 0 1 1 1 0 
1 0 0 1 0 0 1 0 0 0 0 1 1 0 0 0 1 1 1 0 1 0 0 1 1 1 1 1 0 0 1 0 0 0 1 0 0 0 0 0 0 1 1 1 1 1 1 0 0 1 0 
1 1 0 1 1 1 0 0 0 1 1 0 1 1 1 0 1 0 0 0 0 1 1 0 0 1 1 1 1 0 1 1 0 0 0 1 1 0 1 1 1 0 1 1 0 1 1 1 1 1 1 
1 1 1 1 1 0 1 0 1 1 0 0 1 0 0 0 1 1 1 1 0 0 0 1 0 1 0 1 0 0 1 0 1 0 1 0 0 0 1 1 0 1 0 1 1 0 0 0 1 1 1 
0 1 0 1 1 1 0 1 0 0 0 0 1 0 1 1 0 0 0 1 0 1 1 1 0 0 1 1 1 1 0 1 0 0 1 0 0 1 1 0 1 1 0 0 1 1 1 1 1 0 0 
1 1 0 1 0 0 0 1 1 1 1 1 0 0 0 0 0 1 1 0 0 0 0 0 1 1 1 0 1 1 0 0 1 0 1 1 0 0 0 0 1 1 1 1 1 1 1 1 0 0 1 
0 0 1 0 1 1 1 1 0 1 0 0 0 0 0 1 1 0 1 1 1 0 0 1 0 1 0 1 1 1 1 1 1 0 1 1 1 0 0 1 1 0 0 1 1 0 0 0 0 1 1 
1 0 1 0 0 0 1 1 1 0 0 0 1 1 1 0 0 1 1 0 1 1 0 0 0 0 1 0 0 0 1 1 0 0 0 0 0 1 0 1 1 0 1 0 1 0 1 0 0 0 0 
1 1 0 1 0 0 0 0 0 1 0 1 1 0 1 0 1 0 0 0 1 0 0 0 0 0 1 0 0 1 0 1 0 0 1 0 0 1 1 0 0 1 1 0 1 1 0 0 1 0 1 
1 0 1 1 0 1 0 0 0 1 0 1 1 0 0 0 0 0 1 0 0 0 0 0 1 1 0 0 0 0 1 1 1 0 0 1 1 0 0 1 1 0 1 1 1 1 1 1 1 0 0 
0 0 0 0 1 1 1 1 1 1 0 1 0 0 1 0 0 0 0 1 1 0 0 0 1 0 1 1 1 1 1 1 1 1 0 1 0 1 0 1 0 1 0 1 1 0 1 1 0 1 1 
1 1 1 0 1 1 1 0 1 1 1 0 0 0 0 1 0 1 0 1 0 1 0 1 0 0 0 0 0 1 1 1 0 0 1 1 0 1 1 1 0 0 1 0 0 0 0 0 1 0 0 
1 1 0 0 1 0 0 1 0 1 0 1 0 1 1 1 1 0 1 0 0 1 1 0 0 1 0 0 1 0 0 0 1 0 1 1 0 1 0 0 1 1 0 1 0 1 0 1 1 1 1 
1 1 0 1 1 0 0 1 1 0 0 1 0 0 0 1 1 0 1 1 1 0 1 0 0 0 0 1 1 0 0 0 1 1 0 0 1 0 1 0 0 1 1 0 0 0 1 1 0 1 0 
1 1 0 1 0 0 1 1 0 1 0 0 0 1 0 0 0 0 0 0 1 1 1 1 1 1 1 0 1 0 1 0 1 1 1 1 1 1 1 1 0 1 0 1 0 0 1 0 1 1 0 
0 1 1 1 0 1 0 1 0 0 0 1 0 1 0 1 0 1 0 0 0 1 0 1 1 0 0 1 1 0 1 1 1 1 1 1 0 1 0 0 0 0 1 0 1 0 1 0 1 0 0 
1 1 0 0 1 0 1 0 0 1 0 1 0 1 0 1 1 0 0 1 0 0 1 0 0 1 1 0 0 1 0 0 1 0 0 0 0 1 0 0 0 0 0 0 1 0 0 0 0 0 0 
0 0 1 0 0 0 0 0 0 1 0 0 0 0 1 0 1 0 1 1 1 1 1 1 1 0 1 1 0 1 1 1 0 0 1 0 0 1 1 1 1 1 1 1 0 0 0 1 1 1 0 
0 0 0 1 1 0 1 1 0 0 0 1 0 1 1 1 1 0 0 0 1 1 0 1 1 0 1 0 1 0 1 1 0 1 1 0 1 0 1 1 0 1 1 1 0 0 0 0 0 0 0 
0 1 0 1 1 1 0 1 0 0 0 0 0 1 1 0 0 1 1 0 1 1 1 0 1 1 0 1 1 0 0 1 0 0 0 1 1 0 0 0 0 1 0 1 0 1 1 1 0 1 1 
1 0 0 0 1 1 0 1 0 1 1 0 1 1 0 0 1 1 0 1 1 1 1 0 0 0 0 1 0 1 0 1 1 0 1 0 1 0 1 1 1 0 1 0 0 0 0 1 1 0 0 
0 0 1 1 0 1 1 1 1 0 1 0 1 1 0 1 0 0 1 1 1 1 1 1 1 1 1 0 0 1 0 0 1 1 1 1 0 0 0 1 0 1 0 1 0 0 1 0 0 0 0 
1 1 1 0 1 0 1 1 0 0 0 0 0 1 0 1 0 0 0 1 1 1 1 0 0 1 1 0 1 1 0 0 1 1 0 0 1 1 1 1 0 1 0 0 1 0 1 1 0 1 0 
1 1 0 0 1 1 1 1 1 1 0 1 0 1 0 0 1 1 1 0 1 1 0 1 0 0 1 1 1 0 1 0 1 1 0 0 1 0 0 0 1 0 1 1 1 1 1 0 1 0 1 
0 1 1 0 1 0 1 0 1 1 0 1 1 1 0 1 0 0 1 0 1 1 0 0 1 1 1 1 0 1 0 1 1 0 1 0 0 0 1 1 1 1 0 0 0 0 0 1 0 1 1 
1 1 1 1 0 1 0 1 1 0 0 0 1 0 1 1 0 1 0 1 1 1 1 1 0 0 1 1 0 1 0 0 0 0 1 0 1 0 1 0 0 1 1 1 1 0 0 1 0 1 0 
1 0 0 0 0 0 0 1 0 1 0 0 1 0 0 1 1 0 0 1 0 0 0 1 1 1 1 1 1 0 1 0 1 1 0 1 1 0 1 0 1 1 0 0 1 0 1 0 0 0 1 
