47 43 350
71 22 27 99 35 52 100 16 44 91 57 98 91 52 100 24 41 89 11 79 59 43 33 5 90 57 25 51 15 98 19 85 19 97 36 53 48 35 20 44 25 29 41 
67 80 41 43 73 29 53 51 39 47 35 96 88 91 20 39 5 69 57 41 39 53 76 92 52 11 63 95 87 91 36 54 23 28 96 95 56 100 97 46 47 31 93 
86 73 13 24 29 33 80 69 72 32 97 15 36 59 77 30 45 20 17 98 42 44 45 88 51 97 84 97 95 66 41 80 90 53 4 70 38 83 90 9 67 86 23 
54 44 51 83 89 70 52 38 11 95 35 50 98 31 85 46 25 2 86 56 91 91 59 60 28 94 50 88 12 87 62 65 31 12 99 71 34 2 60 96 49 94 46 
46 76 82 91 52 84 28 8 26 18 18 86 97 11 87 36 74 25 97 38 55 61 89 77 94 90 37 89 38 82 86 83 58 68 25 61 51 5 68 28 22 86 65 
71 48 51 6 22 28 3 11 82 15 99 11 8 41 47 48 78 80 86 13 37 53 89 98 55 93 17 82 67 54 47 37 54 49 42 27 76 96 37 10 10 88 20 
69 28 18 17 57 97 2 21 86 6 62 35 60 54 51 93 20 57 91 8 10 40 50 36 67 45 24 28 55 63 99 75 42 68 91 99 65 44 71 2 49 32 36 
60 38 38 5 9 46 95 17 55 86 66 42 5 62 18 32 68 80 31 43 22 98 85 72 14 29 42 15 29 26 2 89 63 92 93 71 37 39 87 44 25 4 37 
29 66 54 12 33 34 94 27 7 44 12 78 57 40 71 24 68 96 77 8 58 68 52 81 57 91 67 100 67 71 36 47 88 42 58 72 27 52 99 33 95 62 62 
3 1 32 78 20 28 55 80 37 74 83 17 30 73 84 29 91 6 17 37 45 10 47 16 36 50 66 68 96 27 29 50 27 12 28 99 39 34 30 76 7 12 44 
37 37 79 17 27 84 85 16 80 94 14 96 29 63 61 48 10 88 28 59 66 40 86 16 30 19 45 57 78 9 1 14 45 79 82 23 15 67 38 94 12 51 41 
41 65 54 40 74 41 68 85 58 59 70 26 88 41 22 45 18 30 97 83 74 75 64 49 41 82 86 87 94 89 27 86 5 80 25 31 72 44 15 82 2 84 7 
90 76 28 86 93 10 82 27 35 8 91 83 49 24 21 35 69 9 13 54 65 93 31 95 16 74 61 97 28 97 55 69 72 35 54 17 44 87 43 78 94 85 13 
94 9 33 28 77 93 93 83 57 85 13 4 100 86 64 49 13 60 3 81 84 37 86 100 32 72 42 62 18 27 74 11 87 6 39 15 50 31 97 6 67 9 61 
18 47 25 18 11 36 21 44 19 9 29 18 93 53 12 54 70 90 79 80 76 84 70 90 85 52 39 90 18 47 3 88 45 27 5 56 14 77 99 33 38 79 2 
30 31 65 35 100 54 13 80 81 48 49 71 32 1 61 73 70 59 75 9 4 53 66 11 67 42 9 51 79 87 4 60 70 69 94 69 74 58 100 55 5 49 77 
36 1 37 61 22 95 35 31 98 88 96 60 54 89 68 56 20 7 59 79 28 79 25 96 53 82 96 7 39 96 83 26 48 71 86 69 65 21 99 15 8 46 74 
13 35 94 20 6 52 30 84 79 9 60 74 13 94 21 19 32 68 53 9 15 23 95 84 39 15 34 5 74 32 79 38 18 24 57 23 75 38 58 53 46 18 78 
10 63 51 80 94 18 32 54 85 6 48 68 97 14 53 1 87 84 79 76 1 2 84 75 28 22 33 32 67 2 10 29 64 12 8 9 81 40 62 65 97 10 32 
93 23 37 94 62 72 24 37 25 78 21 99 5 42 31 37 60 32 98 88 47 61 96 55 41 87 17 6 35 78 89 28 100 25 73 13 49 48 50 73 25 22 71 
82 15 54 18 26 37 67 66 84 27 13 90 67 99 6 24 85 83 13 64 35 89 36 47 37 36 48 9 60 21 32 41 87 37 10 13 73 28 78 8 54 42 98 
73 92 55 96 76 90 8 40 76 49 27 74 85 62 22 46 74 94 77 66 81 13 76 45 37 55 74 97 9 15 46 33 6 52 28 81 41 88 72 16 36 51 90 
72 12 63 17 37 8 93 3 88 57 30 32 46 84 57 42 44 71 39 76 76 90 56 9 31 95 32 98 30 82 39 53 46 53 70 82 61 14 84 100 23 13 84 
68 97 40 61 40 11 99 68 38 88 23 98 70 17 82 20 98 63 58 50 60 63 71 42 75 85 25 74 7 90 57 26 38 49 86 77 11 84 44 48 23 18 98 
93 34 79 12 83 93 21 33 53 83 55 94 57 39 70 83 97 11 39 74 48 39 59 77 49 94 72 49 17 90 46 61 75 76 72 58 20 44 42 72 79 96 17 
35 87 39 69 35 49 8 9 49 46 19 25 47 65 96 95 33 37 40 93 12 67 16 21 86 11 62 10 89 9 78 76 47 68 44 82 69 51 42 17 49 12 93 
95 28 88 41 60 77 80 4 88 98 71 60 35 82 21 44 70 81 74 45 28 41 89 61 61 91 54 77 91 17 69 37 45 9 77 56 37 8 12 76 57 82 35 
92 15 7 87 37 87 60 33 66 53 73 78 13 16 31 90 58 48 10 95 44 70 23 51 6 83 62 81 39 96 15 30 10 73 17 46 60 28 31 77 80 3 55 
93 18 85 34 76 84 95 22 79 17 96 30 22 78 91 55 17 86 21 98 48 94 66 45 5 94 75 81 73 30 35 17 99 72 2 74 7 97 47 86 13 43 15 
86 72 57 92 40 43 13 38 90 58 3 34 14 96 61 94 21 90 81 89 88 52 91 14 10 39 60 95 51 54 61 88 78 18 32 17 12 96 6 53 53 9 38 
66 56 98 11 28 39 91 17 27 94 7 40 4 45 51 50 47 57 11 86 34 80 17 2 43 12 8 95 16 16 84 33 23 82 44 51 20 86 19 98 32 77 37 
35 21 40 36 19 48 46 56 81 77 73 34 19 36 41 65 4 8 49 36 31 82 31 33 1 17 3 99 48 79 87 34 51 78 69 21 25 67 76 57 43 48 91 
14 36 83 30 39 91 78 74 73 59 57 57 12 73 59 62 72 89 48 57 39 78 25 59 54 43 34 11 38 34 53 51 21 87 80 59 77 10 84 1 68 40 57 
79 64 67 40 87 55 40 43 45 69 20 3 22 62 89 84 99 22 88 49 94 75 81 52 3 90 87 4 9 79 12 88 94 79 79 81 85 70 75 30 38 94 84 
12 56 72 95 54 45 35 55 38 9 87 41 63 28 28 66 36 58 30 75 51 60 6 31 44 75 58 25 65 51 9 76 6 32 22 12 77 8 18 66 16 4 7 
31 31 86 96 18 43 25 93 93 36 98 76 80 24 33 4 40 35 64 15 41 96 89 4 24 96 21 89 64 24 95 94 6 32 41 23 74 18 67 19 53 64 46 
84 40 30 40 79 64 3 46 4 50 86 7 73 81 27 62 96 2 8 41 7 92 34 82 65 51 48 35 55 64 80 91 3 9 30 33 73 84 78 28 34 63 87 
6 96 65 19 43 67 79 84 25 70 69 6 86 71 6 21 25 69 52 67 71 13 96 3 85 80 33 64 13 47 2 70 94 67 41 37 85 19 72 61 40 40 19 
25 10 24 97 86 92 49 53 14 61 100 68 97 79 100 12 43 99 14 65 92 32 5 28 16 75 51 28 14 90 46 90 51 69 39 89 60 39 41 73 99 40 93 
47 71 92 10 13 90 23 77 34 54 33 61 21 7 64 49 72 53 46 14 56 15 52 44 26 90 36 51 40 27 43 38 97 86 47 62 28 22 38 61 27 23 73 
100 29 36 100 53 41 45 66 96 59 69 91 37 10 26 87 49 52 81 38 49 66 36 10 45 57 99 5 36 21 30 35 2 17 34 54 57 78 71 4 89 39 94 
25 48 19 63 48 23 95 85 71 12 72 32 57 29 82 61 16 55 42 50 56 59 83 61 67 12 31 71 100 69 16 76 68 35 90 15 9 84 51 79 96 22 62 
4 2 43 16 17 49 58 18 4 16 52 64 34 64 46 4 15 14 20 43 33 6 32 47 14 68 49 44 15 23 57 18 76 51 33 45 100 90 62 3 57 14 19 
91 29 64 46 43 30 65 85 62 22 69 61 87 36 61 82 50 83 38 67 11 89 51 55 40 41 16 42 49 81 12 39 9 28 85 4 57 1 40 70 23 8 82 
61 43 95 43 44 29 80 62 39 20 13 93 59 5 61 53 53 93 16 92 54 43 28 57 51 28 96 73 2 56 54 63 50 48 5 94 77 36 7 67 8 71 12 
66 75 72 70 28 16 86 71 69 28 98 77 79 77 73 51 79 80 56 93 29 56 49 74 84 84 81 50 91 51 61 9 26 84 78 5 100 15 75 68 43 24 45 
73 100 69 75 78 48 30 70 76 85 70 2 68 54 82 70 96 84 30 56 61 66 86 65 65 100 39 84 94 62 28 66 14 48 40 91 95 70 13 23 6 82 76 
1 0 0 0 0 1 1 1 0 0 0 0 0 0 1 0 1 0 1 1 1 1 0 0 1 1 0 1 1 1 0 0 0 0 0 0 0 1 1 0 0 0 0 
0 0 1 0 1 0 0 0 1 1 1 1 0 0 1 0 1 1 0 1 1 1 1 1 1 1 0 1 1 0 1 1 0 1 0 0 1 0 0 0 1 1 0 
1 0 1 1 1 0 0 1 1 1 0 0 0 1 1 1 0 1 0 0 0 1 0 0 0 0 0 1 1 0 1 0 0 0 0 1 1 0 0 0 1 1 1 
1 0 0 0 1 1 0 1 1 0 1 1 0 1 0 1 0 0 0 0 0 1 0 1 0 0 0 0 1 1 1 0 1 1 0 0 1 1 1 0 1 0 0 
1 1 0 1 1 0 1 0 0 0 0 1 0 1 1 1 0 0 0 1 0 0 1 0 1 0 0 1 1 0 1 1 0 1 0 1 1 1 1 1 0 0 1 
0 1 0 1 1 1 0 0 1 0 0 1 1 0 1 0 0 0 0 1 0 1 1 1 1 0 1 0 0 1 1 1 0 0 0 1 1 0 0 0 0 0 1 
1 0 1 0 0 1 0 1 1 1 0 0 0 1 1 1 1 0 0 0 0 0 1 0 1 1 0 1 0 0 1 1 0 0 1 1 1 1 0 0 1 1 0 
1 0 0 0 1 0 1 0 1 1 1 1 1 0 1 0 0 1 1 0 1 1 1 0 0 1 1 0 0 0 1 1 0 1 0 1 1 1 1 0 0 0 1 
1 1 0 0 1 1 1 1 1 1 1 1 1 0 0 0 0 0 1 1 0 0 1 0 1 0 1 0 1 0 1 0 1 0 0 0 1 0 0 0 1 1 0 
0 1 0 0 1 1 1 0 1 1 0 1 1 0 1 1 1 1 0 0 0 0 0 0 0 0 0 0 1 1 0 0 0 1 0 1 0 0 0 1 1 0 1 
0 0 0 1 0 1 0 0 1 0 0 1 0 1 0 1 0 1 1 0 0 0 1 1 0 1 1 0 0 1 1 1 0 1 0 0 0 0 0 1 1 0 0 
1 1 0 0 0 0 0 0 0 0 1 1 1 0 1 1 1 0 0 0 0 1 0 0 1 1 0 0 0 1 0 1 0 1 0 0 1 0 1 1 0 0 0 
1 1 1 0 0 0 0 0 0 1 0 1 0 1 1 0 1 0 1 1 1 0 1 1 1 1 0 0 1 1 0 1 0 0 1 0 0 0 0 0 1 0 1 
0 0 1 0 1 1 1 0 0 1 1 0 0 0 0 0 0 1 1 1 1 1 0 1 1 0 1 1 0 0 1 0 0 0 0 1 1 0 0 0 1 1 0 
0 0 0 0 0 0 1 1 1 0 1 1 1 0 0 1 0 0 0 0 0 0 0 0 1 0 0 1 0 1 1 0 1 0 0 1 0 0 0 1 0 0 0 
0 0 1 1 0 1 1 0 0 1 0 0 0 1 0 0 1 1 1 1 1 1 1 0 1 1 1 1 0 1 1 0 1 0 1 1 0 0 1 0 1 1 0 
1 0 0 1 1 1 1 0 0 0 0 1 0 1 0 1 1 1 0 1 0 1 0 1 1 0 0 1 1 1 1 1 0 1 0 1 0 1 0 1 0 0 0 
0 1 0 1 1 1 1 0 1 0 1 0 1 1 0 0 1 1 1 0 1 0 0 1 1 0 1 0 0 1 0 0 0 0 1 1 1 0 0 0 1 1 0 
0 0 0 1 1 1 0 1 1 1 0 0 0 0 1 0 0 0 0 0 0 0 1 0 1 1 0 1 0 1 1 1 1 1 0 1 0 0 0 1 1 0 1 
1 0 0 1 0 0 1 0 1 1 1 1 0 1 1 1 1 0 0 0 1 1 0 0 0 1 1 1 0 1 1 0 0 1 1 0 0 1 1 1 0 0 0 
1 1 1 0 1 1 1 1 0 0 0 1 0 1 0 0 1 1 1 1 1 0 1 0 0 0 1 1 0 1 1 1 1 0 0 0 1 1 1 0 1 1 1 
0 0 1 0 0 0 1 1 0 1 0 0 0 0 1 1 1 0 1 0 1 1 0 1 1 1 1 1 1 0 0 1 1 1 1 1 1 0 0 1 1 1 1 
1 1 0 1 0 1 0 1 0 1 1 0 0 1 1 1 0 1 1 1 0 0 0 1 0 0 0 1 1 1 1 1 0 1 0 1 0 0 0 1 1 1 1 
0 0 0 1 0 1 1 1 0 1 1 1 1 1 1 1 1 0 0 0 1 1 0 0 0 0 0 1 1 1 0 1 0 0 1 0 1 0 0 1 1 1 1 
1 1 0 0 0 1 0 0 0 1 0 0 1 0 0 0 1 1 0 1 1 0 0 0 0 0 0 1 1 1 0 0 0 1 0 0 0 0 0 0 0 0 0 
1 0 0 0 0 1 0 1 1 1 1 1 1 1 1 0 0 0 1 1 1 0 1 1 0 0 0 0 0 0 0 1 1 0 1 1 1 0 0 0 1 1 1 
0 0 0 0 0 1 1 1 0 1 1 1 1 1 1 1 1 0 1 0 1 1 0 0 1 0 0 1 1 1 1 1 1 1 1 1 0 1 1 0 0 0 0 
0 1 1 1 0 1 1 0 0 0 0 0 1 0 0 1 1 1 0 0 0 1 0 0 0 1 1 0 1 1 0 1 0 0 1 0 1 0 0 0 0 1 0 
0 1 1 1 1 0 1 1 1 0 1 1 0 0 0 1 0 1 1 1 1 1 0 1 1 0 1 1 1 0 1 1 0 0 0 1 1 1 0 0 1 0 1 
0 0 1 1 0 0 0 0 1 0 0 0 1 1 1 0 0 0 1 1 0 0 1 1 1 0 1 1 1 1 0 1 0 1 0 0 1 1 0 0 1 1 0 
0 0 1 0 0 1 1 1 1 1 0 0 0 0 0 1 1 1 1 1 1 0 1 0 1 0 0 1 1 1 1 1 1 1 1 1 0 1 0 0 0 0 0 
1 0 0 0 0 0 0 1 1 0 0 1 0 1 0 1 0 1 1 0 1 0 1 0 0 0 1 0 1 1 1 0 0 1 0 0 1 0 1 1 1 1 0 
1 0 0 0 1 0 1 1 1 1 0 1 0 1 0 0 0 0 1 0 0 1 0 0 0 1 1 1 0 0 0 1 1 0 1 0 0 1 1 1 0 1 1 
0 0 1 1 0 1 0 0 1 1 1 1 0 0 0 1 0 1 1 1 0 0 0 0 0 1 1 0 0 0 1 0 1 0 1 1 0 0 0 1 1 1 1 
1 1 1 1 1 0 0 0 0 0 0 0 1 0 1 1 0 0 0 0 1 0 0 0 0 0 0 0 1 1 1 1 0 0 0 1 1 0 1 1 1 0 0 
0 0 1 1 0 1 1 0 0 1 0 1 0 0 1 0 0 1 1 1 1 1 1 1 0 1 0 0 0 0 0 0 0 1 1 0 1 0 1 1 0 1 0 
0 0 0 0 0 1 1 1 0 0 0 1 1 1 0 1 0 0 1 0 1 0 0 1 1 0 0 1 0 0 1 0 0 1 0 0 0 1 1 1 0 1 0 
1 0 0 0 0 1 1 1 0 1 1 1 1 1 0 0 0 0 1 0 0 1 1 0 1 0 1 0 0 0 1 1 0 1 1 1 0 0 0 0 0 1 0 
1 0 0 1 0 0 0 1 0 1 0 0 1 0 1 1 1 1 0 0 1 0 0 0 0 0 0 1 0 1 1 1 0 1 0 0 1 1 1 1 0 1 1 
1 0 0 1 1 1 1 1 0 1 1 1 0 0 1 1 0 1 0 0 1 1 0 1 0 1 1 1 0 0 0 1 0 0 0 1 1 0 1 1 1 0 0 
1 0 0 0 1 1 0 1 0 1 1 1 1 1 0 0 1 1 0 0 1 0 1 1 1 1 0 1 0 0 1 0 1 1 0 0 0 1 1 0 0 0 0 
0 1 0 0 0 1 1 1 1 1 0 0 1 1 0 0 1 0 1 1 1 1 0 1 1 1 0 0 1 1 0 1 0 0 0 1 0 1 0 1 0 0 1 
1 1 1 1 0 1 1 0 1 0 0 0 1 1 1 1 0 0 1 0 0 0 0 1 0 1 1 1 1 1 0 1 0 1 0 1 0 1 1 1 1 1 0 
1 0 1 0 0 1 0 0 1 0 0 1 0 1 0 1 1 0 1 0 0 0 0 1 0 0 0 0 1 1 0 0 1 1 1 0 0 1 0 1 1 1 0 
1 0 1 0 1 1 1 1 1 1 0 1 1 0 1 1 1 1 1 0 0 0 1 0 0 0 1 0 1 0 0 0 0 1 0 0 0 1 1 0 0 1 1 
1 1 0 1 1 1 0 1 0 1 0 0 1 0 1 1 1 1 0 1 0 1 1 0 0 0 1 0 0 1 1 1 0 1 0 1 1 1 0 1 0 0 1 
1 0 1 1 1 0 1 0 0 0 1 0 0 1 0 0 1 1 1 1 1 1 1 1 0 0 1 1 0 0 0 0 0 1 1 0 0 0 0 0 0 0 1 
