45 54 352
41 18 84 91 39 5 50 56 22 3 47 19 9 49 82 51 62 27 59 18 85 78 67 39 97 25 31 4 68 40 95 61 9 31 51 47 87 100 55 8 3 53 26 63 54 60 66 15 38 76 32 22 53 51 
12 1 75 42 5 95 82 51 55 90 33 57 89 19 56 43 27 10 47 4 73 100 15 90 15 53 65 98 26 17 48 38 18 75 79 74 69 60 24 75 2 9 31 90 79 38 84 57 48 30 61 72 30 27 
61 96 79 25 45 5 93 93 42 10 19 20 35 39 32 11 13 85 19 95 74 97 32 57 54 31 38 66 54 19 92 14 66 71 90 11 27 83 55 68 44 73 39 31 11 22 41 75 6 11 69 31 59 52 
39 64 83 77 29 36 47 73 2 13 95 43 75 73 77 29 40 21 53 30 3 63 4 43 89 61 5 9 92 63 60 30 27 94 58 7 82 57 31 83 21 77 77 95 49 54 23 40 26 75 70 28 89 25 
22 77 85 26 37 76 40 96 58 66 42 67 25 23 23 7 57 95 84 33 89 32 86 63 24 11 89 93 38 29 69 11 57 53 36 93 81 76 89 38 93 30 56 17 4 31 24 60 25 59 44 66 42 30 
28 65 92 17 9 82 97 77 92 54 30 28 46 10 55 86 99 47 67 6 16 70 36 91 81 61 49 25 26 90 6 5 7 97 73 15 78 70 92 70 23 21 49 68 82 3 54 32 1 20 37 68 42 73 
58 22 85 58 46 62 100 51 66 6 100 91 20 77 60 63 98 82 35 98 1 16 52 6 99 53 78 36 72 19 60 30 40 96 39 38 57 38 40 74 95 39 64 15 68 23 77 17 56 12 15 57 79 66 
14 78 70 91 65 42 9 76 23 1 71 61 90 27 99 29 52 45 20 16 59 39 90 88 55 98 51 69 6 81 87 19 10 56 10 74 97 70 1 71 70 71 32 11 49 82 40 1 26 11 68 37 49 57 
24 3 6 26 24 11 58 10 30 68 17 91 93 14 60 94 84 82 64 67 92 13 48 83 65 74 93 32 10 93 40 85 48 46 62 23 8 19 32 89 38 48 79 31 13 91 76 49 72 91 15 63 55 15 
98 19 88 42 2 49 35 94 85 34 91 98 56 98 16 87 87 6 86 17 88 51 7 63 99 78 53 65 93 60 79 90 78 18 31 32 18 17 25 54 50 15 51 5 12 19 43 50 24 81 67 11 31 73 
73 81 3 77 45 95 36 76 84 66 45 66 49 63 83 73 68 32 39 19 89 2 37 31 52 60 11 70 22 93 42 46 73 44 74 70 90 10 97 25 27 41 91 75 55 25 99 23 8 37 41 96 38 29 
79 41 88 41 10 9 34 52 6 58 47 79 27 89 40 23 13 66 16 55 92 70 79 42 92 87 78 84 82 68 12 12 8 51 53 18 11 38 21 16 95 19 95 74 7 34 96 72 52 11 26 95 33 5 
37 76 91 66 60 24 33 71 88 93 74 40 62 84 29 34 100 23 52 46 96 11 31 44 82 82 6 7 29 38 11 65 14 53 82 25 29 15 47 16 59 20 7 20 4 35 53 55 57 4 52 5 66 82 
100 47 16 5 6 44 95 68 60 60 73 41 84 1 7 30 68 65 50 74 84 5 8 36 11 16 92 14 72 9 95 71 8 62 28 13 5 22 80 16 81 4 9 16 4 15 45 71 80 46 44 15 2 3 
3 64 71 46 77 42 54 72 65 61 85 92 25 90 65 57 57 97 60 65 12 64 80 8 86 11 54 82 25 7 84 79 71 6 24 47 48 78 70 12 90 55 3 15 96 19 23 52 15 82 69 78 97 48 
85 83 10 90 64 86 49 99 65 19 5 40 17 4 69 87 15 59 93 69 25 88 39 47 91 53 80 59 82 77 58 18 59 67 8 74 5 56 24 69 26 80 60 42 83 29 80 49 87 72 69 63 59 7 
61 50 11 40 8 44 16 18 62 26 84 21 51 88 28 75 8 53 6 68 46 41 96 26 89 34 97 10 48 56 68 8 57 31 99 16 74 15 33 35 92 17 7 43 56 34 69 16 86 74 83 84 14 30 
9 55 63 5 64 62 12 83 21 68 13 19 84 87 85 16 73 77 84 80 71 92 13 39 7 51 12 89 34 26 70 94 80 84 98 95 45 62 77 65 29 90 83 64 28 68 32 100 96 15 31 66 58 96 
4 64 98 15 4 83 92 73 76 23 56 25 17 52 86 46 16 15 35 51 78 14 70 61 65 65 76 96 82 85 91 85 49 40 51 4 22 43 77 97 65 84 21 34 36 7 79 3 73 65 53 2 78 22 
63 42 38 90 37 19 74 79 55 74 18 6 78 39 100 6 87 16 41 8 49 76 66 79 31 90 43 35 91 20 9 5 62 46 94 50 17 20 81 71 45 50 28 22 89 27 79 27 43 20 86 43 47 51 
22 77 40 16 12 83 36 72 87 49 17 33 50 85 4 30 56 48 80 35 22 20 62 100 46 56 19 32 50 66 34 23 94 26 39 57 60 26 28 98 74 45 30 23 81 85 5 88 33 36 23 6 7 36 
5 52 43 24 35 92 41 21 67 34 46 5 43 5 30 70 2 55 14 84 29 47 20 33 34 52 68 56 9 74 91 14 78 85 89 64 77 81 84 95 66 81 51 8 37 80 78 91 86 43 74 14 89 93 
47 23 97 66 78 5 92 21 70 21 5 58 84 33 38 20 27 4 52 77 11 89 8 40 79 93 83 4 7 71 96 5 93 44 22 23 1 13 43 70 85 99 80 21 32 17 40 10 72 91 87 35 31 46 
74 9 39 56 12 97 79 60 1 71 55 22 93 55 87 87 25 23 86 56 43 17 72 34 26 96 77 64 82 7 10 55 16 100 63 79 96 41 38 48 63 45 69 56 99 7 94 75 30 79 30 72 47 54 
58 25 1 34 40 82 40 1 88 7 100 50 86 95 42 75 94 5 19 63 12 70 21 57 44 2 36 26 74 34 79 31 10 79 16 50 12 55 50 99 14 2 1 51 48 42 77 42 98 48 56 9 17 76 
66 12 78 53 37 3 38 67 85 48 45 100 49 8 6 50 7 71 51 7 21 51 100 98 92 98 45 99 58 13 74 75 24 3 79 61 57 17 27 93 16 24 44 16 31 2 17 89 72 20 95 45 70 47 
42 13 96 38 11 53 50 36 80 25 39 58 85 47 26 64 40 93 87 35 8 69 36 25 58 8 44 4 52 65 50 45 77 45 34 87 50 35 22 29 59 12 86 96 59 64 59 50 56 97 84 64 65 72 
40 74 31 35 78 34 99 27 78 75 24 63 61 73 97 82 53 55 94 38 50 4 53 60 53 9 56 88 24 21 11 63 94 41 49 23 74 47 2 3 21 25 65 33 49 61 14 1 68 59 90 17 62 43 
77 66 51 84 6 74 4 16 88 50 9 36 72 82 34 73 85 54 49 1 86 97 14 51 97 81 62 39 49 75 81 77 41 83 61 98 8 16 65 95 17 73 82 89 55 15 13 91 20 14 43 57 10 56 
59 59 36 20 97 85 95 29 61 87 11 73 84 18 89 100 64 5 73 97 45 27 11 10 69 82 23 11 38 84 67 48 94 54 68 42 90 14 70 3 100 32 75 35 49 15 34 64 20 6 60 64 84 22 
25 4 3 47 67 92 31 85 40 76 38 7 18 80 72 87 82 71 19 8 57 19 23 42 35 42 48 94 57 83 68 82 39 70 80 5 14 62 89 53 38 78 11 55 57 82 93 90 4 63 98 12 34 20 
53 68 13 52 13 21 35 80 54 73 2 34 29 15 47 69 19 84 46 29 90 55 62 83 96 17 97 93 28 30 64 80 97 76 32 62 49 18 41 2 90 94 35 70 60 34 38 78 17 35 58 59 41 19 
93 37 87 89 81 14 19 45 94 15 72 25 28 20 42 21 22 83 14 8 4 74 41 41 3 10 27 61 20 68 31 12 56 18 100 36 83 18 80 76 85 4 52 12 23 93 32 96 27 98 4 30 23 96 
22 25 57 49 37 76 68 20 87 23 89 87 58 71 56 90 99 40 93 50 4 67 95 87 63 21 84 18 3 58 13 24 35 70 72 23 97 39 94 84 13 82 22 71 5 77 60 3 69 4 4 72 70 98 
10 32 71 46 49 73 3 14 48 37 83 72 60 79 62 5 14 75 87 35 45 43 64 56 97 32 59 100 55 28 50 16 12 72 61 60 96 64 73 43 52 7 66 63 38 28 68 3 2 6 90 98 100 53 
5 96 36 15 47 90 94 48 57 5 19 18 17 14 33 41 9 36 100 74 99 37 1 18 91 54 75 80 3 74 32 7 69 67 21 67 8 15 15 65 71 85 34 87 51 66 28 59 1 27 84 51 15 37 
68 5 90 42 37 45 15 68 3 35 87 76 2 46 90 68 10 12 52 43 99 2 60 78 12 61 56 96 11 70 32 31 26 73 24 62 17 91 82 72 25 20 47 78 65 88 45 27 99 49 21 49 50 81 
26 62 93 33 9 3 54 40 85 80 64 9 93 33 99 26 4 75 45 50 53 10 89 49 88 87 97 8 88 47 88 13 60 80 98 68 35 51 59 71 82 22 79 75 6 29 52 9 4 97 10 8 58 98 
56 45 37 53 52 24 51 92 88 62 71 85 81 57 36 39 28 17 12 58 43 18 87 95 26 42 91 88 49 100 85 4 44 21 8 47 96 58 38 84 71 61 68 51 17 55 89 96 72 1 54 14 70 92 
60 47 85 2 34 33 1 71 88 96 43 96 43 39 5 80 22 76 40 41 26 9 96 67 4 19 19 9 84 88 100 44 86 84 97 20 68 98 42 56 45 36 3 87 74 7 67 47 34 58 40 60 66 35 
78 70 5 96 30 88 83 30 83 20 65 80 91 85 29 32 40 73 68 42 60 93 100 78 40 34 35 31 45 53 65 22 74 21 17 3 8 51 84 91 70 1 22 61 85 50 44 24 22 11 17 33 4 16 
10 95 1 97 25 45 49 41 18 22 61 34 76 20 36 60 62 58 60 83 18 96 84 13 19 6 24 87 38 79 54 100 25 55 96 1 51 96 93 69 17 5 54 44 24 42 55 38 99 66 72 68 61 56 
80 79 13 55 17 2 85 71 1 61 77 96 61 79 91 53 99 59 9 5 55 33 46 9 22 96 75 93 63 35 100 94 66 12 1 82 14 85 4 14 98 80 62 58 59 52 63 9 63 71 13 17 55 58 
25 76 53 99 21 67 86 20 61 51 32 13 32 45 97 36 10 94 67 71 4 25 23 18 34 37 88 98 53 43 56 29 70 60 80 90 27 65 10 39 15 93 51 98 89 99 85 98 45 52 69 100 28 43 
17 13 79 4 11 83 98 18 11 20 77 42 61 55 6 22 93 72 14 95 22 2 46 6 100 90 57 20 89 37 62 5 49 92 60 11 74 10 28 36 29 57 78 89 11 35 63 56 7 76 50 80 30 47 
0 0 1 1 1 1 1 0 1 1 1 1 0 0 0 1 1 0 1 0 0 0 1 0 1 1 0 0 0 1 1 0 1 0 1 0 0 0 0 1 0 1 0 0 1 0 1 0 0 1 1 1 1 0 
1 0 1 1 0 1 0 1 1 1 0 1 1 0 1 1 1 1 0 0 1 1 0 1 0 1 0 1 0 1 1 1 1 0 1 1 1 1 1 0 1 1 1 0 1 1 0 0 0 0 0 0 0 1 
1 0 0 1 1 0 0 0 1 1 0 0 0 1 0 1 1 1 0 1 1 1 0 1 0 0 0 0 0 0 1 1 0 1 0 1 1 0 1 1 1 1 1 0 0 1 1 1 0 0 0 0 1 0 
1 1 1 1 0 1 1 1 1 1 1 1 0 0 0 1 1 1 0 1 1 0 0 1 0 1 1 0 1 0 1 0 0 0 0 0 1 1 1 0 1 0 0 1 1 0 1 0 1 1 1 1 0 0 
0 0 1 1 0 0 1 1 0 1 1 0 1 1 0 1 1 1 1 1 0 0 1 1 1 1 1 0 0 1 0 0 1 1 1 1 1 0 1 0 0 0 0 1 1 0 0 1 1 0 0 0 0 0 
1 1 1 0 0 1 1 0 1 0 0 0 0 1 0 1 1 0 1 0 0 1 0 0 0 0 0 0 0 1 0 1 0 1 0 0 0 1 1 1 0 1 1 0 0 0 1 0 0 0 0 0 1 0 
1 1 0 1 0 0 0 0 0 1 0 0 1 0 1 0 0 1 1 1 1 0 1 0 0 0 1 0 0 0 0 1 0 1 1 0 1 1 0 1 0 0 1 0 1 1 0 1 0 0 0 0 0 0 
0 0 0 1 0 0 0 0 0 0 1 1 0 1 0 0 0 1 1 0 1 0 1 1 1 1 1 1 1 1 1 0 1 1 1 1 0 1 0 0 1 1 1 1 0 1 0 1 0 1 1 1 1 0 
1 0 1 0 1 1 0 1 1 1 0 0 1 0 0 1 0 1 0 1 1 1 1 1 0 1 0 1 1 1 1 0 1 0 0 0 1 0 1 0 0 0 1 1 0 1 0 1 0 0 0 1 1 1 
0 1 1 0 0 0 1 1 0 0 0 0 1 1 1 0 0 1 0 1 0 1 0 0 0 0 0 0 0 0 0 0 1 1 1 0 1 0 1 1 1 1 1 0 1 0 0 1 1 1 0 1 0 0 
1 0 0 0 0 0 0 0 1 1 1 0 1 0 0 1 1 1 0 1 1 1 1 0 0 1 1 0 0 1 0 0 1 1 0 1 1 0 0 0 1 1 0 1 0 1 0 1 0 0 0 0 0 0 
0 0 1 1 1 1 0 1 1 1 0 1 0 0 1 0 0 1 0 1 0 0 0 0 1 0 0 0 0 0 0 0 1 1 1 0 0 1 1 0 0 0 1 1 0 1 1 0 0 1 1 0 1 1 
0 1 0 0 1 0 1 1 1 0 0 0 0 0 0 1 0 0 1 0 1 1 1 1 0 1 0 1 1 0 1 1 1 1 1 0 1 0 1 0 0 1 1 0 1 1 0 0 1 1 0 1 1 1 
0 1 0 0 0 1 0 1 0 1 0 1 1 0 0 0 0 0 1 1 1 1 0 1 1 0 0 1 1 1 0 1 0 0 1 1 1 0 0 1 1 1 0 1 1 0 1 1 1 1 1 0 0 1 
1 1 1 1 0 0 1 0 1 1 0 1 0 1 1 1 0 0 0 0 1 1 1 1 0 0 0 1 0 0 1 1 1 0 0 1 1 1 1 0 1 1 1 1 0 0 0 0 1 0 0 0 1 1 
1 0 1 1 1 1 1 0 0 0 1 1 1 0 0 0 0 1 1 0 1 1 0 1 1 1 0 0 0 1 1 1 1 1 1 1 0 0 1 1 1 0 0 0 0 0 1 1 0 0 1 1 0 1 
0 1 1 0 1 1 0 1 0 1 0 1 0 0 0 0 1 1 0 1 1 1 0 0 0 0 1 1 1 1 0 1 0 1 0 0 0 0 1 1 1 1 0 0 1 0 0 1 1 0 0 1 1 0 
1 1 0 0 0 1 1 1 1 0 0 1 0 1 1 1 0 0 0 0 0 1 1 0 0 0 1 1 1 0 1 1 0 0 1 0 1 1 1 0 1 0 1 1 1 0 0 1 1 0 1 1 1 0 
0 0 1 1 1 0 1 0 1 1 0 1 0 0 0 1 0 1 1 0 0 0 0 0 1 1 0 1 1 1 1 1 1 0 0 0 1 1 1 0 1 1 1 1 1 1 0 0 0 0 0 0 0 0 
0 0 0 0 1 1 0 0 0 1 1 0 0 0 1 1 0 0 0 0 1 0 1 0 0 0 0 0 0 0 0 1 0 0 1 1 1 1 0 1 1 1 1 1 1 1 0 1 1 0 1 1 0 1 
1 0 1 1 0 1 1 1 0 0 1 0 1 1 1 1 0 0 0 0 1 1 1 1 1 0 0 0 1 0 1 0 1 0 1 1 0 1 0 0 1 0 0 0 1 0 0 1 0 0 1 0 0 0 
1 1 1 1 1 0 0 1 1 1 1 0 0 1 1 1 0 0 1 0 1 0 0 1 1 1 1 1 1 1 1 0 0 0 0 0 1 0 1 0 1 0 0 1 0 0 0 0 0 1 0 1 1 1 
0 1 0 0 0 1 1 1 1 0 0 1 0 1 1 1 1 0 1 1 0 1 1 0 1 0 0 0 1 1 1 0 0 1 0 0 0 1 0 1 1 0 1 1 1 0 0 0 1 0 1 1 1 1 
1 1 1 1 1 0 1 0 0 1 1 0 0 1 0 0 0 1 0 1 1 1 0 1 1 1 1 0 0 1 1 1 0 0 1 1 1 0 1 1 1 0 0 1 1 0 1 1 1 1 1 0 0 1 
0 1 0 1 0 0 0 1 1 0 0 0 1 1 0 0 0 0 0 0 1 1 0 1 1 0 0 0 0 1 1 0 0 1 0 0 1 0 0 0 1 0 1 0 1 1 1 1 1 1 0 1 1 0 
0 0 0 0 0 1 1 1 1 0 0 1 0 1 0 0 1 1 0 0 1 1 0 0 1 1 0 1 0 1 1 0 1 0 1 1 1 0 0 0 0 0 0 1 1 0 1 0 1 0 1 0 1 1 
1 0 0 1 1 1 0 1 1 1 1 0 0 0 1 0 0 1 0 0 0 1 0 0 1 1 0 0 0 1 1 1 0 0 0 1 1 0 0 0 1 1 1 1 1 0 1 0 1 1 0 0 0 1 
0 1 0 0 0 0 1 1 1 1 1 1 1 0 1 1 1 0 1 0 1 0 0 0 0 1 1 1 1 1 0 1 1 0 1 1 1 1 0 0 0 0 0 1 0 1 1 1 0 0 1 1 0 1 
0 1 1 1 0 0 1 0 0 0 0 1 1 1 0 1 0 1 1 0 0 0 1 1 1 1 1 1 1 0 0 1 1 1 0 1 0 1 1 0 1 1 1 0 1 0 0 1 1 1 1 1 1 0 
1 1 0 0 0 1 0 0 0 1 0 0 0 0 0 1 0 1 1 1 0 0 1 0 1 0 1 0 0 1 0 1 0 0 1 0 1 0 0 1 1 0 0 0 0 0 1 0 1 0 0 1 0 1 
1 1 0 1 1 0 0 0 1 0 0 0 0 0 0 0 1 0 1 1 0 1 1 1 0 1 0 0 0 0 1 0 0 1 1 1 1 1 1 0 1 0 1 1 0 1 1 1 1 0 1 1 0 0 
1 0 1 1 0 0 1 1 0 1 1 1 1 0 0 0 1 1 0 0 0 0 1 1 0 1 0 1 0 0 1 1 0 1 0 0 1 0 1 1 1 0 0 0 1 0 1 0 1 1 0 1 0 1 
0 0 0 0 1 1 0 0 0 0 1 1 0 0 1 0 1 0 0 1 1 1 1 0 1 0 1 1 1 1 1 0 1 1 0 0 0 1 1 1 1 0 0 0 1 1 0 0 1 0 0 0 0 1 
0 1 0 0 1 1 1 0 1 1 1 0 1 0 1 0 1 0 1 1 0 0 0 0 0 1 1 0 0 1 0 0 0 0 0 1 1 0 1 1 1 1 1 0 1 0 1 0 0 0 1 1 0 1 
1 0 0 0 1 0 1 1 1 0 1 1 1 0 1 1 1 0 0 0 1 1 0 0 1 1 0 0 0 0 1 1 0 1 0 1 0 1 0 1 1 1 0 1 0 0 0 1 0 0 0 1 1 0 
1 0 1 1 0 1 1 1 1 0 0 1 1 0 0 0 1 0 1 0 1 1 0 1 1 0 1 1 0 0 1 1 0 1 1 0 0 0 1 1 0 1 0 0 0 1 0 1 1 1 1 0 1 1 
1 0 0 0 1 0 0 0 1 0 1 0 0 0 1 1 1 1 0 0 1 0 1 1 0 0 1 1 0 0 1 1 0 1 1 1 1 1 1 0 1 1 1 1 1 0 0 0 1 0 0 1 1 1 
0 1 1 1 0 1 1 1 0 1 0 1 0 1 0 0 0 1 1 1 0 0 1 0 0 0 1 1 1 0 0 0 1 0 1 1 1 1 1 0 0 1 1 1 1 0 1 1 1 0 0 0 0 1 
0 0 1 1 1 1 1 0 1 0 0 0 0 1 1 1 1 0 0 1 1 1 1 0 0 0 0 0 0 0 1 1 0 1 0 0 0 0 0 1 0 0 1 0 1 1 1 1 1 0 0 0 1 1 
0 0 1 0 0 0 0 0 1 0 1 1 0 1 1 0 0 0 0 1 0 0 0 0 1 1 0 1 1 1 0 1 1 1 1 0 1 1 0 0 0 1 0 0 0 1 1 0 1 1 1 0 1 0 
0 0 1 0 1 1 1 1 0 1 1 0 1 0 1 1 1 1 0 1 0 0 0 1 0 0 0 1 0 0 1 0 0 1 0 0 0 1 1 0 0 0 0 1 1 0 0 0 1 0 1 1 0 1 
0 0 1 1 0 1 1 1 1 1 0 1 1 0 1 1 1 1 1 1 1 0 1 1 0 1 0 1 0 0 1 1 1 0 0 1 0 1 0 1 0 1 1 0 1 0 1 0 1 0 0 0 1 1 
0 1 0 0 1 1 0 0 0 1 0 0 0 0 1 1 0 1 0 1 1 1 1 0 0 0 1 0 1 0 1 1 1 0 1 0 1 1 0 1 1 1 1 1 1 0 0 1 1 0 0 1 0 1 
1 0 0 0 0 1 0 1 0 0 1 1 0 0 0 1 1 1 0 0 1 1 0 1 1 0 0 1 1 0 1 0 0 1 1 0 0 1 1 0 1 1 1 0 1 1 1 1 1 1 1 0 0 0 
1 1 0 1 1 1 1 0 1 1 1 0 1 1 0 1 1 1 0 0 1 1 1 0 0 0 1 0 0 0 0 0 1 0 1 0 1 1 0 0 0 1 1 0 0 1 1 1 0 1 1 0 0 1 
