47 57 1316
48 66 33 75 7 90 31 72 69 30 32 29 60 52 92 16 88 66 31 3 31 2 75 64 50 45 52 42 1 78 74 100 43 58 74 1 100 56 73 68 38 56 48 49 8 40 16 47 5 98 49 88 100 75 51 49 19 
3 42 19 32 16 19 74 25 44 74 76 52 98 96 89 54 43 89 61 82 5 7 87 2 7 26 53 82 76 2 52 30 43 71 61 10 41 34 87 84 60 62 87 57 57 75 62 100 16 22 33 20 80 71 73 39 96 
26 72 72 79 23 53 73 45 14 35 85 99 73 21 10 34 7 19 43 34 80 94 49 2 26 20 33 97 44 23 92 21 94 15 51 69 68 76 13 33 10 50 31 34 70 41 67 28 59 61 13 38 54 13 91 32 32 
76 28 28 98 71 100 92 38 51 12 57 78 24 89 39 73 19 72 94 11 38 22 21 99 86 59 4 99 1 35 30 76 14 9 26 37 9 69 74 11 80 30 88 3 70 26 28 88 97 21 51 86 94 71 36 80 29 
92 78 82 26 59 9 92 20 34 28 80 2 53 42 33 34 29 36 3 6 15 42 54 87 92 91 81 63 79 12 43 70 41 24 47 51 33 38 22 18 17 1 72 21 42 4 54 22 91 56 27 5 50 32 92 41 23 
24 3 53 87 98 22 79 21 20 29 5 58 51 75 26 3 46 47 45 49 52 66 40 8 45 96 9 76 87 49 50 62 4 2 48 1 75 26 73 95 7 30 4 9 4 81 11 1 27 55 49 79 73 40 38 17 88 
98 44 74 46 46 88 1 99 87 1 26 65 26 20 71 7 75 79 10 7 89 10 34 96 10 64 68 2 53 36 89 50 31 14 47 76 1 48 75 40 100 100 4 77 71 74 83 97 4 92 3 44 53 88 91 63 3 
58 16 55 45 4 56 76 17 3 51 70 2 77 9 1 28 12 78 98 37 60 46 92 4 49 35 56 88 26 70 91 35 85 45 80 40 53 7 9 55 57 30 56 86 38 8 13 1 85 63 89 97 8 80 100 8 66 
7 96 43 77 86 78 13 82 9 5 34 15 13 40 23 42 95 8 31 3 21 31 39 35 71 87 42 2 86 2 67 93 49 10 21 34 39 85 67 99 89 53 13 1 92 87 94 39 95 24 93 67 6 31 1 76 18 
94 77 55 95 96 99 43 57 71 28 95 56 95 93 96 99 57 49 90 43 42 28 89 18 20 55 23 3 55 51 72 49 27 26 95 74 77 38 30 47 65 76 54 11 68 50 9 76 98 51 71 91 78 59 8 50 66 
83 52 20 33 75 20 11 100 15 85 28 52 14 75 68 90 28 31 9 29 91 37 78 41 7 21 71 17 28 20 34 62 23 54 94 97 25 5 48 39 89 76 42 54 50 62 95 29 92 4 10 34 92 87 27 50 59 
97 66 39 68 100 100 90 5 94 86 29 98 33 20 38 60 61 43 61 22 38 90 65 93 51 99 84 89 25 33 48 73 50 86 40 1 85 29 57 78 66 86 27 50 57 16 10 17 59 70 91 48 11 55 40 61 5 
23 50 29 55 97 1 56 34 92 57 18 20 13 48 37 50 26 87 6 42 48 23 52 17 65 99 80 19 38 40 24 60 41 4 66 37 57 21 22 48 77 40 20 42 87 56 91 12 94 97 5 41 71 56 10 87 6 
89 5 43 28 80 54 21 36 19 9 44 40 31 43 68 70 14 61 8 22 52 71 15 100 76 8 22 83 17 8 89 5 64 31 84 96 85 4 31 55 13 26 46 43 68 66 64 82 26 71 3 77 93 69 28 68 76 
49 3 92 8 91 48 72 73 32 67 9 87 49 64 51 74 9 45 93 26 8 26 52 30 28 80 75 49 8 42 24 8 44 68 68 86 15 91 59 98 9 67 85 57 30 87 82 91 32 26 68 91 52 19 73 31 51 
47 79 10 40 3 69 36 70 36 21 36 26 79 34 34 98 70 42 79 56 75 21 39 1 89 30 4 59 54 34 9 52 65 18 91 67 39 26 88 74 99 23 52 29 8 37 26 77 31 5 33 5 25 23 57 65 4 
12 24 57 46 84 8 62 2 51 80 92 28 67 65 26 41 68 55 49 5 32 77 35 36 61 91 13 84 48 77 87 59 52 96 56 36 55 69 89 5 48 80 85 66 96 62 7 64 68 7 68 100 35 54 87 96 44 
99 31 43 28 17 54 31 12 61 66 19 30 54 23 77 85 59 43 81 21 1 44 88 59 63 87 93 16 74 40 59 24 70 2 3 39 7 34 2 67 51 20 96 5 43 73 89 53 67 21 73 67 64 61 77 78 99 
21 93 24 61 4 100 82 57 2 20 63 87 22 29 38 41 25 42 35 49 82 88 15 55 60 33 70 72 9 48 23 29 92 46 41 95 45 23 3 99 94 17 85 15 46 22 56 22 15 42 22 49 29 36 3 41 20 
72 64 80 19 86 8 63 84 1 9 28 75 12 26 68 28 11 83 25 84 90 98 99 83 19 47 64 6 1 56 25 72 19 4 43 57 64 5 40 16 65 67 90 76 45 9 56 55 43 32 38 84 82 88 67 52 34 
30 58 86 85 34 58 55 90 52 11 5 8 50 20 72 69 61 100 13 69 7 19 12 90 8 95 71 96 13 23 81 42 80 67 78 65 76 33 54 27 43 58 86 45 29 57 65 89 56 77 58 14 47 21 4 54 67 
74 1 80 96 82 73 27 48 3 44 75 35 97 1 29 7 86 73 35 94 89 24 2 17 33 15 63 53 18 69 71 44 69 2 91 50 27 70 49 29 13 23 63 9 75 91 15 12 16 50 6 56 25 7 73 57 73 
35 61 43 3 31 86 24 85 76 73 11 45 74 39 9 96 1 18 23 43 84 34 10 85 39 66 9 97 38 17 70 24 77 12 79 60 49 2 44 76 26 54 73 99 92 81 47 44 50 69 38 34 2 48 70 93 65 
79 41 54 47 10 77 24 73 7 83 73 8 26 49 34 31 21 84 74 1 30 17 51 50 6 36 52 53 5 96 69 35 36 22 82 98 51 5 22 57 39 95 65 16 43 50 98 63 33 71 15 15 39 17 64 44 52 
15 49 9 62 17 43 50 91 24 47 41 80 20 97 70 14 61 37 56 62 34 70 95 4 37 9 42 53 72 38 5 39 86 65 52 54 7 1 44 83 99 84 14 19 81 84 32 93 72 40 55 6 61 1 61 97 61 
55 50 84 92 6 74 29 70 78 82 28 78 26 10 77 9 24 47 89 59 78 34 82 69 40 87 30 40 100 26 52 54 27 87 97 84 61 25 53 38 6 33 67 31 42 95 40 17 41 80 27 71 13 9 91 52 95 
20 43 94 98 46 99 76 33 95 60 45 19 64 82 25 96 100 7 90 95 46 6 35 78 33 57 90 93 48 94 87 19 88 33 16 34 83 44 66 78 55 10 48 18 43 24 66 42 31 55 88 28 12 75 5 96 31 
47 88 30 92 27 49 79 11 16 12 45 59 29 74 13 90 22 83 84 97 100 26 27 6 13 7 17 87 11 65 70 9 4 99 100 30 47 79 92 15 42 37 73 23 10 38 64 83 72 48 80 71 73 6 76 37 64 
44 76 75 8 45 83 12 95 35 93 42 13 85 8 6 73 80 80 82 69 44 65 40 91 96 62 15 53 89 51 17 33 78 43 92 74 25 55 69 59 48 62 23 84 69 81 8 100 60 89 69 55 5 60 45 52 74 
59 5 62 62 21 94 39 63 38 65 39 92 33 50 91 94 24 74 14 56 81 13 68 22 33 22 78 93 67 82 18 77 86 79 90 58 25 81 20 62 45 10 53 77 11 44 22 35 69 35 90 2 47 57 75 80 31 
4 24 49 85 41 25 70 71 15 27 95 95 98 56 91 60 61 67 70 4 88 4 24 74 46 25 20 54 99 51 84 3 26 32 87 66 9 9 89 75 87 83 21 37 39 11 96 99 77 65 54 16 21 77 89 18 2 
60 71 52 63 7 6 88 38 45 6 98 53 94 72 39 76 92 75 66 2 22 16 30 39 69 97 59 98 85 76 99 97 98 2 59 4 8 98 94 52 3 91 56 48 63 46 24 6 73 41 8 94 57 89 32 25 86 
42 22 22 17 72 18 67 26 28 22 85 26 15 36 80 58 43 28 20 88 3 77 60 43 36 54 99 25 37 76 10 79 49 83 47 73 1 13 98 80 35 82 5 1 69 85 58 11 64 29 98 66 6 10 8 41 15 
59 17 51 34 78 81 34 61 28 6 13 92 3 92 78 36 49 31 4 85 88 66 48 69 16 13 26 25 72 18 39 30 35 41 15 12 22 49 24 1 6 36 44 61 28 22 96 28 4 52 12 43 69 59 11 84 23 
36 60 46 54 50 28 40 91 94 3 12 94 27 64 100 62 7 60 41 80 7 68 83 10 79 26 79 89 88 62 63 24 74 9 29 23 36 68 13 29 70 76 23 48 39 22 10 98 33 2 77 39 70 12 49 100 37 
79 89 76 40 51 99 13 11 79 36 46 46 100 27 68 76 49 15 66 22 76 63 54 30 40 44 99 3 44 50 39 22 38 66 14 41 65 78 51 43 65 49 41 65 75 60 92 75 26 57 96 54 20 1 83 11 96 
33 65 40 82 55 13 72 20 26 12 84 56 14 79 20 62 71 84 88 82 75 62 59 84 9 12 55 9 46 17 57 78 81 48 12 35 60 83 54 38 94 90 93 59 20 12 73 90 48 60 23 74 74 81 57 82 45 
11 43 90 79 99 20 59 46 31 93 57 13 99 94 58 88 86 68 7 50 40 48 97 52 70 70 25 2 79 58 46 89 100 88 68 50 59 78 95 89 23 52 53 21 97 62 60 35 29 18 84 21 17 32 72 38 1 
48 39 79 5 37 20 57 76 39 6 34 68 1 22 90 4 26 62 52 87 21 86 67 90 21 87 6 52 58 43 5 57 34 35 62 70 54 18 97 44 75 30 12 27 3 53 82 28 15 34 66 87 19 32 77 40 19 
34 43 28 29 47 85 62 82 98 83 87 67 79 83 41 8 94 68 62 46 49 89 12 82 6 99 53 37 27 44 7 60 86 35 88 33 71 1 66 68 83 52 34 13 34 74 72 79 93 33 77 94 21 88 27 78 38 
79 15 64 74 21 76 60 7 63 44 77 16 9 44 98 12 29 63 98 3 34 28 47 67 4 40 39 44 67 17 81 97 31 97 71 3 72 82 62 86 25 38 1 85 34 51 96 62 13 45 16 46 73 63 64 76 54 
3 71 72 19 4 69 1 100 91 55 23 72 16 8 48 6 61 32 39 11 27 100 75 24 16 72 96 30 36 23 83 38 94 55 8 49 75 60 48 65 66 22 88 82 29 35 87 41 66 77 3 44 28 29 67 43 1 
14 24 88 37 59 77 82 65 84 30 39 95 29 55 60 50 94 41 30 28 79 23 45 7 25 40 35 54 59 29 6 72 53 93 60 63 69 93 27 52 22 17 98 2 23 57 3 16 50 85 95 80 7 39 87 83 30 
73 88 88 1 93 12 5 85 71 67 53 64 45 56 37 61 5 91 83 62 45 50 11 29 44 42 87 34 28 70 64 100 57 3 53 2 66 57 38 37 76 91 52 20 98 40 33 3 82 67 16 27 69 78 55 12 19 
42 98 99 63 13 50 71 67 2 72 33 11 10 69 38 52 72 9 1 63 41 55 45 60 22 23 28 99 77 91 18 70 88 68 84 100 17 55 67 71 78 51 33 39 71 70 42 42 78 95 56 71 1 52 82 23 74 
9 21 3 99 90 24 39 57 8 90 26 14 8 96 43 58 80 82 28 49 75 21 78 69 77 48 70 80 81 92 54 89 64 8 40 6 31 30 62 90 19 39 3 79 86 46 36 65 79 16 13 5 36 43 74 64 42 
95 96 23 38 49 11 53 8 2 58 38 31 72 28 2 10 82 80 48 27 67 12 57 82 77 62 70 19 87 85 60 33 80 82 70 80 45 74 87 98 32 25 29 3 4 82 64 85 61 11 64 79 23 72 13 51 33 
1 0 0 1 1 0 1 1 1 0 1 1 1 0 0 1 0 0 0 1 1 0 1 0 1 0 0 1 0 0 1 1 0 0 0 1 0 1 0 0 0 1 1 1 0 1 0 0 1 0 0 0 0 1 0 0 1 
0 1 1 0 0 0 0 0 1 0 1 0 0 1 0 0 0 1 0 1 1 0 0 1 0 0 0 0 1 0 1 1 1 1 0 1 1 0 0 0 0 1 1 1 0 1 1 0 1 1 1 0 1 1 0 0 1 
0 0 0 0 1 0 1 0 0 0 0 0 0 0 1 1 1 0 1 1 1 1 0 0 0 0 1 1 0 1 1 0 1 1 0 1 1 1 1 1 0 1 0 0 0 1 0 1 1 1 0 0 1 0 0 1 1 
1 1 1 1 0 0 0 1 0 1 1 0 1 0 0 0 0 0 0 1 0 0 0 0 0 0 1 1 0 0 0 0 1 1 1 1 1 1 1 0 1 0 0 0 0 0 0 1 0 1 0 1 1 1 1 1 1 
0 0 0 0 0 0 0 0 1 1 1 0 0 1 1 0 1 1 1 1 0 0 0 1 0 1 0 1 0 1 1 0 0 1 0 0 1 0 0 0 0 0 0 0 1 0 1 1 1 0 0 1 0 0 0 0 1 
0 0 1 0 1 1 0 0 0 0 1 0 1 1 0 1 1 1 0 1 0 1 1 0 0 0 0 0 1 0 0 1 0 1 1 1 1 1 1 1 0 0 1 1 1 0 0 1 1 0 0 1 0 1 1 0 0 
1 0 1 1 0 0 0 0 0 1 1 1 1 0 1 1 1 0 1 1 0 0 0 1 0 1 1 0 0 1 0 1 1 1 1 0 1 1 0 1 0 1 1 1 1 0 1 0 1 0 0 1 0 0 0 0 0 
1 0 0 0 0 0 0 1 1 0 1 0 0 0 0 1 1 0 0 0 1 0 1 1 0 0 1 1 1 1 1 0 0 1 1 0 1 1 0 0 1 1 0 1 1 1 0 1 1 0 1 0 0 0 1 1 0 
0 0 1 1 1 0 1 0 1 0 0 0 0 0 1 1 1 0 0 0 0 1 1 0 0 1 0 0 0 1 1 0 1 0 1 0 0 1 1 1 1 1 1 1 1 0 0 0 0 0 0 0 0 1 0 0 0 
1 1 0 0 0 0 0 0 0 0 1 1 1 0 0 0 0 1 0 0 1 0 1 1 1 1 1 0 0 0 1 1 1 1 1 1 0 1 1 0 0 0 1 1 1 1 0 1 0 0 1 1 0 0 0 1 0 
0 0 0 0 1 1 1 0 0 0 0 0 1 0 0 0 1 1 1 0 1 0 0 1 1 1 0 0 0 1 0 0 1 0 0 0 1 1 1 1 1 1 1 0 0 1 0 1 1 1 0 0 1 0 0 1 0 
0 1 0 1 1 0 1 1 0 1 0 1 0 1 0 0 1 0 0 0 1 1 1 0 1 0 0 0 0 1 0 0 0 0 1 1 0 0 0 0 0 0 1 0 1 1 0 0 1 0 1 0 0 0 1 1 0 
1 1 0 0 1 0 0 1 0 1 1 0 1 1 0 1 0 1 0 1 1 1 1 0 0 1 0 0 0 1 1 1 1 1 1 0 0 1 0 0 0 1 0 1 1 1 0 1 0 1 1 1 0 0 1 0 1 
1 0 0 1 1 1 0 1 1 0 1 0 0 1 1 0 1 0 1 0 1 0 0 0 1 0 0 1 1 0 1 1 0 1 0 0 0 0 1 1 0 0 0 1 1 1 1 0 1 0 1 0 0 1 0 0 1 
0 1 1 0 0 0 1 1 0 1 0 0 0 1 0 0 1 1 1 0 0 1 0 0 0 0 1 0 1 1 1 1 0 0 0 1 0 1 0 0 0 0 0 0 0 1 0 1 0 1 0 1 0 0 1 1 0 
0 1 1 1 0 1 0 1 1 1 1 0 1 0 0 0 0 0 0 1 0 1 0 1 1 1 1 1 0 0 0 1 1 1 0 0 0 0 1 1 1 0 1 1 0 1 1 1 1 1 0 1 0 0 0 0 1 
0 1 0 0 1 1 0 1 1 0 1 0 1 1 1 1 0 0 0 0 1 1 1 0 1 1 1 0 1 1 1 1 0 1 0 0 0 0 1 0 0 0 0 1 1 1 0 0 0 0 0 1 1 1 0 1 0 
1 1 0 0 0 1 0 0 1 0 0 1 1 0 1 0 0 0 1 0 1 1 0 1 1 1 1 1 1 0 1 0 1 1 0 1 1 1 1 0 1 0 0 1 0 1 1 1 0 0 1 1 0 1 0 1 0 
1 0 0 1 0 0 0 1 1 0 0 0 1 1 1 1 1 0 0 0 1 1 0 0 0 1 0 1 0 1 1 1 0 1 1 0 0 1 1 1 1 0 1 1 1 0 0 0 1 0 0 0 1 1 0 1 0 
0 0 0 0 0 0 0 1 1 0 1 0 1 0 0 1 1 1 0 0 1 0 1 0 1 1 1 0 0 1 0 0 1 1 0 1 1 0 1 0 0 0 0 0 1 0 1 0 1 0 0 1 0 1 1 1 1 
0 1 1 1 0 1 1 1 0 0 0 0 1 0 1 0 0 1 1 1 0 1 0 0 0 1 1 1 0 0 0 1 0 1 0 0 1 1 1 1 0 1 1 1 1 0 1 1 1 0 0 0 0 1 0 0 0 
1 1 1 0 0 0 0 1 0 0 0 0 1 1 0 0 1 1 1 1 1 0 1 1 1 1 1 0 1 1 0 1 1 1 1 1 1 1 0 0 1 1 0 0 0 0 0 1 1 1 1 0 1 0 0 0 1 
1 0 0 1 1 1 0 0 0 1 0 1 1 0 0 0 0 0 1 0 0 0 1 1 1 0 1 1 0 1 0 1 0 1 0 1 0 0 1 1 1 1 0 1 1 1 1 1 1 0 1 0 1 1 1 0 1 
0 0 1 0 0 0 0 1 1 1 0 1 0 1 1 0 1 0 1 0 1 1 0 0 0 0 1 1 1 1 0 0 1 1 0 0 0 0 1 1 1 1 0 1 0 1 1 0 1 1 0 1 0 0 1 0 0 
0 0 0 1 0 0 1 0 0 1 0 0 0 1 1 0 1 0 0 1 0 0 0 1 1 1 1 1 0 1 0 0 1 0 0 0 0 1 0 0 0 0 0 0 1 1 0 0 1 1 1 1 1 0 0 0 1 
1 0 0 1 0 0 0 0 0 0 0 1 0 0 1 0 0 0 1 1 0 0 0 1 1 0 1 1 0 1 1 0 1 1 1 1 1 1 1 0 0 1 1 0 1 1 1 1 1 0 0 1 0 1 1 0 1 
0 1 1 1 0 1 1 1 0 0 1 0 0 1 0 1 0 0 1 1 1 0 0 0 1 0 0 0 1 0 1 1 0 0 0 0 0 1 0 0 0 1 0 0 0 0 1 0 1 0 0 0 1 0 0 0 0 
1 0 1 1 1 0 1 1 1 0 1 0 0 0 0 1 0 0 1 1 0 1 0 0 1 0 1 0 1 1 0 0 1 0 1 0 0 1 0 1 1 1 0 1 1 0 0 0 1 1 1 1 0 1 1 0 1 
1 0 0 0 0 0 0 0 0 0 1 1 0 0 0 0 0 1 1 1 1 1 0 0 0 1 0 1 0 0 1 1 0 1 0 1 0 0 1 0 0 0 1 1 1 1 1 1 0 0 0 1 0 0 1 0 1 
1 0 0 0 1 1 0 0 1 1 0 1 1 0 0 1 1 1 0 0 0 0 0 0 0 1 0 1 0 1 0 0 1 0 0 0 0 0 0 1 0 1 1 1 1 1 0 1 0 1 1 0 1 0 0 1 1 
1 0 0 0 1 0 1 1 0 1 1 0 1 1 0 0 0 1 0 1 0 1 1 1 0 1 0 0 1 1 0 0 0 0 0 1 0 1 0 0 0 0 0 0 1 1 0 1 0 0 0 0 1 1 1 0 0 
1 0 1 1 0 0 1 0 0 0 0 0 0 0 0 0 1 0 1 0 1 0 0 1 0 1 1 1 0 1 1 0 1 1 1 0 1 0 0 1 0 1 1 0 1 0 1 0 0 0 0 1 1 1 1 1 0 
0 1 0 1 0 0 0 1 1 0 0 1 1 0 1 0 1 0 1 1 1 0 0 1 0 1 0 1 0 0 1 0 1 0 1 1 0 0 1 0 0 1 1 1 1 1 1 1 1 1 0 0 1 0 1 1 0 
0 1 0 0 0 1 1 0 0 0 1 0 1 1 1 1 0 0 0 1 0 1 0 1 0 0 0 0 0 1 0 0 0 1 0 1 0 1 1 0 1 0 1 1 1 0 0 0 0 0 1 0 0 0 1 0 0 
1 0 0 1 1 0 1 0 0 0 0 1 0 0 1 0 1 0 0 1 0 0 0 0 1 0 0 1 0 0 0 1 1 0 0 0 1 0 0 1 0 0 1 0 0 0 1 0 0 1 1 0 1 1 0 0 0 
1 0 0 1 0 1 0 0 0 0 1 0 0 1 0 0 0 1 1 0 0 1 0 1 0 0 0 0 0 0 0 1 0 0 1 0 1 1 1 1 0 0 1 0 1 0 1 1 1 0 1 1 1 1 0 1 1 
0 1 0 0 1 1 1 1 0 1 1 0 0 0 0 1 0 0 0 0 1 0 1 1 1 0 0 1 0 0 0 0 1 0 0 1 0 1 0 0 1 1 0 1 0 0 0 0 1 1 0 0 1 1 0 0 1 
0 1 1 0 0 1 0 0 1 1 0 1 1 1 0 1 1 1 1 0 0 1 1 1 1 1 0 0 1 0 1 0 0 0 0 0 1 0 0 0 1 1 1 1 0 1 0 1 1 1 1 1 0 0 0 1 0 
0 1 1 0 0 1 0 0 0 0 1 0 1 1 0 0 1 1 0 0 1 1 1 0 1 0 0 1 0 1 1 0 0 1 1 0 0 1 0 0 0 1 1 1 0 1 1 1 0 1 0 1 0 1 1 1 0 
1 1 0 0 0 1 0 1 0 0 0 1 0 0 1 1 1 0 1 0 1 1 0 0 1 1 1 0 0 0 0 1 1 1 1 0 0 1 1 0 1 1 1 1 0 1 0 1 1 0 0 1 1 0 1 0 0 
0 0 0 1 1 0 0 0 1 0 0 1 0 0 0 1 1 0 1 0 0 1 0 0 1 1 1 1 0 1 1 1 0 0 0 1 0 0 1 1 1 1 0 1 1 1 0 0 1 0 1 1 1 1 0 0 0 
1 1 0 1 1 1 1 1 1 0 1 0 1 0 1 0 1 0 1 0 0 1 1 0 0 0 1 1 0 1 1 0 1 0 1 0 1 0 1 1 0 0 1 1 0 0 1 1 0 0 1 0 1 0 1 0 1 
0 1 1 0 1 1 1 1 0 1 0 0 0 1 0 0 0 1 0 0 0 0 0 0 1 1 0 0 0 0 1 0 1 0 0 0 0 1 1 0 0 0 1 0 1 1 0 0 1 1 0 1 1 1 0 0 0 
0 0 0 0 1 0 1 0 1 0 0 0 1 0 1 1 1 1 1 1 0 1 0 1 1 1 0 0 1 0 0 1 1 0 1 0 1 1 0 0 1 0 0 0 1 1 0 0 1 1 1 1 0 1 0 1 1 
0 0 0 0 0 0 1 1 1 0 0 0 0 0 1 1 0 0 0 0 0 0 1 1 0 0 1 1 0 0 0 0 0 1 0 1 1 0 0 0 0 0 1 0 0 0 1 0 0 1 0 0 0 1 1 0 1 
0 1 1 1 0 1 1 1 0 0 0 0 0 0 0 0 1 0 0 0 0 1 0 1 1 1 1 1 0 1 0 1 1 0 0 1 1 1 0 1 0 0 1 0 0 1 1 0 0 1 0 0 0 0 1 0 1 
1 1 0 0 1 1 1 1 1 0 1 0 0 0 0 0 0 1 1 1 0 1 1 1 1 1 0 1 1 0 1 0 1 1 0 0 0 0 0 1 0 1 1 1 1 0 1 1 1 0 1 1 1 0 0 0 0 
