66 51 1167
69 66 70 94 46 43 86 63 51 98 35 46 32 89 65 23 43 28 25 9 84 19 38 95 2 10 23 6 24 27 61 44 92 30 89 89 24 74 51 26 71 38 71 55 26 87 77 21 14 53 29 
49 72 18 44 25 27 66 83 2 44 43 97 87 24 85 76 47 11 78 72 81 15 94 35 93 81 64 65 94 16 93 43 39 10 38 64 88 55 46 41 50 40 37 36 63 73 63 61 83 41 32 
16 7 77 2 99 57 65 15 3 81 7 97 71 68 34 86 7 40 83 99 89 22 35 24 84 60 39 44 42 31 27 57 37 4 59 88 12 75 2 14 7 61 10 78 80 95 63 39 34 46 37 
74 19 24 98 3 83 88 98 24 18 77 33 6 32 91 93 43 17 47 9 24 59 70 1 38 65 15 28 50 12 65 24 31 88 73 85 70 60 34 45 29 10 77 34 93 19 79 36 36 25 96 
59 35 65 11 72 81 77 100 83 89 16 6 71 3 30 55 24 41 40 68 21 50 97 54 42 15 84 29 2 60 76 60 94 93 22 18 73 99 69 7 39 84 64 9 38 93 15 13 85 54 80 
5 55 28 11 49 43 94 29 44 6 5 56 99 49 29 16 73 27 36 80 17 19 43 77 8 88 43 20 24 49 52 81 55 79 91 3 73 36 84 17 41 40 24 92 88 52 59 60 31 95 91 
47 65 86 76 73 25 18 92 48 18 95 28 73 74 70 27 98 58 10 66 50 49 89 41 88 93 52 100 23 46 90 21 10 27 48 34 51 66 78 99 83 72 78 7 97 100 34 95 57 43 60 
6 44 49 47 31 93 98 82 15 95 24 87 56 50 35 90 1 52 67 51 86 38 80 93 87 79 26 81 35 20 40 41 63 40 39 46 32 88 27 98 82 50 37 89 52 71 78 52 22 96 54 
7 34 33 51 72 12 76 52 46 96 43 38 10 35 76 55 18 15 34 16 48 35 52 37 86 74 66 37 47 62 42 53 47 75 4 18 86 31 69 83 78 63 21 88 97 48 94 15 63 27 82 
10 62 85 98 47 58 64 36 4 25 77 8 71 51 63 88 88 94 8 71 23 70 43 10 67 90 4 81 52 30 14 14 43 98 11 42 7 74 77 10 98 5 69 20 8 32 7 95 77 14 17 
99 84 59 9 2 1 64 34 52 45 47 17 88 44 28 29 2 53 57 11 3 61 79 22 68 62 29 15 38 94 83 37 77 94 97 78 94 12 63 97 56 9 66 43 4 93 23 5 97 79 67 
99 92 46 21 11 59 1 77 97 94 60 85 23 5 81 52 50 92 15 46 99 23 63 94 79 55 16 83 4 47 50 2 90 47 74 100 57 74 77 53 68 88 37 90 44 69 41 93 12 55 90 
11 30 53 56 8 59 71 42 62 69 43 16 58 41 89 10 98 15 38 2 82 77 39 23 20 59 15 64 71 22 53 33 3 57 88 10 68 10 3 29 31 98 96 40 38 85 49 87 99 86 89 
32 62 79 6 33 37 20 96 59 93 1 91 95 57 30 56 24 92 59 5 74 56 100 13 45 36 62 84 86 99 72 17 13 50 74 45 38 94 41 97 86 93 39 81 49 21 36 25 12 46 29 
85 53 80 97 50 16 10 33 1 9 4 70 21 5 43 17 42 88 9 38 74 1 77 6 50 97 93 26 60 91 54 44 43 33 92 92 100 54 24 1 62 79 22 34 83 64 2 25 52 11 62 
77 11 90 34 12 38 78 37 97 68 90 92 63 75 84 54 26 37 30 78 50 8 99 35 91 15 36 67 18 46 80 94 9 70 79 20 7 56 57 56 76 98 47 38 24 82 43 50 70 72 27 
71 32 26 5 74 92 93 40 9 90 19 54 98 40 32 18 99 39 74 54 14 23 52 3 47 34 46 96 55 69 74 26 100 51 82 73 42 26 12 50 16 83 55 13 22 86 82 20 77 7 73 
42 30 77 97 28 62 42 75 16 10 48 93 10 99 27 34 40 52 46 42 19 28 96 84 1 34 65 21 62 72 45 55 53 21 51 80 82 92 54 50 54 53 42 15 51 20 48 43 24 45 36 
42 24 31 25 25 16 90 97 77 13 41 84 17 14 34 48 47 26 53 96 31 5 90 45 56 61 44 50 84 89 85 26 12 15 50 88 83 91 84 11 55 77 94 23 90 28 70 88 5 22 84 
35 27 25 31 34 85 74 83 69 62 67 46 26 33 47 13 15 90 49 26 44 25 71 67 14 98 88 1 54 10 36 88 88 12 18 21 49 44 55 69 5 21 14 82 53 60 47 20 1 95 97 
97 19 67 63 84 17 2 36 70 63 72 10 50 35 79 22 83 22 76 51 79 96 16 60 1 28 6 20 28 52 16 24 70 34 38 53 50 40 89 72 2 12 81 4 98 59 25 81 81 53 83 
59 48 99 70 100 26 76 19 53 79 86 77 49 72 66 53 21 5 93 44 59 4 24 62 54 83 38 34 15 90 16 73 90 66 42 89 91 69 60 96 48 97 24 48 68 89 100 41 46 93 84 
4 48 60 17 1 42 6 86 56 96 54 80 37 19 73 25 10 42 36 5 41 85 28 40 52 68 39 44 13 83 80 16 83 39 84 35 32 90 21 87 37 74 18 25 92 90 1 53 83 37 9 
23 21 88 14 24 56 53 20 68 87 51 36 69 89 71 56 20 12 76 58 100 1 27 24 44 16 25 49 99 61 57 73 33 97 87 8 52 91 27 71 77 77 6 98 17 29 5 88 40 32 97 
40 84 23 63 27 39 87 27 37 99 36 61 31 32 47 91 83 89 17 53 18 46 11 67 14 39 71 2 30 2 98 69 85 21 84 63 11 70 90 99 21 77 59 3 8 58 93 90 46 62 94 
63 59 56 81 72 94 51 73 76 4 23 44 40 95 79 3 5 1 44 3 21 20 61 23 79 70 68 68 16 29 13 30 39 69 11 10 14 13 83 89 17 57 85 56 51 15 10 55 15 5 57 
87 76 69 62 54 91 29 73 58 9 38 87 47 6 49 56 71 14 90 60 82 46 96 89 96 10 51 2 25 55 10 11 83 31 72 88 21 52 61 78 60 98 16 58 55 65 66 25 30 55 36 
11 53 31 99 100 93 49 2 69 56 63 31 38 93 55 25 13 6 37 90 18 86 6 75 40 22 40 17 51 47 52 13 99 35 11 50 27 12 51 47 67 66 77 56 58 31 80 71 37 69 12 
6 54 17 80 46 90 72 62 92 18 13 4 68 99 67 17 77 78 20 23 96 85 100 51 42 30 82 64 18 50 76 23 56 44 55 1 34 78 62 25 95 26 81 14 77 47 30 53 76 1 76 
71 37 27 73 31 8 6 94 78 8 21 52 63 65 6 15 50 83 28 26 29 5 6 42 81 4 24 34 79 76 61 1 13 39 25 43 46 31 88 75 38 9 27 100 73 32 66 74 67 93 99 
47 97 57 89 78 60 64 63 91 39 75 43 51 65 68 45 10 50 33 37 87 41 63 38 65 46 3 38 12 47 88 59 43 44 99 72 56 62 86 98 52 60 92 3 24 11 99 86 60 31 22 
98 23 36 87 87 81 89 76 93 35 16 3 30 11 53 1 18 14 87 67 17 98 59 19 74 21 70 11 81 100 84 30 23 19 17 61 51 57 89 95 44 4 97 73 14 1 25 32 66 63 98 
83 13 8 53 86 29 22 48 61 22 83 90 96 53 58 56 3 15 44 98 58 47 46 82 13 47 6 44 12 21 93 94 33 1 47 70 81 68 69 41 41 51 82 36 3 92 92 5 6 35 54 
15 34 100 96 46 46 53 41 57 25 33 3 57 85 49 78 65 68 46 57 9 96 91 44 50 82 35 55 39 22 60 53 7 59 100 52 56 4 92 65 29 76 67 37 13 67 15 29 34 60 38 
94 8 28 38 57 61 24 63 99 97 23 3 3 33 2 6 89 57 49 53 85 25 19 22 37 37 88 17 70 47 54 64 54 81 53 63 93 28 25 91 25 99 45 79 32 46 85 72 55 33 24 
39 9 94 12 97 30 99 14 51 98 67 14 3 100 18 65 92 46 42 35 70 92 79 100 75 77 84 46 31 69 69 21 29 14 85 26 43 83 91 94 32 57 59 35 8 29 51 52 74 44 86 
95 36 16 94 10 92 30 8 74 98 28 47 26 42 31 3 36 65 93 81 97 2 92 31 9 20 33 12 93 77 97 39 12 13 32 73 56 13 80 30 10 8 76 88 1 58 90 36 22 35 17 
18 36 8 100 96 79 33 8 71 9 56 61 20 68 44 44 76 57 76 5 18 83 32 5 35 89 47 70 62 81 38 80 16 97 79 63 75 11 70 97 19 26 57 90 45 1 34 20 9 9 76 
26 43 59 31 77 99 29 98 61 9 88 92 76 36 70 38 63 81 60 59 51 37 68 41 33 20 26 5 28 86 80 53 80 91 35 8 41 63 57 1 23 44 92 98 32 14 88 94 46 99 4 
96 87 71 88 19 42 65 23 69 50 55 74 81 45 8 88 85 23 45 38 45 40 81 95 71 94 82 64 39 32 20 87 18 90 74 36 32 39 11 52 40 65 25 21 61 33 60 97 7 4 86 
51 44 67 45 14 60 78 30 51 9 49 37 78 90 62 66 73 100 76 25 92 92 49 64 4 33 23 52 39 27 38 42 22 4 86 87 15 16 16 17 24 16 53 54 58 15 19 30 66 94 54 
9 37 55 72 92 87 47 43 78 25 80 19 46 35 56 84 2 71 52 18 47 67 71 100 24 37 18 6 2 63 59 11 99 13 34 90 52 32 32 29 56 64 47 53 50 2 37 51 73 88 69 
19 6 91 18 82 79 87 87 80 49 45 42 47 10 28 88 61 59 71 41 67 86 87 19 36 40 7 86 12 46 6 82 4 48 51 85 26 37 71 58 85 67 51 83 28 78 22 40 89 93 80 
55 78 66 25 13 6 32 51 69 29 8 3 32 8 53 16 33 42 38 42 78 57 93 13 84 70 34 24 58 26 55 64 56 73 89 68 78 72 70 98 100 30 52 32 37 5 99 21 98 89 63 
27 45 55 39 80 76 73 55 86 98 10 49 5 82 89 73 11 60 94 60 12 23 12 43 59 68 93 80 65 81 94 91 77 100 30 57 75 54 11 12 3 72 61 8 53 1 32 15 61 25 75 
72 100 86 66 58 53 10 89 69 91 82 59 67 33 40 75 8 45 38 71 48 9 83 55 14 84 38 28 44 62 2 67 61 87 84 71 91 93 11 59 35 45 70 54 77 61 28 36 6 65 7 
5 74 89 11 87 72 48 14 67 61 68 33 74 6 16 44 97 61 6 55 95 50 24 48 27 37 76 62 42 92 68 46 17 57 56 3 80 3 69 47 63 88 79 36 93 47 31 89 59 37 44 
53 86 19 53 64 55 28 78 48 71 45 93 88 53 100 42 33 54 10 31 69 97 9 56 90 7 87 30 65 75 25 70 12 96 22 76 2 1 5 50 71 1 94 10 54 94 52 38 99 13 68 
67 62 28 23 3 87 61 32 3 35 57 72 98 52 45 25 53 97 29 54 68 30 48 29 35 93 80 72 91 93 91 10 54 70 84 56 56 44 39 59 30 95 82 27 98 79 52 3 75 32 56 
94 61 55 23 47 99 2 18 90 46 60 51 51 30 34 6 37 29 97 47 58 91 29 36 41 59 39 95 33 71 50 27 83 57 49 30 55 2 99 96 100 59 46 50 40 31 8 76 59 4 23 
16 94 3 4 86 61 42 80 93 12 82 71 95 38 71 76 44 25 74 40 24 32 37 73 71 68 80 99 78 83 21 46 29 75 49 14 35 90 46 79 54 79 2 100 68 72 75 11 96 48 2 
19 32 39 44 2 58 23 52 35 6 24 80 86 98 28 51 84 70 96 63 23 26 16 74 93 87 48 4 35 47 57 5 78 95 48 32 4 71 83 39 28 7 18 13 4 98 15 88 67 63 2 
41 88 69 14 81 7 13 36 41 59 92 46 37 39 45 68 42 15 50 32 94 8 2 58 12 99 73 51 17 35 4 57 22 72 22 54 30 34 41 71 92 85 68 28 75 12 47 68 79 97 100 
72 4 1 30 67 51 54 69 67 88 72 23 61 95 96 67 77 29 7 47 20 43 66 100 17 29 46 85 7 94 36 31 50 36 12 16 38 65 85 4 52 8 78 64 55 73 30 31 53 89 29 
24 31 94 23 48 22 21 84 81 66 19 11 15 6 22 31 43 86 67 46 89 26 75 4 80 47 34 62 51 74 90 74 4 35 49 3 9 69 86 89 34 56 99 1 61 72 31 3 57 49 100 
97 74 74 100 6 72 85 67 22 58 9 96 14 95 44 16 3 64 54 91 49 9 41 49 70 12 31 24 20 79 24 68 5 97 68 10 69 4 28 90 62 88 37 27 83 80 42 85 43 47 28 
92 56 68 92 77 32 23 100 3 1 23 71 5 72 90 66 40 93 46 81 6 33 18 32 15 49 26 52 44 72 79 87 79 46 78 55 29 100 7 32 53 29 54 9 100 43 75 91 87 20 24 
93 4 41 76 19 41 53 70 84 25 100 70 55 97 48 62 26 99 68 9 51 96 62 60 48 56 86 90 42 57 13 86 60 5 14 30 46 66 51 29 42 50 51 97 47 50 58 24 48 25 32 
51 72 45 10 71 52 47 61 45 3 25 31 62 30 96 92 75 61 42 55 55 44 57 51 90 6 60 65 6 36 48 8 59 92 17 30 95 63 42 39 17 66 21 78 95 16 21 21 29 15 76 
83 58 84 85 99 42 96 63 47 31 10 54 89 53 22 70 99 36 11 37 52 77 58 81 23 25 2 44 53 16 71 87 73 54 71 23 95 18 85 93 48 46 98 89 50 19 58 48 6 69 84 
9 97 93 90 71 18 91 14 70 58 36 9 82 42 79 4 88 49 40 81 96 85 30 84 86 1 94 33 6 14 68 15 62 61 4 32 30 46 98 99 55 85 7 36 26 38 39 14 86 78 46 
33 14 75 69 99 75 62 83 33 27 2 47 88 14 2 19 43 99 68 94 53 53 100 88 78 89 78 43 26 55 40 11 20 67 79 70 93 92 52 25 70 53 23 57 67 76 27 61 74 95 54 
78 99 6 65 28 46 42 23 72 48 62 34 19 28 64 88 73 7 39 97 76 44 72 32 62 47 10 22 73 56 28 50 54 33 15 82 78 8 4 1 8 17 34 26 97 49 14 69 55 4 17 
30 99 88 13 12 87 23 86 59 78 13 8 32 45 74 65 74 34 20 75 93 88 60 70 84 9 35 4 63 39 21 93 89 60 5 1 46 79 86 56 57 98 64 40 94 89 56 67 22 75 93 
66 14 53 36 98 13 70 53 27 8 73 19 49 85 76 49 82 6 86 38 62 35 1 53 28 41 8 46 63 34 91 28 48 95 63 97 7 85 49 33 92 74 4 92 58 31 92 91 36 77 28 
50 11 80 2 90 21 10 88 35 95 78 14 42 72 29 90 30 13 39 14 56 64 69 48 73 99 39 63 87 16 91 36 78 70 89 20 90 50 59 24 45 36 38 38 59 66 28 40 30 18 53 
0 0 1 1 0 1 0 0 1 1 0 0 0 0 1 1 1 0 1 1 0 0 0 0 0 1 1 1 0 0 0 0 0 1 0 0 0 0 0 0 1 1 0 1 1 1 1 0 0 0 1 
0 1 1 0 1 0 1 1 0 1 1 1 1 0 1 1 0 1 0 0 0 1 1 1 0 0 0 0 0 1 0 1 0 1 1 1 0 1 0 0 0 1 1 0 1 0 1 0 1 1 0 
1 0 1 1 0 0 1 1 0 0 1 1 0 0 1 0 0 0 0 1 0 0 0 0 1 1 0 1 0 1 0 0 0 1 1 0 1 0 1 0 1 0 1 1 1 0 1 1 0 0 0 
1 0 1 1 1 0 1 1 0 1 1 0 1 0 1 1 0 0 1 0 1 1 1 0 0 0 0 0 0 0 0 1 0 1 1 1 1 0 0 0 1 1 0 0 0 0 0 0 0 1 0 
1 0 1 1 1 1 1 1 0 1 1 1 1 1 0 1 0 1 1 0 0 1 1 1 1 1 1 1 1 0 1 0 0 0 1 1 0 1 0 0 0 0 1 0 1 0 1 1 1 0 0 
1 1 1 0 0 0 1 1 1 1 0 1 0 1 0 1 1 1 0 1 0 0 0 0 1 0 1 0 1 1 0 1 1 1 1 1 1 1 1 0 0 1 1 0 0 0 0 1 1 0 0 
1 0 1 1 1 1 0 1 1 0 0 0 1 1 1 0 1 0 1 1 1 1 1 1 1 1 1 1 0 1 1 0 1 0 1 0 0 0 0 1 0 0 1 1 1 0 1 0 1 1 0 
0 0 1 1 1 0 1 0 0 0 0 0 0 0 0 0 0 0 0 1 0 0 0 1 0 1 0 0 0 1 0 0 1 1 1 1 1 0 1 0 1 1 0 1 0 0 1 0 0 0 0 
0 0 0 1 0 1 0 1 1 1 1 1 1 1 1 0 0 1 1 0 0 1 1 1 1 1 1 1 0 1 1 0 1 0 0 0 1 0 1 1 1 0 0 0 1 1 0 0 1 0 0 
1 1 1 1 0 1 0 1 1 1 1 1 0 1 1 0 0 1 1 1 1 0 0 1 1 1 0 1 0 0 0 0 1 1 1 1 0 1 0 1 0 1 1 0 0 0 1 1 0 0 0 
1 0 0 0 0 0 0 1 0 0 1 0 1 1 1 0 1 0 1 1 0 0 0 1 1 0 0 0 0 0 0 1 1 1 0 1 1 0 0 1 1 0 0 0 1 1 1 0 0 0 1 
0 0 1 1 1 0 1 1 0 0 0 0 1 1 0 0 0 0 0 1 1 0 1 0 1 1 1 0 1 1 1 1 1 1 1 1 1 0 0 1 0 0 1 1 1 1 1 1 0 0 1 
1 0 0 1 0 1 0 0 0 1 1 0 1 0 1 0 1 1 0 1 0 1 0 1 0 0 1 0 0 1 1 1 1 1 1 1 1 1 1 1 1 1 1 0 1 0 0 1 0 0 0 
0 1 0 1 0 0 0 0 0 1 1 0 1 0 1 0 1 0 0 1 1 1 0 1 0 1 1 1 1 0 1 1 1 0 0 1 0 1 1 1 0 0 1 1 1 0 0 0 0 0 1 
0 1 0 1 1 1 1 1 0 1 0 1 0 0 1 0 1 0 1 0 1 0 1 0 1 1 0 1 1 0 1 1 1 1 1 1 0 0 0 0 1 0 1 1 1 0 1 0 1 1 0 
0 1 1 0 0 0 1 1 1 1 0 1 1 1 0 0 1 0 0 1 1 0 0 0 1 1 0 1 0 1 1 0 0 0 0 0 0 1 1 0 1 0 1 0 1 1 0 1 1 0 0 
0 0 1 0 0 0 0 1 0 1 1 0 1 1 0 1 0 0 1 0 1 1 1 1 0 0 1 1 1 1 0 1 1 1 1 1 1 0 1 1 1 0 1 1 1 1 0 1 1 1 1 
0 0 0 1 1 0 0 0 1 1 0 0 1 1 0 0 0 0 1 1 1 1 0 0 1 0 1 0 1 0 0 0 1 0 1 0 1 0 0 0 1 1 1 0 0 1 1 1 1 0 0 
0 0 1 1 1 1 0 1 0 0 1 0 1 0 0 1 1 0 0 1 1 1 0 0 1 1 1 0 0 1 1 1 1 0 0 0 1 0 0 1 0 1 0 0 1 0 1 0 0 1 0 
1 0 0 1 0 0 0 0 0 0 1 1 1 1 1 0 0 1 0 0 0 1 0 0 1 0 1 1 0 1 1 1 1 0 1 1 0 1 0 0 1 1 0 1 1 1 1 1 1 1 1 
1 0 1 1 1 1 0 1 1 1 0 1 1 0 0 0 0 1 0 1 1 0 1 0 1 0 1 0 1 0 0 0 0 1 1 0 1 0 1 0 1 1 1 0 0 1 1 0 1 1 1 
0 1 0 0 0 1 1 1 0 1 1 1 1 0 0 1 1 0 0 0 0 0 1 0 0 1 1 0 0 1 0 0 0 0 0 1 1 1 0 0 0 1 1 1 1 1 1 1 0 1 1 
0 1 0 0 1 1 0 0 1 1 0 1 1 0 1 0 0 0 0 0 0 1 1 0 1 0 1 0 0 0 1 0 0 1 1 1 1 1 1 0 0 1 0 1 0 1 0 0 0 0 0 
0 0 1 0 1 1 1 1 0 0 0 0 0 1 1 1 0 0 1 1 0 0 1 0 0 0 0 0 0 0 0 1 0 1 1 1 1 1 0 1 1 0 1 1 0 1 0 0 1 1 1 
0 0 0 0 0 1 0 1 1 0 1 0 1 1 0 0 0 1 1 1 0 1 0 1 1 1 1 0 1 1 1 1 1 0 1 1 1 1 0 0 1 0 1 0 1 1 1 1 0 0 0 
0 1 0 1 1 0 0 1 1 1 0 0 0 0 1 0 1 0 0 0 1 0 1 0 1 0 1 0 0 1 0 0 0 1 1 1 1 1 0 0 1 1 0 1 1 1 1 1 1 0 1 
0 0 0 0 0 0 1 0 0 0 1 0 1 0 1 0 1 0 1 1 1 0 1 1 1 0 0 0 1 0 1 1 1 1 0 1 1 1 1 1 0 0 1 1 0 0 1 1 1 0 0 
0 0 1 1 0 1 0 0 0 0 0 0 1 1 0 0 1 1 0 0 1 0 0 0 1 0 0 0 1 0 1 0 1 0 1 1 0 1 1 0 0 1 0 1 1 0 0 0 0 0 0 
1 0 0 0 1 1 0 0 0 0 1 0 1 1 0 0 1 1 0 0 1 1 0 1 0 1 1 0 1 1 1 0 1 1 0 1 0 0 1 1 1 0 1 0 1 1 1 1 1 1 1 
0 0 1 1 1 0 0 1 1 1 0 0 1 0 0 0 0 1 1 1 0 1 1 0 0 0 1 1 1 0 0 0 1 0 1 0 0 0 1 0 1 0 0 0 0 0 0 0 1 1 0 
1 0 1 0 1 1 1 0 1 0 1 1 1 1 0 1 1 0 0 1 0 0 1 0 0 0 1 1 1 0 1 1 1 0 1 0 1 0 0 0 0 1 1 1 0 0 0 0 0 1 1 
0 1 1 1 0 1 0 1 0 0 0 1 1 0 0 1 1 1 0 0 1 1 1 1 0 1 1 0 0 0 1 0 0 0 1 0 1 1 1 0 0 1 1 1 1 0 1 0 1 1 0 
0 0 0 1 0 1 1 0 1 1 0 0 1 0 1 1 0 1 0 0 1 1 1 0 0 1 1 1 0 0 1 1 1 1 0 1 1 1 0 0 1 0 0 0 0 0 0 0 1 0 0 
0 0 0 0 0 1 0 1 0 0 1 1 1 0 1 1 1 1 1 0 0 1 0 0 1 0 0 0 1 1 0 1 1 0 0 1 0 0 1 0 0 0 1 0 0 0 1 0 1 0 0 
1 1 0 0 0 1 0 0 0 1 1 0 0 1 0 0 1 0 1 1 0 1 0 0 1 1 1 1 0 1 1 0 0 0 0 1 1 0 1 1 0 0 1 0 0 1 0 1 1 1 1 
0 0 1 0 0 0 0 1 1 1 1 1 0 1 1 1 0 1 0 1 1 1 1 0 1 0 0 0 0 0 1 0 0 1 0 0 1 0 0 0 0 1 1 0 0 0 1 0 0 1 1 
1 0 0 1 1 1 0 0 1 0 1 1 0 0 1 1 0 0 1 0 0 0 0 0 0 0 1 0 0 0 1 0 1 0 1 0 1 1 0 0 1 0 1 0 0 0 1 0 0 0 1 
0 0 1 0 0 1 1 0 0 0 1 0 1 1 1 1 0 1 0 0 0 0 1 0 0 0 1 1 0 1 0 1 1 1 1 1 0 1 1 0 1 1 0 0 0 0 1 1 1 1 1 
1 1 1 0 0 1 1 1 1 1 1 0 0 0 0 0 0 1 1 1 0 0 1 0 1 1 1 0 0 1 1 0 0 0 0 0 1 1 1 1 0 0 1 1 0 1 1 1 0 0 0 
0 1 1 0 0 1 0 0 1 1 1 1 1 0 1 0 1 1 1 0 1 0 0 0 0 1 1 1 0 0 1 0 1 1 1 1 0 1 1 1 0 0 1 1 0 0 1 0 1 1 0 
1 1 0 1 1 0 1 1 0 1 0 0 0 1 1 1 1 0 0 1 0 0 0 0 1 0 1 1 0 0 1 1 1 0 0 1 0 1 0 0 0 0 0 0 0 0 1 1 0 1 0 
1 0 0 1 1 1 0 0 1 1 1 0 0 1 0 1 1 0 1 1 0 0 0 1 0 0 0 1 0 0 0 1 0 0 0 1 1 1 1 0 0 0 0 0 0 1 0 1 1 1 1 
1 1 1 0 1 1 1 1 1 1 1 1 1 1 1 0 1 0 1 1 0 1 0 1 1 1 1 1 0 0 0 1 0 1 0 1 0 1 0 1 0 1 0 1 1 0 1 0 0 0 1 
1 1 1 0 1 0 1 0 0 1 0 0 1 1 0 1 1 1 1 0 1 1 1 0 0 1 1 0 1 1 1 0 0 1 0 1 1 1 1 0 1 1 0 0 0 0 1 1 1 1 0 
0 0 1 0 0 0 1 0 1 0 1 0 0 0 0 0 0 0 1 0 1 1 0 1 1 0 1 1 1 0 1 1 0 0 1 0 0 0 0 1 0 1 1 0 0 0 0 0 0 0 0 
1 1 0 0 0 0 1 1 1 1 0 0 1 0 1 1 0 1 1 0 1 1 1 1 1 1 0 1 1 0 1 0 1 1 1 1 1 0 1 0 0 1 0 1 0 1 1 0 0 0 0 
1 1 0 0 0 1 0 1 1 0 0 1 1 1 0 1 0 1 0 0 1 1 0 0 1 1 1 0 1 0 0 0 1 0 1 0 0 1 1 1 0 0 0 1 1 1 0 0 0 0 0 
1 0 1 1 1 0 1 1 0 1 0 0 0 0 1 0 0 1 0 1 1 0 0 0 1 1 1 1 1 1 0 0 1 1 1 1 1 0 0 1 1 0 0 0 1 1 0 1 0 0 1 
1 0 1 0 0 0 1 1 1 0 1 1 0 0 0 1 0 1 1 1 0 0 1 0 1 1 1 0 1 1 1 1 0 0 1 0 0 0 1 1 0 1 0 0 1 1 1 1 0 1 1 
0 1 0 1 0 1 0 0 1 1 0 0 1 0 1 1 1 1 1 0 1 0 1 0 1 0 1 1 0 0 0 0 1 0 1 1 0 1 0 1 1 0 1 0 0 0 0 1 1 1 0 
0 1 1 0 0 1 0 1 1 0 1 1 0 0 1 1 0 0 1 1 1 1 0 0 0 0 0 1 1 1 1 1 0 0 0 0 1 0 0 0 0 1 0 0 1 1 0 1 1 1 0 
1 1 0 1 1 0 1 0 1 0 0 1 0 0 1 0 0 1 0 0 1 0 0 0 1 1 0 1 1 1 1 0 0 0 1 1 0 0 0 0 0 0 1 0 0 0 0 0 1 1 1 
0 1 1 0 0 1 0 1 0 0 1 0 0 1 1 0 1 1 0 1 1 0 0 1 0 0 1 1 1 0 0 0 1 1 0 0 0 1 1 0 1 0 0 1 1 1 1 1 0 1 0 
1 1 1 0 0 1 0 1 1 0 1 1 0 0 1 0 1 0 1 1 1 0 0 1 1 1 0 0 0 0 1 1 1 0 0 1 1 0 0 0 0 1 1 0 0 1 0 1 1 0 0 
1 0 0 0 1 0 0 0 0 0 1 1 0 1 1 1 0 1 0 1 0 1 0 0 1 1 1 0 1 1 1 0 1 1 0 0 1 0 0 1 1 1 1 1 0 0 0 1 0 0 0 
0 0 0 0 1 0 1 0 1 0 1 1 1 0 1 0 0 1 0 1 0 0 0 1 0 1 0 1 1 0 1 1 0 0 1 0 0 1 0 1 1 1 0 1 1 1 1 1 0 1 1 
1 1 1 0 0 0 0 1 1 1 1 0 1 1 0 1 1 1 1 0 0 0 0 1 0 1 0 1 1 0 0 0 1 0 1 1 0 1 1 0 0 0 0 0 1 0 1 0 1 1 0 
0 1 0 1 1 1 0 1 0 0 1 1 1 1 0 1 0 1 0 0 0 0 0 0 1 1 1 1 0 0 1 0 0 1 0 1 0 0 0 0 0 0 1 1 1 1 0 1 1 0 1 
1 0 0 1 1 1 0 0 1 1 1 0 1 0 0 0 0 0 1 1 0 1 0 1 0 0 0 0 1 0 1 0 1 1 1 0 0 1 1 0 0 0 0 1 1 0 0 1 0 1 0 
0 0 1 1 0 1 1 0 0 0 0 0 1 1 1 1 0 0 0 0 1 1 0 0 0 0 0 1 0 1 0 0 1 1 1 0 0 1 0 0 1 0 0 0 0 1 1 0 1 0 0 
0 1 0 1 1 0 1 0 0 1 0 0 0 1 1 0 1 0 1 1 1 1 1 1 1 0 1 1 0 1 1 0 0 1 1 1 1 1 1 1 0 0 1 0 1 1 1 1 1 0 0 
1 1 0 0 1 0 1 0 0 0 0 1 0 1 0 1 1 1 1 0 1 1 0 0 0 1 1 1 0 1 0 1 0 0 0 1 0 1 0 1 0 0 0 0 1 0 0 0 0 1 1 
1 0 1 1 0 0 0 0 0 1 0 0 0 0 0 1 0 1 1 1 1 1 1 0 1 0 0 1 0 1 0 1 1 1 1 1 1 1 1 0 1 1 0 1 1 0 0 0 1 0 1 
1 1 1 1 0 1 1 0 1 0 0 0 1 0 1 0 1 1 0 1 0 1 1 1 1 1 1 1 1 1 0 0 1 1 1 1 0 0 1 1 0 0 0 1 0 1 1 1 0 1 1 
0 1 0 1 0 0 1 1 1 0 1 1 1 1 0 1 1 0 0 1 0 0 1 1 0 0 0 0 1 0 1 1 1 1 1 1 1 0 0 0 0 1 1 0 0 1 1 0 1 1 1 
1 0 0 0 0 0 1 0 1 1 1 1 0 1 0 1 0 0 1 1 0 0 0 0 1 0 1 1 1 1 0 1 1 0 1 1 0 0 0 0 1 1 1 1 0 1 0 1 1 1 0 
