56 49 2014
83 69 5 36 26 21 22 55 91 39 21 64 2 98 44 95 100 83 73 22 55 43 35 26 34 85 75 45 31 24 95 65 93 51 52 70 72 73 24 14 11 96 78 12 93 73 6 93 55 
79 66 61 73 100 86 58 84 13 3 66 36 49 30 28 99 33 49 70 5 73 36 16 68 13 79 13 37 85 57 43 15 22 3 87 21 40 96 57 4 98 22 40 98 4 19 97 36 68 
18 93 92 53 60 11 17 38 23 53 74 79 95 88 52 49 26 73 89 22 81 92 71 2 83 69 57 2 65 45 69 34 37 60 39 96 22 55 33 45 8 59 75 54 46 27 3 24 51 
43 45 31 34 15 84 69 35 41 70 51 85 90 85 73 1 23 68 22 29 52 66 36 10 93 90 8 19 92 31 21 34 75 51 19 41 34 87 28 26 8 78 10 97 14 34 97 88 1 
71 17 53 36 52 14 80 93 21 50 36 51 70 21 77 20 92 70 54 30 97 31 38 74 41 86 40 26 35 27 27 5 43 31 92 47 44 72 39 17 21 75 67 91 47 96 10 38 65 
15 68 61 46 57 86 38 42 25 63 76 52 41 32 46 23 24 92 67 95 31 35 15 57 1 57 3 48 19 93 12 85 12 24 30 68 10 19 61 86 34 89 89 74 20 35 97 43 78 
15 89 8 49 56 16 1 12 71 49 30 15 12 15 26 36 96 45 97 67 5 82 100 45 23 25 65 9 73 59 86 87 48 46 87 3 61 40 66 83 40 96 97 51 62 74 86 9 18 
34 75 23 16 74 19 38 51 83 46 23 94 83 62 41 28 48 95 89 39 60 23 78 7 72 81 20 45 18 29 63 52 3 37 19 29 55 8 79 90 5 1 83 87 62 23 15 62 69 
55 52 80 77 82 39 48 62 58 93 31 86 7 82 41 43 52 69 97 59 99 86 63 99 20 50 13 94 16 26 62 70 77 42 98 10 32 98 71 89 42 54 75 48 35 67 42 87 35 
38 97 33 76 60 83 95 61 47 89 76 24 2 97 53 95 94 62 26 91 85 15 84 38 41 31 24 7 72 62 93 62 59 77 89 70 11 35 30 10 75 57 85 77 53 37 23 98 51 
49 41 35 15 24 72 7 7 47 65 78 9 57 91 67 85 79 36 95 66 17 56 40 73 41 68 77 29 91 74 79 39 66 13 5 90 36 11 96 83 75 25 91 83 68 9 67 98 96 
13 63 12 69 3 36 61 70 64 89 12 89 68 50 55 32 6 44 20 16 91 2 90 67 44 72 34 52 90 32 47 3 46 10 23 100 97 83 22 60 23 33 48 42 83 2 74 88 97 
93 56 39 46 97 6 89 69 91 92 10 22 90 12 20 99 86 19 47 20 40 6 43 73 5 36 7 59 9 46 7 53 1 46 50 98 3 90 18 93 33 27 67 22 91 86 72 76 4 
18 96 44 75 90 68 80 25 74 90 86 19 96 90 72 41 40 69 43 81 86 36 14 64 54 35 54 39 59 30 42 76 77 37 3 66 56 82 90 29 23 27 100 18 17 71 11 8 91 
53 88 28 40 53 91 93 88 97 31 46 26 25 73 2 13 75 19 21 8 60 49 30 87 100 100 55 22 10 14 12 62 53 39 54 6 82 98 45 78 81 42 55 57 14 8 69 41 26 
89 100 37 90 30 75 41 29 29 63 90 94 74 51 47 65 56 52 46 54 96 75 34 37 29 90 2 36 10 94 61 51 94 49 92 23 24 32 3 4 94 92 98 68 94 44 84 2 47 
29 55 42 3 40 30 83 81 83 18 42 77 30 92 70 78 83 44 1 67 98 5 60 89 54 79 34 97 62 35 43 42 41 36 96 32 17 78 64 99 95 6 75 24 97 96 54 32 39 
6 98 36 62 57 76 15 88 62 63 49 48 5 43 89 92 38 72 8 16 36 59 62 41 33 38 89 81 91 72 71 48 69 7 10 78 34 24 65 95 87 65 43 43 7 83 87 45 6 
94 12 93 52 25 33 37 62 74 69 4 45 39 52 66 45 61 43 31 36 59 77 74 23 71 69 82 53 55 78 11 48 41 3 52 65 88 40 27 61 8 82 57 46 33 22 43 45 16 
73 33 26 49 6 1 20 74 82 24 28 11 86 28 51 89 79 15 76 18 93 88 77 75 96 22 59 70 64 4 85 88 36 11 89 41 63 60 67 44 83 94 54 69 73 56 9 51 70 
84 20 63 23 96 37 18 70 47 87 33 50 24 73 37 86 61 30 48 20 96 43 54 41 48 22 14 3 30 16 72 65 36 86 39 83 74 9 4 21 95 37 22 70 61 59 55 21 88 
54 40 83 96 93 75 95 67 88 97 48 4 21 65 91 6 3 25 80 11 29 52 58 17 73 79 77 31 86 49 18 39 88 52 87 32 79 81 50 66 78 98 21 98 14 63 55 16 88 
86 79 68 37 88 36 10 66 12 40 51 60 10 42 99 13 28 82 43 8 32 61 37 81 81 86 94 96 41 61 35 26 39 2 63 78 37 24 44 100 15 46 11 76 87 61 41 14 42 
83 74 25 43 10 57 24 96 50 19 88 11 53 13 1 6 27 79 94 50 74 93 65 19 55 92 58 15 32 71 8 15 44 85 57 6 41 32 53 91 2 40 53 6 52 5 11 31 83 
56 80 8 48 96 27 54 88 84 20 19 6 80 85 2 64 42 7 56 73 59 98 75 50 2 32 1 7 43 31 89 98 63 49 98 10 27 3 49 10 23 68 67 54 4 20 69 45 26 
24 70 36 22 96 37 23 27 38 81 69 20 22 19 34 70 68 96 96 70 44 57 44 63 23 97 67 43 65 11 20 89 80 8 62 27 44 36 54 33 17 74 5 38 92 90 7 11 85 
54 81 29 10 76 91 32 73 9 26 89 20 98 29 51 5 90 78 100 78 83 85 46 56 41 35 100 30 93 10 15 46 42 95 55 18 37 38 90 46 16 78 17 13 7 19 69 48 48 
20 77 30 4 74 86 44 8 85 74 100 46 40 97 88 86 3 5 22 41 46 19 8 23 87 20 81 58 88 81 5 7 9 87 63 83 24 6 90 60 31 42 5 22 90 92 7 93 48 
81 85 93 51 92 68 90 11 48 47 50 80 51 8 89 89 22 71 12 80 12 71 62 5 28 84 95 19 42 87 19 74 23 11 77 14 78 66 76 78 12 77 57 62 84 97 3 58 19 
14 37 31 37 98 35 64 33 81 34 75 19 52 100 41 63 76 54 92 41 29 69 52 57 26 66 41 74 68 50 93 33 86 23 69 83 9 32 68 42 18 94 60 69 93 1 83 69 6 
75 61 87 95 65 43 72 30 35 46 49 84 38 81 21 12 2 56 20 33 23 61 2 16 73 23 8 25 57 28 30 83 41 68 78 5 11 49 34 97 94 34 81 83 14 1 94 15 56 
14 100 30 26 53 45 50 75 5 74 32 84 4 14 24 71 43 28 33 92 13 30 37 46 10 20 12 62 13 78 70 78 29 51 4 82 96 5 8 52 79 91 35 82 5 59 4 99 38 
37 90 51 18 27 48 79 98 59 40 10 37 61 88 17 12 43 98 59 47 58 10 77 48 96 58 52 54 14 3 92 2 92 94 19 70 41 97 67 52 88 29 88 49 68 56 12 62 54 
70 60 63 31 37 10 26 46 14 32 11 16 75 12 7 68 30 29 60 26 47 11 14 27 50 14 94 6 77 7 11 46 19 73 28 55 82 53 52 95 84 63 10 58 26 69 77 56 49 
37 33 95 99 98 22 49 11 67 54 87 26 64 84 44 36 11 50 69 16 1 16 51 15 25 61 41 45 37 96 93 25 80 88 24 78 61 72 40 79 77 79 4 92 62 47 79 25 96 
47 92 49 62 42 63 39 2 3 83 91 50 28 15 30 67 90 59 79 13 98 57 89 28 61 80 90 7 58 66 55 57 57 3 70 50 65 8 52 20 43 42 21 70 8 2 88 50 12 
66 62 10 22 3 37 82 34 78 41 44 95 95 100 3 49 69 53 65 29 4 84 71 97 57 92 56 10 79 5 22 96 19 31 17 21 19 51 6 49 91 49 95 37 100 98 37 21 50 
1 49 5 37 71 1 93 14 8 2 44 13 23 39 31 5 55 3 76 57 8 76 99 57 70 35 8 67 23 28 68 24 28 72 60 50 24 4 15 32 57 58 96 32 96 26 88 3 28 
63 11 87 90 10 95 60 96 3 78 19 82 46 42 10 69 53 11 45 56 26 28 64 83 23 95 31 100 83 85 27 97 95 65 87 56 60 98 52 62 75 70 43 72 63 4 93 15 15 
37 22 40 64 85 74 86 80 56 85 14 92 63 10 87 27 48 42 38 45 45 99 72 14 94 43 28 97 35 42 63 71 63 2 86 100 28 23 79 35 59 44 27 73 5 65 52 5 58 
89 49 3 88 20 68 81 15 96 29 49 37 92 72 52 45 57 51 24 80 81 59 38 76 85 63 80 49 14 84 58 2 85 60 41 4 28 21 18 75 2 19 63 93 90 14 89 98 16 
13 77 96 23 67 71 7 29 3 7 42 38 64 95 22 76 36 78 55 8 47 29 9 65 91 53 6 57 94 4 24 6 32 20 28 98 42 86 78 96 44 71 34 7 18 55 34 53 84 
88 60 31 68 69 95 11 73 1 67 66 4 90 23 35 61 50 85 55 87 14 2 30 37 35 89 54 42 22 6 25 62 17 55 29 37 2 39 10 54 57 27 9 99 50 95 11 51 79 
65 90 45 19 19 33 53 59 38 46 81 95 71 94 11 77 22 48 78 13 9 31 21 35 91 19 36 86 30 39 16 46 28 60 64 98 44 69 57 81 14 89 75 36 82 86 13 55 85 
42 67 93 25 88 79 15 58 67 100 87 5 16 85 32 27 100 81 71 68 37 51 82 25 78 69 58 63 81 13 99 75 31 43 99 18 73 13 76 39 65 14 95 80 50 78 6 50 59 
28 17 95 79 50 72 56 19 29 70 51 41 68 25 72 10 23 41 82 88 68 73 52 34 67 83 83 45 88 32 3 16 1 49 46 2 20 53 20 49 74 23 41 41 47 64 2 22 5 
35 9 24 59 12 57 26 94 92 22 81 75 76 48 75 24 45 77 44 49 48 44 22 70 36 14 17 100 67 90 56 54 98 31 12 9 88 89 2 31 10 34 5 85 34 32 61 30 8 
56 79 7 99 52 77 86 66 45 85 32 34 92 37 83 23 49 91 62 89 44 92 51 29 96 35 14 79 47 44 86 2 74 93 52 25 21 38 42 65 74 26 50 66 62 32 88 62 74 
49 51 69 40 1 97 87 87 63 66 34 58 3 87 83 47 39 7 67 76 1 83 49 26 32 66 87 63 53 49 88 1 51 56 92 51 5 31 37 67 96 22 76 50 9 58 97 47 64 
63 74 16 98 74 41 29 40 28 44 92 28 83 45 78 39 36 80 43 18 16 61 13 90 36 63 98 93 11 44 8 25 69 24 22 42 16 3 33 95 98 77 22 80 21 51 18 8 30 
12 26 98 24 90 87 11 4 36 55 66 31 63 91 99 38 64 92 53 66 77 100 63 53 73 43 25 24 12 84 5 76 9 54 51 51 92 62 6 27 16 72 57 30 62 7 19 25 99 
24 43 75 23 5 79 95 99 3 18 63 86 75 90 47 28 40 49 72 1 54 98 69 25 7 98 38 13 17 63 63 40 5 37 14 61 15 8 12 69 78 74 55 52 63 53 31 54 1 
2 7 54 52 75 79 58 24 68 70 40 30 85 31 86 21 44 99 88 52 10 56 29 83 62 32 97 14 62 2 14 16 8 20 67 82 50 76 6 17 97 97 99 81 80 84 54 23 82 
93 26 91 100 6 25 62 37 73 27 51 27 93 18 34 64 36 68 13 63 25 29 59 21 27 92 52 63 45 27 44 37 52 87 36 10 63 49 98 88 28 100 14 20 17 47 83 4 66 
47 66 90 75 25 63 54 16 14 68 12 40 63 100 44 49 87 53 64 36 50 51 15 50 64 34 18 62 68 22 28 66 39 17 92 63 79 45 30 45 12 93 84 75 92 27 75 79 31 
38 66 81 40 80 82 3 65 51 17 84 24 44 49 63 12 40 77 43 37 59 87 100 51 22 26 95 1 1 25 31 90 42 63 30 73 96 84 37 47 52 72 22 47 20 84 59 11 61 
0 0 0 0 0 0 1 1 0 1 1 0 0 1 1 0 0 1 0 1 1 0 1 0 1 1 1 1 1 0 1 1 0 1 1 0 1 1 0 0 0 1 0 0 0 0 1 0 1 
1 0 1 1 1 1 0 0 1 1 0 1 0 1 1 1 1 0 1 0 0 1 0 1 1 1 0 1 0 0 1 1 0 0 0 1 1 0 0 0 0 0 1 0 1 1 0 0 1 
1 0 1 0 1 0 1 0 0 1 0 1 0 1 1 0 1 1 1 1 1 0 1 1 1 0 0 0 0 1 1 1 1 0 1 0 1 0 0 1 1 0 0 1 1 0 1 0 1 
1 0 0 1 1 1 0 1 1 1 1 0 0 0 0 1 1 0 0 0 1 1 1 1 0 1 1 0 0 1 1 1 1 1 0 1 0 1 0 1 0 0 0 0 0 0 1 0 0 
1 0 1 1 1 1 1 0 0 1 1 1 0 0 1 1 1 0 1 0 0 0 0 0 0 0 1 0 0 1 1 1 1 0 0 0 1 1 1 1 0 0 1 0 0 0 1 1 0 
0 1 0 1 1 1 1 0 0 0 0 1 1 1 0 1 0 0 1 1 1 0 0 1 1 0 0 1 0 1 1 0 1 0 1 0 1 1 0 1 1 0 0 0 0 0 1 0 0 
0 1 0 1 1 1 0 0 1 0 0 1 1 0 0 1 0 0 0 1 1 1 0 1 1 0 1 1 1 1 0 0 1 0 1 0 1 1 0 1 1 0 0 1 1 0 0 1 0 
1 0 1 0 0 1 0 0 0 1 1 0 1 1 1 1 0 1 1 0 0 0 1 0 0 0 1 0 1 0 0 0 0 0 0 0 1 0 0 1 0 0 1 1 1 0 1 0 0 
0 0 0 0 1 0 0 0 0 0 1 0 0 1 1 0 1 1 1 0 0 1 0 0 0 1 1 1 0 1 1 0 1 1 0 1 1 0 1 1 0 0 0 1 1 1 1 0 0 
1 0 0 0 0 0 0 0 0 1 0 1 0 1 1 1 1 0 1 0 1 0 0 1 0 1 0 1 1 0 0 0 1 0 0 1 1 0 1 1 0 0 0 0 1 1 0 0 1 
1 0 0 1 1 1 0 0 1 1 1 0 1 1 1 0 1 0 1 0 0 0 0 0 0 0 1 0 0 1 1 1 0 0 1 1 1 1 1 1 0 1 1 0 0 0 0 0 0 
1 0 0 1 0 0 1 0 1 1 1 1 1 0 1 1 1 0 0 0 1 1 1 0 0 1 1 0 1 1 1 0 1 1 1 1 0 0 1 1 0 0 0 1 1 1 0 0 1 
0 1 1 0 0 1 0 1 0 1 0 1 0 0 0 1 1 1 1 1 1 1 1 1 1 0 0 1 0 1 0 1 0 1 1 0 1 1 1 1 0 1 1 0 1 1 0 0 1 
1 1 0 0 1 1 0 1 0 1 0 1 1 1 1 1 0 1 0 1 0 1 0 1 0 0 0 0 0 0 1 0 1 1 0 0 0 0 0 0 1 0 1 1 1 0 0 1 1 
0 0 1 1 0 0 0 1 0 0 1 0 1 1 0 0 0 0 0 0 0 1 0 0 0 1 1 1 1 0 0 1 1 0 0 1 0 0 0 1 0 0 1 1 1 1 1 1 0 
0 0 0 1 0 1 1 1 0 0 0 1 1 1 0 1 1 1 1 0 0 0 0 0 0 0 1 1 1 1 1 1 1 0 0 1 1 0 0 1 0 0 0 1 1 0 0 0 0 
0 0 0 0 1 0 0 1 1 0 0 0 1 0 1 1 0 0 0 0 0 0 1 0 0 0 1 1 1 0 1 1 0 1 1 1 1 0 0 0 0 1 1 1 1 0 1 1 1 
1 0 1 1 1 0 0 1 1 1 0 1 0 1 0 1 1 1 0 1 0 0 1 1 1 0 0 0 1 1 1 1 1 0 0 0 0 0 0 0 1 0 1 1 0 1 0 1 1 
0 0 1 1 1 0 0 1 0 0 1 1 1 0 1 0 0 1 0 1 1 0 0 0 0 0 0 1 0 1 0 1 1 1 0 0 1 0 1 1 1 0 1 0 0 0 0 1 1 
1 0 1 1 0 1 1 0 1 1 1 0 1 0 1 1 0 1 0 0 0 0 1 1 1 0 1 1 0 0 0 1 0 1 1 1 0 0 1 1 1 0 1 1 0 0 0 0 1 
0 1 0 0 0 1 1 0 0 0 1 1 1 0 1 0 1 0 1 0 0 0 1 0 0 0 1 0 0 1 0 1 0 0 1 1 1 1 1 1 1 0 0 0 1 0 1 0 0 
0 0 0 0 0 1 0 0 0 1 1 1 1 0 0 1 1 1 0 0 0 1 0 1 0 0 0 0 1 0 0 1 1 1 0 1 0 0 1 0 1 0 1 0 0 1 1 0 0 
1 0 1 1 0 0 1 1 0 1 0 0 1 0 1 0 0 0 0 0 0 0 0 0 0 0 1 1 0 1 0 1 1 1 0 0 1 1 1 1 0 1 1 0 1 1 0 1 1 
1 0 1 1 0 0 1 0 1 1 0 0 1 0 1 0 0 1 1 0 0 0 0 0 1 0 1 0 1 1 0 0 1 1 1 1 1 1 1 0 0 0 0 1 0 0 1 0 1 
0 0 0 0 1 0 1 1 1 0 0 0 0 0 1 1 0 0 1 1 0 1 1 0 0 0 0 0 1 0 1 1 1 1 1 0 1 0 1 1 0 0 1 0 0 1 0 0 1 
1 1 1 0 0 1 0 0 1 0 1 0 0 0 1 1 1 1 1 0 0 0 0 0 1 1 1 0 1 1 0 0 1 1 0 1 1 1 0 0 1 1 0 1 0 1 1 1 0 
0 1 1 0 0 1 1 1 0 0 0 0 0 0 1 1 0 0 0 1 0 1 1 0 1 0 0 1 1 1 1 1 1 0 1 1 0 1 0 0 1 0 0 1 0 1 0 0 0 
1 0 0 0 1 0 1 1 0 0 1 0 0 0 1 0 0 0 0 1 0 1 0 0 1 1 0 1 1 0 1 0 0 1 0 1 0 0 1 0 0 0 0 0 0 1 1 0 1 
1 1 1 0 1 1 0 0 1 1 0 0 0 0 0 1 1 0 1 1 1 0 1 1 0 0 1 0 1 0 1 0 1 1 1 1 0 1 1 0 0 1 0 0 0 0 1 1 0 
1 0 1 1 1 0 1 1 0 1 0 0 1 1 1 0 0 0 0 1 0 0 1 1 0 1 1 1 0 0 1 1 0 1 0 0 1 0 1 1 1 0 1 0 1 1 0 1 1 
1 0 1 1 1 1 0 0 0 1 0 1 0 0 1 1 0 1 1 0 1 0 0 1 0 0 0 1 1 1 0 0 1 0 1 0 1 1 0 1 0 0 0 1 0 0 0 1 1 
1 1 0 0 1 1 0 0 1 1 1 0 1 1 1 1 0 1 0 0 1 0 0 0 0 1 0 0 0 1 0 1 1 0 1 0 0 1 0 1 0 1 0 0 0 1 1 1 1 
0 1 0 0 1 0 0 1 1 1 1 0 1 0 1 1 0 0 1 1 0 1 0 0 1 0 0 0 1 1 1 1 0 0 1 0 0 0 1 1 1 0 0 0 0 1 1 0 1 
1 0 0 0 0 0 1 0 0 1 1 0 1 1 0 1 0 0 1 0 1 1 1 1 1 1 0 0 1 0 0 0 0 0 0 0 0 1 0 0 0 0 0 1 1 1 0 1 1 
0 0 1 1 1 0 0 1 0 0 0 1 0 0 1 0 0 0 0 1 0 1 1 0 1 1 1 0 1 1 0 1 1 1 0 0 1 0 1 0 1 1 1 1 1 0 0 1 0 
0 0 1 1 0 1 1 1 1 1 0 0 1 0 1 0 0 1 0 1 1 0 0 0 1 1 0 1 1 1 0 0 0 1 1 0 0 0 1 1 0 1 1 1 1 0 0 0 0 
0 1 1 0 1 1 1 0 1 0 0 1 0 0 1 1 1 1 0 0 0 1 0 1 1 1 1 1 1 1 1 1 0 0 1 1 0 0 1 1 1 1 0 1 1 1 1 1 0 
1 1 0 0 1 0 1 0 1 1 0 0 0 1 0 1 1 1 1 1 0 0 0 0 1 0 1 0 1 0 1 0 1 1 0 0 1 0 1 0 1 1 0 1 0 0 0 1 1 
1 1 0 0 1 0 1 1 1 1 0 0 0 0 1 0 1 0 1 1 1 0 0 0 0 1 0 1 0 0 0 1 1 0 1 0 0 0 0 0 0 0 0 0 1 1 0 0 1 
0 1 0 0 1 0 0 0 1 1 0 1 0 0 0 0 1 0 1 0 0 1 0 1 1 0 0 0 1 0 0 1 1 0 1 0 1 1 0 0 1 1 1 1 1 1 1 0 1 
0 0 0 1 0 1 0 1 1 1 0 1 1 1 0 1 0 0 0 1 0 0 0 1 1 1 0 0 1 1 0 1 1 0 1 0 1 1 1 0 0 1 1 1 0 1 1 0 1 
1 1 1 0 0 1 1 1 1 0 0 0 0 0 0 0 1 0 1 0 1 1 1 0 0 0 0 1 1 0 0 1 1 1 1 1 0 0 1 0 0 1 0 0 1 0 0 0 0 
1 1 1 0 0 1 0 0 1 1 0 1 1 1 1 1 0 0 1 0 1 1 1 1 0 1 0 0 0 1 1 1 0 0 0 0 0 0 0 1 0 0 1 1 1 0 0 1 0 
0 0 0 1 1 1 1 0 1 0 0 0 1 0 0 1 0 0 1 0 1 1 0 1 0 0 1 0 0 0 0 0 0 0 0 1 1 1 0 1 1 0 1 0 0 0 0 0 0 
1 1 1 0 1 1 0 1 0 0 0 0 1 0 1 1 0 0 1 0 0 0 1 1 1 0 1 1 0 0 0 1 1 1 0 0 0 0 0 0 1 0 1 0 0 0 1 1 0 
0 1 1 0 0 0 0 0 1 1 0 1 1 0 0 1 0 1 1 0 1 0 1 1 1 1 1 1 1 0 1 1 1 0 0 0 0 0 0 0 1 1 1 1 1 0 0 1 1 
1 1 0 1 1 1 0 0 0 1 1 1 1 1 0 1 1 0 0 1 1 0 0 0 1 1 1 1 1 0 0 1 1 0 0 0 1 1 1 0 0 0 1 1 1 1 1 0 0 
1 1 1 1 0 1 0 1 0 0 1 0 0 0 1 1 0 0 0 1 1 0 0 1 1 1 1 1 0 1 1 1 1 0 0 1 1 1 0 1 1 1 1 1 1 0 0 0 0 
1 1 1 1 1 1 1 1 0 0 1 1 1 1 0 1 1 1 0 0 0 1 1 1 0 1 1 0 1 1 1 0 0 0 0 0 1 1 1 1 1 0 1 0 1 1 1 1 1 
1 1 1 0 1 0 0 0 1 0 1 0 1 0 1 0 0 1 1 1 0 1 0 0 0 0 0 1 1 1 0 0 0 1 0 1 0 0 1 1 0 1 0 0 1 1 0 1 0 
1 0 0 0 0 0 0 0 0 0 1 1 0 1 0 0 1 1 0 1 1 1 1 0 1 1 1 0 1 0 0 1 0 0 1 0 1 0 0 1 0 1 1 0 0 1 0 1 0 
0 0 1 0 1 1 1 1 0 0 0 0 0 1 0 1 1 0 0 1 0 1 1 1 0 1 1 1 0 0 0 0 0 1 0 0 1 0 1 1 0 1 0 0 1 0 1 0 1 
1 1 1 1 0 1 1 1 0 1 1 1 1 0 1 0 0 1 1 0 0 1 0 0 1 1 1 1 0 1 0 0 0 0 1 0 1 0 1 1 1 1 0 0 1 0 1 1 1 
0 0 0 1 0 0 0 1 1 0 0 0 0 0 0 0 1 0 1 1 1 1 1 0 1 1 1 1 0 1 1 1 1 1 0 1 1 1 1 0 1 1 0 1 1 0 0 0 0 
1 1 1 0 0 0 0 0 1 1 0 0 0 1 1 1 0 1 0 1 0 0 0 1 0 1 0 0 1 0 0 1 1 0 1 0 0 1 0 1 1 0 0 1 0 1 1 0 0 
1 1 0 0 1 1 0 0 1 1 0 1 1 1 1 1 0 1 1 0 1 1 1 1 1 0 1 0 1 1 1 1 0 1 1 1 1 1 0 0 0 0 0 0 1 1 1 1 0 
