59 42 1232
75 43 38 38 21 39 80 31 53 31 8 89 93 73 98 7 22 99 29 19 25 1 23 87 42 18 6 37 91 7 28 66 1 66 55 22 4 34 4 8 17 11 
96 61 35 46 68 56 96 48 75 20 49 49 6 90 67 63 26 9 21 54 74 22 19 29 95 74 14 98 81 30 61 28 91 95 73 58 51 68 57 77 39 5 
25 44 47 43 59 72 52 79 77 77 100 47 57 46 72 71 44 4 100 56 32 42 50 56 51 52 76 8 28 14 64 53 10 10 47 68 34 98 98 10 75 50 
9 31 95 32 1 90 36 53 45 19 46 95 74 97 46 1 56 74 15 19 78 24 29 24 43 62 74 40 23 100 89 83 30 84 15 83 73 50 87 70 20 32 
64 93 80 61 46 35 34 60 54 63 35 82 39 29 95 12 68 69 11 9 52 92 44 66 26 68 67 12 37 86 96 52 30 75 13 75 10 98 86 15 61 72 
48 99 100 42 62 20 10 24 80 13 15 23 78 93 42 96 56 79 33 51 30 63 78 42 89 39 40 27 53 52 98 100 2 50 93 15 69 54 38 48 67 4 
22 96 96 63 44 52 93 76 54 23 38 31 16 79 21 7 5 73 10 54 24 11 3 68 25 23 22 14 22 40 70 43 87 17 58 30 20 50 6 74 24 95 
56 92 73 77 98 29 1 60 83 77 70 37 44 47 60 17 12 33 56 81 28 43 98 85 72 17 86 29 42 62 24 50 53 48 26 2 77 78 61 11 54 83 
47 98 81 58 14 44 43 22 25 70 16 74 6 87 42 91 16 84 4 91 85 8 38 10 10 14 39 22 76 93 56 75 42 88 84 7 32 26 28 8 95 43 
81 100 82 74 43 49 57 46 91 93 54 28 2 15 94 41 88 69 85 96 95 26 83 79 32 14 4 12 21 99 6 53 50 87 27 92 87 35 38 77 28 43 
57 81 57 50 73 96 70 57 91 65 82 74 43 66 39 98 77 12 96 82 64 46 21 42 89 59 77 78 88 56 20 44 36 28 45 9 24 14 17 66 30 99 
91 72 64 30 70 92 93 17 73 8 14 93 50 3 52 78 80 91 33 52 34 68 79 78 28 54 43 45 20 73 95 10 44 10 91 65 1 83 34 73 91 47 
18 40 49 21 17 81 11 1 32 96 68 62 73 48 16 67 92 87 39 86 48 35 95 39 99 47 73 32 71 63 31 88 54 31 60 22 11 22 22 94 17 42 
8 41 41 75 60 32 61 98 69 60 32 15 98 83 61 71 66 31 85 96 71 91 79 82 12 41 56 86 87 24 79 94 17 19 68 76 2 80 73 70 39 57 
36 89 91 96 11 8 78 95 56 100 85 34 34 49 74 89 86 60 12 16 53 28 34 72 3 87 51 28 8 42 36 43 30 26 90 40 85 19 86 40 19 23 
73 52 71 99 92 8 58 3 23 63 83 8 86 85 94 37 64 1 30 99 43 59 76 84 50 61 2 35 52 20 57 25 23 79 23 14 86 32 69 60 94 51 
67 80 87 12 68 51 12 49 1 6 7 29 89 8 41 91 42 92 62 51 16 85 29 90 50 67 22 18 26 67 68 45 46 55 56 65 57 20 13 9 25 71 
37 66 78 77 56 72 69 69 22 36 5 50 78 55 68 99 24 46 65 44 90 63 50 97 79 6 16 44 14 41 14 51 58 44 79 13 15 99 33 88 87 38 
89 64 44 57 14 67 2 78 62 43 92 11 39 23 16 55 66 82 47 31 84 4 26 62 68 92 13 100 79 99 89 20 62 32 76 75 51 29 4 12 71 48 
23 61 22 90 67 87 71 13 69 54 68 95 68 87 86 80 39 17 30 27 36 91 11 63 17 13 91 72 76 13 71 50 25 92 40 92 30 62 56 99 16 24 
45 35 62 30 14 100 98 95 27 33 85 89 47 53 1 37 76 76 1 47 26 78 38 17 69 68 78 24 18 45 99 62 31 61 43 96 12 41 90 90 25 26 
78 72 78 30 60 54 6 13 52 83 90 89 51 58 8 28 33 77 25 84 38 55 96 33 51 7 73 40 97 49 66 74 20 95 56 32 100 61 44 51 95 33 
92 45 42 99 24 26 76 48 9 65 55 4 97 57 11 21 96 59 70 13 84 41 8 39 72 59 51 67 10 45 51 1 41 92 51 65 18 78 64 78 43 70 
82 39 26 44 12 74 2 81 86 85 73 45 24 45 4 74 63 65 71 14 65 11 57 67 27 74 45 43 4 39 12 85 29 38 28 40 11 29 20 48 65 45 
93 88 89 48 14 3 64 84 16 80 94 73 46 73 98 42 15 1 80 26 37 9 63 64 48 25 44 20 73 9 64 17 48 4 16 61 6 79 44 74 58 90 
98 55 62 47 97 76 48 76 53 36 84 68 52 84 92 95 3 16 55 18 84 3 21 51 63 78 29 7 51 38 96 48 93 9 95 41 36 94 16 88 81 52 
55 32 87 99 27 41 14 81 58 50 35 30 100 98 7 81 4 10 18 51 9 62 11 55 2 46 48 70 33 81 73 88 12 59 86 90 99 51 23 56 100 57 
85 100 54 43 80 9 52 49 11 61 63 21 15 16 66 15 85 51 95 9 38 58 67 75 48 17 77 70 72 77 26 8 28 80 3 59 40 54 59 51 66 21 
71 33 37 89 47 73 39 93 82 28 50 48 54 49 65 30 18 88 58 96 48 37 27 2 95 66 7 6 16 73 26 87 57 14 27 3 87 65 47 68 92 48 
67 97 97 83 26 66 23 36 61 22 72 87 23 19 53 29 24 68 53 49 6 9 63 84 63 1 48 61 20 91 9 86 87 5 21 65 70 43 100 83 16 71 
69 38 89 73 18 12 93 23 13 98 83 27 34 98 27 81 58 46 24 66 83 62 22 3 26 92 97 25 26 12 48 94 1 36 67 71 100 59 45 64 8 79 
90 41 76 68 74 34 65 49 99 47 10 21 2 36 64 50 12 89 14 11 34 66 47 52 88 98 10 32 61 70 11 2 10 86 69 35 71 85 83 70 31 93 
42 84 80 57 34 43 97 47 54 30 12 52 82 100 49 43 83 61 12 45 14 74 31 82 8 1 18 43 22 48 35 15 84 66 71 17 8 67 15 61 49 78 
12 30 29 60 72 12 72 36 56 85 9 38 18 16 91 35 58 64 35 44 79 18 9 49 86 69 68 100 29 16 29 41 45 58 52 68 21 76 3 28 60 11 
66 30 79 8 16 88 23 50 84 1 19 44 2 4 12 69 55 41 84 84 33 80 41 84 99 61 11 2 88 71 64 5 52 94 64 67 34 87 17 17 87 35 
12 40 91 24 8 45 16 43 28 48 74 20 83 73 32 94 26 72 16 41 76 67 35 92 33 20 78 1 36 16 88 47 8 78 22 15 74 37 10 54 36 83 
73 19 7 57 64 84 28 79 25 55 97 11 46 29 30 75 82 17 43 69 15 50 46 37 16 71 25 25 24 61 60 49 31 18 5 94 2 32 24 26 86 20 
88 32 48 17 58 81 33 100 49 99 1 46 35 17 17 12 93 40 72 4 88 54 22 92 47 23 23 22 100 61 41 87 92 40 55 1 21 39 1 69 37 1 
15 24 69 83 35 62 22 58 65 62 11 86 5 9 60 80 30 11 40 22 49 83 61 3 83 81 93 35 2 30 88 68 53 56 50 39 17 23 96 34 84 58 
71 41 66 31 20 47 93 59 68 42 93 80 96 27 61 89 62 14 70 49 81 22 56 82 60 73 4 7 58 40 64 28 80 81 58 99 79 51 9 98 44 53 
77 39 79 89 79 40 2 48 40 34 69 96 15 80 20 71 38 77 10 53 4 89 85 14 39 63 16 99 12 59 51 89 49 29 29 28 69 31 75 60 16 96 
55 83 27 74 53 65 2 62 69 6 2 54 71 40 68 86 90 80 96 40 20 44 68 48 23 88 30 98 48 46 45 54 80 71 80 32 87 81 45 8 38 46 
61 60 37 80 45 26 11 40 65 30 36 84 78 58 24 7 7 23 4 51 28 83 74 7 66 60 40 10 67 77 55 79 37 43 59 33 68 69 25 84 51 12 
20 28 69 95 86 28 17 42 78 44 76 51 51 42 63 42 3 81 70 58 60 58 52 70 91 72 90 67 7 40 78 26 19 98 20 57 25 88 50 3 32 25 
5 34 18 19 75 21 100 44 30 11 2 81 80 44 52 21 10 59 13 87 36 83 84 56 39 61 95 88 63 26 65 19 11 82 38 37 54 89 33 83 99 86 
64 30 29 67 50 90 77 14 28 13 97 63 20 87 23 14 27 37 92 91 8 2 24 97 91 78 85 23 12 83 8 75 64 88 94 65 77 70 79 56 34 27 
18 53 13 93 19 39 29 62 81 36 15 57 32 5 86 68 27 97 2 86 24 65 73 69 30 1 38 60 8 24 86 26 28 50 70 46 41 98 59 73 86 74 
29 69 78 66 37 57 63 38 42 38 55 67 6 36 19 95 95 27 18 32 4 46 81 73 43 21 70 2 94 7 75 74 28 4 40 16 60 54 5 54 91 59 
20 48 94 38 42 40 16 60 71 19 57 52 91 51 24 13 4 69 71 30 43 98 34 82 13 45 87 18 98 77 28 69 24 22 59 17 61 74 28 84 93 84 
87 35 35 10 47 38 79 18 68 73 15 53 6 80 97 92 49 47 20 76 15 95 97 73 11 10 47 39 45 91 74 31 25 8 40 72 98 70 41 17 42 7 
21 47 86 69 90 34 15 9 10 30 3 58 54 14 19 100 4 63 42 77 45 67 37 85 90 86 6 30 54 48 36 74 46 74 42 36 7 57 96 68 38 99 
78 91 64 48 43 67 63 36 95 7 2 31 43 43 16 49 72 69 48 60 94 93 33 36 80 91 44 76 11 33 26 40 75 41 87 69 59 49 5 53 56 58 
84 98 1 51 46 72 20 45 83 65 90 67 100 69 58 95 96 20 27 73 59 54 13 45 22 71 46 26 24 1 84 59 50 84 9 48 7 80 92 42 45 81 
8 96 2 65 91 49 36 69 22 94 22 34 91 96 57 36 21 80 88 56 38 89 91 98 36 50 78 80 91 22 12 98 69 13 15 11 14 50 80 35 96 53 
20 86 100 76 73 73 7 12 28 96 100 19 94 88 68 71 19 10 44 30 7 12 95 21 23 8 23 54 42 18 58 61 55 58 89 79 30 95 90 9 91 41 
79 84 80 98 6 98 7 1 28 14 64 22 86 38 29 60 43 22 77 53 34 83 10 22 61 91 69 2 51 59 95 30 94 74 27 51 24 86 3 3 51 66 
24 36 56 4 48 98 77 24 50 10 59 11 84 71 53 52 73 4 62 19 33 7 44 11 57 67 96 59 69 98 76 44 34 31 99 33 81 75 8 30 85 66 
93 68 37 45 71 61 48 32 79 32 38 74 95 46 41 42 56 9 40 31 5 25 14 3 57 94 78 64 75 14 30 67 81 18 12 3 78 11 34 8 95 71 
81 89 68 73 82 23 34 21 53 38 45 18 40 53 11 69 17 38 82 98 4 14 67 67 16 96 78 49 3 72 71 35 12 38 8 93 60 93 66 65 30 10 
1 0 0 0 1 0 1 0 1 0 0 1 1 1 0 0 0 0 1 0 0 0 0 1 0 1 1 1 1 0 1 1 1 1 1 0 1 0 0 0 0 0 
1 1 0 1 1 0 1 0 0 1 0 0 1 1 0 0 0 1 1 1 0 0 0 1 0 1 1 0 1 0 1 0 1 1 1 1 1 0 1 1 0 0 
0 1 1 0 1 1 1 0 1 0 0 1 1 0 1 1 1 0 1 0 1 0 1 0 1 0 1 1 1 1 1 1 0 0 1 1 1 1 0 0 1 0 
0 0 1 1 1 0 1 0 0 0 1 1 1 0 1 0 1 0 1 0 0 1 0 1 0 0 0 0 0 1 1 0 0 0 1 1 0 1 0 0 1 1 
1 0 1 0 0 1 0 1 1 0 0 0 0 1 0 0 1 0 0 0 1 0 0 0 1 0 1 1 0 1 0 1 1 0 1 0 1 0 1 0 0 0 
0 0 1 0 1 0 1 1 1 0 1 1 0 0 0 0 0 0 1 0 0 0 0 1 0 1 1 0 0 0 0 0 0 1 1 1 1 0 0 0 0 1 
0 0 0 0 0 0 0 1 0 0 0 1 0 0 0 1 0 0 1 0 1 0 1 0 1 1 0 0 1 0 1 1 0 1 1 1 1 0 0 0 0 0 
1 0 1 1 0 1 0 1 0 1 1 1 1 1 0 1 1 0 1 0 1 1 0 1 0 1 1 1 1 1 1 0 0 0 0 0 0 0 1 0 1 1 
1 0 0 0 1 1 0 0 1 1 1 1 0 0 1 1 1 0 1 0 1 1 1 1 1 1 1 0 1 0 1 0 0 1 0 1 0 0 1 0 0 0 
1 0 0 0 0 1 1 1 0 0 0 1 1 1 0 0 1 1 0 1 1 0 0 0 1 1 0 0 1 0 0 0 1 1 1 1 0 0 0 0 0 0 
1 1 1 1 1 0 0 1 1 0 1 0 0 0 1 0 0 0 1 0 0 0 1 1 1 0 1 1 0 1 1 0 0 0 1 1 0 0 0 0 0 1 
0 0 1 1 0 1 1 1 0 1 1 1 1 0 1 0 1 0 0 0 0 0 0 1 0 1 1 0 1 1 0 1 1 1 0 0 1 1 1 1 0 1 
0 1 1 0 0 1 0 0 1 0 0 0 1 0 1 1 1 0 0 1 1 0 0 1 0 1 0 1 0 0 0 1 0 0 1 0 1 1 0 0 1 0 
0 0 1 1 1 0 1 0 1 0 0 1 1 0 1 1 1 1 0 0 0 0 0 1 0 1 0 0 1 1 0 0 0 1 1 1 1 1 1 0 1 1 
0 1 1 1 0 1 0 0 1 1 0 1 0 0 0 1 0 1 0 1 1 0 0 1 0 0 0 1 0 1 1 0 0 0 1 1 1 0 1 0 1 0 
1 1 0 1 0 1 1 1 0 0 1 0 1 1 0 1 1 1 1 0 1 1 0 1 0 0 1 0 0 0 0 0 1 0 1 0 1 0 1 1 1 0 
0 0 0 0 0 1 1 1 1 1 0 1 0 1 1 1 1 0 1 1 0 0 1 1 0 1 0 1 0 1 0 0 1 0 1 1 1 0 0 0 1 1 
1 1 0 1 0 1 1 1 0 1 0 1 0 0 0 0 0 1 1 0 1 1 0 0 0 1 1 1 1 0 0 0 0 0 1 0 1 0 0 1 1 0 
0 0 0 1 0 0 0 0 0 1 1 0 0 1 1 1 0 0 1 0 1 1 0 0 0 1 1 0 0 0 0 1 0 0 0 1 1 0 1 1 1 0 
0 1 1 1 0 0 0 0 0 1 1 1 1 1 0 0 1 1 1 1 0 1 0 0 0 1 0 1 0 1 1 0 1 1 0 1 1 0 1 1 1 1 
0 0 0 1 1 0 0 0 1 0 1 1 0 0 0 0 1 1 1 1 1 0 0 1 0 1 1 1 0 0 0 1 1 1 0 0 1 0 0 0 0 1 
0 0 1 0 0 1 1 1 0 1 0 0 0 0 1 0 1 1 0 0 0 1 1 0 1 0 0 1 0 0 1 0 0 0 1 0 1 0 0 1 1 0 
1 0 0 0 0 1 0 0 1 0 0 0 1 1 0 1 1 1 0 0 1 0 0 0 1 0 1 1 1 0 1 1 0 1 1 0 0 1 1 0 0 1 
0 1 0 1 0 1 0 0 1 1 1 0 0 0 0 1 1 1 1 0 0 0 1 0 0 1 1 1 1 1 0 0 0 1 1 1 0 1 1 0 0 0 
0 0 0 0 1 1 1 1 1 0 1 0 0 1 0 1 1 1 1 1 1 1 0 0 0 1 1 0 1 0 0 1 0 1 1 0 0 0 1 0 0 0 
0 0 1 0 0 0 0 1 0 1 0 0 0 1 1 1 1 0 1 1 1 0 0 0 0 1 1 1 1 1 1 1 0 0 0 0 1 0 1 1 1 1 
1 1 0 1 1 1 1 0 1 1 0 1 1 0 0 0 1 1 0 0 1 0 1 1 0 0 1 1 1 0 0 0 0 1 1 1 0 1 1 1 0 0 
1 1 0 1 0 0 1 0 0 0 0 1 1 0 1 0 1 0 0 1 1 0 0 0 1 1 1 1 0 1 1 1 1 1 1 1 1 0 1 0 0 1 
1 1 1 1 1 0 1 1 1 0 0 0 1 1 1 0 0 1 0 1 1 1 1 0 0 0 0 1 0 0 0 0 1 1 1 0 1 0 1 0 1 1 
0 0 1 1 0 1 1 0 1 0 1 0 0 1 0 0 0 1 0 0 1 1 1 0 1 0 0 0 1 1 0 1 1 1 1 0 0 0 0 1 0 0 
1 0 1 0 0 0 1 0 0 0 1 0 0 0 0 0 0 1 0 0 1 1 1 0 1 0 0 0 1 0 0 1 0 1 1 0 1 0 0 0 0 1 
0 0 1 0 0 1 0 0 0 1 0 1 1 1 1 1 1 1 1 1 0 1 1 1 1 0 1 1 0 1 0 0 1 1 1 1 0 1 0 0 0 0 
0 1 1 1 0 1 0 1 0 0 0 1 1 1 0 0 0 0 1 0 1 0 1 0 0 1 1 0 0 1 0 0 0 1 1 0 0 0 1 1 0 1 
0 0 0 0 0 0 1 0 0 0 0 1 0 0 0 1 0 0 0 0 0 0 0 0 0 0 0 1 1 0 0 0 0 0 0 1 0 1 1 0 1 1 
1 1 0 1 0 0 0 0 1 0 0 1 0 0 1 0 1 1 1 1 1 1 1 1 0 1 1 1 1 0 1 0 0 1 0 0 1 0 1 0 0 1 
1 1 0 1 1 1 0 0 1 1 0 0 0 0 0 1 0 1 0 1 0 0 0 0 0 1 0 1 0 0 1 1 1 1 0 1 0 0 1 1 1 1 
0 0 0 0 1 0 1 1 1 1 1 1 1 0 0 1 1 0 0 0 0 1 1 0 0 0 1 0 1 0 1 1 0 1 1 0 1 1 1 0 0 1 
1 0 1 0 1 0 0 1 1 0 1 0 1 1 0 0 1 0 0 1 1 1 0 1 1 0 0 0 0 0 1 0 0 0 0 0 1 0 1 0 1 0 
0 0 0 1 0 1 1 0 0 0 1 1 1 0 1 1 1 1 0 0 1 0 1 1 0 0 0 0 0 1 0 0 1 0 1 1 0 0 1 0 1 1 
1 0 1 0 0 0 0 0 1 1 0 0 1 1 0 1 1 0 0 1 0 1 0 0 0 0 0 1 0 1 0 0 0 0 0 0 0 0 0 1 0 0 
1 1 1 1 0 0 1 0 0 0 1 0 0 1 0 0 0 0 0 1 0 0 1 1 0 1 1 0 1 1 0 0 0 0 0 0 0 1 0 0 1 1 
0 1 0 0 0 1 1 0 0 1 0 1 0 0 0 0 0 1 1 0 0 0 0 0 0 1 1 1 1 1 0 0 0 1 0 0 0 1 0 0 1 0 
1 1 0 1 1 0 1 1 1 1 1 1 1 1 0 0 0 0 1 1 0 0 0 0 0 0 0 1 0 1 1 1 0 0 0 0 0 1 1 1 0 0 
1 1 1 1 0 0 1 1 1 1 1 1 0 0 1 0 1 1 1 0 0 1 0 0 1 1 0 0 0 0 0 1 0 0 1 0 0 0 1 1 0 1 
0 0 1 1 0 0 0 1 0 0 0 1 0 0 0 0 0 0 1 1 0 1 1 1 1 1 1 0 0 1 1 0 1 0 1 1 0 1 0 1 1 1 
0 1 1 0 0 1 0 1 0 0 0 1 1 1 0 1 1 0 0 1 0 0 1 1 1 0 0 0 1 1 1 1 1 0 1 1 1 1 0 0 0 0 
1 1 1 0 0 0 0 1 1 1 1 1 0 0 1 1 0 0 0 1 1 1 1 0 0 1 1 0 1 1 0 0 1 1 0 1 0 1 0 1 0 1 
0 0 0 1 1 0 1 0 0 0 1 1 0 0 0 0 0 1 1 1 0 0 0 0 0 0 1 0 0 1 0 0 0 0 0 1 0 1 1 0 0 1 
0 0 1 0 0 1 0 0 0 0 0 1 0 0 1 0 1 1 1 1 0 1 1 0 1 1 1 0 0 1 1 0 0 0 0 0 0 0 0 0 0 1 
1 1 1 1 1 0 0 0 1 0 0 0 0 1 0 0 1 0 1 1 0 1 1 0 0 1 1 0 0 1 1 1 0 1 0 1 1 1 0 1 1 0 
1 0 1 1 0 0 1 1 1 1 1 1 0 1 0 1 1 0 0 1 0 1 0 0 0 1 1 0 0 1 0 0 1 1 1 1 0 1 0 1 0 1 
0 0 0 1 1 0 1 0 1 1 1 1 0 1 0 1 0 1 0 0 1 1 0 0 0 0 1 1 1 0 0 0 0 1 1 0 1 0 0 0 0 1 
1 0 0 1 1 0 0 0 1 1 1 1 0 0 1 1 1 0 1 1 0 0 0 1 0 1 0 0 1 0 1 0 0 1 0 1 0 0 1 1 0 1 
0 0 1 1 1 0 1 1 1 0 1 0 1 1 1 1 1 1 1 0 1 1 1 1 1 1 0 0 0 0 1 0 0 0 1 1 0 1 0 0 1 1 
0 0 0 1 0 1 0 1 1 0 1 1 1 0 0 1 0 1 1 0 1 1 0 1 1 1 0 1 1 1 1 1 1 1 0 1 1 1 1 0 1 0 
1 0 0 0 0 0 1 1 0 0 1 1 1 0 0 1 1 1 0 0 0 0 0 0 1 1 1 0 1 0 0 1 1 0 1 1 1 0 0 1 0 1 
0 0 1 0 1 1 1 0 1 1 0 1 0 1 0 1 0 0 0 0 1 1 1 0 0 0 0 0 1 0 0 0 0 1 0 0 0 0 0 0 1 0 
1 1 1 0 1 1 0 1 0 1 0 1 1 0 1 1 0 0 1 0 0 0 0 1 0 0 1 0 0 0 0 0 0 1 0 1 1 0 0 1 1 0 
0 0 0 1 1 0 1 0 1 0 0 1 1 0 1 0 0 0 0 0 0 0 0 0 1 1 0 1 0 1 1 0 1 1 1 0 0 0 0 1 0 1 
