54 54 2845
61 71 18 52 23 56 55 91 63 30 87 4 76 24 74 29 56 72 47 58 89 80 94 95 39 7 27 83 88 45 23 48 15 92 99 90 100 5 80 62 34 18 17 61 42 90 90 97 13 88 6 1 19 99 
47 57 57 73 91 45 18 65 44 84 56 95 73 7 51 4 20 85 74 36 97 15 78 38 63 90 25 20 43 43 71 89 51 27 14 41 71 83 5 67 66 13 61 91 71 11 46 43 47 19 78 44 85 7 
81 99 97 58 19 39 52 89 79 55 15 92 47 38 74 52 56 92 16 16 34 38 78 79 80 25 50 58 20 86 64 52 85 12 9 55 2 13 95 81 67 61 24 13 50 50 16 5 41 83 72 26 21 50 
56 100 26 57 9 45 43 73 96 79 36 57 85 38 69 79 70 87 39 93 51 41 94 19 45 86 1 17 11 21 18 19 21 43 75 29 87 17 53 34 95 89 42 31 78 62 9 47 48 100 91 51 40 37 
69 84 22 69 52 85 90 69 3 62 11 77 42 49 94 95 35 40 35 76 71 64 38 31 62 37 30 52 87 21 40 55 57 62 76 8 46 65 29 48 78 91 76 71 40 69 65 26 61 51 1 83 66 38 
65 27 75 95 31 13 67 70 68 23 31 43 31 28 59 59 27 88 1 3 58 40 23 75 65 35 77 18 17 43 7 82 69 81 28 99 94 94 69 13 69 99 7 99 79 65 9 5 4 9 7 61 1 30 
35 17 16 12 34 33 54 41 66 22 73 45 73 18 90 41 82 58 91 88 8 69 4 68 74 7 29 32 68 81 13 54 97 29 65 83 13 70 75 78 92 99 74 16 17 15 56 50 73 46 38 32 67 93 
52 40 100 80 23 19 60 36 72 8 64 89 42 28 58 16 5 1 15 30 16 83 44 71 32 68 69 21 100 35 14 51 26 13 82 48 83 41 35 54 100 50 42 42 77 52 57 33 52 23 62 68 5 6 
90 89 25 58 9 24 92 74 26 69 86 7 69 20 99 3 74 99 53 67 92 29 18 100 62 70 23 75 89 79 32 78 19 57 88 28 32 79 1 58 100 39 16 68 58 67 70 83 17 74 2 8 55 71 
7 16 92 81 42 80 60 74 10 78 30 97 57 61 27 10 70 26 100 38 93 57 4 15 92 20 88 45 27 94 15 85 9 7 66 3 86 77 76 95 6 57 91 63 69 18 24 91 95 23 28 88 31 31 
54 22 2 93 18 80 87 33 64 47 39 81 49 76 9 76 71 15 32 13 29 1 82 52 91 77 74 70 16 56 52 69 30 53 13 47 32 51 79 47 98 17 80 98 93 88 74 15 2 5 79 82 57 61 
33 99 37 58 20 4 66 71 24 95 23 36 41 6 87 20 5 36 88 84 33 32 71 6 98 25 63 77 6 71 37 91 22 25 100 41 28 17 12 3 11 34 38 4 92 76 75 96 11 62 79 96 46 1 
1 43 25 15 71 83 86 59 25 59 83 76 99 62 93 10 16 55 96 54 58 87 81 32 34 44 94 12 39 91 64 91 85 41 6 56 23 43 14 99 1 49 26 51 62 18 61 78 73 8 83 30 46 15 
14 79 58 59 42 96 49 5 87 33 45 44 40 19 38 6 17 90 6 43 40 67 12 52 96 36 11 30 18 56 45 31 34 2 89 27 98 37 32 36 21 28 31 61 47 68 66 15 9 71 57 100 89 21 
52 37 56 62 66 73 70 10 3 55 12 43 82 61 79 65 48 52 92 30 12 38 49 29 53 57 51 61 56 91 81 59 79 89 73 45 13 94 6 16 48 69 10 81 81 89 45 28 92 89 57 55 26 57 
83 30 13 85 43 21 27 75 31 6 63 3 2 76 48 7 43 96 76 52 76 56 92 73 36 83 61 44 37 38 1 71 20 65 7 62 85 86 36 16 91 51 70 92 26 18 98 20 65 25 71 92 81 15 
16 16 97 76 11 86 66 11 56 37 76 15 98 12 100 85 27 42 35 49 33 12 18 82 31 34 59 54 25 39 68 41 6 64 68 68 1 85 79 57 21 6 23 70 17 22 55 96 63 41 44 47 53 13 
80 35 46 38 88 22 28 55 14 85 71 82 53 71 18 83 79 39 88 1 8 4 74 14 99 88 7 94 86 11 6 66 45 3 55 85 25 35 91 38 19 61 71 23 84 89 5 14 79 92 67 38 48 40 
4 46 80 10 40 65 72 97 82 16 100 37 52 76 71 43 65 41 55 88 64 38 28 20 52 58 64 18 95 11 9 50 8 88 11 47 5 82 96 86 98 47 74 1 74 96 43 38 89 98 25 4 35 4 
23 38 61 38 7 8 48 16 57 56 55 68 54 59 49 1 97 98 47 22 99 20 70 41 10 58 90 86 61 77 90 35 14 2 25 21 9 72 88 66 79 42 33 85 53 33 37 1 31 84 22 81 55 91 
73 16 100 63 54 12 39 43 47 4 96 71 76 5 94 15 70 25 57 54 61 61 86 97 61 68 32 34 100 39 77 73 54 76 87 7 88 77 1 86 32 49 8 8 53 1 22 22 77 30 27 37 42 64 
34 54 84 17 88 83 55 16 7 61 91 93 19 30 69 72 67 1 20 74 60 72 27 33 45 3 15 71 92 56 34 25 10 69 93 49 52 48 16 58 8 58 51 26 88 71 49 54 23 68 80 82 39 6 
67 83 8 81 5 99 36 91 75 97 59 20 97 10 67 12 20 26 70 22 3 9 92 52 14 67 19 93 48 58 98 66 92 58 46 97 8 34 39 35 30 97 54 79 59 72 42 78 97 63 51 51 71 94 
2 37 60 73 29 60 82 79 25 73 36 71 21 95 4 59 29 85 8 34 63 66 5 57 95 1 19 45 52 42 38 5 78 50 77 58 9 10 36 33 83 23 55 55 70 10 66 98 95 73 32 9 90 88 
65 84 41 36 80 44 77 69 48 6 18 77 15 78 86 3 63 20 25 17 27 46 27 92 44 73 16 27 81 5 66 98 40 6 33 71 49 61 39 97 18 9 25 32 86 10 34 48 82 11 65 8 56 43 
99 51 15 66 29 47 70 95 44 61 100 76 31 49 88 21 97 5 29 21 89 15 30 22 14 63 32 30 70 40 72 20 90 38 85 19 85 6 13 28 66 64 56 48 12 43 69 8 100 49 28 88 15 10 
61 29 72 93 58 94 84 82 13 73 71 50 43 55 55 7 35 73 71 90 20 34 84 40 42 35 89 21 22 3 82 83 31 6 27 41 99 10 74 63 34 44 64 29 99 19 35 33 43 57 74 62 91 9 
2 84 44 90 4 17 44 38 51 75 43 77 15 93 38 88 55 24 31 19 52 81 89 38 65 31 95 38 44 37 99 97 20 42 38 75 58 82 12 9 56 6 37 22 98 27 61 5 50 43 23 53 76 63 
90 40 45 84 30 88 72 28 85 91 69 22 18 78 3 81 38 10 87 75 83 84 1 43 88 2 38 62 54 13 24 43 52 20 79 33 8 50 60 44 93 80 17 10 58 72 90 95 81 28 21 16 12 21 
58 51 22 47 13 75 59 88 70 63 8 48 95 67 97 55 62 41 34 78 50 43 1 92 38 34 19 58 49 82 31 58 33 4 5 97 31 15 36 100 77 43 47 24 61 95 30 22 36 15 52 37 58 52 
28 47 85 99 56 33 32 38 43 64 42 47 12 72 61 48 71 90 42 17 13 55 63 42 28 98 56 79 35 13 83 14 11 67 12 67 52 96 4 94 11 97 92 23 68 52 22 90 93 63 6 5 17 69 
46 45 18 54 75 52 18 57 66 29 76 29 47 79 76 2 24 87 99 15 9 18 18 30 8 11 44 65 15 13 85 13 9 3 18 83 6 35 92 23 15 67 4 13 97 79 15 20 65 65 34 25 34 51 
6 93 13 50 58 28 62 94 92 70 48 61 4 54 95 95 28 62 13 31 74 61 10 40 80 26 56 13 3 90 16 8 82 28 57 91 7 70 85 50 91 32 10 47 37 57 93 65 18 58 95 91 18 56 
31 98 34 86 62 36 27 29 43 61 57 52 51 15 73 35 65 16 19 26 62 55 82 6 71 99 63 18 42 81 25 24 30 58 61 43 45 88 72 88 48 28 91 98 94 15 85 58 30 55 84 43 61 17 
1 32 16 63 49 57 95 73 32 76 83 92 19 27 79 90 66 78 69 8 28 62 23 64 72 4 18 7 99 78 75 99 61 90 13 9 98 60 34 29 87 68 73 57 94 51 46 12 81 66 19 8 80 93 
71 3 97 88 61 47 17 35 97 78 77 9 38 26 20 23 7 59 90 79 15 84 29 13 95 9 78 65 68 9 58 38 63 6 77 23 52 46 10 48 23 86 8 60 63 80 35 69 38 24 47 52 7 28 
64 53 88 94 18 56 54 27 45 17 32 22 91 83 67 100 82 41 37 89 52 100 68 86 68 5 10 15 9 68 42 72 73 29 17 42 36 71 68 81 39 99 54 29 33 72 81 14 12 17 54 15 68 74 
1 88 30 62 2 38 81 95 62 53 75 30 94 11 100 61 43 90 11 96 19 95 67 51 60 30 67 66 96 87 39 96 74 68 9 27 58 90 73 71 42 47 100 88 9 52 100 3 41 63 98 11 57 16 
61 69 97 80 34 93 66 24 40 91 43 49 17 100 90 41 22 83 39 74 70 48 25 70 2 17 32 100 80 40 67 40 8 64 71 93 8 88 16 47 78 59 95 46 10 36 86 32 19 25 5 88 24 81 
57 25 49 40 76 28 80 95 20 39 10 90 32 17 78 47 63 7 57 10 53 67 45 90 50 63 66 6 51 89 86 59 66 86 51 93 14 82 87 85 20 48 74 51 64 3 50 27 10 58 36 14 24 32 
3 25 95 69 30 97 9 67 7 26 53 57 71 66 38 9 50 10 57 75 60 20 78 61 98 39 19 33 4 94 65 6 19 11 26 100 7 87 67 65 64 19 22 86 36 11 95 85 20 3 11 32 74 40 
44 72 30 14 4 33 8 20 91 78 30 16 77 88 54 43 53 70 61 26 55 96 88 1 32 8 3 95 91 29 34 34 100 64 48 3 96 7 75 86 84 56 54 60 44 59 55 48 80 67 73 35 15 60 
87 46 19 42 92 9 70 26 43 69 41 42 23 88 48 97 26 31 53 31 42 48 89 96 95 69 15 67 55 29 78 41 26 97 82 18 57 3 43 51 71 35 92 94 22 91 42 99 73 46 29 15 93 70 
62 87 90 76 5 44 56 35 36 82 83 70 99 39 72 93 42 95 27 85 88 100 76 81 51 48 27 79 14 19 100 28 58 89 55 14 84 11 48 72 92 30 93 90 21 64 82 62 58 60 46 97 11 21 
78 61 21 56 92 34 74 91 61 83 32 16 97 15 26 44 38 69 26 30 58 46 46 91 7 3 50 4 52 12 77 81 73 97 36 64 82 61 6 95 44 37 62 92 52 39 35 89 7 60 71 16 5 16 
6 63 70 7 19 21 18 95 53 42 43 40 5 76 53 11 70 48 47 83 39 50 21 73 91 79 85 61 94 41 76 51 56 45 57 74 18 27 20 22 68 62 62 73 37 66 35 59 13 33 93 51 35 14 
75 25 44 59 37 38 100 12 88 55 8 97 80 25 23 99 47 90 12 60 14 100 25 100 58 37 33 51 39 19 16 65 43 59 24 79 48 75 42 88 81 49 84 60 26 58 10 24 47 21 83 13 20 59 
12 30 47 96 32 85 14 99 49 8 9 24 38 57 50 79 44 30 28 79 41 53 36 50 76 34 22 10 46 42 68 10 23 66 57 54 50 23 4 50 30 12 26 20 68 75 98 63 5 77 93 97 81 28 
99 8 62 20 17 59 13 36 20 87 1 77 92 2 51 95 4 32 7 29 51 26 3 49 41 59 25 33 56 6 13 6 13 74 25 82 84 90 69 4 76 70 32 68 23 82 62 26 13 20 54 64 46 57 
12 38 67 88 70 74 45 82 79 58 7 56 91 91 45 59 46 20 80 77 39 3 58 53 28 70 72 82 33 69 90 96 6 56 84 28 30 28 9 8 37 68 63 27 58 59 38 55 31 17 31 69 19 40 
21 99 9 45 80 94 13 21 89 71 76 24 98 57 52 58 17 40 25 31 19 34 90 56 88 72 24 70 40 95 9 13 93 18 57 24 11 21 44 51 91 71 75 88 28 78 46 96 17 70 26 35 56 67 
42 43 38 18 13 30 12 21 42 4 90 50 27 52 70 22 3 61 92 29 48 71 6 45 66 74 67 44 61 22 62 54 16 100 71 28 81 82 1 22 37 42 71 15 94 40 36 48 100 28 76 100 98 33 
96 16 58 62 59 70 35 20 24 51 71 46 78 51 28 30 24 16 72 94 31 65 86 66 64 37 45 39 88 95 23 84 10 32 97 20 2 32 91 77 82 14 22 11 16 49 41 40 65 64 85 47 80 22 
12 43 59 57 33 98 3 55 81 64 38 30 83 39 61 25 15 94 38 37 4 54 37 96 45 53 59 29 99 90 51 63 32 61 71 64 58 73 70 91 36 8 20 70 98 32 94 13 77 84 1 80 89 89 
1 0 1 1 0 1 1 0 1 0 0 1 0 0 1 1 0 0 0 1 1 0 0 1 0 0 0 0 1 0 0 0 0 1 0 0 1 1 1 0 1 1 0 1 1 1 1 1 0 1 0 1 1 0 
0 1 0 0 1 0 0 0 0 0 1 0 1 0 1 0 1 1 1 1 0 1 0 1 0 0 1 1 0 0 1 0 0 0 1 1 0 1 1 0 0 1 1 1 1 0 1 0 1 0 1 0 1 0 
1 0 0 0 1 0 1 0 1 1 0 0 0 0 1 0 1 1 1 0 0 0 0 1 1 0 0 0 0 1 0 1 1 1 0 0 1 1 1 0 0 1 0 0 0 0 0 1 1 1 1 0 0 1 
1 1 1 1 1 1 1 0 1 0 1 1 1 0 0 0 1 0 1 1 0 1 1 1 0 1 0 1 1 0 1 0 1 0 0 1 0 1 1 1 1 0 0 0 0 0 0 1 0 0 1 0 1 0 
1 0 1 0 1 0 0 0 1 0 1 1 1 1 0 0 0 1 0 0 0 0 0 0 0 0 0 1 0 0 1 0 0 1 0 1 1 0 0 0 0 1 1 1 0 1 1 0 1 1 0 1 0 0 
1 0 0 0 1 0 0 0 0 0 1 0 1 1 1 1 1 1 0 1 1 0 0 0 0 1 0 0 0 0 0 0 0 0 0 1 1 0 1 1 0 1 0 1 0 1 1 1 0 1 0 1 0 1 
0 0 0 0 1 1 0 1 1 0 0 1 1 1 1 0 0 1 1 0 0 1 1 1 1 0 1 1 1 1 0 1 1 1 1 0 0 1 0 1 1 0 0 0 1 1 1 1 0 0 0 0 0 1 
0 1 1 1 0 1 0 1 0 1 0 0 0 0 1 0 1 1 0 1 1 1 0 0 0 0 1 0 0 1 0 0 0 1 1 0 0 1 1 1 1 1 1 1 1 0 1 0 1 1 1 1 0 1 
1 0 1 0 1 0 1 1 0 1 0 0 0 1 1 1 0 0 1 1 1 0 1 0 1 1 1 0 0 1 0 1 0 1 0 1 1 1 0 0 1 0 0 1 1 1 0 1 0 1 0 1 0 0 
0 1 1 1 1 1 1 1 0 1 1 0 0 0 0 0 0 1 0 0 0 0 0 0 1 0 0 0 1 0 0 1 1 1 1 0 0 0 0 0 1 1 1 1 1 1 1 0 0 1 0 0 1 0 
0 1 0 0 1 0 0 1 1 1 0 0 0 0 0 0 0 1 1 1 0 0 0 1 0 0 1 1 0 0 1 1 1 0 1 0 0 0 1 1 1 1 0 1 1 0 1 0 0 0 1 0 1 0 
0 1 0 1 0 1 1 0 0 1 0 1 1 0 1 1 1 1 0 1 0 0 0 0 0 0 0 1 0 1 1 0 1 0 1 1 1 1 1 1 0 1 0 1 1 0 0 1 1 1 0 1 1 0 
1 1 0 0 0 1 1 0 1 0 0 1 0 1 0 1 0 0 1 0 1 0 0 0 1 1 1 0 1 0 0 0 1 1 0 1 0 0 1 1 0 1 0 0 0 0 0 0 0 1 1 0 1 1 
0 1 1 1 1 0 1 1 0 0 0 1 1 0 1 1 0 1 0 0 0 1 1 0 1 1 1 0 1 0 0 1 1 1 0 0 1 1 0 1 1 0 0 1 1 1 0 1 1 0 1 1 1 0 
1 1 0 0 1 1 0 1 1 0 0 1 0 1 1 0 1 0 1 1 1 0 1 1 1 0 0 0 1 1 1 0 0 1 0 0 0 0 1 1 0 0 1 1 1 0 1 0 0 0 0 0 0 1 
1 1 1 1 0 0 1 1 0 1 0 0 1 0 0 1 0 1 1 1 0 0 1 1 1 1 0 1 1 0 0 1 0 1 0 0 1 1 1 1 1 1 1 0 1 1 1 1 0 0 0 0 1 1 
0 0 1 0 1 0 0 1 1 0 0 0 0 1 1 1 0 0 0 1 1 0 0 0 1 1 1 0 1 0 1 1 0 0 1 1 1 0 0 0 0 0 0 1 1 0 0 1 0 1 0 1 1 0 
0 0 1 1 0 1 1 0 0 1 0 0 0 1 0 0 0 0 0 0 1 1 0 0 0 1 1 0 0 0 0 0 0 0 1 1 1 0 1 1 1 1 1 1 1 1 1 1 0 1 1 1 0 0 
1 0 1 0 0 1 0 1 0 1 1 1 0 0 0 1 1 1 0 1 1 1 0 0 0 0 0 0 0 0 0 1 1 1 0 1 0 0 0 0 1 1 0 1 1 0 0 1 1 1 0 0 0 0 
1 1 1 1 1 1 1 1 0 0 0 0 0 0 1 0 1 0 0 1 0 1 1 0 0 0 1 0 1 0 1 0 1 0 1 0 1 0 1 1 1 1 0 1 1 1 1 0 1 1 1 1 1 0 
0 1 1 1 0 0 1 1 0 0 1 1 0 0 1 1 1 0 0 1 1 0 0 1 0 0 0 0 1 1 0 1 1 1 1 1 1 0 0 1 1 1 0 1 1 0 1 0 0 1 0 0 1 0 
1 0 0 1 0 0 1 0 1 0 0 0 1 1 1 1 1 0 0 1 1 1 1 0 1 0 0 1 0 1 0 1 1 0 0 1 0 1 0 0 1 0 0 0 1 1 1 0 1 1 0 1 0 1 
1 0 1 1 1 1 1 1 0 0 0 1 0 0 0 0 0 0 0 1 0 1 0 0 0 0 1 0 1 0 1 0 0 1 0 1 0 1 1 1 1 1 0 1 1 0 1 0 0 1 1 1 1 1 
1 1 1 0 1 0 0 0 1 0 1 1 0 0 0 1 1 1 0 1 1 1 1 0 1 0 0 0 1 1 0 0 0 1 0 1 0 1 1 1 1 1 0 1 1 0 0 0 1 0 1 0 0 0 
1 1 0 1 0 1 0 0 1 0 1 0 1 1 1 0 0 0 1 0 0 0 0 0 0 0 1 1 0 1 0 1 0 0 0 0 0 0 0 1 0 0 1 1 1 0 0 0 1 1 0 1 0 1 
1 0 1 0 0 1 1 0 1 0 0 1 0 0 0 1 0 0 1 1 0 0 0 0 0 1 1 1 0 1 0 1 0 1 0 0 0 1 0 1 1 0 1 0 1 1 1 1 1 0 0 1 0 0 
1 1 1 1 0 1 0 0 1 0 1 1 0 1 0 0 1 0 1 0 0 0 1 1 1 0 1 1 0 1 0 1 0 1 0 0 1 1 0 0 1 1 1 0 1 1 0 0 1 1 0 1 1 1 
0 0 1 1 0 1 1 0 1 1 1 1 0 0 0 0 0 0 0 1 0 1 1 0 1 0 0 1 0 1 0 0 0 1 0 0 1 1 0 0 0 1 1 0 0 0 1 0 0 1 0 0 0 1 
0 1 1 0 0 1 0 0 0 0 1 0 0 0 1 0 0 1 1 0 0 1 0 1 0 0 0 0 0 0 1 0 1 0 1 1 0 1 1 0 1 0 0 1 1 1 1 1 0 0 1 0 0 1 
1 0 1 1 0 1 1 1 0 0 1 1 1 1 0 0 1 1 1 1 0 0 0 1 1 1 1 1 1 1 0 1 1 0 0 1 1 0 0 1 0 0 0 0 1 0 0 1 1 1 0 1 1 1 
0 1 0 0 0 1 1 0 0 1 0 1 0 0 1 1 1 1 1 0 1 0 0 0 1 0 1 0 1 1 1 0 0 1 0 0 0 1 0 1 0 1 0 1 1 1 0 0 0 1 0 0 1 1 
0 1 1 1 1 0 0 0 0 0 1 0 0 1 0 1 0 0 0 0 1 1 1 1 1 0 0 0 0 0 1 0 1 0 1 0 0 0 0 1 0 1 1 1 0 1 0 1 0 0 1 1 1 1 
1 0 1 1 0 1 1 1 1 0 1 0 0 0 0 0 1 1 1 0 0 0 0 0 1 0 0 0 1 1 1 0 1 0 0 0 1 1 1 0 0 1 1 0 1 1 1 0 0 0 0 0 0 0 
0 1 0 0 0 0 1 1 0 1 0 0 1 1 0 0 0 0 1 1 0 0 0 1 0 1 0 1 1 0 1 0 0 0 0 0 0 0 1 0 1 1 1 0 1 1 0 1 1 0 0 1 0 0 
1 1 1 1 0 1 1 1 1 1 1 1 1 1 1 1 0 0 0 1 0 1 0 1 0 1 1 0 0 1 1 1 0 0 0 0 1 0 0 0 1 1 0 1 1 1 0 1 0 0 0 0 0 0 
1 0 1 0 1 1 0 0 1 0 0 1 1 0 1 1 0 1 0 0 0 1 0 0 0 0 0 0 0 0 0 0 1 1 0 0 1 0 0 0 1 0 1 0 0 1 1 1 0 1 1 0 1 1 
0 1 1 0 0 0 1 0 0 0 0 0 0 1 1 0 1 0 0 0 0 1 1 1 0 1 0 1 1 1 1 1 1 0 0 1 0 1 1 0 1 1 1 1 0 0 1 1 0 1 0 0 0 1 
1 0 1 1 0 0 1 1 0 0 1 0 1 0 1 0 0 0 0 1 1 0 1 0 0 1 1 0 1 0 1 0 0 0 0 0 1 1 1 1 1 1 1 0 1 0 0 1 0 0 1 1 1 0 
1 1 0 0 1 1 0 0 0 1 1 0 1 0 1 1 1 0 0 0 0 1 0 0 0 0 1 1 1 0 0 0 1 0 0 0 1 1 0 1 0 1 1 1 1 0 0 0 0 0 0 0 1 0 
1 0 0 0 1 1 0 1 1 1 1 0 1 1 1 1 0 1 1 0 0 0 0 1 1 1 1 1 1 1 0 0 1 0 0 0 0 0 0 1 1 1 1 0 0 0 0 1 1 1 1 0 1 1 
1 0 0 0 0 0 1 0 0 0 0 1 1 0 1 1 0 1 0 1 1 1 0 1 0 1 0 1 1 0 0 0 0 1 1 0 1 0 0 1 1 1 0 0 1 0 1 1 1 1 1 0 0 1 
0 0 0 0 1 0 0 0 0 1 1 1 1 0 0 0 1 1 1 0 1 0 0 0 0 1 1 1 1 0 0 1 0 0 0 0 0 0 0 1 1 1 0 1 1 0 1 0 1 0 0 0 0 0 
0 0 1 0 1 1 0 1 0 0 0 0 0 0 1 0 1 0 1 0 1 0 0 0 1 0 0 1 0 1 0 1 1 1 1 1 0 1 0 1 1 0 1 0 1 0 0 0 1 0 0 0 0 1 
1 1 1 1 1 1 0 1 0 0 0 1 1 1 0 1 0 0 0 1 0 1 0 0 1 1 0 0 1 1 1 0 0 0 0 1 1 0 0 0 0 1 1 1 0 0 1 0 0 1 1 0 0 1 
0 1 0 1 1 0 0 0 0 0 0 0 0 0 1 0 0 1 1 1 1 1 1 0 1 1 1 1 1 1 0 0 0 1 1 0 1 1 0 1 1 1 0 1 1 1 0 1 0 1 0 1 1 0 
1 0 1 0 1 1 1 0 1 0 1 0 0 0 1 0 1 0 1 1 0 0 0 0 1 1 1 0 0 0 0 0 1 1 0 0 0 0 0 1 0 1 1 0 1 0 0 1 1 0 0 1 0 1 
1 0 0 0 0 0 1 0 0 0 1 1 0 0 1 1 1 1 0 1 1 0 1 1 1 0 1 1 1 0 0 0 0 0 1 0 1 0 0 1 0 1 0 0 1 1 1 1 0 0 0 1 0 1 
1 1 0 0 0 1 0 1 0 0 1 1 0 0 1 0 0 1 0 0 1 1 0 1 0 0 1 0 0 1 0 1 0 0 1 0 1 0 1 1 0 1 0 1 1 1 1 1 0 1 0 0 1 0 
1 1 0 0 0 0 1 0 1 1 0 1 1 1 1 1 1 1 0 1 0 1 1 0 1 1 1 1 1 0 1 0 0 1 0 0 0 1 0 1 0 0 0 0 1 1 1 0 1 1 0 1 0 1 
1 1 0 1 0 0 1 1 0 1 1 1 1 1 0 1 0 1 1 1 1 1 0 0 1 1 1 1 1 1 0 0 1 1 1 1 1 1 1 1 0 0 0 0 1 1 1 1 0 1 0 1 0 1 
1 1 0 0 1 1 1 1 0 0 0 1 0 1 0 1 1 1 1 1 1 0 0 0 1 0 1 0 1 1 1 0 1 1 0 0 1 0 1 1 0 0 0 0 1 1 1 0 0 0 0 1 0 0 
1 0 1 1 0 0 0 1 1 1 0 1 1 1 1 1 0 0 1 1 0 0 0 0 1 0 0 1 1 1 1 0 1 0 1 1 1 0 0 0 1 0 1 1 0 1 0 0 1 1 1 1 1 1 
1 0 1 0 1 0 1 1 1 0 1 0 1 0 0 1 0 0 1 0 1 1 1 1 0 0 0 1 1 1 1 1 0 0 1 1 1 0 0 0 0 0 0 1 0 1 0 1 1 1 1 0 1 0 
1 1 0 1 0 1 0 1 0 0 0 1 0 1 1 0 1 1 0 1 0 1 0 0 0 1 0 1 1 1 1 0 0 1 1 0 0 0 0 1 0 0 0 0 1 0 1 0 1 1 1 0 0 0 
