53 70 2956
58 18 9 59 40 50 26 39 44 19 4 75 57 87 75 12 99 38 9 81 26 27 54 89 66 37 77 12 38 93 58 48 63 66 6 2 67 83 41 11 1 44 85 57 82 11 68 32 48 29 64 73 7 18 62 72 54 90 84 43 34 41 42 96 58 48 98 25 30 90 
87 83 85 23 91 66 33 11 97 81 39 13 5 45 30 18 68 35 7 51 77 41 43 19 36 53 18 85 29 99 74 67 33 10 89 24 75 73 34 24 53 24 36 58 68 17 27 87 51 34 38 79 74 32 49 61 36 18 98 16 17 23 82 49 33 70 24 59 43 57 
82 47 80 69 56 99 37 83 86 87 16 75 18 41 58 66 53 46 84 50 61 52 25 43 52 57 64 76 15 58 84 49 5 16 69 12 14 6 94 51 92 61 77 9 53 35 27 6 80 10 7 92 13 31 34 64 39 50 39 6 7 75 6 63 90 74 75 55 79 20 
6 23 33 82 83 37 68 61 42 99 22 1 91 34 83 76 98 22 25 88 79 32 62 84 94 3 9 20 58 88 92 15 62 24 48 96 60 16 57 54 14 78 6 56 64 88 32 61 61 56 100 39 87 62 74 33 16 83 4 73 22 95 87 35 70 35 30 30 2 38 
35 67 68 40 23 31 79 54 43 40 61 42 30 48 55 56 32 71 38 35 95 11 82 34 45 51 20 26 32 73 16 18 39 35 57 61 17 88 66 59 79 27 52 8 26 59 15 9 81 52 95 75 14 76 60 58 79 31 84 10 3 51 28 42 85 36 54 1 75 20 
11 53 98 62 13 23 20 27 31 100 31 25 27 44 53 38 54 31 69 37 92 71 39 19 64 23 7 18 23 33 89 85 86 86 46 98 8 18 76 90 69 6 14 95 2 66 33 55 48 53 43 40 23 81 10 87 3 68 4 77 1 44 61 86 29 58 35 36 75 10 
25 44 68 90 90 69 8 74 23 55 26 65 46 1 97 56 87 51 23 42 27 23 85 39 60 13 48 94 100 23 56 76 18 23 17 59 91 76 33 65 83 10 81 28 10 77 83 48 27 6 41 5 80 77 95 40 41 42 85 40 16 40 67 85 62 36 44 4 11 28 
20 93 89 100 73 99 76 55 98 54 12 39 58 44 67 52 35 8 94 19 99 9 59 66 46 72 53 89 28 63 68 47 8 56 99 80 54 26 86 4 80 98 94 37 41 60 41 75 67 34 45 66 94 55 83 39 79 35 79 6 49 46 4 56 2 54 35 7 80 21 
10 59 70 55 47 62 15 87 88 81 20 32 98 66 39 80 56 17 66 35 74 15 32 77 70 33 31 57 92 62 29 53 20 50 8 66 63 22 53 50 54 24 33 4 41 71 35 97 39 1 83 12 67 14 41 88 99 23 96 90 84 24 42 3 25 1 68 87 74 72 
88 80 96 21 83 88 43 69 84 82 69 66 45 87 32 85 75 30 7 70 71 90 46 64 44 22 65 64 9 38 87 96 17 82 68 51 70 11 20 5 44 40 23 40 27 54 25 53 35 83 74 5 25 19 20 68 41 84 83 1 74 70 96 90 3 16 41 24 78 12 
29 21 51 3 60 29 8 36 81 42 19 55 98 95 25 17 14 17 53 97 17 26 66 65 67 20 80 59 44 57 70 24 29 21 26 40 49 33 76 82 26 46 88 75 40 12 43 53 81 95 1 49 72 18 65 39 38 96 97 33 52 67 56 32 39 33 24 39 17 51 
20 94 96 7 68 87 71 62 91 3 9 92 51 80 9 16 18 98 11 15 30 15 33 37 98 71 21 21 9 37 71 81 82 18 39 1 4 61 63 95 63 71 38 14 50 98 81 20 96 91 86 25 57 18 14 55 88 34 27 48 71 98 80 4 67 19 5 71 79 67 
17 94 89 54 7 90 3 39 9 98 81 94 75 38 63 88 44 2 21 70 50 43 19 81 47 86 99 51 8 30 69 76 75 57 81 33 98 83 71 7 81 51 52 55 40 15 42 83 16 14 5 17 9 23 98 55 60 48 57 67 29 25 94 3 33 74 35 30 57 5 
88 37 8 40 43 47 6 36 30 21 49 34 90 57 8 87 63 20 34 19 38 63 95 32 17 79 5 52 61 61 56 48 49 63 39 91 62 96 26 91 17 27 76 58 83 35 44 98 54 29 68 92 43 15 75 60 93 79 11 53 40 18 53 40 33 43 31 94 39 8 
36 7 34 63 64 69 97 59 66 3 87 85 46 82 99 20 93 92 98 3 96 89 72 100 29 56 43 11 1 33 18 36 39 52 50 2 72 47 12 89 1 50 73 46 31 72 17 23 15 14 77 10 55 1 62 35 56 56 45 57 88 62 44 26 65 94 79 88 92 42 
76 92 91 49 89 74 72 5 96 86 70 25 47 24 25 8 58 32 63 54 40 2 68 84 79 84 29 57 72 72 50 99 63 41 47 3 14 18 59 61 3 28 85 2 4 61 9 13 93 24 67 84 25 86 67 4 69 47 12 92 18 62 91 32 54 89 34 67 7 92 
79 61 72 64 14 75 76 23 39 68 98 5 52 22 42 70 77 11 69 41 2 86 54 44 70 7 33 3 25 91 47 3 3 18 18 17 44 46 39 82 65 88 39 68 9 80 38 38 42 58 78 44 95 83 39 64 89 71 19 65 61 65 19 64 34 89 32 29 34 22 
10 98 9 100 66 69 80 55 6 21 12 35 16 58 17 55 22 57 77 40 73 38 56 92 53 89 32 84 17 65 5 78 14 65 78 31 33 9 85 39 81 48 25 97 6 94 3 79 50 31 18 23 68 73 66 72 13 49 7 81 65 63 58 78 27 87 9 60 95 45 
50 76 45 74 24 50 67 78 80 69 8 97 43 28 21 8 99 85 8 6 65 72 20 74 49 47 61 9 6 55 54 55 82 98 80 5 99 47 82 78 15 42 26 9 69 98 68 67 34 75 24 98 46 44 23 46 90 83 55 47 90 60 53 71 9 32 28 59 30 61 
88 96 2 65 4 70 62 71 89 95 45 64 44 42 59 66 88 100 1 42 46 90 53 98 12 61 82 91 19 11 4 6 7 5 22 10 27 83 81 67 29 77 30 72 19 41 89 6 40 89 99 86 30 51 35 94 11 16 36 81 27 39 38 85 96 59 94 22 93 26 
40 21 3 69 44 73 61 84 78 1 73 28 38 54 78 72 99 40 40 35 72 18 73 9 2 68 19 95 41 63 73 80 35 27 1 78 99 61 61 28 61 85 55 98 91 32 22 89 23 13 23 94 30 96 54 31 15 24 77 56 86 49 35 20 27 35 49 25 96 9 
52 8 46 6 58 36 89 79 24 11 91 47 56 72 94 9 2 8 32 30 15 69 31 50 88 57 36 36 82 83 97 85 91 42 43 48 29 31 78 52 94 20 50 49 91 95 58 44 55 41 25 69 10 55 70 97 64 6 85 97 88 81 81 30 22 23 77 50 6 6 
53 99 25 55 47 67 49 56 62 3 97 87 24 58 93 93 6 56 50 90 52 38 70 85 67 43 59 96 44 64 1 49 62 78 3 9 96 3 64 58 58 12 96 81 69 88 25 75 96 75 64 99 64 86 83 30 80 42 77 24 5 78 24 19 7 26 27 54 28 42 
11 37 54 6 17 22 46 94 96 41 68 12 91 31 97 74 12 76 67 89 51 23 18 74 41 76 51 19 29 31 61 40 67 14 97 36 87 94 29 83 86 96 46 77 78 42 2 89 69 20 29 20 42 46 45 35 21 96 5 50 26 65 41 92 30 89 27 17 83 55 
51 68 2 96 44 31 89 45 20 57 64 100 28 58 46 73 44 18 68 48 67 93 65 59 84 94 48 63 10 30 69 60 97 71 55 93 53 43 89 24 52 5 24 79 62 69 51 57 86 18 4 5 62 68 63 98 14 10 60 23 91 28 83 88 50 89 32 3 84 20 
26 35 24 1 65 37 69 16 93 7 85 49 11 99 68 25 96 81 35 7 4 25 34 38 64 36 78 95 90 61 15 67 47 90 68 64 27 88 31 19 94 15 67 4 13 87 81 60 67 15 66 70 91 52 59 7 87 37 53 28 49 19 46 48 9 13 11 35 1 41 
5 46 7 24 2 72 10 82 31 76 48 97 98 38 100 56 96 86 44 49 65 93 67 10 40 27 23 50 13 75 42 18 20 48 41 21 19 2 54 50 77 1 98 74 39 97 82 86 34 25 34 98 17 53 7 8 79 81 9 44 7 50 61 79 98 53 51 16 54 5 
65 82 5 14 8 43 10 89 81 43 13 14 40 82 18 99 41 49 31 50 92 38 51 4 16 48 56 18 64 61 22 80 42 27 46 49 21 55 37 1 50 2 67 41 35 84 39 75 84 22 76 75 11 27 78 78 26 85 95 41 45 17 73 87 43 18 87 63 72 76 
64 21 77 82 62 63 65 52 89 49 73 65 75 83 43 5 12 68 89 7 9 86 23 81 24 65 98 10 79 21 85 94 94 13 75 7 75 40 58 16 40 83 32 14 17 74 18 29 93 59 35 1 44 57 33 67 73 82 76 51 3 13 45 48 25 19 54 52 10 63 
19 1 45 50 15 14 23 84 42 15 42 28 68 85 36 100 3 60 82 79 10 36 43 6 83 67 77 36 70 38 98 88 39 95 37 5 8 11 88 1 26 82 80 45 18 15 44 21 74 77 51 35 12 93 93 94 11 69 81 33 58 31 72 96 25 61 100 84 71 40 
36 48 73 15 92 90 81 36 62 6 64 64 92 76 8 84 21 19 4 2 3 14 84 74 9 8 34 61 43 57 52 30 4 24 96 96 65 76 83 79 33 46 42 76 73 50 12 94 20 67 47 22 80 30 47 89 89 33 1 83 89 52 12 92 75 7 39 91 34 73 
69 18 71 63 93 95 12 4 88 83 71 86 56 50 67 2 90 55 34 90 89 22 41 100 66 67 58 56 10 91 29 78 60 51 40 53 45 3 8 85 85 30 70 40 80 89 94 21 95 79 63 84 1 55 35 18 22 93 73 83 35 53 60 95 3 52 99 100 6 58 
84 91 88 5 82 19 93 27 39 88 6 1 71 58 56 57 75 29 49 99 11 36 52 22 82 6 73 32 57 31 89 40 73 76 45 54 94 89 33 85 76 38 85 98 47 92 55 21 72 55 71 34 42 74 56 75 32 80 6 88 10 47 28 82 22 24 88 68 12 20 
52 40 9 88 89 55 32 95 27 3 2 97 37 43 71 44 70 54 23 27 41 85 73 68 66 47 43 5 14 7 24 17 98 84 56 86 38 87 33 64 42 34 13 30 28 35 73 97 88 47 24 28 31 48 48 49 94 42 53 59 48 29 27 45 12 83 83 2 21 15 
65 14 48 29 43 75 15 67 24 2 66 99 82 48 46 81 48 92 22 1 2 70 81 29 66 92 63 48 93 35 14 10 49 61 90 43 88 5 62 11 58 27 61 39 26 6 19 74 49 93 26 51 14 6 31 79 97 93 79 90 27 92 51 27 5 40 70 92 44 31 
54 2 9 66 92 34 71 63 7 72 55 32 22 68 37 4 98 86 48 76 27 26 20 77 53 24 68 74 67 12 56 20 65 64 85 56 49 7 70 8 30 24 91 3 43 80 6 41 65 53 68 43 79 87 71 83 10 38 56 76 49 11 47 65 26 83 73 74 42 42 
33 71 18 24 74 60 3 79 52 19 84 20 61 14 6 31 96 68 68 51 43 69 13 90 85 38 24 57 63 65 99 96 36 16 19 9 27 73 39 79 91 74 50 51 87 55 33 82 22 52 84 17 20 48 58 5 85 81 13 100 46 11 95 33 78 65 93 57 37 31 
87 79 57 36 81 43 90 13 77 64 64 12 80 36 60 89 92 96 69 4 47 66 67 93 98 96 57 90 52 45 73 38 23 29 25 3 23 15 67 51 30 83 15 61 18 74 49 9 21 69 64 20 35 30 12 84 78 69 74 29 65 98 19 88 26 43 42 100 9 9 
51 90 91 17 50 60 42 50 20 62 19 83 81 5 65 45 88 42 13 13 22 77 10 92 16 87 87 58 87 47 18 89 37 60 57 38 19 98 88 90 59 58 24 92 14 88 36 1 81 100 66 3 28 75 94 44 14 80 53 52 79 70 92 15 81 48 4 99 45 43 
40 55 52 63 98 65 51 85 18 31 84 83 85 64 9 79 59 22 10 11 25 88 32 16 54 12 63 58 62 7 52 1 14 4 63 11 68 65 96 85 48 31 19 32 94 28 62 52 1 24 14 26 63 45 41 69 56 56 78 17 62 29 69 75 32 84 38 52 48 33 
36 95 15 7 79 9 34 92 12 34 15 26 11 30 70 52 98 78 7 75 46 20 3 15 47 87 98 84 38 97 68 25 44 82 31 22 90 16 13 54 2 80 31 12 9 100 15 6 29 73 80 75 93 34 89 91 20 38 26 57 34 93 34 77 74 64 50 16 80 15 
21 81 46 51 44 54 50 59 11 31 31 42 5 75 75 45 65 47 34 90 55 67 34 88 96 8 4 97 75 83 11 95 15 56 45 58 61 46 68 23 76 99 64 32 25 91 28 42 37 61 31 43 80 17 31 75 76 34 23 50 68 34 96 34 41 92 91 54 89 59 
76 65 9 40 48 33 82 76 74 70 88 57 12 67 73 94 93 100 79 16 1 98 1 96 31 93 39 74 46 27 32 22 43 92 13 91 24 94 18 50 63 57 6 26 24 30 20 68 29 50 35 29 48 87 76 78 80 14 51 25 40 34 98 83 25 10 25 1 3 42 
50 17 98 55 43 73 36 14 93 16 63 79 44 10 66 71 40 97 84 90 21 75 24 71 9 100 80 33 100 83 26 49 51 76 55 93 100 42 58 92 57 21 23 52 82 40 22 21 36 57 11 8 84 86 78 92 85 58 77 85 92 2 85 42 77 92 87 29 33 44 
20 90 16 94 41 98 33 15 18 68 71 80 28 6 65 5 98 2 62 74 38 5 27 22 99 4 13 85 84 46 80 3 87 96 49 27 45 81 93 62 1 64 94 28 21 58 32 18 11 46 43 48 50 70 70 100 25 34 84 8 31 16 62 17 63 10 44 7 91 36 
20 43 51 13 70 72 23 1 41 33 98 84 33 100 5 2 99 29 87 35 36 18 50 97 34 12 59 29 18 1 65 37 43 67 2 12 90 76 64 83 8 14 18 92 13 22 45 11 50 32 97 37 49 46 33 82 57 43 63 26 43 79 15 85 45 16 48 87 91 64 
69 50 77 86 94 41 59 38 3 8 69 100 44 17 45 28 51 54 71 13 79 65 91 93 2 87 60 49 25 2 64 45 4 92 82 97 32 40 34 87 47 55 86 42 23 82 70 25 87 92 37 66 8 79 10 9 18 22 10 94 75 73 39 78 17 20 26 100 60 12 
86 58 66 23 100 88 5 21 13 91 64 1 8 71 32 70 32 1 91 41 94 17 65 84 95 81 4 72 81 15 83 18 72 48 41 23 88 97 95 52 39 10 52 47 33 35 68 64 35 10 4 29 26 68 64 20 1 67 44 33 33 26 50 5 26 90 79 65 86 26 
16 77 35 67 75 19 2 42 82 88 51 85 68 76 5 32 48 57 98 91 89 31 68 38 87 45 80 17 9 17 94 24 93 81 43 67 99 96 60 81 83 10 17 51 38 73 34 85 29 83 27 69 13 46 7 51 43 38 20 51 54 13 27 99 93 69 17 92 16 77 
24 98 86 40 100 23 13 33 59 93 16 37 62 80 35 20 83 77 57 54 27 62 66 5 60 11 73 77 54 40 53 77 38 90 16 89 13 80 74 23 73 41 12 34 72 46 53 6 22 61 59 100 22 77 5 82 87 29 10 40 69 62 16 58 3 83 46 67 63 71 
90 87 11 53 72 35 98 24 40 71 36 99 70 57 75 26 90 61 55 99 52 75 12 19 32 15 1 29 81 63 100 70 1 62 74 72 96 71 47 36 41 82 34 63 39 8 40 28 20 94 79 23 68 90 41 51 4 41 80 85 56 79 6 56 92 32 28 88 2 74 
23 95 8 8 9 46 67 48 25 86 42 3 60 61 45 100 12 100 40 43 36 95 73 42 3 64 73 30 51 26 55 25 72 62 32 80 59 98 28 36 35 21 90 94 33 34 45 96 34 85 38 69 31 10 62 85 26 86 66 76 64 21 53 35 34 84 15 45 34 94 
80 20 14 69 66 98 55 10 94 88 46 31 8 29 93 70 13 18 7 79 45 70 51 97 5 36 33 71 80 18 64 59 37 29 80 54 26 34 16 71 73 13 54 80 41 46 1 6 15 8 84 59 29 86 8 33 21 40 55 1 9 18 11 97 98 90 51 76 75 18 
1 0 1 0 0 0 1 0 1 1 1 0 0 0 1 1 0 1 0 1 1 0 0 0 0 0 1 0 1 0 1 0 0 1 1 0 1 0 1 0 0 0 0 0 0 1 1 1 0 1 0 0 1 0 0 1 0 1 0 1 1 1 0 0 0 1 0 1 1 1 
1 1 0 1 1 0 0 0 1 1 1 1 1 0 0 1 0 0 0 0 0 0 1 0 0 0 1 0 1 0 0 1 0 0 0 1 0 1 0 0 0 1 1 1 0 1 0 0 0 0 0 0 0 1 0 0 1 1 1 1 1 1 0 1 1 0 1 1 1 1 
1 1 0 1 0 0 0 0 0 0 1 0 0 1 0 0 0 1 1 1 0 1 0 0 0 1 1 1 0 0 0 0 0 1 1 0 1 1 1 0 0 0 0 0 1 0 1 1 0 0 0 0 1 0 1 0 1 0 1 0 0 0 0 0 1 1 1 0 0 0 
0 0 0 1 1 1 1 0 1 1 0 1 0 0 0 1 0 1 1 1 1 1 1 1 0 0 0 1 1 1 1 1 1 1 0 0 0 0 0 1 1 1 1 1 1 1 0 1 0 1 0 0 1 0 1 1 0 0 0 1 1 1 1 0 0 1 1 0 1 1 
0 1 0 1 0 1 0 1 0 0 0 1 0 1 1 0 0 1 0 0 1 1 1 0 1 1 1 0 0 1 0 0 0 0 1 0 0 1 1 0 1 0 1 0 1 0 0 0 0 0 0 1 1 0 1 0 1 0 1 1 1 1 1 1 1 0 0 1 1 1 
0 1 1 1 1 1 0 1 1 0 1 1 1 0 1 0 0 1 0 1 0 0 0 0 1 0 0 1 1 0 1 1 1 0 1 0 1 1 1 0 1 0 0 0 0 1 0 0 0 0 0 1 0 0 1 0 0 1 1 0 1 0 1 0 1 0 0 0 1 1 
1 0 1 1 0 1 0 0 0 1 1 0 0 1 0 1 1 1 0 1 1 0 1 0 0 0 1 1 1 0 0 0 1 0 1 1 1 1 0 1 0 1 1 0 0 0 1 0 1 0 1 0 0 0 0 0 1 1 1 0 0 0 0 1 0 1 0 1 0 0 
1 1 1 0 1 0 0 1 0 1 1 1 1 1 1 0 1 0 1 1 0 1 1 0 0 1 1 1 0 0 1 1 1 1 0 0 1 0 1 1 0 0 0 1 1 1 1 1 0 1 0 0 0 1 1 1 0 0 0 0 0 1 0 1 0 0 0 1 0 1 
0 0 0 0 0 1 0 1 0 0 0 0 0 1 1 1 0 1 0 0 0 0 1 0 0 0 0 0 1 0 1 0 1 1 0 1 1 0 0 1 0 1 0 1 0 1 0 0 1 0 0 1 1 1 1 1 1 1 1 1 1 0 1 0 0 1 1 1 0 0 
0 0 1 0 1 1 0 0 1 1 0 1 0 1 0 1 0 0 0 1 1 1 0 0 0 0 1 1 1 1 1 1 0 0 0 1 1 0 1 0 1 0 1 1 1 0 0 0 0 0 1 1 1 1 1 1 1 0 1 0 0 0 0 0 1 0 1 0 0 1 
1 1 1 0 0 0 0 0 0 0 0 0 1 1 1 0 1 1 1 0 1 1 0 1 1 1 1 0 0 1 1 1 0 0 1 0 1 0 0 1 0 0 1 0 0 1 0 1 0 1 1 1 0 1 1 1 1 0 0 1 0 1 0 0 0 1 1 1 1 1 
0 0 0 0 0 0 1 0 1 1 0 0 0 0 1 1 0 0 0 0 1 0 1 1 0 1 1 1 0 0 1 1 0 1 1 0 1 0 1 0 1 1 0 1 1 1 1 1 0 1 1 1 1 1 1 1 0 0 1 1 0 0 0 1 1 1 1 0 1 0 
0 0 1 0 1 1 1 0 0 1 1 0 1 0 1 0 0 1 0 1 0 0 1 0 1 0 1 1 0 0 1 0 0 1 0 0 0 1 0 0 1 0 0 0 0 1 0 0 1 0 1 1 0 0 0 0 0 1 1 0 0 0 0 0 1 0 0 1 0 1 
0 1 1 0 1 1 0 1 0 1 1 1 0 1 0 0 1 0 0 0 1 0 1 1 0 0 0 1 0 0 0 0 1 1 0 0 0 0 1 0 1 0 0 0 1 0 0 1 0 0 1 1 0 0 1 1 1 1 0 1 1 0 1 0 1 1 0 1 0 1 
0 1 1 0 1 0 0 0 1 0 0 1 0 1 1 1 0 0 0 0 1 1 0 0 1 1 0 1 0 0 0 0 1 1 0 1 1 0 1 1 1 1 0 1 0 1 0 0 0 0 0 1 1 0 0 0 1 0 1 0 0 1 0 1 0 1 0 1 1 1 
0 0 1 0 1 1 0 1 0 0 1 0 1 0 1 1 0 0 1 1 0 1 0 1 1 0 0 1 0 1 1 0 0 0 1 1 1 1 1 1 1 0 0 0 1 1 0 1 1 1 1 0 1 1 1 0 0 1 1 0 0 0 0 0 0 1 0 0 0 1 
1 1 1 1 0 0 0 0 0 0 1 1 0 0 0 1 0 0 0 0 0 0 0 1 1 1 0 1 1 1 0 0 0 1 0 0 0 0 0 0 0 0 1 0 0 1 1 1 0 1 1 0 0 1 1 1 0 0 0 1 1 0 0 1 1 0 0 1 0 0 
1 1 0 0 1 1 0 1 0 0 0 1 0 0 0 0 1 1 0 1 0 1 1 0 0 1 0 0 0 1 1 0 0 1 0 1 0 0 0 0 0 1 1 1 1 0 1 1 1 1 0 1 0 0 0 0 1 0 1 1 1 0 1 1 1 0 1 0 0 1 
0 1 0 0 0 0 0 1 1 1 0 1 0 0 1 0 0 0 1 1 0 0 1 1 0 1 1 1 1 0 0 1 1 1 1 1 1 1 0 0 0 0 1 1 0 1 1 0 1 0 0 1 1 1 1 1 0 0 0 1 0 0 1 1 1 0 0 0 0 0 
0 0 0 0 1 0 1 1 1 0 1 1 0 0 0 1 1 1 1 1 0 0 0 1 1 1 0 0 0 0 0 0 0 1 0 0 1 1 1 0 0 0 1 0 1 0 1 0 1 0 0 1 0 0 1 0 1 1 0 1 1 0 0 1 1 0 1 1 0 0 
1 0 1 1 0 0 1 1 0 0 1 0 1 0 0 0 0 0 1 0 1 0 0 1 0 0 0 1 1 0 0 0 0 1 1 0 1 0 1 1 0 0 0 0 0 0 0 0 0 0 0 0 0 1 1 0 1 1 0 0 1 0 0 1 1 0 1 0 0 0 
1 1 1 1 1 1 0 1 0 0 1 0 0 0 1 0 0 0 1 0 0 1 0 1 0 1 1 0 1 1 0 1 0 1 0 1 1 0 1 1 1 0 1 1 0 1 1 1 1 1 1 0 0 0 1 0 1 0 0 1 1 1 0 0 0 0 1 1 1 0 
0 0 1 0 1 1 1 1 0 0 0 0 0 0 0 1 0 1 1 1 0 1 0 0 1 0 1 0 0 0 1 0 0 0 0 1 1 1 0 0 0 0 0 0 0 0 0 1 1 1 0 0 0 0 0 1 0 1 0 0 1 1 1 1 1 1 1 0 1 1 
0 1 0 0 1 0 0 1 1 0 1 1 0 1 1 0 1 0 0 1 0 1 0 1 1 1 1 0 1 0 1 0 1 1 0 0 0 1 0 1 1 1 1 1 0 0 1 1 0 1 0 1 1 0 0 0 1 1 0 1 1 1 1 0 1 1 1 1 0 1 
0 1 0 1 0 0 0 0 0 0 1 0 1 0 1 0 0 0 1 0 1 1 0 0 1 1 0 0 0 0 1 0 0 1 0 0 0 0 0 0 0 0 0 0 0 1 0 1 0 1 1 1 0 1 0 0 0 0 0 0 0 0 1 0 1 1 1 1 1 1 
1 1 1 0 1 0 1 1 1 1 1 0 1 1 0 1 1 0 1 0 1 1 0 0 0 1 1 1 1 0 0 0 1 0 0 1 0 0 0 1 1 1 1 0 1 1 1 0 0 0 0 1 0 0 1 0 0 0 1 1 0 1 1 1 1 0 0 1 0 1 
0 1 0 0 0 1 1 1 0 1 0 0 0 0 1 1 0 1 1 1 0 1 0 1 1 0 1 1 1 1 0 0 1 1 0 1 0 1 0 0 1 0 1 1 0 0 1 0 1 0 1 1 0 0 0 1 0 0 0 1 1 1 1 0 0 1 1 0 1 0 
1 0 0 0 1 1 0 0 1 1 1 1 0 1 1 0 0 1 0 0 0 0 1 0 0 1 1 0 0 0 0 1 0 0 1 0 1 1 0 1 0 1 0 0 0 1 0 0 0 1 1 0 1 0 0 1 0 0 1 0 0 1 1 1 0 0 1 1 1 1 
0 1 1 0 1 1 1 1 0 1 0 1 0 1 1 0 1 1 0 0 1 1 0 0 0 0 0 1 1 1 0 0 0 1 0 1 1 0 1 1 1 1 0 1 1 1 0 0 1 0 0 0 1 0 1 1 0 1 0 0 1 1 0 1 0 0 1 1 0 0 
0 0 1 0 1 0 0 1 0 1 0 1 1 1 1 0 1 0 0 1 0 1 0 0 0 1 0 1 0 1 1 1 1 1 1 0 1 1 0 0 0 0 1 0 1 0 0 0 0 0 0 0 1 0 0 0 1 1 1 0 0 1 1 1 0 0 1 1 0 1 
1 0 1 0 0 1 1 1 1 1 1 1 0 1 0 0 1 1 1 0 1 1 1 0 0 1 1 0 1 1 1 0 1 1 1 0 0 0 1 1 1 0 1 1 1 1 0 0 0 1 1 0 1 0 0 1 0 1 1 1 0 1 1 0 0 0 0 0 0 1 
1 0 1 0 1 1 1 1 1 0 1 0 0 0 1 0 1 1 0 1 0 0 0 1 0 0 0 0 0 0 1 1 0 1 0 0 0 1 1 1 1 0 0 1 0 1 0 0 0 0 1 0 0 1 1 1 1 1 1 1 0 1 0 0 0 0 0 0 0 0 
1 1 0 1 1 1 0 1 1 0 1 0 0 1 1 0 0 0 1 0 1 1 1 1 0 1 0 0 1 0 0 0 1 1 0 0 0 0 1 1 1 0 1 1 0 0 1 0 0 1 0 1 0 1 0 0 0 0 1 1 0 1 0 0 0 0 0 0 0 0 
1 1 0 0 1 0 0 0 1 0 1 1 1 0 1 0 0 1 0 1 1 1 1 1 1 1 1 1 0 1 1 1 1 0 0 0 0 0 0 1 1 0 1 0 0 0 0 0 1 1 0 0 0 1 1 1 0 0 0 0 0 0 0 1 0 0 1 0 0 1 
0 1 1 1 0 1 1 0 0 0 1 0 1 1 1 0 0 1 1 1 0 1 1 0 0 1 0 1 1 0 0 1 0 0 0 0 1 1 0 1 0 0 1 1 1 0 1 0 0 0 1 0 1 0 0 1 1 0 0 0 0 1 0 0 1 0 0 0 0 1 
0 0 1 1 1 0 0 0 0 0 1 1 0 0 1 0 0 0 0 0 1 0 1 1 1 0 1 1 1 1 0 1 1 1 0 0 0 0 1 0 0 0 0 0 0 1 0 0 0 0 1 1 1 0 0 0 1 1 1 0 1 0 1 0 1 1 1 1 0 0 
0 0 0 0 1 0 1 1 1 1 0 0 0 1 0 0 1 1 0 0 1 1 0 0 1 0 0 0 1 0 0 1 0 0 1 1 1 1 1 0 0 1 0 1 0 0 1 1 0 1 1 1 0 0 0 0 0 0 0 1 0 1 1 0 1 0 0 0 1 1 
0 0 0 0 1 0 1 0 1 1 0 0 0 0 0 0 0 0 0 1 0 0 0 1 1 1 1 1 0 1 0 0 1 0 1 0 0 0 0 1 1 0 1 1 1 0 0 1 0 0 0 0 1 0 1 0 0 1 1 0 0 1 0 1 1 1 1 1 1 1 
0 0 0 1 0 1 1 0 0 0 0 1 0 1 1 0 1 1 1 0 1 1 1 0 0 0 1 1 1 1 0 1 1 0 1 1 1 0 1 0 0 0 1 1 1 0 1 1 0 0 1 1 1 1 1 1 1 1 0 1 0 0 0 1 1 1 1 0 0 0 
0 0 0 1 1 0 0 0 1 0 0 0 1 1 1 1 0 1 0 0 0 0 1 0 1 0 0 0 0 0 1 1 0 1 0 0 1 0 0 0 0 1 1 0 0 0 1 1 1 1 1 1 1 0 0 0 0 0 1 1 0 0 0 0 1 0 0 1 1 1 
1 1 0 0 1 0 1 0 1 0 1 1 0 0 1 0 1 0 0 0 1 0 0 1 0 1 1 1 0 0 0 0 0 0 0 1 0 1 0 0 0 1 1 0 0 0 0 1 0 0 1 1 0 1 0 0 0 0 1 1 0 1 1 0 1 1 0 0 1 0 
0 1 1 1 1 1 1 1 0 0 1 1 1 1 0 0 1 1 0 1 0 0 0 1 1 0 0 1 0 1 1 0 0 0 1 1 0 0 0 0 0 1 0 0 0 0 0 0 1 0 1 1 0 1 0 1 1 1 0 1 0 1 1 1 0 0 0 0 1 1 
0 1 0 0 1 1 1 1 1 0 1 0 0 0 1 0 1 1 1 0 0 0 1 0 1 1 0 1 1 1 0 0 1 1 0 0 0 1 0 1 0 1 1 0 1 0 0 1 1 0 1 0 0 0 0 1 0 0 0 1 0 1 1 1 0 0 1 0 1 1 
1 1 1 0 1 0 0 0 1 0 0 0 0 0 1 0 1 1 0 1 0 0 0 0 1 0 0 1 0 1 0 1 1 1 1 0 0 0 0 1 0 0 0 0 0 1 0 1 0 0 1 0 1 1 0 0 0 0 1 0 0 0 0 1 1 1 1 1 1 0 
1 1 0 1 1 1 0 1 0 0 0 1 0 1 1 1 1 1 1 1 1 1 1 1 0 0 1 0 0 0 0 1 0 0 0 1 1 0 1 0 0 1 1 0 0 0 1 1 1 1 0 1 0 1 0 1 0 1 1 0 0 1 1 0 1 1 1 1 1 0 
1 1 1 0 1 1 1 1 1 0 0 1 1 0 1 0 1 1 1 0 1 1 1 0 1 1 1 1 0 0 1 1 1 1 1 0 0 0 1 1 1 1 1 0 0 0 0 1 1 0 0 0 1 1 0 1 0 1 0 0 1 1 1 0 0 1 0 1 1 0 
0 0 1 1 1 1 1 1 1 0 1 1 0 1 0 0 0 1 1 0 1 0 1 1 0 0 0 1 1 1 1 1 0 0 1 1 0 0 0 1 1 0 0 1 1 0 0 1 1 1 1 1 0 0 0 0 0 0 1 1 1 0 1 1 1 0 0 1 0 1 
0 1 1 0 1 0 0 1 1 0 0 0 1 0 0 1 1 1 1 0 0 0 1 1 0 0 1 0 1 0 1 1 1 0 1 0 0 1 1 1 1 0 1 0 0 0 1 1 1 0 0 1 1 1 1 1 1 0 1 0 0 1 1 0 1 0 0 0 1 0 
1 1 0 1 1 0 1 1 0 0 1 0 1 0 1 0 1 0 1 1 0 1 0 1 1 1 1 0 1 0 0 1 1 0 0 1 0 1 0 0 1 1 0 0 0 1 1 1 1 0 0 1 1 0 0 1 0 1 1 1 0 1 0 1 1 0 0 1 1 0 
0 0 0 0 1 0 0 0 1 1 0 0 1 1 0 1 0 0 1 1 0 1 0 0 0 1 1 1 1 0 1 1 1 1 1 0 1 1 0 1 1 0 1 0 1 1 1 0 0 0 1 0 1 0 0 0 1 1 1 0 0 0 1 1 0 1 1 1 0 1 
0 1 1 1 1 0 1 1 0 1 1 0 1 1 0 1 1 1 1 0 0 1 0 1 0 0 0 1 0 1 0 0 0 1 0 0 1 1 1 0 0 0 0 1 1 0 0 0 1 1 0 1 0 1 1 0 1 1 1 1 0 1 0 1 0 0 1 0 1 0 
0 1 0 0 0 0 0 0 0 1 0 1 1 0 0 0 1 1 1 0 1 0 0 1 1 0 1 0 0 0 0 0 1 0 0 1 0 0 1 1 0 1 0 1 0 0 1 1 1 0 1 0 0 1 1 1 0 0 1 0 0 1 1 1 0 1 0 0 0 0 
1 0 1 1 1 1 1 0 0 1 0 0 1 1 1 1 0 1 1 0 0 0 1 1 1 1 0 0 0 0 0 1 0 1 1 1 1 0 1 1 1 0 1 1 1 1 0 1 0 1 1 0 1 1 1 1 0 0 1 0 0 1 0 1 0 1 0 1 1 0 
