52 54 1180
65 85 53 50 13 9 73 24 50 43 36 67 98 97 60 28 9 39 78 47 26 2 23 33 20 21 14 2 27 85 46 43 22 50 92 34 58 16 9 59 10 44 25 8 41 85 87 1 75 65 100 52 18 74 
84 37 94 97 39 72 34 36 14 55 85 58 40 95 25 48 53 35 44 30 94 36 66 32 88 92 48 87 43 65 60 78 2 5 74 92 76 59 27 90 65 11 99 4 5 23 4 10 57 47 39 2 82 56 
34 69 47 81 8 89 98 19 66 99 24 91 90 51 50 68 40 66 78 38 70 35 13 25 44 69 23 34 23 4 89 8 24 35 88 83 75 85 2 92 35 77 34 76 27 83 43 19 1 21 8 70 7 20 
46 50 41 68 83 63 23 23 70 98 57 9 81 83 46 34 74 80 62 7 8 40 42 50 10 42 22 18 63 28 89 60 29 81 27 11 43 49 33 64 46 41 25 78 75 22 63 100 53 76 59 60 16 52 
62 25 93 83 94 7 63 83 18 91 63 44 54 58 44 86 73 89 79 49 19 53 70 33 5 23 9 63 82 24 14 43 48 58 78 94 16 92 76 33 82 90 76 87 47 19 25 72 59 3 20 29 7 90 
62 11 64 70 73 45 93 38 40 92 95 69 85 10 60 12 42 93 2 17 80 100 87 4 71 46 58 43 74 16 32 35 27 47 56 51 43 100 89 82 92 35 2 28 45 13 92 86 6 93 55 37 92 41 
92 15 38 49 57 12 64 40 98 42 86 6 45 28 5 85 62 48 19 15 76 63 28 67 1 33 11 55 21 54 47 12 20 85 12 76 48 75 67 45 69 4 2 65 84 7 1 45 54 19 11 81 34 38 
99 34 22 9 40 42 15 86 53 34 70 64 10 17 91 28 14 11 32 67 27 15 73 27 11 27 97 21 59 30 11 58 15 32 66 54 74 80 92 78 14 13 42 75 82 84 54 95 46 85 61 72 51 86 
98 61 64 94 34 22 76 44 79 42 75 97 96 100 28 39 78 93 51 71 67 32 6 21 78 51 57 91 22 8 76 71 20 39 16 5 60 91 48 91 33 75 87 80 74 14 70 3 7 20 73 25 4 78 
97 81 28 54 23 1 13 98 71 84 88 39 89 100 29 88 90 13 62 76 44 88 89 65 42 47 85 15 72 40 44 68 20 24 73 95 76 37 92 99 21 32 37 61 31 17 48 72 82 62 47 25 1 87 
90 42 34 26 8 57 17 4 76 88 27 49 82 2 37 26 100 57 57 88 17 39 5 17 10 86 30 56 62 30 94 51 71 79 28 31 35 44 34 63 32 12 63 65 13 99 90 65 8 46 52 76 36 8 
92 45 93 21 52 55 2 98 57 73 76 37 55 63 32 88 25 63 99 87 80 63 85 69 79 44 67 31 20 2 38 11 47 83 84 50 37 85 47 93 9 75 29 63 37 61 2 61 75 100 99 54 15 35 
75 93 79 41 75 98 42 13 60 40 95 95 42 83 32 88 27 40 62 56 55 50 68 56 62 94 8 60 100 22 47 74 14 77 14 89 26 7 53 37 99 99 32 92 81 63 79 7 54 93 14 8 94 33 
16 56 27 23 67 78 44 13 51 9 41 16 97 66 74 1 3 24 99 34 15 31 48 46 90 1 38 55 9 83 88 76 38 66 98 5 95 93 69 45 1 62 12 50 27 85 2 29 9 53 14 75 83 13 
20 24 14 9 79 74 92 18 49 29 35 46 85 29 90 6 25 42 67 36 43 93 72 45 74 32 97 39 7 31 52 78 55 65 87 85 90 78 54 38 58 88 35 43 68 24 100 92 65 66 79 8 10 2 
4 35 34 100 74 92 30 77 69 36 93 7 72 82 84 25 71 42 64 5 36 31 80 35 74 44 52 4 3 13 6 6 48 91 57 73 34 39 49 2 74 93 61 98 74 44 22 44 37 86 100 24 68 79 
10 42 74 61 45 77 26 2 34 73 44 43 97 77 81 45 31 6 37 91 3 62 34 77 5 23 62 56 46 29 34 56 22 7 68 19 35 93 20 21 17 64 63 13 92 95 9 22 52 97 12 55 10 98 
31 66 20 44 21 17 24 54 24 46 61 44 64 47 88 35 67 5 50 29 69 42 75 30 63 27 78 27 33 88 24 15 53 95 58 74 11 81 79 87 78 39 30 93 38 17 80 4 73 29 85 42 22 59 
23 37 37 100 63 69 87 38 83 92 84 92 65 94 25 95 32 54 86 61 47 23 78 26 26 50 6 10 43 28 21 65 16 57 65 78 26 3 67 60 94 50 4 10 95 28 5 27 81 90 39 27 12 16 
4 89 18 10 99 60 89 71 77 4 27 41 33 4 43 99 64 37 100 67 98 94 46 2 72 78 91 11 57 54 78 60 43 95 21 93 7 9 63 83 64 41 75 96 45 69 46 60 57 45 78 55 91 75 
56 62 52 99 24 8 4 2 20 98 96 40 90 54 1 4 88 64 97 62 60 93 31 5 4 87 2 33 93 92 7 1 5 58 99 29 18 54 30 37 52 77 28 93 31 28 49 70 44 45 32 3 89 14 
59 92 52 12 24 45 3 30 45 8 39 95 88 8 48 17 96 51 45 24 44 27 3 92 97 46 88 28 100 76 93 11 67 44 22 42 88 25 23 84 84 61 78 23 21 78 39 16 28 83 91 71 10 46 
14 6 91 1 85 43 28 77 53 46 72 74 87 12 50 9 95 85 22 25 7 42 54 97 9 81 32 100 4 41 45 69 98 87 22 34 29 49 62 81 47 33 7 33 44 8 94 91 93 15 67 51 8 20 
48 16 52 79 67 7 71 11 76 20 98 49 53 78 49 66 11 95 98 17 80 94 76 73 84 68 39 2 71 98 21 18 13 24 48 80 31 70 42 58 89 91 6 93 69 54 58 79 1 55 47 80 100 22 
4 83 42 94 36 12 91 56 81 55 80 28 34 62 97 28 19 37 18 76 29 86 29 86 16 81 92 62 60 92 36 15 26 29 8 62 40 50 69 72 5 100 51 38 61 99 17 31 35 35 6 63 72 87 
100 88 67 43 1 79 86 88 93 12 16 53 25 55 2 45 26 6 45 76 96 57 74 12 40 60 98 45 74 70 83 25 57 50 68 9 80 53 97 24 16 12 76 92 19 30 37 96 87 33 24 82 41 49 
46 80 61 43 77 34 12 59 59 20 60 78 81 39 82 29 15 98 40 42 41 10 71 29 58 10 13 33 43 54 81 88 85 41 83 13 27 46 72 85 18 83 14 98 74 95 26 88 44 17 29 85 79 52 
13 36 61 78 68 3 31 100 43 67 93 77 80 19 22 3 55 39 85 68 88 10 62 65 97 6 34 78 42 64 81 6 99 41 83 18 95 65 69 37 32 61 65 63 31 87 65 85 77 1 4 17 63 66 
81 59 23 66 88 16 29 68 21 79 60 56 48 55 20 17 43 3 29 8 17 12 46 81 48 22 34 52 38 96 69 71 6 91 88 46 6 17 13 78 47 73 33 95 79 5 63 21 7 43 80 24 54 25 
56 54 99 41 5 88 88 73 10 46 15 98 91 72 66 55 49 12 27 34 6 57 38 20 30 96 63 9 71 68 34 27 21 84 19 25 71 59 49 81 4 63 78 94 34 43 100 35 54 79 68 12 35 57 
31 64 52 45 25 23 13 10 1 33 93 19 10 63 77 58 43 32 73 20 77 58 14 77 92 20 55 11 31 89 67 13 5 19 58 29 93 70 38 93 54 30 63 63 44 40 73 87 23 45 58 100 54 72 
76 46 91 30 56 73 70 75 37 26 45 94 6 37 15 95 29 69 24 91 83 68 82 7 6 5 3 63 4 57 86 31 54 28 60 61 52 81 35 89 59 79 34 64 15 49 59 95 69 34 86 3 53 67 
10 58 23 64 73 26 20 58 8 25 38 19 86 89 100 20 77 10 51 11 73 17 11 83 12 79 17 97 33 21 15 94 31 90 58 3 67 29 12 75 54 49 93 39 38 92 10 14 53 12 76 26 29 86 
60 40 16 76 88 49 49 54 42 79 43 51 81 10 80 92 84 85 41 76 75 30 20 36 43 72 48 71 49 28 56 9 67 24 36 6 72 84 59 65 62 2 16 94 11 47 38 94 83 30 69 57 59 88 
44 53 60 91 23 8 18 31 68 36 54 4 41 25 87 52 41 1 53 8 46 63 6 83 56 88 12 76 96 70 16 40 23 75 30 45 34 100 27 54 87 80 57 80 56 95 31 97 47 83 56 93 97 62 
75 4 49 87 31 45 8 46 84 30 72 65 27 6 16 53 11 55 33 67 34 40 13 16 36 60 50 92 52 46 53 78 1 53 64 31 97 72 77 32 53 48 97 31 5 64 84 15 18 68 33 51 7 46 
18 95 5 67 86 8 64 90 85 64 42 1 95 91 72 23 22 76 70 70 7 27 34 42 41 51 9 74 54 15 71 71 9 75 90 46 82 53 87 18 69 81 18 63 23 41 85 96 17 6 66 75 32 51 
16 25 53 24 50 6 90 20 29 51 46 70 96 79 74 35 96 42 15 14 56 37 6 92 84 22 98 49 48 81 99 63 57 4 38 6 61 28 77 41 78 22 10 25 52 84 11 48 25 25 13 33 13 18 
24 97 92 21 97 39 54 48 54 10 51 91 16 11 70 44 52 47 66 13 24 17 48 34 16 25 11 28 57 75 98 80 23 41 1 72 31 6 19 84 15 21 27 82 83 96 26 86 95 43 99 18 11 46 
3 27 70 13 6 78 40 55 58 62 95 10 33 26 15 3 9 81 23 87 63 6 83 40 91 77 82 41 94 92 39 48 70 60 61 76 38 100 30 47 13 77 56 98 2 70 100 62 2 23 49 64 80 31 
55 22 59 36 15 4 80 53 51 1 64 63 76 1 14 58 47 27 86 54 24 87 75 23 100 77 97 48 92 28 30 47 50 40 82 16 43 13 68 94 14 83 56 41 84 70 50 82 48 35 88 23 73 62 
97 73 38 94 72 30 73 54 76 74 93 9 89 36 22 8 81 35 91 88 27 74 9 77 7 56 11 94 78 84 8 27 8 45 20 31 26 44 84 1 18 77 10 6 64 83 14 96 69 4 35 95 29 44 
71 87 51 34 33 81 69 40 7 76 36 26 6 62 21 42 14 38 70 75 96 85 57 61 80 25 16 14 20 96 9 42 34 60 75 66 40 43 57 46 70 45 23 28 6 43 69 19 33 38 94 80 74 2 
40 53 27 7 18 98 2 27 39 35 86 66 53 77 60 61 22 30 5 44 9 10 38 29 81 22 18 26 1 91 27 40 95 5 46 12 2 99 90 93 34 27 10 38 3 69 98 76 50 3 71 10 12 9 
38 44 30 55 69 83 45 48 22 91 52 20 3 6 18 44 50 3 71 59 40 25 79 38 53 29 40 23 38 3 83 28 99 65 82 67 47 79 66 20 69 18 39 23 75 9 19 76 11 41 34 3 65 64 
40 17 44 31 92 82 85 74 61 35 90 42 54 36 72 19 56 93 88 46 15 62 6 85 37 17 25 22 19 90 38 10 58 81 92 1 14 28 75 74 63 16 16 16 52 39 34 59 31 22 56 98 35 62 
82 24 30 7 97 48 48 34 9 57 15 52 58 80 79 84 54 93 99 21 8 2 59 94 12 42 67 68 39 1 29 20 76 58 78 25 57 25 10 17 34 76 68 91 56 98 26 9 91 76 29 50 78 39 
43 89 80 9 8 70 62 36 90 89 45 19 13 53 96 23 21 29 50 88 71 5 38 96 13 80 71 93 81 100 32 76 89 63 84 48 33 97 84 74 38 80 92 2 85 87 76 5 67 26 45 37 30 82 
84 95 13 55 87 93 6 70 68 46 85 4 94 17 52 29 42 89 8 33 43 92 72 18 97 38 43 93 27 25 74 10 71 38 16 57 82 22 79 50 67 15 5 12 31 8 40 72 49 100 56 91 43 79 
60 91 69 3 83 95 79 8 4 49 45 72 57 27 45 87 28 11 1 84 75 83 91 14 6 39 13 62 29 56 40 89 98 8 43 81 54 73 88 10 21 33 81 29 11 25 16 90 87 68 73 61 51 63 
27 56 2 91 17 82 98 9 70 96 68 64 76 22 36 15 83 8 99 63 89 9 39 4 98 77 23 22 90 73 85 16 29 38 58 97 19 56 57 41 51 25 56 78 98 92 92 80 51 91 94 39 51 84 
94 1 60 69 22 49 41 58 16 21 95 74 18 14 81 74 6 83 50 61 60 99 4 3 30 7 93 75 97 44 58 43 96 70 11 17 70 51 75 38 72 69 63 41 34 43 66 91 25 16 4 36 66 7 
1 1 0 0 1 1 1 1 1 0 0 1 0 1 1 0 0 0 1 0 0 0 0 0 1 0 1 0 1 0 0 1 1 1 1 1 0 0 0 1 0 0 0 0 1 1 1 0 0 0 0 0 0 1 
0 1 1 1 1 1 0 0 0 1 1 1 0 1 1 0 0 1 0 0 1 0 1 0 0 1 0 0 0 1 1 0 0 1 0 0 0 0 0 0 1 1 1 0 0 0 0 0 1 1 0 0 1 1 
1 1 1 1 1 1 0 1 1 1 0 1 1 0 1 1 0 1 0 1 1 0 1 1 0 0 0 0 0 1 1 1 0 0 1 0 1 1 1 1 0 1 0 1 1 0 0 1 1 0 0 0 0 1 
1 0 1 0 0 1 1 0 1 0 0 0 0 0 1 1 1 0 0 1 1 1 1 0 0 0 0 0 0 1 1 0 1 0 0 0 1 1 0 0 1 0 0 1 0 0 0 1 0 0 1 1 1 0 
1 1 1 0 1 1 1 0 1 0 0 1 0 0 1 0 0 0 1 1 0 1 1 0 1 1 1 0 0 0 0 0 0 1 0 1 1 1 0 0 1 0 0 0 0 1 0 1 1 1 0 1 1 1 
0 0 0 1 0 0 1 0 0 1 0 0 1 1 1 1 1 1 1 1 1 0 0 1 1 0 1 1 1 0 0 1 0 0 0 0 0 0 0 1 1 0 1 0 1 1 1 1 0 1 0 1 1 1 
0 0 1 1 1 0 1 1 0 1 1 0 1 1 0 0 0 0 0 0 0 0 1 0 1 1 1 1 0 0 0 0 0 1 0 1 0 1 0 0 1 1 0 0 0 1 0 1 1 1 1 1 1 0 
1 0 1 0 1 1 0 0 1 0 1 1 1 1 1 1 1 0 0 0 0 1 1 1 0 0 0 1 1 1 1 1 1 0 1 0 1 0 0 0 0 0 0 0 1 1 1 1 1 0 1 1 1 0 
0 1 0 0 0 1 1 1 0 0 1 0 1 0 0 1 0 0 1 0 0 1 1 0 0 0 0 1 0 1 1 0 0 1 1 0 0 0 1 1 1 0 1 0 0 1 1 0 1 1 1 0 0 0 
0 0 1 0 1 1 1 0 1 1 1 0 1 1 1 0 0 0 0 1 0 0 0 1 0 0 0 1 0 0 0 0 0 1 0 1 0 1 1 1 0 0 0 1 0 1 1 0 1 1 0 1 1 0 
0 1 0 1 1 0 1 1 0 0 0 0 1 0 1 1 1 1 1 1 0 1 0 1 0 1 0 0 0 1 0 1 1 1 0 0 1 1 1 0 1 1 0 1 1 0 0 0 1 1 0 0 1 0 
1 1 0 0 1 0 1 1 1 0 0 1 0 0 1 1 0 0 0 0 1 1 0 1 0 0 1 0 0 0 0 1 1 0 1 0 1 1 1 0 1 0 0 0 0 1 1 0 1 0 0 1 1 1 
0 1 1 1 1 1 1 0 0 0 0 0 0 1 1 0 0 0 0 0 0 0 1 0 0 0 0 0 1 1 1 0 1 0 1 0 1 1 0 0 1 1 0 0 0 1 0 0 1 0 0 0 0 1 
0 0 0 0 0 1 1 0 1 0 0 1 1 0 0 1 0 1 0 0 1 1 1 1 1 0 1 0 0 1 1 0 1 1 0 0 1 0 0 0 0 0 1 1 0 1 1 0 1 1 0 0 0 1 
0 0 0 1 0 0 1 1 1 0 1 1 0 0 1 0 0 0 1 0 1 1 1 0 0 0 0 0 1 0 0 1 0 0 0 0 0 1 0 1 0 1 1 0 1 0 1 1 0 0 1 0 1 1 
0 1 1 0 0 0 1 0 1 1 0 0 0 0 1 0 0 1 1 1 0 0 1 1 1 0 1 1 0 0 0 0 0 1 1 0 0 0 0 1 1 0 1 1 0 1 1 0 0 0 1 0 0 1 
1 0 1 0 1 1 1 1 1 1 0 0 1 0 0 1 0 0 1 1 1 1 0 1 0 1 1 1 1 0 0 1 0 1 1 1 0 0 0 0 1 0 0 0 1 1 1 1 1 0 0 0 0 1 
1 0 0 1 1 1 1 0 0 1 1 0 0 0 0 0 0 0 0 0 0 1 1 0 0 0 0 1 1 0 0 0 0 0 1 0 1 0 0 0 1 1 0 1 1 0 1 1 0 0 0 1 1 1 
1 0 0 1 1 1 0 1 1 0 1 1 0 0 1 0 0 1 0 0 0 1 1 0 1 1 0 1 0 1 0 1 1 0 1 0 1 1 1 1 1 0 0 0 1 1 0 1 0 0 0 1 0 1 
1 1 0 1 0 1 0 0 0 0 1 1 0 0 0 0 1 0 0 1 0 1 1 0 1 1 1 1 0 1 0 1 0 0 0 0 1 1 0 0 1 1 1 1 0 0 1 1 0 0 1 0 1 0 
0 0 1 1 1 0 0 1 1 0 0 0 0 1 1 1 1 0 0 1 1 0 1 1 0 1 1 1 1 0 1 1 1 0 1 0 0 1 0 0 0 0 0 0 1 1 1 1 1 0 0 0 0 1 
1 0 0 0 1 1 1 0 0 0 1 1 0 1 1 0 1 1 0 1 1 0 0 1 1 1 1 1 0 1 0 1 0 0 0 1 1 1 0 1 1 1 1 1 0 0 0 0 1 0 1 0 0 0 
1 1 1 0 0 1 0 0 1 0 0 1 1 1 0 1 1 1 0 0 0 1 0 0 1 1 1 0 1 1 0 1 1 0 1 1 1 1 0 0 1 0 1 1 0 1 0 1 0 1 1 1 0 1 
1 1 0 0 1 1 0 0 0 1 0 0 0 1 1 0 0 1 1 1 0 1 1 0 0 1 1 1 0 1 0 0 0 0 0 0 1 0 0 0 1 0 0 0 1 1 0 1 0 1 1 0 0 0 
1 0 1 0 1 0 0 1 0 0 1 0 0 1 1 0 1 0 0 1 0 0 0 1 1 1 0 0 1 1 0 0 1 0 1 1 0 1 0 0 1 0 0 0 1 1 0 0 0 1 1 0 1 1 
1 0 0 0 1 0 1 1 0 0 1 1 1 1 0 0 1 0 0 0 0 1 1 0 1 1 1 0 0 0 1 1 1 0 1 0 0 0 1 0 1 1 0 0 0 0 0 0 0 0 0 0 1 1 
1 0 1 0 0 1 1 0 0 0 0 0 0 0 0 1 0 1 0 0 0 1 1 0 1 1 1 1 0 0 0 1 1 1 1 1 0 0 1 1 0 1 1 0 1 1 0 0 1 0 0 1 1 1 
1 0 1 0 1 1 1 0 0 0 1 1 1 0 0 1 1 0 0 0 1 0 1 1 0 0 1 0 1 1 0 1 1 1 1 1 0 0 1 0 0 0 1 0 0 1 1 1 0 1 1 1 1 1 
0 1 1 1 0 1 0 0 0 0 1 1 1 1 0 0 1 0 0 0 0 1 0 1 0 0 1 0 1 0 1 1 0 0 0 0 1 1 0 1 1 1 1 0 0 1 0 1 1 0 1 0 1 1 
1 0 1 0 0 0 1 1 1 1 1 0 1 1 1 1 0 0 0 1 0 0 0 0 1 0 0 0 0 0 0 1 0 1 0 0 0 1 1 1 0 0 1 1 1 0 0 0 0 0 1 0 0 0 
0 1 0 1 1 0 1 1 1 1 1 1 1 1 0 0 0 0 0 0 1 0 0 1 0 1 1 1 1 1 1 0 0 1 1 0 1 0 1 1 1 0 0 0 1 1 0 0 1 0 0 1 0 0 
0 0 1 0 0 1 1 1 1 0 1 0 0 0 0 1 1 1 0 0 1 1 1 1 1 0 1 1 1 0 0 0 0 1 0 0 0 1 0 1 1 1 1 1 1 1 1 1 0 1 1 1 0 0 
0 0 0 0 1 0 0 1 0 0 1 0 1 1 1 1 1 1 0 0 0 1 0 1 0 0 0 1 0 1 1 0 1 0 0 0 0 0 0 0 1 1 0 0 0 1 1 1 0 1 0 1 0 0 
0 1 0 1 0 0 0 0 1 1 0 1 1 0 0 1 0 1 0 0 1 1 1 0 0 0 1 0 1 1 0 1 0 1 0 1 1 0 1 0 1 1 0 1 1 0 0 1 1 1 1 0 0 0 
0 0 0 1 1 1 0 1 1 1 0 1 0 0 0 1 0 1 0 0 0 1 0 1 0 1 0 1 1 0 1 1 0 0 0 1 1 1 1 0 0 1 0 0 1 0 1 0 1 1 0 0 0 1 
1 0 0 1 1 0 1 0 1 1 0 0 1 0 1 0 0 1 1 0 1 1 0 0 1 0 1 1 0 1 0 1 1 1 0 0 1 1 0 0 0 1 0 1 1 1 1 1 0 1 0 1 0 0 
1 1 0 0 0 0 1 1 1 0 0 1 0 1 0 1 1 1 0 0 0 1 1 0 0 0 1 0 1 1 1 1 0 1 1 0 0 1 1 1 1 1 1 0 0 1 1 0 0 1 0 1 0 1 
1 0 1 0 1 1 1 0 0 1 1 1 1 1 0 1 1 0 0 0 0 1 1 1 1 0 0 1 1 0 0 0 0 0 0 1 1 1 1 1 0 1 0 1 0 1 0 1 1 1 1 1 0 1 
0 1 1 0 0 0 0 0 0 0 0 0 0 1 1 1 0 1 0 1 0 1 0 1 0 1 0 0 0 0 1 0 1 0 0 1 0 0 1 0 0 0 0 0 1 1 0 0 0 0 1 0 1 1 
1 0 0 1 0 0 1 1 0 0 1 0 1 1 0 1 1 0 1 1 1 0 0 1 0 0 1 1 0 1 0 0 1 0 1 1 0 1 0 0 1 1 0 1 0 0 0 1 1 1 0 0 1 0 
1 0 0 0 1 0 1 0 0 0 0 0 1 1 1 1 1 0 0 0 1 0 0 1 1 1 0 1 1 0 1 0 0 1 1 1 0 0 1 0 1 0 0 0 1 1 0 0 0 0 0 1 1 1 
1 0 0 1 0 0 1 1 0 1 1 1 1 1 0 0 1 1 0 0 1 1 1 1 0 1 0 0 1 1 1 0 1 0 1 1 0 1 1 0 0 0 0 1 1 0 0 0 1 0 0 0 0 0 
0 0 1 0 0 0 1 0 0 0 0 0 0 0 1 1 0 1 1 0 1 0 0 1 0 1 1 1 0 1 1 0 1 0 0 0 1 1 0 1 1 0 1 1 0 0 0 0 0 1 1 1 1 1 
0 0 1 1 1 1 1 0 1 0 0 1 0 1 0 0 1 1 0 0 1 0 1 1 1 1 1 0 0 0 1 0 0 0 1 1 1 0 1 0 1 0 1 1 1 1 0 0 1 0 1 0 1 0 
1 0 1 0 0 1 1 1 1 1 0 0 1 1 1 0 0 0 0 1 1 0 1 1 0 0 0 1 0 1 1 1 1 0 0 1 1 1 0 0 0 0 1 1 0 0 0 0 0 0 1 1 0 0 
1 1 0 1 0 0 0 0 0 1 0 0 0 0 1 0 0 1 1 1 1 1 1 1 1 1 1 0 1 0 1 0 1 1 1 1 0 1 1 0 0 0 0 0 0 1 0 0 0 1 0 1 0 1 
0 1 1 0 0 0 0 1 0 1 0 1 0 0 0 0 0 0 0 0 0 0 1 0 0 0 0 0 1 0 0 0 0 1 0 0 1 0 1 1 1 1 0 1 0 0 1 0 0 1 1 0 1 0 
0 0 0 0 0 0 1 0 0 1 1 0 1 0 0 0 1 1 1 1 0 1 1 0 0 1 1 1 1 1 1 0 1 0 0 1 0 1 0 0 0 1 0 1 0 0 1 1 1 1 1 1 0 0 
1 0 0 1 1 1 0 1 1 1 1 0 0 1 1 0 1 0 0 1 1 0 1 1 1 0 0 0 1 0 1 1 1 1 0 0 0 0 1 0 1 0 0 1 1 1 0 0 1 0 1 1 0 0 
0 1 0 0 0 0 0 1 1 1 0 1 0 0 1 1 0 0 0 0 1 1 0 1 0 1 1 1 0 1 0 0 1 0 0 1 0 1 0 1 0 0 0 0 0 1 0 1 1 0 1 1 1 1 
0 1 1 0 1 1 1 1 0 0 1 0 1 0 1 1 1 0 1 0 0 0 1 0 1 1 0 0 0 0 0 0 1 1 0 0 0 0 1 0 0 1 1 0 1 0 1 0 0 1 0 1 1 0 
1 0 1 0 0 1 0 0 1 1 1 0 0 0 0 1 0 0 0 1 0 1 0 0 0 0 1 0 1 0 0 1 0 1 1 0 0 1 1 0 0 0 0 0 0 0 0 1 0 0 0 1 0 0 
