62 53 2309
77 40 5 69 49 83 95 70 83 63 93 86 71 9 50 54 44 80 74 94 91 42 80 22 9 50 60 72 15 97 73 91 89 29 11 89 12 5 58 46 20 51 31 90 11 32 96 54 11 69 99 1 62 
79 22 70 28 33 42 42 82 66 85 70 94 47 10 57 4 67 55 75 69 37 64 79 69 11 85 79 80 83 80 93 61 53 63 40 38 56 34 19 73 70 40 18 16 49 27 19 67 81 93 36 17 9 
14 85 19 98 64 50 33 95 43 93 99 57 33 88 64 18 58 36 87 97 5 2 97 31 73 64 11 65 51 80 25 64 16 44 14 31 45 46 25 87 90 76 95 22 63 58 91 21 93 77 69 98 79 
66 80 51 81 91 67 31 22 92 46 37 87 11 68 31 56 44 70 46 19 64 19 34 22 10 54 66 38 22 63 68 39 43 18 71 85 37 53 6 80 99 94 66 9 61 48 17 5 17 14 75 81 84 
8 54 45 61 19 83 35 34 50 25 28 20 96 12 8 100 69 87 98 62 52 59 75 99 27 79 68 40 53 100 75 13 53 20 25 71 54 11 56 55 36 83 74 83 46 81 82 14 67 32 28 70 42 
2 21 68 32 88 59 36 87 33 48 91 4 73 13 57 83 69 12 70 51 37 52 97 70 86 62 88 17 89 58 58 42 78 77 73 17 35 61 55 67 8 45 23 32 57 31 67 25 42 88 28 31 40 
76 100 77 89 87 93 30 96 2 71 25 78 96 41 12 56 95 30 15 39 4 99 48 35 17 24 28 4 3 58 95 78 9 71 67 48 15 96 43 16 18 68 45 13 60 8 20 55 90 87 45 93 37 
44 27 53 68 55 8 70 64 3 100 73 73 18 20 40 65 14 55 82 81 52 47 93 59 18 47 48 56 43 41 92 87 19 96 6 73 4 27 89 6 26 61 30 43 32 69 7 45 76 41 78 27 87 
70 85 56 68 85 12 62 25 3 48 95 51 5 68 54 32 56 11 57 68 92 52 99 61 10 95 88 50 72 14 88 93 50 44 60 34 55 22 10 9 21 5 59 26 24 64 57 31 26 65 50 18 16 
100 30 26 94 17 27 18 82 15 10 31 58 70 17 64 43 78 72 63 34 83 40 9 46 48 91 72 13 40 41 80 39 70 57 85 86 36 2 67 50 11 49 59 32 17 22 74 47 93 89 32 27 28 
41 73 28 31 96 92 23 36 71 13 5 80 97 42 15 98 8 16 61 8 74 92 77 95 18 23 39 58 54 66 85 46 90 64 29 85 55 51 72 78 15 28 9 12 69 75 61 28 90 21 87 15 65 
63 9 34 37 99 91 91 64 27 88 5 91 16 41 45 18 12 22 33 39 30 96 59 4 56 86 45 29 73 59 45 87 19 30 24 18 20 66 33 46 53 38 36 69 78 33 38 42 6 70 32 88 17 
91 43 25 28 88 5 52 98 1 39 17 30 62 34 49 27 18 46 79 7 34 99 37 66 37 78 71 58 61 10 27 51 53 51 31 40 55 82 89 55 20 5 36 33 90 84 59 8 29 90 66 62 40 
2 79 28 31 2 86 44 11 64 94 63 14 76 54 20 58 43 26 29 99 61 62 89 96 72 48 24 13 13 38 53 67 16 80 49 69 17 92 80 80 38 94 45 13 48 16 22 42 41 51 40 53 64 
80 48 35 27 72 48 92 61 52 10 28 31 10 97 100 2 76 31 91 69 76 55 68 43 77 61 84 27 53 36 42 32 84 76 11 7 75 2 67 26 63 94 9 72 90 60 25 17 90 15 38 17 70 
5 60 46 18 95 24 70 30 65 1 65 92 11 71 67 64 89 44 78 35 4 50 76 63 74 93 5 41 82 21 10 86 32 7 3 26 30 24 8 46 25 72 37 87 95 55 51 35 51 28 69 54 29 
45 69 55 89 73 95 70 45 4 7 29 10 62 6 91 85 13 36 61 37 24 48 83 31 50 17 81 77 86 86 58 82 54 12 22 78 6 43 23 61 1 51 22 62 56 12 99 21 99 59 57 74 58 
91 4 7 7 36 36 44 74 93 77 27 56 98 5 61 92 79 73 93 81 94 54 36 5 4 8 55 15 64 28 72 54 84 79 13 71 14 56 44 58 33 23 13 82 79 25 74 57 97 66 37 90 71 
24 46 27 32 100 41 47 79 12 53 14 42 17 85 55 24 80 64 8 2 76 90 32 52 15 40 48 32 28 89 2 52 34 28 35 85 68 33 16 32 37 29 73 53 65 80 77 97 43 84 98 71 25 
82 22 39 21 70 70 49 10 72 52 96 51 86 32 71 70 47 2 7 28 26 59 44 5 35 40 48 71 90 18 95 71 91 34 91 12 55 91 22 78 42 17 29 27 100 51 97 47 52 55 26 77 13 
69 34 100 61 81 70 50 50 64 20 40 49 62 52 4 53 25 81 46 41 61 25 92 11 73 38 14 27 15 43 39 36 76 38 96 56 59 45 57 75 16 48 23 29 99 78 33 23 59 79 15 19 3 
7 82 75 96 95 1 63 37 91 98 12 81 93 19 39 89 27 13 56 75 88 84 73 65 17 48 23 47 14 94 1 72 27 27 68 21 79 82 10 69 79 21 49 23 92 40 11 18 52 66 92 39 1 
17 4 69 16 78 15 29 23 67 53 49 93 72 70 71 53 79 92 31 51 40 53 94 79 15 12 83 32 55 21 32 23 76 1 90 6 67 19 28 34 23 77 26 94 98 49 46 28 40 76 30 31 80 
24 62 46 87 44 77 93 16 8 16 44 60 5 49 27 75 76 60 97 4 37 90 53 85 87 80 76 14 62 7 93 85 68 90 71 63 66 15 78 26 30 73 85 87 21 11 13 49 22 62 4 59 3 
57 95 90 88 71 55 49 29 48 85 48 89 7 10 55 22 39 32 3 12 16 41 84 79 6 32 100 19 36 10 21 44 5 62 83 27 17 84 55 16 68 54 4 75 63 10 48 53 41 50 16 9 91 
100 87 48 83 86 66 70 48 38 13 52 52 48 78 20 31 84 87 98 37 90 24 51 52 71 55 44 21 71 52 63 22 38 10 56 76 27 26 23 64 90 26 15 37 55 34 67 38 20 17 26 62 40 
28 13 63 34 8 35 56 60 49 77 49 58 33 24 36 10 98 99 99 23 14 88 29 99 6 66 19 22 43 80 14 22 44 28 56 3 62 11 62 10 40 11 19 24 86 54 33 36 4 83 10 17 22 
39 16 28 56 86 1 51 17 66 72 60 93 27 14 6 90 76 15 29 38 85 52 75 90 36 10 94 18 72 62 92 10 77 19 65 62 71 67 78 37 39 89 29 17 3 35 6 30 1 34 67 38 37 
93 27 72 3 72 42 74 34 33 35 62 3 51 24 73 18 53 9 56 94 38 72 48 24 30 29 76 63 47 13 100 39 92 23 93 63 64 18 48 96 52 10 98 3 85 71 72 89 31 27 34 20 50 
81 43 79 9 71 94 7 83 45 46 26 67 38 41 31 56 88 78 59 97 28 61 81 50 84 70 80 10 3 52 12 36 94 42 96 16 35 3 99 79 100 76 98 37 16 28 44 4 57 3 52 36 15 
33 85 99 54 17 60 8 68 23 95 13 65 43 81 51 45 31 30 44 6 79 32 22 58 76 77 14 78 28 50 44 60 86 42 65 54 54 25 73 76 19 38 40 61 18 91 57 48 72 52 53 50 84 
26 7 11 2 72 40 30 73 83 41 11 77 6 64 30 82 89 57 52 26 49 65 43 39 21 42 62 73 46 63 8 72 21 18 73 92 57 54 17 91 95 27 67 52 42 48 33 30 5 84 7 53 48 
1 43 21 42 56 45 88 70 4 59 90 21 83 33 29 37 49 19 31 27 86 34 69 85 66 50 41 1 57 93 1 57 87 73 51 94 17 38 63 20 48 4 92 82 37 20 18 37 38 100 64 75 33 
84 12 50 33 52 51 89 45 3 98 83 75 48 77 91 37 91 62 84 95 53 65 83 24 35 19 61 34 34 88 19 69 99 68 2 50 18 42 46 20 91 81 94 38 9 36 26 99 97 61 45 1 26 
27 24 12 98 37 97 83 76 15 52 26 83 5 75 100 46 73 72 89 53 65 26 13 53 4 63 1 64 8 2 89 86 77 52 83 65 49 18 40 63 69 65 45 73 92 97 70 16 68 58 20 84 36 
32 36 39 94 37 2 53 90 43 39 66 94 73 83 42 90 22 57 58 39 1 82 82 49 52 97 16 61 68 100 96 99 35 34 44 23 36 49 12 78 87 30 23 11 12 17 1 85 73 10 23 25 44 
56 74 95 4 41 7 71 40 3 21 27 36 17 1 23 65 13 52 3 94 27 13 5 43 13 41 67 75 16 43 18 71 68 64 75 9 70 97 100 24 70 78 12 86 79 34 50 43 38 4 36 64 16 
92 58 81 32 24 55 47 18 24 70 86 39 96 46 60 92 97 84 13 75 47 98 53 80 99 95 69 2 82 32 18 73 89 50 56 64 56 3 34 79 72 19 69 19 16 80 10 12 15 23 86 61 72 
90 93 71 36 61 24 17 45 93 89 85 42 45 49 97 99 34 27 22 52 47 40 19 27 1 30 41 75 68 2 47 57 94 69 93 6 44 9 50 37 50 35 30 46 35 27 44 68 5 17 71 52 56 
89 30 8 18 22 83 37 23 29 94 68 49 38 26 92 46 75 80 47 9 10 44 95 88 39 62 92 55 84 95 62 72 76 70 42 98 52 78 72 32 23 92 80 60 17 23 58 91 3 4 52 12 48 
98 51 86 60 94 93 43 41 54 67 16 23 8 65 74 37 37 5 60 80 36 71 96 59 28 38 13 84 41 76 31 39 26 68 50 19 12 44 59 66 62 27 88 69 91 14 58 79 70 69 58 58 39 
5 68 67 43 80 50 35 55 32 25 32 51 26 2 63 70 61 28 83 39 67 4 29 32 61 8 2 29 17 59 67 22 26 85 16 57 86 50 63 17 27 94 20 52 95 82 73 7 61 56 97 27 59 
26 11 71 85 12 99 1 22 17 22 99 54 89 55 39 91 69 56 17 14 27 20 60 8 93 19 20 100 15 46 10 40 56 80 76 19 78 77 92 46 50 90 99 91 96 38 81 16 45 97 29 71 16 
89 30 60 7 49 11 21 46 20 13 54 99 40 72 28 68 64 74 18 5 24 60 53 13 40 68 57 88 97 79 55 37 8 15 43 56 25 15 2 97 79 55 95 19 78 75 86 93 100 55 50 23 14 
2 36 53 69 44 40 17 23 95 53 30 61 47 38 37 62 91 33 92 97 80 10 74 54 48 19 53 2 68 27 16 21 62 20 89 58 12 58 80 6 10 61 18 57 98 54 70 40 39 61 36 18 23 
10 23 70 80 27 71 47 53 38 67 67 58 7 24 69 64 55 26 26 15 95 34 65 100 3 4 38 15 92 7 37 53 29 6 32 7 29 30 60 66 48 26 75 54 1 95 70 55 72 47 21 66 80 
37 66 82 93 3 96 84 62 85 88 42 42 19 49 70 48 8 88 47 85 62 52 37 57 21 91 80 67 63 46 46 52 11 79 44 65 27 79 26 11 66 68 52 36 16 74 35 75 61 81 59 22 32 
95 30 5 37 10 23 51 7 21 2 17 99 97 33 25 27 59 87 44 78 91 79 93 64 65 67 24 45 77 97 29 23 79 85 11 40 7 61 46 27 15 14 78 63 46 54 90 56 93 85 33 83 16 
25 46 80 43 69 77 71 17 57 93 95 41 3 34 99 16 31 78 30 44 55 92 42 60 33 97 52 70 30 34 85 6 31 16 1 51 44 71 68 100 16 14 92 18 100 91 85 30 68 14 26 74 58 
19 85 42 15 37 63 96 22 99 2 53 15 54 3 10 24 22 62 39 36 5 9 87 95 93 16 14 59 93 39 68 11 24 61 78 12 24 73 33 22 26 37 88 79 92 50 55 13 11 45 100 15 5 
86 62 98 54 27 8 46 18 27 9 41 87 86 52 10 58 36 84 36 73 23 14 64 72 68 76 34 13 28 49 17 13 62 66 18 40 25 64 57 51 24 97 90 9 100 51 18 36 34 53 8 9 19 
71 80 86 98 14 50 25 14 19 90 75 36 7 14 61 22 71 63 97 19 4 5 19 55 75 54 40 79 13 48 97 83 80 35 32 93 36 9 58 54 50 32 42 56 97 54 30 19 68 26 90 72 83 
8 26 9 13 17 87 25 17 36 59 96 70 42 40 57 50 97 63 99 80 4 7 28 57 88 47 76 65 36 47 99 95 24 7 59 93 46 83 9 81 93 4 2 34 95 58 36 91 20 34 70 75 92 
49 83 31 47 59 96 34 5 94 28 81 53 86 73 98 20 81 30 64 36 31 98 30 40 85 72 60 70 93 86 62 41 69 92 88 27 39 21 83 33 1 63 85 38 87 34 58 67 63 21 54 93 70 
83 32 6 54 43 76 46 29 89 39 49 80 26 75 19 98 9 3 98 24 39 36 10 72 45 29 86 17 82 30 87 65 13 92 70 56 19 68 36 7 6 84 87 83 10 57 80 18 11 30 93 1 65 
3 24 9 31 9 25 12 38 63 28 50 7 50 57 25 17 44 32 74 79 70 56 88 78 87 58 88 16 2 40 32 4 63 40 34 71 17 98 60 31 25 61 37 26 70 14 42 13 45 67 44 66 22 
83 43 61 40 82 76 94 21 8 97 83 99 83 5 67 80 16 98 56 28 86 82 97 99 75 62 95 42 5 60 15 87 2 75 79 35 3 72 55 62 68 89 12 2 45 79 81 60 28 89 40 13 22 
36 12 96 49 58 89 53 18 4 92 71 30 70 6 84 93 12 45 12 53 9 14 97 39 46 9 66 86 48 78 7 35 41 3 84 51 91 88 68 46 31 38 76 100 95 59 44 59 56 56 11 16 21 
59 54 18 67 19 4 66 48 10 53 41 64 88 91 7 27 10 52 58 99 79 9 94 90 53 4 97 60 14 12 80 24 17 97 91 87 100 8 86 62 12 26 25 99 68 83 78 29 35 35 28 65 43 
73 54 95 76 50 54 41 13 85 64 29 34 6 15 85 66 1 46 77 78 23 28 46 5 5 74 91 39 53 56 33 25 9 28 52 11 33 92 23 18 56 52 51 61 66 35 78 18 33 55 96 55 34 
93 11 90 18 2 28 71 9 60 95 17 39 47 79 72 90 2 41 45 5 43 58 22 29 87 40 61 41 35 67 26 79 30 15 96 83 94 66 91 54 13 7 44 11 86 67 100 39 7 97 43 1 6 
64 30 92 55 42 85 89 61 10 67 90 77 15 72 70 80 14 75 44 20 19 54 57 85 6 47 44 54 41 44 59 5 25 2 59 19 38 100 79 100 18 20 76 32 43 45 64 56 20 7 27 38 13 
1 1 1 1 0 0 0 0 0 0 0 1 0 0 1 1 0 0 1 1 1 0 1 1 1 0 0 0 1 1 0 0 1 1 1 1 1 1 1 1 1 0 0 0 0 1 1 1 1 0 0 0 1 
0 0 0 0 0 0 1 0 0 1 1 1 1 0 0 0 0 1 0 0 0 0 0 1 1 1 1 0 0 1 1 0 1 1 0 0 0 0 0 0 1 1 0 0 1 0 1 1 0 1 1 0 1 
0 1 0 1 0 0 1 0 1 1 1 1 0 1 1 0 1 1 1 0 1 0 0 0 1 1 0 0 1 0 1 1 1 1 0 0 0 0 0 1 1 1 0 1 1 1 1 0 1 1 1 0 1 
1 0 0 0 0 0 1 0 1 0 0 0 1 0 0 1 0 0 0 1 0 0 0 0 1 1 1 0 0 1 1 1 0 1 1 0 1 1 1 0 1 1 1 0 1 1 1 1 1 0 0 0 0 
1 0 1 0 1 0 0 0 1 1 0 1 0 1 0 1 0 1 1 1 0 1 0 1 1 1 1 1 1 1 1 0 1 0 0 0 0 0 0 0 1 1 1 0 0 1 1 0 0 0 1 0 0 
1 0 1 0 1 0 1 0 1 0 1 1 0 1 0 1 1 0 0 0 1 0 0 0 0 0 1 0 1 1 0 0 1 1 0 0 1 0 0 0 0 1 0 0 0 0 1 0 0 0 0 1 0 
1 1 0 1 0 1 1 0 1 1 1 1 0 0 0 0 0 1 0 0 1 0 0 1 0 0 1 0 1 0 0 0 1 1 1 0 0 0 0 1 0 1 0 0 1 1 0 0 0 0 0 1 0 
0 0 0 1 1 0 0 1 1 0 0 0 1 0 0 0 0 1 0 0 0 0 1 1 0 1 1 0 1 0 0 0 0 1 1 1 1 1 0 0 1 0 0 0 1 0 0 1 0 0 1 0 0 
1 1 0 0 0 0 0 0 1 0 0 0 1 1 1 0 1 0 1 1 0 1 0 1 0 0 1 0 1 1 1 0 0 1 1 0 0 1 0 1 1 0 1 0 1 0 0 0 0 1 1 1 0 
0 0 0 0 1 1 1 0 0 0 0 1 1 0 1 0 0 0 1 0 1 1 1 0 1 1 0 0 0 1 0 0 1 1 0 0 0 0 0 0 0 0 1 1 0 1 1 0 1 0 0 1 1 
1 1 0 0 1 0 1 1 0 1 0 1 0 1 1 0 1 1 0 0 1 1 0 0 0 1 1 0 1 0 1 1 1 1 1 1 1 0 0 1 0 0 1 0 1 0 0 1 0 0 1 1 1 
1 1 1 0 0 1 0 1 0 1 0 1 0 1 0 1 1 1 1 0 0 1 1 1 1 0 1 1 1 0 0 1 1 1 1 1 0 1 0 0 0 1 1 1 0 1 0 0 0 1 0 1 0 
1 0 1 0 1 0 1 1 0 0 0 1 0 1 1 1 0 1 0 1 0 1 1 1 1 1 1 0 1 0 0 1 0 1 1 1 1 0 0 1 1 0 0 1 0 1 0 0 0 0 1 0 1 
0 1 0 0 0 0 1 1 0 0 1 1 1 1 0 0 1 1 1 0 1 0 0 0 0 0 0 1 1 0 0 1 1 1 1 0 1 1 1 0 1 0 1 1 1 0 1 1 1 0 1 1 0 
1 1 0 1 0 1 0 0 0 1 0 1 1 0 0 0 1 0 1 1 0 0 1 0 1 0 1 1 1 0 1 0 0 0 1 0 1 1 0 1 0 0 0 1 0 1 1 1 1 1 1 1 1 
0 1 1 0 1 0 1 1 0 1 1 0 0 1 1 1 0 1 1 0 1 1 1 0 0 0 0 1 1 1 1 1 1 0 1 0 0 0 1 0 1 1 0 1 0 0 0 0 1 0 1 0 1 
0 1 1 0 1 1 0 0 0 1 1 0 1 1 0 1 1 1 1 0 1 0 0 1 1 1 0 1 0 1 0 0 0 1 0 1 0 0 1 0 0 1 0 1 0 1 0 1 0 1 1 1 0 
0 1 1 1 1 0 1 0 0 1 0 1 1 1 0 0 1 0 0 0 1 1 0 0 1 0 0 1 1 1 1 1 0 0 0 0 0 1 0 0 0 1 1 0 0 1 0 1 0 0 1 1 1 
0 1 0 0 1 1 1 0 0 1 1 0 1 1 0 1 1 0 1 0 0 1 1 1 1 0 1 1 0 0 0 0 1 1 0 0 0 1 1 1 0 0 1 0 1 0 1 0 0 0 1 0 0 
0 0 1 0 1 1 0 0 1 0 1 0 0 0 1 0 1 0 0 1 1 0 0 1 1 0 0 0 1 0 0 1 0 1 0 0 0 0 0 0 1 1 0 1 1 1 1 0 1 0 1 1 0 
1 0 0 0 0 0 1 1 0 1 1 1 1 1 0 1 1 0 0 1 0 0 0 0 1 1 1 1 0 0 0 0 1 0 0 1 0 1 0 0 0 0 1 1 1 1 1 1 1 1 0 0 1 
0 0 1 1 1 0 0 0 0 0 1 0 0 0 0 1 1 0 0 1 0 1 0 1 0 1 1 0 1 1 1 0 1 0 1 0 1 1 0 1 1 1 0 1 0 0 1 1 1 1 0 1 0 
0 0 1 0 1 1 1 0 0 1 1 1 1 0 0 0 0 1 0 0 1 1 0 0 0 1 1 1 1 0 0 1 0 1 1 0 0 1 0 0 0 0 1 1 0 1 0 0 1 0 0 0 1 
0 0 0 1 1 1 0 1 1 0 0 0 1 0 0 0 0 1 1 0 0 0 0 0 0 1 1 0 1 1 0 0 0 0 1 1 1 0 1 1 0 1 1 1 1 0 0 1 1 1 0 1 1 
0 1 0 1 0 0 1 0 0 1 0 0 0 1 0 0 0 1 0 1 0 0 0 0 0 0 1 1 0 1 0 0 0 0 0 1 1 1 1 1 0 1 0 0 0 0 1 1 1 1 0 1 1 
1 0 1 1 1 0 1 0 1 1 1 1 1 0 0 0 1 0 0 0 0 1 0 0 0 1 1 1 0 0 1 1 0 0 0 0 1 1 0 0 0 1 1 0 1 0 0 0 0 1 0 0 0 
1 0 0 0 1 1 0 1 0 1 0 1 1 0 0 0 0 0 1 0 1 1 1 1 1 0 1 0 0 1 0 1 1 0 0 0 0 0 0 0 0 0 1 1 0 1 0 0 1 1 0 1 0 
0 0 1 0 0 0 0 1 0 0 1 1 0 1 1 0 1 1 0 1 1 0 1 0 0 0 0 1 0 1 1 0 1 0 0 1 0 1 1 1 1 0 0 1 1 1 1 1 0 0 0 1 0 
0 0 0 0 0 1 0 1 0 1 0 0 1 0 1 0 1 0 1 1 0 0 0 1 0 1 1 0 0 1 0 0 1 0 0 1 1 0 0 1 1 0 1 1 0 0 1 1 0 1 0 0 1 
1 1 1 0 1 1 0 0 1 0 1 1 0 0 0 1 0 1 0 0 1 1 1 1 1 0 0 0 1 0 1 0 0 1 0 1 0 1 1 0 1 0 1 0 0 0 1 0 1 1 0 0 1 
1 0 0 0 0 0 1 0 1 1 0 0 1 1 1 0 0 1 0 0 0 0 0 0 1 0 0 0 1 0 1 0 0 1 0 0 1 1 1 1 0 1 1 0 1 0 0 1 1 0 0 0 0 
0 0 1 1 0 0 0 1 1 0 1 1 1 0 0 0 1 1 1 0 1 1 1 1 1 1 1 0 1 1 0 1 1 0 0 0 0 0 1 1 1 0 0 0 0 1 0 1 0 1 0 1 0 
1 1 0 0 0 0 1 1 0 1 0 0 1 0 0 0 1 0 1 0 0 1 0 1 1 0 0 1 0 1 1 1 0 1 0 0 1 1 1 0 0 0 0 0 0 1 0 0 1 1 0 1 0 
0 1 1 0 1 0 0 0 0 0 1 1 0 1 1 1 1 1 0 1 1 0 1 0 0 1 1 1 1 1 1 0 0 0 0 1 1 1 1 1 1 0 0 1 0 1 0 1 0 0 0 0 0 
1 0 0 1 0 1 0 1 0 0 1 1 1 0 0 0 1 1 1 0 1 0 0 1 0 1 1 1 1 1 1 0 0 0 1 0 1 0 1 0 0 0 1 1 0 1 1 1 0 0 1 1 0 
1 0 1 0 0 0 1 1 1 0 1 1 1 1 1 1 0 1 0 0 0 1 0 1 1 0 1 1 1 0 0 1 1 1 1 1 1 1 0 0 1 0 0 0 1 1 0 0 0 0 0 0 1 
1 1 0 1 0 0 0 0 0 1 1 1 1 0 0 0 1 0 1 1 0 1 0 1 1 0 1 1 1 1 1 0 0 1 1 0 1 1 1 1 1 0 0 0 1 0 0 0 1 1 1 1 0 
1 1 0 0 0 1 1 0 0 1 0 0 0 1 1 1 0 1 0 0 1 0 1 0 0 1 1 1 0 0 0 0 1 0 0 0 1 1 0 0 0 0 0 0 1 1 1 1 0 0 0 0 0 
1 0 1 1 1 0 1 1 0 1 1 0 1 1 0 0 1 0 0 1 0 0 1 1 0 0 0 0 0 0 0 0 0 1 1 1 0 0 0 0 0 1 1 1 0 1 0 1 1 0 1 1 1 
0 0 1 0 0 1 1 0 1 1 0 1 0 1 1 0 0 1 0 1 0 0 0 1 0 1 0 0 0 1 1 0 0 0 1 0 1 0 1 1 1 1 0 1 1 1 1 1 0 0 0 1 0 
0 0 0 0 1 0 0 0 0 1 0 0 0 1 0 0 0 1 1 1 1 0 0 0 1 1 0 1 0 1 1 0 0 1 0 1 0 1 1 0 0 0 0 0 1 0 0 1 1 1 0 0 1 
1 0 0 0 1 0 0 0 1 1 0 1 1 1 1 0 1 1 0 1 1 0 0 0 0 1 1 1 1 0 0 0 0 1 1 1 1 1 0 0 0 0 1 0 0 0 0 1 1 1 0 1 1 
0 1 0 1 0 1 0 0 0 1 1 1 0 0 0 1 0 0 0 1 0 0 1 0 0 0 0 1 0 1 1 0 0 1 1 0 0 1 1 0 0 0 1 0 0 1 0 1 0 0 0 0 0 
1 0 0 1 0 0 1 1 1 1 1 0 0 0 0 1 1 1 0 1 0 0 1 0 0 0 0 0 0 0 0 1 0 1 0 1 1 1 0 0 0 0 0 0 0 0 0 1 1 0 0 0 0 
1 0 1 0 0 1 0 0 0 0 0 1 0 1 0 0 0 0 0 0 0 1 0 0 1 1 0 1 1 0 1 0 0 0 0 0 0 1 0 0 1 0 1 1 0 1 1 0 1 0 0 1 1 
0 1 0 1 1 1 0 1 0 0 1 1 1 1 1 0 1 1 1 0 0 0 0 1 0 0 0 0 0 1 1 0 0 1 1 0 0 1 1 0 1 1 1 0 0 0 0 0 1 1 0 1 0 
0 0 0 0 0 0 0 1 1 0 0 0 1 0 0 0 1 0 1 0 0 0 1 0 0 1 0 0 1 1 0 1 0 0 1 0 0 1 0 1 1 0 1 0 0 1 0 1 1 1 0 1 1 
1 0 0 0 0 0 1 1 0 0 1 0 1 0 0 0 0 1 1 0 0 1 0 1 1 1 0 0 1 0 0 0 0 0 0 0 0 1 1 0 1 1 0 0 1 0 0 1 1 1 1 1 0 
1 0 1 0 0 0 0 0 0 0 0 0 1 0 0 0 0 0 0 1 0 0 0 0 1 1 1 0 0 0 1 1 0 0 1 0 0 1 1 0 0 1 0 1 0 0 1 0 0 1 1 0 0 
1 0 1 0 1 1 0 1 0 1 1 1 0 0 1 0 1 0 0 0 0 1 0 1 0 0 1 0 1 0 0 0 0 1 0 0 0 0 1 1 1 1 0 0 1 1 0 0 1 0 0 0 1 
1 1 1 1 0 1 1 0 1 1 1 0 0 1 1 0 0 0 0 1 0 0 0 1 0 0 1 0 1 1 1 0 0 0 1 0 0 0 1 1 0 0 0 0 1 1 0 1 1 0 1 1 0 
1 0 0 0 1 0 1 0 1 1 0 0 0 1 0 1 0 1 1 0 1 1 1 0 1 0 1 0 1 0 0 1 1 1 1 0 1 0 1 1 1 1 1 1 0 1 0 0 0 1 0 0 0 
1 0 0 0 0 0 1 0 0 0 1 1 1 0 1 1 1 0 0 0 1 0 1 0 0 1 0 0 0 0 0 1 1 0 1 1 0 1 1 1 1 1 0 1 1 1 0 0 1 1 0 0 1 
1 0 1 1 1 1 1 1 0 0 0 0 0 1 1 1 1 0 0 0 0 1 1 0 0 1 1 1 1 0 0 1 0 1 0 1 1 1 1 1 1 1 1 1 1 0 0 0 0 1 0 1 0 
1 1 0 0 0 1 1 0 1 0 1 1 0 0 0 1 1 1 1 1 0 0 0 1 1 0 1 0 0 0 0 1 1 1 1 0 0 0 0 0 1 1 1 1 0 1 1 1 0 0 0 0 0 
0 1 1 0 1 1 0 1 0 1 1 1 0 1 1 1 1 1 0 1 0 1 1 1 0 0 1 0 1 0 1 1 1 0 0 0 0 0 0 0 0 1 1 0 0 0 1 1 0 1 0 0 1 
1 0 1 0 1 0 1 1 1 0 1 1 0 1 1 1 1 1 1 0 0 1 0 1 1 0 1 0 0 1 1 0 1 1 0 1 1 1 0 0 1 1 1 0 1 1 1 0 0 0 1 1 1 
1 0 0 1 1 1 0 0 0 0 0 1 0 1 0 1 1 0 0 1 0 0 0 1 1 0 1 1 1 0 1 1 0 1 0 1 0 0 0 1 0 0 0 0 1 1 1 0 1 0 1 1 0 
1 0 0 0 0 1 1 0 0 0 1 0 1 0 0 1 0 1 0 0 0 0 1 1 0 0 0 0 1 0 0 1 0 0 1 0 0 0 1 0 1 0 0 0 0 1 1 1 0 1 1 0 0 
1 1 0 1 0 0 0 0 0 1 0 1 0 1 1 1 0 1 0 0 0 0 0 1 1 1 1 1 1 0 1 0 1 1 1 1 1 1 1 1 1 0 0 1 1 1 0 1 1 0 1 1 0 
1 0 0 1 1 1 0 1 0 0 1 1 1 0 0 0 0 1 1 0 0 1 1 1 1 0 0 0 1 1 0 0 1 0 1 1 1 1 0 1 1 1 0 0 0 0 1 0 0 0 0 0 1 
1 1 1 1 0 1 0 1 1 0 1 0 0 0 1 1 0 1 1 0 1 1 0 0 0 0 0 1 0 0 0 1 1 1 0 1 0 0 1 0 0 0 0 0 0 1 0 0 0 1 0 0 0 
