57 59 1916
12 41 29 75 100 27 93 80 43 17 4 95 19 79 46 29 83 16 3 93 47 90 28 37 39 83 33 12 39 46 83 50 38 11 76 37 90 69 69 84 37 72 30 7 50 75 36 84 90 38 29 89 79 8 25 17 42 58 80 
81 55 14 30 93 77 58 29 66 78 49 1 14 20 30 20 22 56 7 57 46 96 85 34 75 44 10 43 86 19 23 18 74 36 99 66 64 56 46 81 33 95 81 98 66 10 18 87 66 24 44 63 72 80 48 46 76 9 40 
61 28 62 78 1 50 76 18 65 84 63 46 68 9 26 66 75 88 35 61 53 10 56 67 81 88 66 78 63 74 18 75 1 31 4 53 32 31 70 97 14 85 42 82 93 67 99 19 54 33 32 58 94 87 76 75 74 41 52 
88 67 69 62 67 52 65 20 83 96 41 79 61 25 20 94 70 39 92 88 92 76 19 2 70 6 77 44 31 18 47 19 84 68 32 2 19 97 73 1 44 14 80 4 90 51 98 59 89 41 47 33 17 65 34 38 22 10 33 
53 79 31 23 62 98 54 16 16 2 88 69 45 53 100 1 43 50 98 1 91 90 47 23 58 64 56 95 85 17 79 89 96 10 63 9 7 69 24 75 70 64 95 67 16 94 67 58 95 64 11 37 5 57 59 63 20 66 9 
57 83 88 45 78 97 60 86 55 28 10 81 97 25 75 63 40 20 29 50 67 44 60 3 49 68 14 63 40 79 71 96 61 58 92 90 6 51 76 13 78 37 93 27 61 20 89 52 91 70 1 9 65 12 12 13 80 25 27 
19 3 98 66 16 55 57 5 13 60 32 25 89 20 69 15 32 40 4 84 83 25 36 91 89 48 2 54 27 78 80 97 81 77 14 48 84 22 4 96 81 36 72 70 55 40 36 87 32 39 22 14 63 57 4 4 4 6 57 
82 83 36 30 15 13 43 14 96 65 18 43 97 53 14 18 59 5 54 97 36 44 18 49 59 75 53 62 30 10 18 12 44 53 93 11 17 36 24 12 52 41 54 100 45 19 18 4 24 71 100 59 66 18 8 24 44 12 85 
73 21 54 36 16 59 29 26 75 16 50 87 19 90 92 18 87 11 35 90 34 57 89 92 75 58 51 98 53 62 35 26 34 40 13 50 98 93 27 73 60 76 11 78 18 2 96 4 64 82 45 97 91 85 41 17 95 43 14 
47 57 100 24 42 40 37 43 37 81 70 9 41 97 19 70 66 73 17 21 36 51 65 85 93 50 77 9 44 19 22 42 27 74 66 69 13 54 11 1 34 80 62 26 77 32 96 94 4 12 15 92 14 79 76 6 80 52 14 
75 22 88 17 49 61 34 17 25 87 27 77 20 59 38 98 87 70 45 80 73 56 94 16 22 25 91 27 56 94 41 83 68 28 99 16 40 32 84 16 70 62 92 41 20 30 38 58 99 82 38 23 90 83 39 11 59 81 37 
15 75 29 97 42 8 47 9 47 30 92 62 99 53 6 39 25 35 77 82 85 10 71 59 99 54 97 61 12 30 98 78 4 26 74 97 34 20 57 32 1 48 46 99 52 51 38 28 37 66 10 21 27 80 79 26 85 28 86 
97 57 35 74 12 13 100 8 98 71 16 81 72 63 26 22 66 28 59 94 64 76 3 36 3 34 67 80 19 94 17 67 50 52 92 13 16 91 72 65 14 87 45 37 1 23 58 66 2 17 59 66 44 13 53 46 99 19 77 
17 12 94 35 13 97 26 25 12 69 48 28 34 34 72 70 34 46 27 100 48 95 10 65 39 23 17 36 21 36 13 89 47 6 75 12 54 100 88 65 20 36 44 53 69 67 74 3 13 1 54 12 95 63 76 85 37 92 21 
9 79 85 97 78 42 71 89 95 23 76 11 94 11 54 99 32 20 72 86 32 24 91 43 71 53 70 55 42 62 27 50 92 11 99 69 4 21 57 98 43 85 8 89 47 61 87 78 81 10 15 64 34 5 59 56 10 28 10 
51 41 89 100 33 51 50 1 55 71 10 52 65 94 60 53 92 72 91 22 4 53 36 68 38 93 78 93 2 57 2 52 98 42 3 82 93 53 34 47 23 43 50 39 88 61 44 32 33 34 53 36 86 40 55 23 32 84 67 
33 41 69 36 38 10 39 71 54 43 4 52 17 47 2 55 86 62 98 17 46 84 21 34 69 61 40 44 92 24 10 77 64 30 12 1 92 2 71 97 44 26 49 60 24 50 15 10 63 12 78 61 95 51 94 16 11 33 11 
54 56 72 30 71 54 94 23 45 95 93 41 39 71 41 98 94 42 64 3 5 76 33 65 22 83 10 89 45 94 99 98 2 23 80 72 76 25 95 72 19 39 64 57 9 5 7 3 46 70 57 2 97 89 66 71 23 27 59 
19 21 10 69 22 32 48 93 59 72 39 30 42 78 93 99 86 97 57 88 43 78 97 44 27 37 62 97 60 40 7 78 60 68 46 33 99 45 78 9 68 16 38 10 93 31 60 31 79 16 70 73 45 66 69 71 3 82 19 
14 21 26 91 33 93 89 65 44 85 94 52 53 10 42 14 54 24 73 84 2 40 54 27 84 71 95 7 73 28 25 86 48 2 29 32 47 69 49 90 53 42 93 57 51 86 70 57 9 94 92 63 33 97 41 69 68 35 27 
40 14 51 78 61 53 6 45 99 26 93 40 30 34 84 87 37 22 8 93 30 54 36 44 38 33 84 6 52 70 32 43 83 35 20 96 39 77 40 89 2 84 80 32 17 63 70 5 84 29 49 66 82 85 61 20 69 45 77 
20 66 9 62 1 95 82 96 33 58 87 21 12 22 100 95 38 14 64 43 50 92 91 67 74 27 27 45 95 23 21 14 41 81 76 41 75 9 88 59 18 26 79 81 47 30 75 36 96 38 30 45 82 73 63 7 99 89 51 
94 64 71 59 4 4 86 96 78 46 83 37 64 60 67 44 6 49 19 41 44 8 71 40 89 43 2 47 93 42 97 38 5 20 49 60 23 34 55 52 80 89 88 95 48 7 90 53 55 60 46 98 68 68 37 8 62 38 55 
54 79 3 44 36 22 92 95 96 25 50 48 56 38 35 2 86 41 92 90 47 51 35 44 70 54 80 30 15 69 36 21 100 38 64 35 12 55 29 7 31 30 6 39 20 93 40 57 85 31 98 32 34 85 75 3 38 7 84 
53 27 19 25 26 9 88 12 20 94 41 78 24 22 36 14 93 28 54 1 12 36 99 43 69 83 70 24 20 76 7 24 54 78 48 80 86 87 91 57 80 83 86 56 57 21 69 49 48 22 50 12 10 100 54 78 82 75 53 
53 2 12 77 56 89 76 35 26 63 77 34 42 60 71 97 68 92 18 68 91 91 69 54 100 68 60 78 49 34 82 54 36 93 30 91 33 57 25 10 19 53 43 13 64 66 61 31 9 78 99 99 69 67 5 68 35 64 97 
35 97 79 88 32 23 69 22 56 78 98 17 96 51 12 8 14 77 21 45 85 98 95 35 66 61 39 86 47 2 34 34 99 12 73 82 87 94 4 94 71 53 10 66 3 21 26 69 49 46 65 33 95 59 68 13 71 58 50 
70 60 83 3 10 95 27 91 33 20 46 26 90 99 35 8 53 8 85 21 56 82 85 41 76 43 60 40 66 17 89 35 28 72 89 89 18 15 32 50 35 77 75 76 75 61 83 28 20 67 100 28 48 85 68 76 79 27 15 
96 95 4 30 75 75 70 15 92 85 46 93 71 23 67 46 49 79 29 28 99 47 80 26 95 64 45 70 94 23 36 90 17 39 71 43 65 41 58 8 77 3 100 47 77 18 92 78 97 72 57 47 19 36 24 65 51 68 86 
97 90 21 86 58 60 8 1 76 100 10 84 76 64 35 74 93 5 18 70 53 89 78 99 59 14 22 23 16 41 8 12 30 29 49 87 40 57 39 15 56 48 50 84 64 37 57 56 41 74 77 93 15 54 43 73 19 16 96 
35 56 55 46 85 83 47 23 74 3 14 41 10 13 42 45 76 78 2 31 70 27 7 14 93 13 56 66 31 23 13 17 78 67 15 14 2 61 89 27 15 2 67 24 14 61 69 90 90 22 72 60 100 31 25 93 95 81 10 
25 55 74 94 33 40 8 98 93 68 86 72 82 39 38 57 53 98 77 94 40 50 17 99 2 99 23 94 93 55 55 70 10 28 63 94 19 70 91 64 89 29 35 22 67 24 30 71 74 59 16 13 8 33 11 9 31 85 54 
24 92 60 93 53 87 55 46 6 76 88 21 16 68 55 89 35 78 18 57 51 76 73 15 36 5 25 44 87 62 50 10 53 9 54 5 48 60 2 5 35 41 25 2 9 79 90 95 8 8 51 11 35 75 25 70 79 2 66 
18 63 15 27 67 75 33 23 22 92 76 26 79 16 2 80 24 32 22 70 40 29 73 2 15 47 26 85 78 79 50 95 93 16 73 59 90 5 33 64 49 8 41 27 24 43 58 99 26 79 21 65 59 93 18 74 39 96 10 
16 74 11 62 67 26 35 77 67 39 62 82 87 69 23 65 44 17 23 95 42 53 15 59 12 59 76 37 97 23 46 65 97 56 26 15 33 60 43 51 51 4 33 89 25 55 54 20 23 28 66 16 80 32 74 43 90 2 31 
39 24 76 3 72 83 80 86 67 40 81 18 42 84 50 30 60 56 35 32 30 14 97 45 94 29 71 88 70 24 19 8 47 46 62 71 81 42 8 47 33 88 16 74 24 17 55 35 24 42 66 53 55 63 50 100 91 20 88 
12 43 58 20 41 3 81 63 83 22 71 82 6 10 49 79 33 66 86 68 41 27 85 94 81 47 95 33 89 14 20 1 8 77 20 100 31 52 63 66 26 33 99 31 94 47 62 27 64 47 46 57 25 30 2 57 29 96 89 
17 9 60 69 68 88 40 67 71 92 29 36 69 13 34 99 7 32 60 85 48 58 82 56 82 11 57 91 91 52 79 8 12 91 28 79 78 68 45 100 11 26 35 79 38 20 77 44 4 89 28 3 46 61 58 80 72 14 22 
14 17 52 73 28 42 1 6 72 68 2 71 78 27 58 56 65 77 84 60 32 72 40 34 70 100 43 1 23 8 74 37 24 25 61 51 19 61 8 42 80 10 12 9 88 21 64 4 50 100 64 81 23 55 67 92 6 9 44 
29 17 17 17 92 94 77 43 12 38 2 53 69 63 16 78 51 37 93 54 86 92 69 18 15 23 84 58 29 45 54 9 13 70 25 4 15 53 98 26 42 100 30 11 62 46 88 12 34 32 18 71 24 86 88 90 61 24 99 
41 68 52 49 32 74 25 35 88 77 33 66 71 84 95 81 45 92 20 9 25 3 26 95 26 11 35 67 23 58 66 63 77 69 63 60 42 87 94 82 16 78 47 86 61 93 18 6 85 89 14 61 91 91 56 69 1 42 87 
76 51 4 38 27 73 1 38 66 39 31 99 54 61 45 91 21 90 60 78 74 100 43 34 43 33 41 63 34 82 49 61 32 5 98 10 77 50 47 94 89 30 93 94 90 89 37 62 78 48 40 3 48 82 89 42 15 29 4 
100 63 4 60 46 8 57 8 36 59 6 30 47 35 22 40 76 62 28 38 92 76 29 94 23 10 82 64 24 63 67 75 77 70 34 74 30 43 81 65 1 87 94 99 73 67 38 49 29 66 38 72 41 66 65 15 27 99 78 
3 13 96 77 41 17 63 14 98 5 95 63 57 33 56 55 5 75 44 5 55 61 94 26 1 11 42 67 38 40 96 40 4 43 16 44 12 78 58 9 34 4 71 90 36 79 96 92 53 40 97 59 100 42 84 53 53 25 19 
90 17 67 29 20 9 96 64 20 26 73 29 11 76 99 53 11 29 48 2 81 39 50 91 39 92 74 43 44 51 13 85 67 79 65 38 88 60 53 59 37 25 87 48 52 38 100 14 66 99 16 99 38 17 89 28 60 15 70 
55 65 34 39 83 13 3 72 52 15 25 10 51 1 49 98 5 38 49 18 55 100 85 5 37 2 94 16 13 60 37 68 76 70 6 58 82 61 81 85 75 57 95 25 58 95 75 14 32 75 31 86 74 16 91 62 69 36 29 
81 95 65 48 70 87 6 79 68 66 11 53 92 68 99 16 77 93 42 90 76 69 20 61 94 35 3 8 3 38 36 84 84 53 83 5 39 88 35 58 5 46 62 96 13 60 12 89 4 5 78 79 25 49 92 19 84 94 78 
38 84 65 73 19 17 56 24 7 95 10 65 100 55 78 95 19 90 58 59 93 15 88 72 39 37 63 9 20 8 86 9 91 51 82 62 19 89 85 26 35 46 42 34 53 19 81 23 8 38 82 53 4 69 76 43 5 90 51 
76 97 89 37 40 39 70 1 57 10 37 82 44 34 75 78 86 46 10 9 5 47 90 57 51 10 84 45 67 73 47 94 22 35 30 61 73 99 13 30 8 1 63 4 34 90 33 20 35 42 80 39 40 21 48 42 82 31 86 
48 56 33 42 77 19 71 37 92 22 1 73 81 1 87 84 86 76 16 57 62 57 36 53 97 8 52 38 90 82 76 37 37 60 30 13 78 53 1 21 26 53 93 6 5 32 90 91 59 57 99 21 66 87 25 62 94 76 51 
35 9 78 24 46 89 53 10 67 57 63 39 82 67 32 88 72 15 29 14 73 37 64 45 2 50 69 15 96 96 66 30 5 95 53 2 84 6 11 2 14 25 40 96 44 23 35 15 37 63 80 62 99 43 6 1 45 27 67 
40 22 84 69 26 79 22 27 14 79 90 15 92 66 54 87 9 29 21 75 65 35 6 78 86 49 36 38 45 62 4 84 35 88 52 61 66 25 39 31 3 80 45 47 46 50 85 54 78 58 81 95 92 86 24 29 86 59 66 
30 72 70 13 7 9 17 19 26 41 9 56 44 89 52 42 86 1 26 91 31 83 71 77 27 57 52 55 94 11 21 24 82 42 88 40 50 4 58 27 45 19 82 40 7 33 81 92 85 6 82 67 41 5 43 67 13 95 21 
6 57 93 81 90 86 21 30 87 24 39 13 20 57 46 59 15 78 91 6 15 49 40 81 89 44 76 7 56 22 79 61 78 72 94 19 9 14 48 96 89 39 60 9 95 6 19 62 35 62 67 49 10 58 30 50 1 57 56 
8 78 34 69 7 57 14 77 66 27 25 61 67 15 20 75 61 77 46 22 12 7 41 60 16 98 41 17 51 49 72 58 26 5 78 84 62 91 61 27 69 37 39 36 3 10 62 63 87 7 37 98 13 77 57 80 74 50 96 
76 98 19 34 76 24 11 11 37 54 23 15 74 11 53 9 13 14 71 28 100 29 64 97 94 40 6 73 65 7 21 41 4 39 26 31 14 88 42 50 41 16 16 15 27 68 75 91 34 97 18 33 26 81 30 19 72 87 43 
89 93 63 29 48 54 6 79 67 93 72 17 34 87 32 100 65 52 74 56 85 71 73 69 96 6 50 66 29 36 8 17 80 23 97 80 76 2 10 42 95 81 10 80 19 94 79 36 97 4 91 33 74 15 1 21 72 3 38 
0 1 1 0 1 1 1 0 0 0 1 1 0 1 1 1 1 0 1 0 0 1 0 0 0 1 0 1 0 0 0 0 0 1 1 1 0 0 1 0 0 0 0 1 1 1 0 0 1 0 1 1 1 1 1 1 0 1 0 
1 0 1 1 0 0 0 1 1 0 0 1 1 0 1 0 1 0 0 1 1 0 0 0 1 0 1 1 0 1 1 1 1 0 1 1 1 1 0 0 0 0 1 1 0 1 1 1 1 1 0 1 0 1 1 1 1 1 0 
1 0 0 1 1 0 0 0 1 1 0 1 1 0 1 0 0 0 1 1 1 1 1 0 1 0 0 0 1 1 1 1 1 1 0 0 1 0 0 1 1 0 0 1 0 1 1 0 1 1 1 1 0 0 1 1 1 1 1 
0 0 0 1 1 1 1 1 1 1 1 0 1 1 0 0 1 0 1 1 1 0 0 0 0 1 0 1 0 1 1 0 0 1 0 1 1 1 1 0 1 0 0 0 0 0 0 1 0 1 1 0 0 1 0 0 0 0 0 
0 0 1 1 0 0 1 1 1 0 0 1 1 1 1 1 1 0 1 0 0 1 1 0 1 1 1 1 1 1 1 0 1 0 1 1 1 0 1 0 0 1 0 0 0 1 1 1 1 1 0 0 0 1 0 1 0 1 0 
0 1 0 0 0 0 1 0 1 1 1 0 1 0 0 1 1 1 1 0 1 0 0 1 0 0 1 1 0 1 1 0 0 1 0 0 0 1 0 1 0 1 1 0 0 1 1 1 1 0 1 0 0 0 1 0 0 0 1 
0 1 1 1 1 0 1 0 0 1 0 0 1 0 1 1 0 1 1 1 0 1 0 0 0 0 1 0 0 1 0 1 1 1 0 0 1 1 0 0 0 1 0 0 1 1 1 1 0 0 0 0 0 0 0 0 1 1 0 
1 1 0 0 0 1 0 0 1 0 1 1 0 0 1 0 1 0 0 0 1 0 0 1 0 0 0 0 1 1 1 1 0 1 1 0 1 0 1 0 0 0 1 0 0 0 1 1 0 1 1 1 1 1 1 0 1 1 0 
1 0 1 0 1 1 1 1 0 1 0 0 1 0 1 0 0 1 1 1 1 0 0 1 1 1 0 1 1 1 0 0 1 1 0 0 0 1 0 0 1 0 0 0 1 1 0 1 0 1 1 0 1 1 1 1 1 1 0 
0 0 0 0 1 0 0 0 0 1 0 1 0 0 1 1 1 1 1 1 1 1 0 1 0 1 0 1 0 1 0 0 1 0 0 1 0 0 1 1 0 1 0 0 1 1 1 1 0 1 0 0 0 0 1 0 1 0 0 
0 1 0 0 1 0 1 0 1 1 1 0 1 0 0 0 1 1 1 0 0 0 0 0 0 0 1 1 0 1 1 0 1 1 0 0 1 1 0 0 1 1 0 0 1 0 0 0 0 0 1 0 0 1 0 1 0 1 0 
0 1 1 0 0 0 0 0 1 0 0 0 1 1 0 1 0 1 0 0 1 0 1 1 0 1 1 1 1 0 1 1 1 0 1 1 0 1 1 0 1 1 0 0 0 0 0 0 1 0 1 0 0 0 1 0 1 0 0 
0 1 1 1 0 0 0 0 0 0 1 0 1 1 0 0 1 1 0 0 0 0 1 1 0 1 0 0 1 1 0 1 0 0 1 0 0 1 0 0 1 0 1 1 1 1 1 0 0 1 0 1 1 1 0 1 1 0 1 
0 1 0 1 1 0 0 0 0 0 0 0 1 0 1 0 1 1 1 0 1 0 0 0 1 0 0 0 1 1 0 1 0 0 0 0 0 1 0 0 1 0 0 0 1 0 1 0 1 0 0 0 1 1 1 0 1 1 1 
0 0 1 1 1 1 1 1 1 0 1 1 1 1 1 0 0 1 1 1 0 1 1 1 0 0 0 1 1 1 0 1 0 1 0 1 0 0 0 1 0 1 0 0 0 1 0 1 1 1 0 1 0 1 0 1 0 0 0 
1 0 0 1 0 1 1 1 1 1 1 0 0 0 0 0 0 1 0 1 0 1 1 0 1 1 0 0 1 1 0 0 1 0 1 1 1 1 0 0 0 1 0 0 1 0 0 1 0 0 1 0 1 0 0 1 1 1 1 
0 0 0 1 1 0 0 0 0 1 0 0 0 1 1 0 0 1 1 1 1 1 0 0 1 1 0 0 0 1 1 1 1 1 0 0 0 0 0 0 0 0 0 0 1 1 0 1 1 1 1 0 1 1 0 0 0 1 0 
1 0 1 0 0 1 0 0 1 0 1 1 0 1 1 0 1 1 1 0 0 0 1 0 1 1 1 1 1 0 1 0 0 1 0 0 0 0 1 1 1 0 0 1 1 1 0 0 0 1 1 0 1 0 1 1 1 0 0 
1 0 0 1 0 1 0 1 1 0 0 0 1 0 0 1 1 1 1 0 0 0 1 0 1 1 1 0 1 1 1 0 1 1 1 0 0 1 1 1 0 1 1 1 1 1 0 0 0 1 0 0 1 1 1 1 1 0 1 
0 0 0 0 1 1 1 1 1 1 0 0 1 1 1 0 0 0 1 1 1 0 1 1 0 1 0 1 0 1 0 0 1 1 0 0 0 1 0 0 0 0 0 1 0 0 0 0 0 1 1 1 1 1 1 1 0 1 0 
0 0 1 0 1 0 0 0 0 1 0 0 0 0 1 1 0 1 1 1 1 0 0 1 0 1 0 1 1 1 0 1 0 1 1 1 1 1 1 1 1 1 0 1 0 1 0 0 0 0 1 1 0 0 0 0 1 0 0 
1 0 0 0 0 1 0 1 0 1 1 1 0 0 1 1 0 0 0 1 0 0 0 0 0 0 0 1 0 1 1 1 1 1 1 1 0 1 0 0 1 1 1 1 0 1 1 0 1 1 1 0 1 0 0 1 0 0 0 
0 1 1 1 0 0 1 1 0 0 0 0 1 1 0 1 1 1 0 0 0 1 1 0 0 1 0 1 0 1 0 0 0 1 0 1 0 1 0 0 1 0 1 1 0 1 0 1 0 0 1 0 1 1 1 1 0 1 0 
0 0 0 1 1 0 1 0 0 0 0 0 1 1 1 0 1 0 0 0 0 0 0 1 1 1 0 0 1 1 1 0 0 1 1 1 1 0 1 1 0 1 0 1 0 1 0 1 0 0 0 0 1 0 1 0 1 1 1 
0 1 0 0 1 1 1 0 1 1 1 0 1 0 0 1 1 0 1 0 0 1 0 0 0 0 0 1 1 1 0 0 0 0 0 1 1 0 1 0 1 0 1 1 1 1 0 0 1 1 0 1 0 1 0 1 1 0 0 
1 1 0 1 0 0 1 1 1 1 1 0 1 1 1 0 0 0 0 0 0 1 1 1 1 0 1 0 1 1 0 0 1 0 1 1 0 1 0 0 0 1 0 1 1 1 1 1 1 1 0 1 0 1 1 0 1 0 0 
0 0 1 1 1 1 0 0 0 1 0 0 0 0 0 1 1 1 1 0 0 0 0 0 1 1 1 1 0 1 1 1 1 0 0 0 0 0 0 0 0 1 0 0 1 0 1 0 1 0 0 1 1 1 1 0 0 0 1 
1 0 0 0 1 1 0 0 1 0 0 1 0 1 1 0 0 1 0 0 0 0 1 1 1 0 1 1 0 1 0 1 1 1 1 1 0 1 1 1 0 1 0 0 1 1 1 1 0 1 0 0 1 1 1 1 1 0 0 
1 0 1 1 1 0 0 0 0 0 1 1 0 1 1 0 0 0 1 1 0 0 1 0 0 0 1 1 1 0 1 1 0 0 0 1 0 0 0 0 0 1 1 0 0 0 1 0 0 0 0 0 1 1 0 1 0 0 0 
1 0 1 0 0 0 0 1 0 1 1 1 1 1 0 0 1 1 1 0 1 1 0 0 0 1 0 1 1 0 1 1 0 1 1 0 1 0 0 1 1 1 0 0 0 1 0 0 0 1 0 1 1 0 1 1 1 0 1 
1 0 0 0 1 1 1 1 0 1 1 0 0 1 0 1 1 1 1 1 1 1 1 1 0 1 0 1 1 0 0 0 1 1 0 0 0 1 1 1 1 1 1 1 0 1 0 1 1 0 1 0 1 0 1 1 0 0 0 
1 0 1 1 1 0 1 1 0 0 1 1 1 0 0 1 0 0 1 1 1 1 0 1 0 1 1 1 1 1 0 0 1 1 1 1 1 0 0 1 0 1 1 0 1 1 1 1 1 0 1 0 0 1 0 0 0 1 0 
1 0 0 1 1 1 0 0 0 0 1 1 1 0 0 1 0 0 0 1 1 0 0 0 0 0 0 1 0 1 1 0 1 1 1 0 0 0 1 0 0 0 1 1 0 0 0 0 0 0 0 1 1 0 1 1 0 1 0 
1 0 1 1 1 0 0 0 0 0 1 0 1 1 0 0 1 0 1 0 0 1 0 1 0 0 1 0 1 0 0 0 1 0 1 0 0 1 0 1 0 1 1 1 0 1 1 0 1 0 0 1 0 0 1 0 0 0 0 
1 0 1 1 1 1 0 0 1 0 0 0 0 0 0 1 0 1 0 0 1 1 0 0 1 0 1 1 1 1 0 0 0 1 0 1 0 0 1 1 0 0 0 0 0 0 1 0 1 0 1 0 1 1 1 0 0 0 1 
1 0 1 1 0 0 1 1 0 0 1 0 0 1 0 1 1 0 0 1 1 0 0 0 1 0 1 1 0 1 1 1 1 0 0 1 1 0 1 1 0 0 1 0 1 1 1 0 1 0 1 1 0 0 1 0 0 0 1 
0 1 0 1 1 1 1 0 0 1 1 1 1 1 1 0 0 0 1 0 0 1 0 1 0 0 0 0 0 0 1 0 1 0 1 0 1 0 1 1 0 0 0 1 0 1 1 0 0 1 1 0 0 1 1 0 1 1 0 
1 1 0 1 0 0 0 1 1 0 0 0 0 0 0 0 0 0 1 1 0 0 0 0 1 1 1 1 0 0 0 1 1 0 0 1 0 0 0 1 0 0 1 1 1 1 1 1 1 0 0 1 1 0 1 0 1 0 1 
1 0 1 0 1 1 0 1 1 0 1 0 1 0 1 0 1 1 1 0 0 1 1 0 0 1 1 0 1 0 0 0 0 1 1 0 1 1 1 0 0 0 1 1 0 0 1 1 1 0 0 0 1 1 0 0 0 1 0 
1 1 0 0 0 0 1 0 1 0 1 1 0 1 0 1 0 1 0 1 0 0 1 0 0 0 0 0 1 0 0 0 1 1 0 1 1 1 1 0 0 0 1 0 0 0 0 0 1 0 1 1 1 1 0 1 1 0 1 
0 0 1 1 0 0 1 1 1 1 1 1 1 1 1 1 1 1 1 1 0 0 1 1 1 0 1 0 1 0 1 0 0 0 1 0 1 0 0 0 1 1 0 0 0 1 0 0 0 1 1 0 1 0 1 0 0 1 0 
0 1 1 0 1 0 1 0 1 1 0 1 1 1 1 1 1 0 1 1 0 1 1 0 0 1 0 1 0 1 1 0 0 1 0 1 1 1 1 0 0 1 1 1 0 1 1 0 1 0 1 0 1 0 0 0 0 0 1 
0 1 0 0 1 1 0 1 0 1 0 0 1 0 0 1 0 1 0 0 0 0 0 0 0 0 1 0 0 1 1 0 1 1 0 0 1 0 1 1 1 0 0 1 0 0 0 0 1 0 1 1 0 1 0 0 1 1 0 
0 0 1 0 1 1 1 0 0 1 1 1 1 1 1 0 1 1 0 0 0 0 1 0 0 0 0 1 1 1 1 1 1 1 0 1 0 1 1 0 0 0 1 1 0 1 1 1 0 1 1 1 1 0 1 0 0 1 1 
0 0 0 1 1 1 1 0 1 0 1 1 1 0 1 0 0 0 0 1 0 1 1 1 1 1 0 1 0 1 0 0 1 0 1 1 0 1 1 1 1 1 1 0 1 0 1 1 0 1 0 0 0 1 0 1 1 0 0 
1 0 0 1 1 1 0 0 1 1 0 0 1 1 1 1 0 1 0 1 1 1 1 0 0 1 0 1 0 0 0 1 0 0 0 0 1 0 0 0 0 0 1 1 1 0 0 1 0 1 0 1 0 0 1 0 1 1 0 
1 0 0 0 0 0 0 0 0 0 1 0 0 1 1 1 1 0 0 0 0 1 1 1 1 1 1 0 0 0 0 1 0 0 1 1 0 1 1 0 1 0 1 0 0 0 1 1 0 1 1 0 0 0 0 0 1 1 0 
1 1 0 0 0 0 1 1 0 0 0 1 0 1 0 0 1 0 1 0 1 1 1 1 1 0 1 1 1 0 1 1 0 1 1 0 1 1 1 0 1 1 1 1 0 1 1 1 1 1 1 0 0 1 0 1 1 1 1 
0 0 0 1 0 0 1 0 1 0 1 1 1 0 0 1 1 1 0 0 1 1 0 1 1 1 1 1 0 1 0 0 1 0 0 1 0 1 1 0 1 0 1 0 0 0 1 1 1 0 0 0 1 0 0 1 1 1 0 
1 0 0 1 1 0 1 0 1 0 1 1 1 1 0 0 0 0 1 1 0 1 1 0 1 1 0 0 0 0 0 1 0 0 1 0 0 0 0 1 1 0 0 0 1 1 0 1 1 0 1 1 1 0 0 0 0 0 0 
0 0 0 0 1 0 1 1 1 1 1 0 0 1 1 1 1 0 1 0 1 1 1 1 1 0 1 1 0 1 0 0 0 0 0 1 1 1 0 0 1 1 0 1 1 1 0 0 1 0 0 1 1 0 0 0 0 1 0 
0 0 0 0 0 0 1 1 1 0 1 1 1 1 0 1 0 1 1 0 1 1 0 0 1 0 0 1 0 1 1 0 1 1 1 0 0 0 1 1 0 1 1 0 0 1 1 0 0 0 0 1 0 0 1 1 1 1 0 
1 0 0 0 0 1 1 0 1 1 1 1 1 0 0 1 0 1 0 0 1 1 0 1 1 1 0 0 0 0 0 1 0 0 1 0 0 0 0 1 1 0 0 1 0 0 0 1 1 1 1 1 0 0 0 1 1 0 1 
1 0 1 0 1 0 0 1 0 0 0 1 0 0 0 1 0 0 1 1 0 0 1 1 0 1 1 1 0 1 0 1 0 0 1 1 0 1 0 0 0 0 1 0 0 1 1 1 0 0 0 0 1 1 1 1 0 0 1 
0 1 1 1 1 1 1 0 1 0 1 1 0 1 1 0 0 0 1 1 0 0 1 0 1 1 1 0 1 1 1 0 1 1 1 0 0 0 1 0 1 0 1 1 1 0 0 1 1 1 0 1 1 0 0 0 1 1 1 
0 1 0 0 0 1 0 0 0 0 1 0 1 1 1 1 1 0 1 0 1 0 1 0 0 1 0 0 0 0 1 0 1 0 1 1 1 1 1 1 1 1 1 1 0 1 0 1 1 1 0 0 1 1 0 1 0 1 0 
0 1 1 0 0 1 1 1 1 0 0 0 0 1 0 1 0 1 1 1 0 0 1 0 1 0 0 1 0 1 1 0 0 0 1 0 0 0 1 1 1 0 1 1 1 1 0 1 0 1 1 0 1 0 0 0 1 1 1 
