57 56 1263
84 21 40 42 57 80 30 11 4 72 68 53 36 81 90 90 28 98 27 52 24 19 100 35 42 16 31 48 51 25 90 86 45 81 27 53 61 9 63 16 32 83 69 67 15 10 8 42 60 87 45 83 5 97 17 46 
12 99 45 63 23 34 100 19 15 79 72 27 87 86 42 18 68 62 37 34 72 44 27 31 82 72 13 86 68 82 84 79 32 28 93 7 62 45 25 28 23 96 54 9 82 47 78 1 61 14 87 84 10 13 14 91 
84 78 77 3 11 12 82 95 39 26 1 52 70 25 79 92 73 84 52 54 83 82 6 43 95 92 26 56 5 91 47 40 20 75 43 83 86 76 77 76 53 77 28 23 53 58 66 25 94 70 30 28 51 36 70 97 
79 47 53 35 89 51 75 8 77 69 42 62 96 18 89 48 46 16 70 99 26 88 23 71 57 5 98 59 92 67 55 70 65 59 5 53 9 31 12 85 99 54 98 94 23 87 41 69 54 63 19 79 2 93 49 58 
97 46 16 88 64 22 58 28 81 14 32 89 44 44 26 94 49 23 39 71 9 31 39 63 93 57 93 46 50 94 3 98 39 70 86 55 92 95 34 24 8 66 64 3 61 89 48 9 64 86 31 72 16 22 86 61 
30 31 6 31 24 61 29 14 82 14 68 73 60 2 48 67 19 12 21 31 52 68 91 15 5 21 87 20 42 24 32 24 6 90 54 29 50 82 43 83 47 62 8 6 15 55 24 85 66 44 15 18 63 5 32 67 
26 70 39 19 46 22 42 51 11 48 32 12 29 26 95 28 87 2 85 54 8 9 38 74 4 53 43 19 9 26 85 86 48 75 5 45 97 98 47 59 97 78 23 78 55 69 5 94 70 89 47 77 49 84 2 53 
88 96 23 97 74 7 82 73 34 38 17 82 88 15 40 84 45 62 61 99 30 17 92 51 58 38 80 6 74 33 10 13 81 32 9 54 91 43 78 24 32 46 5 19 60 96 55 56 10 67 55 91 84 46 42 41 
36 73 98 61 57 8 25 37 91 34 42 81 28 19 56 59 16 12 30 28 8 84 83 17 50 37 7 33 35 100 25 22 24 23 34 81 82 58 17 72 43 11 53 70 81 60 81 97 72 10 24 79 93 6 47 94 
95 5 79 29 5 55 2 28 77 35 60 58 44 77 30 87 39 34 56 19 45 88 15 16 97 90 46 41 48 92 87 42 49 65 22 53 19 23 32 48 9 44 5 52 20 86 90 10 71 98 28 16 85 95 83 82 
84 29 74 31 72 60 24 72 76 45 24 95 19 8 42 79 51 98 83 22 36 72 31 58 69 10 73 54 4 8 87 40 88 60 70 11 72 46 83 47 90 6 41 61 65 34 91 67 84 73 40 19 45 22 28 65 
32 1 70 87 60 56 26 47 68 96 57 39 93 39 85 34 97 78 94 61 63 85 80 98 9 19 68 5 41 96 70 24 48 39 10 7 47 36 53 14 83 9 4 75 100 40 8 96 69 54 8 32 90 87 81 98 
58 49 3 50 44 24 25 91 14 34 49 60 21 1 25 3 61 80 29 60 20 89 55 88 42 15 71 31 1 52 80 10 52 34 59 95 9 83 37 23 69 85 34 89 37 59 44 97 38 24 9 9 12 63 97 53 
29 19 35 30 22 67 91 73 52 2 19 61 36 55 83 4 91 16 45 27 26 40 76 64 63 84 72 75 98 20 79 27 91 14 8 12 32 98 85 83 99 55 43 87 62 77 90 52 93 86 31 70 25 6 33 88 
41 57 62 38 28 40 16 18 5 23 82 88 73 18 71 23 72 65 9 33 42 99 37 86 36 67 55 61 24 40 48 64 48 61 53 27 100 69 97 57 43 78 44 15 95 66 38 66 31 46 51 24 96 87 61 84 
5 15 44 80 6 43 95 5 3 47 32 2 67 28 10 10 5 54 76 51 71 13 68 1 11 18 76 58 56 36 41 12 3 36 91 8 78 85 13 80 84 96 34 50 23 43 11 27 48 87 29 19 51 96 71 13 
66 99 23 21 34 63 85 88 51 75 96 28 12 60 8 47 55 93 48 77 35 59 55 35 97 83 5 99 30 27 64 95 25 86 68 11 100 52 98 50 78 45 78 89 56 37 87 10 29 35 38 15 45 44 1 41 
78 57 91 8 84 54 2 60 91 69 22 91 72 72 92 50 16 21 38 72 57 25 33 37 11 71 4 55 66 56 47 44 13 37 51 48 43 4 59 33 25 81 75 96 52 67 45 19 87 35 42 44 11 75 32 21 
97 87 75 62 43 21 57 55 9 59 2 3 15 12 36 39 92 10 86 95 28 83 66 15 17 7 10 27 33 41 99 81 28 25 95 22 97 51 76 5 62 29 60 76 40 95 66 84 56 51 78 84 33 95 50 1 
54 59 27 86 51 77 19 78 1 13 99 97 15 26 54 28 6 13 3 98 59 68 81 66 19 10 1 3 5 50 4 58 8 82 95 59 59 65 88 11 29 39 8 44 16 13 71 22 25 26 19 35 93 51 100 63 
60 1 18 16 2 21 73 62 2 20 72 12 84 11 23 13 49 82 8 17 94 30 90 70 55 8 4 100 10 3 14 69 55 31 85 9 3 9 70 57 80 41 20 64 51 42 28 52 75 87 20 20 16 9 89 23 
68 92 74 77 47 39 45 53 70 81 61 24 42 82 80 21 22 100 36 25 93 63 28 20 49 47 39 17 7 28 91 74 71 64 50 69 2 46 22 23 27 34 47 20 16 78 40 89 29 28 65 74 42 92 93 43 
90 83 59 96 62 49 69 85 64 70 53 65 16 26 88 94 60 86 13 27 15 4 15 96 31 80 69 73 23 13 67 13 47 25 60 9 25 81 93 88 50 97 52 65 23 91 10 34 28 22 60 95 78 26 90 60 
57 10 84 80 74 50 44 20 74 55 80 50 35 72 37 85 21 41 1 43 83 11 28 11 32 87 57 61 64 46 21 21 7 4 100 80 54 95 51 79 49 31 29 84 54 65 20 74 57 20 68 40 30 95 2 62 
33 58 22 97 55 42 17 61 98 68 92 51 14 42 29 62 24 57 97 30 74 16 3 82 36 23 21 65 17 74 78 50 83 52 46 37 45 14 49 42 81 92 92 94 86 73 7 9 29 4 38 54 71 93 36 6 
15 8 71 31 82 100 32 16 51 77 53 48 42 53 89 74 97 33 19 82 5 26 90 85 81 80 39 51 72 26 9 38 33 79 20 14 30 52 30 33 80 34 80 22 38 68 95 34 52 14 67 56 91 9 93 23 
88 31 73 11 56 81 100 40 11 19 6 41 70 87 25 50 72 4 23 9 23 69 95 75 82 13 82 24 21 74 46 8 56 19 70 63 51 69 3 14 88 60 6 9 46 30 10 17 33 32 77 7 1 23 33 34 
36 15 58 56 40 55 16 48 25 37 10 76 6 64 89 45 23 46 53 20 75 15 36 59 46 65 65 46 87 98 32 22 64 89 30 55 43 45 2 68 81 64 95 38 79 35 82 54 80 87 73 54 1 61 64 98 
25 28 96 63 77 27 85 92 67 14 47 61 10 48 80 42 63 74 80 42 60 13 47 39 51 19 44 3 31 7 1 7 87 48 70 63 74 6 55 40 71 53 52 80 52 32 21 15 5 52 8 65 65 54 55 15 
24 99 70 7 57 22 13 43 69 82 58 42 87 64 33 9 16 84 88 67 15 61 33 72 12 40 88 28 45 94 95 21 44 64 79 1 85 91 43 53 25 52 46 63 15 30 72 30 13 11 49 80 71 81 3 35 
73 42 62 17 35 56 89 79 71 67 79 55 10 73 59 34 77 56 48 91 85 19 21 98 30 69 29 52 1 83 86 73 24 100 42 58 7 30 88 30 49 18 84 58 43 95 91 19 50 38 9 35 9 81 84 90 
1 64 41 2 46 79 74 69 30 67 78 88 97 18 17 45 35 53 2 29 47 44 47 48 33 8 34 93 88 17 82 41 80 75 94 77 5 19 45 34 86 75 21 82 92 38 78 78 42 31 7 88 26 5 87 58 
12 21 3 52 37 84 44 69 10 37 45 14 55 42 99 40 68 72 73 59 61 50 88 2 80 46 89 5 51 75 15 14 47 17 17 84 52 60 4 62 48 48 27 3 41 26 42 8 97 15 18 57 16 6 58 48 
3 98 52 5 24 18 71 71 86 87 6 90 99 9 3 46 8 29 48 49 6 42 8 2 8 26 10 23 83 19 70 85 68 74 42 44 43 12 14 81 98 71 70 48 31 72 94 90 52 93 38 58 34 46 11 41 
23 21 16 5 91 37 41 59 10 82 2 5 93 67 85 43 89 54 90 19 77 83 8 80 76 98 37 61 95 48 54 17 20 69 73 62 5 13 20 67 95 73 71 39 39 55 81 79 60 71 97 88 5 57 67 32 
6 4 93 52 3 98 20 74 66 92 35 22 56 7 40 2 79 10 41 70 16 21 48 27 43 97 14 48 5 81 31 62 36 23 13 90 20 32 63 37 75 49 11 82 55 50 84 86 12 24 7 79 96 6 6 91 
2 71 90 58 51 20 19 38 95 83 27 66 66 41 3 40 90 65 22 96 66 57 33 77 32 39 8 27 45 13 69 98 83 58 56 86 78 26 23 24 9 2 89 26 94 91 66 35 7 39 31 73 95 15 1 26 
54 8 4 98 20 73 95 55 82 2 40 11 80 14 34 40 67 23 65 61 65 82 95 72 20 77 44 66 92 44 43 45 52 99 94 23 23 40 29 4 94 68 67 73 34 100 64 52 22 28 12 87 10 59 10 81 
35 5 99 26 48 93 22 51 91 67 26 65 7 54 21 100 74 87 24 7 86 87 58 60 66 22 98 75 80 7 8 66 11 58 44 10 50 65 13 93 32 38 57 90 91 77 41 16 15 64 74 1 2 84 12 67 
5 9 94 36 67 53 1 29 10 44 90 11 61 2 3 44 91 12 33 34 40 25 49 55 88 23 7 41 6 18 7 62 78 52 97 96 4 49 76 65 93 65 28 53 19 82 96 9 93 80 42 85 4 43 39 43 
65 97 83 22 66 41 35 43 45 31 90 48 79 65 65 23 29 92 75 47 73 22 8 18 53 1 2 56 43 92 50 59 88 32 80 53 25 66 47 69 96 88 68 27 52 32 49 32 75 76 31 48 49 38 65 54 
90 66 9 33 9 11 91 96 94 23 100 18 88 98 38 36 85 6 14 88 89 14 71 64 41 1 11 90 90 27 43 80 44 3 64 52 65 54 99 59 28 98 76 68 47 66 3 31 71 68 70 11 81 40 74 22 
41 36 63 82 62 57 13 5 11 76 8 76 82 6 34 9 3 61 76 49 26 30 31 48 97 100 59 78 40 32 51 32 20 13 65 81 69 78 38 31 53 45 6 34 51 91 95 5 52 22 6 77 52 36 77 100 
88 35 77 79 18 79 10 37 91 74 70 11 3 7 42 56 3 99 41 5 90 35 10 41 57 15 69 60 2 97 59 89 31 88 67 1 66 28 37 9 54 58 71 56 16 64 11 19 63 4 23 4 90 84 96 98 
50 64 57 52 61 16 92 43 55 59 43 72 86 32 80 39 89 51 47 57 14 9 75 28 12 49 31 2 85 26 99 34 42 8 37 54 75 29 96 29 87 91 100 24 74 32 15 14 82 61 70 47 69 44 75 33 
45 57 86 29 35 84 14 76 91 51 29 17 79 76 45 17 18 97 40 91 28 6 57 9 66 26 7 87 70 33 19 66 90 4 46 24 39 59 51 82 9 31 98 87 58 95 55 28 91 95 70 18 100 26 78 18 
52 84 4 73 17 74 38 58 29 83 33 67 93 35 100 2 65 98 40 74 92 95 1 34 41 71 51 92 96 28 9 47 63 64 19 31 37 8 40 17 42 72 36 35 58 35 88 22 84 79 96 27 25 48 60 65 
18 62 9 66 89 17 12 52 33 83 34 21 90 74 38 84 97 73 18 55 59 57 76 43 35 23 21 12 23 81 28 40 42 36 5 83 5 69 86 37 51 19 57 92 44 94 27 41 18 96 95 77 52 22 71 39 
97 91 50 19 23 77 58 17 65 15 99 69 35 36 5 37 54 61 28 50 7 7 90 24 2 84 52 54 5 22 92 1 65 93 71 87 21 81 3 85 95 53 53 29 88 9 65 94 22 44 43 28 50 32 3 52 
15 7 57 71 28 100 24 92 92 94 79 12 74 33 49 20 86 1 100 73 62 64 66 83 60 60 62 61 91 64 12 57 70 20 80 50 19 3 93 62 48 71 26 74 56 74 93 41 26 93 65 87 8 83 69 67 
42 82 28 33 46 91 41 67 63 20 68 81 74 61 95 22 83 20 47 38 93 39 78 18 83 95 57 91 77 77 9 18 59 88 2 56 31 43 22 93 14 90 25 88 50 19 61 32 90 7 22 82 45 51 52 80 
45 8 70 21 36 30 91 94 18 92 49 48 86 23 92 100 12 68 39 13 87 99 96 76 5 69 10 1 20 13 32 64 72 53 37 7 83 27 1 52 70 49 51 56 23 42 7 86 9 45 98 47 95 46 75 99 
14 84 51 85 96 83 49 67 35 37 73 69 63 25 20 84 26 70 91 48 63 97 34 72 93 83 18 87 80 44 37 46 27 40 30 74 74 30 40 8 66 65 29 80 41 48 64 66 18 6 14 80 3 99 3 47 
81 73 34 13 16 70 58 95 9 39 68 82 69 60 42 86 76 70 18 16 69 33 82 38 38 47 70 40 45 72 87 77 44 72 41 12 93 98 6 54 37 73 87 57 84 28 42 59 49 59 75 70 43 8 7 81 
54 76 72 50 48 58 78 43 81 19 6 74 16 11 27 4 36 13 12 19 93 6 30 93 16 4 62 59 11 21 39 16 96 10 65 95 20 42 90 100 12 95 73 80 58 51 83 93 16 47 63 8 52 92 52 67 
47 14 25 57 34 63 24 81 73 88 76 44 82 17 43 45 11 68 24 20 18 59 64 33 5 27 92 56 70 44 22 17 9 47 25 94 61 1 74 85 88 49 28 21 17 71 66 28 90 41 99 59 99 63 44 3 
41 35 58 10 30 80 78 38 78 55 31 38 55 5 75 94 5 2 67 22 24 84 1 13 24 99 24 23 13 67 25 53 53 83 63 83 14 92 72 91 98 3 80 52 59 54 98 15 8 16 88 31 99 40 96 22 
0 0 1 0 0 0 1 0 0 1 0 1 0 0 1 0 0 0 1 0 0 0 0 1 1 0 1 1 1 0 1 1 0 0 0 0 0 1 1 0 0 1 1 0 1 0 0 1 1 0 1 1 0 0 0 0 
0 1 1 1 0 0 1 0 1 1 1 1 0 0 0 0 1 1 0 1 0 1 0 1 1 0 0 1 0 0 1 0 1 1 1 1 1 0 0 0 1 1 0 1 1 0 1 0 1 0 1 1 1 0 0 0 
0 0 1 0 0 1 0 0 0 1 1 1 0 1 0 1 0 0 1 1 0 0 0 1 0 1 1 1 1 1 1 1 0 1 1 0 0 1 0 0 1 0 1 1 1 1 0 0 1 1 1 1 0 1 1 0 
1 0 0 0 1 1 0 1 0 1 0 0 1 0 0 0 0 0 1 0 1 1 0 1 1 1 0 1 1 1 1 0 1 1 0 1 1 0 0 1 0 0 0 1 1 0 1 1 0 0 1 0 1 1 1 0 
1 1 1 0 1 1 0 0 0 0 1 1 1 0 1 1 0 1 0 1 1 1 1 0 1 0 0 0 0 1 1 1 0 0 1 1 1 1 0 0 1 1 1 0 1 0 1 0 1 1 1 1 0 0 1 1 
1 1 0 1 0 1 0 0 1 1 0 1 0 0 1 1 1 0 0 1 1 1 1 0 1 0 1 1 1 0 1 0 1 1 1 1 0 1 0 1 0 0 0 0 0 1 1 1 0 1 0 1 1 1 1 0 
0 1 1 1 1 0 1 1 1 0 0 1 1 0 1 1 0 1 1 0 1 0 0 1 0 0 0 1 0 1 1 0 0 0 1 0 1 0 1 0 0 1 0 1 0 1 0 0 0 1 1 1 1 1 0 1 
1 0 0 1 0 1 1 0 0 0 0 1 0 1 1 0 1 1 1 1 0 1 1 1 0 0 0 0 1 1 1 1 1 0 0 1 1 0 0 1 0 0 0 1 0 0 1 1 1 1 0 0 0 1 1 1 
0 1 1 1 0 0 0 0 0 1 1 0 1 1 1 1 0 0 0 0 0 0 1 1 1 1 1 1 0 0 0 0 0 1 0 0 0 0 0 0 1 0 0 0 1 0 0 1 0 0 1 0 0 0 1 1 
1 1 1 0 1 1 0 1 1 0 0 1 1 0 1 0 0 0 1 0 0 1 1 0 1 1 0 0 1 1 1 1 0 0 1 0 0 1 1 1 0 1 0 1 0 1 1 0 1 0 0 1 1 0 1 1 
1 1 1 0 1 0 1 1 1 0 1 1 0 1 0 0 0 0 1 0 1 0 1 1 1 1 0 0 1 0 1 0 1 0 1 0 1 0 0 0 1 1 1 1 0 1 1 1 1 0 1 0 0 0 1 1 
0 0 0 1 0 1 0 1 0 1 0 1 1 0 1 0 1 0 1 0 1 0 1 0 0 0 0 1 1 0 0 1 0 0 0 0 0 0 1 0 1 1 1 1 1 0 1 1 0 1 1 1 1 0 1 0 
0 1 1 1 1 1 0 1 0 1 1 0 1 1 0 1 0 1 0 0 1 1 1 1 0 0 0 0 0 1 0 0 0 1 0 0 0 0 1 0 1 1 0 1 0 0 0 0 1 0 0 0 1 1 1 0 
1 1 0 1 0 0 0 1 1 0 1 1 0 0 0 0 1 0 1 1 1 1 0 0 1 0 1 0 0 0 0 1 0 0 1 0 0 1 1 1 1 0 1 1 1 1 1 0 1 0 0 0 1 0 1 0 
0 0 1 0 0 1 0 0 0 1 1 0 0 0 0 1 1 1 0 0 0 0 0 1 0 0 0 0 0 1 0 1 1 1 1 1 1 1 0 1 0 1 1 0 1 1 1 0 0 0 0 0 0 1 0 0 
1 0 0 0 1 1 1 0 0 0 1 1 0 1 0 0 0 0 1 0 1 0 0 0 0 1 0 0 0 0 1 1 0 1 1 1 0 0 1 1 1 1 0 1 0 1 1 1 1 0 1 0 1 1 0 1 
0 1 0 0 1 1 0 0 0 1 1 1 0 1 0 1 0 0 0 0 1 1 1 0 0 0 1 1 0 1 0 0 0 0 1 0 1 1 0 0 0 1 1 0 0 1 1 0 1 1 1 1 1 0 1 1 
1 0 0 1 0 0 1 0 1 0 0 0 1 0 0 0 0 1 0 0 0 0 1 0 1 0 1 0 0 0 1 1 1 1 0 1 0 0 1 1 0 0 1 0 0 0 0 0 1 0 1 0 0 0 0 0 
0 1 0 0 1 0 0 0 1 0 1 1 0 1 0 1 1 0 1 1 0 1 0 1 1 1 1 0 1 1 0 1 0 0 1 0 0 1 0 0 0 0 1 0 1 0 1 0 0 0 1 0 1 1 1 1 
0 1 1 1 0 1 0 1 1 0 1 0 1 1 0 1 1 1 0 0 1 1 0 1 0 0 1 1 1 1 0 0 0 1 1 0 0 0 1 0 0 0 0 1 0 0 1 1 1 1 0 1 0 0 0 0 
0 0 0 0 1 0 0 1 0 1 1 0 1 1 0 1 1 0 1 1 0 0 1 0 1 1 1 1 1 1 0 0 1 0 0 0 0 0 1 0 1 1 1 1 0 1 0 1 0 1 1 0 1 0 0 0 
1 1 0 0 1 0 0 0 0 0 1 0 0 0 1 0 1 0 1 1 1 1 1 1 1 0 0 0 0 0 1 1 0 1 1 1 1 0 1 1 0 0 1 1 1 0 1 0 0 0 0 0 1 1 1 0 
1 1 1 1 0 0 0 0 1 1 1 0 1 0 1 0 1 0 1 0 1 0 0 1 0 0 1 1 1 1 0 0 0 1 1 0 1 1 0 0 1 1 0 0 0 1 0 1 1 1 1 0 1 1 0 1 
0 1 1 1 0 1 0 1 0 1 1 1 1 0 1 0 1 1 0 1 0 1 0 1 0 1 0 0 1 0 1 1 1 0 0 0 1 0 1 1 0 0 0 1 0 1 1 0 0 1 1 0 0 0 0 1 
1 0 1 0 0 0 1 1 1 0 1 0 0 0 0 0 1 0 1 1 0 0 1 0 0 1 1 0 1 1 1 0 1 0 1 1 1 0 0 0 0 0 0 1 0 0 1 1 1 1 1 1 1 0 1 1 
1 0 0 0 1 1 1 0 0 0 1 1 0 0 1 1 0 1 0 0 0 1 0 1 0 1 0 0 1 1 1 1 0 1 1 1 1 0 0 1 0 1 0 1 1 1 0 1 0 0 0 0 1 0 1 0 
1 1 0 0 1 1 1 1 1 1 0 0 1 0 1 0 0 1 1 1 0 1 1 0 1 1 1 0 1 0 0 0 0 0 0 1 0 0 0 1 1 0 1 0 1 0 0 1 1 1 0 1 0 1 1 1 
0 0 0 1 1 0 1 1 1 0 0 1 0 0 0 1 0 1 1 1 1 0 0 0 1 1 1 0 0 0 1 1 1 1 0 0 0 0 1 1 0 1 0 0 1 0 1 1 1 0 1 0 0 1 0 0 
0 1 0 1 1 1 0 0 1 0 0 1 0 1 0 0 0 0 0 1 0 1 1 1 0 0 1 0 1 1 0 0 0 0 1 1 0 1 0 1 1 0 0 0 0 0 0 0 0 1 0 0 0 1 1 0 
1 0 1 0 1 1 0 1 0 1 0 0 0 0 1 0 1 1 0 1 1 0 1 1 1 1 1 0 0 0 0 1 0 1 0 1 1 0 0 1 0 0 1 0 1 0 0 0 1 0 1 0 1 0 1 0 
0 0 0 0 0 1 0 0 0 0 1 1 0 1 0 0 1 1 1 0 1 1 0 0 0 1 0 1 0 1 1 0 1 0 0 1 1 0 1 1 0 0 1 1 1 1 1 1 1 0 1 0 0 0 1 0 
1 1 1 1 1 0 1 0 0 0 0 1 0 1 1 1 0 0 0 1 1 1 0 0 0 0 1 0 0 0 0 1 1 1 1 0 1 0 1 0 0 1 1 1 0 0 0 0 0 0 0 0 1 0 0 1 
0 1 1 0 1 1 0 1 0 1 1 0 1 0 0 0 1 1 1 0 0 1 0 0 1 0 0 0 1 1 0 1 0 1 0 0 1 0 1 1 1 0 1 0 1 1 0 0 1 1 0 1 0 1 1 1 
1 0 0 0 1 0 0 1 1 0 1 0 0 0 0 1 1 1 1 0 1 0 0 0 1 1 1 0 0 0 1 1 0 1 0 1 1 0 1 1 0 0 1 0 1 1 1 0 1 0 0 0 0 0 0 0 
1 1 0 1 1 1 1 0 1 1 1 0 1 0 1 1 1 1 1 0 0 0 0 1 0 0 1 1 0 1 1 0 0 1 1 0 0 0 0 1 1 1 0 0 0 1 1 1 0 0 1 1 0 1 0 1 
1 0 0 1 1 1 1 0 0 1 0 0 1 0 0 1 1 0 1 1 1 1 0 0 1 1 1 0 0 1 1 1 1 1 1 1 0 0 1 0 1 1 0 1 1 0 0 0 0 1 0 0 0 0 0 0 
0 1 0 0 0 1 0 0 0 1 1 0 1 0 0 1 1 0 0 0 1 0 0 1 1 0 1 0 1 1 0 1 0 0 1 1 1 1 1 1 0 0 1 0 0 1 1 1 1 1 1 0 1 1 0 0 
0 1 0 1 1 0 0 1 0 1 0 1 1 1 0 1 1 1 1 1 0 0 0 0 1 1 0 0 1 0 1 1 0 1 0 1 0 0 0 0 1 1 0 0 0 0 0 0 0 1 1 0 0 0 0 1 
1 1 0 0 1 1 1 1 0 1 0 0 1 1 1 1 0 1 1 0 1 1 0 1 1 0 0 1 0 0 0 1 1 0 0 1 1 1 0 0 1 1 0 0 0 1 1 0 0 1 0 0 0 1 1 1 
1 1 0 1 0 1 0 1 1 0 0 1 0 1 1 1 0 1 1 0 1 1 0 1 0 0 1 0 1 1 0 0 0 0 1 0 1 0 0 1 0 0 0 0 1 1 1 1 0 1 1 1 0 1 1 0 
0 0 0 1 1 0 0 0 1 1 0 0 1 0 1 0 1 1 0 0 0 0 0 1 1 1 0 1 1 1 1 1 0 1 0 1 0 0 1 1 0 0 1 1 0 1 1 1 0 0 0 1 0 0 0 1 
1 0 0 0 0 1 1 0 0 0 1 0 0 1 1 0 1 1 0 1 0 1 1 0 1 1 1 1 1 1 0 0 0 0 1 0 1 0 0 0 0 1 0 1 0 0 1 1 1 1 1 1 1 0 1 0 
1 1 0 0 0 0 0 0 1 1 0 0 0 0 0 0 0 1 1 0 1 1 0 0 0 1 1 1 1 0 0 0 1 0 0 0 0 0 0 1 0 1 0 0 1 0 0 1 1 0 0 0 1 0 0 1 
1 1 1 0 0 1 0 1 1 0 1 1 0 0 1 0 1 1 0 0 1 1 0 1 1 0 1 0 0 0 1 1 1 0 1 1 1 1 1 0 1 0 0 1 0 1 0 1 0 0 0 1 1 0 0 0 
0 0 0 0 0 0 1 1 0 0 1 0 1 0 0 0 0 0 1 1 1 1 0 1 0 0 1 1 0 1 0 0 1 0 0 1 0 1 1 1 1 0 1 0 0 1 0 0 0 0 1 1 1 0 1 1 
0 0 1 1 1 1 1 1 1 0 0 0 1 1 1 1 1 0 1 1 1 0 0 1 0 1 1 1 1 0 1 0 0 0 1 1 1 0 0 0 0 1 0 0 0 1 1 0 1 0 1 1 0 1 0 0 
1 1 0 0 1 1 0 1 1 1 1 0 0 1 0 0 0 1 0 1 0 1 1 0 0 0 1 0 0 1 1 1 1 1 1 0 0 0 0 1 1 1 1 1 0 1 0 1 0 0 0 1 0 1 1 0 
1 0 0 1 1 1 0 0 0 0 1 0 0 1 1 1 0 0 1 0 0 1 1 0 1 1 1 1 0 0 1 0 0 0 1 0 1 0 0 0 0 1 0 0 0 0 1 0 0 0 1 0 1 0 1 1 
0 0 0 0 1 0 0 1 0 0 1 1 0 0 1 0 1 0 0 0 0 1 0 0 0 1 1 1 0 0 0 0 0 1 0 1 1 1 1 1 1 0 0 1 0 0 1 0 0 1 0 0 0 0 0 0 
0 1 0 0 1 0 0 0 1 0 1 0 1 0 1 0 1 0 1 1 0 0 1 0 1 1 0 0 0 0 0 0 0 0 0 1 1 0 1 0 0 1 1 0 1 0 0 0 0 0 0 0 0 1 0 0 
1 0 0 1 1 0 1 1 1 1 0 0 1 0 0 1 1 1 1 0 0 0 1 0 0 1 1 0 0 1 0 1 0 0 0 1 1 1 0 0 0 0 0 1 0 0 1 1 0 0 0 0 0 1 0 0 
0 1 1 0 1 1 0 1 0 0 0 1 0 0 1 0 0 1 0 1 1 1 0 1 1 0 1 0 1 0 0 1 1 1 0 0 1 0 1 1 0 1 0 0 1 1 1 0 0 1 1 1 0 1 1 1 
0 0 1 1 0 0 1 0 1 1 0 0 1 0 1 1 1 1 0 1 0 1 1 0 0 0 0 0 1 1 1 1 1 1 1 0 1 0 0 0 1 0 1 0 0 0 1 0 0 1 1 0 0 0 1 0 
0 1 0 1 0 0 1 1 1 0 1 0 0 1 0 1 0 1 1 0 0 0 0 0 0 1 0 0 1 1 1 1 0 1 1 0 1 0 0 0 0 1 0 0 1 1 1 1 0 0 1 0 0 0 0 0 
1 1 1 1 0 0 0 1 1 1 1 1 1 1 1 1 1 0 1 0 1 0 1 1 0 0 0 1 0 0 1 0 1 0 1 0 0 1 1 0 1 0 1 0 0 0 0 1 0 1 1 1 0 0 1 0 
0 1 1 1 1 1 1 1 1 0 1 0 1 0 0 0 0 1 1 0 1 1 1 0 0 0 1 0 0 0 1 1 1 0 0 1 1 1 0 1 1 1 1 0 1 1 1 1 0 0 0 1 1 1 1 1 
0 1 0 0 1 1 1 1 1 1 0 1 0 0 0 1 1 1 0 0 0 1 1 0 1 1 1 0 1 1 1 1 0 1 1 1 0 1 0 0 0 0 1 1 0 1 0 1 0 0 1 0 1 1 0 0 
