42 44 299
48 92 28 72 40 6 67 55 71 91 53 15 49 91 26 7 2 14 88 88 18 85 85 9 92 51 53 2 60 83 28 59 74 55 30 65 12 96 19 82 38 23 48 86 
65 25 92 66 39 31 6 8 67 90 16 58 41 68 11 52 2 38 10 75 44 91 92 55 86 10 89 23 85 88 61 49 13 52 15 3 35 72 10 1 61 78 11 53 
97 21 4 99 59 65 73 54 55 16 9 92 26 49 67 10 36 27 10 48 30 24 2 64 47 12 17 8 89 27 60 37 47 16 35 57 80 60 11 87 75 71 78 52 
71 44 13 58 22 23 58 52 98 59 67 45 70 83 52 10 9 63 47 8 78 81 64 10 40 26 96 67 96 25 18 66 69 31 24 90 53 81 93 50 39 60 94 61 
94 97 22 3 60 68 10 37 1 25 98 92 51 93 58 98 18 76 64 38 6 39 79 10 19 24 59 9 83 5 69 76 1 91 30 60 10 91 49 62 16 46 54 18 
91 11 15 60 86 30 97 43 68 27 52 38 50 11 47 84 15 67 60 15 9 41 27 71 32 75 32 99 72 85 68 62 48 82 21 33 64 69 28 31 96 79 69 45 
41 67 81 7 85 92 74 46 32 100 16 15 26 99 65 97 36 32 11 83 66 31 15 29 100 94 11 47 73 79 43 65 97 23 72 34 14 45 79 98 96 46 12 21 
44 77 17 31 60 27 13 25 10 80 5 61 73 16 7 97 46 1 62 43 24 33 28 89 77 6 86 72 3 50 44 98 26 60 29 37 39 41 62 100 20 18 60 45 
33 18 41 31 18 2 25 93 34 52 34 62 9 19 85 11 68 28 60 45 40 88 82 30 81 95 29 100 64 88 44 97 57 37 79 26 38 3 71 72 54 4 85 14 
74 70 24 94 49 35 38 88 23 71 17 3 17 45 54 81 84 50 29 40 86 7 66 75 9 36 98 14 91 83 27 64 4 2 57 52 36 47 92 10 17 8 64 34 
5 70 66 88 19 94 80 56 100 97 82 60 84 80 73 74 62 51 89 17 52 98 68 39 44 59 1 12 19 64 45 75 33 62 14 3 55 93 10 54 41 92 13 76 
71 37 1 84 87 90 100 90 87 19 81 30 30 81 41 100 44 38 74 29 99 39 83 6 32 45 11 24 88 24 100 10 12 100 93 99 41 44 40 27 14 20 8 95 
100 1 94 96 90 19 76 40 58 58 45 41 54 56 16 41 31 15 50 42 67 94 92 7 89 84 86 3 3 45 97 55 45 43 50 86 13 77 78 22 86 22 62 40 
29 78 80 11 44 82 5 62 75 96 69 64 31 6 18 34 50 66 40 47 60 41 84 73 17 61 46 2 83 60 41 63 89 73 74 32 6 78 94 32 25 14 47 56 
19 64 41 20 82 80 18 41 20 2 65 36 62 11 89 96 70 82 11 58 6 84 41 11 13 86 42 89 51 89 44 21 4 36 41 85 67 58 78 38 11 42 25 73 
4 14 20 73 95 30 82 52 65 75 62 77 60 55 18 11 95 13 31 51 49 23 35 15 33 12 53 43 6 29 67 9 42 39 34 88 68 15 39 85 89 52 13 1 
59 30 63 53 43 93 55 91 16 42 57 100 5 61 42 10 90 61 71 83 99 4 71 66 70 61 2 59 13 15 11 71 44 73 75 86 17 82 28 32 23 37 83 27 
97 25 37 38 85 7 21 83 62 43 100 31 3 2 41 67 68 51 89 11 75 16 49 92 97 76 75 19 64 58 45 13 82 33 50 18 91 22 52 52 16 3 35 71 
4 75 37 23 78 78 34 52 93 34 43 89 61 18 59 25 27 55 37 60 40 86 77 82 60 80 86 75 82 20 97 38 94 86 60 71 63 93 75 7 78 17 47 39 
86 5 63 64 59 99 23 50 36 99 32 47 30 17 74 12 36 70 49 81 55 8 4 69 53 78 75 30 46 21 68 32 25 30 95 36 80 70 37 68 20 68 14 50 
84 87 61 71 57 9 4 63 16 7 32 68 84 6 98 81 79 17 12 55 47 59 42 78 80 79 45 99 46 59 48 82 45 8 4 53 16 7 68 84 13 51 3 48 
56 100 29 86 17 92 41 15 2 82 92 81 60 89 80 58 47 79 39 43 87 94 48 54 1 15 37 65 65 40 65 72 91 93 58 59 36 50 25 90 31 17 70 43 
57 1 100 3 80 90 45 66 83 44 71 83 10 60 100 74 99 64 98 41 8 7 100 43 56 76 84 38 44 54 80 100 6 79 2 85 68 99 2 51 42 73 85 52 
32 84 77 82 99 26 74 6 32 25 1 87 1 84 25 44 89 4 44 95 35 45 79 2 95 33 52 89 57 89 40 40 72 68 21 71 94 46 28 25 71 28 64 71 
12 40 14 52 95 57 46 29 54 77 31 48 9 34 36 65 74 27 56 46 47 76 68 40 21 95 16 43 75 79 13 38 70 27 89 65 35 87 93 40 63 75 88 23 
61 75 39 34 54 94 31 100 21 50 39 93 97 6 36 71 85 48 60 54 26 100 70 13 86 63 52 48 89 39 70 1 66 60 35 71 53 17 70 73 67 60 66 63 
65 53 85 1 100 44 7 78 43 76 90 81 90 41 28 79 32 50 79 49 9 65 19 14 82 88 38 100 99 3 14 63 7 98 64 7 93 70 36 87 97 25 67 87 
17 47 17 100 48 47 48 8 12 66 21 45 5 59 96 3 13 9 18 20 58 33 78 50 54 65 88 50 89 7 36 57 53 4 57 52 51 4 59 14 22 32 10 26 
42 5 81 54 13 98 25 70 30 54 71 83 18 58 32 58 16 20 15 20 23 71 71 25 26 82 38 47 13 99 73 54 3 53 59 67 2 36 88 31 89 58 65 7 
68 48 16 83 67 30 3 42 52 25 18 78 6 56 24 18 54 48 23 9 52 34 75 53 69 63 35 57 72 99 15 39 47 31 74 65 12 28 58 64 52 76 41 10 
83 16 27 88 16 2 96 67 35 23 72 3 37 6 11 8 57 78 99 3 8 24 19 71 51 77 34 54 52 26 63 86 94 42 73 9 43 69 75 77 43 46 31 79 
4 93 38 60 70 36 14 77 59 32 100 61 60 33 15 63 11 29 48 4 70 21 12 64 41 38 92 83 36 22 13 39 15 50 50 84 86 63 13 96 46 64 9 6 
96 75 68 58 3 68 61 25 88 24 88 28 14 80 62 49 53 74 39 19 23 88 55 60 2 67 8 47 30 16 4 77 42 24 87 44 91 47 20 78 23 8 57 36 
39 70 84 91 43 22 10 17 61 64 29 62 82 88 8 63 55 64 91 96 87 77 91 77 76 11 6 98 70 14 85 8 83 68 98 77 41 59 45 53 22 25 14 55 
12 73 17 66 36 60 13 22 36 4 50 11 66 7 60 35 20 44 42 54 63 39 82 55 98 27 7 71 51 20 26 15 93 94 80 80 53 93 2 41 48 3 51 13 
10 63 47 81 6 40 87 21 78 68 75 27 46 82 50 49 1 27 63 45 72 94 25 25 38 78 17 85 80 67 49 41 81 47 22 39 86 60 59 16 27 33 94 25 
66 43 73 19 21 87 63 93 80 39 69 70 16 85 6 48 3 55 40 84 53 61 22 39 72 80 54 99 64 47 75 30 42 47 48 62 85 62 54 16 1 22 85 68 
6 91 67 9 97 7 44 49 19 65 87 91 96 92 41 59 39 15 40 80 13 39 93 97 1 47 12 53 20 97 20 26 39 87 86 87 45 29 35 63 45 74 53 40 
17 45 50 55 59 42 86 71 80 79 67 80 77 79 84 96 27 4 73 65 42 10 51 38 38 37 100 34 62 5 25 31 49 27 85 60 68 23 30 47 53 97 79 29 
27 14 76 53 17 49 69 10 10 71 99 48 59 99 33 73 55 58 3 3 84 39 62 51 61 44 49 65 92 79 45 18 93 21 22 61 21 90 23 30 12 21 29 70 
71 62 42 25 71 44 80 54 83 93 56 95 36 4 60 27 35 56 96 79 76 69 39 48 58 13 30 21 86 58 91 56 71 32 33 41 28 12 94 62 56 49 56 92 
5 67 70 91 75 18 69 50 86 59 50 96 72 79 16 57 36 58 64 59 42 96 99 69 59 45 30 15 45 37 58 1 56 79 91 30 96 59 31 34 70 32 81 41 
1 1 0 1 1 1 1 0 1 1 0 1 1 1 1 0 1 0 0 0 1 1 1 0 1 0 1 0 1 1 0 1 1 0 0 0 0 1 0 1 0 0 0 0 
1 0 0 0 0 0 1 1 1 0 0 1 0 1 1 0 1 0 1 0 0 1 0 0 0 0 1 0 0 0 0 1 0 0 1 0 1 0 0 0 1 0 1 1 
1 1 1 0 1 0 0 1 1 0 0 1 0 1 0 0 1 0 1 1 1 1 0 0 1 0 0 0 0 0 0 1 1 1 0 0 0 0 1 1 1 1 1 1 
1 1 0 0 1 1 0 0 0 0 0 0 0 1 0 0 1 0 1 0 0 1 0 0 0 1 1 1 1 0 0 0 1 0 0 1 0 0 1 0 0 0 0 0 
1 1 0 0 1 0 0 1 1 0 1 1 1 1 0 0 1 1 0 1 1 1 0 1 1 1 0 0 1 0 0 0 1 1 0 1 1 0 0 0 0 0 0 0 
1 0 0 0 1 1 1 1 0 1 0 1 1 0 1 0 1 0 1 0 1 1 1 0 0 0 0 0 0 0 0 1 1 1 1 0 0 1 1 0 0 0 1 1 
0 1 0 1 1 1 0 0 0 1 0 0 1 0 1 1 1 1 0 0 0 0 0 0 1 0 0 1 0 0 1 0 1 1 0 0 0 0 0 0 1 0 1 1 
0 0 0 1 1 1 1 0 1 0 0 0 0 1 1 0 1 0 0 0 1 0 0 1 0 0 0 0 0 1 1 0 1 1 0 0 0 1 0 1 1 1 1 1 
0 1 1 1 1 0 1 1 0 1 0 1 1 0 1 1 1 0 1 0 1 1 1 0 1 1 1 0 0 1 0 0 0 1 1 1 1 0 0 0 1 1 1 0 
1 0 1 1 0 1 1 1 0 0 1 1 0 1 0 0 0 0 1 0 1 0 1 1 1 0 1 0 1 0 1 0 0 0 1 0 1 1 1 0 1 1 1 1 
0 1 0 0 1 1 0 1 1 1 0 0 1 1 1 0 1 0 1 1 0 0 1 0 1 0 0 1 1 1 0 1 1 0 1 0 1 1 1 1 1 1 1 0 
0 0 1 1 0 0 0 1 0 1 1 0 0 1 1 1 0 1 1 1 0 0 0 1 0 1 0 1 1 0 1 1 0 0 1 1 0 1 0 1 1 1 1 1 
0 0 0 0 1 1 0 1 0 0 1 0 1 1 1 0 1 0 0 0 1 1 1 1 0 1 0 1 0 1 0 0 1 1 0 1 0 0 0 0 0 1 0 0 
1 1 0 0 0 0 0 1 1 1 0 0 0 1 1 0 0 0 0 0 1 1 1 1 1 1 0 0 1 0 0 0 0 0 0 0 1 1 1 0 0 1 0 1 
0 0 1 1 0 0 1 1 1 0 0 0 1 0 0 0 1 0 0 1 1 1 1 0 0 0 0 0 1 1 1 0 1 1 1 1 1 0 0 0 0 0 0 1 
1 1 0 0 1 0 1 0 1 0 0 1 0 1 0 1 0 1 1 1 0 0 0 1 0 0 1 0 0 0 0 1 1 0 1 0 0 0 1 0 0 1 1 0 
0 1 0 0 1 1 1 1 0 1 1 0 1 0 1 0 0 1 1 1 1 1 0 1 1 1 1 0 0 1 0 1 0 0 1 1 0 1 1 0 0 0 0 0 
0 1 0 1 0 1 0 1 0 0 1 0 1 0 0 0 1 0 1 0 1 0 1 1 1 0 1 0 0 1 0 1 1 0 0 1 1 0 1 0 1 0 0 0 
0 0 0 0 0 1 0 1 0 1 0 1 0 1 1 0 1 1 1 0 1 1 1 1 0 0 1 1 0 1 1 1 1 0 1 1 1 1 1 1 0 1 1 0 
1 0 1 0 0 0 0 1 0 1 0 0 0 1 1 0 0 0 1 1 0 0 1 0 1 0 1 0 1 0 0 0 1 1 0 1 0 0 0 0 0 1 0 0 
0 1 0 1 1 0 0 0 0 1 0 0 1 1 0 1 0 0 1 1 0 0 0 0 0 0 0 0 1 0 0 0 1 1 1 0 1 1 0 1 1 0 1 0 
0 1 1 0 0 1 1 0 1 1 0 1 1 0 0 1 0 0 1 1 1 0 1 0 1 0 0 0 0 1 1 0 1 0 0 1 1 1 1 0 0 1 0 0 
1 0 1 1 0 0 0 0 0 1 0 1 1 0 0 0 0 1 0 1 1 1 0 1 0 1 1 1 0 1 1 1 1 0 0 0 0 0 0 0 1 0 1 1 
1 1 1 1 0 1 0 0 0 0 1 1 1 0 0 1 0 1 0 1 1 0 1 1 0 1 1 1 0 0 0 1 0 1 0 0 1 0 0 1 0 1 0 1 
0 0 0 0 1 0 1 0 0 1 1 0 0 0 1 0 1 0 1 1 1 1 1 0 1 0 0 1 1 0 0 1 1 0 1 0 0 1 1 0 0 0 0 0 
1 0 1 0 0 0 1 1 0 0 0 1 0 0 1 0 0 1 1 1 0 1 0 0 0 1 1 0 1 1 0 0 1 1 0 1 0 1 1 0 0 1 1 0 
1 0 0 1 0 0 1 0 1 1 0 1 0 1 1 1 1 1 0 0 1 0 0 1 0 1 1 0 0 0 0 1 1 1 0 1 1 1 1 0 0 1 1 0 
1 0 0 0 1 0 0 0 0 0 1 0 1 0 0 1 1 1 0 0 0 1 1 1 0 0 1 1 1 0 1 0 0 1 0 1 1 1 0 0 1 1 0 1 
0 1 0 1 0 1 1 0 0 0 1 0 0 0 1 1 0 1 0 0 0 0 1 0 1 1 0 1 1 0 0 1 1 0 0 1 1 1 1 1 1 0 0 1 
0 1 0 0 0 0 0 1 1 0 1 0 1 1 1 0 1 1 1 1 0 1 0 1 0 0 1 1 0 1 0 1 0 1 1 1 1 0 0 0 0 1 1 1 
0 0 0 1 0 1 0 0 1 1 1 1 1 0 1 1 1 1 0 0 0 0 1 0 0 1 0 0 0 1 1 0 0 1 1 0 1 0 0 0 1 1 1 0 
0 0 1 1 0 0 1 0 0 0 0 0 1 1 0 1 0 1 1 0 1 1 0 0 1 0 0 0 0 1 0 0 0 1 1 0 1 1 0 1 1 1 1 1 
0 1 0 0 1 0 1 0 1 1 0 0 0 0 0 0 1 0 0 1 1 1 1 1 0 0 0 0 1 0 1 1 1 1 1 0 1 0 0 0 0 0 0 0 
0 0 0 0 0 0 1 0 1 1 1 0 1 1 0 0 1 1 1 1 0 0 1 0 1 0 0 1 0 1 1 1 1 1 1 0 1 0 0 0 1 1 0 0 
0 0 0 0 1 1 1 0 0 0 0 1 0 0 0 1 1 1 0 1 0 1 1 1 1 1 1 1 0 0 1 0 0 0 0 0 1 1 0 1 0 0 0 0 
0 0 1 0 1 1 1 1 0 0 0 0 1 0 1 1 0 0 1 0 0 0 0 0 1 0 1 1 0 0 0 1 0 1 1 0 1 0 1 1 0 0 1 1 
0 0 0 0 1 1 0 1 1 1 1 1 1 1 0 0 1 0 1 1 0 0 1 1 0 1 0 0 1 0 1 1 0 1 1 1 0 1 1 0 0 0 1 0 
1 1 0 0 0 1 0 0 1 1 1 1 0 1 1 1 1 0 0 0 1 1 1 1 1 0 1 1 1 0 1 0 0 1 1 0 0 1 0 1 0 1 0 1 
0 1 0 0 1 1 0 0 0 1 0 1 0 1 1 1 0 0 1 0 0 0 0 0 1 0 0 0 1 0 1 1 0 1 1 1 0 1 0 1 1 0 0 1 
1 1 0 1 0 1 1 0 0 1 0 1 1 0 1 0 1 0 0 1 0 1 0 0 1 0 1 0 0 0 1 0 1 1 1 1 0 1 1 0 0 0 0 0 
0 1 0 1 0 0 0 0 0 1 0 1 1 0 1 0 0 0 0 1 1 1 1 1 0 0 0 1 0 0 1 1 1 1 0 1 0 1 1 0 0 0 1 1 
0 0 1 0 0 1 1 1 1 0 0 1 1 0 0 1 0 1 0 0 1 1 1 1 0 1 1 0 1 0 1 1 0 1 1 0 0 0 1 1 1 1 1 0 
