41 69 2491
20 65 69 49 100 41 19 14 4 44 59 42 79 22 82 71 99 16 36 21 20 19 68 68 19 26 48 83 18 8 86 89 72 6 37 23 98 55 89 1 50 99 42 81 20 75 51 71 42 38 91 62 8 59 29 26 36 29 8 54 88 45 94 12 2 31 34 99 85 
74 51 87 73 44 67 92 19 17 14 12 6 5 73 13 63 54 90 50 82 97 55 69 94 49 80 95 79 66 46 15 91 96 1 63 40 67 7 10 35 20 21 92 24 46 56 38 99 45 88 32 94 42 52 87 42 32 33 20 49 78 87 39 74 87 54 65 6 60 
74 92 31 46 84 7 91 39 44 41 36 83 72 29 77 24 67 18 7 51 90 7 29 76 97 54 14 50 70 19 61 43 11 92 40 46 98 31 36 93 23 71 76 95 51 4 70 69 73 76 20 62 34 100 89 30 5 3 80 74 73 40 68 35 83 7 80 80 89 
68 73 12 38 100 58 41 3 79 9 75 54 28 89 39 79 77 68 83 31 99 8 4 91 75 90 73 34 22 5 74 89 77 37 78 28 46 18 82 24 27 56 77 6 96 67 37 73 35 19 55 85 79 10 75 53 100 48 38 21 4 64 61 32 100 38 59 46 56 
40 69 34 47 98 91 43 64 27 67 50 98 21 35 76 31 61 80 82 60 18 2 63 81 14 94 32 51 52 77 58 43 46 91 90 95 82 32 58 60 98 60 57 70 94 32 100 6 12 81 66 81 34 28 61 47 22 44 50 25 21 7 68 18 98 57 12 31 40 
21 90 89 80 47 58 25 30 10 83 41 42 48 73 76 75 85 74 48 29 23 73 49 30 40 18 79 48 29 61 87 1 2 27 33 48 84 9 30 93 91 70 35 38 95 62 65 79 87 12 7 10 84 55 91 75 72 21 74 52 81 12 5 82 38 37 82 74 45 
11 66 88 32 52 25 26 65 89 5 52 53 63 61 88 18 3 63 41 75 88 45 7 100 49 88 89 37 21 62 81 83 80 20 67 31 45 44 96 85 48 99 37 63 59 25 80 13 39 72 87 26 68 93 77 68 32 66 4 5 27 37 87 6 56 53 89 100 97 
36 37 96 34 73 58 44 97 89 8 87 13 94 65 32 38 41 100 21 58 3 25 37 39 64 42 95 68 82 46 16 69 82 64 2 55 73 97 3 62 4 42 26 97 6 57 86 46 56 7 4 11 83 40 49 46 33 95 14 67 41 29 35 22 92 89 28 17 85 
83 78 89 24 55 37 29 63 23 26 71 81 81 81 63 72 81 9 57 76 74 75 16 54 9 89 98 97 69 14 82 51 43 70 26 49 6 6 11 80 83 81 60 16 13 75 87 94 35 95 21 8 69 88 13 30 76 10 26 96 75 59 46 17 80 23 17 38 80 
28 17 63 60 29 78 25 3 16 70 37 11 90 96 31 77 8 60 4 70 38 100 44 96 97 13 28 72 29 65 51 8 33 13 20 13 42 44 15 58 13 3 20 54 50 50 30 58 62 85 79 99 84 74 46 33 38 25 4 19 41 54 26 74 19 45 38 60 40 
5 69 52 7 40 5 57 42 86 66 3 71 44 53 6 69 50 90 7 75 93 25 15 99 50 40 17 47 78 28 86 82 49 90 40 40 94 48 81 32 13 83 54 8 87 11 77 37 1 83 11 45 59 77 43 60 17 11 6 46 91 44 79 39 33 18 78 78 66 
11 61 30 45 14 38 32 25 14 20 77 48 82 21 6 58 16 17 26 26 23 71 16 18 1 6 50 19 36 79 36 46 40 65 42 5 2 73 81 67 92 57 66 73 30 23 83 45 40 8 22 14 31 90 31 31 95 32 1 82 10 88 79 1 53 21 58 6 45 
38 25 89 47 42 13 28 65 95 72 56 55 45 69 37 34 51 19 81 82 72 62 43 59 93 96 63 65 53 69 9 42 45 49 88 86 62 67 50 8 38 57 14 35 25 50 68 75 21 48 8 92 62 51 2 54 46 65 70 50 33 78 91 77 79 31 14 40 97 
16 99 87 72 13 21 97 14 88 23 86 88 31 77 49 33 79 54 30 43 23 79 27 52 21 55 30 51 68 21 100 83 72 86 7 84 58 3 49 97 77 35 84 59 63 32 91 41 37 20 35 59 98 13 63 19 67 92 21 87 65 20 21 36 57 27 71 14 81 
19 11 10 5 94 68 68 78 59 60 14 78 95 25 28 59 87 98 78 30 70 64 94 90 36 81 98 15 51 64 47 70 74 56 26 19 76 93 48 34 53 14 63 99 90 42 57 28 91 86 57 61 49 3 2 37 83 99 3 86 62 49 7 87 57 32 58 32 25 
57 65 29 22 79 79 11 21 87 38 63 73 47 23 73 1 24 9 35 75 11 20 88 12 26 75 68 10 84 99 86 92 15 14 14 93 44 24 65 30 14 28 2 12 2 75 12 26 83 46 100 46 18 87 57 95 13 24 4 48 74 89 40 88 54 53 32 97 28 
49 27 41 76 80 52 77 54 15 54 89 13 5 86 30 44 42 24 56 17 80 56 90 20 95 29 74 99 60 22 26 8 100 19 35 32 22 64 85 37 17 25 49 22 10 30 65 3 53 72 71 84 27 60 4 73 40 29 71 100 2 97 7 54 15 94 85 36 57 
69 24 73 46 72 46 55 1 62 10 6 86 80 41 12 92 44 37 31 24 7 30 26 3 89 79 69 34 15 57 90 35 80 14 80 4 12 87 4 73 96 61 58 27 54 22 18 97 58 49 73 16 30 98 19 70 28 39 3 42 95 44 76 75 58 8 78 69 94 
33 93 89 46 3 67 99 24 85 47 33 85 19 100 66 68 70 36 95 9 90 88 3 34 16 29 91 23 58 11 16 43 3 56 88 5 22 38 80 58 84 64 42 3 64 8 22 85 95 17 93 36 56 48 69 71 28 11 93 86 21 60 28 76 15 67 32 37 4 
64 46 87 79 88 41 42 47 63 79 93 31 71 28 86 70 97 9 98 59 1 83 32 61 62 7 27 28 38 15 31 53 61 69 32 100 10 25 46 24 3 38 6 26 17 43 95 13 51 92 24 4 26 55 16 87 61 42 66 50 9 96 3 69 17 86 68 78 10 
65 1 13 54 6 38 70 100 32 35 51 76 58 6 1 12 21 40 24 14 5 73 22 53 27 42 69 64 61 46 74 25 98 38 30 55 75 52 54 58 86 56 85 95 61 38 6 81 29 81 47 33 5 20 37 84 62 57 47 74 2 20 99 99 57 80 5 83 31 
59 93 16 14 29 62 75 66 19 7 94 99 5 79 4 25 67 87 38 24 85 11 77 5 61 28 13 41 32 48 71 90 92 39 56 20 100 82 38 19 40 83 69 45 13 72 21 80 10 10 3 95 72 79 51 33 6 63 25 90 62 47 31 53 37 86 73 37 19 
62 7 59 44 75 55 57 99 27 36 60 36 90 54 59 20 56 43 78 71 67 67 32 66 49 37 2 35 9 90 5 22 48 63 65 23 69 21 73 95 8 32 82 49 38 41 69 93 35 98 15 2 16 47 19 64 83 20 50 43 10 55 64 9 17 28 31 38 1 
55 84 60 87 66 9 76 58 29 68 92 78 83 45 93 81 63 8 15 35 58 57 96 12 72 4 80 51 87 17 3 41 53 63 27 70 23 2 27 3 22 70 80 56 67 24 88 81 31 2 15 40 10 10 51 81 66 83 31 52 51 86 92 3 48 71 72 22 24 
50 24 45 72 55 52 38 30 39 18 12 40 85 52 1 94 54 81 59 36 64 10 87 49 54 41 48 24 65 69 47 14 44 44 85 50 47 74 79 38 92 90 29 76 41 30 21 95 10 32 82 25 93 20 25 46 61 24 21 25 44 20 90 87 15 75 36 61 100 
66 98 91 8 27 18 48 8 91 94 69 74 28 94 66 47 70 64 59 94 84 35 37 55 77 24 69 3 11 82 2 29 31 45 36 9 62 35 16 4 81 85 77 8 30 95 6 99 58 17 92 93 51 29 48 79 4 68 81 66 1 83 94 32 27 29 92 40 16 
8 96 96 44 72 3 25 66 60 23 75 76 67 68 79 95 67 57 50 34 38 15 35 20 61 18 98 41 9 37 56 68 32 51 63 56 5 87 73 65 62 48 40 28 15 18 74 33 75 23 66 12 89 52 83 49 69 80 90 30 68 45 97 52 48 12 59 52 98 
31 16 59 78 56 38 44 25 11 76 51 85 94 14 74 97 96 74 66 27 63 47 47 60 95 50 7 6 8 58 4 38 26 14 68 33 52 63 57 14 91 8 99 36 21 72 32 69 97 49 47 60 95 93 71 42 42 77 47 1 86 2 91 11 16 10 95 19 72 
52 32 14 11 30 49 83 53 33 51 50 33 98 61 28 42 31 69 36 7 67 36 44 69 26 7 84 35 1 2 59 52 33 72 14 15 73 97 67 57 99 68 89 96 28 68 90 58 88 25 16 55 60 12 23 38 18 58 72 18 11 82 22 43 6 35 9 30 83 
28 86 82 95 74 29 75 42 18 32 29 42 100 35 54 11 57 91 80 14 14 49 24 48 70 19 53 57 79 82 91 6 67 72 1 92 1 27 33 70 58 14 12 9 48 17 71 57 59 50 22 72 99 46 19 20 16 71 28 94 4 19 52 70 42 4 62 94 30 
46 64 39 11 27 48 11 43 18 67 1 20 40 24 70 37 43 89 52 65 69 98 21 87 49 90 80 4 3 74 33 1 37 71 63 63 70 73 57 40 91 9 59 31 32 28 19 26 68 71 43 88 20 63 26 20 4 6 23 7 79 7 59 67 29 21 81 99 46 
37 38 88 45 96 70 28 75 89 54 94 59 96 82 30 58 7 49 61 64 23 19 42 29 29 8 57 50 40 7 47 76 44 34 72 91 4 100 17 92 5 63 2 100 44 31 9 2 31 21 66 5 40 59 85 20 19 41 69 58 100 67 86 43 1 9 86 56 8 
2 47 12 64 100 63 59 82 71 13 12 92 78 68 83 88 52 2 6 44 23 64 43 89 1 38 41 9 23 96 69 76 94 80 92 93 43 2 74 65 14 37 8 43 4 90 31 55 44 88 99 18 51 41 58 3 78 99 12 52 46 80 28 40 11 71 84 5 72 
10 70 86 98 29 28 2 71 10 8 14 98 58 83 100 51 40 3 80 90 66 32 88 45 11 79 7 81 62 12 52 23 33 89 21 61 69 74 31 78 81 96 75 39 78 27 89 70 81 20 11 46 51 98 42 61 76 48 93 90 11 45 12 43 33 84 56 1 57 
86 31 38 82 57 28 11 83 68 80 63 87 91 60 90 88 53 2 16 1 95 5 63 91 68 6 23 4 61 76 60 98 58 49 31 14 28 42 49 95 21 63 34 63 23 23 3 75 24 18 27 70 74 90 60 93 47 35 96 59 62 56 8 19 56 39 32 84 80 
32 30 52 95 63 15 69 37 17 95 13 86 74 82 11 63 42 3 61 76 99 71 89 6 78 7 61 16 90 96 47 22 26 99 68 40 65 36 29 33 82 41 18 55 22 80 69 15 82 29 42 32 51 30 89 29 36 2 44 78 97 43 99 74 41 18 14 57 53 
42 89 86 82 58 41 55 37 9 22 18 90 63 2 40 45 90 20 80 91 64 9 88 6 7 13 98 24 26 54 28 19 94 66 52 51 6 59 87 66 80 56 7 94 9 47 38 99 66 70 89 81 78 28 38 37 93 87 12 18 92 40 89 85 5 40 35 62 50 
73 27 29 81 86 23 89 84 12 87 49 81 28 82 59 7 71 47 99 10 58 69 1 49 57 86 5 48 72 66 98 45 45 78 25 30 52 13 13 64 52 13 96 79 46 6 37 69 52 36 78 10 4 30 58 12 15 63 11 39 80 60 83 24 38 59 5 89 71 
17 4 22 82 100 52 27 5 89 47 57 76 24 18 31 6 27 42 72 89 4 10 21 64 92 44 1 50 49 41 73 17 45 46 98 96 50 77 100 38 23 8 13 99 77 43 4 4 36 75 44 39 85 64 2 28 8 54 30 8 95 54 76 91 99 26 86 48 2 
85 37 76 45 1 74 21 95 29 24 30 4 68 21 40 31 74 67 90 28 48 49 74 1 77 64 52 2 49 99 55 85 88 30 29 88 56 2 83 84 25 64 39 44 84 78 27 10 97 68 37 44 17 10 97 93 25 48 46 73 98 100 57 85 81 38 25 36 39 
59 72 15 22 62 59 58 92 37 67 88 4 55 83 72 16 79 16 40 78 61 12 76 12 20 60 93 57 84 80 47 94 51 62 16 13 72 25 4 8 43 43 11 97 77 35 64 8 50 3 85 63 66 60 74 85 20 66 94 55 46 40 1 48 1 16 12 72 92 
0 0 1 0 1 1 1 1 0 0 0 0 0 0 1 0 0 1 1 1 0 1 0 0 1 0 0 0 1 0 1 0 0 0 0 1 1 1 0 1 1 1 1 0 1 0 0 1 0 1 1 0 0 1 0 0 1 1 0 1 1 0 1 1 0 1 1 0 1 
1 1 0 0 1 0 0 1 0 1 1 1 0 0 0 0 0 0 1 1 0 0 0 0 1 0 1 1 1 1 0 0 0 0 1 1 1 1 1 1 0 0 1 1 0 1 1 1 1 0 0 1 1 1 0 0 1 1 1 0 0 1 0 0 0 1 0 1 0 
1 0 1 1 1 0 0 0 1 1 1 1 1 1 0 0 1 1 1 0 0 1 0 0 0 0 0 1 0 1 0 1 1 1 1 1 1 1 1 0 0 1 1 1 0 0 0 1 1 1 1 1 1 1 1 1 1 1 0 0 0 0 1 0 1 0 1 0 1 
0 0 1 1 0 1 1 0 1 0 1 0 1 0 1 0 0 0 0 1 1 0 0 1 1 0 1 0 1 1 1 1 0 1 1 0 0 0 0 1 1 1 1 0 1 1 1 1 1 1 1 0 1 1 0 0 1 1 0 0 0 0 1 0 1 0 0 1 1 
0 0 0 1 1 0 1 0 1 0 0 0 1 0 1 0 0 0 1 1 0 1 0 0 1 0 1 1 1 0 0 1 0 0 1 0 1 0 0 0 0 0 1 0 1 0 0 1 0 0 1 1 1 1 1 0 1 1 0 0 1 0 0 0 1 1 0 0 1 
0 0 1 1 1 1 0 0 0 1 0 0 0 1 1 1 1 0 1 0 0 1 1 0 1 1 1 0 1 1 1 0 0 1 1 1 0 1 1 0 0 0 0 1 1 0 0 0 0 1 0 0 1 0 0 0 1 0 1 1 1 0 1 1 1 0 1 0 1 
0 0 1 0 1 0 0 1 1 0 1 0 1 1 1 1 1 0 0 1 1 1 1 1 0 0 1 0 1 1 1 0 1 1 0 0 1 0 1 0 1 0 1 0 1 0 1 1 0 1 0 1 1 1 1 1 0 0 0 1 1 1 1 0 0 0 1 0 0 
0 0 1 1 1 1 0 0 0 1 0 0 0 0 1 1 1 0 1 1 0 1 0 0 0 0 0 0 1 0 1 0 1 0 1 0 0 1 0 0 1 1 0 1 1 1 0 0 0 0 1 0 1 1 0 1 1 1 0 1 1 1 1 0 1 0 1 1 1 
1 0 0 0 0 1 1 0 0 1 0 0 0 0 1 1 1 0 1 0 0 0 1 1 1 0 1 1 1 0 0 0 0 1 1 1 0 0 1 0 0 1 0 0 1 1 0 0 0 1 0 0 1 0 0 0 0 1 1 1 1 1 1 0 0 0 1 1 1 
0 1 1 1 0 1 0 1 1 1 1 0 1 0 1 1 0 1 1 1 0 0 0 0 0 0 0 0 1 1 1 1 1 0 0 1 0 1 0 1 0 0 0 1 0 1 1 0 1 0 1 1 1 1 1 1 0 0 1 1 1 1 1 0 1 1 1 1 0 
0 1 0 0 1 0 0 0 1 0 1 1 1 1 0 0 0 1 0 0 1 0 0 0 1 0 1 0 0 1 1 0 0 1 0 1 1 0 1 0 0 1 0 1 0 0 1 0 0 0 1 1 0 1 1 1 1 0 1 1 1 0 1 1 0 1 0 1 1 
0 0 1 1 0 0 1 0 0 1 0 0 0 1 0 1 0 1 1 1 0 0 0 1 0 0 1 1 0 0 1 0 0 0 1 0 1 0 1 1 0 1 1 0 1 1 0 1 0 1 0 0 1 1 1 1 1 0 1 1 1 0 0 1 0 1 0 1 0 
1 0 0 0 1 0 1 0 0 1 0 1 1 1 1 0 0 0 1 1 1 1 0 1 1 1 0 0 1 1 0 0 0 0 1 1 1 0 0 1 1 0 1 1 1 0 1 0 0 1 1 0 0 1 1 1 0 1 1 0 1 0 0 1 0 1 0 1 0 
0 1 1 1 0 0 0 0 0 0 0 1 1 0 1 0 0 0 1 1 1 1 0 1 1 1 0 1 0 1 1 0 0 0 1 0 1 0 0 1 0 1 0 0 1 1 0 1 1 1 1 0 0 1 0 0 1 0 1 1 1 0 1 0 0 1 0 1 1 
1 0 1 0 0 1 1 1 0 1 0 1 0 1 0 1 1 0 0 1 1 1 0 1 1 0 1 0 1 1 1 0 1 0 0 0 0 1 1 0 0 0 1 0 1 1 0 0 1 0 1 0 0 1 1 1 0 1 1 1 0 0 1 1 0 1 1 0 0 
1 0 1 1 0 1 0 1 1 0 1 0 1 1 0 0 1 1 0 0 0 1 0 0 0 1 0 1 1 1 0 0 1 1 1 1 0 1 1 0 1 0 0 0 1 0 0 0 1 1 0 1 0 0 1 1 0 1 0 1 0 0 1 0 1 0 1 0 1 
0 0 0 0 0 0 0 0 0 0 1 1 1 0 0 1 1 1 1 0 1 0 1 0 1 1 1 1 0 1 0 1 1 0 1 1 0 1 1 1 0 0 0 1 0 0 0 1 1 0 0 1 0 1 1 0 0 0 1 0 0 0 1 1 0 1 1 1 0 
0 0 0 1 0 1 1 1 0 1 0 0 1 1 0 0 0 0 0 1 0 0 1 0 0 0 0 1 1 1 1 0 1 0 1 0 1 0 1 1 1 1 1 0 1 0 0 1 0 0 0 0 1 1 0 1 0 1 0 1 0 1 1 0 1 0 0 1 1 
1 0 0 0 0 1 1 0 1 1 0 0 1 1 1 1 1 0 1 0 0 0 1 1 0 1 1 0 1 0 1 0 0 0 0 0 1 0 0 0 1 1 0 0 0 1 1 1 1 0 0 1 1 1 1 1 0 0 1 1 0 1 1 0 1 1 1 0 1 
1 0 0 0 1 1 0 0 0 0 0 1 0 1 0 1 0 1 1 0 0 0 0 1 1 1 0 0 0 0 0 1 1 0 0 0 1 0 0 0 0 0 1 0 0 1 1 0 0 0 1 0 0 1 0 1 0 0 0 0 1 0 0 0 0 0 0 0 0 
0 0 1 1 1 1 1 0 1 1 0 1 0 0 0 0 0 1 0 1 1 1 0 1 1 0 0 1 0 0 1 0 0 0 1 1 0 0 1 1 0 1 0 0 1 0 0 0 0 1 1 1 0 1 1 1 1 1 0 1 1 1 1 1 0 1 0 0 1 
1 1 1 0 1 0 1 0 0 1 0 1 0 1 1 1 0 0 0 1 0 1 0 0 1 1 0 0 1 0 1 0 1 1 0 0 1 0 0 1 1 0 1 0 0 0 1 0 1 0 0 1 1 0 1 0 0 1 0 1 1 0 0 0 1 0 1 0 0 
1 1 0 0 0 0 0 1 1 0 0 1 0 1 1 1 1 1 1 0 0 0 0 0 0 0 1 1 1 1 1 1 0 1 1 1 1 1 0 1 1 0 0 0 1 1 1 0 1 0 1 1 0 1 1 1 1 0 0 1 1 1 0 1 1 1 0 0 0 
0 1 1 0 0 1 0 1 0 0 0 0 1 1 1 0 0 0 0 0 0 1 1 1 1 1 0 0 1 1 0 0 0 1 0 0 1 0 0 1 1 0 0 0 0 1 1 0 1 1 1 1 0 0 0 1 1 1 1 1 0 1 1 0 0 1 1 1 0 
1 1 1 1 1 1 1 0 0 0 1 1 1 0 1 1 0 0 1 1 1 0 1 0 1 0 1 0 1 0 0 0 1 1 1 0 1 1 0 1 1 1 1 0 1 0 1 0 1 0 1 0 0 1 1 1 1 0 0 0 0 0 0 0 0 1 0 1 0 
1 0 1 0 1 1 0 0 1 0 1 1 1 1 0 0 0 1 1 0 1 1 1 0 1 1 0 1 1 1 1 0 1 1 1 1 0 1 1 1 1 0 1 0 1 1 1 0 0 0 0 0 0 1 0 1 0 0 0 0 1 0 0 0 1 1 1 1 0 
0 1 1 0 0 0 0 1 1 0 1 1 0 1 1 0 1 1 0 1 1 0 0 1 1 1 0 0 0 0 1 1 1 0 1 1 0 1 0 1 1 1 1 0 1 0 0 0 1 0 0 1 1 0 0 0 1 1 0 0 1 1 1 0 0 0 1 0 0 
1 0 1 0 1 1 1 1 1 0 1 0 0 0 1 0 0 1 0 1 1 0 0 1 1 0 1 1 1 1 1 0 1 1 1 0 0 0 0 0 0 1 0 0 1 1 1 1 0 1 1 1 1 1 0 0 0 1 1 1 1 1 0 0 0 1 1 0 1 
1 0 0 0 0 0 1 1 1 0 1 0 1 1 1 1 1 1 1 1 1 0 0 0 0 0 0 1 1 0 1 0 1 1 0 1 1 1 1 1 0 0 1 1 1 1 0 1 0 1 0 1 0 0 1 0 0 1 0 0 0 1 0 1 0 1 0 1 0 
1 0 0 0 0 0 1 1 0 0 1 0 0 1 0 0 0 0 1 0 0 1 0 1 1 1 1 0 1 1 1 1 1 1 1 1 1 0 0 0 1 0 0 1 1 0 0 1 0 1 1 1 0 1 0 1 0 0 0 0 1 1 1 0 0 0 0 0 0 
0 0 1 0 0 1 1 0 1 1 0 0 0 1 0 0 0 1 0 0 1 0 1 0 1 1 1 1 1 1 0 0 1 1 0 1 0 0 1 1 1 1 1 1 1 1 1 1 1 0 1 0 0 0 1 0 1 0 1 1 1 1 1 0 1 1 1 1 1 
0 1 0 1 0 0 0 0 1 1 1 1 0 1 0 0 0 0 0 0 1 1 1 1 0 1 0 1 0 1 1 0 0 1 0 1 1 0 1 1 0 0 0 0 1 0 1 0 0 1 0 0 0 0 1 0 1 1 1 0 0 0 0 1 0 0 0 1 1 
1 0 1 1 1 1 0 1 0 0 0 1 1 0 1 1 1 1 0 0 1 0 0 1 1 1 1 1 1 1 0 0 1 1 1 0 1 0 0 1 0 0 1 1 0 0 0 1 0 1 1 1 1 1 0 0 1 0 0 0 1 0 1 0 0 0 1 1 0 
1 0 1 1 1 0 1 0 1 0 0 0 1 1 1 0 1 0 1 1 0 0 0 0 1 1 0 1 0 1 0 1 0 1 0 1 1 1 1 0 1 1 0 0 0 0 0 0 0 0 1 0 0 0 0 1 1 1 0 1 0 0 0 0 1 0 0 1 1 
1 1 0 1 0 0 1 0 0 1 0 0 1 0 0 1 0 1 0 1 0 1 0 0 1 0 0 1 0 1 0 0 0 0 1 0 0 0 0 0 0 0 1 1 0 1 0 1 1 0 0 1 1 0 1 0 1 1 1 1 0 1 1 1 1 0 1 1 1 
0 1 1 0 0 0 1 0 0 0 1 0 0 0 1 1 1 1 0 1 0 1 1 1 1 0 0 1 0 1 0 0 0 1 0 1 1 1 1 1 1 0 1 0 0 0 1 1 1 1 0 1 0 0 0 1 0 0 1 0 1 1 0 0 1 1 1 0 0 
0 0 0 0 1 0 0 0 1 1 1 0 0 1 0 0 1 0 0 0 1 1 1 0 1 1 1 0 0 0 1 0 0 1 0 1 1 0 1 0 0 1 0 0 0 0 0 1 0 0 1 1 1 1 0 1 0 1 1 1 1 0 1 1 1 0 1 0 0 
0 0 0 1 0 0 1 1 0 1 1 1 0 1 0 1 1 1 0 0 1 1 0 1 0 1 1 0 0 1 1 1 0 1 0 0 0 0 1 0 1 1 1 1 0 0 1 1 1 1 1 0 0 1 0 0 1 1 1 1 0 0 0 0 1 1 1 1 1 
0 0 0 1 1 1 1 1 0 0 1 1 0 1 1 1 1 0 0 0 1 0 1 1 0 1 0 1 0 0 0 1 0 0 0 1 0 0 1 0 0 0 0 0 1 1 0 1 1 0 1 0 0 0 1 1 0 0 0 0 0 1 1 0 1 0 1 1 0 
0 0 0 0 0 1 0 1 1 1 1 1 0 1 0 1 1 1 1 1 1 1 1 0 1 1 0 1 0 1 1 1 1 1 1 1 0 1 1 1 0 0 1 1 1 1 0 0 0 1 1 1 0 0 0 1 1 0 0 0 1 1 1 1 1 0 0 1 0 
1 1 0 1 0 1 1 1 1 1 1 0 1 0 1 1 0 0 1 0 1 1 0 0 0 1 1 0 1 1 0 1 0 1 0 0 0 1 1 0 1 0 0 0 0 1 1 1 0 0 1 1 1 1 1 1 0 1 0 0 0 0 1 0 1 1 0 0 1 
