68 47 321
100 39 85 46 47 41 92 4 47 13 57 78 7 72 26 77 10 75 45 34 29 21 77 22 39 17 47 51 81 31 91 80 21 27 25 67 19 68 22 65 32 78 43 90 1 68 66 
10 42 63 95 70 35 71 44 73 40 90 75 20 72 17 51 92 95 27 10 14 46 31 30 77 61 72 18 13 91 35 23 84 97 69 6 31 92 49 56 31 90 30 2 13 99 52 
56 93 78 65 6 23 47 36 51 7 59 68 20 2 54 94 85 51 62 90 33 53 90 88 35 31 18 36 43 68 39 98 60 16 14 18 90 61 53 40 19 63 59 90 16 13 83 
1 15 97 42 47 1 84 35 36 14 4 23 57 71 62 6 30 29 20 47 19 32 51 10 50 66 21 40 81 85 74 33 99 70 27 97 23 10 83 10 75 86 32 83 8 45 89 
90 74 60 88 44 91 91 53 92 8 73 31 40 57 57 25 7 26 51 4 100 12 86 9 86 24 41 69 83 85 9 72 10 68 12 53 10 2 6 1 9 30 32 100 39 40 24 
97 65 74 52 65 37 90 25 75 13 65 95 95 2 3 19 11 22 30 16 31 83 73 31 43 2 14 42 92 53 66 41 70 91 92 86 80 81 10 54 93 75 48 40 28 2 10 
38 23 39 5 53 73 77 35 15 31 49 56 22 1 73 62 70 64 54 55 43 86 17 48 31 91 95 70 70 48 31 59 70 69 64 74 41 40 8 7 70 56 62 44 57 35 5 
78 50 10 85 44 96 1 91 78 43 37 99 12 84 29 70 53 49 33 26 41 25 33 47 94 41 60 37 49 94 94 26 95 55 62 38 2 14 80 79 56 16 77 19 99 5 41 
3 53 73 80 45 49 65 91 95 5 51 31 53 96 76 30 91 31 44 80 84 57 60 63 65 27 39 83 78 96 23 80 100 48 60 45 48 24 35 42 80 37 73 84 33 100 65 
75 82 8 6 66 17 17 28 81 44 18 15 21 65 38 52 65 37 11 61 84 86 95 26 65 84 50 48 68 1 13 42 83 72 99 48 88 16 27 68 11 96 83 31 61 72 82 
25 60 45 85 95 30 31 20 47 14 21 46 33 22 10 74 4 82 73 3 21 40 81 41 50 76 75 80 36 46 13 12 57 57 48 51 39 79 71 37 44 43 82 77 64 92 2 
19 25 26 73 45 65 53 85 66 81 59 97 16 56 10 28 64 18 75 15 8 5 37 44 1 79 78 29 95 21 30 65 45 8 90 41 72 42 78 38 22 88 86 90 96 95 69 
59 65 95 73 72 100 61 68 52 40 45 80 86 65 61 50 61 68 39 53 92 33 82 81 6 70 66 95 17 61 15 75 77 10 100 100 61 60 67 12 51 63 43 36 79 3 38 
91 71 28 44 62 60 77 42 18 98 7 12 14 19 79 41 95 88 92 47 100 3 13 63 54 28 5 41 58 7 30 49 29 58 44 42 17 20 35 34 18 94 98 31 12 28 23 
59 15 14 57 66 17 69 28 22 48 32 14 6 90 44 54 71 1 49 12 69 68 99 55 85 92 4 68 55 31 42 65 97 56 21 62 24 42 89 97 89 72 10 94 61 53 99 
83 53 99 95 22 67 45 76 3 36 79 22 90 61 64 55 57 71 75 18 94 16 6 90 57 77 99 2 89 4 1 72 56 99 18 29 17 62 56 20 49 86 93 38 46 56 44 
2 26 19 19 71 86 76 12 42 4 63 44 45 66 96 16 73 46 85 2 15 98 9 86 46 95 78 83 92 86 27 94 11 97 64 34 34 92 45 76 95 7 71 39 72 18 6 
45 15 90 98 29 87 6 14 32 100 44 67 92 29 45 37 91 41 52 24 74 43 21 1 90 27 23 80 51 92 86 95 7 27 44 35 66 49 1 49 1 44 15 92 24 59 80 
14 51 31 90 77 26 10 29 15 36 4 94 38 95 79 32 1 58 27 88 23 76 40 23 76 35 38 19 58 48 50 23 51 80 12 27 5 21 7 19 9 10 65 46 5 95 30 
5 52 56 44 26 83 83 49 58 17 38 28 74 85 77 97 35 57 60 13 13 33 72 84 41 81 48 38 85 42 67 42 46 75 85 71 57 20 71 15 36 8 94 62 45 71 10 
31 79 69 96 43 1 67 26 93 47 73 31 84 67 49 25 64 23 61 34 80 80 57 46 68 64 39 29 60 61 38 91 91 6 86 34 59 52 59 51 50 84 81 33 2 30 9 
65 4 70 50 83 1 6 80 68 22 71 48 81 31 85 23 74 43 60 7 1 63 17 51 13 52 84 45 53 65 6 17 68 75 19 3 27 24 82 47 97 52 94 30 35 79 52 
8 21 64 14 73 26 30 23 38 34 58 35 86 22 40 55 90 66 73 92 92 48 25 90 97 77 84 26 11 14 29 18 34 92 83 6 18 64 80 55 97 38 41 35 11 80 89 
52 45 13 95 89 12 20 78 60 48 13 85 58 26 66 27 11 57 61 16 26 24 48 33 73 37 73 7 47 5 47 99 49 11 45 89 22 64 67 82 11 79 18 20 5 35 98 
15 92 58 83 69 34 82 53 58 18 26 16 16 30 62 66 30 24 11 19 97 74 37 30 37 15 48 8 71 82 6 38 25 15 72 46 100 53 98 57 22 75 24 37 4 85 3 
86 8 65 4 5 38 92 34 26 6 33 34 29 67 91 66 43 57 89 88 57 41 86 65 62 60 89 50 16 25 52 1 85 68 56 41 6 47 26 83 4 11 68 84 77 58 1 
19 15 89 59 23 29 44 39 42 55 27 92 22 4 95 74 88 63 81 80 20 27 5 2 83 15 70 66 43 79 67 62 45 55 20 67 36 15 6 77 21 84 20 95 39 15 68 
26 29 49 57 48 27 62 1 61 28 22 27 71 1 45 84 45 51 3 64 38 69 21 67 41 56 86 35 95 52 3 72 80 3 29 27 29 42 80 42 69 1 68 39 53 64 22 
50 66 76 13 4 96 85 22 37 40 7 23 86 59 77 58 90 79 86 69 60 79 48 1 47 100 20 38 53 35 11 2 100 39 66 55 34 50 76 22 41 35 97 27 45 73 84 
34 4 21 2 63 99 1 15 97 1 86 34 53 20 97 6 71 35 71 26 20 20 53 94 60 87 90 38 31 62 21 17 17 93 70 31 43 71 45 40 23 82 25 75 1 73 32 
24 7 2 49 27 21 53 72 32 40 61 70 22 74 42 38 91 87 8 21 29 30 18 20 52 99 97 78 52 69 9 75 28 10 75 6 82 27 77 65 18 37 86 40 10 28 29 
52 66 88 73 46 17 90 18 68 40 14 97 91 34 5 65 13 14 39 18 47 66 46 12 35 34 97 74 96 76 55 47 41 42 19 39 59 60 56 78 100 21 75 42 6 79 7 
19 45 45 88 43 62 86 54 97 19 51 22 14 78 76 61 19 70 31 9 80 91 64 57 42 36 31 83 41 62 41 11 58 38 51 100 99 36 54 47 54 56 21 68 33 48 28 
3 17 58 11 96 100 26 5 41 61 87 76 54 48 16 64 57 53 14 57 4 49 62 50 3 69 22 22 53 70 49 56 38 58 18 34 10 44 90 50 4 76 77 57 76 93 73 
32 45 86 40 48 87 53 50 41 21 71 62 26 92 62 81 30 71 98 15 80 41 4 82 97 79 58 5 6 50 77 38 47 15 77 46 53 82 95 45 54 18 6 79 61 19 59 
90 41 9 56 21 1 11 54 97 42 11 54 47 13 82 84 59 48 13 4 100 46 51 44 99 68 1 78 80 71 88 22 12 96 77 84 49 40 37 97 81 47 50 79 59 32 63 
69 79 27 73 31 72 23 74 22 42 27 99 21 97 39 94 8 86 71 43 34 10 79 31 42 78 80 20 88 63 34 57 94 12 81 24 35 55 49 57 96 27 7 68 24 45 62 
83 31 84 26 16 45 56 46 38 33 78 57 21 40 43 29 85 54 9 8 41 63 9 97 10 35 55 29 10 52 42 93 34 25 70 49 21 77 95 58 10 72 67 82 63 9 10 
48 14 18 7 54 32 15 2 41 2 57 69 11 8 63 55 41 39 76 41 60 53 35 69 62 58 35 95 73 95 4 20 61 73 78 14 4 93 68 44 46 24 64 56 83 26 63 
75 17 38 15 76 42 2 96 3 59 83 49 31 77 52 2 89 76 80 3 79 24 22 74 69 45 90 76 79 67 90 53 83 80 19 58 21 20 6 76 31 88 24 61 16 76 15 
5 51 94 59 82 69 80 55 89 76 44 64 54 11 6 58 45 85 28 55 5 48 60 80 30 47 4 42 62 31 56 66 33 1 76 66 69 55 21 57 30 16 73 35 78 78 44 
23 14 72 77 18 71 88 50 100 34 5 41 47 35 97 65 19 97 40 37 18 95 57 74 76 24 46 11 54 75 54 28 88 25 56 58 47 43 7 46 28 11 87 74 97 35 38 
67 83 78 3 100 24 11 26 99 35 23 9 40 98 15 67 37 91 74 94 38 16 100 35 95 62 21 68 58 7 58 77 90 87 79 41 10 90 66 8 76 89 69 15 86 35 33 
74 25 58 68 14 25 19 49 19 81 21 86 90 28 95 66 69 81 97 9 90 86 75 50 61 15 70 27 100 4 11 25 28 68 92 42 92 63 90 62 95 62 47 36 89 94 2 
57 74 98 18 16 35 44 17 47 58 86 25 9 41 87 33 68 54 77 61 97 39 2 10 85 64 8 20 52 1 73 61 27 22 30 42 56 73 10 2 30 95 78 38 35 64 70 
54 69 46 67 17 36 68 26 20 31 34 40 35 34 12 47 60 34 76 53 41 100 62 43 29 8 72 18 42 36 87 48 4 85 14 21 20 33 46 92 16 79 31 2 13 94 48 
24 27 75 77 68 26 38 62 54 46 33 71 39 20 9 38 24 93 51 44 65 36 89 56 51 20 38 52 84 31 51 7 10 77 35 29 2 25 90 7 22 74 77 12 94 37 50 
69 82 52 12 98 87 52 53 89 23 42 40 6 72 90 65 81 66 51 9 19 75 50 25 96 76 53 60 21 90 61 89 23 12 52 20 51 3 24 39 78 65 31 83 88 72 99 
69 90 50 29 8 24 31 33 72 58 37 31 78 26 91 18 100 54 69 19 56 23 94 95 100 10 25 35 98 48 33 18 37 82 46 45 6 28 29 29 85 65 11 14 43 53 31 
42 6 51 13 62 74 6 8 25 16 84 11 65 31 44 82 68 25 27 12 82 7 92 62 91 56 72 5 98 24 87 40 82 38 4 43 63 61 50 39 28 85 50 92 15 93 73 
34 69 52 45 3 58 36 16 100 44 88 56 41 63 43 32 44 80 35 38 94 96 39 32 23 23 33 67 38 77 39 71 98 42 68 100 51 55 67 51 98 54 6 91 69 48 22 
12 79 9 50 24 4 88 8 78 63 40 96 100 17 87 22 14 28 41 65 79 96 31 29 45 37 86 35 5 86 9 16 16 17 17 40 72 57 47 1 19 38 97 70 54 83 91 
19 10 84 83 40 31 66 20 75 2 6 62 6 43 70 73 58 38 42 49 9 98 95 9 68 85 5 37 38 39 79 9 1 62 91 40 92 56 12 19 9 69 80 66 11 1 39 
68 38 32 69 46 81 15 6 48 99 63 84 37 1 14 45 53 76 87 93 19 95 56 37 3 24 68 21 34 68 59 53 57 42 21 2 22 36 60 69 34 22 4 22 74 17 18 
27 44 57 71 15 51 26 3 5 49 71 25 34 90 35 38 47 28 59 100 49 46 59 69 31 32 72 5 6 41 22 32 36 30 54 50 80 79 53 37 79 75 13 64 64 100 1 
62 27 11 14 28 8 24 96 39 56 20 95 13 60 68 96 47 98 49 49 29 79 53 17 57 27 30 72 42 81 72 56 7 35 69 86 42 92 82 32 99 1 26 11 12 94 6 
58 43 54 6 71 32 10 88 40 36 69 11 30 49 35 37 7 69 5 93 10 48 26 94 47 26 19 9 37 64 15 94 6 20 52 29 4 61 68 95 49 36 58 30 36 92 66 
94 12 22 38 73 69 63 66 67 88 37 76 24 100 90 70 58 61 73 38 64 85 5 59 85 40 16 14 27 59 31 20 70 52 58 42 73 20 8 39 60 96 66 83 95 7 4 
4 68 28 41 31 65 45 89 49 36 56 15 62 14 45 34 83 49 91 77 73 62 36 63 21 31 29 56 77 35 11 81 2 39 73 85 3 70 73 3 5 81 17 19 94 14 52 
29 14 42 57 86 3 92 48 76 74 28 31 50 63 41 82 16 79 55 100 33 24 25 36 80 5 4 98 50 17 49 30 82 42 86 19 97 29 19 72 2 46 2 52 60 42 85 
76 73 39 75 5 14 51 92 46 55 96 43 57 64 44 38 98 85 24 16 81 4 34 52 6 32 5 9 91 47 45 18 71 36 45 27 49 95 19 94 2 66 89 58 81 32 47 
30 16 22 46 49 26 31 52 83 62 57 43 5 55 87 22 25 22 66 3 23 61 21 68 62 38 8 71 71 39 17 100 7 39 97 7 16 80 58 98 41 66 92 97 20 78 19 
96 52 84 99 26 96 71 45 9 61 53 31 31 43 100 82 49 38 79 55 5 10 65 54 50 30 45 99 50 74 17 97 25 52 95 2 48 66 47 8 26 51 39 8 93 38 41 
94 27 19 48 31 80 64 84 30 94 80 28 95 53 96 91 30 47 86 31 46 3 29 6 80 79 44 87 72 33 27 65 59 98 64 41 77 28 76 58 21 55 37 67 59 84 57 
88 31 42 71 28 44 99 33 23 30 28 61 1 60 40 17 70 37 80 62 65 59 37 75 31 43 11 97 2 95 54 89 77 47 11 56 43 10 41 17 39 20 78 91 80 69 7 
1 57 38 63 21 49 99 47 79 94 10 28 95 56 33 35 84 79 46 39 73 7 31 90 45 51 19 87 82 87 93 34 43 82 96 15 30 47 14 61 40 23 40 86 78 72 20 
61 2 65 51 75 71 34 16 67 84 34 53 17 72 97 50 66 79 98 32 60 44 45 72 35 67 11 20 96 34 91 8 88 56 11 62 78 44 77 45 79 62 49 95 33 46 96 
98 76 93 29 35 88 26 59 74 92 69 45 40 55 36 47 42 91 57 55 20 52 83 16 30 44 65 76 28 10 72 77 85 16 57 71 56 82 29 29 26 50 74 65 56 9 11 
0 0 1 0 1 0 0 1 0 1 1 1 0 0 0 0 0 0 0 0 1 0 1 1 1 0 0 1 1 0 1 1 0 0 1 0 1 1 1 1 0 0 0 0 0 1 0 
0 1 0 0 0 0 1 1 1 1 0 0 0 0 0 1 1 0 0 1 1 1 0 0 1 0 1 1 0 0 1 0 1 0 0 1 0 0 0 0 1 0 0 0 1 0 1 
0 1 0 1 0 1 1 1 1 1 0 0 1 0 0 1 1 0 1 0 0 1 0 0 1 1 1 1 0 1 0 0 0 0 1 1 0 0 0 1 1 0 1 0 0 1 1 
1 1 0 1 0 0 1 0 1 0 1 0 0 1 0 0 1 1 1 0 1 1 0 0 0 0 1 0 0 1 1 1 0 0 0 0 0 0 1 1 0 0 1 1 1 1 1 
1 0 1 1 1 0 0 1 1 0 1 1 1 0 1 0 0 1 1 1 1 1 0 0 1 0 1 0 0 0 0 1 1 1 0 0 1 0 0 0 1 1 0 0 1 1 0 
1 0 1 0 1 0 0 1 0 1 0 0 1 0 0 0 1 1 0 0 1 1 0 1 0 1 1 0 0 0 0 1 0 0 0 1 0 0 0 0 1 0 1 0 1 1 0 
0 1 1 0 0 0 0 1 0 1 1 0 1 1 0 1 0 0 1 1 1 1 0 1 1 0 0 1 1 0 0 0 1 1 0 1 1 1 0 1 0 1 1 0 1 1 1 
1 0 0 0 1 1 0 0 0 1 1 0 0 1 0 0 0 1 1 1 0 0 1 1 0 1 0 0 0 1 1 1 1 1 1 0 1 0 1 1 1 0 1 1 1 1 0 
1 0 1 0 0 1 1 1 1 0 1 0 0 1 1 1 0 1 1 1 0 1 0 1 0 0 1 1 1 0 1 0 1 0 0 1 1 1 1 1 0 0 1 0 1 0 0 
0 1 1 1 1 0 1 1 0 1 0 1 0 0 1 0 1 1 0 1 1 1 0 0 1 0 1 0 0 1 0 0 1 1 1 0 1 0 1 1 1 1 0 1 0 1 1 
1 1 1 0 0 0 0 0 0 1 1 0 1 0 0 1 1 1 0 0 0 0 1 1 1 1 1 0 1 1 1 0 0 0 1 0 0 1 0 0 0 1 0 1 1 0 0 
1 1 0 1 1 0 0 0 1 1 0 1 0 1 0 1 1 0 0 1 1 1 1 1 0 0 0 1 1 0 0 0 0 0 1 1 1 0 0 0 1 0 0 0 1 0 1 
0 1 1 1 0 0 0 1 0 0 1 0 1 0 0 0 0 0 1 1 1 1 1 0 1 1 0 1 0 0 0 0 1 1 1 1 1 1 1 0 1 0 0 1 0 0 1 
0 0 0 0 0 0 1 0 1 1 0 0 1 0 0 0 0 1 1 1 0 1 0 0 0 1 0 1 1 0 0 0 1 1 0 1 1 1 1 0 0 1 0 0 1 0 0 
1 1 1 1 1 0 1 0 1 0 0 0 0 1 1 0 0 0 0 1 1 1 0 1 0 1 1 0 0 1 0 0 0 1 1 1 0 0 1 1 1 0 1 1 1 0 1 
1 0 1 0 1 0 0 0 0 1 1 0 1 0 0 1 0 0 0 0 0 1 1 1 0 1 0 1 0 1 0 1 1 1 1 1 1 1 1 0 0 1 0 0 1 1 1 
0 1 0 0 1 1 1 0 1 1 0 0 1 1 0 1 1 1 0 0 0 0 1 0 0 0 1 0 0 0 0 0 1 0 0 0 1 1 0 0 0 0 0 0 0 0 1 
1 1 1 1 1 1 0 0 0 1 1 0 1 1 0 1 0 0 1 0 1 0 0 1 1 0 1 1 0 1 0 1 0 1 0 0 1 1 0 1 0 1 1 1 0 0 0 
0 0 1 0 0 1 0 1 0 0 1 1 1 0 1 0 1 1 1 1 0 0 1 1 0 0 0 1 0 0 1 0 1 0 0 1 1 0 0 0 0 1 1 1 0 1 0 
1 0 1 0 0 1 1 1 1 1 1 0 1 0 1 1 1 1 1 0 0 1 0 0 1 0 0 1 0 1 1 1 1 0 1 1 1 0 0 0 1 1 0 0 1 1 1 
0 0 0 0 0 1 1 1 0 1 1 1 1 0 0 0 1 0 1 0 1 1 0 1 0 1 1 0 1 0 1 1 0 1 0 1 0 1 0 0 0 1 0 1 1 0 1 
0 1 0 0 0 1 0 0 1 1 1 1 0 0 0 0 0 1 0 1 1 1 1 1 1 0 1 0 1 0 1 1 1 1 1 1 0 1 1 1 1 1 0 1 1 0 1 
1 1 1 1 0 0 0 1 1 1 1 1 0 1 0 0 0 1 1 1 1 1 1 0 0 0 0 1 1 0 1 0 1 0 1 1 1 0 1 0 1 0 0 1 1 0 1 
1 0 1 0 1 0 1 0 0 1 0 1 0 1 0 1 0 1 0 0 0 0 1 0 1 1 0 1 0 1 0 1 1 1 1 0 1 1 0 1 0 1 1 1 0 1 0 
0 0 0 0 0 1 1 1 0 0 1 1 0 0 0 1 1 1 1 0 1 0 0 0 0 1 1 1 1 1 1 0 1 0 0 0 1 0 1 1 0 0 1 1 1 1 0 
0 0 1 0 1 1 1 0 0 0 1 1 0 0 1 0 0 1 0 0 0 0 1 1 1 1 0 0 0 1 0 1 0 0 1 1 1 0 1 1 1 1 1 1 1 0 1 
1 1 1 1 1 0 0 0 1 0 1 1 0 0 1 1 0 1 1 0 1 1 1 0 0 0 1 1 0 1 0 1 0 0 1 1 0 1 0 1 1 1 0 0 1 1 1 
0 1 0 0 0 0 1 0 0 0 0 0 0 1 0 1 0 0 0 1 0 0 1 1 1 0 1 1 0 1 1 0 0 1 0 0 1 1 0 0 1 0 0 1 0 0 1 
0 1 1 1 1 1 1 1 1 1 0 0 1 1 1 1 1 1 1 1 0 1 0 0 0 0 0 0 0 1 1 0 0 0 0 1 0 1 0 1 0 1 1 0 0 1 1 
0 0 1 1 0 0 1 1 0 0 1 0 0 0 1 1 0 0 1 0 0 0 0 1 0 1 0 0 0 1 0 0 1 1 1 0 1 1 1 1 1 0 0 1 1 1 0 
1 1 1 1 1 1 0 0 0 1 1 0 1 0 0 1 0 1 1 0 0 0 1 0 1 1 0 0 0 1 1 0 1 0 1 0 0 1 1 0 1 0 0 0 0 1 0 
0 0 1 0 1 1 1 1 0 1 1 0 1 0 1 1 1 0 1 0 0 0 1 0 1 1 0 0 1 1 0 0 0 1 0 1 0 0 0 0 1 1 0 0 1 0 0 
1 0 1 1 0 1 0 0 1 1 0 1 0 0 1 0 0 0 1 1 0 1 1 0 0 0 0 0 1 0 0 0 0 1 1 0 1 1 0 0 0 1 1 1 1 0 1 
1 0 0 0 0 1 1 0 1 1 0 0 0 1 0 1 1 0 0 0 1 0 0 1 0 1 0 1 0 0 1 1 0 1 1 0 1 0 0 0 1 0 0 0 1 1 1 
1 1 1 1 0 1 1 1 0 1 1 1 1 1 0 1 1 0 0 1 1 1 1 1 0 1 0 0 1 1 1 0 0 1 1 0 0 0 1 0 1 0 0 1 1 0 0 
0 0 0 1 1 1 0 1 0 1 1 0 0 0 0 0 0 1 1 0 1 0 1 0 1 1 0 0 0 0 0 0 1 1 1 0 0 1 1 0 0 0 1 1 0 1 1 
0 0 1 0 1 1 1 1 0 0 1 1 0 0 1 0 1 0 1 1 1 0 1 1 1 1 0 0 0 1 1 0 1 0 1 1 1 0 0 0 1 0 1 1 0 0 0 
1 1 1 0 0 0 1 1 1 1 0 1 1 1 0 1 1 1 0 0 0 1 0 0 0 0 1 1 0 0 1 1 1 1 0 1 1 1 0 0 0 0 1 1 0 1 1 
1 0 1 1 1 0 1 1 0 0 1 0 0 1 1 0 0 0 0 1 1 1 1 1 0 0 0 1 0 0 0 1 0 0 0 1 0 1 1 1 1 0 1 0 1 0 0 
1 1 0 0 0 1 1 0 1 1 0 1 1 0 1 0 1 1 0 0 0 0 1 1 1 1 0 1 0 0 1 1 1 1 1 0 1 1 0 0 0 0 1 0 1 1 0 
0 0 1 0 0 1 0 1 0 1 1 0 0 0 1 1 1 1 1 1 0 0 1 0 0 0 0 0 1 1 1 1 1 0 1 0 1 1 1 1 1 1 1 1 1 1 0 
0 0 1 0 0 1 1 0 0 1 0 0 0 1 1 1 1 1 1 1 0 0 0 0 1 1 1 0 0 0 1 1 0 0 1 0 0 0 1 0 0 1 0 0 1 0 0 
0 1 1 1 0 1 1 0 1 1 1 1 1 0 0 0 0 1 1 1 1 0 0 1 0 1 1 0 0 1 0 0 1 1 1 1 1 1 1 0 0 0 1 1 0 0 0 
1 1 1 0 0 1 0 1 1 1 0 0 0 0 0 0 1 0 0 0 1 1 1 1 1 1 0 0 0 0 0 1 1 0 1 1 1 1 0 1 0 1 1 0 1 1 1 
0 1 1 0 0 0 1 1 1 0 0 1 0 0 0 1 0 0 0 1 1 1 0 0 0 1 1 0 0 1 1 0 0 0 0 1 0 1 0 1 1 0 1 0 1 1 1 
1 1 0 0 0 1 0 1 1 1 0 0 1 1 1 1 0 0 1 1 0 0 1 0 0 0 1 0 1 0 1 0 1 1 0 1 1 1 0 0 0 1 0 0 0 0 1 
0 0 1 1 0 1 1 0 1 1 1 1 0 1 1 0 0 0 0 0 1 1 0 0 0 1 0 0 0 0 1 0 0 0 0 1 0 1 1 1 0 1 1 0 0 0 0 
1 0 0 1 0 0 1 0 0 1 0 0 1 1 1 1 1 0 1 0 0 0 0 1 0 1 0 0 1 0 0 0 1 1 1 1 1 1 1 1 0 1 1 1 0 0 0 
0 0 0 0 0 0 0 0 1 1 0 1 1 1 0 1 0 1 1 1 0 0 0 1 0 1 0 1 0 0 1 0 1 1 0 1 0 1 1 1 0 0 0 1 1 0 1 
1 1 0 0 1 0 0 0 0 1 0 1 1 1 0 1 0 0 0 1 0 1 1 1 1 1 1 1 0 0 0 1 1 0 1 1 0 1 1 0 0 0 1 0 1 1 1 
1 1 1 0 1 0 1 0 0 0 0 1 0 0 1 1 1 1 0 0 1 1 0 1 0 0 0 0 1 1 1 0 1 1 0 0 1 0 1 1 0 1 0 1 1 1 0 
0 0 1 1 1 0 1 0 0 1 0 0 0 0 0 0 1 1 0 1 0 0 0 0 1 1 0 0 0 0 0 1 0 1 0 0 0 1 0 0 0 1 1 0 1 1 0 
0 0 0 1 0 1 0 0 0 1 1 0 0 1 0 1 1 0 1 1 0 0 0 0 0 1 1 0 0 0 0 0 0 0 1 1 1 1 1 1 1 0 1 1 1 0 0 
1 0 1 0 0 1 0 0 1 1 0 1 1 0 1 1 1 1 1 0 1 0 1 0 1 0 0 0 1 0 0 0 0 1 1 0 0 1 0 1 1 0 0 0 1 1 0 
0 1 1 0 0 1 1 0 1 1 0 1 1 0 0 1 0 1 0 0 0 0 1 1 1 1 0 1 0 1 1 0 0 0 0 0 0 0 1 1 1 1 0 0 0 0 0 
0 0 0 1 0 0 0 1 1 1 1 1 0 1 0 0 1 1 1 0 1 1 1 0 0 0 0 1 0 1 1 1 1 1 0 1 0 0 0 1 1 0 0 1 1 1 0 
0 0 1 0 1 0 1 1 0 0 1 1 0 0 0 1 1 0 1 0 0 1 1 1 1 1 0 0 0 1 0 0 1 1 1 0 1 0 1 0 0 0 1 1 1 0 0 
0 0 0 1 0 1 0 1 0 1 1 1 1 0 1 1 1 1 0 1 0 1 0 0 1 1 0 0 0 0 1 0 0 1 1 0 0 1 1 1 0 1 0 1 1 1 1 
1 0 1 0 1 0 1 1 0 0 1 0 0 1 1 0 1 0 0 1 1 1 1 0 0 0 0 1 1 1 0 0 0 0 1 1 0 0 0 0 0 0 1 0 1 0 0 
1 1 0 0 0 0 1 0 0 1 0 1 1 1 0 1 1 0 0 0 0 0 1 1 0 1 0 0 0 0 1 1 1 1 0 1 1 1 1 1 1 1 1 0 1 1 1 
0 1 0 1 1 0 0 0 1 1 0 1 1 1 0 1 0 0 1 0 1 0 1 1 1 1 0 1 0 1 1 0 0 1 1 1 1 1 0 0 0 0 0 0 1 0 1 
0 0 0 0 0 0 1 1 0 0 1 1 0 0 0 1 0 1 0 1 1 0 1 1 0 0 1 0 1 0 1 1 0 1 1 0 0 1 1 0 1 0 1 0 0 0 1 
0 1 1 0 0 1 1 0 0 1 1 0 1 1 0 0 0 1 0 0 1 1 0 1 0 0 1 0 1 1 1 1 0 1 1 1 0 1 1 0 0 0 1 1 0 1 0 
0 0 0 0 0 1 0 1 1 1 0 0 0 1 1 1 0 0 1 1 1 0 0 1 0 0 0 0 0 1 0 0 0 0 1 0 1 1 1 0 0 0 0 0 1 0 0 
1 0 1 0 1 1 0 1 1 1 1 1 1 1 1 0 1 1 1 1 0 0 0 1 1 0 1 1 0 1 1 1 0 0 0 1 1 0 0 1 1 0 0 1 1 0 1 
0 1 0 1 0 0 1 1 1 0 0 1 0 0 0 1 0 1 1 1 0 0 0 1 1 0 0 0 1 0 1 1 1 1 0 1 0 1 0 1 1 1 0 1 1 1 1 
1 0 0 0 0 0 0 0 0 0 0 0 1 0 0 0 1 1 0 1 1 0 1 1 1 0 1 1 1 0 0 0 0 0 1 1 1 1 1 1 0 1 1 1 1 1 0 
0 1 0 1 0 0 1 1 0 1 1 1 1 1 1 1 0 1 0 1 0 0 0 1 0 1 1 1 0 0 1 0 1 0 0 0 0 1 1 0 0 0 1 1 0 0 1 
