59 53 161
55 83 37 94 17 87 71 16 16 96 11 92 57 29 26 67 4 7 33 83 92 80 34 52 59 46 12 19 63 64 3 69 47 39 63 15 25 85 30 92 81 92 84 37 73 61 56 28 67 88 10 58 67 
95 9 25 41 72 96 55 88 50 23 86 88 37 100 64 74 81 8 54 72 91 42 44 3 49 72 70 37 33 79 55 28 40 80 68 63 27 22 50 76 96 35 15 85 86 30 58 66 37 63 38 79 56 
33 82 5 56 3 93 89 33 47 16 72 78 35 35 4 8 36 31 55 71 97 39 56 27 96 74 15 58 11 94 14 95 27 70 51 29 62 91 61 8 58 85 86 92 71 41 51 6 24 5 28 20 44 
36 98 39 9 13 49 71 58 14 65 36 83 67 16 96 57 28 55 14 12 40 57 34 33 7 40 56 12 67 27 55 54 25 45 62 89 45 32 98 10 49 33 92 15 48 39 24 75 94 37 39 85 46 
72 17 52 63 24 15 82 51 21 35 27 66 97 67 62 80 16 72 28 48 15 43 47 54 18 73 99 6 63 83 51 87 52 55 49 75 69 30 77 90 65 55 55 13 21 68 92 36 39 20 35 54 14 
33 59 31 58 57 36 20 39 39 58 90 93 7 17 61 88 45 50 4 100 56 16 20 24 60 8 14 31 94 67 44 27 25 26 36 33 13 7 72 51 65 13 43 23 81 4 10 26 5 66 25 61 33 
96 36 92 55 49 22 49 68 17 75 44 42 62 77 7 68 48 57 32 12 100 54 93 55 16 70 11 81 46 23 13 41 58 5 96 59 78 44 26 95 70 69 88 31 45 94 50 44 51 82 8 2 87 
100 8 2 21 70 82 66 93 95 6 50 51 53 60 28 48 85 74 17 6 62 99 50 7 49 46 9 82 53 10 68 4 69 70 24 39 3 89 83 97 46 32 47 51 44 27 98 28 100 67 85 13 17 
35 20 65 32 28 98 84 90 66 87 10 87 62 48 89 2 30 38 47 14 36 49 9 62 47 88 14 65 73 26 81 7 97 98 38 25 95 73 66 12 59 75 98 72 75 87 73 56 76 71 21 11 20 
29 73 18 17 86 82 89 63 62 47 60 11 36 36 6 8 53 69 18 27 67 89 53 5 13 9 80 83 81 90 54 10 14 71 78 51 4 66 66 18 64 77 28 99 64 85 6 16 6 75 94 72 63 
47 28 27 7 59 9 39 100 15 48 66 85 77 16 41 42 33 58 57 9 37 55 72 74 12 87 79 86 33 2 100 31 81 26 37 39 87 75 90 1 75 7 37 51 23 77 45 7 86 1 16 23 8 
87 48 19 26 26 5 58 27 56 88 59 82 76 49 68 2 38 68 28 45 56 31 19 33 75 25 18 27 92 92 86 79 91 5 56 16 61 13 94 16 52 52 49 27 52 16 80 90 35 8 86 91 38 
56 75 64 32 44 90 24 88 28 54 78 32 61 46 44 25 91 59 76 95 60 54 46 27 33 87 62 92 72 4 29 79 30 92 63 73 34 86 60 61 91 90 44 51 35 87 27 77 97 2 71 56 7 
17 83 91 3 96 83 27 99 11 57 80 3 19 52 88 56 64 48 46 53 43 48 39 29 74 67 77 27 38 33 33 6 67 24 60 62 58 38 12 68 95 91 22 65 94 9 21 57 8 18 61 2 18 
51 30 43 18 59 70 7 91 54 64 9 29 23 70 86 13 33 6 7 75 27 71 68 88 43 77 47 61 89 49 78 92 30 20 61 88 41 67 30 47 82 38 75 4 59 13 16 91 18 74 17 96 97 
37 35 39 65 82 51 53 82 28 96 11 100 56 51 92 74 80 38 55 18 65 11 28 29 78 71 46 4 87 93 100 23 28 90 39 61 41 92 42 20 87 52 19 95 54 63 68 34 52 23 3 16 85 
30 44 62 100 41 65 87 34 16 61 61 6 100 21 46 43 14 65 81 17 36 75 71 50 43 4 1 17 6 17 1 87 12 14 87 53 79 25 38 46 37 98 51 88 70 48 30 83 65 63 51 100 37 
21 1 31 76 1 47 81 69 99 20 81 13 6 85 43 82 22 40 18 19 91 6 40 38 87 74 2 49 24 53 38 97 53 68 72 6 67 5 74 17 24 6 81 81 90 23 62 11 63 79 81 5 36 
20 94 23 45 96 23 21 100 60 17 5 80 88 62 46 92 35 62 67 41 95 47 82 17 8 93 31 39 73 87 74 45 81 48 41 28 23 61 79 82 29 83 13 69 44 10 60 31 24 79 23 18 25 
4 86 33 96 69 23 21 55 96 17 35 96 57 14 18 70 93 51 98 75 64 66 71 25 78 1 48 56 23 65 80 78 51 64 26 19 86 46 25 34 62 12 81 70 25 98 39 17 100 89 44 15 54 
66 40 83 18 87 90 92 4 22 69 54 85 94 24 23 91 48 8 52 59 88 22 36 37 12 4 88 100 99 3 6 64 42 88 81 80 78 72 83 51 93 88 35 86 63 9 77 11 68 80 21 55 53 
56 43 65 12 31 64 10 85 21 74 78 9 6 57 38 30 92 88 22 31 74 59 94 35 87 4 2 67 76 9 71 84 51 87 95 33 3 4 17 23 29 94 31 35 3 20 64 46 59 85 76 33 95 
69 67 82 24 20 100 52 28 70 35 31 57 29 15 59 84 32 33 13 77 64 47 79 35 62 76 94 98 52 78 92 20 44 25 96 63 24 47 43 46 33 25 2 13 39 12 96 70 44 8 99 59 6 
29 46 19 5 39 16 56 16 60 27 11 84 74 25 8 20 19 53 4 43 6 16 82 69 12 3 64 71 1 75 29 82 20 47 86 10 15 41 77 74 19 39 57 93 63 16 64 34 68 68 76 25 35 
9 93 46 12 9 69 64 83 97 45 54 43 30 15 9 22 91 82 93 29 91 85 43 6 100 76 26 19 4 50 54 12 95 51 23 3 19 39 37 15 83 90 10 65 56 18 86 46 52 78 26 42 14 
20 47 66 48 72 36 51 74 41 14 68 92 37 22 62 27 58 29 9 99 38 73 54 7 11 51 10 40 76 51 6 47 98 23 94 21 58 96 94 51 10 61 42 98 34 55 24 91 83 32 41 72 57 
94 79 19 44 40 10 71 91 15 18 40 89 63 60 99 59 6 49 68 18 90 65 52 44 88 94 79 71 35 50 79 28 80 97 24 20 7 46 10 73 15 1 62 78 12 60 88 17 8 55 87 49 71 
38 44 58 31 22 80 17 72 59 45 3 7 20 22 65 17 83 38 32 83 51 9 95 62 48 63 69 2 49 69 72 38 64 81 21 86 12 37 9 22 33 63 29 52 85 93 21 19 30 52 2 32 12 
48 93 59 62 13 12 63 33 35 100 97 67 20 34 78 57 94 100 41 56 28 45 40 72 65 11 54 16 64 85 27 11 78 37 24 42 48 86 75 82 86 71 48 57 56 77 65 49 76 6 4 55 50 
96 27 14 6 80 29 69 64 7 31 93 43 54 35 42 92 61 75 77 83 22 85 38 50 50 86 26 55 89 80 4 36 6 17 41 37 97 61 1 3 43 45 97 49 79 90 40 91 64 68 73 37 52 
10 86 1 47 63 7 88 43 10 23 100 78 64 37 74 76 89 28 19 33 76 67 64 65 6 54 28 25 27 16 76 88 2 29 35 16 35 22 58 97 96 10 74 11 46 48 87 86 27 5 18 3 23 
81 67 80 87 47 4 13 62 79 52 15 59 38 31 94 11 40 90 7 49 15 17 46 62 3 31 41 59 1 43 33 81 9 12 67 7 15 31 21 46 35 87 4 72 69 97 83 61 38 41 9 53 57 
7 66 12 89 6 22 89 100 55 22 61 66 88 67 33 71 87 78 5 26 81 28 94 30 62 54 19 2 15 23 11 73 41 22 61 46 43 2 98 49 23 58 15 62 24 47 84 63 24 88 40 56 68 
33 37 29 39 56 31 5 78 41 77 70 14 89 16 8 90 65 57 64 22 71 78 97 69 61 11 44 1 50 51 68 35 88 96 25 95 78 29 24 18 5 94 31 45 61 91 87 25 47 50 46 17 79 
94 37 40 57 80 92 58 30 59 92 69 6 16 63 84 96 87 1 52 80 84 97 40 74 83 16 72 84 13 88 63 6 76 54 62 7 45 20 36 3 63 57 8 31 19 91 78 57 44 30 88 79 26 
27 4 60 94 75 43 6 14 57 64 89 10 77 95 6 96 82 8 11 90 68 93 61 10 70 17 5 99 5 35 76 83 90 87 77 64 82 34 29 38 97 69 100 74 15 5 21 49 65 31 38 84 75 
98 93 45 67 50 95 71 84 23 5 74 9 33 89 90 67 70 80 63 38 79 36 5 35 57 53 99 39 42 82 66 92 27 10 58 76 56 80 11 78 84 36 39 17 77 28 83 46 7 97 83 37 33 
39 72 41 91 70 31 33 4 96 24 82 57 33 9 65 12 19 94 95 7 32 63 83 60 45 28 18 94 62 55 78 1 78 18 91 99 100 75 2 48 50 35 56 82 43 20 93 14 66 40 20 97 2 
2 8 99 81 26 92 42 32 69 42 9 38 85 7 37 11 61 36 13 95 92 94 38 63 39 51 28 78 22 25 31 23 84 29 3 9 20 96 92 40 90 52 77 26 59 14 36 71 1 48 65 92 94 
54 7 84 56 34 13 29 10 43 51 94 72 5 54 43 1 98 83 42 49 59 67 7 24 2 29 25 2 46 68 47 99 26 30 7 12 94 35 21 36 38 66 59 94 72 2 94 69 84 87 17 94 53 
76 18 7 56 94 8 1 13 6 52 39 87 58 50 80 44 22 15 33 40 74 27 11 27 72 31 62 59 99 55 11 26 24 17 82 69 76 82 82 81 85 72 19 94 73 98 38 94 65 70 33 90 48 
95 68 20 77 29 78 76 83 40 53 59 57 34 27 32 68 60 65 52 31 83 46 3 33 35 49 49 56 33 90 4 28 57 75 56 85 52 31 19 91 84 77 99 69 4 83 88 63 99 92 46 33 37 
100 17 23 48 65 78 81 6 33 60 62 7 15 98 10 98 17 53 33 45 51 1 100 85 41 15 83 32 60 16 68 59 84 42 59 49 71 39 6 4 50 68 10 64 17 20 61 85 72 45 30 74 46 
29 59 86 43 93 69 54 60 88 65 44 29 23 44 99 13 49 2 62 68 64 77 85 35 90 69 58 34 50 31 31 79 41 68 73 34 36 79 45 23 43 88 3 17 83 2 29 32 55 42 99 18 70 
83 52 11 4 9 45 53 92 27 83 32 47 8 17 82 86 14 57 80 1 59 48 84 12 28 67 67 69 17 84 90 52 88 1 55 48 97 59 91 23 42 75 21 1 91 3 86 4 11 17 57 21 64 
92 33 91 10 99 11 26 34 52 77 21 52 31 21 100 42 11 75 83 85 95 83 28 49 20 83 59 88 39 80 3 82 64 45 91 62 7 69 95 58 45 68 62 28 88 61 69 50 35 3 35 82 37 
62 30 56 44 41 95 35 72 97 68 35 93 11 96 99 79 42 56 23 9 69 50 48 30 70 98 16 72 32 97 8 45 79 15 40 19 9 26 42 57 94 76 49 4 23 47 34 64 55 56 25 23 58 
72 4 27 21 72 51 4 20 10 48 98 25 40 68 85 17 9 94 10 36 94 65 58 93 98 74 47 6 98 21 63 21 77 41 42 48 43 45 67 53 45 17 29 36 36 65 52 97 58 62 32 52 78 
42 44 28 67 42 85 16 14 99 36 90 39 29 89 34 26 8 86 22 24 66 57 11 30 8 7 88 21 91 91 51 84 34 78 50 27 62 65 40 60 52 82 50 33 70 35 58 77 72 79 52 37 87 
63 67 94 21 6 15 11 96 65 46 81 94 47 59 7 63 50 18 15 31 19 99 1 54 8 29 25 38 81 62 24 95 80 17 15 37 83 78 84 99 23 16 92 70 74 98 32 23 67 98 54 86 48 
6 39 55 86 63 92 66 76 15 60 7 84 27 43 66 4 26 65 78 41 8 99 14 58 83 89 24 32 94 9 80 51 47 34 36 62 78 2 89 92 13 96 27 91 38 45 46 16 9 24 56 68 74 
22 25 56 62 49 40 55 9 19 5 8 4 92 69 81 45 57 25 58 4 51 100 42 95 46 9 55 21 16 23 94 37 99 2 50 99 41 4 8 59 60 15 14 52 35 95 96 91 19 5 95 69 5 
88 16 2 48 70 22 63 44 67 52 43 68 1 41 60 57 100 18 68 14 32 19 48 78 67 91 96 23 37 16 79 76 31 80 23 53 53 85 48 20 36 42 39 89 83 99 45 82 68 12 48 51 83 
95 28 1 37 75 23 73 91 54 48 73 85 70 77 38 55 25 9 42 66 47 30 100 97 74 34 65 38 81 15 20 27 95 72 64 69 46 36 59 99 84 84 36 5 60 73 11 84 33 53 2 31 82 
1 28 8 34 92 45 66 58 16 93 52 87 8 21 32 95 31 83 30 14 18 35 26 42 45 61 26 97 62 56 31 63 83 38 48 26 34 66 84 49 10 87 87 17 7 70 11 90 4 93 55 21 27 
80 14 23 41 39 20 2 95 2 16 29 91 16 55 24 81 90 24 42 76 62 58 35 83 20 76 87 12 30 7 90 10 73 13 2 11 84 3 5 37 71 86 27 38 40 2 18 81 77 11 56 38 68 
42 20 39 17 58 3 99 65 44 8 89 56 9 99 91 63 56 27 85 41 53 22 32 6 91 12 82 1 19 71 20 61 91 11 29 48 65 27 64 8 86 52 16 46 3 6 61 58 85 45 50 37 19 
81 95 9 44 76 62 62 47 81 74 89 43 3 88 7 29 4 15 15 7 30 12 9 87 72 18 71 17 19 60 35 99 54 95 42 81 56 56 27 89 29 67 31 31 55 38 12 58 4 78 64 85 89 
25 71 61 42 94 29 61 5 63 11 10 9 5 90 65 60 69 53 88 35 35 71 41 72 82 98 75 11 14 11 99 38 82 11 31 27 39 91 31 53 54 40 62 58 29 26 69 49 30 8 84 64 78 
1 1 0 1 1 0 0 0 1 1 1 1 1 1 0 0 1 0 1 0 1 0 0 0 0 1 1 1 0 1 1 1 0 1 0 1 0 0 1 1 1 0 0 1 1 0 1 0 1 0 0 0 0 
1 1 0 0 0 1 0 1 0 1 1 0 0 1 0 0 0 1 0 1 1 1 0 0 0 1 1 0 1 1 0 0 0 0 0 1 1 0 0 0 0 0 0 0 1 0 0 1 1 0 0 0 1 
1 0 1 0 1 1 1 1 1 0 1 1 0 0 1 1 1 1 1 1 1 1 0 1 1 1 0 0 0 0 1 1 1 1 1 0 0 0 1 0 0 1 1 1 1 0 0 0 1 1 1 0 0 
1 1 1 1 1 1 1 0 1 0 1 0 1 1 0 1 1 0 0 0 0 1 1 0 1 0 0 0 1 0 0 1 0 1 0 1 1 1 1 0 1 0 0 0 0 0 1 1 1 1 1 1 0 
0 1 1 0 1 1 0 0 1 1 0 1 1 1 0 0 1 0 1 1 0 1 1 0 0 0 1 0 1 0 0 0 0 0 0 1 1 0 1 1 1 1 0 0 1 0 0 0 0 1 1 0 0 
1 0 1 1 0 1 1 0 1 1 0 1 1 0 1 0 1 0 1 1 0 0 0 0 0 0 0 0 1 0 0 0 0 1 0 0 0 1 1 0 0 1 1 1 1 0 1 1 0 1 0 0 1 
0 0 1 0 0 1 1 0 0 0 1 1 0 1 0 1 0 0 1 0 1 0 1 0 0 0 0 1 0 1 0 0 1 1 0 0 1 0 0 1 0 1 0 0 1 0 1 1 0 0 1 0 0 
1 0 0 1 0 1 0 1 1 0 1 1 1 1 0 1 1 1 1 1 1 1 0 0 0 1 0 0 1 0 0 0 0 1 1 1 0 1 0 0 0 1 1 1 0 1 0 0 0 1 1 1 0 
1 1 0 0 0 0 1 0 0 1 1 1 1 0 0 0 0 0 0 0 1 1 0 0 1 0 0 0 1 1 0 0 1 0 1 1 0 0 1 1 0 0 0 1 0 0 1 1 0 0 1 1 1 
1 1 1 0 1 1 1 1 0 0 0 0 1 1 1 1 0 0 1 1 0 0 1 1 0 0 1 0 1 1 1 1 0 0 1 0 0 0 1 0 0 1 0 1 0 1 1 0 1 0 1 0 1 
1 1 1 1 0 1 1 1 0 0 0 1 1 0 1 1 1 1 0 0 1 1 0 1 0 0 0 1 0 0 0 1 1 1 0 0 0 1 1 0 1 1 1 0 1 0 0 0 1 0 0 1 1 
0 0 0 1 0 1 1 1 1 0 0 0 0 0 0 0 0 0 1 1 0 0 1 0 0 1 0 0 0 1 1 0 1 1 1 1 0 0 0 1 0 1 1 1 1 1 1 1 0 0 1 0 0 
0 0 0 1 0 0 1 1 0 0 0 1 1 0 0 0 0 1 0 1 1 1 1 0 0 0 0 1 1 0 1 1 1 0 1 1 0 0 1 0 0 1 0 0 1 0 0 0 1 0 1 0 0 
0 1 0 1 1 1 0 0 1 0 1 1 1 0 1 1 1 0 0 1 0 0 0 0 0 0 1 0 0 0 0 0 1 1 1 0 0 0 0 1 0 1 0 1 0 0 0 1 0 0 0 0 0 
1 0 0 1 1 1 1 1 1 0 0 0 1 1 1 1 1 0 1 1 1 0 1 1 1 0 1 1 1 1 0 0 1 0 1 0 1 1 0 1 1 0 1 0 1 0 0 1 1 1 0 0 0 
1 1 1 1 0 0 0 1 0 0 0 1 0 0 0 1 0 1 0 1 1 0 0 1 0 1 0 0 1 0 0 0 1 1 0 1 1 0 0 0 1 0 1 1 1 1 0 1 1 0 0 0 0 
1 1 1 0 0 1 0 0 1 0 0 0 0 1 1 1 0 1 0 0 0 1 1 0 1 1 1 1 1 1 1 0 0 0 1 0 1 1 1 0 1 1 0 0 0 0 1 0 1 1 1 0 0 
0 0 1 1 1 0 1 0 1 1 0 0 0 1 1 1 0 0 1 1 0 1 1 0 0 0 0 1 1 0 1 1 0 0 1 1 0 0 1 1 1 1 1 0 0 1 1 0 1 0 1 1 1 
1 0 1 1 0 0 0 0 1 1 0 1 0 1 1 0 0 1 0 1 0 0 0 1 1 0 0 0 0 0 1 1 0 1 0 0 1 0 0 1 1 0 0 0 1 0 0 1 1 0 0 1 0 
0 1 0 1 1 0 1 1 1 0 1 0 0 1 0 0 1 1 1 1 1 1 0 1 0 1 0 0 0 0 1 0 1 1 1 0 1 0 0 0 0 1 1 0 1 1 0 0 0 0 0 1 1 
0 1 1 0 1 0 0 1 1 0 0 0 0 1 1 0 1 1 1 0 0 1 1 1 0 0 1 0 0 1 1 0 0 1 0 1 1 0 1 0 1 1 0 1 0 1 1 1 0 0 0 1 0 
1 0 0 1 0 0 1 1 1 0 1 0 0 0 1 1 1 1 0 1 1 1 1 0 0 1 1 1 1 0 1 0 0 1 0 0 1 1 1 0 1 0 1 0 1 0 1 0 0 1 1 1 0 
1 0 0 0 1 1 1 1 0 1 1 1 1 0 0 1 1 1 0 0 0 0 1 0 1 1 0 0 1 0 0 0 0 1 0 1 0 1 0 1 0 1 0 0 1 1 1 1 0 1 1 0 0 
0 0 1 1 1 0 0 1 0 0 1 1 0 0 0 1 0 1 0 1 1 0 1 0 1 0 0 0 1 0 0 1 1 0 0 0 0 1 1 0 1 0 0 0 0 0 1 0 1 1 1 0 1 
0 1 0 0 1 1 1 0 1 0 1 1 1 1 1 0 0 0 1 0 0 1 0 0 1 0 1 0 1 1 0 0 0 0 0 0 1 0 0 1 0 1 0 1 0 0 1 0 0 1 0 0 0 
0 0 1 0 1 0 1 0 0 1 1 0 0 1 0 0 1 1 0 0 1 0 0 1 1 0 1 0 0 1 1 0 1 0 0 0 0 1 1 0 1 0 1 1 1 1 1 0 0 1 0 1 1 
0 1 1 0 0 1 0 0 0 0 1 1 0 0 1 1 1 0 0 1 1 1 0 0 0 0 0 0 0 1 1 0 0 0 0 1 0 0 1 0 0 0 1 0 0 1 1 1 1 0 0 0 1 
0 0 0 0 0 0 0 1 1 0 0 0 0 1 0 0 0 0 0 0 0 0 1 1 0 0 0 0 1 0 1 1 0 1 0 0 1 0 1 1 1 1 1 1 0 1 0 0 1 0 1 1 1 
0 0 1 0 0 1 1 0 0 1 0 0 1 0 1 1 0 0 0 1 1 0 0 0 0 0 0 0 1 1 1 1 0 0 0 0 1 1 1 0 0 1 0 1 0 1 1 0 0 1 1 1 1 
1 0 1 0 0 0 1 1 1 1 1 0 1 0 1 0 1 1 1 0 1 0 0 1 1 0 1 1 0 0 0 1 0 0 1 0 0 1 0 1 0 1 1 1 1 1 1 0 0 0 1 0 1 
1 1 0 0 0 1 0 0 0 1 1 0 1 1 0 0 1 1 0 1 1 1 0 0 0 1 0 1 0 0 0 1 1 0 1 1 0 1 0 0 1 1 0 0 0 0 0 0 1 0 1 0 1 
1 0 1 0 1 0 0 1 0 0 1 1 1 0 1 1 0 1 0 1 1 0 0 1 0 0 0 0 1 1 1 0 1 0 1 0 1 1 0 1 1 1 0 1 1 1 0 0 0 0 1 1 0 
1 0 0 1 1 0 0 0 1 1 1 1 0 0 0 1 0 0 1 1 0 0 0 0 0 0 0 0 0 0 0 1 0 0 1 1 0 1 1 1 0 1 0 0 1 1 0 1 1 1 0 1 1 
0 1 1 1 0 1 1 0 1 0 0 1 1 0 1 1 1 0 1 0 0 0 1 1 0 0 0 1 0 0 0 1 1 1 0 1 0 1 1 1 1 0 0 1 0 1 0 1 1 1 0 1 1 
1 1 1 0 1 0 0 1 0 1 1 1 1 0 1 0 0 0 0 0 0 1 0 1 1 1 0 0 1 0 0 1 1 1 1 0 0 1 0 0 1 1 0 0 1 1 1 1 0 1 1 0 0 
1 0 1 1 0 1 0 0 1 1 1 1 0 0 1 0 0 1 1 1 1 1 0 1 0 0 1 1 1 1 1 1 1 0 0 0 0 0 0 1 0 0 0 0 0 1 0 0 1 1 1 0 1 
1 1 1 1 0 1 1 0 0 0 1 1 0 1 1 0 0 0 0 0 1 1 0 0 1 0 1 1 1 0 0 0 1 1 0 0 0 1 0 1 1 1 0 1 1 1 1 1 1 0 1 0 1 
1 1 0 1 0 1 0 0 1 0 0 1 0 0 1 1 0 0 0 1 0 1 0 1 1 1 1 1 0 1 0 1 0 0 0 1 0 0 1 1 1 1 0 1 1 0 1 1 0 1 1 1 1 
1 0 0 1 1 1 1 1 1 1 1 1 1 0 1 0 0 1 1 1 1 0 1 1 1 0 0 1 1 1 0 1 1 0 0 1 1 1 0 0 0 1 1 0 0 1 0 0 0 1 1 1 1 
0 1 1 1 1 0 0 0 0 1 1 0 1 0 1 1 0 1 1 0 0 1 0 1 1 0 1 0 1 1 0 0 0 1 1 1 1 1 1 1 1 0 1 0 1 0 1 1 1 1 1 1 0 
1 1 0 1 0 0 1 1 0 1 1 1 0 0 0 1 1 1 0 0 0 1 1 0 0 0 1 1 0 1 0 1 0 0 1 0 0 0 0 1 1 1 0 1 0 1 0 1 0 1 1 1 0 
0 1 0 1 1 0 1 0 0 0 0 0 1 0 0 1 0 1 0 0 0 1 0 1 0 1 1 1 1 0 1 1 0 1 0 1 1 1 1 1 0 1 1 1 1 0 1 0 1 1 0 1 1 
0 0 1 1 0 0 0 0 1 0 0 0 0 1 0 0 0 1 0 1 1 1 1 1 0 1 0 0 1 0 1 1 0 0 0 0 0 1 1 1 1 1 1 1 1 1 1 1 1 1 1 0 1 
0 1 1 1 1 1 0 1 0 1 0 0 1 0 0 0 1 1 1 1 1 1 0 0 0 1 1 0 0 1 1 0 0 0 1 0 0 1 1 0 0 1 1 0 0 1 0 1 1 0 0 0 1 
0 0 1 0 0 1 0 1 0 1 0 1 0 0 1 0 1 1 0 1 0 0 1 0 1 0 1 1 1 1 0 1 1 1 1 1 1 0 1 1 1 1 0 1 1 1 1 0 1 0 1 1 0 
0 1 1 1 0 0 0 1 0 1 1 0 1 0 1 1 1 0 0 0 1 1 1 0 1 0 1 1 1 1 1 0 0 1 1 1 1 1 0 0 0 1 0 1 0 1 0 1 1 0 0 0 0 
1 1 1 1 0 0 1 1 1 1 0 0 0 1 0 1 1 0 1 1 0 1 1 1 1 0 0 0 0 1 0 0 0 1 1 0 1 0 0 0 1 0 1 1 1 1 0 0 1 0 1 1 1 
0 0 0 1 0 0 1 1 0 1 1 1 1 0 0 1 0 1 1 0 0 0 1 1 1 1 0 1 1 1 0 1 1 0 0 1 1 0 1 1 1 0 1 0 0 1 0 0 0 1 0 0 1 
1 1 0 1 1 1 0 0 1 1 1 0 0 1 1 0 0 0 1 0 1 0 1 1 0 1 1 1 0 0 0 1 1 1 0 1 0 0 1 0 0 1 0 0 0 1 0 0 1 1 0 1 1 
1 0 1 1 1 0 1 1 1 0 1 0 1 0 0 1 1 0 1 0 0 1 0 1 1 0 1 1 1 0 0 0 0 0 1 1 0 0 1 1 1 0 1 0 0 0 1 1 0 1 0 1 0 
0 0 0 1 1 1 0 1 1 0 1 1 0 1 0 0 0 1 1 0 1 1 0 1 1 1 1 0 1 0 0 0 1 0 1 0 1 1 0 1 1 1 0 1 0 0 0 0 0 1 0 1 1 
0 0 0 0 1 0 1 0 0 1 1 1 0 1 0 1 1 1 1 1 0 0 1 0 0 0 0 0 0 1 1 1 1 1 1 1 1 0 1 1 0 0 0 0 1 1 0 1 0 1 0 0 1 
1 1 0 1 1 0 0 1 1 1 0 0 0 1 1 0 0 0 0 0 1 1 0 0 1 1 0 0 1 1 1 0 0 1 0 1 1 0 0 0 1 1 0 1 0 1 1 1 0 0 1 1 1 
1 1 0 0 1 0 1 0 1 0 0 1 0 0 0 0 0 1 1 1 1 0 0 1 1 1 1 1 0 0 0 0 1 0 0 0 0 0 1 0 0 1 1 0 1 1 0 0 0 1 1 0 1 
1 1 0 0 0 0 1 0 0 1 1 1 1 1 1 1 0 1 1 0 0 1 1 0 1 1 0 0 1 0 1 0 1 0 1 1 0 0 1 0 1 0 1 0 0 1 0 0 0 1 0 1 1 
0 1 0 1 1 1 0 0 0 1 1 0 0 1 0 0 0 1 1 1 0 1 1 1 1 1 0 1 0 1 0 0 0 0 1 1 1 0 1 0 1 1 0 1 0 1 1 0 0 0 1 0 1 
0 0 1 0 0 0 0 1 0 0 1 0 1 0 0 1 0 0 0 1 0 1 1 1 0 1 1 0 1 0 0 1 0 1 1 0 1 1 1 1 1 0 1 1 0 1 0 0 1 1 1 0 0 
0 1 1 0 1 1 1 1 1 0 1 0 0 1 1 1 0 0 1 0 0 0 0 1 0 1 1 1 0 1 0 1 0 1 1 1 0 0 0 0 0 1 0 0 0 0 0 0 0 1 0 0 1 
1 0 1 0 1 1 0 0 1 1 0 0 0 0 0 0 0 0 1 0 1 1 0 1 1 1 1 0 1 0 1 0 0 1 0 1 0 1 1 1 0 1 1 1 1 1 1 0 0 0 0 1 0 
