43 70 1766
46 86 96 62 39 31 11 62 46 40 72 11 53 6 33 83 62 19 86 11 64 54 78 77 28 65 22 59 78 31 6 23 17 1 36 7 31 47 21 76 86 92 86 90 97 70 73 10 89 58 72 52 11 1 80 90 65 54 100 43 84 6 17 52 58 5 59 89 3 79 
16 88 22 54 78 18 23 2 27 63 59 51 67 21 51 46 63 16 51 62 10 35 19 78 38 77 82 96 65 84 26 32 24 47 85 53 16 8 54 95 70 64 45 88 84 95 34 98 10 36 60 71 70 78 49 60 6 30 55 70 66 33 54 89 31 38 93 47 97 46 
41 19 61 37 6 44 31 91 42 93 27 53 63 48 82 63 7 88 45 14 57 10 46 62 50 76 100 42 74 96 39 66 14 99 2 72 94 85 62 87 29 88 39 43 36 21 6 94 8 50 7 16 11 52 78 60 80 29 1 5 24 91 23 90 89 24 61 82 60 74 
69 88 62 7 31 49 79 88 42 38 37 49 54 99 52 83 58 83 11 10 40 86 100 62 27 88 37 87 21 49 13 89 36 26 48 18 74 78 5 67 16 93 67 21 91 19 3 100 53 65 9 44 2 8 5 29 47 94 67 68 42 79 8 29 4 7 47 77 85 3 
96 100 48 62 72 90 80 26 90 85 90 98 28 91 58 85 71 4 30 38 23 71 16 31 99 20 89 97 48 73 100 43 24 99 5 95 88 36 20 77 72 61 27 52 4 84 88 74 39 17 11 14 87 79 96 37 50 84 34 97 57 85 92 80 83 48 27 70 35 46 
99 7 59 25 10 62 60 97 87 98 13 98 63 51 28 58 87 77 42 20 73 50 56 16 81 38 63 7 60 50 5 58 56 63 82 65 76 93 13 62 90 25 11 53 75 38 62 61 66 3 33 91 52 88 6 33 78 21 91 37 70 95 94 77 9 27 93 36 19 5 
50 60 81 60 64 7 50 26 19 67 80 51 57 84 91 63 68 20 35 58 56 56 5 1 84 13 79 28 49 97 32 98 8 64 9 72 70 10 49 88 77 28 91 85 63 33 99 30 52 33 40 7 40 44 59 23 8 37 50 8 33 33 57 92 96 18 63 17 79 63 
5 7 43 47 92 5 79 90 87 30 23 26 88 14 21 46 37 28 82 38 88 66 71 44 57 18 13 72 35 92 86 91 98 28 37 41 33 67 31 19 96 5 96 83 18 16 28 54 95 61 92 82 26 14 78 34 31 90 57 17 33 43 59 83 70 47 23 54 13 53 
24 8 57 19 42 27 86 21 32 81 81 75 14 58 88 91 44 71 33 100 39 17 42 98 99 64 44 22 69 9 74 93 68 83 63 10 61 49 82 92 81 15 19 94 72 6 37 67 28 21 67 19 37 60 16 36 75 11 57 44 71 82 36 39 16 50 100 28 98 81 
20 30 95 90 76 19 47 12 85 75 32 3 93 20 15 60 55 89 22 63 32 93 97 19 31 12 69 30 92 18 62 11 48 9 52 23 27 98 86 63 72 69 18 16 88 32 27 43 72 49 57 4 93 53 74 23 17 42 4 8 12 65 70 59 73 21 33 51 18 18 
66 42 86 83 9 73 66 36 67 37 36 76 92 28 28 66 2 96 59 5 55 70 21 24 28 94 96 12 96 66 29 61 59 14 95 67 39 60 54 57 97 89 32 88 16 12 5 17 7 64 73 62 33 94 37 13 39 85 24 86 50 53 47 60 18 93 26 56 53 80 
13 1 20 96 40 88 7 45 56 14 8 29 27 92 74 63 4 64 99 80 49 100 84 47 59 1 40 85 9 44 16 73 44 87 68 83 74 27 79 82 40 38 10 18 30 35 32 85 98 31 16 46 30 99 45 41 52 84 77 12 27 92 84 22 30 3 56 4 81 87 
37 20 24 46 37 53 32 21 90 81 51 5 26 32 56 22 72 7 5 48 18 83 91 53 56 21 7 64 76 88 50 12 59 73 9 48 78 40 68 67 20 18 23 97 49 78 19 73 84 75 20 53 10 11 5 65 31 64 28 6 51 77 17 9 2 77 8 79 16 75 
45 87 44 19 83 45 97 53 17 32 28 36 85 37 46 41 53 28 4 81 85 6 9 53 67 10 29 74 88 44 49 84 82 92 3 65 36 51 69 52 82 96 40 66 84 37 7 37 65 10 69 49 16 77 2 82 39 30 55 26 26 55 62 7 99 64 23 34 14 92 
38 47 39 29 13 75 65 19 63 29 80 31 30 47 59 83 28 97 64 35 75 41 41 36 100 39 51 22 25 16 65 14 62 56 42 26 82 6 44 44 87 76 26 68 22 84 50 2 33 13 36 7 54 28 94 53 67 96 26 43 11 43 56 24 98 49 50 79 6 45 
74 92 20 99 59 94 34 8 95 66 73 82 24 78 9 69 82 27 64 7 69 26 49 76 50 98 24 51 28 30 47 1 73 67 99 32 60 85 91 54 50 15 87 74 92 95 94 73 22 58 32 42 83 80 18 84 30 93 86 9 74 33 10 47 51 60 30 10 44 72 
15 46 87 1 71 30 47 64 55 20 21 86 62 56 17 31 91 46 23 77 55 49 61 16 95 11 27 24 72 71 47 86 16 33 38 86 63 36 1 17 56 22 54 17 29 70 99 19 68 73 95 74 21 7 89 15 17 15 90 88 37 37 25 4 21 62 41 35 50 42 
51 5 63 56 73 91 26 71 61 93 43 8 66 64 14 6 30 31 20 20 18 9 8 95 12 28 8 53 63 57 94 65 61 8 21 33 50 98 3 10 90 98 17 7 61 31 12 42 61 83 13 30 91 20 76 3 100 84 7 14 40 100 78 1 59 50 85 8 47 88 
17 88 37 86 94 49 16 57 90 28 40 3 9 30 74 85 84 73 68 90 86 59 41 16 59 99 65 96 58 64 35 27 51 71 12 97 19 79 53 60 58 92 62 66 74 88 2 9 60 21 99 98 80 91 13 90 90 29 85 99 92 19 25 95 41 88 91 59 66 43 
19 23 87 32 41 60 19 94 20 31 15 18 80 46 9 44 35 50 72 72 48 16 42 25 10 83 12 52 93 78 94 63 52 32 47 44 43 65 38 63 47 4 80 26 49 40 69 35 41 93 6 41 60 100 65 69 82 76 72 26 53 65 89 57 97 35 100 39 51 89 
1 98 92 33 75 40 24 44 27 65 88 32 57 47 31 21 67 64 96 38 90 1 2 30 57 50 16 8 41 66 97 93 15 40 77 90 32 1 85 58 17 72 41 25 70 72 45 36 87 40 73 28 92 26 57 100 76 72 60 68 90 56 60 4 47 89 45 78 41 29 
35 57 52 76 33 21 99 77 56 37 68 80 65 60 6 21 59 33 45 18 100 34 25 11 89 24 99 34 1 39 14 88 47 18 15 79 90 65 55 98 1 23 77 65 34 82 38 92 66 82 62 65 67 38 76 55 61 74 40 14 65 6 53 11 23 19 90 12 35 96 
9 35 18 38 52 51 71 41 95 37 74 8 53 40 97 28 46 10 54 86 23 18 91 27 80 65 45 69 28 79 65 37 65 34 26 68 37 96 8 83 84 81 90 37 72 86 64 70 95 69 7 69 38 97 47 18 13 91 86 40 21 2 28 38 36 53 5 24 1 65 
6 84 97 95 20 21 32 84 90 79 4 96 99 42 44 46 59 56 88 96 47 9 50 75 98 85 27 2 60 27 18 65 11 15 59 30 35 42 65 76 20 69 71 19 62 14 64 20 21 51 67 67 11 16 41 8 52 20 62 11 98 79 75 8 45 85 90 31 27 6 
6 98 26 28 68 87 93 31 58 13 34 77 32 96 92 72 4 96 43 17 6 41 47 33 100 44 17 41 74 95 47 32 93 72 11 60 11 4 43 68 16 28 44 47 23 88 71 26 83 13 94 40 5 41 72 5 84 41 45 9 35 43 92 79 15 3 39 77 6 33 
96 73 60 40 72 82 79 94 60 13 58 53 52 63 45 24 19 80 64 63 89 50 58 32 29 24 34 67 100 91 51 95 64 10 86 87 91 64 80 50 76 37 55 80 99 99 3 17 79 18 32 19 67 41 50 95 64 36 13 63 26 63 57 89 72 43 75 15 58 6 
16 34 43 70 65 93 21 67 62 51 36 93 69 54 33 70 49 48 5 13 10 83 28 66 71 51 60 98 65 18 3 33 3 97 54 67 90 74 85 51 76 20 95 96 73 79 66 73 26 22 38 35 4 65 52 27 15 12 76 32 29 30 64 83 27 69 49 16 43 33 
18 70 4 12 66 28 90 83 53 67 4 90 1 8 6 52 86 20 15 61 3 95 90 18 77 68 87 77 35 81 61 52 50 64 63 67 44 4 49 96 70 53 85 22 12 90 74 97 61 40 9 16 35 98 33 11 18 71 88 52 3 48 4 53 64 18 19 7 74 68 
2 43 72 38 65 83 79 90 31 39 29 39 6 63 88 39 26 5 61 13 9 64 12 12 68 75 81 38 81 54 5 34 49 28 71 13 10 49 54 92 40 34 30 45 49 70 35 74 74 48 38 34 11 49 45 78 24 78 15 56 31 72 90 79 99 12 43 61 13 48 
4 52 82 34 48 30 3 83 3 28 30 40 62 92 40 58 21 15 35 35 71 18 58 12 96 9 75 91 21 87 38 24 38 19 57 86 100 11 20 54 91 1 45 4 92 85 13 12 99 100 98 21 17 8 84 64 16 59 54 36 45 44 59 35 14 68 20 14 30 91 
67 20 91 12 75 34 96 88 97 46 87 46 19 55 53 2 18 68 60 24 55 57 67 14 91 80 33 62 45 62 52 12 34 94 23 8 79 70 47 75 67 85 20 85 39 73 87 9 92 98 32 47 54 50 60 96 29 92 57 26 5 60 37 38 53 11 46 83 32 44 
57 98 29 29 83 19 1 21 27 92 18 10 38 24 59 49 19 40 92 76 65 97 87 53 34 92 63 31 74 94 27 31 43 55 59 77 25 11 97 52 54 67 13 44 90 72 92 8 63 36 35 79 84 74 31 17 65 45 100 38 90 26 20 32 32 78 9 56 40 57 
59 94 23 72 37 64 95 80 24 9 67 10 87 50 83 17 67 47 61 18 85 50 43 4 33 74 34 93 81 73 50 40 66 24 63 54 88 9 34 11 17 52 20 3 2 3 71 68 49 83 85 85 84 79 41 16 4 74 9 84 46 10 75 64 33 37 69 20 97 54 
82 13 6 2 67 7 56 89 26 56 23 62 41 6 40 81 74 43 54 82 78 51 43 53 66 75 41 35 47 38 40 28 2 45 81 21 51 88 61 76 44 84 37 84 89 28 16 62 22 21 95 100 23 37 4 41 64 96 75 62 33 66 41 87 11 74 59 13 61 19 
89 4 2 77 39 43 57 54 56 78 26 51 77 49 39 32 89 54 28 15 15 12 80 56 98 42 81 8 55 41 27 95 45 80 71 35 74 27 41 30 57 66 80 33 66 70 17 54 24 44 20 90 55 52 97 5 93 77 12 99 18 90 93 14 22 16 100 95 42 40 
24 98 6 55 83 71 25 51 77 100 94 48 41 100 99 90 56 44 66 20 42 35 9 35 100 82 50 100 77 43 39 100 93 96 7 27 19 83 77 95 82 22 94 74 73 93 63 29 88 81 48 81 15 8 15 67 90 16 66 66 11 56 17 55 4 23 33 22 5 61 
68 38 82 61 12 6 5 26 34 92 6 81 73 73 41 39 39 30 7 56 95 69 63 63 23 66 86 7 87 42 67 54 32 48 67 95 53 71 20 39 15 78 71 39 50 11 29 40 40 35 95 86 55 57 49 77 75 86 35 61 79 1 67 10 100 33 4 5 55 76 
43 69 53 13 7 54 24 88 93 15 22 87 53 77 95 53 5 69 38 40 82 68 92 100 30 92 84 85 96 38 60 38 59 64 2 65 17 77 52 9 44 26 47 96 54 94 48 10 14 37 1 47 4 93 46 33 36 29 70 31 19 29 20 77 45 73 93 61 50 97 
22 45 22 20 40 27 13 87 88 79 23 89 25 78 33 23 63 68 51 32 50 21 12 69 97 56 93 90 69 42 86 42 86 59 61 77 85 26 63 72 56 37 12 80 67 96 2 29 15 5 12 64 25 23 84 74 31 77 63 51 70 48 92 8 58 4 84 42 81 99 
65 36 87 29 16 53 24 69 33 39 25 44 54 2 19 38 75 49 14 89 99 83 88 42 90 45 45 26 38 26 24 2 61 10 82 28 15 58 49 47 48 25 91 1 26 61 38 52 9 3 40 59 38 27 100 79 71 96 4 60 21 79 62 34 89 95 13 3 52 61 
1 99 38 91 52 63 51 89 67 11 44 6 21 81 85 72 59 55 68 15 67 40 93 80 73 33 74 38 87 78 50 88 76 87 78 27 2 81 68 68 43 11 73 64 91 57 35 1 64 54 15 30 94 8 9 18 40 34 55 27 11 5 14 39 91 43 65 44 75 84 
11 18 94 36 33 36 44 19 89 7 73 3 88 66 62 48 83 54 34 90 32 44 94 97 82 36 39 99 80 66 82 42 35 28 77 67 15 21 85 3 79 57 6 19 74 19 66 57 72 51 98 3 95 91 99 28 78 90 78 9 55 60 51 41 39 27 7 53 47 43 
56 26 100 13 44 73 83 61 81 55 64 30 9 58 20 8 37 50 49 15 58 55 26 8 95 64 87 1 68 33 43 75 10 94 39 5 19 22 18 51 76 81 81 36 90 52 95 26 1 43 92 11 97 17 70 43 32 56 43 52 41 38 26 2 83 65 59 53 38 76 
1 0 1 1 1 0 0 0 1 1 0 1 1 1 1 0 1 1 0 0 0 0 1 1 1 1 1 1 0 0 0 1 0 1 0 0 1 0 0 1 1 0 0 0 1 1 1 1 0 1 1 0 1 0 0 0 1 1 0 1 0 0 0 0 0 0 0 1 1 0 
0 0 1 0 1 0 0 0 1 0 1 0 1 0 0 1 0 0 0 0 1 0 1 0 1 1 0 1 0 1 0 1 0 1 1 1 1 1 1 1 0 0 1 1 0 0 0 0 0 0 1 1 1 0 1 0 1 0 1 1 1 1 0 1 0 0 0 0 1 1 
1 1 1 0 0 1 0 0 0 0 1 1 0 0 1 1 0 0 1 1 1 1 1 0 0 1 0 1 1 1 0 0 1 0 1 1 1 1 0 1 0 1 0 0 1 1 1 1 1 1 0 1 0 1 1 0 1 1 1 0 0 0 1 1 0 0 1 1 1 1 
1 1 0 1 1 1 1 1 0 0 0 0 1 0 0 0 0 1 1 0 1 0 0 0 1 0 0 0 1 0 1 0 1 1 0 1 0 1 0 0 1 0 1 1 0 1 1 0 0 1 0 1 1 0 0 0 0 0 1 0 0 0 0 0 0 0 1 0 1 1 
1 1 1 0 0 1 1 1 1 1 0 0 0 1 0 0 0 1 1 1 1 1 1 1 1 1 0 0 0 1 1 1 0 0 1 0 1 0 0 1 1 0 1 1 0 1 0 0 0 1 1 1 0 0 1 0 0 1 0 0 0 0 1 1 0 0 1 0 0 1 
1 1 0 0 0 0 1 0 0 0 1 1 1 0 1 0 0 1 1 0 1 0 0 0 1 1 0 0 1 0 0 0 1 0 0 0 0 1 0 0 1 0 1 1 0 0 1 0 0 1 0 1 1 1 0 0 0 0 0 1 1 0 1 0 0 1 0 0 0 1 
0 0 1 1 1 1 0 0 1 0 1 1 1 0 0 1 0 0 0 1 1 1 1 0 1 0 1 0 0 0 1 1 0 0 0 1 1 0 1 0 0 1 1 0 1 0 1 0 0 1 1 0 0 0 0 0 0 0 0 1 0 1 0 0 1 0 1 0 1 0 
0 1 1 1 1 1 1 1 1 0 0 0 0 1 0 0 1 1 0 1 0 0 0 0 0 1 0 1 1 1 0 1 1 1 0 0 0 0 1 1 0 0 1 0 1 0 0 0 1 1 1 1 1 1 1 0 0 1 1 1 1 1 0 0 1 0 0 1 0 0 
1 0 0 0 0 1 0 1 1 1 0 0 0 1 1 1 1 1 1 1 0 0 0 0 0 1 0 0 1 1 0 0 1 0 0 0 1 1 1 0 0 1 0 1 0 1 0 0 0 1 1 0 1 1 0 1 1 1 0 0 0 0 0 1 1 0 1 0 1 0 
1 0 1 1 1 0 1 1 0 1 1 1 0 0 0 0 0 1 1 0 1 1 0 1 1 1 0 0 0 1 1 1 1 0 0 0 0 1 0 0 1 1 1 1 1 0 1 1 1 1 1 1 0 0 0 1 1 0 0 1 0 1 0 1 1 1 0 0 0 0 
0 1 1 0 0 0 0 0 0 1 1 1 0 1 1 1 1 1 1 1 0 1 0 1 1 1 0 1 1 0 1 0 0 0 0 0 0 0 0 0 1 1 0 0 1 1 1 0 0 0 1 1 0 1 0 1 0 0 0 0 0 1 0 0 1 0 1 1 0 1 
0 1 1 0 1 0 1 0 0 0 1 1 1 1 0 1 0 0 1 0 0 1 1 0 0 0 0 1 1 0 0 1 0 1 1 1 1 1 0 1 1 1 0 0 0 0 1 0 1 0 0 1 1 1 0 1 1 0 0 0 1 1 0 1 0 1 0 0 0 0 
1 1 1 0 1 1 0 0 1 1 0 1 1 0 0 1 1 1 1 0 0 0 1 0 1 1 1 0 1 0 0 1 1 0 1 1 1 1 1 1 1 0 0 0 0 1 1 1 0 0 1 0 1 0 0 0 0 0 0 1 0 1 0 1 1 1 0 0 1 0 
1 0 0 0 0 0 1 1 1 1 1 1 0 0 1 0 1 1 0 1 1 0 0 1 0 1 1 0 0 0 0 1 0 0 1 0 0 0 1 0 0 0 1 0 1 0 0 0 0 1 1 1 1 0 0 1 1 1 0 1 1 0 1 1 1 0 1 1 1 0 
1 1 1 0 1 0 1 1 0 1 0 1 0 0 1 0 1 1 0 1 0 1 0 1 1 1 0 0 0 1 1 0 0 0 0 1 0 1 0 0 0 1 1 0 1 1 1 0 0 1 0 0 0 0 0 1 1 0 0 1 1 1 1 1 1 0 0 1 1 0 
1 0 1 0 0 0 1 1 1 1 0 1 0 1 1 0 0 0 0 0 1 1 1 1 0 0 1 0 1 0 0 0 0 0 1 1 0 0 0 1 0 1 0 0 0 1 0 0 1 0 1 1 1 0 0 1 1 1 1 0 1 1 1 0 1 0 1 0 0 1 
1 0 0 0 0 0 1 0 1 1 0 0 0 1 0 0 0 1 1 1 0 0 1 1 0 0 1 1 0 1 1 0 0 1 0 0 0 1 1 1 0 1 1 0 1 1 0 1 1 1 1 1 0 0 0 0 0 1 0 1 0 1 1 0 0 1 1 0 0 0 
1 1 1 0 1 0 0 0 0 1 1 1 0 1 1 0 0 1 1 0 0 1 1 1 0 1 0 1 0 1 1 1 0 0 0 1 1 0 1 1 1 1 0 1 0 1 1 0 0 0 0 1 1 1 0 1 1 1 0 1 0 1 0 0 0 0 1 1 0 1 
0 1 0 0 0 0 1 1 1 1 1 1 0 1 1 1 0 0 0 1 1 0 0 1 0 0 0 1 1 0 0 1 0 0 1 0 1 0 0 0 0 1 1 0 0 0 1 1 0 1 0 1 1 0 1 1 1 1 1 0 1 1 0 1 0 1 0 1 0 0 
1 0 1 0 0 0 1 0 1 1 1 1 1 1 1 0 0 0 1 1 1 0 1 1 0 1 0 0 0 0 0 1 0 1 1 1 1 0 1 0 0 0 1 1 1 1 1 0 1 0 1 0 0 0 1 0 1 0 0 1 0 0 0 1 0 0 0 1 0 1 
0 0 1 1 1 1 0 0 1 0 0 0 0 1 1 0 1 0 0 0 0 0 0 0 1 0 0 1 0 1 0 0 1 0 1 1 1 0 1 0 0 0 0 0 1 1 0 0 0 0 0 0 1 1 0 0 1 1 0 1 0 0 1 1 0 1 0 1 1 0 
1 1 0 0 1 1 1 0 1 1 0 0 1 1 1 0 0 0 1 0 0 1 0 1 0 1 0 1 0 1 1 0 0 1 0 0 0 1 0 1 1 0 1 0 0 0 0 0 1 1 0 1 0 0 0 1 1 1 0 0 0 1 0 1 0 0 1 0 1 1 
1 0 1 1 1 1 1 1 1 0 1 1 1 1 0 0 0 1 1 0 1 1 1 1 0 1 1 1 1 1 0 1 1 0 0 0 1 1 0 1 0 1 0 1 0 0 1 1 0 0 1 1 0 1 1 0 0 0 0 0 1 0 1 1 0 1 1 0 0 1 
1 0 0 1 0 1 0 1 0 0 0 1 1 0 0 0 0 1 1 0 1 0 1 0 1 1 1 1 1 1 0 0 0 1 0 0 0 0 1 0 0 1 1 1 1 0 0 0 1 1 0 0 1 1 0 1 1 1 0 0 0 0 1 0 1 1 0 1 1 0 
1 1 1 1 0 1 1 0 1 0 1 1 0 1 1 0 0 0 1 0 0 1 0 1 0 0 0 0 1 1 0 1 0 0 0 1 1 1 1 0 1 1 1 1 0 0 1 0 0 0 0 1 1 0 0 1 0 1 0 0 0 0 1 1 0 1 0 1 0 1 
1 1 0 1 0 0 1 1 0 0 1 0 1 0 1 1 0 1 0 0 1 1 0 0 0 1 1 0 0 1 1 0 0 0 1 0 0 0 1 1 0 0 1 1 1 0 1 1 0 1 1 1 0 1 0 0 0 1 0 1 1 0 1 1 0 0 0 0 0 1 
1 1 0 1 0 1 1 1 0 1 1 1 1 1 0 1 0 1 0 0 0 1 0 1 1 0 1 1 1 1 0 0 0 0 1 1 1 1 0 1 0 1 0 1 1 1 0 1 0 1 1 0 0 0 1 1 0 0 0 1 1 1 0 0 1 1 1 1 0 1 
0 1 1 1 0 0 0 1 1 0 0 0 0 0 0 1 0 1 1 0 0 0 1 0 0 1 0 1 0 0 1 0 1 0 1 0 0 1 1 1 1 1 1 1 1 0 0 1 1 1 0 1 0 1 0 0 0 0 0 0 0 1 1 0 1 0 0 1 0 1 
0 1 0 1 1 1 1 1 1 0 1 1 0 1 0 0 1 1 0 1 1 0 0 0 0 1 1 0 0 1 1 0 0 1 0 1 1 1 1 0 0 0 1 0 1 1 0 0 0 0 0 0 0 0 0 1 0 1 1 0 0 1 1 1 0 1 0 1 0 1 
1 0 1 0 0 0 0 0 1 0 0 1 0 1 1 1 0 1 0 1 0 1 0 1 0 1 0 0 0 0 0 0 1 1 0 1 0 0 0 1 1 0 0 1 1 1 0 1 1 1 1 1 0 1 0 0 0 0 0 1 0 0 1 1 0 1 1 0 0 1 
1 1 1 1 0 1 0 1 0 1 0 1 0 0 1 0 0 1 0 0 0 1 1 1 0 1 1 1 1 1 0 0 0 0 1 0 1 1 1 1 1 1 1 1 1 0 0 1 1 0 0 0 1 1 1 0 0 0 1 1 1 0 1 1 0 0 0 1 1 1 
0 0 1 1 0 0 1 0 0 1 0 0 1 0 1 0 0 1 1 1 0 0 1 1 0 1 1 0 0 0 1 1 1 0 0 1 1 0 1 1 1 1 1 0 1 0 0 1 1 1 1 1 0 0 0 0 0 1 0 0 1 1 1 0 0 0 1 1 0 0 
0 1 0 1 1 1 1 1 1 0 1 0 1 1 0 1 1 0 0 1 1 1 0 0 0 0 0 1 1 0 0 1 1 0 0 0 1 1 0 0 1 1 0 0 0 1 1 1 1 1 0 0 1 0 1 1 1 1 0 0 0 0 0 1 0 0 0 0 0 0 
0 1 1 1 0 1 0 1 0 1 1 0 0 0 0 1 1 1 0 1 0 0 0 0 0 0 0 0 0 0 0 1 0 1 0 0 0 0 1 0 1 0 0 1 0 0 0 1 0 1 1 0 1 1 0 1 1 0 1 0 1 1 1 1 0 1 1 0 1 0 
0 0 1 0 0 1 1 0 1 1 1 0 1 1 1 1 0 0 1 0 0 0 1 1 1 0 0 0 0 1 1 1 0 0 1 0 1 0 0 0 1 0 0 0 1 1 1 1 0 1 1 0 1 1 0 1 1 0 1 1 0 0 0 0 0 0 0 0 0 0 
0 0 0 1 0 1 0 0 1 0 1 0 1 0 1 1 1 0 1 1 0 1 1 0 1 0 0 1 0 1 0 0 1 0 1 1 0 0 1 1 0 0 1 1 1 1 0 0 1 0 1 1 1 1 0 1 1 0 0 1 1 0 1 0 1 1 0 1 1 1 
0 1 0 1 1 1 0 1 1 0 1 1 1 1 0 1 0 1 0 0 0 1 1 1 0 0 0 0 1 1 1 1 1 1 0 0 0 1 1 0 1 1 1 0 0 1 0 0 0 0 0 0 1 1 1 1 1 0 1 0 1 1 1 0 0 0 0 1 1 0 
1 0 1 0 0 1 1 0 1 1 0 1 1 0 1 0 1 0 0 1 1 0 0 0 0 0 0 1 1 1 1 0 1 0 0 0 1 1 0 0 0 1 1 1 1 0 0 0 1 0 1 0 0 1 0 1 0 1 0 1 0 1 0 0 1 0 0 0 0 0 
0 0 1 1 0 0 0 0 1 1 0 0 1 1 0 1 0 0 0 0 1 1 1 1 1 0 0 1 0 0 1 0 0 1 1 0 1 1 0 0 0 1 1 1 0 1 1 0 1 1 0 0 0 1 0 1 1 0 0 1 0 0 1 0 1 0 1 0 0 1 
1 0 0 0 0 0 1 1 0 0 0 0 0 1 1 0 0 0 0 1 1 0 1 0 1 0 1 0 0 1 1 1 1 0 1 1 0 0 0 1 0 1 1 1 0 1 1 0 1 0 1 1 0 0 1 1 0 0 1 1 1 1 0 1 1 0 0 1 0 1 
0 1 0 0 0 0 1 1 0 0 1 0 1 0 0 1 1 1 1 1 0 1 0 0 0 1 0 0 0 1 1 1 0 1 1 0 1 0 1 0 0 1 0 0 1 0 1 0 1 0 1 1 1 1 0 1 0 0 0 1 1 1 0 1 1 1 1 0 1 1 
0 1 0 0 1 1 1 0 1 0 1 1 0 0 0 0 0 1 0 0 0 0 1 0 1 0 1 1 1 0 0 1 1 0 0 1 1 1 1 0 1 0 1 1 1 0 1 1 1 0 1 1 0 0 1 1 1 0 0 0 0 0 1 1 0 1 0 1 0 0 
0 0 0 1 1 1 1 1 0 0 1 1 1 1 0 0 0 1 0 1 1 0 1 0 0 0 0 0 1 0 0 1 0 1 1 0 0 0 1 1 1 0 0 0 1 0 1 1 1 1 0 0 0 0 1 0 0 1 0 1 1 1 1 0 0 0 0 0 0 1 
