44 51 386
81 90 26 65 35 28 69 79 32 58 16 97 9 97 15 34 23 92 97 50 51 5 49 58 15 17 8 3 11 74 12 44 15 38 60 50 17 28 28 100 38 95 97 46 43 63 79 65 55 76 67 
57 32 15 66 46 83 25 48 94 98 12 89 65 49 100 14 17 27 93 16 64 39 64 62 33 27 40 97 33 67 15 89 99 30 54 96 12 79 96 57 28 7 97 44 7 96 57 23 75 1 38 
38 39 2 51 71 80 91 20 12 9 34 52 59 15 57 55 79 87 50 35 67 56 84 10 62 79 19 36 53 19 73 43 58 26 93 80 57 35 51 20 96 85 71 54 51 80 8 29 18 9 16 
84 16 99 46 29 29 64 64 82 82 89 76 91 66 20 23 23 55 73 42 50 57 65 55 60 44 63 88 61 23 3 97 39 53 42 67 82 57 83 15 90 71 90 81 88 9 3 10 15 27 52 
16 36 16 71 95 11 85 82 23 59 37 71 49 89 64 68 70 20 50 84 10 72 25 42 59 86 96 69 52 22 72 20 57 39 42 51 1 78 85 23 36 21 46 85 61 9 52 83 81 1 18 
42 24 43 83 82 80 78 2 31 51 25 50 8 63 43 10 15 20 94 90 56 66 35 40 27 95 43 9 75 95 78 16 18 20 98 51 51 27 5 34 78 29 83 37 44 78 46 58 97 92 47 
52 57 81 43 35 28 85 95 2 31 73 70 48 44 19 51 95 46 55 28 75 35 62 11 78 39 56 88 36 99 34 39 56 67 82 90 46 18 37 47 49 9 68 48 52 87 50 98 84 56 25 
58 91 39 20 20 77 27 59 64 26 45 3 81 11 36 22 56 5 58 54 5 18 22 5 70 60 54 67 43 62 44 52 52 82 71 23 10 97 34 74 74 78 28 6 40 63 28 47 19 37 100 
24 55 73 28 76 84 33 94 26 94 37 77 97 18 99 20 80 48 53 53 21 82 32 27 21 46 6 67 64 94 18 87 100 91 14 75 74 47 69 52 92 5 80 89 75 79 60 54 78 64 58 
98 45 89 76 65 86 33 31 49 27 48 36 26 90 1 53 16 99 21 19 91 77 98 31 3 28 90 56 5 53 65 55 97 5 82 61 90 15 43 39 93 42 26 18 84 78 22 51 29 42 69 
71 71 18 1 73 98 90 81 54 42 45 8 90 50 90 2 39 56 96 29 48 37 54 65 72 84 87 74 12 80 42 82 50 12 34 75 61 23 55 14 16 51 74 57 100 63 58 91 70 53 19 
17 41 25 33 65 8 71 38 71 51 32 4 52 43 37 78 55 59 32 68 26 83 41 82 34 55 91 76 24 95 47 40 35 71 25 51 30 95 89 52 97 20 55 1 14 91 78 68 1 62 87 
26 44 28 59 29 34 49 5 58 43 51 49 77 73 73 28 54 20 68 5 16 87 59 16 52 1 46 19 1 7 5 26 2 84 84 30 18 32 86 27 26 36 75 54 60 100 33 13 71 100 69 
86 86 79 54 89 79 51 7 79 57 64 56 10 47 91 39 64 74 77 90 99 64 17 53 24 68 85 88 38 85 57 75 22 35 80 11 66 30 69 44 38 32 52 47 31 42 38 94 16 14 36 
14 77 4 18 52 71 55 40 60 91 48 86 12 34 66 74 99 47 95 95 37 78 46 83 8 87 72 2 54 37 89 20 66 92 37 17 14 91 8 73 81 55 58 45 41 75 70 39 22 16 33 
10 94 78 92 1 17 16 54 70 52 42 89 17 85 26 86 98 68 93 22 1 100 80 45 40 6 66 30 79 82 63 88 75 92 32 27 8 47 81 30 50 74 18 67 59 95 52 8 63 96 30 
63 47 61 59 38 18 24 68 97 57 82 84 31 73 67 58 33 13 90 62 63 63 31 81 73 26 84 33 40 79 14 54 26 74 64 63 91 39 82 39 96 63 75 78 88 41 87 72 54 76 85 
68 91 15 100 15 92 83 47 31 13 60 36 90 85 99 53 28 38 86 66 85 49 40 62 88 33 49 59 38 24 43 5 66 9 56 81 1 38 27 31 50 39 19 40 75 17 44 54 6 81 20 
90 81 11 52 68 43 100 78 32 75 20 36 41 29 43 73 29 80 99 11 82 89 81 73 16 50 68 69 55 48 40 97 29 3 100 48 45 51 26 77 25 45 64 17 25 59 89 5 38 40 68 
71 80 48 43 95 97 62 64 4 10 3 100 90 5 51 37 2 1 62 30 25 59 45 94 35 3 82 40 93 21 59 63 1 58 58 47 7 19 10 10 80 65 61 69 21 11 58 74 11 19 3 
87 29 100 80 64 2 14 55 46 34 13 9 86 70 18 85 76 88 46 37 68 10 49 88 83 59 45 56 21 16 59 8 44 58 39 7 11 52 13 57 38 25 17 75 47 86 59 74 73 5 63 
40 66 11 80 48 70 24 4 42 91 14 1 35 23 40 93 33 43 6 41 80 82 9 55 80 94 65 54 67 21 16 58 87 78 89 86 99 65 89 41 55 2 41 89 76 32 34 61 75 91 1 
54 72 62 60 4 55 77 9 73 97 76 31 35 53 71 21 52 35 9 92 90 63 84 30 38 68 63 98 42 5 51 47 29 12 59 32 18 35 40 91 83 15 73 18 67 43 38 70 78 46 13 
67 60 97 48 50 16 63 99 57 67 49 55 95 12 13 78 30 99 17 20 82 83 92 99 50 86 36 71 63 33 84 81 93 32 29 94 47 91 92 3 57 41 9 4 52 22 81 33 20 98 4 
1 80 95 51 81 33 86 4 95 19 87 76 63 18 56 56 16 46 47 70 54 39 78 57 43 99 38 27 71 87 31 23 18 77 74 51 9 59 54 4 29 40 31 43 9 38 50 76 83 49 45 
36 87 22 45 81 73 82 8 95 20 38 17 37 14 42 39 75 53 92 78 81 83 60 76 43 97 25 18 31 73 62 18 12 36 62 92 8 95 51 2 14 40 70 3 6 64 41 80 16 85 9 
48 67 20 23 10 16 48 79 98 72 41 15 83 76 29 27 35 23 77 88 89 69 57 43 74 72 35 53 87 19 61 35 86 32 9 47 47 56 25 96 80 17 10 62 92 38 40 78 13 69 65 
53 37 74 95 10 45 29 14 32 48 26 18 85 57 26 83 55 34 59 50 13 76 11 26 19 1 66 97 13 86 13 65 22 86 11 83 31 39 48 14 38 73 31 74 81 8 56 35 41 15 36 
5 42 46 31 60 98 48 8 10 33 21 26 6 58 88 88 40 27 35 53 16 59 35 90 39 43 45 25 35 11 60 40 52 57 22 64 55 21 23 16 53 95 42 10 53 29 97 92 7 83 97 
23 93 83 12 31 77 8 55 64 19 14 3 22 22 76 37 76 96 12 92 100 6 85 9 10 65 57 54 72 91 2 46 83 84 9 13 13 16 19 76 86 84 30 60 5 5 96 81 52 7 24 
51 65 8 11 74 72 19 79 95 9 80 92 91 16 100 55 28 68 73 3 53 8 84 12 12 40 60 44 91 18 67 93 82 26 3 8 98 73 38 44 81 18 36 23 33 87 29 12 54 53 66 
7 60 49 70 71 88 81 67 78 99 33 22 32 59 76 91 8 48 29 3 80 46 90 2 30 77 30 41 30 34 6 88 93 6 10 15 93 90 81 22 40 66 43 72 76 18 62 83 17 42 37 
96 87 27 49 68 3 30 8 84 63 65 24 55 70 33 21 14 74 54 35 14 19 29 37 94 98 50 28 14 92 64 61 30 42 9 98 44 38 57 80 52 22 3 58 43 87 79 9 60 32 43 
25 2 24 61 47 73 11 26 39 2 89 99 31 83 60 80 26 49 37 57 1 10 59 58 52 45 36 60 5 19 55 81 20 30 42 18 2 4 43 40 5 84 91 87 66 50 19 43 98 55 100 
98 64 58 56 67 55 43 79 59 14 33 91 85 14 32 3 15 35 45 7 91 28 97 30 93 46 48 88 43 2 87 93 17 44 100 83 98 94 61 8 7 45 99 44 10 82 46 77 17 42 83 
59 22 31 88 66 28 87 53 70 40 39 14 56 83 13 91 32 7 3 92 65 100 90 8 9 23 5 85 39 47 19 50 20 49 89 85 28 76 38 50 67 76 63 75 10 28 65 94 86 19 85 
50 18 26 10 79 48 66 63 39 64 34 88 83 34 28 68 62 3 5 11 22 32 25 96 42 52 60 35 37 30 71 39 48 96 100 26 95 65 40 33 29 25 72 63 59 100 82 72 54 86 34 
75 70 58 70 11 10 81 97 46 63 67 36 10 14 35 87 8 100 78 41 80 3 64 94 13 15 76 36 69 13 69 95 82 26 17 44 87 49 92 85 11 58 20 72 23 55 58 31 6 88 23 
37 42 86 30 54 1 57 89 21 70 9 67 3 34 83 47 21 32 38 5 94 48 76 66 70 30 75 100 87 62 74 23 3 12 5 8 64 61 48 84 82 56 50 85 42 85 31 14 16 20 70 
9 67 45 26 89 27 1 40 13 14 14 36 69 77 92 76 40 52 76 75 34 83 24 18 76 60 100 89 27 71 10 36 90 55 13 78 81 13 69 93 27 34 80 95 10 23 22 49 75 49 23 
60 32 99 29 59 58 80 48 85 50 57 72 39 63 84 68 43 49 89 88 27 22 19 73 32 42 46 32 68 95 7 27 78 5 7 36 14 86 35 98 87 44 21 78 6 57 97 1 5 85 88 
83 7 58 55 90 99 100 73 66 46 79 44 23 83 50 59 97 87 93 46 74 88 19 51 94 75 99 94 31 84 33 13 42 90 19 83 89 70 55 6 16 34 50 38 68 51 48 16 38 93 62 
63 80 80 65 73 6 63 18 36 98 50 100 39 92 18 21 32 87 28 37 54 13 38 92 80 89 91 96 78 83 9 40 15 40 56 39 97 18 57 32 16 58 83 6 49 100 79 32 38 6 69 
92 70 58 35 49 98 25 96 75 60 56 66 74 47 21 64 43 91 20 26 58 30 8 63 30 59 41 62 97 98 30 40 67 39 74 68 37 50 15 63 9 71 29 34 69 1 98 64 43 69 89 
1 1 0 0 1 0 0 0 0 0 1 1 0 1 0 1 1 0 0 0 0 0 0 0 0 0 1 1 1 1 0 0 1 0 0 0 0 1 0 1 1 1 0 1 0 1 1 0 1 1 0 
1 1 0 1 1 0 0 1 1 0 1 0 1 1 0 1 1 1 1 0 0 0 1 0 0 0 1 0 1 0 0 0 1 0 0 0 1 0 1 0 0 0 0 1 1 1 0 1 0 1 1 
1 1 0 1 0 0 0 0 1 0 1 0 1 1 0 1 0 0 1 1 1 1 1 0 1 0 1 0 1 0 1 0 0 0 1 0 0 1 0 0 1 1 0 0 1 0 1 1 0 0 0 
1 0 0 0 1 0 1 1 1 1 0 1 1 0 0 1 1 1 0 1 0 1 1 0 0 1 0 0 1 0 0 1 0 0 1 1 1 0 0 0 1 1 0 1 1 0 0 0 0 0 1 
0 0 0 1 0 1 1 0 1 1 1 0 0 1 1 1 0 1 0 1 0 1 1 1 0 1 0 1 1 0 0 0 0 1 1 1 0 0 1 1 1 0 1 1 0 0 1 0 1 1 1 
0 0 0 1 0 0 1 1 1 0 0 1 0 1 0 1 1 0 1 1 0 1 0 1 1 1 0 0 0 1 1 0 1 0 0 0 0 1 1 1 1 1 1 0 0 1 1 0 0 0 1 
0 0 1 1 1 0 0 1 1 1 1 1 1 1 1 1 1 1 0 0 0 0 1 0 0 1 0 0 1 0 1 1 0 1 0 0 1 0 1 0 0 0 0 1 1 1 0 0 0 0 1 
1 0 0 1 1 1 1 1 0 0 1 1 0 0 0 0 1 0 0 0 0 0 0 1 0 1 1 0 0 0 1 1 0 0 0 1 1 0 1 0 0 0 1 0 0 1 1 1 0 1 1 
0 1 1 0 1 1 1 0 1 1 1 0 0 1 0 1 1 0 0 1 0 0 0 1 0 0 0 0 0 1 1 0 0 1 0 0 0 0 0 1 1 1 1 1 1 1 1 0 0 1 1 
0 0 1 1 0 1 1 0 1 0 0 0 1 1 0 1 1 0 1 0 0 0 1 1 1 0 0 1 0 0 0 1 0 0 0 0 1 0 1 1 0 1 1 1 0 1 0 1 0 1 1 
0 0 0 1 1 0 0 1 1 0 1 0 0 1 0 0 1 0 1 0 1 0 1 0 0 0 1 1 0 0 0 0 0 0 0 0 1 0 1 0 0 0 0 0 0 0 0 1 1 0 1 
0 0 0 0 1 0 1 0 1 0 1 1 0 1 1 0 0 1 1 0 1 0 0 1 0 1 0 1 0 0 0 0 0 0 0 1 0 0 0 1 0 1 1 0 0 0 1 1 0 0 1 
1 0 0 1 0 1 1 1 1 1 1 1 1 1 1 1 0 1 1 1 1 0 0 0 0 1 1 1 1 1 1 0 0 1 1 0 0 0 0 1 1 1 0 1 1 1 0 1 1 1 0 
0 1 1 0 1 0 1 1 1 1 0 1 1 1 1 1 1 1 1 0 1 1 0 0 0 1 0 1 0 1 1 1 0 0 1 1 0 1 0 1 0 0 1 1 1 0 0 0 1 0 0 
0 1 0 0 1 0 0 0 0 1 1 1 1 0 1 1 0 0 1 0 0 0 1 1 1 1 1 0 0 1 0 1 0 1 1 1 1 0 1 1 1 1 1 1 1 0 0 1 0 1 1 
0 1 0 1 1 1 0 1 0 0 1 1 0 0 0 0 1 0 1 1 0 0 0 1 1 0 1 1 0 0 0 0 0 1 1 1 0 1 0 0 1 1 1 0 0 0 0 1 0 1 0 
0 0 0 1 1 0 0 0 0 1 1 0 1 0 1 0 0 1 0 1 0 1 0 0 1 0 0 1 1 0 1 1 0 0 1 1 0 1 0 1 0 1 1 1 1 1 1 1 0 1 0 
0 1 1 1 0 1 1 1 0 1 1 0 1 1 1 1 1 0 1 0 1 0 0 0 1 1 0 0 1 1 1 1 0 0 0 1 1 0 0 0 1 1 0 1 0 1 0 0 1 1 0 
0 1 0 1 0 1 1 0 0 0 1 0 1 1 0 0 1 0 0 1 0 0 1 1 0 0 1 0 1 0 1 0 1 1 1 1 1 0 1 1 0 1 1 1 0 0 1 1 0 0 0 
0 0 1 1 0 1 0 1 1 0 0 1 1 1 0 0 0 0 0 0 0 1 1 0 1 1 1 1 0 1 1 0 1 1 0 0 0 0 1 1 1 1 0 0 0 0 1 1 0 1 1 
1 0 0 1 1 0 0 0 0 0 0 0 1 1 0 1 1 1 0 1 0 1 1 0 0 0 1 1 0 0 0 1 0 0 0 0 0 1 0 0 1 0 1 0 1 1 0 1 0 0 0 
0 0 1 1 0 1 0 1 0 1 1 1 1 1 0 1 0 1 0 0 0 0 1 0 0 1 0 1 1 1 1 0 1 0 1 1 0 1 0 0 0 1 1 0 0 1 1 0 0 1 1 
0 0 0 1 0 1 1 1 1 0 0 1 1 0 0 0 0 1 0 0 0 1 0 0 0 1 1 0 0 1 1 0 1 0 1 1 1 1 0 0 1 0 1 1 0 1 1 1 1 0 1 
1 1 1 1 1 1 0 0 1 1 1 1 0 1 1 1 1 0 1 1 1 1 1 0 0 0 0 1 1 0 0 0 1 0 1 1 1 0 1 0 1 0 1 0 0 0 1 1 0 1 0 
0 0 1 0 0 0 0 1 1 0 0 0 0 0 1 1 1 1 0 1 1 0 0 1 0 1 0 1 1 1 0 1 0 1 0 0 1 0 0 1 1 0 1 1 0 0 0 1 0 0 0 
1 0 0 0 1 1 0 0 1 0 0 0 0 0 0 0 1 1 0 0 0 0 1 1 0 0 1 1 0 1 1 1 1 0 1 0 1 1 1 0 1 1 1 1 1 1 0 1 0 0 1 
0 1 1 1 1 1 0 1 1 1 0 0 1 0 1 1 0 0 0 0 0 0 1 1 1 1 1 0 1 0 0 0 1 1 1 0 0 0 1 1 1 0 1 0 0 0 0 0 0 0 1 
0 0 0 0 0 1 1 0 1 1 0 1 0 1 0 1 1 0 0 0 0 0 1 0 1 1 0 1 0 1 0 0 1 1 0 1 0 0 0 1 1 0 0 0 0 1 1 1 1 1 0 
1 0 1 0 1 1 0 0 1 1 1 1 1 0 0 0 0 0 0 0 1 1 0 1 1 1 0 0 1 0 0 0 0 0 0 1 1 1 1 0 0 0 1 1 0 1 0 1 1 0 1 
1 1 1 0 0 1 1 1 0 1 1 0 1 1 1 0 0 0 1 0 0 0 0 0 0 1 0 1 1 0 0 0 0 0 0 0 1 1 1 1 0 1 1 1 0 0 1 1 0 1 1 
1 1 1 1 1 1 1 1 0 1 1 0 1 1 0 0 0 0 1 1 0 0 1 0 1 1 1 0 0 0 1 1 1 1 0 1 0 1 0 0 0 1 0 0 1 0 0 1 0 1 1 
1 0 0 1 1 1 0 1 1 1 0 0 0 1 0 1 1 1 1 1 0 1 1 0 0 0 0 1 0 1 0 1 1 0 0 0 0 1 1 1 0 0 0 0 1 0 0 1 0 1 0 
0 0 0 0 0 0 0 0 0 1 0 0 1 1 0 1 1 1 1 0 1 1 0 0 0 1 0 1 1 1 0 1 0 0 1 0 0 1 0 0 0 1 0 1 0 1 1 1 0 0 1 
0 1 0 0 1 1 0 1 0 1 1 1 1 1 0 0 1 1 0 1 1 1 0 1 1 1 0 0 1 0 0 1 1 0 1 0 1 1 1 1 1 0 0 0 1 0 0 0 1 1 0 
0 0 0 1 0 1 1 0 0 1 0 0 0 0 1 1 1 1 0 0 0 1 0 0 0 0 1 1 1 0 1 0 0 1 1 0 0 1 1 0 0 1 0 1 0 0 0 1 1 0 0 
1 1 0 1 0 1 0 1 0 0 0 0 1 1 0 1 1 1 0 1 1 0 0 0 0 0 0 1 1 1 1 0 0 0 1 0 1 0 1 1 0 1 0 1 0 0 1 1 1 1 1 
0 1 1 1 1 1 1 1 0 0 0 0 1 0 1 1 1 1 1 1 0 0 1 1 1 1 0 0 0 0 1 0 1 0 1 1 1 1 0 1 1 0 1 0 1 1 0 0 0 1 1 
0 1 0 0 0 1 0 1 1 0 0 0 0 1 1 1 0 0 1 0 0 1 1 0 0 0 0 1 1 1 0 1 1 1 1 1 0 0 0 0 0 1 0 0 0 1 1 0 0 0 0 
0 0 0 0 0 0 1 1 1 0 0 1 1 1 0 1 1 0 1 1 1 0 1 1 0 1 1 1 1 1 1 1 1 1 1 0 0 0 1 1 1 1 0 0 0 1 1 0 1 1 1 
0 1 1 0 0 0 1 1 1 0 0 0 0 0 1 0 0 0 1 1 1 1 0 1 1 1 1 1 0 0 1 1 1 0 1 1 0 0 0 1 0 1 1 0 1 0 0 1 0 0 0 
1 1 0 1 0 1 0 0 0 0 1 1 1 1 0 1 1 0 1 0 0 0 1 1 1 1 1 0 0 1 1 1 0 1 0 1 1 0 1 1 0 0 0 0 1 0 1 0 0 0 0 
0 1 1 1 0 0 1 1 0 0 0 0 1 1 0 0 0 1 1 1 1 1 1 1 0 1 0 0 1 1 0 0 0 1 1 0 1 0 1 0 1 1 0 0 1 0 0 1 1 1 1 
1 0 0 0 0 0 1 0 1 0 0 1 0 1 1 0 0 1 0 0 0 1 0 0 0 1 0 0 0 1 1 1 1 1 0 1 1 1 1 1 1 1 0 1 0 1 1 1 1 1 1 
1 1 0 0 1 1 0 1 1 0 0 1 1 0 1 1 1 0 0 0 1 0 1 0 0 0 1 1 1 1 1 1 0 1 1 1 0 1 1 1 1 1 0 1 1 1 0 1 1 0 1 
