55 55 2858
61 100 49 48 31 21 38 54 84 44 69 50 19 17 98 7 83 75 53 92 51 88 88 58 57 95 40 95 55 1 80 67 100 28 67 31 100 4 84 83 99 4 85 69 72 34 76 54 9 80 97 11 67 84 20 
75 30 59 22 36 60 1 3 11 28 21 93 79 76 29 62 74 84 98 42 56 83 17 61 43 97 58 6 15 93 25 42 23 36 63 10 47 15 12 9 94 84 2 72 59 30 85 32 65 82 74 20 17 42 81 
11 90 90 16 57 82 93 50 56 28 12 18 74 78 81 34 71 65 35 42 23 16 27 55 81 60 80 52 76 73 84 87 15 73 2 71 7 94 20 14 73 83 31 98 60 12 32 30 76 18 71 50 34 49 4 
66 9 35 69 84 60 53 22 74 25 76 96 83 69 15 97 94 49 79 91 8 90 74 89 17 92 11 67 77 60 22 42 68 57 10 3 68 14 25 41 39 100 36 73 20 2 21 65 50 100 56 9 41 29 49 
10 20 59 76 96 70 49 89 89 57 51 44 24 64 20 64 54 19 99 79 90 100 99 55 1 98 62 9 91 90 57 100 62 68 75 9 89 75 50 78 32 52 73 55 67 92 19 73 62 69 51 51 21 49 57 
21 99 18 30 89 60 38 40 73 57 66 33 46 40 82 75 71 85 47 26 52 38 96 24 99 64 74 1 36 74 58 57 24 27 38 12 86 75 3 10 84 68 43 29 8 76 3 78 61 1 55 12 38 2 87 
88 18 60 88 53 85 97 9 9 24 98 72 61 73 75 71 56 42 13 36 49 40 90 79 100 90 85 11 27 87 97 66 56 8 5 8 93 2 69 53 77 66 24 37 90 98 59 97 92 71 32 92 11 21 22 
62 62 7 73 40 45 21 5 100 81 10 7 25 11 27 77 87 93 52 75 82 2 34 79 93 56 62 36 18 83 58 80 44 16 4 84 60 76 40 11 56 49 69 32 11 96 8 97 88 12 24 69 13 57 99 
57 12 61 92 30 95 1 61 90 16 64 25 27 39 65 37 47 13 6 78 24 53 38 72 40 49 47 60 13 3 59 69 67 71 12 48 65 65 8 54 80 23 79 59 13 43 47 59 7 52 89 82 4 26 6 
95 26 52 55 38 7 65 58 73 35 69 20 99 33 79 4 65 1 82 23 65 76 69 76 35 73 64 68 28 41 73 75 66 77 29 55 83 45 12 7 79 32 78 29 17 56 32 81 8 66 55 24 93 75 99 
27 99 14 95 79 54 19 53 71 95 33 25 29 77 88 35 55 20 64 83 36 19 66 68 78 31 22 2 76 48 52 2 47 66 48 25 19 67 29 42 13 61 66 42 37 6 28 43 77 92 77 64 62 94 31 
92 25 4 45 52 51 96 53 97 61 53 73 80 71 1 73 83 61 90 76 49 95 4 43 71 47 71 34 8 65 16 51 41 19 95 92 22 91 96 70 51 48 43 82 18 95 54 53 8 44 28 56 90 83 51 
61 29 21 46 89 37 14 39 77 84 34 20 5 24 16 75 26 15 69 8 33 63 13 37 70 8 64 78 98 47 80 58 75 52 55 15 89 20 54 17 4 39 37 8 14 4 34 39 18 2 98 2 17 11 38 
38 18 54 15 15 100 46 24 26 98 31 41 38 50 94 54 5 32 42 13 45 45 98 35 15 52 33 68 68 95 58 5 64 63 72 31 62 69 6 39 66 88 79 3 90 24 9 94 7 50 58 3 47 56 38 
13 7 22 32 26 68 41 30 31 3 53 13 16 22 71 55 39 58 33 42 47 9 2 41 15 51 98 18 97 5 7 61 11 80 93 36 47 33 18 29 36 22 94 3 95 64 57 34 21 42 27 20 50 28 12 
16 30 61 85 27 66 91 39 76 22 31 64 20 16 33 1 3 54 94 5 49 9 62 34 81 55 12 100 4 39 11 19 68 24 4 46 89 46 85 16 68 67 79 39 82 11 39 84 17 32 89 17 40 2 50 
21 56 61 72 11 51 35 29 70 58 84 68 46 30 52 61 49 70 92 39 52 54 78 87 70 9 27 86 1 28 87 73 35 99 44 45 49 30 26 71 87 9 38 32 90 41 45 90 10 36 29 13 41 6 100 
11 66 26 48 18 6 87 42 40 85 38 37 86 67 62 8 54 22 45 37 64 85 81 53 46 68 33 59 9 90 58 71 56 35 70 25 92 8 67 84 45 4 20 82 70 33 89 75 54 33 12 69 69 44 22 
14 64 54 24 24 96 33 94 51 68 15 27 11 23 93 94 67 48 13 48 18 97 36 92 3 20 55 71 88 99 44 53 62 50 77 85 45 9 30 95 28 96 73 39 18 66 84 84 65 49 83 82 45 70 26 
47 89 32 70 28 30 13 33 43 62 9 79 6 69 60 52 49 56 25 39 73 42 22 9 6 70 43 40 67 13 17 13 53 48 34 81 30 47 13 24 8 73 3 66 93 14 17 93 69 41 31 94 82 5 54 
40 74 48 79 40 60 95 5 13 42 90 45 71 36 9 47 96 33 49 61 77 14 77 70 83 70 52 28 51 56 33 42 82 80 20 73 92 66 29 56 60 19 100 82 54 60 28 49 92 76 9 20 42 38 89 
24 7 93 3 9 48 87 51 29 66 22 54 9 88 82 64 47 100 15 28 6 74 56 54 17 83 15 37 24 4 77 99 10 69 53 70 17 39 20 97 57 94 2 65 81 84 81 79 83 95 58 88 69 65 94 
85 48 60 73 23 63 50 74 24 70 78 93 86 69 65 35 25 58 88 41 90 71 21 68 6 16 25 45 36 90 90 72 89 49 45 63 63 46 36 38 15 66 83 53 34 47 39 58 56 26 50 45 97 71 64 
54 86 88 98 73 29 88 44 69 88 88 32 3 85 19 40 100 84 74 52 17 72 90 26 27 15 76 23 63 46 86 16 83 26 66 55 54 53 50 75 40 90 6 94 74 24 34 73 60 59 76 28 31 17 54 
57 32 29 80 46 26 65 14 60 90 79 66 96 31 15 70 22 4 27 16 30 2 1 2 61 59 30 89 41 46 94 98 29 74 29 75 51 93 40 10 35 18 27 82 100 93 3 21 49 29 88 78 30 40 31 
91 51 60 31 91 6 76 88 34 49 68 60 99 61 99 60 47 16 86 28 15 78 82 88 78 10 27 55 39 67 86 81 69 97 63 59 2 38 99 88 86 66 47 36 78 46 95 76 13 80 55 80 10 36 67 
87 45 93 94 84 11 31 16 79 27 79 90 29 68 88 16 6 5 14 41 83 11 36 58 24 67 13 3 28 100 21 67 45 65 60 80 28 90 95 6 16 25 47 96 45 34 63 50 91 77 90 25 39 25 82 
62 44 46 16 71 98 88 37 42 53 96 21 80 37 67 37 53 44 84 100 88 69 63 37 11 91 78 35 29 55 69 43 98 66 58 68 63 46 57 4 50 4 76 81 41 95 17 45 38 52 44 77 73 58 65 
83 48 42 18 77 96 86 71 93 51 28 13 14 25 21 69 26 76 45 6 16 39 75 12 28 26 8 4 50 65 68 33 65 9 2 93 57 39 63 1 89 90 13 54 67 85 23 92 61 19 50 28 9 24 40 
36 1 99 39 51 15 58 35 79 18 88 71 74 26 33 75 66 75 39 72 93 76 46 36 36 64 85 63 72 8 54 7 9 4 97 11 19 54 97 49 23 84 20 97 9 4 23 26 30 13 97 74 88 42 10 
75 5 94 90 28 54 43 86 14 99 82 24 17 87 20 65 10 55 36 58 15 92 32 40 73 44 37 47 84 78 56 58 83 1 47 10 6 42 48 19 40 29 94 8 68 65 72 29 19 60 38 33 51 69 73 
23 64 9 21 47 86 28 57 20 81 55 82 86 96 29 5 87 9 98 94 76 63 18 4 33 77 93 66 79 61 90 53 77 98 74 23 35 53 31 55 33 86 88 19 33 16 75 20 24 24 13 52 38 82 7 
71 58 100 88 88 12 77 41 88 26 66 11 60 70 93 66 3 78 53 73 63 20 47 82 44 22 46 47 60 28 53 82 37 4 69 25 16 97 17 3 22 34 65 33 3 58 99 57 87 3 29 49 23 27 82 
18 49 28 64 8 7 68 89 43 72 9 19 87 5 35 41 26 20 6 58 75 15 8 31 53 11 60 2 85 38 35 2 86 62 17 45 68 84 85 63 7 93 81 45 97 68 86 22 87 43 32 13 57 39 44 
9 1 55 62 85 92 97 38 30 10 54 74 30 90 59 44 48 51 24 45 100 43 82 73 82 24 4 94 32 95 89 92 47 43 54 84 87 2 21 16 63 27 41 44 68 99 87 67 2 63 11 1 5 92 73 
86 67 29 80 98 75 68 90 21 63 95 4 49 48 77 16 10 55 56 6 22 7 92 88 60 54 51 60 11 42 84 96 61 64 27 58 38 47 99 11 61 93 14 61 40 42 76 2 96 83 7 69 89 50 57 
100 4 59 59 66 52 95 13 12 10 40 70 48 38 20 58 98 13 23 10 4 17 85 5 12 19 63 81 60 13 89 59 68 47 18 33 50 64 45 62 73 36 83 72 25 2 81 74 66 56 83 22 72 67 26 
35 38 41 67 97 53 55 55 72 53 24 4 3 87 100 16 12 88 98 35 12 51 16 86 17 71 68 38 94 87 15 80 24 7 47 20 11 1 26 82 6 50 37 60 88 37 75 99 76 24 34 87 74 1 24 
42 23 44 31 16 30 46 95 5 4 41 76 15 94 1 96 51 50 33 10 90 21 36 88 48 59 73 34 84 73 10 26 95 53 56 62 34 53 57 90 57 49 65 71 94 17 18 96 19 2 57 8 74 92 47 
21 50 20 7 34 92 16 11 39 20 66 100 53 71 8 94 79 9 10 1 54 26 18 50 96 72 6 55 45 98 2 18 99 73 24 84 16 91 94 54 10 12 54 14 82 13 7 60 21 68 60 75 45 29 24 
41 100 81 47 45 78 100 62 29 72 37 12 88 27 58 41 88 69 46 53 2 59 11 61 79 78 72 5 22 100 28 62 100 61 61 96 38 60 9 18 32 45 30 19 23 39 11 62 7 9 14 8 67 24 20 
97 1 91 2 22 42 81 36 93 41 96 40 31 55 48 100 38 44 81 8 18 19 19 79 25 79 92 84 97 67 55 93 19 97 46 41 39 79 28 31 71 75 23 53 81 70 53 19 66 33 26 83 52 96 14 
28 26 57 64 22 24 18 15 42 15 12 34 5 90 61 35 13 87 57 65 68 79 17 86 44 2 63 78 53 11 91 32 36 48 95 58 23 65 24 64 79 87 50 83 77 62 69 41 49 78 5 16 8 74 53 
3 75 67 80 79 29 23 10 65 70 57 74 44 21 49 7 51 35 56 33 63 70 53 3 18 82 60 33 89 33 37 91 7 3 23 85 84 45 94 100 66 2 25 9 22 73 67 72 59 75 56 22 44 61 76 
61 42 35 45 31 67 33 73 25 87 95 9 70 91 55 69 56 56 93 16 78 17 83 1 76 9 57 49 52 17 24 64 10 11 8 92 29 40 65 54 26 11 14 48 54 20 16 61 76 9 77 5 25 11 57 
52 71 13 100 22 81 76 85 43 38 44 34 66 35 50 71 12 13 37 59 66 56 75 78 83 35 6 87 11 68 44 63 38 8 14 59 41 89 95 83 26 90 68 44 24 70 66 36 82 2 46 99 10 72 76 
92 58 82 31 69 49 26 83 87 85 96 97 25 37 44 59 14 33 79 9 57 48 75 44 29 28 41 27 37 13 54 81 70 87 63 90 88 88 72 26 72 20 22 49 56 65 7 21 98 37 30 6 84 4 1 
12 83 41 90 72 5 96 4 27 82 66 16 69 53 40 94 24 11 68 72 18 32 31 38 81 67 67 38 51 22 38 14 57 31 56 28 35 51 31 61 84 96 29 5 100 20 98 23 30 17 47 47 1 29 36 
81 95 55 19 97 76 8 63 84 38 70 11 25 72 93 37 55 88 65 59 87 84 9 62 65 77 60 63 77 88 99 58 34 53 28 83 80 87 45 64 77 14 74 1 37 19 89 91 58 54 2 45 89 62 58 
6 38 17 68 15 56 66 24 89 18 3 71 98 89 67 13 17 80 86 17 68 56 6 11 14 11 64 10 51 25 67 56 14 35 24 80 90 41 55 30 11 57 1 8 98 67 72 14 99 9 83 66 65 40 76 
78 2 39 87 52 15 5 60 81 39 35 12 80 75 67 9 85 75 9 44 72 28 15 38 26 24 20 43 88 11 71 17 12 61 3 63 76 7 74 8 97 8 19 76 35 37 36 71 12 97 67 35 24 33 24 
1 56 95 95 95 5 65 63 16 26 65 31 53 23 4 12 71 64 30 46 50 19 34 72 82 30 38 68 5 71 92 5 78 86 99 25 43 16 87 58 41 4 40 45 26 96 56 49 59 37 46 60 7 79 31 
88 8 21 56 12 91 99 68 20 36 19 44 78 34 31 36 26 86 75 70 11 70 77 11 80 65 57 91 72 35 74 59 95 94 66 6 36 64 26 55 52 44 51 29 77 33 16 54 18 43 23 80 64 51 91 
96 15 47 38 86 81 11 97 75 56 62 33 91 78 58 98 29 53 48 9 81 32 77 34 49 19 8 28 82 58 18 29 24 16 67 10 97 77 58 23 85 71 7 75 100 16 24 80 68 23 89 48 54 65 33 
2 35 40 82 16 97 51 97 21 67 63 82 15 91 39 89 75 61 96 2 61 63 25 40 31 100 28 30 53 44 63 7 78 54 88 46 51 90 42 23 56 56 56 22 46 46 11 73 6 58 74 66 20 50 6 
1 0 0 1 1 0 1 1 1 0 0 0 0 1 1 0 1 0 1 0 0 0 0 0 0 1 1 1 1 0 0 0 1 1 1 0 1 0 1 0 1 1 1 1 0 0 0 1 1 1 0 1 0 0 1 
0 0 0 1 1 0 0 1 1 1 1 1 0 1 0 0 0 1 1 0 0 0 0 1 1 1 1 0 1 0 1 1 0 1 1 1 1 1 0 1 0 1 0 0 1 1 0 1 0 0 1 0 0 1 0 
1 1 1 1 0 1 0 0 1 1 1 0 0 0 1 1 0 0 0 0 1 1 0 1 1 0 0 0 0 0 0 1 1 1 0 1 1 0 1 0 1 0 1 0 0 0 1 0 0 1 0 0 0 1 1 
0 1 1 0 0 1 0 1 0 1 0 0 0 0 1 1 0 0 0 0 0 0 1 1 0 1 1 0 1 0 1 1 0 1 1 0 0 1 1 1 1 1 1 1 0 0 0 0 0 0 0 1 0 1 0 
1 0 1 1 0 0 1 1 0 0 1 0 0 0 1 1 1 1 0 1 1 1 1 1 1 0 1 0 0 0 0 1 1 0 1 1 0 0 0 0 0 1 0 0 0 1 0 1 0 0 0 1 1 0 0 
1 0 1 1 0 0 0 0 1 0 1 0 0 1 0 0 1 0 0 1 0 1 1 1 0 0 0 1 1 0 0 0 0 1 0 0 1 0 0 0 0 1 0 0 0 1 0 1 1 0 1 1 1 0 0 
1 0 0 1 0 0 1 0 0 0 0 1 0 0 1 0 0 1 1 0 1 0 0 1 1 0 0 0 0 0 0 1 1 1 0 1 1 1 1 0 0 0 1 0 0 0 0 1 1 1 1 1 1 0 0 
0 0 0 0 0 0 1 0 1 0 0 0 1 0 0 1 0 0 0 0 0 1 0 1 0 0 1 1 1 1 1 0 1 1 0 0 0 1 0 1 1 0 0 1 0 0 0 0 0 1 0 0 0 1 0 
0 1 1 0 0 0 1 0 1 1 1 1 1 0 1 0 0 0 0 1 0 0 1 1 0 0 1 1 0 0 1 1 1 0 1 0 0 0 0 1 1 1 1 0 0 0 1 0 0 1 1 1 0 0 0 
0 1 1 1 1 0 0 0 1 0 1 1 0 0 0 0 1 1 1 0 1 1 1 1 0 0 0 1 0 1 1 1 0 0 0 1 0 1 0 0 1 1 1 0 1 1 0 1 1 1 1 0 0 0 0 
0 0 0 1 1 1 0 0 1 1 0 1 1 1 1 1 1 0 1 1 0 0 1 1 1 0 0 0 0 0 0 1 0 0 0 1 0 1 1 1 0 0 0 1 1 1 1 0 0 0 1 0 0 0 1 
0 0 1 0 1 1 0 0 1 0 0 1 0 1 0 0 1 0 0 1 0 0 0 0 0 0 0 0 0 0 1 0 1 0 0 0 1 0 0 0 1 0 1 1 0 0 1 1 0 0 0 0 0 0 1 
0 0 1 0 1 1 1 1 0 1 0 0 0 0 0 0 1 1 0 1 1 0 0 0 0 0 1 1 0 1 0 0 0 1 0 1 0 1 0 1 0 0 1 0 1 0 1 0 1 1 1 0 1 0 0 
1 0 1 0 1 1 0 1 1 1 0 0 0 1 0 1 0 1 0 0 0 0 1 0 1 0 0 1 1 0 0 1 0 1 1 1 0 0 1 1 1 1 1 1 0 0 0 0 1 1 1 1 1 0 1 
1 1 1 0 0 1 0 1 0 0 1 1 0 1 0 0 0 1 1 0 0 1 0 0 0 1 1 1 1 0 1 0 1 0 0 1 0 1 1 0 1 0 1 1 1 0 1 1 1 1 1 1 0 0 0 
1 1 1 0 0 1 1 0 0 0 1 0 0 0 1 0 1 1 1 0 0 1 0 1 1 1 1 0 1 1 0 0 0 0 1 1 1 0 1 0 0 0 0 0 0 1 0 1 0 0 0 0 1 0 1 
0 1 0 1 0 1 1 1 0 1 0 1 1 0 0 1 1 1 1 1 1 0 0 1 0 0 1 0 1 1 1 0 0 0 1 0 1 0 1 1 0 1 0 1 0 1 0 1 0 1 0 1 1 0 0 
1 0 1 1 0 0 0 0 0 0 1 1 0 1 0 1 1 0 0 0 0 1 0 1 1 1 1 0 0 0 1 1 0 0 0 0 1 1 0 1 1 1 0 1 1 1 1 0 1 1 1 1 0 1 0 
1 1 1 1 1 1 0 1 0 1 1 0 0 0 1 1 0 0 0 1 1 1 0 0 0 1 1 1 1 0 1 0 1 0 0 1 0 0 0 0 1 1 0 1 0 1 1 0 0 1 1 1 0 0 1 
0 1 0 1 1 1 0 1 0 0 1 1 0 0 1 0 1 1 1 1 1 0 0 1 0 1 0 0 1 0 1 1 0 0 0 1 1 0 0 1 0 0 1 1 0 0 1 1 1 0 0 0 1 0 1 
1 1 0 1 0 0 1 1 0 1 1 1 0 1 0 1 0 0 0 1 0 1 0 1 0 1 0 1 0 0 0 1 0 0 1 0 1 0 0 1 1 1 1 1 1 1 0 1 1 1 0 1 0 0 0 
0 1 0 1 1 1 0 1 1 0 0 1 1 0 1 1 1 1 0 0 0 1 0 1 0 1 1 1 1 1 1 0 1 0 1 0 1 1 1 0 0 1 1 1 1 1 0 0 0 0 0 0 1 1 1 
1 0 0 0 0 1 0 0 0 0 1 1 1 1 0 1 1 0 0 0 1 1 1 0 1 1 0 1 1 1 0 0 0 0 1 0 0 1 0 0 1 1 1 0 0 0 1 1 0 1 0 1 1 1 1 
0 0 0 0 1 1 0 0 1 1 1 1 1 0 1 1 1 1 1 1 1 1 0 1 1 1 1 0 0 0 0 1 0 0 1 0 1 1 0 1 0 1 0 1 1 0 1 0 1 0 1 0 1 1 1 
0 0 0 0 1 0 0 0 1 0 1 1 0 0 1 1 1 0 1 0 1 1 1 1 0 1 0 1 0 1 0 0 1 1 1 0 1 1 0 0 0 1 1 0 0 0 1 1 0 0 1 1 0 1 0 
0 0 0 1 1 1 0 1 1 1 0 1 0 0 0 1 0 1 0 0 1 1 1 0 1 1 0 1 1 1 1 0 1 0 1 0 1 1 0 0 0 0 0 1 0 0 0 0 1 0 0 1 1 1 1 
1 1 1 0 0 0 1 0 0 1 0 0 1 1 0 1 0 1 1 1 1 1 1 0 1 1 0 0 1 0 1 0 1 1 0 1 1 1 0 1 1 0 0 0 1 0 1 1 1 1 0 1 0 1 1 
1 1 1 1 0 1 1 0 0 0 0 0 1 1 0 1 0 0 1 0 1 1 0 1 1 1 1 0 1 1 1 1 0 0 0 0 0 1 0 0 1 0 0 1 1 0 0 0 0 1 0 0 0 0 1 
1 1 0 1 1 1 0 0 1 1 0 1 1 0 1 1 1 1 0 0 1 0 0 1 1 1 1 1 0 0 0 1 1 0 1 0 0 1 0 1 0 1 1 1 1 0 1 0 0 1 1 1 1 1 0 
0 1 1 1 1 1 1 0 1 0 1 1 0 1 0 1 1 1 0 1 0 1 0 0 1 1 1 0 0 1 0 1 0 1 0 1 1 0 1 0 0 1 1 0 0 1 1 1 0 0 0 0 1 0 1 
0 1 0 0 0 1 0 1 1 1 1 0 0 1 0 0 1 1 0 1 1 1 1 0 0 1 1 0 0 1 1 0 1 0 0 1 1 0 0 1 1 1 1 0 1 1 0 0 0 0 0 1 0 1 0 
0 0 1 0 0 0 0 0 1 0 0 0 1 0 0 0 1 0 0 1 1 1 0 1 0 0 1 1 0 0 1 0 0 0 1 0 1 1 0 0 1 0 1 0 0 1 1 0 1 1 1 0 0 1 0 
0 0 1 0 0 0 1 1 0 0 0 1 1 1 1 1 0 0 0 0 0 0 1 0 1 0 0 0 1 1 0 1 1 1 1 0 1 1 1 0 1 1 1 0 0 0 1 0 0 0 0 1 0 0 1 
1 0 1 1 1 1 1 1 0 1 0 0 0 1 1 0 0 0 1 0 0 0 0 0 0 0 1 1 0 1 1 1 1 0 1 1 1 0 0 0 1 0 0 0 0 0 0 0 0 0 1 1 0 1 1 
0 1 0 0 1 1 1 0 1 1 1 0 1 0 0 1 1 0 1 1 0 1 0 1 0 0 0 1 0 1 0 0 0 1 0 1 0 1 1 1 1 1 1 0 1 1 1 0 0 0 0 0 0 0 1 
0 0 1 1 0 0 1 0 0 0 1 1 1 0 1 0 1 0 0 1 1 1 0 1 1 1 1 0 1 1 1 1 1 1 0 1 1 1 0 0 0 1 1 1 1 0 1 1 0 1 0 1 1 1 1 
0 0 0 0 1 0 0 0 1 1 0 1 0 1 1 0 1 0 0 0 1 0 0 0 1 1 1 0 0 0 1 1 0 0 1 1 0 1 1 1 0 1 0 1 0 1 1 0 1 1 0 1 0 0 1 
1 0 0 1 0 0 1 1 0 1 1 1 1 0 0 0 1 1 1 0 0 0 1 0 0 1 0 1 1 1 0 0 1 1 1 1 1 0 1 0 1 0 1 0 0 0 1 1 1 0 1 1 0 1 1 
0 0 0 1 1 1 0 1 0 1 0 1 0 1 0 0 0 0 0 1 1 0 0 0 1 0 0 1 0 1 0 1 1 0 0 0 1 0 1 1 1 1 1 0 0 1 0 1 0 0 0 1 0 0 1 
0 0 1 1 0 0 1 1 1 0 0 1 1 0 0 1 0 0 0 0 0 1 0 1 1 1 1 0 1 1 0 1 1 1 0 0 0 0 1 1 0 1 1 1 0 1 0 0 1 0 0 0 0 0 1 
1 1 1 0 1 0 0 0 0 1 1 0 1 1 1 1 1 1 0 0 1 1 1 1 1 1 1 1 1 1 0 1 1 1 1 0 0 1 0 0 0 1 0 0 0 1 1 1 0 1 0 1 0 1 0 
1 0 1 0 0 1 1 1 0 0 0 0 0 1 0 0 1 0 0 1 0 0 0 0 0 1 0 0 0 1 0 1 1 0 0 1 1 1 0 1 1 0 1 0 1 1 0 1 1 1 0 0 1 1 0 
1 0 0 1 0 1 0 0 0 0 0 0 1 1 0 0 0 1 1 0 0 0 1 1 0 0 0 0 1 1 0 0 1 0 0 0 1 0 0 1 0 0 1 1 1 0 1 1 1 0 0 1 0 1 1 
0 1 1 0 0 0 0 0 1 0 0 1 1 0 1 1 0 1 0 1 0 0 0 0 1 0 0 1 1 1 0 1 0 1 0 0 1 0 0 0 1 1 0 0 1 1 1 0 1 0 1 1 0 0 1 
0 0 1 1 1 0 1 1 0 0 1 0 1 1 1 1 0 0 1 1 1 1 0 1 0 0 1 1 1 1 1 1 1 0 0 1 1 1 0 1 1 1 0 0 0 1 1 1 1 1 0 0 0 0 0 
0 1 1 1 0 0 0 1 1 1 1 0 0 0 0 1 1 1 1 1 0 0 0 1 1 1 1 0 1 1 0 1 0 1 1 0 1 1 1 0 0 0 1 0 0 1 0 1 1 1 0 1 0 1 0 
1 0 1 1 0 0 1 1 1 0 0 1 1 0 1 0 0 1 1 1 0 0 1 1 1 0 0 0 0 1 0 0 1 1 1 1 0 1 1 1 1 1 0 1 1 1 1 0 1 0 1 1 0 0 0 
0 0 0 0 1 1 1 1 1 0 0 0 0 1 1 1 1 1 0 0 0 1 1 0 0 1 1 1 1 1 0 1 0 0 0 1 0 1 0 1 1 0 1 0 0 1 1 1 0 1 1 0 1 0 1 
1 1 0 1 0 0 1 0 0 1 0 1 1 1 1 0 0 1 0 0 1 1 0 0 1 1 1 1 0 1 0 0 0 1 1 1 1 0 1 1 1 1 0 1 0 1 1 0 0 1 1 0 0 1 0 
1 0 0 1 1 1 1 1 0 0 0 1 1 0 0 0 1 1 0 0 1 1 0 1 0 1 0 0 0 1 0 1 0 0 0 1 0 0 0 0 0 0 1 0 0 1 0 1 0 1 0 1 0 0 0 
0 1 1 0 1 0 1 1 0 1 1 1 1 1 1 1 0 1 0 0 1 1 0 1 1 1 1 0 0 1 1 0 0 0 1 0 0 0 1 1 1 0 0 1 0 0 0 0 1 1 0 1 0 0 0 
0 0 1 0 0 0 1 0 0 1 1 0 0 1 1 1 1 0 1 0 0 1 0 0 1 1 0 0 0 0 0 0 0 1 0 0 1 0 1 1 1 0 0 1 0 1 0 1 1 0 1 1 1 1 1 
0 1 1 0 1 0 0 1 0 1 1 1 0 1 0 0 1 0 0 0 0 1 1 1 1 1 0 0 0 0 0 1 1 1 1 0 1 0 1 0 1 0 1 0 0 1 0 1 1 0 1 0 1 0 1 
0 1 0 1 0 0 1 1 1 0 0 1 0 0 0 0 0 0 1 0 0 0 0 1 1 0 1 1 1 1 1 0 1 1 1 1 1 0 0 0 0 0 1 0 1 1 0 1 1 1 1 0 1 1 1 
1 1 0 0 0 0 1 0 1 0 1 0 1 1 0 1 0 0 0 0 1 1 1 0 1 0 1 1 0 0 0 1 1 1 1 0 1 1 0 0 1 0 0 1 1 0 0 1 0 1 0 0 0 1 0 
