63 58 352
70 12 72 97 9 61 16 19 97 2 73 69 1 53 8 20 87 77 54 9 78 22 78 14 32 49 32 60 72 30 75 41 42 98 90 2 58 5 21 6 58 45 26 10 98 33 29 36 61 34 44 39 8 21 52 91 21 35 
50 92 17 76 85 58 73 26 59 82 82 31 39 40 76 65 49 73 49 30 60 10 15 4 100 22 76 3 13 97 89 14 40 5 90 76 62 14 1 73 96 35 3 86 74 30 50 74 54 99 3 14 60 18 69 11 91 44 
13 3 92 1 17 84 58 58 11 19 71 64 43 18 98 98 4 23 27 5 96 33 55 51 98 14 20 66 24 10 61 88 65 5 41 33 88 98 90 98 68 12 13 11 82 10 60 85 32 86 41 28 70 96 30 67 9 49 
32 85 10 93 24 74 49 64 6 36 13 47 85 33 59 98 95 40 59 54 76 91 91 16 70 61 11 99 27 72 99 11 8 8 55 31 82 3 47 39 90 11 86 26 43 44 23 37 35 82 42 10 24 33 77 45 93 40 
95 71 11 93 33 70 52 87 52 33 41 98 24 30 61 9 56 3 4 30 92 90 63 33 99 38 17 27 82 61 66 76 32 28 68 16 97 20 55 49 4 95 98 79 77 58 39 84 13 42 65 4 31 80 88 81 17 57 
60 99 17 25 74 100 53 94 16 1 65 70 49 20 16 47 99 44 56 37 27 68 31 44 23 13 23 63 46 39 19 5 89 35 29 63 35 33 8 50 34 24 71 34 43 86 32 93 82 88 30 60 7 12 3 30 24 25 
44 69 16 62 73 4 48 54 18 82 38 77 83 23 100 5 57 43 43 40 87 24 79 16 83 86 79 86 67 3 62 10 71 77 23 96 33 70 1 2 4 38 79 86 61 78 91 17 72 33 8 11 8 87 78 90 72 57 
75 90 59 89 51 81 17 73 28 49 94 28 3 97 66 81 83 26 10 25 94 34 9 1 44 16 87 21 5 10 77 32 51 87 72 1 68 88 73 95 89 19 75 91 15 40 23 49 65 32 73 10 17 33 10 60 48 49 
81 5 58 9 88 9 96 59 61 15 46 86 61 86 4 35 76 18 26 98 67 90 82 91 99 98 24 61 58 23 9 90 79 18 50 18 26 97 76 39 11 74 24 24 59 27 58 87 44 84 84 62 25 17 5 76 15 80 
88 24 2 96 65 33 13 14 2 91 11 78 29 73 3 52 96 13 30 6 99 25 41 35 87 65 3 91 92 17 70 79 92 23 26 56 7 91 70 9 33 32 38 61 4 92 64 100 4 45 5 55 69 45 41 7 61 43 
49 5 60 18 35 3 93 61 59 51 3 28 11 35 11 48 47 14 91 10 13 95 54 69 1 74 13 41 81 26 83 29 30 94 99 16 97 91 28 7 93 30 86 4 64 96 3 10 9 94 71 22 40 76 42 40 50 7 
80 30 32 14 58 13 60 56 28 8 98 56 14 43 85 99 46 1 94 100 62 2 93 33 75 84 8 17 23 9 23 54 38 6 20 48 18 79 55 45 86 53 52 99 95 89 49 92 41 42 91 2 43 36 86 70 19 94 
38 94 54 60 47 92 65 66 91 34 96 45 30 33 97 34 83 43 22 31 86 62 72 29 15 67 16 1 36 34 46 25 79 99 84 78 90 100 95 32 85 91 77 14 23 73 47 58 68 20 88 5 33 60 33 48 78 48 
48 65 34 93 89 12 91 24 89 33 23 84 64 59 26 40 72 100 65 71 57 84 42 45 88 75 56 73 22 85 20 69 49 5 61 37 69 3 12 9 87 34 44 51 44 69 42 67 21 58 37 77 41 79 73 81 53 80 
53 26 64 24 94 64 29 6 52 49 60 63 57 47 48 1 49 91 21 90 58 41 100 46 70 40 76 42 20 80 74 24 5 89 48 50 53 28 55 4 76 67 19 32 13 66 84 61 57 5 2 66 97 1 11 66 93 39 
60 64 18 85 88 23 73 87 24 77 14 79 81 89 97 51 72 9 16 56 21 24 12 74 89 8 27 52 26 19 42 37 34 59 21 73 33 45 59 57 22 72 87 54 12 83 4 84 43 19 39 63 43 50 88 83 9 14 
86 34 84 27 70 70 38 42 42 22 87 53 78 8 76 16 61 88 98 64 71 40 34 61 54 76 62 42 11 70 55 48 56 91 27 77 60 64 71 1 85 57 5 15 64 81 30 76 68 28 91 90 19 24 2 73 52 15 
66 62 36 72 61 91 62 87 20 21 50 90 74 87 46 78 1 61 10 82 88 29 61 78 70 80 1 23 4 52 37 69 65 73 40 26 15 54 12 34 26 14 23 51 100 20 81 52 32 90 85 19 19 46 96 40 25 49 
63 80 100 99 100 17 71 39 42 86 44 53 71 70 18 94 20 69 65 52 72 97 42 57 15 12 2 63 51 78 11 13 57 62 64 56 78 86 46 71 23 42 24 94 63 93 39 82 62 3 86 33 99 27 89 66 90 42 
80 40 19 42 5 27 55 20 34 85 5 32 55 28 73 30 21 35 23 59 68 84 13 53 16 64 31 57 81 20 98 60 12 69 53 68 47 7 87 81 91 43 64 46 22 36 27 42 22 49 52 41 84 17 46 100 80 28 
8 60 48 5 71 11 25 23 30 72 29 68 52 72 10 15 69 32 2 95 25 75 96 29 67 79 45 12 78 24 92 37 35 91 42 5 1 66 27 30 89 55 49 40 78 58 6 46 41 59 41 66 85 36 46 52 14 90 
15 44 65 6 32 99 96 73 3 48 91 29 29 31 35 77 71 13 87 28 10 27 39 2 44 23 37 89 26 3 30 93 98 94 98 29 44 46 54 46 45 96 26 74 26 61 2 48 25 88 28 34 15 66 88 10 40 76 
51 66 30 80 58 27 26 7 8 69 4 13 67 49 60 92 74 37 4 75 85 80 63 64 66 29 29 53 38 68 28 40 85 58 20 94 36 45 1 95 65 56 7 31 4 18 23 29 55 78 4 91 58 66 54 23 46 34 
75 83 53 2 23 38 11 94 83 47 90 35 41 54 91 100 37 46 17 59 75 23 88 78 65 45 95 18 67 40 3 93 74 56 95 48 45 57 93 27 3 34 62 96 88 52 47 76 49 15 86 23 38 73 52 2 18 98 
72 84 89 74 29 15 81 75 14 25 31 59 52 86 92 65 33 31 16 79 6 16 93 91 91 82 64 94 36 33 92 59 68 32 84 96 98 65 70 64 89 1 22 92 38 13 56 70 44 23 48 1 39 92 92 81 74 7 
74 61 39 17 19 6 49 2 54 98 66 23 61 7 75 82 98 12 95 6 81 90 28 28 90 18 20 33 98 45 91 72 5 29 40 75 87 88 28 40 38 94 14 98 52 89 80 1 52 26 6 33 67 86 12 8 55 83 
41 53 27 83 76 83 12 15 9 50 55 37 41 92 82 6 41 33 94 72 33 46 97 91 30 15 76 41 23 30 24 15 34 2 97 61 37 60 28 45 61 34 81 53 77 62 59 17 46 4 89 79 1 37 69 30 52 96 
71 26 77 46 40 63 47 88 75 83 100 2 80 60 35 60 65 63 74 23 80 19 26 20 49 27 56 69 56 59 64 78 84 93 75 75 55 74 15 29 56 14 83 35 25 69 47 89 32 20 11 11 90 89 82 39 15 37 
7 22 48 71 52 31 15 78 58 69 51 72 49 59 37 31 45 61 52 91 2 83 62 64 45 52 52 26 90 18 14 48 92 61 70 95 92 84 72 1 4 23 72 53 33 8 35 77 20 86 20 21 20 81 37 64 84 88 
89 25 58 55 73 49 15 42 43 58 26 14 58 81 88 81 85 20 40 72 97 60 57 16 32 29 48 68 92 84 8 33 8 65 87 32 13 1 74 7 11 51 72 68 31 60 49 68 31 88 39 27 99 95 94 83 23 94 
50 67 77 9 99 36 73 37 68 37 89 93 95 99 43 67 67 25 78 67 92 8 6 30 87 57 77 80 39 51 25 40 69 53 49 19 89 73 55 8 62 44 100 8 42 94 74 60 70 51 78 14 11 36 43 97 92 71 
28 82 74 53 21 42 57 21 61 97 94 15 4 7 10 55 14 52 48 40 63 70 90 41 83 52 28 77 48 19 100 76 100 73 80 20 66 36 93 26 33 86 93 36 44 54 43 57 57 42 96 20 11 38 12 93 89 39 
22 37 9 21 64 8 93 43 79 10 78 71 88 62 8 80 50 51 85 92 60 42 33 55 61 44 44 24 88 33 62 9 21 70 81 36 29 25 78 7 35 7 30 22 69 37 53 18 40 37 9 99 78 93 5 90 36 49 
13 76 33 26 36 5 95 17 40 75 41 17 82 75 75 63 96 43 51 100 12 90 37 72 88 14 65 45 56 52 93 68 27 25 94 63 81 40 79 20 15 71 36 48 46 10 10 93 5 60 93 16 2 81 40 41 46 4 
85 1 55 77 69 34 53 14 96 85 53 26 4 19 48 91 66 93 53 27 38 57 39 82 24 40 62 63 80 7 18 17 8 73 45 28 6 98 93 53 82 45 30 38 16 77 28 81 70 80 60 59 88 98 92 12 89 53 
26 68 11 44 36 70 16 81 49 73 30 41 25 11 38 54 100 53 30 28 85 51 7 44 61 95 93 52 58 81 56 35 1 19 78 36 88 45 16 89 69 45 29 93 8 66 98 7 18 80 34 3 82 93 98 43 39 91 
46 48 23 54 82 23 72 12 59 11 56 26 99 77 71 28 69 30 45 19 36 63 50 22 17 31 66 66 25 56 8 23 3 31 76 36 53 99 99 63 9 55 89 60 31 11 87 51 92 83 21 27 45 70 100 13 53 17 
31 29 72 38 51 26 68 78 14 73 76 12 35 37 18 75 96 100 37 34 3 28 16 23 7 13 45 6 77 49 75 7 77 98 97 80 24 64 9 89 36 85 100 23 73 70 49 20 69 86 53 71 13 20 46 19 32 42 
77 61 42 51 19 70 48 15 1 23 31 10 11 18 46 63 40 18 32 89 37 100 26 41 23 38 60 20 9 44 61 85 56 54 87 74 23 86 89 24 9 71 33 71 88 30 33 80 47 64 20 35 16 45 75 38 34 86 
57 42 81 69 78 36 22 64 62 96 50 2 19 10 72 3 80 59 32 13 38 30 28 57 64 43 53 90 80 87 28 88 28 60 56 6 96 29 21 9 25 70 10 95 31 81 50 11 91 81 75 29 63 2 37 78 45 90 
20 76 28 47 64 55 58 71 12 5 100 33 13 76 54 22 22 85 54 71 95 45 4 69 25 66 22 61 95 18 2 14 94 81 12 9 36 70 79 99 74 30 31 39 57 85 60 79 69 66 1 15 10 4 83 34 21 56 
46 16 74 100 81 67 80 45 27 67 14 5 66 39 87 96 29 43 32 41 73 52 6 74 66 15 29 100 100 2 56 45 69 29 96 49 47 76 93 73 42 58 29 59 49 67 55 77 62 38 17 34 90 74 59 55 88 88 
7 39 41 62 84 9 42 79 57 40 6 2 64 48 11 44 6 59 11 12 88 72 2 56 57 91 30 16 97 17 55 3 56 95 16 91 55 57 21 11 48 27 64 11 26 75 55 83 85 65 95 72 88 48 28 44 38 57 
11 86 25 65 41 32 11 56 74 65 65 95 28 12 73 43 75 98 17 29 32 54 45 26 77 32 25 4 27 62 12 38 100 89 54 40 72 17 95 46 81 11 92 60 23 64 3 97 13 71 77 44 24 21 22 53 4 46 
56 82 60 20 71 11 8 25 50 31 93 96 76 25 7 19 85 29 34 39 77 46 61 53 42 37 25 15 89 80 12 44 13 23 15 84 33 74 60 82 5 52 30 80 76 36 99 12 16 32 50 92 30 11 96 23 47 72 
37 35 51 100 30 15 23 97 98 7 70 9 41 74 60 70 6 88 5 4 51 20 87 1 11 68 63 58 90 61 29 78 47 31 78 28 45 52 24 95 58 94 3 98 67 15 67 72 54 23 27 4 42 66 56 4 33 70 
13 23 30 41 52 28 23 81 56 68 32 31 14 42 24 68 91 43 82 10 66 87 32 45 91 26 10 46 81 94 16 94 68 97 86 20 25 9 100 32 28 84 62 41 77 38 60 19 32 42 28 49 80 12 93 70 89 54 
68 21 48 83 14 67 31 100 86 7 60 38 38 87 73 52 79 1 41 90 19 72 31 99 72 11 62 65 32 2 70 99 22 69 33 36 36 64 87 73 22 98 62 60 36 86 63 66 86 3 55 57 26 38 7 97 100 68 
13 31 69 35 82 90 3 14 77 38 29 15 63 51 12 24 62 47 62 24 64 47 78 19 55 55 56 61 3 55 80 16 85 48 50 18 90 4 32 18 42 12 33 56 62 96 31 75 95 92 98 58 91 27 76 97 81 31 
58 84 37 37 51 74 37 52 91 78 55 22 47 48 86 79 3 47 27 34 74 21 77 23 78 67 50 6 64 82 88 73 17 25 61 19 98 49 70 88 78 25 62 25 72 47 55 75 45 81 60 18 1 88 41 31 7 42 
36 22 75 75 94 92 99 6 10 96 55 80 36 32 56 49 8 27 95 63 53 91 43 64 61 96 52 53 26 58 94 13 79 68 87 24 11 38 29 73 85 35 52 20 19 7 20 26 85 66 88 38 57 83 53 69 78 4 
21 55 13 66 19 43 85 5 66 96 94 47 68 79 81 71 50 51 29 70 77 13 35 16 2 43 50 55 11 79 10 83 33 23 48 51 65 33 8 83 80 1 29 47 79 61 69 81 12 97 50 40 61 36 7 15 79 57 
69 89 35 30 24 20 52 71 22 69 3 29 51 34 82 31 32 12 43 100 92 54 48 93 45 9 29 52 75 7 60 95 47 46 24 70 65 28 41 39 48 95 67 50 29 48 80 12 12 22 12 3 28 59 96 72 19 76 
75 93 82 34 87 80 32 63 50 48 90 42 86 37 88 5 86 68 4 17 80 15 90 91 70 17 1 65 41 72 40 15 64 73 1 3 52 32 17 53 31 6 94 17 94 34 21 31 1 24 47 32 91 88 74 60 5 75 
76 45 98 67 11 61 39 11 15 42 94 31 95 25 88 40 93 33 25 65 63 78 40 61 9 30 49 83 89 5 9 16 49 6 82 11 18 72 74 85 66 67 67 12 43 55 3 87 87 28 51 2 5 43 62 13 72 62 
47 13 66 55 28 66 12 62 77 30 85 50 14 50 68 80 13 63 86 16 49 73 43 52 26 99 94 87 63 17 1 10 29 66 16 9 32 28 22 8 57 6 9 22 8 76 1 20 38 39 87 39 63 81 90 88 79 83 
26 42 99 26 3 80 92 18 40 75 97 61 34 53 18 42 26 77 69 27 49 7 65 35 45 79 16 86 66 46 20 91 39 18 69 41 49 60 11 88 86 7 100 19 12 70 60 37 98 80 15 46 86 31 33 82 9 100 
19 74 45 38 17 36 8 85 76 56 96 86 96 81 45 47 99 56 68 10 92 66 89 7 11 27 37 95 60 46 94 79 71 91 16 87 26 23 71 53 79 66 91 26 46 35 72 96 90 92 5 33 57 46 39 19 72 28 
14 31 25 59 61 95 49 77 34 26 99 56 79 29 22 69 6 19 55 30 67 96 21 23 28 77 68 67 95 91 46 8 22 70 19 34 16 67 10 49 45 61 57 23 89 30 43 47 48 49 76 14 44 96 37 71 24 56 
89 18 47 34 78 20 55 96 53 71 14 63 71 58 75 27 32 15 56 26 61 56 26 36 21 69 83 9 92 6 65 80 76 63 14 5 82 68 52 86 90 17 100 13 27 74 91 10 89 99 88 49 54 13 37 26 34 71 
87 25 29 3 4 4 65 69 60 98 89 63 83 78 79 83 42 5 56 33 15 44 31 54 45 36 66 81 61 99 3 47 23 31 49 79 86 65 47 45 62 35 7 45 65 38 27 6 94 34 38 60 78 20 13 74 55 79 
6 68 29 8 66 4 39 67 82 24 31 80 21 93 15 79 89 31 16 15 36 10 100 26 69 29 45 82 2 52 12 7 19 92 15 36 95 5 2 28 28 33 8 100 77 74 79 65 4 94 31 39 3 30 16 24 59 13 
57 60 64 68 19 34 59 85 69 6 89 23 33 68 55 40 68 83 13 46 47 68 39 29 59 94 58 74 69 68 86 25 80 1 44 98 34 2 82 55 7 22 77 92 89 83 83 56 65 96 53 63 15 44 91 73 89 100 
0 0 1 1 0 0 0 1 1 1 0 0 1 1 1 1 0 1 1 0 1 1 1 1 1 0 0 1 0 0 1 0 0 0 0 0 0 0 1 1 1 0 1 1 1 0 0 1 1 0 1 0 1 1 0 1 1 0 
0 1 1 1 0 1 1 0 0 1 0 1 0 1 1 1 0 0 1 1 1 1 1 1 1 0 0 1 1 1 0 0 0 1 1 0 0 1 0 0 0 0 0 1 0 1 0 0 0 0 1 1 1 0 0 0 1 0 
0 0 1 0 0 0 1 0 0 1 1 1 0 1 1 0 0 1 1 1 0 1 1 1 1 0 0 1 0 1 0 0 1 1 0 0 1 1 0 0 1 1 1 1 0 0 1 1 0 0 0 0 0 1 1 1 1 1 
0 1 0 0 0 0 0 0 0 1 0 0 1 1 1 0 0 1 1 1 0 1 1 0 1 1 1 0 0 0 0 1 0 0 1 0 0 1 0 0 1 0 0 0 1 1 1 1 1 0 0 1 1 0 0 0 1 1 
0 0 0 0 1 0 1 0 0 1 0 0 0 1 1 0 1 0 0 0 0 1 0 0 0 1 0 0 1 0 0 0 0 0 0 1 0 1 1 0 1 1 0 1 0 1 1 0 0 1 0 0 0 1 0 1 0 1 
1 0 1 1 0 1 1 0 0 1 0 1 1 1 1 0 0 1 1 1 1 1 1 0 1 1 1 0 0 1 1 0 1 0 1 1 1 1 0 1 0 0 0 0 1 1 0 1 1 1 0 0 1 1 0 0 1 1 
0 1 1 1 1 0 1 1 0 0 0 0 1 0 0 0 0 1 1 0 0 0 0 0 1 1 0 1 1 1 1 0 0 0 1 0 0 1 1 0 1 1 0 1 1 0 1 0 1 0 0 1 1 0 0 0 1 0 
1 1 1 0 1 1 0 0 1 1 1 0 1 1 1 0 0 1 0 1 1 0 1 1 1 0 0 1 0 1 1 0 0 0 0 1 0 1 0 1 0 1 0 1 0 1 1 0 0 0 1 1 0 1 1 1 1 1 
1 0 0 0 0 1 1 0 0 1 1 0 0 1 0 0 1 0 0 0 1 0 0 0 0 0 1 1 0 1 0 1 1 0 1 1 1 0 1 0 1 1 0 0 0 0 0 1 1 0 0 0 1 0 0 1 1 0 
0 1 1 0 0 0 0 1 1 0 0 0 0 1 1 0 1 0 1 0 1 0 0 1 0 1 0 0 0 1 0 0 0 1 0 0 1 1 1 0 1 1 1 1 1 0 1 0 0 0 0 0 0 1 1 0 0 1 
1 1 0 1 1 0 1 0 0 0 1 0 1 0 1 0 1 0 0 0 1 1 1 1 1 1 0 0 0 1 0 1 0 0 0 1 1 1 1 1 0 0 1 1 0 1 1 1 1 1 0 0 0 1 0 1 0 0 
0 0 1 0 1 1 0 0 1 1 1 0 1 1 1 0 0 1 1 1 1 1 1 1 1 1 0 1 1 0 0 1 1 1 1 0 1 1 0 0 1 0 0 0 1 1 0 0 1 0 1 0 1 0 1 0 0 1 
0 1 1 0 0 0 1 1 1 0 0 1 0 1 1 1 1 1 0 0 1 1 0 0 1 1 1 0 1 1 1 1 0 1 1 0 1 1 1 0 1 1 0 0 1 1 1 0 0 1 0 1 1 0 0 0 1 1 
1 1 0 0 0 0 1 0 0 1 1 1 1 0 0 1 0 1 1 1 0 1 1 0 1 0 1 1 0 0 0 1 1 0 0 0 0 1 0 0 0 1 1 0 1 1 1 0 1 0 1 1 0 0 1 1 0 0 
0 1 1 0 0 0 0 0 0 0 0 0 0 0 1 1 0 1 0 0 1 1 0 0 0 0 1 0 1 1 0 1 0 1 1 1 0 1 1 0 1 1 1 1 0 0 0 0 1 1 0 0 0 1 1 1 1 0 
1 1 1 1 0 0 1 0 1 1 1 0 1 1 0 0 0 0 1 1 0 0 0 1 1 0 0 0 1 1 0 0 0 1 0 1 1 1 1 0 0 0 1 1 1 1 0 0 1 1 1 1 1 1 0 0 1 0 
0 1 0 0 1 0 0 1 1 1 0 0 0 0 1 1 0 0 0 0 0 1 1 1 0 0 0 1 1 0 1 1 1 1 0 0 0 0 0 1 1 0 0 1 1 1 0 1 1 0 1 0 1 0 1 0 0 0 
1 1 0 0 1 1 0 1 1 0 1 1 1 0 0 1 0 1 0 0 0 0 1 1 0 0 1 1 0 1 1 1 1 1 0 0 0 0 1 0 0 0 1 1 0 1 1 0 0 1 1 0 1 0 1 1 0 0 
1 1 0 0 0 1 0 0 1 0 0 0 0 0 0 0 0 0 1 1 1 0 0 0 0 0 0 0 1 0 0 0 1 0 1 0 1 1 0 0 1 1 0 0 1 0 0 1 1 1 0 0 1 1 0 0 1 0 
0 0 0 0 1 0 1 0 0 0 1 0 1 0 1 1 0 1 0 0 0 1 0 1 1 1 0 1 1 1 1 1 1 1 0 0 1 1 0 1 1 1 0 0 0 1 0 0 0 0 1 1 1 1 0 0 0 0 
1 0 1 0 1 0 1 1 1 1 0 1 0 0 1 0 0 1 0 0 1 0 0 0 1 1 1 1 1 0 1 0 0 0 0 1 1 0 1 0 1 1 1 1 1 0 0 0 1 0 0 1 0 1 1 0 0 1 
1 0 1 1 0 1 1 1 0 0 1 1 0 0 1 0 1 0 0 1 0 0 1 1 1 0 0 0 0 0 1 1 0 0 0 1 1 0 0 0 0 1 1 1 1 0 1 0 1 1 0 1 1 1 0 0 1 0 
1 1 1 0 1 1 1 1 0 0 1 0 0 0 1 0 1 0 0 0 1 1 1 1 1 1 0 1 1 0 0 0 1 1 1 0 0 0 0 1 0 1 1 1 1 1 1 0 1 1 0 0 1 0 1 0 1 0 
1 0 0 1 1 1 0 0 0 1 0 0 0 0 1 1 1 1 0 0 1 0 0 0 0 1 0 0 1 1 0 0 1 0 0 0 1 0 0 1 1 0 1 1 1 1 1 0 0 1 1 1 1 1 1 0 0 1 
0 1 0 0 1 0 0 1 0 1 0 1 1 1 1 0 1 0 1 0 1 1 1 0 1 1 1 0 1 1 0 1 0 0 1 1 0 1 1 1 0 1 0 1 0 1 0 1 0 1 1 1 1 1 1 0 0 0 
0 1 1 0 0 1 1 1 0 1 0 1 0 0 0 0 0 1 0 0 0 0 1 0 1 0 1 0 0 1 0 1 0 1 1 0 0 0 1 0 0 1 0 0 1 0 1 1 1 1 1 0 1 1 0 0 1 1 
0 0 0 0 1 0 1 0 0 1 1 1 1 1 0 1 1 1 0 0 1 1 1 0 1 0 1 1 0 1 0 0 1 0 0 0 0 1 0 0 0 1 1 0 0 1 1 0 1 1 0 0 1 0 0 0 0 0 
0 1 1 0 1 0 1 0 0 1 1 0 0 0 0 1 0 0 1 1 0 0 1 1 0 0 1 0 0 1 0 0 0 1 1 0 1 0 0 1 1 1 0 1 1 0 1 1 0 0 1 1 0 0 0 0 0 1 
0 0 0 1 1 1 0 0 1 0 0 1 1 1 0 1 1 0 1 0 1 0 0 0 1 0 0 1 0 0 0 0 1 0 1 0 1 0 0 0 0 0 1 1 1 0 1 0 0 0 0 1 0 0 0 1 0 0 
0 0 1 0 1 0 1 0 0 0 0 0 1 0 0 0 0 1 0 1 0 0 1 0 0 0 1 0 1 1 0 0 0 1 0 1 1 1 1 1 0 0 1 1 0 1 1 0 1 0 1 1 0 1 1 0 1 0 
0 0 0 1 0 0 0 1 1 0 0 0 1 0 0 1 1 1 0 1 1 1 1 1 0 1 0 0 0 1 0 0 1 0 1 0 0 0 1 1 0 1 0 1 0 0 0 1 1 1 0 1 0 1 0 1 1 0 
1 1 1 1 1 0 0 1 0 0 1 1 0 1 1 0 0 1 0 1 0 0 0 1 1 0 0 1 1 1 1 0 0 0 0 0 0 0 1 1 0 0 0 0 1 1 0 1 0 1 0 1 1 0 0 0 1 0 
1 0 0 0 1 0 0 1 0 0 1 1 1 1 1 0 0 0 1 0 0 0 1 0 1 0 1 1 0 0 1 1 0 1 1 1 0 1 0 0 0 1 0 1 1 1 1 1 0 1 1 0 1 1 0 0 1 1 
1 0 1 0 1 0 0 1 1 0 0 0 0 0 1 0 0 0 0 1 1 0 0 1 0 1 0 0 1 1 0 0 1 1 1 1 1 1 0 1 1 0 1 1 1 0 0 1 1 0 0 0 0 1 1 0 0 1 
0 0 1 0 0 0 0 1 1 1 0 1 0 1 0 1 1 1 0 1 0 1 1 0 1 1 1 1 1 0 0 1 0 1 0 0 0 0 0 1 1 0 1 0 0 1 1 1 0 1 0 0 0 1 0 0 0 0 
1 1 0 1 0 0 1 0 0 1 0 0 0 0 1 1 0 1 0 1 0 0 1 0 0 1 1 1 1 1 1 0 0 1 0 0 1 1 1 1 0 1 0 0 1 1 0 1 0 0 1 0 1 0 0 1 1 1 
0 1 0 1 1 0 0 1 0 1 0 1 1 0 1 1 1 0 0 1 0 0 1 1 0 0 1 0 0 0 1 0 1 1 0 1 1 0 0 1 0 1 1 1 1 0 0 0 0 0 1 0 0 1 1 0 1 0 
0 1 1 1 0 0 0 0 1 1 0 0 0 0 1 1 1 0 1 1 1 0 1 0 0 1 1 0 1 1 0 1 0 1 0 0 0 0 0 1 1 1 1 0 1 0 1 1 1 1 0 0 1 0 0 1 1 0 
1 1 1 0 0 1 1 1 0 1 1 0 1 1 1 0 1 1 1 0 0 0 1 0 0 0 0 0 0 0 0 1 1 1 1 1 1 1 0 1 0 0 1 1 1 1 0 0 0 1 0 0 1 0 0 1 0 1 
1 0 1 0 0 0 1 1 1 0 0 0 1 1 0 1 0 1 0 0 1 0 1 1 0 0 1 0 1 0 1 1 0 0 1 0 0 0 0 0 1 0 0 0 1 0 1 0 1 1 0 0 1 0 1 1 0 1 
0 0 1 1 1 1 0 0 0 0 0 0 0 1 0 0 0 0 0 1 0 1 1 0 1 0 0 1 0 1 0 0 1 1 1 0 0 1 0 0 0 0 0 0 0 1 1 0 1 1 1 1 1 0 1 0 1 0 
1 1 1 1 1 0 0 0 0 1 0 0 1 0 0 0 0 0 1 1 0 0 1 0 1 0 0 0 0 1 0 0 0 1 1 1 1 0 0 1 1 0 1 0 0 0 0 0 0 1 0 1 1 1 1 0 1 1 
1 1 1 1 1 1 1 1 1 0 1 1 0 0 1 1 0 1 1 1 1 0 0 1 1 0 0 0 0 1 1 1 1 0 1 0 0 0 1 1 0 0 0 0 0 1 0 1 0 1 0 1 1 0 1 0 0 1 
0 1 1 0 0 0 0 1 0 0 1 0 1 0 0 1 0 1 0 0 0 0 0 0 0 1 0 1 0 1 0 0 0 1 0 0 1 1 0 0 1 1 0 1 1 0 0 0 1 1 0 1 1 0 1 1 0 0 
0 0 1 1 0 1 0 1 1 0 0 1 0 1 1 0 0 0 0 1 0 0 0 1 1 1 1 1 1 1 1 1 1 0 0 0 1 1 1 0 1 1 0 1 0 1 1 1 1 1 0 0 1 0 1 1 1 0 
0 0 0 1 0 1 1 0 1 0 1 0 0 0 1 0 1 0 1 0 1 1 0 1 1 1 1 0 0 0 0 0 1 0 1 1 0 0 1 1 0 1 0 1 1 1 1 1 1 1 1 0 0 1 1 1 1 0 
1 1 1 1 0 0 0 1 1 0 0 0 1 0 1 1 1 1 1 1 0 0 0 1 1 0 1 0 1 0 1 0 1 0 1 1 0 1 1 1 1 1 1 1 1 1 0 1 0 1 0 0 0 0 1 1 0 0 
1 1 0 0 1 0 0 0 1 0 0 0 1 1 1 1 0 1 0 1 0 0 0 0 0 0 0 1 1 0 0 1 1 0 1 0 0 0 0 0 0 0 0 0 0 0 1 0 1 1 1 1 1 0 1 1 0 1 
0 0 1 0 1 0 1 0 0 1 0 0 1 1 1 0 1 1 0 0 1 1 1 1 0 0 1 1 1 1 0 1 1 1 0 0 1 1 1 1 0 1 1 0 0 0 0 1 1 0 1 1 1 0 0 1 0 1 
0 1 0 0 1 0 1 1 0 0 0 1 1 0 1 0 0 1 1 0 1 0 0 0 1 1 1 1 0 1 0 0 1 1 0 0 1 1 1 1 1 1 1 0 1 0 1 0 1 0 0 0 0 1 1 0 0 0 
1 1 1 0 1 0 1 0 0 0 1 1 1 1 0 0 1 0 0 0 0 0 0 0 0 1 1 1 1 0 1 0 1 1 0 0 1 1 0 0 1 0 1 1 1 0 1 0 0 0 1 0 0 1 0 0 0 0 
0 1 0 1 0 1 0 0 1 0 0 0 0 1 0 1 0 1 1 0 1 1 0 0 1 0 0 0 0 0 0 0 0 0 0 0 1 0 0 0 0 0 0 0 0 0 0 0 1 1 0 1 1 0 1 0 0 1 
0 1 0 0 1 0 0 1 0 1 0 0 0 0 1 0 1 1 1 1 1 0 0 0 1 1 0 1 0 1 0 0 0 0 1 1 0 1 1 0 1 1 1 1 1 0 1 0 1 0 1 0 1 0 0 0 1 1 
1 1 0 0 0 0 0 1 1 1 0 0 1 1 1 0 0 1 0 0 1 1 0 1 0 1 1 0 0 0 1 1 0 1 1 0 1 0 1 1 1 1 1 0 1 1 1 1 0 1 1 1 1 0 0 1 1 1 
1 1 0 1 1 0 0 0 0 0 0 1 1 1 0 0 0 1 1 1 1 1 0 0 1 1 0 1 0 0 1 0 1 1 1 0 1 1 1 1 1 1 0 0 1 0 1 1 0 0 0 1 0 0 1 1 0 0 
0 0 0 1 0 1 0 1 0 1 1 1 0 0 0 0 1 1 1 0 0 1 0 0 0 0 1 1 1 1 1 0 1 1 1 0 1 0 1 1 1 0 0 0 1 0 0 0 0 1 0 0 0 0 1 0 1 0 
0 0 1 1 0 0 1 0 0 0 0 0 1 1 0 1 1 1 1 0 1 1 1 1 0 0 0 1 0 1 1 0 1 0 0 0 0 1 0 1 1 0 1 0 1 1 1 1 1 0 1 0 0 0 0 0 0 0 
1 1 1 0 1 0 0 1 0 0 0 0 1 1 0 0 1 0 0 0 1 1 1 0 1 1 0 1 1 1 1 0 0 0 0 1 1 0 1 1 0 1 0 0 1 0 0 0 0 0 1 1 1 0 1 1 1 0 
0 0 1 0 0 1 0 0 0 1 0 1 1 0 1 1 0 0 1 1 0 0 1 1 1 1 1 1 0 0 1 0 0 0 0 0 1 1 0 1 0 0 1 1 1 0 0 1 0 0 0 0 0 0 0 1 1 1 
0 1 0 1 1 0 1 0 1 0 1 1 0 1 0 1 1 1 1 1 0 1 1 1 1 1 1 1 1 0 1 1 1 1 1 0 1 0 0 0 1 1 0 1 1 0 0 0 1 1 1 1 0 1 0 1 0 1 
1 1 1 0 1 0 1 0 1 0 0 1 1 1 1 1 0 0 1 0 0 0 1 1 1 1 0 0 1 1 1 0 0 1 0 1 1 1 1 0 1 0 0 0 1 1 1 0 1 0 0 1 0 0 0 0 1 1 
0 0 0 1 0 0 0 0 0 0 1 1 0 1 1 0 1 1 1 1 1 0 1 1 1 0 1 0 0 1 1 0 1 1 1 0 1 0 0 1 0 0 1 0 1 0 1 0 1 0 1 0 1 1 0 0 1 1 
0 1 0 1 1 0 0 0 0 0 0 0 1 0 0 0 1 1 1 0 0 0 0 1 1 1 0 1 0 1 0 0 0 1 0 1 1 0 0 1 0 0 1 0 1 0 0 0 1 1 0 1 0 0 1 1 0 1 
