42 56 1436
66 80 12 18 32 46 55 68 74 17 72 98 58 65 96 58 48 71 18 55 18 38 50 79 57 6 18 39 4 95 74 22 26 85 91 57 31 97 24 56 13 47 5 23 63 1 80 10 23 97 16 40 34 65 71 43 
23 88 81 78 82 54 99 59 38 90 15 20 86 90 28 51 36 32 73 98 84 4 59 59 100 74 98 85 90 68 27 12 7 7 90 40 12 40 98 2 29 64 21 67 53 100 17 88 84 41 37 67 44 95 25 95 
20 75 79 10 94 6 21 53 64 62 44 76 2 94 77 82 57 49 48 10 49 16 49 84 56 38 2 51 32 79 45 52 53 76 13 98 81 33 2 96 47 46 71 48 39 99 29 95 48 29 56 48 44 57 31 52 
94 32 54 25 10 99 28 14 26 40 64 6 25 65 53 23 62 24 70 100 22 50 47 21 78 54 68 74 10 50 77 3 34 30 80 43 80 7 9 5 99 24 62 75 88 15 97 2 90 18 53 11 19 99 84 49 
5 51 22 14 1 98 69 86 27 48 80 7 6 88 11 4 63 25 30 3 39 78 4 28 95 56 90 14 7 73 62 11 24 35 76 76 32 44 13 10 91 92 68 97 32 31 52 94 55 34 96 45 11 99 72 58 
55 61 23 13 86 36 23 61 70 98 88 53 94 100 14 84 91 82 32 22 64 36 16 70 69 11 14 31 62 85 88 68 97 62 80 82 97 54 94 18 3 81 70 96 80 84 32 71 17 63 44 32 50 11 1 70 
74 14 1 35 50 40 2 98 2 33 80 50 86 25 68 88 6 37 84 85 72 15 7 40 29 3 71 31 13 23 100 86 36 52 20 85 92 73 83 45 5 14 94 90 38 13 30 95 2 13 32 25 79 38 65 59 
40 87 89 5 10 89 90 97 40 62 34 83 34 16 79 91 81 25 80 70 37 9 65 38 73 96 63 3 85 79 62 77 17 2 81 26 90 22 75 82 83 8 64 69 75 43 59 55 19 90 76 55 51 92 93 23 
39 7 78 24 85 39 52 1 40 84 79 82 5 53 63 40 60 78 8 34 72 66 40 90 7 67 97 57 59 89 32 97 47 9 72 83 99 23 83 38 58 13 71 15 17 85 54 76 15 13 61 38 30 52 28 36 
19 76 93 77 64 24 25 62 32 97 44 82 71 78 19 29 91 42 95 59 26 48 87 92 12 47 30 41 51 9 28 69 84 20 97 99 95 73 60 78 69 3 59 92 32 30 72 74 23 66 33 48 13 19 40 76 
17 21 16 67 29 95 87 12 67 35 10 61 8 69 91 76 23 1 19 6 30 90 80 52 55 12 52 19 82 43 94 98 63 61 65 91 56 3 54 22 38 63 34 45 83 24 72 57 25 91 62 6 80 93 10 35 
56 13 53 37 55 99 87 69 59 51 11 14 5 64 87 42 78 21 86 12 96 58 68 20 48 81 78 79 26 39 13 81 51 18 70 57 68 56 25 26 58 35 92 62 50 78 4 27 98 41 90 94 98 57 65 97 
89 94 76 14 32 40 47 82 9 68 38 76 23 14 54 80 100 45 93 49 22 48 27 72 89 16 17 38 24 33 35 65 27 62 30 10 53 28 44 62 95 33 89 17 47 42 48 46 86 41 47 60 40 25 83 28 
93 51 66 16 83 52 32 61 13 62 23 65 89 66 78 84 98 67 52 96 8 100 94 46 92 40 57 31 16 39 11 8 89 28 24 23 79 7 36 43 68 58 59 57 23 89 92 72 55 43 20 14 42 13 59 85 
4 15 16 19 5 78 27 93 5 2 68 83 8 3 77 28 60 35 36 34 75 27 57 29 69 76 95 63 88 5 47 43 72 14 62 76 91 40 21 95 93 88 29 52 90 57 79 1 44 14 86 18 40 42 47 61 
18 93 23 57 97 21 100 68 35 13 44 77 52 64 24 44 3 52 47 44 61 26 44 4 91 29 21 31 22 19 43 39 63 65 48 60 85 47 27 71 59 22 48 10 37 71 5 39 74 51 34 34 28 29 89 19 
57 62 1 79 80 43 69 95 59 16 54 43 62 32 66 72 54 13 33 90 83 89 81 56 92 14 42 19 95 30 89 51 91 89 81 23 83 2 17 41 17 22 36 31 53 1 2 6 65 87 48 47 75 80 54 66 
45 47 37 39 29 25 42 19 66 22 93 100 75 61 93 92 82 28 74 35 80 27 92 44 13 91 42 40 70 47 5 15 94 93 5 22 70 46 92 35 20 37 86 94 97 78 37 79 5 10 65 36 37 8 31 1 
99 72 40 68 71 97 34 16 41 39 37 10 84 80 96 3 16 82 49 13 59 85 43 16 95 59 51 83 66 82 35 64 5 27 32 27 23 17 42 63 55 78 73 91 10 68 45 25 1 93 89 60 30 31 75 24 
89 77 58 7 10 92 70 67 18 53 93 92 70 35 7 76 64 31 18 73 50 15 50 51 59 38 10 88 21 36 63 61 64 20 67 74 64 89 92 81 41 84 25 62 70 31 90 34 61 59 58 10 73 59 12 84 
97 73 71 69 60 86 29 24 5 48 49 20 36 40 1 28 75 77 42 97 7 31 82 19 41 39 80 14 98 92 97 46 16 19 66 76 4 94 99 61 93 99 80 80 38 32 8 64 8 1 60 66 31 41 84 71 
32 16 36 81 59 84 78 74 3 43 49 58 88 47 18 33 45 98 12 34 29 71 50 37 71 61 54 53 54 38 76 85 53 11 17 11 47 94 36 1 88 85 58 75 83 76 7 80 25 71 65 53 41 14 41 12 
75 47 16 28 84 91 64 88 2 80 50 100 25 85 100 64 21 57 38 4 84 97 83 8 19 47 13 59 13 5 22 87 51 38 66 86 28 29 73 81 60 74 80 36 59 79 99 79 88 88 34 71 36 16 79 54 
15 43 65 27 47 86 65 50 23 82 35 51 62 8 83 73 33 63 8 43 93 58 74 80 45 7 3 33 75 81 86 41 75 50 19 21 88 83 70 10 16 57 12 77 16 47 49 48 61 56 91 53 65 64 85 61 
22 87 93 96 19 31 36 93 32 54 65 19 88 87 81 55 43 44 31 10 90 79 57 50 86 99 55 50 62 39 63 36 77 55 31 95 37 19 39 69 24 55 39 64 93 19 18 87 63 1 96 4 79 53 54 17 
51 60 18 65 98 80 100 26 87 82 20 23 52 10 91 28 16 30 91 9 100 60 95 14 60 91 18 91 95 23 7 97 82 76 61 31 56 12 56 42 46 27 16 97 36 7 24 51 88 66 11 87 78 6 1 37 
48 70 27 42 92 85 38 73 61 51 55 68 14 10 61 59 36 76 8 23 34 83 25 21 1 36 60 78 93 60 14 40 29 93 33 72 77 22 96 37 72 50 56 38 59 16 96 46 92 55 68 77 38 92 98 38 
79 57 15 71 68 80 10 48 72 42 19 49 64 14 37 87 63 93 24 73 8 72 18 51 26 85 28 15 28 77 52 7 33 18 29 52 98 39 99 69 32 17 69 47 82 6 34 96 98 9 68 57 32 37 60 58 
73 39 24 100 15 28 58 99 45 39 50 94 29 48 15 60 16 83 59 49 88 44 44 37 52 63 46 36 99 5 93 71 95 16 22 9 95 32 7 40 70 8 33 98 7 47 9 22 82 67 70 69 62 65 58 66 
27 3 1 25 59 45 47 53 12 20 13 7 51 71 46 72 78 30 21 84 29 30 57 10 48 78 30 10 94 39 27 20 93 27 96 51 71 42 55 82 61 67 88 64 37 85 35 66 15 56 1 95 37 57 56 36 
86 85 97 79 76 23 98 68 49 45 71 71 38 25 53 51 92 92 14 80 77 100 46 91 7 46 37 95 55 92 31 40 28 79 71 3 2 68 71 2 65 93 73 2 17 77 52 60 68 17 40 44 17 85 86 75 
82 22 70 36 65 52 28 93 30 98 95 83 17 17 37 81 9 61 83 78 89 86 37 56 55 28 52 71 64 89 97 46 63 18 81 27 69 8 71 51 57 66 85 74 34 21 54 95 33 88 24 21 26 60 77 80 
88 80 2 3 68 98 48 82 16 81 9 36 40 79 38 97 96 23 70 82 95 75 28 28 63 51 48 88 62 76 67 1 7 68 4 27 65 3 8 32 83 68 68 23 99 57 71 46 79 40 79 74 14 6 53 76 
8 100 15 22 28 81 22 34 100 77 12 17 80 20 48 62 39 67 36 37 24 6 35 54 45 13 79 11 19 31 38 78 83 53 99 10 85 21 95 37 97 7 53 28 78 52 90 16 71 77 5 46 83 39 99 79 
51 78 89 21 8 79 99 42 83 97 51 19 69 98 55 18 4 7 45 33 11 86 48 81 63 4 78 45 42 28 75 93 5 16 65 65 94 63 6 76 12 9 94 80 6 49 97 61 7 94 45 69 79 44 49 93 
48 78 89 89 6 64 33 62 79 98 26 72 12 84 99 23 44 44 3 1 44 51 13 51 44 57 19 75 100 20 67 47 49 56 88 54 19 20 16 49 69 93 20 81 76 70 55 71 13 57 71 57 60 83 59 55 
39 29 29 91 100 48 37 49 3 24 2 73 96 17 21 16 10 92 48 37 13 3 60 25 11 30 33 70 65 91 25 3 20 53 45 19 100 82 19 54 57 21 78 4 89 50 20 50 41 67 39 5 21 98 30 32 
27 62 1 91 5 77 46 76 82 90 46 33 23 65 87 32 37 64 35 25 66 6 75 58 25 65 63 45 62 92 28 88 5 81 31 61 57 28 36 38 69 82 71 44 46 9 75 82 72 61 58 89 19 84 47 43 
48 9 39 9 52 19 49 8 99 31 69 55 58 4 45 78 85 15 21 82 23 47 15 46 8 73 35 26 56 81 20 4 89 10 12 92 80 12 99 78 42 67 85 99 23 29 29 59 43 49 41 17 96 7 62 55 
79 48 80 35 28 51 90 68 12 53 11 92 65 10 69 6 28 5 57 50 33 85 9 27 85 1 43 80 7 5 34 38 4 65 24 84 67 13 3 79 65 14 70 81 23 90 87 2 95 95 52 79 79 12 6 15 
64 48 95 22 4 80 11 8 45 34 91 11 98 45 41 63 58 62 95 32 52 33 34 98 27 37 28 57 100 33 72 63 81 18 36 36 97 47 95 93 80 37 4 78 82 96 92 39 58 38 71 61 71 56 10 97 
92 37 6 91 70 77 5 2 46 40 89 42 38 84 35 18 20 90 47 1 85 90 92 42 27 14 54 97 69 63 46 12 100 51 54 69 79 58 22 24 49 10 17 87 93 51 56 65 92 54 65 29 95 8 70 21 
0 1 1 0 1 0 1 0 0 0 0 0 1 1 1 0 1 1 0 1 0 1 1 1 0 0 1 0 1 1 0 0 0 1 0 1 1 0 0 1 0 0 1 0 0 0 0 1 0 0 0 0 1 0 1 1 
0 1 1 1 0 1 1 0 1 0 1 0 0 1 0 0 0 1 0 0 0 0 1 0 0 1 0 1 1 1 0 1 0 1 1 0 1 0 0 0 0 0 0 0 1 0 1 1 0 1 1 0 0 0 0 0 
0 0 0 1 1 0 1 0 0 0 0 1 0 1 1 1 1 1 1 0 0 0 0 0 0 1 0 0 0 0 0 0 0 0 1 1 1 0 1 1 0 0 0 1 1 1 0 0 0 1 0 0 0 0 0 0 
0 0 0 0 0 0 0 0 1 1 0 0 0 1 1 0 1 1 1 0 0 1 0 0 1 1 1 1 1 1 1 1 0 1 1 0 1 1 1 0 1 1 0 1 0 1 1 0 0 1 0 0 0 1 1 1 
0 0 0 1 1 1 1 1 0 0 0 0 0 1 0 1 0 1 0 0 0 1 0 1 0 1 1 1 0 0 0 0 0 1 1 0 0 0 1 1 1 1 1 1 0 1 0 0 0 0 1 1 1 1 0 0 
0 1 1 0 0 1 0 0 0 0 0 1 0 0 0 1 1 1 0 0 0 0 0 1 0 1 0 0 1 0 0 1 1 1 0 1 0 0 0 1 0 0 0 1 0 0 0 0 1 1 0 1 1 0 0 0 
0 0 0 1 0 0 0 0 1 0 1 1 1 1 0 1 0 0 0 0 0 1 0 1 0 0 1 1 1 1 1 1 0 1 0 0 1 0 0 0 1 0 0 0 1 0 1 1 1 0 0 1 1 0 1 1 
1 0 0 0 1 0 1 1 1 1 0 1 1 0 1 0 0 1 0 0 0 0 1 1 0 1 0 1 0 1 0 1 1 0 1 1 0 0 0 0 1 0 1 0 1 0 1 1 0 1 1 0 1 1 1 1 
0 1 0 0 1 0 1 0 1 0 1 1 0 0 1 1 0 0 0 1 1 1 1 1 0 0 1 0 1 0 1 0 1 0 0 0 0 0 1 1 0 0 1 1 0 0 0 1 1 0 0 0 1 1 1 0 
0 0 0 1 0 1 1 1 1 0 0 0 0 1 1 0 1 0 1 0 1 0 1 0 0 1 0 0 1 1 0 1 1 0 0 1 1 0 0 1 0 0 1 0 1 0 0 1 1 0 1 0 0 0 0 0 
1 0 0 0 1 0 1 0 0 0 1 0 0 1 1 0 0 0 0 1 0 0 0 1 0 1 1 0 1 1 1 1 1 1 1 0 0 1 0 0 1 1 0 1 1 1 1 1 1 1 0 0 1 1 1 0 
0 1 0 0 0 1 1 0 1 0 0 1 1 1 1 0 0 0 1 1 1 0 0 1 1 1 1 1 0 0 1 0 1 1 0 0 1 1 0 0 0 0 1 1 1 0 0 0 0 1 1 0 0 0 1 1 
1 0 0 1 0 1 1 0 1 0 0 0 1 0 0 1 0 1 1 0 1 1 0 0 0 1 0 0 1 1 0 0 1 0 1 1 0 1 1 1 1 1 1 0 1 1 0 0 0 1 0 1 0 0 1 0 
1 1 1 1 0 1 1 1 1 1 1 1 0 0 0 1 0 1 1 1 0 1 1 0 0 1 0 0 1 1 1 1 1 0 0 1 1 1 1 0 0 0 0 0 0 0 1 0 0 1 0 0 0 1 1 1 
1 1 1 0 0 0 1 1 0 1 1 1 1 0 0 1 0 0 0 0 0 1 1 0 0 1 1 1 0 0 0 1 1 1 0 1 0 1 1 0 1 0 0 0 0 0 1 0 0 1 0 0 1 1 1 1 
0 0 0 1 0 0 0 1 0 0 0 0 0 1 0 1 1 0 1 1 0 0 1 0 0 0 1 1 1 0 0 0 0 1 1 0 1 1 1 1 0 1 1 0 1 0 1 0 0 0 0 1 0 1 1 0 
1 0 1 1 0 0 1 0 1 0 0 0 1 1 0 1 1 1 1 0 1 0 0 0 0 0 1 1 0 0 1 1 1 1 0 1 1 1 0 0 1 0 0 1 0 0 0 1 0 0 1 1 0 1 1 1 
0 0 0 0 1 1 1 0 0 0 1 1 1 1 1 1 0 0 0 0 0 0 1 0 0 0 0 1 1 1 0 1 0 0 1 1 1 1 1 0 1 0 1 0 0 1 1 0 1 1 0 1 0 1 0 0 
1 0 1 0 1 1 0 1 1 1 0 1 0 1 1 1 0 0 0 0 1 1 0 0 1 0 0 1 1 0 1 0 0 1 0 1 0 0 1 0 0 1 1 0 1 0 0 1 0 0 1 0 1 1 0 0 
1 0 1 0 0 1 0 0 0 0 0 0 1 1 0 1 0 1 1 1 1 1 0 0 1 1 0 1 0 0 1 1 1 1 1 1 0 1 0 0 0 0 0 1 1 1 0 1 0 1 1 0 1 1 0 0 
1 0 1 1 0 1 1 1 0 0 1 0 0 1 0 0 1 0 1 0 1 1 1 0 0 0 0 1 0 0 0 1 0 1 0 0 0 1 0 0 0 1 0 0 0 0 0 1 1 1 1 0 0 0 0 0 
1 0 0 1 0 0 0 0 1 0 1 0 0 1 0 0 0 1 0 0 1 0 1 0 1 0 1 1 0 1 1 1 0 1 0 0 1 0 1 1 1 0 1 1 1 1 1 1 0 1 1 0 1 0 0 0 
0 1 1 0 1 0 0 1 0 0 1 1 1 0 0 0 0 1 1 1 1 0 0 1 1 1 1 0 1 0 0 1 1 1 0 0 1 0 1 1 0 1 1 1 1 1 1 0 1 0 1 0 0 0 1 1 
1 1 1 1 1 1 0 0 0 0 1 0 0 0 1 1 1 0 0 1 0 0 1 1 0 0 1 1 0 0 0 0 1 0 1 0 1 1 1 0 0 0 0 0 0 1 1 0 0 0 1 0 0 0 1 0 
0 0 1 1 0 0 1 0 0 0 0 1 1 1 1 1 1 1 0 0 1 1 0 1 1 1 1 1 1 0 0 1 0 1 0 0 1 1 0 1 1 1 1 1 0 0 0 0 0 0 0 1 0 0 0 1 
1 1 1 0 1 1 1 1 0 0 1 0 1 0 1 1 1 0 0 1 1 0 1 1 1 1 0 1 1 0 0 0 1 1 0 0 0 0 1 1 0 0 1 1 0 0 0 1 1 0 1 0 1 0 1 0 
0 1 1 1 1 1 0 0 1 0 0 1 0 1 0 0 1 1 0 0 0 0 1 1 1 0 1 0 1 0 0 1 1 1 0 0 0 0 0 1 1 0 1 1 1 1 0 0 1 0 0 1 0 0 0 1 
0 1 1 1 1 1 0 0 0 1 0 1 1 0 0 0 0 1 0 1 1 0 1 0 0 0 1 0 0 1 0 0 0 1 0 1 1 0 1 1 1 1 0 1 1 1 1 1 0 1 0 1 1 1 1 1 
1 0 0 1 1 0 0 1 1 0 0 0 0 1 0 0 0 0 1 1 1 0 0 0 0 0 1 1 0 1 1 1 1 1 1 1 1 1 0 0 1 1 1 1 0 1 1 1 1 0 0 1 1 1 1 1 
1 0 0 1 1 1 1 1 0 0 0 1 1 0 0 0 1 1 1 0 0 1 1 1 1 1 0 0 0 1 1 0 0 0 1 1 1 0 0 0 0 0 1 1 1 1 1 0 0 1 0 0 0 1 0 1 
1 0 0 1 0 1 1 0 1 1 1 1 1 0 1 0 0 0 1 1 0 1 0 0 0 0 1 0 0 1 1 1 1 1 0 1 1 0 1 0 1 1 1 0 1 0 0 1 1 0 1 1 1 1 1 1 
1 0 1 1 1 0 0 1 0 1 0 1 1 0 1 0 1 1 0 0 1 1 1 0 1 0 1 0 1 1 1 1 1 0 0 1 0 1 0 0 0 0 1 1 0 1 1 1 0 1 1 1 0 1 0 1 
1 1 1 1 0 0 0 0 0 0 1 1 1 1 1 1 1 1 0 0 0 1 1 0 1 1 1 1 0 1 1 1 1 0 0 1 1 0 1 1 1 0 0 0 1 0 0 1 1 0 1 1 0 0 1 1 
1 0 0 1 0 1 1 1 0 1 0 1 0 0 0 1 0 1 1 0 1 1 1 0 0 0 1 0 0 0 1 0 0 1 1 0 1 0 1 1 0 0 0 0 0 0 1 0 1 0 0 0 0 1 0 0 
1 1 0 0 1 1 0 0 0 1 0 1 0 0 0 0 0 0 0 0 1 1 0 0 1 1 1 1 0 1 1 0 1 1 0 0 0 0 0 1 1 1 0 1 1 1 1 1 1 1 1 0 0 1 1 0 
0 0 1 1 1 1 1 0 0 1 1 1 1 1 0 0 0 0 0 1 1 1 0 1 1 1 1 1 1 0 1 1 0 1 0 0 0 1 0 0 0 1 1 1 1 1 0 1 0 0 1 1 1 1 0 0 
1 0 0 0 0 1 1 1 0 0 1 0 1 1 1 0 1 0 1 0 0 1 1 0 1 0 1 1 0 0 1 1 0 1 1 0 1 0 1 1 0 0 0 0 0 1 0 1 1 1 1 1 1 0 1 0 
1 1 1 1 1 1 0 1 0 1 1 1 1 1 1 0 1 1 0 1 0 0 0 1 1 1 1 0 0 0 1 1 1 0 0 0 1 0 1 0 1 1 1 0 0 0 0 1 1 0 1 1 0 1 1 0 
1 0 0 1 0 1 0 0 0 0 0 1 0 0 1 1 1 1 1 1 1 0 0 1 0 1 0 1 1 1 1 0 1 1 1 0 1 1 0 1 1 0 0 1 0 0 0 1 1 1 0 0 1 1 1 0 
0 0 1 1 1 0 1 1 1 0 1 0 1 1 1 0 1 0 1 0 0 1 1 1 1 0 1 0 1 1 0 1 1 1 1 0 1 0 1 1 1 0 1 0 1 1 1 1 1 0 1 1 0 0 0 1 
0 1 1 1 0 0 1 1 1 0 0 1 0 1 0 1 0 1 0 1 0 1 0 1 1 1 0 1 0 0 0 0 0 0 0 0 0 1 0 1 1 0 0 1 1 0 1 1 0 1 1 0 0 1 0 1 
1 0 1 1 1 1 1 1 1 1 1 1 0 1 1 1 1 1 1 1 0 0 0 0 1 1 0 1 1 0 0 0 1 1 1 0 1 0 1 0 0 0 0 0 0 1 0 1 0 1 0 0 1 1 0 0 
