41 49 334
28 93 28 18 59 98 70 54 46 38 4 15 82 20 62 1 11 2 51 49 31 10 22 76 38 31 51 97 96 96 43 24 40 70 41 50 19 10 3 17 47 6 31 80 77 44 80 88 46 
83 88 28 92 10 55 30 92 5 26 87 52 69 62 92 90 2 41 9 63 96 77 61 1 7 40 78 2 72 17 47 54 4 26 97 13 81 26 4 37 4 43 89 24 4 80 65 58 72 
73 72 67 1 33 20 7 24 49 9 47 65 7 52 68 33 49 33 65 26 88 1 29 30 41 4 34 20 69 43 44 93 14 10 94 98 81 52 22 29 12 20 45 19 72 13 3 20 97 
67 45 84 19 26 66 60 29 99 31 49 93 74 42 6 36 35 4 16 86 77 97 50 96 41 68 67 5 22 86 1 40 31 37 58 8 2 69 36 52 100 85 44 25 78 49 60 12 4 
28 49 80 24 98 76 64 17 42 21 38 80 21 77 10 57 87 69 10 55 4 61 6 40 4 31 17 5 42 80 8 69 81 88 44 78 63 60 47 56 80 36 35 52 65 96 61 51 64 
70 57 68 31 63 59 86 45 76 90 86 7 98 7 87 85 50 17 99 61 63 54 40 50 89 44 14 84 4 16 100 73 73 19 55 87 77 41 83 4 30 68 11 79 74 97 63 76 13 
13 36 27 67 28 77 7 71 90 90 74 58 41 98 82 59 53 20 36 45 2 39 26 69 1 5 95 98 19 22 62 84 9 41 50 36 17 56 6 58 97 31 15 38 29 96 96 33 15 
83 29 68 74 54 89 74 10 83 23 81 56 85 64 64 25 65 100 93 20 57 50 68 40 17 57 68 64 53 52 31 35 32 98 60 37 86 34 99 20 56 79 75 92 94 91 68 58 42 
60 29 98 62 48 37 78 5 56 93 57 59 23 43 90 73 3 79 58 88 77 30 43 7 56 87 100 46 54 9 87 66 37 37 27 36 25 56 40 81 48 48 91 23 43 33 95 97 11 
4 84 87 33 78 93 41 64 44 86 18 52 25 83 40 13 61 75 37 16 15 69 15 14 60 37 56 44 83 52 54 39 87 40 71 65 84 63 80 27 49 49 78 25 83 69 37 43 43 
25 10 9 94 25 23 5 13 30 48 48 34 53 86 20 92 8 36 27 71 16 5 71 64 34 95 99 2 83 41 96 7 51 5 52 27 79 8 91 60 55 38 93 59 23 65 50 83 52 
28 53 19 32 23 35 65 17 33 18 51 73 14 9 75 70 13 1 100 20 44 59 27 81 4 85 56 20 87 38 71 66 90 42 98 12 76 14 80 8 32 82 32 97 90 7 66 2 59 
17 74 2 27 100 35 30 36 42 1 74 79 24 40 20 65 37 83 40 2 14 99 85 95 30 81 36 88 98 90 99 66 63 100 93 14 86 74 1 27 75 75 57 50 14 76 66 2 58 
5 3 23 55 88 17 36 20 5 24 70 94 22 35 8 73 27 21 59 53 73 37 79 47 94 28 60 21 93 61 31 49 16 53 3 55 22 38 74 26 13 95 71 34 30 78 59 8 50 
69 60 22 57 38 69 50 17 80 23 9 93 53 57 60 57 11 14 78 1 39 55 13 34 25 99 15 2 9 22 3 77 34 25 33 71 45 35 88 76 57 48 20 61 57 79 17 67 92 
47 19 83 1 84 16 78 34 30 79 42 3 82 70 36 58 2 59 54 88 98 29 96 97 49 56 53 27 73 72 71 71 90 53 71 25 20 48 58 1 79 99 3 12 68 91 21 22 1 
74 9 50 2 5 46 2 60 51 29 84 22 51 54 63 3 77 88 74 76 97 74 6 96 28 69 63 70 89 36 70 62 45 71 16 49 69 17 60 19 97 96 92 47 1 6 1 29 45 
74 57 42 47 62 37 27 31 51 96 71 87 18 85 83 88 100 83 56 68 94 26 65 89 69 63 42 75 64 70 19 89 26 12 88 40 100 14 70 3 9 92 89 78 76 23 18 27 5 
25 47 50 51 63 39 19 25 32 45 40 1 64 29 27 75 16 18 27 29 87 29 89 30 69 67 58 91 36 84 47 60 82 96 10 44 86 81 69 17 25 8 18 40 36 96 67 3 13 
93 31 51 21 72 80 89 90 89 79 25 73 25 84 54 72 46 50 58 26 18 74 2 77 43 42 13 38 8 67 2 100 98 52 20 21 84 8 10 72 38 86 96 14 69 2 85 66 51 
42 91 20 68 93 96 10 34 60 48 93 27 1 92 76 5 11 96 88 70 57 11 7 94 59 20 62 12 4 80 14 98 22 33 65 14 80 74 99 92 73 91 18 26 34 45 30 44 92 
17 13 100 79 71 93 89 90 6 100 46 85 65 95 7 97 59 72 29 84 23 20 9 65 89 34 99 85 63 94 76 31 59 27 61 29 19 50 71 24 1 16 61 66 10 67 14 20 38 
94 55 12 13 15 77 53 48 75 37 62 68 64 92 26 42 5 7 60 6 77 36 6 44 48 23 5 14 89 24 3 82 30 15 47 45 91 51 44 17 88 6 84 3 49 62 97 53 68 
56 58 96 43 16 39 90 90 43 55 78 18 58 12 47 24 58 91 66 8 35 82 47 92 17 2 40 30 98 45 97 5 54 92 48 69 82 89 11 24 44 88 41 53 99 40 28 8 82 
45 16 68 26 14 59 94 15 51 24 64 95 72 69 48 16 68 69 97 56 79 73 51 18 65 55 69 4 34 76 38 78 43 5 55 9 16 49 75 66 24 39 12 95 7 11 62 26 79 
11 81 9 83 84 79 47 90 99 3 24 26 40 53 21 96 8 29 11 56 3 28 31 41 39 25 99 50 39 24 80 49 57 41 31 92 71 29 81 69 31 56 94 22 9 14 18 68 94 
80 75 97 8 5 89 98 81 40 99 19 63 31 67 71 23 49 62 93 78 95 13 60 50 6 82 10 72 51 77 17 82 51 65 89 55 54 39 88 93 37 6 7 19 73 78 41 73 39 
33 50 85 45 10 35 3 43 96 26 45 25 42 26 27 7 67 34 12 57 21 56 45 26 62 64 50 91 4 23 82 89 72 66 33 33 52 87 27 100 64 23 24 58 1 50 16 67 83 
27 75 3 34 19 81 47 82 30 38 86 4 71 74 28 36 58 60 40 97 39 39 60 61 62 17 61 11 32 79 46 10 53 100 43 24 80 90 5 62 79 42 65 49 15 92 36 25 52 
75 21 42 13 80 54 26 97 67 89 80 97 34 90 2 33 84 25 65 25 29 26 3 71 90 3 37 82 91 61 85 65 33 26 30 13 31 55 61 97 43 40 46 76 81 47 61 65 23 
25 89 51 2 44 73 91 98 62 24 88 74 8 53 7 85 34 19 16 88 31 64 31 22 9 58 3 7 70 19 29 46 59 32 47 2 56 90 100 17 13 87 91 21 91 49 5 24 67 
72 12 49 88 94 70 48 3 24 55 73 42 35 18 1 66 17 54 22 6 53 90 18 92 32 90 82 80 47 58 98 18 21 46 57 14 68 5 16 91 11 40 33 45 10 85 63 26 38 
36 83 91 25 100 34 57 90 15 88 36 24 86 5 44 83 62 57 50 18 25 93 28 16 25 24 25 61 86 50 98 21 84 40 46 84 25 54 25 40 93 12 15 78 68 59 13 81 67 
14 98 91 6 77 59 82 1 83 42 86 85 92 7 68 83 4 51 8 9 27 99 1 90 13 31 58 71 43 38 38 56 88 80 62 64 38 43 64 73 37 2 57 28 60 24 62 63 27 
69 23 5 67 23 95 80 53 52 2 47 41 91 3 80 23 16 96 12 10 59 84 98 12 40 77 71 16 39 85 42 7 7 46 26 30 92 57 34 95 10 81 88 1 35 67 75 50 62 
86 11 73 70 9 84 61 85 7 76 23 91 69 82 50 67 7 79 58 15 12 5 24 44 92 76 78 58 50 79 72 36 90 44 57 98 79 17 34 85 45 9 28 65 90 77 83 48 7 
93 62 70 97 37 14 88 13 91 45 62 70 68 97 11 11 5 8 42 74 93 26 18 1 5 34 42 33 17 89 39 9 2 9 5 91 74 44 3 64 40 64 85 8 13 95 18 17 54 
59 42 47 37 11 99 93 45 41 26 13 81 64 73 83 24 29 73 97 72 27 13 11 42 97 18 54 44 88 23 49 98 64 47 86 75 46 79 71 86 56 83 66 19 55 100 43 83 24 
39 6 50 51 16 92 100 86 97 95 25 71 43 74 87 90 60 13 87 90 83 72 45 17 89 15 23 41 57 57 64 48 62 66 50 29 9 1 14 57 95 90 28 90 64 66 79 75 78 
65 64 12 88 60 80 28 74 2 68 83 10 84 82 71 1 83 99 9 36 65 17 30 54 44 71 69 61 49 43 38 65 58 1 4 17 80 32 43 33 51 77 42 34 58 64 34 92 63 
94 27 27 11 9 32 6 79 1 67 80 43 56 44 53 57 48 21 88 31 63 73 81 91 14 67 48 78 52 40 92 46 18 70 8 26 1 65 5 1 83 84 96 39 79 100 47 78 20 
1 1 0 1 0 0 1 0 0 0 1 1 1 0 0 0 1 0 0 0 0 1 0 1 0 0 1 1 0 1 0 0 0 0 1 0 1 0 0 1 0 0 0 1 0 0 1 0 0 
0 0 0 1 0 1 1 1 1 0 1 0 0 1 0 1 1 1 0 1 1 1 0 1 1 1 0 1 1 0 0 1 0 0 0 0 0 1 1 1 1 1 1 1 0 1 0 1 0 
0 1 0 1 1 1 0 0 1 0 1 1 0 0 1 0 0 0 0 1 1 1 0 0 0 0 1 0 0 0 0 1 1 0 0 0 0 1 1 1 1 0 1 1 1 0 1 1 0 
0 1 0 1 1 0 0 1 1 0 0 0 0 1 1 1 1 0 1 0 1 0 1 1 1 0 0 0 0 0 0 0 1 0 1 0 1 1 0 0 1 0 0 0 1 0 1 0 0 
0 1 1 0 0 0 0 1 1 0 1 1 0 1 0 1 0 0 0 0 0 0 1 0 1 1 1 1 0 0 1 0 1 0 1 1 0 1 0 1 1 1 0 1 0 0 0 1 1 
0 1 1 1 0 0 0 0 1 1 0 1 0 1 0 0 0 0 0 1 0 0 0 0 0 1 0 1 0 1 0 0 0 1 1 1 1 1 1 1 0 1 0 0 0 1 0 0 1 
1 1 1 1 1 1 1 1 0 0 1 1 0 1 0 0 1 1 1 0 0 0 1 1 1 1 0 0 0 0 1 1 0 0 0 1 0 1 0 0 0 1 1 0 1 1 0 0 0 
0 0 0 0 1 0 1 1 0 1 1 0 0 0 0 1 0 0 1 1 0 1 1 0 0 0 1 0 0 1 0 0 1 1 1 1 1 0 0 1 0 1 1 0 1 0 1 1 0 
0 0 0 1 0 0 0 0 1 0 0 0 0 1 0 1 0 1 0 0 1 1 0 0 1 1 1 1 0 0 1 1 0 1 0 0 0 0 0 1 0 1 0 1 0 0 0 0 1 
1 0 0 0 1 0 1 0 1 0 0 1 1 1 1 1 0 0 1 0 0 0 1 1 0 0 1 0 0 1 1 1 0 1 0 1 1 1 1 0 0 1 1 1 1 1 0 1 1 
1 1 1 0 0 1 0 0 0 1 1 0 0 0 0 0 0 1 1 0 0 0 0 1 1 1 0 0 0 1 1 1 1 1 1 1 0 0 0 0 1 1 0 1 1 0 1 0 1 
1 0 1 1 0 1 0 1 1 1 1 1 0 1 0 1 0 1 1 0 1 0 1 0 0 1 0 1 0 0 0 1 0 0 0 0 1 1 1 0 0 1 1 0 0 1 0 0 1 
1 1 0 1 0 1 0 1 1 1 0 1 1 1 1 1 0 1 0 1 0 1 1 1 0 1 1 0 1 0 1 1 1 1 0 1 0 0 1 1 1 1 0 1 0 1 0 0 0 
1 1 1 0 0 0 0 0 0 0 1 0 1 0 1 1 1 0 1 1 1 1 1 0 1 0 1 1 0 1 1 1 1 0 1 1 1 0 1 1 0 1 1 0 1 0 1 0 0 
0 0 0 1 1 0 1 1 1 0 1 1 1 1 0 0 0 1 1 0 1 0 1 0 1 1 1 1 0 0 1 0 0 1 0 1 0 1 0 1 1 1 0 0 0 0 0 1 0 
1 1 1 1 0 1 0 1 0 1 1 0 1 0 0 0 0 1 0 1 1 0 0 1 0 0 1 1 1 0 1 0 0 0 0 0 1 0 0 1 0 1 0 1 1 0 1 1 0 
0 0 1 0 0 0 0 1 0 1 0 0 0 0 0 0 0 1 1 1 1 1 1 0 1 0 0 1 1 1 1 1 0 1 1 0 1 0 1 1 1 1 0 0 0 0 0 0 1 
0 1 0 1 0 1 0 0 1 1 0 0 1 1 0 0 1 1 1 1 0 1 0 0 1 0 0 1 1 0 1 1 0 1 0 0 0 0 1 1 1 1 0 0 0 0 0 1 1 
0 0 0 1 1 0 0 1 0 1 0 0 0 1 0 0 1 1 0 1 0 0 1 1 0 1 1 0 0 1 0 0 1 0 1 0 0 1 0 0 0 0 0 1 0 1 1 1 0 
1 1 0 1 0 1 1 1 0 0 1 1 0 1 1 0 0 1 0 1 1 0 0 0 0 1 0 1 0 1 1 1 0 1 1 0 0 0 0 1 0 1 0 0 1 1 0 1 1 
0 1 0 0 1 0 1 0 0 0 0 0 0 1 0 1 0 1 0 1 1 1 1 0 1 0 1 1 0 1 0 1 0 0 1 1 1 0 1 1 1 1 1 1 0 0 0 1 1 
0 0 0 1 1 0 1 1 0 0 0 1 0 1 1 0 0 0 1 1 1 1 0 0 0 1 0 0 1 1 1 0 1 1 1 1 0 0 0 0 0 0 1 0 1 0 1 0 0 
0 1 1 1 1 1 0 0 1 0 1 1 0 1 0 1 1 1 1 1 0 1 0 0 0 0 0 0 1 0 0 0 1 1 1 0 0 1 0 0 0 1 1 0 1 1 1 0 1 
1 1 1 0 1 1 1 0 1 1 1 1 0 1 0 1 1 0 0 0 0 0 0 0 1 0 1 0 0 1 1 1 0 0 1 0 0 0 0 1 0 1 1 0 1 1 1 0 0 
1 0 0 1 1 0 0 1 1 1 1 0 0 0 1 1 0 1 1 0 1 0 0 0 1 0 1 1 0 1 1 1 0 1 1 1 0 1 0 1 0 0 0 1 0 1 0 0 0 
1 1 1 1 1 1 1 0 1 0 0 0 1 1 0 0 0 1 0 0 0 0 0 0 0 1 0 1 1 1 1 0 0 0 0 1 1 1 1 0 1 1 1 0 1 1 0 1 1 
1 1 1 1 0 1 1 1 1 0 1 0 1 1 0 1 1 0 0 0 1 1 1 1 0 1 0 1 0 1 0 1 1 1 0 1 0 1 0 0 1 1 0 0 1 1 1 0 1 
1 1 0 0 0 1 0 0 1 0 0 1 0 1 0 0 1 1 0 0 1 0 1 1 1 1 0 0 0 0 1 1 1 1 0 0 1 0 0 0 0 0 1 1 1 1 1 0 0 
1 0 0 0 1 1 1 0 1 1 0 1 0 1 1 1 1 1 0 0 1 1 0 1 0 1 0 0 0 0 0 0 0 0 0 1 1 1 1 0 0 1 0 0 0 1 1 0 0 
0 0 1 1 0 0 1 0 0 1 0 0 0 0 0 0 0 1 0 1 0 0 1 1 0 1 1 1 1 1 1 1 1 0 0 0 0 1 0 0 1 0 0 1 1 0 1 1 1 
1 1 1 0 0 0 0 0 0 0 1 1 1 0 1 0 0 1 0 1 1 1 0 1 1 1 0 0 1 0 1 0 1 1 0 1 1 1 1 1 1 0 1 0 0 0 0 0 1 
1 0 0 0 0 1 1 0 0 1 1 0 1 1 1 0 0 0 1 1 0 1 0 0 0 0 1 0 1 1 1 0 1 1 0 0 0 1 0 0 1 1 0 0 0 1 0 0 0 
1 1 0 0 1 0 0 0 1 0 1 1 1 1 0 0 1 0 1 0 0 1 1 1 0 1 0 1 1 0 1 1 0 1 1 1 0 0 1 1 0 0 0 0 1 1 0 0 1 
1 1 0 1 0 1 1 0 1 0 1 0 0 0 0 1 0 1 1 0 1 1 0 1 1 0 1 0 1 1 0 0 0 0 1 1 1 0 1 1 1 0 1 1 1 1 0 1 0 
0 1 1 1 1 1 0 0 0 1 1 1 1 1 0 1 1 1 0 1 0 1 0 0 0 1 1 1 0 0 0 0 1 1 1 1 0 1 1 0 0 0 0 1 1 0 0 0 1 
1 0 1 0 0 1 1 0 1 0 0 1 0 0 1 0 1 0 0 0 1 1 1 1 1 0 0 1 1 1 0 0 1 1 0 1 0 1 1 1 0 1 1 0 1 0 0 0 0 
1 1 1 0 0 0 1 0 0 0 1 1 0 1 0 1 0 0 1 1 1 1 1 1 0 0 0 0 0 1 0 1 0 1 1 0 1 0 0 1 0 0 1 0 1 1 1 1 1 
1 1 1 0 0 0 0 0 0 0 1 1 0 0 1 1 0 1 0 0 0 1 1 0 0 1 1 0 1 1 1 0 0 0 0 0 0 0 1 1 0 0 0 0 0 0 1 0 1 
1 1 1 0 0 1 1 1 1 1 0 0 0 0 0 1 0 0 1 0 1 0 0 1 1 0 0 1 1 0 0 0 1 0 1 1 1 0 1 0 1 1 0 1 0 0 0 0 1 
0 1 0 0 1 0 1 0 0 0 1 0 1 0 0 1 1 1 0 1 0 1 0 0 1 1 0 0 0 0 1 0 1 1 0 1 1 0 1 1 0 0 0 1 0 0 0 1 1 
1 0 0 0 0 0 1 0 0 1 0 0 0 0 0 0 0 1 1 0 0 1 1 0 1 0 1 1 1 0 0 0 1 0 0 1 0 1 1 0 1 1 1 1 1 1 1 0 0 
