49 67 1630
6 90 11 71 20 72 84 3 88 15 37 60 87 11 31 2 42 35 4 81 88 23 17 34 25 90 81 46 79 42 35 36 31 98 6 50 69 41 4 8 7 40 67 93 2 49 95 95 83 50 76 23 72 92 56 48 33 36 93 11 29 28 46 59 77 3 60 
45 95 16 52 54 7 70 46 9 70 92 55 5 93 30 27 16 73 82 63 5 70 56 15 98 35 12 9 11 66 20 7 13 87 58 66 94 79 11 54 48 55 8 4 99 90 30 15 62 64 77 19 33 84 85 82 18 97 90 28 14 62 34 26 48 43 91 
93 73 54 98 73 60 58 76 58 47 6 72 60 69 1 78 53 84 63 34 2 11 76 81 76 37 67 2 84 61 92 29 34 97 26 58 56 83 33 66 81 90 37 41 10 89 70 62 73 84 48 26 46 23 58 22 11 76 23 46 37 66 74 22 63 100 31 
70 34 63 35 15 5 24 7 14 64 76 28 88 60 75 13 5 97 23 26 59 98 100 4 86 18 78 59 32 29 89 1 62 4 88 28 8 63 34 21 26 10 48 14 21 22 78 25 70 100 3 28 50 54 32 35 71 61 94 2 89 34 55 2 37 42 30 
44 4 63 65 81 72 64 94 92 86 72 69 7 71 23 87 20 76 70 7 99 30 100 100 70 85 54 71 22 47 100 65 2 15 81 83 38 45 76 30 82 99 50 88 70 72 26 41 99 95 47 97 76 98 49 45 83 2 68 56 1 19 20 2 33 1 36 
71 45 64 52 26 62 53 65 83 24 43 24 74 37 22 71 65 72 19 61 6 72 28 61 24 99 80 78 83 32 13 5 28 76 8 53 38 60 70 20 35 12 95 9 100 69 31 64 40 1 25 45 24 4 57 48 54 88 25 37 20 37 93 47 65 1 52 
54 12 73 73 47 84 20 7 35 88 89 99 27 89 75 23 12 30 79 11 84 66 35 72 37 24 16 36 88 16 87 41 80 59 65 26 94 36 84 28 23 72 78 1 12 4 75 75 86 53 86 21 71 20 92 59 95 59 94 82 75 32 74 6 90 39 31 
35 74 66 15 49 89 92 49 100 48 24 26 33 28 11 53 50 83 96 61 77 54 54 11 80 86 84 85 27 74 67 14 100 32 28 48 72 71 48 71 18 23 49 2 3 11 6 4 93 1 64 22 7 18 32 86 55 67 23 33 41 89 46 40 73 25 39 
44 96 86 67 65 9 15 67 63 77 72 66 70 25 30 43 31 99 26 68 5 92 90 37 84 31 35 75 55 59 13 50 54 51 16 71 11 82 89 73 59 60 38 80 36 19 74 18 69 99 86 73 42 27 62 78 9 96 52 63 6 17 13 12 67 80 82 
29 14 70 1 24 81 90 3 69 9 28 86 29 78 71 2 19 50 15 48 58 62 52 73 67 68 37 30 86 16 11 14 29 32 66 52 65 55 6 33 15 33 18 44 10 41 97 81 42 63 80 51 24 31 23 42 50 59 72 87 27 34 52 7 66 17 11 
82 24 16 14 38 1 83 33 62 75 29 94 16 91 74 67 66 56 41 8 6 52 31 44 78 64 96 84 81 12 46 62 35 62 27 25 14 62 57 75 36 38 21 4 28 94 70 46 49 62 5 6 13 35 50 42 98 45 78 31 8 23 44 95 36 71 19 
49 32 75 76 19 12 96 22 92 41 43 89 41 5 93 47 69 27 96 63 76 92 40 6 99 14 2 93 50 24 63 50 55 38 77 25 1 24 47 44 64 89 32 5 45 76 51 66 2 98 28 78 89 67 35 39 80 88 84 81 11 46 83 65 35 59 42 
36 83 88 31 98 28 15 2 73 90 4 38 92 53 65 21 93 83 7 84 14 95 67 95 5 12 29 22 47 87 63 34 21 50 64 19 77 30 20 1 20 76 38 11 80 54 83 73 36 89 56 2 35 74 48 40 85 76 61 83 62 75 16 35 76 32 53 
52 61 24 5 80 99 94 42 31 48 76 3 35 65 10 88 51 83 35 90 19 62 2 2 76 76 69 10 3 100 62 55 13 85 11 44 36 4 86 66 3 61 20 90 77 81 77 28 63 12 69 81 73 23 34 48 50 3 57 53 54 70 59 66 55 69 10 
90 72 47 7 27 59 26 16 36 6 92 15 20 55 35 52 80 57 86 27 7 40 36 59 93 5 17 11 11 85 72 52 8 18 58 34 28 35 1 63 40 93 29 11 47 64 63 26 20 100 5 26 39 92 36 83 48 52 93 59 88 16 10 48 33 68 81 
13 2 82 75 94 26 56 4 24 19 18 50 90 17 6 68 55 97 3 90 96 7 34 54 94 50 64 93 34 83 74 46 36 7 73 81 84 28 85 7 98 54 8 39 71 13 6 77 61 61 66 57 67 100 10 12 1 25 5 34 59 30 80 47 88 4 27 
71 31 63 77 80 17 37 18 39 49 24 15 10 36 33 18 2 84 79 65 84 56 21 17 14 2 48 12 89 51 39 11 33 1 40 12 69 76 30 7 76 5 22 37 40 6 54 93 89 85 57 72 40 30 40 5 31 40 17 72 42 55 34 75 7 73 38 
76 100 67 34 76 71 7 64 62 12 18 54 52 2 63 23 93 92 15 97 74 6 13 45 47 19 31 73 26 55 11 53 55 29 86 82 52 93 45 13 56 14 19 8 67 81 82 59 72 48 56 97 53 20 94 52 39 24 76 16 78 86 20 84 67 57 65 
18 49 62 82 57 27 100 64 94 80 45 4 3 93 11 100 97 31 93 48 21 68 24 88 45 61 7 29 27 15 45 96 64 6 78 72 33 77 35 78 9 79 81 11 23 92 62 20 74 54 19 46 73 94 33 18 55 91 98 33 5 42 29 20 48 58 91 
32 34 77 9 42 8 41 53 30 84 66 1 57 72 72 2 44 65 86 61 71 28 58 56 85 100 84 4 99 41 47 82 26 23 42 68 30 82 72 12 66 37 64 74 8 35 28 4 52 13 64 74 93 74 29 77 25 12 32 23 4 78 56 82 53 97 49 
34 30 72 45 47 60 9 73 20 95 100 23 98 64 38 72 56 11 100 32 35 64 16 9 67 93 64 48 97 12 48 31 94 71 27 40 83 87 12 2 82 63 76 79 27 13 50 82 76 2 66 10 65 81 71 83 25 86 31 22 98 30 52 91 53 78 82 
35 17 46 88 98 8 63 28 34 27 30 68 54 31 33 16 95 13 86 77 37 71 59 10 20 41 13 62 93 43 44 79 59 41 66 56 48 80 35 34 58 64 1 12 46 33 27 40 97 12 69 85 34 79 95 54 71 7 67 63 49 10 41 7 2 58 14 
50 37 1 83 47 16 83 58 62 67 84 53 63 47 73 47 80 52 93 85 22 100 52 37 100 13 29 59 15 87 24 64 75 24 98 21 40 32 30 53 98 13 5 60 59 78 58 91 81 51 75 2 2 26 90 53 39 19 63 5 57 87 68 83 62 17 4 
1 48 33 5 97 98 10 56 8 39 65 98 19 67 73 72 20 50 62 73 40 80 35 44 88 73 63 70 35 79 25 87 78 10 92 74 7 53 81 14 91 46 64 61 64 36 32 36 85 45 60 25 76 46 20 63 19 83 85 53 13 9 91 91 18 34 64 
76 86 45 42 28 42 5 40 57 92 72 92 28 16 51 4 44 97 24 6 67 6 90 71 18 51 61 60 20 95 24 48 32 20 89 60 13 45 99 69 88 22 13 15 90 15 19 33 11 42 90 77 99 32 47 68 82 60 28 1 6 3 48 37 74 88 48 
86 84 99 6 71 72 70 86 61 85 4 45 95 97 87 24 47 18 22 66 99 33 93 51 38 47 51 27 20 38 74 57 22 24 15 92 96 84 29 8 68 84 5 15 32 91 90 78 60 63 44 10 96 88 60 85 87 10 11 6 100 37 15 73 12 29 16 
59 12 45 67 32 80 23 98 12 65 87 41 24 1 84 33 48 24 44 33 10 54 95 67 5 31 81 77 95 61 92 53 25 88 19 56 68 93 5 31 57 43 71 80 43 55 64 91 30 8 23 91 13 17 57 17 100 90 45 94 50 88 98 74 76 17 81 
95 61 37 25 18 79 95 49 22 1 65 64 82 72 86 72 84 54 29 52 5 70 96 50 19 83 48 45 10 16 77 4 76 66 80 45 44 75 46 17 27 10 80 9 33 17 80 68 71 60 19 27 29 66 29 100 100 76 96 10 43 24 65 70 89 45 67 
33 71 12 1 97 73 81 57 57 97 37 24 19 48 94 46 29 11 74 28 10 1 75 19 43 98 36 12 39 80 78 23 50 41 23 98 13 3 55 21 100 43 44 70 42 89 15 70 99 40 49 9 40 75 79 34 25 14 98 63 93 27 85 94 68 7 44 
32 62 50 53 13 44 48 82 85 37 49 7 35 88 55 43 80 30 74 65 54 87 62 68 32 89 52 25 8 10 20 39 23 69 43 35 12 91 17 97 27 17 3 13 4 9 8 35 90 81 100 95 67 61 62 98 1 65 75 8 75 94 99 49 63 41 84 
26 83 52 74 9 68 28 74 23 37 81 10 26 61 9 73 27 21 34 77 22 99 51 81 25 44 79 73 58 72 8 36 54 11 9 15 78 37 88 53 73 20 62 50 80 22 22 58 42 8 34 15 6 36 48 82 32 78 6 41 49 14 76 55 24 85 21 
54 21 60 58 45 79 19 46 10 92 20 67 33 27 53 100 84 88 99 17 19 76 22 60 77 87 35 31 11 71 51 16 43 62 73 39 40 43 85 49 34 56 67 18 82 19 69 17 7 67 33 77 43 54 88 71 41 75 1 3 45 3 70 40 64 42 78 
55 36 14 55 21 69 21 90 2 40 59 18 98 77 50 74 71 56 62 41 48 36 93 50 32 95 19 71 10 12 1 16 47 14 70 19 35 91 8 36 30 18 6 27 95 55 52 17 62 13 58 9 100 50 10 32 97 28 54 58 91 54 74 37 20 43 7 
54 33 67 89 14 84 94 92 30 1 44 47 14 8 56 23 8 5 32 91 53 12 96 11 2 50 84 91 69 78 97 22 63 63 62 76 99 8 68 28 8 63 26 73 70 81 95 29 38 79 19 90 90 67 100 91 16 35 81 36 65 30 9 27 92 22 2 
42 29 21 70 88 83 95 61 53 28 55 81 65 85 52 54 74 18 6 17 85 92 97 72 56 78 80 34 22 1 36 63 82 8 32 69 91 79 29 43 6 36 75 22 20 78 75 46 47 32 62 83 24 10 54 31 88 85 65 9 38 52 71 19 59 55 87 
49 85 68 43 42 3 70 63 74 99 89 19 46 21 80 28 96 90 34 78 77 18 42 37 55 45 7 73 4 13 12 4 97 79 99 38 33 68 100 6 66 89 77 63 61 56 43 8 97 76 85 25 45 27 61 100 23 68 24 26 32 35 82 29 65 80 18 
97 99 18 55 64 58 31 79 70 38 21 77 35 48 61 59 92 39 20 91 62 39 67 39 70 53 20 50 18 51 68 66 49 37 20 65 46 2 43 15 40 15 91 74 62 3 84 53 94 55 96 55 45 62 45 67 14 17 16 31 67 83 97 16 19 68 32 
16 70 74 30 9 88 72 34 49 27 69 53 20 24 48 26 68 9 70 34 23 38 50 5 57 84 53 24 55 21 55 70 42 28 52 2 67 23 35 67 1 55 19 20 78 19 45 46 27 67 31 1 56 32 6 12 16 58 35 22 30 89 43 23 68 94 24 
86 69 10 4 69 65 23 89 42 93 85 39 19 3 22 20 59 53 77 70 20 86 57 41 68 97 84 90 65 77 14 2 97 75 6 66 91 80 6 85 72 90 23 90 45 44 61 3 49 89 24 68 75 80 9 42 77 92 31 93 20 96 94 17 23 51 34 
13 30 39 97 53 80 72 95 24 67 55 26 15 44 50 83 70 81 91 11 9 34 93 1 5 41 47 73 15 49 6 27 31 44 76 83 76 47 77 99 65 84 25 80 79 26 62 48 58 4 10 67 89 54 19 45 46 17 18 60 66 23 39 96 19 14 30 
94 12 7 44 76 90 20 7 20 97 20 67 55 75 28 73 15 81 43 60 27 60 77 38 77 51 28 24 21 41 53 66 4 11 10 32 100 29 38 19 26 10 37 32 84 64 4 99 97 46 58 75 57 86 64 33 88 92 8 61 32 61 26 88 71 87 71 
23 68 60 93 45 69 30 76 53 45 31 3 93 76 60 67 85 97 31 17 84 22 77 44 5 37 22 44 59 60 14 33 27 74 26 71 42 7 46 46 3 76 48 96 4 59 62 88 55 44 56 91 65 32 86 22 20 7 65 31 67 79 63 45 4 40 16 
97 98 13 95 1 89 42 48 44 1 9 31 7 5 86 49 21 70 35 42 89 93 7 71 11 37 34 56 92 25 71 88 23 35 82 75 23 76 22 66 28 30 48 86 86 86 35 7 55 69 48 95 61 6 66 72 94 51 79 85 75 1 25 97 35 58 71 
10 85 92 27 12 74 75 98 59 60 84 17 66 52 65 60 64 22 25 87 16 27 65 52 2 17 28 50 52 86 21 13 22 64 39 34 89 13 83 100 24 66 16 41 69 32 1 84 54 77 71 21 4 87 72 57 4 100 6 7 37 26 19 58 42 57 43 
30 22 77 81 97 94 97 38 14 28 90 98 81 66 68 1 21 54 25 77 9 76 83 15 64 60 85 21 53 42 16 35 15 44 15 11 38 11 100 51 91 89 48 71 7 67 24 27 73 100 56 33 75 90 48 38 49 84 10 54 77 77 88 91 21 2 54 
58 65 53 60 55 42 60 77 100 26 52 26 50 51 81 83 77 70 82 14 71 65 76 76 42 52 63 84 72 16 89 81 32 42 93 86 35 52 15 34 29 18 11 79 21 44 61 97 65 94 63 87 58 90 62 51 41 24 35 65 40 75 45 23 16 89 9 
2 40 75 87 21 44 50 99 64 93 11 13 57 4 75 44 13 16 5 64 56 81 50 20 72 24 17 94 92 57 54 45 97 80 84 69 24 33 67 87 77 29 51 85 84 25 28 96 40 85 11 48 17 60 19 88 36 87 33 27 44 87 23 92 66 6 60 
89 38 78 28 66 6 78 51 89 55 30 36 46 14 47 45 82 6 64 69 41 50 54 19 45 40 42 36 57 47 47 98 37 24 25 2 81 54 4 21 60 34 57 6 99 3 50 81 60 65 1 53 67 54 71 11 45 64 99 2 63 45 99 51 21 75 4 
1 28 8 74 88 41 30 45 39 84 46 19 43 11 72 47 77 25 70 39 70 33 37 23 47 34 21 97 6 47 1 58 26 60 31 65 100 12 9 90 95 55 9 90 17 80 36 93 56 5 83 77 90 20 99 36 5 71 85 62 17 85 19 43 44 2 59 
0 0 1 1 1 1 1 0 1 0 1 1 0 0 1 0 1 0 1 0 0 1 0 1 0 0 0 0 1 1 0 1 1 1 1 0 0 0 0 1 1 0 0 1 0 0 1 1 0 0 1 1 0 0 0 0 0 0 0 0 1 0 1 1 0 0 1 
0 1 0 0 0 0 0 1 0 0 0 1 1 1 0 0 1 0 0 1 1 1 1 1 0 1 0 1 1 1 1 0 0 1 0 0 1 0 1 1 1 1 0 0 0 0 0 1 1 0 0 0 1 1 1 0 1 1 1 0 0 0 0 0 1 0 0 
0 1 1 1 0 1 1 0 1 0 0 1 1 0 1 1 0 1 0 0 0 1 1 0 0 0 1 0 1 1 1 0 0 0 1 0 1 1 0 1 1 0 0 0 1 1 1 1 0 1 1 0 0 0 1 0 0 0 1 0 1 0 0 0 0 1 0 
0 0 1 1 1 1 1 1 0 0 0 1 1 1 0 1 0 1 0 0 1 0 1 1 0 1 1 0 0 1 0 0 1 1 1 1 1 0 0 1 0 1 1 1 0 1 1 0 0 1 1 0 0 0 1 0 0 1 0 0 0 0 0 1 0 1 0 
1 1 1 0 1 0 1 1 0 1 0 1 1 1 0 1 1 0 1 1 0 0 1 0 0 0 0 1 0 1 0 1 0 1 1 0 1 1 1 1 0 1 0 1 0 0 1 0 1 0 1 1 0 1 0 0 1 0 1 1 0 1 0 0 0 1 0 
1 0 1 1 0 0 1 0 1 0 1 1 1 1 0 0 1 1 0 1 0 1 0 1 1 0 1 1 0 1 0 0 1 1 1 0 0 0 0 1 0 1 0 1 0 0 0 1 0 0 0 0 1 0 0 0 0 1 0 1 0 0 1 0 1 0 0 
1 0 0 0 1 1 0 0 1 1 0 0 1 1 0 1 0 0 1 1 1 1 1 0 1 1 1 1 0 1 1 0 1 1 0 0 0 1 1 1 0 1 1 1 0 1 0 1 0 0 0 1 1 1 1 0 0 0 0 0 1 1 0 0 1 1 1 
1 0 0 1 0 1 0 1 0 0 1 1 0 1 1 1 0 0 0 1 0 0 1 0 1 0 1 1 1 0 0 1 0 0 0 0 0 0 1 0 0 0 1 0 0 0 1 0 0 1 1 0 1 0 0 0 1 1 0 0 1 0 1 1 1 1 1 
1 0 0 1 0 1 0 1 1 0 0 1 0 0 1 0 1 1 0 0 0 0 0 1 1 0 0 1 1 0 0 0 0 1 1 0 0 1 1 1 1 0 0 1 0 1 1 1 1 0 1 1 0 1 0 1 0 1 0 1 1 1 0 1 0 1 1 
0 1 1 1 0 1 1 0 1 1 1 0 0 1 0 1 1 1 0 1 1 1 1 1 0 0 1 1 0 0 0 0 1 1 1 0 0 1 0 1 0 1 0 0 1 0 1 0 1 1 1 1 0 1 0 0 1 1 1 0 1 0 0 1 1 0 1 
0 1 1 1 1 0 1 1 1 1 0 0 1 0 1 0 0 0 0 1 0 1 0 0 0 0 0 1 0 0 0 0 1 1 1 0 0 1 1 1 0 0 1 1 0 1 1 0 1 1 1 1 0 0 1 1 0 0 0 0 0 1 0 0 0 0 0 
0 1 0 0 1 0 1 1 0 0 0 0 0 0 0 1 0 0 1 1 0 1 0 1 1 1 1 1 1 1 0 0 0 0 0 0 0 1 1 0 0 1 0 0 1 0 1 0 0 0 1 1 1 1 0 1 0 1 0 0 1 0 0 1 0 0 1 
0 1 0 0 1 0 1 1 1 1 1 1 0 1 1 1 1 0 1 0 1 0 0 1 1 1 1 1 1 1 0 0 0 1 0 0 1 1 1 0 1 0 0 1 0 1 0 1 1 1 1 0 1 1 1 1 0 0 0 0 1 0 0 0 1 0 0 
0 0 1 1 1 0 1 0 0 0 0 1 1 1 0 0 0 1 1 1 0 0 1 0 1 0 0 1 1 0 1 0 0 1 1 1 1 0 1 1 0 1 0 1 0 0 1 1 1 1 0 1 1 0 1 0 0 1 0 1 0 1 1 0 0 0 0 
1 0 1 0 0 1 0 0 1 0 1 0 0 0 1 1 1 1 1 0 1 0 0 0 0 1 0 1 0 0 1 1 1 0 0 1 1 0 1 1 1 1 1 1 1 0 0 1 1 1 1 0 0 1 1 0 0 1 1 0 1 0 0 0 1 0 0 
0 0 1 1 1 0 1 0 0 1 1 1 1 0 0 1 0 1 0 1 1 1 0 0 1 1 0 1 0 0 1 0 0 1 0 0 1 1 0 1 0 1 0 1 0 0 1 0 1 1 1 1 1 0 1 0 1 1 1 1 1 1 1 1 0 1 1 
1 0 0 1 1 1 1 0 1 0 1 0 1 1 1 0 0 1 1 0 0 0 1 1 1 0 1 1 0 0 0 0 1 0 1 0 0 0 0 1 0 0 1 0 1 1 0 1 0 0 1 1 0 0 0 0 1 1 1 1 0 1 1 1 0 0 1 
0 1 1 1 1 1 1 1 0 0 0 1 0 0 0 1 0 1 0 0 0 1 1 1 1 1 1 0 1 1 1 1 0 1 0 0 0 1 1 1 1 1 0 0 1 1 1 0 0 1 0 0 1 0 1 0 1 0 1 0 0 0 1 0 1 1 0 
0 1 0 1 0 1 1 0 1 0 0 1 0 1 1 0 0 1 0 1 0 0 0 0 0 0 1 1 0 1 1 0 0 1 1 0 1 0 1 0 1 1 1 1 0 0 0 1 0 0 0 0 0 0 1 1 0 0 0 0 1 1 0 1 1 1 0 
0 0 1 0 1 0 1 0 0 1 0 1 1 0 1 0 1 1 1 0 0 1 0 0 1 1 1 0 0 0 0 0 0 1 0 1 1 1 0 0 1 0 1 0 1 1 0 0 0 1 0 0 1 0 1 0 1 0 0 0 0 1 0 1 0 1 0 
0 0 0 0 1 1 1 0 0 0 0 0 1 0 0 1 1 0 0 1 1 0 1 1 1 0 0 0 1 1 0 1 1 1 1 1 0 0 1 0 1 1 0 0 1 0 1 0 0 0 1 1 0 1 1 1 1 1 1 0 0 0 1 1 1 0 0 
1 1 1 1 0 1 1 0 0 1 1 1 1 1 0 0 0 1 1 1 1 0 1 1 0 1 1 0 0 1 0 1 0 0 0 0 1 1 0 1 0 0 0 1 1 1 1 1 0 1 1 1 1 0 1 0 1 0 0 1 1 0 0 0 0 0 0 
1 1 1 1 1 1 1 0 0 0 1 0 1 0 1 0 0 1 1 0 0 1 0 1 1 0 1 1 1 1 1 0 0 0 1 1 1 1 1 0 1 0 0 0 1 1 1 1 0 0 1 0 0 1 1 1 1 0 0 0 1 1 1 1 0 0 0 
1 1 1 1 1 1 1 1 0 0 0 1 0 1 0 0 1 1 1 0 1 1 0 1 0 1 0 1 1 1 1 1 0 0 0 1 0 0 1 0 0 1 0 1 0 0 1 1 0 1 1 1 0 1 0 1 1 1 0 0 0 0 1 0 0 0 0 
0 0 1 1 0 0 1 1 1 1 1 0 1 0 0 0 0 1 1 1 0 0 0 1 0 0 0 0 0 0 0 1 0 1 0 1 0 1 0 1 0 1 1 0 1 1 0 0 1 1 1 1 1 1 0 1 1 1 0 0 1 0 1 0 0 1 1 
0 0 1 1 0 1 0 0 0 0 1 0 1 0 0 0 0 1 1 1 1 0 1 1 1 0 0 1 0 1 0 0 1 0 1 1 1 1 0 1 1 1 0 0 1 0 1 1 1 0 1 0 0 0 1 1 0 1 1 0 0 1 0 1 1 1 1 
0 1 1 0 0 0 0 1 1 0 0 1 1 0 0 0 0 0 1 1 1 1 0 1 1 0 0 1 1 1 0 0 0 1 0 1 1 0 0 0 0 0 1 1 0 1 1 0 0 1 1 1 0 0 0 1 0 0 0 1 0 0 1 0 1 1 1 
0 1 1 1 1 1 0 1 1 0 0 1 0 1 1 1 1 1 1 1 1 0 1 0 0 0 0 0 1 1 0 0 1 1 1 0 1 1 1 0 1 0 0 1 1 1 0 1 0 0 0 1 0 1 1 0 1 1 0 1 1 0 1 0 0 0 0 
1 1 0 1 1 0 1 0 1 0 1 0 0 1 0 1 1 0 1 1 1 0 1 0 1 0 1 1 0 1 0 1 1 0 0 0 0 0 0 1 0 1 0 1 0 0 0 1 0 1 0 0 0 0 0 1 0 0 1 0 1 1 1 0 1 1 0 
1 1 1 0 0 0 0 1 1 1 1 0 1 1 1 1 1 1 0 0 1 0 1 1 1 0 0 0 1 1 0 0 1 1 1 1 0 1 0 1 0 1 1 0 0 0 1 1 1 1 0 0 1 1 1 1 0 1 1 1 1 1 0 0 1 1 1 
1 0 1 0 1 0 1 1 1 0 0 0 1 0 0 0 1 0 1 0 0 1 1 1 0 1 1 0 0 0 1 1 1 0 1 0 0 0 1 1 0 1 0 0 1 0 0 1 0 1 1 0 0 1 0 0 0 1 0 0 0 1 1 1 1 0 1 
0 0 0 1 1 1 1 1 1 0 1 0 0 0 1 1 1 0 1 1 0 0 0 0 0 1 1 1 1 1 0 1 0 0 0 1 0 0 0 1 0 1 1 0 1 0 1 0 1 0 0 1 1 0 0 1 1 1 1 0 1 1 1 1 0 0 0 
0 0 0 1 0 1 0 0 0 0 0 1 1 0 1 1 1 1 1 1 0 0 0 1 1 1 0 0 1 0 0 1 0 0 0 0 1 0 1 0 1 1 1 0 1 0 1 1 1 0 0 1 1 0 0 0 1 1 1 1 1 1 0 0 0 1 0 
1 1 1 1 0 0 0 1 0 0 0 1 1 1 1 1 0 1 1 0 0 0 1 1 0 1 0 0 1 1 0 0 0 0 0 1 0 0 0 0 1 0 1 0 1 0 1 1 1 1 0 0 1 1 1 1 0 1 1 1 0 0 0 1 0 0 0 
0 0 0 1 1 0 0 0 0 1 1 1 0 0 1 0 0 1 0 1 1 1 1 1 0 1 1 1 1 1 1 1 1 1 0 1 1 1 1 1 0 0 1 0 1 0 1 1 1 1 0 1 0 1 0 0 0 1 1 1 0 0 1 1 1 1 0 
1 0 1 0 0 0 1 1 1 0 0 0 1 1 0 0 1 0 0 0 0 1 1 0 1 0 1 1 1 0 1 0 1 1 1 1 1 0 0 0 0 0 0 0 1 0 0 1 0 1 1 1 0 0 1 0 0 0 1 0 0 0 0 1 1 1 1 
0 0 1 0 0 0 0 0 1 1 1 0 1 0 1 0 0 0 1 0 0 1 1 0 0 0 1 1 1 0 0 0 0 0 0 1 0 1 1 1 0 0 0 1 0 1 0 1 1 1 1 0 1 1 0 1 1 1 0 0 0 1 0 0 1 1 1 
1 0 1 0 0 1 0 1 0 0 1 1 1 1 0 1 0 1 0 1 0 1 1 1 1 0 1 0 1 0 1 0 0 0 1 0 0 1 0 0 1 1 1 1 0 1 0 0 1 0 1 1 0 1 0 1 1 0 1 1 0 1 1 1 1 0 1 
1 0 1 1 1 1 0 0 1 0 1 0 1 1 1 0 1 0 1 1 0 1 0 1 1 1 0 0 1 1 0 0 1 1 0 0 0 0 1 0 0 0 0 1 1 1 0 1 0 1 0 0 0 0 1 1 0 1 0 1 0 0 1 1 1 1 0 
0 0 1 0 0 1 0 0 0 1 0 1 1 1 1 1 1 0 0 0 0 0 0 1 0 0 0 0 0 0 0 0 0 1 0 0 0 0 0 0 1 0 0 1 1 1 0 0 1 1 1 1 1 1 0 1 0 1 1 0 1 1 0 1 0 0 1 
0 0 0 1 1 0 1 0 0 0 1 0 0 0 1 1 1 1 0 0 1 1 0 1 0 1 1 1 0 1 0 0 1 0 1 0 1 0 1 1 1 0 1 1 0 1 0 1 0 0 1 1 1 1 0 1 1 1 0 1 0 1 1 1 1 1 1 
0 1 0 1 0 0 1 1 0 0 0 1 0 0 1 1 0 0 1 1 1 0 0 0 0 1 0 1 0 1 0 1 0 1 0 1 1 1 0 0 1 0 1 1 1 0 0 1 1 1 0 0 1 0 1 1 1 1 0 0 0 1 1 0 0 1 1 
1 1 0 1 0 0 1 0 1 1 0 0 0 0 1 1 1 1 0 1 1 1 1 1 1 0 0 1 0 1 1 0 0 1 1 1 1 0 1 1 0 1 1 0 1 0 1 1 0 1 0 1 0 1 0 1 0 0 1 0 1 0 0 0 1 0 1 
0 0 0 1 0 1 1 1 1 1 0 0 1 0 0 0 0 1 0 0 1 0 1 0 0 1 0 0 0 0 1 0 1 1 0 1 0 1 0 1 0 1 1 0 1 1 0 1 1 1 1 0 1 0 0 1 1 1 1 1 1 0 0 0 1 0 0 
0 1 0 1 1 1 1 1 0 0 0 0 1 1 1 0 0 0 0 0 1 1 1 1 1 0 1 1 1 1 1 1 0 0 1 1 1 0 1 0 0 1 0 0 0 1 0 0 1 0 0 1 0 0 0 1 0 1 0 1 0 0 1 0 0 0 1 
1 0 0 1 0 1 1 0 1 1 0 0 0 1 0 1 1 0 1 0 0 0 0 0 0 0 1 0 0 1 0 0 1 0 1 1 0 1 0 1 0 0 1 0 1 0 0 0 0 1 0 1 0 1 1 0 1 0 1 0 1 1 0 0 1 1 1 
1 0 1 1 0 0 0 1 1 0 1 0 1 0 0 0 0 1 1 1 1 1 0 1 0 1 1 0 0 0 1 0 1 1 1 1 1 1 0 0 0 1 0 1 0 1 1 0 0 0 1 1 1 1 0 1 0 1 1 1 0 0 1 1 1 0 0 
0 1 1 1 1 0 1 0 0 0 1 1 1 1 0 0 0 0 1 1 0 0 0 1 0 1 0 1 0 0 0 1 0 1 0 1 1 1 0 0 0 1 1 1 1 1 1 1 1 0 1 0 1 1 1 1 0 0 1 1 0 1 0 0 0 0 0 
1 1 0 1 1 1 0 0 0 0 0 0 1 0 1 1 1 0 1 1 1 1 0 0 1 1 0 0 1 0 0 0 1 0 0 1 1 0 1 0 0 1 0 0 0 1 1 1 1 0 0 0 1 0 0 1 1 0 1 0 0 1 1 0 1 1 1 
