48 53 193
82 68 34 63 77 45 18 63 78 99 83 47 8 56 26 95 59 85 80 59 62 18 83 31 27 81 18 20 41 19 1 74 38 34 36 66 30 6 29 59 4 63 5 63 18 31 57 28 15 89 87 28 58 
21 10 36 1 27 56 41 98 8 67 35 93 54 1 23 59 81 81 62 43 38 76 60 20 85 40 86 25 78 14 34 98 23 70 98 2 77 90 99 84 56 33 76 10 85 50 68 65 31 82 59 68 9 
19 39 93 58 24 69 35 37 3 84 12 72 81 13 48 70 11 83 78 95 58 87 32 8 6 48 90 87 7 9 48 77 47 92 86 70 61 72 7 63 55 70 86 87 82 33 56 44 67 85 90 24 71 
21 83 29 21 24 67 79 32 14 55 78 6 92 100 18 63 58 32 17 27 17 55 60 1 62 3 67 47 44 42 69 17 77 97 37 100 64 15 32 29 21 61 86 12 60 3 74 69 34 42 95 50 96 
54 2 57 8 68 55 52 10 24 68 38 20 56 37 35 22 20 64 42 33 49 5 44 4 30 13 37 71 7 39 18 61 40 26 20 60 81 71 21 56 90 58 75 97 94 62 18 66 77 11 98 77 67 
41 80 96 53 17 18 60 7 35 72 98 13 91 57 45 14 77 100 55 86 26 52 80 39 21 97 15 84 94 92 50 34 71 46 87 39 63 98 45 50 21 95 14 11 51 58 76 80 9 31 65 34 34 
96 73 54 92 87 37 85 30 39 71 1 84 9 91 98 6 88 47 26 82 60 88 32 69 64 63 77 46 28 11 79 75 35 32 67 73 21 3 3 59 73 55 94 33 97 91 38 84 90 15 65 49 3 
49 18 18 63 46 63 90 56 93 65 42 76 83 15 96 37 69 6 10 75 51 42 71 42 32 7 31 98 71 31 100 71 100 69 34 46 83 75 53 75 91 95 51 25 61 98 62 29 56 23 55 6 64 
25 47 47 31 29 45 54 12 96 76 11 17 61 8 99 36 61 26 78 7 76 3 67 25 64 47 32 86 1 38 1 77 36 100 60 17 44 13 28 91 40 38 7 1 98 6 88 58 31 65 64 58 67 
82 34 82 28 66 19 80 3 72 8 90 71 67 6 66 31 33 56 71 23 63 71 20 20 58 77 2 74 92 11 93 25 44 74 4 61 45 83 15 16 90 5 38 9 10 3 39 95 58 9 17 72 31 
36 91 40 64 44 14 7 54 58 31 98 31 34 58 27 68 73 94 9 29 31 17 38 33 8 84 43 68 100 14 99 87 57 90 2 100 55 60 54 12 90 3 95 75 60 21 94 84 15 3 64 45 71 
54 30 30 37 72 98 37 37 48 75 93 37 77 45 44 36 98 55 78 100 49 4 11 22 98 47 88 52 10 32 74 63 13 4 100 36 1 88 73 100 62 17 36 90 61 79 26 58 86 55 9 34 58 
72 55 55 70 42 58 79 26 32 94 90 35 45 26 87 32 50 86 45 66 73 35 27 4 12 36 89 66 97 22 23 68 29 30 89 22 87 67 99 18 12 41 52 56 66 90 39 67 75 84 32 48 70 
10 51 81 46 39 46 94 12 20 13 92 49 1 66 36 19 16 53 31 56 57 38 73 46 77 39 73 12 71 20 81 80 22 13 77 12 58 22 23 77 34 67 26 34 32 13 5 47 65 35 3 73 24 
27 71 100 66 95 63 88 14 43 19 87 7 48 98 64 69 72 93 3 38 18 88 69 82 92 68 46 78 22 71 2 48 93 53 13 87 16 52 52 10 71 38 17 18 87 32 86 58 24 40 96 93 28 
16 74 71 83 72 49 4 42 2 4 86 54 68 72 69 20 75 31 90 12 47 59 50 78 44 7 54 84 54 46 63 70 20 33 4 91 33 60 84 34 63 69 88 30 92 8 1 18 38 90 29 36 100 
30 14 44 36 67 79 90 64 41 11 83 25 66 25 58 25 60 43 39 80 30 21 71 38 21 88 27 63 68 63 62 49 28 57 85 46 35 26 9 27 88 92 52 53 68 61 78 28 3 68 7 85 88 
30 74 9 69 100 23 89 62 84 37 41 41 21 86 27 98 95 54 85 38 57 90 5 17 67 84 71 34 91 55 74 72 28 82 40 80 4 28 93 39 65 34 31 37 19 58 35 65 63 71 2 19 60 
59 87 78 42 57 64 84 64 37 55 91 18 95 22 73 74 15 63 38 100 46 27 70 3 61 35 17 83 88 35 43 98 21 72 92 77 35 75 40 71 82 83 40 28 56 64 1 22 27 91 21 24 17 
43 26 29 29 42 63 16 28 57 66 48 29 57 76 63 83 68 86 64 2 25 43 57 41 96 31 19 86 3 42 54 45 67 34 73 60 96 41 39 53 6 38 81 14 65 95 96 32 80 12 85 57 54 
94 97 49 24 15 86 26 56 39 23 74 72 95 85 20 87 23 72 44 12 4 57 76 98 53 8 30 64 92 86 17 37 34 18 60 48 3 86 55 42 60 28 65 6 64 84 93 38 7 36 49 10 93 
24 60 97 31 89 60 75 74 28 11 7 45 23 6 48 60 60 41 19 39 57 24 54 93 16 91 99 4 39 61 48 62 20 44 45 8 55 71 33 82 33 91 79 55 48 26 66 7 18 84 97 74 8 
50 66 75 92 17 30 30 77 77 43 48 72 39 55 26 9 39 60 94 81 38 48 28 15 14 86 32 49 82 5 8 83 23 35 74 39 64 55 67 93 97 14 64 36 20 42 96 58 1 89 38 38 89 
17 52 54 2 35 2 35 39 62 17 13 96 42 3 11 96 69 3 44 82 19 79 1 60 27 10 60 15 99 49 55 67 100 8 68 34 62 2 24 23 70 89 70 63 91 80 10 60 83 54 93 53 84 
46 12 10 7 71 77 58 19 83 24 70 91 92 55 4 45 30 78 67 18 99 29 61 78 91 72 12 44 64 64 27 61 75 89 68 97 17 77 67 99 100 88 89 43 94 44 88 24 73 6 93 71 86 
53 49 76 24 12 19 40 76 98 52 2 86 71 51 2 47 69 100 47 57 41 89 50 36 28 25 9 33 18 79 19 22 79 94 98 43 65 37 70 62 88 71 99 59 73 52 5 42 3 3 50 95 92 
51 31 19 28 91 4 97 21 22 18 100 67 15 42 31 3 11 44 43 33 42 1 58 93 57 99 48 60 100 42 3 50 72 73 77 14 76 25 35 49 43 34 16 9 27 98 64 89 42 6 21 83 6 
78 28 14 28 75 73 79 68 27 29 40 100 57 53 27 34 87 76 76 72 43 36 50 40 99 38 81 4 59 16 61 88 95 75 68 21 99 46 88 26 26 79 77 35 84 3 68 22 30 95 46 72 30 
95 12 29 33 44 84 43 11 45 82 5 19 49 25 69 95 65 46 72 43 74 6 78 77 73 100 58 67 45 30 49 39 93 29 23 36 12 65 47 56 47 3 26 95 80 47 41 44 92 65 38 66 70 
16 94 95 67 51 13 11 80 61 1 24 89 24 60 53 88 6 8 34 8 86 81 87 32 73 82 75 37 20 92 59 87 85 5 53 88 17 63 19 30 15 43 70 38 2 22 26 59 82 11 18 19 43 
57 2 68 38 28 56 9 20 66 95 4 70 99 43 39 61 62 20 28 4 89 65 57 63 42 15 96 5 32 66 99 40 67 66 30 46 22 38 65 87 85 21 9 83 63 47 96 24 66 23 27 6 39 
35 20 81 49 67 85 33 32 83 72 50 1 53 96 22 43 60 60 27 80 20 61 95 66 8 18 83 82 97 41 21 31 60 1 32 27 37 64 58 19 87 60 19 40 55 92 34 66 4 60 46 23 72 
40 41 80 9 75 61 57 15 33 88 75 33 19 1 69 34 10 40 72 69 10 63 75 54 96 41 9 7 38 31 79 29 23 10 37 98 22 94 12 55 33 38 39 3 38 8 88 100 99 59 20 8 22 
95 13 69 87 21 76 24 4 6 52 26 15 40 75 88 85 39 42 69 76 81 71 66 40 58 65 90 17 84 49 90 30 62 58 16 82 33 39 37 38 42 15 4 34 89 92 18 27 85 87 3 17 9 
68 8 19 84 97 35 19 46 76 49 7 33 16 40 18 7 77 7 48 91 63 33 31 6 3 58 90 41 12 59 49 31 66 67 14 15 53 84 60 28 84 18 13 100 9 82 6 37 88 5 27 50 38 
10 55 92 19 97 32 30 7 80 12 72 99 77 38 3 60 97 83 44 66 95 43 75 28 100 11 15 4 90 17 93 99 23 84 17 71 15 98 77 47 9 1 97 85 38 99 96 87 81 39 52 27 33 
26 54 32 89 21 88 30 89 80 28 63 16 96 34 82 93 62 80 53 62 76 37 52 27 32 38 59 23 89 38 55 67 43 39 7 63 26 36 3 57 15 66 24 10 99 6 54 60 85 6 74 13 94 
25 91 77 62 1 51 2 38 6 68 81 96 26 95 21 61 98 29 75 63 53 36 13 10 89 24 46 46 49 10 39 73 100 68 86 1 18 88 90 75 7 70 70 33 17 42 45 66 71 20 28 75 55 
92 36 96 67 81 41 16 91 32 40 42 99 78 94 16 17 84 43 23 5 12 7 73 6 4 38 76 75 17 2 81 8 37 76 27 69 17 42 59 48 33 53 98 10 46 65 26 81 7 1 86 71 59 
58 76 62 96 3 36 12 56 17 72 92 92 98 12 60 91 71 59 23 75 8 85 20 73 10 1 31 10 38 1 21 47 28 82 94 30 70 58 85 86 29 28 29 78 40 41 20 62 51 42 36 59 26 
7 83 88 59 13 49 48 66 69 95 93 3 88 75 72 97 11 9 77 39 89 54 30 81 73 91 32 67 78 42 44 36 24 31 95 88 80 42 5 100 88 50 2 28 76 73 24 86 33 1 76 22 6 
5 2 79 47 85 97 76 26 40 12 1 23 58 41 2 99 45 1 39 46 55 66 21 27 41 7 60 93 82 33 99 39 34 29 85 19 25 61 96 16 24 97 38 81 37 91 31 33 92 69 31 98 86 
51 24 79 9 35 71 43 19 21 33 53 49 69 23 25 81 18 41 4 66 78 84 54 21 67 87 12 87 69 9 25 71 84 3 32 71 25 26 89 46 58 93 94 26 67 19 7 85 11 10 50 40 46 
56 60 64 42 23 50 62 83 74 32 19 28 15 89 53 40 29 98 97 74 43 23 40 13 29 76 75 90 26 15 87 81 26 50 74 49 100 87 83 25 70 1 5 85 41 9 24 22 58 21 95 100 43 
34 65 23 10 39 64 87 5 51 19 31 52 44 31 3 30 13 80 99 66 84 83 6 92 7 27 49 79 73 100 73 7 16 47 68 7 10 6 11 12 24 93 64 67 75 18 48 88 97 98 5 80 33 
10 23 91 89 23 69 61 75 41 19 90 39 86 96 48 91 59 12 66 51 27 84 26 44 31 65 41 81 69 72 13 30 95 3 18 69 23 31 43 15 49 33 53 87 80 52 77 38 15 95 41 41 78 
18 37 61 82 29 41 2 100 5 31 46 59 1 15 33 31 9 47 31 41 51 17 73 54 46 62 69 40 2 61 69 71 97 29 52 25 21 5 77 77 88 22 87 88 88 19 70 97 17 100 89 67 17 
61 73 14 75 93 53 76 53 21 47 2 2 50 78 74 7 6 51 94 28 37 33 67 8 2 63 24 53 4 91 69 16 15 82 90 7 86 66 59 59 64 12 12 65 42 85 71 47 87 16 26 24 100 
0 0 0 0 1 1 1 1 1 1 1 1 0 1 0 1 0 0 0 1 1 1 0 0 1 1 0 1 0 1 0 0 1 1 1 1 0 0 0 1 1 0 0 0 1 1 1 1 1 0 1 1 1 
1 1 0 0 1 1 1 1 0 1 0 1 0 1 1 1 0 0 0 0 1 0 1 0 0 1 1 0 0 0 1 1 1 1 0 1 1 1 0 1 0 0 0 1 0 1 0 0 1 0 0 0 1 
1 0 1 0 0 1 0 0 0 0 0 1 0 1 0 1 1 1 1 1 1 0 1 0 0 1 0 1 1 0 0 1 1 1 1 1 0 0 1 0 0 1 1 0 0 0 1 1 1 0 1 1 1 
0 1 1 0 1 0 1 0 0 0 1 1 0 0 1 0 1 1 0 1 1 0 1 1 1 1 0 1 0 1 0 0 1 0 0 0 0 0 0 1 0 1 0 0 1 0 0 1 1 0 0 0 0 
1 1 1 0 0 1 0 1 1 1 0 1 1 1 0 1 1 1 0 1 1 0 0 1 1 1 1 1 1 1 0 1 1 1 1 1 0 0 0 0 1 1 1 0 0 1 0 1 0 0 0 0 0 
1 1 1 0 0 1 0 0 1 1 1 0 0 0 1 0 0 1 1 1 0 0 1 0 0 1 0 0 1 0 0 0 0 0 1 0 1 1 0 0 0 1 0 0 1 1 1 0 0 0 1 1 0 
1 1 0 0 1 0 1 0 1 0 0 1 1 0 0 0 1 0 0 0 0 0 0 0 1 0 0 0 1 1 0 0 0 1 0 0 1 0 0 0 0 0 1 1 0 1 1 1 1 1 0 0 1 
0 0 1 0 0 1 1 0 1 0 0 0 0 0 0 0 0 0 0 0 0 1 1 1 0 0 1 1 0 1 1 0 1 0 0 1 1 0 1 0 0 0 1 0 0 1 1 1 1 1 1 1 1 
0 1 1 1 0 1 1 1 0 0 0 0 0 1 1 0 1 1 0 1 0 1 1 1 0 0 1 1 0 0 0 0 1 0 1 1 1 1 0 1 1 0 1 1 0 0 0 1 1 0 0 0 1 
1 1 1 0 0 1 0 1 1 0 0 1 0 0 0 1 0 1 0 1 0 1 1 0 1 0 0 0 0 0 1 1 1 1 1 0 0 1 1 1 0 1 1 0 1 1 1 0 1 1 1 1 0 
0 0 0 0 0 0 0 0 1 1 1 0 1 1 0 0 0 0 0 0 1 0 1 0 1 1 1 0 0 1 1 0 1 1 0 1 1 0 1 0 0 0 1 1 0 1 1 0 1 0 0 0 0 
0 1 0 1 0 0 0 1 1 0 0 0 1 1 1 1 0 0 1 1 1 0 1 0 0 1 0 0 0 0 0 0 1 0 1 0 1 1 1 0 0 0 1 1 1 0 0 0 0 0 1 1 0 
0 0 0 1 0 0 1 0 1 1 0 1 1 0 0 0 1 1 0 1 0 1 1 0 0 1 1 0 0 0 0 0 0 1 1 0 1 1 1 0 0 1 0 1 1 0 0 0 1 0 0 1 0 
1 0 0 0 1 0 0 1 0 0 0 1 1 0 1 0 1 1 1 0 1 0 1 0 0 0 1 1 0 1 1 1 1 1 1 0 1 1 1 1 1 1 1 0 0 0 1 1 1 0 0 1 0 
1 1 1 1 0 0 1 1 1 0 0 0 1 0 1 0 0 0 1 1 1 0 1 1 1 1 1 1 1 0 1 0 1 0 0 1 0 1 1 1 0 1 1 1 0 0 0 0 1 1 1 0 1 
1 0 0 0 1 1 1 1 1 1 0 1 1 1 0 1 0 1 1 0 1 0 0 1 0 0 0 0 1 1 1 0 1 0 0 0 1 1 1 0 1 1 0 0 0 0 1 1 1 0 1 0 1 
1 0 1 1 0 1 0 1 1 1 0 1 1 0 0 1 1 1 0 0 1 0 1 1 0 0 0 0 1 1 1 0 1 1 1 1 0 1 1 1 0 1 0 0 0 1 1 1 0 1 0 1 1 
1 0 1 1 0 0 0 1 1 0 0 0 1 0 1 0 1 0 1 0 1 1 0 0 0 0 0 1 0 1 0 1 1 0 0 1 0 0 1 1 0 1 0 1 1 1 1 0 1 0 1 0 1 
1 0 1 1 0 0 1 1 1 0 0 1 0 0 1 0 1 0 0 0 0 1 0 1 1 0 1 1 1 1 1 1 0 0 0 0 1 0 0 0 0 0 1 1 0 0 1 1 0 0 0 1 1 
0 0 0 0 1 0 0 1 1 1 1 1 1 1 0 1 1 0 0 0 1 1 0 1 0 0 0 0 0 1 0 0 1 0 0 1 0 0 0 1 1 1 1 1 0 1 0 0 0 0 0 1 1 
0 1 0 0 1 0 0 0 0 0 1 1 1 0 1 1 0 1 1 1 0 0 0 1 0 0 1 1 0 1 0 0 0 0 1 1 1 1 1 1 0 0 0 1 1 0 0 1 1 1 1 1 1 
1 0 0 1 0 1 1 1 1 1 1 0 0 0 1 0 1 0 0 1 1 1 0 1 1 0 0 1 1 1 0 0 1 0 1 1 1 0 0 1 1 1 1 0 1 0 0 0 0 0 0 1 1 
0 0 0 0 0 1 1 1 0 1 1 0 0 0 0 0 1 1 0 0 0 0 0 0 0 0 0 0 0 0 1 1 0 1 1 1 1 1 0 1 0 1 1 1 0 1 1 1 0 1 1 0 1 
1 0 1 0 1 1 0 1 0 1 1 0 1 0 1 0 1 0 0 0 1 1 0 1 1 1 1 0 1 0 0 0 0 1 0 1 1 1 0 1 0 0 1 1 0 0 1 1 0 0 0 0 1 
0 1 0 0 0 1 1 0 1 1 1 0 0 0 1 1 1 1 1 1 0 1 1 1 0 1 1 0 1 1 0 1 0 0 1 1 1 0 1 0 0 0 1 0 1 0 1 0 1 0 1 0 1 
0 1 0 1 0 0 0 0 0 0 0 1 1 1 0 0 1 1 0 1 0 0 0 0 1 0 0 1 1 0 1 0 1 1 1 1 1 0 1 0 0 0 1 1 1 1 1 0 0 1 0 0 1 
0 1 0 1 1 0 0 1 1 0 0 0 0 1 1 0 1 1 0 1 0 1 0 0 1 1 0 0 1 1 0 1 0 0 0 1 0 1 0 1 1 0 1 1 1 1 1 0 0 1 1 1 1 
0 1 0 1 1 0 0 0 0 1 0 1 0 1 1 1 1 1 0 1 0 0 1 1 1 1 0 1 1 1 0 1 0 0 0 1 0 0 0 1 1 0 0 1 0 1 0 1 0 1 1 1 1 
0 0 0 1 0 1 0 1 1 1 1 1 1 1 0 1 1 1 1 1 1 0 1 0 1 1 1 0 0 0 1 0 0 1 1 1 1 0 0 0 1 0 0 1 1 0 0 0 1 1 1 0 0 
1 0 1 0 1 1 0 1 0 0 0 1 1 1 0 1 1 1 1 1 1 0 0 1 0 0 0 0 0 0 0 1 0 1 1 0 0 1 1 0 1 1 1 0 0 0 0 0 1 1 1 0 1 
0 1 1 0 1 1 0 1 1 1 1 0 0 1 0 1 1 0 0 0 0 1 1 0 1 1 1 0 0 1 1 0 0 0 1 1 0 1 0 1 1 1 0 1 1 0 1 0 1 1 0 1 0 
1 1 1 0 0 1 1 1 0 1 1 1 0 0 1 0 0 0 1 1 0 0 0 1 1 0 0 1 1 1 1 0 0 1 1 0 0 0 1 1 1 0 0 0 0 1 0 0 1 1 1 0 1 
0 1 1 0 1 0 1 0 1 0 0 0 1 0 1 1 1 0 0 1 0 0 1 1 0 1 0 1 0 0 1 0 1 0 1 0 0 0 0 1 0 0 0 1 0 1 0 1 1 1 0 1 1 
1 0 0 0 0 1 1 1 0 1 0 0 0 1 0 1 1 0 1 0 0 1 0 1 1 0 0 0 0 1 0 0 1 0 0 1 1 1 0 0 1 1 0 1 0 1 0 1 1 0 1 1 1 
0 0 0 0 0 1 0 1 1 0 0 1 1 1 0 0 0 0 1 1 1 1 1 0 1 0 1 1 0 0 0 0 0 1 0 0 0 0 1 1 1 1 0 0 0 0 0 0 1 0 1 0 1 
0 0 0 1 1 0 1 1 0 1 1 1 1 1 1 1 0 0 0 1 0 0 1 1 1 0 0 1 1 0 0 0 0 0 1 1 0 0 0 1 1 1 0 0 0 0 1 0 0 0 1 1 0 
0 0 1 0 0 0 0 0 0 0 0 1 1 1 1 1 1 0 0 0 1 0 0 1 1 0 1 1 1 0 0 1 0 1 0 0 0 0 0 0 0 0 1 1 1 1 0 0 1 0 0 0 0 
0 1 1 0 1 1 1 1 1 1 0 0 1 0 0 1 1 1 1 1 0 0 1 1 0 1 1 0 0 1 0 0 1 1 1 0 0 0 1 1 1 1 0 0 0 0 1 1 1 0 0 0 0 
1 1 0 1 0 0 1 0 0 1 1 0 0 1 0 1 0 0 0 0 0 1 0 0 0 1 0 1 1 0 1 1 1 0 0 0 0 1 0 1 0 1 1 1 0 1 0 0 1 0 0 1 1 
0 0 0 1 0 1 1 0 0 0 1 0 0 1 1 1 1 0 1 0 1 0 0 0 0 1 0 1 1 1 0 0 1 0 1 1 1 0 1 0 0 1 0 0 0 1 1 0 1 1 0 0 1 
1 1 0 0 1 1 1 0 1 1 0 0 1 1 1 1 1 1 0 0 0 0 0 1 0 0 1 1 1 1 0 0 0 0 0 1 1 1 0 1 1 0 1 0 1 0 1 0 0 1 0 0 0 
1 1 0 1 0 1 0 0 1 0 0 0 0 0 1 0 0 0 1 0 1 1 1 0 0 0 0 0 0 0 0 1 1 0 1 0 1 1 0 0 0 0 0 0 0 0 0 0 0 1 0 0 0 
0 0 1 0 0 1 0 0 1 0 1 1 1 1 0 0 1 0 0 0 1 1 0 1 1 1 1 1 1 1 1 1 1 0 1 1 1 0 1 0 0 1 1 1 0 1 1 0 0 0 0 1 1 
0 0 0 1 1 1 1 1 1 0 0 1 0 0 1 0 1 1 0 0 1 1 1 0 0 1 0 0 1 1 1 1 1 0 1 1 1 0 0 0 0 0 0 0 0 1 0 0 0 0 0 1 1 
1 0 0 0 0 0 1 0 0 1 1 0 0 0 1 0 0 0 0 1 0 1 1 1 1 1 1 0 0 1 1 1 1 1 0 1 0 1 1 0 0 1 0 0 1 1 0 0 1 1 1 1 0 
0 0 1 0 0 1 0 1 1 1 0 0 1 1 0 1 1 0 1 0 0 0 1 0 0 1 1 1 0 1 1 1 1 1 1 1 0 1 0 1 0 0 0 0 0 0 1 1 1 0 1 1 0 
0 1 1 0 1 0 0 0 0 1 1 1 0 1 1 1 1 1 0 0 1 0 0 1 1 1 0 1 0 0 0 0 1 1 0 0 1 1 0 1 0 0 0 1 1 0 0 0 1 0 0 0 0 
0 1 1 1 0 1 1 0 1 0 1 0 0 0 1 1 0 1 0 0 1 1 1 1 1 0 0 0 0 0 0 1 0 0 0 0 1 0 0 0 0 1 0 0 1 1 0 0 0 0 0 0 1 
