49 49 1974
93 16 53 79 43 3 91 62 45 32 28 56 55 46 17 66 25 30 69 49 55 42 19 71 36 82 27 50 16 48 98 60 15 50 39 57 52 81 71 49 12 98 4 66 95 72 84 71 2 
52 20 8 46 90 78 81 71 56 31 38 3 28 50 69 29 40 78 32 20 48 80 32 97 35 49 91 7 84 14 8 36 85 67 33 74 96 13 97 52 95 86 6 74 35 75 54 74 52 
86 94 99 17 77 95 52 77 37 58 61 2 17 48 86 83 80 60 30 44 8 81 39 93 39 64 28 65 18 53 16 55 98 66 71 74 12 74 51 100 31 63 2 99 10 87 33 89 98 
63 32 5 95 22 98 33 86 25 97 55 29 64 9 27 81 31 100 92 5 2 44 87 64 45 38 25 83 70 13 81 32 97 85 79 18 34 11 55 10 60 61 39 75 69 65 8 52 16 
51 8 18 94 46 33 38 83 58 21 5 22 53 88 70 89 66 40 23 29 94 32 40 7 70 14 75 86 73 78 2 24 37 19 17 83 3 55 17 12 27 21 34 79 9 3 67 26 42 
41 54 88 73 93 94 94 59 20 80 31 50 81 54 86 51 71 20 5 77 37 17 55 9 2 85 69 4 51 95 98 44 48 37 16 93 82 61 51 53 40 33 2 72 39 40 22 9 59 
79 37 47 95 91 8 96 75 76 51 77 70 100 20 70 36 87 14 69 48 16 22 39 48 23 11 86 62 84 46 73 62 34 19 8 24 78 3 50 54 6 79 75 5 50 96 93 37 9 
61 36 24 82 74 24 57 84 9 70 20 7 42 81 40 13 89 16 90 43 17 95 48 95 70 5 97 65 97 85 26 57 20 49 91 93 72 47 29 33 16 100 39 10 80 30 22 20 97 
63 15 14 58 62 60 79 66 56 95 14 40 20 71 59 69 13 4 92 11 84 24 26 83 14 87 14 44 60 86 40 23 100 5 32 13 65 10 31 20 56 44 60 76 66 70 96 78 25 
87 88 8 63 66 42 76 52 56 71 12 93 63 86 92 67 17 56 31 78 86 3 33 30 62 8 95 83 55 25 8 42 12 67 4 29 9 31 81 16 2 44 8 64 81 51 30 97 58 
13 26 44 15 10 25 28 18 71 10 24 95 69 65 59 36 20 87 44 51 19 11 52 14 70 67 94 72 48 42 29 60 67 24 26 77 48 53 46 19 15 69 65 83 86 75 18 5 62 
13 55 32 75 58 46 44 24 91 67 72 33 96 83 51 19 9 27 19 61 24 89 75 45 5 10 30 80 27 86 41 92 93 24 66 50 21 62 26 12 28 49 44 75 31 94 46 91 73 
64 4 96 4 30 92 8 39 73 87 18 59 79 9 51 3 26 52 23 39 77 34 19 25 29 93 8 75 38 98 47 53 1 94 56 31 86 64 21 58 50 38 68 29 98 18 83 76 22 
5 14 98 91 84 75 71 77 34 45 14 83 91 19 84 37 74 66 22 37 38 31 87 76 51 67 25 20 49 100 41 5 66 91 47 49 65 18 77 50 62 43 32 5 61 15 41 34 32 
14 71 70 96 9 97 46 27 21 66 75 73 6 79 90 48 78 90 12 95 67 61 8 9 93 12 69 59 52 54 43 17 24 64 13 84 60 58 10 32 75 36 56 33 67 45 80 44 87 
44 38 53 56 45 61 100 9 81 59 12 34 53 29 10 16 93 45 27 2 55 10 77 42 18 61 60 14 40 3 100 35 92 52 91 89 64 90 49 44 100 60 78 52 40 87 19 32 31 
97 34 37 59 62 31 76 22 90 89 13 45 41 48 88 92 90 28 8 79 76 51 31 36 80 34 75 18 53 7 49 1 92 37 11 53 19 86 26 61 27 38 5 19 37 44 62 26 72 
69 57 47 20 87 34 99 20 9 17 24 67 17 25 10 5 35 62 76 73 39 36 51 28 40 69 65 83 30 90 6 99 46 53 70 32 86 20 4 46 88 27 64 56 51 73 13 38 86 
88 10 24 23 12 52 14 80 68 48 61 9 54 11 55 58 80 38 43 100 41 41 39 68 4 95 70 77 7 59 14 94 20 90 68 31 41 81 62 60 28 23 68 33 85 74 90 65 64 
85 16 4 25 54 23 28 100 45 56 6 3 22 51 23 11 18 5 3 50 67 62 30 41 29 62 25 3 52 89 66 36 56 21 12 62 96 39 61 92 47 19 94 68 21 68 30 39 73 
32 40 39 93 69 31 73 31 55 27 34 96 44 21 51 65 32 12 12 22 25 55 68 43 48 87 63 68 16 53 92 47 45 82 91 13 12 64 95 66 42 28 61 86 48 64 2 31 75 
13 53 51 67 72 45 66 11 8 85 78 12 76 77 56 57 67 21 68 82 15 86 24 95 46 61 94 9 62 25 36 74 29 86 92 100 31 9 62 90 46 40 53 21 16 61 30 34 81 
97 68 47 82 91 41 80 51 35 40 64 11 75 89 39 13 80 90 95 40 52 36 85 43 40 58 58 100 87 43 32 83 10 79 17 52 19 48 54 5 87 17 15 14 5 53 78 36 43 
24 28 46 59 12 88 98 69 97 50 7 39 81 42 1 59 10 52 30 57 58 34 95 74 1 60 31 53 37 18 47 12 45 44 70 9 31 20 77 79 21 36 70 1 77 70 12 86 73 
41 42 30 26 88 56 78 48 86 31 84 3 29 96 100 73 17 8 55 88 36 34 8 71 3 9 47 72 72 32 44 64 25 26 41 13 81 19 60 18 1 95 72 29 42 71 53 11 30 
8 98 66 41 6 36 43 66 35 66 89 18 61 52 43 38 92 7 18 10 18 87 10 12 11 91 6 33 43 16 63 50 65 28 90 22 15 84 87 49 1 75 67 14 78 61 51 70 19 
21 31 36 7 93 99 69 83 4 2 25 71 16 27 36 95 68 57 9 4 96 10 4 22 76 17 100 88 68 21 6 88 51 41 46 43 39 15 77 95 68 54 65 83 80 52 77 47 9 
37 50 4 46 6 25 73 22 76 60 41 96 17 80 99 57 26 41 48 92 70 94 11 23 10 93 2 62 21 100 70 57 2 25 55 7 1 27 80 77 87 73 72 55 52 70 12 29 63 
11 20 32 56 30 6 65 74 59 26 46 58 47 55 11 71 9 69 24 35 49 100 73 73 23 28 24 93 91 5 7 53 76 90 8 6 95 24 31 5 50 29 62 48 83 25 71 91 93 
94 25 93 93 50 65 15 77 41 59 19 45 17 71 20 6 30 77 52 53 60 56 54 88 70 54 70 94 24 60 86 69 36 31 13 85 95 79 13 87 38 31 31 54 53 51 12 82 79 
63 87 38 19 40 25 88 93 94 33 68 5 18 36 41 100 100 77 47 79 90 33 68 72 64 73 25 66 84 58 44 47 44 82 17 36 58 4 80 4 88 100 8 57 87 100 57 87 77 
3 65 66 35 32 89 50 56 13 15 40 23 11 38 18 92 54 53 1 9 85 4 96 84 64 52 22 63 60 8 39 62 24 56 97 7 45 46 63 9 13 2 31 23 91 49 66 96 53 
66 4 89 70 51 24 33 54 46 47 14 5 86 75 29 93 23 35 37 21 97 98 33 50 80 7 92 28 72 87 33 37 42 21 58 92 45 42 98 42 41 11 46 26 37 74 70 12 61 
59 84 9 56 68 59 35 74 50 15 45 89 99 33 30 19 43 74 15 36 71 8 76 33 54 53 21 79 23 84 39 33 67 48 88 34 58 74 59 59 88 55 47 38 40 77 57 34 50 
23 69 72 83 97 4 36 1 76 66 75 60 5 7 78 4 46 64 61 20 22 71 59 29 18 97 68 46 5 1 95 79 21 18 61 69 73 48 70 48 14 96 59 70 3 37 25 48 100 
37 19 73 7 30 1 24 78 20 21 34 20 67 12 93 84 25 61 56 72 82 56 37 78 14 58 80 2 82 79 1 18 50 26 77 31 26 52 8 46 73 41 17 39 4 9 23 80 22 
30 52 3 85 40 80 51 98 11 52 31 42 5 1 43 30 77 73 7 28 32 4 52 24 21 91 27 81 65 7 2 94 10 57 31 1 88 81 50 51 84 81 92 88 33 86 69 9 10 
76 88 41 79 40 64 51 82 42 84 46 100 37 91 61 93 73 62 81 5 63 31 89 95 74 28 27 59 97 87 68 24 75 60 54 66 23 5 47 16 40 44 68 76 86 28 69 59 41 
1 15 4 31 3 50 56 83 77 14 31 15 33 54 41 92 7 6 66 63 4 33 2 99 100 78 85 28 98 95 68 98 9 23 80 64 73 35 98 1 100 28 15 84 81 56 27 39 13 
92 54 69 24 55 67 24 84 3 3 33 49 22 30 58 97 61 73 69 95 70 21 46 97 35 29 29 42 55 67 7 98 20 75 74 27 41 49 62 96 51 95 44 24 76 53 20 37 25 
40 83 46 60 81 42 47 9 70 88 16 89 46 65 60 20 38 38 13 86 52 8 88 98 3 12 73 56 83 61 32 23 96 78 82 76 71 80 36 93 20 3 81 65 68 92 85 5 82 
97 43 33 56 30 30 10 93 54 65 76 15 49 98 62 26 31 37 96 11 24 40 30 27 20 46 94 64 30 50 45 78 92 29 85 74 10 95 66 63 11 93 29 59 42 90 84 73 78 
32 35 2 71 16 28 43 61 73 58 43 22 54 72 14 82 57 87 91 51 52 5 61 45 86 72 86 75 55 10 5 38 96 6 61 11 85 55 24 57 12 66 78 65 37 43 98 45 29 
40 95 33 44 8 29 29 79 66 56 85 28 12 75 23 69 87 86 53 41 9 61 52 26 90 68 14 33 65 59 61 56 5 93 99 12 73 80 42 39 87 79 66 98 5 88 66 91 73 
70 31 33 30 82 58 19 1 72 51 17 82 64 72 86 8 70 50 81 1 43 71 39 21 88 36 25 27 53 15 52 74 97 84 3 30 94 74 30 17 76 46 98 91 17 83 99 39 84 
31 39 27 53 78 99 40 65 76 66 70 90 17 43 39 53 98 68 98 71 98 14 98 43 11 89 12 45 87 50 81 69 40 7 21 69 57 60 34 32 77 55 22 46 97 12 50 94 79 
47 16 76 60 14 71 22 2 82 18 40 83 98 8 22 56 80 91 13 91 76 44 67 30 17 64 26 28 13 72 7 59 87 82 70 100 4 91 53 85 9 92 67 58 51 41 14 30 31 
26 20 6 69 39 87 38 2 12 65 67 35 71 77 22 5 47 73 8 89 26 45 49 17 63 7 68 3 20 97 33 97 69 90 17 7 76 54 60 40 71 26 74 41 3 95 97 1 68 
57 89 45 1 38 61 15 96 28 18 15 77 2 63 45 44 31 3 71 85 62 10 7 40 36 47 94 82 96 94 1 52 34 45 4 71 6 70 18 85 87 32 13 41 46 9 36 77 11 
1 0 0 1 0 1 0 0 0 1 1 1 0 0 0 0 1 1 1 1 0 0 1 0 0 1 1 1 0 1 1 0 1 1 1 1 0 1 0 0 0 1 1 0 0 0 1 1 1 
0 0 1 0 0 1 1 1 1 0 0 0 1 0 0 1 1 1 1 0 1 0 0 1 1 1 1 1 0 0 0 0 1 0 1 1 1 0 0 0 0 0 1 1 0 1 0 1 0 
0 1 0 0 0 1 1 1 0 1 1 0 1 1 1 1 0 0 1 0 1 1 0 1 0 0 0 1 0 1 0 0 1 0 0 1 1 0 0 1 1 1 1 0 0 1 0 1 1 
1 1 0 0 0 0 1 0 0 0 0 1 0 1 0 0 1 1 1 1 1 0 0 0 0 1 1 1 1 0 0 0 1 1 0 1 1 1 1 1 0 0 0 0 1 1 1 0 0 
0 0 0 1 0 0 1 1 1 0 0 1 0 0 1 1 1 0 0 0 0 1 0 0 0 1 1 1 0 1 1 0 1 1 1 0 0 0 1 1 0 0 1 1 0 0 0 1 0 
1 0 0 0 0 0 0 1 1 1 1 1 1 0 0 0 1 0 0 0 0 0 0 0 1 1 0 1 0 0 1 1 0 0 1 0 0 0 0 0 1 1 1 0 1 1 1 1 0 
1 1 0 1 1 0 0 1 0 1 1 0 1 0 0 1 1 1 1 1 1 1 1 0 0 1 0 0 0 1 0 0 0 0 1 1 0 0 0 0 1 1 1 0 1 1 1 1 0 
1 0 1 0 1 0 1 1 0 1 1 1 1 1 1 1 1 0 1 1 1 1 0 0 0 1 0 0 0 1 0 1 1 0 0 1 0 1 0 0 0 1 1 1 1 0 0 0 0 
1 1 1 0 1 0 1 0 0 1 1 1 1 0 0 1 0 1 1 1 1 1 1 1 0 0 0 0 0 0 1 1 1 0 0 0 0 1 1 0 0 0 1 1 0 0 1 1 1 
0 0 1 0 0 0 0 0 0 1 1 0 0 0 1 0 0 1 1 1 0 1 1 0 1 1 1 1 0 0 0 0 0 1 0 0 1 1 1 1 0 0 1 0 0 0 0 1 0 
1 0 0 1 0 1 0 1 0 1 1 0 1 1 0 1 0 1 0 1 0 0 1 0 1 1 0 0 1 1 0 1 0 0 0 0 1 0 1 1 1 0 1 0 1 0 1 1 1 
0 0 1 0 1 1 1 0 1 1 0 1 1 1 1 0 1 1 1 1 0 1 0 0 0 0 1 0 0 1 1 0 1 0 0 1 1 1 1 1 1 1 0 0 0 1 0 1 0 
0 0 0 1 0 0 1 1 1 0 1 0 1 1 0 0 1 1 1 0 0 0 1 0 0 0 0 1 0 0 1 0 0 1 1 1 1 1 0 1 1 1 1 0 0 1 0 1 0 
0 1 1 0 1 1 1 1 1 0 1 1 0 0 0 1 1 1 1 0 1 0 1 0 1 0 0 1 0 1 1 0 0 0 1 1 1 0 0 1 0 0 0 0 0 0 0 1 1 
1 0 0 1 1 0 0 1 0 1 0 1 1 0 0 1 1 1 1 1 0 0 0 0 0 0 0 1 0 1 0 1 1 1 0 1 1 1 0 0 0 0 1 1 1 1 1 0 1 
0 0 1 0 0 1 0 0 1 1 1 0 0 0 0 1 1 1 0 0 1 0 0 0 0 0 1 1 1 1 0 1 1 1 1 1 0 1 0 1 1 1 0 1 1 0 0 0 1 
0 0 0 1 1 0 1 1 1 0 0 1 1 1 0 0 0 0 1 1 0 0 0 1 0 1 0 0 1 1 1 0 1 0 1 0 0 0 1 0 0 1 1 1 0 1 0 0 1 
1 0 1 1 0 0 0 0 1 0 1 0 0 1 1 0 0 0 0 0 1 0 1 1 1 0 1 1 0 0 0 1 0 0 1 0 0 1 0 1 1 0 1 1 1 1 1 0 1 
0 0 0 0 1 1 0 0 1 1 0 1 1 0 1 1 1 1 0 0 0 1 1 0 1 1 1 0 0 1 1 0 0 1 1 1 1 1 1 0 0 0 1 1 0 0 1 1 1 
1 1 1 0 0 1 1 1 1 1 0 0 0 0 0 0 1 0 1 0 1 1 0 1 0 0 1 0 1 0 1 0 1 1 0 0 0 0 1 1 1 1 0 0 0 0 0 1 0 
1 0 0 0 0 1 0 0 1 0 1 1 1 1 1 0 0 1 1 0 0 0 1 0 0 1 0 1 1 1 1 0 1 1 0 0 1 0 0 0 0 0 1 0 1 0 0 1 1 
1 1 0 0 1 0 0 0 0 1 0 1 1 0 1 0 1 1 1 1 1 1 0 1 1 0 1 1 0 0 1 0 0 1 0 1 1 0 1 1 0 1 0 1 0 1 1 1 0 
1 0 0 0 0 1 1 0 0 1 1 1 0 1 1 1 1 0 0 1 1 1 1 1 1 0 1 1 0 0 1 1 0 1 1 1 1 1 1 1 0 0 0 0 1 1 1 0 1 
1 0 1 0 1 0 1 0 1 0 0 1 0 1 1 1 0 0 0 1 0 0 1 0 0 1 0 0 0 0 1 1 0 0 1 0 0 1 0 1 1 0 0 1 1 0 1 1 0 
1 1 0 1 0 1 0 0 1 0 0 1 1 0 0 0 1 0 0 0 0 0 0 0 0 1 1 0 0 0 1 0 1 1 1 0 0 1 0 1 1 0 1 1 0 1 1 0 1 
1 0 1 1 0 1 0 0 0 0 0 0 1 0 0 1 0 0 1 1 0 1 1 0 0 0 1 1 1 1 0 0 1 1 0 0 0 0 0 0 0 0 0 0 1 0 1 1 0 
0 0 0 1 1 1 1 1 0 0 0 1 0 1 0 1 1 0 1 1 0 1 1 1 0 1 0 0 0 1 1 1 1 1 0 1 0 0 0 0 0 1 1 1 0 0 0 1 0 
0 0 1 1 1 0 1 1 0 0 1 1 1 0 0 0 1 1 1 1 0 1 1 1 1 0 1 1 1 0 1 1 0 0 0 1 0 0 0 0 0 0 1 1 0 0 1 1 1 
0 0 1 0 0 0 1 0 1 0 1 1 1 0 1 0 1 1 0 1 1 1 1 1 0 0 0 0 1 1 0 0 0 1 0 0 0 1 0 1 1 0 1 0 0 0 0 1 1 
1 0 1 0 1 0 0 1 0 1 1 0 1 1 0 0 1 0 0 0 0 0 1 0 1 1 1 1 0 0 1 1 1 0 1 0 0 1 0 1 0 1 1 1 0 1 0 1 1 
0 1 1 0 0 0 1 1 1 1 1 1 0 0 0 0 1 1 0 1 1 1 1 0 0 1 0 1 1 1 0 1 0 0 0 0 0 1 1 1 0 1 0 0 1 1 0 1 0 
1 0 1 0 1 1 1 0 1 0 1 0 1 1 0 1 1 0 1 0 1 0 1 0 0 1 0 1 0 1 1 1 1 0 1 0 1 0 1 0 1 0 0 0 1 0 1 0 0 
0 1 0 0 0 0 0 1 0 0 1 1 1 0 0 0 0 1 1 0 0 0 1 0 0 1 0 1 0 0 1 0 1 1 0 1 0 1 1 0 1 0 0 0 1 0 0 1 1 
0 1 1 0 1 0 0 0 0 1 1 0 1 1 0 0 0 1 0 1 0 1 0 1 1 0 0 1 1 1 1 1 0 0 1 1 0 1 0 0 1 1 1 0 0 1 0 0 0 
1 1 1 0 1 0 1 0 0 0 1 1 1 0 1 0 1 1 0 0 1 1 1 0 0 1 0 1 0 1 1 1 0 0 1 0 0 0 0 0 0 1 1 0 1 1 0 0 0 
0 0 1 1 0 1 1 1 1 0 1 0 0 0 1 0 1 1 1 1 1 1 0 0 1 0 1 0 0 1 0 0 1 1 0 1 0 1 1 1 0 0 0 0 1 1 0 0 0 
1 0 1 1 0 1 0 0 0 0 0 1 0 0 0 1 0 0 1 0 1 0 0 1 0 0 0 1 0 1 1 0 1 0 1 1 1 1 1 1 1 1 0 1 1 1 0 0 1 
1 0 0 1 0 1 0 0 0 1 0 1 1 0 0 1 1 1 1 0 0 0 1 1 1 0 0 0 0 0 1 1 0 1 1 0 0 1 0 0 0 1 1 1 1 1 1 1 0 
0 1 0 0 1 1 1 1 0 1 0 0 0 1 1 1 0 1 0 1 0 0 0 1 0 1 0 1 0 1 0 0 1 0 1 0 0 0 1 0 0 1 0 0 1 1 0 1 1 
0 1 1 0 1 0 0 0 0 0 1 0 0 1 1 0 0 1 0 1 0 0 1 0 1 1 1 0 1 0 1 1 1 0 0 0 0 0 1 1 0 0 1 0 1 0 1 0 1 
1 1 1 0 0 1 1 1 0 1 1 1 1 0 0 1 0 1 0 1 0 1 1 0 0 0 1 0 1 1 1 0 0 0 0 0 0 1 0 0 1 1 1 0 1 0 1 0 1 
1 1 1 0 0 1 0 0 0 0 1 0 1 0 0 0 0 1 0 0 1 0 1 0 0 1 1 0 0 1 1 0 0 0 0 1 1 1 1 1 1 1 1 1 1 0 1 1 1 
1 1 0 1 0 0 1 1 1 1 0 1 0 0 1 0 0 0 1 1 0 1 1 1 0 0 0 0 1 1 1 0 1 1 1 1 1 1 1 1 0 1 0 1 1 1 1 1 0 
1 1 0 0 0 1 0 0 1 1 1 0 0 1 1 0 0 1 1 1 0 0 0 1 0 1 0 0 0 1 0 1 0 0 1 0 1 0 0 0 1 1 0 1 0 0 1 1 1 
1 0 1 1 0 0 0 1 0 0 0 1 0 1 0 0 1 0 1 1 1 1 0 0 1 1 1 1 1 0 0 0 0 1 1 1 1 1 0 1 1 0 1 1 0 1 1 1 1 
0 0 0 1 0 1 1 1 0 0 0 0 1 0 0 0 0 1 0 1 0 1 1 0 0 0 0 1 0 1 1 0 1 1 0 1 0 1 1 0 1 1 0 0 0 1 1 0 0 
1 1 0 0 0 1 1 1 1 0 1 1 1 1 0 1 1 0 1 0 1 0 0 0 0 0 0 1 1 0 0 0 0 0 1 0 1 0 1 1 0 0 0 0 0 0 1 1 0 
0 0 1 0 0 0 1 0 0 0 0 1 0 0 1 1 1 1 0 1 1 1 0 1 1 0 1 0 1 1 0 1 1 0 0 1 0 1 1 0 1 1 1 0 0 0 1 1 0 
1 1 1 1 1 0 0 1 0 0 0 1 1 1 0 1 1 1 1 0 0 1 0 0 1 0 0 1 1 1 1 0 0 0 1 1 1 0 0 1 0 0 0 1 0 0 0 1 1 
