52 51 750
27 81 81 94 2 54 67 81 40 23 49 84 19 84 77 26 64 92 23 94 70 24 32 28 75 72 49 23 83 57 80 9 37 60 2 91 66 20 71 57 94 19 40 12 55 68 90 70 12 12 16 
33 88 47 60 62 71 61 36 53 17 15 62 5 26 15 47 91 35 17 100 28 88 91 92 94 59 33 63 70 44 78 2 83 25 14 44 47 74 79 99 42 45 12 98 71 27 45 13 13 13 12 
40 100 3 83 45 13 15 8 34 11 37 35 93 61 100 89 59 25 67 58 18 64 69 16 34 47 60 46 59 72 10 51 24 64 33 68 76 100 27 61 10 64 95 54 76 47 42 35 71 61 44 
41 24 12 56 57 59 67 54 69 90 15 19 65 78 52 33 5 51 11 65 12 74 12 65 50 10 7 36 32 19 79 72 42 42 79 98 100 45 3 21 35 18 39 99 47 90 83 4 92 46 20 
55 19 31 20 20 92 78 55 24 96 85 95 37 27 74 86 78 70 40 98 56 9 37 7 8 78 41 11 22 86 82 76 5 65 47 76 56 24 83 79 71 67 26 59 45 51 96 23 20 88 20 
76 96 8 82 55 38 22 17 59 8 99 34 64 63 81 91 70 56 73 49 79 92 26 89 36 76 85 10 95 24 82 22 19 89 3 26 26 77 42 84 36 92 70 99 6 2 41 76 9 14 76 
87 57 1 76 92 76 12 2 22 35 83 44 5 23 98 82 1 74 24 84 61 15 5 11 21 6 52 48 67 17 23 53 73 23 80 64 50 43 17 23 29 51 66 86 74 16 67 74 41 90 9 
2 57 66 12 29 23 15 76 89 31 98 94 3 72 73 19 73 68 35 95 96 38 13 81 11 28 48 36 68 89 96 69 97 13 33 25 36 47 52 24 30 49 17 32 72 42 2 96 9 37 43 
56 26 55 89 88 82 88 23 1 76 70 22 73 83 54 49 70 52 1 93 81 1 62 65 73 55 66 20 63 54 62 70 79 16 58 66 49 45 40 50 73 62 23 97 96 28 45 65 79 45 57 
12 46 70 28 70 24 45 89 38 99 51 8 29 18 17 47 19 14 38 20 86 99 42 82 46 69 78 10 99 23 19 62 68 88 89 89 12 34 77 1 84 79 8 64 49 77 62 67 90 100 86 
27 50 79 60 96 47 89 57 97 11 75 59 30 63 47 18 26 32 47 26 67 77 86 83 25 14 44 43 3 95 80 81 45 58 92 92 56 80 48 53 43 75 11 72 89 9 42 14 93 40 91 
11 16 28 93 93 41 89 87 95 83 67 75 79 24 18 70 32 50 70 84 92 96 94 63 84 54 56 97 46 95 39 57 63 67 1 55 7 89 41 2 72 59 28 2 35 46 24 66 95 45 49 
86 40 94 100 23 47 8 71 45 2 9 53 16 75 53 70 34 42 63 35 65 21 62 18 7 59 41 72 53 85 20 90 24 13 42 46 12 49 16 56 2 77 8 18 51 60 39 84 53 53 70 
69 26 84 87 32 42 79 4 47 64 75 88 87 88 29 85 51 29 52 6 31 28 13 100 79 24 38 14 29 43 36 97 68 19 35 99 60 14 54 6 29 29 94 67 68 74 51 18 3 3 75 
85 30 87 84 60 62 21 26 90 15 61 39 82 79 25 33 90 90 86 48 18 66 41 85 33 66 87 2 68 89 76 52 71 14 35 82 76 8 7 17 22 19 55 56 49 80 88 39 69 25 86 
39 91 78 23 75 43 9 77 11 50 52 14 72 18 1 53 93 60 12 9 33 30 16 88 79 47 27 69 15 52 54 5 42 31 27 68 73 88 44 35 37 48 1 60 65 1 12 9 12 75 17 
44 57 84 84 87 30 10 55 97 61 8 1 54 90 80 22 14 67 17 1 55 64 1 14 80 53 77 88 64 4 57 59 60 40 42 46 70 52 52 18 64 11 18 70 100 97 43 65 15 59 65 
69 75 65 34 54 69 63 94 32 66 50 43 25 41 84 22 62 87 25 79 3 35 97 72 86 45 14 2 60 24 67 80 98 83 66 4 52 28 97 35 93 46 77 69 38 13 90 100 99 66 78 
53 100 26 24 37 23 89 38 34 13 56 13 62 39 30 65 90 57 61 24 49 58 53 69 96 65 58 95 15 75 24 68 74 50 43 62 72 32 52 5 96 7 69 9 45 99 74 86 7 34 62 
56 44 14 24 39 30 34 85 44 8 8 63 34 57 6 47 80 89 98 36 36 57 57 44 53 55 17 39 61 3 52 68 46 65 44 36 46 29 20 89 88 27 52 21 36 9 20 15 97 69 3 
32 25 59 27 78 65 44 68 25 98 71 45 43 35 40 78 32 68 49 20 55 75 23 28 10 83 47 77 79 15 79 62 92 37 89 21 1 84 40 77 81 10 73 75 96 12 52 27 31 100 98 
86 26 21 65 88 3 11 64 34 77 94 47 20 82 35 92 34 70 31 62 50 40 35 24 87 46 27 13 77 78 11 14 56 83 78 43 37 40 6 22 68 51 69 88 32 55 79 65 25 62 26 
26 53 12 2 40 10 80 52 38 58 14 51 13 96 80 7 85 71 12 6 38 14 26 77 45 81 8 61 57 69 38 34 21 50 35 60 59 15 64 96 24 77 98 88 25 77 94 61 47 57 66 
36 70 44 13 14 76 72 26 32 40 63 17 12 12 4 24 70 18 39 17 93 15 14 80 91 42 25 51 40 81 69 76 2 12 40 67 39 11 92 22 2 54 38 65 18 41 40 39 10 78 56 
2 45 21 33 87 15 57 38 54 89 58 81 90 21 20 56 59 82 99 80 35 53 69 52 22 10 91 60 71 21 15 25 65 88 57 51 2 66 40 55 6 97 36 96 69 7 3 27 41 2 58 
75 6 79 26 27 40 69 86 10 89 53 34 5 92 43 55 93 8 47 99 65 95 86 12 64 45 15 42 85 68 100 11 25 30 89 3 69 57 88 78 97 92 12 1 35 6 7 27 13 5 78 
29 100 63 41 63 59 7 56 43 74 7 6 50 36 94 52 4 2 91 82 50 83 45 50 17 50 8 96 14 13 73 42 64 87 34 78 46 40 33 40 65 40 45 14 75 38 65 79 91 56 12 
40 90 56 41 58 57 49 5 22 13 29 63 76 16 97 53 13 88 85 52 53 76 49 18 51 38 83 81 29 90 92 20 31 99 61 40 55 61 45 76 73 73 90 100 40 38 4 4 26 88 8 
30 64 56 47 66 45 29 46 73 70 37 93 100 35 5 40 41 65 36 16 89 60 57 88 52 95 91 55 72 30 62 1 45 69 47 10 14 28 7 38 49 43 82 1 29 86 92 69 2 27 36 
90 86 93 29 37 87 19 44 58 1 5 10 97 26 8 7 39 35 13 28 36 8 10 36 36 47 27 57 49 53 92 38 90 84 19 79 22 89 74 79 89 30 40 86 55 48 44 45 34 8 73 
69 15 34 4 3 80 30 59 28 34 50 18 76 86 88 6 7 76 79 38 65 8 77 2 15 76 45 59 10 4 83 78 19 16 34 73 96 15 83 75 49 84 44 76 69 31 81 76 7 11 65 
23 18 41 24 84 17 20 43 78 23 25 7 93 41 40 17 88 55 99 62 3 83 58 30 51 88 62 78 94 72 42 68 41 35 91 25 3 62 19 80 85 43 86 29 35 78 46 22 32 44 36 
86 78 93 15 81 32 28 10 26 51 4 93 91 38 36 67 92 97 37 23 33 80 60 62 66 37 59 40 68 54 27 5 32 19 71 64 50 98 73 27 48 76 72 91 65 59 9 56 55 46 78 
40 77 90 53 42 26 11 81 46 64 7 2 47 77 73 10 79 70 35 57 18 10 80 60 75 38 68 30 45 13 60 84 89 1 88 83 78 98 15 23 13 74 77 12 2 49 73 80 18 7 89 
87 17 68 46 43 6 66 24 2 30 83 85 19 35 72 53 13 21 67 87 85 40 63 48 42 11 21 73 81 27 61 67 95 29 65 37 86 30 61 87 59 95 23 29 30 46 33 94 18 100 80 
54 91 43 2 84 53 22 9 33 100 21 52 47 49 68 83 86 49 95 24 59 42 46 40 71 43 72 64 60 23 95 14 14 37 15 49 42 88 57 26 39 78 77 85 78 96 20 16 44 14 39 
3 55 37 42 77 79 65 92 39 88 87 4 53 23 70 1 16 57 10 42 95 39 70 32 16 66 51 83 61 64 22 15 71 10 8 99 88 73 91 78 60 77 33 12 51 2 64 67 10 73 60 
5 11 81 88 79 46 38 13 59 53 34 73 75 95 81 74 83 53 64 12 64 92 45 27 94 46 90 12 56 15 71 12 25 52 51 55 49 88 68 7 92 53 32 67 48 12 40 82 16 55 93 
79 98 89 5 91 87 46 55 94 60 77 57 37 28 7 91 29 94 10 87 85 15 18 3 14 81 42 95 48 48 39 26 45 80 82 88 66 80 42 59 39 18 15 75 98 21 18 78 66 79 64 
2 93 34 5 58 66 98 52 14 98 43 91 42 22 25 81 39 4 22 97 42 92 63 69 89 35 38 66 100 16 81 53 61 66 57 18 32 7 22 45 4 64 87 97 37 11 78 75 14 99 23 
8 42 37 28 30 71 65 47 70 32 28 22 92 45 31 10 76 89 83 72 92 46 59 88 34 21 17 60 87 68 34 46 9 70 73 39 40 89 37 61 20 16 34 64 61 16 25 88 4 7 60 
95 52 70 35 37 42 51 96 28 18 29 73 27 50 97 17 89 85 53 49 57 69 34 20 81 50 44 68 53 50 27 48 53 48 34 41 90 84 88 17 2 68 42 80 17 90 96 5 27 100 5 
83 20 38 54 100 87 49 68 92 98 46 91 2 94 24 94 35 7 81 3 60 48 44 91 64 86 86 20 12 38 24 94 57 13 47 57 100 95 76 91 44 21 33 97 66 56 90 52 14 22 55 
26 69 50 16 84 35 54 3 46 91 78 39 47 90 37 55 89 83 82 31 78 55 63 74 20 70 15 72 84 88 78 9 8 27 76 91 62 29 45 7 19 22 98 18 12 86 24 52 21 6 35 
98 60 97 24 31 19 90 54 2 78 31 62 85 58 37 28 19 66 72 77 36 94 26 5 57 64 29 8 84 86 42 81 45 91 56 75 9 46 29 62 75 11 23 11 68 11 38 38 76 10 67 
64 55 44 68 11 7 48 18 90 33 60 23 77 2 78 4 10 75 84 71 49 94 45 60 14 55 49 51 83 58 17 46 64 61 65 74 19 13 44 9 45 55 83 74 56 12 29 17 87 12 87 
87 57 31 98 70 37 47 21 19 56 89 16 72 1 81 97 20 93 40 80 89 46 62 14 53 73 42 69 11 5 7 50 62 89 99 31 26 45 3 44 53 44 60 24 44 92 20 63 36 12 42 
76 9 55 90 62 80 31 82 90 88 89 91 49 29 90 31 54 86 86 50 38 29 61 13 72 52 85 87 87 96 28 62 56 35 3 17 14 86 99 55 73 39 46 73 67 87 3 73 72 88 22 
10 68 34 74 40 85 58 26 23 5 5 36 61 39 91 77 4 76 27 59 48 17 56 72 84 42 26 8 13 66 29 74 33 14 48 72 50 57 97 72 62 54 59 22 92 49 50 48 76 29 6 
75 45 13 46 80 54 72 87 18 37 67 92 69 32 91 93 81 99 41 4 60 94 63 33 38 63 35 85 39 15 42 13 11 54 11 91 59 34 29 76 70 48 19 90 79 9 82 60 8 75 63 
19 68 77 4 57 92 38 93 30 52 34 94 62 39 56 4 97 89 85 73 10 32 91 100 62 52 33 73 11 59 36 29 27 64 84 35 55 21 28 36 24 13 82 86 52 37 41 48 78 25 72 
87 8 63 38 70 66 71 42 76 81 29 56 59 45 40 94 99 12 73 87 36 85 68 73 88 56 13 36 33 38 59 72 45 21 9 66 38 31 60 65 12 88 73 70 84 12 63 35 75 87 21 
1 1 1 1 0 0 0 1 1 1 0 0 1 0 0 1 0 1 0 0 0 1 0 1 1 1 0 1 0 0 1 1 1 0 1 0 0 1 1 1 0 1 1 1 0 0 0 0 1 0 0 
1 0 1 0 1 0 0 0 0 1 1 0 0 1 1 0 1 0 0 1 0 1 0 1 1 0 0 1 1 0 0 0 0 1 1 1 1 1 1 0 0 0 0 1 1 1 1 1 1 1 0 
1 1 0 0 0 1 0 0 0 1 0 1 1 1 0 1 0 1 0 0 0 1 0 1 0 1 0 1 0 0 1 1 1 0 0 1 1 0 1 1 1 1 0 1 0 0 0 1 0 0 1 
0 1 0 1 0 1 1 1 0 1 1 1 0 1 1 0 0 0 1 1 1 1 0 0 1 0 0 0 0 1 0 0 0 0 1 0 1 1 0 1 0 1 1 1 0 0 1 0 0 0 1 
0 1 1 0 1 0 1 1 0 0 1 1 0 1 0 1 1 1 1 0 0 0 1 1 0 0 0 0 0 0 1 0 0 1 1 1 1 0 0 1 0 0 0 0 1 1 1 0 0 0 1 
0 0 0 1 0 0 1 0 1 0 0 1 0 1 0 1 0 0 1 1 0 1 0 1 1 1 0 1 1 1 0 0 1 1 1 0 1 1 0 0 1 0 0 1 1 0 0 1 1 1 1 
1 1 1 0 0 0 1 1 1 0 0 1 1 1 1 1 0 0 0 1 1 0 1 0 0 1 0 1 0 1 0 0 0 1 0 0 1 1 0 1 1 0 0 1 1 1 0 1 1 0 0 
0 1 1 0 1 1 0 0 1 0 1 1 0 0 0 1 0 1 1 1 1 1 1 0 0 1 0 1 0 1 0 1 0 1 1 1 0 0 1 0 0 0 1 0 1 1 1 1 1 0 0 
0 1 1 0 1 0 0 1 1 1 1 0 1 0 1 0 1 1 0 1 1 0 0 0 1 0 1 0 1 0 0 1 1 0 1 1 0 1 0 1 1 1 1 0 1 1 1 0 0 1 1 
0 1 0 0 1 0 1 1 1 1 0 0 1 0 1 0 0 0 0 0 1 1 1 0 0 0 1 1 1 0 0 1 1 0 1 0 0 0 0 1 0 0 1 1 0 0 1 0 1 1 0 
0 0 0 0 0 0 1 1 1 1 0 0 1 0 1 1 1 0 1 0 0 1 0 1 1 0 0 0 1 1 0 0 1 0 0 1 1 0 1 0 1 1 1 0 1 0 0 0 0 1 1 
0 1 1 1 0 1 1 0 1 0 1 1 1 1 1 1 0 1 0 1 1 1 0 1 0 0 1 1 1 1 0 1 0 1 1 0 0 0 1 1 1 0 0 0 1 0 1 0 1 1 1 
0 0 1 0 1 1 1 0 0 0 0 0 0 1 1 1 1 1 0 1 0 0 1 1 1 1 0 1 1 0 0 1 0 1 1 1 1 1 1 1 1 1 1 0 0 0 1 0 0 1 1 
0 1 0 1 0 0 0 0 1 0 0 0 0 0 0 0 1 1 1 0 0 1 0 0 1 0 1 1 0 0 0 1 1 1 0 0 1 0 0 0 0 0 0 1 0 0 1 1 1 0 0 
0 1 0 0 1 0 0 0 1 0 1 0 0 0 0 0 1 1 0 1 1 0 1 0 1 0 1 0 1 0 0 1 1 0 0 0 1 0 1 0 0 0 0 0 0 0 0 1 1 0 0 
1 1 1 1 0 1 1 0 1 1 1 0 0 1 0 1 0 0 0 0 1 0 0 1 0 1 0 1 0 0 1 1 1 0 1 1 0 0 0 1 1 1 1 1 0 0 0 1 0 0 1 
1 0 0 1 0 1 1 1 1 1 0 1 1 1 0 0 1 0 0 0 1 1 1 0 0 1 1 1 0 1 0 1 0 0 0 0 1 1 0 1 1 0 0 0 1 0 0 0 0 1 0 
1 0 0 1 0 1 0 1 1 0 0 1 0 0 1 0 0 1 0 1 0 1 1 0 0 1 0 1 1 1 1 0 0 1 1 0 1 0 0 0 0 0 1 0 0 1 0 0 0 1 1 
0 0 0 0 0 1 0 1 0 0 1 0 0 0 0 0 1 0 0 0 0 0 1 0 1 0 0 1 0 1 1 0 1 1 0 0 1 1 1 1 1 0 0 1 1 0 1 0 0 0 0 
0 0 0 0 1 0 0 1 1 0 0 1 1 1 0 1 0 1 1 0 0 1 0 1 0 0 0 1 0 0 1 0 1 1 0 0 0 0 1 1 0 1 0 0 1 0 1 1 1 0 1 
1 0 1 0 0 1 1 1 1 1 1 1 0 0 1 1 0 0 0 1 0 0 0 0 1 0 0 0 0 0 0 1 0 1 0 1 1 1 0 0 0 1 0 1 0 1 0 0 1 0 0 
0 0 0 0 1 0 0 0 0 1 0 0 1 1 0 0 0 1 1 1 1 0 1 0 0 0 0 1 0 1 1 0 1 1 0 1 1 1 1 0 0 1 0 1 0 0 0 1 1 1 0 
0 1 1 1 0 1 1 1 1 0 0 1 0 1 0 1 0 1 0 0 1 1 0 0 1 0 0 0 1 1 0 0 1 1 1 1 1 0 0 0 1 0 0 1 1 0 0 1 1 0 0 
0 1 0 0 0 1 1 1 0 0 1 0 1 1 1 0 0 0 0 0 1 0 0 0 1 0 0 1 1 0 1 1 1 1 0 1 0 1 0 1 1 0 1 1 1 1 1 1 1 0 1 
0 0 0 0 0 0 0 1 0 0 0 1 1 1 1 0 0 0 1 1 0 1 0 1 0 1 0 1 0 0 0 0 1 0 0 1 1 0 0 1 0 0 0 1 1 0 0 1 0 1 0 
0 0 1 1 0 0 0 1 1 0 1 1 1 0 0 0 1 0 0 0 1 0 0 0 0 0 0 1 1 1 0 1 1 1 1 1 1 1 0 0 1 0 0 1 0 0 1 1 0 0 1 
1 0 1 0 0 0 0 0 1 0 0 0 1 1 1 1 0 0 1 1 0 1 1 1 1 1 0 0 1 0 1 1 1 1 1 1 1 1 1 0 1 1 0 1 0 0 0 1 0 1 0 
0 1 1 1 0 0 0 1 1 0 0 0 1 1 1 1 0 1 0 0 0 0 1 1 0 1 1 1 1 1 1 0 0 0 1 0 0 1 1 0 0 0 0 1 1 0 0 0 1 1 0 
1 1 1 1 1 0 0 1 0 1 0 0 1 1 1 0 1 1 1 1 1 1 0 0 1 0 1 1 1 0 1 0 1 1 1 0 1 0 1 1 1 0 1 1 1 1 1 0 0 0 0 
1 0 0 1 1 0 0 0 1 0 1 1 1 0 1 0 0 1 1 1 0 1 1 1 0 0 0 1 0 1 1 1 1 1 0 0 1 1 0 0 1 1 1 1 0 0 1 0 1 0 1 
0 0 0 1 0 0 0 1 0 1 0 1 0 1 0 0 0 1 0 0 0 1 0 1 1 0 0 1 0 1 1 0 1 1 1 1 0 1 1 0 0 1 0 0 1 0 0 1 1 0 0 
1 0 0 1 1 0 1 1 0 0 0 0 1 1 0 1 1 1 0 0 0 1 0 0 0 0 1 0 1 1 0 0 1 0 1 1 0 1 0 1 1 0 1 1 1 1 0 1 1 0 1 
1 1 1 1 0 1 0 0 0 0 0 0 1 0 0 0 0 1 0 1 0 0 1 1 0 0 1 1 1 1 0 0 1 1 0 1 0 0 1 0 0 1 0 0 1 0 0 1 1 1 1 
0 1 0 1 1 0 1 0 0 0 0 0 1 1 0 0 1 1 1 1 1 0 0 1 1 0 0 1 0 1 0 0 0 0 1 0 0 0 0 0 1 1 1 0 0 1 1 0 0 0 1 
0 1 1 1 0 0 1 1 0 0 1 0 1 1 1 1 0 0 1 0 1 0 1 1 1 1 0 1 1 1 0 1 0 0 1 0 0 0 0 0 1 1 0 0 1 1 1 1 1 0 1 
0 1 1 0 0 0 0 1 1 1 1 1 1 1 0 0 1 0 0 1 1 1 1 1 0 1 0 1 0 1 1 1 0 0 1 0 0 1 1 1 1 0 0 0 0 0 0 1 1 0 1 
0 0 0 0 0 1 0 0 0 1 1 1 1 1 0 1 1 1 0 0 0 1 1 1 1 1 1 0 0 0 1 1 0 0 1 0 1 1 0 1 1 1 0 0 0 0 0 1 0 0 0 
0 1 1 1 0 0 1 1 1 1 0 0 1 0 1 1 0 0 0 1 1 1 0 0 0 0 0 1 0 0 1 1 0 0 0 0 1 1 1 0 0 0 0 1 0 1 1 0 1 1 0 
1 0 0 1 0 0 1 0 1 1 1 0 1 0 0 0 1 0 1 1 0 1 1 0 0 0 1 0 1 0 0 0 0 0 1 1 1 0 1 0 0 0 0 1 0 0 1 1 0 1 0 
1 0 1 1 0 1 0 1 1 0 1 1 0 0 1 1 1 1 0 1 1 1 1 1 1 1 0 1 0 1 1 1 0 1 0 0 0 0 1 1 0 1 1 0 1 0 0 0 1 0 1 
1 1 0 0 1 1 0 0 1 0 1 0 0 0 0 0 1 0 0 0 0 1 1 1 0 1 1 0 1 1 1 0 1 1 0 0 0 0 0 0 0 1 0 0 0 1 1 1 1 1 1 
0 0 1 1 0 0 0 0 1 1 1 1 0 0 1 0 0 0 0 0 0 0 1 1 0 0 0 1 1 1 0 1 1 1 0 1 0 0 1 1 0 0 1 0 0 0 1 0 0 1 1 
1 1 0 0 1 0 0 0 1 1 1 1 0 0 1 1 0 0 0 0 0 0 1 0 0 1 1 0 0 1 1 1 0 1 1 0 1 1 0 1 0 1 0 0 0 1 1 0 1 1 0 
1 1 1 0 1 1 1 1 1 0 1 0 1 0 1 1 0 0 1 1 0 1 1 0 1 0 1 1 0 0 0 1 1 1 1 0 0 1 1 1 1 0 1 0 1 0 1 1 0 1 0 
0 0 1 0 1 1 1 0 1 1 0 1 0 0 0 0 0 1 0 0 1 0 1 1 1 0 1 0 0 0 0 1 0 1 1 1 1 1 1 0 0 0 1 1 0 0 1 0 1 1 0 
0 0 0 0 1 0 1 0 0 1 0 1 1 0 1 0 1 0 1 1 0 1 1 1 1 1 1 0 0 0 0 1 0 0 1 0 0 0 0 1 1 0 0 0 0 1 0 1 1 1 1 
0 1 0 1 0 1 0 0 1 1 1 0 1 1 1 1 0 1 1 1 0 0 1 0 0 1 0 0 0 0 1 0 1 1 0 1 0 0 0 1 1 1 0 1 0 1 0 0 1 0 1 
1 0 1 0 0 0 0 0 0 0 1 1 1 0 1 1 0 1 1 0 1 0 0 0 0 1 0 1 0 0 0 0 0 1 0 1 1 0 1 0 1 1 1 0 1 0 1 0 1 0 0 
0 0 0 0 1 1 1 0 0 1 0 0 0 0 0 1 1 0 0 1 1 1 0 0 1 0 1 1 0 0 1 0 0 1 1 1 0 0 1 0 1 0 0 1 0 0 0 1 1 1 1 
0 0 1 0 1 0 0 0 0 0 1 0 0 0 1 0 1 1 1 1 1 1 0 0 1 0 1 1 1 0 0 0 0 1 0 0 1 0 0 1 0 0 0 1 0 1 1 1 1 0 1 
0 0 1 0 1 1 1 0 1 1 0 1 0 0 1 0 1 0 0 1 0 0 1 1 1 0 0 0 1 1 1 1 1 0 0 0 0 1 1 1 1 1 0 1 1 1 1 1 1 1 0 
0 0 1 1 1 1 0 1 1 1 1 0 0 1 0 0 1 0 1 0 1 1 0 0 0 0 1 1 1 0 1 1 0 0 1 1 0 1 1 1 0 0 1 0 1 0 0 1 0 0 1 
