70 44 2244
31 48 23 16 67 87 32 64 91 93 3 17 69 2 72 45 51 52 84 99 88 37 81 92 53 73 70 41 51 13 96 33 60 19 48 79 57 32 42 47 76 96 63 44 
50 86 89 52 89 72 2 76 60 82 19 13 7 40 5 57 52 100 89 64 70 89 42 26 72 83 24 47 30 38 90 31 75 78 82 63 1 84 91 61 17 9 73 23 
1 77 31 4 28 72 67 98 12 8 75 83 42 99 81 24 88 70 54 63 100 88 25 52 23 15 12 39 76 36 14 28 64 96 31 92 67 50 41 30 57 15 64 51 
13 44 74 1 66 79 15 17 66 39 68 40 54 80 79 81 67 44 8 31 39 38 74 58 39 14 87 96 28 51 98 93 94 23 45 11 1 11 27 19 49 95 58 54 
26 88 34 92 31 41 74 70 31 99 27 69 64 65 16 44 15 65 88 61 87 84 71 40 94 98 58 42 44 67 96 69 55 81 12 85 74 38 6 56 36 84 76 100 
49 92 95 15 8 82 27 95 65 98 34 58 47 43 99 90 9 46 10 15 79 21 100 4 58 57 59 46 93 34 97 93 77 91 7 85 72 86 31 36 35 64 45 81 
58 95 22 66 41 31 81 71 3 32 74 13 40 32 10 32 17 6 24 94 96 83 30 19 68 60 6 2 75 50 34 32 44 7 49 36 89 81 6 43 64 31 55 4 
62 64 87 31 21 11 76 68 45 5 86 64 16 43 65 90 92 50 73 88 8 73 23 96 6 81 38 21 11 45 76 25 8 63 55 81 25 30 48 21 34 34 84 49 
28 100 90 20 49 14 7 56 38 81 3 95 61 92 16 72 36 91 96 96 5 50 76 81 79 23 1 64 8 84 64 36 83 5 7 83 18 13 90 7 93 92 2 54 
84 17 77 71 59 72 66 16 73 41 96 3 64 49 66 23 32 81 58 67 85 64 49 54 28 91 60 21 34 13 26 17 81 54 88 40 77 5 7 49 46 2 3 61 
50 68 83 34 100 41 100 84 4 100 37 84 42 48 4 76 61 81 44 93 86 83 32 62 88 90 62 33 92 64 93 93 31 75 26 30 67 77 65 23 29 53 6 70 
52 61 45 12 93 89 57 78 71 88 39 10 30 100 42 21 63 86 65 45 61 43 26 27 71 90 49 99 94 54 21 45 66 17 9 58 57 65 35 80 4 73 89 33 
24 31 5 86 16 70 82 28 12 7 7 82 48 7 33 41 13 53 86 78 69 94 36 78 10 70 57 13 95 45 46 18 27 50 56 43 71 89 22 34 96 28 68 43 
35 100 36 47 4 73 24 24 18 11 1 27 33 57 39 27 2 36 96 80 38 3 74 8 92 96 94 87 75 61 81 9 60 68 7 63 40 83 86 57 45 39 83 77 
95 74 3 48 61 51 28 98 53 1 58 44 48 51 82 23 11 63 83 22 30 42 84 22 24 21 78 68 59 13 45 6 38 99 53 98 49 32 48 2 33 5 97 80 
7 79 54 69 93 37 90 74 78 25 95 53 97 73 72 8 37 68 13 74 67 17 71 67 49 70 20 33 26 17 64 32 95 18 100 87 54 41 60 83 65 55 35 14 
79 6 21 67 74 33 40 92 1 62 10 49 32 30 33 57 46 97 41 92 14 92 30 19 33 89 53 49 95 87 62 25 44 82 91 69 66 82 12 67 44 22 15 27 
51 48 83 48 96 23 39 61 15 68 79 99 8 83 47 3 69 9 79 64 42 22 85 8 3 96 74 98 17 88 24 19 87 7 66 82 81 4 42 47 71 72 45 31 
54 44 85 74 52 63 90 93 84 74 100 39 21 73 36 90 13 60 8 51 18 74 85 50 29 78 97 52 50 93 82 55 36 66 81 39 28 70 84 64 95 83 54 15 
8 89 4 72 100 64 74 17 37 58 19 17 36 15 68 37 59 1 91 95 66 71 85 46 92 68 61 86 3 14 1 62 54 56 33 54 19 58 22 7 16 40 24 3 
6 43 39 65 44 81 11 61 4 95 6 95 15 66 33 17 31 33 78 85 40 62 90 11 19 63 17 86 3 92 88 60 87 78 24 30 59 86 42 14 33 48 60 47 
65 92 15 48 76 92 84 16 53 73 26 23 35 94 9 89 38 48 49 24 26 24 5 36 62 46 49 94 45 8 92 10 100 6 57 27 97 40 42 1 64 19 23 50 
13 83 39 50 31 39 25 56 14 29 43 75 74 43 68 19 2 11 80 1 16 88 80 12 79 21 64 42 40 39 43 4 21 81 5 51 71 29 58 85 57 100 59 82 
42 79 52 44 89 31 96 5 70 75 68 48 48 32 41 39 70 84 94 42 16 98 93 87 78 2 71 34 2 81 67 95 11 19 90 100 1 38 56 71 64 23 70 11 
6 11 1 27 94 94 69 61 43 13 47 20 14 69 5 67 2 72 14 12 42 3 11 42 92 18 64 56 41 34 18 98 96 19 77 41 64 97 1 7 61 48 26 74 
68 31 93 69 2 6 81 95 60 43 36 4 61 52 59 53 37 28 2 32 98 78 24 62 26 24 68 86 23 45 12 91 75 4 11 28 61 91 22 72 86 10 75 98 
13 85 2 49 13 3 32 10 33 55 23 58 30 42 96 53 87 7 95 13 62 5 93 74 48 66 97 85 27 24 82 39 8 83 39 72 37 22 34 69 28 56 79 58 
98 26 10 36 84 56 48 97 60 92 70 59 58 18 43 84 41 24 75 49 58 13 72 95 35 5 63 62 61 93 71 10 18 32 45 1 87 44 49 99 88 18 57 45 
88 100 80 28 75 54 28 33 19 100 27 5 4 41 18 16 86 89 77 3 20 73 56 59 69 56 57 56 26 13 52 13 12 31 40 87 37 20 19 7 19 97 11 74 
37 28 42 74 68 18 29 40 91 36 98 11 91 54 66 16 66 17 28 30 99 20 68 35 39 38 41 9 34 3 34 22 83 27 96 50 45 24 41 87 11 38 97 1 
91 14 17 9 30 44 38 80 15 57 15 53 94 7 13 27 10 47 100 44 73 47 45 69 22 86 7 32 23 55 33 66 68 49 26 49 44 15 29 59 71 95 63 64 
53 76 42 14 74 93 57 98 40 2 19 61 87 25 93 61 32 77 26 99 77 51 100 20 65 28 30 87 74 93 50 26 20 43 40 45 36 96 94 75 49 12 87 87 
89 31 48 20 7 25 70 83 76 69 55 92 48 84 79 73 28 80 99 99 23 90 43 58 37 37 84 38 100 70 24 40 1 71 11 59 96 81 42 23 1 48 14 1 
83 44 73 11 24 23 61 98 64 4 55 53 92 38 90 43 59 13 83 59 84 93 18 79 25 11 53 78 10 18 78 92 62 2 54 37 77 15 86 40 70 40 92 13 
29 81 7 87 94 41 98 29 86 67 59 10 29 11 87 38 28 16 81 41 18 87 29 94 53 14 85 74 5 77 86 33 9 44 72 54 85 21 82 70 39 92 31 67 
2 70 56 82 85 88 22 2 74 51 47 26 16 32 99 21 60 36 53 20 32 76 74 16 48 7 37 86 99 19 52 52 88 59 33 73 47 55 26 20 57 73 98 72 
56 48 92 67 84 97 86 67 24 11 34 72 18 70 57 16 88 61 67 76 19 52 100 65 58 25 37 14 49 34 37 4 81 81 22 16 29 8 82 52 18 15 75 87 
36 84 54 24 44 21 51 14 72 50 79 29 26 15 94 75 100 82 30 80 62 52 96 42 11 77 94 80 44 20 67 79 3 20 54 98 92 56 12 15 57 90 95 83 
56 40 9 55 22 38 34 35 41 81 77 3 10 22 83 53 41 1 83 44 20 37 41 64 44 52 78 1 93 73 35 100 64 43 6 85 32 40 20 25 72 48 27 81 
69 9 85 9 61 20 4 81 8 97 96 51 100 73 51 45 97 85 44 61 79 50 97 11 41 68 35 64 15 13 97 35 74 81 44 34 100 99 66 7 95 61 10 47 
86 12 91 34 49 86 46 27 35 43 89 27 10 75 91 77 88 87 11 61 19 6 94 71 5 12 29 51 72 38 97 57 50 39 43 98 25 88 76 11 30 65 38 92 
39 80 20 78 18 30 38 36 88 84 6 92 95 35 94 18 24 43 27 73 33 69 22 57 56 98 20 38 14 9 81 4 88 100 82 5 81 71 92 68 6 98 11 52 
84 57 22 59 99 48 32 83 68 5 40 75 54 11 64 67 19 44 23 58 95 4 62 76 26 5 95 32 54 6 35 89 14 56 48 64 55 31 46 22 35 37 97 89 
47 60 7 65 56 29 74 50 84 87 77 10 92 72 93 45 29 79 34 94 35 81 57 41 11 2 63 97 39 11 37 37 22 44 54 77 24 27 79 8 14 55 69 5 
78 13 1 58 91 34 51 77 66 7 18 28 61 80 77 99 42 13 87 63 8 40 92 32 67 70 91 80 76 59 36 6 23 36 63 13 22 66 90 39 72 59 19 32 
90 95 82 31 7 21 93 15 60 36 98 78 5 40 9 33 98 44 38 72 32 52 84 5 17 25 43 41 35 61 24 24 55 58 54 14 78 99 80 37 34 29 67 91 
68 75 23 17 19 12 88 2 63 23 6 80 48 48 20 34 61 95 58 67 52 63 80 29 61 11 18 47 39 84 89 58 58 63 74 76 74 61 29 88 84 34 19 83 
34 90 16 94 85 25 60 36 88 92 65 100 54 82 46 45 65 86 2 74 48 76 2 73 88 30 13 23 64 31 57 97 21 73 42 57 49 1 92 36 44 8 36 98 
41 33 94 57 71 95 31 70 70 32 43 58 61 7 32 76 37 89 24 9 13 65 17 61 18 9 49 61 68 84 10 9 68 3 65 90 50 47 60 19 78 54 28 91 
60 60 18 48 48 42 9 12 6 25 72 23 85 20 36 53 55 45 13 23 100 77 64 49 24 23 19 53 76 99 95 35 58 13 83 57 54 91 68 59 15 91 34 100 
11 69 4 65 65 16 39 64 44 3 64 19 25 83 72 53 81 18 87 90 30 21 98 83 63 65 94 30 7 27 81 17 47 84 34 11 51 24 75 94 78 38 13 3 
72 36 7 4 53 93 93 83 66 90 17 28 6 10 9 13 88 89 81 34 72 66 45 22 90 71 68 67 60 80 21 32 15 27 35 19 72 80 1 89 21 70 16 79 
31 77 43 19 65 23 4 89 89 100 62 30 70 29 96 82 60 17 13 26 95 99 45 18 30 45 6 51 66 74 29 97 50 71 67 14 45 70 2 85 70 64 14 91 
44 62 72 4 78 36 29 24 87 73 42 16 70 47 18 35 20 98 83 69 20 49 35 17 19 36 1 40 51 67 82 95 28 54 50 57 41 78 80 27 3 21 95 24 
20 64 58 91 62 93 60 33 41 46 49 59 81 2 50 84 68 32 30 95 37 79 51 77 8 82 56 62 55 2 85 74 65 95 64 78 87 75 11 27 20 11 38 53 
12 39 36 79 70 17 73 58 47 75 35 6 57 42 68 11 43 52 36 7 98 51 85 84 26 47 63 97 57 100 49 69 38 36 47 60 4 72 17 50 98 3 56 6 
96 75 16 38 78 3 97 76 54 33 59 79 31 73 27 87 72 76 7 62 63 6 73 67 77 89 16 26 44 23 32 39 97 99 29 75 2 77 2 55 9 12 85 39 
85 11 77 8 38 84 69 53 89 41 19 17 82 86 42 77 61 73 67 9 72 47 83 25 23 36 79 83 48 15 73 32 77 50 39 67 33 60 19 73 52 37 89 85 
74 82 61 34 7 80 43 78 26 77 54 1 13 84 83 60 98 8 43 26 57 33 92 41 92 10 13 44 98 53 80 72 34 41 57 40 72 99 69 49 28 22 49 40 
5 84 51 54 91 45 80 99 77 71 39 69 33 3 64 30 55 43 53 40 35 10 32 6 60 100 55 87 74 55 26 30 38 28 84 80 72 15 78 49 37 68 69 21 
70 32 51 76 26 55 16 13 64 99 18 76 98 24 62 23 31 40 53 20 67 88 100 39 2 77 39 90 45 7 11 66 90 13 42 67 67 9 79 83 7 49 10 56 
24 71 79 54 10 83 74 29 70 73 19 23 1 57 12 97 15 74 63 4 86 56 70 5 16 1 39 74 49 48 81 72 18 59 26 80 41 51 8 62 23 26 84 75 
82 48 72 96 21 86 51 7 93 72 63 60 72 1 85 20 48 65 44 65 76 21 44 68 71 3 30 45 28 65 19 61 12 42 8 33 27 58 91 71 30 53 82 53 
53 66 25 100 31 68 16 6 40 12 73 10 14 54 54 94 19 72 54 30 66 62 62 92 71 52 15 52 4 96 57 8 62 81 7 44 100 23 49 39 34 73 48 99 
27 53 92 97 76 98 26 41 11 40 33 81 43 99 85 99 94 41 6 7 21 13 50 72 87 50 10 72 23 9 70 1 61 14 97 36 11 74 77 21 65 61 53 8 
59 89 58 4 81 63 11 53 27 12 24 13 62 33 36 36 93 6 36 53 71 84 89 81 9 17 53 74 77 57 33 87 98 90 42 78 52 4 31 31 16 54 95 77 
39 31 64 31 88 99 36 58 34 76 90 42 92 94 15 20 2 47 6 99 36 47 77 40 3 7 22 18 12 16 46 50 98 9 33 85 59 68 94 92 43 83 33 34 
76 48 5 78 46 62 28 34 8 4 73 62 62 46 79 26 61 76 75 11 84 59 95 42 26 89 85 20 23 18 5 99 17 9 28 62 70 55 95 30 11 19 91 72 
16 70 97 77 97 24 39 81 34 33 74 60 73 59 79 96 28 36 46 44 44 73 57 14 79 4 95 89 74 85 13 90 6 61 18 3 36 56 83 70 88 8 81 13 
18 11 8 45 46 53 40 90 77 97 55 55 52 49 96 25 33 60 14 91 20 31 93 8 86 27 77 26 34 9 38 4 19 97 48 65 49 40 6 25 88 60 31 39 
1 1 0 1 0 0 1 0 0 1 1 0 1 1 1 1 1 0 0 1 0 1 1 0 0 0 0 1 1 0 1 0 0 0 0 0 0 1 0 0 1 1 0 0 
0 1 1 1 1 1 1 1 1 0 1 1 1 1 1 0 0 0 1 0 0 1 0 0 0 1 1 1 0 1 0 1 1 1 0 0 1 1 0 0 0 1 1 1 
1 0 1 1 1 0 1 1 1 1 0 0 0 1 1 1 0 1 0 1 1 0 0 0 0 0 0 0 1 1 1 0 0 0 1 1 1 0 0 0 0 0 0 0 
1 0 1 0 1 1 1 0 0 1 0 0 1 0 0 1 0 1 1 0 1 1 1 0 1 1 1 1 0 1 0 1 1 1 1 1 1 1 1 1 0 0 1 0 
0 1 1 0 0 0 0 1 1 1 0 1 1 1 0 1 0 0 0 0 0 0 1 1 1 0 0 1 0 1 1 1 0 0 1 0 1 0 1 0 1 1 1 0 
0 0 1 1 0 0 1 0 0 0 1 1 0 1 0 1 0 0 0 0 0 1 0 1 1 0 0 1 1 1 1 0 1 1 1 0 1 0 0 1 0 0 0 0 
1 0 1 0 0 1 0 1 1 1 0 0 1 0 1 0 0 1 0 1 0 1 1 1 1 0 0 1 0 0 0 1 0 1 1 1 1 0 0 0 1 0 0 0 
1 0 0 1 1 1 0 1 0 0 0 0 0 0 1 0 0 1 1 0 1 1 1 0 1 1 0 0 0 0 0 1 0 0 0 1 1 0 0 0 0 0 0 0 
0 1 0 0 1 0 1 0 1 0 0 0 0 0 0 0 0 0 1 1 0 1 0 0 1 1 0 0 1 0 0 0 1 1 0 0 1 1 0 0 0 0 0 0 
0 0 0 1 0 1 0 0 0 0 0 1 1 0 1 1 0 0 1 0 1 1 0 0 1 1 0 1 1 0 1 0 0 1 1 0 0 1 0 0 1 1 1 1 
1 1 0 0 1 1 0 0 0 0 0 1 1 0 0 1 0 1 1 0 0 0 0 0 1 0 0 0 1 0 1 1 1 1 1 0 0 1 0 1 1 0 0 1 
0 1 0 0 0 1 0 1 1 0 1 0 0 0 0 0 0 0 1 1 1 0 1 0 1 1 1 0 1 1 1 1 0 1 1 1 0 1 0 1 1 1 1 1 
1 0 1 1 0 0 0 1 0 1 1 1 0 0 0 1 0 1 0 0 1 1 1 1 0 1 1 1 1 0 1 0 0 0 0 0 1 0 0 1 0 1 1 0 
0 1 0 0 0 0 0 1 0 0 1 0 1 0 0 0 0 1 1 1 1 1 1 0 1 1 0 1 1 1 0 1 0 0 1 0 0 1 0 0 1 1 1 1 
1 1 1 1 0 0 0 1 1 0 0 1 1 0 0 0 1 0 1 1 0 0 1 1 0 1 1 1 0 0 0 1 1 0 1 1 0 1 1 0 1 1 1 1 
1 1 1 0 0 1 1 0 1 0 1 1 0 1 1 0 1 1 0 1 1 1 0 0 0 1 0 0 0 1 1 1 0 0 1 0 1 0 1 1 1 0 0 1 
1 1 1 1 1 1 0 0 0 0 0 1 0 0 1 0 1 0 0 0 0 1 0 0 0 1 1 1 0 1 0 1 1 1 0 0 1 0 0 1 1 1 0 1 
1 1 1 1 1 1 1 0 1 1 0 1 1 1 0 1 0 0 0 1 1 1 1 0 1 0 0 0 1 0 1 0 0 1 1 1 0 0 1 1 0 1 0 1 
0 0 0 1 0 0 0 0 1 0 0 1 0 0 1 1 1 1 1 1 0 1 0 0 1 0 0 1 1 0 0 0 1 0 1 1 1 1 1 0 1 0 1 1 
0 1 0 1 0 0 0 0 1 1 0 0 1 0 0 0 1 0 0 0 1 1 1 0 1 1 0 0 1 0 0 1 1 0 1 1 0 1 1 1 0 1 0 1 
0 0 0 1 0 0 1 1 0 0 1 1 1 0 1 0 0 1 0 1 0 1 0 0 0 1 0 1 0 0 0 0 0 0 1 0 1 0 0 1 1 1 0 0 
1 1 1 1 1 1 0 1 0 0 1 0 1 1 1 0 1 0 0 1 0 0 0 1 0 0 0 1 1 0 0 1 0 1 0 1 0 1 0 0 1 1 0 1 
1 0 1 0 0 1 0 0 1 0 0 0 0 0 1 1 1 1 0 1 0 1 0 0 0 0 0 1 1 1 0 0 1 1 1 1 1 1 1 0 1 1 0 1 
0 0 0 1 1 1 0 0 0 0 0 0 0 1 1 1 0 0 0 1 1 1 0 0 0 1 1 1 1 1 0 1 1 0 0 1 1 0 1 1 0 1 1 0 
0 1 1 0 1 1 1 0 0 1 1 0 1 0 1 0 1 1 1 1 0 1 0 1 1 1 1 1 0 0 1 1 1 0 1 0 0 1 1 0 0 0 1 1 
0 0 1 1 0 0 0 0 1 0 1 0 1 0 1 0 1 0 1 0 1 0 1 1 1 0 1 0 0 0 1 0 1 1 1 1 1 0 1 1 0 0 1 0 
1 1 0 0 1 1 0 0 1 1 1 1 1 1 1 1 1 0 1 0 1 1 1 1 1 0 0 1 1 1 1 0 0 1 0 0 0 0 0 0 0 0 1 1 
1 0 1 0 0 0 1 0 1 0 1 0 1 1 0 0 0 1 0 1 1 0 1 1 0 1 1 0 1 0 0 0 0 1 1 1 1 0 1 1 0 0 1 1 
1 1 1 1 1 1 0 0 1 1 1 0 1 1 0 0 1 0 1 0 1 0 1 1 0 0 0 0 0 1 0 1 1 1 0 0 1 1 0 0 0 1 0 1 
0 1 0 0 1 1 0 1 1 1 0 1 1 0 1 1 1 1 0 0 1 0 0 0 1 0 0 0 0 1 1 0 0 1 0 1 0 0 0 1 1 0 0 0 
0 0 1 0 1 1 0 0 0 1 0 1 1 1 1 1 0 1 0 0 0 0 1 1 1 0 0 0 0 1 1 1 1 0 1 0 0 1 1 0 0 1 1 0 
0 1 1 0 0 1 0 0 0 0 1 1 0 0 1 0 1 0 1 0 1 0 0 1 0 1 1 0 1 0 0 1 1 0 0 1 1 0 0 1 0 1 0 0 
1 0 1 0 0 0 0 1 1 1 0 1 0 1 1 1 0 0 1 1 0 1 1 1 1 1 1 0 0 1 0 0 1 1 0 0 0 1 1 1 0 0 0 0 
1 1 0 1 1 1 1 1 0 0 1 1 1 0 1 1 1 0 1 1 1 0 1 1 1 0 0 1 0 0 1 0 0 1 1 1 0 0 1 0 0 0 0 1 
0 1 1 1 1 0 0 1 0 1 0 1 0 1 0 0 1 0 0 1 1 0 1 0 0 0 0 1 0 0 0 0 0 1 1 1 0 0 0 0 1 1 0 1 
0 0 0 1 0 0 1 0 0 0 0 1 0 0 0 0 1 0 0 1 0 1 0 0 1 1 0 1 0 0 0 0 1 0 1 1 1 0 1 1 0 1 0 0 
0 0 0 1 1 0 0 1 0 0 1 1 1 1 0 1 0 1 1 1 1 1 0 0 1 0 0 0 1 0 0 1 1 1 0 0 1 0 1 1 1 0 1 0 
1 1 0 1 0 1 0 0 0 1 0 0 1 0 0 0 1 0 0 0 1 0 0 1 1 1 0 0 1 1 0 0 1 0 0 1 0 0 1 0 1 0 0 0 
0 0 1 1 1 1 1 0 1 1 1 0 0 0 0 1 1 1 0 0 1 0 0 1 0 1 0 0 1 0 0 0 1 1 1 0 0 1 0 0 0 0 0 1 
0 1 0 1 0 0 0 1 0 0 1 1 1 1 1 1 1 1 1 0 1 0 0 1 1 1 1 0 1 0 1 1 1 1 0 1 0 0 0 0 0 1 1 0 
0 0 1 0 0 0 0 1 0 1 0 0 0 0 0 1 0 1 0 1 0 0 0 0 1 0 1 1 0 0 1 0 1 0 0 1 0 1 0 1 0 0 1 0 
0 1 1 0 0 1 1 0 1 1 1 0 0 0 0 0 0 1 0 1 0 1 0 0 0 0 1 0 1 0 0 1 1 1 0 1 0 1 0 1 1 1 0 1 
1 0 1 1 1 1 1 1 0 1 0 0 0 1 0 1 0 0 0 1 1 0 1 1 0 1 1 1 0 1 0 1 1 1 0 0 0 1 0 1 1 0 1 1 
1 0 0 1 0 0 1 0 1 0 1 1 1 0 0 1 1 0 0 0 1 0 1 1 0 1 0 1 1 0 0 0 0 0 0 0 0 1 0 1 1 0 0 0 
0 0 1 0 0 1 0 1 1 1 1 1 0 1 0 1 1 0 0 1 0 0 0 1 1 0 0 0 0 1 0 1 1 1 1 0 0 1 1 1 1 0 1 1 
0 1 1 1 0 1 1 0 1 1 1 0 1 0 0 0 1 0 1 0 1 0 0 1 1 0 0 0 0 1 0 0 1 1 0 1 0 1 1 1 0 1 1 1 
1 1 1 0 1 0 0 0 0 1 1 0 1 1 0 1 1 0 0 0 1 0 1 1 1 0 0 1 1 1 0 0 0 0 0 1 0 1 1 1 0 0 1 1 
0 1 0 1 0 0 1 1 0 0 1 1 0 1 0 0 1 1 0 1 1 1 1 1 0 0 0 0 1 1 1 1 1 1 0 1 0 1 0 0 1 1 0 1 
1 0 1 0 1 0 1 0 1 0 0 1 1 0 1 0 0 0 1 1 1 1 0 1 0 0 0 1 0 0 0 1 0 0 1 0 0 0 0 1 1 0 0 0 
1 1 0 1 1 1 0 0 0 0 0 0 0 0 1 0 0 1 1 0 1 0 0 1 1 1 0 0 1 0 0 0 1 0 1 0 1 1 1 1 1 1 1 0 
1 0 0 1 1 0 1 1 0 0 0 1 1 1 1 0 1 1 1 1 1 0 1 0 0 0 1 1 1 0 1 0 0 0 1 0 0 1 1 0 1 1 0 0 
0 1 0 0 1 1 1 0 0 0 1 0 1 0 1 0 1 1 1 1 1 0 1 1 1 0 1 0 0 1 0 0 1 1 0 0 0 1 0 0 0 1 0 1 
0 0 1 1 1 0 0 0 1 0 1 0 0 0 1 0 0 1 1 1 0 1 1 1 1 1 1 1 1 0 0 1 0 1 0 1 0 0 1 1 0 0 1 1 
0 0 1 0 0 0 1 0 0 0 1 1 0 1 0 1 1 0 0 1 1 0 0 1 0 1 0 1 1 0 0 1 0 1 0 0 0 1 1 0 0 0 1 0 
1 1 1 0 1 1 1 0 1 1 0 1 0 0 0 1 0 0 1 1 0 1 1 0 0 0 0 0 1 1 0 0 0 1 1 1 0 0 1 1 0 1 1 0 
0 1 0 0 0 1 1 0 0 1 0 0 1 0 1 0 1 1 1 1 1 0 0 1 0 1 1 0 1 0 1 1 1 1 1 1 0 1 1 0 0 1 0 1 
1 1 0 0 1 1 1 0 1 1 1 1 1 0 0 0 0 1 1 0 0 0 1 0 1 1 0 1 0 0 1 0 0 1 0 1 0 0 1 1 1 0 0 0 
1 0 0 1 1 1 1 1 0 1 1 1 0 1 1 0 0 0 0 0 1 1 1 1 1 0 0 0 0 0 1 1 1 1 1 0 1 0 0 1 1 1 0 1 
1 1 0 1 1 0 1 0 1 0 1 0 0 1 1 0 0 0 0 1 1 1 1 0 1 1 1 1 1 0 0 0 1 0 1 1 1 0 1 0 0 1 1 0 
0 0 0 0 0 0 1 1 1 1 0 1 0 1 0 1 1 0 1 1 1 0 0 0 0 1 0 0 0 1 0 1 1 1 1 1 1 1 1 1 0 1 0 0 
0 0 0 0 0 1 1 1 0 1 1 0 0 0 1 1 1 1 0 1 0 1 0 0 0 1 1 0 0 1 1 1 1 1 1 1 0 0 1 0 1 0 1 1 
0 0 0 0 1 0 1 0 0 1 0 0 1 1 1 1 0 0 0 1 1 1 0 1 1 1 0 0 0 1 0 0 1 0 0 0 1 1 0 1 1 0 1 0 
1 0 1 1 0 0 0 1 1 1 1 1 0 1 1 0 0 1 1 1 0 1 1 1 1 0 0 0 0 1 0 0 0 1 1 0 1 0 0 1 1 1 0 1 
0 1 0 0 1 1 1 1 0 0 0 1 0 0 1 1 1 1 1 1 1 0 0 0 0 0 1 1 1 1 1 1 1 1 1 0 0 0 1 0 0 1 0 1 
1 1 0 0 1 1 0 0 1 0 0 0 0 0 1 1 1 0 0 0 1 1 0 1 1 1 0 1 0 0 0 1 1 0 0 0 1 0 0 1 0 1 1 0 
1 0 1 0 1 1 1 0 0 1 0 1 1 0 0 1 0 1 1 1 1 1 0 1 1 0 0 1 1 1 1 0 1 0 1 0 1 0 1 1 1 1 0 0 
1 0 0 1 1 1 0 1 0 0 0 1 1 0 0 0 1 1 1 0 1 0 1 0 0 0 1 1 1 1 0 0 1 0 1 1 1 1 0 1 0 0 0 1 
0 0 1 1 1 0 1 0 0 0 0 0 0 1 0 1 0 0 1 1 0 0 0 1 0 0 0 0 0 0 1 0 0 0 1 1 1 1 1 1 1 1 0 0 
0 0 1 0 0 1 1 0 1 0 1 1 0 1 1 1 1 0 1 1 1 1 0 0 0 1 1 1 0 1 1 0 1 1 0 1 0 1 1 1 1 0 1 0 
1 0 1 0 1 0 1 0 1 1 0 1 0 1 1 0 1 0 0 0 1 0 0 1 0 1 1 1 0 0 1 1 0 0 0 1 1 1 1 0 1 1 0 1 
