58 67 3427
9 97 59 61 70 55 39 93 33 64 75 38 93 68 29 43 48 80 44 2 5 98 55 100 94 8 79 21 16 96 57 24 44 68 36 65 22 75 57 6 38 32 95 82 51 75 25 50 54 68 51 11 66 58 10 11 65 41 31 80 88 88 56 31 7 43 95 
28 17 4 86 6 87 80 40 89 55 64 38 60 31 41 70 48 50 32 59 66 72 89 98 59 28 53 41 34 47 87 14 16 90 99 73 28 30 12 16 36 75 6 96 58 98 17 5 99 100 63 64 23 4 61 33 31 65 73 17 12 60 30 27 1 80 99 
81 9 11 48 45 37 5 92 94 2 60 99 52 60 13 16 82 16 76 15 99 41 39 67 4 50 96 30 3 27 80 83 87 42 30 83 79 35 74 72 88 86 22 92 45 35 7 78 2 82 92 100 74 83 66 77 32 13 58 34 91 38 16 78 31 98 12 
9 84 38 81 23 23 54 14 67 88 72 96 90 54 88 41 79 22 59 8 53 23 17 87 14 54 54 43 85 3 54 45 38 43 77 61 65 31 26 83 70 98 79 11 3 18 52 33 39 62 40 91 36 57 29 49 62 35 43 98 37 49 43 27 91 71 39 
56 1 64 38 71 13 68 33 15 85 36 100 23 97 39 66 33 47 46 33 61 80 28 58 69 76 52 95 18 23 33 73 23 48 63 45 61 82 78 27 67 13 26 41 62 17 58 46 63 4 78 23 35 5 33 3 32 84 49 50 58 33 74 33 81 36 77 
93 18 6 71 36 71 97 76 32 65 34 29 79 89 6 54 23 63 86 26 94 21 26 43 79 59 17 11 91 4 39 35 73 97 5 60 67 53 36 50 69 21 78 48 9 35 53 83 49 38 60 43 10 86 37 40 96 5 2 38 61 41 72 33 89 28 93 
55 33 80 56 1 52 85 100 12 71 52 94 20 41 54 62 51 39 50 42 86 55 44 23 15 36 46 99 24 25 43 30 57 74 85 10 25 21 9 36 91 61 30 10 1 83 23 3 73 73 45 58 79 40 32 45 75 29 43 50 53 38 79 62 11 15 71 
36 35 31 71 25 91 52 87 44 86 9 46 58 81 42 67 11 81 50 55 7 30 98 56 83 87 34 96 97 48 18 32 34 48 55 59 39 6 97 82 44 5 79 53 38 73 20 48 5 21 3 12 51 52 19 85 38 53 80 34 52 97 18 86 44 72 96 
34 29 44 67 72 48 46 25 85 70 96 85 74 16 39 37 18 90 56 2 79 8 33 12 11 29 81 48 25 52 95 58 33 38 25 56 38 22 32 74 43 27 58 16 95 96 53 12 37 8 66 15 67 98 79 29 79 59 29 3 11 23 12 95 13 88 50 
50 61 82 23 3 60 33 71 54 28 23 18 65 82 35 31 100 32 9 80 10 68 8 64 30 83 76 24 95 63 73 44 76 6 18 78 66 50 48 71 30 22 40 94 55 74 24 6 58 85 86 19 52 93 83 81 27 10 4 21 24 28 16 99 34 34 29 
51 35 76 73 64 50 13 9 4 38 85 10 95 69 95 66 20 39 100 100 66 9 55 38 84 82 54 35 67 39 63 69 73 90 42 89 39 6 97 95 43 81 4 90 49 50 55 68 40 54 19 57 14 73 95 97 7 100 83 25 90 97 46 14 87 87 2 
77 92 99 71 86 79 26 75 80 27 29 99 67 34 70 23 47 94 69 96 100 20 78 77 61 75 22 75 61 60 76 89 3 74 12 88 5 37 15 36 64 43 34 30 77 3 4 75 97 25 70 48 96 48 24 57 74 97 31 86 56 58 74 58 84 85 46 
40 22 60 75 37 54 8 18 82 63 21 9 59 97 78 58 93 77 34 1 50 30 31 35 86 40 61 43 23 45 40 62 18 51 36 54 57 96 23 90 10 44 98 68 92 28 77 36 4 10 36 54 40 66 40 77 58 100 19 80 97 11 94 14 13 81 20 
21 76 42 11 85 37 60 4 29 87 33 64 43 42 52 48 81 69 87 57 26 39 28 6 35 90 51 100 54 31 19 75 59 13 37 95 49 48 51 29 35 83 45 77 24 96 76 57 64 62 65 90 52 44 47 86 85 97 38 39 79 8 65 37 20 53 32 
21 100 82 1 34 64 97 62 39 92 89 47 8 51 12 49 54 7 47 92 92 95 29 82 73 36 46 10 8 98 93 28 97 26 80 83 41 77 96 79 20 85 26 27 87 89 75 92 95 73 83 38 67 11 19 40 99 64 1 6 13 45 85 62 70 64 96 
10 92 43 40 12 79 17 38 17 5 65 9 52 37 43 89 56 54 8 95 4 23 47 61 88 91 45 49 60 60 96 21 52 38 60 63 69 77 52 85 33 16 45 84 5 88 73 60 93 32 6 96 6 4 56 93 94 52 93 5 11 40 77 14 30 36 28 
98 64 80 82 97 47 27 80 3 66 4 14 58 87 19 53 93 74 60 37 19 63 82 75 25 21 51 39 50 39 66 47 2 45 81 98 44 59 30 46 24 33 60 81 20 30 85 64 4 96 52 74 58 33 49 82 54 99 72 3 37 38 2 39 34 82 88 
77 40 17 75 15 2 34 95 73 15 31 88 18 26 39 44 35 72 92 16 25 42 88 79 79 77 32 69 62 65 8 39 56 77 65 70 78 50 16 50 64 98 89 34 23 27 77 57 98 68 25 74 9 64 5 39 40 36 59 1 53 67 91 8 43 7 78 
72 56 45 73 20 43 61 53 17 87 29 26 85 48 50 10 8 65 14 47 56 2 5 56 54 23 99 13 17 5 42 88 13 87 60 32 81 20 36 97 7 16 22 43 63 23 52 70 87 66 68 42 19 25 50 72 99 100 84 16 56 78 3 68 64 63 51 
44 34 86 40 40 53 14 82 15 36 86 37 75 51 56 68 21 80 69 44 31 20 79 46 76 56 100 95 19 14 98 14 48 35 6 39 88 19 73 54 6 58 42 32 60 98 100 80 29 20 23 59 40 53 56 67 9 56 13 79 69 10 93 68 97 98 7 
36 68 79 89 25 36 31 57 47 80 8 26 60 27 100 19 18 52 26 84 60 81 49 39 2 10 83 69 6 32 27 41 99 5 82 75 92 64 31 38 43 90 15 2 69 14 72 86 66 50 22 77 82 70 67 83 79 49 4 37 32 30 29 82 87 10 57 
78 73 39 68 67 29 82 21 97 48 92 34 13 93 55 41 75 76 8 57 55 8 12 43 40 42 71 21 80 81 77 57 5 68 76 72 96 10 92 44 57 35 77 21 28 84 61 54 59 20 10 65 80 22 7 19 15 30 91 94 62 68 2 66 87 30 89 
82 39 32 77 95 19 53 15 46 36 27 99 47 99 60 11 78 33 18 96 99 47 86 44 8 5 46 25 91 27 66 24 65 97 100 59 15 5 25 12 92 3 62 38 1 22 49 78 6 18 25 57 16 11 100 75 67 45 99 10 23 64 85 87 13 85 97 
27 41 73 39 32 76 100 22 76 73 70 54 31 39 78 87 54 40 86 28 59 83 78 20 5 94 4 92 6 40 40 32 80 13 22 64 88 22 85 15 46 6 20 28 44 50 14 49 41 52 76 99 86 53 18 90 46 22 33 51 13 73 35 45 37 56 8 
76 29 44 90 27 1 10 54 96 59 20 44 99 71 19 50 56 23 67 97 21 40 30 23 5 54 57 49 42 65 56 17 93 51 6 19 51 15 25 46 25 44 41 76 14 59 25 21 33 43 17 53 35 98 28 39 3 84 87 44 48 94 60 93 44 66 11 
46 32 35 43 9 30 83 84 95 93 8 15 25 2 84 30 36 81 57 74 84 92 60 79 92 5 39 84 48 56 46 45 39 33 87 47 62 21 30 57 13 89 23 90 43 6 71 78 87 27 4 22 70 63 100 61 68 90 96 67 45 42 64 84 26 50 30 
39 23 12 47 35 52 70 76 94 75 46 24 13 24 27 86 94 41 86 6 60 75 2 27 20 95 42 55 72 91 36 10 65 47 57 100 51 78 27 96 52 25 19 17 48 97 2 93 38 87 51 97 14 4 75 85 50 16 39 21 59 74 82 23 73 90 74 
75 67 53 70 71 77 41 87 24 37 88 69 74 27 19 23 40 22 97 76 71 65 14 91 23 39 24 97 63 14 23 89 80 75 59 50 51 51 36 74 87 76 42 13 2 12 35 93 33 83 68 3 47 33 45 21 23 69 70 86 34 92 74 13 66 84 15 
16 86 2 41 73 77 35 37 78 46 23 70 79 5 89 33 4 21 78 76 44 98 45 81 31 36 6 95 53 90 9 68 27 11 61 51 39 95 87 69 40 9 90 70 66 79 55 21 99 32 96 94 81 41 74 63 28 80 57 81 21 18 100 47 80 60 98 
18 6 36 38 98 97 28 67 62 6 21 34 56 4 29 2 36 21 75 98 49 6 7 81 26 76 80 25 55 92 74 24 97 61 14 94 57 41 13 70 98 85 3 5 89 32 6 76 4 33 26 52 38 32 84 16 7 16 92 13 7 65 88 55 25 1 1 
34 41 13 3 90 97 6 95 37 89 52 13 92 84 38 44 22 21 79 37 79 94 80 91 52 44 78 59 20 31 59 53 23 71 56 13 19 13 59 56 1 10 20 92 94 57 87 15 29 66 3 7 11 34 97 15 77 26 73 48 8 31 53 31 53 8 43 
71 72 1 78 72 10 97 63 3 5 2 69 33 67 23 91 29 56 87 43 84 65 15 84 72 97 36 2 49 43 96 20 66 96 49 37 58 46 51 12 50 52 33 35 18 7 25 99 15 64 41 98 80 8 81 3 4 68 57 53 62 52 24 27 100 72 63 
57 17 14 68 19 65 52 5 35 59 81 85 73 44 25 22 75 32 55 78 36 22 34 88 84 85 63 10 84 34 25 92 51 90 12 21 6 63 77 40 73 57 24 97 1 1 19 27 32 25 4 19 98 37 58 81 74 20 43 9 54 19 1 56 8 64 28 
13 78 4 5 51 60 80 47 12 80 17 39 64 41 42 82 39 31 92 71 56 11 65 64 16 83 16 23 90 79 2 3 57 5 59 59 17 38 5 28 18 74 18 81 14 12 14 4 42 57 27 49 20 91 12 87 74 28 10 15 58 63 69 66 20 27 24 
36 65 81 15 34 54 85 66 19 96 31 75 89 88 1 37 7 43 48 45 68 27 6 35 37 69 3 54 88 82 78 75 98 10 89 31 15 73 48 85 20 78 11 8 17 63 44 23 6 44 20 25 22 25 59 10 93 62 64 32 43 93 6 92 2 47 22 
68 71 69 4 91 46 15 98 15 77 94 89 34 89 8 59 62 33 17 72 25 78 87 9 72 79 14 63 32 60 36 99 31 4 2 73 2 68 22 16 45 67 4 78 55 64 36 69 96 5 92 72 82 78 80 6 8 94 20 39 5 56 89 87 11 42 59 
64 10 33 31 6 99 87 35 6 50 23 74 97 27 65 68 60 94 48 65 1 93 37 39 49 44 79 36 54 20 46 70 81 30 52 86 29 38 73 86 39 95 59 35 21 75 3 80 68 2 97 20 46 33 10 94 28 88 81 33 59 79 2 92 8 54 29 
88 43 1 73 34 95 83 68 15 57 22 47 76 75 43 47 20 27 56 66 54 95 46 86 54 76 40 45 36 45 73 23 39 26 48 72 20 30 92 35 39 13 33 66 88 75 13 59 53 68 24 6 15 22 43 68 97 34 64 32 78 88 7 17 13 54 88 
85 35 31 71 73 44 3 39 83 29 3 41 81 70 17 38 84 38 32 3 86 66 18 70 43 58 28 11 22 33 51 6 67 81 76 92 76 78 30 58 6 32 51 38 53 19 75 89 56 7 43 93 72 13 62 66 70 89 77 91 73 79 49 40 59 76 31 
35 54 12 44 11 95 94 1 99 12 75 39 19 33 82 12 56 94 25 74 15 66 50 57 38 80 57 29 38 33 59 72 38 22 68 100 16 61 100 15 25 27 53 95 59 86 58 67 31 83 40 97 100 41 54 89 20 62 18 9 94 28 81 31 2 100 31 
17 60 30 83 36 56 88 31 67 25 88 85 56 22 24 4 73 16 57 62 87 71 31 95 64 10 27 95 11 26 77 28 86 58 62 73 66 1 55 32 26 95 68 33 16 91 36 41 58 45 2 44 15 84 38 78 93 65 24 4 90 100 83 27 10 96 52 
75 97 6 6 22 100 73 54 68 15 41 8 24 85 61 67 99 44 56 77 88 20 52 43 62 4 77 40 13 73 91 87 69 97 44 42 96 68 47 63 34 87 22 57 72 82 75 22 77 30 50 65 2 2 7 63 5 84 54 69 8 45 7 28 41 50 69 
88 17 67 3 2 53 24 58 76 58 32 98 34 13 47 98 14 100 57 28 56 92 82 24 51 78 30 78 70 31 46 57 47 64 11 100 68 35 57 44 44 40 93 77 53 91 27 18 91 35 98 46 26 79 70 76 8 51 5 77 82 2 33 80 65 44 80 
32 30 88 27 73 28 19 1 32 10 27 1 52 61 98 97 38 28 18 65 35 21 69 11 2 70 96 33 34 91 64 18 72 52 44 96 31 15 96 14 76 23 14 27 35 64 75 73 91 93 89 78 13 58 88 66 79 35 50 65 25 14 82 96 65 77 91 
47 43 39 60 18 13 73 96 47 36 71 71 79 15 60 8 79 69 95 96 47 82 45 11 6 58 92 54 74 21 96 20 63 34 79 33 46 4 28 45 91 50 15 21 16 26 28 94 94 75 41 93 56 38 3 13 47 47 18 21 67 14 92 81 99 23 13 
45 78 41 41 68 42 7 41 58 33 68 3 78 42 96 70 49 33 25 14 79 71 31 51 37 44 43 17 95 65 82 91 94 74 31 61 15 37 53 24 21 21 79 99 14 74 20 15 58 44 28 36 14 58 87 2 54 81 71 48 97 52 38 90 25 20 2 
91 56 55 67 29 75 45 27 40 70 98 54 27 42 33 14 55 43 52 9 96 32 79 95 28 82 84 17 58 3 19 48 10 25 66 38 99 10 16 90 31 14 96 9 55 28 23 61 70 74 69 17 58 99 11 85 32 94 54 89 48 24 89 58 48 6 95 
98 68 11 87 98 24 82 7 30 62 81 90 31 6 11 48 63 61 10 100 45 56 53 85 3 76 73 12 75 31 59 72 98 69 58 95 44 92 53 25 53 85 14 35 43 76 34 57 89 44 56 33 51 60 17 53 87 42 17 61 72 75 32 69 95 42 15 
38 33 68 62 85 4 27 19 46 55 53 3 95 48 58 27 98 70 95 2 56 36 18 17 59 44 100 79 38 41 94 27 25 13 40 61 16 19 80 14 73 84 16 19 83 25 45 32 94 91 85 2 79 3 70 37 98 69 16 36 62 61 62 86 73 2 47 
40 20 78 53 44 13 68 62 47 93 58 78 38 48 62 39 26 16 8 15 14 29 82 49 90 42 62 27 14 15 73 53 86 2 6 81 14 25 94 60 69 51 37 7 51 51 97 28 66 57 42 79 37 23 79 26 64 93 4 29 7 77 34 45 78 91 25 
44 67 19 3 36 21 92 94 71 42 42 99 59 98 92 90 34 67 20 11 82 12 15 11 71 43 96 15 72 86 39 15 4 57 70 39 78 13 32 100 54 26 50 64 23 42 53 9 60 73 71 41 36 85 3 58 79 98 72 51 35 63 17 39 71 86 29 
100 98 13 100 3 38 49 67 12 42 71 20 1 95 91 94 83 27 96 40 58 46 12 8 32 74 24 70 44 62 51 44 59 63 95 14 100 95 80 11 89 2 31 89 49 73 34 31 51 30 70 8 75 81 67 58 6 43 28 2 4 78 97 14 92 43 27 
91 37 58 1 25 60 83 66 8 7 99 90 10 80 59 69 6 92 36 64 97 30 43 50 85 72 98 98 63 40 25 53 77 34 5 53 45 40 70 4 98 21 93 7 100 52 76 58 43 63 21 91 92 15 93 28 86 90 25 48 30 1 52 58 35 8 62 
79 47 84 83 45 4 75 51 55 78 78 12 72 92 84 63 35 50 7 62 35 96 87 34 77 39 37 86 73 45 100 4 43 83 86 87 86 12 90 92 90 19 4 13 11 39 75 45 89 33 7 75 81 45 9 57 83 97 95 56 41 46 11 84 28 48 22 
65 59 11 56 100 30 59 13 40 50 39 36 38 72 42 64 4 38 72 12 21 69 6 28 61 51 38 96 30 85 18 94 95 28 50 47 9 60 11 100 61 49 36 50 72 29 14 27 67 37 39 39 57 44 18 18 47 7 13 76 43 30 22 89 10 71 35 
18 82 45 70 43 46 5 92 69 85 5 96 3 42 34 93 98 29 10 67 75 68 32 3 10 13 24 99 22 46 33 92 79 30 13 21 27 17 65 95 53 21 42 56 62 27 48 12 56 10 30 82 77 61 84 87 26 59 37 47 4 21 90 83 50 2 55 
28 70 19 75 23 40 16 30 53 43 29 16 98 38 98 79 67 10 15 5 35 73 41 34 29 13 23 63 15 77 69 42 98 40 16 72 79 32 1 83 26 82 51 75 71 48 5 37 9 19 93 44 44 85 77 24 98 51 38 12 79 6 53 77 45 21 48 
75 4 1 10 29 82 60 3 52 59 7 41 19 78 33 62 73 18 90 96 15 93 33 78 23 90 82 99 87 2 99 61 5 99 70 85 32 81 39 83 91 98 75 10 75 8 23 47 77 65 94 43 9 26 20 31 67 1 30 53 55 80 14 11 78 35 96 
0 1 1 0 1 0 1 0 0 0 1 0 0 1 1 0 1 0 1 1 1 1 0 1 1 1 0 0 0 1 1 0 0 0 1 1 1 0 0 1 0 1 0 0 0 1 0 1 0 1 0 1 0 1 0 0 0 1 0 1 0 1 1 0 1 0 1 
0 0 1 0 0 0 0 0 0 1 0 1 1 1 0 0 0 1 1 0 1 0 0 0 0 1 0 0 0 0 1 1 1 1 1 1 1 1 0 0 0 0 1 0 0 1 0 0 0 1 0 0 1 0 0 1 1 0 1 1 1 1 0 0 0 1 1 
1 0 1 1 1 0 1 1 0 0 1 0 1 1 0 1 0 0 1 0 1 0 1 0 1 0 1 1 0 0 0 0 1 0 1 0 0 0 1 0 1 0 0 0 1 0 1 0 0 0 0 1 0 1 1 1 0 0 0 0 1 1 0 0 1 0 0 
1 0 1 1 1 1 1 1 1 1 0 1 1 1 1 0 1 0 1 1 0 0 1 1 1 0 1 1 1 1 1 0 0 0 1 1 1 0 1 0 1 1 1 0 0 0 0 0 1 0 1 1 0 0 0 1 1 0 0 0 1 1 1 1 1 0 1 
0 1 0 1 0 1 0 1 0 1 1 0 0 1 1 1 1 1 0 0 0 0 0 1 1 1 0 1 0 0 0 1 1 0 0 0 1 0 1 1 1 0 1 1 0 0 1 1 0 1 0 0 1 0 1 0 0 1 1 0 0 1 1 1 1 1 1 
1 0 0 0 1 1 0 1 1 0 0 0 0 1 0 1 0 1 0 0 1 0 0 1 0 1 1 1 1 0 1 0 0 1 0 0 0 0 1 1 1 1 0 1 0 0 0 0 1 1 0 0 1 0 0 1 0 1 0 1 1 1 1 0 1 1 0 
1 0 1 1 1 0 1 0 0 1 1 0 1 0 0 1 1 1 1 0 1 0 0 0 0 0 1 0 1 0 0 0 0 1 1 1 1 0 0 1 0 1 1 1 1 1 0 0 0 0 0 1 0 0 1 0 0 0 0 1 1 0 0 1 1 1 1 
0 0 1 1 0 0 0 1 1 0 1 1 0 1 1 0 0 1 1 0 0 0 1 1 1 1 1 0 1 1 1 1 1 0 1 1 0 1 0 1 1 1 0 0 1 1 0 1 1 1 1 1 1 0 0 0 0 0 1 1 1 0 0 0 1 1 1 
1 1 1 1 0 0 1 0 1 1 0 0 0 0 0 1 1 0 1 0 0 1 1 1 0 1 0 0 0 1 1 0 0 0 1 1 1 0 1 0 1 0 1 1 0 1 0 1 1 0 1 0 1 0 1 0 0 1 0 0 1 0 0 1 0 1 0 
1 0 0 0 1 0 1 1 0 0 1 1 1 1 1 1 1 1 1 1 1 0 1 0 1 1 0 1 0 0 1 1 0 1 1 1 1 0 0 1 0 0 1 0 1 0 1 0 1 0 1 1 1 1 1 0 0 1 1 0 1 1 0 1 0 1 1 
0 0 1 1 0 1 0 0 1 0 0 1 0 0 1 1 1 0 0 0 0 1 1 1 1 0 1 0 1 0 1 1 0 1 0 1 0 1 1 1 1 1 1 1 0 0 0 1 0 0 1 0 0 1 1 1 1 0 1 0 1 1 1 1 0 0 0 
0 1 0 0 0 1 1 0 1 1 0 1 1 1 0 1 1 1 1 0 1 1 1 1 0 0 1 0 0 1 0 1 0 0 1 0 0 0 0 1 1 1 0 0 0 1 1 1 0 0 1 1 0 0 1 0 1 0 0 1 1 1 0 1 1 1 1 
1 1 0 1 0 1 1 0 1 0 0 0 1 0 1 0 0 1 1 1 0 1 1 0 0 0 0 1 0 0 1 1 1 1 0 0 0 0 0 1 0 0 1 1 1 0 0 1 1 1 0 0 1 0 0 1 0 0 1 0 0 0 0 0 1 0 0 
1 0 0 0 1 1 1 0 0 1 0 1 0 0 0 0 1 0 0 0 0 1 1 1 1 1 1 1 0 1 1 1 0 0 1 1 1 0 1 1 1 0 0 0 0 0 0 1 0 1 1 1 0 1 0 1 0 1 1 1 0 0 0 0 0 0 1 
1 0 1 0 0 1 1 0 1 1 0 0 0 1 1 1 1 0 1 1 1 0 0 0 0 0 0 1 1 0 0 0 1 1 1 1 0 0 1 1 1 1 1 1 1 1 0 0 1 1 1 0 1 1 0 0 0 1 1 1 1 1 1 0 1 0 1 
1 0 0 1 0 0 0 1 1 1 0 1 1 1 1 1 1 0 0 1 0 1 0 1 0 1 1 1 0 1 0 0 0 1 1 0 1 1 1 0 1 1 1 0 1 0 1 0 1 1 1 1 0 1 1 1 0 0 0 1 1 0 1 1 1 0 1 
0 1 1 0 0 0 0 0 1 0 0 1 1 1 0 1 0 1 0 1 0 0 1 1 1 1 0 1 1 0 0 1 1 1 0 0 0 0 0 1 0 0 1 0 0 1 1 0 1 1 1 1 1 0 0 0 1 0 1 0 0 0 0 1 1 0 1 
1 0 0 1 0 0 0 0 0 1 1 0 0 0 1 1 1 1 1 0 1 1 1 1 1 1 1 1 1 1 0 0 1 0 1 0 1 1 0 1 1 0 0 1 0 1 1 0 1 0 0 0 0 1 1 1 1 1 0 0 0 1 0 0 1 0 0 
0 1 0 0 0 0 0 0 1 1 1 1 0 1 1 0 1 0 0 1 1 1 1 1 1 0 0 1 0 0 1 0 1 0 0 0 0 0 0 1 0 1 0 0 0 1 1 0 0 1 1 1 0 0 1 1 1 1 1 1 1 0 1 0 0 0 0 
1 0 0 0 0 1 1 1 0 0 0 0 0 1 1 0 1 1 1 0 0 0 1 1 1 0 1 1 0 1 0 1 1 0 0 0 0 1 1 0 1 1 0 0 0 1 0 1 0 1 1 1 1 1 0 0 1 1 1 1 0 1 1 0 0 1 0 
0 0 1 0 1 0 0 1 0 1 1 1 1 0 0 0 1 1 1 1 0 0 1 0 1 0 1 1 0 0 1 0 0 0 0 1 0 0 1 0 1 0 1 1 1 1 1 0 1 0 0 1 1 1 1 0 1 0 1 0 0 0 0 0 0 1 0 
0 1 1 0 1 1 1 0 0 0 1 1 1 0 1 1 1 0 0 1 1 1 0 1 1 0 0 0 0 1 0 0 0 1 0 1 0 1 1 1 1 1 0 1 1 1 0 0 1 0 1 0 1 1 0 1 1 0 1 1 1 1 1 1 0 1 1 
0 0 0 1 1 1 1 0 0 0 0 0 1 1 1 0 0 0 0 1 1 0 0 0 1 1 1 0 1 0 1 0 0 0 1 0 1 1 0 0 1 1 0 1 0 0 1 0 0 1 0 0 1 0 0 0 0 0 0 1 0 0 1 1 0 1 1 
1 0 1 1 1 0 0 0 0 0 1 1 0 0 1 0 1 1 1 1 1 1 0 1 1 0 0 0 0 1 1 1 1 1 1 1 1 1 1 0 1 1 1 1 1 0 0 1 1 1 0 1 0 0 0 1 0 0 0 0 0 1 0 1 0 1 0 
0 0 0 0 1 1 1 0 0 1 0 1 0 1 0 1 1 0 1 1 1 0 1 1 0 0 1 1 1 0 0 1 0 0 1 1 1 0 0 1 1 0 1 1 0 1 1 1 1 0 0 0 0 1 0 0 0 1 0 1 0 0 0 0 0 1 0 
1 1 0 0 0 0 1 1 0 0 0 0 0 1 0 0 1 0 0 0 0 0 0 1 0 0 1 0 0 0 0 1 1 0 1 1 1 1 0 1 1 1 1 1 0 0 0 1 0 0 1 0 0 1 1 0 1 0 1 1 0 1 0 1 0 0 0 
1 1 0 0 0 1 0 0 1 0 0 1 0 0 0 0 1 0 1 1 1 1 0 1 1 0 1 0 0 1 0 1 0 0 1 1 0 1 1 1 1 1 0 1 1 1 1 0 1 0 0 0 1 0 1 0 0 1 0 0 0 0 1 1 1 1 0 
1 0 1 0 0 0 1 1 1 0 1 0 1 1 0 1 1 0 1 1 1 0 0 1 0 0 1 1 1 0 1 0 0 0 1 0 0 0 0 0 0 1 0 1 0 0 0 1 0 1 1 1 1 1 1 0 1 0 1 1 0 1 1 0 1 0 1 
0 0 1 0 0 0 0 1 0 0 0 0 0 1 1 0 1 0 1 1 1 1 0 0 1 1 0 1 1 0 0 1 1 1 1 1 1 1 1 0 1 1 0 1 0 1 1 1 1 0 0 0 1 1 1 0 0 1 0 1 1 0 0 0 0 1 0 
1 0 1 1 1 0 1 1 0 0 0 0 1 1 0 0 0 1 1 1 0 0 1 1 1 1 0 0 1 1 0 1 0 1 0 1 1 0 0 1 0 1 1 0 0 0 0 0 1 1 1 1 1 0 1 0 0 1 0 1 0 0 0 0 1 1 0 
0 1 0 0 1 1 1 1 1 1 1 0 1 0 1 0 1 0 1 0 0 0 0 1 1 1 0 1 0 1 1 1 0 0 1 1 1 0 1 1 0 0 1 1 1 0 1 0 0 1 0 0 1 1 0 0 0 0 0 0 1 1 1 1 1 0 0 
1 1 1 0 1 0 1 0 1 1 1 1 0 0 0 0 0 1 0 0 1 0 0 1 1 0 1 0 1 1 1 0 0 0 0 1 0 1 1 1 1 1 1 1 1 1 1 1 0 0 0 1 0 0 0 0 0 1 0 0 1 1 0 1 0 1 1 
0 0 0 0 1 1 1 0 1 0 0 0 0 0 0 1 0 1 1 0 1 1 1 1 0 0 0 1 0 1 0 1 1 1 1 1 0 0 1 1 0 1 0 0 1 0 1 0 1 0 0 1 1 1 0 1 0 0 1 0 1 1 1 1 0 0 0 
1 0 1 0 0 1 0 0 0 1 1 0 0 0 1 1 1 0 0 1 0 0 0 1 0 1 0 1 0 1 1 1 1 0 1 0 1 0 0 0 1 0 0 1 0 1 1 1 0 1 0 0 1 0 1 1 0 0 0 0 1 1 1 0 0 0 0 
1 0 1 1 1 1 0 1 1 1 0 0 1 1 1 0 0 1 1 0 1 1 0 1 0 0 0 1 0 1 1 1 1 0 1 1 1 1 0 0 0 0 1 0 1 0 0 1 1 1 1 1 1 0 0 1 0 1 0 0 0 0 1 1 0 0 0 
0 1 0 0 0 0 1 0 1 1 0 1 1 1 0 0 0 0 0 0 0 1 0 0 1 0 0 1 1 0 1 1 0 0 1 0 0 1 0 0 0 0 1 1 1 1 1 0 0 0 0 0 1 0 1 1 1 1 0 0 1 1 1 1 1 0 1 
0 1 1 0 0 1 1 1 1 0 1 1 0 1 1 1 0 1 0 1 0 1 1 0 0 1 1 0 0 0 1 0 1 1 0 1 0 1 1 1 0 0 0 0 1 1 1 1 1 1 1 1 0 0 0 1 1 1 1 0 1 0 0 1 1 1 0 
0 0 1 1 0 1 0 1 0 1 0 0 0 0 1 0 0 1 0 1 1 1 0 1 1 1 1 0 0 0 0 0 1 0 0 1 1 0 0 0 1 1 0 0 1 1 0 1 0 0 1 1 1 1 0 0 0 0 0 1 0 1 1 1 1 1 1 
0 1 1 0 1 0 0 1 1 1 1 1 0 1 0 1 0 1 0 1 0 0 1 1 0 0 0 0 1 0 1 0 1 0 0 0 1 1 1 0 0 0 1 0 1 1 0 0 1 0 1 1 0 0 0 0 1 0 0 0 0 1 0 0 0 1 0 
1 0 0 1 0 0 1 1 0 0 1 0 1 1 1 0 1 1 0 1 0 1 0 1 1 1 1 1 1 0 0 0 0 0 0 1 0 1 0 0 1 1 0 1 0 1 1 1 1 0 0 1 1 0 0 0 0 0 0 1 0 0 0 1 0 0 0 
0 1 0 1 0 1 1 1 1 1 1 0 0 1 0 1 0 1 0 0 1 0 0 0 0 0 0 1 0 0 1 1 1 1 0 0 0 1 1 1 0 0 1 0 1 0 0 1 1 0 0 0 0 0 0 0 1 1 0 1 1 1 0 1 1 0 1 
1 0 0 1 0 1 0 1 0 0 1 0 1 1 0 1 1 0 0 1 1 1 1 1 0 1 1 1 0 0 0 1 0 1 0 0 0 1 1 0 1 0 0 1 1 0 0 0 1 0 0 0 1 1 1 0 0 1 1 0 1 0 0 1 1 0 1 
1 1 1 1 1 1 0 0 1 0 0 1 1 1 1 0 0 1 1 0 1 0 0 0 1 0 0 0 1 0 0 0 0 1 1 1 0 1 1 1 0 1 1 1 0 0 1 1 1 1 1 1 1 1 1 1 1 1 1 0 1 1 0 1 0 0 0 
1 1 1 0 1 1 1 1 1 0 0 0 1 1 0 0 1 1 1 0 1 0 1 1 0 1 0 1 1 0 0 0 1 1 1 1 0 0 0 0 0 0 0 0 0 0 0 1 0 0 1 1 0 0 0 0 1 0 0 1 0 0 1 0 1 0 1 
0 1 1 0 1 1 0 1 1 1 0 0 1 0 1 0 0 0 0 1 1 1 1 0 1 1 0 1 0 0 0 0 1 1 0 1 1 1 0 0 0 0 1 1 0 0 1 1 0 1 0 0 0 1 0 0 0 0 1 0 1 0 1 0 1 1 1 
0 0 0 1 0 0 0 1 1 0 0 0 1 0 0 1 0 1 1 0 1 0 0 1 1 0 0 1 1 0 1 0 0 1 1 1 1 1 0 0 1 1 0 0 1 0 1 1 1 1 0 0 1 0 0 0 0 0 1 1 0 0 1 1 1 0 0 
1 1 0 1 1 1 0 1 0 0 1 0 0 0 0 0 1 0 0 1 0 1 0 1 1 1 1 0 0 1 0 1 1 1 1 0 0 1 1 1 1 0 1 1 0 1 0 1 1 0 0 1 1 1 0 1 0 1 1 0 1 0 0 0 1 1 0 
1 0 1 0 1 0 1 1 0 0 1 0 1 1 0 0 1 1 1 0 1 0 1 0 1 1 0 1 0 1 1 0 1 1 0 0 1 0 1 1 0 0 1 0 0 0 0 1 1 1 1 1 0 0 1 1 0 1 1 0 0 0 0 1 1 1 1 
0 1 1 0 1 1 1 1 1 1 0 0 1 1 1 0 1 0 1 1 0 0 0 0 0 0 1 1 0 0 0 0 1 1 0 0 1 0 0 0 1 0 1 0 1 0 0 1 0 1 0 0 1 0 1 1 0 0 0 0 0 1 1 1 0 1 1 
1 1 1 0 1 1 1 1 1 1 0 0 0 1 0 0 1 0 1 0 0 1 1 1 1 0 0 0 0 1 0 0 1 1 0 0 1 1 1 0 0 1 0 0 1 0 1 0 0 0 0 0 0 1 1 1 1 1 0 0 1 0 0 0 1 0 0 
0 1 1 0 1 1 0 0 0 0 1 0 0 1 0 1 1 0 0 1 1 0 1 1 1 1 1 1 0 1 1 1 0 0 1 0 1 0 0 1 0 1 1 1 0 0 0 0 0 0 1 1 0 0 1 1 1 0 0 1 0 1 0 0 0 0 0 
1 0 0 1 0 1 0 1 0 0 1 0 0 0 1 0 0 1 1 0 0 1 0 1 1 0 0 0 0 0 0 1 0 1 0 0 0 1 0 0 1 1 0 0 1 1 0 0 0 1 0 0 0 0 0 0 0 0 0 0 0 0 0 0 1 0 0 
0 1 0 0 1 0 1 1 1 0 1 1 1 0 1 1 0 0 1 0 0 1 0 1 1 1 1 1 0 1 0 0 1 0 1 0 0 0 1 0 0 0 1 1 0 1 1 0 1 0 1 1 0 1 0 1 0 1 1 1 1 1 1 0 1 0 0 
0 0 1 0 1 1 1 0 1 0 1 1 1 0 0 1 0 0 1 1 0 1 0 1 0 1 1 0 1 1 0 1 0 1 1 1 0 0 1 1 1 1 0 0 1 1 1 1 1 1 0 1 0 1 1 0 0 0 0 1 1 0 0 1 1 1 0 
1 0 0 0 1 1 0 1 0 1 1 1 0 0 1 0 0 0 1 0 1 1 0 0 0 0 1 0 1 0 0 0 0 0 0 1 1 0 1 1 0 0 0 0 0 0 0 0 0 1 0 1 0 0 0 1 0 1 1 1 1 1 1 0 0 1 1 
1 1 0 1 1 0 1 0 0 1 0 0 0 0 0 1 0 0 1 1 0 0 0 1 0 0 0 0 0 1 1 1 1 0 0 0 0 0 0 1 1 1 1 1 1 0 1 1 0 0 1 1 1 1 0 1 1 1 1 1 0 0 1 1 0 1 0 
1 1 0 0 1 1 1 0 0 1 1 0 0 0 1 1 1 0 1 0 0 0 1 1 1 1 0 0 0 0 0 1 1 1 1 0 0 0 1 1 0 0 1 0 0 0 1 1 0 0 1 0 1 0 0 0 0 0 0 0 0 1 1 0 0 0 0 
0 0 1 1 0 0 0 0 0 0 1 0 1 0 1 1 1 0 1 1 0 0 1 0 0 0 1 0 0 1 1 1 1 0 0 0 0 1 0 1 1 0 1 0 0 0 0 1 0 1 0 0 1 1 0 0 0 1 0 0 0 1 1 0 0 0 0 
