50 70 791
45 47 54 2 76 63 95 95 61 87 63 28 31 37 52 16 12 76 39 6 85 2 16 21 67 86 45 12 90 25 54 34 71 7 36 98 22 82 44 82 68 6 61 50 94 13 65 6 88 3 63 24 4 78 97 23 16 41 34 5 65 87 90 87 46 77 36 67 58 79 
100 77 36 60 26 81 72 42 86 11 97 100 87 52 30 83 74 45 23 59 49 39 98 38 77 43 67 64 61 76 42 12 53 29 71 30 9 95 72 47 57 68 46 43 19 75 77 45 19 51 3 19 89 100 9 17 94 75 80 54 50 21 17 54 1 40 84 10 34 7 
56 42 26 53 37 96 28 65 40 98 16 43 69 56 42 77 73 88 3 52 93 52 25 10 58 25 49 41 86 34 99 93 75 24 46 63 19 25 28 59 74 43 53 42 50 94 70 22 33 72 26 26 76 2 35 33 78 83 25 64 16 23 8 42 46 53 57 64 29 84 
74 3 78 26 96 27 72 66 1 4 37 78 29 12 79 63 96 56 97 20 71 12 42 79 6 39 83 62 3 12 97 28 66 26 54 61 4 25 78 4 80 67 81 9 30 11 23 26 67 20 45 89 83 39 67 88 77 50 1 31 13 49 59 78 74 12 90 78 88 20 
33 67 86 66 27 67 76 2 92 94 21 89 83 55 79 1 95 55 2 95 38 14 96 96 43 69 59 33 98 46 52 83 64 89 48 43 55 75 44 99 21 16 87 55 70 17 55 64 71 57 11 8 22 6 55 65 74 13 49 24 10 100 6 26 40 5 68 46 31 63 
44 51 78 82 5 47 98 12 11 21 68 21 80 89 26 35 5 51 47 53 26 9 4 31 34 43 87 53 89 18 15 32 68 92 66 25 38 63 36 100 83 55 20 63 95 97 49 100 100 47 52 25 55 56 8 40 98 46 92 38 63 6 22 83 97 87 59 87 1 94 
86 36 100 58 50 94 6 98 93 57 44 97 82 51 52 41 90 1 86 82 39 1 39 12 35 88 50 93 74 50 38 11 85 89 68 86 82 26 83 27 82 79 23 15 81 26 7 70 26 45 3 16 45 94 79 31 81 28 23 6 78 12 16 14 100 36 100 33 13 34 
59 94 64 33 9 44 58 15 66 36 59 68 3 55 13 82 85 93 9 59 50 38 22 18 52 73 5 3 6 17 88 16 10 4 49 70 47 58 85 12 45 95 32 48 2 44 29 38 89 37 49 90 75 70 7 78 43 11 32 100 27 71 15 37 74 15 58 73 25 94 
36 69 89 19 68 42 15 96 79 3 85 27 92 11 97 51 40 91 61 71 90 88 93 56 76 67 23 33 39 47 79 26 67 67 45 35 8 59 82 38 13 66 65 56 28 13 6 67 3 67 89 44 6 82 51 33 48 73 17 38 71 95 63 38 13 59 24 72 17 5 
10 29 23 74 85 50 86 90 17 40 8 5 83 65 38 33 97 37 58 66 26 28 60 41 65 25 99 40 96 16 97 5 96 19 78 32 68 15 74 36 54 81 93 88 98 82 21 46 19 30 11 44 57 23 84 74 47 83 13 42 50 9 99 45 79 28 29 99 43 2 
34 96 34 78 84 31 60 56 77 30 85 87 73 93 61 57 66 59 91 31 53 40 91 51 36 70 78 64 68 20 65 53 68 51 83 3 81 42 10 57 23 46 96 95 38 8 3 56 67 93 86 19 84 76 69 20 45 98 35 64 18 52 17 37 2 99 91 82 92 100 
91 14 45 38 8 34 45 63 89 11 55 26 81 39 54 49 10 50 47 96 14 16 99 30 4 100 80 94 34 71 45 76 36 89 13 95 74 9 57 15 72 64 40 52 54 45 1 15 95 99 10 8 66 9 89 69 60 68 62 93 90 6 20 77 46 32 71 71 93 28 
85 64 43 77 15 96 21 15 10 67 65 19 74 30 79 62 98 39 81 11 83 22 68 3 98 65 86 69 36 78 48 72 41 90 100 56 85 73 22 46 39 87 64 65 68 95 26 18 33 59 28 67 80 48 69 78 12 55 98 99 32 45 23 25 86 74 80 22 46 1 
67 37 39 82 1 7 76 26 24 60 36 3 27 16 50 47 45 14 1 42 64 85 86 86 9 23 12 40 44 57 40 10 93 79 43 93 85 19 71 60 30 6 62 56 73 12 55 17 77 55 58 40 91 95 78 51 17 89 90 12 97 30 73 90 60 16 34 96 86 56 
55 15 14 16 23 38 79 77 55 55 83 64 95 74 11 72 76 27 12 66 91 8 47 63 49 6 78 83 53 15 90 7 30 55 74 52 93 53 28 47 7 10 62 53 35 72 76 11 51 87 76 41 95 74 3 43 79 33 77 83 47 19 89 28 73 14 79 65 66 58 
63 25 20 25 77 54 96 53 16 46 39 43 86 85 16 41 80 46 25 56 28 23 26 16 51 99 82 81 63 47 39 26 71 58 50 48 63 97 52 79 43 90 21 80 27 37 20 6 82 96 13 62 19 39 29 69 37 10 49 51 57 39 76 27 96 77 26 11 74 77 
41 68 19 61 47 97 49 19 2 83 14 14 44 84 52 72 52 40 82 53 91 90 91 66 68 39 95 94 1 20 22 41 39 92 1 85 88 2 55 41 84 21 55 27 4 58 50 8 98 83 60 88 72 2 5 40 92 99 85 92 70 6 32 8 50 33 45 89 86 51 
30 69 71 84 47 27 41 48 34 38 31 45 77 2 46 82 41 38 32 25 29 2 83 13 61 32 45 57 20 30 8 1 50 30 84 48 56 77 95 89 66 25 85 43 27 31 24 67 20 7 44 100 60 26 12 21 57 8 77 28 89 84 29 90 14 64 37 21 40 32 
62 58 56 46 100 34 28 75 1 99 33 96 99 93 21 62 13 29 22 41 8 10 77 36 100 90 52 88 62 43 19 23 100 27 69 51 60 96 77 12 95 10 7 45 2 79 58 66 7 79 6 15 89 82 2 40 23 5 79 85 48 98 7 99 76 27 50 87 75 26 
99 69 35 57 65 88 36 22 53 94 1 59 60 41 40 62 32 15 66 10 99 65 59 57 64 86 84 13 73 58 90 23 78 77 31 42 64 66 15 69 12 15 27 71 7 18 84 90 32 50 100 82 66 10 39 29 96 74 93 68 31 35 42 60 11 72 1 26 90 67 
46 1 34 24 23 40 42 7 30 25 8 81 59 73 90 49 54 37 22 46 56 4 32 97 63 42 21 15 20 10 81 65 62 14 41 84 6 82 42 35 58 49 67 68 74 8 16 27 45 89 24 52 92 56 49 54 49 21 68 68 30 49 85 43 14 25 78 19 58 20 
5 67 68 71 87 41 79 2 67 75 91 43 26 34 98 26 88 46 46 7 66 27 7 2 69 21 78 47 39 35 66 44 53 85 66 39 78 96 93 96 70 35 38 96 68 35 21 7 33 67 14 98 45 72 51 14 92 28 12 83 62 29 78 66 13 43 57 90 39 49 
38 60 83 75 55 2 62 28 9 94 46 74 43 90 45 93 55 37 20 66 71 33 94 48 98 59 42 54 100 32 54 37 92 36 64 98 90 25 77 98 18 22 71 12 64 67 4 18 55 75 84 25 7 29 24 56 87 66 62 87 49 15 75 92 3 38 90 92 62 18 
41 31 40 63 94 55 29 97 72 84 23 7 60 29 88 84 37 74 1 98 12 49 64 39 41 18 76 82 9 90 99 1 72 90 63 66 44 44 14 68 79 37 26 90 17 13 73 5 39 25 54 2 26 18 40 18 35 68 99 96 9 49 48 80 39 63 97 34 6 11 
53 36 99 31 25 67 43 50 72 33 26 25 87 51 42 78 68 29 45 18 76 5 67 23 85 57 85 81 42 42 43 47 77 93 77 54 60 19 55 31 4 32 55 90 83 49 67 2 29 64 20 4 68 38 26 4 46 11 37 87 52 79 85 81 72 61 86 31 32 92 
13 35 23 67 76 5 67 42 59 95 5 78 98 25 67 76 28 12 86 64 50 89 43 35 21 66 95 58 48 78 49 60 12 72 78 39 28 97 81 86 91 37 15 41 61 81 16 41 92 53 4 42 93 98 28 66 15 74 23 62 52 72 73 63 95 51 2 22 47 34 
8 89 22 74 29 35 55 96 75 46 100 30 39 93 28 18 58 94 92 32 56 43 3 80 57 97 30 58 71 28 43 30 69 65 3 49 51 57 45 25 55 44 6 45 88 85 63 45 79 54 77 86 96 31 65 52 80 47 62 2 26 56 31 94 72 85 43 22 94 39 
98 100 82 4 44 22 40 58 66 18 11 94 3 58 77 20 62 56 66 75 57 91 30 39 37 2 23 79 75 68 69 25 67 2 80 11 23 19 20 41 37 31 86 91 40 62 10 1 69 75 27 77 18 57 15 54 10 90 84 36 9 52 60 76 5 39 38 28 58 57 
68 46 39 53 36 31 67 98 83 35 24 10 12 41 18 78 46 27 19 29 14 28 32 74 55 37 64 92 16 73 100 83 70 91 87 58 21 53 55 3 40 78 12 3 19 81 80 16 7 51 97 73 30 28 98 84 16 61 27 31 86 26 65 55 16 52 12 88 56 66 
91 47 96 54 49 66 35 81 81 93 31 77 65 12 57 62 95 72 75 73 3 60 50 67 66 66 70 78 5 78 95 95 24 42 1 73 7 35 5 88 79 87 64 44 98 20 57 44 44 31 16 46 42 65 64 60 82 86 89 87 63 83 33 38 25 33 62 83 67 66 
70 46 52 86 41 49 57 97 92 100 80 59 97 73 24 13 32 57 98 20 43 12 55 76 49 31 60 11 13 79 28 83 24 80 20 16 80 76 64 72 28 43 82 24 16 57 88 99 14 85 19 8 48 73 35 97 3 95 59 67 73 86 49 48 17 20 63 97 96 26 
20 75 21 1 98 88 58 86 86 23 22 4 30 70 28 65 18 82 59 28 49 83 65 49 30 82 69 92 30 16 69 49 90 89 1 39 76 58 76 62 32 50 17 62 71 45 78 40 26 88 67 26 70 83 75 51 16 43 94 45 10 62 45 99 3 46 37 30 55 65 
91 87 14 60 100 84 4 29 23 81 16 41 7 37 75 33 39 91 75 32 87 84 93 32 34 47 77 22 77 31 86 19 69 51 78 68 86 33 96 60 66 63 100 24 51 27 56 89 17 82 20 3 17 65 86 50 11 62 23 39 45 61 58 13 11 87 81 97 20 28 
8 37 91 8 60 41 34 15 30 2 48 1 56 64 65 42 65 28 55 39 66 99 99 75 12 62 62 92 10 33 71 17 69 61 76 28 54 61 94 35 62 93 87 70 56 52 11 72 31 17 62 48 16 61 23 27 74 36 70 35 68 40 51 36 53 79 15 58 39 60 
44 53 52 30 22 59 81 84 82 63 100 43 11 15 55 85 93 28 20 14 62 87 6 65 74 10 43 88 67 81 47 10 33 50 39 6 8 72 89 89 86 89 31 96 55 38 80 100 65 99 13 79 37 70 95 10 79 89 49 45 21 47 6 54 96 45 11 3 68 100 
43 53 40 74 1 46 63 80 45 79 31 10 57 67 79 3 29 58 91 77 54 12 24 60 17 19 56 27 74 23 78 16 27 17 41 27 15 3 7 11 82 89 20 90 7 51 93 35 8 35 64 61 98 39 72 14 57 27 93 82 49 22 98 76 91 38 2 5 93 60 
15 74 100 87 15 7 37 7 93 96 94 8 8 91 46 80 57 55 6 1 36 55 22 33 82 12 23 35 16 15 47 83 40 46 69 54 4 5 13 49 52 6 56 59 48 2 38 56 56 44 56 43 50 30 76 83 41 50 17 9 64 63 91 55 61 11 8 64 67 20 
12 18 77 68 76 77 21 14 32 28 9 40 70 58 69 45 92 61 46 8 69 9 23 11 63 83 73 23 46 39 42 10 56 71 29 84 47 49 49 78 76 57 17 45 66 37 42 57 98 87 16 66 48 38 29 62 20 1 84 18 40 78 27 47 100 55 82 46 55 30 
75 30 86 92 26 3 80 19 59 77 6 75 95 5 64 23 18 36 75 54 53 66 83 31 65 82 37 46 27 91 76 1 72 13 44 49 16 24 68 26 100 25 52 46 81 16 20 98 51 95 51 3 60 33 85 24 66 73 22 92 63 97 45 86 61 88 86 76 11 5 
2 63 81 53 60 61 20 80 11 70 74 13 24 85 98 8 61 63 80 82 7 94 78 51 31 38 38 17 66 1 73 19 15 54 23 74 14 43 53 76 12 26 89 36 63 38 95 23 100 27 4 6 72 33 56 3 22 46 71 87 46 95 5 12 48 28 85 14 22 90 
89 33 67 29 20 29 66 67 51 18 93 54 75 16 38 31 70 60 28 92 98 73 87 55 36 34 82 20 99 55 61 40 87 28 20 59 56 38 25 59 55 69 64 29 84 2 11 6 61 38 97 58 62 83 12 97 69 45 69 19 99 29 58 38 8 30 96 64 67 72 
74 21 40 37 49 75 38 12 80 50 49 29 60 11 63 23 59 31 20 27 2 70 8 11 7 15 40 54 30 6 25 3 26 16 40 27 43 29 90 22 31 38 50 90 100 65 12 59 95 31 37 48 1 44 59 59 11 98 65 40 56 89 95 33 57 86 11 99 14 100 
72 96 38 74 85 89 38 49 47 84 31 36 32 83 31 42 42 41 39 6 81 46 46 27 79 2 12 89 52 77 89 24 73 78 97 57 66 34 57 65 69 88 100 100 70 30 41 11 71 32 68 3 77 66 29 7 67 92 96 71 68 84 94 40 61 42 49 78 27 5 
42 95 44 41 95 14 71 87 76 93 70 96 47 47 61 27 53 79 18 100 49 85 83 94 77 95 35 77 73 61 33 66 8 77 7 54 90 29 40 65 73 10 12 19 8 72 45 12 51 62 12 99 98 46 93 26 41 79 2 65 92 35 30 99 11 88 52 52 68 43 
68 40 4 80 10 11 51 54 23 1 67 34 52 17 31 96 42 71 74 96 87 17 30 69 15 92 56 18 95 76 61 62 15 64 41 77 75 44 30 49 96 49 34 47 17 64 94 10 87 20 5 25 36 86 93 3 29 1 20 23 76 80 85 42 96 77 18 22 20 100 
70 16 100 55 14 16 18 60 25 56 79 82 81 66 67 73 68 96 25 40 70 100 19 6 94 14 83 11 35 54 10 56 21 9 62 87 24 32 46 1 87 76 82 19 93 100 92 13 47 68 52 17 20 22 22 13 36 56 23 22 62 85 30 82 93 91 20 69 22 17 
21 61 92 2 79 37 53 22 49 100 90 100 16 9 21 89 21 8 97 95 82 58 79 63 91 24 5 11 44 27 27 64 87 71 17 17 7 69 39 7 20 28 58 87 88 30 76 60 90 24 54 23 81 85 85 71 8 89 81 3 67 8 18 5 30 34 22 36 54 60 
94 74 39 51 12 26 32 39 37 21 62 42 43 42 26 79 65 85 68 45 87 34 4 4 39 85 89 12 20 95 71 65 68 61 67 31 38 99 70 74 19 31 15 14 25 41 92 89 77 11 85 64 45 41 19 35 25 8 46 97 2 68 61 21 28 28 51 65 26 20 
38 96 3 4 61 27 44 53 67 21 15 51 36 59 91 6 45 68 13 42 64 66 61 76 38 40 3 41 4 80 12 93 28 14 97 88 92 92 92 58 64 7 9 51 17 51 57 14 18 21 7 33 87 68 9 24 7 63 16 63 95 28 55 22 41 3 61 33 47 53 
90 62 11 50 13 79 1 21 92 70 41 99 55 79 18 63 55 24 77 70 86 71 97 93 92 38 47 5 22 45 9 63 7 19 13 71 97 65 91 41 86 31 39 40 62 8 54 16 31 31 85 69 1 82 13 45 71 59 1 92 4 9 6 62 79 18 32 27 34 74 
0 1 1 0 0 0 1 0 1 0 0 0 0 0 1 0 0 1 0 0 0 1 0 1 0 0 1 1 1 0 0 1 1 0 0 0 0 1 0 0 1 0 0 1 0 1 1 1 0 0 1 0 1 0 1 0 0 0 1 1 1 0 1 0 0 1 0 0 0 0 
0 0 0 0 1 1 1 1 0 1 1 1 1 0 1 1 0 0 1 0 1 0 0 0 1 0 1 1 0 0 0 1 0 0 1 1 1 1 0 1 0 1 1 0 0 0 1 0 0 0 0 0 1 0 0 0 0 0 1 1 0 1 0 0 0 1 1 1 0 0 
1 1 1 0 1 1 0 0 0 1 0 0 1 1 1 1 1 1 1 1 0 1 0 0 1 0 0 1 0 0 1 1 1 0 1 0 0 1 0 0 0 1 0 1 0 1 1 0 1 0 1 1 0 1 0 1 0 0 0 0 0 1 1 0 0 0 0 0 1 1 
0 0 0 0 1 0 0 0 0 1 1 1 0 1 1 0 0 1 0 1 1 1 0 0 1 0 0 1 0 1 0 0 1 0 1 1 1 1 1 1 0 0 1 0 1 0 1 0 1 1 1 0 0 1 0 1 0 0 1 0 1 1 1 1 0 0 0 1 1 1 
0 1 0 1 1 1 1 0 1 0 0 0 0 0 0 0 0 0 0 1 0 0 0 1 1 0 1 1 1 0 0 0 1 0 1 1 0 1 1 1 1 1 0 0 0 0 0 0 0 1 1 0 1 1 0 0 0 1 1 1 0 1 1 1 0 1 0 0 0 0 
1 1 1 1 1 1 1 0 1 1 1 0 0 0 0 0 0 0 1 1 1 1 0 1 1 0 0 1 0 0 1 0 1 1 1 1 0 1 1 0 0 0 0 0 0 0 0 0 0 0 1 0 1 1 1 0 0 1 0 0 1 1 0 0 0 0 1 1 1 0 
1 1 0 1 0 0 0 0 0 0 0 1 0 0 1 1 0 1 0 0 1 1 0 0 0 0 0 1 1 1 0 0 0 0 0 0 1 0 1 1 0 1 1 1 1 0 0 0 1 1 0 0 0 0 0 0 1 0 0 0 1 0 1 0 0 1 0 1 1 1 
1 1 1 0 0 0 0 1 0 1 0 1 1 0 1 0 1 0 0 1 1 0 1 0 0 1 1 0 1 0 0 0 1 1 0 0 1 0 1 0 1 1 1 0 1 0 0 0 1 1 1 0 1 0 0 1 0 1 1 1 1 1 1 0 0 1 0 0 1 1 
0 0 0 1 0 0 1 1 0 0 0 0 0 1 0 0 0 0 1 1 1 0 1 0 1 1 1 1 1 0 1 1 0 1 0 1 1 0 0 0 0 0 0 1 1 0 1 1 1 1 0 0 1 1 1 0 1 0 0 0 1 1 0 1 0 0 0 0 0 0 
0 1 0 0 0 1 0 1 0 1 0 1 0 0 0 1 0 1 1 0 0 0 1 0 0 0 0 0 0 1 1 0 0 1 0 0 1 0 1 1 0 0 0 0 0 1 1 0 0 0 1 0 1 0 0 1 0 1 1 0 0 0 0 0 0 0 0 1 1 1 
0 1 1 1 1 1 0 0 0 0 0 1 1 1 1 1 0 0 0 0 0 0 0 1 0 0 1 0 1 0 0 0 1 1 1 0 1 1 0 1 1 1 0 0 0 1 0 1 1 0 1 0 1 1 1 1 0 0 0 1 1 0 1 0 1 0 1 0 1 1 
1 1 0 1 1 1 1 1 0 0 0 1 0 1 0 1 0 0 0 0 0 1 0 1 1 0 0 0 0 1 0 0 0 0 1 0 1 0 1 1 1 1 0 1 0 1 1 1 1 1 1 1 0 0 1 1 0 1 0 0 0 0 0 1 0 0 1 0 0 0 
1 1 0 0 1 0 1 0 1 0 1 1 0 1 1 1 0 1 0 0 1 0 0 0 1 1 0 0 1 0 1 0 0 1 0 1 1 1 1 1 0 0 0 0 1 1 1 1 0 1 0 1 1 0 1 1 1 1 1 0 0 0 1 0 1 1 1 1 1 0 
0 1 0 0 1 1 1 0 0 1 1 0 0 0 1 0 1 0 1 1 1 1 1 0 1 1 1 0 0 0 0 0 1 0 0 0 1 1 0 0 0 1 0 0 0 1 0 1 0 0 0 1 1 0 1 1 1 0 1 1 1 0 1 0 0 1 1 0 0 1 
0 0 1 0 0 1 0 1 0 0 1 1 1 0 1 0 1 0 0 1 1 1 1 0 0 1 1 1 1 1 0 1 1 1 0 1 0 0 0 1 0 1 0 1 0 1 1 1 1 1 0 0 1 1 0 1 1 1 0 0 0 0 0 1 0 0 0 0 0 1 
1 0 0 1 1 0 0 0 0 1 1 0 1 0 0 1 1 1 0 1 1 0 0 1 1 0 1 0 0 1 1 0 1 1 1 0 0 0 0 0 1 0 0 1 0 0 0 0 1 1 1 1 1 1 0 1 1 0 1 0 1 0 0 1 1 1 1 1 1 0 
1 1 0 0 0 0 0 0 0 0 1 0 1 1 1 1 0 1 1 1 1 1 1 1 0 0 0 1 0 0 1 1 1 1 1 1 0 0 1 0 0 1 0 1 0 0 0 0 1 0 1 0 1 0 1 1 0 1 0 0 1 0 0 0 1 1 1 1 1 1 
0 1 0 0 0 0 0 1 0 1 1 1 1 0 1 0 1 1 0 1 0 1 1 0 0 1 1 1 0 1 0 0 0 0 1 1 0 1 0 0 1 1 1 0 1 0 1 0 0 1 1 0 0 1 0 0 0 1 0 0 0 0 1 1 1 0 0 1 1 0 
0 0 1 1 1 0 0 0 0 0 1 1 0 1 0 0 0 0 1 0 1 0 0 0 1 1 0 1 1 1 1 1 0 0 0 1 0 0 1 0 0 0 1 0 1 0 0 1 0 0 1 1 0 0 1 1 1 1 0 0 1 1 1 1 1 0 0 1 0 1 
1 1 1 0 1 0 0 0 0 1 0 1 0 0 1 0 1 1 1 1 1 0 0 1 1 1 1 1 0 1 0 1 0 1 1 0 0 0 0 0 1 0 1 1 0 1 1 1 0 1 0 1 1 0 0 1 1 1 0 1 1 1 0 1 0 1 1 0 1 1 
0 0 1 0 0 1 1 1 0 1 0 0 0 0 0 1 1 1 0 1 0 1 0 0 1 1 0 0 1 1 0 0 0 1 0 0 1 1 1 1 0 0 0 0 0 0 1 1 0 0 0 0 1 1 1 0 0 1 1 1 0 1 1 0 0 1 0 1 0 0 
1 0 0 1 1 0 1 0 1 1 0 1 0 0 0 1 0 0 0 1 0 0 0 1 1 1 1 1 0 1 1 1 0 1 0 1 1 0 1 0 1 0 0 1 0 0 0 0 1 0 0 1 1 0 0 0 1 1 1 0 1 1 1 1 0 0 0 0 0 1 
0 1 1 0 1 1 1 1 0 0 0 0 1 1 0 1 1 0 1 0 0 0 1 1 1 0 1 1 0 1 0 0 1 0 1 0 1 0 1 1 0 1 1 1 0 0 0 1 0 1 0 0 1 1 1 0 1 1 1 1 0 0 0 1 0 1 1 1 1 1 
1 1 0 0 0 1 0 0 0 0 0 0 0 1 0 0 0 1 1 1 1 1 1 1 1 1 0 0 1 1 1 0 0 0 0 0 1 1 0 1 1 0 0 0 0 0 0 0 1 1 1 0 0 1 1 1 0 1 0 1 0 1 1 0 1 0 0 0 1 1 
0 0 1 0 0 1 0 0 1 1 1 1 0 0 0 1 1 0 1 1 0 1 1 1 0 0 1 0 1 0 1 1 1 1 1 1 0 1 0 0 0 1 1 0 1 1 0 1 1 1 0 1 0 1 1 0 0 0 1 1 1 0 0 0 1 1 1 0 0 1 
0 0 1 1 1 0 0 1 1 1 0 0 1 0 1 0 1 1 0 0 0 1 0 0 1 0 1 1 0 1 0 0 0 1 1 1 0 1 0 1 0 0 1 1 0 1 1 1 0 0 1 1 1 0 1 1 0 1 0 0 0 0 0 0 0 1 1 0 0 1 
1 0 1 1 0 0 0 1 1 0 1 1 1 1 1 1 0 1 0 0 1 0 0 1 1 0 0 0 0 0 0 0 0 1 1 0 1 1 0 1 1 1 0 1 0 1 0 0 0 0 0 1 0 1 0 1 1 0 0 0 0 0 0 0 1 1 1 1 0 1 
0 1 0 0 0 1 1 0 1 1 0 0 0 1 1 0 0 0 0 0 0 0 0 0 0 0 1 1 1 1 0 1 1 1 1 1 0 0 0 1 1 0 1 1 1 0 1 0 1 1 0 1 1 1 0 1 1 1 1 0 1 1 1 0 0 0 1 0 0 1 
0 1 0 1 0 1 0 1 1 1 0 0 0 1 1 0 0 0 0 1 0 1 1 1 1 1 1 0 0 1 0 0 0 0 1 0 1 1 1 1 0 1 1 1 0 0 1 0 0 1 0 0 0 1 1 1 0 0 0 0 1 0 0 1 0 0 1 1 1 0 
0 0 1 1 1 1 1 0 1 1 0 1 1 0 0 0 0 1 0 0 1 1 0 0 0 0 0 1 1 1 1 0 1 0 1 0 1 1 1 1 0 1 0 0 1 1 0 1 0 1 1 1 0 1 1 1 1 1 0 1 1 0 1 0 0 0 1 0 1 0 
1 0 1 1 0 0 0 0 0 0 1 1 0 0 1 1 1 0 1 1 1 0 1 0 0 0 1 1 0 0 1 1 0 0 0 0 1 1 1 1 1 0 0 1 0 1 1 1 0 0 1 1 0 0 0 0 0 1 0 0 1 1 1 0 0 0 0 1 1 1 
0 0 0 0 0 0 0 1 0 0 1 1 1 1 1 1 1 0 0 1 0 0 1 0 0 1 0 0 0 1 0 0 1 0 0 1 0 0 0 0 0 1 1 0 0 1 1 0 1 0 1 1 0 0 1 0 1 1 0 1 0 0 1 0 0 0 1 1 0 0 
1 1 1 1 1 0 0 0 0 1 0 1 0 0 0 0 0 1 1 1 1 0 1 0 0 0 0 1 1 1 1 0 0 1 1 1 1 1 1 1 0 0 0 1 0 0 1 1 0 0 0 1 0 1 1 0 1 0 0 0 1 1 1 1 0 0 0 1 0 1 
0 0 1 1 1 0 1 0 1 1 1 1 0 1 0 0 0 0 0 0 0 1 1 1 0 0 0 0 1 0 1 0 0 1 1 0 1 0 0 0 0 1 1 0 1 1 0 1 1 0 1 0 1 0 1 1 0 1 1 0 1 1 0 0 0 1 0 1 1 0 
1 1 0 0 0 1 1 0 0 1 1 1 1 0 1 0 0 0 0 1 0 1 0 0 1 0 1 1 1 0 0 0 0 0 0 0 1 0 0 1 1 1 0 0 0 1 0 0 1 0 1 1 0 0 1 1 0 0 1 0 1 1 0 1 1 1 1 0 1 1 
1 0 1 1 0 1 0 0 1 0 1 0 1 1 0 1 0 1 1 1 1 0 0 1 1 1 0 0 1 1 0 0 1 1 1 1 0 0 0 1 0 1 1 1 0 0 0 0 1 0 0 0 0 0 1 0 0 0 0 1 1 0 0 1 1 1 0 1 1 0 
0 1 1 0 1 1 0 1 0 1 1 0 1 0 0 0 0 0 0 0 0 0 1 0 1 0 1 1 0 1 0 0 0 1 0 1 1 0 1 1 1 0 1 0 0 1 1 0 0 1 1 0 1 0 0 0 0 1 0 0 0 0 1 1 1 1 0 0 0 1 
1 1 0 0 0 0 0 1 1 0 0 0 0 0 0 0 0 0 1 0 1 0 0 0 1 0 1 1 0 1 1 0 1 1 0 1 1 0 0 0 0 0 0 0 0 0 0 1 1 0 1 0 0 0 0 1 0 1 0 0 1 1 0 0 0 1 1 0 1 1 
0 0 1 1 0 0 1 1 1 0 1 0 0 1 0 0 0 0 0 0 1 1 0 1 1 0 0 0 0 0 1 1 0 0 0 0 0 1 1 1 0 0 0 0 1 0 1 1 1 1 0 0 0 0 1 1 0 0 1 1 0 0 0 0 0 0 0 1 1 0 
0 1 0 0 0 0 1 1 1 0 0 1 0 0 1 1 1 0 1 0 1 1 0 1 1 0 1 0 1 0 0 0 0 0 0 0 0 1 1 0 1 1 1 1 1 1 1 0 1 0 0 0 0 0 1 1 0 0 1 0 0 1 0 0 0 0 0 0 0 1 
0 1 0 0 1 1 1 0 1 0 0 1 0 0 1 1 0 0 1 1 0 1 1 0 0 1 0 0 1 0 0 0 0 0 0 1 0 1 1 1 1 1 1 1 0 0 0 0 0 1 1 0 0 0 0 0 1 1 1 1 1 1 1 1 1 1 0 1 0 1 
1 1 1 0 0 1 0 0 1 1 1 0 1 1 1 0 0 0 1 1 1 0 0 0 0 1 1 0 1 1 0 0 0 1 0 0 0 0 0 1 1 1 1 1 1 0 1 1 1 0 0 0 0 0 1 0 1 0 1 0 0 1 0 0 0 0 1 0 1 1 
1 0 1 0 1 0 1 0 1 0 0 1 0 1 1 1 1 0 0 0 1 0 1 1 0 1 0 1 1 1 1 0 1 0 1 1 0 0 1 1 0 0 0 0 1 1 0 0 1 0 1 0 0 0 0 0 0 0 0 1 1 1 0 0 1 1 1 1 1 1 
0 1 1 0 1 0 1 1 0 0 1 1 1 1 0 1 0 0 1 0 1 0 1 1 0 0 0 0 1 1 1 1 0 0 1 0 0 0 1 0 0 1 0 1 0 0 0 0 0 1 0 1 1 1 1 0 1 1 0 0 1 1 1 1 1 0 1 1 0 1 
1 1 0 1 0 0 1 1 1 1 0 1 1 0 1 0 0 0 1 0 1 0 1 0 0 0 1 1 1 1 0 0 0 0 0 1 1 1 0 0 1 0 1 0 0 0 0 0 1 1 0 0 0 1 0 0 1 1 1 0 1 0 1 1 0 1 0 1 0 0 
1 1 1 1 1 1 1 1 0 0 1 0 0 1 0 1 1 1 0 0 0 1 0 1 1 1 0 1 0 0 0 0 0 1 1 1 0 0 1 0 1 0 1 1 1 1 0 0 0 1 0 0 0 1 1 1 0 1 1 0 0 1 0 0 0 1 1 0 0 0 
1 1 0 0 0 1 1 1 1 1 0 0 0 0 1 1 0 1 1 1 1 1 0 0 1 0 1 0 0 1 1 1 0 1 1 1 1 0 0 0 0 0 0 0 0 1 1 0 0 0 1 0 1 1 0 0 1 1 1 0 1 0 1 1 1 1 0 0 1 0 
1 1 0 1 1 1 1 1 1 1 1 1 1 1 0 1 1 0 1 0 0 0 0 1 1 0 0 0 0 0 0 1 1 1 1 1 0 0 0 1 1 1 0 1 0 1 0 0 1 1 0 1 1 1 0 1 1 1 1 1 1 1 1 0 0 0 1 0 0 1 
0 1 1 0 0 1 1 1 1 0 0 0 1 0 1 0 1 0 1 0 1 0 1 0 0 0 0 0 0 0 1 0 0 0 1 0 0 0 1 1 1 0 1 0 0 0 0 1 0 1 1 0 1 0 0 0 0 1 0 1 1 1 1 1 0 0 0 0 1 1 
1 0 1 1 0 1 1 1 0 0 0 1 0 0 0 0 0 0 1 0 1 1 1 1 0 1 1 0 1 0 0 1 0 1 0 1 1 1 0 1 1 0 1 1 0 1 0 0 1 1 0 1 0 0 0 1 1 1 1 1 0 1 0 0 1 0 1 0 1 1 
