47 48 1830
72 38 64 37 33 53 82 55 7 14 59 13 58 46 24 36 49 41 50 49 69 44 96 17 43 96 86 100 19 21 37 42 58 1 30 42 5 11 48 12 24 7 76 33 52 99 20 52 
92 70 100 60 13 48 28 7 95 65 6 13 85 43 6 95 95 87 36 51 97 84 14 20 42 90 5 45 40 24 97 31 45 48 42 10 95 21 16 89 37 74 53 22 68 10 68 14 
96 55 16 92 90 82 64 31 71 68 28 62 43 76 45 88 23 38 97 70 59 64 58 95 89 63 68 8 72 87 21 20 42 89 11 31 70 26 14 92 45 41 53 88 68 49 75 90 
87 23 59 45 86 69 91 27 31 11 34 54 49 7 73 90 95 36 73 16 13 86 7 58 78 11 45 45 60 71 86 98 93 97 42 30 17 84 56 99 46 42 52 95 48 77 36 94 
64 8 9 76 45 67 85 74 77 29 70 88 51 56 85 95 4 78 25 20 14 32 70 11 73 21 57 72 49 45 65 12 52 73 40 49 39 24 22 68 5 92 7 7 99 92 2 54 
21 78 73 34 61 42 97 34 14 53 5 15 97 22 26 1 94 17 49 85 93 22 52 97 65 58 3 63 1 56 16 22 33 40 7 94 33 3 79 99 8 35 13 4 56 90 56 2 
7 4 86 51 78 37 47 42 46 1 57 47 9 24 20 41 16 26 86 48 81 16 98 88 51 62 91 58 52 47 59 10 2 96 60 31 84 58 73 30 10 81 28 18 4 47 11 71 
24 96 71 4 64 68 91 66 30 34 23 33 32 34 42 33 29 53 64 65 10 88 94 19 20 73 37 75 71 99 46 94 94 16 50 57 83 40 22 64 73 97 96 56 82 37 89 62 
89 4 26 50 43 19 21 62 43 9 36 13 7 81 7 52 96 56 9 31 47 82 94 72 30 90 27 11 78 67 73 19 70 98 68 64 69 88 25 11 48 13 76 54 93 34 6 41 
89 66 23 87 99 16 58 29 57 85 91 35 3 63 5 73 13 24 88 33 64 13 95 11 77 70 65 69 3 70 61 43 87 83 30 85 51 39 13 7 75 4 93 78 18 97 2 82 
73 89 66 36 1 13 46 77 82 10 98 37 31 10 31 17 45 12 54 95 51 66 53 77 21 46 54 91 94 55 24 66 44 90 53 96 2 99 25 35 60 74 23 43 83 6 11 79 
17 64 73 19 82 26 96 54 23 49 44 68 56 20 86 99 9 38 46 62 88 70 48 100 95 71 42 30 28 4 8 44 68 81 63 49 58 10 2 32 58 98 51 65 17 36 63 77 
26 61 38 65 82 37 64 77 7 5 6 34 9 65 30 28 97 44 28 54 53 81 37 62 78 88 27 46 75 41 22 52 1 11 17 83 48 80 11 54 37 68 40 97 32 21 76 29 
64 3 34 68 83 23 29 13 62 7 58 36 48 80 40 100 90 56 34 37 87 44 43 75 63 34 23 95 54 98 23 69 52 8 88 35 30 16 99 91 75 56 79 74 87 18 73 77 
25 59 65 63 2 59 38 65 44 12 11 49 10 85 17 13 92 4 99 22 72 97 12 46 5 90 19 91 59 43 19 83 1 84 46 55 94 35 71 38 46 81 86 7 65 55 20 8 
58 18 29 81 67 93 78 71 82 48 61 41 43 80 75 43 15 20 49 8 54 19 97 52 51 83 58 67 89 29 75 98 47 3 79 13 95 8 35 29 56 95 21 98 26 95 92 40 
67 41 100 72 11 96 23 62 30 33 80 70 61 54 68 59 9 98 23 55 5 57 35 60 4 55 9 29 2 53 69 20 93 68 91 55 15 66 16 97 50 48 66 62 1 33 21 61 
82 95 16 87 52 2 98 55 57 7 83 10 59 3 29 3 22 71 57 37 88 25 85 37 72 2 99 24 87 71 37 68 65 4 54 16 5 52 22 61 10 57 22 20 59 50 74 81 
21 30 69 8 6 5 97 29 6 95 53 92 65 41 60 29 44 13 97 48 16 70 61 77 26 82 96 37 84 69 69 4 51 89 63 8 93 59 37 98 5 41 42 21 81 1 2 24 
65 98 23 33 19 35 9 45 17 57 33 100 77 1 55 79 89 69 87 81 28 23 30 84 63 23 5 43 23 6 18 40 3 92 24 73 27 32 69 95 40 1 46 17 1 100 47 89 
68 33 21 47 7 3 31 69 25 35 63 100 40 32 91 94 24 14 18 2 97 87 96 37 87 41 5 40 92 51 28 11 36 1 58 42 3 40 11 79 26 25 78 17 57 68 62 32 
81 79 33 30 65 28 66 4 20 22 43 11 24 22 21 59 22 30 1 76 21 63 55 46 87 32 14 95 52 27 78 84 6 10 13 22 89 78 77 8 51 19 70 75 41 91 33 14 
72 85 42 93 47 48 90 86 31 56 80 82 82 10 66 39 71 78 61 60 8 89 19 58 8 89 32 100 31 17 65 54 1 6 46 48 53 88 85 36 43 64 17 24 25 82 63 96 
12 75 55 19 63 25 28 22 65 12 21 47 28 38 1 28 43 46 27 48 33 11 83 75 27 51 99 51 85 13 46 96 87 52 66 1 29 93 23 93 56 43 40 83 32 40 63 27 
37 89 26 22 52 8 96 30 10 46 80 94 10 78 41 96 81 6 97 9 51 71 54 58 65 45 41 97 36 55 23 72 95 48 93 46 7 41 75 16 38 7 62 48 36 2 43 68 
60 91 77 62 61 82 19 26 26 11 74 61 65 96 84 60 43 77 57 49 69 84 16 6 90 77 53 77 31 48 44 90 90 72 3 51 53 73 28 30 84 1 42 48 96 26 59 90 
54 16 90 22 99 57 27 40 34 80 16 16 79 11 57 68 83 59 70 35 31 97 17 66 49 58 66 96 35 24 37 88 91 26 9 41 83 88 32 68 19 47 83 97 58 39 64 92 
49 34 78 79 82 94 97 31 4 62 78 38 37 15 78 80 40 86 20 74 25 52 41 43 50 75 91 59 13 7 50 61 40 80 92 73 73 88 55 28 1 33 66 37 47 43 16 38 
80 88 12 57 91 4 51 92 79 42 51 43 48 52 4 39 31 47 11 56 86 66 35 86 98 100 74 96 94 42 85 26 81 48 82 71 4 32 62 82 25 64 24 72 68 79 10 50 
77 21 5 62 38 92 99 87 91 73 34 37 66 18 14 46 18 47 16 21 78 29 2 55 93 77 26 60 56 88 9 84 60 66 46 97 57 44 83 99 68 68 87 33 85 100 30 2 
46 97 22 76 26 75 30 70 4 7 81 11 94 41 94 53 6 39 1 14 35 35 65 2 2 51 87 87 3 68 40 100 65 14 27 42 40 56 11 43 15 91 53 60 31 47 65 89 
37 65 54 71 52 18 25 53 21 63 91 23 30 83 74 46 96 1 87 87 8 49 30 22 91 34 82 22 32 98 62 69 62 15 91 13 85 67 18 5 29 8 79 11 90 52 8 37 
52 47 24 60 95 5 33 86 38 66 59 22 63 72 42 77 86 32 41 70 99 58 26 79 18 4 41 7 8 1 96 59 47 71 70 41 75 3 78 64 68 36 85 31 7 78 59 45 
10 99 66 60 9 44 90 26 47 83 84 6 83 79 65 29 1 86 21 75 88 99 91 8 86 27 90 45 5 48 41 66 98 6 25 6 49 66 31 48 100 67 53 82 97 69 62 98 
7 35 24 94 33 66 53 70 93 42 66 49 89 6 14 87 12 90 44 12 7 27 11 7 93 16 88 41 84 2 38 90 36 62 36 20 27 88 89 71 82 55 19 22 60 84 60 23 
73 4 87 80 30 97 86 74 12 25 14 48 26 4 89 13 65 24 32 43 64 73 66 45 27 36 18 38 20 78 13 44 81 99 23 62 95 60 87 7 37 100 54 14 3 42 27 19 
18 10 14 33 82 79 29 8 14 46 98 85 23 10 29 55 60 3 68 54 63 54 12 51 54 17 64 8 11 42 79 28 52 92 60 33 22 40 93 87 85 42 72 60 3 100 14 62 
2 82 15 16 87 79 18 92 95 34 100 5 75 78 84 78 21 43 63 42 34 7 80 19 48 51 30 50 2 43 63 56 76 77 23 15 7 41 6 2 74 5 6 100 34 90 78 54 
84 40 47 18 98 27 88 45 29 17 46 31 11 60 38 39 36 60 53 43 52 10 96 77 15 1 77 100 42 54 6 78 45 4 47 42 82 34 38 11 2 35 93 64 94 30 54 81 
41 6 75 45 68 22 21 34 23 97 33 16 2 90 93 98 94 39 91 75 24 80 37 77 14 29 93 59 10 46 92 3 4 18 47 71 40 67 4 14 16 88 29 17 78 74 15 71 
64 5 97 40 85 34 68 50 62 60 61 24 6 52 26 9 21 72 79 60 90 34 73 5 21 54 22 98 79 88 20 94 92 69 33 28 2 1 78 15 60 90 38 17 41 15 25 13 
86 55 73 76 88 97 32 61 2 53 58 80 92 30 74 84 98 58 63 51 10 92 17 70 81 55 38 73 21 63 86 7 69 58 34 9 6 65 69 8 70 78 87 61 59 12 96 8 
70 11 58 79 2 75 100 83 81 38 55 1 52 92 59 72 49 92 80 55 9 100 14 30 30 52 42 88 64 90 96 85 100 5 15 1 31 67 35 11 4 90 12 7 81 22 78 82 
66 10 88 26 61 1 55 90 4 48 30 67 37 25 3 88 81 18 89 12 84 23 22 39 64 85 97 97 59 26 30 24 35 69 49 96 21 55 37 24 2 66 91 91 42 45 78 23 
14 66 86 49 41 59 87 56 96 35 52 54 61 33 77 47 1 77 94 21 31 83 45 32 48 87 22 42 31 100 16 45 17 1 93 9 59 32 65 6 18 68 59 30 1 87 29 1 
63 22 74 93 56 18 77 4 4 50 97 86 49 12 82 18 12 27 26 22 10 90 28 27 10 38 57 10 25 85 62 87 58 35 32 14 4 8 69 59 57 17 97 58 28 78 27 91 
4 52 12 13 94 91 92 3 29 48 64 5 84 77 43 93 64 74 58 19 33 78 78 42 94 74 51 21 3 77 11 7 28 75 71 73 17 62 27 97 61 42 1 96 19 96 89 34 
0 1 1 1 1 0 0 0 1 0 1 0 0 1 0 1 1 0 0 0 0 0 0 0 0 1 0 0 0 0 1 0 1 0 1 0 1 1 1 0 1 0 0 1 1 0 1 1 
1 1 1 1 1 1 1 1 0 1 1 0 1 0 1 1 1 0 1 0 0 0 0 1 0 1 1 0 1 0 1 0 1 0 1 0 1 1 0 0 0 1 0 0 0 1 1 1 
0 0 1 0 1 1 1 1 0 0 1 0 0 0 0 1 0 0 0 0 1 0 0 1 1 0 1 1 0 0 0 0 1 1 0 0 1 1 1 1 0 1 1 0 1 0 0 0 
0 0 0 1 0 0 0 1 0 0 1 0 0 1 0 1 1 0 1 0 0 1 1 0 0 1 0 1 1 0 1 1 0 1 0 0 1 0 0 0 0 1 0 1 0 1 0 1 
1 0 1 1 1 1 1 1 0 0 0 1 0 0 0 1 1 0 1 1 0 1 1 1 0 1 0 1 0 0 0 0 0 0 1 1 1 1 0 1 1 1 0 1 1 0 0 0 
0 0 1 0 1 0 1 0 0 1 1 0 0 1 0 0 1 0 0 0 1 0 1 0 1 1 1 0 1 0 1 1 0 0 0 1 1 1 1 1 1 0 1 1 0 0 1 1 
0 1 0 1 0 1 1 1 1 0 0 0 0 1 0 0 1 0 0 0 1 1 1 0 0 1 1 0 1 1 1 1 0 1 0 0 1 1 0 0 1 0 0 0 1 0 0 0 
0 0 1 0 0 0 0 0 1 0 0 0 1 1 1 1 1 1 0 0 0 0 0 0 0 0 0 1 1 0 1 1 1 0 1 1 1 0 1 0 0 1 1 1 0 0 0 1 
0 0 1 0 0 1 0 0 0 0 1 1 1 1 0 0 1 0 1 0 0 0 1 0 1 0 1 1 0 1 1 0 0 0 1 0 0 1 1 0 0 0 1 1 1 1 1 1 
1 0 1 1 0 0 1 1 0 0 0 1 0 1 1 0 0 0 0 0 0 1 0 0 0 1 1 1 0 0 0 0 0 0 1 0 0 1 1 1 1 1 0 1 1 1 1 1 
0 0 1 0 1 1 0 1 0 1 1 0 1 1 0 1 1 0 1 0 1 0 1 0 1 1 0 0 0 1 1 0 1 0 0 1 1 0 0 1 1 1 0 0 1 0 1 0 
0 0 0 1 0 1 0 0 0 0 0 1 1 0 1 1 0 0 0 0 0 0 1 0 0 1 0 1 0 0 1 0 0 0 0 1 1 0 1 0 0 1 1 1 1 0 0 0 
0 0 0 1 1 1 1 1 1 1 0 1 1 1 1 0 1 1 1 1 1 0 1 1 1 0 1 1 0 1 1 1 0 1 0 1 0 1 0 1 0 0 0 0 1 0 0 1 
1 1 0 1 1 1 0 0 1 1 1 1 1 0 0 1 1 0 0 0 1 0 1 0 0 0 0 1 0 0 0 1 1 0 0 0 1 1 0 0 0 0 0 1 0 0 0 0 
1 0 0 0 0 1 0 0 1 0 0 1 0 0 1 1 1 1 1 0 0 0 1 1 0 1 0 0 1 1 0 0 1 0 1 0 0 1 0 1 0 0 1 0 1 0 0 0 
1 1 0 0 1 1 1 1 0 1 0 0 0 0 0 0 1 1 0 1 1 0 0 1 1 1 1 0 1 1 0 1 1 0 1 0 0 0 0 0 1 0 0 0 0 1 0 1 
0 0 0 1 0 1 0 1 0 0 1 0 1 1 1 0 0 0 1 0 0 1 0 1 1 1 1 1 0 1 1 0 1 1 0 0 0 0 1 1 0 1 1 0 0 0 0 0 
0 1 0 0 0 1 1 1 0 1 1 0 0 0 0 0 1 0 0 0 1 1 1 1 0 0 1 1 0 0 1 0 1 0 0 0 1 1 1 1 0 0 1 1 0 1 1 0 
0 1 0 1 0 1 0 1 1 0 0 1 0 1 1 1 1 1 1 0 0 1 1 1 1 0 0 0 0 1 0 0 0 0 1 0 1 1 1 0 1 1 1 1 1 0 1 0 
1 0 1 1 1 0 0 1 1 0 1 1 1 1 1 1 1 0 0 0 1 1 0 1 1 1 0 0 1 1 0 0 0 1 1 1 0 0 0 1 0 1 0 0 0 1 1 1 
1 1 1 0 1 1 1 0 0 0 0 1 1 0 1 1 0 1 1 0 1 1 1 1 1 1 1 1 0 1 1 1 0 0 1 1 0 1 1 0 1 1 0 0 0 1 0 0 
0 1 0 1 0 1 1 1 0 0 1 0 1 0 1 0 0 0 1 0 1 1 1 0 0 1 1 0 0 1 0 1 0 0 0 0 1 1 0 1 0 1 1 1 1 0 1 1 
1 1 0 0 0 1 1 0 0 0 1 0 1 1 1 1 0 0 1 1 1 1 1 1 0 0 1 1 1 0 1 0 1 1 0 1 0 1 0 0 1 1 0 0 0 0 1 0 
0 1 0 1 0 1 1 1 1 0 0 0 0 1 0 0 0 1 1 0 0 1 0 0 0 1 0 1 1 0 1 1 1 1 0 1 0 1 0 0 1 1 0 0 0 1 0 1 
0 1 1 0 1 0 0 1 1 1 0 0 1 0 1 0 1 1 1 0 1 0 0 0 1 0 0 1 1 0 0 1 0 0 0 1 0 0 0 1 1 1 1 0 1 0 0 0 
1 0 0 0 0 0 1 1 1 1 0 0 0 1 0 0 1 0 1 1 0 1 0 0 0 1 0 1 1 1 0 0 1 0 1 1 1 0 0 0 1 0 0 1 1 0 1 0 
0 0 1 1 0 1 1 0 0 1 0 1 0 0 0 1 0 1 0 1 1 0 1 0 1 0 0 0 0 1 1 1 0 0 0 0 0 1 0 0 0 0 0 1 0 0 0 1 
1 1 0 0 1 0 0 0 0 0 1 0 0 0 1 0 0 1 0 0 0 0 1 1 1 1 0 1 1 0 0 0 1 1 0 1 1 0 1 1 1 0 1 1 0 1 1 1 
0 1 1 1 1 0 0 0 1 0 0 0 0 0 0 0 1 0 1 0 1 0 1 0 1 1 1 1 0 0 0 0 1 0 1 0 0 1 1 0 1 1 0 0 1 1 0 1 
1 1 1 0 1 1 0 0 0 1 0 0 1 0 0 0 0 0 1 1 1 0 1 1 1 1 1 0 0 1 1 0 0 1 0 1 0 1 0 0 0 0 0 0 0 0 0 1 
0 1 0 0 1 1 1 0 0 0 1 1 1 0 1 1 1 1 0 1 0 0 1 1 0 1 1 1 0 1 0 0 1 0 0 0 1 1 1 1 1 0 0 0 0 1 1 0 
1 0 1 1 0 1 0 1 0 1 0 0 1 0 1 0 0 1 0 1 1 1 0 0 1 1 1 0 0 0 0 1 0 1 1 1 0 1 0 1 1 0 1 0 0 0 0 0 
0 0 1 1 0 1 1 1 0 0 1 1 1 1 0 1 1 1 0 1 1 0 0 0 0 0 0 0 0 0 0 0 0 1 1 0 1 1 0 1 1 1 0 0 1 1 0 0 
0 0 1 1 1 0 1 1 0 1 0 0 1 0 1 0 0 0 0 1 1 0 0 1 0 1 1 1 0 1 1 0 0 0 0 1 0 1 0 0 1 0 1 0 1 0 0 1 
0 1 0 0 1 0 1 1 1 0 0 1 0 1 0 0 0 0 1 0 1 1 1 0 0 0 1 1 0 1 0 0 0 0 0 0 0 1 1 0 0 0 1 0 1 1 0 1 
1 1 0 1 0 1 1 0 1 0 1 1 0 1 1 0 1 0 0 0 1 0 0 1 0 1 1 1 1 1 1 0 0 1 1 1 0 1 1 1 1 1 0 1 0 1 0 0 
1 0 0 1 0 0 0 0 1 0 0 0 1 1 1 0 0 0 1 0 1 0 1 1 1 1 0 0 0 0 0 0 1 0 1 1 0 1 0 1 1 0 0 1 1 1 1 1 
1 0 1 1 0 0 0 0 1 0 0 1 1 0 1 0 0 0 1 0 0 1 1 1 1 1 0 0 0 1 1 0 1 0 1 0 0 1 0 1 1 0 1 0 0 0 0 0 
1 0 0 1 1 1 0 1 1 1 1 1 0 1 1 0 1 0 0 0 1 0 1 1 0 0 1 0 1 0 0 0 0 0 1 1 1 1 0 0 0 0 0 1 1 1 1 0 
0 1 0 1 1 0 0 1 0 0 1 1 0 1 1 0 1 0 1 0 0 0 1 0 0 1 1 1 0 0 1 0 1 0 0 0 0 0 1 0 0 0 0 0 1 1 0 0 
0 0 1 0 0 0 0 0 1 0 1 1 0 0 0 0 0 0 0 0 0 0 1 1 0 1 1 0 0 0 0 0 0 1 0 0 1 1 0 0 1 1 0 1 1 0 1 0 
0 0 0 0 0 1 1 0 0 1 0 1 1 1 1 1 0 0 1 0 1 1 0 0 0 0 1 1 0 1 1 0 1 0 1 1 1 0 1 0 1 0 1 0 1 0 1 1 
0 0 1 1 1 0 1 1 0 1 1 1 0 0 1 1 0 0 0 0 1 1 0 0 1 1 1 0 1 0 0 0 1 1 1 0 1 1 0 0 0 1 1 0 1 0 1 0 
1 1 0 0 0 0 0 0 1 1 0 0 0 0 0 1 0 0 1 1 1 1 1 1 0 0 1 0 1 0 0 0 1 0 0 1 0 0 1 1 0 0 1 0 0 0 1 0 
0 0 0 1 0 1 0 0 0 1 0 1 1 0 1 0 0 1 1 0 1 1 1 1 1 1 1 1 1 0 0 1 1 0 0 1 1 0 1 1 1 0 0 0 0 1 0 1 
0 1 1 0 0 1 1 1 0 1 1 1 1 1 0 0 1 0 1 0 0 1 0 1 1 0 1 1 0 1 0 0 0 0 0 1 1 0 0 1 1 1 0 0 0 0 1 1 
0 0 0 0 1 0 1 0 0 0 0 0 1 0 1 1 0 1 0 1 1 1 0 0 0 0 1 1 0 0 0 0 0 0 0 0 0 1 0 1 1 0 1 0 1 0 0 1 
