67 53 2315
54 78 61 16 9 41 20 32 53 9 5 51 73 52 81 76 30 40 15 32 56 32 34 59 61 48 44 82 64 73 26 17 3 38 84 11 78 55 94 82 15 50 32 40 2 12 15 83 4 82 14 59 13 
100 69 26 47 65 59 62 37 84 30 39 73 66 1 50 72 46 31 39 96 15 78 49 78 44 31 33 25 96 91 90 95 12 15 93 76 73 6 64 9 36 55 81 53 7 83 24 5 65 62 100 79 91 
100 57 35 82 89 59 77 32 48 72 95 14 16 22 39 22 37 47 9 91 79 61 50 61 36 54 78 50 5 56 40 4 64 26 85 5 85 61 88 84 84 82 98 100 55 36 73 91 34 81 34 64 93 
83 25 80 36 54 29 92 9 21 95 25 46 79 29 82 91 68 66 75 1 15 26 55 2 98 45 87 30 30 50 22 12 26 1 99 79 82 90 40 2 36 64 99 14 44 81 57 11 98 31 11 64 8 
17 65 57 13 51 38 43 100 59 6 26 11 57 56 44 98 95 97 34 58 96 99 53 28 55 15 77 37 77 40 96 93 56 52 6 58 89 48 57 99 53 34 62 61 90 5 59 36 2 44 46 97 42 
98 76 97 13 52 85 89 43 81 34 98 84 39 55 73 38 63 23 90 49 84 3 90 89 61 25 90 4 70 38 97 20 65 93 84 68 30 24 10 10 57 7 93 95 13 17 32 27 40 74 75 75 76 
16 63 88 93 4 43 14 93 39 33 9 84 16 76 13 40 85 74 96 43 18 43 7 35 26 34 26 99 60 52 26 76 67 65 20 70 7 33 15 46 66 75 81 33 51 93 72 87 18 20 82 35 14 
88 69 39 73 46 90 33 98 15 60 64 32 79 85 90 11 51 35 28 26 67 61 28 59 84 14 28 55 95 63 68 83 83 7 55 29 96 39 78 62 50 93 93 28 77 83 91 80 69 70 5 88 82 
84 46 66 97 26 20 44 88 88 78 70 46 84 50 41 23 27 2 72 19 47 52 48 81 94 27 1 63 83 88 45 66 86 62 62 11 33 57 98 20 34 67 65 18 69 57 92 95 11 63 66 9 66 
13 89 59 39 41 74 73 29 70 38 14 31 51 76 63 8 25 35 41 91 51 10 11 8 1 6 70 16 71 78 81 35 18 92 25 58 17 97 86 86 34 51 68 36 78 82 43 2 16 36 45 19 45 
55 78 46 60 47 13 82 76 93 16 93 36 40 50 52 88 88 89 21 38 56 57 68 38 51 69 5 86 13 75 83 68 52 28 79 50 40 61 25 84 28 69 72 20 19 23 7 6 12 80 95 19 88 
62 56 38 31 13 76 95 87 58 62 91 37 41 92 28 53 69 11 32 37 34 51 55 57 10 12 20 41 59 90 28 20 98 17 2 10 44 97 48 1 10 90 89 2 82 16 54 50 79 86 86 12 88 
93 20 49 56 91 89 14 81 68 86 78 85 87 87 80 35 86 33 45 76 21 46 9 37 52 58 67 89 95 78 28 39 50 77 95 40 65 8 20 33 93 49 69 32 87 100 66 73 32 62 100 53 60 
8 41 63 17 7 51 11 36 78 2 37 54 96 77 71 55 48 55 48 49 75 31 35 74 48 59 6 10 58 10 21 65 50 83 33 8 33 96 95 62 97 32 68 92 60 38 98 59 44 45 7 18 27 
94 91 75 52 48 84 10 57 4 26 58 38 59 17 70 6 12 83 2 95 50 45 6 87 42 64 30 39 23 99 65 16 90 39 67 37 74 28 46 29 54 3 66 64 20 87 69 83 70 22 77 19 66 
34 58 59 49 39 97 71 38 62 38 79 52 57 15 26 84 12 54 89 67 72 4 86 58 72 20 79 93 48 50 10 81 7 69 29 97 17 52 34 78 41 12 82 97 79 7 33 90 12 73 8 35 77 
93 45 100 64 23 45 11 24 54 91 82 74 72 79 91 23 12 20 63 76 1 12 54 59 44 95 23 16 3 57 92 47 1 44 11 76 88 73 51 41 64 33 67 35 11 57 9 74 76 71 49 77 82 
54 87 77 1 9 45 55 18 88 53 70 31 63 45 18 88 96 11 51 80 77 37 90 33 45 63 60 67 64 88 1 17 75 29 69 35 73 23 52 61 76 22 91 90 18 9 77 65 19 79 44 95 67 
85 79 63 48 38 30 63 26 82 31 100 10 100 34 83 74 38 95 49 59 85 39 28 93 67 93 63 98 88 9 64 73 87 27 72 25 56 34 2 89 16 1 98 15 86 32 89 23 26 89 33 11 79 
61 55 46 53 70 43 40 78 58 64 65 84 35 41 91 20 42 79 36 94 29 2 79 60 90 54 38 31 86 100 9 46 6 6 50 75 100 42 5 58 5 21 41 92 61 84 11 54 62 98 47 42 100 
77 2 89 82 91 19 68 90 80 65 95 85 67 22 85 60 26 42 16 46 34 7 6 17 70 11 31 67 57 72 66 85 25 55 67 67 25 86 56 4 2 3 41 20 24 25 79 49 18 95 46 3 1 
51 72 22 13 54 89 21 25 54 5 2 60 23 68 37 60 76 92 62 78 32 33 53 8 12 1 25 6 46 80 58 48 51 80 12 4 20 32 80 73 88 33 33 11 1 21 22 28 12 35 5 44 68 
57 51 79 9 28 36 6 7 93 5 57 24 16 12 43 47 91 68 34 24 52 96 76 72 18 3 83 52 7 78 19 15 29 49 75 8 84 80 14 29 36 22 4 51 33 47 49 23 66 82 46 17 78 
21 88 47 75 22 98 33 100 69 47 80 17 73 87 53 4 100 81 39 21 84 89 53 82 37 27 47 71 25 15 100 97 2 46 72 24 95 4 75 15 3 54 84 75 40 36 79 91 68 17 63 3 58 
67 37 46 93 35 16 17 50 15 14 51 12 85 26 59 40 100 73 42 53 56 17 44 43 47 34 10 63 48 65 20 14 1 66 7 35 33 75 84 48 40 87 11 76 64 69 16 64 42 57 68 49 25 
64 92 71 49 53 86 97 17 5 10 69 22 68 4 55 95 39 54 34 77 64 10 41 85 25 56 78 33 75 26 10 38 69 32 87 74 17 35 42 74 96 11 95 16 66 1 10 56 54 43 33 70 52 
25 6 28 32 83 13 6 60 22 96 81 53 34 54 22 68 95 95 15 57 89 30 22 42 39 30 47 82 14 68 85 38 73 65 21 7 77 26 67 98 73 99 2 6 4 23 25 50 17 40 7 58 21 
80 99 60 9 97 93 22 65 29 11 37 93 31 44 69 9 62 18 81 12 72 39 15 46 63 64 63 54 70 72 75 2 22 86 10 18 30 84 82 10 94 71 3 25 66 23 85 27 93 65 38 16 3 
4 61 18 67 75 23 89 46 97 90 19 34 51 37 15 86 70 25 80 40 79 56 5 53 40 83 97 56 72 12 11 75 73 28 94 47 50 34 45 99 75 15 84 25 51 51 11 73 75 42 64 5 97 
21 57 88 3 54 95 27 17 5 53 89 84 46 88 34 79 84 84 5 98 19 30 1 69 92 73 95 33 36 99 81 56 8 20 11 13 14 89 29 19 41 70 54 39 57 87 69 92 22 74 89 93 55 
89 61 46 13 8 30 49 6 62 56 65 33 18 29 46 6 58 16 47 79 70 85 35 8 53 26 82 26 66 74 80 55 86 77 67 93 58 67 51 19 75 15 51 92 44 49 98 53 16 44 31 37 80 
17 45 32 94 78 10 59 51 41 65 88 70 84 81 27 50 31 46 24 45 48 16 40 48 13 92 64 8 74 100 87 90 96 70 83 73 79 42 75 72 58 63 41 41 43 67 43 73 64 66 69 64 33 
9 11 97 52 74 56 26 26 42 15 21 12 50 94 42 43 20 65 100 82 5 41 76 24 83 100 87 100 69 50 85 29 61 33 32 86 89 57 11 82 24 84 45 73 29 87 15 48 3 14 30 8 6 
57 31 88 57 69 40 25 71 24 5 83 56 36 68 44 93 31 78 68 14 22 40 42 60 6 89 63 71 70 22 77 79 4 16 35 72 55 11 94 78 15 76 86 50 96 81 94 26 58 61 91 80 52 
84 39 9 24 53 80 46 74 8 24 77 23 58 1 78 68 94 7 82 22 92 83 17 25 77 94 82 89 36 13 93 19 4 1 42 56 32 39 82 39 62 10 62 19 10 91 38 56 97 71 29 41 54 
45 17 82 90 98 22 25 63 66 43 66 67 36 73 50 75 54 89 88 64 2 59 25 44 96 32 92 19 60 32 72 56 48 5 45 98 78 69 60 44 63 77 62 51 49 11 25 55 51 12 70 4 70 
46 47 18 78 39 36 89 22 59 97 22 15 41 71 92 62 82 35 76 58 48 26 6 11 50 60 61 14 29 17 35 75 15 52 4 53 39 44 27 97 40 100 11 81 70 55 94 3 41 69 60 89 95 
17 99 96 77 11 61 57 27 96 83 42 99 38 46 38 82 72 86 21 23 97 53 44 3 98 46 43 67 5 31 13 74 29 8 2 40 69 58 66 16 93 59 14 30 5 3 63 28 89 84 51 37 88 
46 39 86 92 81 4 48 12 16 21 40 23 22 31 43 32 49 58 76 7 24 5 11 26 68 39 14 3 41 2 42 86 40 27 29 21 82 77 32 97 49 23 72 23 6 66 54 54 24 81 12 99 85 
23 76 4 13 42 58 5 43 100 90 83 78 19 3 60 47 86 8 95 60 79 17 17 45 22 22 20 2 34 70 39 56 45 94 20 86 4 24 29 3 65 63 32 83 17 43 81 54 51 76 13 81 44 
82 25 18 3 96 71 36 65 9 43 10 55 62 47 58 37 27 12 2 89 43 84 5 38 65 58 40 92 23 20 87 4 97 4 58 92 75 94 9 35 36 70 89 50 68 98 86 95 9 87 83 4 23 
88 93 39 97 32 30 19 51 68 74 99 72 32 43 98 25 51 32 12 72 73 13 39 22 99 33 31 37 16 86 59 55 78 49 51 9 30 22 11 98 95 10 69 78 52 18 54 54 1 66 77 25 78 
15 47 28 100 29 65 67 14 75 21 43 24 23 3 5 96 13 2 91 74 22 20 77 39 74 30 92 39 6 16 68 73 14 96 72 42 12 38 7 38 10 1 13 32 3 18 28 16 19 70 41 93 89 
18 83 14 99 74 4 57 90 72 29 3 19 100 97 82 89 55 19 98 56 32 81 58 49 60 25 19 81 66 11 22 35 94 35 33 19 39 89 60 62 17 15 80 68 11 13 56 65 31 5 20 14 86 
30 14 97 54 33 78 71 95 99 5 40 33 90 59 23 78 18 84 47 84 63 66 94 27 74 11 58 78 82 71 15 11 85 12 65 69 89 35 15 39 92 55 71 81 65 94 10 34 29 56 18 44 22 
63 70 95 73 27 24 55 50 39 65 86 50 81 6 90 68 20 28 11 26 50 91 42 95 100 76 24 8 45 67 81 59 36 27 32 15 50 38 16 88 54 1 89 87 6 30 54 77 57 16 3 59 6 
44 53 57 71 76 64 67 94 44 26 82 70 9 96 72 98 63 11 51 63 100 89 20 81 94 48 90 9 50 48 14 46 100 71 68 28 86 35 21 82 12 2 51 20 49 74 17 11 85 19 25 36 8 
96 16 53 44 5 62 93 52 27 90 4 49 58 31 35 44 51 16 55 5 18 26 53 92 94 16 28 64 40 63 23 36 78 76 79 35 37 23 38 63 13 41 12 22 71 98 65 74 13 71 30 82 96 
34 25 41 49 52 4 41 14 27 28 44 54 58 30 90 32 67 4 96 8 67 17 30 64 33 55 28 3 84 10 50 70 86 42 70 38 46 10 3 24 89 98 77 46 27 18 78 94 21 73 53 88 42 
34 3 74 89 31 29 24 92 30 93 77 72 63 66 17 24 21 92 13 18 68 10 97 37 39 90 57 12 42 96 5 75 51 78 15 81 58 39 24 88 83 52 59 97 70 27 21 90 18 85 59 37 94 
55 73 85 96 81 48 89 29 52 16 79 81 30 11 39 20 86 78 55 37 36 51 58 14 23 99 83 7 58 19 53 64 43 37 12 23 84 100 3 87 15 33 67 45 95 5 16 80 34 70 69 69 21 
26 34 95 77 16 2 86 34 6 49 28 94 60 51 77 12 5 15 26 38 81 22 32 38 38 12 71 59 32 92 31 57 25 26 85 41 79 70 26 84 19 54 77 30 56 5 41 60 19 19 97 51 40 
81 88 29 92 59 88 75 2 70 31 26 95 16 18 73 37 96 8 55 1 36 37 8 92 29 67 62 47 16 13 87 96 100 67 39 10 6 13 11 76 95 89 70 62 58 95 99 5 54 5 5 90 41 
12 33 70 31 95 68 98 7 54 45 58 73 35 68 78 47 30 53 93 70 75 7 28 21 5 32 74 61 89 15 2 52 48 23 82 42 90 31 100 96 75 57 68 9 76 45 7 6 50 100 75 24 6 
54 44 62 86 69 22 26 84 75 77 83 49 11 76 39 41 75 86 68 31 5 76 59 1 35 64 50 34 90 25 91 96 20 52 33 89 25 58 24 100 34 6 48 96 81 38 37 7 75 4 89 79 31 
47 32 65 62 81 50 4 58 92 99 77 95 31 17 20 40 40 71 25 97 70 21 29 60 57 35 34 12 24 65 94 22 96 11 84 28 60 87 85 52 37 62 98 67 78 17 58 70 39 82 66 9 2 
47 68 10 81 1 21 56 17 67 78 12 77 13 40 88 99 24 91 87 37 89 53 67 57 10 88 96 91 53 4 45 51 71 54 32 23 27 39 40 93 68 3 21 80 42 8 30 18 99 16 6 87 20 
72 43 81 59 90 24 64 93 68 14 15 21 97 90 99 88 81 91 55 83 11 35 77 71 64 94 69 32 51 7 51 23 1 32 33 91 55 48 35 74 14 2 94 62 91 45 49 71 35 4 5 98 90 
81 68 5 26 88 36 29 94 87 51 46 70 35 88 24 35 23 97 48 24 42 61 66 86 62 88 73 17 92 22 6 25 89 10 2 28 98 30 73 84 32 18 5 67 6 28 53 80 76 52 3 17 12 
68 55 73 55 27 89 98 48 46 22 88 8 76 67 5 5 39 40 37 8 44 55 65 23 7 44 98 10 98 66 21 17 72 46 71 50 86 21 49 84 94 88 91 69 54 47 74 44 38 10 52 33 16 
16 55 74 12 4 83 9 21 55 26 45 52 48 94 38 68 43 73 62 82 63 30 36 61 55 79 50 16 82 82 31 98 88 4 9 91 38 69 63 93 94 7 44 94 1 33 61 95 5 74 76 19 56 
63 79 10 42 28 26 23 61 8 72 48 12 32 90 49 1 53 93 46 11 37 39 63 21 52 57 26 77 85 96 32 47 27 94 40 6 71 15 67 78 86 14 41 70 56 42 22 60 34 67 70 22 58 
33 95 61 41 20 37 77 67 21 76 93 66 15 99 36 81 65 65 19 30 6 88 85 47 9 44 32 27 66 6 36 98 100 96 90 71 85 67 37 57 42 30 22 8 28 9 89 44 73 7 73 30 46 
10 76 6 5 60 32 70 65 68 19 64 15 9 34 51 27 70 59 68 51 32 27 78 40 15 21 65 73 46 94 18 55 22 23 59 81 7 29 45 26 47 60 92 7 45 43 33 66 1 52 17 33 79 
94 24 45 67 88 70 12 82 39 18 3 14 28 35 20 56 31 97 55 90 88 13 34 30 46 99 83 49 67 67 27 13 90 24 79 30 93 42 63 31 11 17 96 38 51 15 94 81 11 100 22 51 12 
7 32 9 57 14 58 24 32 36 36 74 59 66 3 3 7 17 34 17 33 29 54 35 96 99 15 58 50 88 60 14 94 92 22 50 57 31 73 89 67 8 62 25 25 16 28 31 32 13 99 16 93 5 
50 40 55 16 50 57 55 9 70 48 100 43 97 57 74 22 97 92 81 10 68 6 25 47 88 8 11 87 75 4 43 24 95 97 91 44 53 45 5 74 44 4 69 40 12 94 13 8 85 94 17 52 99 
0 0 1 1 0 1 1 1 1 0 0 0 0 1 0 0 1 0 1 1 0 1 0 1 1 0 1 0 0 0 0 1 0 0 0 1 1 0 0 1 0 0 1 1 0 1 1 1 1 1 0 1 0 
1 0 1 1 1 0 1 0 0 0 0 0 1 1 0 1 0 1 1 0 0 0 0 1 0 0 1 1 0 0 1 1 1 0 0 0 0 0 0 1 0 1 1 1 0 1 0 0 0 0 1 0 0 
1 0 0 1 1 1 0 1 0 1 0 1 0 1 1 0 1 0 0 0 0 0 1 1 0 1 0 0 0 0 1 0 0 1 1 1 1 1 1 1 1 1 0 1 0 0 1 0 0 1 0 0 1 
1 0 0 1 0 0 1 0 1 1 1 1 1 0 0 0 1 1 1 1 0 0 1 0 1 1 0 1 0 1 0 1 1 0 0 1 1 0 1 0 1 0 1 0 1 1 1 0 1 0 1 1 1 
1 1 0 0 1 1 0 0 0 0 1 0 0 0 1 0 0 0 0 0 1 0 1 1 1 0 0 0 1 1 1 0 0 1 1 1 1 1 0 1 1 1 1 0 0 1 0 0 1 0 0 0 1 
0 1 0 0 1 0 1 0 1 0 0 1 1 0 0 0 0 1 0 1 0 0 1 1 0 1 0 1 0 1 0 0 0 0 0 0 1 1 0 0 1 1 1 0 1 1 1 1 0 1 0 1 1 
0 0 1 1 1 0 1 0 0 1 0 1 1 0 0 1 1 0 0 0 0 1 1 1 0 0 0 1 0 1 0 0 1 1 0 0 0 1 0 0 1 1 1 0 1 1 1 0 0 0 0 0 1 
1 1 1 1 1 0 0 0 0 0 0 1 0 0 1 0 1 0 1 0 1 1 1 1 1 0 1 1 0 1 0 0 0 1 1 0 1 1 0 1 0 0 0 0 1 0 0 0 0 1 0 1 1 
1 0 0 1 1 1 0 0 1 0 1 0 1 1 1 1 1 0 1 0 0 1 1 0 0 1 0 1 1 0 0 0 0 0 0 0 1 0 0 0 0 1 0 1 0 1 0 0 1 1 0 0 1 
1 0 1 0 1 0 1 1 1 1 1 1 1 1 1 1 0 1 1 1 0 1 0 1 1 0 1 1 0 1 0 1 1 1 1 0 1 0 1 0 1 1 0 1 0 1 0 0 0 0 0 0 1 
0 0 0 0 1 1 0 0 1 1 1 0 0 0 0 0 1 0 1 0 0 0 1 1 1 1 0 1 1 0 0 1 0 0 1 1 0 1 1 1 0 1 0 0 1 0 0 0 0 0 1 1 0 
0 0 1 1 0 0 1 1 0 0 1 1 0 1 1 1 0 0 0 1 0 0 0 0 1 1 1 1 0 0 1 0 0 1 1 1 1 0 0 0 1 1 1 1 0 0 0 1 0 0 0 1 1 
1 1 0 0 0 1 0 0 0 0 1 1 1 0 1 0 0 1 1 1 0 0 0 0 0 1 0 1 1 1 0 0 1 0 0 1 1 0 0 1 0 1 1 0 1 0 0 1 1 1 0 1 1 
0 1 1 1 1 0 1 1 0 1 0 0 0 1 1 0 1 1 1 0 0 1 1 0 1 0 1 0 1 0 1 1 1 0 1 0 1 0 1 1 1 1 0 1 1 1 0 0 0 1 1 0 0 
0 0 1 1 1 1 0 1 0 1 0 0 0 1 1 0 0 1 0 0 1 1 1 0 1 1 1 0 0 1 0 1 0 1 0 1 0 0 1 0 1 1 1 0 0 0 0 1 1 0 1 0 0 
0 1 1 1 0 0 0 1 0 1 1 0 1 1 0 1 0 1 0 1 0 0 0 0 1 1 0 1 0 0 1 0 1 1 1 1 1 1 1 1 0 0 1 1 1 0 0 1 1 1 1 1 1 
1 1 0 0 1 0 0 0 1 0 1 0 1 1 1 1 0 1 1 0 0 1 0 0 1 1 1 0 0 0 0 1 0 0 1 1 0 1 1 0 1 1 0 1 0 0 0 0 1 1 0 1 0 
0 0 0 0 1 0 0 0 0 0 0 1 1 1 1 1 1 1 0 0 0 1 0 0 1 0 1 1 0 0 1 1 0 1 1 0 0 1 0 0 1 0 1 1 1 1 0 0 0 0 0 0 0 
0 0 1 0 1 0 1 0 0 0 0 1 1 0 1 0 0 0 0 0 1 1 0 0 1 0 1 1 1 1 1 1 0 1 0 1 1 1 1 1 1 0 1 0 0 0 0 1 0 0 1 0 1 
1 0 0 0 1 0 1 1 1 0 1 0 0 0 0 1 0 1 0 0 0 0 0 1 1 1 1 1 1 1 1 0 0 1 0 1 1 1 0 1 0 1 1 0 0 1 0 0 1 0 0 1 1 
0 0 0 0 0 1 1 1 0 1 1 0 0 1 1 1 1 0 1 1 0 0 1 1 0 1 0 0 1 0 1 1 0 1 1 0 1 0 0 1 0 1 1 0 0 1 1 0 1 1 1 1 1 
0 1 1 1 1 1 0 1 1 1 0 0 1 0 1 1 0 1 1 0 0 1 0 1 1 0 1 0 1 0 1 1 1 0 0 1 1 0 0 0 0 0 1 1 1 0 0 1 1 0 1 0 1 
0 1 0 0 0 0 0 1 1 1 0 1 0 1 1 0 0 1 0 0 0 1 1 1 0 1 0 0 0 0 1 0 0 0 1 0 0 1 1 0 0 0 1 0 1 0 1 1 0 1 0 0 1 
1 1 1 0 0 1 1 0 0 1 0 0 0 1 1 1 0 1 0 0 0 0 0 1 1 1 1 1 1 1 0 1 1 1 1 1 0 0 1 0 0 0 1 0 1 0 0 1 1 0 0 1 0 
0 0 0 1 1 1 1 1 1 0 0 0 1 1 0 0 0 0 0 0 1 0 1 1 0 1 0 0 1 0 1 1 0 1 0 0 0 1 1 1 1 1 1 1 0 1 1 0 1 1 1 1 1 
0 0 0 1 1 0 0 1 1 1 1 0 0 1 0 1 0 1 1 1 0 0 1 1 1 0 1 0 1 0 1 1 0 1 1 1 0 1 0 1 1 0 0 1 1 0 0 0 0 1 1 0 1 
1 0 0 1 1 0 0 1 0 1 1 1 0 1 1 0 1 1 1 1 1 0 1 1 0 1 1 0 0 0 1 1 0 0 0 1 0 0 0 0 0 1 0 0 0 1 0 0 0 1 1 1 1 
0 1 0 1 0 0 0 0 1 1 0 1 0 1 0 0 1 0 0 1 0 1 1 0 1 1 0 1 1 0 0 1 1 0 1 1 0 1 0 0 0 0 1 0 0 1 1 1 0 1 0 0 0 
0 0 0 1 1 1 0 1 1 0 0 0 1 1 0 0 1 0 0 0 0 1 0 1 0 1 1 1 0 0 0 0 0 0 1 1 1 0 0 0 0 0 0 1 0 1 1 1 1 1 1 1 0 
1 1 0 1 0 0 1 0 0 1 1 0 0 0 1 0 1 1 0 1 0 1 1 1 0 1 0 0 0 0 0 0 1 1 1 1 1 0 0 1 1 1 1 1 1 0 0 0 1 0 0 1 0 
1 0 0 0 1 0 1 1 1 1 0 0 0 1 1 0 1 0 1 0 1 0 0 1 0 0 0 1 0 0 1 0 0 1 0 1 0 1 0 1 0 0 1 0 0 0 0 1 0 1 0 1 0 
0 0 0 0 0 1 1 0 0 1 1 0 1 0 0 1 1 1 1 1 0 0 1 0 0 1 0 0 1 1 0 1 1 0 1 1 0 0 0 0 1 1 0 1 1 0 0 0 1 1 0 1 1 
1 1 0 0 1 0 1 0 0 0 1 0 0 1 0 0 1 1 0 0 1 1 1 0 1 0 1 0 0 1 0 1 0 0 0 0 0 1 0 0 0 0 0 0 1 1 0 0 0 0 0 1 1 
1 1 0 1 1 1 1 0 1 1 0 1 1 0 1 0 1 1 0 1 1 0 0 0 1 0 0 1 0 0 1 1 1 1 1 0 0 0 0 1 1 1 0 0 1 1 1 0 0 1 1 0 0 
1 0 1 1 1 0 1 1 1 1 0 1 0 1 1 0 1 1 0 0 1 0 0 1 1 0 1 1 0 1 1 1 0 0 1 1 0 0 0 0 1 0 1 1 1 0 0 1 1 0 1 1 0 
1 0 0 0 1 1 0 1 0 1 1 0 0 0 0 1 0 0 0 0 1 0 0 0 0 1 1 0 0 0 0 0 0 0 0 0 1 0 1 1 1 0 1 0 0 0 1 0 0 1 0 0 1 
0 0 1 1 1 1 0 0 0 0 0 0 0 0 0 0 1 1 1 1 1 1 1 1 0 1 1 0 0 1 1 0 1 1 0 1 0 0 1 0 0 1 1 0 0 1 0 1 0 1 1 1 1 
0 0 1 0 0 1 0 1 1 0 1 0 0 0 0 0 1 1 0 0 0 0 0 1 0 0 1 0 1 1 1 1 1 0 1 1 0 1 1 1 0 0 1 0 0 1 1 1 0 1 1 0 0 
0 1 0 0 1 0 1 0 1 0 1 0 0 1 0 1 0 1 1 0 0 0 0 1 1 1 0 0 0 0 0 0 0 1 0 1 1 1 1 1 0 0 1 0 1 1 1 1 0 1 1 0 1 
1 1 0 0 1 0 1 0 1 1 0 0 0 1 1 1 0 0 1 0 1 1 0 0 1 1 0 0 1 0 1 0 0 1 1 1 1 0 1 0 1 1 0 1 0 0 1 0 0 0 1 0 0 
1 0 1 0 1 1 1 1 0 0 1 1 1 1 0 1 0 1 0 0 1 0 0 1 1 1 0 1 0 0 1 1 0 0 1 1 1 1 1 1 1 0 0 0 1 1 1 0 0 1 0 1 1 
0 1 0 1 1 0 1 1 1 0 1 0 0 1 1 1 0 1 0 0 1 0 0 0 1 0 0 0 0 0 0 0 1 0 0 0 0 1 1 0 0 0 0 0 1 1 1 1 0 1 0 0 1 
0 0 0 0 1 0 0 1 0 0 0 1 0 0 1 0 1 1 0 1 1 0 1 1 1 0 1 0 0 1 1 0 0 1 0 1 1 0 0 0 1 0 1 1 0 0 1 1 0 1 0 1 1 
1 0 0 0 0 0 0 1 1 1 1 0 1 0 0 0 0 0 1 0 1 0 0 1 0 1 1 1 0 1 1 1 1 1 1 1 0 0 1 1 1 0 0 0 1 0 0 1 0 1 0 1 0 
0 0 0 0 0 1 0 1 0 1 0 0 1 0 0 1 1 1 0 1 1 0 0 1 1 0 1 0 0 0 0 0 1 0 0 1 0 0 0 0 0 0 0 1 0 0 0 1 0 0 1 1 0 
1 1 1 1 0 0 1 1 0 0 0 1 0 1 1 1 1 1 1 1 0 0 0 0 0 1 0 0 0 0 0 0 1 0 1 1 0 1 0 0 1 0 1 1 1 0 0 0 0 1 0 0 1 
0 0 1 1 1 1 0 1 0 0 0 0 1 1 0 0 0 0 1 0 0 1 0 0 1 0 0 1 0 0 0 0 1 0 0 0 1 0 1 1 0 1 1 1 0 1 0 0 0 1 1 0 0 
1 0 0 1 1 1 0 1 1 0 0 1 0 0 1 0 1 0 0 0 0 0 1 1 0 1 1 1 0 1 0 1 0 0 1 1 1 1 0 0 1 1 0 0 1 1 0 1 1 1 1 1 1 
0 1 1 0 0 0 0 0 0 0 0 0 1 1 1 0 1 0 1 0 0 1 0 1 0 1 0 1 0 0 0 1 1 1 1 1 1 1 1 0 1 1 0 0 0 0 0 0 0 0 0 0 1 
0 1 1 1 1 0 0 1 0 1 0 1 0 0 1 1 1 1 1 1 1 1 1 1 0 1 1 0 0 1 1 0 0 1 0 0 1 0 1 0 1 0 1 1 0 0 0 1 1 1 0 1 1 
0 0 1 1 0 1 1 1 0 0 0 1 0 0 1 0 1 1 1 1 0 0 1 1 0 1 0 0 1 1 1 1 0 0 1 0 1 0 1 1 0 1 1 0 1 0 0 1 1 1 0 1 1 
0 0 0 1 1 0 0 0 1 0 0 1 1 0 0 1 0 1 0 1 0 0 1 0 1 0 1 0 0 1 0 0 1 0 1 0 0 0 1 1 0 1 0 1 0 0 0 0 1 0 1 0 1 
0 0 0 0 0 0 1 1 0 1 0 0 1 1 0 1 0 1 1 1 1 0 1 1 0 1 1 1 1 1 0 1 1 0 0 1 0 1 0 1 0 1 1 1 0 0 0 0 1 1 1 1 1 
1 0 0 0 1 1 1 0 1 1 0 1 1 1 1 0 0 0 0 1 0 0 1 0 0 1 1 0 0 0 1 1 1 1 0 0 0 1 1 1 0 1 0 1 0 0 1 0 0 0 1 0 0 
0 0 0 1 0 0 0 0 0 1 1 1 1 0 0 1 1 1 1 0 0 1 0 0 0 1 0 0 0 1 0 1 1 1 0 1 1 0 0 1 0 1 1 1 1 1 0 0 0 0 0 0 1 
1 0 1 0 1 0 0 0 0 1 1 1 0 1 1 0 1 0 0 0 1 0 0 0 0 0 1 0 1 1 1 0 0 1 0 1 1 0 1 1 0 0 1 0 1 0 0 0 0 1 1 0 1 
1 0 1 1 1 0 0 1 1 0 1 0 0 0 1 1 1 1 1 1 0 1 1 0 1 1 0 0 0 0 1 1 1 1 1 0 1 1 1 0 0 0 1 0 0 0 1 1 1 0 1 1 1 
0 1 1 1 0 1 0 0 1 1 1 0 0 0 1 0 1 1 0 0 0 0 0 1 0 0 0 0 1 0 0 1 1 1 0 1 0 0 0 1 0 1 1 0 1 0 0 1 0 0 1 0 1 
1 1 1 1 0 1 0 0 1 1 1 0 0 1 1 0 1 0 0 0 0 1 0 0 1 1 0 0 0 1 1 1 0 0 1 0 1 1 0 1 1 0 1 1 1 0 1 0 1 0 0 1 1 
0 1 0 1 0 0 1 1 1 1 1 1 0 0 1 1 0 0 0 0 1 1 1 0 1 1 1 1 0 0 0 0 1 0 0 1 1 1 0 0 0 0 0 0 0 1 0 0 1 0 1 0 0 
0 0 1 0 1 0 0 1 0 0 1 0 0 0 1 0 1 0 0 1 0 1 1 1 1 1 0 1 0 0 1 1 1 0 1 0 0 1 0 0 1 1 1 0 1 0 0 0 0 0 1 0 1 
0 1 0 0 1 0 0 0 1 1 1 0 0 1 0 1 1 1 1 0 0 1 0 0 1 0 1 1 0 1 1 0 1 1 0 0 1 1 0 1 0 1 1 1 1 1 0 0 0 1 1 0 0 
1 1 1 1 0 1 1 1 0 0 0 1 0 1 1 1 1 0 0 1 1 1 0 0 1 0 1 1 1 1 1 0 0 1 0 0 0 1 0 0 1 0 1 0 1 0 1 1 0 1 0 1 0 
0 0 0 0 1 1 0 0 0 0 1 1 0 1 1 0 1 1 1 0 1 1 1 1 1 0 0 0 0 1 1 0 1 1 1 0 0 1 1 0 1 0 0 0 1 1 0 1 1 1 1 0 1 
0 1 0 1 1 0 1 1 1 0 0 0 1 1 0 0 0 1 1 0 1 1 1 0 1 0 1 1 1 1 0 0 1 0 1 0 0 0 1 0 0 0 0 1 1 1 1 1 0 1 1 1 0 
0 1 0 1 1 1 0 0 1 0 1 1 1 0 1 0 1 1 0 1 0 0 0 1 1 1 1 0 0 0 1 1 1 1 0 0 0 0 1 1 1 0 0 0 0 1 0 0 1 1 1 1 1 
0 0 0 1 1 1 0 1 0 1 0 1 1 1 1 1 0 0 0 0 0 1 1 1 1 1 0 0 0 1 1 0 1 0 0 0 1 0 1 1 1 0 0 0 1 1 1 1 1 0 1 1 1 
