52 68 2961
82 45 54 4 89 28 89 38 71 76 26 71 19 45 94 65 20 85 97 41 24 51 17 53 99 84 95 31 75 10 72 56 6 77 11 94 4 99 31 27 74 57 97 93 53 43 57 73 79 5 65 54 55 81 6 6 16 52 36 90 13 59 45 18 36 7 12 91 
6 94 17 31 2 66 75 55 60 83 79 90 88 43 43 42 75 100 47 90 51 35 80 16 45 76 33 80 83 96 23 40 90 91 70 91 8 45 97 67 27 75 56 14 69 50 8 43 49 6 33 52 92 12 67 37 87 99 68 21 47 90 60 88 33 30 30 40 
26 27 59 4 53 66 70 22 16 77 64 64 34 48 67 26 11 33 62 50 84 81 70 30 23 30 17 55 11 46 46 88 24 4 91 77 22 60 50 37 88 65 52 74 13 19 99 23 3 12 72 86 92 94 15 66 23 83 20 85 29 66 72 52 21 14 80 42 
74 29 30 13 94 34 86 58 4 36 32 6 99 56 92 91 49 6 8 23 41 28 7 69 45 30 72 65 43 52 59 68 32 88 81 25 73 18 34 76 6 66 82 4 21 73 46 21 30 54 43 70 81 1 90 77 30 14 41 72 65 51 92 48 39 24 25 63 
41 58 39 46 23 20 2 95 44 47 15 25 100 9 47 32 9 88 8 38 1 1 62 17 51 53 65 41 28 89 4 68 98 42 66 73 13 67 67 8 65 34 84 65 42 82 48 51 22 56 40 22 8 53 91 58 57 55 51 84 95 54 4 92 47 21 16 11 
39 83 70 3 68 5 67 61 87 67 63 8 22 3 81 29 7 71 38 64 77 88 99 23 93 2 67 39 22 82 1 60 16 70 63 83 75 81 44 13 47 6 72 20 60 4 100 67 75 90 82 3 77 80 26 22 82 92 60 55 73 13 15 41 82 29 23 8 
61 18 72 60 76 43 31 35 47 31 53 73 20 86 27 48 66 4 69 99 95 81 53 20 93 19 60 26 47 34 86 60 4 57 19 79 52 49 65 50 31 70 74 50 55 100 50 20 4 70 18 50 50 71 69 94 89 80 72 88 66 57 47 69 65 17 99 16 
65 15 17 96 84 90 97 39 90 46 10 93 68 80 94 69 2 15 63 42 94 86 29 11 94 27 31 58 43 29 26 60 44 42 55 79 32 51 69 73 49 79 17 68 58 10 36 11 24 50 52 70 35 33 80 80 59 63 38 54 91 15 13 86 8 67 17 91 
69 85 63 69 63 31 36 72 41 24 82 16 73 86 85 60 18 17 39 76 31 28 81 21 42 93 59 50 11 75 92 80 11 7 100 26 37 88 49 29 11 31 45 83 68 81 94 85 49 33 12 79 60 93 52 54 85 62 3 96 36 46 27 98 52 78 23 89 
65 72 69 75 54 13 10 21 46 3 5 94 35 68 25 47 60 76 100 97 37 54 44 24 99 22 21 3 99 96 91 16 67 11 42 20 24 51 40 21 6 96 14 92 15 90 38 27 65 89 75 53 42 18 76 93 91 49 95 41 44 37 56 62 47 98 81 22 
100 72 42 5 19 8 49 33 97 38 59 14 27 33 66 68 2 94 12 44 94 6 85 37 42 92 98 89 41 30 10 41 1 4 97 71 11 45 3 7 83 14 20 61 98 38 80 52 31 92 95 24 97 79 12 91 23 61 79 63 90 40 3 42 95 52 12 5 
48 66 64 82 79 83 42 77 72 22 28 2 13 22 77 61 53 88 51 75 48 81 89 89 73 92 30 67 95 93 72 42 59 35 24 37 69 65 65 41 38 44 94 50 18 71 11 70 10 13 96 10 94 84 98 66 27 80 32 21 72 55 15 82 41 38 19 10 
54 35 2 92 79 47 93 96 69 55 17 79 68 64 40 61 99 37 78 78 68 9 98 92 16 12 73 56 1 43 17 55 78 70 98 8 17 90 3 85 97 71 15 64 34 54 76 32 43 53 9 10 13 59 53 28 22 78 36 75 20 52 29 49 22 78 56 38 
67 10 74 63 80 89 78 13 42 53 97 36 57 57 46 70 15 50 49 89 27 84 63 47 88 43 47 9 20 55 98 38 64 23 53 96 11 30 60 5 35 56 40 91 65 37 12 31 87 13 19 65 96 81 63 83 75 10 43 94 64 40 32 79 63 36 74 25 
65 86 81 51 93 73 94 57 9 5 88 47 17 58 12 65 91 74 99 65 35 42 11 50 33 42 29 47 29 54 24 45 91 4 96 84 76 89 92 37 45 79 35 14 89 46 30 79 72 28 95 6 21 5 56 54 98 36 52 26 89 75 71 80 31 66 15 6 
6 6 94 2 37 29 15 25 74 44 55 97 24 49 3 44 54 10 49 51 45 1 77 85 27 47 16 57 64 30 63 21 88 8 22 24 36 89 48 62 32 2 58 55 50 60 51 3 69 99 6 65 99 82 50 78 80 17 34 95 47 48 15 34 56 36 9 91 
24 56 52 8 9 10 14 10 21 64 65 42 63 70 6 13 3 7 90 82 24 76 76 22 23 42 7 78 77 15 21 53 22 72 12 30 33 25 39 54 89 3 47 3 24 52 67 26 11 57 59 86 32 86 7 6 27 65 84 56 79 4 8 100 27 19 81 12 
95 19 65 83 74 63 37 49 66 4 75 76 12 33 61 95 19 19 100 45 83 35 100 13 90 59 64 17 29 44 28 24 15 44 58 40 6 95 88 71 50 62 99 61 47 11 55 65 30 54 61 64 89 13 77 30 23 40 46 52 36 25 27 50 20 36 41 25 
82 28 48 31 90 46 43 88 56 97 52 37 3 64 1 43 76 29 72 51 20 70 2 55 94 80 56 66 67 96 90 49 24 89 31 65 34 74 52 42 22 55 78 76 18 78 18 46 6 42 96 26 63 49 32 8 80 88 73 46 35 63 46 58 51 29 74 37 
2 25 78 75 31 55 3 49 85 20 46 90 13 41 67 75 41 51 83 20 90 55 17 24 69 63 34 72 91 7 8 44 84 37 70 14 91 72 62 75 44 59 17 56 51 35 83 91 85 17 10 26 23 79 50 92 41 83 15 83 89 74 26 72 10 47 86 100 
19 99 27 62 10 43 69 60 29 3 51 66 19 12 91 94 90 40 85 82 74 51 64 15 24 41 38 33 88 75 84 58 74 10 71 35 4 91 94 33 94 96 50 64 8 40 57 49 32 93 83 5 43 98 19 66 39 57 50 78 31 34 87 56 43 57 90 99 
47 36 83 92 31 32 56 90 71 64 91 2 57 73 59 99 70 77 17 60 85 66 37 68 51 75 23 46 31 65 44 30 52 26 73 82 57 80 72 27 44 62 81 100 86 39 50 55 67 18 15 52 36 3 19 86 78 93 31 60 9 26 41 60 51 14 94 59 
93 17 38 88 30 18 39 15 8 41 21 74 58 87 77 45 90 47 83 19 40 65 30 100 91 71 12 93 36 5 52 80 21 89 68 50 6 6 16 13 46 36 38 56 23 15 52 64 61 34 82 52 99 63 52 41 33 15 33 68 19 84 48 91 72 67 92 29 
72 7 93 70 94 31 77 68 45 28 31 5 14 64 9 64 27 12 4 11 26 88 31 96 72 30 86 95 96 29 24 19 87 16 40 80 98 16 100 42 96 82 99 61 46 7 24 24 18 79 34 95 66 16 90 89 45 75 84 92 55 59 11 41 26 50 72 24 
18 71 65 65 53 15 25 50 73 100 73 42 78 58 36 95 74 25 84 70 51 67 62 5 77 24 45 2 73 69 25 42 39 42 6 91 56 82 92 29 81 64 70 58 74 58 53 47 82 88 68 85 6 29 89 82 52 86 83 77 54 60 70 44 1 28 87 8 
9 78 36 90 42 58 99 67 15 3 65 48 42 32 32 47 13 73 28 64 58 63 92 63 22 14 58 74 41 44 81 1 22 69 42 15 78 41 33 44 95 97 91 37 28 23 35 40 47 63 56 56 77 99 18 50 12 27 23 4 71 55 5 44 75 46 10 52 
38 42 95 33 38 38 21 17 12 55 57 58 69 64 13 45 62 82 46 26 8 20 29 30 75 33 25 1 79 34 53 16 27 99 100 64 36 72 33 99 27 89 56 47 4 68 44 17 1 89 42 9 9 71 90 35 55 15 35 85 48 39 53 27 38 4 90 25 
76 74 24 54 14 31 100 17 99 43 34 51 84 27 11 92 49 1 26 4 15 12 40 14 51 92 40 40 96 82 16 71 55 39 24 69 22 75 37 72 70 70 22 53 49 33 44 97 33 21 52 99 84 92 64 34 83 4 25 78 37 41 100 91 31 75 11 52 
50 48 23 71 69 45 23 17 29 18 14 13 90 17 11 73 8 26 59 91 29 35 20 17 75 20 60 6 94 70 9 95 69 32 17 38 28 39 6 56 8 71 20 97 88 30 22 95 55 32 85 36 66 57 4 41 76 63 98 21 33 58 68 1 41 84 90 68 
75 96 75 82 66 94 31 53 75 52 100 82 35 36 69 100 92 72 92 67 35 41 40 19 99 7 71 39 42 61 59 16 8 85 98 25 79 80 78 5 83 29 38 17 64 58 16 56 82 8 74 68 48 13 86 98 71 8 37 13 68 95 80 27 79 29 52 9 
8 81 66 90 9 55 6 72 65 74 79 46 81 53 13 80 17 50 78 88 57 66 52 77 60 83 3 90 12 54 51 19 34 16 9 94 22 66 66 86 39 96 31 71 48 95 51 65 96 80 4 53 97 7 29 56 89 83 97 52 89 99 71 74 14 31 68 88 
96 85 73 35 80 56 57 28 2 7 44 98 38 99 2 34 57 82 41 97 64 90 49 52 88 71 26 54 1 93 41 48 29 65 34 8 72 91 87 74 49 82 23 39 32 24 24 88 5 65 37 68 6 85 72 93 7 49 46 59 41 38 6 21 55 92 28 26 
34 15 51 82 48 25 20 80 48 44 67 4 60 3 24 65 39 47 9 97 95 7 55 35 44 13 55 50 56 34 28 89 100 30 70 48 55 42 27 54 37 45 58 48 100 33 64 38 79 72 87 73 78 41 59 74 5 65 23 60 98 2 48 98 32 70 97 86 
63 23 39 99 67 48 98 66 32 61 56 10 32 94 34 62 86 92 87 91 8 9 2 6 63 2 55 94 71 3 79 33 25 69 83 43 69 80 61 100 40 68 62 23 61 95 36 46 39 22 88 46 83 90 3 45 91 9 38 13 11 68 97 35 88 79 30 56 
10 42 8 1 61 69 23 73 15 59 18 5 80 58 51 62 99 53 58 41 62 95 53 24 62 49 59 50 79 40 57 88 33 64 40 93 84 14 65 51 24 34 55 56 91 57 69 41 62 27 81 23 21 85 46 35 85 56 36 63 47 92 2 79 8 41 23 43 
55 87 45 78 21 100 33 63 56 2 56 17 80 36 91 100 73 89 86 57 96 21 20 95 65 73 25 24 14 48 18 20 86 63 49 58 62 34 21 69 87 28 38 66 15 80 17 87 20 3 44 68 75 15 62 39 87 38 14 52 85 32 23 71 94 72 28 7 
5 100 27 43 27 16 8 42 48 24 80 67 78 23 86 53 89 99 43 76 37 57 79 21 40 2 43 33 25 71 91 81 22 17 23 1 85 30 42 32 5 73 50 83 48 36 35 36 34 77 63 70 85 42 43 24 95 85 8 19 7 98 99 29 67 21 29 3 
2 22 34 6 94 35 40 41 70 74 29 56 3 91 25 87 84 19 63 78 4 70 48 10 20 46 90 38 18 18 40 19 39 25 77 85 59 16 77 81 42 5 36 96 48 12 34 31 31 96 61 34 18 8 95 89 54 85 26 23 2 17 42 93 41 70 29 51 
37 5 31 78 10 66 25 9 78 59 39 8 54 51 93 23 59 87 11 64 71 88 86 25 4 79 17 96 48 45 47 37 1 77 14 62 95 91 70 72 49 61 31 54 11 23 77 69 9 39 84 32 27 70 56 82 100 24 78 48 20 76 84 20 4 49 82 98 
39 51 21 39 11 51 93 74 25 21 42 86 59 78 17 37 47 24 71 46 47 48 45 66 75 80 37 78 81 18 76 71 69 48 10 31 99 54 4 75 74 98 60 84 75 28 73 73 3 43 18 1 42 15 18 16 46 55 93 26 72 20 97 40 68 58 23 18 
11 26 44 36 23 56 19 97 83 43 21 38 85 91 38 26 5 56 93 50 62 38 28 33 9 24 25 28 81 47 97 43 24 41 78 47 96 96 95 30 39 16 67 75 6 57 53 62 64 97 63 25 34 90 57 43 13 33 22 45 79 19 39 55 11 16 1 6 
64 47 87 54 14 6 28 19 62 32 32 77 29 95 1 62 84 9 56 49 42 30 45 72 48 84 26 58 99 78 15 62 77 1 67 90 58 95 61 71 26 92 47 6 38 99 20 22 8 27 22 1 56 66 24 55 1 50 12 52 79 78 65 55 31 32 45 88 
78 57 59 55 48 57 61 86 56 80 59 63 6 32 63 14 97 86 68 50 87 32 1 18 9 17 72 91 48 68 79 25 76 89 80 24 45 40 61 100 71 71 14 28 2 28 41 50 66 61 99 4 92 51 21 52 68 45 43 67 64 73 92 40 61 23 15 57 
14 75 57 84 97 22 63 98 50 4 99 15 64 98 70 7 100 91 58 19 35 52 38 98 24 81 37 36 3 51 93 16 77 1 51 25 22 13 22 23 68 21 89 83 70 59 89 21 49 99 92 35 2 29 32 26 9 21 13 63 23 5 78 52 5 80 76 79 
44 50 1 12 22 42 94 43 100 35 15 48 85 6 34 86 86 65 63 94 37 76 56 12 32 85 63 89 16 90 67 60 39 19 71 12 60 16 54 11 2 69 10 38 26 43 24 12 60 38 57 96 13 65 7 97 49 21 85 17 11 3 76 1 73 98 13 33 
65 18 43 67 38 5 4 64 47 79 27 6 17 83 2 81 99 60 29 48 81 13 16 43 15 91 43 88 40 55 72 4 25 66 22 62 70 78 77 17 56 3 74 24 38 75 57 36 87 85 35 19 98 50 61 64 92 3 3 31 10 26 35 34 92 8 95 13 
85 72 81 93 26 55 16 63 81 72 99 19 9 33 37 58 35 97 21 26 100 76 57 9 1 43 94 44 50 88 9 35 11 89 27 37 95 94 99 28 66 49 46 26 82 35 83 68 31 3 93 82 30 49 42 83 91 35 26 41 75 86 27 85 75 53 73 21 
46 24 100 63 72 98 88 5 32 70 72 62 25 65 44 6 65 37 88 56 72 14 48 46 99 74 82 25 78 7 98 75 30 97 38 1 46 77 58 77 99 29 39 75 45 34 80 10 70 68 17 93 33 64 90 83 89 24 60 18 30 57 92 59 5 81 11 51 
58 68 27 8 49 17 82 93 2 13 2 24 80 70 16 64 33 58 47 73 81 6 90 10 14 82 20 70 62 30 72 71 50 51 78 98 19 11 90 21 24 44 44 3 13 11 19 98 68 65 22 100 22 12 9 87 45 80 56 58 62 80 29 11 30 58 8 48 
69 49 68 92 44 63 94 9 26 12 6 45 28 27 45 1 90 5 87 34 85 95 92 46 74 72 8 3 29 15 2 97 15 70 88 11 84 34 19 61 97 76 6 77 54 2 77 44 6 16 29 42 10 72 87 35 43 94 89 72 60 90 68 27 11 8 37 95 
41 55 7 89 30 12 65 35 65 42 78 71 57 59 12 18 30 51 52 73 96 40 96 8 29 63 34 92 22 22 38 14 28 44 3 9 8 67 43 72 60 21 94 16 79 58 85 60 60 36 32 55 27 27 14 8 42 99 99 63 20 36 77 99 31 31 7 38 
97 50 62 57 22 55 24 52 12 9 11 71 96 43 78 75 21 91 82 62 42 32 77 61 19 5 12 49 87 18 39 83 67 100 91 40 54 67 91 66 27 2 88 74 96 65 48 16 56 81 30 97 12 58 9 82 14 20 31 100 90 69 34 8 68 77 48 21 
0 1 1 0 0 1 1 1 1 1 1 0 1 0 0 1 1 1 0 0 0 0 1 1 0 0 1 1 0 0 0 0 1 1 0 0 0 0 1 0 1 0 0 0 0 1 1 1 0 0 1 0 0 0 0 1 1 1 0 1 1 0 0 0 0 0 0 0 
0 0 0 1 0 1 0 1 0 1 0 0 1 0 0 0 0 0 1 1 1 1 1 0 0 1 1 0 1 1 0 0 1 1 1 0 0 1 1 0 1 1 0 0 1 0 0 0 1 1 1 0 1 0 1 1 1 0 1 1 1 1 1 1 0 0 1 0 
0 0 0 1 1 0 1 1 1 0 1 0 1 0 0 0 1 1 1 0 1 0 1 1 0 0 0 0 1 1 1 1 1 1 0 0 0 1 1 1 1 0 1 1 1 1 1 0 1 1 0 0 1 0 1 1 0 1 0 1 0 1 0 1 0 0 0 0 
0 1 1 1 0 0 0 1 0 0 1 1 1 1 1 0 1 1 0 0 0 0 1 1 1 0 0 1 0 0 0 0 0 1 0 0 0 0 1 0 0 0 1 1 1 0 0 1 1 0 1 0 0 0 1 1 0 1 0 1 0 0 1 0 0 1 0 0 
0 1 0 0 1 1 0 0 1 0 1 1 0 0 1 0 1 0 1 1 1 1 0 1 0 0 1 0 1 1 0 1 0 0 0 1 1 0 0 0 0 1 1 0 0 0 0 1 0 1 0 0 0 1 1 0 1 1 0 0 0 0 0 1 0 0 0 1 
0 0 0 0 0 1 0 0 0 0 1 0 1 1 0 1 0 0 0 1 1 0 0 1 1 0 0 1 0 1 1 0 1 1 0 1 0 0 1 0 0 0 1 1 0 1 0 0 1 0 0 0 1 0 0 0 0 0 1 0 1 0 0 1 1 0 0 0 
0 0 0 0 0 1 1 0 1 1 1 0 0 1 1 1 1 1 1 1 1 0 1 1 1 1 0 0 1 0 0 1 0 1 1 1 0 0 1 1 1 0 0 1 1 1 0 0 0 1 1 1 0 0 0 1 1 0 1 0 1 0 1 1 1 0 0 1 
0 0 1 0 0 1 1 0 0 0 0 0 1 0 1 1 0 0 0 0 0 0 0 1 0 0 1 1 0 1 0 1 1 1 1 0 0 0 0 0 0 0 0 0 0 0 1 1 0 0 1 0 0 1 0 0 1 1 1 0 0 1 1 0 1 0 0 1 
0 0 0 1 0 0 1 1 0 0 0 0 0 1 1 0 0 1 0 0 0 1 0 0 1 1 0 0 1 0 1 1 0 1 0 1 0 1 0 0 0 0 1 0 1 0 1 1 1 1 1 1 1 1 1 0 0 0 0 1 0 1 1 1 1 1 0 1 
1 0 1 1 0 0 1 1 0 0 0 1 0 0 0 1 1 0 1 0 0 1 1 0 0 0 1 1 0 1 0 1 1 0 0 1 0 1 0 1 0 1 0 0 1 1 1 0 1 0 0 1 1 0 1 1 0 1 1 0 0 1 1 0 1 1 1 0 
1 0 1 1 1 1 1 0 0 0 0 1 0 1 0 1 1 0 0 1 1 1 0 1 1 1 1 0 1 1 0 0 1 1 1 0 1 0 0 1 0 0 1 0 1 1 1 0 1 1 0 0 1 0 0 0 1 1 0 0 0 1 0 1 0 1 1 1 
1 1 1 1 0 0 1 1 1 0 0 1 0 0 1 1 0 1 1 1 1 1 0 1 0 0 1 1 0 0 0 1 0 1 1 0 1 0 1 1 1 1 0 1 1 1 0 1 1 1 1 0 0 1 1 1 1 0 0 1 1 0 1 1 0 0 1 1 
0 0 0 1 0 0 0 1 0 0 1 1 1 0 1 0 1 0 1 0 1 1 0 0 1 1 1 1 1 0 1 1 0 1 1 0 0 1 0 0 0 1 1 1 1 0 1 0 0 0 0 1 1 0 1 1 1 0 0 0 0 1 0 1 1 1 1 1 
0 1 1 0 0 0 0 1 0 1 1 0 0 0 0 1 0 1 0 0 0 1 0 0 0 0 1 1 1 1 0 0 0 1 0 1 1 0 0 1 0 0 0 0 0 0 1 0 1 0 0 1 1 1 0 1 1 1 1 1 0 1 1 1 1 1 0 0 
0 0 0 0 0 0 0 0 0 1 1 1 1 1 1 0 0 1 0 0 0 1 1 1 0 0 0 1 1 0 0 1 0 0 1 1 0 1 1 0 1 0 1 0 0 0 1 0 1 1 0 0 0 1 1 0 1 1 0 1 1 0 0 1 0 0 0 0 
1 0 0 0 0 1 1 0 0 0 1 1 1 1 1 1 1 0 1 0 1 1 1 0 1 0 0 1 0 0 1 1 0 1 0 1 1 1 1 1 1 0 0 0 0 0 1 1 0 0 1 0 0 1 0 1 1 0 1 1 1 0 0 1 0 0 0 1 
1 0 0 0 0 0 0 0 0 1 1 1 0 1 1 0 0 1 1 1 0 0 0 1 1 0 0 1 1 1 0 0 1 0 1 1 0 1 0 1 1 1 0 1 0 1 1 0 0 0 1 0 1 1 1 0 0 0 1 1 1 1 1 0 1 0 1 1 
0 1 0 1 1 0 0 1 1 1 0 0 1 1 0 0 1 0 0 1 0 1 0 1 0 1 1 1 0 0 1 0 0 1 1 1 0 1 0 1 0 0 1 1 0 0 0 1 0 0 0 0 0 0 1 0 1 0 0 1 0 1 1 0 0 0 1 0 
1 0 0 1 0 1 1 0 1 1 1 1 1 1 1 1 1 0 0 1 0 0 0 1 1 0 1 1 0 1 0 0 1 0 1 1 1 0 0 1 1 1 0 1 1 0 0 0 0 0 1 1 0 0 0 1 0 1 1 0 0 1 0 1 1 0 1 0 
0 1 1 0 0 0 1 1 0 1 0 0 0 1 1 0 1 1 0 1 1 1 0 1 0 0 1 1 0 0 1 1 1 1 1 1 1 0 1 1 1 1 1 1 0 1 0 0 0 0 1 1 1 1 1 1 0 0 0 0 0 1 1 1 0 0 0 1 
0 1 0 0 0 0 1 1 1 1 1 1 1 0 1 0 0 0 1 0 0 1 0 0 1 0 1 1 0 1 1 1 1 1 1 1 1 0 0 0 0 1 0 1 0 1 0 0 1 1 0 1 1 0 1 0 0 0 1 1 1 0 0 0 0 1 0 1 
1 0 0 1 0 0 1 0 1 1 0 0 0 0 1 1 0 0 1 1 0 1 0 1 1 0 0 1 1 0 1 0 0 1 0 0 1 1 0 0 0 0 0 0 0 1 0 1 1 1 0 1 0 0 0 0 0 0 1 1 0 0 1 1 1 1 1 0 
0 0 0 0 0 0 1 1 1 1 0 0 0 0 1 1 0 0 1 0 0 0 1 1 1 0 0 0 0 1 1 0 1 1 1 0 0 0 1 1 1 1 0 1 1 1 0 1 1 1 1 0 0 0 1 1 0 1 1 0 0 0 1 0 0 0 0 0 
0 1 1 1 0 1 0 1 1 1 0 0 0 1 0 0 1 1 1 1 0 1 0 1 1 1 1 1 1 1 1 1 0 1 0 0 0 0 1 1 1 1 0 0 0 0 0 1 0 0 0 0 1 0 1 0 1 0 0 0 1 1 1 1 0 1 1 1 
0 0 0 1 1 0 1 1 1 0 0 1 0 1 1 1 1 1 1 1 1 1 1 1 1 1 0 1 0 0 0 0 0 1 0 0 1 1 1 0 1 0 1 1 1 1 0 0 0 0 1 1 1 1 0 0 0 1 0 0 1 0 1 1 1 1 1 1 
0 1 1 0 1 1 1 0 0 0 0 0 0 0 1 1 1 0 0 1 1 0 1 0 0 0 1 0 1 1 1 0 0 0 0 1 1 1 1 1 1 1 1 1 1 1 1 0 1 1 1 0 1 1 0 1 1 1 1 1 0 0 1 0 1 1 1 0 
0 0 0 0 0 1 1 1 0 0 0 1 1 1 1 0 0 1 0 0 1 1 1 1 0 0 0 1 1 1 1 1 0 1 1 0 1 1 1 1 1 1 1 1 1 0 1 1 0 1 1 1 1 0 0 1 0 0 0 1 0 1 1 0 1 0 0 0 
1 1 1 1 1 0 0 0 1 1 1 1 1 1 0 0 1 0 1 0 1 1 1 1 0 0 1 1 1 1 1 0 0 1 1 1 1 1 1 0 1 1 1 0 0 1 0 1 0 1 1 1 0 1 0 0 1 1 0 0 0 1 1 0 0 0 0 0 
0 1 0 1 0 0 1 0 1 1 0 1 0 1 0 0 0 0 0 0 1 0 0 1 0 1 0 0 0 0 0 0 1 1 1 0 1 0 0 0 1 0 0 1 0 0 1 0 1 1 0 0 0 1 0 0 0 0 0 0 0 1 0 1 0 1 1 1 
1 0 1 0 0 1 1 0 0 0 1 1 0 1 1 0 0 1 0 1 1 0 1 1 1 0 1 1 1 0 0 1 0 0 1 1 1 1 1 1 1 0 0 1 0 0 1 0 1 1 1 1 0 1 0 1 1 1 1 0 0 1 1 0 1 1 1 1 
0 1 0 1 1 1 1 1 1 0 0 0 0 1 1 0 0 0 1 1 1 0 0 1 0 1 0 1 0 1 0 0 0 1 0 0 0 1 1 1 1 1 1 1 1 1 1 1 1 1 1 0 1 1 0 1 0 0 1 1 1 1 1 0 0 1 0 0 
0 1 1 0 1 1 1 0 0 1 1 1 0 0 1 1 1 1 1 0 1 0 1 1 1 0 1 0 0 1 0 0 0 0 0 1 1 0 1 1 1 1 0 1 1 1 0 1 1 1 1 0 1 0 1 1 0 0 1 0 1 1 1 0 1 1 1 0 
1 1 1 0 0 1 1 1 1 0 0 0 1 1 0 1 1 0 0 0 0 1 0 0 0 1 0 0 1 1 0 0 0 0 1 0 1 0 0 0 0 0 0 0 0 1 1 1 1 1 1 1 0 0 1 0 1 1 0 0 1 1 1 1 1 0 0 0 
0 0 1 1 0 1 1 0 0 0 0 1 1 1 1 1 1 0 1 1 0 0 1 1 1 0 0 0 0 0 0 1 0 1 0 1 1 1 1 1 1 1 1 0 1 0 1 0 0 0 1 0 0 1 1 1 1 0 1 0 0 0 1 1 1 1 0 0 
0 1 0 1 1 1 1 0 1 0 0 1 0 0 0 1 1 1 0 0 1 0 0 0 0 1 1 1 0 1 0 0 0 0 1 1 1 0 1 0 0 0 1 1 0 1 0 1 1 0 1 0 0 0 0 0 1 1 0 0 0 0 0 1 0 0 0 1 
0 0 1 1 0 0 0 0 0 0 1 1 0 0 1 1 0 0 1 0 1 1 0 0 1 0 1 1 0 1 0 1 1 1 0 1 0 0 1 0 0 0 1 0 1 0 1 1 0 1 1 0 0 1 0 0 0 1 1 0 0 0 1 0 1 1 1 1 
1 1 1 1 1 0 0 0 1 1 0 1 0 1 1 1 1 1 1 1 0 0 1 1 0 1 1 0 0 0 1 0 1 1 1 1 1 1 1 0 1 1 0 1 1 1 0 0 1 1 1 1 0 0 0 0 1 1 0 0 0 0 0 1 1 1 0 0 
1 0 1 0 1 1 1 0 0 0 0 1 1 1 1 1 0 1 0 1 1 0 1 1 0 1 0 1 1 1 0 0 1 1 0 0 0 1 1 0 1 1 0 1 1 1 0 1 0 0 0 1 1 0 0 1 1 1 1 0 0 1 0 1 0 0 1 0 
0 0 0 1 0 0 0 1 1 1 0 0 1 0 1 0 0 0 0 0 1 1 0 1 0 1 0 0 1 1 0 1 0 0 1 0 1 1 1 0 0 1 0 0 1 0 0 0 0 0 0 1 1 0 0 1 1 0 1 1 1 1 0 1 0 1 1 1 
1 0 1 1 1 0 1 1 0 0 1 0 0 1 1 0 1 1 1 1 1 1 0 0 0 0 0 0 0 1 1 1 0 1 0 1 1 0 0 1 0 1 1 0 0 0 0 0 1 0 1 0 1 1 0 1 1 0 0 1 0 1 0 0 0 1 1 1 
1 0 0 1 1 1 1 0 1 0 0 0 0 1 0 1 0 1 0 1 1 0 1 1 0 1 1 0 0 1 0 1 1 0 0 0 0 0 0 1 0 0 0 0 1 0 1 1 1 1 1 1 0 0 0 0 1 0 0 0 1 0 1 0 1 0 0 1 
0 1 0 0 1 0 0 1 1 1 0 0 0 1 1 0 1 0 0 1 0 1 1 1 1 0 1 0 0 1 1 0 0 0 0 0 0 0 1 1 1 1 0 0 1 1 0 0 1 1 1 1 0 0 0 1 1 1 0 1 1 1 0 1 1 0 1 0 
1 0 1 0 0 1 0 1 1 1 1 0 0 1 0 0 1 0 1 0 0 1 0 1 1 0 0 0 0 0 0 1 0 0 0 0 1 0 1 0 1 1 1 1 0 1 1 1 1 1 0 1 0 0 0 1 0 1 0 0 1 0 0 1 0 0 0 0 
0 1 0 0 0 1 1 0 0 1 0 0 0 0 1 0 0 0 0 0 1 0 0 0 0 0 1 1 0 1 1 1 1 1 1 1 1 0 0 1 1 0 1 1 0 1 0 0 1 0 0 0 0 0 0 0 1 1 1 1 1 0 0 0 0 1 1 1 
0 1 0 1 1 0 1 1 1 1 1 0 1 1 0 1 0 0 1 1 1 1 0 0 1 1 0 1 0 0 0 0 1 1 0 1 1 1 0 0 0 0 0 1 1 0 0 1 0 1 0 1 0 1 0 0 0 0 1 0 0 0 1 0 1 1 1 0 
0 1 0 0 1 0 1 1 0 1 0 0 0 1 1 1 0 1 1 0 0 0 0 0 0 1 0 1 0 1 1 0 1 1 0 0 1 1 1 1 0 0 1 1 1 1 0 1 0 1 1 0 1 1 1 0 1 1 1 1 1 1 0 0 0 0 0 0 
0 0 1 0 0 1 1 1 0 1 0 0 0 1 1 0 0 0 0 1 1 1 1 0 0 1 0 1 1 1 1 1 1 0 0 1 1 1 0 1 1 0 0 1 1 1 1 1 1 1 1 0 1 0 1 1 1 1 0 0 0 1 0 1 0 0 0 1 
1 0 1 0 0 1 0 1 0 1 1 1 1 0 1 0 0 0 1 1 0 0 1 0 1 1 0 1 1 0 1 1 1 0 1 1 1 1 1 1 1 0 0 0 0 1 0 0 0 1 1 0 1 0 0 1 0 0 0 1 1 1 0 0 1 0 1 0 
1 0 1 0 0 1 0 0 1 0 0 1 0 1 1 1 0 1 0 0 0 1 1 1 0 0 1 0 0 0 0 1 1 0 0 1 1 0 0 0 1 0 1 1 0 0 0 0 0 1 0 0 0 1 1 0 1 0 0 1 0 1 1 1 1 1 1 0 
1 1 1 0 1 0 1 1 1 0 1 1 1 1 1 1 1 0 1 0 0 0 0 0 1 1 0 0 0 1 0 1 0 1 0 1 0 1 1 1 1 0 0 0 0 1 1 1 1 1 1 1 1 1 1 0 0 1 0 0 0 0 0 0 0 0 0 0 
1 1 1 1 1 1 1 1 0 1 0 1 0 0 0 1 1 1 1 0 1 1 0 1 1 0 0 1 0 0 1 0 1 0 1 0 1 0 0 1 1 0 0 1 0 0 0 0 0 1 0 1 0 0 0 0 1 0 1 1 0 1 1 1 1 0 0 1 
1 0 0 0 0 1 0 1 1 0 1 1 0 1 0 0 1 1 0 0 1 0 0 0 1 1 1 0 0 1 1 1 1 0 1 0 1 1 1 0 0 0 0 0 1 0 0 0 1 1 1 1 1 1 1 0 0 0 0 0 0 0 1 1 0 1 1 1 
