68 54 2093
51 76 39 5 10 86 35 10 31 4 59 98 19 62 63 58 83 80 16 11 45 75 18 11 48 33 88 65 81 92 53 32 67 91 36 76 76 22 86 59 77 44 56 47 57 70 4 92 49 19 2 93 45 72 
55 92 4 43 8 36 34 60 67 53 2 54 28 30 27 65 88 3 61 43 1 17 12 4 8 13 74 62 57 70 33 12 14 88 6 21 23 91 33 42 43 34 47 23 63 74 87 50 28 47 44 29 16 8 
84 75 20 58 36 76 79 20 87 92 59 44 13 82 35 45 75 77 30 21 99 45 94 38 46 74 36 90 2 3 97 85 78 16 94 65 43 73 85 82 64 43 25 28 76 59 24 2 88 54 23 38 98 68 
27 43 41 63 84 42 65 80 79 94 47 24 59 42 96 95 23 12 37 99 39 65 10 63 66 97 68 40 34 17 8 61 59 48 75 43 42 91 74 20 85 73 95 95 14 91 89 88 2 77 86 92 93 47 
6 59 43 73 98 29 89 57 41 100 5 67 94 98 57 67 69 93 91 63 87 56 53 27 43 6 4 81 50 96 27 55 6 22 28 56 2 16 12 42 15 68 8 8 65 16 27 85 9 69 48 95 25 52 
22 19 10 77 51 59 72 30 13 78 51 92 85 52 8 96 45 74 64 52 34 80 67 12 65 27 80 64 74 4 15 47 75 24 23 25 34 46 54 47 75 56 38 59 59 97 55 3 23 70 6 8 1 25 
19 65 51 50 28 24 6 95 70 80 18 44 4 4 90 10 50 64 17 39 23 76 88 29 78 10 50 36 17 50 60 87 67 10 36 94 86 41 40 55 20 10 51 76 13 40 37 14 55 53 52 29 80 39 
57 58 100 58 45 16 8 4 2 74 65 90 19 50 30 59 57 2 68 7 29 32 46 65 45 100 69 96 29 49 87 37 58 86 95 2 54 54 57 7 79 21 96 97 71 78 7 79 79 26 85 59 57 82 
23 1 33 43 49 13 91 35 2 100 20 48 53 73 1 9 32 79 30 27 27 52 4 34 82 34 59 18 92 68 99 66 68 83 61 16 96 51 2 49 3 22 96 55 46 96 64 29 26 45 56 52 48 11 
37 29 97 96 46 40 15 96 6 34 30 66 50 25 68 3 25 22 24 20 77 22 67 92 50 92 88 57 44 87 20 32 67 68 27 64 7 93 11 64 27 40 81 28 17 1 30 41 22 6 61 50 27 27 
93 28 71 32 37 66 18 8 97 84 75 76 99 81 68 9 45 94 49 25 21 65 25 51 5 99 8 17 48 34 96 93 13 66 24 1 83 42 8 79 77 34 6 28 15 74 36 11 19 36 87 92 100 64 
94 57 62 1 25 61 86 20 53 50 37 29 51 71 70 10 50 98 96 55 25 10 80 13 72 99 48 58 42 100 73 35 8 86 35 32 99 72 4 51 21 92 31 23 63 100 85 12 50 80 18 26 41 50 
90 12 100 38 21 41 89 94 75 96 31 61 27 29 32 82 32 52 74 62 27 36 14 11 99 15 90 16 40 30 17 30 93 16 19 13 56 7 58 82 2 41 42 80 69 25 62 100 29 35 14 55 70 27 
65 68 41 6 35 32 35 52 61 27 19 31 91 75 37 1 56 90 41 50 70 9 74 31 61 2 17 74 8 86 52 72 5 92 77 91 75 63 94 88 41 13 18 84 87 7 84 94 96 24 43 65 84 69 
47 96 22 15 69 30 100 72 53 56 63 82 47 38 96 92 25 37 4 94 72 42 100 55 36 96 30 30 12 65 50 11 61 24 25 81 53 77 53 57 32 67 38 30 4 34 22 80 22 77 26 93 19 25 
99 6 72 80 87 84 44 89 46 4 12 70 37 16 46 89 72 30 55 62 11 11 47 84 42 20 61 67 64 31 44 62 88 15 41 26 98 84 14 95 40 77 65 76 92 62 16 64 91 70 77 54 32 23 
37 74 42 49 40 5 79 83 18 18 50 58 44 99 93 57 94 84 86 58 11 77 71 26 92 62 48 68 67 79 90 3 52 83 52 44 39 82 78 56 100 27 65 95 78 10 3 71 93 88 80 56 65 50 
81 56 63 80 24 29 59 65 32 62 100 35 57 38 16 35 46 67 13 10 61 90 19 16 60 64 3 39 19 67 41 51 75 3 31 50 32 41 14 15 2 65 49 59 55 16 45 100 35 9 9 47 99 80 
62 10 43 65 1 13 31 41 15 57 95 45 6 26 37 72 40 39 36 40 49 90 56 45 89 90 53 50 88 3 81 50 13 23 14 65 87 96 57 1 53 51 98 58 29 86 29 20 24 17 60 24 58 67 
68 99 8 21 48 95 23 28 44 87 2 9 3 40 5 11 92 9 14 89 66 42 75 47 61 50 15 72 26 72 38 93 70 45 65 69 92 40 96 35 26 49 44 81 88 100 91 80 8 4 20 25 97 46 
71 58 48 37 81 73 9 19 17 30 15 82 99 6 21 46 93 98 95 88 78 82 87 21 13 46 24 33 70 73 30 93 30 77 29 62 1 89 80 18 19 47 99 17 52 71 62 96 68 56 83 98 90 21 
18 2 66 93 86 36 65 68 28 46 44 56 8 45 45 39 14 15 85 12 31 89 82 44 84 49 52 19 98 93 39 15 46 5 60 32 92 24 51 19 22 94 26 29 90 22 67 3 88 4 66 18 92 47 
14 75 48 17 45 45 9 84 12 54 40 71 37 31 46 87 1 19 33 78 47 74 52 66 77 39 69 42 9 12 41 22 38 40 38 83 36 98 66 47 51 57 69 40 87 67 26 39 85 10 16 84 84 67 
49 60 6 69 53 14 32 45 87 69 84 76 51 20 73 68 18 75 76 39 14 62 5 40 52 41 49 68 24 84 86 24 43 91 44 48 56 75 92 94 44 28 69 46 47 93 66 16 68 41 54 81 55 10 
72 6 3 73 25 78 56 11 2 51 53 97 98 61 72 41 54 67 68 75 64 66 19 81 34 86 74 39 19 28 1 90 85 3 14 10 80 70 20 33 20 24 82 69 84 5 61 90 71 81 16 86 98 34 
67 31 20 92 70 90 19 22 79 55 76 93 64 55 14 35 40 85 59 21 5 94 77 65 83 47 45 98 84 43 84 2 25 3 93 46 44 63 67 22 70 42 66 33 49 31 20 40 15 30 12 19 75 88 
36 58 86 32 7 69 26 90 23 51 44 67 48 87 30 67 61 99 8 78 83 8 9 54 47 75 35 10 46 10 97 81 19 82 64 25 3 90 67 77 92 62 43 39 1 24 5 61 22 65 38 57 72 98 
62 71 73 97 80 18 6 29 50 76 62 13 52 64 54 18 92 45 32 35 36 32 58 92 92 32 56 81 40 80 31 1 2 3 97 81 72 54 61 21 81 23 85 33 38 39 2 30 83 33 64 70 64 73 
62 7 4 69 40 43 100 70 96 1 72 44 34 95 98 94 15 78 16 51 62 6 89 64 35 24 96 50 93 12 22 54 18 78 75 57 72 74 78 67 75 1 11 8 95 60 53 61 89 21 12 3 26 100 
66 60 23 61 61 16 24 82 21 42 11 95 50 35 21 28 1 95 28 63 54 23 74 6 35 15 26 46 17 3 98 82 14 20 94 74 87 70 8 60 11 70 6 12 4 26 91 57 20 19 19 25 93 45 
31 27 11 8 25 79 63 22 12 76 93 57 50 80 26 9 39 36 78 96 100 82 22 90 38 41 60 8 18 52 4 48 31 14 7 7 44 69 28 55 97 20 12 46 51 37 6 41 25 83 37 76 64 58 
65 53 50 25 61 67 28 16 66 10 82 73 16 25 93 95 80 89 15 43 86 17 31 91 58 55 26 94 30 41 51 47 94 100 71 6 19 50 21 84 60 2 8 27 79 1 22 58 41 88 52 27 4 82 
69 61 89 94 54 70 35 56 16 80 8 38 85 26 88 57 9 99 11 17 25 89 69 46 98 9 33 49 87 89 82 8 49 70 53 55 40 87 10 55 18 17 45 54 42 32 11 3 30 73 71 54 61 39 
52 58 99 36 58 38 24 39 45 25 9 97 79 100 36 88 6 53 57 50 59 50 81 69 52 62 41 22 68 53 12 19 62 11 6 19 48 30 9 44 54 69 40 84 68 27 71 74 80 79 75 38 29 56 
58 80 69 50 54 36 2 65 6 63 27 12 33 26 93 93 69 98 62 61 81 81 87 3 6 18 82 81 7 10 88 64 41 56 65 94 92 18 11 97 32 89 60 64 67 52 9 87 49 70 47 81 2 86 
84 8 3 17 40 62 26 27 77 18 82 42 12 25 59 74 74 91 14 33 6 80 85 14 67 85 35 65 18 37 2 1 96 57 17 35 18 94 61 94 11 94 87 74 19 46 99 92 88 13 24 45 44 60 
11 62 97 45 79 14 33 80 66 28 36 34 62 5 27 74 99 89 68 37 15 38 82 13 29 21 77 4 66 73 16 76 34 12 72 64 77 5 44 42 84 31 75 98 36 53 71 86 93 90 22 7 79 56 
72 7 76 100 63 93 72 30 20 58 41 92 73 17 48 16 10 31 99 84 80 34 36 51 19 28 92 92 87 71 47 10 29 75 9 43 67 33 72 39 42 64 82 14 80 29 30 89 11 80 24 91 13 11 
93 83 91 36 74 77 6 73 86 87 47 46 29 65 78 1 3 19 64 84 33 96 64 14 36 75 93 60 17 57 70 61 91 12 96 64 88 54 88 25 40 34 71 20 51 48 20 53 19 36 89 51 83 52 
16 70 78 60 81 94 16 3 54 6 14 50 21 2 3 9 26 94 94 48 13 44 48 85 97 66 72 85 68 54 88 83 75 66 42 56 59 57 58 65 14 71 66 34 24 20 94 2 13 88 49 77 31 96 
61 79 13 32 15 80 37 55 62 64 20 55 19 30 63 76 46 76 98 11 10 74 82 55 75 94 42 75 23 25 23 83 55 35 67 70 15 55 24 28 18 95 83 36 24 45 63 70 21 13 32 82 86 14 
36 12 59 30 86 81 54 8 16 8 95 82 29 9 88 4 36 6 98 70 93 74 15 8 43 87 72 26 20 57 39 55 20 98 36 5 30 89 65 45 49 59 78 77 19 66 33 6 23 30 76 15 3 42 
74 97 28 45 23 47 53 13 53 72 62 89 77 92 29 93 88 77 3 66 6 21 31 38 26 53 67 53 19 22 94 93 70 73 89 44 71 42 57 24 13 70 64 41 61 92 33 49 21 35 66 26 7 96 
63 85 100 81 37 18 54 83 62 24 55 51 19 26 92 27 1 56 97 64 97 9 55 29 9 75 16 74 52 22 21 66 6 20 47 95 90 52 77 3 27 31 5 46 8 96 72 8 52 20 71 100 29 78 
28 37 4 95 63 8 17 35 73 74 55 71 20 96 23 96 50 49 79 55 46 38 2 18 46 53 89 68 4 17 97 32 6 53 78 20 60 46 54 32 72 60 55 91 55 77 39 57 77 17 11 23 54 12 
92 51 17 80 71 20 49 67 3 6 19 81 25 30 26 30 14 97 90 68 40 96 96 78 52 72 94 62 46 99 26 89 2 42 21 72 13 69 90 16 26 61 48 2 90 25 31 3 74 20 22 13 16 17 
90 19 41 35 81 86 33 58 27 86 51 47 57 63 67 47 30 92 7 77 45 48 54 75 3 27 95 24 39 62 93 28 80 33 14 12 70 46 69 48 84 19 94 40 34 12 38 63 55 44 92 99 44 45 
74 46 23 20 69 61 81 13 40 12 97 53 24 19 50 92 66 33 63 12 25 96 23 62 10 30 58 1 28 1 97 53 98 19 72 18 31 4 31 70 16 27 74 91 45 24 34 63 8 96 74 84 43 48 
46 53 77 55 5 5 7 2 9 4 72 33 21 3 36 51 72 3 30 46 93 26 21 79 88 80 26 61 64 69 9 61 73 85 15 77 41 73 30 50 76 2 82 48 4 69 51 75 24 80 72 68 57 44 
46 45 24 72 57 39 92 17 99 64 54 65 40 94 37 22 95 64 23 28 11 26 49 61 52 72 92 76 39 49 19 37 45 94 8 53 84 99 70 82 14 23 46 5 68 82 26 15 45 48 94 8 73 42 
68 77 65 12 52 56 12 22 44 56 68 3 60 51 53 29 33 66 3 30 70 23 64 96 37 8 95 82 67 20 76 87 96 92 98 47 47 9 68 42 16 35 44 75 38 96 56 70 61 58 51 83 80 14 
78 68 74 24 2 40 43 77 26 38 68 23 84 67 83 4 8 50 90 52 77 27 47 84 48 8 93 99 90 25 12 19 92 85 94 93 25 37 21 50 74 89 25 10 55 59 65 14 61 54 65 89 33 12 
72 80 71 16 78 12 40 42 82 84 26 75 76 2 63 49 4 89 37 80 98 43 90 14 56 50 67 73 90 51 84 13 31 6 29 60 17 68 53 50 51 31 76 79 32 39 27 35 27 15 66 76 57 56 
89 64 5 7 36 47 58 71 59 40 76 87 51 44 7 56 45 57 86 21 35 17 59 13 4 37 27 69 12 35 24 52 51 81 10 86 27 67 9 85 58 84 24 61 80 30 16 24 38 1 44 73 69 54 
37 72 42 64 41 53 50 64 56 100 96 66 86 22 84 94 59 94 29 34 54 60 63 21 84 52 21 79 24 89 85 13 61 26 76 53 31 77 68 86 77 64 3 14 37 87 59 95 80 87 80 85 47 94 
5 82 46 25 12 69 65 96 33 77 22 8 81 4 85 49 89 13 64 92 26 100 30 84 47 9 22 26 93 20 20 97 1 65 73 13 85 89 8 18 66 81 77 46 84 13 46 25 25 9 68 50 9 97 
85 55 57 7 32 49 26 51 97 27 15 21 91 52 9 50 69 26 83 45 24 66 10 69 42 34 78 9 36 38 57 20 44 13 26 75 13 52 26 61 30 92 81 72 43 42 21 63 19 3 60 42 21 69 
63 62 2 92 71 37 29 79 57 24 92 34 98 4 37 23 65 66 67 97 37 61 90 10 24 9 12 83 2 32 51 64 94 52 55 16 41 35 94 49 58 37 82 8 93 19 30 57 36 48 5 73 9 95 
82 32 3 45 14 4 77 16 20 22 19 26 89 59 61 34 7 70 23 89 77 15 59 59 23 94 6 27 18 66 21 99 97 75 96 62 31 24 77 50 45 48 75 85 6 87 18 65 9 92 5 37 6 63 
95 28 56 53 55 26 18 27 76 67 54 71 80 36 94 9 85 90 56 11 74 61 50 44 25 10 35 81 46 41 43 93 68 51 45 74 76 14 53 51 32 6 22 12 41 15 20 77 5 75 39 30 87 40 
73 64 49 60 44 95 100 87 87 19 89 83 93 64 48 97 14 80 2 87 91 94 54 10 22 10 36 60 39 22 100 12 37 100 71 81 94 22 67 32 40 7 66 84 70 14 32 35 93 33 22 83 78 27 
44 51 36 79 63 74 52 62 37 89 13 59 69 59 32 87 90 72 45 56 7 14 69 39 48 13 23 21 95 53 47 90 3 82 20 65 8 23 78 44 11 91 55 31 49 86 69 90 9 13 97 68 78 17 
6 78 29 80 98 23 84 97 64 87 30 83 3 37 6 33 33 68 75 39 51 23 24 19 64 33 84 61 52 61 77 9 90 6 88 40 80 24 36 96 62 17 78 64 54 35 96 38 55 22 76 5 44 51 
75 60 35 58 72 86 71 48 94 60 5 34 99 37 57 86 32 18 3 61 33 8 48 81 97 2 2 72 6 98 74 80 57 9 90 28 94 60 27 40 71 84 25 22 72 81 7 3 50 61 15 82 68 62 
14 64 15 16 87 20 65 61 52 21 21 41 100 66 52 78 5 22 61 29 43 84 61 2 86 62 14 53 96 82 66 9 97 81 76 36 52 40 48 3 12 68 43 63 33 46 41 90 68 53 70 62 37 31 
15 74 92 29 78 87 62 44 48 10 76 23 45 27 63 44 30 26 11 24 89 96 70 81 37 89 33 6 2 21 88 17 47 32 45 24 70 58 67 17 67 42 92 12 21 6 55 2 31 18 25 71 65 46 
51 1 86 36 58 88 56 98 56 54 29 52 78 98 9 96 67 75 90 10 38 10 15 45 11 45 14 87 16 78 85 18 30 22 53 39 61 61 36 16 14 64 67 43 14 27 39 32 54 80 41 91 41 55 
87 3 51 100 41 18 29 25 36 58 99 40 97 59 100 84 75 14 48 93 8 61 72 46 92 25 77 32 15 17 38 54 19 88 53 60 58 34 36 93 43 34 32 91 93 84 75 19 49 22 63 56 34 34 
1 0 1 1 1 0 0 0 1 0 1 1 1 0 0 1 0 1 0 0 1 0 1 1 0 1 0 1 0 1 0 1 1 0 1 0 0 1 0 1 1 0 0 1 0 1 0 1 0 0 1 1 1 0 
1 1 1 1 0 1 1 1 1 0 1 0 1 1 1 1 0 0 1 0 1 0 1 1 1 1 0 0 1 1 0 0 0 1 1 1 0 0 0 1 1 1 1 0 0 0 1 0 1 1 0 0 1 0 
0 0 1 0 0 0 1 0 0 1 1 0 0 1 0 0 1 1 1 0 1 1 1 1 1 0 0 0 0 1 0 0 1 1 0 1 0 1 1 0 1 0 0 1 1 1 0 0 0 1 1 0 1 0 
1 0 0 1 0 0 0 0 1 1 0 1 0 0 1 1 0 0 1 1 1 0 0 1 1 0 1 0 0 0 0 1 0 0 0 1 0 0 1 1 1 1 1 1 1 0 0 0 0 1 1 1 0 1 
1 1 1 0 1 0 0 1 1 0 1 0 1 1 0 1 1 0 0 0 1 0 0 0 0 0 1 1 1 1 0 0 0 1 0 1 1 0 0 1 1 1 1 0 1 1 1 0 1 0 0 1 0 0 
1 0 0 0 1 1 0 1 0 0 0 0 0 0 1 0 1 0 0 0 0 1 1 0 1 1 0 1 0 0 1 1 0 1 1 1 0 1 0 0 0 0 1 0 0 0 0 1 0 0 1 0 1 1 
0 0 0 0 1 0 0 0 1 0 1 0 1 0 0 1 0 0 0 1 0 0 1 0 0 1 1 1 0 0 0 0 1 0 1 0 0 1 1 1 0 0 0 1 0 0 1 1 0 1 0 0 1 0 
0 1 1 1 1 1 0 1 0 1 0 1 1 0 0 0 0 0 1 0 0 1 0 1 0 0 0 1 0 1 1 0 1 0 0 0 0 0 1 0 1 1 1 0 0 1 1 0 0 0 0 0 1 0 
1 0 0 1 1 0 0 0 0 1 0 0 1 0 0 1 0 1 0 1 0 0 1 1 0 1 1 0 1 0 0 0 0 0 1 1 0 1 1 1 1 0 1 0 0 0 1 1 1 0 0 1 0 1 
0 1 0 1 1 1 0 0 1 0 0 0 0 1 0 1 0 1 1 1 1 0 1 1 1 1 1 1 0 1 1 1 0 1 0 0 1 0 0 0 1 0 1 1 1 1 0 1 0 0 1 1 0 0 
0 1 1 1 0 0 1 1 1 1 1 1 1 0 0 1 0 1 0 1 0 1 0 0 1 0 0 0 0 0 0 0 1 0 0 0 0 1 1 1 0 0 0 0 0 0 1 1 1 1 0 1 1 1 
0 0 1 0 0 1 1 0 0 0 0 0 0 0 1 0 1 1 0 0 1 1 0 1 0 0 0 0 1 1 1 1 1 1 0 1 0 1 0 0 1 0 0 0 1 1 0 0 1 0 0 0 1 1 
1 1 1 0 0 0 1 1 0 1 0 0 0 1 1 0 1 0 1 0 0 0 1 0 0 0 1 1 1 0 0 0 0 1 0 0 1 0 1 1 1 0 1 1 1 0 0 0 1 1 0 1 1 0 
0 1 0 1 0 1 1 0 0 1 1 0 1 1 0 1 0 1 1 0 1 0 0 1 0 1 0 1 1 1 1 1 0 1 0 1 1 1 1 1 1 1 1 0 0 0 1 0 1 0 0 0 0 1 
1 1 0 1 0 1 0 1 0 1 0 0 0 1 0 1 0 1 0 0 1 0 0 1 1 1 1 1 0 0 0 1 1 1 1 1 0 1 0 1 0 0 1 0 0 1 0 0 0 0 0 0 1 0 
1 0 0 0 1 0 0 0 1 1 1 0 0 1 0 0 0 0 1 0 1 1 1 1 1 0 1 0 0 0 0 1 0 0 1 0 0 0 0 0 1 1 0 0 0 0 0 1 1 1 1 0 0 0 
1 0 0 0 0 0 1 0 1 1 1 1 1 1 1 1 1 0 0 0 0 1 0 1 0 1 0 1 1 1 1 0 1 0 1 1 0 0 1 0 1 0 1 1 0 0 0 1 0 1 1 1 0 0 
0 0 1 0 1 1 1 0 1 0 0 0 1 1 0 1 1 0 1 0 1 1 0 1 1 0 0 0 1 0 0 1 0 0 0 1 1 1 0 0 0 0 1 1 1 1 0 0 1 0 0 0 1 0 
0 0 1 0 1 0 1 1 0 1 1 0 1 0 1 1 1 1 1 0 1 1 1 1 1 1 1 0 1 1 0 1 1 1 0 0 0 1 0 0 0 1 0 1 0 1 0 1 1 0 1 0 1 0 
1 0 1 1 0 1 0 1 0 1 0 0 0 0 1 0 0 0 1 0 1 1 0 0 0 1 0 1 1 1 0 0 1 1 1 0 0 1 1 1 1 1 1 1 0 1 1 0 1 0 1 0 0 1 
0 0 0 0 0 1 1 0 1 1 1 1 1 0 0 0 1 1 1 0 0 1 1 1 0 0 0 1 1 0 0 1 0 0 0 0 1 1 0 0 0 0 1 1 0 0 1 1 1 1 1 0 0 1 
1 0 1 1 1 0 1 1 0 0 1 0 0 0 1 1 1 0 1 0 1 1 0 1 0 0 0 1 0 0 0 1 1 0 1 0 0 0 0 0 0 1 0 1 0 0 0 1 0 1 1 1 0 0 
0 0 0 0 1 0 1 0 1 0 0 0 0 0 1 0 1 1 0 1 0 0 1 0 1 1 1 0 1 1 0 1 1 0 0 1 0 1 1 0 1 1 0 1 1 1 0 0 1 0 0 1 0 1 
0 1 1 1 1 0 1 0 1 0 0 1 1 1 0 0 1 1 1 1 1 1 1 1 1 0 1 1 1 1 1 1 0 0 1 1 0 0 1 1 0 0 1 0 1 1 0 0 1 0 1 0 1 0 
1 0 0 0 0 0 1 1 1 1 1 0 0 1 0 0 0 1 0 1 1 1 1 1 1 0 1 0 0 0 1 1 1 1 1 1 1 0 0 1 1 1 1 1 0 0 1 0 1 1 0 0 0 1 
1 1 1 1 0 1 1 1 0 0 0 1 1 0 1 1 1 0 0 0 1 0 0 1 1 1 0 1 1 1 0 1 0 1 0 0 0 1 1 0 0 0 1 1 0 0 1 1 0 1 1 1 0 0 
0 1 1 1 0 1 0 0 0 0 1 0 1 1 1 0 1 1 0 0 1 0 0 0 1 0 1 1 1 1 1 0 0 0 1 0 1 1 0 1 1 1 1 0 0 1 1 1 0 1 1 1 0 1 
1 1 1 1 0 1 0 1 1 1 0 0 1 1 1 0 1 0 1 0 1 0 1 0 1 0 1 1 1 1 0 1 1 0 0 1 1 0 1 0 1 1 0 1 0 1 1 1 1 0 0 0 0 1 
0 0 1 0 1 1 1 1 0 0 1 0 0 0 0 1 0 0 0 0 1 0 1 0 0 1 0 0 1 1 1 0 1 1 0 0 0 1 1 0 0 1 0 0 1 0 1 0 0 1 0 1 1 0 
1 1 1 0 1 0 1 1 0 0 0 0 0 0 0 1 0 0 0 0 0 0 0 1 0 1 0 0 0 1 0 0 1 1 0 0 0 1 1 0 1 1 1 1 1 1 0 1 1 1 1 1 1 0 
0 1 1 0 1 1 1 0 1 0 1 1 1 1 0 0 0 1 0 1 0 1 0 1 1 1 0 0 0 1 0 0 0 1 0 1 1 1 1 0 0 1 0 1 0 0 1 0 0 1 1 0 1 1 
1 0 0 1 0 0 0 1 0 0 0 0 0 1 0 1 0 0 0 0 1 1 0 0 1 0 0 1 1 1 0 0 1 1 0 1 1 0 0 0 1 1 0 1 0 0 0 0 0 1 0 1 0 1 
0 1 1 0 0 0 1 1 1 0 0 1 1 1 1 0 1 0 1 0 1 1 0 0 0 1 1 0 0 1 1 0 0 1 0 1 1 1 0 0 1 0 1 1 1 1 1 1 1 0 1 1 1 1 
1 1 0 0 0 1 1 1 1 1 0 0 0 0 1 0 0 1 0 0 0 0 1 1 1 0 1 0 1 0 1 0 0 0 0 0 1 1 1 0 1 0 0 1 0 0 0 0 1 0 0 1 0 1 
0 1 0 1 1 1 1 1 0 1 1 0 1 0 0 1 0 1 1 1 0 1 1 0 1 0 1 0 1 1 1 1 1 1 0 0 1 1 1 1 1 0 1 0 0 1 1 1 0 0 0 1 1 1 
1 1 1 0 1 0 0 0 1 1 0 1 1 1 0 1 0 1 1 1 0 0 1 1 1 1 0 1 0 1 0 0 0 1 0 1 1 0 0 0 1 0 1 1 1 1 0 1 1 1 0 1 1 1 
0 0 1 0 1 1 0 1 1 0 0 0 0 1 0 0 1 0 0 0 1 1 0 1 0 1 0 0 0 0 0 0 0 1 1 0 0 1 1 0 1 0 0 1 1 0 1 1 0 1 1 1 0 1 
0 0 0 1 1 0 1 1 1 1 0 0 1 0 1 1 0 0 1 0 0 0 1 1 1 1 1 1 1 1 0 1 0 1 0 1 1 1 0 0 1 0 0 0 0 1 1 1 0 0 1 0 1 0 
1 0 0 0 1 1 0 0 0 0 1 1 1 0 0 1 1 1 1 1 0 1 1 1 0 1 0 0 1 1 0 0 1 0 1 1 1 1 1 0 1 0 1 0 0 1 1 1 1 0 1 1 1 0 
0 0 1 0 0 0 1 0 0 1 1 1 0 0 0 1 0 1 1 1 1 1 1 0 1 0 0 0 1 0 0 1 0 1 0 0 1 1 0 1 0 1 1 0 0 1 1 0 1 0 0 0 0 1 
1 1 1 1 1 0 1 1 1 1 0 1 1 1 1 0 0 1 1 1 0 1 1 1 0 0 0 0 0 0 1 1 1 0 1 0 0 0 1 1 0 1 1 1 0 0 1 0 1 1 0 1 0 1 
1 0 1 1 0 1 1 1 1 0 1 0 0 1 0 1 1 0 0 0 0 0 0 1 0 1 0 0 1 1 1 0 1 0 1 0 0 0 1 1 0 1 1 0 0 1 1 1 0 1 1 0 1 1 
1 1 1 0 0 0 1 1 0 0 0 1 0 0 1 0 1 1 1 0 1 1 1 0 1 1 1 0 1 0 0 1 1 1 1 1 1 0 1 1 0 1 0 1 1 1 1 0 0 0 0 1 1 1 
1 0 1 0 1 0 0 1 1 1 0 0 1 1 0 0 0 1 1 0 0 0 1 1 0 1 1 0 0 0 1 1 1 0 1 0 1 1 1 0 0 1 1 1 0 1 1 0 0 0 0 0 0 1 
1 0 0 0 0 0 1 0 1 0 0 0 0 1 1 1 0 1 0 1 1 0 0 0 0 1 1 0 1 1 1 1 0 1 1 0 1 0 0 0 0 1 0 0 0 1 1 0 0 1 1 1 1 0 
0 1 1 1 1 0 0 0 1 0 1 1 1 0 1 1 0 0 0 0 0 1 1 0 1 0 1 1 1 1 1 1 0 0 0 0 0 1 0 0 1 0 1 0 0 0 0 1 0 0 1 1 1 1 
1 1 1 0 0 0 1 1 0 0 1 0 0 1 1 0 1 1 0 0 1 1 1 1 0 1 0 1 0 1 0 1 0 1 0 0 0 1 1 0 1 0 0 1 0 0 0 1 1 0 0 0 1 1 
0 1 0 0 1 1 1 1 0 0 1 0 0 1 0 0 1 1 0 1 1 0 1 1 0 0 1 0 1 1 1 1 0 1 1 1 0 0 1 1 0 0 1 1 1 1 1 0 1 1 1 0 0 1 
1 0 1 0 0 0 1 1 1 0 0 0 1 1 1 0 0 1 0 1 0 1 1 1 1 0 1 1 0 1 0 1 1 1 1 1 0 1 0 1 1 0 0 0 1 1 1 1 0 1 1 1 1 0 
0 0 0 1 1 0 0 1 1 1 1 0 0 1 1 0 0 0 1 0 1 0 1 0 0 0 1 1 1 0 1 1 1 1 1 0 1 1 0 0 1 1 0 1 0 0 0 0 0 1 1 1 1 0 
1 1 0 1 0 1 1 1 1 0 0 0 1 1 1 1 1 0 0 0 0 0 0 0 0 0 1 1 0 0 0 1 0 0 0 0 0 0 0 1 0 0 1 1 0 0 0 1 1 0 1 1 0 1 
1 1 0 0 0 0 0 0 1 0 1 0 1 1 0 1 0 0 1 1 0 1 1 0 1 0 1 0 1 1 0 0 0 0 0 1 0 1 1 1 1 0 1 0 1 1 1 1 0 1 0 0 0 0 
0 1 0 1 0 0 1 0 0 1 0 1 0 0 0 0 1 1 0 1 0 0 0 1 1 0 0 0 0 1 0 1 0 0 0 0 0 1 0 1 1 0 0 1 0 0 1 0 1 0 1 1 0 1 
1 1 0 1 1 0 0 1 1 1 0 0 1 0 1 0 1 0 0 1 0 1 1 1 1 1 1 0 0 1 1 1 1 1 1 0 0 1 0 1 0 0 1 0 0 1 0 0 1 0 1 1 1 1 
1 0 0 0 0 0 0 0 0 1 1 1 1 1 0 1 1 1 1 0 1 0 1 1 0 1 1 1 0 1 0 1 1 0 0 0 1 0 0 1 1 1 0 0 1 0 0 0 1 1 0 0 1 0 
1 1 1 1 1 1 0 1 1 1 0 1 1 1 1 1 0 0 1 0 0 0 0 0 0 0 0 0 0 1 0 0 1 1 1 0 1 1 1 0 0 1 1 0 0 0 1 0 0 0 0 0 0 1 
1 0 1 1 1 1 0 1 1 1 1 0 1 0 1 1 0 0 0 1 0 1 1 1 1 1 0 0 1 0 1 0 1 0 1 0 1 0 1 1 1 0 1 1 0 1 0 0 1 0 1 1 1 0 
0 1 1 0 1 1 1 0 1 0 0 1 0 1 1 1 0 0 0 0 1 0 1 1 1 0 0 0 1 1 1 1 0 0 0 1 1 1 1 1 1 1 0 1 1 1 0 1 1 0 1 1 1 0 
0 0 0 0 0 1 0 1 1 0 0 1 0 1 0 1 0 1 1 0 0 0 1 0 1 1 1 1 0 0 1 0 0 0 1 0 1 1 0 0 1 0 1 1 1 1 1 0 0 0 0 0 0 0 
1 1 1 0 0 1 0 0 1 0 0 0 0 1 1 0 0 1 0 1 0 0 1 1 0 1 1 0 0 1 0 1 1 1 1 1 0 1 1 0 1 1 0 1 1 0 0 1 1 0 0 1 0 1 
1 0 1 0 1 1 0 1 0 1 1 1 0 1 0 0 1 1 1 0 0 0 0 0 1 1 1 0 0 1 1 1 0 0 0 1 1 0 0 1 1 1 0 1 1 0 1 0 1 1 0 0 1 0 
0 1 1 1 1 0 1 0 1 1 1 1 0 0 1 0 0 0 0 0 0 1 1 1 1 0 0 0 0 0 0 1 1 0 0 0 0 1 0 1 0 1 1 0 0 0 1 0 1 1 0 1 0 1 
0 1 0 1 1 0 1 0 1 0 0 0 0 0 1 0 1 0 0 0 0 0 1 1 0 0 0 0 1 0 0 1 0 0 0 1 0 1 1 0 1 1 0 1 1 1 0 1 1 0 1 0 0 0 
1 0 0 0 0 1 0 0 1 0 0 1 0 1 1 1 1 0 1 1 0 0 0 0 1 0 0 1 0 0 1 1 0 0 1 0 1 0 1 0 0 1 0 0 0 1 0 1 1 1 0 1 1 1 
1 1 1 1 0 1 1 1 0 1 1 0 0 1 0 1 1 0 0 1 1 1 0 1 0 0 0 1 1 1 0 1 0 1 0 0 0 0 0 0 1 1 0 1 0 0 0 0 1 1 1 0 0 0 
1 0 0 1 1 1 0 1 0 1 0 1 1 0 1 1 1 0 1 1 0 1 0 0 1 1 1 1 1 1 1 0 0 1 1 1 0 1 1 1 0 1 0 0 0 1 1 1 1 0 0 1 0 0 
0 1 1 1 0 0 1 1 0 1 0 1 0 1 1 1 0 1 1 0 1 1 1 1 0 0 1 0 0 1 1 0 1 0 1 1 1 0 1 1 1 1 1 0 0 0 1 0 1 0 0 1 1 1 
0 1 0 1 0 0 1 1 0 0 1 1 1 0 0 0 0 1 0 1 1 0 1 1 1 0 1 1 1 1 1 1 0 1 1 0 1 0 1 1 0 1 0 1 1 0 0 1 0 0 0 1 0 1 
