53 44 1991
29 21 45 61 43 83 59 39 46 64 67 37 65 39 92 35 91 81 79 25 57 76 54 34 59 15 84 44 47 9 3 28 81 47 40 75 30 98 65 27 61 31 63 25 
21 7 12 11 87 90 87 95 17 40 80 76 6 63 19 5 23 73 84 55 20 23 81 1 20 45 27 80 75 41 57 48 47 68 10 85 57 97 31 25 88 10 100 46 
72 19 50 46 91 33 52 62 55 32 14 74 76 92 5 3 33 61 50 31 80 11 68 36 7 98 61 47 60 12 92 31 30 41 29 73 25 80 86 79 12 52 4 39 
43 8 41 27 21 42 10 100 53 77 88 11 26 100 9 85 11 100 68 93 92 48 17 68 27 54 46 90 5 1 29 100 61 21 26 81 63 87 32 67 15 71 77 41 
70 38 77 33 37 96 77 81 43 45 48 22 98 46 11 55 46 91 54 6 64 31 38 26 18 22 44 32 92 72 24 14 9 53 46 98 48 74 78 91 18 77 64 15 
22 74 21 20 17 74 77 80 57 67 57 74 88 52 57 79 23 33 44 32 85 41 29 32 14 6 74 31 34 37 98 56 63 18 27 31 44 3 62 100 69 70 73 8 
21 81 39 43 65 82 74 49 23 54 33 88 11 58 19 45 47 68 52 9 85 78 91 28 32 52 79 53 21 51 60 93 84 50 35 48 32 61 49 6 14 33 93 25 
90 63 21 36 30 72 96 67 1 38 94 32 89 25 36 61 75 96 5 10 97 40 10 28 52 58 85 17 42 78 93 31 40 13 19 22 36 66 88 36 4 33 20 44 
57 55 57 84 2 61 93 99 52 54 78 55 11 63 72 52 92 64 35 31 29 5 52 64 70 39 52 25 24 71 69 80 77 77 63 79 37 8 29 41 61 58 95 24 
20 18 27 63 82 61 94 10 65 97 25 87 88 76 11 11 46 31 42 75 7 5 5 96 12 33 88 72 42 82 95 62 100 22 24 33 34 69 94 51 18 18 37 57 
94 99 19 91 30 60 65 88 64 21 83 75 53 70 99 95 4 45 8 55 66 83 87 52 4 32 2 73 49 90 29 94 88 47 37 69 6 53 57 70 74 39 96 78 
61 46 24 64 91 31 18 8 66 56 59 69 87 12 41 87 53 21 81 93 67 69 61 24 21 69 45 46 60 93 24 20 38 47 83 80 30 52 88 95 7 98 15 93 
62 7 31 14 27 11 6 45 31 19 68 52 87 13 49 46 57 72 65 94 19 99 74 100 50 13 94 8 10 60 52 71 66 83 37 44 45 94 40 76 12 59 79 51 
23 27 96 79 99 13 73 69 63 98 68 13 10 13 72 71 72 24 94 89 58 30 84 2 23 75 29 87 33 7 37 56 86 84 86 36 96 10 4 11 7 23 23 68 
87 46 39 10 21 32 98 78 13 33 32 87 59 60 25 91 19 13 98 4 97 36 39 44 45 94 54 4 68 28 71 54 74 61 63 94 92 12 24 56 96 55 95 54 
14 19 96 32 32 94 87 28 29 25 23 25 70 77 28 37 56 99 42 81 59 4 75 3 67 50 10 62 4 4 67 17 23 63 1 6 8 87 85 88 64 7 12 33 
35 40 70 91 90 63 71 100 67 97 2 85 46 64 47 1 67 65 70 41 27 70 46 86 8 82 73 71 89 85 4 75 76 25 65 17 87 88 16 5 36 70 90 34 
33 88 34 99 4 55 92 31 24 37 16 84 71 41 54 59 25 9 85 52 85 2 68 24 89 83 28 76 52 69 9 84 8 95 35 12 1 26 94 25 14 9 60 84 
49 13 94 25 74 79 28 58 80 47 81 20 30 61 95 33 81 56 69 89 2 55 100 2 32 93 78 45 53 37 81 54 2 26 30 27 4 58 84 35 4 17 6 85 
29 1 70 9 8 90 49 61 44 48 14 75 92 92 71 97 80 3 2 33 29 31 59 84 40 95 71 96 63 76 32 91 28 1 51 87 42 100 47 37 99 61 63 43 
4 34 39 83 88 40 68 16 22 26 52 62 72 22 9 34 49 40 76 77 93 27 63 34 78 62 23 28 22 85 70 77 70 60 11 58 51 78 25 73 56 76 86 27 
49 94 61 50 85 88 26 29 14 40 15 43 1 37 71 74 21 92 50 91 52 61 48 54 38 72 78 45 100 63 72 100 8 32 49 45 71 26 73 37 66 87 79 18 
23 1 92 96 93 93 86 96 5 85 49 95 8 27 39 59 41 10 11 1 93 59 45 64 37 17 100 2 56 30 71 30 31 62 25 23 7 62 70 11 46 18 5 6 
96 44 64 37 53 74 37 98 85 33 61 21 1 60 74 56 41 44 86 71 58 62 45 64 24 14 26 21 84 31 78 79 26 42 67 30 67 55 27 3 87 87 75 88 
98 48 95 39 44 80 9 53 94 6 68 17 19 93 89 54 75 67 33 100 60 51 30 78 6 56 81 92 95 55 31 92 55 26 82 50 57 43 2 50 48 69 18 18 
61 7 72 88 73 56 87 84 58 68 61 63 76 93 7 70 100 89 13 54 14 47 3 23 89 56 72 88 24 90 57 36 48 28 23 72 35 62 55 45 81 67 7 56 
60 65 77 59 54 42 12 19 88 66 41 28 21 13 15 96 54 71 31 1 51 6 24 37 67 78 81 47 44 40 55 3 56 31 13 9 72 24 80 11 41 20 38 13 
84 4 60 89 27 91 41 77 48 64 65 66 93 98 12 37 37 18 91 92 49 4 53 72 79 32 35 72 3 72 36 39 28 96 27 54 38 68 82 85 83 46 50 76 
95 13 64 31 31 54 75 31 9 79 54 40 62 88 63 64 12 98 2 39 93 81 92 30 100 73 66 82 70 15 57 65 28 20 47 58 26 73 40 86 51 93 77 12 
81 39 28 92 89 81 30 81 13 73 63 12 45 28 94 14 43 2 30 22 74 77 31 51 1 70 88 52 62 65 15 94 55 94 37 43 27 66 76 39 38 38 51 34 
17 44 100 11 97 81 32 70 57 14 72 10 83 60 61 97 24 27 90 30 73 27 73 99 44 48 37 34 37 87 19 5 82 18 16 31 99 99 100 7 13 72 16 47 
83 28 95 6 7 85 87 79 63 59 29 58 58 65 91 46 4 62 51 85 79 18 15 29 68 67 88 32 90 55 79 72 83 73 29 41 9 15 71 23 26 99 81 83 
63 23 29 66 84 31 3 15 48 69 95 67 35 82 99 76 37 77 99 71 1 27 11 10 94 81 32 19 79 64 53 93 87 33 11 22 63 13 88 62 81 83 29 68 
64 27 95 100 55 94 22 55 20 32 16 65 64 100 83 94 63 88 39 1 20 49 23 35 61 62 96 93 44 76 12 8 54 7 59 8 100 81 15 71 64 30 36 80 
29 70 73 44 9 63 44 29 11 18 63 23 80 10 68 23 86 79 82 39 85 93 99 36 25 13 59 88 42 46 19 23 67 44 66 76 6 9 4 17 79 18 91 10 
27 58 84 64 37 66 55 73 10 53 61 34 65 19 73 58 64 92 80 30 35 45 5 92 6 60 8 36 77 51 45 56 8 28 71 44 45 77 69 54 29 29 39 45 
47 12 3 10 55 34 91 89 79 96 80 36 7 40 71 36 90 15 43 49 94 13 93 39 90 13 44 70 41 83 67 39 46 69 100 100 2 90 88 32 37 19 67 96 
10 89 31 51 55 73 100 49 37 44 39 78 56 82 100 48 16 66 38 61 86 37 60 39 78 99 71 67 70 89 62 79 78 92 30 32 16 81 32 4 24 70 34 79 
4 33 78 71 50 15 32 35 3 43 25 80 42 95 46 11 36 7 41 65 50 22 48 17 2 80 73 25 1 6 55 56 90 84 27 91 98 10 77 100 52 1 32 45 
48 77 7 83 36 100 47 37 21 46 6 23 25 30 99 26 35 6 33 76 89 59 66 39 20 94 90 72 94 21 68 41 50 27 75 37 26 73 25 46 19 30 20 43 
11 71 20 45 76 5 72 16 63 89 54 83 82 44 6 28 16 25 68 65 51 95 53 76 67 78 74 37 59 45 32 70 15 51 66 42 7 90 58 70 78 11 4 12 
6 61 39 22 85 6 38 36 52 91 63 19 20 36 55 78 33 86 99 47 89 17 89 95 6 46 16 83 8 71 94 14 31 32 87 16 90 24 3 41 14 65 11 85 
53 18 63 85 55 13 31 95 29 71 42 34 68 9 17 28 80 62 41 10 46 79 77 35 2 79 27 68 44 38 52 96 7 66 32 61 31 14 8 59 85 49 45 4 
57 13 31 88 74 71 98 19 1 74 5 3 5 32 22 48 21 73 95 27 91 78 39 21 91 46 31 75 46 75 31 3 87 61 90 61 84 39 31 84 65 36 86 69 
67 7 68 39 32 14 65 22 91 3 94 81 49 24 8 94 99 38 48 37 98 90 49 81 80 80 17 44 67 2 64 85 61 83 23 44 96 87 65 86 41 10 19 41 
33 78 35 83 15 34 72 64 75 20 97 55 51 13 50 17 14 66 53 26 48 75 69 44 13 85 81 54 94 51 94 79 28 80 13 94 66 84 58 40 4 54 46 6 
66 96 23 31 61 75 9 8 2 77 3 14 14 36 67 59 86 13 37 66 44 2 59 9 85 16 49 40 21 94 46 38 41 20 21 1 46 29 61 47 57 15 61 70 
50 79 29 88 43 17 53 87 18 11 95 55 79 95 46 99 41 43 37 81 62 57 34 8 37 46 6 93 60 18 63 62 97 43 1 91 59 53 77 29 15 24 83 93 
18 28 44 10 23 32 91 84 40 76 43 76 21 1 20 32 18 34 45 66 76 45 57 87 97 85 15 64 8 49 8 78 28 51 87 50 34 29 34 73 4 28 100 76 
28 72 60 46 5 4 63 33 1 19 71 49 4 85 12 63 33 20 40 12 22 27 62 56 7 47 80 11 74 32 38 54 3 97 51 59 53 13 43 53 32 13 1 87 
97 65 49 81 84 89 93 57 67 6 12 73 52 44 35 77 27 25 30 81 73 80 39 25 45 34 29 76 46 82 14 95 46 62 27 81 2 71 37 20 76 1 45 79 
96 31 56 22 55 85 2 28 17 92 4 61 25 33 88 23 66 1 17 63 14 95 95 68 66 31 39 93 83 35 72 78 66 27 51 20 63 52 99 79 96 3 91 20 
87 30 42 4 30 10 66 96 57 60 15 74 42 5 66 77 40 37 54 57 15 5 76 78 8 27 8 3 29 51 75 67 80 68 70 62 78 35 9 86 46 75 59 39 
0 1 0 1 0 0 1 0 0 1 1 1 1 1 0 1 1 0 1 0 1 0 1 0 0 1 1 1 1 1 1 0 1 0 1 1 0 1 1 0 0 1 1 1 
0 1 0 1 1 1 1 1 1 1 1 1 0 1 0 0 0 1 0 1 1 1 0 1 0 0 1 0 1 1 1 1 0 1 0 0 0 1 1 1 0 0 0 1 
1 0 1 0 0 1 1 1 0 0 1 1 0 0 1 1 1 1 0 0 0 0 0 1 1 1 0 0 1 1 1 1 1 0 1 1 1 0 1 1 0 0 0 0 
0 0 1 0 1 1 0 1 1 0 0 1 1 1 1 0 0 0 1 1 0 0 1 1 1 0 0 1 0 1 0 0 1 1 0 0 1 0 1 0 0 0 1 1 
1 0 0 1 0 1 0 0 0 1 1 1 1 0 0 1 1 0 0 0 0 0 0 1 1 1 1 1 1 1 1 0 1 1 1 0 0 0 0 0 1 0 1 1 
0 0 0 1 0 0 1 0 1 1 1 0 0 1 1 0 0 0 0 1 1 0 1 0 0 0 0 1 0 0 0 0 0 1 1 0 1 0 1 0 1 0 0 1 
1 0 1 1 0 0 1 0 0 0 0 0 0 0 1 0 0 0 0 0 1 1 1 0 1 0 1 0 0 1 0 0 1 1 1 0 1 0 0 1 1 0 1 1 
0 1 0 1 1 0 1 0 0 0 0 1 0 1 0 1 1 0 1 0 1 0 0 1 1 0 0 0 0 0 1 1 1 1 0 0 0 1 0 0 0 0 1 0 
0 1 1 1 1 0 1 1 1 0 0 0 0 0 0 1 0 1 0 1 1 0 1 1 1 1 1 1 0 0 0 0 0 1 1 1 0 0 0 1 0 0 1 1 
1 1 0 1 0 0 1 1 0 0 0 1 0 1 1 0 0 1 0 0 0 1 1 0 1 0 1 0 0 0 1 1 1 1 1 0 1 0 1 1 0 0 0 0 
1 1 0 1 0 0 1 1 1 1 1 1 1 1 1 1 1 0 1 1 1 0 1 0 0 0 1 0 0 1 1 0 1 1 1 1 0 1 0 1 0 0 0 1 
1 1 0 0 1 1 1 0 1 0 0 1 1 1 0 1 1 1 1 0 0 1 1 0 0 0 0 0 0 0 1 1 0 1 1 1 1 1 0 0 1 0 0 0 
0 0 0 1 1 1 1 1 0 0 0 0 0 0 0 0 0 1 1 0 1 1 0 0 0 0 0 1 0 0 0 0 0 0 1 1 1 0 1 0 1 1 0 1 
1 1 0 1 0 1 0 1 0 0 1 0 0 0 0 0 0 0 1 1 0 0 0 1 1 1 1 0 0 0 1 1 1 1 1 1 1 1 1 1 1 0 0 1 
0 0 1 1 0 0 0 0 1 0 1 0 0 1 0 0 1 1 0 0 1 1 1 0 0 0 1 1 1 1 0 1 1 1 0 1 0 0 1 1 1 1 1 1 
0 1 1 1 0 1 1 1 0 0 1 0 1 1 1 0 0 1 1 0 1 0 1 1 0 1 0 1 0 1 0 0 0 0 1 0 1 0 0 0 0 1 0 1 
0 0 1 1 1 1 1 0 1 0 1 1 1 1 1 1 0 1 1 0 1 0 1 1 0 1 1 1 0 1 0 1 1 0 0 1 1 1 1 0 1 1 1 1 
0 0 0 1 0 0 1 1 0 0 0 1 1 1 0 0 1 0 1 0 0 1 1 1 0 1 1 1 0 1 0 0 1 1 1 1 1 1 1 1 1 1 0 1 
1 0 1 0 1 0 0 1 1 0 1 1 1 0 0 1 1 1 1 1 0 1 0 1 0 1 0 1 1 1 0 0 1 1 0 0 1 0 0 0 0 1 1 1 
1 0 0 1 1 0 0 1 1 0 0 1 0 0 0 1 1 1 1 1 0 1 1 0 1 1 0 0 0 0 1 0 0 0 1 1 0 1 0 1 1 0 0 1 
0 0 0 0 1 1 1 0 0 0 0 0 0 0 0 0 0 1 0 0 1 1 1 1 0 1 0 0 1 0 1 0 1 0 0 0 1 1 0 0 1 0 0 1 
1 0 0 1 1 0 0 1 0 1 0 0 1 1 0 0 1 0 0 0 0 0 1 1 1 1 1 1 0 1 0 1 1 0 0 1 1 0 0 1 0 0 1 1 
1 0 1 1 0 0 1 0 0 0 1 0 0 1 1 0 0 1 1 0 0 1 1 1 0 1 0 0 1 1 1 1 1 0 0 1 0 1 1 1 0 1 1 0 
0 0 0 0 1 1 0 1 0 1 0 0 0 0 0 0 0 1 1 1 0 1 1 0 0 0 1 0 1 0 0 1 0 0 0 0 1 0 1 0 0 0 0 0 
0 1 0 0 0 1 0 0 0 1 1 1 1 0 1 1 1 0 0 1 0 0 1 0 1 1 0 1 1 0 1 1 1 0 0 0 1 0 0 0 1 1 1 0 
0 0 1 1 0 0 0 1 0 0 1 1 1 1 0 0 1 0 1 1 0 1 1 1 1 1 1 0 1 0 1 1 1 0 0 1 0 0 0 1 0 1 0 1 
0 1 1 0 1 1 1 1 0 0 0 0 1 0 0 0 0 1 1 1 0 1 1 0 0 1 1 0 1 0 0 1 1 1 1 0 0 0 1 1 0 1 1 0 
1 1 0 0 1 0 1 1 1 0 1 1 0 1 0 1 1 0 0 0 1 0 0 0 0 1 1 1 0 0 1 0 1 1 0 0 1 1 1 1 0 1 0 0 
0 0 1 1 0 1 1 0 1 1 0 0 0 1 1 0 1 0 0 0 1 0 1 1 0 0 0 0 1 0 0 1 1 1 0 1 0 1 1 0 0 1 0 0 
0 1 1 1 1 1 0 0 0 1 1 0 1 1 0 1 0 0 0 1 1 1 0 1 0 0 1 1 1 1 1 0 0 0 1 1 0 1 0 0 0 1 0 0 
1 0 1 1 0 1 0 1 0 0 0 1 0 0 0 0 1 1 0 0 0 1 1 0 1 1 0 1 1 0 1 0 0 0 1 0 0 1 1 0 1 1 1 0 
1 1 0 1 1 0 1 1 1 0 1 0 0 1 0 1 1 1 1 1 0 0 1 0 1 0 0 0 1 0 0 1 1 0 0 0 0 1 1 0 1 0 0 1 
1 0 0 0 0 1 1 0 1 0 0 0 0 0 1 0 0 1 1 0 0 1 0 0 0 0 0 1 0 1 1 0 1 1 0 1 1 0 1 0 0 1 1 1 
0 0 1 0 1 0 0 1 1 1 0 1 1 0 0 1 1 1 1 1 1 0 0 0 0 0 0 0 1 1 1 1 1 0 0 1 0 0 0 1 1 0 0 0 
1 1 0 0 0 1 1 1 1 0 1 1 0 0 0 1 1 1 1 1 0 1 0 0 1 0 0 1 1 0 1 0 1 1 0 0 1 0 1 0 0 1 0 0 
1 0 1 0 1 0 1 1 1 1 0 1 0 0 0 1 0 1 1 0 1 1 0 0 1 1 0 1 0 0 1 1 0 1 0 0 1 1 1 1 1 1 0 1 
1 0 0 0 1 1 0 0 0 0 0 0 1 1 1 0 1 1 1 0 0 1 0 1 1 1 0 0 1 0 1 0 0 1 0 0 0 0 0 0 0 1 0 0 
0 0 0 1 1 1 1 1 1 1 0 0 1 1 0 0 1 1 0 0 0 1 0 0 1 0 0 0 1 1 0 1 1 0 1 0 1 0 1 0 0 1 0 1 
0 0 1 0 1 1 0 1 0 0 1 0 0 0 0 0 1 0 1 0 0 0 0 1 1 1 0 1 0 0 0 1 1 1 1 0 0 1 0 1 1 1 1 1 
1 1 1 0 1 1 0 1 1 0 0 0 1 0 1 0 1 1 1 0 0 0 0 1 1 0 0 0 0 1 1 1 0 1 0 1 0 0 0 1 1 0 0 0 
1 1 0 0 1 1 0 1 1 0 0 0 1 0 0 1 1 0 0 1 1 0 0 1 1 0 0 0 1 0 0 0 0 1 0 1 0 0 0 0 0 1 0 1 
1 1 0 1 1 1 0 0 1 1 1 0 1 1 0 0 0 1 0 0 0 0 1 0 0 1 0 1 0 1 0 0 0 1 1 1 0 1 1 1 0 0 0 0 
1 0 0 1 1 1 1 1 1 0 0 0 0 0 1 0 1 1 0 1 0 1 0 0 1 1 0 1 1 0 1 1 0 0 0 0 1 0 1 0 0 1 0 0 
0 1 1 1 1 1 1 1 1 1 0 0 1 0 1 0 0 1 1 0 1 0 0 0 0 0 0 0 1 1 1 1 0 0 1 1 1 0 1 0 1 1 0 0 
1 0 1 1 1 0 1 0 0 0 0 0 0 0 1 1 1 0 1 0 0 0 1 1 0 0 0 1 1 0 0 0 0 1 1 1 1 1 1 0 1 1 0 1 
0 1 0 1 1 1 1 1 1 1 1 1 1 1 1 1 1 1 1 0 0 1 1 1 0 1 1 1 0 0 0 0 1 0 0 1 0 1 0 1 0 1 1 0 
0 0 1 0 1 0 0 1 1 1 0 1 0 0 0 1 0 0 1 1 1 1 0 1 1 1 0 1 0 1 1 1 1 0 1 0 1 1 1 0 0 0 0 1 
0 0 0 0 1 1 1 0 1 0 1 0 1 1 1 1 1 1 0 0 1 1 1 0 0 0 1 1 0 1 0 0 1 0 0 0 1 0 0 0 0 1 0 1 
1 0 0 0 1 1 0 0 0 1 1 1 0 0 0 0 1 0 1 0 0 1 1 1 1 1 0 1 1 0 0 0 0 1 0 1 0 0 0 0 0 1 1 0 
1 1 0 0 1 1 0 1 1 1 1 0 1 1 0 0 1 0 0 0 1 0 1 1 0 1 0 0 0 1 0 1 1 1 1 0 0 0 0 1 1 1 0 0 
0 0 0 1 0 0 1 0 0 1 1 1 0 1 1 1 1 0 0 0 1 0 0 1 0 0 1 1 1 1 0 1 1 0 1 1 1 0 1 1 1 1 0 0 
0 0 1 1 0 1 1 1 1 0 0 1 0 1 1 0 0 1 1 1 1 0 1 0 1 0 0 0 1 0 0 0 0 1 1 0 1 1 1 0 1 0 0 1 
1 1 1 0 0 1 1 1 1 0 0 0 1 0 1 0 0 1 0 1 1 0 1 0 1 1 0 0 1 0 1 0 1 1 0 1 0 0 1 1 0 1 0 1 
