51 63 322
42 71 10 58 34 59 31 29 11 87 93 53 48 27 45 82 36 33 18 28 38 23 65 80 10 9 5 25 65 74 71 7 44 80 16 29 90 46 9 100 84 1 4 31 27 48 65 63 81 82 90 70 4 6 1 66 14 5 42 31 78 12 37 
73 44 4 1 85 49 9 85 84 61 40 67 40 88 83 54 20 64 95 41 19 1 41 36 66 98 78 96 75 41 84 100 36 87 52 21 87 13 57 71 73 96 89 12 35 71 65 6 34 60 46 4 12 39 40 77 36 69 25 62 61 8 61 
49 95 65 69 81 77 77 3 49 24 91 13 59 61 29 64 46 88 62 50 51 52 41 28 87 61 52 100 73 11 13 21 5 77 89 38 53 65 40 53 89 31 65 99 43 94 14 89 33 27 90 84 78 82 63 16 42 66 16 14 76 80 35 
81 8 75 70 60 92 9 64 32 91 29 82 34 74 95 74 58 22 63 93 99 44 55 67 37 20 82 2 96 13 88 28 20 15 97 31 6 57 94 89 100 74 70 33 47 16 58 57 37 72 49 88 67 56 54 3 75 87 56 22 99 44 1 
18 58 49 48 15 6 41 3 5 67 24 89 65 39 98 21 76 69 22 15 35 77 68 89 3 54 44 25 4 39 77 21 96 78 20 62 83 12 64 39 78 87 79 43 78 28 15 5 96 36 19 82 12 86 70 15 91 65 91 46 4 19 18 
99 96 37 61 30 100 76 20 78 15 98 72 92 25 38 48 72 74 66 53 85 3 74 51 45 39 93 90 42 12 7 92 7 95 4 89 94 32 8 23 98 58 94 41 82 32 88 6 57 53 10 93 55 84 44 51 74 88 40 67 99 46 58 
58 40 14 46 85 97 5 8 94 62 53 34 96 36 73 1 92 25 10 85 31 45 80 81 18 67 72 84 18 17 94 27 8 7 72 92 55 76 99 48 90 4 33 85 39 5 85 31 81 46 67 63 91 98 95 60 16 66 96 33 34 89 59 
41 47 82 84 1 10 35 100 99 38 32 35 28 88 19 10 68 16 76 82 58 25 76 18 41 41 13 25 26 53 84 66 99 17 1 51 78 35 50 28 24 33 62 52 20 32 61 39 48 89 20 57 13 47 26 53 87 90 78 12 42 13 29 
92 81 81 42 11 68 91 38 91 75 52 94 94 83 7 84 82 95 3 39 59 49 64 64 87 54 93 50 95 57 30 39 89 11 80 99 30 23 89 72 97 40 66 91 74 24 26 56 18 81 46 28 29 9 91 68 14 35 69 61 91 99 99 
80 61 78 30 90 100 18 61 97 57 78 39 31 1 16 38 70 96 83 98 77 91 40 44 57 27 64 17 17 62 67 48 74 44 78 63 96 95 76 44 4 5 34 86 6 49 23 75 45 5 24 21 47 16 16 3 42 79 71 10 93 37 10 
66 33 87 81 28 33 8 23 88 12 56 73 69 56 47 96 52 3 19 72 50 86 39 4 79 70 27 41 62 63 50 79 47 88 11 26 72 70 48 60 82 55 84 2 63 31 97 14 33 68 38 34 53 28 90 84 97 16 24 10 30 25 89 
77 12 51 2 83 73 2 94 6 8 78 7 70 60 4 36 44 71 73 30 75 100 19 58 97 34 33 6 63 57 46 91 20 49 45 3 21 46 48 26 5 77 32 75 88 87 62 32 57 34 61 32 85 31 41 81 64 74 39 78 82 36 21 
2 36 65 56 8 62 3 33 66 80 17 92 67 55 53 50 12 38 62 95 23 92 87 55 7 60 93 85 94 81 5 95 16 21 50 76 34 52 8 99 83 76 43 2 83 47 51 94 85 65 40 59 56 26 13 63 38 58 99 31 38 3 77 
5 75 26 80 8 29 40 58 64 67 52 65 49 99 67 94 35 31 85 93 87 11 5 49 100 62 47 82 51 1 58 8 27 35 87 34 63 78 43 26 45 95 42 45 93 9 39 27 39 23 71 77 85 27 77 36 89 75 17 91 75 26 98 
53 60 37 86 75 14 29 52 10 75 94 7 67 2 97 45 92 71 15 69 56 41 45 43 81 20 12 24 46 37 73 51 97 9 88 23 75 16 74 36 90 67 42 8 20 38 4 12 9 18 32 16 11 76 10 43 47 21 66 45 58 39 95 
6 99 82 28 25 50 1 61 91 20 54 51 39 44 54 50 52 24 81 19 34 9 28 28 7 49 46 3 58 36 97 63 34 31 42 59 32 94 71 22 13 24 24 52 67 78 53 70 1 86 40 86 46 20 13 52 68 10 55 77 45 3 91 
79 33 32 89 16 25 59 38 90 34 61 93 1 90 97 70 90 82 62 27 27 81 40 31 100 1 37 76 46 39 66 76 24 49 64 39 25 74 28 14 7 41 58 7 30 55 29 72 36 90 98 15 70 89 45 69 90 33 96 87 71 61 62 
46 61 25 85 85 98 64 51 56 4 8 63 86 62 43 9 50 84 58 16 53 99 12 73 88 44 68 74 14 80 87 60 40 11 96 24 60 59 74 15 15 34 29 52 95 71 60 96 54 69 11 58 67 22 30 6 17 49 79 83 28 17 94 
67 27 89 43 38 99 16 5 65 1 33 16 48 56 27 43 61 48 6 19 14 79 100 20 96 49 50 78 28 67 71 95 93 11 89 83 61 4 87 26 5 19 93 4 26 72 46 87 19 3 5 32 82 56 3 29 56 53 6 84 19 28 30 
63 90 18 45 50 73 31 27 29 2 72 32 27 43 78 13 13 80 69 96 13 77 99 41 32 51 98 15 69 25 96 83 66 13 28 16 38 10 42 66 63 65 98 90 7 27 54 71 58 75 67 71 51 65 63 34 67 61 49 87 37 96 69 
3 9 48 70 46 58 11 63 20 28 60 61 34 38 67 57 96 93 23 18 43 39 80 76 5 92 76 91 29 72 11 31 32 59 100 29 16 62 43 87 89 55 100 75 92 18 31 39 10 5 8 4 43 88 31 99 31 59 89 59 30 99 41 
13 57 40 93 24 54 35 63 94 89 14 68 33 31 50 71 40 54 79 95 96 18 25 94 48 83 34 59 64 85 99 28 93 39 72 69 44 59 31 37 47 44 57 31 26 6 54 17 60 32 11 7 1 87 53 100 70 38 58 85 22 57 65 
67 47 36 35 90 94 17 78 93 60 34 75 85 40 28 53 51 59 63 9 11 49 61 11 70 51 20 7 24 28 71 90 74 58 76 15 4 92 93 96 3 78 70 39 69 98 91 19 8 53 28 71 54 40 33 75 90 52 81 14 80 3 55 
5 61 31 20 64 22 64 11 77 93 32 15 62 81 6 80 41 10 59 11 15 51 95 90 40 98 70 5 29 73 60 34 85 90 5 100 63 20 10 39 12 93 6 73 74 11 5 14 72 63 76 87 13 70 76 5 67 97 9 96 21 68 81 
5 9 85 56 72 56 65 62 67 58 67 92 83 29 96 96 1 10 23 39 75 92 66 79 10 14 39 57 35 59 37 91 67 73 47 90 28 63 4 47 72 70 38 54 51 85 1 3 94 23 41 68 66 58 98 76 71 37 84 57 95 73 48 
13 45 46 3 25 8 58 23 80 79 60 33 29 44 34 31 89 56 23 57 22 32 54 49 3 42 32 11 36 4 58 49 1 3 3 77 63 60 99 42 90 10 74 19 5 59 1 93 67 76 1 40 59 7 88 13 48 71 24 84 27 81 84 
79 36 86 55 98 97 5 39 38 14 64 56 70 75 9 62 41 36 15 80 94 21 19 7 68 41 30 51 19 62 86 97 97 23 3 46 71 7 36 9 72 52 16 41 26 24 55 18 59 69 49 5 89 19 11 8 59 92 11 30 53 96 26 
2 19 81 99 89 39 35 97 63 86 13 3 11 88 9 80 99 29 28 3 69 46 65 77 4 56 87 85 60 82 63 13 52 43 12 93 81 46 41 43 83 5 98 45 93 58 24 43 87 51 45 55 96 9 31 51 16 69 36 75 3 98 40 
54 92 51 98 24 48 39 19 30 43 16 74 87 73 97 29 11 99 73 66 94 33 48 96 100 17 83 27 19 32 66 24 23 16 22 47 15 60 65 44 54 32 69 41 56 65 69 67 63 94 84 8 78 31 55 78 47 38 4 17 69 69 41 
44 36 14 90 50 25 6 93 78 37 61 18 92 77 39 10 91 32 93 50 61 24 4 38 22 93 41 91 14 61 83 57 48 96 98 97 20 55 41 49 91 53 67 34 81 57 96 23 88 88 72 100 63 28 38 37 72 30 27 85 43 61 93 
90 8 90 87 27 44 79 75 86 84 93 72 64 49 67 87 88 54 58 88 69 37 25 5 9 6 83 93 48 43 38 38 2 27 76 28 23 6 54 60 89 99 31 53 47 97 91 87 3 100 74 23 37 50 27 97 7 61 41 55 55 78 44 
56 57 71 35 79 76 40 90 17 38 21 21 37 69 11 23 23 62 48 45 98 49 23 94 55 83 87 61 89 64 4 44 20 26 30 50 54 70 40 70 59 12 90 95 32 52 69 55 13 16 99 63 64 22 8 19 56 94 79 45 58 35 40 
29 60 70 79 65 39 70 34 97 81 75 44 12 26 12 66 91 28 17 53 43 38 12 13 93 6 92 89 63 78 29 91 89 98 21 54 88 90 39 36 70 14 79 34 91 91 51 33 70 67 85 12 56 97 25 49 54 68 89 68 45 17 10 
85 66 31 38 53 20 77 89 42 42 67 75 32 9 25 17 78 44 1 90 99 49 14 99 2 81 88 21 77 56 31 61 22 61 51 74 32 79 14 73 20 33 99 3 41 76 19 19 19 72 60 17 72 73 16 26 5 55 46 33 10 76 45 
31 36 95 57 68 73 22 92 92 54 43 47 47 18 65 65 88 88 24 56 60 48 23 85 4 77 30 36 87 6 80 69 93 75 77 12 99 99 56 43 4 98 89 50 67 53 66 54 41 89 9 52 88 32 36 91 8 17 78 46 74 58 67 
19 84 43 30 34 93 85 76 97 34 64 98 100 69 64 53 61 4 14 12 92 45 99 34 4 15 12 2 89 21 68 7 56 62 88 89 55 25 65 3 58 28 100 58 96 15 62 56 19 75 19 10 19 17 43 75 32 6 76 72 26 95 30 
81 56 17 70 62 41 34 16 99 13 68 8 61 82 69 68 100 44 87 61 14 55 56 88 86 61 15 9 39 9 38 19 17 7 40 30 47 25 46 97 90 65 56 50 46 25 17 98 20 55 10 33 10 17 73 47 30 87 56 68 48 45 38 
16 51 30 45 50 54 42 98 43 6 54 44 4 30 13 53 49 67 62 81 76 79 5 75 8 92 30 27 91 26 64 6 77 93 2 78 99 44 75 93 1 80 37 4 9 49 56 57 67 18 90 43 48 94 69 7 85 50 33 27 75 48 84 
3 93 86 80 43 29 7 35 29 86 23 85 95 23 40 51 90 9 92 84 56 86 52 14 22 1 46 49 75 46 32 78 90 17 9 32 97 15 18 78 53 41 62 47 63 1 49 4 62 41 87 17 26 38 31 47 90 28 47 17 73 31 46 
14 47 54 45 96 21 63 25 73 55 86 19 17 38 19 73 51 59 59 68 36 49 50 35 38 29 81 54 54 11 99 67 10 5 12 57 25 26 81 97 80 18 67 48 7 37 20 58 96 79 77 83 79 26 17 16 6 50 22 59 60 72 26 
21 76 37 77 52 14 9 100 93 26 66 40 85 55 60 42 50 90 18 84 68 95 1 35 100 50 56 59 61 28 84 82 55 72 10 7 37 19 58 29 44 24 20 28 78 79 21 79 20 38 62 39 84 14 74 84 63 81 94 24 8 29 57 
15 52 66 73 88 84 30 16 80 5 35 59 34 66 80 12 37 69 26 76 53 39 1 88 54 81 81 29 89 9 85 55 60 2 27 99 86 56 14 17 61 100 75 46 17 6 58 6 75 35 81 79 25 81 66 30 61 46 58 1 6 94 7 
17 96 33 15 33 41 80 1 53 31 75 98 100 33 7 5 7 41 85 85 18 17 2 47 29 47 57 82 4 2 88 20 49 73 86 81 65 65 33 17 47 60 14 46 92 73 50 98 65 86 34 82 54 35 81 83 33 37 16 88 38 55 7 
87 27 44 19 91 60 4 59 6 63 25 52 54 97 1 3 61 39 88 43 92 74 75 26 6 11 41 93 100 96 51 38 74 94 9 17 5 12 75 10 74 99 61 27 95 14 81 56 52 68 50 43 41 24 69 98 86 61 42 37 56 44 75 
82 89 83 98 93 94 24 2 19 23 63 97 69 28 77 76 79 96 77 73 88 100 93 85 37 54 26 74 61 21 48 42 9 82 91 1 27 15 2 45 89 16 41 57 43 69 85 73 64 61 46 51 61 38 87 49 43 64 22 4 84 21 97 
92 2 40 92 80 54 45 24 94 13 16 50 7 84 34 80 99 95 77 1 7 66 87 55 9 50 29 64 33 49 12 76 3 51 19 82 4 16 58 49 28 25 99 34 61 84 65 59 30 41 60 88 59 98 43 19 48 23 82 32 71 93 60 
25 44 78 59 99 93 68 48 72 92 98 58 52 33 22 63 63 15 74 50 25 71 44 43 70 66 24 54 89 68 13 65 63 42 23 62 87 42 61 58 34 10 67 37 42 41 99 56 7 24 58 31 95 1 73 16 19 48 69 59 15 33 23 
30 75 98 43 13 39 3 22 24 12 89 61 5 29 11 61 35 35 18 17 81 70 89 96 88 88 17 98 54 49 21 83 75 70 25 87 8 79 9 32 42 49 44 47 77 54 59 63 88 76 79 68 97 19 16 85 6 32 34 11 32 54 94 
59 23 70 45 83 49 5 66 90 53 9 88 81 62 46 43 2 73 21 21 70 91 36 6 48 19 39 59 3 93 4 61 67 73 5 1 73 62 66 63 14 26 2 95 88 48 89 41 20 62 61 89 52 49 94 100 67 33 10 21 77 13 81 
95 37 38 48 10 99 13 24 64 39 25 10 78 72 99 18 44 60 30 84 11 78 30 62 97 14 71 17 42 83 98 36 72 35 35 81 85 100 4 100 90 80 10 67 52 8 36 47 19 65 82 81 95 11 43 91 24 65 7 65 100 56 53 
71 42 39 51 26 38 6 78 27 85 87 93 88 46 80 86 64 97 68 96 91 78 90 81 54 55 39 70 6 95 74 76 88 13 78 66 50 83 43 77 19 29 21 59 26 1 44 41 97 11 36 87 41 26 19 94 32 57 63 37 3 37 64 
0 0 0 1 1 0 1 1 0 1 0 0 0 0 0 0 0 0 1 0 0 0 0 1 1 0 0 1 1 0 0 1 0 0 0 1 0 1 1 1 0 1 1 0 1 1 0 1 0 1 1 0 0 1 0 1 1 0 1 0 0 1 1 
0 0 1 1 0 0 0 1 0 1 1 0 0 0 0 1 0 0 0 1 0 1 1 1 1 1 0 1 1 0 1 1 0 0 0 0 1 1 0 1 0 1 0 1 1 0 0 0 0 1 1 0 0 0 0 1 1 0 1 0 0 0 1 
0 0 1 1 1 0 1 1 1 0 1 0 1 1 0 1 0 1 0 0 0 0 0 1 1 1 0 1 1 0 0 0 1 0 1 0 0 0 1 1 0 0 1 1 0 0 1 0 1 1 0 1 0 1 1 1 0 1 1 1 0 1 1 
1 1 0 1 0 0 1 1 0 1 1 0 1 1 1 1 0 0 0 0 0 1 1 0 1 0 1 0 0 0 0 1 0 0 1 0 1 0 1 1 1 0 1 1 1 0 0 0 1 0 0 1 1 1 1 0 1 0 1 0 1 1 1 
1 1 0 1 0 0 0 0 0 1 1 1 0 0 1 0 1 0 0 0 1 1 0 0 1 0 1 1 1 0 0 0 1 1 1 0 1 0 0 1 1 1 0 1 1 0 0 0 0 0 1 1 0 1 1 1 1 0 0 1 0 0 1 
0 1 1 0 1 1 0 0 0 1 1 1 1 1 1 1 1 0 0 0 0 1 0 1 1 0 1 0 1 1 1 1 1 0 1 0 1 1 0 1 0 1 1 1 0 0 1 1 0 1 0 0 1 0 1 0 0 0 0 1 0 1 0 
1 0 1 1 1 0 1 1 1 1 0 0 1 0 1 1 1 1 1 1 0 1 1 0 1 1 0 1 1 1 1 0 1 1 1 1 1 1 0 0 0 0 1 1 0 0 0 1 1 1 1 1 0 0 1 0 1 1 1 1 1 0 1 
0 1 1 1 1 0 1 1 0 1 0 1 0 1 0 1 0 1 0 0 0 0 1 0 0 1 1 1 0 1 0 0 1 1 0 0 1 1 1 1 1 0 1 1 1 1 0 1 0 1 1 0 1 1 0 1 0 1 0 0 1 1 0 
0 0 0 0 0 0 1 1 1 1 0 0 0 1 0 0 0 1 1 0 1 0 1 0 0 0 1 0 1 0 1 1 0 1 1 0 1 1 0 0 0 0 0 1 0 1 1 0 0 0 0 1 1 1 0 1 0 1 0 1 1 1 1 
1 0 0 0 0 1 0 0 0 0 1 1 0 0 0 0 0 0 1 0 1 0 0 1 0 1 1 0 0 0 1 1 0 1 1 0 1 1 1 1 0 0 0 0 0 0 1 0 0 0 0 0 0 0 1 1 1 0 1 1 0 0 1 
0 1 0 1 0 0 0 1 0 0 1 0 0 1 1 0 0 1 1 0 0 1 1 1 1 1 0 0 1 0 1 1 1 0 0 0 0 0 1 0 0 1 0 0 0 0 1 0 1 0 0 1 1 1 0 0 0 0 1 1 0 0 1 
0 0 1 0 0 0 1 0 0 0 1 1 1 1 0 1 0 0 0 0 1 1 0 0 0 1 1 1 1 1 0 1 0 0 1 0 0 1 1 0 1 0 1 0 1 1 0 1 1 0 1 1 1 0 1 1 1 0 1 0 1 1 0 
1 1 1 0 1 0 1 0 0 1 1 0 0 1 0 1 0 0 1 1 0 1 0 1 0 0 0 0 0 0 0 1 1 0 1 1 0 0 1 0 1 0 1 1 1 1 1 0 0 0 1 0 1 0 1 1 0 0 1 0 0 0 0 
1 0 1 0 0 0 1 1 1 0 0 1 1 1 0 1 1 0 1 1 1 1 1 0 1 1 1 0 1 1 0 0 1 1 1 0 1 0 1 1 0 1 0 0 0 0 1 0 0 0 1 1 1 0 1 1 1 0 1 0 0 1 1 
1 0 0 1 0 0 0 1 1 1 1 1 0 1 0 0 1 1 1 0 0 0 1 1 1 1 0 0 1 1 1 1 0 1 0 0 1 1 1 0 0 0 1 0 1 0 0 0 1 0 0 1 0 1 1 1 0 1 1 0 1 0 1 
1 1 1 1 1 0 0 1 1 0 1 1 1 1 0 1 0 0 1 1 0 0 0 1 0 0 1 0 1 1 1 0 1 1 1 0 1 1 1 0 1 0 0 0 1 0 1 1 0 0 1 0 0 1 1 0 1 0 1 0 0 0 0 
1 1 1 1 1 0 0 1 1 1 1 1 0 1 0 0 1 0 1 1 0 0 1 1 0 1 0 0 1 0 1 0 0 0 1 1 1 0 0 0 1 0 0 1 1 0 1 1 1 0 0 1 1 1 0 1 1 0 1 0 1 0 1 
1 1 0 0 0 0 0 0 1 0 0 1 0 1 0 1 0 1 1 1 0 1 0 1 0 0 0 0 1 1 1 0 0 0 0 0 0 1 0 0 1 1 1 1 0 1 0 0 0 0 1 0 1 1 1 1 0 0 1 1 1 1 0 
1 1 0 1 1 1 1 1 1 0 0 0 0 0 1 0 0 1 0 1 0 1 0 1 1 0 0 1 1 1 1 0 0 1 1 0 1 1 1 0 1 0 0 0 0 1 0 0 0 0 1 0 0 0 1 1 0 0 0 0 1 1 0 
0 1 0 0 0 1 1 0 0 1 0 0 1 0 1 0 0 1 1 1 1 1 0 1 0 0 1 0 0 1 0 0 0 0 0 0 1 1 0 0 1 0 0 0 0 1 0 1 1 0 0 0 1 0 1 1 1 1 1 1 0 0 1 
0 0 1 0 0 0 0 0 1 0 0 0 1 0 0 0 1 0 0 1 0 0 1 1 1 0 1 0 0 1 1 0 1 0 0 1 1 0 1 0 0 0 0 1 0 1 1 1 1 1 0 1 0 1 1 1 1 0 0 1 1 1 1 
0 0 1 0 1 1 1 1 0 1 0 1 1 1 1 0 0 0 1 0 0 0 1 0 0 1 0 1 0 1 1 0 1 0 0 0 0 0 0 0 1 0 1 1 1 0 1 1 1 0 1 1 1 0 1 1 1 1 0 1 1 1 0 
0 0 0 1 0 0 1 0 0 1 1 1 0 0 0 1 1 1 1 0 0 1 0 1 1 1 1 0 0 1 0 1 1 1 0 1 1 1 1 1 0 0 0 0 0 1 1 1 0 0 0 0 0 0 1 1 1 0 1 0 1 0 1 
0 1 1 1 0 0 0 0 0 1 0 0 1 1 1 1 1 0 1 1 0 1 0 1 0 1 0 0 0 0 1 1 1 0 0 0 0 1 0 0 0 0 0 1 0 0 0 1 0 1 1 0 0 1 1 1 0 1 1 1 0 1 0 
1 1 0 1 0 1 1 0 1 0 1 1 0 1 1 1 1 1 0 1 1 0 0 0 0 1 0 1 1 1 1 1 0 0 0 0 1 0 1 1 0 0 0 0 1 1 1 0 0 0 1 0 0 1 0 0 0 0 0 0 1 1 1 
0 1 1 0 1 1 1 0 1 1 0 1 0 1 1 0 0 1 1 0 1 0 0 1 1 1 1 1 0 1 0 0 0 1 1 1 1 0 1 0 0 1 0 0 1 1 1 1 0 0 1 1 1 1 0 0 0 0 1 1 1 1 1 
1 0 0 1 1 1 0 0 1 0 0 1 1 1 0 0 1 1 1 0 0 0 0 0 1 0 1 0 1 0 1 1 0 0 0 0 1 0 0 0 0 0 1 1 1 0 1 0 1 0 0 1 1 0 1 0 1 0 0 0 0 1 1 
0 1 1 0 0 0 0 0 0 0 0 0 1 0 1 1 1 0 1 0 1 0 1 1 1 1 1 1 1 0 1 1 0 0 0 0 0 0 1 1 1 1 1 0 1 0 0 0 0 1 0 1 1 1 0 0 0 1 0 1 0 1 0 
0 1 0 0 0 1 1 1 0 0 0 0 1 0 0 1 1 0 1 0 1 0 1 0 0 0 0 1 0 1 0 0 0 0 1 0 1 0 1 1 1 1 0 0 0 0 0 1 0 1 1 0 0 0 0 0 1 0 0 1 1 0 0 
1 0 1 0 0 1 1 1 0 1 1 1 1 0 1 0 0 0 1 0 0 0 0 1 1 0 1 0 1 1 0 1 1 1 1 1 1 0 1 1 1 0 0 0 0 1 0 1 0 0 1 0 0 0 1 1 0 0 1 0 1 0 1 
1 1 0 0 0 0 1 0 0 0 0 0 0 0 1 1 0 1 1 0 1 1 0 0 1 0 1 1 0 1 0 1 1 0 1 1 1 1 1 1 1 0 1 1 0 0 1 0 1 0 0 0 1 0 0 0 1 0 0 1 1 0 0 
0 1 1 0 0 0 1 1 1 1 0 1 1 1 0 1 0 0 0 1 1 0 1 1 1 1 1 0 1 0 0 1 1 0 1 1 0 1 0 0 0 0 1 0 1 1 1 0 1 1 1 0 0 0 1 1 0 1 0 1 1 0 0 
0 0 0 1 1 1 1 1 1 1 0 1 1 1 1 1 0 0 0 0 0 0 1 0 0 0 0 1 1 0 0 1 1 0 0 0 1 1 1 0 1 1 0 0 0 1 1 0 1 1 0 0 1 1 0 0 0 0 1 1 0 1 1 
1 1 1 1 0 1 0 1 0 1 1 0 1 0 1 1 1 0 1 1 1 1 1 1 1 1 1 0 0 0 1 1 0 1 1 0 0 1 1 0 1 0 0 0 0 1 0 0 1 1 1 0 0 1 0 1 0 1 0 0 1 1 0 
1 0 1 0 0 0 1 0 1 0 0 0 0 1 0 0 0 1 0 1 0 1 1 1 1 0 1 0 1 1 0 1 1 1 1 0 1 0 0 1 0 1 1 1 0 1 1 1 0 1 0 0 0 1 0 0 1 1 0 0 0 0 1 
0 1 0 0 0 1 0 1 1 1 0 0 0 1 0 1 0 1 1 0 0 0 0 0 1 0 0 1 0 0 1 0 1 1 0 1 0 1 1 0 0 1 0 0 1 0 1 1 0 0 1 0 0 0 0 1 0 0 1 0 0 0 1 
1 1 1 0 0 0 1 0 1 1 0 1 0 1 1 1 1 1 0 1 0 0 1 1 0 1 0 1 1 0 0 0 0 1 0 0 0 0 0 1 1 0 0 1 1 1 0 0 1 0 1 1 1 0 0 1 1 1 0 0 1 0 0 
1 0 1 1 0 1 1 1 0 0 1 1 1 1 1 0 0 1 1 1 0 0 1 0 1 0 0 0 0 1 0 1 1 1 1 1 0 0 0 0 0 1 1 0 0 0 0 0 0 1 1 0 1 1 0 1 1 1 1 1 0 1 1 
1 1 0 0 1 0 0 0 1 1 1 1 0 0 1 0 0 0 0 0 0 1 1 1 0 0 0 0 0 1 1 1 0 1 1 0 1 1 0 0 0 1 1 0 1 0 1 1 1 1 0 1 0 1 0 0 1 0 0 1 1 1 0 
0 0 1 0 0 0 0 0 0 1 0 1 1 0 0 0 1 1 0 0 1 1 0 1 0 0 0 1 0 1 1 0 0 0 0 0 0 0 0 1 1 0 0 0 1 0 1 0 1 1 1 0 1 1 1 1 0 1 1 0 1 0 0 
1 1 0 1 1 0 1 0 1 0 0 0 1 0 1 1 1 0 0 1 1 0 1 1 0 0 0 0 1 0 0 0 1 0 1 1 0 1 1 1 1 0 1 0 0 0 1 0 1 0 1 0 0 0 1 0 1 1 0 0 0 0 1 
1 0 0 0 0 1 0 1 0 0 1 0 0 1 0 0 0 0 0 1 0 0 0 0 1 0 0 0 0 0 1 1 0 1 0 0 1 0 1 1 0 0 0 0 0 0 1 0 0 1 1 0 1 0 0 1 0 0 1 0 0 0 1 
0 1 1 0 0 1 1 0 1 0 0 0 0 0 1 0 0 0 0 0 1 0 0 0 0 0 1 0 0 1 1 0 1 1 0 1 0 1 1 0 1 1 0 1 1 1 0 1 1 0 1 0 0 1 1 0 1 0 0 1 0 1 1 
1 0 1 0 1 1 0 1 0 1 1 0 1 0 0 0 1 0 0 1 0 1 0 0 1 1 0 0 1 1 0 0 0 1 0 1 0 0 0 1 0 1 1 1 1 1 1 0 1 1 1 1 1 0 1 0 1 1 0 0 0 0 0 
0 0 0 1 0 1 1 1 1 0 0 0 1 1 1 1 0 1 1 1 0 1 0 0 0 1 0 0 0 1 0 0 1 0 0 1 1 1 1 0 0 1 0 1 1 0 1 1 1 0 1 1 1 1 1 1 1 1 1 1 0 1 1 
1 1 1 1 1 1 0 1 1 1 0 0 0 0 1 0 1 1 1 0 0 0 1 1 1 0 0 0 1 1 0 0 1 1 1 0 0 1 1 1 1 1 0 1 1 1 1 0 1 0 0 1 1 1 1 0 0 1 1 1 1 1 1 
0 0 1 0 1 0 1 0 1 1 0 1 0 0 0 1 1 1 1 0 0 1 1 0 1 1 1 0 0 0 1 0 1 0 0 0 1 1 0 0 0 1 1 1 1 0 0 0 1 1 0 1 0 0 1 1 1 1 1 1 1 1 1 
0 1 1 0 0 0 1 1 1 0 0 0 1 0 0 1 1 1 1 0 0 1 0 1 0 1 1 1 0 0 0 1 1 1 1 0 0 0 1 1 0 1 1 1 0 1 0 1 0 0 0 0 1 0 0 0 1 1 1 1 1 0 0 
0 1 0 0 1 0 1 0 1 1 1 0 1 0 1 0 1 1 0 1 0 0 1 0 1 0 0 1 1 0 1 0 1 1 0 1 0 0 1 1 1 1 1 0 1 0 0 0 1 1 0 0 1 1 0 1 0 0 0 1 0 1 1 
0 1 0 1 1 0 0 0 1 1 1 1 1 0 1 1 1 0 1 1 0 1 0 1 1 0 1 0 1 0 0 1 1 0 0 0 0 0 0 1 0 0 0 1 0 1 0 1 0 0 1 0 1 1 1 0 1 0 0 0 0 0 1 
0 0 1 0 0 0 1 1 0 1 1 1 1 1 1 0 1 1 1 1 0 0 0 0 0 0 1 0 0 1 0 0 0 1 1 0 1 0 0 1 1 1 0 0 0 0 0 1 1 0 0 0 0 0 0 0 0 1 1 1 1 1 1 
