53 59 1589
92 42 81 43 30 79 84 16 23 68 47 52 57 86 33 20 90 79 51 38 78 24 87 22 22 47 3 56 1 21 43 44 62 75 87 91 53 22 58 27 89 56 79 97 41 11 68 82 41 18 71 18 93 57 39 14 3 94 70 
55 14 64 99 28 39 37 70 43 10 80 70 50 35 100 98 76 10 65 57 2 34 80 19 26 36 10 92 39 55 13 45 20 76 43 47 66 31 17 61 92 96 82 93 82 81 90 57 42 54 66 43 39 45 13 17 80 22 8 
70 76 72 15 48 99 9 94 65 92 62 77 83 9 58 28 91 38 17 99 79 23 64 21 61 8 85 29 40 7 88 9 34 59 75 81 58 84 27 74 75 88 2 9 49 59 36 39 48 5 37 26 27 53 98 39 12 82 68 
51 40 55 12 26 66 86 6 75 21 84 48 47 24 49 8 72 59 95 10 6 99 98 83 77 50 80 68 62 13 87 64 5 93 75 30 58 13 87 32 85 71 31 32 94 31 39 65 41 85 26 46 84 75 28 12 77 59 79 
90 24 65 53 28 10 80 57 67 44 43 51 28 65 33 11 10 16 1 74 56 86 51 2 21 78 81 84 54 92 63 43 15 79 47 42 88 78 50 7 21 44 9 1 9 41 63 18 56 64 44 12 1 46 65 21 23 97 4 
76 88 18 70 2 49 69 95 36 46 44 94 19 88 2 19 48 95 81 65 50 96 60 13 96 6 29 68 28 26 72 56 13 41 25 67 89 45 61 77 91 5 70 9 92 24 79 39 18 11 55 19 7 15 84 2 72 64 22 
99 89 93 6 54 33 31 20 74 27 80 50 17 36 71 77 79 46 55 69 63 18 24 34 24 90 69 77 61 32 98 11 21 42 17 26 27 99 45 100 25 76 1 94 12 71 70 42 17 77 11 31 94 86 16 69 27 84 45 
87 16 95 49 88 36 17 13 14 15 9 13 92 36 65 85 99 88 54 41 4 82 51 86 75 88 2 43 14 37 40 52 52 34 100 91 21 69 55 35 83 63 99 74 51 16 10 49 3 16 41 58 97 91 43 24 30 96 66 
43 33 57 46 36 42 46 27 63 14 81 49 48 96 99 74 46 14 83 46 16 50 87 73 47 29 68 70 59 63 87 53 47 44 99 83 85 96 61 99 61 41 99 8 88 98 33 85 63 68 83 79 17 69 3 15 97 70 36 
7 85 23 60 31 18 10 13 2 5 73 53 65 66 51 24 5 100 9 90 63 76 24 93 44 92 95 11 40 17 46 99 1 68 10 31 37 19 96 39 75 68 43 91 85 93 14 90 45 74 31 7 49 54 99 45 97 45 55 
88 61 100 86 61 20 95 44 56 65 39 46 39 6 40 29 43 85 95 84 29 68 14 35 17 19 85 13 67 29 67 54 42 18 40 2 89 86 45 97 51 35 42 89 93 82 18 35 66 12 18 46 79 83 80 47 53 16 11 
19 96 29 24 37 99 63 91 87 49 87 83 51 22 77 39 14 10 8 100 75 19 69 72 50 51 3 48 55 18 59 25 13 39 48 2 37 63 92 24 63 78 58 13 51 34 51 16 43 59 15 69 29 83 40 30 85 42 30 
39 11 40 15 76 78 15 77 15 77 20 90 39 49 47 3 100 33 53 15 27 63 30 96 44 64 87 25 49 29 54 39 91 45 6 66 23 20 94 89 96 13 30 86 62 28 88 13 60 92 27 87 55 8 34 50 24 20 74 
72 100 80 62 91 24 67 8 98 86 2 86 33 66 67 18 79 95 57 91 6 49 70 44 55 77 77 56 100 49 29 23 48 60 37 90 84 3 50 33 41 3 71 73 68 37 43 47 83 99 89 89 99 58 32 5 87 61 60 
38 9 89 61 8 100 97 50 35 51 99 68 91 1 38 16 20 26 10 18 9 60 7 97 59 64 80 15 50 92 75 88 100 15 100 60 14 48 9 49 98 59 68 41 11 57 8 82 82 17 100 42 28 6 90 38 69 70 53 
71 13 27 58 65 41 9 24 6 56 84 6 53 94 73 45 56 81 52 37 63 20 36 56 48 41 46 85 62 67 37 32 79 15 41 43 55 49 18 13 56 53 18 8 46 91 53 1 71 56 38 85 76 25 41 23 66 38 59 
79 4 48 62 34 62 54 77 69 54 46 33 9 99 50 16 44 92 20 97 15 76 86 99 3 10 91 77 75 80 35 5 83 34 66 17 48 19 45 68 72 90 100 80 88 49 48 84 41 19 32 55 46 17 5 48 26 48 24 
53 27 11 57 10 44 75 78 43 45 22 10 69 63 9 48 51 58 47 86 50 18 17 4 63 85 8 63 10 55 86 14 82 48 23 43 44 97 20 86 93 93 96 61 55 4 61 57 13 7 94 62 24 10 17 39 46 25 1 
56 31 38 21 64 86 43 58 29 91 77 14 84 69 61 44 76 17 4 32 29 63 26 43 38 87 59 76 33 35 76 40 66 14 60 81 51 55 39 31 45 67 96 80 88 57 24 63 73 27 94 53 41 71 95 79 58 54 54 
42 40 82 33 57 47 44 38 97 98 28 27 95 94 74 74 81 30 97 43 54 76 89 7 16 59 53 94 68 58 100 61 98 81 93 54 27 37 91 75 86 18 53 80 12 26 54 44 56 2 87 61 29 75 67 45 85 20 90 
5 77 89 65 26 69 10 80 47 98 22 21 83 40 25 63 3 51 68 46 58 21 84 18 50 10 37 46 47 8 35 51 36 24 67 62 44 28 41 43 25 62 15 8 53 40 22 7 90 41 5 99 61 40 16 62 50 52 7 
48 59 42 98 95 17 16 8 60 44 48 2 68 61 17 27 66 56 48 24 97 40 28 95 1 68 62 14 69 14 21 16 24 62 65 70 30 32 77 89 75 76 43 95 89 59 21 54 66 21 29 14 60 57 60 12 76 21 26 
96 86 46 11 10 59 27 31 88 58 60 76 85 35 70 79 75 80 51 80 45 71 9 10 31 17 69 42 92 90 67 87 75 64 49 36 22 27 19 9 36 78 37 20 64 6 50 39 86 1 70 82 71 78 92 53 94 60 47 
37 1 65 75 28 29 75 63 2 1 81 11 37 10 99 8 74 56 58 64 41 58 33 75 80 63 66 85 56 77 31 45 30 47 19 57 75 94 19 77 46 52 39 34 61 37 42 86 92 51 49 85 8 34 59 39 96 76 23 
51 4 53 47 33 52 66 89 26 11 60 54 8 11 92 42 23 80 35 9 24 85 9 60 44 42 18 82 89 45 5 92 48 9 38 33 60 3 21 38 65 32 91 73 94 35 66 17 66 100 77 89 36 37 48 79 31 17 60 
19 13 64 10 61 73 48 93 84 2 65 21 67 97 12 91 90 98 56 58 63 55 34 4 90 23 51 68 53 20 79 71 32 43 81 44 67 28 88 50 81 53 23 47 1 34 37 90 83 44 100 45 50 33 48 91 55 51 10 
59 70 89 30 53 83 10 97 49 89 36 50 69 88 72 68 40 57 56 30 91 100 29 36 1 13 35 92 20 85 1 78 6 89 59 11 23 20 7 71 8 94 73 29 82 96 48 21 5 55 2 95 6 82 30 7 47 65 98 
18 1 50 47 7 91 6 17 13 25 75 36 85 68 8 65 1 3 12 74 59 66 27 54 72 9 35 30 7 51 27 76 52 28 22 58 18 79 26 31 56 52 66 92 19 25 56 72 79 19 45 38 36 71 91 59 31 77 88 
89 28 66 64 79 94 38 88 11 16 65 41 71 16 58 62 86 82 69 57 61 87 53 98 75 76 40 33 6 16 21 47 95 86 62 73 79 99 12 42 67 76 82 37 91 92 51 29 73 71 85 85 10 38 82 84 13 73 16 
70 41 88 68 35 74 30 8 4 80 71 45 46 47 79 35 89 70 37 17 94 7 54 79 16 43 12 51 7 85 67 28 25 6 96 11 79 77 18 35 56 41 79 2 87 57 36 27 78 72 44 72 78 49 50 46 91 61 48 
97 97 14 24 73 20 71 84 50 47 1 84 55 41 15 56 79 23 43 6 1 14 1 72 43 49 73 40 91 33 88 87 82 53 62 54 24 85 37 26 31 90 9 37 82 75 92 61 98 34 18 50 99 70 21 42 70 93 81 
60 77 20 46 10 73 59 64 96 43 100 21 26 89 82 62 23 8 54 35 5 39 52 54 38 73 26 31 42 70 63 1 99 83 98 8 7 56 71 2 51 23 75 76 63 8 37 85 67 42 19 72 33 22 77 22 94 55 52 
87 24 14 87 74 96 84 34 2 92 4 56 42 78 82 69 41 41 57 77 7 51 48 30 83 21 59 4 67 13 55 53 88 20 40 14 68 75 47 69 66 2 76 59 80 9 27 72 49 84 100 8 34 47 37 16 20 95 71 
86 59 77 38 99 96 29 12 63 56 58 84 21 59 11 32 38 20 58 61 20 41 61 79 26 7 68 93 26 14 63 63 73 91 53 71 87 81 82 1 36 39 36 9 49 47 92 87 18 49 99 89 42 59 68 67 18 35 60 
95 48 74 58 72 65 10 94 3 42 75 55 30 65 91 90 14 37 81 52 6 29 50 94 22 61 13 89 78 99 100 72 99 25 81 70 41 90 64 95 32 90 50 13 55 40 2 20 76 82 23 33 62 24 26 84 84 91 72 
13 89 23 37 87 99 17 57 40 7 72 34 90 61 83 2 67 74 3 86 49 36 60 33 97 36 59 80 71 1 3 84 89 25 20 76 76 36 84 15 94 55 100 35 67 35 36 34 8 90 71 9 25 31 41 22 18 51 1 
88 51 4 71 92 80 42 67 55 30 2 21 75 8 73 10 74 7 45 7 14 87 30 22 11 60 15 84 29 65 85 16 68 40 39 59 71 80 77 78 61 78 50 36 37 22 45 10 28 89 69 94 75 98 15 38 9 81 21 
37 98 57 52 65 48 90 75 71 22 51 48 82 80 97 17 16 19 61 77 98 2 45 91 28 42 58 17 50 38 38 38 35 46 90 51 94 31 25 64 52 27 63 86 6 11 2 73 29 15 50 79 68 94 69 47 88 26 64 
89 64 53 27 50 98 68 53 43 98 77 6 2 56 20 87 61 31 40 86 11 54 35 89 73 80 58 20 19 83 83 8 98 35 34 100 32 53 52 75 50 80 32 51 35 4 89 96 34 29 33 44 82 19 85 55 98 42 74 
69 76 8 76 26 42 61 25 25 13 28 51 14 7 35 65 42 38 53 89 71 81 21 66 15 39 50 21 88 43 46 8 71 53 83 48 46 95 24 22 59 51 73 73 57 59 89 50 96 93 38 18 26 10 35 40 100 37 12 
40 31 57 47 1 61 82 100 6 76 23 79 87 73 3 59 82 61 47 31 8 39 21 25 64 82 60 55 82 96 18 21 26 74 19 79 86 100 78 43 28 53 22 14 25 24 24 58 37 70 41 44 60 61 69 76 94 80 82 
75 27 100 47 4 25 18 82 11 17 12 53 96 64 26 61 40 50 84 50 86 5 90 81 65 2 1 92 95 80 25 22 6 24 68 62 1 85 95 11 54 6 15 1 21 41 62 13 42 97 62 79 2 51 59 18 4 60 61 
98 91 85 71 97 9 39 10 61 75 4 71 80 10 85 81 82 77 94 94 18 90 55 96 91 57 55 8 60 14 68 10 4 5 80 52 65 70 61 25 97 17 95 76 26 31 8 59 8 1 53 25 91 59 21 81 16 27 41 
27 40 60 88 95 64 20 99 28 41 11 52 37 27 98 65 4 29 72 63 88 73 67 12 63 25 84 95 40 10 35 19 1 47 6 48 10 77 98 90 18 8 93 54 87 91 18 90 71 90 4 10 14 70 73 76 95 57 70 
86 18 57 4 71 3 62 18 64 38 15 5 7 74 98 61 60 40 30 2 62 71 5 71 84 27 43 11 21 51 33 58 21 89 14 91 43 75 60 6 64 74 63 71 99 60 83 11 51 64 12 12 87 68 82 70 94 76 33 
66 27 65 24 99 53 37 89 47 63 48 4 26 73 66 48 71 77 82 81 27 98 44 38 84 64 71 5 57 47 37 75 25 1 98 23 5 86 63 3 48 10 7 25 34 72 25 4 49 58 37 75 55 32 65 38 95 35 95 
4 33 31 78 9 84 27 83 40 12 45 43 59 6 49 35 39 72 59 95 20 17 83 47 23 66 11 61 61 97 55 16 82 37 45 90 72 71 25 12 82 21 6 92 27 54 78 17 77 89 11 97 5 45 95 79 11 57 39 
23 53 45 38 86 34 82 28 5 52 52 68 85 72 73 28 50 78 57 67 55 45 29 3 1 74 49 80 36 5 70 58 9 15 95 95 100 28 22 4 31 25 24 15 48 96 94 50 26 50 68 32 95 48 86 95 21 34 26 
8 38 96 65 46 10 11 92 9 38 65 64 68 41 87 34 89 35 27 90 60 29 57 43 75 4 28 69 77 61 95 84 98 90 1 95 51 11 87 11 1 51 74 68 92 13 2 32 47 80 73 58 8 29 100 34 84 27 3 
60 87 49 96 36 90 96 82 92 58 68 2 58 71 27 78 14 91 79 97 37 10 69 46 70 97 45 3 32 23 57 92 61 57 39 48 46 86 30 89 95 97 42 53 19 21 30 32 11 60 28 100 21 96 45 90 44 42 45 
76 64 1 19 77 58 9 24 55 46 53 44 40 2 85 92 20 5 73 52 68 84 31 67 5 79 63 94 74 4 38 1 20 91 19 96 100 79 71 54 24 24 49 64 25 86 7 44 42 80 47 9 63 30 75 67 8 90 13 
81 93 2 82 64 92 52 11 91 31 82 97 6 57 45 69 81 82 76 76 24 7 75 32 69 4 59 88 63 48 52 43 92 53 76 56 97 28 66 39 10 99 35 15 55 32 84 87 13 11 63 36 17 89 20 37 44 78 76 
6 77 27 48 68 80 24 75 76 3 41 14 12 91 1 78 46 32 13 32 96 23 46 84 91 34 3 80 77 32 55 34 60 82 82 79 61 57 54 88 11 46 53 74 36 53 51 81 36 64 65 32 38 10 67 29 96 69 60 
1 1 1 1 0 0 0 0 0 0 1 1 0 0 0 1 0 0 1 0 0 0 0 1 0 0 1 0 1 1 1 0 0 0 1 0 1 1 0 1 1 0 1 1 0 1 0 0 1 0 1 1 0 1 0 0 1 1 0 
0 0 1 1 0 0 0 0 1 0 1 0 1 1 1 1 1 0 1 0 0 1 1 1 0 0 0 0 0 1 1 0 0 0 1 0 0 0 1 1 0 0 0 1 1 1 0 0 0 0 0 0 1 1 1 1 0 1 0 
0 1 1 0 1 1 0 1 0 0 0 1 0 0 1 1 1 1 0 0 1 0 0 1 1 0 0 1 0 0 1 0 1 0 0 0 1 0 1 1 0 0 1 0 0 0 0 0 1 0 0 0 0 0 1 1 0 0 0 
0 0 1 0 1 1 1 1 1 1 0 0 0 0 1 0 1 0 0 1 1 0 1 0 0 1 1 0 0 1 0 0 1 0 1 0 1 0 1 0 1 0 1 1 0 0 0 1 0 0 0 0 1 1 0 1 1 1 1 
1 1 0 1 0 0 0 1 1 0 0 0 0 0 1 1 1 1 1 0 0 0 1 0 1 0 0 0 1 1 0 0 0 0 0 1 0 0 0 1 1 0 1 1 1 0 0 0 0 0 0 0 0 1 0 1 0 0 1 
1 1 1 0 0 1 0 1 1 0 1 1 1 1 0 0 0 1 1 0 1 1 1 1 1 0 1 0 0 1 1 0 0 1 0 0 0 0 1 0 0 0 1 0 0 1 0 0 0 1 1 1 0 0 0 1 0 1 1 
1 0 1 1 1 0 1 1 0 1 1 0 1 1 1 1 1 1 0 0 1 1 1 1 0 1 1 1 1 1 1 0 1 0 1 0 0 0 0 0 1 1 1 1 0 0 0 0 1 0 0 1 0 1 0 0 0 1 1 
1 0 0 0 0 0 1 0 0 0 0 1 1 1 0 0 0 0 1 0 0 1 0 1 1 1 1 1 1 0 1 0 1 1 0 1 0 0 1 0 0 0 1 1 1 1 0 1 0 1 1 0 0 1 1 0 0 0 1 
1 0 0 0 1 0 0 0 0 0 0 0 0 0 0 0 1 1 0 1 1 1 0 1 1 0 0 1 0 0 1 0 1 1 0 0 1 0 1 1 1 1 0 1 1 0 1 0 1 1 1 1 0 0 0 0 0 1 1 
0 1 0 0 0 0 0 1 1 1 0 1 0 1 1 1 0 1 1 0 0 0 0 1 1 0 0 1 0 1 0 0 0 1 1 1 1 1 0 0 0 0 1 0 1 0 0 1 1 1 1 0 1 1 1 0 1 1 1 
1 0 0 0 1 1 1 0 0 0 0 0 1 0 0 1 1 0 1 0 0 0 1 0 0 1 1 0 0 1 0 0 1 0 0 0 1 1 0 1 1 0 1 0 0 1 0 1 0 1 1 0 0 1 0 0 0 1 0 
0 0 0 0 0 0 0 0 1 1 1 0 1 1 0 1 0 1 1 1 1 1 1 1 1 0 1 1 0 1 1 0 1 0 1 1 0 1 0 0 1 1 0 0 0 0 1 0 0 1 0 1 0 1 1 1 1 0 0 
1 1 1 1 1 1 0 0 0 0 0 0 1 1 0 1 0 1 0 0 1 1 0 0 1 1 1 0 0 0 0 1 1 0 1 0 1 1 1 1 1 1 1 0 1 0 1 1 1 0 1 0 1 0 0 1 1 0 1 
0 0 0 1 1 0 0 0 1 0 1 1 1 0 0 0 1 0 1 0 1 1 0 1 1 0 0 0 1 0 1 1 0 1 1 1 1 1 1 1 1 0 0 1 1 0 1 0 1 0 1 0 0 1 0 1 1 0 1 
0 0 0 0 0 0 1 1 1 0 1 0 0 1 0 1 0 1 0 1 0 0 0 0 0 1 0 1 0 0 0 0 0 1 0 0 1 1 0 0 0 1 1 0 0 1 1 1 0 1 0 0 1 0 1 0 1 1 1 
1 0 0 1 0 1 0 1 0 1 1 0 1 0 1 1 0 1 0 1 1 1 1 0 1 1 1 1 0 0 0 1 0 0 1 1 1 1 0 1 0 1 0 0 1 1 1 1 0 0 1 0 1 0 0 0 0 1 1 
0 1 0 0 0 0 1 1 0 0 1 1 0 0 1 0 1 1 0 0 1 0 1 1 1 0 1 0 0 0 1 0 0 1 0 0 0 1 1 0 1 0 1 0 0 1 0 1 0 0 1 1 0 1 1 0 1 0 0 
1 1 1 1 1 1 0 1 1 1 0 1 1 0 0 1 0 1 1 1 1 0 0 1 0 1 0 0 0 0 0 1 1 0 1 0 1 1 1 0 0 1 1 1 1 1 0 1 1 0 0 0 0 1 1 0 0 1 1 
1 0 1 0 1 1 1 0 0 0 1 0 1 1 1 0 0 1 1 0 0 1 0 0 1 1 0 1 0 1 0 1 1 0 1 1 1 1 1 0 1 0 0 0 1 0 1 0 1 0 0 1 1 0 1 0 0 1 1 
0 1 0 1 0 0 0 1 1 1 0 1 1 1 0 1 0 0 0 0 1 0 0 0 1 1 1 1 1 1 1 1 0 1 0 0 1 0 0 0 0 0 0 1 1 0 0 0 0 1 0 1 1 1 1 1 0 0 0 
1 1 1 0 1 0 0 0 1 0 0 0 0 0 0 1 0 0 0 0 0 1 0 1 0 1 0 1 1 0 0 0 0 1 0 1 0 0 1 1 1 1 1 1 0 1 1 0 1 1 0 1 0 0 0 0 0 0 0 
1 1 0 0 1 1 0 0 1 1 0 1 0 1 0 1 1 0 0 1 1 1 1 1 1 0 1 0 0 0 0 1 1 0 1 0 1 0 0 1 1 0 0 1 0 0 0 1 0 1 1 0 0 0 1 0 0 0 0 
0 0 0 0 1 0 1 1 1 1 0 0 0 0 0 1 0 1 0 0 1 1 1 1 1 1 0 1 0 1 1 0 1 1 0 1 1 0 0 1 1 0 1 0 1 0 1 1 1 1 1 0 0 0 0 0 0 0 1 
0 1 1 0 1 0 1 0 0 1 0 1 0 1 0 0 0 0 0 1 1 1 1 0 0 1 0 0 1 0 1 1 0 0 0 1 1 1 1 1 0 1 0 0 0 0 1 0 1 1 0 0 0 1 0 0 0 0 0 
0 1 0 1 1 0 1 0 1 0 1 0 0 0 0 1 1 1 0 1 0 1 1 0 1 0 1 0 1 1 0 1 0 0 0 1 1 0 1 0 0 0 1 1 1 1 0 0 0 0 1 0 1 1 1 0 1 0 0 
0 1 1 1 0 1 0 1 0 0 1 1 0 1 0 1 0 1 1 0 0 1 0 0 0 1 1 1 0 1 1 1 1 0 0 1 0 0 0 0 0 1 1 1 1 1 0 1 1 0 0 1 1 0 1 0 1 1 1 
1 0 0 0 1 1 1 0 1 1 1 1 0 0 1 1 1 0 1 1 1 1 1 0 1 1 0 1 0 1 0 1 1 0 0 1 1 1 1 0 0 0 0 0 1 1 1 0 1 1 1 1 0 0 1 1 1 1 0 
1 0 0 1 0 1 1 1 0 0 0 1 0 1 1 1 0 0 0 0 1 1 0 0 0 0 0 1 0 1 0 1 0 0 0 0 1 1 1 0 1 1 1 0 0 0 1 0 0 1 1 1 1 1 0 1 1 0 0 
1 1 0 1 1 1 1 1 0 1 0 0 0 0 1 0 0 1 1 1 1 1 0 1 0 1 1 1 0 1 1 0 0 0 1 0 1 0 1 1 1 0 0 0 0 1 0 0 1 0 1 0 1 1 1 1 0 0 0 
1 1 1 1 0 1 0 0 0 0 1 0 0 1 0 0 1 1 0 0 0 0 1 1 1 1 0 0 1 1 0 0 0 0 1 0 1 1 0 0 0 0 0 0 1 0 0 1 1 0 1 0 1 0 1 0 1 1 1 
1 0 1 1 1 1 1 1 1 0 0 1 0 0 1 0 1 1 0 0 0 1 1 0 0 0 1 0 1 1 1 0 1 1 0 0 0 1 0 1 1 0 0 0 0 1 0 1 0 1 0 1 0 1 1 0 1 1 0 
1 0 0 1 1 1 1 0 1 0 0 1 0 0 1 0 0 1 0 1 1 1 1 0 1 1 0 1 0 1 0 1 1 0 1 0 1 0 0 0 1 0 1 1 0 1 1 0 0 1 0 1 1 1 0 0 0 0 0 
1 1 0 0 0 0 1 0 1 0 1 1 1 1 1 0 0 0 1 0 0 0 0 1 1 0 1 0 0 1 0 1 0 0 0 0 0 1 1 1 1 0 0 0 1 1 0 1 1 1 0 1 0 0 1 1 0 0 1 
1 0 1 0 0 1 0 1 1 0 0 0 1 0 1 0 1 0 0 1 0 0 1 1 0 1 0 1 0 1 1 1 1 0 1 1 0 0 0 1 0 0 0 1 0 1 1 0 1 0 1 1 0 0 1 0 1 1 1 
1 0 0 0 1 1 0 1 1 0 1 0 0 0 0 1 0 1 1 0 1 1 1 0 1 1 1 1 1 1 0 0 1 1 1 1 0 1 0 1 1 1 1 1 1 0 0 0 1 1 0 0 0 0 1 1 1 0 0 
0 1 1 1 1 0 0 0 0 1 0 1 0 1 0 1 1 0 1 1 0 1 1 0 1 1 1 1 1 0 1 1 1 0 0 0 0 0 0 0 1 0 1 1 0 0 0 1 0 0 0 0 1 1 1 0 1 0 1 
0 0 1 1 0 1 0 0 0 0 1 0 0 1 0 1 1 0 0 0 0 0 0 1 1 0 0 1 1 0 1 1 1 0 0 1 1 0 1 1 1 0 0 1 0 0 0 1 0 0 0 0 0 0 1 1 0 1 1 
1 0 0 0 1 0 1 0 1 1 1 1 0 0 1 1 0 1 0 1 1 0 1 1 1 0 1 0 0 0 1 0 0 1 0 1 1 1 1 1 1 1 0 1 1 1 1 1 0 1 0 1 1 0 0 0 0 1 1 
0 0 0 0 0 0 1 0 1 0 1 0 1 0 0 1 1 1 0 0 1 1 1 0 0 1 1 1 1 0 0 1 0 0 0 1 0 1 1 0 1 0 0 1 1 1 0 0 0 0 1 0 1 0 0 1 1 1 0 
0 0 0 1 0 1 1 1 1 0 0 1 0 1 0 1 0 1 1 0 1 1 1 1 0 1 0 1 0 1 0 0 1 0 0 0 1 1 1 1 0 0 0 0 1 0 1 1 1 0 1 1 1 1 0 1 0 0 0 
1 0 0 1 1 1 1 1 0 1 1 1 1 1 0 1 0 0 0 1 0 0 0 1 1 1 1 0 0 0 0 1 0 1 0 1 0 0 1 0 1 0 0 0 1 0 1 1 0 1 0 0 1 0 1 0 0 1 0 
0 1 0 1 1 1 1 0 1 1 1 0 0 1 0 0 0 0 1 1 0 0 1 1 1 0 0 1 0 1 1 0 0 0 1 1 1 0 0 1 0 1 1 0 1 1 1 1 1 0 1 1 1 0 0 0 0 1 0 
0 0 1 0 1 1 1 0 1 0 0 0 0 0 1 0 1 0 1 0 1 0 1 0 1 0 1 1 0 0 1 1 0 1 1 1 0 1 0 1 1 0 1 1 0 0 1 1 0 1 0 1 1 1 0 0 1 1 1 
0 1 1 1 1 0 0 1 0 1 1 0 0 1 1 1 0 0 1 1 0 0 1 0 1 1 0 1 0 1 0 0 0 1 1 1 1 0 0 0 1 1 0 0 1 1 1 1 1 0 0 0 0 0 0 1 1 0 0 
1 1 1 0 1 0 1 0 0 1 1 0 1 0 0 1 1 1 0 0 1 1 1 1 1 1 1 1 0 1 1 1 0 0 1 1 1 1 1 1 0 0 1 1 1 1 0 0 0 1 1 1 0 0 0 1 1 1 0 
1 0 0 0 0 0 0 1 1 1 1 0 1 1 1 1 0 0 1 1 1 0 0 0 0 0 1 0 1 0 0 0 1 0 0 1 1 0 1 0 1 0 1 1 1 0 0 0 1 1 1 0 0 1 0 0 1 1 0 
0 0 1 0 1 1 0 0 0 1 1 1 0 1 0 1 1 0 1 1 1 1 0 1 1 1 0 1 0 1 0 0 1 1 0 0 0 0 1 1 1 0 0 0 0 0 1 1 0 1 0 0 0 0 1 1 1 1 0 
1 1 0 1 0 1 1 1 0 1 0 1 1 0 1 1 0 1 0 1 1 1 1 1 1 1 1 0 0 0 1 1 1 1 0 0 1 1 1 1 1 1 0 0 1 1 1 0 0 1 1 1 1 1 1 0 0 0 1 
1 0 0 0 0 1 1 0 0 0 1 1 1 0 1 1 1 0 0 1 0 0 1 0 1 0 1 1 0 1 0 1 1 0 0 1 0 1 1 0 1 0 0 1 0 1 0 0 0 1 1 0 1 0 0 0 0 1 1 
1 0 0 0 0 0 0 1 0 1 1 1 1 1 1 0 0 0 0 0 0 1 1 1 0 0 1 0 0 1 0 1 1 0 0 1 0 0 1 1 0 0 0 1 1 1 1 1 1 1 1 0 1 1 1 1 1 0 0 
1 1 0 1 1 0 1 0 0 1 1 1 1 1 1 0 1 0 1 0 0 1 0 0 0 1 1 1 0 1 1 1 1 1 0 0 1 1 0 0 1 0 1 0 1 1 1 0 1 0 1 1 1 1 1 1 0 0 1 
0 0 0 1 1 0 0 1 1 1 1 1 0 1 1 1 1 0 0 1 1 0 0 1 0 1 0 1 1 1 0 1 1 1 1 0 1 1 1 0 0 0 0 1 0 1 0 1 1 0 0 0 0 1 1 0 0 0 0 
0 1 0 1 0 1 0 0 0 1 1 1 0 1 1 1 1 0 1 0 1 1 1 1 1 0 1 0 0 1 0 0 0 0 0 0 0 0 0 0 0 1 1 0 0 0 1 0 0 0 0 1 1 1 1 0 1 0 0 
