69 59 1020
57 64 19 7 45 2 3 81 98 35 91 45 20 70 21 1 64 20 97 89 37 66 44 40 92 98 57 33 55 22 81 11 38 99 70 34 1 72 15 50 58 5 94 77 27 14 77 42 85 25 82 74 90 25 65 81 74 22 65 
29 95 46 91 32 96 60 18 96 83 32 46 40 88 91 68 66 57 97 7 93 21 88 66 63 13 31 43 38 52 60 66 46 57 57 30 52 68 47 100 51 30 97 42 17 87 62 35 43 58 41 36 30 81 53 92 45 83 87 
82 86 46 48 84 2 56 13 53 23 11 52 25 40 48 19 8 87 80 42 29 89 35 16 18 15 21 10 59 3 96 40 41 41 39 24 94 94 88 46 69 50 50 45 89 49 63 48 35 94 90 16 82 24 83 52 38 3 61 
48 58 56 87 50 48 78 25 93 71 64 38 91 13 39 36 53 40 50 100 74 96 41 41 29 16 76 80 5 30 40 52 87 47 91 88 46 68 12 38 90 75 28 33 39 18 68 91 57 69 43 83 16 83 23 45 99 50 76 
3 80 16 7 18 14 97 6 12 16 17 49 5 44 28 37 82 46 56 25 2 77 67 36 92 49 59 88 99 60 64 54 39 31 60 57 44 56 62 55 71 30 56 27 73 83 16 7 28 23 31 82 99 97 17 43 97 27 82 
96 87 45 49 25 27 8 33 23 15 94 29 37 24 84 15 48 19 30 54 98 53 84 79 3 80 48 97 77 26 79 24 12 23 24 89 2 31 21 24 97 67 52 85 42 36 99 89 54 81 43 3 85 78 82 87 58 81 84 
86 6 62 61 70 36 84 10 89 66 82 12 62 48 64 98 89 51 96 30 4 28 72 58 12 1 39 51 58 71 86 95 29 99 55 98 86 38 59 75 3 40 86 16 40 49 13 80 99 61 9 54 40 32 12 4 33 2 54 
42 25 39 37 53 37 43 2 22 33 60 48 87 51 34 55 90 82 19 22 33 31 30 38 71 62 49 74 94 3 79 87 27 17 23 31 5 18 32 78 50 43 26 88 93 11 42 35 92 61 56 76 91 37 14 13 98 14 86 
43 68 64 30 94 32 4 76 88 73 7 18 22 49 95 62 94 5 3 80 48 15 35 24 6 71 89 70 21 54 56 15 22 71 44 67 55 100 43 94 72 1 11 46 2 57 7 95 61 61 74 61 76 60 36 33 82 24 2 
54 77 9 69 50 32 64 17 86 63 59 79 87 59 42 32 60 50 90 6 63 50 31 23 77 42 58 9 76 33 63 29 9 71 49 59 2 65 27 39 79 37 70 65 95 63 48 7 12 37 64 74 39 47 96 67 88 5 76 
63 37 90 44 46 12 44 56 14 8 34 4 87 70 73 3 16 35 51 74 47 39 38 72 77 84 68 44 23 72 71 38 61 12 33 58 23 76 65 88 84 98 92 22 67 16 24 82 51 74 56 49 13 45 72 41 80 39 36 
2 63 58 39 23 69 71 32 92 47 96 79 82 93 22 55 59 38 78 92 40 4 99 88 68 95 59 60 74 50 96 76 64 53 66 38 74 37 69 17 35 64 47 68 8 69 22 18 58 51 61 97 54 60 36 21 6 46 33 
80 47 28 7 10 32 72 99 57 60 19 73 94 34 20 13 41 40 34 58 97 37 19 93 90 30 80 63 35 25 95 66 72 74 72 33 57 96 32 14 55 2 86 1 36 57 13 76 96 99 86 92 35 56 36 76 85 15 90 
71 40 84 37 63 9 60 95 66 55 78 79 62 80 16 62 15 25 26 42 20 76 79 64 10 34 51 38 70 66 27 41 57 63 29 19 71 88 65 88 95 43 18 56 22 34 69 88 58 46 81 29 22 60 92 83 45 95 20 
15 12 47 55 68 61 83 38 31 22 54 19 16 96 36 23 69 21 43 8 30 89 89 59 10 100 2 92 44 96 64 58 59 62 64 26 22 98 15 52 20 21 22 87 16 10 10 37 30 52 44 60 92 84 70 1 35 23 45 
31 71 60 40 29 21 4 7 94 1 73 45 72 93 19 59 9 28 20 97 9 23 92 68 15 76 89 67 62 12 63 92 82 22 32 62 94 87 68 87 39 41 84 11 33 2 21 93 81 40 89 89 62 81 9 76 8 97 43 
21 60 5 13 93 79 96 55 72 82 22 59 20 14 42 82 47 95 2 91 75 41 80 15 3 12 23 30 71 72 24 91 31 81 55 76 59 50 30 82 31 3 92 3 17 85 84 15 79 86 5 5 78 36 20 32 99 42 62 
69 13 37 12 96 17 66 71 27 16 52 61 46 6 52 100 22 89 84 88 67 69 93 24 46 80 43 78 79 36 91 47 1 79 58 48 48 24 18 26 91 21 86 88 26 90 88 100 78 71 87 96 91 31 19 88 11 13 17 
89 49 7 87 1 86 97 48 85 72 17 10 62 37 96 49 62 37 36 13 14 58 100 61 48 82 80 36 92 44 52 32 92 11 19 44 48 67 91 32 38 7 41 99 95 88 99 9 24 35 21 89 92 72 50 92 54 81 27 
45 24 78 29 68 40 99 11 87 65 2 18 2 60 11 52 7 98 50 15 74 36 35 62 28 7 11 71 60 43 97 56 67 26 36 34 66 34 44 4 98 97 22 51 9 32 2 15 81 52 29 54 87 15 16 66 21 78 36 
32 21 84 40 39 10 27 72 27 61 67 30 10 64 3 13 24 86 14 38 67 17 18 20 56 32 87 73 5 17 9 36 37 44 27 27 5 54 98 31 66 64 13 27 79 15 39 2 1 5 91 19 73 8 90 28 40 77 1 
44 45 61 31 33 56 10 59 61 15 56 91 80 71 3 6 50 70 97 3 70 53 94 40 25 53 29 53 92 57 5 87 1 17 70 33 72 79 91 84 93 98 75 24 69 29 81 70 98 77 24 19 29 69 58 54 22 39 58 
65 95 14 52 48 82 21 32 5 51 75 89 43 72 15 66 92 43 46 13 93 75 37 11 3 5 21 8 26 11 17 91 57 30 94 4 63 14 36 68 64 10 56 58 33 22 75 25 64 20 37 56 94 25 19 49 30 91 8 
7 53 25 49 9 6 42 13 69 7 100 88 22 61 95 31 93 16 5 69 79 25 58 87 70 82 57 18 63 99 26 22 51 2 70 11 7 64 75 27 70 26 14 44 86 8 74 31 23 79 51 54 55 8 92 24 42 100 94 
56 50 71 77 52 24 99 62 30 62 37 57 83 62 22 26 100 30 52 30 4 82 32 9 36 40 100 11 33 51 56 88 100 78 17 51 1 15 65 83 76 53 91 10 66 12 36 65 93 39 46 97 20 78 5 7 69 57 69 
1 7 25 40 59 2 56 61 55 70 77 37 97 29 27 7 95 90 94 11 83 32 57 79 3 86 35 9 54 43 77 54 50 53 45 60 7 1 72 61 22 49 49 19 77 27 25 23 16 18 34 50 1 42 80 3 27 15 11 
80 57 39 85 58 92 29 69 98 81 41 10 3 41 10 21 69 36 97 92 3 14 77 53 66 18 32 68 96 98 30 75 7 68 11 64 11 91 85 60 72 25 69 74 17 78 46 85 65 42 28 68 7 4 72 72 73 3 39 
68 53 68 94 59 87 4 74 98 95 58 57 18 34 78 91 50 55 88 35 20 29 62 39 35 18 10 58 90 64 48 10 68 67 3 26 53 59 100 2 53 9 11 22 43 88 12 92 94 51 78 65 79 40 55 65 9 64 22 
98 80 21 7 47 87 62 73 91 20 24 93 24 32 55 45 26 42 8 70 87 58 47 4 88 38 58 52 46 22 25 96 53 45 54 99 83 15 23 73 34 98 65 9 82 19 53 7 12 60 76 51 69 75 54 56 64 11 59 
10 84 83 57 36 79 10 35 61 77 9 34 62 7 50 71 88 21 75 94 84 87 22 34 55 48 87 11 11 50 69 72 33 4 28 21 82 90 55 95 66 15 80 27 21 29 97 60 1 24 6 85 10 27 18 64 26 57 26 
36 58 47 8 90 50 35 10 83 76 16 29 41 31 8 20 3 89 68 63 89 91 20 73 100 46 43 64 71 51 89 58 8 87 65 49 36 52 11 71 27 78 99 20 60 7 39 63 95 6 77 35 97 96 60 96 93 54 11 
15 4 52 72 63 38 89 63 26 40 73 96 18 51 46 37 10 52 75 24 98 33 100 85 29 47 44 76 91 97 87 5 52 90 29 14 27 17 28 52 8 1 99 25 3 45 14 12 48 40 88 98 72 39 82 52 86 25 28 
76 73 66 33 24 55 61 89 33 77 16 37 36 68 35 60 70 31 25 34 79 65 21 28 88 11 9 40 96 85 67 24 57 84 56 32 38 68 20 22 44 87 58 79 7 45 90 76 75 67 61 5 31 33 32 18 44 40 9 
91 76 75 14 32 10 21 15 47 88 34 69 83 73 78 13 79 22 3 6 97 21 67 53 51 51 85 20 94 76 29 85 52 55 50 35 65 71 50 63 58 35 83 41 7 61 53 37 82 7 43 30 27 61 35 29 11 19 1 
57 94 29 93 97 35 42 32 51 12 81 14 22 67 48 62 74 8 66 62 42 73 4 23 51 16 57 80 79 27 80 87 73 60 79 69 46 20 52 97 84 84 62 5 51 9 18 76 17 83 37 10 7 93 84 58 8 41 89 
38 67 68 24 91 79 2 60 24 74 63 20 57 47 81 13 97 42 30 24 10 64 60 19 71 52 2 80 60 94 68 97 13 35 73 3 65 74 14 88 47 77 60 55 75 92 67 23 33 48 46 42 12 5 12 34 57 66 13 
68 59 80 16 71 66 88 26 30 14 39 17 12 67 28 67 41 20 85 63 4 85 8 98 96 65 9 81 21 74 93 40 85 72 55 55 89 95 32 18 8 71 86 19 37 14 37 30 85 74 92 40 58 52 37 5 16 98 85 
88 71 29 27 7 52 33 62 40 27 93 57 34 15 94 5 4 59 93 33 95 66 76 35 75 79 23 79 46 20 15 33 43 43 59 49 46 92 62 85 70 55 93 4 21 87 60 24 97 52 8 92 70 36 26 44 14 100 23 
60 20 89 44 62 84 55 10 29 98 24 66 67 78 58 70 50 96 81 26 93 33 33 84 2 20 61 45 86 12 19 97 31 60 40 44 43 94 6 23 91 29 88 10 58 46 31 7 93 12 32 85 96 17 20 97 88 32 93 
73 44 64 69 26 75 9 70 69 54 75 91 97 55 31 6 12 28 36 70 20 99 2 57 94 70 76 90 57 60 35 30 55 50 50 80 24 58 49 92 64 75 34 60 29 64 17 92 91 4 62 11 3 15 67 96 84 94 38 
92 5 24 73 59 73 23 39 48 32 39 39 95 66 72 6 46 88 74 38 78 78 99 40 80 13 58 27 48 52 64 39 56 87 64 67 11 86 57 58 17 95 48 64 12 20 69 58 7 43 47 36 72 45 76 51 9 33 29 
56 36 93 46 44 31 9 10 94 46 18 51 63 12 99 78 76 70 98 85 28 40 31 63 63 75 90 65 35 23 94 90 10 86 87 53 68 96 14 13 93 31 64 7 95 14 84 22 83 82 6 62 73 36 24 36 62 66 100 
96 40 93 37 49 30 23 54 50 70 19 62 63 2 77 69 96 90 53 69 24 86 74 37 58 61 13 45 22 78 97 69 17 41 5 65 23 27 70 24 97 89 85 11 90 14 79 37 55 83 5 79 68 78 67 78 90 79 74 
11 56 22 31 72 63 35 89 85 13 58 8 9 46 44 71 35 57 50 71 12 84 27 42 4 56 8 81 45 87 6 7 94 28 37 66 90 71 54 26 84 63 85 44 9 28 15 95 37 16 66 100 99 92 41 2 100 100 34 
44 38 40 51 32 19 87 49 8 58 2 85 93 64 69 36 24 48 2 19 36 17 36 35 16 79 27 17 78 27 51 22 64 42 24 47 60 10 95 19 19 48 55 11 64 75 99 87 74 100 57 10 69 92 44 84 71 23 52 
100 49 54 73 64 95 96 11 6 6 57 76 76 5 30 87 68 4 37 6 78 88 63 87 56 54 82 91 76 4 43 76 4 48 48 68 43 96 30 100 1 86 76 76 42 5 14 9 9 2 15 38 90 29 76 97 34 57 88 
10 61 82 37 16 29 36 83 23 31 64 23 83 2 98 11 43 54 24 4 14 26 70 51 67 98 26 63 31 35 50 92 47 31 80 62 12 16 97 34 98 12 56 81 13 5 91 8 11 66 11 24 43 80 27 9 29 4 72 
59 90 73 3 36 4 82 50 67 49 46 100 47 57 8 79 22 64 21 29 74 38 91 50 81 22 28 89 50 31 60 60 21 33 62 8 88 96 57 54 44 2 5 42 11 12 20 84 76 92 12 1 30 54 50 10 75 77 50 
24 60 62 35 32 46 97 39 33 44 48 38 87 1 94 29 63 6 100 46 33 44 9 33 73 62 35 34 36 63 35 11 22 96 46 5 41 42 96 25 85 43 14 23 43 8 51 6 65 3 3 97 46 12 81 70 73 15 55 
61 30 89 71 51 37 16 8 77 9 3 54 45 45 67 68 39 26 70 96 90 72 99 38 69 10 71 90 34 37 44 94 66 85 65 69 21 32 76 97 41 78 2 85 74 69 52 12 94 74 60 36 97 58 25 66 19 95 55 
4 32 51 98 49 35 14 17 7 45 92 3 37 21 57 22 94 25 25 58 70 98 69 57 95 26 82 12 96 76 18 99 59 68 48 60 54 13 76 60 10 20 15 46 40 71 67 86 47 92 95 16 41 63 73 35 40 6 46 
87 33 64 37 92 83 85 51 37 49 78 48 58 97 62 4 89 32 22 26 78 65 72 46 6 34 70 40 25 75 38 11 7 53 47 50 87 83 52 23 32 30 71 41 78 84 96 18 68 18 43 97 82 66 42 39 99 11 79 
75 37 68 85 44 72 84 93 58 18 45 81 49 26 3 42 3 38 37 21 5 54 15 2 88 81 95 26 31 6 56 6 42 23 42 37 94 77 30 4 95 26 84 95 51 38 36 53 75 73 25 32 26 92 33 65 72 27 91 
54 84 46 59 78 21 53 14 66 29 95 69 75 20 4 70 70 93 5 75 20 77 99 51 55 90 35 71 13 13 13 67 49 59 77 26 31 29 91 48 10 86 17 36 5 72 5 27 65 62 1 36 38 99 86 44 41 72 67 
53 84 79 19 32 89 48 9 19 76 100 19 37 85 87 73 41 58 29 67 74 90 67 9 80 18 46 75 58 17 41 10 53 20 81 84 8 28 45 79 55 44 97 44 80 35 16 72 92 44 39 18 86 57 26 65 74 72 39 
31 88 80 93 92 51 73 76 10 52 72 40 6 15 88 49 46 22 16 17 14 12 55 31 97 64 8 13 37 79 51 68 19 82 12 10 32 36 37 94 87 8 33 44 74 21 45 71 42 12 88 7 23 94 89 71 57 97 35 
46 27 86 13 97 67 76 59 51 11 47 44 49 7 28 92 80 48 36 3 90 100 90 48 22 35 37 45 92 85 79 37 63 16 1 12 35 28 70 37 38 68 80 86 74 59 29 6 7 17 8 48 16 49 95 89 83 83 33 
26 19 64 14 82 31 66 93 65 93 14 1 82 81 32 67 55 91 48 60 49 64 19 96 79 67 42 67 49 77 52 27 95 67 40 28 97 6 72 14 50 85 14 32 66 98 50 72 40 97 83 88 12 1 35 90 19 28 9 
19 4 12 45 51 78 85 30 26 42 2 39 91 86 5 22 3 2 72 74 93 20 8 80 32 60 66 73 78 93 81 97 49 92 41 99 21 77 80 47 18 81 85 61 19 89 82 21 42 5 47 34 77 54 65 8 66 30 32 
43 23 13 91 71 56 84 21 77 60 100 23 30 33 7 90 51 48 23 71 41 80 69 75 56 75 39 15 40 69 98 82 43 10 25 65 66 8 37 42 67 36 16 48 20 74 37 70 21 12 93 62 91 61 88 98 35 26 64 
74 46 61 8 40 23 32 4 88 91 40 81 57 28 48 5 47 21 93 17 42 4 9 55 46 69 42 43 56 19 58 81 17 19 40 56 41 23 60 80 13 99 12 22 78 59 78 25 79 70 41 72 26 1 78 71 21 19 66 
76 90 23 9 6 93 48 61 85 23 72 64 35 23 27 56 100 37 33 24 16 55 16 39 80 68 17 50 89 87 15 16 76 90 24 33 82 24 46 19 46 17 34 80 91 61 88 91 97 72 66 64 26 34 3 5 1 71 7 
41 57 73 57 85 62 80 69 96 3 14 14 48 83 47 80 73 59 67 15 8 38 33 71 16 18 25 72 70 95 78 11 4 51 67 40 64 98 8 11 53 74 76 100 56 75 31 80 85 97 47 92 87 31 63 2 48 39 73 
69 34 3 79 89 5 97 28 20 95 87 83 47 60 10 98 67 84 29 47 21 77 45 12 15 75 26 68 74 65 93 42 50 95 21 90 51 69 69 70 63 55 4 61 67 14 11 33 49 91 79 69 19 75 81 34 49 58 1 
22 74 45 64 23 91 36 64 41 4 32 63 19 87 18 31 53 31 41 37 80 31 68 100 50 42 32 35 91 90 87 64 63 32 79 38 74 14 53 15 70 85 29 40 23 98 70 27 29 11 63 60 93 30 59 94 24 91 28 
66 32 15 29 46 98 8 35 71 73 88 37 94 24 17 33 98 15 3 24 43 65 38 54 57 20 12 51 43 54 78 8 37 44 88 83 41 95 69 12 20 8 100 13 31 17 46 28 31 100 3 73 64 41 26 72 12 89 22 
54 95 52 13 31 47 100 65 88 47 86 51 18 93 50 30 76 66 27 3 96 78 58 20 41 98 97 13 9 38 86 14 84 89 78 14 36 29 31 75 75 68 77 92 60 26 74 87 44 52 90 91 30 47 63 22 96 59 86 
56 48 72 21 31 12 98 97 99 26 79 73 53 46 1 44 57 27 69 44 22 21 85 64 2 83 26 23 78 37 9 85 84 32 5 67 43 54 63 42 79 93 66 31 38 67 27 94 45 47 89 18 19 73 81 20 55 7 43 
84 95 3 20 30 34 76 96 28 29 10 21 8 2 87 90 91 5 68 85 49 15 25 18 85 98 98 5 4 56 99 40 2 1 11 32 86 87 27 13 15 89 34 74 90 72 16 81 76 83 17 76 49 41 93 86 90 42 90 
1 1 1 0 0 1 0 1 0 0 0 0 1 0 1 0 1 0 1 1 1 0 1 0 0 0 0 1 1 0 0 0 1 1 0 1 0 1 1 0 1 1 1 0 1 0 1 0 1 0 0 0 0 1 1 1 1 1 0 
1 1 1 1 0 0 0 0 1 1 1 1 0 0 0 1 1 1 0 1 0 0 1 0 1 1 1 0 0 1 0 1 0 1 1 1 0 1 1 1 0 0 0 0 0 1 1 1 0 1 0 0 0 0 0 1 1 0 1 
1 1 1 1 1 1 0 0 1 1 1 0 1 1 0 1 1 1 1 0 1 0 1 1 0 1 0 1 0 0 0 1 1 0 0 0 1 0 1 0 1 0 0 0 0 0 0 1 0 1 0 1 1 1 1 0 0 1 1 
0 1 0 1 0 0 0 0 1 0 1 1 0 0 1 0 0 1 0 1 1 1 1 1 1 0 0 1 0 1 0 0 0 0 0 0 0 0 0 1 0 0 0 0 0 1 1 0 1 1 1 0 1 1 1 0 1 1 1 
0 0 1 0 0 0 0 0 0 0 1 0 1 1 0 1 1 0 0 1 1 0 0 1 1 1 1 1 1 0 0 1 1 1 1 1 1 0 0 0 0 1 0 1 0 0 1 1 0 1 0 1 1 0 1 0 0 0 1 
1 0 1 0 1 1 1 1 0 1 1 0 0 0 0 1 0 1 0 1 1 0 1 1 1 1 0 0 1 0 1 0 0 1 0 0 0 0 1 0 1 0 1 1 0 1 1 0 0 1 1 0 1 0 1 1 1 1 1 
1 1 0 1 1 1 0 1 1 0 0 0 1 0 1 1 0 0 0 0 1 1 1 1 1 1 0 0 1 1 1 0 0 1 1 1 1 1 1 0 1 1 0 1 0 1 0 0 0 0 1 1 1 0 0 0 0 0 0 
1 1 1 1 1 1 0 0 0 0 1 0 1 1 1 0 1 0 0 1 0 0 0 1 0 1 1 0 1 1 1 0 0 0 1 1 1 1 0 1 1 1 0 1 0 1 1 1 1 0 1 0 0 1 1 0 0 1 1 
1 0 0 1 1 0 0 0 0 0 0 1 1 0 1 0 0 0 0 0 0 0 1 0 0 0 1 1 1 0 0 0 1 0 0 0 0 0 0 0 0 1 0 0 1 1 0 1 0 0 1 0 0 0 0 1 1 1 0 
0 0 0 0 1 0 0 1 0 1 1 1 1 0 1 1 1 0 0 1 0 0 0 0 1 1 0 0 0 0 0 0 0 0 0 1 0 1 0 0 0 1 1 1 0 0 1 1 1 1 0 1 1 1 0 0 0 0 0 
0 0 0 0 0 0 0 1 0 1 1 1 1 1 0 1 1 1 0 0 0 1 1 1 0 0 1 1 0 0 1 0 0 0 0 1 0 0 0 1 0 0 0 1 1 0 0 0 1 0 0 1 1 1 1 0 1 0 1 
1 0 0 1 1 0 1 0 1 0 0 0 0 0 0 1 1 0 0 1 0 0 0 1 0 1 0 0 1 1 1 0 1 1 0 0 0 1 0 1 1 1 1 1 1 1 1 1 1 1 0 1 1 0 1 1 0 1 1 
1 0 0 1 0 0 1 0 0 1 1 1 0 0 0 0 1 1 1 0 0 0 1 0 1 1 1 1 1 0 0 0 1 1 0 1 1 1 1 1 0 0 0 1 0 0 1 0 1 0 0 1 0 1 1 1 1 0 0 
0 1 1 1 0 0 1 1 1 0 0 0 1 1 0 0 1 0 1 1 1 1 0 0 1 1 0 0 0 0 1 1 1 0 0 1 0 1 0 1 1 1 1 0 0 1 0 1 1 1 1 0 0 1 0 1 0 0 0 
1 1 1 0 0 1 0 0 1 1 0 0 0 1 1 1 1 0 1 1 1 1 0 1 1 1 1 1 1 0 1 0 1 0 0 1 1 0 1 0 1 0 0 0 1 1 1 1 1 0 0 0 1 0 1 1 1 0 0 
0 0 1 1 1 1 1 1 0 0 0 0 1 0 0 1 0 1 0 1 0 1 1 0 0 1 1 1 0 1 1 0 0 0 1 1 1 1 0 1 1 1 1 0 1 1 0 1 0 0 0 0 1 1 0 0 0 1 1 
0 1 1 1 1 1 0 0 1 1 1 0 0 0 0 1 1 1 1 1 0 1 1 0 1 1 1 1 1 0 0 0 1 1 1 0 1 1 1 0 1 0 0 1 0 0 0 1 0 1 0 0 1 0 0 0 1 1 1 
0 0 1 0 1 1 1 0 0 1 1 0 0 1 0 1 1 1 0 0 1 1 1 1 0 1 1 0 0 1 1 0 1 1 1 0 0 0 0 0 1 1 0 1 0 0 1 1 1 1 0 0 0 1 1 1 0 1 1 
0 0 1 0 1 0 1 1 0 0 0 0 1 1 0 1 0 0 0 1 0 1 1 0 1 0 0 0 0 1 0 0 1 1 1 0 1 0 1 1 0 1 1 0 1 1 1 1 1 1 0 1 0 0 0 1 0 0 0 
1 1 0 1 0 1 0 0 0 1 1 1 1 1 0 1 0 1 0 1 0 1 1 0 1 1 0 1 0 0 1 1 1 1 0 1 0 1 1 0 0 0 1 1 1 1 1 1 0 1 0 0 1 0 0 0 1 0 1 
1 0 0 0 1 1 1 0 1 0 1 1 0 0 0 1 1 1 0 1 1 0 1 0 1 1 0 1 1 1 1 0 1 1 1 1 1 0 1 0 0 1 0 0 1 0 1 0 0 0 1 1 0 1 1 1 0 0 0 
1 1 1 0 0 1 1 1 0 1 1 0 1 0 0 1 1 1 0 1 1 0 1 0 0 0 0 1 0 0 0 0 1 1 0 1 0 1 1 0 0 0 1 1 0 1 0 1 0 0 0 1 1 1 0 1 1 0 1 
0 0 1 0 1 0 0 0 1 1 1 1 1 1 0 0 1 0 0 0 0 0 1 0 1 0 0 1 0 0 0 0 0 1 0 1 1 0 1 0 1 1 0 0 0 0 0 0 0 0 0 1 0 1 1 0 0 1 1 
0 1 1 0 1 0 0 0 1 0 1 0 1 0 0 1 1 0 1 1 1 1 1 0 1 1 1 1 1 0 0 1 1 1 1 0 1 1 0 1 1 1 1 0 0 1 1 1 1 0 0 0 1 1 0 0 0 1 0 
1 1 0 0 0 0 1 0 1 0 0 0 1 0 1 1 0 0 0 1 0 0 1 0 1 0 1 0 1 0 0 0 0 0 1 0 0 0 1 0 1 1 0 0 1 0 0 1 0 0 0 0 1 1 1 0 0 0 0 
1 0 0 1 0 1 0 1 1 1 0 1 0 1 0 0 1 0 0 0 0 1 1 1 0 0 0 0 0 0 1 1 0 1 1 1 0 1 0 0 0 0 1 0 1 1 1 0 1 1 1 0 0 0 1 0 0 1 1 
1 1 0 0 1 1 1 0 0 1 0 0 1 0 1 0 0 1 1 0 0 0 1 0 1 1 1 1 0 0 0 1 1 0 1 1 0 1 1 0 0 0 0 1 0 1 1 0 0 0 1 1 1 0 1 0 0 1 1 
0 1 0 1 1 0 0 0 0 1 1 0 1 1 0 1 0 0 0 0 0 1 1 1 0 0 1 0 0 0 1 0 1 1 1 0 0 1 0 0 1 0 1 0 1 1 1 1 1 0 0 0 1 1 1 1 1 0 1 
1 0 0 1 0 0 0 0 0 0 1 0 1 1 1 1 0 1 1 0 0 1 0 0 0 1 0 1 1 0 0 0 1 0 0 1 0 0 1 0 0 0 1 1 1 0 1 0 1 0 0 0 1 0 0 1 1 0 0 
0 1 0 1 0 0 1 1 1 1 0 1 0 1 0 1 0 1 0 0 0 0 0 0 1 0 1 0 0 1 0 0 0 0 1 0 1 0 1 0 0 0 1 0 1 0 1 1 1 0 0 1 0 0 0 0 1 1 0 
1 0 1 1 1 1 1 1 0 1 1 0 1 1 0 1 0 0 1 1 1 1 1 0 1 0 0 1 1 1 0 0 0 1 1 1 0 0 0 1 0 1 1 1 0 1 1 0 1 0 0 0 1 1 1 0 1 1 0 
0 1 0 0 1 1 0 0 1 0 0 0 0 0 0 0 0 1 1 1 1 1 1 1 0 0 0 0 0 0 0 0 1 0 1 0 1 1 0 1 1 0 1 0 0 1 0 1 1 1 0 0 0 1 1 0 1 0 0 
1 0 1 0 1 1 1 1 1 0 1 0 1 1 1 1 0 1 1 1 0 0 1 0 0 0 1 0 1 1 1 1 1 0 1 0 1 0 1 0 0 0 0 1 0 0 1 0 1 0 1 1 1 0 1 1 0 0 0 
1 0 1 0 1 1 1 0 0 1 1 1 1 0 1 1 0 1 0 0 0 0 1 1 1 1 0 1 1 1 1 0 1 0 1 0 1 0 0 1 0 0 0 1 0 0 0 0 1 0 0 0 1 1 1 0 0 0 1 
1 1 0 1 0 0 0 0 1 1 1 1 1 1 1 0 1 1 1 1 1 1 1 1 0 0 0 1 0 0 0 1 1 1 0 1 1 1 0 1 0 1 0 1 0 1 1 1 1 0 0 0 0 1 1 0 1 1 1 
1 0 0 0 1 1 0 1 0 1 1 1 1 0 1 0 0 1 0 1 0 0 1 0 0 0 1 1 1 0 0 0 0 0 0 0 1 0 1 0 0 0 1 1 0 1 0 0 0 0 1 0 0 0 0 1 0 1 0 
1 1 0 1 0 1 1 0 0 1 1 0 1 1 0 1 1 1 1 1 1 1 0 1 1 0 1 0 0 0 0 1 1 1 0 1 0 1 1 0 0 0 1 0 1 1 1 0 0 0 1 1 1 1 0 0 1 1 1 
1 1 1 0 0 0 0 0 0 1 1 1 0 0 0 0 1 1 1 0 1 1 1 0 0 1 0 0 0 1 1 0 0 1 0 0 1 1 0 0 0 0 1 0 0 1 0 1 0 1 1 1 0 1 1 0 0 1 1 
0 0 0 0 0 1 1 0 1 0 1 1 0 1 0 1 1 1 1 0 1 1 0 0 1 1 1 0 1 0 1 1 0 1 0 0 1 1 0 0 1 1 1 1 0 1 0 1 0 0 0 1 1 0 1 0 1 0 0 
0 0 1 1 0 1 1 0 0 0 0 0 1 0 1 1 0 0 1 0 0 1 0 1 0 0 0 1 1 0 1 1 0 1 0 0 0 0 0 0 0 0 0 0 0 1 1 1 1 0 1 1 0 1 0 0 1 0 1 
0 0 1 1 0 0 1 0 0 1 0 0 0 0 0 0 1 1 1 0 0 1 1 1 1 0 1 0 1 1 1 1 1 0 0 1 0 1 1 0 1 1 0 1 1 0 1 0 1 0 0 1 1 1 0 1 1 1 1 
0 0 0 1 1 1 1 0 1 1 1 0 0 0 0 1 0 1 0 0 0 0 1 0 1 0 0 0 0 0 1 0 0 0 0 0 1 1 0 0 0 0 0 0 0 1 1 0 0 1 1 0 1 0 0 1 0 1 1 
0 1 1 1 1 1 1 1 0 0 0 0 1 0 1 1 0 0 1 1 0 0 0 0 0 0 1 1 0 0 0 1 1 1 0 0 0 1 0 0 1 0 1 0 0 0 0 0 0 1 1 0 1 1 0 1 1 1 0 
0 1 1 1 0 0 1 1 1 0 1 1 1 1 0 0 1 0 0 1 0 1 1 0 0 0 1 0 0 0 0 0 0 1 1 0 0 0 1 1 0 0 0 1 1 1 1 0 1 1 0 0 0 1 0 1 1 1 1 
1 0 1 1 0 1 0 0 1 0 0 0 0 0 0 0 0 1 1 0 1 1 0 1 1 1 1 0 1 1 1 0 1 1 0 1 0 0 1 1 1 1 1 1 0 1 1 0 1 1 0 0 0 1 1 1 0 0 0 
1 1 1 0 0 0 0 1 0 0 1 1 1 0 0 1 0 0 0 0 1 1 1 1 1 0 0 1 0 0 1 0 0 0 0 0 1 0 0 1 0 1 1 0 1 1 1 0 1 1 0 0 1 1 1 0 1 1 1 
0 0 0 0 0 1 0 0 0 0 0 1 0 1 0 0 1 0 1 1 1 1 1 0 0 1 1 0 0 1 0 0 1 0 0 1 1 0 1 1 0 0 1 1 1 1 1 0 1 1 1 1 0 1 1 0 0 0 0 
0 1 0 1 0 1 1 1 0 0 1 0 0 1 1 1 0 0 1 1 0 0 0 1 0 1 0 0 1 0 0 0 0 1 1 0 0 0 0 0 0 1 0 1 0 1 0 0 0 1 1 0 1 0 1 1 1 1 1 
1 1 0 1 1 1 0 0 1 0 0 1 1 1 0 0 1 1 0 1 1 0 1 1 1 1 0 1 0 1 0 1 1 0 0 0 1 0 0 0 1 0 0 0 1 0 0 0 1 0 0 1 0 1 0 0 0 1 1 
0 0 1 0 1 0 0 0 1 1 0 0 0 1 0 0 0 0 0 1 1 0 1 0 1 0 1 1 0 0 0 0 0 1 0 0 1 1 0 1 0 0 1 0 1 1 0 0 1 0 1 0 0 0 1 1 0 0 0 
0 0 0 0 0 0 1 0 1 0 0 0 0 1 1 0 0 0 0 0 1 0 1 0 0 1 1 0 1 1 0 1 1 1 0 1 1 1 0 0 1 0 1 1 1 0 1 0 1 1 0 0 1 0 0 1 1 1 1 
1 0 0 0 1 1 0 1 0 1 1 0 0 1 1 1 1 0 0 1 1 1 1 1 0 1 0 0 1 1 1 0 0 1 0 1 0 1 0 0 0 1 1 1 1 0 0 0 0 1 1 1 0 0 1 1 0 1 1 
1 0 0 1 0 0 1 0 0 0 0 1 1 0 0 0 1 0 0 1 1 1 0 0 0 0 1 1 0 0 0 1 1 0 0 1 0 0 1 1 0 0 0 1 0 0 1 1 0 0 0 1 1 0 0 1 0 1 0 
1 0 0 0 1 1 1 0 1 1 0 0 1 0 0 1 0 0 0 1 1 0 1 0 0 1 0 1 1 0 0 0 0 0 1 1 1 0 1 1 1 1 1 0 1 0 1 1 0 0 0 1 0 1 0 0 0 0 0 
0 0 0 0 0 0 1 1 0 1 1 1 0 0 0 1 0 0 0 1 1 0 0 0 1 1 0 1 0 1 1 0 1 1 0 0 0 0 1 0 1 0 1 0 1 1 1 1 0 1 0 1 0 0 1 1 0 0 0 
0 1 0 0 0 1 0 0 1 0 0 1 0 0 0 0 1 0 1 0 0 0 1 1 0 1 0 1 1 0 0 1 1 0 1 0 1 0 0 1 0 0 0 0 1 1 0 0 1 1 1 1 0 0 0 0 1 0 0 
1 1 0 0 0 0 0 0 1 0 1 0 0 1 1 1 0 0 1 1 1 1 0 0 1 0 0 1 1 0 1 0 1 1 1 0 1 1 0 1 1 1 1 1 1 0 0 1 0 0 0 1 1 0 1 0 0 1 1 
0 0 1 0 1 0 1 1 0 0 0 1 1 1 0 1 0 1 1 0 1 1 0 1 0 1 0 0 1 0 0 1 0 1 0 1 1 1 1 1 0 1 0 1 0 1 0 1 0 0 1 1 1 1 0 0 0 1 0 
0 1 0 1 1 1 1 0 1 1 1 0 1 0 1 0 1 0 1 0 0 1 1 1 0 0 0 0 1 1 1 1 0 1 0 1 1 0 1 0 1 1 0 0 1 1 0 0 1 1 0 1 0 1 1 1 0 1 1 
1 0 0 0 0 0 0 1 1 0 0 1 1 1 1 1 1 1 0 1 0 1 0 0 0 1 1 1 1 0 0 0 0 1 0 0 1 1 1 0 1 1 1 1 1 0 0 0 1 0 1 0 0 1 0 0 1 1 1 
0 1 1 1 1 0 1 1 1 0 0 1 0 1 0 1 0 1 1 0 0 0 0 0 0 1 0 0 0 1 1 1 0 0 0 1 1 1 0 0 0 0 0 0 0 0 1 0 1 0 1 0 0 1 0 0 0 1 0 
1 0 1 0 1 0 0 0 1 1 1 1 1 1 1 1 1 0 0 0 1 1 1 1 1 0 0 0 0 1 0 1 1 0 1 0 0 1 1 1 1 0 0 0 1 0 0 1 0 0 1 1 1 0 1 1 0 1 1 
0 0 1 0 1 1 1 0 1 1 1 0 0 1 1 0 0 1 0 1 1 1 0 0 0 0 1 1 0 0 0 1 0 0 1 0 1 0 0 1 1 1 1 1 0 0 0 0 1 0 0 0 1 0 1 0 1 0 1 
1 1 0 0 1 0 1 1 1 0 1 0 1 0 0 1 0 0 1 1 0 1 1 0 1 1 1 1 0 0 0 0 1 0 0 0 0 0 0 0 0 1 0 1 0 0 0 0 1 1 1 1 1 0 1 0 0 1 1 
0 1 1 0 0 0 1 0 0 1 0 0 1 0 1 0 0 1 1 0 0 0 0 1 1 0 1 1 0 0 0 1 1 0 1 1 0 0 1 0 1 0 1 0 0 0 1 0 1 0 0 0 0 0 1 0 1 0 1 
1 0 0 0 1 0 0 0 0 0 0 0 0 0 1 0 0 1 1 0 1 1 0 1 0 1 0 0 0 1 1 1 1 1 0 1 1 0 1 1 0 1 0 0 1 1 1 1 1 0 1 0 0 0 1 0 1 1 0 
1 0 1 0 0 1 0 1 0 0 0 0 1 0 0 1 1 1 0 1 0 1 0 0 1 0 1 1 1 1 1 0 1 0 1 1 1 1 0 0 0 1 0 1 1 0 0 0 1 1 1 0 0 0 0 1 0 0 0 
0 1 1 0 0 1 1 0 1 1 0 1 1 1 1 0 0 1 0 1 0 1 0 0 1 0 1 0 1 1 0 1 0 1 1 0 1 1 0 0 0 1 1 1 0 0 1 1 1 1 0 1 1 0 0 0 1 1 1 
0 0 1 1 0 1 0 0 0 1 1 0 1 0 1 0 0 1 1 1 0 1 1 1 0 0 1 0 1 0 1 1 0 1 0 0 0 0 1 0 0 0 0 1 0 1 0 0 0 1 0 0 0 1 1 0 1 1 1 
