64 62 1290
48 66 1 73 62 17 24 42 72 20 100 94 97 60 48 1 77 96 60 64 33 2 81 70 6 75 91 41 16 99 51 63 65 51 87 78 19 63 71 90 82 70 84 78 82 83 78 10 30 89 25 63 43 5 32 48 31 22 40 46 72 90 
9 88 93 47 17 11 9 88 53 42 9 88 19 90 70 49 51 99 37 75 13 79 80 44 78 10 17 18 56 89 59 16 28 3 14 45 14 75 32 18 16 40 5 35 82 26 83 32 24 71 7 37 50 86 32 27 47 49 96 2 89 7 
69 16 9 83 60 74 57 43 91 72 35 95 58 16 20 92 47 96 63 53 84 12 90 15 90 37 15 38 90 3 44 59 71 52 41 82 78 49 25 68 20 11 15 78 26 86 69 72 33 83 77 16 46 18 83 36 54 97 25 96 52 20 
54 22 71 46 55 48 94 31 68 65 41 82 42 66 67 63 90 100 97 18 67 43 35 49 30 41 98 54 36 1 73 41 74 95 86 28 95 79 59 62 95 51 95 89 17 13 51 58 64 47 75 31 41 61 31 70 1 80 23 88 80 47 
28 53 42 13 81 88 43 91 49 38 41 43 26 9 7 28 66 71 26 92 1 67 53 83 36 53 63 11 93 42 57 20 95 50 85 27 37 79 17 37 16 9 31 93 18 38 72 35 8 50 27 60 68 31 42 55 35 4 65 27 98 74 
47 44 75 31 70 12 9 38 48 77 98 79 21 67 68 45 2 75 94 80 86 13 10 79 67 44 83 84 71 32 57 69 75 83 51 96 94 59 33 94 87 30 24 60 97 91 4 50 17 49 29 2 13 90 80 79 85 14 62 7 97 70 
75 71 5 25 18 98 36 50 43 74 32 66 33 80 8 88 29 24 36 9 77 48 50 9 79 34 74 92 41 71 14 15 93 18 92 11 67 27 12 10 100 43 75 85 74 83 72 2 58 60 62 87 59 11 95 89 97 68 81 37 90 46 
3 35 63 46 97 29 72 8 90 24 3 65 60 76 99 31 30 8 42 43 94 1 6 88 89 2 8 21 90 49 66 44 83 80 90 79 9 13 39 50 88 41 14 47 68 64 30 97 72 71 40 65 23 97 5 12 98 64 84 39 12 50 
82 47 29 23 25 89 88 15 91 75 55 4 74 23 20 3 71 43 25 62 7 48 58 63 11 7 26 94 45 38 95 27 84 76 1 60 16 88 75 6 15 81 62 88 55 81 42 26 23 66 39 81 13 97 44 75 3 21 69 100 58 15 
78 93 42 78 53 58 66 79 63 80 59 76 19 66 8 60 91 82 25 81 63 90 29 58 64 32 78 84 83 88 51 60 80 92 37 84 49 54 14 64 85 25 39 3 90 99 62 32 80 39 12 42 80 41 51 43 24 81 79 6 68 29 
65 99 20 53 35 21 7 100 84 91 24 74 46 65 72 59 96 52 97 60 45 76 52 48 71 27 28 1 32 47 29 48 97 100 52 31 20 58 31 3 1 6 29 46 71 52 4 18 3 53 77 100 80 80 47 2 6 74 2 89 20 82 
36 16 82 88 99 1 97 81 56 49 38 84 94 8 35 50 78 90 54 6 41 85 86 87 87 91 12 40 80 83 22 67 50 3 6 48 3 55 80 58 3 18 93 49 77 80 50 54 21 3 60 61 39 97 99 25 87 10 17 18 92 38 
85 41 40 42 41 94 96 20 4 99 89 48 99 66 27 48 71 99 50 82 11 40 78 9 65 65 18 33 34 61 70 70 2 61 12 42 54 59 13 57 57 2 5 55 19 83 54 89 82 55 71 92 95 48 53 11 64 70 43 98 31 12 
67 84 72 30 77 77 89 89 34 97 42 90 4 12 24 57 53 57 12 23 49 6 22 53 68 38 22 10 87 4 73 5 87 44 35 63 72 23 4 57 19 97 46 74 9 22 31 61 78 94 35 78 51 8 30 18 97 52 27 83 7 99 
88 94 94 22 8 65 96 63 74 66 60 71 40 68 92 22 80 70 15 14 47 65 73 29 82 70 80 60 52 38 58 91 83 3 64 91 19 59 53 92 77 64 63 68 31 54 89 62 75 55 27 22 19 100 50 52 69 81 63 72 70 72 
63 53 74 26 43 44 37 47 36 13 63 50 80 45 55 20 7 30 74 33 3 44 84 4 47 52 36 9 76 5 80 90 57 5 15 51 48 3 50 35 67 12 84 98 56 39 17 62 68 42 47 22 37 30 25 35 34 60 43 9 16 74 
98 73 30 64 75 30 67 24 64 85 87 100 83 43 38 99 56 57 93 54 30 29 84 54 64 69 65 58 29 80 84 78 52 13 41 79 94 59 54 58 44 41 57 26 35 46 76 42 54 68 96 83 49 31 88 64 51 52 73 79 83 56 
56 87 21 48 65 14 7 18 71 2 58 79 79 44 76 54 86 81 74 33 15 74 15 54 37 65 57 9 43 40 17 98 26 37 45 90 2 3 59 73 4 69 3 34 12 31 40 49 63 13 81 78 38 95 31 26 59 88 86 53 79 2 
50 4 90 47 45 92 49 3 16 5 23 70 38 35 100 77 35 63 41 68 92 78 62 74 55 73 13 41 25 91 94 27 94 84 73 90 27 73 93 42 77 67 11 67 53 63 43 88 77 84 55 20 13 68 93 68 92 58 8 69 48 1 
95 94 36 19 83 62 91 27 55 20 94 18 86 46 32 80 33 8 15 39 79 28 7 23 47 50 80 6 18 28 58 12 21 94 82 3 7 25 30 62 44 75 79 81 20 10 12 5 69 27 43 99 54 1 21 100 51 1 5 68 80 62 
32 52 7 65 6 14 89 87 27 84 61 5 16 81 66 28 85 86 54 27 84 59 80 56 10 30 56 14 49 87 27 32 38 86 97 44 51 37 30 77 21 91 33 36 23 50 63 7 35 68 85 70 26 16 25 35 97 33 100 46 19 79 
29 9 64 77 4 66 14 33 42 34 75 26 21 97 75 84 55 61 51 92 30 29 7 6 63 4 38 63 1 57 93 29 17 56 6 20 73 19 52 66 4 79 91 24 27 17 7 82 29 10 25 10 90 31 15 52 34 53 66 34 61 58 
63 77 65 20 48 37 90 51 2 93 29 92 16 8 60 75 89 88 36 65 97 25 95 12 76 29 16 94 14 28 51 28 4 16 47 51 52 88 1 6 80 82 49 96 89 9 70 29 48 57 93 45 81 39 8 8 67 23 1 33 50 4 
60 5 19 59 7 22 46 59 79 26 40 28 73 80 88 94 8 35 50 52 79 82 91 38 89 9 60 42 41 61 45 53 17 15 63 23 88 60 34 67 37 73 46 9 5 33 54 64 67 3 68 98 84 58 35 25 18 47 18 11 7 62 
63 76 28 77 98 15 36 31 33 73 56 78 33 12 10 87 75 29 41 42 26 77 51 60 1 69 6 18 79 65 31 93 40 58 21 89 24 56 72 57 80 79 86 13 90 48 51 64 76 91 58 1 67 8 12 19 76 70 36 6 86 18 
50 25 27 70 65 51 78 36 59 9 14 96 21 3 43 71 19 18 14 76 70 80 35 34 99 63 3 86 68 88 56 70 64 82 91 28 84 68 16 94 77 81 90 49 36 32 72 54 2 85 81 71 16 15 4 14 77 58 52 97 45 7 
66 60 88 8 40 24 76 55 17 4 35 6 4 22 38 75 75 91 11 7 61 27 74 17 92 50 26 95 98 23 1 15 82 41 23 21 64 50 27 80 53 14 86 56 35 75 83 62 65 45 68 77 23 41 45 67 43 71 61 40 93 14 
55 74 54 29 47 17 78 73 48 30 86 33 37 73 59 71 34 23 68 1 52 90 42 96 8 84 18 69 75 10 82 81 36 35 9 34 3 86 6 50 67 44 35 56 16 93 26 49 68 93 1 19 35 42 14 42 77 84 62 4 93 43 
84 80 29 93 13 83 30 19 85 97 14 19 52 29 63 29 29 30 74 29 100 8 23 66 1 51 49 63 54 41 57 90 21 38 34 33 72 63 3 56 59 68 74 62 48 89 91 76 18 64 57 18 23 31 35 75 81 83 89 87 23 46 
76 95 35 9 80 6 71 34 62 82 2 87 43 1 75 85 29 45 48 85 14 22 15 48 97 47 82 85 33 4 82 60 51 16 20 82 74 43 15 87 24 68 73 18 69 100 3 49 96 2 33 61 24 99 60 72 45 41 8 30 96 90 
89 98 57 9 79 30 51 46 68 26 65 93 43 85 92 97 33 39 99 65 99 74 15 58 97 60 50 4 89 45 93 29 43 2 89 21 83 39 18 51 64 83 43 59 67 86 55 52 24 5 68 74 78 83 83 26 94 32 30 34 28 74 
62 70 75 51 43 10 41 60 60 57 94 54 15 13 39 21 64 14 26 31 39 55 65 21 81 58 4 62 91 31 35 53 53 10 55 95 71 95 6 30 3 52 35 17 64 25 90 79 38 15 61 76 21 26 48 53 83 51 14 26 33 49 
30 85 10 84 31 80 30 89 61 33 40 95 1 55 19 90 33 8 56 45 35 77 70 34 29 5 36 43 30 68 43 59 5 52 94 35 83 75 75 43 7 14 89 60 20 59 1 52 66 57 97 52 85 18 85 13 22 20 7 3 39 1 
13 95 52 6 82 86 81 56 28 39 70 68 50 41 26 51 93 43 7 41 94 43 10 30 55 84 1 14 86 92 14 99 86 18 56 67 55 88 23 83 27 44 2 28 84 28 78 28 22 36 20 68 78 30 97 85 13 50 50 50 41 15 
100 26 84 8 93 39 95 67 73 21 10 74 1 93 53 78 73 75 14 92 42 43 21 90 27 85 39 28 87 31 43 86 57 26 45 1 64 40 67 36 12 76 10 12 20 62 90 92 88 55 36 81 49 8 71 76 93 61 3 31 92 97 
68 100 23 13 100 86 52 66 74 63 93 35 75 64 96 16 8 36 22 43 16 70 50 38 97 94 99 52 76 42 48 44 41 22 56 92 60 59 9 33 73 1 67 99 64 14 14 23 49 87 65 17 57 67 54 53 12 4 56 88 45 4 
31 37 77 38 28 36 96 36 68 20 88 86 19 4 100 84 26 100 71 43 16 27 9 70 31 20 25 39 59 70 94 41 58 70 78 38 6 25 25 25 45 65 11 63 68 10 46 93 9 68 87 77 94 95 46 77 67 70 15 25 91 60 
18 1 29 95 90 34 72 14 59 16 78 69 30 97 30 27 90 90 95 28 66 40 23 63 68 41 85 34 17 27 93 34 27 22 81 16 7 52 82 65 19 11 85 48 8 66 26 49 56 20 76 73 12 98 36 79 90 72 13 7 98 57 
92 77 78 72 44 85 23 25 1 41 36 86 40 43 51 66 43 58 37 18 31 48 68 66 79 57 37 91 15 86 47 7 62 77 78 6 13 1 82 13 41 69 50 33 63 1 98 5 10 34 23 40 34 90 57 12 46 45 54 13 31 52 
19 44 28 96 1 92 96 35 5 89 3 54 21 66 6 70 22 16 3 44 55 88 85 64 99 83 8 4 95 90 56 13 86 35 8 86 27 4 20 83 44 75 36 64 92 42 33 13 9 87 57 15 27 93 78 77 75 38 81 69 27 88 
81 64 74 41 50 52 96 21 34 39 47 22 54 38 15 38 51 23 24 59 37 2 51 67 79 26 4 59 46 82 98 27 46 23 19 47 75 14 67 60 52 14 81 5 3 47 94 53 69 69 11 58 71 14 24 49 39 79 59 36 60 8 
14 5 30 32 51 4 45 70 16 48 35 48 52 37 95 97 90 63 66 52 20 36 65 95 84 55 73 94 91 33 1 4 89 30 88 92 86 32 61 1 80 47 100 83 83 94 80 24 57 45 76 28 32 92 75 15 99 47 60 41 31 60 
44 72 41 83 63 26 15 75 78 46 21 78 28 3 23 59 27 31 3 54 59 86 45 85 52 95 83 11 35 14 22 31 85 63 13 99 40 27 73 70 72 93 99 52 47 21 10 25 52 65 78 62 50 75 46 2 69 28 12 56 93 34 
86 29 48 98 27 87 77 99 56 100 43 54 51 90 75 61 66 78 77 44 39 26 70 84 79 38 63 43 93 56 28 30 84 75 28 63 13 56 13 69 55 56 74 6 97 100 18 62 77 94 57 67 71 26 2 2 16 65 44 60 72 71 
90 55 97 69 69 9 24 82 29 78 37 3 35 85 2 52 98 31 97 55 97 20 80 99 21 47 15 16 7 86 38 96 92 34 16 61 94 39 42 23 16 30 77 51 14 30 54 11 60 3 65 9 22 97 7 42 43 21 9 1 6 46 
96 97 31 63 9 24 1 50 98 69 79 74 71 44 4 76 7 15 78 23 23 99 19 29 92 14 1 100 14 58 45 62 7 27 24 15 51 77 17 100 45 95 74 67 91 29 42 97 43 20 19 66 18 90 46 10 3 99 61 68 56 58 
29 62 84 5 29 86 81 45 86 77 91 11 43 81 39 84 29 33 55 48 98 73 37 96 34 39 94 46 58 49 3 87 63 39 91 43 24 23 87 61 99 29 23 93 62 61 76 90 94 83 37 43 55 25 38 40 15 83 37 73 32 40 
59 46 78 1 88 53 23 26 66 73 6 88 65 67 1 92 57 46 74 45 40 80 70 78 71 84 60 8 8 43 47 66 40 76 18 27 80 92 4 97 64 10 85 28 28 37 72 36 82 45 81 21 25 2 50 47 37 62 54 45 56 52 
62 96 79 80 74 11 71 30 7 87 39 43 14 18 79 85 54 12 82 34 85 58 87 86 4 23 99 58 67 55 9 81 2 40 60 75 50 82 4 56 68 94 99 34 12 29 70 65 93 51 50 77 8 88 62 12 10 61 21 29 67 81 
9 68 20 20 94 69 1 98 25 21 43 75 54 6 55 23 22 47 26 71 75 33 10 89 96 20 1 16 100 67 97 60 86 16 79 79 37 31 28 13 51 71 87 4 76 93 79 98 92 4 20 66 36 82 6 84 1 6 99 52 24 47 
11 9 15 41 40 51 71 67 63 22 89 1 77 17 93 55 66 36 10 37 54 98 18 59 81 18 17 31 21 40 78 31 1 92 71 40 42 42 58 4 15 99 56 91 15 100 98 80 36 7 16 89 4 34 47 84 3 63 67 24 55 44 
6 55 35 29 46 28 22 55 83 88 53 38 78 19 37 27 50 24 86 18 12 89 51 11 25 5 25 91 80 79 86 38 85 20 66 82 99 39 89 81 26 93 70 55 12 58 82 13 82 67 30 93 7 32 55 83 37 80 73 68 10 58 
5 47 29 22 28 79 60 68 11 37 61 80 92 24 90 25 36 71 43 66 15 49 97 70 84 85 1 56 53 10 66 57 56 46 31 36 77 42 3 87 79 63 19 22 38 8 98 74 30 92 39 44 92 87 65 75 72 65 83 24 27 48 
32 34 45 14 21 21 56 24 60 86 38 78 59 76 85 8 1 14 99 91 9 90 77 74 65 100 90 47 75 68 46 59 54 42 72 74 15 79 49 74 16 39 51 26 66 87 33 66 52 83 56 60 73 84 85 89 84 27 87 58 94 32 
16 99 25 40 73 39 18 21 12 86 59 14 11 24 52 44 41 3 26 48 15 50 32 51 38 15 77 24 24 23 7 92 21 32 31 93 22 100 66 86 85 76 51 48 52 3 91 92 57 68 40 71 18 23 22 7 89 50 83 12 72 89 
55 45 72 37 89 46 37 54 31 73 82 81 20 33 35 62 76 92 82 67 14 51 89 87 57 77 37 39 41 60 80 95 4 3 32 93 48 20 98 30 44 31 11 16 15 45 77 43 88 10 9 2 60 50 88 69 26 76 59 18 36 38 
13 39 93 96 83 92 67 33 22 10 15 32 25 30 28 54 72 68 63 80 69 75 81 8 43 59 84 1 76 71 91 40 61 83 35 44 26 1 28 47 63 42 30 39 71 10 44 94 77 59 26 97 33 6 4 75 64 39 27 40 9 17 
79 70 51 66 65 77 18 44 75 32 85 5 71 8 14 14 1 90 72 78 86 56 84 41 30 47 80 9 38 40 77 69 61 28 86 25 56 3 68 30 35 5 86 57 12 99 22 64 40 46 42 25 1 77 18 83 75 49 91 65 88 67 
33 1 46 18 25 53 72 45 35 58 49 20 66 12 19 88 27 58 33 20 35 33 96 52 15 23 52 5 87 91 24 19 91 69 88 68 74 11 12 8 69 60 27 34 23 45 21 49 55 5 69 89 38 16 92 52 38 43 9 76 85 84 
46 76 52 33 43 77 44 6 84 64 65 11 49 39 7 70 87 61 26 7 1 63 75 92 67 64 86 27 40 23 10 85 98 13 70 92 90 65 97 73 28 13 35 76 3 42 97 89 54 23 48 55 37 22 98 55 85 84 81 24 6 42 
61 55 55 30 98 96 94 46 20 73 10 55 100 12 48 49 52 1 23 99 7 59 72 5 14 57 40 46 32 97 88 92 3 42 73 100 89 66 97 8 90 58 62 42 69 61 90 72 14 12 71 20 22 42 24 35 50 15 81 82 11 20 
25 13 61 98 64 49 15 12 8 5 69 22 46 89 82 87 61 95 98 83 15 19 76 90 6 78 5 38 59 67 57 83 80 69 32 95 69 47 7 76 3 27 97 100 16 31 86 28 25 35 10 91 5 37 33 10 14 37 99 24 55 55 
59 34 23 90 81 43 88 87 19 90 65 67 89 80 97 26 7 74 60 68 64 65 57 96 26 70 84 25 46 39 79 4 24 54 93 4 48 81 42 66 22 7 85 63 38 81 88 97 54 48 16 70 64 72 65 89 94 1 13 39 91 44 
42 14 49 86 70 96 18 11 14 40 69 98 2 7 30 41 3 84 88 18 53 3 42 69 92 35 21 56 73 11 51 14 77 99 51 46 47 69 8 60 8 77 9 61 35 38 1 89 73 41 6 77 43 99 46 86 33 18 94 5 29 44 
1 0 0 0 1 0 0 0 1 1 0 1 1 0 0 1 0 1 1 0 1 0 0 0 1 1 0 0 1 0 0 1 0 0 1 1 0 1 1 1 0 0 0 1 0 0 0 1 1 0 1 1 0 1 1 1 0 1 0 0 1 0 
1 1 0 0 0 0 1 0 1 1 0 1 0 0 1 0 1 1 0 0 0 0 0 1 0 0 1 0 0 0 0 1 0 0 1 0 0 0 0 1 1 0 0 1 1 1 0 0 0 0 1 0 1 1 0 1 1 1 1 0 1 1 
1 1 1 1 0 1 1 0 0 1 1 0 0 0 1 0 0 0 1 1 0 0 0 0 1 0 1 0 0 1 1 1 0 0 0 0 1 0 1 1 1 0 1 1 0 0 0 0 0 1 0 1 1 0 1 0 0 1 0 0 0 1 
0 0 1 0 1 0 0 0 1 1 0 0 1 0 0 1 0 1 0 0 0 1 1 1 1 1 0 1 0 0 0 0 1 1 0 0 1 1 0 0 0 0 0 1 0 0 0 0 1 0 1 1 1 0 1 0 1 1 1 1 0 1 
1 1 0 0 1 1 1 1 1 1 1 1 1 1 0 1 1 1 0 0 1 1 0 0 0 0 1 1 1 1 1 1 0 1 1 1 1 0 0 0 1 1 0 0 0 0 0 0 1 0 0 0 1 1 0 1 1 0 1 0 1 0 
1 0 1 0 1 0 0 0 1 0 1 1 0 0 1 0 0 0 0 0 1 0 1 1 1 0 1 0 1 1 0 0 1 0 1 0 0 1 0 1 1 0 0 0 0 1 0 0 0 1 0 1 1 0 0 0 0 0 1 1 1 1 
0 0 1 1 0 0 0 1 1 0 1 0 0 1 1 0 1 1 1 1 0 0 1 1 1 0 1 0 1 0 1 1 0 1 0 0 1 1 1 0 1 0 0 1 1 0 1 0 1 1 0 0 1 1 1 0 1 0 0 1 0 0 
0 0 1 1 0 0 0 0 0 1 0 1 0 0 1 1 0 0 0 0 0 0 0 1 0 1 1 1 0 1 1 1 1 0 0 0 0 0 0 0 1 0 1 1 0 0 0 1 1 1 1 1 1 1 1 1 1 0 0 1 0 1 
0 1 1 0 1 1 0 1 0 1 0 1 0 0 0 1 1 1 0 1 0 1 0 1 0 1 0 1 1 0 0 1 1 0 0 1 1 0 0 1 0 0 1 0 1 1 1 0 0 1 1 0 0 0 0 1 1 0 0 0 0 0 
0 1 0 0 0 0 0 1 1 0 1 0 1 0 1 0 1 1 0 0 0 0 0 0 1 0 0 1 0 0 0 0 1 0 0 0 0 1 1 0 1 0 0 0 1 0 1 0 1 1 0 1 1 1 1 1 1 1 0 1 1 0 
0 1 1 0 1 1 1 0 1 1 0 0 1 1 0 0 1 1 1 0 1 1 1 0 0 0 0 0 1 1 1 1 0 0 0 1 1 1 1 1 0 0 1 0 1 1 0 1 0 0 1 1 1 0 0 1 0 0 1 1 1 0 
1 0 0 1 1 0 0 1 1 1 1 0 1 0 1 1 1 1 1 0 1 0 0 1 1 0 1 1 0 0 1 1 0 0 0 0 0 0 1 1 1 0 1 0 0 0 0 0 1 1 0 0 0 1 1 1 1 0 0 1 1 0 
0 1 0 0 1 0 1 0 1 0 0 0 1 1 0 1 1 1 0 1 0 0 0 1 0 0 0 0 1 1 0 0 0 0 0 0 0 1 0 1 0 1 1 1 0 1 0 1 1 0 0 1 1 1 0 1 1 0 1 0 1 0 
0 0 0 1 0 1 0 0 0 0 1 0 1 1 1 1 0 0 0 1 1 1 0 0 0 1 0 1 1 0 1 0 0 0 1 0 1 1 0 1 0 0 1 1 1 1 1 0 1 1 1 1 0 1 1 0 0 1 1 1 1 1 
1 1 1 0 1 0 0 0 1 0 0 1 1 1 0 0 1 1 1 0 0 1 1 1 1 1 1 1 1 0 0 0 0 1 1 1 1 1 1 0 1 1 1 0 1 1 1 0 1 0 1 1 0 0 1 1 0 0 0 1 0 0 
1 0 1 0 0 0 1 1 1 0 1 0 1 0 0 0 0 1 0 1 0 0 0 1 0 0 1 0 1 0 1 0 0 0 1 0 1 0 0 0 1 1 0 0 1 0 0 1 1 0 1 0 1 1 1 1 1 1 1 0 1 0 
0 1 1 1 0 0 0 0 0 1 1 0 1 0 1 1 1 0 1 0 0 0 1 0 1 0 1 1 0 0 1 1 1 0 0 1 0 0 1 0 1 0 1 0 0 0 1 0 0 1 0 1 1 0 1 1 0 0 0 1 0 1 
0 1 0 0 1 0 1 0 1 0 1 0 1 1 0 0 1 0 1 0 1 1 0 0 0 0 0 0 1 0 1 1 0 1 0 1 0 1 1 1 1 0 1 0 0 1 1 1 1 0 1 1 1 1 1 1 0 0 1 1 0 1 
1 0 0 1 1 0 0 1 1 1 1 0 0 1 1 1 1 1 1 0 0 1 0 1 0 0 1 0 1 0 1 0 0 1 1 0 0 1 1 1 1 0 0 1 0 1 0 1 0 1 1 0 0 1 0 1 1 1 1 1 1 0 
1 0 1 1 0 1 0 1 1 1 1 1 0 1 0 0 0 1 0 0 1 0 1 1 1 1 1 0 0 0 0 1 0 0 0 0 1 1 1 0 0 1 1 1 0 0 1 1 1 1 1 0 0 0 0 1 1 1 0 1 1 0 
1 0 0 1 0 0 0 0 0 1 1 0 0 1 0 1 0 1 1 1 1 1 0 1 0 1 0 0 1 0 1 0 0 1 1 0 1 0 0 0 1 1 0 1 1 0 0 1 1 1 1 0 0 1 0 1 0 0 1 1 0 0 
1 0 0 1 1 1 1 1 1 0 1 1 1 0 1 1 1 0 1 0 1 1 1 1 0 0 1 0 1 0 0 1 0 0 0 1 0 1 1 1 1 0 1 0 0 0 1 1 1 0 0 0 0 1 1 0 1 0 0 1 0 1 
0 1 1 0 0 1 1 1 1 0 1 0 0 1 0 1 1 1 0 1 1 0 0 0 0 0 1 1 1 1 0 1 0 1 1 1 1 0 0 0 0 0 0 0 1 0 1 0 0 1 1 1 1 0 0 0 0 1 1 1 0 1 
0 1 0 1 0 1 1 0 1 1 0 1 1 0 0 0 0 0 0 0 1 1 0 1 1 0 0 0 1 1 1 1 0 0 0 0 1 1 0 1 0 1 0 1 1 0 1 1 0 1 1 0 1 1 1 0 1 0 1 0 1 0 
1 1 0 1 1 0 0 1 1 0 0 1 1 1 0 1 1 0 0 0 0 1 0 0 0 1 0 1 0 1 1 1 0 0 1 1 0 1 0 1 0 1 0 1 0 0 0 1 1 1 0 1 0 0 1 0 1 1 1 1 0 1 
1 0 1 0 1 1 1 0 0 1 1 0 1 1 1 1 1 0 0 1 1 1 1 1 1 0 0 1 0 1 0 1 1 1 1 1 0 0 1 0 0 0 0 1 1 1 0 0 1 1 1 1 0 0 0 1 1 0 0 1 1 0 
0 1 1 1 0 1 1 1 1 1 1 0 0 0 1 1 1 1 0 0 0 0 1 0 1 0 0 0 1 0 0 1 1 0 0 1 1 1 0 1 1 1 1 1 1 0 0 0 1 0 1 1 0 0 1 0 0 0 0 1 0 0 
0 1 0 0 0 0 1 0 1 0 1 0 0 0 0 0 1 0 1 0 1 1 0 1 1 0 1 1 1 1 0 1 0 0 1 0 0 0 0 1 1 1 1 1 1 0 1 0 0 0 0 1 0 0 0 1 0 1 1 1 0 1 
0 0 1 1 0 0 0 0 1 1 1 1 0 1 1 1 1 1 0 0 0 0 0 1 1 1 0 0 0 1 1 1 1 1 0 0 1 0 0 0 1 0 1 1 1 0 1 0 1 1 0 0 1 1 1 0 0 1 1 0 0 0 
1 0 1 0 0 0 0 0 1 0 0 0 1 1 1 0 0 0 1 0 0 0 1 1 1 1 1 0 0 1 0 1 1 0 1 1 0 0 0 1 0 0 0 1 0 1 0 0 1 1 0 0 0 0 1 1 1 0 1 1 0 1 
1 1 1 0 1 0 0 1 1 0 1 1 0 1 0 0 1 0 1 0 0 1 0 1 0 1 0 1 1 0 1 0 1 0 0 0 0 1 1 0 1 1 1 1 0 0 1 0 0 1 0 0 0 0 1 1 1 1 0 0 1 1 
0 1 0 1 1 0 0 1 0 1 0 0 1 0 0 0 0 0 1 0 0 0 0 1 1 0 1 1 0 0 1 1 1 1 0 1 1 0 0 0 1 0 0 0 0 0 1 1 0 0 1 0 0 0 1 1 0 0 1 0 1 0 
1 0 1 1 1 0 1 1 0 1 1 0 1 0 0 0 1 0 1 0 0 1 0 0 1 0 0 0 1 1 0 0 0 1 0 1 1 1 1 0 0 0 0 0 0 1 0 1 1 1 0 0 1 0 0 0 1 0 0 0 0 0 
0 0 1 0 1 0 0 0 0 0 1 1 0 1 0 1 1 1 0 1 1 1 1 1 1 0 0 1 0 0 1 1 0 0 1 1 1 1 0 1 0 1 0 0 0 0 1 1 0 0 0 1 1 0 1 1 0 1 0 1 1 0 
0 1 0 1 0 1 1 0 1 1 1 1 1 0 0 1 1 0 1 0 1 0 0 0 1 0 1 0 1 0 0 1 1 0 1 0 0 0 0 1 1 0 0 0 0 0 1 1 0 0 1 0 1 1 0 0 0 0 0 1 0 0 
1 0 1 0 0 1 0 0 0 1 0 0 1 0 1 1 0 1 1 1 1 0 1 0 1 1 0 1 0 0 0 1 0 1 1 0 0 1 1 0 0 1 0 0 0 1 1 0 1 0 1 0 1 0 0 0 1 0 1 0 1 1 
1 1 0 1 0 0 0 1 0 1 0 1 1 0 0 0 0 1 0 0 0 1 0 0 1 0 1 1 0 0 0 1 1 1 0 1 1 1 0 0 0 1 1 1 1 1 1 0 1 1 0 1 1 0 1 0 0 0 1 0 0 0 
0 0 1 0 1 0 1 0 0 1 1 1 0 0 1 1 0 0 1 0 1 0 1 0 0 1 1 0 0 1 0 0 1 1 0 1 1 0 1 0 1 0 1 0 0 0 1 1 0 0 1 1 0 0 0 1 0 1 1 0 0 1 
0 0 0 0 1 1 0 0 1 0 0 1 0 0 1 1 1 0 0 1 1 0 1 1 1 1 0 0 1 1 1 1 1 1 0 0 1 0 0 0 0 0 1 0 0 1 0 0 1 0 1 0 0 0 0 0 0 0 0 1 1 0 
1 0 1 1 0 0 1 0 1 0 0 0 0 1 1 0 1 0 0 0 1 1 0 1 1 0 1 1 0 1 1 1 1 1 0 0 1 1 0 0 1 1 1 0 0 0 0 1 1 1 1 0 0 1 1 1 0 0 0 0 1 0 
1 1 1 1 1 0 0 1 1 0 0 0 0 0 0 0 1 1 1 0 1 1 0 0 0 0 1 1 0 0 1 1 1 0 0 0 0 0 0 1 0 0 1 0 1 0 1 0 1 0 1 1 0 1 1 0 1 0 1 1 1 0 
0 0 0 0 1 1 0 1 0 1 1 0 1 0 0 0 1 1 1 0 0 1 1 0 1 0 0 1 1 1 1 1 0 0 1 1 1 1 0 1 0 1 1 0 0 1 0 1 1 1 1 1 0 0 1 0 0 0 1 1 1 0 
0 1 0 1 0 1 0 0 1 1 0 0 1 0 0 1 1 1 1 0 0 1 0 0 1 0 0 0 1 1 1 1 1 1 0 1 1 0 0 0 1 0 0 0 0 0 0 1 1 1 1 0 0 1 0 0 1 0 0 0 1 1 
1 0 1 1 0 0 1 0 0 1 0 0 1 0 1 1 1 0 0 0 0 1 1 0 1 0 0 1 0 0 1 1 0 0 0 0 0 1 0 0 0 0 0 0 0 1 1 1 0 0 1 0 1 0 1 0 0 1 1 0 1 0 
1 0 0 1 0 0 1 1 0 1 1 1 1 0 0 1 1 0 1 1 1 0 1 0 0 0 1 1 0 1 0 0 1 0 1 1 1 0 0 1 0 0 0 1 0 1 0 1 1 1 0 0 1 0 0 1 0 0 1 0 1 1 
0 0 1 0 1 0 0 0 0 0 0 0 0 0 1 0 1 1 0 0 1 1 0 0 1 0 0 0 0 1 1 1 1 0 1 0 1 1 0 1 0 0 1 0 0 1 0 0 0 0 0 1 0 0 1 1 0 1 1 0 0 0 
1 1 0 0 0 1 0 0 0 0 1 0 0 1 1 0 1 1 1 1 0 1 1 0 0 1 1 1 0 0 1 1 1 1 0 1 1 0 0 1 0 1 1 0 0 0 0 0 1 1 1 0 0 1 0 0 0 1 1 0 1 0 
0 1 0 0 0 1 0 0 0 0 1 0 0 0 0 0 0 0 0 1 0 0 0 0 1 1 1 0 1 1 1 1 0 1 1 0 0 1 1 0 1 0 0 1 0 1 0 0 1 0 0 1 0 0 1 1 1 0 0 1 1 1 
0 1 0 0 0 0 1 1 0 1 1 1 0 0 0 0 0 1 0 0 0 1 1 1 0 0 1 0 1 1 1 0 0 1 0 0 1 1 1 0 0 1 1 1 1 1 1 1 0 0 0 0 1 1 1 1 1 0 0 1 1 1 
1 0 1 1 0 0 0 0 0 1 1 1 0 0 0 1 1 0 1 1 0 0 0 1 0 0 0 0 1 1 1 0 1 0 1 0 1 1 0 1 0 1 1 0 1 1 0 0 0 1 0 0 0 0 0 0 0 0 0 1 1 1 
1 1 0 0 1 1 0 1 0 0 0 1 1 1 1 1 1 1 0 1 1 0 0 1 0 0 1 0 0 1 0 1 0 0 0 1 1 0 0 1 0 0 1 1 1 0 0 0 1 1 0 0 1 0 0 0 0 1 0 0 0 0 
0 0 0 0 1 1 0 1 1 0 1 0 0 0 0 0 1 1 1 1 1 1 1 1 1 1 1 1 0 1 0 0 0 0 0 1 0 0 1 1 0 0 1 0 1 1 1 0 0 0 1 1 1 0 1 0 1 0 0 1 1 0 
1 1 0 1 1 0 1 0 1 0 0 0 0 1 1 1 1 1 0 0 1 1 0 0 0 0 0 0 1 1 0 1 1 0 0 0 1 0 0 0 0 0 1 0 0 0 0 1 0 0 0 1 1 0 1 1 0 1 1 0 0 1 
1 1 0 1 1 1 1 1 1 1 0 0 0 0 1 0 1 1 0 1 0 1 0 1 1 0 0 0 0 0 0 1 0 0 1 1 1 0 1 0 0 1 1 0 1 0 0 0 1 0 0 1 1 0 0 0 0 0 1 1 0 1 
0 0 1 1 0 0 0 1 0 0 0 1 0 1 1 0 1 0 0 1 1 1 1 1 0 0 1 1 1 0 0 1 0 1 1 0 1 1 1 1 1 1 1 1 0 0 1 0 1 1 1 0 0 1 0 0 1 1 1 0 1 1 
1 0 0 0 0 1 1 0 1 0 1 0 1 0 0 0 0 1 1 1 0 0 0 0 0 1 1 0 1 1 1 1 1 0 1 1 1 1 1 0 1 1 0 1 1 1 1 1 0 1 0 0 1 1 0 1 0 0 1 0 1 1 
1 0 1 0 1 0 1 1 1 1 0 1 0 1 0 1 0 1 0 0 1 1 1 0 1 0 0 0 0 1 1 1 1 0 1 0 1 1 1 0 0 1 1 0 0 0 1 0 1 0 1 0 1 0 0 0 0 0 1 0 1 0 
1 0 1 1 1 0 0 0 0 0 0 1 0 0 1 1 1 0 1 0 1 1 0 1 1 1 0 0 1 1 1 1 0 0 0 1 0 0 1 0 0 1 1 0 0 1 1 1 1 1 1 0 0 1 0 1 0 0 0 0 1 1 
1 1 1 1 0 1 1 0 1 1 1 0 1 1 1 0 0 1 1 1 1 1 1 1 1 1 1 1 1 1 0 0 0 1 1 1 0 0 1 1 1 0 1 0 0 1 1 0 0 0 0 1 0 1 1 1 0 0 0 0 1 0 
0 0 1 0 1 1 0 0 0 0 0 1 0 0 0 1 1 0 0 1 0 0 0 1 1 0 1 1 0 1 1 1 1 0 1 0 1 1 0 1 1 0 0 0 1 1 1 0 1 1 1 1 1 1 0 0 1 0 1 0 1 0 
1 0 0 0 0 1 1 0 0 1 0 1 1 1 0 0 1 1 0 0 1 1 1 1 0 1 1 1 1 0 0 0 0 0 0 0 0 1 0 0 0 1 1 1 0 1 0 0 1 0 0 0 1 0 1 1 1 1 1 0 1 1 
0 0 1 0 0 1 1 1 0 0 0 1 1 0 1 1 0 0 1 1 0 1 1 1 0 0 0 1 0 0 0 0 0 0 0 0 1 1 1 1 1 1 1 1 0 0 0 0 0 0 1 0 1 0 1 1 0 0 1 0 0 1 
0 0 1 0 0 1 0 0 0 1 1 1 0 1 1 1 0 1 1 1 1 0 0 1 1 0 1 0 1 1 0 1 1 1 0 1 0 0 1 1 1 1 0 0 0 0 1 0 1 0 0 1 0 0 0 1 0 1 0 1 0 0 
1 1 1 1 0 0 1 0 1 0 1 1 0 1 1 1 0 1 1 0 0 1 0 0 1 0 1 1 0 1 1 1 0 0 0 0 0 1 0 1 1 1 1 0 1 0 1 1 1 1 1 1 0 1 1 1 1 0 0 1 1 1 
