68 54 155
71 93 73 91 79 21 36 8 20 87 75 19 63 36 63 79 63 51 33 41 48 6 13 29 3 91 55 62 63 11 29 85 55 53 27 85 74 62 44 93 100 18 64 14 6 26 93 20 28 77 60 75 83 24 
56 37 14 10 98 28 72 78 12 78 83 91 63 56 4 6 100 4 76 63 17 81 41 61 52 68 38 12 95 72 35 50 8 1 59 57 28 82 35 92 59 17 82 73 24 85 31 23 88 58 38 57 90 78 
17 41 97 54 52 91 77 39 40 84 39 50 41 66 31 27 9 42 95 90 14 70 27 96 44 66 53 81 22 42 10 91 83 7 96 86 97 73 24 89 8 14 38 48 32 21 26 40 14 72 82 79 41 60 
75 37 25 27 17 99 21 27 41 3 85 36 40 81 60 64 21 68 29 59 67 60 31 45 52 44 16 85 22 9 44 96 45 20 75 13 70 95 91 10 49 75 98 88 8 57 3 28 24 84 86 43 95 16 
87 46 11 2 30 33 10 25 80 6 45 6 19 14 52 9 76 100 36 73 40 43 29 94 70 5 77 8 47 72 75 33 69 86 86 51 70 48 75 49 53 71 55 23 85 6 32 60 58 67 32 49 61 12 
42 30 16 19 89 14 42 64 46 10 49 84 60 70 31 87 18 83 57 24 58 93 82 41 4 91 7 87 39 19 99 80 48 66 50 37 80 43 52 77 53 52 60 64 21 90 50 90 25 7 14 82 99 47 
22 3 37 80 89 75 98 39 54 97 5 56 33 84 98 84 60 2 87 20 66 7 61 67 97 85 73 62 18 24 8 39 78 44 18 18 18 67 57 23 64 61 30 96 96 80 32 7 81 70 78 98 77 39 
65 73 75 89 86 93 64 93 83 41 88 1 59 57 19 67 79 82 79 61 30 74 40 61 32 72 30 62 70 58 52 86 82 26 74 67 70 38 59 53 30 98 5 88 54 23 54 85 5 84 45 34 57 36 
46 41 7 27 2 76 85 53 61 66 78 87 85 100 76 95 52 5 93 56 45 46 30 50 30 34 34 74 19 42 9 64 82 68 91 83 43 27 87 56 44 17 94 28 16 69 23 67 25 15 74 69 12 55 
19 42 89 4 67 59 45 28 23 27 95 65 61 37 91 48 44 34 64 89 62 79 57 36 97 82 50 22 2 61 76 72 54 16 75 21 75 20 48 97 98 42 13 58 30 3 57 74 88 72 62 1 50 71 
36 98 4 37 71 57 50 47 29 3 62 3 23 88 74 22 84 23 63 48 81 45 50 89 70 90 61 83 90 62 5 26 12 8 62 82 65 11 28 45 14 42 99 88 29 73 62 65 95 76 12 27 20 14 
68 89 3 28 24 92 41 28 69 52 36 31 86 52 93 65 96 58 6 94 46 87 18 59 3 13 34 66 91 54 79 58 94 33 37 17 25 78 45 93 81 32 75 66 35 68 83 30 25 88 75 22 26 45 
32 28 9 66 46 99 19 24 9 64 57 45 81 33 74 77 77 55 8 52 72 94 71 54 23 47 94 49 21 71 93 52 51 1 17 96 52 87 19 60 3 27 4 35 59 30 11 88 84 70 91 7 63 61 
13 37 59 6 37 31 28 82 35 78 34 3 73 85 42 44 96 44 22 52 78 33 81 40 20 16 9 10 22 23 22 34 59 32 91 47 63 71 28 49 48 62 51 73 98 92 68 94 35 89 45 64 73 77 
3 92 92 63 53 65 85 26 51 95 58 41 42 72 63 69 20 11 82 70 35 80 14 54 73 100 94 69 64 67 45 66 58 88 29 63 52 65 88 2 60 45 95 1 68 57 21 87 19 3 9 5 34 22 
58 58 21 52 26 84 18 22 2 27 61 82 89 12 46 29 14 57 73 60 9 41 16 30 79 87 84 87 91 17 60 1 74 33 4 51 68 73 24 69 51 84 2 40 95 48 20 60 56 92 19 65 84 87 
46 63 25 29 1 67 97 13 67 70 45 22 72 12 94 95 81 45 78 34 36 24 33 55 84 89 98 54 53 82 92 98 96 16 78 48 35 74 60 1 95 4 23 66 16 68 60 48 12 89 81 47 12 14 
53 47 54 51 53 6 32 44 55 79 12 84 26 46 57 38 98 3 41 72 68 8 40 79 7 51 19 40 50 30 5 2 29 58 4 81 15 35 76 21 65 87 4 43 84 12 80 82 14 72 53 33 80 44 
11 38 47 29 77 96 10 33 49 38 90 53 70 56 39 46 76 56 84 79 98 68 42 77 49 55 48 53 87 79 49 49 17 95 29 45 42 91 78 42 80 19 46 50 75 37 47 50 92 30 81 41 97 22 
17 97 29 16 2 67 47 50 68 15 96 96 59 37 86 36 30 18 7 76 67 81 12 65 82 55 94 62 95 43 36 63 39 16 30 92 82 76 93 49 90 88 97 49 76 34 36 6 51 42 81 69 74 44 
33 56 98 27 17 44 21 4 6 59 19 35 3 53 63 95 53 52 35 1 100 10 35 88 15 37 81 47 6 55 42 90 10 91 68 78 34 88 34 91 99 4 78 1 8 40 47 61 91 81 61 43 43 47 
82 57 84 62 56 89 68 97 78 29 88 46 59 73 85 92 64 83 47 41 83 55 80 30 15 70 62 27 64 4 74 45 13 57 7 68 97 26 16 26 55 55 23 13 28 8 56 43 90 54 83 73 8 14 
54 74 35 67 1 99 71 26 43 83 34 1 2 30 27 69 55 33 24 78 97 3 37 52 45 26 5 79 50 65 44 3 38 78 22 90 76 92 15 71 26 48 23 27 29 1 95 36 33 70 13 81 72 1 
32 68 26 89 98 76 5 41 30 94 19 51 84 46 94 50 68 19 50 91 45 78 43 92 13 28 13 77 8 37 29 92 4 55 32 54 30 36 94 11 29 64 14 64 10 7 14 29 26 15 71 70 44 14 
13 9 41 26 37 100 62 66 91 17 20 74 70 1 9 16 63 90 79 76 5 40 83 18 69 8 84 39 29 28 4 42 36 96 19 24 96 32 89 38 48 60 12 70 60 72 85 23 13 63 98 18 3 32 
87 23 39 71 61 20 50 65 13 37 12 31 60 7 62 49 97 61 8 60 82 20 31 66 94 96 81 43 13 83 75 99 5 65 21 17 84 70 33 96 58 45 78 18 3 91 18 51 52 25 10 33 96 93 
51 89 88 31 32 52 65 58 2 21 22 23 37 6 44 22 53 54 18 31 71 72 21 88 23 72 64 32 57 60 76 7 100 63 89 83 66 53 40 68 73 62 42 9 19 37 82 71 90 99 1 60 71 22 
99 45 45 15 76 53 74 4 11 25 66 99 8 84 51 99 51 23 60 92 84 30 80 17 1 70 16 53 81 38 26 80 82 23 94 9 75 19 64 38 43 82 36 2 65 39 1 15 13 12 58 48 94 37 
65 46 6 32 98 87 21 76 18 54 98 11 62 72 81 78 61 75 59 97 77 23 35 29 37 99 92 46 47 85 82 11 30 40 42 80 78 62 55 95 15 52 57 28 75 89 57 36 63 15 84 91 37 70 
71 73 68 63 70 14 47 52 76 29 43 17 8 20 30 62 66 96 65 22 76 39 10 32 74 24 47 57 15 35 26 37 60 46 99 29 59 98 80 35 26 22 3 85 93 85 46 58 32 10 79 7 100 40 
91 74 16 89 82 82 23 60 18 82 57 69 11 15 66 42 1 43 16 56 27 8 40 72 66 71 33 96 30 32 88 72 57 3 60 91 84 34 2 1 68 58 69 78 24 86 71 25 28 86 80 54 94 71 
77 11 93 61 6 74 93 93 45 1 47 56 43 30 90 44 83 57 53 3 86 77 41 56 53 68 94 84 74 39 6 2 49 98 63 6 72 7 51 16 59 97 24 2 79 13 45 13 21 50 67 58 26 7 
13 30 27 58 13 52 96 18 53 96 67 67 54 38 25 4 6 84 52 29 37 82 93 33 94 65 82 13 22 7 19 86 36 97 44 100 48 91 69 53 87 36 71 92 73 96 95 30 31 98 58 19 32 2 
51 25 66 33 37 87 91 8 73 79 4 68 78 4 58 99 56 96 34 26 87 58 73 33 88 55 83 97 73 14 99 24 90 16 56 79 55 98 38 79 76 41 46 6 44 55 4 51 3 89 77 41 46 1 
74 85 56 8 34 28 21 84 51 62 99 58 40 53 8 77 31 83 70 28 40 65 83 95 16 37 83 44 77 81 44 50 17 99 9 50 79 81 33 29 43 32 39 34 36 98 11 19 80 32 46 72 96 80 
66 63 16 1 6 93 33 2 94 49 100 55 51 78 35 83 59 77 66 49 11 2 46 73 72 77 56 17 48 3 49 66 66 16 18 23 60 50 24 6 50 76 60 100 5 94 83 63 23 100 63 33 53 60 
57 24 37 12 93 36 14 41 53 31 8 70 54 68 71 29 73 21 4 32 20 9 25 54 23 47 54 38 31 6 97 39 30 85 2 22 73 68 14 25 98 21 47 3 88 17 32 60 89 35 43 9 95 68 
62 18 66 15 7 49 21 3 87 2 88 89 23 60 8 88 36 5 8 82 60 48 51 91 7 39 77 2 99 72 69 61 41 86 27 47 34 99 1 73 100 88 13 74 99 20 61 87 76 69 20 35 16 70 
77 74 61 6 75 59 77 95 71 69 33 98 67 18 48 67 90 48 7 54 21 57 25 34 43 53 2 63 39 69 84 16 94 96 21 69 55 49 15 77 69 47 74 35 17 74 53 6 21 59 12 93 16 36 
26 10 88 27 24 79 47 60 94 41 55 66 61 9 14 27 86 82 26 11 68 42 84 20 99 56 79 10 49 46 98 74 7 37 53 31 15 51 90 60 43 44 25 55 5 90 82 42 71 7 4 90 48 40 
10 98 47 40 8 95 37 57 21 43 93 25 25 60 27 66 19 70 62 44 24 66 33 5 59 56 63 14 45 62 5 6 60 52 45 19 98 81 27 70 76 71 94 100 30 21 66 1 42 27 44 65 44 28 
22 54 35 36 67 32 98 24 37 9 75 82 79 24 14 5 94 89 75 87 89 57 59 6 57 100 84 52 17 27 31 90 32 66 25 50 49 74 73 85 34 99 18 12 23 32 68 16 72 95 54 12 51 65 
17 7 64 100 10 32 78 40 21 9 57 46 59 5 71 83 42 5 82 11 68 4 94 88 71 66 82 24 77 32 88 46 90 4 45 51 87 75 90 8 35 99 5 93 55 27 28 96 31 9 7 51 64 100 
38 86 17 19 9 46 2 49 91 43 4 87 93 90 61 34 49 96 84 53 40 39 80 67 86 62 27 44 12 42 96 1 27 12 19 88 57 72 36 99 66 91 86 10 80 98 96 29 45 79 33 85 69 64 
3 55 26 82 50 89 75 45 90 54 9 60 41 17 32 28 16 49 18 53 59 49 50 54 77 47 32 62 83 1 25 85 7 50 18 56 91 45 53 32 98 61 91 38 29 74 17 44 23 34 48 81 82 50 
34 11 96 17 72 78 69 96 14 75 98 84 83 40 28 35 71 25 47 13 14 75 87 30 71 61 15 18 93 48 67 78 58 14 94 81 91 15 29 57 41 78 40 23 17 67 9 39 43 7 51 56 82 89 
37 4 49 51 21 93 98 40 70 8 5 16 40 96 30 68 4 70 97 43 45 13 61 5 51 3 12 2 10 45 90 46 48 91 96 20 83 93 11 5 52 16 72 92 63 1 11 66 22 8 60 18 20 20 
75 23 22 86 76 83 82 17 28 81 59 23 52 94 67 63 98 71 30 69 62 92 21 72 9 94 31 68 12 3 87 86 25 60 23 52 42 56 68 69 36 27 43 87 20 9 49 69 79 30 37 92 21 9 
16 29 2 46 96 65 48 34 50 24 93 24 27 34 79 95 54 14 73 96 53 44 57 53 12 87 83 100 79 55 8 94 84 61 91 31 26 91 17 27 14 9 51 41 95 81 87 100 47 11 96 99 54 4 
51 17 90 85 68 68 40 27 61 75 87 4 5 12 94 21 91 59 82 93 51 28 73 37 27 19 99 74 69 52 77 72 20 67 56 87 34 47 13 47 21 52 50 26 15 95 98 5 53 31 97 4 58 70 
92 85 40 91 10 9 94 87 32 66 53 87 52 38 34 17 84 6 68 85 83 82 79 81 39 84 63 35 87 21 56 30 57 96 72 18 56 18 4 39 83 56 77 86 94 62 2 29 68 21 14 50 3 44 
82 93 27 45 27 65 17 35 95 25 82 18 42 37 35 46 27 17 53 3 3 98 65 56 27 32 77 92 81 31 87 63 23 66 7 1 30 75 35 76 99 16 94 40 4 80 37 30 49 90 33 3 39 97 
58 65 80 86 8 60 68 95 74 90 12 32 91 41 6 25 69 56 93 14 96 96 93 84 26 41 25 10 95 64 58 5 80 37 90 88 96 58 34 22 99 45 53 41 37 11 18 5 66 10 18 13 5 63 
97 82 55 21 91 50 84 48 54 64 36 95 3 32 4 88 5 3 84 57 95 20 67 12 77 33 21 94 45 78 8 93 11 63 14 54 64 49 1 69 64 89 63 18 20 67 5 76 21 88 32 15 8 51 
79 84 83 51 29 79 28 37 72 91 51 85 44 14 85 96 82 49 84 96 66 55 14 23 30 34 10 62 1 69 12 31 4 46 81 85 24 61 73 47 51 23 31 94 88 68 89 69 68 73 16 33 79 30 
7 9 15 17 70 67 37 33 97 93 78 78 77 53 90 1 100 40 23 82 85 62 49 73 82 16 97 97 1 76 26 7 36 41 75 57 7 64 89 4 56 18 33 84 22 22 84 21 13 58 55 97 19 55 
69 100 23 18 96 75 45 74 33 80 14 8 36 20 71 76 75 78 45 59 61 66 80 96 39 92 53 93 88 23 99 9 74 21 78 21 95 74 94 80 5 7 87 40 79 9 67 53 38 11 12 98 76 43 
45 14 87 49 58 26 71 9 86 96 29 63 16 76 88 10 55 92 68 93 31 46 53 49 51 90 59 14 39 87 8 83 52 94 31 62 20 53 70 5 48 98 20 63 25 7 24 31 99 92 23 81 37 75 
30 39 64 40 52 54 26 60 36 30 5 18 91 24 70 60 81 69 9 100 32 34 58 55 16 8 98 39 89 35 65 70 25 81 61 77 34 39 88 22 68 92 39 10 68 9 69 48 29 77 99 60 62 8 
67 78 16 64 68 56 50 84 25 27 64 37 3 50 75 42 71 94 33 9 3 52 69 71 99 98 100 49 9 13 57 75 90 72 91 9 27 92 93 3 18 56 39 72 5 66 65 27 59 98 36 14 49 4 
36 100 53 35 48 62 48 56 88 89 27 78 50 5 22 42 7 91 49 98 15 6 63 79 32 73 76 67 86 77 23 22 28 75 56 27 36 55 83 76 96 9 5 45 14 26 38 72 69 86 69 83 91 31 
61 23 4 89 41 89 17 63 62 44 90 70 22 77 24 4 52 71 65 57 67 30 34 4 1 2 90 70 84 80 52 97 54 7 37 95 48 53 9 9 48 50 78 69 27 54 73 78 76 37 86 43 66 20 
46 18 73 35 87 9 67 91 5 72 97 41 18 44 45 79 5 92 28 82 60 6 87 84 84 63 72 21 5 89 92 50 7 65 37 45 73 55 35 29 78 84 69 96 79 65 26 83 56 53 65 67 59 51 
51 94 65 74 66 69 63 58 71 21 22 59 65 46 65 52 74 42 87 94 89 65 58 66 48 65 71 64 31 29 66 33 74 31 7 39 51 21 48 73 41 21 31 57 66 47 60 91 41 46 36 81 11 45 
47 10 9 17 25 92 97 90 76 70 72 82 60 23 54 60 95 94 80 78 51 98 24 10 88 16 8 76 97 18 20 43 79 81 59 3 24 7 44 99 76 16 33 87 90 86 46 36 80 78 13 82 75 89 
43 14 4 50 89 100 19 9 94 49 41 4 51 64 10 47 62 37 62 94 76 51 80 21 86 11 50 51 44 24 91 86 38 94 88 26 46 58 86 39 7 26 95 9 41 4 55 3 93 16 48 68 18 79 
40 56 89 90 58 84 13 48 70 2 93 9 28 38 66 65 29 24 91 23 33 83 78 87 85 22 55 33 89 24 63 81 79 52 70 36 35 34 35 56 88 28 16 15 65 34 31 45 57 73 19 89 56 49 
76 40 70 82 24 11 5 87 91 36 90 12 23 76 97 58 84 84 85 51 50 1 84 81 98 41 53 16 29 60 16 56 100 38 37 75 48 42 13 90 77 54 53 99 82 1 8 17 85 44 67 86 45 51 
1 1 0 0 0 0 1 0 0 0 1 0 1 0 1 1 1 1 1 1 0 0 1 1 0 1 1 0 1 1 0 0 0 0 0 0 1 0 0 1 0 1 1 1 1 1 1 0 0 0 1 0 0 1 
0 0 0 1 0 1 0 1 0 0 1 0 0 0 0 1 1 1 0 1 0 0 0 1 0 0 1 0 1 1 1 1 1 1 0 0 1 0 1 1 0 0 1 0 1 0 1 0 1 0 1 1 0 1 
1 0 0 0 0 1 0 1 0 1 1 0 1 0 0 0 1 0 1 0 0 0 0 0 0 1 0 0 1 0 1 0 0 1 0 1 0 0 0 0 0 1 0 1 1 0 0 0 0 1 1 1 1 1 
1 1 1 1 1 0 1 1 0 1 0 0 0 1 1 1 1 1 0 0 0 0 0 0 0 1 1 1 0 0 1 1 0 0 0 1 0 1 0 0 0 1 0 1 0 1 0 1 0 0 1 1 0 0 
1 1 1 1 0 1 1 1 0 1 1 0 1 1 1 1 1 1 0 0 0 0 1 0 0 0 1 1 1 1 1 0 0 0 1 1 1 1 0 1 0 0 1 1 1 0 1 1 0 1 1 0 0 0 
1 0 0 0 1 1 1 1 0 0 1 1 1 1 0 1 0 1 1 0 0 1 0 1 0 0 1 1 1 1 1 0 1 0 0 0 1 1 1 1 1 1 1 0 0 1 0 0 0 1 0 1 0 1 
0 0 1 1 1 0 0 1 0 1 1 0 0 0 0 1 0 1 0 1 0 0 0 0 1 1 1 1 0 0 0 0 0 0 0 0 0 0 1 1 0 0 1 0 0 1 1 0 1 0 1 1 0 0 
1 1 1 0 1 1 0 1 1 1 1 1 1 0 0 0 1 0 0 0 0 0 0 1 1 1 1 0 0 0 0 1 1 1 1 0 0 0 0 0 1 1 1 0 1 1 0 0 1 0 1 1 0 1 
1 1 0 0 0 0 0 0 1 0 0 0 0 0 0 0 0 1 0 0 1 1 1 1 0 1 1 1 0 0 0 1 1 0 0 1 0 0 0 1 0 0 1 1 0 0 1 1 1 1 1 1 1 0 
0 1 1 0 0 0 0 0 1 1 0 1 1 0 0 1 1 0 1 0 1 1 0 1 0 0 0 1 1 1 0 1 0 1 1 0 1 1 0 1 1 0 0 0 0 0 1 1 1 0 0 0 1 0 
1 0 0 0 1 1 1 1 1 0 1 0 0 0 0 1 1 1 1 0 1 0 0 0 1 1 0 1 0 1 0 1 1 0 1 1 0 1 0 1 1 1 1 1 0 1 0 1 0 0 1 1 0 0 
1 1 1 1 1 1 1 1 1 0 1 0 1 1 1 0 0 0 1 0 0 1 1 0 1 0 0 0 1 0 0 1 0 0 0 1 1 1 0 0 0 1 1 1 1 0 1 1 1 1 1 1 0 1 
1 1 1 0 0 0 0 0 1 0 0 0 1 0 1 1 0 1 1 1 1 0 0 0 1 1 1 1 0 0 0 1 1 1 1 1 1 0 0 1 0 0 1 0 0 0 1 1 0 0 0 1 0 0 
1 0 1 1 1 1 1 1 1 0 0 0 0 1 0 0 0 1 0 1 1 1 0 0 0 0 1 0 1 1 1 0 1 0 1 0 0 0 1 1 1 1 1 1 1 0 1 1 1 1 1 0 0 1 
0 0 1 1 1 0 1 0 0 0 0 0 1 0 0 0 1 1 0 1 0 1 1 1 0 0 1 1 0 1 0 0 0 1 0 1 1 1 1 0 1 1 0 0 0 0 1 1 0 1 0 0 0 1 
0 0 1 1 0 1 0 0 0 0 0 0 1 1 1 0 1 0 0 1 1 0 0 0 1 0 1 0 0 1 1 0 1 1 1 1 0 0 0 0 0 0 0 0 1 1 0 1 0 0 0 1 0 0 
1 0 0 0 0 1 1 1 1 0 0 1 0 1 1 0 1 1 0 0 1 1 1 0 0 1 0 1 0 1 1 1 1 0 1 1 1 0 0 0 1 1 1 1 0 0 1 1 0 1 1 1 0 1 
1 1 0 0 0 1 1 1 0 0 1 0 1 0 0 1 1 1 0 0 0 0 1 1 0 1 0 1 0 1 0 0 0 1 0 0 0 1 1 0 1 1 0 0 1 1 1 0 0 0 1 1 0 0 
0 0 1 1 0 1 0 0 1 0 1 1 0 1 0 1 0 1 0 0 1 0 1 1 0 0 1 1 1 1 1 1 0 0 0 0 0 0 0 1 0 0 1 0 1 1 0 1 1 0 0 0 0 1 
1 1 1 0 0 0 0 0 0 0 0 0 0 0 1 0 0 1 0 1 0 0 0 0 1 1 0 1 0 1 1 1 0 0 0 0 1 0 0 1 0 1 1 0 1 0 0 1 0 1 0 0 1 1 
0 0 0 0 0 0 1 1 0 1 1 0 0 0 0 0 1 0 1 1 0 1 1 0 0 1 1 1 1 0 0 1 1 0 0 1 1 1 0 1 1 1 1 1 0 1 1 1 1 1 0 1 0 0 
1 0 1 1 1 1 1 1 0 0 0 0 1 1 0 1 0 1 1 1 0 1 0 1 0 1 0 1 0 0 1 1 1 0 0 0 1 0 0 0 0 0 0 0 1 0 1 1 1 0 0 1 1 0 
1 0 1 1 1 1 0 0 0 1 0 1 1 0 1 1 0 1 1 0 1 0 1 1 1 0 1 1 0 1 1 1 1 0 0 0 1 0 0 0 1 0 1 1 0 0 0 0 1 0 1 1 0 0 
0 0 0 1 1 0 0 1 1 1 1 0 1 1 0 1 1 0 0 0 1 0 0 1 1 1 1 0 0 0 0 0 0 0 0 1 1 0 0 0 0 0 0 1 1 1 1 0 1 1 0 0 1 0 
1 0 1 1 0 0 1 0 0 1 1 0 0 0 1 1 0 1 1 1 0 0 0 1 0 1 0 0 1 0 0 0 0 1 1 1 1 0 1 0 1 0 0 0 0 1 1 1 0 0 0 1 0 0 
0 0 1 1 0 0 1 0 0 1 1 0 0 1 0 0 1 0 0 1 0 1 1 1 0 1 1 0 0 1 0 1 1 1 0 1 1 1 1 1 0 0 1 1 1 0 1 0 0 1 0 0 0 1 
1 0 0 0 0 1 1 0 0 0 1 0 1 0 1 0 0 1 0 1 0 0 1 1 0 1 1 0 1 1 1 0 0 0 0 0 1 1 1 1 1 0 1 0 1 0 0 1 1 1 0 0 1 0 
1 1 1 0 0 1 0 1 1 0 1 0 0 0 1 1 1 1 0 0 1 1 0 0 0 0 1 0 0 0 0 1 1 0 0 1 1 0 1 0 0 0 0 0 1 0 0 0 1 0 1 0 1 1 
0 1 1 1 1 1 1 0 1 1 0 1 0 1 1 1 1 1 0 0 1 1 0 1 1 1 1 0 1 0 0 0 1 1 1 1 1 1 1 0 0 1 1 0 0 0 0 1 1 0 1 0 1 1 
0 0 0 1 1 0 0 1 0 1 0 1 0 1 0 1 1 0 0 0 1 0 0 1 0 1 1 1 0 0 1 0 0 1 1 1 1 1 0 1 1 1 1 1 0 1 1 0 0 1 0 1 0 1 
0 0 0 1 1 0 1 0 0 1 0 0 1 1 1 1 1 0 0 0 0 1 1 1 1 1 0 1 0 0 0 0 0 1 1 0 1 0 0 0 0 0 0 1 0 1 0 1 0 1 1 0 0 0 
1 1 0 1 0 0 0 1 1 0 0 0 0 1 1 1 1 1 1 1 0 1 1 0 0 1 1 1 1 1 0 0 0 0 1 1 0 1 0 1 0 0 0 0 1 1 1 1 0 1 0 0 0 1 
0 1 0 0 0 1 1 0 1 0 0 1 1 1 0 1 0 0 1 0 1 0 1 0 1 1 1 0 1 0 1 0 1 0 0 1 1 1 0 1 1 0 0 0 1 0 1 0 1 0 0 0 1 0 
0 0 1 0 0 1 0 0 1 1 0 1 0 1 0 0 0 0 1 0 0 0 1 0 0 0 0 1 0 1 1 0 0 0 0 0 1 0 0 0 1 0 1 0 0 0 0 0 0 1 1 0 0 0 
0 0 0 1 1 0 0 0 0 0 1 1 1 0 1 1 1 1 0 0 1 0 0 1 0 0 1 1 1 1 1 1 1 1 0 1 1 1 1 0 1 0 1 0 1 0 0 0 1 0 0 0 0 1 
0 0 1 1 0 0 0 1 0 1 1 0 0 0 1 0 0 1 0 1 1 1 0 1 1 1 1 0 0 1 1 0 0 0 1 0 1 1 1 1 0 0 1 1 1 1 1 1 0 1 1 1 1 1 
1 0 0 0 0 0 0 1 0 0 0 1 0 1 0 1 0 1 0 1 0 1 0 1 0 0 0 1 0 1 0 1 0 1 1 0 1 1 0 0 1 0 1 1 1 0 1 1 1 1 0 1 0 1 
0 0 1 0 0 1 0 0 0 0 1 0 0 1 1 0 1 1 0 0 0 1 0 1 0 1 0 1 0 0 0 0 1 1 1 1 1 1 1 1 1 1 1 1 0 1 0 1 0 0 1 0 0 0 
0 0 1 0 1 0 1 1 0 0 1 1 1 0 0 0 1 1 1 1 1 1 0 1 0 0 1 0 0 1 0 0 0 1 1 1 1 0 1 0 0 0 1 1 0 0 1 1 1 1 0 0 0 0 
1 1 0 1 1 1 0 1 1 0 0 0 0 0 0 1 0 0 1 1 1 1 1 1 0 1 0 1 1 0 1 1 1 0 0 0 1 0 1 0 1 0 1 1 0 1 0 0 0 1 1 1 0 1 
0 0 0 0 1 1 1 1 0 0 1 0 1 0 1 0 0 0 0 1 1 0 1 1 0 1 0 0 0 0 1 1 0 1 1 0 0 0 1 1 1 0 1 0 0 0 0 0 0 1 0 1 1 1 
0 0 0 0 0 0 0 1 1 1 0 1 1 0 1 0 1 0 0 1 0 0 1 1 0 0 0 0 1 1 1 0 1 1 0 1 0 1 0 1 0 0 0 1 1 0 1 0 0 1 1 1 1 1 
0 1 1 0 0 0 1 1 0 1 1 1 0 1 0 1 0 0 1 1 1 0 1 0 1 1 1 0 0 0 1 0 1 0 0 1 1 0 1 1 1 0 0 1 1 0 0 1 0 0 0 1 0 1 
1 1 1 0 0 1 0 1 0 0 0 0 1 1 0 0 0 1 0 1 1 1 1 1 1 0 1 1 1 0 1 1 1 0 1 1 1 0 1 1 0 1 0 1 0 0 0 0 0 0 1 1 0 1 
0 1 1 0 0 0 0 1 1 1 1 1 1 1 1 0 0 1 1 0 0 1 1 0 1 1 1 1 0 1 0 0 0 1 0 0 1 0 0 1 0 1 0 1 0 1 1 1 0 0 1 0 1 0 
1 0 1 0 1 1 1 1 0 1 0 0 1 0 1 1 1 1 1 1 0 1 0 1 0 0 1 0 0 0 0 1 0 0 1 0 1 0 1 1 1 0 0 1 0 1 0 1 0 1 0 0 1 0 
1 1 0 0 1 0 0 0 0 0 0 1 0 1 0 0 1 1 0 1 0 0 0 1 1 0 0 1 0 1 1 1 1 1 1 0 1 1 0 1 1 0 1 0 0 1 0 1 0 0 0 1 0 0 
0 1 0 0 0 0 0 1 1 1 0 0 1 1 1 0 1 0 0 0 0 0 1 0 1 1 0 1 0 0 1 0 1 1 1 1 1 1 0 0 0 0 0 1 0 1 1 1 0 0 1 0 0 0 
1 0 1 1 1 0 0 1 0 1 0 1 1 0 0 1 0 0 0 1 0 0 0 1 1 0 1 0 1 0 0 0 0 1 1 1 1 1 0 0 1 1 1 0 1 0 1 1 0 1 0 0 1 1 
0 0 1 1 0 0 1 0 0 1 0 0 1 1 1 1 1 0 0 1 0 1 1 0 1 1 1 1 0 1 0 0 1 0 1 0 0 1 0 1 0 0 1 1 0 0 1 1 1 1 0 1 1 1 
1 0 1 1 1 1 0 0 1 1 0 0 1 0 1 0 1 0 0 0 1 0 1 0 0 0 0 0 1 1 0 1 1 1 0 0 0 0 0 1 1 0 1 1 1 1 1 0 1 1 1 0 0 0 
1 0 0 1 0 1 0 0 0 1 1 0 1 1 0 0 0 0 0 0 1 1 1 0 0 0 1 1 0 1 1 1 1 1 0 0 0 0 0 1 1 0 1 1 1 0 1 0 0 1 0 1 1 1 
1 1 1 0 0 1 0 1 1 1 0 1 1 0 0 0 1 1 0 1 0 1 1 1 1 1 1 1 0 0 0 1 1 1 1 1 1 1 0 0 1 0 1 0 0 1 0 0 1 0 1 1 0 0 
1 1 1 0 1 1 0 1 0 1 1 1 0 0 1 0 0 0 0 1 0 0 1 1 0 0 1 1 1 1 1 0 1 0 0 0 1 0 1 1 1 0 1 1 0 0 1 0 0 1 0 0 0 1 
1 0 1 1 0 0 0 1 1 1 0 1 1 1 0 1 1 1 1 0 1 0 0 0 0 0 0 0 0 0 1 0 0 0 1 0 1 1 0 0 1 0 1 0 1 1 1 0 1 1 0 0 1 0 
0 1 0 0 0 1 0 1 1 1 0 0 1 1 1 1 1 0 1 0 1 1 0 0 1 1 1 0 1 0 0 1 0 1 0 0 0 0 1 1 1 1 1 1 0 0 0 1 1 0 0 0 1 0 
0 0 1 0 0 0 0 1 1 0 0 1 0 0 0 0 1 1 1 0 0 0 0 1 1 1 1 1 1 0 1 0 0 0 0 1 0 0 0 0 1 0 1 1 0 1 1 1 1 1 1 1 1 1 
0 0 1 1 0 0 1 1 0 0 0 0 1 0 1 1 0 0 1 0 1 1 1 1 0 0 0 1 0 1 0 0 1 1 0 1 0 1 1 0 1 1 1 0 1 0 1 0 0 0 0 1 1 1 
0 1 0 0 0 0 1 1 0 1 0 0 0 0 0 1 1 1 0 0 0 0 0 1 0 0 0 0 1 1 1 0 1 1 0 1 1 0 0 0 1 1 0 1 1 0 1 0 0 1 0 0 1 0 
1 1 0 1 1 0 1 1 0 0 0 0 1 0 0 0 0 1 1 0 1 0 1 0 1 1 1 1 1 1 0 0 0 0 0 0 0 1 1 0 1 1 1 0 1 1 0 1 1 1 0 0 0 1 
0 1 0 1 0 1 0 0 1 1 1 1 1 1 0 0 0 1 1 1 0 1 0 0 0 1 0 0 1 0 1 1 1 1 1 1 0 1 0 0 0 1 1 1 0 0 1 0 1 1 1 1 0 0 
0 0 1 0 1 1 0 0 0 1 0 1 0 0 1 0 0 1 1 0 1 0 0 0 0 1 1 0 1 1 0 1 0 1 1 1 0 1 1 1 0 1 0 0 0 1 1 0 1 0 0 0 0 0 
0 1 0 0 1 1 1 1 0 1 0 1 0 1 0 0 0 0 1 0 0 1 0 1 0 1 0 0 1 0 1 1 1 1 1 0 0 1 1 0 0 0 1 1 1 1 1 1 1 0 1 1 0 1 
1 0 0 1 0 1 1 1 1 1 0 0 1 0 1 1 0 0 1 1 1 0 0 0 1 1 0 0 1 0 0 0 0 0 1 1 0 0 0 1 1 1 1 1 1 1 0 0 1 1 1 0 1 0 
0 0 1 0 0 0 1 0 0 1 1 1 0 1 0 1 0 1 0 1 0 1 0 0 1 1 1 1 1 0 1 1 0 0 0 1 1 1 1 1 0 0 1 1 1 1 0 1 0 0 1 1 1 1 
1 1 1 1 0 0 1 1 0 0 1 0 1 0 1 0 0 1 1 1 0 0 0 0 0 0 0 1 1 0 0 1 1 1 0 1 0 1 0 0 1 1 0 0 0 1 1 0 0 0 1 1 0 1 
1 0 1 0 1 1 0 0 0 1 1 0 0 1 1 0 1 1 1 1 1 1 0 0 1 1 0 0 0 1 1 1 1 1 1 1 0 1 1 0 0 0 0 0 0 1 0 1 0 0 1 0 1 1 
0 1 0 1 1 0 0 1 0 1 0 1 0 0 1 1 0 1 0 0 0 0 1 0 1 0 0 0 0 0 0 0 1 0 1 0 1 1 1 1 1 1 0 1 1 1 1 1 1 1 1 1 1 1 
