40 40 425
88 7 21 18 56 53 98 96 38 97 76 66 77 54 72 17 33 69 61 95 91 42 22 38 7 84 35 58 65 63 34 52 69 6 21 24 10 71 71 100 
67 47 65 95 100 36 64 84 4 24 78 46 17 51 35 75 34 69 84 98 31 69 1 100 74 74 23 84 44 94 35 62 92 99 56 91 86 19 74 41 
94 3 38 62 53 72 36 39 40 71 36 22 39 89 73 13 14 96 48 9 41 34 70 32 32 77 74 17 48 99 9 41 53 46 55 5 17 90 95 8 
13 83 29 51 71 54 15 36 49 14 44 41 47 65 24 78 41 49 46 40 47 54 81 99 99 87 55 67 28 50 74 40 32 55 91 54 8 5 89 8 
19 32 100 65 96 23 95 88 23 40 28 69 46 60 19 44 46 73 11 73 74 36 65 5 42 55 10 49 11 98 8 29 81 7 46 28 81 92 16 3 
31 95 71 76 54 41 72 51 14 34 75 39 69 39 44 11 93 5 11 4 55 19 84 35 77 29 63 58 72 30 60 3 24 83 30 29 23 53 79 88 
86 53 27 7 92 22 69 36 26 79 91 80 49 75 67 26 55 81 83 27 10 94 81 85 28 62 13 3 15 91 90 52 95 68 10 38 89 78 74 67 
9 64 98 57 90 16 34 45 96 16 23 5 62 3 89 89 16 53 91 30 95 33 34 90 100 43 27 41 21 52 59 29 68 8 37 57 24 71 53 19 
38 75 76 51 29 16 40 45 69 82 26 15 66 59 4 18 2 83 10 74 86 68 2 53 27 90 62 50 12 66 21 50 93 96 100 21 63 91 17 83 
25 95 98 42 53 53 59 6 35 68 79 73 87 32 77 14 22 38 15 33 56 35 34 48 82 86 20 45 28 37 79 52 83 76 94 35 29 4 93 15 
72 71 87 10 3 16 23 76 5 90 8 60 24 94 7 58 79 27 54 6 15 32 10 97 8 55 83 88 58 27 2 81 98 41 91 52 56 65 27 12 
54 86 72 30 79 30 87 57 56 92 15 22 23 24 70 82 78 5 69 87 31 23 68 80 63 10 31 70 74 9 81 80 95 4 9 73 34 47 82 41 
90 96 63 12 71 84 46 48 40 14 34 71 88 53 2 2 62 33 71 88 41 4 67 87 7 27 12 40 25 45 81 14 40 95 77 62 78 22 9 70 
88 94 40 75 47 41 77 60 25 99 47 18 54 65 56 61 43 67 52 67 11 32 32 2 78 61 63 8 34 23 77 21 17 68 48 15 60 76 74 85 
74 73 54 80 89 9 40 32 28 91 50 90 75 34 44 4 94 58 11 27 81 87 100 49 6 47 15 66 74 40 2 99 12 55 78 53 15 17 36 42 
60 85 84 86 70 27 89 63 84 100 42 16 38 93 64 96 39 78 61 64 18 62 62 81 68 40 85 82 8 20 76 19 57 59 4 26 85 93 41 20 
44 34 36 33 26 99 28 16 29 40 79 98 1 92 30 20 83 15 2 91 34 77 61 90 87 65 68 71 9 60 90 4 93 77 88 18 76 68 33 56 
7 63 53 60 54 34 79 37 48 80 79 34 8 39 75 94 55 42 16 63 1 58 18 45 34 58 62 61 25 46 68 31 8 72 90 62 6 69 50 53 
100 28 38 60 66 13 5 21 6 73 35 59 30 5 3 15 62 17 28 86 62 95 68 22 67 58 83 24 78 84 28 29 11 66 40 28 30 45 100 87 
17 35 45 98 91 100 12 52 16 91 89 29 38 56 50 56 65 84 79 94 67 6 75 77 71 14 5 52 10 4 39 26 90 83 23 32 34 87 35 49 
29 23 30 66 31 79 21 47 63 99 93 81 57 67 58 79 32 14 31 42 69 69 67 11 3 42 42 37 80 77 37 60 51 66 26 33 97 98 80 11 
49 72 91 5 90 48 83 21 13 65 62 82 33 81 44 88 74 85 76 5 13 64 64 64 82 41 96 78 39 27 88 87 98 78 43 87 78 25 60 90 
90 21 23 74 53 66 13 26 3 88 30 67 52 46 82 33 86 78 62 24 56 1 62 6 78 4 44 7 81 3 49 22 24 23 95 28 41 60 54 43 
47 35 9 50 80 91 34 18 20 95 93 27 95 55 32 25 10 76 31 90 78 31 63 53 54 10 81 94 69 34 36 67 20 96 17 52 38 2 69 9 
49 61 36 43 67 67 19 77 42 2 18 72 32 81 24 85 90 4 30 58 89 17 24 9 13 92 60 2 94 28 11 42 40 98 36 7 64 7 83 58 
8 100 29 91 32 52 28 21 8 57 30 96 74 6 56 38 97 67 91 42 46 1 35 86 98 71 92 14 29 74 71 36 25 51 78 9 54 5 29 61 
14 11 9 39 16 64 28 12 31 18 6 76 71 40 13 20 62 4 33 90 29 55 77 6 5 55 14 59 11 42 71 24 4 79 14 19 95 41 83 77 
11 88 4 81 27 17 100 89 20 33 30 1 39 7 6 44 61 19 54 71 12 24 47 16 55 12 34 49 53 68 25 63 55 80 95 34 96 94 74 68 
78 3 68 17 9 73 12 69 43 65 92 6 40 90 21 94 1 7 94 5 74 70 19 81 50 13 14 45 7 87 64 36 41 31 52 50 55 15 70 49 
31 13 55 71 2 27 16 55 33 10 11 59 79 30 39 80 42 4 25 100 42 40 88 82 71 39 31 77 6 53 26 36 65 32 6 19 58 22 25 43 
83 35 1 13 64 91 93 58 46 69 9 87 8 96 68 30 87 51 7 92 3 84 27 19 15 85 37 72 58 61 14 40 48 66 4 11 8 96 20 53 
64 81 91 24 76 59 53 14 61 11 57 15 94 84 33 8 20 22 32 29 34 97 68 81 63 23 44 22 19 63 75 34 95 65 9 71 75 62 36 35 
24 93 1 18 28 34 77 47 7 8 75 40 5 94 21 19 16 16 40 86 30 14 72 25 31 80 95 57 93 30 44 17 22 44 86 1 29 62 47 35 
70 73 27 26 66 99 44 34 14 83 71 43 49 42 67 31 74 13 87 18 95 30 86 68 74 71 69 2 33 15 89 54 88 15 79 5 13 22 38 26 
56 9 20 56 2 87 86 75 99 73 45 93 54 30 13 79 1 81 81 85 95 21 38 34 87 68 39 99 89 28 76 96 88 47 52 90 33 89 16 84 
13 60 28 67 42 40 45 94 20 77 78 67 49 15 100 35 82 90 85 22 18 60 69 5 7 72 46 91 61 62 26 25 73 54 91 66 93 88 59 65 
16 36 31 65 2 82 99 35 72 84 56 41 95 77 97 53 48 43 44 60 56 69 85 80 74 27 46 19 14 4 83 30 40 65 46 93 46 44 28 69 
79 35 9 74 11 6 78 11 48 73 70 55 94 6 34 67 33 79 85 98 35 19 79 26 83 24 18 81 20 45 49 98 32 58 23 94 63 1 4 62 
25 26 16 18 31 49 85 15 80 21 65 14 92 95 39 26 19 8 6 90 5 55 39 36 64 62 29 78 14 33 91 38 10 6 8 92 6 44 59 37 
64 23 2 7 17 92 33 87 100 38 28 4 44 67 39 7 80 19 36 45 3 26 34 12 83 41 4 41 84 14 77 100 36 79 6 4 70 38 43 21 
1 1 1 0 1 1 1 0 0 0 0 0 0 0 0 0 0 1 0 0 0 1 1 1 1 0 0 0 0 0 1 1 0 0 1 1 0 0 0 0 
1 0 0 1 0 0 1 1 1 0 1 1 1 0 0 0 0 1 0 0 1 1 1 1 0 1 1 0 1 1 0 0 1 0 1 0 1 1 1 0 
1 0 0 0 0 0 0 0 1 0 1 1 0 0 0 0 1 1 0 1 0 0 1 0 0 1 0 1 0 1 0 1 1 0 1 1 0 1 1 0 
1 0 1 1 1 1 1 0 1 1 1 1 1 1 1 0 0 1 1 0 0 1 1 1 1 0 0 0 1 0 0 0 0 1 0 1 0 1 0 1 
1 1 1 0 0 0 0 0 0 0 0 0 1 1 0 1 1 0 1 0 0 1 1 1 0 1 0 0 0 0 0 1 0 1 0 0 1 0 1 1 
0 1 0 0 1 0 1 0 0 0 1 1 1 0 0 1 1 0 1 1 1 1 1 1 0 1 1 0 1 0 1 0 0 1 0 1 1 1 1 0 
1 0 1 0 0 1 1 1 1 0 1 0 0 0 1 0 1 1 0 0 1 0 0 1 1 0 0 1 1 0 1 0 0 0 0 1 1 1 0 0 
0 1 1 0 1 0 0 0 1 1 1 1 1 1 0 0 0 1 1 1 1 0 0 1 0 0 0 1 0 1 0 0 0 1 0 0 1 0 0 1 
1 1 0 0 1 0 1 1 1 0 0 0 1 0 0 1 1 0 1 1 1 1 1 0 0 1 0 1 1 0 0 1 0 0 1 1 1 0 0 0 
1 0 1 0 1 1 1 0 1 0 1 1 1 0 1 1 1 1 1 0 1 1 1 1 0 1 0 1 1 0 1 0 1 0 0 0 1 0 0 1 
0 1 0 0 1 1 1 0 0 0 0 1 0 0 1 0 1 1 1 0 0 0 1 1 1 1 1 0 1 1 1 0 0 1 0 1 0 1 1 0 
0 1 0 0 1 1 0 0 0 1 1 0 1 0 1 0 1 0 1 1 1 0 1 1 0 1 0 0 0 1 1 0 1 1 0 0 0 0 1 0 
1 0 1 1 0 0 1 1 1 0 0 0 1 1 0 1 0 0 1 1 0 0 1 1 1 0 1 1 0 0 0 0 0 1 1 0 1 0 0 0 
1 0 1 0 0 1 1 0 1 0 1 1 1 1 0 0 1 0 0 1 0 0 1 1 1 0 1 0 1 1 1 0 0 0 0 0 1 1 0 0 
1 0 0 0 1 0 1 0 0 1 1 1 1 1 0 0 1 1 0 0 1 1 0 1 1 0 1 0 1 1 1 1 1 1 1 0 1 0 0 0 
1 0 1 0 1 1 0 0 0 1 1 1 0 1 0 0 0 1 0 1 1 1 0 0 0 0 1 0 0 1 0 0 1 1 0 0 0 1 1 0 
0 0 0 0 1 0 0 1 0 1 1 1 0 1 1 1 1 0 1 0 0 1 0 1 0 0 0 0 1 1 0 1 1 0 0 0 1 0 0 1 
1 1 0 0 0 1 1 0 0 0 0 0 1 0 1 1 0 1 1 0 0 1 1 1 0 1 0 1 0 0 0 1 1 0 1 1 1 0 1 1 
0 1 1 1 1 1 0 0 0 1 0 1 1 1 0 1 1 0 0 1 0 0 0 1 0 0 1 1 0 0 1 1 0 0 0 1 1 1 1 0 
0 1 1 1 1 1 0 0 0 0 1 0 0 1 0 0 1 1 0 0 1 1 1 1 1 1 1 1 0 0 1 1 0 0 0 1 1 1 1 1 
1 0 0 0 1 0 0 1 1 0 1 0 1 0 0 1 1 1 0 0 1 1 1 1 1 1 0 0 0 1 0 0 1 0 0 1 0 0 0 1 
1 1 1 0 1 1 1 0 0 1 0 0 0 1 1 1 1 0 0 1 1 0 1 1 0 1 0 0 0 0 1 1 1 0 1 0 0 1 0 0 
0 1 0 1 0 0 0 1 0 0 1 1 0 0 0 0 0 0 0 0 0 1 1 1 0 0 1 0 1 0 0 0 1 1 1 1 1 1 1 1 
0 0 0 0 0 1 1 0 1 1 0 0 1 1 1 1 0 1 1 1 1 1 1 0 0 0 1 1 0 0 0 0 0 1 0 1 0 1 1 1 
1 0 1 0 1 1 1 1 0 0 1 1 1 0 1 0 1 0 1 1 1 0 1 1 1 1 0 1 1 0 0 0 0 0 0 1 1 1 1 1 
1 0 0 0 0 1 0 1 1 0 0 0 0 1 0 1 1 0 0 0 0 0 0 0 0 0 0 1 1 1 0 0 1 0 0 1 1 1 1 1 
1 1 1 1 1 1 0 0 0 0 0 0 0 0 1 1 0 1 0 1 0 1 1 1 1 1 0 1 0 1 0 1 1 1 0 0 1 0 0 1 
0 0 1 1 0 0 0 0 1 0 1 1 1 0 0 1 1 1 0 0 0 0 1 1 1 0 1 0 0 1 1 1 1 1 0 1 1 0 1 1 
0 0 0 0 0 1 1 0 0 1 0 0 1 1 0 0 1 1 1 0 1 0 1 0 1 1 0 1 1 1 0 1 0 0 1 0 1 0 0 1 
1 0 0 0 0 0 1 1 1 0 1 0 0 0 1 0 1 1 1 0 0 1 0 0 1 1 1 1 0 1 0 1 0 0 0 0 0 1 1 0 
1 1 0 1 1 1 1 1 0 0 1 1 1 1 1 1 1 0 0 1 0 0 0 0 1 0 0 1 1 1 1 0 0 0 0 0 1 1 1 0 
0 0 1 1 0 0 0 1 1 0 0 1 1 0 1 0 1 1 1 0 0 1 1 1 1 1 1 0 0 0 0 0 0 1 0 0 0 0 1 1 
1 1 0 0 0 1 0 1 0 1 1 0 0 0 1 1 1 0 0 0 0 0 0 1 0 0 1 0 1 1 1 0 0 1 0 0 0 0 1 0 
1 1 0 0 1 0 1 1 0 1 1 1 0 1 0 0 0 1 0 1 0 1 1 1 0 1 1 0 1 1 0 0 0 0 0 1 0 0 0 1 
1 1 0 1 1 0 1 1 1 1 0 0 0 1 1 0 0 0 0 1 1 0 1 1 1 0 1 1 0 1 0 1 1 0 1 0 0 0 1 0 
0 1 0 0 0 1 1 0 1 1 1 1 0 0 0 1 0 1 0 0 1 1 0 0 1 1 0 0 1 1 0 1 0 0 0 0 1 1 0 0 
0 1 1 0 1 0 1 0 1 0 0 0 1 0 0 0 1 0 0 1 1 0 0 1 0 0 1 1 1 1 0 0 0 1 0 0 1 0 0 1 
0 0 1 1 1 0 1 0 0 0 1 0 0 0 1 1 0 1 0 0 0 0 0 1 0 0 1 1 0 1 0 0 1 0 1 0 0 1 1 0 
1 0 0 1 0 0 0 1 1 1 1 1 1 1 0 1 1 1 1 0 0 1 0 0 1 0 0 1 1 1 0 0 0 0 1 0 0 0 1 1 
1 0 1 0 1 1 0 1 1 1 1 1 0 1 1 0 1 0 1 0 1 1 0 1 0 0 0 0 0 1 0 1 0 1 1 1 0 1 0 1 
