53 52 78
1 80 47 11 74 23 96 81 86 17 84 95 96 17 62 35 40 13 7 3 99 1 90 29 45 64 92 52 31 10 17 31 41 63 41 14 38 89 94 23 57 29 69 52 98 30 86 89 94 44 91 92 
44 81 73 88 44 16 39 26 77 7 8 18 70 1 83 7 89 29 81 45 9 2 97 6 31 34 46 25 78 37 68 21 69 92 61 64 8 51 42 84 58 49 53 27 49 36 85 89 16 17 86 24 
18 34 82 1 67 27 25 96 15 92 69 35 36 29 99 43 79 92 78 88 40 83 14 41 70 50 29 85 19 14 8 36 47 41 88 66 68 12 61 34 56 29 69 91 9 19 85 88 10 14 27 49 
96 41 89 65 42 70 1 60 83 61 48 82 1 35 47 20 99 59 54 6 40 22 96 48 40 32 87 1 45 14 49 41 6 90 57 47 59 58 59 93 18 58 26 70 44 24 90 94 83 43 99 22 
16 94 21 55 25 8 55 22 21 55 62 78 96 70 24 6 27 34 51 96 43 76 66 39 100 7 32 34 49 31 7 64 76 27 70 53 86 76 74 6 82 87 83 78 56 59 35 35 44 85 82 87 
61 99 77 12 5 8 97 53 38 55 68 66 81 37 18 67 64 91 24 46 29 59 75 84 17 9 70 12 94 52 50 6 50 26 69 7 34 65 59 23 71 79 88 51 67 57 69 31 47 93 76 27 
51 50 11 19 10 80 82 3 83 32 8 85 9 28 91 94 44 49 17 14 79 56 65 46 13 85 76 11 77 3 38 79 4 100 49 13 31 83 16 14 66 75 98 74 55 88 20 98 88 36 12 67 
43 28 64 55 12 39 18 41 93 55 71 96 6 72 60 36 6 27 49 71 2 98 96 8 37 15 5 25 50 68 43 45 95 6 99 59 96 16 51 88 22 73 35 27 96 94 63 1 21 63 71 74 
13 67 81 49 33 85 25 83 5 19 79 51 76 77 61 71 45 11 58 18 36 44 45 31 38 59 84 58 73 6 31 37 24 63 86 57 99 62 91 3 33 69 54 8 97 14 79 41 77 88 59 64 
32 55 46 69 65 29 78 89 35 8 26 58 22 63 66 20 76 56 23 8 24 28 16 21 93 94 13 21 81 23 84 64 29 82 32 45 10 9 34 96 68 59 6 41 73 71 61 48 79 35 56 2 
14 71 74 6 64 39 79 96 61 14 60 42 95 43 86 5 4 19 52 23 29 57 64 1 80 24 49 58 10 56 11 23 26 37 80 41 75 58 88 87 72 99 28 66 42 14 22 45 32 74 67 61 
82 82 13 13 5 13 70 14 68 33 88 93 69 68 85 95 25 73 81 48 71 9 14 64 22 35 60 5 60 27 17 42 60 30 54 65 42 76 30 62 8 18 54 28 37 91 22 61 63 2 9 85 
62 74 49 83 8 8 40 20 86 56 61 46 37 66 62 31 93 91 92 52 60 97 79 96 87 52 9 49 6 17 34 67 42 34 2 1 41 41 20 27 48 32 72 85 50 33 67 42 75 58 94 87 
54 24 82 41 76 90 41 33 58 26 51 99 59 52 100 100 44 71 26 44 3 49 80 52 33 46 45 59 3 38 45 8 14 79 100 41 68 41 73 78 66 23 28 25 27 79 24 22 50 1 65 4 
1 44 7 85 89 51 43 43 41 40 51 54 18 50 94 37 90 18 66 8 40 94 32 18 72 7 40 73 59 4 28 11 48 34 95 88 85 89 31 25 28 81 30 97 82 23 86 24 92 51 31 31 
96 14 1 20 20 40 92 30 95 20 40 42 5 34 82 89 74 12 65 2 44 94 50 25 68 35 48 59 38 78 42 33 91 42 52 62 33 96 91 27 15 30 21 19 15 2 60 89 13 76 42 8 
22 91 32 89 78 80 100 15 9 93 99 52 86 51 13 70 46 4 96 12 85 68 82 100 21 93 88 85 69 29 92 90 71 24 30 48 55 81 14 63 73 65 14 10 15 27 79 12 82 75 75 66 
94 8 17 15 1 4 99 69 84 91 10 55 66 39 54 20 20 20 82 44 84 48 54 50 26 32 61 7 58 87 24 52 94 93 18 94 96 16 14 80 58 23 86 23 14 39 42 85 58 76 80 41 
23 33 90 100 17 2 58 26 88 81 77 34 25 46 79 21 62 93 52 71 67 89 94 32 27 87 68 37 14 48 29 88 32 71 87 100 72 44 26 12 77 54 97 1 100 75 73 13 19 76 83 38 
16 76 69 43 15 89 31 28 36 59 68 19 81 54 71 53 50 96 16 26 49 12 78 100 86 51 12 57 78 95 94 94 22 62 88 88 50 70 68 37 80 35 8 61 88 78 13 89 25 80 14 25 
91 92 25 28 94 88 84 23 82 77 16 56 91 3 43 92 24 10 81 4 44 40 64 84 17 76 72 93 7 38 17 97 81 93 76 74 81 60 96 14 88 64 69 78 18 12 22 42 21 2 45 17 
41 8 52 9 35 23 53 41 12 21 89 92 14 16 17 46 27 65 59 15 28 80 44 97 91 17 38 63 18 34 79 10 93 30 70 27 5 22 19 68 95 59 60 60 75 28 5 53 92 15 67 71 
94 63 20 36 79 9 99 49 43 29 10 35 11 80 14 15 53 84 34 47 95 93 6 21 73 62 73 64 29 92 87 22 54 6 58 84 14 8 84 8 36 94 95 46 25 8 12 29 43 46 76 37 
90 33 57 62 47 30 78 75 21 64 96 26 21 5 61 86 12 45 94 100 90 88 45 14 47 57 94 89 54 69 78 43 54 34 57 100 15 34 26 87 49 73 64 69 78 77 6 41 21 99 40 62 
38 37 27 84 93 20 25 46 41 54 40 94 87 96 45 54 29 70 92 77 42 56 97 71 32 3 64 4 53 3 65 91 39 43 26 83 62 2 80 2 55 20 47 94 15 43 99 96 12 90 24 6 
45 73 76 28 27 39 83 79 94 99 21 84 41 99 67 55 100 98 8 7 17 7 100 84 49 98 79 13 39 2 18 36 74 45 63 52 36 98 31 29 96 3 12 37 1 30 43 53 28 50 59 96 
56 10 79 5 59 9 17 97 11 86 32 36 30 47 88 65 44 70 45 91 72 9 27 25 38 21 77 17 71 87 13 26 96 43 82 54 52 50 2 14 35 86 1 17 84 88 81 79 9 26 69 33 
34 48 57 23 68 85 92 90 71 56 68 18 98 49 23 1 51 76 14 37 61 15 53 96 54 86 74 15 63 95 47 48 94 55 70 13 39 61 3 61 68 70 30 66 70 52 18 72 27 32 9 40 
98 61 35 51 98 61 65 60 55 63 7 100 17 29 12 7 41 14 19 9 35 48 26 57 99 43 28 78 26 36 17 23 49 3 26 46 63 90 58 69 5 64 68 21 92 32 80 85 45 98 93 32 
46 18 88 96 12 15 25 38 3 41 60 51 96 85 48 58 27 57 79 31 21 98 3 64 29 82 48 26 32 92 57 29 61 44 76 73 10 1 10 12 41 69 14 88 6 14 46 32 70 76 14 42 
25 16 58 54 50 57 79 33 49 87 61 9 82 36 81 91 36 42 55 29 11 68 16 16 81 13 99 3 40 12 44 65 79 53 18 80 10 48 12 10 86 72 70 67 60 3 9 47 44 63 75 6 
31 43 21 63 7 71 17 47 34 13 63 13 65 80 92 74 79 4 35 16 27 5 82 38 7 90 85 2 53 11 8 35 5 80 49 12 51 66 10 84 78 72 96 42 3 40 68 33 95 54 48 73 
58 29 11 16 70 47 18 74 9 25 60 14 4 9 77 54 74 86 90 3 9 37 96 63 76 63 95 70 17 42 95 26 22 57 42 91 3 11 17 11 35 76 76 38 84 52 44 9 89 33 63 49 
69 59 11 97 73 5 18 41 98 12 19 19 68 60 62 22 22 30 85 56 5 12 45 41 16 40 1 56 72 64 5 93 74 15 41 46 72 58 39 69 22 57 40 41 68 53 15 89 82 99 44 86 
62 40 78 77 80 79 33 3 94 89 47 67 3 87 64 26 97 2 47 18 58 86 10 77 90 24 65 71 74 60 8 36 100 86 64 79 16 96 33 9 84 80 27 39 66 42 16 62 44 62 31 53 
99 41 30 88 16 46 58 90 6 18 77 57 3 40 35 70 88 67 30 23 98 56 13 64 97 29 77 92 90 8 97 41 100 26 28 15 23 38 56 28 55 84 84 9 24 70 78 63 89 7 85 86 
14 98 1 62 78 78 6 19 37 2 59 36 79 39 2 1 76 10 81 30 93 16 38 68 86 67 30 26 73 67 11 38 16 12 51 93 41 56 11 77 9 22 64 87 60 17 40 35 26 20 16 19 
35 53 38 72 19 68 97 43 34 8 32 49 71 82 93 11 90 55 39 98 76 2 37 87 18 76 73 96 95 88 66 81 92 3 53 62 70 49 56 55 8 87 55 30 21 47 92 62 2 30 11 29 
83 47 16 53 22 88 48 68 28 13 49 19 15 1 33 37 1 88 91 9 27 46 90 47 92 82 60 45 63 70 26 46 17 41 50 90 80 97 58 59 61 58 78 27 58 10 63 10 49 6 70 75 
51 60 73 94 93 32 91 55 2 16 52 18 8 1 7 87 49 64 46 9 73 75 36 30 36 50 92 84 55 61 11 5 72 83 51 64 15 93 71 16 8 74 33 15 75 91 53 75 7 50 84 79 
76 71 61 11 20 52 47 75 64 57 31 36 91 33 51 5 25 73 20 32 47 4 98 73 95 51 47 1 100 30 79 28 100 39 38 72 42 36 46 6 44 28 93 35 61 95 91 37 68 11 69 14 
66 18 86 60 68 32 12 20 14 43 47 65 33 36 36 75 24 33 32 19 61 24 53 73 70 44 9 37 6 29 2 71 47 87 83 14 71 46 85 84 88 83 48 21 71 36 47 94 68 78 12 80 
53 17 52 22 12 61 11 69 89 12 91 35 51 73 1 21 19 37 56 58 72 55 78 42 90 24 87 10 53 50 89 57 18 41 79 29 53 89 49 41 52 40 28 2 12 80 22 82 68 77 40 39 
84 69 32 73 45 18 82 97 20 23 6 37 63 84 18 15 24 66 7 75 5 34 77 69 65 50 50 33 79 41 23 62 62 55 86 6 24 20 54 43 42 59 80 56 94 49 70 69 14 76 44 19 
62 72 39 26 73 40 10 3 81 33 64 94 39 2 99 62 73 4 5 14 63 36 69 8 36 90 77 49 17 72 19 78 95 57 56 67 49 17 70 81 1 85 74 39 38 72 1 10 27 57 75 41 
44 95 49 79 84 25 27 1 96 98 30 90 6 85 8 54 54 77 34 54 14 7 93 51 30 45 13 9 1 87 49 44 34 97 74 17 73 52 69 68 49 99 9 7 35 17 60 40 45 46 94 10 
4 86 13 86 30 25 94 82 63 42 77 96 91 50 65 63 1 33 83 2 83 91 8 70 59 19 9 56 16 2 17 72 39 29 57 20 53 2 1 68 95 77 63 85 78 27 48 31 12 82 32 46 
72 91 15 83 61 76 90 77 29 6 48 68 35 56 87 39 9 40 6 3 68 21 88 46 99 87 76 62 20 59 8 91 1 74 25 61 49 14 89 78 72 88 97 6 43 35 96 51 74 54 6 94 
74 45 91 24 31 18 86 50 76 93 92 76 66 69 88 67 34 77 44 5 64 92 10 59 26 58 61 52 11 66 97 84 10 87 7 92 4 92 93 31 36 85 6 54 5 93 20 38 69 15 43 85 
6 4 43 83 13 55 86 23 21 82 6 30 68 65 74 71 8 66 1 96 2 58 49 6 3 20 96 23 34 90 7 91 45 1 73 58 56 11 80 28 92 38 9 60 54 82 82 61 48 35 8 1 
44 56 7 46 75 54 69 60 43 27 50 39 80 75 96 35 85 28 14 28 65 22 87 18 4 21 30 3 7 38 3 50 45 61 96 72 14 16 83 8 94 33 47 73 59 94 7 95 21 20 22 85 
94 61 54 97 33 36 99 39 25 53 88 69 14 35 92 79 50 75 39 44 59 85 68 69 78 75 63 51 46 36 35 39 48 41 87 80 76 37 70 100 90 58 20 55 44 12 85 46 86 23 41 96 
59 8 64 89 34 78 39 80 65 73 70 13 65 9 44 40 45 14 39 86 23 11 92 66 22 77 63 59 51 3 54 10 11 69 98 44 98 88 75 62 12 97 26 77 5 22 16 1 87 7 87 9 
0 1 1 1 1 0 1 0 0 0 1 0 0 0 0 1 1 0 0 0 0 0 0 0 1 0 1 1 0 1 1 0 0 0 1 0 0 0 0 1 0 1 1 0 1 1 1 0 0 1 0 0 
1 1 1 0 1 0 1 1 1 0 1 1 1 0 1 1 0 1 0 0 0 0 0 1 1 1 1 1 0 0 0 0 1 1 0 0 1 0 1 0 0 0 1 1 0 1 1 0 0 1 0 1 
1 0 0 1 1 0 0 1 0 0 1 1 1 0 1 0 0 0 0 0 0 0 0 0 1 1 0 1 0 0 0 0 0 1 1 1 1 1 0 1 0 0 0 1 0 1 0 0 1 0 0 1 
0 0 1 1 1 1 1 0 1 1 0 1 0 1 0 1 0 0 0 0 0 0 0 0 1 0 0 0 0 1 1 1 1 0 0 1 1 1 1 0 1 1 1 1 0 1 1 0 0 1 1 0 
0 1 1 1 1 1 0 1 0 1 0 0 0 1 1 1 0 0 0 1 1 1 1 1 1 0 1 1 1 0 1 1 1 0 1 0 0 1 0 0 0 0 0 0 1 1 0 0 1 0 1 0 
1 0 1 0 0 1 1 0 1 1 1 1 1 0 1 1 1 1 0 0 0 0 0 1 0 0 1 1 0 1 0 0 1 1 0 0 0 0 0 0 1 1 1 0 0 0 0 1 0 0 1 0 
0 0 1 0 0 1 0 1 0 0 1 1 1 1 1 0 1 1 0 0 1 1 1 1 1 1 0 1 1 0 1 1 0 1 0 0 0 0 1 0 0 0 1 1 0 1 1 1 0 1 0 1 
0 1 0 0 0 1 1 1 1 1 0 1 0 0 1 0 0 1 0 0 1 1 0 1 0 1 1 1 1 1 0 1 0 1 1 0 0 1 1 1 0 1 0 0 0 1 0 0 0 0 1 0 
1 1 1 0 0 0 1 1 1 1 1 1 0 0 1 0 1 0 1 1 0 1 1 0 1 1 0 1 1 1 1 1 0 1 1 1 1 0 0 1 1 1 0 0 0 0 0 1 0 0 1 0 
1 0 0 0 0 1 0 1 0 1 0 1 0 1 0 0 1 0 1 1 0 1 1 0 1 1 1 0 1 0 0 1 1 1 1 1 0 1 0 0 1 1 1 1 0 1 1 0 0 0 1 0 
0 0 0 1 1 1 1 1 0 0 0 1 1 1 0 1 1 0 1 0 1 1 1 0 0 1 0 0 1 1 0 1 1 0 1 0 0 0 1 0 0 1 1 1 1 1 0 0 1 0 0 1 
1 1 1 1 0 1 0 0 0 0 1 1 1 0 1 1 1 1 1 1 0 0 1 1 1 1 1 0 1 1 1 0 1 0 0 1 1 0 1 1 0 1 0 1 1 0 0 0 1 1 0 1 
1 1 1 0 0 0 1 0 0 0 0 1 1 0 0 0 0 0 0 1 1 0 0 0 0 1 1 1 0 1 1 0 0 0 0 0 0 1 0 0 0 1 1 1 1 0 1 0 0 1 1 1 
0 1 1 0 0 0 0 1 1 1 1 1 1 1 0 1 1 0 0 1 1 1 0 1 1 1 1 1 1 0 0 1 1 0 1 0 0 1 1 0 0 0 1 1 1 1 1 0 0 1 1 1 
0 1 0 0 1 1 1 0 1 0 1 1 0 0 1 0 0 0 0 0 0 0 0 1 1 1 0 1 0 1 1 0 1 1 0 0 1 0 0 0 0 1 1 0 1 0 0 1 0 1 0 0 
1 0 0 0 1 0 0 1 1 1 1 0 0 0 0 1 0 0 0 0 1 1 0 1 0 0 0 0 1 0 1 0 0 1 1 1 1 1 0 0 0 0 1 0 0 1 0 0 0 0 0 1 
1 0 0 1 0 1 0 0 1 1 0 0 0 1 1 1 0 0 1 0 0 0 1 0 0 1 0 0 1 0 1 0 0 0 0 0 1 0 0 0 1 1 0 1 0 0 0 1 0 1 1 0 
0 0 0 0 1 0 0 0 0 1 1 0 1 1 0 0 1 1 1 0 0 1 1 0 1 1 1 1 0 1 1 0 1 1 0 1 1 0 1 1 0 0 1 1 1 0 0 0 1 1 0 1 
0 1 1 0 0 1 1 1 0 1 1 1 0 0 0 0 0 0 1 0 0 1 0 0 1 0 0 0 1 1 1 1 0 0 1 1 1 1 0 1 0 1 1 0 1 1 0 0 1 0 0 0 
1 0 0 0 0 0 0 1 1 1 1 0 1 0 1 1 1 1 0 1 0 1 0 0 1 0 0 0 0 0 0 1 1 0 1 1 1 1 1 0 0 0 0 0 0 1 1 0 0 1 1 1 
1 1 1 0 0 1 0 0 1 1 0 0 1 1 0 0 1 1 1 1 1 1 1 1 1 0 1 1 0 1 0 1 0 1 1 0 0 1 1 0 0 1 0 0 0 0 0 1 1 1 1 0 
1 0 0 0 1 1 1 1 0 0 0 1 1 1 1 0 0 0 0 1 1 0 1 0 1 1 1 0 1 0 1 0 1 1 0 0 0 1 1 1 1 1 0 1 0 1 1 0 0 1 1 1 
1 0 1 0 0 1 1 1 1 0 1 0 1 1 0 1 0 1 0 0 0 0 1 0 0 0 1 0 1 0 1 0 1 1 1 1 0 0 0 1 0 1 0 1 0 0 0 0 0 1 0 0 
1 1 1 1 1 0 1 0 0 1 1 1 0 0 0 0 0 0 1 0 1 1 1 1 0 1 0 0 0 0 0 0 0 1 1 1 1 1 0 0 0 1 1 0 1 0 0 1 0 1 1 0 
1 0 1 1 1 1 1 0 0 1 0 0 1 1 1 0 0 1 0 0 0 0 0 1 0 0 0 0 0 1 0 1 1 0 0 1 1 1 1 1 0 1 1 1 0 1 0 1 0 0 1 1 
0 0 0 0 0 1 1 0 0 1 1 0 1 1 1 1 0 0 0 1 1 0 0 1 1 0 0 1 1 0 0 1 0 1 0 0 0 1 1 0 0 0 0 0 0 1 1 0 1 1 1 0 
1 0 0 0 0 0 0 1 0 0 1 0 1 1 1 1 0 0 0 0 0 0 0 0 0 1 1 1 1 0 0 0 0 0 1 1 0 1 0 1 1 1 1 1 0 0 0 0 0 0 1 1 
1 1 1 1 1 0 0 0 1 0 0 1 0 1 0 1 0 1 0 0 0 1 1 1 0 1 1 0 0 0 1 1 0 1 0 1 1 0 1 0 1 1 0 1 1 0 0 1 1 0 1 0 
0 0 1 0 0 0 0 0 1 0 1 1 1 1 0 0 1 1 1 0 0 1 0 1 1 0 1 1 1 0 1 1 1 0 1 1 0 1 1 1 1 0 0 0 1 0 1 0 1 0 1 0 
1 1 1 0 1 0 1 0 1 0 1 0 0 0 1 1 0 0 0 1 0 1 0 1 1 1 1 1 1 0 1 0 1 0 0 1 1 0 1 0 0 1 0 1 1 1 0 1 1 0 1 1 
1 1 0 1 0 1 0 1 0 1 1 1 1 1 0 0 1 0 0 0 1 0 1 0 1 1 0 0 1 1 1 1 0 1 0 0 1 0 1 1 1 0 0 0 1 1 1 1 1 1 1 0 
0 0 0 1 1 0 0 0 1 1 1 1 1 1 1 0 1 0 1 0 0 1 1 0 0 0 1 1 1 0 1 1 0 0 1 1 0 1 1 0 0 1 1 1 0 1 1 0 1 0 0 0 
0 1 0 0 1 1 0 1 1 1 0 1 1 1 0 0 0 1 0 1 0 1 0 1 0 0 1 0 0 1 0 0 1 0 1 0 1 1 1 0 0 0 1 0 1 1 0 0 0 0 1 1 
1 1 0 0 1 1 0 0 0 0 0 1 0 1 0 1 0 1 1 1 1 0 1 1 1 1 1 1 1 0 0 0 1 0 0 1 1 0 1 0 0 1 1 0 1 1 1 1 1 0 0 0 
0 1 1 1 0 0 1 1 0 1 0 0 0 0 1 1 1 0 1 1 1 1 0 0 0 1 0 1 0 0 0 0 0 1 0 0 0 1 0 0 0 0 0 0 0 1 0 1 1 1 1 1 
0 1 1 1 0 1 0 0 0 0 1 0 0 1 0 0 0 0 0 0 0 1 1 1 0 1 0 0 0 1 1 1 0 0 0 1 0 0 1 0 1 0 0 1 1 0 1 1 1 1 0 1 
0 1 0 1 0 1 1 0 0 0 1 1 0 1 0 0 0 1 0 1 0 0 0 1 1 1 1 0 0 1 1 1 0 0 0 0 1 1 0 1 1 0 0 1 1 0 0 1 0 0 0 0 
1 0 1 0 1 0 0 0 1 1 1 1 1 1 1 0 0 0 0 1 0 0 0 1 1 0 1 1 1 1 1 0 0 0 0 1 1 0 1 0 1 0 0 1 1 1 1 1 1 1 0 1 
0 1 1 1 1 0 0 0 1 1 0 1 1 0 1 0 0 0 1 0 1 1 1 0 0 0 0 0 0 0 1 0 1 0 1 1 0 1 1 0 0 0 1 1 0 0 0 1 1 1 1 0 
0 0 0 0 0 0 0 0 1 0 0 0 0 1 1 1 0 1 1 0 1 0 0 1 1 0 0 0 1 1 0 1 1 0 1 0 1 0 0 0 0 1 0 0 0 0 1 1 1 0 1 0 
1 1 1 0 1 0 0 0 1 0 1 1 0 1 1 1 1 1 1 1 0 0 1 1 0 1 0 1 1 1 1 0 1 0 0 0 0 0 1 0 0 0 1 1 1 0 0 0 1 0 1 0 
0 1 1 0 0 1 1 1 0 0 0 1 0 0 0 1 1 1 1 1 1 0 0 1 0 1 1 1 1 1 1 1 0 0 1 0 1 0 1 0 0 1 1 0 0 1 1 1 0 0 0 0 
0 1 1 0 0 0 0 1 1 1 0 1 0 1 1 1 1 1 1 1 0 1 1 0 0 1 1 1 1 0 1 0 1 0 0 1 0 0 0 0 0 0 1 0 1 1 1 0 0 1 1 0 
0 0 1 0 1 0 1 1 0 0 1 1 0 1 0 1 0 0 1 0 0 0 0 1 1 1 1 1 0 0 0 0 1 1 1 0 1 0 1 0 1 0 1 1 0 0 0 0 0 1 0 1 
0 0 0 1 1 0 1 0 0 1 0 1 0 1 0 1 0 1 1 1 0 1 0 0 1 1 0 1 0 0 0 0 0 1 0 1 1 1 1 1 0 0 1 0 1 1 1 1 0 1 0 0 
0 1 0 1 0 0 0 0 0 1 1 0 0 1 0 1 0 1 0 0 1 1 0 1 0 1 0 1 0 1 1 0 0 0 1 0 0 0 0 1 1 1 1 1 0 1 0 0 1 0 0 0 
0 0 1 0 0 0 1 0 1 1 1 1 1 0 1 1 0 1 0 1 1 0 0 1 1 0 0 0 1 0 1 1 1 0 1 1 0 1 1 1 0 0 0 1 1 1 0 1 1 1 1 0 
1 1 1 0 0 1 1 1 0 0 0 1 0 1 0 1 0 1 0 0 0 1 1 1 0 0 0 1 1 1 1 0 1 1 0 1 0 1 0 0 1 0 1 0 1 1 1 0 1 1 0 1 
0 0 0 1 0 0 0 1 0 0 1 1 1 1 0 1 1 0 0 0 0 1 0 1 1 1 1 0 1 0 1 1 0 1 0 0 1 1 1 1 1 0 0 0 1 0 1 0 0 1 1 0 
1 1 0 0 1 1 0 0 1 1 1 1 0 0 1 1 1 0 1 0 0 1 0 0 0 1 0 0 1 1 1 0 1 1 0 0 0 0 0 0 1 1 1 1 1 1 0 0 1 1 0 0 
1 0 0 1 0 0 1 1 0 0 1 1 1 1 1 0 1 1 0 0 0 1 1 0 0 1 0 0 1 1 0 0 1 0 1 1 0 0 0 0 1 1 1 0 0 0 0 1 1 0 1 0 
0 0 0 0 0 0 0 1 1 0 1 1 0 0 0 1 0 1 1 1 0 1 0 1 1 0 0 1 1 0 1 1 0 1 1 0 1 0 1 1 0 0 0 1 0 0 0 1 1 1 0 0 
0 0 1 0 1 1 1 0 1 0 1 0 1 0 0 0 0 0 1 1 0 1 0 1 0 0 0 1 1 0 1 0 1 0 0 0 0 1 0 1 1 1 1 0 1 0 0 0 0 0 1 0 
