65 70 1592
73 51 50 24 94 81 79 37 8 51 81 7 4 73 36 71 91 85 20 9 43 71 42 69 58 23 92 95 71 66 36 95 16 86 18 9 66 48 98 25 98 78 84 1 50 71 24 92 55 43 53 49 65 94 17 22 68 8 68 90 73 4 84 41 41 53 1 58 1 98 
34 50 76 17 3 77 87 26 69 42 20 73 42 84 66 59 58 33 18 25 22 43 80 57 83 72 9 83 29 9 33 63 59 8 79 13 84 66 38 4 59 57 76 52 40 93 10 97 25 80 74 98 22 53 54 56 25 63 90 5 23 22 19 33 29 50 45 65 67 34 
20 77 90 96 28 30 40 38 78 17 69 51 14 90 56 20 97 32 34 86 88 8 8 7 93 88 56 37 4 74 71 24 50 12 71 77 41 10 66 71 26 34 21 92 75 28 11 71 59 96 9 47 3 16 5 95 55 12 84 59 85 6 34 34 17 4 62 10 65 28 
80 91 13 52 34 88 32 96 10 90 91 18 88 45 85 44 92 40 55 75 98 39 32 83 24 100 86 86 9 50 65 40 92 77 44 77 64 75 72 26 16 14 43 56 59 28 99 2 67 6 76 16 96 59 98 20 58 35 57 19 36 21 10 80 97 53 56 13 79 80 
38 95 93 80 2 3 59 52 4 77 57 31 92 53 89 41 24 99 75 80 69 11 52 78 42 48 83 97 12 61 76 49 7 21 81 8 23 39 60 79 16 68 9 59 20 50 100 43 100 26 74 68 88 25 45 29 25 79 78 36 40 53 37 98 25 17 58 100 7 17 
78 74 36 38 33 56 87 84 50 38 61 76 5 49 52 2 29 76 80 6 64 19 11 100 17 35 16 74 34 74 42 63 48 77 1 80 84 39 15 86 77 75 61 81 75 12 34 4 40 14 61 3 32 23 2 100 58 69 25 43 42 18 58 89 47 58 20 82 48 34 
67 24 61 27 57 35 91 90 90 30 3 3 84 87 25 85 38 34 53 15 29 46 84 86 35 30 95 54 12 42 40 30 66 52 9 74 38 99 63 80 80 18 82 63 4 58 99 93 44 51 7 72 48 91 9 82 72 3 88 35 44 79 65 61 30 73 34 67 71 49 
98 2 66 79 64 21 89 62 13 32 64 20 55 11 62 15 45 33 17 32 68 12 62 32 25 43 4 10 9 26 58 59 27 75 37 42 95 77 3 8 60 18 79 66 80 92 80 24 24 48 7 43 12 68 26 36 10 81 45 71 6 55 29 84 29 17 25 76 94 79 
35 5 48 13 71 28 4 50 51 79 50 58 22 61 77 47 96 87 80 92 9 85 98 37 21 27 5 97 2 50 28 88 55 75 100 25 2 55 26 5 85 27 14 58 87 90 57 34 28 36 26 36 20 23 24 92 1 29 89 54 78 16 41 84 42 92 60 96 98 86 
100 83 64 65 40 51 6 96 84 34 31 61 21 3 36 45 94 88 25 34 94 54 49 34 38 43 78 97 38 75 34 89 9 98 53 49 100 58 96 35 43 27 48 64 81 83 60 74 22 36 60 15 89 8 1 26 50 30 75 39 4 8 27 65 57 79 13 56 37 8 
91 31 86 38 94 66 72 5 92 93 40 51 60 29 10 12 6 12 41 32 50 96 40 77 60 48 55 24 4 43 32 94 74 69 83 19 35 54 24 78 98 63 28 9 43 89 20 1 100 60 32 50 8 23 26 67 71 32 91 74 27 74 19 52 42 53 70 76 58 45 
5 55 60 32 64 54 21 35 54 20 95 38 21 54 60 98 20 82 82 62 7 60 35 77 11 77 29 32 4 86 29 9 93 88 92 8 41 64 42 47 84 88 84 56 41 95 54 13 29 87 74 35 46 9 12 56 37 92 39 92 78 67 52 22 54 44 29 47 7 70 
93 42 10 28 50 50 74 55 62 2 41 36 37 86 96 100 93 84 91 31 75 20 50 79 41 3 74 21 1 80 91 93 74 52 72 23 1 46 29 63 47 69 50 35 54 97 34 98 80 77 28 6 96 77 36 89 32 9 9 32 41 51 77 14 2 100 88 3 45 16 
17 44 36 18 78 41 14 12 38 45 88 65 2 35 94 38 23 77 46 84 60 38 34 36 3 36 36 90 90 32 57 58 75 44 75 53 84 40 16 21 36 55 38 37 41 31 26 64 59 24 47 18 61 32 54 64 67 41 5 8 72 14 65 99 57 91 51 41 30 18 
61 65 24 98 54 64 80 79 79 38 2 25 56 15 57 61 78 75 1 82 83 24 95 99 22 52 90 24 92 71 93 4 88 16 2 41 80 81 71 58 71 25 35 26 39 43 38 16 17 38 49 51 13 44 2 87 47 91 10 38 13 3 41 100 70 94 92 1 27 15 
11 97 91 45 74 29 39 11 96 7 100 44 58 64 39 59 50 85 1 60 74 65 14 67 17 35 12 60 36 38 74 46 86 64 42 11 44 80 21 91 86 72 87 95 36 25 5 37 62 57 48 87 74 13 53 90 48 65 49 83 54 75 80 40 90 73 50 34 4 23 
24 41 46 62 36 33 87 92 70 100 1 17 86 74 30 91 63 77 55 63 11 60 37 42 99 27 14 1 12 69 75 87 9 20 49 96 53 87 40 74 86 40 90 23 13 71 13 27 99 19 89 9 79 78 2 29 4 67 81 15 35 55 53 44 27 1 91 31 39 30 
4 24 21 45 47 33 16 59 11 14 30 100 75 8 77 76 36 32 95 17 98 29 23 50 24 49 3 15 79 41 96 82 17 17 79 15 1 94 25 12 59 54 63 33 61 91 61 97 74 55 65 71 35 87 72 59 36 26 25 66 67 20 100 35 88 78 49 89 23 73 
52 81 27 14 66 87 56 26 35 29 32 51 51 66 38 22 24 25 100 100 42 18 72 41 52 59 70 100 99 92 24 50 73 50 15 90 89 70 15 75 50 98 26 100 63 15 74 39 91 73 90 32 90 61 73 41 20 42 92 18 34 67 20 58 17 34 47 57 56 13 
83 5 62 60 57 76 74 30 14 64 2 4 48 43 16 20 35 35 13 26 5 98 92 24 7 60 9 5 68 16 17 3 73 30 62 29 6 88 58 71 51 11 74 50 53 42 69 87 76 34 64 80 31 7 55 90 19 16 94 38 31 63 40 3 92 2 31 97 89 40 
68 91 2 93 41 6 34 61 44 10 94 59 41 77 66 48 66 36 63 59 73 93 21 65 48 13 18 30 61 6 70 28 48 23 73 40 29 6 1 72 67 46 31 60 22 48 7 39 83 21 50 7 13 70 71 12 34 88 42 95 45 63 74 45 85 46 84 13 4 84 
37 70 82 19 29 3 66 87 94 100 7 43 58 72 64 81 83 98 20 24 44 17 86 69 61 23 15 44 87 70 80 23 39 61 93 20 15 10 6 8 9 65 50 19 36 14 99 70 63 18 94 58 86 31 26 46 5 92 90 92 61 69 66 52 81 59 71 95 68 28 
3 29 44 4 47 31 17 97 1 31 66 46 88 52 76 66 97 33 9 38 24 22 58 89 73 38 99 95 33 19 74 35 47 70 38 45 100 7 41 100 89 58 45 77 9 73 94 58 5 54 95 80 75 53 68 99 90 19 45 74 37 71 8 35 40 98 31 91 56 23 
91 44 80 87 72 89 59 17 98 15 71 92 94 97 96 14 96 86 32 92 11 20 14 19 54 5 68 84 96 23 6 86 18 37 72 90 77 83 6 74 97 76 66 91 73 61 4 20 98 87 63 9 6 77 79 59 33 98 94 28 72 51 65 89 39 37 78 16 71 84 
89 19 11 6 9 83 19 64 54 68 50 69 76 7 97 6 17 29 3 10 57 74 12 21 63 51 9 92 18 31 75 58 50 86 64 58 20 34 74 26 1 75 94 29 82 90 34 98 70 89 60 26 14 71 99 28 73 7 20 90 38 94 48 87 31 63 96 3 96 21 
28 48 96 73 76 77 14 62 74 83 2 85 61 15 56 59 43 80 17 62 22 6 7 21 44 90 35 92 92 82 12 71 29 7 95 5 35 60 18 61 42 19 45 54 33 52 64 27 84 81 40 5 38 47 77 82 88 11 73 31 92 84 53 20 43 47 76 29 6 93 
89 99 63 34 5 96 37 68 74 20 48 14 76 86 12 52 19 99 14 91 81 5 26 33 77 20 31 4 49 88 49 37 38 11 22 42 58 11 10 32 30 57 45 58 94 8 9 12 6 23 54 38 79 80 70 7 51 52 11 99 39 11 88 76 73 9 18 31 19 27 
14 1 35 10 58 29 17 18 92 74 92 98 11 23 29 32 29 79 83 91 78 21 1 65 96 74 25 13 56 96 91 69 96 26 78 5 6 46 22 49 19 66 46 81 88 74 12 16 53 94 59 82 14 11 46 61 36 22 26 91 17 16 11 64 93 40 68 50 85 42 
99 55 7 96 35 94 70 46 61 74 91 19 55 4 30 52 17 65 73 42 56 42 9 18 5 54 58 73 3 94 66 53 1 72 49 35 65 70 33 25 95 23 44 1 79 25 52 95 89 76 88 96 17 48 66 74 1 23 98 4 68 63 8 68 34 56 55 50 77 39 
26 71 61 21 71 91 45 74 85 86 2 24 81 70 72 46 43 72 20 92 27 40 54 35 59 39 42 65 88 19 3 66 41 64 86 64 54 83 89 91 68 90 14 100 60 37 46 54 9 17 46 87 8 99 21 67 90 63 31 29 33 34 94 25 49 32 40 2 14 29 
44 33 18 10 32 29 46 29 83 6 98 80 93 5 30 65 71 19 79 54 48 63 87 93 88 87 76 27 88 89 7 84 73 25 93 5 5 90 85 39 96 82 18 40 87 48 4 9 18 83 62 17 97 100 10 84 86 85 63 26 26 69 9 98 45 53 54 50 42 39 
88 89 20 6 28 6 5 84 15 22 18 28 39 14 28 100 50 65 36 12 90 61 32 50 11 77 2 64 26 96 2 65 36 22 22 16 79 26 99 45 100 68 73 90 33 52 41 82 68 76 45 58 89 77 59 99 53 13 14 30 60 16 46 95 89 68 10 19 45 60 
64 96 27 88 85 60 91 77 93 58 53 38 15 93 14 26 43 18 38 56 99 97 23 44 91 63 63 53 82 60 12 45 55 39 84 92 50 74 68 42 31 72 79 98 64 44 23 58 13 12 14 11 8 88 7 50 3 21 54 84 80 66 80 35 56 63 26 5 36 45 
98 66 17 77 63 80 72 37 90 85 48 3 47 7 42 5 9 44 26 62 79 57 27 58 91 82 72 68 38 7 13 36 25 29 64 39 60 35 76 49 71 75 3 18 82 97 74 90 92 99 3 71 8 30 80 98 63 52 18 1 58 30 88 34 10 51 73 21 85 100 
22 56 74 24 25 7 72 98 48 64 49 51 86 56 32 65 5 94 16 22 46 26 3 85 59 12 35 31 85 72 82 6 79 8 81 3 66 53 52 14 68 52 16 53 7 99 17 64 92 85 85 90 10 40 74 68 3 61 51 87 32 32 44 62 91 25 16 57 29 67 
22 96 71 37 100 77 35 16 92 78 100 29 19 61 68 45 29 70 5 79 9 88 62 52 49 53 76 64 61 4 82 82 51 52 70 50 81 56 18 72 85 69 100 4 30 67 100 10 89 4 88 97 91 1 48 91 5 76 54 65 31 35 98 82 39 19 83 19 74 52 
90 11 21 42 66 2 60 65 11 48 68 50 96 10 50 44 100 55 71 5 71 1 91 69 34 29 87 17 99 13 68 89 23 40 82 88 41 41 4 51 89 23 100 36 32 2 79 83 8 1 39 78 2 29 98 35 10 37 3 8 1 71 96 75 10 29 14 3 70 17 
53 10 39 5 45 22 6 76 56 13 76 94 42 29 22 92 64 31 80 66 91 80 88 38 6 50 67 19 52 36 35 4 97 25 60 93 46 65 68 53 29 96 46 23 24 19 14 87 2 93 5 92 24 44 29 29 93 95 47 44 82 33 100 30 9 59 23 54 76 42 
58 4 37 3 78 13 21 91 99 74 35 55 65 58 99 46 38 43 92 36 87 26 68 38 55 76 96 29 81 71 71 38 27 59 92 4 71 65 47 22 38 81 76 55 91 26 100 80 69 43 16 7 68 35 44 23 63 39 51 43 62 73 33 40 32 76 95 2 40 41 
23 30 74 51 36 16 76 35 95 96 29 62 2 97 97 97 19 59 36 21 53 49 94 37 40 25 13 34 78 4 27 1 33 52 3 68 67 30 54 13 26 83 75 79 31 23 76 49 33 63 21 85 63 14 74 2 90 38 35 68 41 13 20 26 64 22 45 82 51 51 
95 28 85 21 7 15 95 34 15 27 96 35 63 58 1 36 11 90 73 45 9 14 10 80 91 73 1 35 55 4 37 1 31 21 73 89 35 67 74 49 93 21 84 55 78 84 43 88 25 15 85 86 80 46 65 70 18 66 57 24 21 93 76 3 66 100 44 100 66 17 
1 10 38 36 65 67 71 7 7 47 73 43 32 53 88 97 74 57 14 82 33 34 27 8 88 92 8 31 43 25 48 95 35 85 30 99 3 100 57 9 47 29 51 30 33 38 26 59 95 39 40 27 24 66 86 12 9 93 94 52 70 41 46 4 77 28 54 80 27 62 
88 25 42 39 55 75 28 32 33 22 71 24 100 46 90 86 9 98 30 3 1 99 43 47 2 72 74 7 51 52 68 90 29 10 28 35 84 8 66 68 29 88 91 81 86 32 66 94 30 47 96 82 46 91 28 99 62 53 6 64 57 73 53 37 82 33 71 17 40 88 
36 20 28 27 100 13 10 65 6 39 12 54 21 9 96 100 59 9 5 64 24 13 89 76 49 22 60 19 91 99 58 26 71 85 4 70 97 14 87 55 4 50 60 76 58 7 76 16 15 32 32 38 44 72 65 92 93 25 62 83 75 19 61 45 56 64 67 4 29 53 
10 33 2 69 8 11 75 35 78 41 18 9 30 61 32 95 4 25 71 65 59 97 36 19 42 43 35 60 46 15 12 56 99 65 24 59 27 51 93 4 91 63 65 21 23 96 67 27 72 37 43 31 33 78 1 26 20 87 85 18 54 48 73 52 64 48 10 90 98 55 
46 41 17 62 13 39 9 79 17 81 67 60 63 51 89 15 77 61 54 13 78 7 13 50 58 28 97 20 18 47 74 15 39 90 28 51 80 36 81 97 68 47 8 82 97 96 97 25 56 50 90 85 8 2 34 17 29 83 36 98 81 61 64 19 50 91 69 30 79 1 
78 46 47 85 28 95 32 76 72 40 77 61 24 84 62 58 52 42 92 88 92 72 48 55 90 50 98 10 31 76 10 8 21 8 44 100 54 27 75 25 66 51 85 90 86 98 99 38 40 90 77 83 61 24 37 2 25 86 63 55 61 72 14 34 31 57 33 84 36 60 
9 1 62 93 90 48 91 88 85 82 29 61 64 89 36 52 42 61 38 4 15 50 27 81 83 57 89 68 41 24 79 1 25 40 93 66 87 35 54 23 68 82 83 83 23 71 87 16 31 76 20 97 25 46 29 60 55 18 27 47 41 5 47 65 44 91 83 83 78 36 
5 45 69 40 80 43 10 66 59 92 41 78 88 17 75 17 76 81 86 2 27 26 58 73 43 54 16 25 36 93 12 40 89 32 79 20 75 88 85 33 31 77 62 71 94 88 39 69 69 24 23 95 49 80 20 43 33 35 19 20 79 30 60 19 62 90 39 88 30 75 
20 60 52 33 30 97 20 68 65 88 43 87 35 44 19 54 86 3 40 57 23 70 86 34 88 99 75 78 86 4 53 57 16 4 89 97 100 9 17 16 48 59 55 82 2 73 87 40 27 78 96 1 99 33 34 39 32 61 16 69 16 68 26 83 23 66 80 74 26 96 
90 74 6 96 7 8 20 46 47 46 23 94 47 22 26 32 60 9 44 75 78 60 95 55 42 69 20 21 43 46 68 84 19 74 79 77 33 98 22 31 43 45 24 41 18 49 25 29 10 68 55 87 27 49 41 69 18 60 41 12 5 61 95 75 86 73 52 18 22 25 
48 16 21 23 57 38 23 81 18 32 48 73 18 27 73 10 47 42 70 87 53 26 99 99 53 84 23 56 1 44 80 100 60 1 22 68 90 45 48 8 28 47 32 98 73 56 7 19 98 28 58 2 54 56 1 58 40 75 13 40 19 44 92 30 96 13 97 38 9 44 
97 89 90 28 86 15 83 92 33 32 20 90 34 25 46 86 82 37 60 46 28 78 41 19 59 37 84 55 26 92 98 22 80 40 1 65 54 83 9 38 67 28 80 100 4 25 37 37 61 96 34 88 26 74 59 84 62 42 39 87 85 88 8 65 79 8 81 84 43 41 
22 61 20 1 12 23 77 48 11 89 43 44 28 20 18 86 4 31 27 94 18 12 81 77 28 60 37 60 95 31 1 16 91 20 68 2 95 44 49 5 84 43 1 12 63 70 97 18 100 76 11 69 39 91 46 18 2 34 77 97 64 29 64 6 1 32 7 47 27 7 
51 11 49 3 22 63 72 70 80 72 97 90 40 87 33 37 4 86 22 33 34 85 13 98 90 13 81 48 59 59 54 62 69 55 64 42 17 36 64 97 59 12 86 50 99 70 39 54 56 60 38 41 97 51 90 38 15 70 86 74 81 39 87 49 93 2 43 62 89 58 
58 47 69 95 49 19 65 87 25 72 98 62 64 94 12 54 32 27 75 17 52 55 7 90 56 52 91 98 13 32 7 22 30 27 16 78 46 32 16 22 55 14 83 19 7 47 24 38 25 98 6 28 5 65 17 60 68 59 9 32 90 15 53 72 93 20 49 38 4 65 
11 10 78 94 80 36 40 3 26 16 53 31 43 57 47 59 16 14 69 76 97 11 42 49 82 34 21 82 24 24 46 34 85 75 27 65 11 18 67 36 33 19 18 75 27 17 85 94 30 6 69 27 68 10 27 49 44 99 82 19 74 28 52 59 54 31 23 16 48 41 
3 33 12 21 59 38 37 96 32 18 1 100 96 68 62 75 68 57 73 49 75 47 28 26 5 34 56 79 49 56 19 4 40 30 24 98 68 12 45 99 81 97 50 77 64 11 3 83 19 75 84 93 21 63 71 77 96 78 55 97 85 74 100 24 3 75 74 22 38 18 
72 18 15 22 46 30 84 48 65 55 75 48 47 47 62 17 24 58 47 30 6 31 3 57 55 58 31 28 31 68 97 3 37 63 76 35 93 11 34 9 65 60 8 12 7 69 80 30 78 26 11 83 57 14 39 63 23 21 42 53 40 38 7 29 1 82 63 45 93 48 
53 57 8 60 20 14 28 100 95 58 77 5 40 85 70 31 47 92 51 40 97 43 78 3 71 30 37 33 26 29 80 30 37 39 89 57 52 68 8 98 25 84 3 17 21 72 99 19 16 1 59 64 43 36 66 13 17 2 45 42 82 77 71 19 67 11 75 19 30 34 
16 7 17 70 75 89 94 73 8 9 73 66 24 16 53 89 80 69 43 25 62 76 53 84 94 19 46 20 89 27 53 57 33 22 26 7 10 71 31 17 31 56 34 54 23 86 43 2 6 37 78 19 12 30 54 58 1 51 77 89 78 82 97 10 55 75 69 64 45 51 
33 76 6 18 29 28 4 23 30 61 59 7 80 23 89 85 80 89 36 8 29 13 41 78 74 95 52 94 11 96 45 95 23 50 12 52 30 67 26 11 28 37 17 59 59 57 43 90 97 78 49 78 42 90 55 16 84 6 9 46 53 53 40 28 55 4 31 36 70 56 
46 97 92 14 55 2 71 50 91 67 79 40 44 21 81 50 36 64 7 96 62 12 1 1 39 7 4 69 42 74 76 87 22 68 100 29 69 70 78 12 89 8 51 84 28 31 34 15 46 40 11 7 51 11 60 41 17 15 9 10 40 85 96 14 4 95 42 24 17 71 
35 5 78 37 88 58 67 73 72 65 13 82 23 15 44 34 56 12 49 16 21 40 52 68 53 55 63 46 79 31 16 13 87 46 50 26 3 68 99 74 84 63 8 59 29 51 92 84 15 92 52 87 32 3 55 36 10 17 82 88 99 49 52 85 94 53 10 96 73 60 
22 56 22 29 66 3 31 10 86 45 1 89 32 84 92 86 72 1 54 53 40 4 1 43 88 47 96 49 94 20 61 15 27 34 95 93 36 26 2 22 22 54 62 5 38 53 42 9 5 47 13 96 50 65 39 89 11 86 90 5 5 50 71 83 83 66 75 19 43 28 
1 1 1 0 0 0 1 1 0 1 0 0 1 1 0 1 0 1 0 1 1 0 0 1 0 0 0 1 0 0 0 1 0 1 0 0 1 1 1 1 0 1 1 1 1 0 0 1 1 0 0 0 0 0 1 1 0 0 0 1 0 0 0 0 0 0 0 1 1 0 
1 0 1 0 1 0 0 0 1 1 0 1 1 1 1 1 0 0 1 0 1 1 0 1 0 0 0 0 0 1 0 1 1 0 1 1 0 0 1 0 1 1 1 1 0 1 0 0 1 1 0 0 0 1 1 0 1 1 1 1 1 1 0 0 1 0 1 0 0 0 
0 1 0 1 0 0 0 0 1 1 1 1 1 0 0 1 0 0 0 1 1 1 1 0 0 0 0 1 0 0 0 0 1 0 0 0 0 0 0 1 0 0 1 1 0 1 0 0 1 1 0 1 0 1 1 0 1 1 0 0 1 0 0 0 0 0 0 0 1 1 
0 1 1 1 0 1 0 1 1 0 0 1 1 0 0 0 1 0 1 1 0 0 1 0 0 1 1 1 1 0 0 1 1 1 0 1 0 1 0 1 1 0 1 0 1 1 0 0 1 1 1 1 1 0 0 1 1 1 0 0 1 0 0 0 1 0 1 1 1 0 
1 0 0 0 0 1 1 0 1 1 1 0 0 0 0 0 0 1 1 0 0 0 1 0 0 0 0 0 0 0 0 1 0 0 1 1 0 0 1 1 1 1 0 0 1 0 0 1 0 0 0 0 0 1 0 1 1 0 1 1 0 1 0 1 1 1 0 1 0 1 
1 1 0 1 1 0 1 0 1 1 0 1 1 0 0 1 1 0 0 0 1 0 1 0 1 1 1 1 0 1 1 1 1 1 0 0 1 0 0 1 1 0 0 1 1 1 0 0 1 0 1 0 1 0 0 0 1 0 0 0 1 1 1 0 0 0 1 0 0 1 
1 1 0 1 0 1 0 1 1 1 1 0 0 0 1 0 1 0 0 1 0 0 0 0 0 0 0 1 0 0 1 1 1 1 1 0 0 1 1 1 1 0 0 1 1 1 1 0 1 0 1 0 0 1 0 0 1 0 0 0 0 1 1 1 0 0 1 0 0 0 
1 1 1 1 0 0 0 1 0 0 1 1 0 1 0 0 0 1 0 0 1 0 1 1 1 1 1 1 1 1 1 0 0 0 0 0 0 0 0 0 0 1 1 0 1 1 0 1 1 0 1 0 0 0 1 0 1 1 1 0 0 0 0 1 1 0 1 1 1 1 
0 1 1 1 0 0 1 0 1 0 1 0 0 1 0 0 1 1 1 0 1 1 1 1 0 0 0 0 1 1 1 1 0 0 1 0 0 0 1 1 0 0 1 0 1 1 0 1 0 1 1 1 1 0 1 1 0 1 1 0 0 1 1 0 1 0 1 0 0 0 
1 0 0 1 1 1 0 1 0 1 1 0 0 0 0 1 1 1 0 1 1 0 0 0 1 1 1 0 1 1 0 1 0 0 0 1 1 0 0 0 1 1 0 0 1 0 1 1 1 0 0 0 0 0 1 1 1 0 1 1 1 1 0 1 1 0 0 1 0 1 
1 0 0 1 0 0 1 1 1 1 1 1 1 0 1 0 1 0 0 1 1 0 0 1 1 0 1 0 1 0 1 0 0 1 1 0 1 0 1 0 1 1 1 1 1 0 1 0 1 0 1 0 0 0 0 1 0 1 1 1 1 0 1 1 0 0 1 1 0 1 
0 0 0 1 1 1 0 0 1 1 0 1 1 0 1 1 0 1 1 1 0 0 0 1 0 0 1 1 1 1 0 1 1 0 1 0 1 1 1 1 0 1 0 1 0 1 1 0 0 0 1 0 0 1 1 0 1 0 0 1 1 0 0 1 1 1 1 0 0 0 
1 0 0 1 0 0 0 1 0 0 1 1 0 1 1 1 0 0 1 0 1 1 0 0 0 1 1 1 0 0 0 1 0 0 1 0 0 1 1 0 0 0 1 0 0 0 0 0 1 1 0 0 0 0 0 0 0 0 0 0 0 0 1 0 0 0 1 0 0 0 
0 0 1 1 0 1 0 0 1 1 0 1 1 0 1 0 1 1 0 1 1 0 1 1 0 1 1 1 1 1 0 1 1 1 0 0 0 0 0 1 1 0 0 1 1 1 1 0 1 1 1 0 1 0 1 1 1 1 1 0 0 1 1 0 0 1 0 0 0 0 
1 1 1 1 0 0 0 1 0 1 0 1 0 1 1 1 1 0 0 0 0 1 1 1 1 1 0 1 1 0 1 0 0 0 1 0 0 1 0 0 1 0 1 1 0 0 0 1 0 1 1 0 0 0 1 1 1 0 0 0 0 1 0 0 0 1 1 0 0 1 
1 1 1 0 0 1 1 1 0 1 0 1 0 0 1 1 1 0 1 1 0 0 0 0 0 0 1 1 1 0 0 0 1 0 0 0 1 1 1 0 1 1 1 1 1 1 0 0 1 0 1 0 0 1 0 0 0 0 0 1 0 0 1 1 0 1 1 0 1 0 
0 0 1 1 1 0 0 1 0 0 1 1 0 1 1 0 0 1 0 0 0 0 0 1 0 1 0 1 1 1 0 1 1 1 0 0 0 1 0 0 1 1 0 1 1 1 1 1 0 0 1 0 0 1 1 0 0 1 0 1 1 0 0 0 1 1 1 1 0 1 
0 1 0 0 0 1 1 1 0 1 1 1 1 0 1 0 0 1 1 0 1 0 0 1 1 0 0 0 1 0 1 1 1 1 1 1 1 0 1 1 1 0 1 0 0 0 0 1 1 0 1 0 0 0 0 1 0 0 1 1 1 0 1 0 0 0 0 1 1 1 
0 0 1 1 1 0 1 1 1 1 1 0 1 0 0 1 1 0 0 1 0 1 1 1 1 1 1 1 0 0 0 1 1 0 0 0 0 0 1 1 1 1 1 0 1 0 0 0 0 0 1 0 1 1 1 0 0 1 0 1 1 0 0 0 0 0 0 0 0 0 
1 1 1 1 0 0 1 0 0 1 0 0 0 1 1 1 1 1 0 1 0 0 0 0 0 0 1 1 1 1 1 0 1 0 1 1 0 0 1 0 0 1 0 0 0 1 1 1 1 0 1 1 0 1 0 0 1 1 1 0 0 0 1 1 0 0 0 0 1 1 
1 1 0 1 1 0 1 0 0 0 0 1 1 0 0 1 1 1 0 0 0 1 1 1 0 1 1 1 0 0 0 1 1 1 0 0 1 1 1 1 1 1 0 1 0 0 0 1 0 1 1 0 0 0 1 0 0 0 1 0 1 0 1 0 1 1 1 0 1 0 
0 0 1 0 1 1 1 0 0 1 1 0 1 1 0 0 1 0 0 1 0 1 1 1 0 0 1 1 0 0 1 0 0 0 1 0 0 0 0 0 1 1 0 0 0 1 0 1 1 0 0 0 0 1 1 0 1 0 1 0 0 0 0 1 0 1 1 0 1 1 
1 0 0 1 0 0 0 0 1 0 1 0 0 1 1 1 1 1 0 0 1 0 0 1 1 0 1 0 1 0 1 0 1 1 1 1 1 0 0 1 0 1 1 0 0 0 1 1 1 1 1 0 0 1 0 1 1 1 0 0 1 1 0 0 1 0 0 0 0 0 
1 0 1 0 0 1 1 1 0 0 1 1 1 1 0 1 0 1 0 0 0 1 0 0 0 1 0 0 1 0 0 1 0 1 1 0 0 0 0 0 1 1 1 0 0 1 1 0 0 1 1 0 0 1 1 0 0 1 0 1 0 0 0 0 1 0 1 1 0 1 
1 1 0 0 1 0 1 0 0 0 1 1 0 0 0 1 0 0 1 1 0 1 1 0 1 1 0 0 0 1 1 0 0 1 0 0 1 0 0 0 0 0 1 0 0 0 0 0 0 1 1 0 0 1 1 1 0 1 0 0 0 1 0 1 1 1 1 0 1 1 
0 1 1 0 1 1 0 1 0 0 0 1 1 0 0 0 0 0 1 0 1 0 1 1 1 0 0 0 1 1 1 1 0 1 1 0 0 1 1 0 0 0 0 1 0 0 1 0 1 0 0 0 0 0 1 1 0 0 1 1 1 1 1 0 0 0 0 0 0 1 
1 0 1 1 1 0 1 0 0 0 0 1 0 1 1 0 0 1 0 0 1 1 1 0 1 1 0 1 1 0 1 0 0 0 1 1 0 1 1 1 1 0 0 0 1 1 0 1 0 0 1 1 1 0 1 1 1 0 0 1 0 1 1 1 0 1 0 0 0 0 
1 1 0 1 1 1 0 1 0 1 1 0 0 1 0 0 0 0 0 0 1 0 0 0 1 0 1 0 0 1 0 0 1 0 1 0 1 0 0 1 1 1 1 1 0 0 1 0 0 1 1 1 0 1 1 1 1 1 1 1 0 1 1 1 1 1 0 0 1 0 
0 0 1 1 1 0 1 1 0 1 0 1 0 0 0 0 0 1 1 1 1 1 1 0 1 0 1 1 1 0 1 1 0 0 0 0 0 0 1 1 1 1 0 0 0 1 0 0 0 1 1 1 0 0 0 1 1 1 0 0 0 1 1 0 0 1 0 0 1 1 
1 1 1 0 1 1 1 1 1 1 0 0 1 0 1 1 0 0 0 0 0 0 0 1 1 0 0 1 0 0 1 0 1 0 0 0 1 1 1 0 0 1 0 1 1 1 0 1 1 1 0 1 1 0 0 0 0 1 0 0 1 1 0 0 1 0 0 0 1 1 
0 0 0 0 1 1 0 0 1 1 1 1 1 0 1 1 1 1 0 1 1 1 0 0 1 1 0 1 1 0 0 1 0 0 1 1 0 1 1 1 1 0 0 0 1 1 1 0 0 0 1 1 1 1 1 1 0 0 0 1 0 1 0 0 1 1 1 1 1 1 
0 0 1 0 0 0 1 1 0 1 1 1 1 1 0 0 0 0 0 0 1 0 1 1 0 1 1 0 0 0 1 1 0 0 1 0 1 1 1 1 0 1 1 1 0 1 0 0 0 0 0 1 1 0 1 1 1 0 1 1 0 0 0 0 1 0 0 0 1 1 
1 1 0 0 1 0 0 1 0 0 1 1 1 0 1 0 0 0 0 1 1 0 0 0 0 1 0 0 1 1 0 0 0 0 1 1 1 1 0 1 1 0 0 0 0 1 1 0 1 1 0 1 0 0 1 0 1 1 1 0 0 1 0 0 1 1 0 0 0 0 
0 1 0 0 0 1 0 1 1 1 0 1 0 0 1 1 1 0 0 0 0 0 1 1 1 0 0 1 1 1 1 1 0 0 1 0 1 1 1 0 1 0 0 1 0 1 1 1 0 1 1 0 0 0 1 1 1 0 0 0 1 1 1 1 1 0 0 0 0 1 
1 1 1 1 0 0 0 1 1 0 1 1 1 1 1 0 0 0 0 0 0 1 1 1 1 1 0 1 1 0 0 0 1 0 1 1 0 0 1 1 0 0 0 1 1 0 0 1 0 0 1 1 0 0 0 1 1 0 0 1 0 0 1 1 0 1 1 0 1 0 
0 1 0 0 1 1 0 1 0 1 1 1 0 1 1 0 0 1 1 0 0 1 1 1 1 1 0 0 0 1 0 0 1 0 0 0 1 1 1 1 0 0 0 0 0 1 0 0 0 1 1 0 1 0 0 0 1 0 0 1 0 0 1 1 0 0 1 1 1 0 
0 1 0 0 1 0 1 1 1 0 1 0 0 0 0 0 0 1 1 0 1 1 0 0 0 0 0 1 1 1 1 1 0 1 1 1 0 0 1 1 0 0 1 1 0 1 1 0 0 0 0 1 1 0 0 1 0 0 0 1 0 1 0 0 1 1 0 1 1 1 
0 0 1 1 1 1 0 0 1 0 1 1 0 0 1 0 0 1 0 0 0 0 0 0 1 1 1 1 0 0 0 0 0 1 1 1 0 1 0 1 1 1 0 1 1 1 1 1 0 0 0 0 0 0 0 1 1 1 0 1 1 0 1 0 1 0 1 1 1 1 
0 0 0 0 0 0 1 1 1 1 1 1 1 0 1 1 1 0 0 0 1 0 0 0 0 0 0 1 1 1 1 0 0 1 0 0 1 0 1 1 1 1 0 1 1 0 0 0 0 1 0 0 1 1 0 1 1 1 0 0 0 1 0 0 1 1 0 0 1 0 
1 0 1 0 1 0 0 0 0 0 1 1 0 0 0 1 1 1 0 1 1 0 1 0 1 0 1 1 0 0 1 0 0 0 0 0 0 0 0 1 0 1 0 1 1 0 0 0 1 0 1 0 0 0 0 1 0 1 1 1 1 0 1 0 1 1 0 1 1 0 
0 1 1 0 0 0 0 0 0 1 0 1 0 1 0 0 0 0 0 1 1 1 0 0 1 1 1 1 0 0 1 1 0 0 1 0 0 0 1 0 1 1 0 1 0 0 0 1 0 0 0 0 1 0 0 1 1 0 0 0 0 0 1 0 0 0 1 1 0 0 
1 0 1 1 1 0 1 1 1 0 1 1 0 1 0 0 0 1 0 0 1 1 0 0 1 1 1 0 0 1 0 1 1 0 1 1 0 0 0 1 0 0 0 0 1 0 1 1 0 1 1 1 0 0 0 0 1 1 0 1 0 1 0 0 1 1 1 1 0 1 
0 0 1 0 1 0 1 0 1 1 1 1 0 0 1 0 0 0 1 0 1 0 1 1 0 0 1 1 1 1 0 1 1 0 0 0 0 1 0 0 0 0 1 0 0 0 1 0 0 0 0 1 0 0 0 0 0 1 1 0 0 0 1 0 0 1 0 0 0 1 
0 0 1 1 1 1 1 0 1 1 0 1 0 1 1 1 1 0 0 1 0 1 1 1 1 1 1 1 1 1 0 0 0 1 1 1 0 1 1 1 0 1 1 1 0 0 0 0 0 0 1 0 1 0 0 0 1 1 0 0 0 0 0 0 0 0 1 0 1 0 
0 1 0 1 0 0 1 0 0 0 1 1 0 0 1 0 1 0 1 1 1 0 1 1 0 1 1 0 0 0 0 0 0 0 1 0 1 0 1 1 0 0 1 1 0 0 1 1 1 1 0 0 1 0 1 1 1 1 1 1 1 0 1 1 0 0 0 1 1 1 
1 1 1 0 0 1 0 0 1 1 1 1 1 0 1 1 1 1 0 1 0 1 1 0 1 1 0 1 1 1 0 0 1 1 0 1 0 0 1 1 0 0 1 1 0 0 0 0 1 0 1 0 0 0 0 1 1 0 0 0 0 0 0 1 1 0 0 1 1 0 
1 1 0 0 0 1 0 1 1 0 1 0 0 1 0 0 0 1 0 0 0 0 0 0 1 1 1 0 1 0 0 0 1 0 0 1 1 0 0 0 0 0 0 0 1 0 0 0 0 1 0 0 1 1 0 1 0 1 1 1 1 1 1 0 1 1 0 1 0 0 
1 0 0 0 1 0 0 1 0 0 0 0 0 0 1 1 1 0 0 0 1 0 1 1 0 0 0 0 1 0 1 1 1 1 1 0 1 1 1 1 0 0 0 0 0 1 1 1 1 0 1 1 0 0 0 0 0 0 1 0 1 0 1 0 1 0 0 1 1 1 
0 1 1 0 0 1 0 1 0 1 1 1 0 1 1 0 0 0 1 1 0 0 1 1 0 0 1 0 1 0 1 0 0 1 0 0 0 0 1 1 0 1 0 0 0 0 1 0 0 0 1 0 0 0 1 0 1 0 0 0 0 1 0 0 0 1 0 1 1 0 
0 1 1 0 0 1 0 1 0 0 1 1 0 1 0 1 1 1 1 1 1 0 0 0 0 1 1 1 0 0 1 0 0 0 0 0 1 1 1 1 1 0 1 0 1 1 1 0 0 1 1 1 1 1 1 1 0 0 0 0 1 1 0 1 1 1 1 1 0 0 
0 1 0 1 1 1 0 1 1 0 0 0 0 1 1 1 0 0 0 1 0 1 0 1 0 0 0 1 1 0 1 1 1 1 1 1 0 1 0 1 0 0 1 0 1 0 1 1 0 1 0 1 0 1 0 0 1 0 1 0 0 0 1 1 1 0 0 1 0 0 
0 0 0 1 0 1 0 1 1 0 1 1 1 1 0 1 0 1 1 1 1 1 0 1 1 1 1 1 1 1 0 1 1 0 1 1 0 1 1 1 1 0 0 1 1 1 0 1 0 0 1 0 1 1 1 0 0 0 0 1 0 0 1 1 0 0 1 0 1 0 
1 0 0 0 1 1 1 0 1 1 0 0 1 1 1 0 0 1 1 0 1 1 0 0 0 0 0 1 1 1 1 0 1 1 0 1 1 1 1 0 1 1 0 0 0 1 1 0 0 0 0 1 1 0 1 1 1 1 1 0 0 0 0 0 0 1 1 1 0 0 
1 1 1 1 0 1 0 1 0 0 1 0 0 0 1 1 1 0 1 0 0 1 1 0 1 1 1 0 0 0 0 1 1 1 0 1 1 0 0 1 0 1 1 0 1 0 0 1 0 1 1 0 0 0 1 0 1 0 0 1 0 1 0 0 0 0 1 1 0 0 
0 1 1 0 1 1 0 1 0 1 0 1 1 1 0 0 1 1 1 1 1 1 0 1 1 1 0 1 0 0 1 1 1 0 1 1 1 1 0 1 0 1 1 0 0 1 0 1 0 1 0 1 1 1 1 0 0 1 1 0 1 0 1 1 1 0 0 0 0 0 
0 0 1 1 0 1 0 1 0 0 0 1 0 1 0 1 0 0 0 1 0 1 0 0 0 1 0 0 1 0 1 1 1 0 0 1 0 0 0 0 1 1 1 1 0 1 0 0 1 0 0 0 1 0 0 0 1 0 0 0 1 1 0 0 0 0 1 0 1 0 
0 0 1 0 1 1 1 1 0 1 1 0 1 0 0 1 0 1 1 1 1 0 0 1 0 0 0 0 0 1 0 1 1 1 1 0 0 0 1 0 1 0 0 0 0 0 1 1 1 1 0 1 1 0 0 0 1 0 0 1 1 0 0 0 1 1 0 1 0 1 
0 1 1 0 0 0 1 1 1 0 0 1 1 0 1 0 0 0 0 0 0 0 0 0 0 1 0 1 0 0 0 0 1 0 1 1 0 0 1 1 0 1 0 0 1 1 0 1 0 0 1 0 0 1 0 1 0 0 0 1 0 0 1 0 0 0 1 0 0 0 
1 1 0 1 1 1 1 1 1 1 1 0 1 0 0 1 1 0 0 1 1 0 1 1 0 0 1 0 0 0 0 0 1 0 1 0 0 0 1 1 1 0 1 0 0 1 0 1 0 0 0 1 0 0 0 1 0 0 1 0 0 1 0 1 0 0 1 0 0 0 
1 0 0 0 0 1 0 0 0 0 0 1 1 1 1 0 0 1 0 1 1 0 0 0 1 0 0 0 0 0 0 1 0 0 0 1 1 0 1 0 0 0 1 1 1 0 1 1 1 1 0 0 1 0 0 0 1 0 0 1 1 0 1 1 1 1 0 0 1 0 
0 1 0 1 0 1 1 0 0 0 1 0 1 1 0 1 1 1 0 0 1 1 0 0 0 1 1 1 0 0 1 0 1 1 0 1 0 1 1 0 0 1 0 1 0 0 0 1 0 0 1 1 1 0 1 0 1 0 1 1 0 0 0 1 1 0 0 1 1 0 
1 1 1 1 0 1 1 1 0 1 1 0 0 1 0 1 1 1 1 0 1 1 0 1 0 1 1 1 0 0 1 1 0 0 0 0 1 1 1 1 1 1 1 1 0 1 1 1 1 0 1 0 0 1 1 0 0 0 1 0 0 0 1 0 0 1 1 1 0 0 
1 1 1 0 1 1 0 0 0 1 0 1 1 0 0 0 1 0 0 0 0 0 1 1 1 1 0 0 1 1 0 0 0 0 0 1 1 0 1 0 1 0 1 0 0 0 0 1 0 0 0 1 1 1 0 0 0 1 0 1 0 0 1 0 0 0 0 0 0 1 
0 0 1 1 0 0 1 1 1 0 1 1 1 0 0 1 0 1 0 0 0 0 1 0 1 1 0 1 1 0 0 1 0 0 1 1 0 0 0 1 0 1 1 1 0 1 1 0 0 1 1 1 0 0 1 1 1 1 0 1 1 0 0 0 0 1 1 0 0 1 
0 0 0 1 0 0 0 1 1 1 0 0 0 0 0 1 1 1 0 1 0 1 0 1 1 0 0 0 1 0 1 1 1 0 0 1 0 0 0 1 1 0 1 1 1 1 0 0 1 0 0 1 0 0 0 1 0 1 0 1 1 1 0 0 1 0 1 0 1 1 
