68 61 3667
30 99 72 81 45 53 54 87 3 95 17 32 57 85 95 80 91 31 30 93 20 1 41 33 47 14 14 46 40 22 49 70 20 72 50 16 76 56 54 79 2 70 10 58 54 56 38 96 86 19 41 6 72 81 90 18 94 3 16 33 24 
64 54 95 35 56 62 10 63 15 88 64 36 50 73 90 5 10 37 91 81 77 48 52 9 37 21 54 91 36 39 66 51 92 60 85 47 73 95 9 39 82 24 74 83 97 15 88 58 52 30 90 80 77 93 41 65 66 94 55 1 32 
20 52 76 31 88 74 55 82 83 93 16 58 18 50 6 33 37 64 36 66 5 67 94 98 7 10 63 1 64 15 84 35 18 59 65 6 33 19 39 67 63 54 24 81 4 82 13 92 45 100 10 49 66 55 98 73 65 60 25 28 75 
8 15 92 67 79 49 51 50 88 17 12 93 92 44 48 73 8 40 69 7 1 70 73 55 67 97 19 79 21 99 53 80 13 96 98 43 45 48 92 84 64 56 76 8 99 24 80 7 15 1 65 15 70 89 21 88 85 92 66 57 42 
70 37 54 66 34 48 62 82 92 45 97 99 20 56 97 95 88 55 9 88 72 75 9 60 48 48 97 39 14 53 80 83 41 85 100 75 32 61 8 75 5 56 73 77 12 22 71 51 28 32 38 99 6 98 59 5 45 55 43 10 59 
74 93 100 58 44 26 42 5 33 68 61 40 41 37 3 14 8 53 41 91 42 40 48 91 98 53 36 4 95 45 62 69 89 61 78 33 86 71 89 70 39 49 10 31 86 64 44 45 17 84 35 10 23 82 1 72 34 36 75 81 32 
89 1 73 49 30 5 87 1 93 56 91 93 17 21 78 81 64 74 49 99 60 58 22 42 10 45 27 45 20 59 29 8 59 1 8 89 57 94 41 1 2 31 93 70 3 71 2 66 96 2 16 56 12 37 49 21 34 27 18 5 86 
46 64 96 98 71 36 54 17 76 54 70 58 46 91 60 68 93 77 16 94 45 71 5 33 19 26 66 97 43 70 82 40 33 30 37 56 65 42 24 93 47 93 2 92 83 62 12 27 90 27 21 34 49 77 67 67 54 84 15 96 54 
97 87 38 26 75 93 42 16 16 34 14 60 36 6 43 49 69 69 90 47 41 76 95 18 94 13 71 77 27 19 30 75 57 20 52 32 12 94 99 80 27 13 39 14 70 33 62 90 2 4 36 94 79 82 63 72 46 86 48 72 56 
30 99 12 49 50 95 12 43 46 91 22 10 30 35 79 62 49 20 15 52 7 61 30 88 75 53 33 60 100 56 67 81 54 31 81 4 25 93 98 22 35 19 31 64 6 61 78 54 80 44 57 38 56 38 25 31 90 9 90 41 17 
9 22 22 39 2 25 63 46 75 37 81 93 67 96 98 80 25 3 11 69 59 49 76 96 25 6 85 86 48 26 2 56 99 23 94 52 100 8 98 74 96 78 18 15 73 68 94 50 70 56 18 29 4 45 76 81 51 13 66 50 90 
19 57 88 93 50 39 44 9 36 17 5 65 87 19 90 54 64 39 23 19 8 3 75 52 31 55 54 43 72 3 32 42 59 19 34 60 9 30 21 97 98 77 61 84 47 50 37 10 40 12 80 47 66 54 99 48 60 4 90 83 59 
73 24 17 43 10 29 52 39 1 48 36 77 60 72 23 10 60 84 49 71 15 48 89 21 98 36 32 1 78 15 59 50 90 28 93 51 8 96 41 8 43 29 36 54 100 10 63 59 45 64 82 59 63 22 79 60 57 11 60 34 77 
71 36 18 98 28 69 57 23 61 64 17 89 99 70 88 60 85 99 4 100 80 62 62 1 93 73 9 55 84 95 31 54 30 100 3 9 68 59 83 81 74 99 69 24 20 9 83 56 7 86 55 38 100 68 90 92 40 98 46 76 92 
28 29 21 27 84 81 47 94 63 27 20 61 47 43 33 55 78 88 61 15 95 50 66 14 39 57 6 37 54 81 80 33 61 53 60 44 33 58 90 96 84 9 8 82 3 40 37 32 80 49 99 26 99 64 39 37 73 44 73 26 76 
53 59 37 57 70 32 89 27 21 84 62 81 44 43 36 83 31 19 14 80 17 39 78 81 30 14 53 25 39 30 1 43 88 89 99 9 20 39 35 93 23 48 25 66 43 60 100 73 79 66 52 95 56 81 27 85 47 79 62 37 61 
62 79 48 50 29 57 21 67 43 13 41 43 38 58 85 49 10 57 79 27 61 74 82 41 52 19 87 83 80 75 43 41 53 42 42 33 50 62 52 93 27 44 87 16 54 71 64 63 79 43 89 39 68 22 32 71 40 70 53 19 45 
95 11 49 37 52 82 86 66 85 30 44 28 16 59 81 38 74 95 17 68 35 7 35 57 38 6 96 60 10 67 4 5 77 52 93 81 85 30 46 21 12 41 1 79 99 81 17 72 28 85 40 14 91 26 22 81 83 18 40 93 36 
95 49 12 98 93 44 83 74 41 55 85 81 55 64 79 88 32 3 15 16 94 80 58 71 2 38 6 71 77 98 6 23 98 69 21 42 13 55 15 53 9 52 34 64 67 64 51 98 18 17 65 63 96 22 34 49 12 39 19 40 88 
24 63 37 45 83 78 57 37 44 9 45 47 94 60 13 58 10 62 27 78 78 90 74 52 75 22 63 13 93 2 52 68 16 40 12 98 69 20 86 12 81 83 59 74 42 23 83 4 85 10 81 14 51 6 65 25 80 27 89 72 81 
40 91 48 79 3 98 47 22 83 10 2 17 20 28 59 43 10 14 79 71 94 92 21 100 9 97 31 87 85 54 19 24 44 67 54 46 64 52 20 98 62 21 15 81 100 25 75 10 38 53 32 83 97 5 34 57 1 64 43 86 69 
62 61 13 28 15 58 43 18 29 92 79 50 58 12 49 34 86 10 23 91 94 6 39 98 91 95 98 7 37 35 75 50 48 87 29 14 97 23 31 25 15 62 74 72 73 75 58 10 36 80 52 81 37 90 78 28 36 28 34 25 14 
8 26 61 47 55 74 43 77 5 67 91 66 93 15 90 19 72 99 54 3 51 35 40 92 64 67 80 91 100 4 5 59 29 17 5 35 91 47 12 95 66 54 12 58 20 1 76 43 99 81 46 1 67 85 45 31 3 24 73 54 79 
29 12 59 46 69 94 36 67 57 82 32 62 93 89 82 45 16 76 95 97 21 96 63 57 40 45 59 15 18 12 93 98 76 3 43 96 96 30 62 4 63 46 66 7 86 99 51 2 26 46 98 47 93 12 55 32 57 66 98 26 29 
90 23 4 44 18 51 92 47 65 95 62 10 12 68 95 62 19 96 88 16 45 86 8 57 40 91 13 5 88 38 34 29 60 89 72 77 92 63 76 56 10 37 65 21 4 11 83 74 7 70 89 51 7 48 7 46 38 71 3 25 8 
88 53 20 76 77 48 67 39 23 22 48 11 38 21 67 49 3 40 7 24 81 9 30 28 68 27 18 38 29 42 98 16 47 17 44 75 16 62 13 39 36 13 1 73 33 67 73 87 59 31 62 39 40 43 18 7 69 35 96 50 29 
93 17 27 61 60 1 77 74 65 67 9 77 67 33 61 34 58 47 92 88 60 82 27 2 99 85 23 86 33 24 14 25 40 92 38 100 92 14 25 56 32 33 85 98 65 97 83 22 96 26 62 55 7 40 9 58 25 31 43 9 54 
8 85 45 99 22 96 90 87 20 97 18 52 33 68 69 30 50 42 25 28 3 31 86 43 39 43 19 21 37 27 74 44 11 19 94 33 14 35 19 34 32 89 37 16 56 5 45 57 47 21 84 49 52 70 43 90 64 61 11 1 87 
36 96 98 6 90 82 20 24 52 5 7 92 93 23 47 50 19 56 96 40 91 96 91 12 39 32 76 51 42 28 38 30 23 87 35 64 20 6 88 71 62 46 63 55 20 61 4 39 68 51 30 59 46 20 70 36 3 97 87 45 24 
76 74 99 62 60 62 81 66 1 3 27 47 17 81 66 78 84 56 97 86 85 55 32 56 77 19 59 73 5 55 49 80 80 47 93 39 60 25 4 61 80 31 59 96 63 24 25 99 32 22 84 16 28 67 72 4 86 82 29 42 36 
29 22 15 75 66 5 34 43 9 46 22 91 4 17 53 28 94 3 59 67 87 26 94 53 97 50 90 78 30 32 65 58 53 31 32 70 36 17 12 96 63 85 38 66 54 42 45 47 45 55 65 83 81 58 35 29 59 25 59 88 56 
75 45 60 6 28 81 93 97 45 88 11 29 25 28 82 18 73 80 62 79 44 44 11 54 31 92 12 7 2 52 62 76 48 73 33 76 53 25 24 49 64 34 78 40 61 11 58 85 43 19 16 38 15 26 43 45 69 7 51 70 58 
64 98 5 36 30 32 40 55 55 89 70 88 18 10 1 80 67 85 74 37 100 12 51 78 54 95 46 12 97 68 69 60 65 26 47 46 9 39 52 64 79 22 3 96 31 3 27 97 40 1 33 91 64 84 20 17 30 66 81 27 85 
49 38 1 26 85 46 35 23 98 98 53 19 52 48 49 7 26 97 98 26 29 88 89 64 8 58 46 25 38 72 9 38 61 9 64 45 54 98 19 3 47 71 21 50 70 69 56 48 65 53 73 46 93 14 9 52 23 54 76 60 77 
36 49 38 96 12 34 1 61 5 4 59 27 24 9 49 45 16 96 61 21 20 6 65 33 67 16 7 72 43 66 1 30 67 90 25 78 75 77 91 79 80 1 6 56 61 6 52 77 1 12 49 72 70 13 5 88 80 11 11 22 29 
11 51 95 52 27 24 27 3 66 5 83 67 62 90 27 67 93 55 19 56 55 91 25 67 47 64 46 9 27 19 89 89 69 35 41 95 11 67 98 76 23 32 94 37 73 73 3 65 79 74 20 34 16 97 100 62 12 98 22 38 16 
11 27 37 97 67 31 7 33 80 35 7 11 28 43 83 52 98 99 31 71 19 16 38 15 67 99 26 64 72 64 32 82 42 68 79 8 50 37 92 30 71 98 92 51 93 27 2 90 25 84 12 43 99 49 9 18 99 87 33 70 2 
64 4 43 83 82 50 85 18 93 66 41 42 57 91 34 35 92 23 60 28 86 54 78 34 15 95 32 1 80 54 2 95 57 44 78 90 45 14 7 89 79 47 30 87 89 64 22 81 38 81 60 24 86 37 57 100 84 41 100 63 94 
53 57 50 48 86 39 92 99 97 80 29 96 62 16 84 25 37 16 14 69 27 37 54 16 46 54 99 38 5 13 31 58 69 32 5 7 22 49 5 70 80 34 17 41 49 53 17 37 20 31 5 47 19 58 62 64 63 12 1 68 24 
83 77 92 14 81 98 87 81 55 57 61 40 73 53 40 77 70 76 97 100 80 43 70 89 56 34 4 67 86 71 90 69 99 33 34 31 83 73 12 37 29 72 28 53 24 67 30 45 42 26 96 73 20 66 61 75 99 64 41 36 86 
82 4 84 14 90 67 96 62 78 84 42 1 11 94 76 77 75 21 70 52 68 42 23 33 3 97 83 18 89 19 56 70 74 91 84 63 57 31 24 86 15 17 86 77 63 14 6 37 86 75 41 53 17 63 86 71 12 20 40 100 38 
95 22 12 86 57 26 94 87 2 80 53 18 65 30 80 30 87 69 15 61 61 68 29 75 5 99 86 24 39 38 62 85 11 25 22 67 2 16 53 3 95 6 73 11 87 4 41 73 72 55 85 84 22 14 59 26 12 96 2 2 85 
63 39 95 39 60 13 40 75 66 95 21 23 67 32 61 70 72 33 94 78 69 77 52 82 87 29 46 83 30 99 19 92 37 66 82 97 78 22 23 95 68 44 17 34 27 77 3 50 61 48 27 30 25 78 63 11 59 8 45 88 7 
16 32 95 81 13 43 58 86 66 53 53 61 21 38 87 50 93 36 62 40 62 43 16 92 6 27 2 65 23 89 23 90 20 18 70 85 60 80 22 77 84 27 37 56 64 23 5 56 10 67 48 24 9 63 67 66 41 68 31 64 56 
53 53 28 22 75 64 34 6 85 10 89 11 99 44 27 73 1 34 83 67 81 6 27 44 24 45 84 91 75 99 98 79 52 25 1 78 40 34 83 25 95 23 87 93 66 65 66 66 99 48 84 79 5 63 74 28 7 58 70 33 56 
67 11 59 44 63 36 83 96 70 59 91 92 98 83 10 62 100 27 12 99 11 43 3 25 16 82 83 25 3 67 33 70 77 91 13 40 79 47 87 100 6 29 92 55 64 1 68 63 27 80 62 89 74 16 65 41 50 47 66 52 13 
98 73 42 40 85 33 70 84 71 70 41 100 13 95 63 13 62 77 91 93 38 32 66 6 96 7 7 95 24 58 59 73 31 52 12 67 84 34 50 7 3 90 6 15 36 20 79 98 96 21 90 86 52 8 43 100 66 49 94 89 58 
4 61 40 56 24 7 39 57 8 45 11 50 2 25 85 73 55 34 21 76 76 58 79 83 100 78 48 100 23 88 57 27 100 97 82 23 55 72 80 14 69 90 63 22 67 100 95 73 85 15 100 60 72 79 94 23 8 93 22 31 80 
30 9 79 78 90 54 32 61 85 46 81 26 60 3 92 11 97 17 96 63 16 7 34 46 1 56 54 93 29 36 25 58 44 55 36 33 8 19 45 44 16 78 70 28 80 61 38 76 29 85 90 45 92 23 90 44 30 95 88 10 30 
12 19 25 19 54 57 78 25 54 22 40 31 91 19 62 3 57 89 32 93 78 28 84 52 69 79 81 64 67 42 45 30 60 70 100 66 78 78 90 83 51 81 65 93 100 26 95 8 14 78 100 91 57 36 42 26 66 74 41 32 67 
37 62 27 6 61 92 36 90 33 18 40 65 83 32 64 8 79 23 74 8 75 16 65 62 58 90 27 83 82 59 50 18 72 28 76 84 71 11 74 3 80 65 19 62 49 83 22 79 57 47 86 31 62 50 92 71 91 19 54 24 77 
55 42 100 82 69 83 4 79 8 6 10 73 76 24 73 58 45 51 67 43 36 97 4 38 41 75 80 59 80 4 87 34 97 38 67 65 20 70 95 28 27 4 52 2 27 24 12 23 74 78 65 61 26 69 98 66 95 78 76 74 33 
14 59 29 51 25 45 23 94 39 50 20 94 1 73 73 76 84 95 49 61 12 61 39 32 59 4 78 88 32 51 72 45 9 52 48 33 96 70 78 86 19 49 31 71 21 3 46 57 50 46 17 61 6 7 44 16 63 21 55 94 23 
26 90 31 77 37 15 24 58 44 9 28 92 40 98 64 94 95 20 43 92 89 55 50 95 50 65 57 70 72 2 92 97 44 74 26 32 40 1 90 83 10 17 26 1 67 90 94 13 9 37 5 97 43 6 44 93 70 52 14 41 54 
58 90 97 31 67 28 71 67 69 5 28 38 31 28 4 20 74 68 80 62 24 29 4 29 72 48 99 23 62 91 28 19 32 76 1 50 56 23 69 24 28 96 13 10 76 16 81 49 84 60 10 7 88 65 88 11 13 86 86 74 28 
65 44 12 41 44 61 48 67 81 23 46 77 36 55 4 51 35 52 86 94 13 45 34 29 32 96 41 69 81 66 48 46 61 59 38 5 72 85 23 52 7 68 80 42 22 83 93 56 86 30 1 50 26 86 79 9 82 71 77 62 89 
77 7 49 35 44 5 58 80 27 62 87 46 41 28 67 76 72 74 13 2 75 63 79 60 93 88 41 15 64 55 55 40 13 4 27 9 60 36 88 39 97 74 84 90 2 3 17 73 76 29 26 2 43 5 14 87 92 6 2 7 60 
56 99 25 11 77 33 23 64 20 61 61 94 96 2 47 98 18 71 74 98 97 27 93 53 40 79 96 98 32 54 9 88 4 33 50 32 65 72 96 37 84 8 82 80 9 28 77 78 50 2 27 98 81 19 50 72 50 97 69 81 3 
30 20 6 62 22 38 79 93 85 15 29 92 48 8 52 75 36 81 24 90 7 74 70 78 23 41 27 72 62 59 74 91 79 31 4 100 20 82 44 4 48 72 47 95 31 98 69 19 78 45 8 37 70 29 14 92 21 92 15 82 50 
88 24 80 71 28 31 90 9 75 94 57 98 92 51 81 90 72 99 19 68 58 55 37 38 20 80 58 11 47 92 61 86 15 92 56 42 23 46 3 49 91 11 46 82 13 78 23 84 28 42 3 85 96 91 22 16 23 32 78 69 23 
90 54 89 82 10 31 56 7 85 4 97 95 49 30 7 27 53 43 54 46 97 91 93 88 64 60 10 47 38 30 69 79 83 58 60 44 40 15 50 76 18 98 70 19 80 28 97 32 70 2 29 67 44 21 6 8 81 15 54 70 44 
75 48 78 84 60 22 23 74 71 50 44 21 19 14 100 98 10 83 68 63 11 86 7 83 91 14 63 57 19 84 52 93 32 29 76 91 2 50 16 25 99 11 45 69 24 96 67 85 78 86 48 40 71 54 22 13 19 37 21 37 20 
72 82 51 52 9 93 54 59 61 30 9 71 74 78 47 69 96 31 98 81 30 37 51 35 58 15 53 94 35 90 14 58 23 16 9 31 61 14 89 73 43 50 95 68 27 41 36 22 24 85 54 5 21 56 40 31 70 92 76 4 33 
41 13 55 57 21 38 69 35 78 41 29 27 35 97 5 28 84 78 3 69 31 7 41 86 46 71 55 90 47 10 22 39 22 29 95 95 66 15 81 43 7 9 70 94 57 26 21 41 4 75 9 34 81 1 20 79 24 26 20 22 88 
41 60 61 21 7 55 38 21 87 81 28 48 2 73 4 27 45 44 30 19 4 16 51 5 87 81 28 12 100 49 51 93 8 12 13 14 18 51 87 5 83 66 52 36 38 55 14 82 51 96 52 54 11 54 58 97 35 85 60 34 85 
11 78 93 74 43 58 91 45 44 47 27 9 50 14 98 5 27 79 7 22 82 60 84 36 18 80 70 54 92 55 91 54 33 83 27 27 92 69 71 36 16 49 96 65 62 94 21 88 24 27 62 58 87 45 93 56 77 14 61 68 20 
51 21 4 85 47 30 77 67 100 64 82 48 11 99 9 56 71 49 80 98 10 89 36 54 81 43 30 46 3 49 65 6 69 69 90 67 98 18 86 98 81 67 97 92 17 58 47 88 6 78 37 67 66 24 20 98 66 2 43 20 2 
8 25 23 76 67 89 73 84 74 22 17 93 19 8 9 76 6 48 33 36 84 99 1 7 70 51 24 23 93 96 25 100 72 47 27 38 87 100 74 13 73 90 57 43 97 17 18 54 65 2 89 100 100 42 59 70 92 82 44 84 29 
1 1 0 1 1 1 0 0 0 0 1 1 0 1 1 0 1 1 0 0 1 0 0 0 0 1 1 1 0 1 0 0 0 0 1 1 1 1 0 0 1 1 1 1 0 1 0 1 0 0 0 1 0 0 0 0 1 1 0 1 0 
0 1 0 0 1 0 1 0 0 1 0 1 1 1 1 0 1 1 0 0 1 1 0 1 1 1 0 1 1 1 1 1 1 0 1 0 0 0 0 0 0 0 1 1 0 0 1 1 1 1 1 0 0 0 1 0 1 1 1 0 1 
0 1 0 0 0 0 0 0 0 0 0 1 1 1 1 0 0 0 1 1 0 0 0 0 1 0 1 1 1 1 0 1 0 0 0 0 0 0 0 0 1 1 1 0 0 0 0 1 1 0 0 1 0 0 1 1 0 0 0 1 1 
0 1 1 0 1 1 0 1 1 1 0 0 0 1 1 1 1 0 0 1 0 1 1 1 0 1 1 0 1 1 1 0 0 0 0 1 1 1 0 0 0 1 1 0 0 0 1 1 0 1 1 0 0 0 1 0 1 1 0 1 0 
1 1 0 1 1 1 0 0 1 1 0 0 0 1 0 0 0 0 0 0 1 0 0 1 0 1 1 1 1 0 1 1 1 1 0 0 0 1 1 1 0 1 0 0 0 0 0 1 0 0 1 1 0 1 1 0 0 0 1 0 0 
0 1 1 1 1 1 1 0 0 1 0 0 1 0 0 1 0 1 0 0 0 1 1 0 0 1 0 0 1 0 0 1 1 1 1 1 1 0 1 1 1 0 1 0 0 0 0 1 1 0 1 0 1 0 0 0 0 0 0 1 1 
1 0 0 0 1 1 1 0 1 1 1 1 0 0 1 0 0 0 0 0 0 0 1 0 0 1 0 0 0 1 1 1 0 0 1 1 1 1 1 0 0 1 1 0 1 1 1 1 1 1 1 1 1 0 0 1 0 0 1 0 0 
1 1 0 1 0 1 0 1 1 1 1 0 0 0 1 1 1 0 1 0 1 0 1 1 0 0 1 1 1 1 1 0 0 1 1 1 0 0 0 1 1 0 1 1 0 0 1 1 0 0 1 1 0 0 1 1 0 0 0 1 0 
1 0 0 0 1 1 0 1 0 0 0 0 1 0 0 0 1 1 0 1 0 0 1 0 1 0 0 1 0 1 1 1 1 0 1 1 1 0 0 1 0 1 1 1 1 1 1 0 0 0 1 0 0 0 0 1 1 0 0 1 0 
0 1 1 0 0 0 1 0 1 1 0 0 0 0 1 0 1 1 0 1 0 1 1 0 1 0 1 0 1 1 0 1 0 1 1 0 0 0 1 1 1 1 1 0 1 0 0 1 1 0 0 1 1 0 1 1 0 1 1 1 0 
1 0 0 0 1 0 0 0 1 1 1 1 0 1 0 0 1 1 1 0 0 0 1 0 0 0 0 1 1 0 1 0 0 1 1 0 1 1 0 1 1 1 0 1 1 0 0 0 0 1 0 0 0 0 0 0 0 0 1 0 0 
0 0 1 1 1 1 0 1 1 1 0 0 1 1 1 0 1 0 0 1 0 0 1 0 0 1 1 0 0 1 1 0 1 0 1 1 1 1 0 0 1 0 0 0 1 0 0 1 0 0 0 0 0 1 1 0 0 0 1 0 1 
0 0 0 0 1 1 1 0 1 1 1 1 1 0 1 1 0 0 1 1 0 0 1 1 1 0 1 1 1 1 0 1 1 0 1 0 0 0 0 1 1 0 1 0 0 0 0 0 0 1 1 0 1 1 1 0 1 0 1 0 1 
1 1 0 0 0 0 0 0 0 1 1 0 0 1 0 0 1 1 0 1 0 0 0 1 1 1 0 1 0 0 0 0 1 0 0 1 0 0 1 1 1 0 1 0 0 0 0 1 1 1 0 1 1 1 1 1 0 1 0 0 0 
1 0 1 1 0 1 0 0 0 1 0 1 0 0 1 0 0 0 1 1 1 1 1 0 0 0 0 1 0 0 1 1 1 1 1 1 0 1 0 0 0 0 1 0 0 0 1 0 1 0 0 0 1 1 0 1 1 0 1 1 0 
0 1 1 1 0 1 1 1 1 0 1 1 1 1 1 0 0 1 1 1 1 1 0 0 1 0 1 1 1 1 1 1 0 1 1 0 0 0 1 1 0 0 0 0 1 1 0 0 0 1 1 0 0 1 0 1 1 0 0 0 1 
1 0 1 0 1 1 0 1 0 1 0 0 1 0 1 0 0 1 1 1 0 1 1 0 1 0 1 1 0 0 0 1 0 1 0 1 0 0 0 0 0 0 0 1 0 0 0 0 1 1 1 0 0 0 0 1 0 1 1 0 1 
1 0 1 1 0 0 1 0 1 0 0 1 0 0 0 0 0 0 0 1 0 0 1 0 0 0 1 1 1 1 1 1 1 0 0 1 1 1 0 0 1 0 1 0 0 1 0 0 0 0 1 0 0 0 0 0 1 1 0 0 1 
1 1 0 1 1 0 0 1 0 0 0 0 0 0 1 1 1 1 1 1 1 1 0 1 0 0 0 1 0 1 0 1 0 1 1 0 1 1 1 1 0 1 1 0 0 0 1 1 0 1 0 1 0 0 0 0 1 1 0 1 0 
0 1 0 1 0 0 0 1 1 1 1 1 1 1 1 1 1 0 1 0 0 0 0 1 1 1 0 0 1 1 0 1 0 0 1 0 1 1 0 0 1 1 1 0 1 0 1 0 0 1 0 1 1 0 0 0 1 0 0 0 1 
0 0 0 1 1 0 0 0 0 0 1 0 0 1 1 0 1 1 1 0 1 0 1 1 0 0 1 0 0 1 1 1 1 1 0 0 0 0 1 0 0 0 0 0 0 1 1 1 0 0 1 1 0 0 1 0 0 0 0 1 1 
1 0 1 1 0 1 1 0 0 1 0 1 0 1 1 1 0 0 0 0 1 1 0 1 0 0 0 0 0 1 0 1 1 1 0 1 0 1 1 1 1 1 0 1 0 1 0 0 1 0 0 0 0 0 1 0 0 1 1 0 0 
1 0 1 0 0 0 0 0 1 1 1 1 1 0 1 0 0 0 1 1 0 1 1 1 1 1 1 0 0 0 1 1 0 0 1 0 1 0 0 0 1 1 1 1 1 1 1 0 1 1 1 1 0 0 0 1 1 0 0 0 0 
1 1 0 1 1 0 0 1 1 1 0 0 0 1 0 1 1 0 0 0 1 0 0 1 0 0 0 0 0 0 0 1 0 0 0 1 1 1 0 0 0 0 0 0 0 0 0 1 0 0 1 1 0 1 0 1 1 1 1 1 1 
0 0 1 0 1 0 1 0 0 1 0 1 0 0 1 0 0 0 1 1 1 0 1 0 1 0 0 0 0 1 1 0 0 1 0 1 1 0 1 0 1 1 1 1 1 0 0 0 0 1 1 1 1 0 1 0 1 1 0 1 1 
0 1 1 1 1 0 0 1 1 0 1 0 1 0 1 1 0 1 1 1 0 0 1 1 0 1 0 1 0 1 0 0 0 1 1 1 1 1 1 0 0 0 0 1 0 0 1 1 1 0 0 0 1 1 1 1 1 1 0 1 0 
1 1 0 0 0 1 0 1 0 0 1 0 1 1 1 1 0 0 0 0 0 0 1 0 1 0 1 0 1 0 0 0 1 0 0 1 0 0 0 0 1 0 1 0 1 0 1 1 0 1 1 0 0 1 0 1 1 1 0 0 1 
0 0 0 1 1 1 1 1 0 1 0 0 0 0 1 0 1 0 0 1 1 1 1 0 1 0 0 1 0 0 0 1 1 1 0 0 0 1 1 0 0 0 0 1 0 1 1 0 1 0 1 1 1 0 1 0 0 1 1 1 0 
0 0 1 1 0 1 1 1 0 0 1 0 0 0 1 0 0 1 1 0 0 0 1 0 0 1 0 1 1 1 1 1 1 0 0 1 1 1 0 0 1 0 0 0 0 1 0 0 0 1 0 0 0 1 0 0 1 1 1 0 0 
1 1 0 1 1 1 1 0 0 1 0 0 1 0 0 1 0 1 1 1 1 0 1 1 0 1 0 1 1 0 0 0 1 0 1 0 1 0 0 1 1 0 1 1 0 0 0 0 1 1 0 0 1 1 1 0 1 1 1 0 1 
1 0 0 1 1 0 1 0 1 0 1 1 0 0 0 0 0 0 1 0 0 1 1 0 1 1 1 0 1 1 0 0 1 0 0 0 1 1 0 0 1 0 1 1 0 1 1 1 0 0 1 0 0 0 0 1 0 1 1 1 0 
1 1 1 0 1 0 1 0 0 1 0 0 0 1 1 0 1 0 0 1 1 0 1 1 1 0 1 0 0 0 1 1 0 0 1 1 0 0 0 1 1 0 1 0 1 0 0 0 0 0 0 1 0 1 1 1 0 0 0 0 1 
1 1 1 1 1 0 0 1 0 1 1 0 0 1 0 1 1 0 1 1 0 1 1 0 0 1 0 0 1 0 1 0 1 0 1 0 1 1 0 1 0 1 0 1 0 0 0 1 0 1 0 1 0 1 1 0 0 1 1 1 1 
0 1 0 1 1 1 0 0 1 1 1 0 1 0 0 1 0 1 0 1 1 1 0 0 0 0 1 1 1 0 0 0 0 0 1 1 1 1 1 0 0 0 0 0 0 0 1 0 1 1 0 0 0 0 1 0 0 0 1 0 0 
1 0 0 0 1 1 1 0 1 0 0 1 0 0 0 1 0 0 0 1 0 1 0 0 0 0 1 0 0 1 0 1 1 1 1 0 0 1 0 1 1 0 1 1 1 1 0 1 1 1 0 0 0 0 0 0 1 1 0 1 0 
0 0 1 1 0 1 0 1 1 1 0 0 0 1 1 1 0 0 1 1 0 1 1 1 1 1 0 1 1 1 1 1 1 1 1 1 0 1 0 0 0 0 0 1 0 1 0 0 1 1 1 1 0 0 0 0 1 0 1 0 1 
0 1 1 1 0 0 0 1 1 0 0 1 0 1 1 1 1 1 0 1 0 1 1 0 0 1 1 0 0 1 0 1 1 1 0 1 1 0 1 0 0 1 0 0 0 1 1 1 1 1 0 1 1 0 0 1 1 1 1 0 1 
1 1 0 0 1 1 0 0 0 0 0 1 0 1 1 0 0 1 1 0 1 0 1 1 0 0 1 0 1 1 1 1 0 1 1 1 0 1 1 1 0 0 0 0 1 0 0 1 1 1 1 0 0 0 0 0 0 1 0 0 0 
1 1 0 0 0 1 1 0 1 0 0 1 0 0 0 0 1 1 1 0 1 0 0 1 0 1 0 1 1 0 1 1 1 1 1 1 0 0 1 1 0 1 0 1 0 0 1 1 0 1 1 1 1 0 0 1 1 0 0 0 0 
1 1 1 0 1 1 0 1 0 0 0 0 0 1 0 1 0 1 1 1 0 0 0 0 0 1 1 1 1 0 1 0 1 1 0 0 0 1 0 0 1 0 0 1 1 0 0 1 1 1 1 0 1 1 0 0 1 0 1 0 0 
0 1 1 1 1 0 1 0 0 0 1 0 0 1 1 1 1 0 0 1 1 0 0 1 1 0 0 1 1 0 1 0 1 0 1 1 0 1 1 0 1 1 0 1 0 1 0 1 0 1 0 1 1 1 0 0 1 0 1 1 1 
0 1 0 1 0 1 1 1 1 0 0 0 0 0 0 0 0 1 0 1 0 1 1 1 0 1 0 0 1 1 1 1 0 0 0 1 1 0 0 0 0 1 0 0 1 0 0 1 0 0 1 0 0 0 1 0 1 1 0 0 1 
0 0 1 0 0 0 1 0 1 0 0 0 0 1 1 1 1 0 1 0 1 1 0 1 0 0 1 1 0 1 0 0 1 0 0 0 0 0 0 1 0 1 1 0 0 0 1 1 1 0 1 0 1 1 0 1 1 1 1 0 0 
1 0 0 1 1 0 0 1 0 1 1 1 1 1 1 1 1 1 0 1 0 1 1 0 1 0 1 0 1 1 0 1 0 0 0 1 0 0 0 1 0 1 0 1 0 0 0 1 1 1 1 1 0 0 1 1 0 1 1 0 0 
1 1 0 0 1 1 0 0 1 1 0 0 0 1 1 0 1 0 1 0 1 0 0 1 0 1 0 1 0 0 1 0 1 0 0 0 1 0 0 1 0 0 1 0 1 0 0 1 1 1 1 0 1 0 0 1 1 0 0 0 0 
0 0 1 0 0 1 1 0 0 0 0 0 0 0 0 0 0 1 1 1 0 0 1 0 0 0 0 0 1 0 0 1 0 1 1 0 0 0 0 0 1 1 1 1 1 1 1 0 0 1 1 0 1 0 1 1 1 1 1 0 1 
1 1 1 0 0 1 0 0 1 1 1 0 0 0 0 1 0 0 1 1 1 1 0 0 0 1 1 1 0 1 0 1 0 1 1 0 0 1 0 0 0 0 0 0 0 0 1 0 0 0 1 0 0 1 0 0 0 1 0 0 0 
0 1 0 0 0 0 0 0 0 0 0 0 1 1 1 1 0 1 0 1 1 0 1 0 0 1 1 1 1 1 1 0 1 1 0 1 1 0 1 1 1 0 0 0 1 1 1 1 0 1 0 1 1 1 0 1 1 1 0 0 0 
1 0 1 0 0 1 1 1 0 1 0 0 1 0 1 0 1 1 0 1 1 0 0 1 0 0 0 1 0 0 1 0 1 1 0 1 0 0 0 0 1 0 1 0 0 0 0 0 1 0 1 1 0 1 0 0 1 0 1 0 0 
1 0 1 0 0 1 0 0 1 0 1 0 1 1 0 0 1 0 1 0 1 0 0 1 0 1 0 0 0 0 1 1 0 0 1 1 1 1 1 1 0 1 1 1 0 1 1 0 0 1 0 1 1 0 0 0 1 1 0 0 1 
1 1 0 0 1 1 1 0 0 0 0 1 1 0 0 1 1 0 1 0 0 0 0 0 1 0 0 0 0 0 1 0 1 1 0 0 0 1 1 1 0 1 0 1 1 0 0 1 0 1 1 0 0 1 1 1 1 1 1 0 1 
0 0 0 0 0 1 0 1 0 1 1 1 0 1 1 0 1 0 1 1 1 1 1 1 0 0 0 1 1 0 0 1 0 1 1 0 0 0 0 0 1 1 1 1 0 0 0 0 0 1 1 0 0 0 1 1 0 1 0 1 0 
1 0 0 0 0 1 0 0 1 0 1 0 1 1 1 0 1 1 0 0 0 0 0 0 1 1 0 1 0 1 1 1 1 1 1 1 0 1 1 1 1 1 0 0 0 1 0 1 0 1 1 0 1 1 0 1 1 0 0 1 1 
1 0 0 0 1 0 1 0 1 0 1 0 0 1 0 1 0 1 1 1 0 1 0 0 1 1 1 1 1 0 0 0 0 1 1 1 1 0 1 0 0 0 1 1 1 1 0 1 1 0 0 1 1 1 1 1 0 0 0 0 0 
1 0 0 0 1 1 1 1 0 1 0 0 0 1 0 0 1 1 1 1 0 0 1 1 0 0 1 0 0 1 1 1 0 1 1 1 1 0 1 1 0 1 0 0 0 0 0 1 1 1 1 1 0 0 0 0 0 0 0 0 1 
1 0 1 1 1 1 0 0 0 1 0 1 1 0 1 1 1 0 1 0 1 0 0 1 1 0 1 1 1 0 0 0 0 0 1 1 1 1 1 1 1 1 0 0 0 1 0 1 1 1 1 1 1 0 0 0 0 0 1 1 0 
0 0 0 0 1 1 1 1 1 0 0 0 0 0 0 1 0 1 0 1 1 1 1 1 0 1 1 0 1 1 0 1 1 0 1 0 1 0 1 0 0 1 1 0 0 1 1 0 1 1 0 0 1 1 1 1 0 0 1 1 1 
1 0 0 1 1 1 0 1 0 1 1 0 0 1 0 1 0 0 0 0 0 0 1 1 1 0 0 0 1 1 1 0 0 0 1 1 1 1 1 1 0 0 1 0 0 1 0 0 0 0 0 0 1 1 0 0 1 0 0 0 1 
0 0 1 0 1 1 1 1 0 0 1 0 0 0 0 1 0 1 1 0 1 0 1 1 0 0 0 0 0 1 1 0 1 1 0 1 0 1 0 0 0 1 0 0 1 1 1 1 0 1 0 1 1 1 0 1 1 1 1 0 0 
0 0 1 1 1 0 1 0 0 1 0 0 0 0 1 1 0 1 1 1 1 0 0 0 1 1 0 0 0 0 0 0 0 1 0 1 0 1 0 0 1 0 0 1 1 0 0 1 1 1 0 0 1 0 0 0 1 0 0 1 0 
0 1 1 0 1 0 0 1 0 0 0 1 1 1 0 1 1 1 0 0 1 0 1 1 0 0 0 1 0 1 1 1 0 0 1 0 1 1 1 1 1 1 0 0 0 0 1 1 1 1 1 0 1 0 1 0 0 1 1 1 0 
0 0 1 1 1 1 0 0 0 1 1 1 0 0 1 0 1 0 0 1 1 0 0 1 0 0 0 1 1 1 0 0 1 1 1 0 0 1 0 0 0 1 1 0 1 0 1 1 0 1 0 1 1 0 0 1 1 0 1 0 1 
1 0 0 0 1 0 0 0 0 0 1 0 1 1 1 1 0 0 1 1 0 0 1 1 0 0 0 1 1 0 0 0 1 1 0 0 1 0 1 0 0 0 0 1 1 1 0 0 0 1 1 0 1 0 1 0 1 1 1 0 0 
1 1 1 0 1 1 0 0 0 0 0 0 0 0 0 1 0 0 1 0 1 0 1 0 1 1 1 1 0 1 1 0 0 0 0 0 1 0 0 0 0 0 0 0 0 0 0 1 0 1 1 0 1 0 0 1 0 1 0 0 0 
1 0 1 1 1 1 0 1 1 0 0 1 1 0 0 1 0 1 0 0 0 0 1 0 0 0 0 1 0 1 1 1 1 0 0 0 1 1 0 0 1 0 0 0 0 0 0 1 1 0 1 1 0 0 1 0 1 0 1 1 1 
0 1 0 1 1 1 0 0 1 1 0 1 1 0 1 1 0 0 0 0 1 1 0 0 0 0 1 0 1 0 1 0 1 0 1 1 1 1 1 0 0 1 1 1 0 0 0 0 1 0 1 0 1 1 0 0 0 1 0 1 0 
0 1 1 0 0 0 1 0 0 1 0 1 0 0 1 0 0 0 1 1 1 0 0 0 0 0 0 0 1 0 0 1 1 1 1 0 0 0 0 0 1 0 1 1 0 1 1 1 1 1 0 0 1 0 0 1 1 1 1 0 1 
1 1 0 1 0 0 1 0 0 1 1 1 0 0 1 1 1 0 0 0 0 0 1 1 1 1 0 0 0 0 1 0 1 1 1 1 0 0 1 0 1 0 1 1 0 1 1 1 1 1 0 0 0 1 1 1 0 1 1 1 1 
