61 54 152
59 46 85 66 21 86 45 92 19 55 91 34 4 67 27 43 100 24 7 12 53 58 13 19 11 18 58 72 23 40 19 81 37 55 99 57 40 95 1 10 2 43 96 57 62 74 99 61 49 58 72 1 15 36 
20 77 54 77 49 28 69 19 60 57 74 58 66 65 5 66 27 58 60 74 14 21 47 64 81 47 21 5 47 87 92 18 64 97 47 64 24 67 34 84 23 59 93 40 76 49 57 54 6 17 27 71 37 25 
35 70 71 55 26 69 94 17 39 9 66 37 72 89 3 57 24 77 68 17 69 43 65 25 96 23 41 74 93 30 98 27 51 20 34 76 88 27 44 78 35 9 14 58 98 68 66 73 97 33 89 65 27 6 
89 22 28 82 47 72 11 44 51 13 15 84 88 3 62 31 32 48 40 46 57 89 65 22 61 61 7 2 77 33 7 18 7 86 99 5 57 61 49 7 73 63 42 12 17 3 42 49 2 33 46 58 73 62 
32 86 23 90 87 51 74 45 68 32 30 18 37 38 30 37 97 54 51 38 65 20 93 59 20 94 43 65 4 16 26 87 1 100 76 39 3 49 83 70 33 64 40 69 1 21 5 97 75 7 87 91 26 79 
1 45 24 96 9 79 63 87 65 63 38 92 53 40 93 35 62 25 98 53 93 50 73 49 99 99 7 85 42 33 63 94 77 38 89 38 17 51 76 33 65 65 25 17 5 17 3 18 41 52 70 85 2 94 
85 52 45 91 36 86 23 50 79 100 87 20 89 55 22 64 88 87 28 12 55 84 28 10 53 20 61 74 4 14 68 88 65 12 30 52 49 53 1 79 4 40 98 92 94 20 7 81 58 86 44 64 22 23 
73 74 42 86 48 97 51 67 36 68 30 66 19 78 70 20 56 73 59 6 16 4 77 74 37 86 11 80 49 32 55 74 6 96 11 5 45 61 71 80 28 100 97 99 29 66 70 36 38 28 41 5 83 69 
30 19 6 41 51 7 72 5 80 29 52 42 85 96 54 55 76 34 6 24 32 86 90 1 22 79 80 14 36 62 83 65 81 40 5 83 46 77 87 77 57 38 18 42 34 72 48 61 5 6 36 36 91 25 
88 12 56 67 26 91 28 60 55 60 51 60 94 97 88 80 73 96 70 43 37 3 14 37 15 70 42 50 57 32 27 44 96 82 10 73 72 89 84 78 1 34 37 94 30 76 26 55 72 95 97 60 49 62 
48 15 31 89 64 87 73 42 30 68 23 91 92 46 31 75 24 83 8 60 77 90 88 54 96 11 48 92 22 48 53 70 62 83 10 77 21 82 19 50 1 41 92 92 87 22 18 10 5 26 21 33 67 60 
86 62 70 85 5 44 84 57 13 45 91 22 21 11 56 91 12 8 84 3 100 70 76 17 31 80 94 3 64 12 63 1 25 84 37 29 27 20 37 91 16 79 13 89 89 20 79 52 27 62 6 78 83 82 
95 13 13 40 68 77 4 30 29 28 13 66 57 92 85 45 82 53 24 46 41 64 65 19 16 44 33 21 21 15 54 67 80 67 7 47 95 10 28 23 89 92 88 97 83 25 42 17 77 65 62 69 28 27 
87 43 22 71 16 42 38 69 9 17 35 67 15 81 28 94 4 16 85 43 13 20 67 6 36 95 70 97 63 97 75 2 92 96 72 7 90 9 27 98 77 14 16 43 94 95 36 97 62 21 40 26 40 58 
31 27 53 100 23 67 49 50 20 92 45 92 50 34 52 76 83 81 89 50 23 83 44 59 31 6 31 70 83 22 80 14 48 84 13 70 50 13 71 70 4 16 13 53 1 16 81 36 96 69 85 19 3 81 
29 34 38 59 55 20 80 34 33 27 17 98 48 19 62 19 88 66 86 52 70 38 67 50 73 15 71 10 85 73 42 13 58 79 23 13 50 2 46 83 80 63 32 27 81 93 97 20 10 82 23 32 20 41 
33 44 55 55 5 91 80 46 3 37 24 25 49 26 78 95 60 57 9 91 84 41 35 32 12 97 14 34 80 85 74 12 80 81 19 85 71 98 30 26 34 6 2 83 31 80 29 90 36 89 32 71 81 18 
3 92 14 68 77 93 4 50 57 83 82 75 19 53 72 49 30 57 6 31 39 88 10 19 29 46 59 12 68 39 29 70 30 95 89 6 87 92 8 95 75 41 69 93 45 92 93 74 49 50 5 39 89 14 
10 69 11 68 80 31 7 9 100 88 55 89 94 41 32 53 88 58 93 56 3 38 48 47 63 48 97 67 86 37 33 95 6 95 15 85 25 21 45 77 8 51 17 53 92 48 57 79 58 50 86 60 39 85 
6 1 84 54 20 70 91 4 16 48 98 30 32 75 2 29 51 62 79 19 14 22 18 71 52 75 72 90 34 10 74 92 62 10 45 81 79 87 84 46 34 34 28 18 8 29 46 10 90 76 80 56 50 97 
26 53 24 49 42 9 10 68 100 71 77 45 4 7 31 39 52 65 24 79 82 83 60 79 44 49 6 23 56 55 72 81 60 95 81 1 3 90 68 3 13 96 99 68 2 81 58 6 97 82 84 30 64 95 
8 60 96 66 82 51 72 53 32 31 99 64 84 54 54 51 8 18 99 6 85 100 38 42 57 35 23 93 64 39 87 24 98 82 41 31 33 12 36 16 95 86 79 78 39 84 80 46 1 78 3 85 30 93 
79 86 27 53 78 42 43 65 17 40 98 57 23 30 21 10 45 15 95 76 92 34 59 23 31 12 1 86 96 82 78 74 67 56 79 97 97 21 13 66 13 10 22 35 92 94 44 36 60 38 63 51 23 22 
26 54 33 26 91 80 59 68 6 25 23 84 73 71 4 85 36 16 47 10 2 38 55 45 25 15 35 88 17 9 61 42 14 45 19 4 76 77 71 81 54 45 16 26 68 72 63 3 39 9 64 41 46 19 
37 22 33 71 9 49 32 21 43 45 65 61 49 41 38 71 73 91 16 89 16 35 12 78 37 50 38 53 90 35 71 27 57 55 49 17 55 80 38 97 25 2 58 25 94 95 95 67 37 62 7 52 96 18 
82 85 67 71 37 57 6 59 35 62 13 35 78 67 67 15 16 91 69 73 67 62 19 13 80 55 75 38 58 22 55 39 58 74 62 46 82 67 4 16 80 68 50 57 87 16 24 2 58 44 26 76 57 44 
89 37 98 15 74 7 88 81 98 46 54 59 91 35 25 95 2 4 14 3 12 100 71 87 1 80 30 26 56 87 69 44 75 18 10 100 77 97 80 74 42 85 32 85 71 8 31 72 63 44 75 74 44 45 
61 44 76 42 22 31 28 42 26 54 12 35 54 88 84 85 13 77 22 44 61 92 3 43 64 65 87 90 38 82 86 50 77 61 92 98 92 71 92 69 25 3 4 30 90 39 66 54 15 87 97 28 79 99 
70 94 15 56 83 52 37 68 54 66 28 45 63 71 67 54 40 91 8 95 72 49 33 38 2 47 24 98 74 54 48 96 47 62 51 29 66 40 48 19 5 76 15 19 98 81 25 37 24 32 83 95 81 15 
84 82 14 60 32 39 13 31 34 12 45 37 40 10 28 88 80 84 15 46 2 12 78 26 1 1 10 83 48 90 50 83 23 15 42 54 5 7 85 91 18 81 27 9 42 6 48 21 89 14 18 42 26 95 
20 78 48 29 12 47 18 13 29 40 27 23 46 84 29 82 74 46 62 100 6 3 57 54 75 45 67 92 86 44 38 5 73 85 33 85 31 2 97 12 94 76 34 91 59 62 72 32 59 33 83 64 87 39 
69 61 35 36 4 72 31 41 77 4 26 61 88 8 15 36 19 60 63 4 50 73 65 21 56 75 5 38 39 91 28 7 3 14 94 6 86 25 46 14 28 23 26 67 83 40 54 53 99 17 57 100 89 73 
72 45 48 76 34 38 18 14 96 20 79 90 77 64 66 23 29 45 97 55 11 79 46 16 84 45 32 40 96 73 12 68 69 11 95 54 48 65 67 44 84 98 85 13 13 50 35 42 94 83 96 56 14 41 
71 97 37 55 36 85 79 99 52 47 10 46 100 9 10 19 52 46 16 88 58 80 89 44 21 82 78 68 89 91 61 12 87 49 18 74 33 96 73 84 42 82 82 93 90 43 11 94 40 78 81 49 58 70 
44 30 3 22 98 44 12 58 7 51 6 24 24 39 19 96 74 12 29 7 4 71 50 67 16 41 44 48 90 53 69 85 83 24 6 32 67 70 89 25 20 46 48 43 84 66 91 10 29 71 16 32 41 17 
98 56 58 94 56 99 46 24 83 80 47 41 11 65 62 51 89 33 97 36 27 32 53 17 41 81 88 9 65 80 25 62 88 34 7 43 32 5 18 67 84 65 59 47 81 72 97 70 4 93 57 30 25 10 
99 17 42 38 25 6 17 50 20 56 35 26 50 67 30 68 85 66 84 95 12 64 66 8 33 69 53 42 50 29 51 48 45 44 85 22 2 54 71 21 9 5 98 59 23 28 78 59 45 61 5 56 76 70 
15 9 90 67 2 40 47 52 87 92 47 24 13 48 77 35 20 37 91 18 47 66 97 24 76 41 36 81 48 12 50 62 72 92 81 73 31 27 76 17 70 22 92 34 22 68 20 41 5 63 58 51 80 54 
27 55 46 62 35 93 73 37 55 44 28 87 16 10 65 43 78 35 65 70 20 86 37 92 26 93 54 36 96 33 41 22 39 87 83 26 79 8 14 33 3 93 71 19 2 36 61 79 22 77 48 93 14 37 
84 92 29 37 27 76 21 67 97 12 53 32 37 32 91 50 16 93 42 39 63 43 74 76 73 47 52 21 39 66 9 23 9 37 11 35 65 32 53 61 43 6 44 31 89 34 80 56 27 73 94 41 67 19 
16 39 65 68 11 4 85 19 78 45 8 88 79 24 71 83 84 65 40 80 95 28 65 26 36 43 50 81 84 68 100 99 59 16 18 69 71 54 40 48 98 99 88 28 22 58 11 57 75 50 88 69 30 53 
47 17 95 48 97 78 16 48 29 74 64 98 94 34 52 33 34 1 83 21 29 4 78 91 13 52 40 100 73 21 52 71 37 99 18 34 28 85 33 56 58 96 54 52 82 57 36 67 57 19 87 85 74 16 
75 38 20 67 38 44 39 41 14 76 39 83 61 67 20 93 74 77 41 79 80 74 35 68 40 92 38 26 28 63 93 55 1 12 73 38 55 11 78 20 86 69 3 98 35 22 91 60 50 83 39 82 56 73 
1 47 16 38 24 44 100 16 50 52 80 22 89 34 32 19 54 70 87 8 67 73 81 9 32 82 43 70 63 50 95 63 96 10 52 71 5 4 87 54 55 66 27 96 51 59 14 4 80 52 63 98 24 43 
59 7 77 1 29 39 51 23 54 98 32 5 69 89 8 7 42 15 24 69 10 74 79 23 30 10 26 92 7 1 87 65 7 63 18 35 53 68 9 58 17 93 63 85 81 22 91 22 88 14 42 97 40 72 
71 69 33 96 12 40 96 98 56 55 12 25 41 17 44 50 74 61 42 88 45 22 62 88 95 49 53 89 46 44 60 68 12 93 16 24 84 63 73 91 17 37 16 58 53 59 59 26 71 100 14 16 73 75 
55 67 23 59 55 20 3 67 40 66 11 55 89 46 17 14 88 34 50 3 43 54 14 1 79 84 52 44 51 24 70 57 90 45 16 97 64 70 15 3 35 25 57 76 22 26 41 9 11 42 12 53 95 77 
5 73 60 56 69 63 79 38 19 68 82 86 16 98 7 30 52 94 6 61 21 27 86 61 36 96 2 47 48 48 75 4 72 86 59 40 48 37 78 19 56 11 56 24 8 15 53 60 8 59 20 80 85 57 
40 20 52 93 18 51 92 92 54 63 78 64 3 77 52 32 47 59 42 55 82 2 69 35 13 28 45 84 7 29 40 98 1 43 90 18 93 33 62 98 95 91 13 97 19 64 80 66 22 74 20 4 27 40 
90 39 67 34 74 73 62 13 22 62 7 63 32 51 95 93 48 89 83 12 38 1 75 17 18 48 42 89 51 68 28 92 6 46 25 79 70 39 43 91 100 49 53 83 51 47 75 98 88 9 61 25 62 35 
41 31 35 83 72 37 2 99 29 8 97 53 38 66 91 33 9 43 33 13 25 84 60 52 33 47 12 94 23 25 80 63 8 14 97 79 51 99 29 79 58 25 83 47 43 26 31 51 68 64 63 44 99 74 
47 31 72 11 76 94 35 56 9 42 21 57 72 23 7 1 53 16 25 36 15 19 61 45 21 80 60 36 23 58 61 22 41 33 32 16 78 66 23 86 60 96 95 31 18 1 83 71 69 60 58 83 78 70 
27 99 49 39 34 71 96 46 92 88 78 75 4 8 41 78 45 52 73 39 34 43 92 17 65 60 28 22 42 5 91 20 55 91 58 40 13 6 86 5 93 63 31 48 22 23 78 67 74 2 5 60 44 96 
28 60 7 55 33 48 59 75 20 66 65 29 5 78 34 90 34 79 5 64 78 26 87 55 92 12 57 97 71 52 44 50 12 51 4 44 50 15 19 21 32 83 50 36 12 35 26 45 65 82 9 43 7 47 
97 51 58 5 47 81 57 42 30 68 44 86 11 46 52 81 66 83 16 67 18 27 54 95 72 18 76 32 12 35 78 61 85 87 65 83 67 21 76 49 88 20 34 51 65 37 31 82 71 98 1 88 25 6 
35 96 23 62 79 87 96 56 47 32 42 11 14 61 84 90 9 23 61 94 73 77 30 56 10 100 53 10 39 77 15 25 24 90 87 2 28 34 9 74 18 3 36 83 15 19 72 23 42 84 68 66 60 97 
21 22 48 26 31 38 2 98 15 78 39 53 31 66 86 92 39 55 46 26 38 60 97 61 34 38 45 1 55 56 49 76 77 96 53 60 85 6 9 99 83 47 51 66 12 89 57 2 43 2 79 80 61 75 
41 94 64 37 46 19 44 94 46 21 89 98 32 25 3 92 24 38 38 26 3 1 14 59 54 57 12 32 88 72 59 80 17 22 16 62 40 60 55 37 32 95 34 15 19 37 6 94 26 43 20 28 95 33 
86 48 41 97 31 81 20 89 60 88 63 28 1 2 87 7 39 70 1 24 84 71 12 89 17 37 83 36 64 77 20 1 76 13 49 58 93 68 99 4 7 61 31 59 62 17 65 52 38 17 28 21 40 39 
61 56 76 43 91 39 71 62 92 98 74 40 56 18 8 54 22 66 14 52 25 27 21 41 31 58 58 58 31 97 96 91 52 23 86 94 14 8 7 5 6 33 44 61 50 3 66 71 69 31 75 45 57 95 
85 39 4 42 96 86 90 44 29 93 66 14 38 79 21 45 83 78 77 79 90 26 81 55 49 49 37 23 93 46 69 30 84 24 71 32 62 13 27 90 5 92 55 43 23 27 87 57 5 15 35 46 92 16 
0 1 1 0 1 0 1 1 1 1 1 1 0 0 1 0 1 0 1 1 0 1 1 0 0 1 0 0 1 1 1 1 1 1 1 0 1 1 0 0 0 1 1 0 1 1 0 0 1 1 1 1 1 0 
1 1 0 1 1 1 0 1 0 1 0 1 0 1 0 0 1 0 1 0 0 0 1 0 0 0 0 1 1 1 1 0 0 1 1 1 0 0 0 0 1 0 0 1 1 0 1 0 1 0 1 1 0 0 
0 0 1 0 1 0 1 1 1 1 0 0 0 1 0 1 1 0 1 1 1 1 0 1 1 1 1 0 0 0 1 0 0 0 0 0 0 1 1 1 0 1 0 1 0 0 0 0 0 1 1 0 0 1 
1 0 0 0 0 1 0 1 1 1 1 0 1 0 1 0 1 0 1 1 1 0 0 1 0 0 0 1 0 1 1 1 1 1 0 1 0 0 1 0 1 0 0 0 0 1 0 0 1 0 1 0 0 1 
1 0 0 0 1 0 1 0 0 0 0 0 1 0 0 0 0 0 1 0 0 1 0 1 1 1 1 1 0 1 0 1 1 0 1 0 1 0 1 1 0 1 1 0 1 1 0 0 1 1 0 0 1 0 
1 0 0 0 1 0 1 0 1 0 0 1 0 1 1 1 0 0 0 1 0 0 1 0 0 0 0 0 0 1 1 1 1 1 1 1 1 0 1 0 0 1 1 1 1 1 0 1 1 1 1 1 1 0 
1 1 0 1 1 1 0 0 0 0 1 0 1 0 0 0 1 1 1 0 0 0 1 0 0 0 1 1 1 0 1 1 1 1 0 1 0 1 1 1 1 1 1 0 1 1 0 0 0 1 1 0 0 0 
1 0 1 0 1 0 1 0 1 0 1 0 1 0 1 1 1 0 0 0 0 1 1 0 0 0 1 1 0 1 1 1 1 0 0 0 1 1 0 0 1 0 0 1 0 1 0 1 1 0 1 1 1 0 
1 1 0 1 0 1 0 0 0 0 0 0 0 1 1 1 0 1 1 0 0 1 0 0 0 1 0 1 1 1 1 0 1 0 1 1 1 0 1 1 0 0 0 0 1 1 1 1 0 0 0 0 1 0 
0 1 1 0 0 0 0 0 1 1 0 0 0 1 0 0 0 0 0 0 1 1 0 0 1 0 1 1 1 0 1 1 0 0 0 0 1 0 0 0 1 0 0 1 1 1 1 0 1 1 0 0 1 0 
1 0 1 0 1 0 0 0 1 0 0 1 1 1 1 1 1 0 0 0 0 1 1 1 1 0 1 0 1 0 0 0 0 1 0 1 1 0 1 1 1 1 0 0 1 0 1 0 0 1 0 0 1 1 
0 0 0 1 0 1 1 1 1 1 0 1 0 0 1 1 1 0 0 1 0 1 1 0 0 0 1 0 0 0 0 0 1 0 1 1 1 0 0 0 1 1 1 1 1 0 0 0 1 1 1 1 0 1 
1 0 1 1 1 1 1 1 0 0 1 1 0 0 0 0 0 1 1 1 1 0 1 1 0 0 0 0 0 1 1 1 1 0 0 0 1 0 1 1 0 0 1 0 0 1 1 0 0 0 1 1 1 1 
1 1 1 1 1 1 0 0 1 0 0 1 0 0 1 0 1 0 0 0 0 1 1 1 1 0 0 1 1 1 0 0 0 1 0 0 1 0 0 0 0 1 1 1 1 1 1 0 1 1 1 1 0 0 
1 0 0 1 1 0 0 1 0 0 0 0 0 1 1 1 1 1 0 1 0 1 0 1 1 1 1 0 0 1 1 1 1 1 0 0 1 0 1 0 1 0 0 1 1 1 0 1 1 0 0 1 1 0 
1 1 1 0 1 1 1 0 1 1 0 1 1 1 0 1 1 1 1 0 0 0 1 1 1 0 1 1 0 1 1 1 0 0 1 1 0 0 0 1 1 0 0 1 1 0 0 1 1 1 1 0 1 0 
1 1 1 0 0 1 1 0 0 1 0 1 1 0 1 1 1 1 1 0 0 0 0 0 1 0 1 0 0 0 1 1 1 0 1 0 1 1 0 1 0 0 0 1 1 1 0 0 0 1 0 0 0 1 
0 1 1 1 0 1 0 1 0 1 1 1 1 0 0 1 1 1 0 1 0 1 0 1 1 1 0 0 1 0 1 0 0 0 1 0 1 1 1 1 1 0 0 0 0 1 0 1 0 0 0 0 1 0 
1 0 1 0 0 1 0 1 1 0 1 0 0 0 0 1 1 1 1 0 1 1 1 1 0 1 1 0 1 0 1 1 1 0 1 1 1 1 1 0 0 0 1 0 1 1 0 0 0 1 0 1 1 1 
1 1 0 0 0 0 1 1 1 0 1 0 1 1 1 0 1 1 1 0 0 0 1 0 0 1 1 1 1 0 0 0 0 1 0 0 1 1 1 0 1 0 0 1 1 1 1 1 1 0 1 1 0 1 
1 1 0 0 0 1 1 0 1 1 1 0 1 0 1 0 0 1 0 0 0 0 0 1 1 1 0 0 0 0 1 1 1 0 1 1 1 0 0 1 1 1 1 0 0 0 0 0 1 1 1 1 1 1 
1 0 0 1 0 0 1 0 1 1 0 0 0 1 1 0 0 0 0 1 1 0 0 1 0 1 0 1 1 1 0 0 1 0 1 0 0 0 0 1 1 0 0 0 1 1 0 0 1 0 1 0 0 1 
0 1 1 0 0 0 0 1 0 1 1 1 1 0 1 1 1 1 1 1 1 1 0 1 1 0 0 0 0 0 0 0 1 1 1 0 1 1 1 1 0 0 0 0 0 1 1 0 0 1 1 1 0 0 
1 1 0 1 1 0 1 1 1 1 0 0 1 1 1 0 0 1 0 0 1 1 0 1 1 0 0 0 0 0 0 1 1 0 0 0 1 1 0 0 0 0 0 1 0 1 1 0 0 0 1 0 1 1 
1 0 1 1 0 1 1 1 0 0 1 0 0 0 0 0 0 0 1 0 0 1 1 1 1 0 1 0 0 0 1 1 0 1 0 1 0 1 0 1 1 1 1 1 0 1 0 0 0 1 1 0 0 0 
1 1 0 1 0 0 1 1 1 0 0 1 1 1 0 1 0 1 0 1 1 0 1 1 1 1 0 0 1 0 0 0 1 1 1 1 1 1 1 1 1 1 0 0 0 1 1 0 0 1 0 1 0 1 
0 1 0 0 1 1 0 1 1 0 0 1 1 0 0 0 1 1 0 1 1 0 0 0 1 1 1 1 0 1 0 1 0 0 1 1 1 0 1 0 0 1 1 1 1 1 0 0 0 0 0 1 0 0 
1 1 1 1 0 0 0 0 1 1 0 0 0 1 0 1 0 0 1 1 0 0 1 0 1 1 0 1 1 0 1 0 0 1 1 0 1 0 1 0 1 1 0 1 1 1 1 1 1 0 0 1 0 1 
1 1 1 1 0 0 0 0 0 0 1 0 0 0 0 1 0 1 1 0 0 0 1 1 1 1 1 1 0 0 1 0 1 0 1 0 0 1 0 0 1 1 0 0 1 0 1 1 1 0 1 0 0 1 
1 1 0 1 1 0 1 0 0 0 0 0 0 0 1 0 0 1 1 1 1 0 1 0 1 1 1 1 1 1 0 0 1 0 1 0 0 0 0 1 1 0 1 1 0 0 0 0 1 1 1 0 0 1 
1 1 0 0 0 1 1 0 1 0 0 1 0 1 1 0 0 0 0 1 0 0 1 0 1 1 1 0 1 1 1 0 1 1 0 1 0 0 0 0 0 0 1 1 1 0 1 1 1 0 0 1 0 0 
1 1 1 0 0 0 0 1 1 1 1 1 0 1 1 0 1 0 1 0 1 0 1 0 0 0 0 0 1 1 0 0 0 1 0 0 0 0 0 1 1 1 0 0 0 0 0 0 0 1 0 1 0 1 
1 0 1 0 0 0 1 1 0 1 0 1 0 0 1 0 1 1 1 0 1 1 0 1 1 0 1 0 1 1 1 0 1 1 0 1 1 1 0 0 1 1 1 1 1 0 1 1 1 0 1 0 1 1 
0 1 1 1 1 0 0 0 0 1 1 1 0 1 0 1 1 1 0 0 0 1 0 1 0 0 1 1 0 1 0 0 0 1 1 1 1 1 1 0 0 1 1 1 0 1 0 1 1 0 1 1 1 1 
1 0 1 0 1 0 1 0 0 1 1 0 0 1 1 0 1 0 1 0 1 1 1 1 0 0 1 1 0 0 0 1 0 0 1 0 0 1 0 0 0 1 0 1 0 0 1 1 0 0 1 1 1 1 
0 1 1 1 0 1 1 0 0 0 0 0 0 0 1 0 1 1 1 1 0 0 1 1 1 1 1 1 0 0 0 0 1 1 1 1 1 1 0 1 1 0 1 1 1 0 1 0 0 0 1 0 0 1 
0 0 0 1 1 1 0 1 1 1 0 1 1 1 0 1 1 1 1 0 0 0 1 1 0 1 1 0 1 0 1 1 0 1 1 1 0 1 0 0 0 0 1 1 0 1 0 1 0 0 1 0 0 0 
1 1 1 0 1 1 0 0 0 0 1 1 1 0 0 1 0 1 0 1 0 0 0 1 1 0 1 0 0 1 1 1 0 0 1 1 1 0 1 0 0 1 1 0 1 0 1 1 1 1 0 1 1 0 
0 0 0 1 1 0 1 0 1 1 0 0 1 0 0 0 0 1 1 1 1 0 1 0 1 0 0 1 0 1 1 0 0 1 0 1 1 1 1 0 0 1 1 1 1 1 0 1 0 1 1 1 0 0 
0 1 1 0 1 1 1 0 1 1 0 1 0 1 0 1 0 1 1 1 0 0 0 0 0 1 0 1 0 0 1 0 1 0 0 0 1 0 1 1 1 1 0 0 0 1 1 0 0 0 1 0 1 0 
1 1 1 1 0 1 1 1 0 0 0 0 1 1 0 0 0 0 1 1 0 1 0 1 0 0 0 1 0 1 1 1 0 0 0 0 0 1 1 0 0 1 0 1 1 1 1 1 1 0 0 1 1 0 
0 1 0 0 1 1 1 0 0 1 1 1 1 1 0 1 1 0 0 1 1 1 0 0 1 1 0 1 0 0 0 1 1 0 1 0 1 1 1 0 0 0 1 0 1 1 1 0 0 1 1 1 1 0 
0 0 1 0 1 0 0 1 1 0 0 0 0 1 1 1 1 0 1 0 0 0 0 1 0 0 0 0 1 1 0 1 1 1 0 1 1 0 0 0 0 0 1 1 0 0 0 1 0 0 0 0 0 0 
1 1 0 0 1 1 1 1 1 1 0 1 0 0 1 0 0 0 1 1 1 1 0 1 0 0 1 0 1 0 0 0 1 0 0 0 0 0 1 1 1 1 0 1 1 1 1 0 1 0 1 0 1 1 
0 0 0 1 0 1 1 1 1 0 1 0 0 1 0 1 0 1 1 0 0 0 0 1 0 1 0 0 0 1 1 0 1 1 1 0 0 1 1 0 1 0 0 0 0 0 1 0 1 0 1 1 1 1 
0 1 0 0 1 0 0 1 0 1 0 0 1 1 1 0 1 0 1 1 0 1 1 0 1 0 0 0 1 1 1 1 1 0 0 0 0 0 1 1 1 0 1 1 1 0 1 0 0 0 1 1 1 0 
1 1 0 1 1 1 1 1 0 0 1 0 0 1 0 0 0 0 0 1 1 1 1 0 1 0 1 0 1 0 0 0 1 0 1 1 1 0 0 1 0 1 0 1 0 0 1 1 0 1 0 1 0 0 
0 1 0 1 1 1 1 1 1 1 1 0 0 0 1 0 1 1 1 1 0 1 0 1 0 0 0 1 0 0 1 0 1 1 1 0 0 0 1 1 1 0 1 1 0 0 1 0 0 0 1 0 0 1 
0 0 0 0 1 0 1 0 0 0 1 1 1 1 1 0 0 1 1 0 0 1 0 0 1 0 0 1 1 0 0 1 1 0 1 0 0 0 1 0 1 0 1 0 0 1 0 0 0 1 0 0 1 1 
0 0 1 1 1 0 1 0 1 0 0 1 1 1 1 0 1 0 0 1 0 0 0 1 1 0 0 1 0 1 0 1 0 0 0 1 0 1 1 0 0 0 1 1 1 0 1 0 1 1 1 1 0 1 
0 1 1 1 0 0 0 1 1 0 1 1 0 1 0 1 1 0 1 0 1 0 1 0 1 0 0 0 1 0 0 0 1 1 1 1 1 1 0 0 0 1 1 0 1 0 1 0 0 1 1 0 1 0 
0 0 0 0 1 1 0 1 1 1 0 0 1 0 0 1 0 0 1 0 0 0 0 1 0 0 0 1 0 0 1 1 0 1 1 1 1 0 0 0 1 1 1 0 1 1 0 1 1 1 1 1 1 1 
0 1 0 1 1 0 1 0 1 1 0 1 1 1 1 1 1 0 0 0 1 1 1 1 1 0 0 0 1 1 0 0 0 0 1 1 0 0 0 0 1 0 1 0 1 0 0 0 0 0 1 1 0 0 
0 1 1 0 1 0 1 1 0 0 1 1 1 0 1 1 0 1 1 1 1 0 1 1 1 1 0 0 1 0 0 1 1 1 0 0 0 1 0 0 1 1 0 1 1 1 0 1 0 0 0 0 0 1 
1 1 1 1 1 0 1 0 1 0 1 1 1 1 1 1 0 0 0 0 1 0 1 0 1 0 0 0 0 0 1 1 0 0 1 1 0 0 1 0 1 1 1 0 0 0 1 0 1 1 0 0 1 0 
0 1 0 0 1 0 1 0 1 1 1 0 0 1 1 0 1 0 1 1 0 1 1 1 0 0 0 0 1 0 0 1 1 0 0 0 0 1 0 0 0 1 0 0 1 1 0 0 1 1 1 1 1 1 
0 1 1 1 1 0 1 0 0 0 0 0 0 1 1 0 1 1 0 1 1 1 1 0 1 0 1 1 0 0 0 0 1 1 1 1 0 0 1 0 0 1 0 0 0 1 1 1 0 1 1 1 0 0 
1 1 0 1 0 0 1 0 1 1 0 0 0 0 1 1 0 1 0 0 0 1 1 1 0 1 0 1 0 0 1 0 1 0 1 0 0 0 0 1 1 0 0 1 0 1 0 0 0 1 0 0 0 1 
1 0 0 1 0 1 1 1 1 1 1 0 1 0 0 1 1 0 0 1 1 0 0 0 1 1 1 1 1 1 1 1 1 1 0 1 0 0 1 1 1 0 1 0 0 0 1 0 0 1 1 1 0 0 
1 1 1 0 0 0 1 1 1 1 1 0 0 1 0 1 1 1 0 0 1 0 0 0 0 0 0 0 0 0 0 1 1 1 0 1 1 1 1 1 0 0 1 1 1 1 0 0 0 0 1 1 1 1 
1 1 0 1 1 0 1 1 1 0 0 1 0 0 1 1 1 1 1 0 0 0 1 1 1 1 1 0 0 0 1 1 0 1 1 1 1 0 1 1 1 1 0 1 1 1 0 0 1 1 0 1 1 1 
