50 53 1022
47 83 25 11 29 86 52 25 83 64 39 34 60 15 30 78 79 63 92 32 40 34 40 89 70 64 60 31 58 17 55 4 100 31 66 80 16 18 56 51 33 95 36 44 61 65 73 92 79 65 23 70 98 
62 59 67 78 18 49 87 87 55 43 38 85 8 17 53 77 73 3 9 19 90 53 79 54 25 22 32 89 44 1 86 58 11 4 87 81 5 73 67 59 15 4 96 75 72 48 51 96 2 60 14 91 12 
45 44 88 66 27 77 62 79 14 71 90 70 9 70 26 81 88 84 48 91 79 22 62 78 24 10 79 83 75 69 46 19 64 86 37 90 14 50 21 79 20 10 48 80 31 73 60 18 9 59 60 39 32 
73 17 56 82 47 90 57 16 88 27 31 73 15 21 86 64 93 64 35 54 12 14 84 36 26 53 96 84 64 87 68 36 55 23 70 1 12 26 68 99 4 99 23 19 71 8 34 63 72 21 16 35 34 
51 22 11 55 18 47 18 56 14 53 10 88 22 10 99 99 30 50 3 28 72 73 98 32 6 12 3 26 27 37 12 29 10 22 83 27 20 100 34 33 4 43 20 26 5 71 76 34 72 78 61 95 2 
10 26 8 21 28 85 99 16 48 27 26 22 61 4 41 60 90 74 15 32 45 40 88 67 68 21 38 97 33 85 99 42 10 58 14 90 94 12 57 42 90 34 63 50 90 55 61 79 80 76 62 25 67 
50 43 34 70 33 31 3 17 81 96 78 38 10 67 83 73 76 24 63 9 38 64 98 93 77 28 72 52 90 48 70 39 91 4 8 23 86 62 39 18 10 16 7 71 35 89 43 10 65 57 18 2 73 
68 94 49 47 18 100 36 65 69 74 55 24 34 29 61 47 67 78 56 35 36 26 69 25 21 78 89 29 47 42 1 66 88 49 13 5 100 48 21 21 74 76 96 59 4 57 5 23 86 13 57 22 90 
25 98 10 54 38 91 52 79 91 18 66 40 82 22 91 81 43 11 54 70 7 12 25 15 69 47 52 81 3 25 70 79 22 32 84 11 22 36 90 64 5 7 3 38 81 46 18 23 56 72 92 14 35 
16 28 3 15 80 35 69 4 57 48 78 88 83 88 61 18 29 24 74 88 79 11 68 24 29 42 31 52 33 45 38 100 24 93 14 55 27 35 11 35 82 88 22 16 27 34 86 8 10 59 95 88 22 
14 63 2 55 93 5 87 89 42 38 65 86 4 19 65 38 29 99 71 68 73 86 95 6 23 54 15 82 48 54 55 13 16 56 67 61 60 5 1 53 42 65 91 97 84 55 34 64 53 56 32 77 94 
78 35 16 31 1 97 30 55 3 42 22 58 60 82 69 64 83 74 57 99 64 54 82 70 87 98 22 95 29 51 88 58 85 3 40 85 52 21 39 54 14 13 64 73 94 84 36 28 57 92 79 72 45 
60 41 84 9 15 78 37 65 17 46 49 19 85 85 70 5 76 24 18 88 39 42 33 22 77 13 31 21 91 2 17 2 95 100 11 9 29 99 25 45 45 25 16 81 9 85 38 84 60 7 23 98 49 
56 72 77 68 2 97 10 55 14 11 49 65 21 9 46 72 33 42 16 57 57 48 18 42 85 53 53 44 76 3 92 31 74 68 50 27 17 59 81 82 21 30 98 42 38 43 65 23 85 32 31 41 79 
48 34 16 53 87 59 28 41 50 10 14 69 11 40 37 21 20 18 41 1 16 34 91 58 98 65 94 29 95 87 8 95 20 75 47 58 33 74 98 34 35 63 2 45 54 39 65 26 8 57 26 23 91 
68 33 88 32 78 69 79 64 28 73 36 2 19 45 34 44 95 67 30 9 20 26 63 10 42 88 18 98 65 92 88 33 76 28 16 54 96 94 17 23 18 4 24 36 49 9 31 95 27 12 3 46 37 
65 8 78 52 25 76 69 68 15 1 44 42 68 97 89 62 65 11 79 69 86 67 69 46 49 63 72 61 65 70 49 82 77 27 85 53 54 53 20 20 53 15 62 73 11 2 34 76 13 64 96 50 82 
64 96 31 78 19 43 94 40 91 75 16 69 60 20 74 64 92 94 69 6 7 41 69 8 74 44 72 89 91 22 71 6 69 53 83 39 95 28 79 37 3 46 6 14 66 79 77 9 72 45 14 30 37 
82 38 10 77 9 51 67 82 21 24 2 25 6 41 19 34 19 55 88 64 12 53 81 91 81 89 14 78 55 44 14 36 33 76 65 93 26 83 27 98 7 28 22 64 20 92 49 90 46 88 54 58 40 
86 100 73 75 65 50 29 60 15 16 92 42 32 37 67 15 15 16 73 94 89 36 14 80 37 3 78 24 8 87 16 94 38 88 68 2 89 48 62 3 15 5 97 47 93 15 13 7 31 37 1 71 72 
66 51 8 68 80 84 76 18 99 69 55 86 88 8 26 87 21 80 1 78 76 99 70 91 63 29 21 99 81 43 23 46 93 82 65 24 17 92 41 15 12 47 100 99 55 77 37 75 57 90 4 32 40 
74 22 3 54 94 53 34 37 27 31 81 61 95 5 77 39 97 44 50 96 43 49 50 20 37 76 28 26 80 59 66 5 81 20 10 26 24 95 62 3 25 43 15 71 99 91 9 47 86 59 42 29 59 
43 100 47 71 27 73 2 37 90 58 17 61 67 95 84 13 56 38 89 50 52 59 100 95 20 47 80 30 40 60 40 35 11 38 5 89 10 58 26 51 15 94 11 33 88 47 45 96 84 33 45 88 43 
97 34 14 95 13 95 34 25 86 20 35 24 76 76 33 33 1 36 47 46 46 31 86 44 75 81 80 59 77 67 54 73 52 67 19 64 14 5 40 99 24 27 22 100 2 7 32 54 42 31 99 39 13 
36 35 40 16 14 98 45 32 3 69 83 22 88 98 35 92 38 33 67 64 7 66 17 65 50 70 58 32 20 96 44 56 82 83 23 95 33 67 26 35 36 60 56 75 58 42 66 47 75 32 62 33 50 
78 97 99 99 54 30 70 1 25 77 83 8 52 77 92 18 55 78 5 14 34 79 23 75 96 69 1 80 30 33 29 59 81 79 9 34 60 79 35 84 7 17 43 58 45 34 28 99 12 32 65 97 63 
39 23 10 8 24 89 89 8 69 100 89 47 8 74 6 38 8 42 45 76 84 2 21 70 81 71 33 13 87 81 27 26 3 36 85 78 77 25 38 45 24 26 44 32 51 1 69 59 42 13 86 78 67 
6 99 47 29 31 11 67 11 37 92 65 25 28 95 53 53 32 97 76 9 40 59 59 93 28 69 34 92 55 63 10 60 61 57 40 43 19 7 53 8 50 70 32 30 64 84 82 95 32 9 3 24 68 
13 16 47 82 1 38 36 64 48 47 24 56 87 67 74 45 71 81 46 92 64 75 55 99 8 1 83 17 55 6 36 68 73 82 49 73 19 36 88 18 82 64 73 20 30 99 64 52 79 62 44 95 36 
50 45 96 51 27 64 5 32 99 24 56 32 24 29 2 59 68 20 41 31 44 60 12 42 76 64 73 89 59 67 76 60 11 71 10 90 34 67 21 84 42 29 15 66 57 69 24 24 88 16 7 83 28 
18 25 55 33 49 43 43 67 18 3 29 89 64 18 74 82 91 10 24 19 76 89 27 44 64 2 83 80 8 66 59 26 90 13 58 90 55 1 56 72 55 84 12 18 2 86 100 92 47 23 62 22 63 
88 66 26 89 48 57 49 13 15 74 54 27 83 95 33 35 50 5 89 86 68 59 87 5 58 30 51 32 91 73 94 30 90 71 70 89 80 18 2 46 91 7 25 26 2 57 12 3 13 1 88 81 59 
26 85 68 55 88 99 97 60 44 78 1 14 48 89 45 65 42 91 8 49 15 33 2 23 44 56 36 96 44 68 6 69 4 73 76 91 71 24 2 14 2 2 80 49 43 76 65 84 66 72 84 32 56 
37 7 100 93 94 47 36 13 53 56 16 77 31 59 48 55 60 13 8 14 44 56 8 72 20 91 89 44 27 21 99 63 79 50 55 72 97 42 36 1 98 51 77 80 9 76 86 21 41 93 86 36 100 
93 7 72 83 96 15 9 68 13 24 46 15 78 69 63 72 4 63 21 6 91 100 67 67 38 87 59 30 72 46 82 64 53 53 98 100 67 7 67 31 82 64 97 59 84 59 82 39 21 2 44 64 54 
10 82 91 48 40 20 19 85 53 34 89 5 32 88 23 90 54 6 71 69 2 81 52 61 63 42 33 16 38 96 69 47 77 59 47 16 31 65 53 83 51 41 88 82 29 62 23 34 67 93 55 69 25 
58 29 87 100 61 3 37 9 23 35 85 82 81 1 12 98 5 46 48 45 85 81 25 47 3 11 13 47 65 33 71 74 13 10 73 26 64 61 34 86 48 18 67 28 70 30 77 74 28 76 71 12 56 
47 58 10 57 23 56 73 55 79 99 68 88 71 45 51 84 78 88 31 95 7 10 65 88 87 90 15 14 60 27 22 7 36 31 15 58 39 40 65 17 38 84 56 60 28 58 43 57 45 73 51 3 35 
67 91 21 9 5 34 68 83 55 26 19 38 93 28 28 84 44 44 21 79 51 32 6 60 75 62 56 99 65 59 33 83 49 5 91 53 91 11 88 97 88 6 86 32 85 13 15 29 8 87 7 58 19 
65 69 45 78 25 95 94 83 80 77 83 84 67 87 26 29 74 75 17 79 60 100 16 73 15 44 80 1 2 90 71 66 58 15 44 82 10 37 16 41 65 98 76 84 85 2 12 58 76 80 89 87 80 
4 59 46 99 91 46 100 32 69 18 89 83 13 23 44 1 90 84 66 88 60 1 24 13 12 33 40 44 21 26 75 76 37 20 74 79 17 26 10 85 43 50 20 7 24 63 7 14 99 24 53 10 24 
76 22 88 8 61 31 81 86 57 56 74 28 82 52 44 7 13 81 1 63 100 7 86 14 13 51 64 37 3 73 12 78 94 99 38 54 29 18 92 37 25 17 64 6 69 60 64 33 40 64 95 91 22 
33 56 87 83 20 75 86 92 86 15 38 85 52 43 65 21 86 2 46 3 17 51 23 76 15 55 67 30 2 9 52 34 65 38 16 36 12 1 79 49 68 16 33 71 11 98 92 96 51 89 98 67 91 
72 95 57 79 61 87 80 22 90 13 38 27 28 73 90 81 3 38 100 71 23 70 81 72 13 76 74 1 26 40 44 97 86 100 27 99 86 6 20 75 18 57 53 98 81 94 78 83 84 77 53 58 98 
85 29 11 61 2 63 38 93 6 34 79 58 61 77 95 18 48 70 36 4 74 33 36 68 62 18 3 90 23 60 87 7 88 49 19 41 64 56 33 21 42 63 78 54 91 73 71 38 94 6 93 67 90 
28 86 3 46 40 92 20 99 31 26 38 79 97 30 42 52 15 15 93 77 92 46 68 16 17 57 9 74 50 28 16 77 65 18 74 5 10 45 55 40 23 93 70 19 22 64 70 88 78 63 65 21 60 
84 37 28 40 45 2 41 24 69 18 89 86 43 45 47 88 99 86 10 43 8 28 17 71 49 4 100 11 68 20 23 3 56 50 43 53 3 35 76 71 4 16 9 47 60 55 34 59 93 95 1 100 22 
17 22 70 21 21 33 40 40 7 43 48 56 37 100 11 23 27 81 27 95 89 73 54 96 58 64 88 52 17 39 25 85 60 46 57 80 30 49 19 36 91 18 92 79 17 2 1 96 34 27 42 75 51 
95 70 8 11 9 11 79 47 35 63 58 33 20 37 62 68 7 98 10 25 41 40 93 94 92 40 27 71 81 53 21 28 22 81 90 82 43 68 80 78 30 37 62 1 25 23 20 32 72 29 8 12 20 
52 5 12 44 84 82 76 36 54 3 10 86 44 91 29 11 23 6 41 59 19 93 84 41 13 67 65 41 26 76 13 29 33 24 72 68 57 100 3 10 2 12 96 46 55 24 8 77 81 100 87 99 93 
1 0 0 1 0 0 0 0 0 1 0 1 0 1 1 1 1 1 1 1 0 0 1 1 1 1 1 1 1 1 1 1 1 1 0 0 1 1 0 0 0 0 1 0 1 1 0 0 0 1 1 0 1 
0 1 0 1 0 1 1 1 0 0 0 1 0 0 1 1 0 1 1 0 0 0 1 1 0 0 1 1 1 1 0 0 0 0 1 0 0 0 1 0 0 0 0 1 0 1 0 1 0 0 1 0 0 
1 0 0 1 1 1 0 1 1 0 1 1 0 0 1 0 1 0 1 1 0 0 0 1 0 1 1 0 0 1 0 1 1 0 0 1 1 1 0 0 1 1 0 1 1 1 0 1 1 1 0 1 1 
0 0 1 1 1 0 0 1 0 1 0 1 0 1 0 1 1 1 0 1 1 0 0 0 0 1 0 1 0 1 0 0 0 1 0 1 1 0 0 0 1 1 1 1 0 1 0 0 0 1 1 1 1 
1 0 1 1 0 0 1 1 0 1 1 1 1 1 1 1 1 1 1 0 0 0 1 1 1 1 0 0 0 1 1 1 1 0 0 1 0 1 1 0 1 0 1 0 1 0 0 1 1 1 1 1 1 
0 1 0 1 1 0 1 0 1 1 0 1 1 1 1 1 0 1 0 1 1 0 0 1 0 1 1 1 1 0 1 1 1 1 1 0 0 0 1 1 1 1 1 1 0 0 0 1 0 0 0 1 0 
0 0 1 0 1 0 1 0 1 0 1 1 1 0 1 0 1 0 1 0 1 0 0 0 0 1 0 0 1 1 1 0 1 0 0 1 0 1 1 0 1 0 1 1 0 0 1 1 0 0 1 0 1 
0 0 1 1 0 0 1 1 1 1 0 1 1 1 1 0 0 1 1 1 0 0 1 0 1 1 1 0 0 1 1 0 1 0 0 1 0 1 0 1 0 0 0 1 0 0 1 0 1 0 1 0 1 
1 0 0 0 1 0 0 0 1 1 1 0 1 0 0 0 0 0 0 1 0 1 1 0 0 1 0 0 1 0 1 0 0 0 0 0 0 0 0 0 1 0 0 0 0 0 0 1 0 0 0 1 1 
1 1 1 0 1 0 1 1 1 1 0 1 1 0 0 0 0 0 1 0 0 0 1 0 0 0 1 1 0 0 0 1 1 0 1 1 0 1 0 1 0 0 1 0 0 1 0 1 1 1 1 1 1 
0 1 0 0 0 1 0 0 1 1 0 1 1 1 1 0 1 1 0 0 0 0 0 1 0 1 0 0 1 1 1 1 0 1 0 1 0 0 1 0 0 1 1 1 0 1 1 0 0 1 0 0 0 
0 1 0 0 1 0 1 0 0 0 0 1 0 1 0 1 1 0 1 0 1 0 1 0 1 1 0 0 1 0 0 1 1 1 1 0 1 0 0 1 1 1 1 1 0 1 0 1 1 1 0 0 1 
1 1 0 0 1 1 1 0 1 0 1 0 0 0 0 0 0 1 1 1 0 1 0 1 1 1 0 1 1 1 0 0 0 1 0 1 0 1 1 1 0 1 0 0 1 0 0 1 1 0 1 0 1 
1 1 0 0 0 1 0 1 0 0 1 1 1 0 1 0 0 0 0 1 0 0 0 0 1 1 0 1 0 0 0 1 1 0 0 1 0 0 0 0 0 1 1 1 0 0 0 0 0 0 1 1 1 
1 1 0 0 1 1 1 1 1 0 1 1 0 0 1 0 1 1 1 0 0 0 0 0 0 0 1 1 1 0 0 0 1 0 1 1 1 0 0 0 0 1 1 1 0 1 1 1 0 0 1 1 1 
0 1 1 0 0 0 0 0 0 0 0 0 1 1 1 1 1 1 0 1 1 1 1 0 0 0 0 1 1 1 0 1 1 1 0 1 0 0 0 0 0 0 1 0 1 0 1 0 0 1 1 1 0 
0 1 1 0 1 0 0 1 0 1 0 1 1 1 1 1 1 0 0 1 1 0 0 1 1 1 1 1 0 0 1 1 1 0 1 1 0 1 0 0 1 0 0 0 1 1 0 1 1 0 0 0 0 
1 0 1 0 1 0 0 0 0 1 1 0 1 0 1 0 0 1 1 0 1 0 0 1 0 1 0 0 1 1 0 0 1 1 0 0 0 1 0 0 0 0 0 1 0 1 0 1 1 1 1 0 1 
1 1 1 0 0 1 0 1 1 0 0 1 1 0 1 0 1 1 0 1 1 0 1 1 0 0 0 1 0 0 1 1 0 0 0 0 0 0 1 1 0 1 0 1 1 1 1 0 0 0 1 0 0 
1 1 0 1 1 1 1 1 0 1 1 1 1 1 1 1 0 0 1 1 1 1 1 0 0 1 1 0 1 1 0 0 0 0 1 1 0 1 0 0 0 0 1 1 1 0 0 0 1 1 1 0 0 
0 0 1 0 1 1 1 0 0 1 0 0 0 1 0 1 0 1 1 0 0 0 1 1 0 1 0 0 1 0 0 1 0 1 1 0 1 0 0 1 1 1 1 0 0 0 1 0 1 1 0 1 1 
0 0 0 1 0 0 0 0 0 0 1 0 1 1 1 0 1 0 1 0 1 1 1 1 1 1 0 0 0 0 1 0 0 1 1 1 1 0 1 0 0 0 0 1 1 1 1 1 1 1 1 0 0 
0 0 1 0 0 1 0 0 1 0 1 0 1 0 0 1 1 0 1 0 0 1 1 1 0 0 0 1 0 0 0 0 0 1 0 1 1 0 1 0 0 0 0 0 0 0 1 0 0 1 0 0 0 
1 1 0 0 1 0 0 0 0 0 0 1 1 1 0 1 1 0 0 1 1 0 0 1 1 0 0 0 0 0 0 1 0 1 1 1 1 1 1 1 0 0 0 1 1 1 0 0 1 0 0 0 0 
0 0 0 0 0 0 0 0 1 1 0 0 1 0 1 0 1 0 0 1 0 1 1 1 0 1 1 0 1 1 1 1 1 1 1 1 1 1 0 0 1 0 0 0 0 1 0 0 1 1 1 0 0 
0 1 0 0 0 1 1 0 0 1 1 1 0 1 0 0 1 1 1 1 1 1 0 1 1 0 0 0 1 0 1 0 0 1 0 0 0 1 0 0 0 0 1 1 1 0 1 0 1 0 1 0 1 
1 1 0 1 0 1 1 0 0 1 0 1 1 1 0 0 1 0 1 1 0 0 0 0 1 0 1 1 0 1 0 1 1 0 1 1 1 0 1 1 1 0 1 0 1 1 0 0 1 1 0 1 1 
0 1 0 1 0 1 1 0 1 0 1 0 1 0 1 1 1 1 0 1 0 0 0 1 1 1 0 0 1 0 0 1 1 0 0 0 0 1 0 1 0 1 1 1 1 1 1 0 0 1 0 0 0 
0 1 1 1 1 1 0 1 1 0 1 0 0 1 0 0 1 1 0 0 1 1 1 0 0 1 0 0 1 0 0 0 1 1 1 0 0 0 0 0 0 1 0 0 0 0 0 1 1 0 1 0 0 
0 0 0 1 0 0 1 0 0 1 1 1 0 0 0 0 0 0 0 1 0 1 1 0 1 0 1 0 1 0 0 1 0 0 0 1 1 1 1 1 0 1 1 1 1 1 1 1 1 0 0 1 1 
1 1 0 1 0 0 0 0 0 1 1 1 1 0 0 1 1 1 1 0 0 0 1 1 0 0 0 0 0 1 1 1 0 1 0 1 0 0 1 0 1 0 1 1 0 1 0 0 1 1 0 1 0 
0 1 0 0 1 0 1 1 1 0 1 0 1 0 0 1 0 1 1 0 0 0 1 0 0 1 1 1 1 0 1 1 1 1 0 1 1 1 0 0 1 1 1 0 0 1 0 0 0 1 0 1 1 
1 1 1 0 0 0 0 0 0 1 0 1 1 1 1 0 1 1 0 0 0 0 0 0 0 0 0 1 1 1 0 0 0 1 1 0 0 1 1 0 0 1 1 0 0 0 0 1 0 0 1 0 1 
0 0 1 0 1 1 1 0 1 0 1 1 1 1 1 0 0 1 0 1 0 0 1 1 1 0 1 1 0 1 0 0 0 0 0 1 1 0 1 0 0 0 1 1 0 0 1 0 1 1 0 0 0 
1 1 1 0 0 0 0 1 1 0 1 1 0 0 0 0 0 0 0 0 0 1 0 0 0 1 0 0 1 0 0 0 1 1 0 1 1 0 0 0 0 0 1 1 0 1 1 0 0 0 1 0 1 
1 0 0 0 0 0 1 0 0 0 1 1 0 0 0 1 1 1 1 1 0 0 1 0 0 0 0 0 1 0 1 0 0 1 1 1 1 0 1 1 0 1 0 1 1 1 0 0 0 1 1 0 0 
1 0 0 1 0 0 0 0 1 0 1 1 1 0 0 0 1 0 0 0 0 1 0 1 1 0 1 1 0 0 1 1 0 1 0 1 1 0 1 0 0 0 1 0 0 0 0 0 0 0 0 0 0 
0 0 1 1 1 0 1 1 1 0 0 0 0 1 1 0 0 0 0 1 1 0 1 1 0 1 1 1 0 0 1 0 0 0 1 1 1 0 1 0 0 1 1 0 0 0 0 0 0 1 1 0 1 
1 1 0 0 1 1 0 1 0 1 1 0 0 0 1 1 1 0 1 0 1 0 0 1 0 1 0 1 0 0 1 1 1 1 0 0 0 0 1 0 1 0 0 0 1 0 1 0 0 0 1 1 0 
1 0 1 0 0 0 1 0 1 0 0 0 0 0 0 1 0 0 0 0 1 0 1 1 1 0 1 0 1 0 0 0 0 1 1 1 0 0 1 1 0 1 0 1 0 0 0 0 1 0 0 0 1 
0 1 0 0 0 0 1 0 1 1 0 0 0 1 0 0 1 0 1 0 0 0 0 0 0 0 1 0 1 1 1 1 0 0 1 0 0 0 0 1 1 1 0 0 0 0 0 1 0 1 0 0 1 
0 1 1 1 0 0 0 0 1 1 0 1 0 1 0 0 1 1 1 0 1 1 1 0 0 0 0 1 0 1 1 1 0 0 0 0 0 0 0 0 1 1 1 1 0 1 1 1 1 0 0 0 0 
1 0 0 1 1 1 0 0 0 1 0 1 1 0 1 1 1 1 0 0 1 1 0 0 0 1 1 0 1 0 0 0 0 0 0 1 0 0 1 0 1 1 1 0 0 1 1 1 0 1 1 1 0 
1 0 0 0 1 0 0 1 1 0 0 1 0 1 1 0 1 0 1 0 1 1 0 0 0 1 1 1 0 0 1 1 0 1 0 0 0 0 1 1 0 1 0 1 1 0 1 0 0 1 0 1 0 
1 0 1 0 1 0 1 1 0 0 0 1 0 0 1 0 1 0 1 1 1 0 0 1 1 0 1 0 0 0 1 1 0 0 0 1 0 1 1 0 1 1 0 0 1 1 0 0 0 1 1 1 1 
1 0 1 1 1 1 0 1 0 1 0 0 1 1 1 0 0 1 0 1 1 0 0 1 0 1 1 0 0 0 1 0 0 0 1 1 0 1 0 0 1 0 1 0 0 0 1 0 1 1 0 1 1 
0 0 1 1 1 1 0 1 1 0 1 1 1 0 1 1 0 0 0 1 1 0 1 1 1 1 0 0 1 1 1 0 1 1 1 0 0 1 1 1 1 0 1 1 0 0 0 1 0 0 0 1 0 
1 0 0 0 1 0 0 0 0 0 0 1 1 0 1 1 0 1 0 0 0 1 1 0 1 0 1 1 0 0 0 1 1 0 1 0 0 1 0 0 1 0 1 1 1 1 0 1 0 0 1 0 0 
0 0 1 0 1 1 0 0 1 1 1 1 1 1 1 0 1 0 0 0 1 1 1 0 1 0 0 1 1 0 1 0 1 1 0 0 0 1 0 1 0 1 0 1 0 1 0 0 1 0 0 1 1 
1 1 0 1 0 1 0 0 1 0 1 0 1 0 0 0 0 1 0 0 1 0 0 0 0 0 0 0 0 1 1 1 0 1 0 0 0 1 1 1 1 0 1 0 0 1 0 1 0 1 1 1 1 
