46 54 1597
32 82 16 73 37 33 10 34 56 83 17 90 6 59 13 64 25 47 18 41 98 57 58 85 15 44 34 36 23 14 4 54 47 19 26 36 51 87 21 58 21 90 48 26 48 12 89 72 10 6 64 60 63 21 
44 29 17 29 64 39 94 67 44 41 38 21 28 88 59 48 46 80 37 45 5 36 56 46 60 17 51 23 76 65 96 71 94 64 100 9 2 93 28 97 85 65 69 64 4 27 12 1 6 100 45 63 36 52 
8 47 69 10 69 96 27 16 67 72 79 18 80 32 62 59 28 47 75 96 10 79 23 73 79 80 25 76 94 60 27 53 58 47 15 26 43 41 94 9 12 72 78 43 4 39 2 83 85 76 79 47 6 53 
71 37 84 95 12 30 6 38 82 63 37 96 41 79 88 34 39 99 5 16 94 60 54 95 43 91 22 73 89 80 77 59 16 60 54 27 89 11 16 23 74 52 18 14 82 58 47 20 56 3 35 1 63 41 
47 5 31 69 77 19 100 53 29 15 64 34 93 5 45 60 27 18 12 96 31 93 53 29 65 61 31 99 61 45 91 8 49 21 28 77 91 27 81 20 93 45 53 85 49 49 96 27 66 7 22 48 52 75 
28 16 35 59 66 95 3 57 54 4 29 81 80 72 59 61 43 3 57 47 39 57 96 35 83 61 41 4 61 44 78 88 11 64 98 77 11 53 85 64 56 65 97 87 36 7 99 78 10 55 25 100 63 20 
34 45 32 27 49 92 70 78 32 81 94 29 9 4 81 93 19 36 57 67 75 45 26 73 22 87 80 98 86 42 69 20 39 1 46 87 44 67 16 75 47 61 4 7 64 84 99 35 72 8 53 98 52 78 
70 25 64 1 23 2 43 43 73 33 43 70 71 39 36 86 65 35 47 68 41 62 4 92 48 27 99 1 24 2 78 45 26 94 46 100 47 40 43 19 72 37 88 42 27 23 79 92 9 77 11 50 39 14 
93 38 92 91 38 15 44 68 60 21 61 57 21 59 96 15 77 19 3 64 12 30 38 90 73 47 67 83 48 57 97 40 94 88 82 84 55 25 51 66 45 63 22 17 21 69 83 97 39 86 12 50 67 1 
39 39 47 57 21 46 65 69 37 11 9 18 94 63 94 96 80 91 58 53 7 30 21 90 26 59 27 89 8 93 89 98 83 88 7 3 85 71 24 22 33 32 91 78 46 37 73 25 27 82 29 85 11 49 
26 88 59 52 76 18 96 65 67 78 4 73 33 88 96 56 61 80 87 52 58 84 88 82 8 14 64 88 50 26 36 76 14 46 27 41 15 23 57 81 52 60 6 84 100 53 39 60 32 77 11 41 60 50 
23 19 15 38 6 65 63 93 40 28 38 18 69 4 92 25 85 44 37 42 79 36 94 18 95 25 46 58 18 6 7 40 24 22 29 82 38 43 74 77 71 64 46 91 67 38 67 3 33 3 44 11 90 89 
80 85 66 26 94 83 83 100 74 6 73 2 39 10 44 13 38 66 28 84 8 94 73 75 49 5 29 44 67 19 33 47 55 50 24 48 32 6 99 5 11 72 58 2 33 53 14 71 19 41 6 26 86 78 
52 86 34 81 82 100 51 14 46 5 15 69 52 46 74 50 2 37 73 11 38 6 63 3 28 81 95 33 59 32 10 10 18 95 42 99 94 92 64 40 96 30 60 99 27 86 1 28 22 73 38 11 30 100 
13 57 33 59 41 43 90 2 52 59 96 46 9 90 37 24 81 85 53 40 83 79 25 35 6 98 60 95 60 89 47 72 98 31 30 38 73 72 92 76 30 87 21 39 28 58 62 8 94 67 100 76 45 76 
11 3 26 70 97 85 10 95 9 59 25 38 49 49 61 40 25 91 78 45 81 6 54 94 65 47 60 64 75 57 92 37 59 17 58 7 53 67 2 61 78 78 99 26 27 11 65 3 53 42 47 33 99 53 
79 64 51 90 79 25 46 70 13 4 38 70 63 91 89 16 51 66 93 1 91 71 12 7 73 64 48 72 49 99 24 79 62 74 68 40 51 66 62 15 21 51 85 83 41 25 98 44 90 43 96 32 65 59 
38 90 23 37 61 23 87 36 1 48 61 20 40 63 85 53 78 6 3 62 40 96 86 90 91 27 32 86 10 48 45 99 37 19 87 49 41 74 84 93 73 45 12 12 7 49 16 36 6 19 97 45 66 34 
34 56 12 17 93 73 65 37 71 53 7 10 2 99 83 37 91 55 81 55 19 40 55 34 27 60 4 24 4 69 9 90 76 73 6 69 45 22 57 68 75 16 77 28 14 11 64 57 65 97 11 83 88 17 
69 14 76 72 89 79 93 50 20 68 74 26 88 18 99 97 37 25 12 65 52 25 75 68 33 40 64 95 74 3 11 42 68 86 66 57 17 58 58 36 77 31 13 65 100 12 13 37 36 24 1 88 100 76 
7 33 67 70 27 92 24 38 86 91 75 51 47 91 60 4 27 36 86 39 52 86 2 64 22 38 87 74 77 39 1 83 23 19 4 49 11 27 38 96 17 13 98 16 3 57 71 81 92 57 72 44 42 73 
59 15 10 98 88 86 36 41 20 58 59 23 58 69 49 96 16 18 60 13 33 14 69 55 47 13 11 18 56 4 42 66 18 4 63 58 41 98 50 61 7 8 83 17 29 84 64 44 1 23 57 33 88 25 
87 34 89 50 3 44 53 45 10 23 100 24 32 40 22 81 52 80 88 35 96 16 70 59 60 70 33 68 54 21 44 40 54 33 41 9 28 94 5 89 68 4 13 99 95 86 79 47 65 66 33 13 34 2 
71 45 71 4 12 24 76 55 15 81 87 8 89 67 53 93 55 20 48 67 18 43 52 96 89 17 13 21 29 46 74 51 42 96 6 53 19 81 60 85 14 98 92 2 64 96 47 19 15 94 85 32 36 89 
79 76 57 44 48 37 41 21 87 83 16 45 35 86 77 94 23 90 92 66 44 7 62 90 25 76 35 62 60 23 2 90 98 58 33 98 94 74 18 80 56 86 76 90 23 53 36 45 42 79 11 37 85 24 
26 62 99 13 75 10 35 76 100 84 33 32 81 26 57 51 57 12 88 33 54 10 85 41 7 78 71 69 15 55 92 92 68 42 4 42 52 90 17 3 74 1 86 6 78 43 8 35 6 95 19 59 57 3 
51 63 32 21 31 46 28 22 90 95 15 93 89 18 35 57 20 60 58 6 65 35 100 73 21 5 19 39 16 75 93 66 89 25 39 19 22 66 92 11 12 59 56 100 76 90 57 96 49 66 53 65 100 52 
89 21 8 60 11 23 34 4 41 23 80 79 93 1 96 37 64 7 95 71 7 70 60 15 17 60 80 69 76 79 72 65 51 80 24 14 54 9 17 46 83 96 76 28 48 71 64 11 30 10 33 36 79 92 
2 48 3 81 16 31 11 40 95 62 71 70 75 24 30 43 22 65 90 97 92 37 20 7 100 49 16 32 36 46 76 37 93 30 17 9 60 27 100 6 40 70 27 66 93 57 60 66 21 49 63 12 38 82 
70 89 30 85 72 65 30 47 53 23 29 69 83 88 47 82 46 39 3 72 56 47 28 16 13 100 16 75 63 5 56 32 93 37 16 65 53 98 63 5 72 91 25 54 31 23 87 76 13 89 47 69 35 27 
36 47 26 3 21 41 8 28 72 100 16 40 64 68 37 27 24 60 69 100 13 99 75 51 74 87 39 73 7 25 99 42 72 76 97 44 16 4 24 88 55 39 79 71 59 67 49 34 26 17 86 90 16 60 
40 41 46 30 13 53 54 11 46 77 87 42 21 54 97 96 41 52 86 71 22 44 37 70 30 62 38 15 51 53 74 42 46 71 71 58 75 25 21 21 1 59 14 73 12 11 20 53 14 6 23 87 1 12 
8 30 73 45 96 76 98 69 17 95 40 40 52 66 64 72 86 16 30 52 41 42 14 60 46 27 17 20 13 18 31 20 99 56 16 95 83 65 15 51 59 6 90 11 72 5 34 57 73 64 60 65 57 73 
76 54 51 93 73 63 62 56 34 60 63 2 54 97 66 21 47 25 26 89 35 97 45 68 6 69 83 65 33 39 38 9 44 40 53 17 55 14 24 88 73 38 89 79 34 7 51 32 31 76 20 65 25 17 
84 30 85 67 46 18 57 35 78 1 75 30 69 29 43 44 68 67 81 9 97 14 15 47 45 45 75 17 61 99 85 44 28 69 62 73 38 71 8 15 23 34 44 91 62 38 34 29 57 66 37 53 79 51 
52 75 47 26 43 7 24 27 51 51 48 64 75 85 34 34 100 56 67 95 98 28 85 83 9 41 48 45 45 78 48 96 53 94 21 47 1 96 74 3 46 21 66 73 57 52 6 8 7 25 55 5 52 39 
39 60 79 87 57 75 64 4 71 68 49 43 15 1 39 40 3 36 12 21 8 20 72 66 28 30 90 82 86 93 20 25 5 50 63 61 24 26 16 46 46 64 89 12 65 79 3 19 14 14 39 22 33 62 
39 12 92 28 93 29 72 64 53 76 13 15 36 89 93 51 34 90 67 74 1 31 52 3 1 66 68 92 39 52 53 29 64 96 8 8 25 79 72 29 55 84 44 42 24 88 45 58 29 11 83 29 93 35 
83 93 52 2 84 42 5 89 70 68 84 77 28 60 7 99 89 61 34 84 3 58 23 47 67 51 9 49 31 1 83 65 45 86 66 81 27 70 69 48 90 4 76 69 16 83 67 4 43 100 39 97 57 13 
95 23 63 55 24 93 55 58 57 52 44 74 32 22 95 52 22 36 55 97 4 22 79 70 25 74 22 15 22 30 27 69 5 41 23 28 33 78 85 41 81 80 66 12 2 13 63 75 48 69 71 4 91 2 
73 67 27 46 34 48 76 60 16 80 1 91 59 85 20 43 78 100 75 95 11 28 7 25 2 55 45 72 58 35 25 82 54 51 80 87 51 55 98 18 86 50 8 44 35 27 38 64 26 12 58 88 39 65 
64 40 71 9 64 80 95 88 13 48 91 92 34 41 98 84 58 35 33 66 30 19 44 68 82 22 31 92 9 22 56 73 13 78 33 28 57 27 68 21 75 58 13 60 50 62 43 7 97 76 24 26 94 68 
93 28 41 76 19 49 49 26 73 61 3 5 89 11 32 56 31 58 65 95 17 14 57 60 72 53 87 96 78 80 15 23 59 55 50 77 55 98 2 80 58 56 84 98 18 67 5 1 24 21 95 41 34 3 
52 6 55 38 53 85 69 19 59 28 73 8 4 79 5 58 58 14 65 94 12 35 60 68 35 84 89 81 76 22 84 27 79 90 16 83 74 84 1 32 11 25 91 67 4 95 76 13 9 40 6 72 74 18 
39 60 53 27 41 28 1 24 6 31 65 21 14 39 4 14 22 67 91 13 33 94 59 60 58 67 51 64 90 25 33 29 36 85 7 76 64 59 51 69 90 16 41 55 6 44 20 27 62 10 91 46 55 50 
5 13 68 56 28 58 32 60 86 67 44 44 43 7 55 45 27 96 60 67 50 65 62 69 44 24 31 34 21 85 83 26 97 51 33 24 8 64 35 45 82 78 40 76 36 94 21 14 41 32 80 90 97 94 
0 1 0 0 0 0 0 1 1 1 1 1 0 0 0 1 0 0 0 1 1 0 1 1 1 1 1 1 1 1 0 1 0 0 1 0 0 1 1 0 0 0 1 1 0 0 0 0 0 0 0 1 0 1 
1 0 0 0 1 1 1 1 0 1 1 1 1 1 1 1 1 1 1 1 0 0 1 0 0 1 1 0 0 1 1 1 1 0 1 0 1 0 1 0 1 0 1 1 0 0 0 1 0 1 0 0 1 1 
1 0 0 0 0 1 1 0 0 1 0 0 1 1 0 1 1 0 1 1 1 1 1 1 1 1 0 1 0 0 1 1 0 1 1 0 0 0 0 1 1 0 1 1 0 1 0 1 1 1 0 0 1 0 
1 0 1 0 1 1 0 0 0 0 0 1 0 0 0 1 1 1 1 0 0 1 0 0 1 1 0 1 0 1 1 1 1 1 1 0 0 1 1 1 1 1 0 0 1 0 1 1 0 0 1 0 0 1 
1 1 1 1 0 1 0 0 0 1 1 0 1 1 1 0 0 1 1 1 1 1 1 0 0 1 0 1 0 0 1 1 1 0 0 0 1 0 0 1 1 1 1 0 0 1 1 1 0 0 0 1 1 1 
1 1 1 1 1 1 0 0 0 1 0 0 1 1 0 1 0 1 0 0 1 1 1 0 0 1 1 0 0 0 1 1 0 0 0 1 1 0 1 1 0 1 1 1 0 1 1 0 0 1 0 0 0 1 
0 0 0 1 0 0 0 0 1 0 0 0 1 0 0 0 1 0 1 1 0 1 0 1 1 1 0 0 1 1 1 1 1 0 1 0 0 1 0 0 1 0 0 0 0 0 0 0 1 1 1 1 0 1 
0 1 0 0 1 1 1 1 1 1 1 0 1 1 1 1 1 0 1 1 0 0 0 0 0 1 1 1 0 1 0 0 0 1 0 0 0 0 1 1 1 0 1 0 1 0 1 1 0 0 0 0 0 0 
0 0 1 1 1 1 0 0 1 1 1 0 1 1 0 0 1 1 0 0 1 1 1 0 0 1 0 1 0 1 1 0 1 1 0 1 0 0 1 0 1 0 0 0 1 0 0 0 1 0 1 0 0 0 
0 0 1 0 1 1 1 1 0 1 0 0 0 0 0 1 0 0 1 0 0 0 0 1 1 1 1 0 1 1 0 1 0 1 0 1 1 1 0 1 0 0 1 0 1 1 1 1 1 0 0 0 1 0 
1 0 0 0 0 1 0 0 1 0 1 1 1 0 0 0 1 1 0 0 1 1 0 1 1 1 1 1 1 0 1 0 0 1 1 0 1 1 0 0 1 0 1 0 0 1 0 0 0 1 0 0 0 0 
1 1 0 0 0 1 1 0 0 1 1 1 0 0 0 0 0 1 0 1 1 1 1 0 1 1 1 1 1 1 0 0 1 0 1 1 1 0 1 1 1 1 0 1 1 0 0 0 1 0 1 1 1 0 
1 0 0 0 0 1 1 0 0 0 0 1 0 1 1 1 1 0 0 1 0 0 0 0 0 1 0 1 0 0 0 1 0 0 1 0 1 1 0 1 1 0 0 1 0 1 1 1 0 1 0 0 1 0 
0 1 0 0 1 0 0 1 0 1 1 1 1 0 0 0 0 0 0 0 1 0 0 0 1 0 0 0 0 1 0 0 1 0 0 0 1 1 1 1 0 0 0 1 0 1 1 0 1 0 1 0 0 1 
1 0 1 1 0 1 0 0 1 1 1 1 1 0 0 0 1 0 0 1 0 1 0 1 1 1 1 0 0 0 1 1 0 0 0 0 1 0 0 0 0 1 0 1 1 0 0 0 1 0 0 1 1 0 
0 1 0 0 1 0 0 1 1 0 1 1 0 1 1 0 1 1 0 1 1 1 0 1 0 1 1 0 0 1 0 0 0 0 0 1 0 0 0 1 0 0 0 0 1 0 1 0 1 1 0 0 0 0 
1 0 1 1 0 1 0 1 1 0 1 0 1 0 0 0 1 1 0 0 1 1 0 0 1 1 1 1 0 0 1 1 0 0 0 1 1 0 0 1 0 1 1 0 1 1 0 1 0 0 1 0 1 1 
0 0 0 0 0 0 0 1 0 0 0 0 1 1 1 1 0 1 1 1 1 0 1 1 1 1 1 0 1 0 1 0 1 0 0 1 0 0 0 0 0 0 1 0 0 0 1 0 1 0 0 1 1 1 
0 0 0 0 1 0 0 0 0 1 0 0 0 1 0 1 1 0 1 0 0 1 0 0 0 0 0 0 1 1 1 1 0 1 1 1 1 0 1 1 1 0 1 0 1 1 1 0 0 0 1 0 0 1 
0 0 1 1 0 0 0 1 0 0 0 1 1 0 1 1 1 1 1 1 1 0 0 0 0 0 0 1 1 0 1 1 0 0 0 0 1 1 1 1 1 0 0 1 0 0 0 1 1 1 0 0 1 1 
0 1 1 0 1 0 1 0 0 1 0 0 0 1 1 1 0 1 1 1 0 1 1 0 1 0 1 1 0 0 0 0 1 0 0 0 0 1 0 0 1 1 1 1 0 0 0 1 1 0 0 1 1 1 
1 0 1 0 0 1 0 0 1 0 0 1 0 1 1 1 1 0 0 0 1 0 1 1 1 0 1 1 0 1 0 1 1 1 0 1 0 0 0 1 0 0 1 1 1 0 0 1 0 0 1 1 0 0 
0 0 1 0 1 1 1 0 0 0 1 0 0 0 1 0 1 1 0 0 0 0 0 0 1 0 0 0 1 1 1 0 1 0 0 0 1 1 0 1 1 0 0 1 0 1 1 1 0 0 0 1 0 0 
1 1 1 0 1 0 1 0 0 0 0 0 0 1 1 1 1 1 1 1 0 1 0 0 0 0 0 0 1 0 1 1 1 0 1 0 0 0 1 1 0 1 1 0 1 1 1 0 0 0 1 0 1 1 
0 0 1 0 0 1 0 1 0 1 1 1 0 0 1 1 1 1 0 0 1 1 1 1 1 1 1 0 0 1 1 0 1 1 1 1 0 1 1 0 1 0 1 1 0 0 0 1 1 0 0 0 0 1 
1 1 1 1 0 1 0 1 1 1 0 0 0 0 0 1 0 1 0 1 0 0 1 0 0 0 0 0 1 0 1 0 0 0 1 0 1 1 1 1 0 0 1 1 0 1 0 1 0 0 0 0 1 0 
0 1 0 1 1 1 1 0 0 1 1 1 1 0 1 1 1 1 1 1 0 1 0 1 0 1 1 1 1 0 1 0 1 1 1 0 1 0 1 1 0 0 0 1 0 1 0 0 1 1 1 1 1 1 
0 1 0 0 0 0 0 1 0 0 1 1 0 0 1 1 1 1 1 1 1 0 1 1 0 0 1 1 1 0 0 0 1 1 0 0 1 0 1 1 0 0 0 1 0 1 0 1 1 0 1 0 0 0 
1 0 0 0 1 1 0 1 1 0 0 1 0 1 0 1 0 0 0 0 1 0 0 0 0 1 0 1 1 0 1 0 0 1 1 1 0 1 0 0 1 1 1 1 0 1 1 1 0 1 1 1 1 1 
1 1 0 1 0 1 1 1 0 1 0 1 0 1 0 1 1 0 0 0 1 0 0 0 1 0 1 1 1 1 0 1 0 1 0 1 0 0 0 0 1 1 1 0 0 0 1 1 0 1 1 1 1 1 
0 1 1 1 0 1 0 0 0 1 1 0 0 0 0 0 0 0 1 0 0 1 0 1 0 0 0 0 1 1 1 1 0 1 1 0 0 1 1 0 0 0 0 0 0 1 1 1 1 0 1 1 0 1 
0 0 1 0 0 0 1 0 0 0 1 1 0 1 0 1 1 1 0 1 1 0 0 0 1 1 1 0 0 1 1 0 1 0 0 0 1 0 0 1 0 1 0 0 0 0 0 1 1 0 0 1 0 1 
1 0 0 0 0 1 1 0 1 1 0 0 1 1 0 1 0 0 0 0 0 0 1 0 1 0 0 1 1 1 0 1 1 1 1 1 0 1 1 1 0 0 1 1 1 1 0 0 1 0 0 0 0 1 
0 1 0 1 0 1 0 1 0 1 0 0 0 0 1 0 1 1 0 1 0 1 0 0 1 0 0 0 0 0 1 0 1 1 1 1 1 1 0 1 0 0 1 1 0 0 1 0 1 1 1 1 0 1 
1 0 1 1 0 1 1 1 0 0 1 1 0 0 1 0 1 1 1 1 0 1 1 1 1 1 0 0 0 1 0 0 1 1 1 1 1 1 0 1 1 1 0 1 1 1 0 1 1 1 0 1 0 1 
1 0 0 1 0 1 0 0 1 1 0 0 0 1 1 1 0 1 0 0 0 0 0 0 1 1 1 1 0 0 0 1 0 1 1 0 0 1 1 1 1 1 1 1 0 1 0 0 0 1 0 0 1 0 
1 0 1 0 1 0 0 1 1 0 0 0 1 0 0 0 1 1 1 1 0 1 0 1 1 0 0 1 0 1 0 1 1 1 0 0 1 0 1 1 1 0 1 0 0 1 0 0 0 1 1 1 0 1 
0 1 1 0 0 1 1 0 1 0 0 1 0 1 1 1 0 0 1 0 0 0 1 0 0 0 1 1 1 1 0 1 0 1 1 1 0 0 1 1 0 1 0 0 1 0 1 1 0 1 1 1 1 1 
1 1 1 1 0 0 0 0 1 1 1 0 0 1 0 1 1 0 1 1 0 0 1 1 1 0 0 1 1 1 0 0 0 1 1 0 1 0 0 0 1 1 0 1 1 0 0 0 0 1 1 0 1 1 
1 1 1 0 0 0 1 0 0 0 1 0 0 0 0 1 0 1 0 0 0 1 0 0 1 0 0 1 0 1 0 1 0 1 1 0 1 1 0 1 1 1 1 1 1 1 0 1 0 1 1 0 0 1 
1 0 1 1 1 1 0 1 1 1 0 0 1 1 1 0 0 0 1 0 0 1 1 0 0 0 1 0 0 0 1 1 0 1 0 1 0 1 0 1 0 0 0 1 1 1 1 1 0 1 1 0 0 1 
0 0 1 0 0 1 0 0 1 0 1 1 1 1 0 1 1 0 1 1 0 0 0 1 1 0 0 1 0 0 0 1 1 1 1 1 0 1 1 1 1 0 1 0 0 1 1 1 0 0 0 0 0 0 
1 1 1 0 0 1 0 0 0 1 1 1 1 0 0 0 1 1 1 0 1 1 0 0 0 0 0 0 0 0 0 1 0 1 1 0 1 0 1 1 1 0 1 0 0 1 1 0 1 0 0 0 1 0 
1 1 0 1 1 0 0 1 0 0 1 1 0 0 1 1 1 1 0 0 1 0 0 0 0 1 0 1 1 1 1 0 0 0 0 1 0 0 1 0 0 0 0 0 0 1 0 1 0 0 0 0 0 0 
0 1 1 1 0 0 0 1 1 1 1 1 0 0 1 1 0 1 1 0 1 1 0 1 1 0 1 1 0 0 1 1 1 0 0 1 0 0 0 1 1 0 0 0 0 1 1 0 0 1 1 0 0 1 
1 1 1 1 0 0 1 1 1 0 1 1 1 0 1 1 1 1 1 0 1 1 1 0 0 0 1 1 0 0 0 1 1 1 0 0 1 1 1 0 1 1 1 0 1 1 0 0 0 1 0 1 1 0 
