52 55 1531
18 21 62 8 89 74 63 53 36 44 9 54 74 22 85 48 60 78 82 46 86 76 94 58 72 62 22 69 35 53 60 52 25 73 11 65 98 25 18 33 69 26 38 94 47 22 41 58 51 22 4 88 50 97 98 
73 59 71 42 93 75 53 97 99 25 7 64 22 32 33 6 100 10 43 45 8 16 85 66 18 58 69 5 7 65 54 32 75 25 73 68 99 25 16 98 1 22 13 22 5 45 27 4 6 69 48 13 36 84 78 
53 42 46 57 100 63 11 31 37 87 3 56 85 79 71 34 79 93 98 100 97 94 78 53 99 98 52 12 33 36 41 37 29 87 94 28 1 56 59 37 42 13 93 78 44 15 64 22 7 61 74 56 55 3 60 
53 1 11 16 85 98 57 22 26 95 67 54 95 74 64 83 67 28 75 44 71 42 7 45 100 68 18 55 74 72 66 26 24 29 42 9 26 50 82 52 44 48 57 38 73 72 20 39 51 47 34 74 88 41 18 
87 60 87 94 33 10 59 10 34 87 3 42 65 52 75 68 95 74 24 84 46 47 4 84 49 2 17 22 89 9 91 27 20 29 20 4 39 31 14 72 69 68 65 33 20 39 100 66 12 75 50 57 73 5 92 
22 6 60 43 46 69 86 72 88 14 44 92 52 74 57 75 94 24 39 27 95 77 78 61 40 53 62 96 25 66 39 98 23 99 93 68 67 78 91 6 91 34 97 95 59 5 69 53 29 8 31 23 36 8 35 
76 60 96 23 37 13 62 34 35 12 26 54 78 3 45 35 46 30 84 92 89 88 60 93 16 19 23 91 7 30 77 82 90 73 56 78 37 69 11 72 80 89 77 9 91 21 44 88 51 27 79 91 66 91 83 
82 61 5 24 67 34 100 100 75 24 56 52 61 76 15 84 8 3 60 16 45 33 11 85 83 37 15 25 55 5 7 36 66 63 11 84 48 62 84 75 86 91 78 98 18 92 81 25 46 92 41 43 24 51 27 
58 40 41 82 94 98 40 81 15 2 43 98 2 4 33 76 41 75 53 38 93 97 70 17 42 62 9 36 85 60 14 95 51 7 76 96 4 16 28 70 69 70 67 70 25 52 97 18 26 50 55 18 46 77 87 
39 90 95 27 26 54 40 20 56 46 96 3 1 63 30 70 83 51 89 53 76 40 49 45 17 50 99 35 47 27 21 38 16 15 64 42 21 3 61 28 1 8 31 1 22 12 71 5 63 59 9 90 50 9 34 
66 59 84 100 5 63 72 94 78 39 57 71 11 12 84 90 12 91 72 64 65 84 34 69 98 44 77 87 93 85 72 11 95 7 62 52 69 34 45 47 24 54 69 86 65 52 75 28 95 47 43 59 30 29 79 
27 72 7 65 17 43 88 27 38 94 88 89 63 73 85 61 96 38 29 33 54 33 8 33 27 54 76 85 35 4 63 13 27 21 29 43 63 16 21 100 61 9 40 23 33 25 35 29 14 16 13 68 48 20 100 
74 25 27 10 59 30 24 71 57 44 51 51 6 66 72 6 27 80 97 1 64 73 88 44 87 3 57 54 50 76 5 75 1 32 84 59 13 7 82 69 50 84 20 7 50 43 64 28 74 61 80 37 33 67 81 
19 69 37 24 70 12 81 44 12 64 27 23 76 85 56 97 86 39 68 93 40 10 56 19 83 68 99 19 1 17 99 71 38 35 47 7 99 27 3 62 90 29 36 17 66 43 13 51 82 32 95 73 41 51 44 
75 70 94 46 70 10 96 93 99 83 39 6 81 65 60 94 6 40 30 74 5 72 39 8 5 70 2 30 63 4 73 89 74 66 34 43 27 30 35 26 12 25 83 44 41 42 37 46 81 66 72 86 90 10 93 
94 31 46 23 45 50 47 34 23 12 67 17 39 48 4 16 59 28 98 2 69 91 91 66 71 56 37 8 45 98 52 91 29 98 13 73 99 60 6 21 23 25 37 13 72 92 28 83 20 77 36 40 67 26 5 
38 34 94 97 78 91 49 20 71 98 33 44 96 44 1 16 66 77 4 31 1 48 58 83 67 87 18 6 53 96 62 42 29 55 91 58 98 39 78 68 88 62 63 83 5 16 50 22 92 5 52 92 52 62 26 
70 48 44 27 52 91 89 94 19 95 84 76 92 74 53 60 61 14 74 95 70 89 44 92 33 100 43 24 52 56 2 73 3 45 100 55 35 88 100 5 82 35 80 26 8 85 37 20 50 10 66 72 51 9 63 
83 60 57 58 11 13 59 84 67 55 35 73 41 22 72 45 55 58 77 80 17 13 16 36 14 78 1 85 28 61 99 10 21 56 19 83 20 78 18 38 84 52 11 25 25 34 21 32 92 97 11 8 9 79 96 
75 8 48 59 35 9 58 96 81 65 14 15 36 43 33 73 27 36 35 3 61 69 23 92 12 20 54 19 80 84 66 6 91 14 65 77 74 74 72 54 38 38 20 73 80 52 97 58 40 32 60 52 100 35 95 
63 6 48 81 37 84 99 43 74 12 7 51 85 32 74 90 69 11 9 93 43 13 89 52 52 20 12 3 71 98 97 33 3 96 66 39 79 64 33 5 27 91 7 63 22 80 52 90 43 12 34 85 24 23 36 
27 94 99 81 17 96 29 1 50 77 18 41 7 33 73 11 59 16 69 21 37 49 24 79 43 88 12 27 63 34 14 90 80 13 22 96 60 51 96 62 27 66 2 33 98 26 96 57 41 64 29 30 64 5 8 
6 44 19 84 6 5 98 47 84 62 69 31 73 71 78 34 49 43 87 33 41 65 28 49 5 44 29 34 59 85 93 65 28 12 100 34 16 49 32 51 10 52 81 35 22 58 68 22 53 7 55 93 71 82 93 
27 77 21 13 36 6 5 52 85 16 51 18 83 100 2 85 61 53 65 95 27 75 15 48 27 21 2 71 43 36 63 69 12 35 81 99 92 86 50 77 53 1 46 88 52 47 72 12 100 89 59 78 63 25 25 
41 97 79 63 39 66 77 7 29 11 40 28 55 77 77 31 29 29 28 16 80 75 40 44 26 28 54 3 42 78 79 82 74 57 44 64 22 20 70 3 82 61 30 36 37 58 18 66 87 46 33 18 20 24 13 
97 51 66 99 92 95 77 25 20 86 68 83 59 39 53 61 73 13 42 60 2 100 78 67 38 23 51 55 94 75 68 42 77 85 40 69 80 68 93 99 53 13 34 64 3 38 24 27 2 18 87 3 17 64 69 
54 38 72 60 83 98 79 24 74 64 15 42 95 82 87 45 87 51 78 50 5 15 25 32 17 94 18 19 10 33 40 15 22 11 27 4 8 5 79 81 20 93 75 14 26 13 11 12 15 88 13 19 55 90 2 
71 83 71 41 45 3 80 11 24 42 37 79 1 94 57 34 13 49 60 79 75 24 89 38 38 28 51 8 82 92 10 4 26 80 45 70 83 76 33 58 70 69 37 70 14 93 55 27 94 66 57 20 89 45 57 
26 72 59 34 6 2 43 9 28 74 5 49 56 81 81 66 50 2 2 71 15 46 78 93 91 43 49 10 32 45 19 57 69 29 42 74 31 84 82 58 58 87 58 65 19 39 30 20 92 83 42 6 81 19 51 
71 62 51 33 45 48 51 53 16 79 95 41 61 30 74 70 39 12 28 4 30 18 85 1 9 20 43 66 100 61 16 70 74 19 2 18 66 4 71 33 35 17 73 95 46 98 65 85 10 92 40 91 9 24 92 
69 43 34 34 94 46 2 64 72 72 17 41 37 21 63 21 7 79 45 1 25 42 65 61 3 8 100 94 68 75 37 36 18 70 22 11 67 23 26 90 94 95 31 82 67 93 54 73 72 98 73 48 91 90 8 
94 49 7 87 69 81 23 56 50 44 77 13 62 51 90 52 96 36 82 29 2 74 82 26 97 79 99 96 70 40 3 15 40 61 1 8 94 75 16 95 18 92 7 31 95 49 82 90 84 15 19 86 89 52 11 
37 83 61 33 4 52 87 18 44 48 18 3 41 44 18 87 13 62 94 43 56 94 77 97 77 91 67 14 31 19 77 68 53 37 52 56 41 38 73 84 37 42 86 29 85 56 16 97 17 61 91 24 54 67 72 
30 58 91 44 40 61 20 7 13 8 10 68 100 48 40 83 36 33 21 65 17 28 80 65 96 40 7 19 93 26 42 74 35 32 69 74 92 40 81 4 48 42 71 47 89 62 82 25 94 54 41 62 81 20 78 
76 11 37 46 55 62 87 80 96 19 49 69 62 88 1 66 87 43 88 86 83 2 19 59 47 72 99 9 4 70 38 31 32 26 28 38 87 66 18 34 36 66 3 98 5 55 63 44 49 2 29 84 3 47 94 
50 70 93 10 25 14 99 55 98 25 34 35 11 99 52 97 35 69 51 32 74 5 46 17 6 47 97 89 2 43 82 51 64 26 12 88 92 10 94 89 34 79 23 97 77 27 93 11 95 95 94 20 99 39 36 
56 38 32 96 39 26 30 41 41 7 52 80 98 61 25 38 47 3 61 95 80 39 39 42 33 33 36 53 83 26 40 39 15 24 86 5 49 15 45 42 22 96 21 71 9 46 9 7 48 21 53 79 59 91 21 
43 23 8 95 57 85 35 47 100 58 33 4 58 99 1 51 72 48 72 43 56 17 51 14 16 23 66 95 81 56 67 23 30 74 70 39 58 56 85 9 65 69 65 22 68 65 73 39 12 96 81 20 64 83 33 
79 5 51 73 37 58 39 12 40 64 81 78 74 36 14 82 100 83 46 73 50 62 97 40 74 92 73 45 55 7 29 86 12 79 58 100 89 49 11 28 64 91 5 37 26 18 71 77 52 68 50 53 30 98 93 
55 90 65 99 96 23 27 81 34 58 91 34 46 91 96 73 54 87 29 43 64 98 13 41 2 80 42 54 9 39 46 15 80 62 13 76 85 92 8 70 49 98 55 46 40 51 70 94 89 50 88 52 47 100 44 
100 79 37 54 40 76 99 54 7 13 19 82 97 10 42 18 10 39 73 55 31 23 24 76 63 73 63 14 71 62 10 71 92 46 24 31 73 74 37 80 86 55 13 34 64 54 52 73 93 24 79 75 98 54 50 
60 78 12 25 48 73 86 70 64 32 45 47 4 71 83 35 8 89 48 42 4 1 45 28 45 20 6 19 69 59 68 28 36 79 4 35 3 90 57 19 73 53 17 76 23 51 11 83 39 10 24 42 10 20 69 
55 39 26 73 7 84 93 86 71 71 89 57 26 30 65 96 2 18 12 30 92 62 92 74 100 1 49 93 10 20 13 16 58 38 41 16 21 33 1 43 55 42 99 80 71 16 75 25 33 38 6 76 99 97 2 
50 49 50 42 10 70 6 26 79 43 66 95 15 98 95 57 52 88 8 84 11 23 10 35 7 48 92 82 46 88 83 48 36 85 41 45 6 47 22 36 89 87 30 4 36 77 12 40 64 71 23 74 93 32 60 
51 79 51 33 77 90 67 24 77 3 16 74 8 62 95 44 51 34 25 6 69 1 17 8 17 88 82 42 32 14 2 83 44 4 67 20 46 85 95 22 88 11 95 47 24 42 42 26 75 67 31 95 19 100 55 
35 39 36 77 70 49 30 4 45 85 22 64 30 7 11 4 94 73 98 92 96 91 34 22 17 100 52 12 18 3 66 5 41 53 81 11 54 62 66 98 46 88 13 28 94 23 31 39 47 80 30 43 71 63 64 
39 14 67 50 32 22 67 88 62 72 20 24 25 81 90 22 78 77 34 57 22 9 87 60 55 19 41 49 41 4 64 79 17 31 81 100 4 47 39 65 70 58 89 94 38 78 15 68 6 1 24 27 61 63 38 
67 81 78 16 73 33 79 51 2 61 83 53 64 82 92 29 51 49 69 45 39 98 11 6 3 63 81 81 23 43 70 42 75 99 57 47 32 87 50 33 48 32 85 63 65 28 43 16 77 11 60 15 8 22 72 
62 85 52 94 59 95 15 100 21 14 56 20 45 43 69 29 42 52 13 4 17 41 99 84 69 9 43 83 69 16 6 82 100 57 28 59 3 42 58 24 55 66 43 51 60 63 79 1 66 44 56 34 84 6 17 
4 15 11 38 35 27 43 68 78 99 47 36 54 41 46 77 47 11 19 98 70 33 76 22 98 19 29 84 54 35 100 57 1 63 94 87 89 88 6 66 87 53 54 40 93 99 68 39 61 38 88 82 70 64 3 
19 34 83 2 88 17 54 96 17 16 42 3 56 29 61 73 67 13 26 58 57 76 77 95 88 14 83 69 35 98 23 54 31 6 7 70 22 60 18 91 75 59 45 82 39 5 55 58 69 32 15 25 8 92 72 
95 57 6 16 92 3 38 97 85 95 3 7 17 63 24 59 89 34 55 71 24 60 77 81 28 8 96 5 15 39 76 62 95 81 29 86 35 66 34 71 13 37 77 81 51 52 39 91 37 93 13 61 4 89 41 
1 0 1 1 0 1 0 1 0 0 1 1 0 1 1 0 1 1 1 1 1 0 1 1 1 1 0 1 1 0 1 0 0 1 1 1 0 1 0 0 1 0 0 1 1 1 1 0 0 0 1 1 1 0 0 
0 1 0 1 0 1 0 0 1 1 1 0 0 0 1 0 1 1 0 0 0 1 0 0 1 0 1 0 1 1 1 1 0 1 0 1 0 1 1 0 0 1 0 0 1 1 1 1 0 1 1 0 1 1 0 
0 0 1 1 1 0 0 1 1 1 1 0 0 0 1 0 1 0 0 1 0 0 0 1 0 0 0 1 1 0 1 1 0 1 0 1 1 0 0 0 0 0 0 0 0 0 0 1 0 0 1 0 0 1 1 
1 1 0 0 0 0 1 0 0 0 0 1 0 1 0 0 1 0 1 1 0 1 1 0 1 1 1 0 0 0 1 1 0 1 1 0 1 0 0 1 1 1 1 1 0 1 1 1 1 0 0 1 1 1 1 
1 0 0 1 0 1 0 1 1 0 0 1 1 1 0 1 0 1 0 1 1 1 0 0 0 1 0 1 0 1 1 1 1 1 0 0 0 1 1 1 1 0 1 0 1 1 1 1 0 1 0 1 0 0 1 
0 1 1 0 0 0 1 1 1 0 0 1 1 1 1 0 0 1 1 0 0 0 0 1 0 1 1 1 0 1 0 0 1 1 0 1 1 1 0 1 0 0 0 1 1 1 1 1 0 1 0 0 1 0 1 
0 1 0 1 1 0 0 0 1 1 0 0 1 0 0 0 0 1 0 1 0 0 0 0 0 1 0 1 1 0 0 1 1 1 0 1 1 0 1 0 0 1 0 1 1 0 1 1 1 1 0 0 1 1 0 
0 0 0 1 1 0 1 0 1 0 1 0 1 1 1 1 1 1 1 0 0 0 1 0 1 1 0 1 0 1 1 0 0 1 1 1 1 1 0 1 1 1 1 1 0 1 0 0 0 0 0 0 0 0 0 
1 1 1 1 1 0 0 0 0 0 1 0 1 0 0 0 0 1 0 1 1 1 1 1 1 1 0 1 1 0 0 1 1 1 0 0 1 0 0 0 0 0 0 0 0 0 0 0 1 0 1 0 1 1 0 
0 0 0 0 0 0 0 1 1 1 1 1 0 1 0 0 0 0 0 0 0 0 0 1 1 1 0 0 0 1 0 1 0 0 1 0 0 1 1 1 0 0 0 0 1 0 1 1 0 1 1 1 0 0 0 
1 1 0 1 1 0 1 0 0 1 1 0 1 0 1 0 0 1 1 1 0 1 0 0 0 1 1 1 1 1 1 1 0 1 0 0 1 0 0 1 1 0 1 1 0 0 1 1 1 0 0 0 0 0 0 
0 1 1 1 1 1 0 0 1 1 0 1 1 0 0 0 0 0 0 1 0 0 0 1 0 1 1 0 1 1 0 1 1 1 0 0 0 0 0 0 1 0 1 0 1 1 1 1 1 1 0 0 1 0 1 
1 1 1 1 0 0 1 1 1 1 1 1 1 1 1 1 1 0 1 1 1 0 0 0 0 1 0 0 1 0 1 0 0 0 0 0 1 1 0 0 0 1 0 0 1 1 1 0 1 0 1 0 1 0 0 
1 1 0 1 0 1 0 1 1 1 1 1 0 0 1 0 1 1 0 1 0 0 0 0 1 1 1 0 0 1 0 1 1 1 0 1 0 0 0 1 1 1 0 1 0 0 0 1 1 0 0 1 0 0 1 
0 1 0 0 1 0 0 0 1 1 0 0 1 1 1 0 0 0 1 0 0 1 0 1 0 0 1 1 1 0 0 1 1 0 1 1 0 1 1 1 1 0 0 0 1 1 1 1 1 0 1 0 1 1 1 
1 0 1 0 1 1 0 0 0 0 1 1 1 0 1 0 1 1 0 0 0 1 1 1 1 1 1 1 0 0 0 1 0 1 1 1 0 1 1 1 1 0 0 0 1 1 1 0 0 1 0 0 1 1 0 
0 0 1 1 0 1 1 1 0 1 0 1 1 1 1 0 1 1 1 1 0 0 0 1 1 0 1 1 1 1 1 1 1 0 0 0 0 1 1 0 0 0 1 0 1 0 0 0 0 1 0 0 0 0 1 
1 0 1 0 1 0 0 0 1 0 0 1 0 0 1 0 0 1 0 0 0 0 1 1 0 0 1 1 0 1 0 1 0 1 0 1 1 0 0 1 0 0 0 1 0 1 1 1 0 1 1 1 0 0 0 
0 1 1 1 1 0 0 1 0 1 1 0 1 1 0 0 1 0 0 0 1 0 0 0 0 1 1 1 1 0 1 0 1 0 1 0 1 1 1 1 1 0 1 0 1 1 0 1 0 0 1 1 0 1 1 
1 1 0 0 0 0 0 0 1 0 0 0 1 1 1 1 0 0 0 0 1 0 0 0 0 1 0 1 1 1 0 0 0 0 1 1 1 1 1 0 1 1 0 1 1 0 0 1 0 0 0 1 0 0 0 
0 1 0 1 1 1 1 1 0 0 0 1 1 1 0 1 1 0 0 0 1 0 0 0 0 0 0 1 1 1 1 1 0 1 1 1 1 0 1 1 0 1 0 1 1 0 1 0 0 1 0 1 1 0 0 
1 0 0 0 1 1 0 1 0 1 0 1 0 0 0 1 1 0 1 0 1 0 1 1 0 0 1 0 1 1 0 0 1 0 1 1 0 1 0 0 0 0 1 1 0 0 0 1 0 0 0 1 0 1 0 
0 0 1 0 1 0 0 0 1 1 1 0 1 0 0 1 0 0 0 1 1 0 0 0 0 0 0 1 0 0 1 0 0 0 1 1 0 1 1 0 0 0 0 1 0 1 0 1 1 1 0 0 1 0 1 
0 0 1 1 0 1 1 1 1 1 0 1 0 1 0 0 0 1 0 1 1 1 0 0 1 1 1 1 0 1 0 0 0 0 0 0 1 1 1 1 0 1 0 0 1 0 0 1 1 1 0 1 0 0 1 
1 1 0 1 0 0 1 0 0 1 0 0 1 1 0 0 0 1 0 0 0 0 1 1 0 0 0 1 0 0 0 0 0 1 1 0 1 0 0 1 0 1 1 1 0 1 1 0 1 1 1 1 1 0 1 
1 0 1 0 0 1 1 0 1 0 1 1 1 0 0 0 0 1 1 1 1 1 0 0 0 1 1 1 0 1 0 0 1 1 0 1 1 1 0 0 1 1 0 0 1 0 0 1 1 0 0 0 1 0 0 
1 1 1 0 0 0 1 0 1 0 0 1 1 0 1 0 1 0 0 0 0 0 0 1 1 0 0 1 1 0 0 0 0 1 1 0 0 0 0 1 0 0 0 0 0 1 0 0 0 0 0 0 0 0 1 
1 1 1 0 0 0 0 1 0 0 0 0 0 0 0 1 0 0 0 0 1 1 0 1 1 0 1 1 0 1 1 1 0 0 0 1 0 0 0 0 0 0 0 0 0 0 0 0 1 0 1 0 1 1 1 
1 0 0 0 0 1 1 0 0 0 0 1 0 0 1 1 1 1 1 1 1 0 1 1 1 1 0 1 1 0 0 0 0 0 0 0 1 0 0 1 0 0 0 0 1 1 1 0 0 1 1 1 1 1 1 
0 0 1 1 1 1 1 1 1 1 0 0 0 0 0 0 0 1 0 0 0 0 0 0 0 1 1 0 0 0 1 0 1 0 1 0 0 0 0 1 1 0 1 1 0 0 1 0 1 0 0 1 0 0 1 
0 1 0 0 1 1 1 1 0 0 0 0 0 0 0 1 1 0 1 1 0 1 0 0 0 0 1 1 0 1 0 1 1 0 1 0 1 1 0 1 1 0 0 1 1 0 0 0 1 1 1 1 0 0 0 
0 0 1 1 1 0 1 0 1 0 1 0 1 0 0 1 1 0 1 0 1 1 1 0 0 0 1 0 1 1 0 1 0 1 1 1 1 0 1 1 0 0 1 0 1 1 1 0 1 0 1 1 1 0 1 
0 0 0 0 1 0 0 1 0 1 0 1 0 0 0 1 1 0 0 1 1 1 0 0 1 0 1 0 1 1 1 1 1 1 1 1 1 1 0 1 0 0 0 1 0 0 0 1 1 1 0 0 0 0 0 
1 0 1 1 0 0 0 1 0 0 1 1 1 0 1 1 1 1 1 0 1 0 0 1 1 1 1 1 0 0 0 1 0 1 1 0 0 1 0 0 1 1 1 1 1 0 0 0 1 1 0 0 1 1 1 
0 0 1 0 0 1 0 0 1 1 1 0 1 0 0 1 0 1 0 1 0 0 1 1 1 0 1 0 0 0 1 0 1 0 0 1 1 0 1 1 0 0 1 1 1 1 1 1 0 1 0 0 0 1 1 
1 1 1 1 1 1 1 0 0 1 0 0 1 1 1 0 1 0 1 0 1 0 1 0 0 1 0 0 1 1 0 0 0 1 0 0 0 1 0 1 0 0 1 1 1 0 1 0 0 0 1 1 0 0 1 
0 1 1 1 0 0 1 1 1 0 1 1 0 0 1 1 0 1 0 0 1 1 1 1 1 0 0 1 0 1 0 1 0 0 0 1 0 1 0 1 1 1 0 1 1 1 1 1 1 1 1 0 0 1 1 
0 1 0 1 1 1 1 0 1 1 0 0 0 1 0 1 0 1 0 0 0 1 1 0 0 0 1 0 1 0 0 1 1 0 0 1 1 1 1 0 1 0 1 1 1 1 0 0 1 0 0 1 0 1 1 
0 1 1 1 0 1 1 1 1 1 1 0 0 1 1 0 0 1 1 1 1 1 1 1 0 0 1 1 0 0 1 0 1 0 1 0 1 0 1 0 1 1 0 1 0 0 0 0 1 1 1 0 0 0 1 
0 0 0 0 0 0 1 1 0 1 0 0 0 1 1 1 0 0 1 0 0 1 0 0 1 1 1 1 0 0 1 0 0 1 0 1 0 1 0 0 0 0 0 1 1 1 0 0 0 1 0 0 1 0 1 
0 1 0 1 1 0 0 0 1 0 0 0 0 0 0 0 0 0 0 1 0 1 1 0 1 1 0 0 0 0 1 0 1 1 1 1 0 0 1 1 0 1 1 0 1 1 0 0 1 0 1 1 1 1 1 
1 0 1 1 0 1 0 0 1 1 1 0 1 1 1 0 1 0 1 1 0 0 1 0 0 1 1 1 1 0 1 0 0 0 1 0 0 1 0 1 0 0 1 0 1 0 0 1 0 0 0 0 0 0 0 
0 1 0 0 0 0 1 0 1 1 1 1 1 0 0 0 1 0 1 1 1 1 1 0 0 1 1 0 0 1 1 0 0 1 0 1 1 1 1 0 1 1 0 0 1 0 1 0 0 0 1 1 0 1 0 
0 0 1 0 0 0 1 1 0 0 1 1 0 1 1 0 0 0 0 0 1 0 1 0 0 0 1 0 0 0 0 0 1 1 0 1 1 0 0 1 0 0 1 0 1 0 1 1 0 1 1 1 0 1 1 
0 1 1 0 1 1 0 1 0 1 1 0 0 1 0 0 0 0 1 0 1 1 1 0 1 1 0 0 1 1 0 1 0 1 0 1 0 0 0 1 0 1 1 0 1 1 0 1 0 1 1 1 0 1 0 
1 0 0 0 1 1 0 0 1 1 0 0 1 1 0 0 1 1 1 1 0 1 0 1 1 1 1 0 0 0 0 1 0 0 1 1 1 1 1 0 0 0 0 0 1 0 0 0 0 0 1 0 1 1 0 
0 1 1 0 1 1 1 0 1 1 0 0 1 1 1 1 0 1 0 0 0 0 0 0 0 0 0 1 1 1 1 1 0 0 0 1 1 1 0 0 0 0 0 1 1 1 1 1 1 1 1 1 1 0 0 
0 0 0 1 0 1 0 1 0 0 1 1 1 0 1 1 1 1 1 0 1 0 1 0 1 0 0 1 0 0 1 0 0 1 1 0 0 1 0 0 1 1 0 0 0 1 1 1 1 0 1 0 0 1 0 
0 1 0 1 1 0 0 1 1 1 0 1 1 1 1 0 0 1 0 0 1 1 1 0 0 1 1 0 0 0 1 0 0 1 1 1 0 1 1 1 0 1 0 1 1 0 1 1 1 1 0 0 1 1 0 
1 1 1 0 1 0 1 1 0 0 0 1 0 1 0 1 1 0 0 0 1 0 0 0 1 1 0 1 0 0 1 0 1 0 0 0 0 1 1 0 1 1 0 0 0 0 1 1 0 1 1 1 1 1 0 
0 1 0 1 1 0 0 1 1 1 1 1 1 0 0 0 0 1 0 0 1 0 1 0 1 1 0 0 0 1 0 1 0 1 0 0 1 1 1 1 0 1 0 1 1 1 1 1 0 1 1 0 0 1 0 
1 0 0 1 0 0 0 1 0 1 0 0 0 1 0 1 1 1 0 0 0 1 0 0 1 1 1 1 1 0 0 0 0 0 0 1 0 0 0 1 1 0 1 1 1 1 1 0 0 1 1 1 0 1 1 
