47 42 478
74 85 25 44 5 42 59 70 56 33 40 22 90 43 18 20 32 67 33 49 56 26 19 63 61 82 33 38 46 91 62 72 76 86 15 32 79 25 2 34 57 41 
7 47 35 25 18 18 43 2 18 50 27 36 12 39 69 45 28 67 35 89 90 62 74 56 94 53 80 47 38 88 39 97 86 73 73 3 43 15 4 12 65 82 
100 28 20 20 72 48 86 7 36 75 20 62 30 13 66 61 11 55 1 49 51 86 74 75 89 68 42 44 79 58 26 78 85 45 98 57 92 35 15 80 62 34 
41 43 99 58 56 9 12 56 10 15 41 83 41 29 50 82 25 80 39 50 58 76 94 7 84 38 41 98 17 54 83 9 97 81 66 52 42 29 7 51 43 47 
85 84 28 86 17 52 65 8 53 22 83 46 80 66 35 73 15 51 26 97 11 74 78 76 25 71 5 83 73 47 82 57 82 61 42 99 12 6 6 64 80 40 
61 59 5 96 83 19 98 9 67 9 82 96 36 59 66 40 41 38 39 74 46 72 34 87 70 97 45 27 12 76 66 25 86 22 20 69 92 69 77 59 29 10 
54 65 68 72 56 61 61 46 34 7 18 20 45 39 16 41 18 28 16 83 52 2 57 23 70 100 43 98 10 72 7 64 88 27 87 43 87 47 41 72 5 58 
91 2 96 59 42 65 86 58 48 89 11 56 63 80 55 57 29 65 28 35 80 67 61 18 62 99 16 2 71 73 11 13 74 58 71 15 23 8 24 22 48 34 
77 10 65 83 67 93 99 46 80 30 65 40 47 26 91 15 79 13 87 89 25 60 46 48 26 68 55 50 89 3 35 17 64 100 100 30 44 50 28 23 80 92 
15 78 69 5 92 47 17 78 35 93 89 32 40 15 100 47 16 40 1 50 57 64 1 8 46 45 57 73 67 88 16 81 18 84 37 9 30 5 39 16 50 79 
47 41 93 98 87 8 38 87 10 94 3 10 53 48 54 61 72 73 1 87 5 18 22 42 78 3 98 68 70 47 47 16 88 39 14 26 99 3 13 60 48 67 
69 100 14 75 12 85 99 12 23 3 81 96 96 59 98 94 26 67 92 72 34 31 63 99 57 13 53 21 72 100 87 92 51 100 18 63 36 16 26 10 71 7 
5 66 17 54 11 42 72 55 66 57 85 28 8 41 40 60 13 11 60 99 54 62 50 72 24 85 87 2 46 9 8 2 75 24 55 37 17 78 91 82 35 28 
61 42 68 100 1 33 62 12 31 16 74 81 39 49 17 77 50 15 86 9 16 12 84 23 48 1 100 91 34 86 18 95 79 37 46 32 69 60 43 52 27 68 
32 65 17 100 93 18 14 78 79 82 89 62 4 37 14 55 79 100 41 96 46 71 84 43 2 5 2 97 56 80 64 39 96 32 38 89 2 4 66 80 85 55 
93 40 43 59 94 21 58 86 68 3 57 3 45 58 7 99 6 62 30 70 100 26 53 90 66 54 45 31 33 29 37 78 68 79 36 13 51 93 99 70 47 7 
73 43 16 79 41 22 93 23 43 44 48 95 33 13 49 77 95 33 57 32 10 76 62 45 89 65 89 39 34 35 45 58 78 12 37 70 33 81 92 75 24 91 
70 57 55 70 85 2 2 94 85 12 69 98 8 57 62 97 47 48 31 43 57 60 55 93 82 39 25 25 66 49 68 35 57 22 56 93 23 57 86 7 20 55 
57 28 63 18 76 10 17 58 4 74 18 10 18 51 49 43 75 14 43 42 100 99 16 55 91 90 11 77 49 83 83 5 10 45 74 85 6 91 42 10 16 11 
19 33 61 19 27 88 32 69 29 31 19 44 37 62 86 48 38 34 30 20 38 91 16 11 27 74 1 20 35 68 31 5 53 43 24 79 30 7 100 11 90 70 
6 26 31 91 25 68 24 54 39 61 96 7 24 22 80 76 94 66 44 76 70 96 18 45 26 100 52 77 62 41 47 67 66 77 10 91 97 33 96 87 46 44 
93 69 17 24 44 10 89 39 85 11 34 55 55 12 54 6 88 15 98 34 33 16 63 42 58 59 75 5 45 72 48 90 92 65 65 35 26 6 26 11 16 59 
17 22 22 70 28 10 36 25 95 68 92 57 10 49 67 36 54 64 59 1 5 50 17 69 36 43 26 61 5 41 72 21 63 93 42 42 54 77 18 49 96 10 
57 57 58 24 44 11 87 2 64 43 51 80 11 39 74 37 99 78 29 70 50 43 15 91 36 68 19 54 68 15 15 25 71 24 100 15 87 38 68 50 80 19 
81 90 57 55 78 7 84 59 29 34 1 43 76 89 10 95 94 30 61 8 54 31 31 53 97 17 42 65 18 21 35 99 62 43 53 92 49 88 50 77 73 2 
71 49 90 33 95 83 62 55 42 15 37 73 19 86 41 12 50 59 32 36 57 93 30 61 84 30 48 85 59 21 87 29 21 28 61 15 11 22 69 52 88 5 
76 58 90 69 69 91 27 52 78 35 97 7 95 32 89 94 17 47 66 55 75 86 82 88 100 44 9 20 48 49 77 75 58 18 43 79 61 69 30 38 3 78 
97 49 10 85 95 78 31 60 32 57 46 65 44 97 9 5 17 8 53 93 82 62 10 25 40 22 93 22 60 48 99 8 48 60 92 42 37 74 2 68 30 99 
85 26 95 93 30 11 100 34 55 81 95 17 57 87 38 2 60 97 49 10 56 48 70 99 90 58 72 43 78 54 41 62 31 87 54 60 98 5 93 4 37 39 
20 94 77 58 95 36 6 95 98 62 94 19 12 83 76 36 77 53 89 69 14 19 56 19 30 5 75 74 8 64 64 80 57 41 89 3 28 94 49 25 7 42 
43 19 77 71 6 53 23 94 74 89 64 29 59 45 85 34 18 44 97 33 23 5 73 11 59 53 57 7 29 15 48 72 85 76 42 90 29 16 35 54 56 50 
34 15 94 18 100 63 13 48 96 36 4 20 98 62 72 6 68 1 21 67 24 5 43 17 47 23 32 81 28 88 31 61 54 24 30 53 39 42 100 34 29 55 
53 27 16 25 32 35 77 4 1 100 61 95 16 7 69 99 87 96 86 69 56 91 93 85 43 31 27 94 16 55 48 68 33 15 44 17 49 72 20 50 71 32 
96 38 38 65 37 77 60 74 45 68 65 89 52 59 71 30 53 86 37 52 6 21 67 1 37 67 73 9 16 43 92 64 33 30 28 69 6 39 42 2 58 58 
91 10 17 61 91 21 99 79 24 4 100 90 4 88 57 28 48 24 23 40 39 55 69 18 23 26 57 16 79 14 74 69 75 42 82 18 62 32 96 85 87 47 
27 90 35 35 70 82 10 92 21 49 46 41 66 20 18 74 87 97 40 60 17 14 53 50 83 14 81 79 51 67 25 77 9 11 63 78 93 72 21 65 20 66 
6 38 37 75 11 23 71 50 83 40 16 87 89 98 1 22 76 3 88 53 79 48 63 93 77 7 64 97 72 84 62 29 21 98 55 83 73 26 33 7 65 48 
93 5 45 93 26 73 47 66 25 25 13 39 17 90 46 33 86 69 68 100 49 40 49 3 22 21 80 54 27 96 53 72 1 98 16 26 70 63 43 46 39 56 
84 56 97 81 40 34 49 7 85 49 46 86 52 67 58 31 73 37 27 25 8 79 74 23 56 43 85 99 40 24 6 76 31 2 56 70 87 57 28 72 5 73 
57 8 91 14 39 15 50 17 40 57 95 65 80 50 60 16 48 99 39 5 74 21 6 30 90 93 38 17 64 42 41 72 50 84 37 40 98 87 56 89 95 2 
54 26 51 13 42 51 11 32 55 37 53 13 18 94 5 55 63 20 48 55 43 49 38 79 88 36 17 95 76 12 96 29 37 99 41 30 49 4 14 55 40 66 
67 57 11 23 63 73 94 10 80 88 59 17 67 98 4 83 93 80 46 40 60 35 38 53 64 38 56 77 45 47 94 63 55 57 38 17 81 31 78 60 19 88 
77 37 86 32 71 30 63 17 69 23 51 59 27 14 96 82 43 92 80 88 55 86 44 92 2 25 22 31 36 92 71 12 80 56 96 51 37 58 67 5 32 69 
15 58 34 63 91 28 54 70 16 8 55 11 99 8 35 73 91 71 16 61 34 96 68 81 98 4 91 16 60 22 84 75 32 17 37 22 45 90 44 12 98 50 
22 48 10 9 20 52 31 88 12 16 83 31 97 32 34 87 47 45 60 30 19 91 98 7 65 94 49 8 5 98 9 79 45 18 87 17 21 69 4 32 84 38 
62 32 69 47 18 15 92 30 96 62 20 93 21 84 39 69 43 43 18 4 73 14 73 11 30 94 79 85 25 63 22 39 94 90 37 64 56 80 93 51 94 64 
96 14 100 34 34 94 28 51 97 1 16 70 11 46 15 42 30 91 4 4 29 49 93 18 64 49 97 8 51 90 24 46 55 23 31 88 68 59 90 17 11 6 
1 0 0 1 1 1 1 0 0 0 1 1 1 0 1 1 0 1 1 1 1 1 1 1 1 0 1 0 0 1 1 1 0 1 0 1 1 0 0 1 0 1 
0 1 1 1 0 1 1 1 0 0 1 1 1 0 0 1 0 0 0 0 0 0 1 0 0 0 0 0 0 0 1 0 1 0 0 0 0 1 1 0 1 0 
0 0 0 0 1 1 0 0 1 0 0 0 1 0 1 1 0 1 0 1 1 1 0 1 1 0 0 1 0 1 1 0 0 0 0 1 1 1 1 0 1 0 
0 0 0 1 0 1 0 0 0 0 1 0 1 1 0 0 0 1 1 1 1 1 1 0 1 0 1 0 0 0 0 1 1 1 0 1 0 1 1 0 1 0 
1 0 1 1 0 1 0 0 1 0 1 0 0 0 1 1 1 1 1 1 0 0 0 1 1 0 0 0 1 1 1 0 1 0 1 0 0 0 0 1 0 1 
1 0 0 0 1 1 0 0 0 0 1 1 1 0 1 1 1 0 0 0 0 0 0 0 0 0 0 0 1 0 1 1 0 1 1 1 0 1 1 1 0 0 
0 1 1 1 1 0 0 1 0 0 1 0 0 1 1 0 1 0 0 1 1 0 0 1 1 1 0 1 0 0 1 0 0 0 1 1 0 1 0 0 0 0 
1 0 1 0 1 1 0 1 0 0 0 0 1 1 1 1 0 1 0 0 1 0 0 1 1 1 0 1 1 0 1 0 1 1 0 0 0 1 1 0 1 1 
0 0 1 0 1 1 1 1 1 1 1 0 0 0 1 0 0 0 1 1 1 0 0 1 0 0 0 1 0 1 1 1 1 0 1 1 1 0 0 1 1 0 
1 1 0 0 0 0 0 1 0 1 1 0 1 1 1 1 0 1 1 1 0 0 1 1 1 1 0 0 0 1 0 1 1 0 1 1 1 1 0 1 1 1 
1 0 0 0 1 0 0 0 0 0 1 1 0 0 0 0 0 0 1 0 1 0 1 0 1 0 0 1 1 1 0 0 1 0 1 0 1 1 1 1 1 0 
0 1 0 1 1 1 1 1 1 1 1 0 1 1 0 1 0 1 0 1 0 1 1 1 0 0 0 1 1 1 1 0 1 1 1 0 0 0 1 0 1 1 
0 1 0 1 0 0 0 1 1 0 0 1 1 0 1 1 1 1 1 0 1 0 0 0 0 0 0 0 0 0 1 1 1 1 0 1 1 0 0 1 1 1 
0 0 1 1 0 1 0 1 1 1 1 1 1 1 0 0 1 0 0 0 1 1 1 1 0 1 0 1 0 1 0 0 1 1 1 1 0 0 0 0 1 1 
1 1 1 1 1 0 0 1 1 1 0 0 1 0 1 1 1 1 0 1 1 1 1 1 1 1 1 1 1 0 1 1 1 0 0 0 0 0 1 1 0 1 
0 1 0 1 0 1 1 0 1 0 1 0 1 0 1 0 0 1 1 1 0 0 1 0 1 1 1 0 1 1 0 1 0 0 0 0 1 1 0 0 0 1 
0 1 0 0 0 0 1 1 1 1 1 0 1 0 1 0 1 0 1 1 1 1 1 0 1 0 1 1 1 1 1 1 1 1 1 1 1 0 0 0 1 1 
0 1 0 1 1 1 0 1 0 1 0 1 1 0 1 1 1 0 0 0 0 1 1 1 0 0 0 0 0 1 0 0 0 0 0 0 1 0 1 1 1 1 
0 1 1 1 0 1 0 0 1 0 0 1 1 0 1 1 1 0 1 1 0 1 1 0 1 0 0 0 1 0 0 1 1 1 0 1 0 0 1 0 0 1 
1 0 0 0 1 1 0 0 0 1 0 1 1 1 1 0 0 0 0 0 1 1 1 1 0 0 0 1 0 0 1 1 0 1 1 0 0 0 0 0 1 0 
1 0 0 0 0 0 0 0 0 1 1 1 0 1 1 0 1 1 1 0 0 1 1 0 1 1 0 0 1 1 0 0 1 0 0 0 0 0 0 0 1 0 
0 1 1 1 0 0 1 1 0 1 0 1 1 0 0 1 0 1 0 0 1 0 1 1 0 1 1 0 0 0 0 0 0 0 1 0 0 0 1 1 0 1 
0 1 1 1 1 1 0 1 0 0 1 1 1 1 0 1 0 0 1 0 0 1 0 0 1 1 0 0 0 0 0 0 0 1 1 1 1 0 0 1 0 0 
0 1 1 0 0 1 1 0 0 1 1 0 1 1 1 0 1 1 0 1 0 0 1 1 1 0 1 0 1 1 0 1 1 1 1 1 1 0 1 1 0 1 
1 1 0 1 1 1 0 0 1 0 0 0 0 0 0 1 0 1 1 0 0 0 1 1 1 0 0 1 1 0 0 1 1 0 0 1 1 0 1 0 1 1 
0 1 1 0 0 1 1 1 1 1 1 1 1 1 1 1 0 1 1 0 0 0 0 0 1 1 0 0 0 1 0 0 0 1 1 1 1 0 0 0 0 0 
1 1 1 1 0 1 0 1 1 0 1 1 0 1 0 0 1 0 0 1 1 0 1 0 1 0 0 0 0 0 0 0 1 1 1 1 0 1 0 1 1 0 
0 1 1 0 1 0 1 1 0 0 0 1 0 1 1 0 1 1 1 1 1 0 0 0 0 0 1 0 1 0 0 1 1 1 0 1 0 1 0 0 1 0 
1 1 0 0 1 1 1 0 1 1 1 1 1 1 0 1 1 1 1 0 1 1 1 1 0 1 0 0 1 1 1 0 0 1 0 1 0 0 0 1 1 1 
1 0 0 1 1 1 0 1 1 1 0 1 0 0 0 0 0 0 1 1 0 1 0 1 1 1 1 1 0 0 0 1 0 0 0 0 1 1 1 1 0 1 
0 1 1 0 1 1 0 1 1 1 0 1 0 1 0 1 0 1 1 0 0 1 0 1 1 0 0 0 1 0 1 1 1 0 1 1 0 0 0 1 1 0 
0 1 0 1 0 0 0 1 1 0 0 1 1 0 1 1 0 0 0 0 1 1 0 1 0 0 1 0 1 0 1 0 1 1 1 1 1 1 0 0 1 0 
0 1 0 1 0 1 0 0 1 1 0 1 0 0 0 1 1 1 1 0 1 0 1 0 1 0 1 1 1 1 0 1 0 0 0 0 1 0 1 0 0 1 
0 0 1 0 0 0 1 1 0 1 0 1 1 1 0 1 1 1 0 1 0 0 1 0 0 1 1 1 1 1 0 1 1 0 1 1 0 1 1 1 0 1 
0 1 0 0 0 1 1 0 0 1 0 0 0 1 1 1 0 0 0 1 0 1 1 1 1 1 0 0 0 0 1 1 0 1 1 0 1 1 1 1 0 1 
1 0 0 0 1 1 1 1 0 1 1 1 0 0 0 1 0 1 1 1 0 1 0 1 0 1 0 1 1 1 0 0 1 1 1 1 0 0 0 0 1 1 
1 1 1 1 0 1 0 0 0 0 1 1 0 1 0 0 0 1 1 1 0 1 0 1 0 0 1 0 0 0 0 1 1 1 0 0 1 1 0 1 1 1 
0 1 1 1 0 1 0 1 0 0 0 0 1 0 0 0 1 0 0 1 1 0 0 0 0 1 1 0 1 0 1 1 0 0 0 0 0 1 1 0 1 0 
1 1 0 1 1 1 0 0 0 1 0 1 1 0 0 0 0 1 1 1 1 1 0 1 1 0 0 0 0 0 0 1 1 1 1 0 0 1 0 1 0 0 
0 0 0 0 0 0 0 1 0 1 0 0 0 1 0 1 0 0 1 0 0 0 1 1 0 0 0 1 1 0 1 1 0 0 1 1 0 1 0 0 0 1 
0 1 0 0 0 0 1 1 1 1 1 0 0 1 0 0 0 1 0 0 0 1 0 0 0 0 1 0 1 0 1 1 1 0 0 1 0 1 0 1 0 1 
0 0 0 0 0 1 0 0 1 0 1 1 0 1 1 0 0 0 0 1 0 1 1 0 0 0 1 0 1 1 1 1 1 1 0 1 0 0 1 1 0 1 
0 1 0 0 1 0 0 1 0 0 0 1 0 0 1 1 0 1 0 1 0 1 0 0 0 1 0 0 0 1 1 1 0 1 1 1 0 1 0 0 0 0 
1 0 0 1 0 0 0 0 1 0 0 1 1 0 0 1 0 1 0 1 0 0 1 1 1 1 0 1 1 0 1 0 1 1 1 1 1 1 1 0 0 1 
0 1 0 0 0 0 1 1 0 1 1 1 0 1 0 1 0 1 1 0 1 0 1 1 1 1 0 1 1 0 0 1 1 0 0 0 1 1 1 1 1 0 
0 1 1 0 0 0 1 0 0 0 0 1 1 0 0 0 1 0 0 1 1 0 0 1 0 1 1 1 0 0 1 0 1 1 0 0 1 1 0 1 1 0 
0 1 0 1 1 1 1 1 1 0 1 1 0 1 0 1 0 0 1 0 0 0 1 0 0 0 1 0 1 0 1 1 1 1 0 0 1 1 0 0 0 1 
