53 55 1770
2 42 41 61 96 67 84 16 3 68 93 75 23 22 43 8 9 62 52 68 16 24 45 47 84 30 76 86 56 50 56 58 91 48 70 38 14 53 5 17 21 97 43 43 70 37 2 78 51 5 98 66 28 94 64 
64 75 91 49 31 40 56 40 82 4 9 71 17 14 75 85 86 23 80 28 93 16 81 22 66 86 19 83 65 65 47 28 39 89 29 21 29 84 60 62 87 21 33 56 34 59 40 19 82 19 98 74 87 78 47 
4 15 66 87 32 82 85 11 20 73 39 41 53 23 52 15 61 72 99 16 5 57 8 75 38 78 72 63 64 2 10 68 68 27 6 51 60 42 62 79 66 100 71 19 74 23 85 35 94 35 50 51 91 9 77 
81 87 1 95 50 54 56 69 21 34 74 72 93 67 85 72 33 84 94 3 10 16 39 44 62 73 45 64 15 54 40 47 92 40 42 41 93 49 10 66 83 35 89 75 54 73 98 86 8 92 40 17 59 78 12 
20 2 57 83 68 62 23 15 53 14 8 45 59 56 6 24 90 93 64 65 46 36 62 83 43 5 74 60 64 51 23 83 4 31 18 71 92 92 37 96 5 44 93 15 52 98 90 41 42 53 57 39 88 19 21 
31 75 94 42 38 96 64 21 51 95 90 22 38 81 10 86 85 54 78 52 57 27 41 97 69 94 6 7 81 24 80 63 50 25 4 88 73 68 60 23 14 49 96 51 29 6 36 65 11 13 16 67 92 57 15 
60 2 20 18 82 95 97 45 45 74 48 32 46 67 43 20 32 91 16 83 71 73 70 87 83 83 55 49 26 11 15 85 12 35 54 45 29 3 41 25 76 41 56 73 7 50 92 39 92 59 73 62 31 42 1 
65 76 55 65 1 17 80 37 80 66 91 24 46 93 65 71 68 5 78 92 63 28 83 53 19 94 25 33 76 19 33 41 94 87 57 47 3 88 83 34 53 73 57 99 65 73 69 84 29 46 75 92 25 10 44 
44 3 21 28 30 39 60 22 84 98 79 30 52 66 13 85 19 37 93 69 54 66 37 37 94 34 64 85 59 73 81 54 27 53 33 56 43 92 78 26 41 56 8 44 73 72 28 43 8 20 11 61 37 99 50 
31 33 13 67 43 37 99 48 63 51 80 70 45 23 99 23 15 6 30 58 79 53 85 21 60 56 84 73 93 82 22 23 66 86 41 60 74 40 7 36 42 38 57 87 12 56 9 26 61 90 83 39 42 19 12 
1 27 95 25 19 28 98 93 94 83 33 53 56 72 60 43 14 49 52 52 61 7 60 86 19 49 21 10 90 91 21 42 17 67 67 35 94 64 27 87 99 12 92 6 35 3 1 100 51 52 51 11 10 10 49 
28 10 69 37 51 59 9 93 76 75 11 62 21 26 41 59 24 52 50 82 86 52 82 86 3 85 36 65 94 98 13 73 59 33 62 10 44 70 54 71 97 64 84 17 89 24 75 65 75 77 46 13 28 79 98 
82 15 85 47 8 34 11 32 45 96 93 6 91 63 59 13 59 74 96 27 62 20 53 78 46 29 75 58 9 53 7 90 67 92 88 26 77 51 58 21 98 2 26 88 64 36 100 74 9 95 52 23 66 5 100 
12 85 75 69 93 79 76 35 98 19 22 23 47 24 32 20 21 86 97 8 49 33 59 75 93 6 78 15 71 34 67 82 19 93 3 63 71 78 49 20 48 23 95 94 46 26 13 67 11 62 26 12 94 37 38 
86 42 15 53 12 1 19 46 71 63 48 33 33 77 82 5 76 4 99 21 1 76 86 19 39 47 45 50 92 81 39 29 74 5 81 37 5 51 82 75 13 81 60 98 9 93 2 84 48 100 5 48 75 42 67 
13 88 63 14 79 95 4 7 68 9 40 4 65 90 38 92 55 18 51 52 79 95 5 62 42 56 18 41 82 59 59 47 46 21 12 76 67 16 35 34 76 74 90 40 63 27 31 69 96 33 20 74 27 76 88 
68 31 5 9 13 16 19 11 13 40 22 41 6 37 75 92 12 48 33 4 62 59 34 31 6 67 50 32 45 78 19 13 8 75 73 72 90 91 34 55 82 56 95 40 44 69 83 56 68 15 11 29 25 44 59 
30 62 61 61 7 38 31 71 97 6 43 21 47 85 54 53 19 9 47 58 53 67 40 60 34 6 70 63 30 65 21 11 79 81 24 85 70 54 7 67 59 1 87 58 85 92 10 3 53 9 12 57 75 3 68 
61 8 89 75 37 53 47 100 31 28 23 67 49 76 73 15 87 25 53 44 10 97 53 64 49 13 28 5 40 30 24 100 90 12 74 26 64 20 77 47 99 99 65 48 75 90 14 61 14 19 4 75 15 8 91 
15 21 70 71 60 51 94 11 40 5 36 18 20 7 94 18 6 93 83 5 67 24 70 79 89 88 34 16 54 41 58 20 13 27 90 24 77 83 34 17 87 21 86 59 28 79 76 85 71 10 89 89 33 10 67 
74 50 100 89 3 93 46 23 57 24 64 81 100 47 66 68 85 87 53 43 14 32 71 50 54 80 38 43 65 47 61 90 48 13 78 3 5 75 25 61 98 40 93 49 86 59 17 23 97 21 17 62 4 39 11 
58 19 100 52 35 98 64 24 46 76 53 48 32 27 24 45 76 63 37 24 1 47 92 75 95 65 91 56 68 30 18 77 100 17 80 86 15 44 9 12 71 13 59 55 91 82 99 66 96 87 41 96 86 85 70 
80 49 13 88 68 94 5 45 45 74 76 30 40 71 90 51 94 2 9 48 92 42 98 9 37 36 49 85 21 85 6 53 85 70 92 53 63 96 49 7 21 76 88 60 47 77 10 40 78 70 39 69 11 36 77 
100 71 78 36 44 14 93 96 99 63 39 3 77 34 3 36 7 30 23 66 76 100 76 67 77 97 5 98 60 92 26 59 63 55 46 58 69 38 53 19 52 91 73 81 76 27 16 82 56 90 100 84 89 27 50 
18 23 7 67 82 98 92 92 12 47 37 69 67 27 73 85 30 15 9 10 91 35 77 24 42 67 75 25 7 1 27 76 76 85 42 9 82 34 1 46 32 89 14 98 67 87 34 97 53 42 58 95 28 87 19 
69 5 45 46 11 98 72 39 73 8 80 81 89 65 33 86 96 22 100 45 40 38 78 88 90 71 46 85 50 84 55 19 88 51 64 50 48 87 88 72 94 68 53 34 32 37 20 80 10 71 24 50 60 54 37 
1 76 34 37 26 17 91 96 56 94 11 6 41 97 93 13 42 12 17 27 96 53 98 75 63 20 50 12 79 3 100 80 79 34 16 56 2 59 51 58 52 61 15 92 9 59 56 2 71 72 80 66 77 78 92 
91 97 41 54 76 96 53 7 26 38 74 81 40 32 83 49 83 95 63 27 3 21 34 56 43 58 35 8 34 64 51 76 61 92 29 88 87 81 46 12 19 19 44 10 51 26 58 85 20 20 63 74 92 49 29 
35 6 15 94 91 79 45 66 91 36 94 30 74 74 75 37 44 93 80 53 95 5 10 32 24 81 94 49 73 42 29 59 99 43 52 89 73 48 6 15 35 99 44 8 25 18 44 20 63 75 73 57 79 34 88 
54 15 34 2 39 75 82 49 26 25 52 14 49 100 20 64 34 70 59 94 94 77 89 14 39 64 38 47 94 71 35 48 37 68 1 27 94 83 27 19 59 79 85 59 78 56 22 63 25 81 56 71 9 97 36 
99 60 73 45 53 95 31 52 84 98 5 62 44 39 89 14 97 67 50 55 96 5 29 10 82 61 18 52 69 14 39 19 73 11 63 77 57 94 81 92 43 85 54 38 23 42 52 71 60 1 77 7 58 5 16 
39 65 85 90 85 98 80 3 22 90 66 51 98 11 31 90 5 15 43 43 89 36 46 59 47 98 87 53 55 92 20 93 8 5 34 93 2 13 95 76 54 12 26 4 74 8 45 79 74 39 73 62 74 70 72 
20 67 58 24 74 1 43 18 9 99 4 1 53 68 47 28 22 11 5 77 84 12 21 14 85 59 38 46 84 7 69 3 26 78 78 99 79 20 16 87 19 19 39 23 87 85 50 60 95 54 88 31 17 8 44 
1 18 34 98 1 40 18 3 65 95 32 15 73 51 83 59 21 53 97 43 91 34 44 2 80 49 89 10 65 96 6 17 13 39 14 65 30 83 19 47 78 50 61 50 53 43 61 25 96 9 68 38 42 63 40 
74 64 28 83 80 76 40 97 40 30 62 5 60 45 23 6 22 73 18 23 25 13 35 49 60 44 68 97 37 83 36 62 46 64 45 25 91 36 73 30 66 87 86 25 31 9 82 4 33 99 78 9 11 13 9 
70 8 29 67 96 11 54 58 8 69 54 84 59 89 9 89 54 95 26 30 25 34 11 80 18 62 57 26 72 21 35 94 80 63 12 76 25 65 85 84 34 38 67 44 78 75 84 32 69 10 61 45 43 24 76 
61 85 33 38 8 5 72 1 85 86 12 12 10 77 96 93 62 33 12 5 10 86 89 93 7 98 6 3 92 29 79 4 65 11 42 72 67 13 73 51 99 36 62 60 64 57 5 25 41 16 82 3 53 70 95 
11 19 52 14 10 80 92 14 96 54 55 68 20 19 92 23 69 27 36 81 91 45 85 67 85 52 48 87 56 69 34 67 39 85 32 1 17 23 14 12 28 20 31 47 90 22 21 59 49 57 91 91 1 27 57 
85 78 57 24 85 25 9 3 64 93 34 64 61 8 29 73 35 100 3 82 41 77 54 99 77 10 41 67 10 67 75 47 96 31 22 81 56 30 83 71 74 17 86 87 24 66 11 11 65 13 92 57 41 45 56 
17 7 48 83 16 15 58 14 10 88 87 42 95 68 25 17 42 93 54 80 68 19 90 30 35 54 21 92 95 18 99 11 76 46 46 43 12 55 57 74 42 43 15 89 63 91 57 56 35 11 35 55 81 24 84 
68 77 57 11 23 26 9 86 1 6 31 43 70 85 51 43 78 46 9 18 8 100 75 63 86 37 49 40 69 72 76 36 100 84 46 75 9 6 60 61 64 42 55 33 26 58 27 55 55 35 73 62 34 99 76 
72 87 76 63 55 99 38 43 98 21 40 24 81 46 83 41 61 24 48 93 1 5 19 56 59 53 80 72 39 30 99 62 16 74 24 22 72 14 64 21 34 56 45 67 53 79 59 13 55 6 5 7 62 75 14 
20 79 93 43 69 22 41 30 89 14 6 11 37 19 26 58 4 81 54 70 33 84 29 45 38 86 1 45 48 27 10 67 6 3 10 26 76 2 8 17 16 13 27 4 31 4 13 34 85 66 4 17 50 84 14 
39 69 14 83 16 93 93 35 50 47 44 75 74 97 82 90 12 94 68 68 76 72 80 10 8 46 13 24 47 48 89 85 16 55 20 32 47 12 66 96 10 61 22 35 57 56 25 21 49 44 88 25 67 19 86 
74 64 50 50 62 97 38 47 12 44 66 43 90 29 60 37 38 72 59 72 81 14 48 1 14 44 40 90 10 10 75 84 74 24 85 35 20 22 33 84 66 98 78 7 26 90 44 15 61 54 39 41 19 38 93 
84 81 84 26 91 94 100 26 19 76 10 5 47 83 38 82 100 87 60 59 65 49 2 79 61 7 69 54 77 7 98 60 87 82 85 29 27 37 6 97 64 67 53 62 50 42 44 1 29 3 59 93 3 12 23 
63 70 44 16 46 50 14 6 88 47 42 17 25 78 74 21 93 41 73 55 90 15 98 42 95 52 1 39 54 64 13 68 34 56 84 79 5 49 36 93 47 78 61 71 7 34 43 100 74 67 6 15 33 3 9 
27 54 61 17 59 24 30 26 57 85 61 88 42 61 75 86 7 4 46 29 11 31 71 62 57 90 67 71 22 21 31 1 26 91 69 36 15 98 61 23 35 74 10 76 86 37 61 93 40 58 73 2 88 96 63 
44 85 81 67 58 53 97 10 78 88 79 13 54 76 26 76 10 51 38 85 36 74 97 80 13 54 53 67 42 48 81 37 84 62 55 41 66 52 51 44 91 81 8 44 56 85 71 18 35 60 54 23 33 51 2 
98 4 54 64 97 53 44 86 36 57 40 29 23 91 31 18 33 11 77 28 18 62 99 35 96 58 89 70 43 91 72 40 94 77 55 43 82 50 28 17 7 67 97 81 10 79 98 42 41 74 22 59 35 20 93 
83 29 33 52 71 23 75 62 69 52 68 11 33 18 90 1 24 8 50 4 17 28 53 11 69 26 32 79 13 51 71 47 31 56 50 54 78 77 15 46 28 83 8 12 100 97 64 75 5 13 30 73 93 82 83 
13 59 14 91 23 16 61 69 99 16 71 52 46 47 18 91 26 52 51 37 3 99 100 77 3 65 6 28 57 87 10 69 98 76 59 20 43 71 89 41 39 11 92 36 57 10 78 82 61 28 70 16 27 21 92 
81 85 50 60 41 36 70 61 85 97 71 5 39 94 45 80 32 55 23 19 63 84 96 96 97 24 65 12 2 85 3 34 70 52 94 62 40 15 23 24 11 93 28 49 86 24 80 69 78 3 39 40 86 35 35 
1 1 0 0 0 1 1 1 0 0 0 1 1 0 1 1 0 0 0 1 1 0 0 0 1 0 0 1 0 0 1 1 1 0 0 1 1 1 1 1 1 1 0 1 0 0 0 0 0 0 1 1 0 0 1 
0 0 0 1 0 0 0 0 0 0 0 1 1 1 0 0 0 0 1 1 0 1 1 0 1 0 0 0 0 0 0 0 0 0 1 1 0 0 1 0 0 1 0 0 0 0 0 0 0 1 0 0 0 1 1 
1 1 1 0 0 1 0 0 1 0 0 0 0 0 1 1 0 0 1 0 0 1 1 1 0 0 1 0 1 0 1 0 0 0 0 0 1 0 0 1 0 0 1 1 0 1 0 1 1 1 1 0 0 0 1 
0 1 0 1 0 0 0 0 0 1 1 0 0 1 1 1 0 1 1 1 0 0 1 1 1 0 0 1 0 1 0 1 0 0 0 0 1 0 0 1 1 1 0 0 1 1 1 1 0 0 0 0 0 1 1 
0 1 0 1 1 1 0 0 1 0 0 1 1 1 1 1 0 1 1 0 0 0 0 1 0 0 1 1 1 0 0 1 1 0 0 0 1 0 1 0 1 1 1 0 0 1 1 1 0 0 1 0 0 1 1 
1 0 0 0 1 0 0 0 1 1 0 1 0 1 0 1 0 0 0 0 0 1 0 1 1 0 1 1 1 0 0 0 0 0 0 1 0 0 1 1 1 0 1 0 1 1 1 1 1 1 1 0 1 1 1 
0 0 0 0 1 1 0 1 1 1 1 1 1 1 0 1 1 0 0 1 1 1 0 0 1 1 0 1 0 1 0 1 1 1 1 0 0 1 1 1 0 0 0 0 0 1 1 1 1 1 0 1 0 0 1 
1 1 1 0 0 1 1 1 0 0 0 1 0 1 0 1 0 1 0 0 1 1 1 0 0 0 0 1 0 0 1 0 1 0 0 1 1 1 0 0 1 0 1 1 0 1 1 0 0 1 0 1 0 1 1 
0 1 1 0 1 1 1 1 1 1 0 0 1 1 1 1 1 1 0 0 1 1 1 1 0 0 1 1 0 0 1 1 1 0 1 1 0 0 0 1 1 0 1 0 0 0 1 1 0 1 1 1 1 1 1 
1 1 0 0 0 1 1 1 0 0 0 1 0 0 0 1 1 0 0 0 0 1 1 1 1 1 1 0 0 0 1 1 1 0 1 1 1 1 0 1 1 0 1 1 0 1 0 0 1 0 0 0 1 1 1 
0 0 0 1 0 0 0 1 0 0 1 1 1 0 0 1 1 0 0 0 1 1 0 1 0 0 1 0 0 0 0 0 1 0 1 1 1 0 1 1 0 0 0 0 0 0 1 1 1 1 1 0 0 1 1 
0 1 0 1 1 0 1 0 1 1 1 1 0 1 0 1 0 0 0 0 0 0 1 1 1 0 0 1 0 1 0 0 0 0 1 0 1 0 0 0 0 1 1 0 1 1 0 1 1 0 1 1 0 0 0 
0 0 0 1 0 1 0 0 0 0 0 0 1 0 0 0 0 1 1 1 0 1 1 1 0 1 0 0 1 0 0 1 0 1 1 0 0 1 1 0 1 1 0 1 1 0 1 0 0 0 1 0 1 0 0 
0 1 0 0 0 1 0 0 1 1 1 0 0 0 1 0 1 0 1 0 1 1 1 1 1 0 0 0 1 0 0 1 1 0 1 0 1 0 0 1 1 1 1 1 1 0 0 0 0 1 1 1 0 0 1 
0 0 1 0 0 0 0 1 1 0 1 1 0 1 1 1 0 0 0 0 1 0 0 0 0 1 1 1 1 1 0 1 0 0 1 0 0 1 1 1 0 0 1 0 1 0 1 0 1 1 0 0 1 0 0 
1 1 1 0 0 1 1 0 1 1 1 1 1 1 0 0 1 1 1 1 0 0 0 0 1 1 0 1 0 0 0 1 1 1 1 0 0 0 0 1 1 1 0 0 0 1 1 1 0 0 0 0 0 0 1 
1 1 1 1 1 0 1 0 1 0 0 1 1 0 1 0 0 1 1 0 1 0 1 1 0 0 1 0 0 0 1 0 1 1 1 1 1 0 1 0 0 1 0 1 0 1 0 0 0 1 0 0 1 0 1 
1 0 0 1 0 0 1 0 0 0 1 1 1 1 0 1 0 0 1 1 0 1 1 0 1 0 0 1 1 0 0 0 0 1 0 1 1 1 1 1 1 1 0 0 0 1 1 0 1 1 0 1 0 1 1 
1 0 1 1 1 0 1 0 0 0 0 1 0 1 1 1 0 0 0 0 0 1 1 1 0 0 1 1 0 0 0 0 0 1 1 0 1 0 0 0 1 0 1 1 1 0 0 1 0 0 1 1 1 0 0 
1 1 1 0 1 1 0 1 0 0 0 0 1 1 0 1 0 0 1 1 1 1 1 0 0 0 1 1 1 1 1 1 0 0 1 0 1 0 1 1 0 0 1 1 1 1 1 1 1 0 0 0 1 1 0 
1 1 1 0 1 1 1 0 1 1 1 1 1 1 1 0 1 1 0 1 0 1 0 1 1 0 1 1 1 0 0 1 0 1 1 1 0 1 1 0 0 0 1 1 0 0 0 1 1 0 0 1 1 0 0 
0 0 1 0 0 0 0 1 0 1 0 1 0 1 0 0 0 0 1 1 0 0 1 0 1 1 0 1 1 1 1 1 1 1 1 1 1 1 0 1 1 1 0 1 0 0 1 0 0 0 0 1 0 1 1 
0 1 1 1 0 0 0 1 0 1 1 1 0 0 0 1 1 1 1 0 1 1 1 0 0 0 0 1 0 1 0 0 0 1 1 0 0 0 0 0 1 1 1 0 1 1 1 1 0 1 1 0 0 1 0 
0 1 0 1 1 1 1 0 0 1 1 0 1 1 0 1 1 1 0 1 1 0 0 0 0 1 1 0 0 0 0 0 1 0 0 1 0 1 1 0 0 0 0 1 0 1 0 1 0 1 0 1 1 0 1 
1 0 1 0 0 1 0 0 1 1 0 0 1 0 1 1 0 1 1 0 1 0 0 0 1 1 0 0 0 1 0 0 1 1 0 1 0 0 1 1 1 0 1 0 0 0 1 0 0 1 0 1 1 1 0 
0 0 0 1 1 1 1 1 0 0 1 1 0 1 1 0 1 1 1 1 1 0 1 1 0 0 0 1 1 1 1 0 1 0 1 0 1 0 1 0 0 0 1 0 0 0 0 1 1 0 0 0 0 1 0 
0 1 0 1 1 1 1 1 0 1 0 1 0 0 0 0 0 1 0 0 1 0 1 0 0 1 0 0 1 0 0 1 1 0 0 0 1 1 1 0 0 1 1 1 1 1 1 1 0 1 0 1 0 1 1 
0 0 0 0 1 0 1 0 1 1 0 0 1 0 1 1 0 1 0 1 0 1 1 0 0 0 0 1 0 1 1 0 1 1 1 0 1 0 0 0 1 0 0 0 0 0 1 1 1 1 0 1 1 1 1 
1 0 1 0 0 0 1 1 1 0 0 1 1 0 1 0 1 0 0 0 0 0 1 1 1 1 0 1 0 1 0 1 1 0 1 0 0 1 1 0 1 1 1 1 1 1 1 0 1 1 0 1 0 0 1 
1 1 1 0 1 0 1 0 0 1 1 0 1 0 1 1 0 0 1 1 1 0 0 1 1 1 0 0 1 0 1 1 1 0 1 0 1 0 0 1 1 1 1 1 0 0 0 0 0 1 1 1 1 1 0 
0 0 0 1 0 0 0 1 1 1 0 1 0 1 1 1 0 1 0 1 1 0 0 1 0 1 0 1 1 1 1 1 1 0 0 1 0 1 0 0 0 1 1 0 0 1 1 0 0 1 0 1 1 0 0 
1 1 0 0 0 1 1 0 0 1 0 0 0 1 0 0 1 1 1 1 1 0 0 0 0 1 0 1 0 0 1 1 1 1 1 0 0 1 0 1 0 0 1 0 0 1 0 1 1 0 1 0 0 1 0 
1 1 0 0 1 0 0 1 0 1 0 0 0 1 0 1 0 0 0 0 0 1 1 0 0 1 1 1 1 0 1 0 1 0 1 1 0 1 0 0 0 0 0 0 0 0 1 0 1 1 0 1 1 1 1 
1 0 0 0 0 1 0 0 0 0 1 1 0 0 1 1 1 0 1 1 0 0 1 0 1 0 0 0 1 0 0 1 0 0 1 0 1 1 1 0 1 0 1 0 1 1 1 0 1 0 1 1 0 0 1 
1 1 1 0 0 1 0 1 0 0 1 0 0 0 1 0 0 0 1 0 1 0 1 1 1 1 0 0 0 1 1 1 0 1 1 0 0 1 0 0 0 1 1 0 1 0 0 1 0 1 1 1 0 0 0 
1 0 1 0 0 0 1 1 0 0 1 0 1 0 0 1 0 1 0 0 1 1 0 0 1 0 0 1 0 0 1 1 0 0 1 0 0 1 0 0 1 1 1 0 1 1 0 0 1 0 0 0 1 1 0 
1 1 0 0 1 1 1 0 1 0 0 0 0 1 0 1 0 1 0 1 0 1 1 0 0 1 1 0 1 0 1 0 1 1 0 0 0 1 0 0 1 0 0 0 1 0 1 0 1 1 1 1 0 0 0 
1 1 1 1 0 1 0 0 0 0 0 0 0 0 0 0 1 1 0 1 0 0 0 0 1 1 1 1 0 1 1 1 1 0 0 1 1 1 0 1 1 0 1 1 0 1 0 0 0 0 1 1 1 0 1 
0 1 1 1 1 0 0 0 1 0 1 1 1 0 1 0 1 1 1 0 0 1 0 0 1 1 1 0 0 1 0 0 1 1 0 0 1 0 1 1 1 0 0 0 0 1 1 1 0 0 1 0 1 0 0 
1 1 0 1 1 1 1 1 0 0 1 1 0 0 0 1 1 0 1 1 0 0 0 1 0 1 0 1 0 0 1 1 1 1 1 0 1 0 0 1 1 1 0 1 1 0 0 0 0 1 0 0 1 0 1 
1 1 0 0 0 0 0 1 0 1 0 0 0 1 0 0 0 0 0 1 1 1 1 0 1 0 0 0 1 0 1 0 0 1 1 0 0 1 1 0 0 0 0 1 1 1 1 1 1 1 0 0 0 1 0 
0 1 0 0 0 1 1 0 1 1 1 1 1 0 0 1 1 0 1 0 1 0 1 0 1 0 0 0 1 1 0 1 0 1 1 0 0 0 1 1 1 0 0 0 1 0 1 0 1 1 0 0 1 1 1 
1 1 1 1 0 1 1 1 1 0 0 0 0 1 1 1 0 1 1 1 0 0 0 0 1 1 0 1 1 1 0 0 1 0 1 1 1 0 1 0 1 1 0 1 0 1 1 1 1 0 0 1 0 0 0 
1 0 0 1 1 0 1 1 1 1 0 0 0 0 1 1 1 1 1 1 1 1 0 0 0 0 0 1 1 1 1 0 1 0 1 0 0 1 1 1 0 1 1 1 1 1 0 1 0 1 0 1 0 0 0 
0 0 0 0 1 1 1 0 0 1 1 0 1 0 1 0 1 0 0 0 0 1 0 1 1 1 1 0 0 1 0 0 1 1 0 1 0 0 1 1 1 0 1 1 1 1 1 0 1 1 0 1 0 0 0 
1 1 1 0 1 0 0 0 0 1 0 1 0 0 0 1 0 0 0 1 1 1 0 1 1 0 1 0 0 1 1 0 1 0 0 0 1 0 0 1 0 1 0 0 1 0 1 1 0 1 0 0 1 1 1 
0 1 1 0 1 0 1 1 1 0 1 0 1 0 0 0 0 1 0 0 1 0 1 0 0 0 1 0 1 0 0 1 1 1 0 0 1 1 0 1 1 1 1 0 1 1 0 1 1 0 1 0 0 0 0 
1 1 1 1 0 1 1 0 0 0 0 1 0 1 1 1 1 0 0 1 0 1 0 1 0 0 1 0 1 1 1 0 0 0 1 1 0 1 1 0 1 1 1 1 0 0 0 1 1 0 1 1 0 1 0 
0 1 1 1 0 1 0 0 1 0 0 0 0 1 1 1 0 0 0 0 1 1 0 0 0 1 1 1 1 0 1 1 0 1 0 0 0 0 1 1 1 1 0 1 0 1 0 0 0 1 0 1 0 1 1 
0 0 1 1 1 1 0 0 1 1 1 0 1 1 1 1 0 0 1 0 0 0 0 0 0 1 1 1 1 0 1 1 0 0 0 1 1 1 1 1 0 0 1 0 0 0 1 0 0 0 0 0 0 1 0 
1 0 1 0 0 1 1 1 1 1 0 0 1 1 0 0 1 0 1 1 0 1 0 1 1 0 1 1 1 0 1 0 1 1 0 1 0 0 0 0 1 0 0 0 1 0 0 1 1 1 0 1 0 1 0 
1 1 0 0 0 0 0 0 1 1 1 0 1 1 1 1 0 1 0 1 1 0 1 0 1 1 0 1 1 1 1 1 1 1 1 1 0 1 0 1 0 1 0 0 0 1 1 0 0 1 1 1 0 1 1 
1 0 0 0 1 1 0 0 0 1 0 0 1 1 0 1 0 1 1 0 1 0 1 1 0 1 1 0 1 0 1 0 0 1 1 1 1 1 0 1 0 0 1 0 1 1 1 1 0 0 1 1 0 1 1 
