70 59 4071
46 80 7 42 13 81 88 32 57 89 50 85 52 75 16 51 77 21 86 50 2 2 67 24 21 98 33 57 34 92 49 31 71 56 72 35 36 11 67 93 99 16 29 2 91 45 52 67 17 89 68 18 91 86 93 63 84 25 19 
69 16 68 99 38 23 22 72 10 32 38 54 82 6 83 83 96 79 86 14 47 75 81 64 17 18 8 79 1 32 50 21 99 17 71 36 91 92 59 52 75 97 6 8 2 40 42 49 70 28 62 16 54 94 31 22 11 38 100 
12 69 1 84 67 17 55 54 59 46 12 63 73 60 20 80 13 59 22 61 80 1 22 95 54 15 77 75 26 14 26 89 34 27 72 52 95 26 5 6 24 68 68 96 28 87 27 40 97 48 53 76 100 74 22 53 41 98 79 
18 63 57 58 96 35 29 99 29 7 55 86 82 22 5 29 1 43 55 93 39 55 45 66 54 70 39 59 62 88 37 79 50 45 36 97 79 17 95 60 75 49 45 56 23 50 84 75 44 90 19 35 44 15 100 98 85 91 8 
98 78 44 29 80 89 16 28 67 32 23 26 58 23 23 13 97 24 48 72 67 38 42 1 81 57 53 30 41 95 37 90 24 33 18 3 21 34 31 39 17 5 17 75 79 91 39 76 14 87 99 32 24 40 85 4 96 37 86 
88 83 22 30 6 54 47 61 26 32 43 17 49 47 85 75 25 75 13 52 40 99 2 23 22 94 7 78 41 95 15 81 77 36 10 35 42 56 95 19 40 37 35 40 35 71 14 11 97 26 63 36 25 16 11 98 9 69 27 
50 64 93 30 92 29 91 78 22 98 72 40 37 60 27 76 94 97 89 5 94 67 19 81 43 34 43 92 43 12 19 44 75 11 25 18 91 15 96 64 12 19 4 1 79 82 76 72 78 17 28 23 83 46 56 25 80 98 16 
74 61 86 69 87 49 93 5 91 59 52 55 22 70 10 22 100 91 50 24 20 18 51 95 100 97 50 76 28 99 91 53 60 29 21 46 29 65 2 19 75 5 73 96 75 82 70 74 24 71 97 44 88 100 38 87 96 87 14 
75 37 56 27 48 84 47 46 12 63 47 83 37 52 55 84 78 89 53 3 12 75 52 55 62 51 92 100 98 30 13 72 19 69 98 66 4 96 11 68 10 10 50 46 13 4 81 90 44 86 92 56 60 95 62 22 45 6 21 
42 35 86 65 5 6 14 71 9 9 33 76 70 42 25 15 54 81 48 95 24 33 39 31 92 33 93 65 78 50 38 71 84 23 36 41 28 49 11 88 10 95 64 79 37 40 46 42 72 93 37 48 25 75 30 68 59 22 33 
36 71 70 59 7 44 94 47 23 94 9 10 3 55 25 34 91 17 79 85 88 23 73 35 99 99 65 66 57 38 50 93 61 71 3 19 14 48 17 88 41 77 50 96 31 74 29 74 90 59 58 30 81 30 16 31 28 32 96 
84 70 98 28 82 68 82 52 34 29 68 21 70 96 70 65 26 96 45 51 37 55 8 66 87 89 82 17 68 13 64 4 34 61 83 67 29 65 18 14 93 37 86 14 84 8 30 62 3 74 12 39 80 72 57 66 60 90 82 
28 2 98 83 88 58 65 6 38 29 76 51 74 12 37 87 48 44 17 9 98 42 20 88 22 91 44 39 3 33 73 82 87 70 64 26 27 28 31 65 9 6 67 34 70 3 20 69 98 88 77 95 82 96 83 55 39 78 93 
41 63 65 22 1 34 37 26 61 16 8 77 24 66 43 9 87 98 81 55 95 68 31 42 1 78 76 55 68 53 48 60 67 64 81 67 98 69 44 10 85 52 38 60 69 80 69 55 29 49 9 24 68 91 17 69 20 92 75 
88 96 74 47 63 38 80 81 87 48 25 48 32 28 85 44 96 16 12 2 45 12 62 20 79 52 88 99 23 79 74 62 26 99 61 40 36 40 21 74 39 45 21 23 72 57 66 19 73 29 20 69 40 81 40 70 84 79 69 
58 57 94 20 34 92 80 74 80 19 94 53 9 90 26 31 13 82 48 31 6 76 2 26 15 34 17 85 17 95 5 74 3 50 45 37 93 24 10 24 94 55 29 3 44 54 85 56 87 33 38 93 8 39 70 75 72 87 11 
40 81 15 13 36 16 58 72 8 33 33 32 27 87 60 29 82 65 65 37 51 97 74 95 57 12 65 31 35 3 93 74 35 7 38 70 22 47 93 81 80 25 12 58 63 23 86 44 87 2 80 90 99 5 84 7 68 100 89 
2 2 81 75 89 39 65 58 60 11 51 92 42 27 4 99 90 78 36 33 17 38 65 6 88 69 41 94 37 41 34 90 94 14 17 82 52 81 92 63 43 42 54 85 20 9 35 9 87 71 42 3 60 58 60 47 26 100 92 
14 92 25 4 86 38 20 19 89 52 10 3 94 3 56 30 23 65 65 83 51 87 76 5 46 33 16 92 11 15 83 24 59 59 79 96 96 98 14 36 1 76 38 95 30 45 24 4 9 40 87 11 26 14 67 71 47 82 14 
57 49 48 32 7 6 11 2 53 60 15 40 61 42 77 7 72 22 82 27 82 22 13 93 99 27 59 70 25 93 83 33 41 83 64 47 88 26 48 93 38 14 32 50 56 61 56 79 34 89 5 15 62 70 59 61 48 70 30 
72 62 64 4 2 46 19 48 86 97 95 78 34 8 9 83 63 21 90 93 54 30 98 21 92 67 79 52 14 48 33 37 9 96 92 10 94 62 57 31 58 3 8 43 11 68 77 25 89 66 18 94 48 15 14 39 33 93 90 
98 92 74 86 1 21 77 62 14 38 19 96 48 21 55 90 83 23 67 60 63 84 77 8 31 43 22 69 27 66 10 24 57 83 9 9 4 37 71 69 26 41 65 73 13 19 63 96 93 29 55 7 12 83 15 95 77 36 63 
3 53 73 78 61 7 38 70 10 74 40 31 51 80 95 24 44 65 38 39 58 66 45 64 29 79 78 23 55 65 38 57 17 62 34 78 68 71 47 30 96 38 60 47 69 6 22 12 70 59 3 27 76 47 43 4 26 20 79 
80 37 68 89 53 29 74 82 48 45 80 29 92 69 88 90 37 45 11 1 15 69 3 93 44 1 35 100 78 7 30 10 43 97 98 47 77 71 29 76 67 60 5 11 29 92 100 65 89 11 17 3 31 19 47 27 20 34 26 
97 40 7 6 34 55 55 80 31 26 60 6 44 20 10 54 48 54 54 64 42 16 81 96 98 51 94 24 70 27 49 19 18 7 76 51 61 31 31 43 8 90 1 51 61 10 57 8 15 62 24 8 77 56 55 74 6 49 98 
76 75 98 46 93 57 21 95 17 3 77 60 10 67 60 13 79 21 69 39 88 82 62 95 58 17 50 83 22 50 32 49 76 82 94 20 38 67 15 6 21 91 65 83 9 76 95 88 97 15 26 36 96 39 30 5 55 31 39 
28 80 23 29 56 4 74 75 93 40 89 98 61 32 15 43 40 90 89 79 38 55 56 73 50 94 55 6 100 37 44 28 17 18 56 24 73 29 98 65 21 39 15 33 22 81 27 61 22 67 92 12 21 47 84 22 41 90 27 
92 27 22 19 95 40 26 18 64 7 67 29 79 57 95 11 78 75 89 91 96 55 82 7 27 80 43 48 72 84 26 64 10 47 82 56 38 60 73 2 66 92 82 96 48 76 6 78 2 46 68 49 100 1 8 26 80 50 25 
52 85 50 15 95 48 48 2 86 59 75 39 76 18 20 71 65 47 28 42 100 73 61 48 24 61 55 1 93 56 25 96 41 74 62 87 74 61 88 11 20 14 49 95 31 20 66 48 18 45 41 17 18 2 16 41 14 23 42 
58 30 18 5 70 44 66 8 17 79 48 27 98 13 75 44 96 46 61 43 63 6 35 31 23 36 46 15 2 20 8 11 50 26 16 71 69 33 31 37 11 78 63 8 42 89 4 37 34 64 79 48 21 66 78 95 53 75 10 
54 95 17 17 96 94 32 66 62 16 96 50 27 25 12 86 67 52 41 3 37 5 34 84 77 51 13 72 3 88 81 9 34 49 25 81 43 8 98 56 23 94 6 1 70 69 39 88 21 79 43 57 35 28 41 12 78 5 83 
80 92 63 88 77 63 12 57 5 71 55 13 94 100 18 46 21 38 84 9 58 63 3 67 97 30 59 8 7 63 42 86 7 56 26 83 19 89 92 75 60 98 87 53 49 56 50 21 94 34 81 3 48 83 69 44 12 27 4 
70 42 97 8 48 53 33 82 71 21 25 97 80 22 84 84 22 91 34 43 84 19 23 39 66 58 7 61 21 86 64 91 27 61 50 74 65 82 7 87 54 32 83 86 53 66 69 27 9 54 21 92 72 95 82 89 52 89 50 
73 26 13 15 52 25 64 77 89 97 83 75 50 14 10 35 19 27 56 97 35 61 17 27 85 11 60 73 63 48 22 87 25 87 1 76 11 16 4 52 12 39 78 61 4 87 48 74 14 55 70 48 15 86 26 99 49 86 72 
63 85 93 49 10 79 1 37 42 16 93 45 27 83 74 39 86 61 86 12 26 40 81 25 7 19 3 5 67 40 28 81 24 21 81 85 51 81 74 44 48 66 88 74 48 62 64 85 74 50 96 51 41 29 75 47 47 77 4 
65 68 31 45 92 3 25 28 54 57 1 49 4 18 89 29 17 50 92 2 75 93 49 25 86 77 51 84 75 80 87 39 47 18 35 90 20 11 18 25 19 70 26 22 88 14 2 4 63 46 57 89 90 6 65 27 34 15 11 
9 94 97 99 93 66 86 82 38 96 51 14 15 21 39 88 60 52 42 15 66 87 72 54 28 29 18 55 14 85 65 22 30 13 21 22 79 6 56 68 53 6 81 19 26 20 7 37 71 100 52 89 86 75 42 65 3 12 19 
16 96 35 90 77 48 62 99 78 19 6 97 71 11 77 42 89 48 100 25 19 99 76 7 84 50 100 100 4 63 19 72 10 53 61 87 52 74 37 81 92 42 77 14 52 54 55 92 53 6 17 71 4 44 29 39 46 81 39 
49 43 57 20 53 61 32 91 65 57 27 45 48 68 74 14 71 79 20 63 31 26 79 54 29 74 34 20 19 14 58 68 9 66 39 13 78 23 3 42 79 29 39 79 96 12 44 18 90 63 80 20 40 10 73 21 84 59 40 
2 72 97 21 80 14 12 92 91 34 46 85 64 74 23 42 21 86 85 39 27 100 18 98 39 28 23 59 63 81 98 64 52 46 37 84 59 48 27 2 33 73 86 96 98 60 90 19 97 74 57 23 73 26 20 64 5 42 22 
67 22 72 83 26 17 19 61 28 18 39 81 50 63 66 45 61 77 34 79 73 60 87 47 84 12 66 47 69 60 21 35 33 92 17 58 60 87 70 39 56 9 19 5 71 36 2 31 12 87 61 36 46 47 82 82 11 100 80 
79 59 100 65 91 43 34 1 55 20 70 93 76 78 64 32 49 99 33 31 63 72 92 98 69 90 32 50 52 31 30 82 41 81 47 31 76 80 31 30 51 53 74 26 30 37 10 30 88 94 13 2 65 56 99 34 45 82 35 
49 64 16 30 4 97 76 35 72 55 17 53 6 69 78 83 51 67 44 32 54 38 44 55 54 99 5 39 96 39 74 44 2 89 73 6 37 1 92 60 55 60 64 12 29 42 47 31 8 90 62 13 79 6 19 33 56 75 71 
51 13 96 94 67 85 67 72 73 67 15 33 73 74 96 37 54 89 35 84 96 24 46 8 55 3 78 87 58 53 9 9 17 5 54 83 41 72 6 13 90 20 97 63 94 45 51 47 33 85 83 81 60 28 40 14 82 18 52 
91 70 13 51 38 69 5 21 9 76 26 73 66 98 22 80 91 66 30 89 50 14 71 30 25 50 70 39 83 87 42 74 8 54 24 45 74 28 17 82 56 43 7 21 92 28 100 82 45 29 22 94 94 93 76 70 94 45 8 
77 83 2 50 42 7 25 86 81 5 3 14 60 97 72 80 88 99 79 21 95 59 42 41 4 86 16 73 80 12 33 8 94 86 57 35 92 33 72 24 37 26 90 96 74 61 75 13 12 5 33 6 15 27 98 70 64 13 43 
43 76 27 2 69 12 10 55 55 43 79 31 79 56 20 27 30 80 53 42 43 10 27 49 24 53 98 46 16 11 40 11 86 66 64 7 29 74 13 35 16 43 65 46 99 36 72 28 68 77 21 10 86 47 10 61 99 8 6 
67 70 45 29 55 10 92 13 90 17 26 25 32 68 41 30 66 77 53 45 44 29 66 53 14 12 15 75 63 22 80 81 91 25 61 97 86 52 10 76 69 87 52 52 6 92 81 24 20 86 68 63 14 85 68 28 97 82 54 
11 55 85 91 97 9 3 93 47 6 54 74 74 92 77 78 98 68 10 21 88 95 40 2 9 25 69 88 73 2 93 83 56 77 25 4 38 27 97 36 32 2 9 58 94 85 87 91 4 96 63 43 43 2 45 3 78 65 42 
50 19 34 84 26 62 60 30 51 38 78 86 70 79 94 79 72 30 17 14 86 64 76 28 6 30 24 60 7 89 1 57 59 86 92 84 100 52 13 50 89 90 36 10 21 81 40 92 63 56 6 48 20 33 75 77 62 99 37 
69 39 89 77 49 27 68 32 26 19 97 27 60 38 62 69 58 95 9 2 57 64 59 4 35 91 78 12 5 28 100 73 18 40 1 66 66 68 50 43 39 46 70 98 83 31 18 93 25 26 94 81 42 52 36 28 94 66 91 
98 45 90 22 63 30 22 80 47 90 29 90 80 26 59 29 61 41 46 53 18 24 98 50 17 49 86 44 94 51 35 44 95 76 65 9 5 87 89 4 28 69 93 7 47 51 35 7 43 32 11 60 55 8 10 71 8 95 67 
1 97 1 44 91 28 61 100 85 47 40 88 26 60 80 84 6 82 18 64 24 1 26 36 56 33 45 78 92 91 44 45 87 96 40 29 24 100 28 8 98 19 95 23 79 26 6 36 59 75 52 34 76 77 69 83 62 65 60 
53 55 4 49 93 99 89 22 22 40 1 81 38 20 27 12 50 52 70 37 62 44 88 96 71 17 64 53 78 81 65 82 87 68 31 80 18 71 53 92 10 53 72 47 24 51 11 25 54 80 62 16 23 1 11 46 17 26 50 
46 6 14 80 93 33 62 24 51 32 28 42 93 32 65 92 8 15 2 32 69 81 45 84 55 46 46 100 14 71 50 12 29 15 43 73 48 4 48 50 87 75 91 31 6 7 22 13 22 23 97 42 55 41 77 10 38 22 9 
52 44 10 15 72 25 57 96 24 12 43 73 50 17 15 80 75 21 54 39 94 76 35 35 31 76 11 40 13 84 100 16 28 10 30 51 86 38 47 9 49 89 33 98 58 47 30 32 67 83 70 61 10 57 47 92 84 10 83 
48 93 83 64 20 44 45 71 81 83 17 41 83 57 73 33 14 19 62 45 37 96 67 49 5 23 48 49 58 57 31 5 49 65 68 21 8 65 43 40 99 11 80 81 67 52 65 33 22 78 29 59 73 95 59 30 69 6 78 
26 62 60 83 63 25 2 35 84 66 77 24 64 39 3 97 57 7 13 89 28 91 18 38 15 64 97 96 85 54 73 62 16 85 44 30 9 46 64 92 63 92 15 27 30 70 75 38 76 87 27 55 29 96 93 44 11 41 39 
95 94 64 57 61 48 100 90 8 97 5 99 60 96 66 38 77 35 64 15 62 2 93 16 31 40 60 74 50 100 64 45 46 27 53 6 26 4 48 85 1 52 84 12 100 1 49 28 87 12 94 48 13 38 15 95 77 75 20 
27 26 84 23 71 62 75 29 40 78 28 24 78 31 59 89 30 59 89 10 45 52 3 44 65 41 59 11 17 85 31 95 10 14 17 81 75 91 61 14 69 88 90 98 18 48 39 100 7 27 9 3 79 11 99 95 3 9 5 
72 93 87 66 2 100 35 34 27 77 94 92 97 33 81 95 51 29 85 2 87 11 10 41 41 72 39 87 27 47 44 98 39 30 15 93 82 49 26 8 26 72 51 74 4 32 68 6 12 4 7 98 67 68 90 7 92 29 46 
18 27 89 15 66 70 81 58 51 82 35 10 7 6 61 80 62 44 100 19 55 3 78 4 69 45 93 28 36 73 25 53 100 65 19 65 34 100 74 37 81 60 46 39 66 58 70 79 1 21 97 7 76 74 10 96 71 55 23 
58 27 47 63 78 11 81 94 97 32 67 33 64 79 30 54 96 88 76 74 88 48 22 47 23 48 8 19 18 62 93 75 41 92 89 18 54 22 64 50 53 82 34 69 60 64 74 55 51 1 28 90 49 2 36 71 49 44 41 
66 57 34 92 49 25 81 19 78 2 82 80 6 63 13 26 23 76 52 29 78 52 9 68 100 10 55 23 58 50 63 75 59 48 66 7 24 98 25 2 51 58 33 57 73 45 34 47 21 85 75 98 37 83 17 88 92 24 62 
1 73 25 75 31 24 93 90 48 90 66 49 93 24 81 1 48 77 34 94 97 19 68 47 7 3 15 46 46 38 8 47 63 84 73 45 7 65 34 54 7 52 54 99 75 86 99 74 63 84 67 59 54 86 57 60 88 24 58 
86 13 17 32 75 100 4 72 6 21 57 12 27 8 65 77 34 51 27 7 13 10 73 23 64 11 32 75 50 55 32 35 67 48 66 94 99 22 17 5 94 73 16 72 81 32 48 14 82 26 21 94 35 45 17 98 7 48 25 
57 54 8 91 72 8 9 65 6 82 33 62 75 6 29 46 86 61 45 51 42 70 23 36 4 68 4 54 74 3 30 30 56 37 73 79 44 81 96 2 14 28 63 88 33 92 85 70 52 29 21 93 50 43 80 5 62 35 58 
36 89 87 17 44 76 41 23 71 73 18 72 86 97 35 25 30 26 9 99 29 89 71 73 38 14 5 43 27 39 52 62 28 91 31 23 18 23 97 88 96 66 60 81 63 94 58 92 71 18 42 51 7 65 23 96 78 79 90 
4 18 94 18 97 36 100 71 53 22 20 40 17 85 99 50 47 44 59 90 66 76 84 16 34 48 91 82 77 69 71 32 38 16 1 34 51 100 57 3 74 76 43 90 12 93 91 59 37 49 100 2 25 35 70 58 34 60 91 
10 28 62 94 66 77 94 51 80 94 7 82 67 34 76 8 46 69 51 56 5 51 7 58 75 42 27 85 27 86 75 37 14 88 30 31 17 75 81 96 20 40 29 38 73 5 98 18 73 48 73 29 98 32 86 25 73 65 61 
0 1 0 0 0 0 1 0 0 0 1 1 1 0 1 1 0 1 0 0 1 1 0 1 0 1 1 0 1 1 0 0 0 1 0 1 1 0 1 1 0 0 0 1 0 1 0 1 1 0 1 0 1 1 0 0 1 1 0 
0 0 1 0 0 0 1 1 1 1 1 0 1 1 0 0 0 1 1 1 0 1 0 1 1 1 1 1 0 0 1 1 0 0 1 0 0 0 0 1 1 1 1 0 0 1 1 0 1 0 1 1 1 1 0 0 1 1 1 
1 1 1 0 1 1 0 0 0 0 0 1 0 1 1 0 1 0 1 0 1 1 1 1 1 1 1 1 0 1 1 1 0 0 0 0 1 0 0 1 0 0 1 0 1 0 1 0 0 0 0 0 0 0 1 1 1 0 0 
1 1 1 0 0 1 0 0 1 0 0 0 1 0 1 1 1 1 0 1 0 1 0 0 1 0 1 0 1 1 0 0 1 0 0 1 1 1 1 0 1 1 1 0 1 0 0 0 0 0 1 0 1 1 0 0 1 1 0 
0 0 1 0 1 1 1 0 0 0 1 1 1 0 0 0 1 0 0 1 0 0 1 0 0 0 0 0 0 1 1 0 0 0 1 1 1 0 0 1 0 1 0 1 0 0 1 1 1 1 1 1 0 0 0 0 0 0 0 
0 0 1 1 0 1 0 1 0 0 1 0 0 1 0 1 1 1 1 0 0 0 1 1 0 1 1 0 0 0 1 0 0 0 1 0 0 1 1 0 1 1 0 1 0 1 1 1 0 0 1 0 0 1 1 1 0 1 1 
0 1 0 1 1 1 0 1 1 0 0 1 1 1 0 1 1 1 0 0 1 0 0 1 0 1 0 1 1 1 1 0 0 1 1 1 0 1 0 1 1 1 1 1 0 1 0 0 0 0 0 1 0 0 0 0 1 0 0 
1 0 1 1 0 0 0 0 1 1 0 0 1 1 1 0 0 0 0 0 0 0 0 1 0 1 1 0 0 0 0 1 0 1 0 0 0 0 0 1 0 1 1 1 0 1 1 0 1 1 0 0 1 1 1 1 0 1 1 
0 1 0 0 1 1 0 1 1 1 0 0 1 1 0 0 1 1 1 0 0 0 0 0 1 1 0 0 1 1 1 0 0 1 0 1 1 0 0 0 1 0 1 0 1 1 0 1 0 1 1 0 1 1 1 0 1 1 0 
0 0 0 0 0 1 0 1 0 1 1 1 0 0 0 1 1 1 1 0 1 1 1 1 0 1 0 1 0 1 1 0 1 1 1 1 1 1 0 1 0 0 0 1 0 0 0 1 1 1 0 0 0 1 0 1 0 0 0 
0 0 1 1 1 1 0 1 0 1 1 1 0 1 0 1 1 0 1 1 0 0 1 0 1 0 0 0 1 1 0 1 1 1 0 0 0 0 1 0 0 1 0 0 0 0 1 0 0 0 1 0 0 0 1 1 0 1 1 
1 0 1 1 1 1 1 0 1 0 1 0 0 0 0 0 1 0 1 1 0 1 0 1 1 0 0 1 0 1 0 0 0 0 1 1 1 0 1 0 0 1 0 0 1 0 0 0 0 1 1 1 0 1 0 0 1 0 1 
0 1 1 0 1 1 1 1 0 1 0 1 0 1 1 0 1 0 1 1 0 0 1 1 1 0 1 1 0 1 0 0 1 1 0 0 1 1 1 1 0 0 0 0 1 0 1 0 0 0 0 0 0 1 0 1 1 1 0 
1 1 0 1 0 0 1 0 1 0 0 0 1 0 1 1 1 1 0 0 1 0 0 1 1 1 1 0 0 1 1 0 0 1 1 0 1 1 0 0 1 0 1 0 0 0 0 0 1 0 0 0 1 0 1 0 1 1 0 
1 0 1 1 0 1 1 0 0 0 0 1 1 1 0 0 1 0 0 1 1 0 1 1 1 1 0 1 0 1 0 0 1 1 1 1 0 0 1 1 0 0 0 0 1 0 0 0 0 0 0 1 0 1 0 0 1 0 1 
1 0 1 1 1 1 1 1 1 1 0 0 0 0 0 0 1 0 0 0 0 0 0 1 0 1 1 0 0 0 0 0 0 1 1 1 0 0 0 0 0 1 0 0 1 1 0 1 1 0 1 0 0 1 1 0 0 1 1 
1 1 1 1 1 0 0 0 1 1 1 1 1 0 1 1 1 0 1 0 0 1 1 0 1 0 1 1 1 0 0 0 1 1 1 0 0 1 1 1 0 0 0 1 0 1 0 1 0 1 0 0 0 1 0 1 0 1 1 
1 0 1 1 1 1 0 0 1 1 1 0 0 1 0 1 1 1 0 0 1 1 0 1 0 0 1 1 0 1 0 1 1 0 0 0 1 0 0 0 1 1 0 1 0 0 1 1 1 1 0 1 0 0 0 0 0 0 0 
0 1 0 1 0 0 1 0 1 1 1 1 1 0 1 0 1 1 1 0 1 0 0 0 1 1 0 1 1 0 1 0 1 0 1 1 0 1 0 0 0 1 1 1 1 1 0 0 0 1 1 1 0 1 1 1 0 0 0 
0 0 0 0 0 0 1 1 0 0 1 0 1 0 0 0 0 1 0 0 1 0 1 1 0 1 0 1 1 0 1 1 1 1 1 1 1 1 0 0 1 0 0 0 0 0 1 0 1 1 1 1 1 0 0 1 1 0 0 
1 1 0 0 0 1 0 1 1 1 1 1 0 1 1 1 0 0 0 0 1 1 1 0 1 0 0 0 1 1 1 0 0 1 1 0 0 1 1 1 0 0 0 0 0 0 1 0 0 1 0 1 1 0 0 0 0 0 0 
1 1 1 0 1 0 1 1 1 0 0 0 0 1 1 0 1 1 0 1 1 1 1 0 0 1 0 0 1 1 1 1 0 0 1 0 1 0 1 0 0 0 0 0 1 1 0 0 0 0 1 1 0 0 0 0 0 0 1 
1 1 0 0 0 0 1 0 1 1 1 1 1 1 0 1 0 1 0 0 0 0 1 1 0 0 1 1 0 0 0 1 1 0 0 1 0 1 1 0 1 1 1 0 0 1 0 1 1 0 1 1 0 1 0 1 1 0 0 
1 0 0 0 1 0 0 1 0 0 0 0 1 1 0 1 0 1 1 1 0 1 0 1 0 1 0 1 0 0 1 1 0 1 0 1 1 0 0 1 0 1 0 1 0 0 1 0 1 0 1 0 0 0 1 0 1 1 1 
0 1 0 1 1 1 1 1 0 0 1 1 0 0 1 0 1 1 1 1 1 1 1 1 1 1 0 1 0 0 0 0 1 0 0 1 1 1 0 1 1 1 1 0 0 0 0 1 0 1 0 1 0 1 0 0 0 0 1 
1 0 0 1 0 0 1 1 0 1 1 1 0 0 0 0 0 1 0 1 1 1 0 0 0 1 0 0 0 0 1 1 1 1 0 1 0 0 0 0 1 1 1 1 1 0 0 0 1 0 1 0 0 1 0 0 1 0 0 
1 0 1 0 1 1 0 0 1 0 0 1 1 1 0 1 1 0 1 1 1 1 0 1 1 0 1 1 1 1 1 0 0 1 0 1 0 0 0 1 1 0 0 0 0 0 1 1 1 0 0 0 0 0 0 1 0 1 1 
1 1 0 1 1 1 1 0 1 0 0 0 1 1 0 1 1 1 1 0 0 1 0 0 1 0 0 1 1 0 0 0 1 0 0 0 0 1 0 1 1 1 0 0 0 0 0 1 1 1 1 1 0 1 0 0 1 0 1 
0 0 1 1 1 1 1 1 1 0 0 1 0 1 1 0 1 1 0 0 1 1 1 0 0 0 0 0 1 1 1 0 1 0 1 1 1 0 0 1 0 0 0 0 1 1 1 0 0 1 0 1 1 1 0 1 1 0 1 
1 1 0 1 1 0 0 0 1 0 0 0 0 1 0 1 0 1 0 1 0 1 1 1 0 1 1 1 0 0 0 1 1 0 0 0 0 0 0 0 0 1 0 1 0 1 0 0 0 0 1 0 1 1 0 0 0 1 1 
0 1 0 0 1 0 0 1 1 1 0 1 1 1 1 0 1 0 0 1 1 0 1 1 0 0 1 0 0 1 1 0 0 1 0 1 0 1 1 1 0 1 0 1 0 1 0 1 0 0 0 1 1 1 0 1 1 0 1 
1 1 0 0 1 0 0 1 0 1 0 1 1 1 1 1 1 0 1 0 0 1 0 1 0 0 0 1 1 0 0 1 1 1 1 0 1 1 1 1 1 1 0 0 0 1 1 1 1 0 1 0 0 0 1 0 0 1 0 
1 1 0 0 0 1 1 1 0 1 0 1 0 0 1 0 0 0 0 0 0 0 1 0 0 1 1 1 1 1 1 1 0 1 1 1 1 1 0 1 0 0 1 0 0 0 0 1 1 0 1 1 1 0 1 1 0 0 0 
1 1 1 0 0 1 0 1 0 1 1 1 1 1 0 1 0 1 1 1 0 0 0 1 1 0 0 0 0 0 1 0 0 0 0 0 1 0 1 1 1 0 1 0 1 1 1 1 0 1 0 0 1 0 1 0 1 1 0 
1 0 1 1 0 0 0 0 1 0 1 1 0 1 0 0 0 1 0 0 0 1 0 0 0 1 0 0 0 1 0 1 1 0 1 1 0 1 1 1 1 0 0 1 1 0 0 0 0 0 0 0 1 0 0 1 1 0 1 
1 0 1 1 1 1 0 1 1 1 0 1 0 1 1 0 0 0 0 0 0 0 0 0 1 1 0 0 0 1 1 0 1 0 1 0 0 1 1 1 0 0 0 0 1 0 0 1 0 0 0 0 0 0 0 1 1 0 1 
0 1 0 0 0 1 1 1 1 0 0 0 0 0 1 0 1 1 1 1 1 1 1 1 0 1 1 1 1 1 1 1 1 1 1 1 0 0 0 1 0 1 0 0 1 1 0 1 0 1 0 1 1 1 0 1 0 1 0 
1 0 1 0 1 1 1 1 1 1 1 1 1 0 1 1 0 0 0 1 0 1 1 1 0 0 1 1 0 0 0 0 0 1 0 0 0 0 1 0 1 0 1 1 1 0 0 1 0 0 0 0 0 1 1 0 1 0 0 
1 0 0 1 0 1 0 0 0 0 1 0 1 0 1 0 1 1 1 0 1 1 0 1 1 1 0 0 0 0 0 1 0 0 1 0 1 1 1 1 1 0 1 0 0 0 1 1 1 0 1 0 1 1 1 1 0 1 1 
0 1 1 0 1 1 1 0 0 0 1 0 1 1 1 1 0 0 0 1 1 0 1 0 0 0 1 1 1 1 0 1 0 1 1 0 0 0 0 0 0 1 0 1 0 0 1 0 0 1 0 1 0 1 1 0 1 1 1 
0 0 1 0 0 0 1 0 0 0 0 0 0 1 1 0 0 1 1 0 1 0 0 0 0 1 0 0 1 1 1 1 1 0 1 1 0 1 0 0 1 0 1 1 0 0 1 0 1 0 0 0 1 1 0 1 0 0 0 
1 1 1 1 0 0 0 0 0 1 0 1 0 0 0 0 0 0 1 0 1 0 1 1 1 0 1 0 0 0 0 0 1 0 1 0 0 1 0 0 1 0 1 1 0 1 1 1 1 1 1 0 1 0 1 0 0 1 0 
1 1 1 1 0 1 0 0 1 1 0 1 0 0 1 0 1 0 1 0 0 0 1 0 1 0 0 1 0 1 0 1 0 1 0 0 0 0 1 1 0 1 0 0 0 1 0 1 0 0 1 0 0 0 0 0 0 0 1 
1 1 1 0 1 0 1 0 0 1 1 1 1 0 0 0 0 1 0 1 1 0 0 1 1 1 0 1 1 0 0 0 0 0 1 1 0 0 1 1 1 0 0 1 1 0 1 1 0 1 1 1 0 1 1 1 0 1 0 
0 1 0 0 1 0 1 1 1 1 0 0 1 1 0 0 0 1 1 1 1 0 0 0 0 0 1 1 0 0 1 0 0 0 1 1 0 0 0 1 0 1 1 1 0 0 1 0 1 0 1 0 0 0 0 1 0 0 0 
0 0 0 1 0 0 0 0 0 0 0 0 0 1 1 1 1 1 0 1 0 0 1 0 1 1 1 0 1 1 0 1 1 0 0 0 0 0 0 1 1 0 1 1 0 0 1 1 0 1 1 0 0 0 1 1 1 0 1 
0 1 1 1 0 0 0 0 0 0 0 1 1 1 0 1 1 1 0 0 1 1 1 1 1 1 0 0 0 0 1 0 1 1 0 0 1 0 0 1 0 1 1 0 0 1 1 1 0 1 1 1 0 1 1 0 0 1 0 
1 0 0 1 1 1 1 1 0 1 0 1 0 1 0 0 1 0 1 0 0 0 1 0 0 0 1 0 1 0 1 0 0 1 1 0 0 1 1 0 0 1 1 0 0 0 0 1 0 1 1 0 1 1 0 0 1 1 0 
0 0 1 0 0 0 0 0 0 1 0 0 1 1 0 0 0 0 0 1 0 0 1 0 1 0 1 1 1 0 0 0 0 1 0 1 0 0 1 0 1 1 1 1 1 1 1 1 1 1 0 1 1 1 1 1 1 0 0 
1 1 0 1 1 0 1 0 0 0 0 0 1 1 1 0 0 0 1 1 1 1 0 0 0 1 0 1 1 0 0 0 1 0 1 1 0 0 1 0 0 1 1 0 1 0 0 1 1 0 1 0 1 1 1 1 0 1 1 
1 1 1 1 1 1 0 0 0 1 1 0 1 1 1 1 0 0 0 1 1 0 0 1 1 1 0 0 0 1 1 1 1 0 1 0 0 1 0 0 0 1 0 0 0 0 1 0 0 1 0 1 1 0 0 0 0 1 1 
0 0 0 1 1 1 0 1 1 0 1 1 0 1 1 0 1 1 0 0 1 1 0 0 1 0 1 1 0 0 0 0 0 1 0 0 0 0 1 1 0 1 0 1 0 1 1 1 1 1 1 0 1 1 1 0 0 0 1 
0 0 0 1 0 1 1 0 1 1 0 0 0 1 0 1 1 1 0 0 0 0 0 1 1 1 0 1 1 0 0 0 0 0 1 0 1 0 1 0 1 1 0 1 0 0 0 1 0 1 1 0 1 1 1 0 1 1 1 
0 1 1 0 1 0 1 0 1 1 1 0 1 0 0 0 0 1 1 1 1 0 0 1 1 0 1 1 1 0 0 1 0 1 0 1 1 1 1 1 1 0 1 0 0 1 0 0 0 1 1 1 1 0 1 0 0 0 1 
1 0 1 0 0 1 0 0 0 0 1 1 1 0 0 1 0 0 1 1 0 1 0 0 0 0 1 1 0 1 0 1 1 0 0 0 1 0 0 1 0 1 1 1 1 1 0 0 1 0 1 0 1 1 0 1 0 1 0 
0 0 1 0 1 1 0 1 0 0 1 1 1 1 0 0 0 0 1 0 1 1 1 1 0 1 1 1 1 0 0 1 0 1 1 0 0 1 1 0 0 1 1 1 0 0 1 0 0 0 1 1 1 0 1 1 1 0 1 
0 1 1 0 1 0 1 1 0 1 1 0 1 0 1 0 0 1 1 0 1 0 1 1 1 0 0 1 1 0 0 0 1 1 0 1 1 1 0 1 0 1 1 1 1 0 1 1 0 1 0 1 1 1 0 0 1 0 1 
1 1 1 1 0 0 1 1 1 0 0 0 1 1 1 0 1 0 0 0 0 1 0 1 0 0 0 0 1 0 0 0 1 1 1 0 0 0 1 1 1 1 0 0 1 1 0 0 1 0 0 1 1 1 1 1 1 1 0 
0 1 0 1 1 1 0 1 1 1 0 1 0 0 1 0 1 0 0 1 0 1 1 1 0 0 0 0 1 1 0 0 1 0 1 0 1 1 1 1 0 1 0 0 1 1 0 0 1 1 1 1 0 1 1 0 1 1 0 
1 1 0 1 0 0 0 0 0 1 1 1 0 0 1 0 0 0 1 0 1 0 0 1 0 1 0 0 0 1 1 1 0 1 0 0 0 0 0 0 0 1 1 0 0 0 0 0 0 1 0 1 1 0 0 1 1 0 0 
0 0 1 1 0 0 0 1 0 0 1 0 0 1 1 0 1 1 1 1 1 0 1 1 0 0 1 1 1 0 1 1 0 0 1 0 1 1 1 1 1 1 0 0 0 1 0 1 1 1 0 0 0 1 1 0 1 1 1 
1 1 1 0 1 1 1 1 0 0 1 0 0 0 0 0 0 1 0 1 0 0 1 1 0 0 0 0 0 1 1 1 0 0 1 1 0 1 1 0 1 0 0 1 0 0 1 0 0 0 1 0 0 0 1 0 0 0 0 
0 1 1 1 0 0 1 1 0 0 0 0 1 0 1 1 0 1 0 0 1 0 1 0 0 1 1 0 0 1 0 0 1 0 0 1 0 1 0 0 1 1 0 0 1 1 1 0 1 0 0 0 0 0 0 1 1 0 1 
1 1 0 0 0 0 0 1 0 1 0 0 0 1 0 0 0 0 0 0 1 0 1 1 0 1 0 1 0 0 1 0 1 1 0 0 1 0 1 1 1 1 1 1 0 1 1 1 1 1 1 0 1 0 0 0 1 0 1 
0 0 0 0 1 1 0 1 0 0 1 1 1 0 0 0 1 0 1 0 1 1 1 0 0 0 0 0 1 0 0 1 0 0 1 1 0 1 1 0 1 0 0 0 0 0 0 1 0 0 1 0 1 1 0 1 1 0 0 
0 0 0 0 0 0 1 1 0 1 0 1 0 0 1 1 1 1 1 0 0 1 0 0 0 1 0 0 0 0 0 0 0 0 0 0 0 0 1 1 1 0 0 1 0 1 0 1 0 0 0 0 1 0 0 0 1 0 0 
1 0 0 1 0 0 0 0 0 0 0 1 1 0 1 0 0 0 1 0 1 1 0 1 0 0 0 0 1 0 0 0 1 0 1 1 0 1 0 1 1 0 0 0 0 0 1 0 0 0 0 1 1 0 1 1 0 1 0 
1 1 0 1 0 1 1 0 1 0 0 0 0 0 1 0 0 1 1 0 1 1 1 1 0 1 0 0 0 1 0 1 0 0 1 1 1 0 1 1 0 1 1 0 1 0 1 1 1 0 1 1 0 0 0 0 0 0 0 
0 1 0 1 1 1 0 0 0 0 1 1 1 0 1 1 1 1 0 0 1 1 0 0 1 0 0 1 0 0 0 0 1 0 0 0 1 0 1 0 1 0 1 0 1 0 1 0 0 0 1 1 1 1 1 0 1 1 1 
0 1 1 0 0 0 0 0 1 1 1 1 0 0 1 0 1 1 1 1 1 1 0 0 0 1 1 0 1 0 0 1 1 1 1 1 1 0 0 1 1 1 0 1 1 1 1 0 1 0 0 0 0 0 1 0 0 0 1 
