58 69 2182
6 26 28 15 54 80 73 88 45 51 46 20 67 43 4 32 8 76 95 50 13 13 49 12 72 70 52 89 73 12 6 78 37 86 44 43 65 17 30 61 67 27 80 85 70 84 17 29 11 63 79 75 76 27 86 99 49 90 39 21 53 45 98 42 82 93 84 46 9 
65 59 28 43 38 12 12 73 80 41 35 95 19 62 22 97 47 20 45 36 59 17 41 55 66 82 36 59 17 33 67 81 91 94 23 81 6 87 5 37 79 92 31 49 53 52 45 99 24 42 87 34 58 27 88 24 60 75 82 76 7 48 8 50 42 30 82 99 68 
86 35 46 77 18 94 81 69 91 80 92 32 18 25 41 96 64 64 55 38 97 30 97 45 37 46 38 18 27 88 38 64 22 35 93 39 81 73 60 71 4 51 54 21 28 94 68 91 10 22 81 6 3 77 2 91 74 39 61 100 26 98 15 100 84 7 38 64 80 
49 34 83 100 39 56 79 33 23 21 42 97 1 99 99 77 1 42 2 39 2 1 17 51 68 16 34 74 5 98 5 54 83 40 5 22 47 83 6 21 55 47 17 56 97 68 84 97 9 86 36 62 38 4 64 5 19 49 31 23 98 87 76 81 78 32 2 76 14 
7 97 21 5 13 76 1 32 11 98 92 96 85 53 86 88 68 42 58 17 24 80 14 63 8 46 40 39 99 16 5 5 64 25 61 76 52 14 8 62 63 51 10 47 56 47 86 23 88 43 91 64 74 57 26 33 2 17 72 1 84 28 57 47 4 18 75 55 83 
34 68 45 84 77 43 39 75 28 62 63 22 4 78 47 60 3 80 62 71 3 62 55 30 18 1 85 87 75 39 69 60 6 65 44 35 7 82 9 86 95 23 59 99 100 6 58 54 37 19 25 39 32 31 20 2 31 4 40 58 94 61 17 51 25 12 85 32 94 
46 17 88 20 76 38 72 33 96 77 69 66 1 7 50 31 78 3 14 81 42 23 26 2 91 76 79 3 13 10 96 58 78 35 29 5 25 100 89 72 29 57 89 81 15 38 12 92 40 77 24 34 51 49 87 41 77 65 95 89 26 90 98 4 77 26 60 53 78 
49 24 6 57 12 86 72 2 49 15 93 77 91 78 27 91 65 20 67 81 14 55 7 56 52 62 84 30 21 36 7 21 11 64 78 74 1 49 27 50 15 20 78 5 97 57 96 13 76 62 94 41 17 52 96 20 13 31 49 85 18 7 6 28 70 83 2 71 83 
80 72 97 99 49 2 48 5 49 12 32 62 57 73 30 8 20 50 72 51 98 57 68 57 62 48 26 96 1 48 78 80 19 26 79 20 79 78 24 27 89 8 89 46 32 18 5 51 19 77 1 69 33 21 25 46 68 50 41 68 98 70 47 68 95 77 87 74 6 
63 52 95 70 40 92 1 10 48 3 28 24 56 96 8 76 20 5 95 22 97 14 71 66 60 38 13 89 77 86 94 39 37 40 60 29 83 60 38 83 14 17 58 69 65 66 44 36 22 90 57 19 3 79 36 15 17 48 3 45 33 48 83 22 40 42 50 22 53 
39 4 66 7 62 35 71 79 30 7 52 20 15 70 22 94 6 36 62 5 90 6 38 38 40 11 77 81 60 50 85 50 6 2 8 19 88 79 49 18 37 100 89 3 70 10 48 27 98 9 31 87 66 20 76 5 30 4 37 41 6 73 42 11 75 50 81 62 80 
29 31 68 28 19 70 49 81 70 27 78 78 10 16 96 81 44 52 63 47 41 55 52 13 49 14 87 98 46 1 29 74 31 96 54 2 17 54 82 86 81 59 16 42 26 63 22 69 14 84 68 54 91 71 19 39 85 57 88 82 57 16 56 40 63 9 41 31 14 
22 69 94 32 36 35 57 98 9 78 63 44 45 17 34 15 87 72 51 43 11 33 100 26 40 39 40 100 79 23 13 52 91 7 83 26 93 91 75 53 68 37 97 64 5 82 79 91 6 81 34 16 13 33 94 52 23 33 51 53 7 64 4 97 22 38 74 66 80 
48 19 48 85 15 63 89 48 41 80 53 22 13 21 86 97 14 38 19 98 40 71 5 55 26 1 76 63 75 42 42 22 60 41 58 26 4 47 25 96 26 78 17 90 98 55 86 63 92 4 60 83 26 64 38 51 17 13 65 43 6 6 16 17 99 74 94 2 72 
19 49 97 96 18 86 45 72 23 7 15 26 18 97 51 34 34 53 50 99 17 44 56 74 11 73 72 84 66 25 7 36 74 3 31 91 40 27 62 62 85 76 39 3 24 41 36 58 93 37 8 9 80 63 83 90 87 6 26 5 31 32 40 4 87 23 46 78 49 
59 92 34 86 82 88 9 23 23 18 15 59 25 76 90 40 58 31 78 63 8 82 45 92 22 100 78 44 45 7 44 55 50 29 40 32 16 49 54 38 18 20 48 95 95 37 34 4 68 11 19 75 45 15 66 66 15 95 61 11 54 56 66 3 37 5 86 52 5 
39 42 75 11 41 69 57 78 54 13 97 64 31 23 60 97 41 77 11 87 89 22 40 45 39 95 33 43 32 84 100 23 77 74 33 18 42 89 47 47 53 43 10 35 17 22 32 57 98 42 44 87 15 35 83 53 81 15 48 13 50 47 35 27 72 19 96 65 59 
42 11 12 36 72 46 4 93 77 61 43 71 56 29 85 42 11 38 75 77 85 39 26 83 25 4 6 43 99 22 1 92 84 64 79 55 62 83 100 90 43 42 60 50 22 45 43 32 34 17 8 70 55 85 52 79 89 9 73 87 30 26 31 13 89 9 19 50 91 
18 40 85 11 51 34 32 47 77 15 80 45 74 49 100 59 52 30 47 60 3 85 41 28 15 5 16 76 24 18 66 93 9 3 56 11 88 87 58 16 54 37 61 79 38 60 37 89 41 35 1 43 72 93 70 38 98 38 13 73 7 31 17 67 85 72 77 72 11 
34 88 64 23 48 94 60 59 83 100 99 17 52 42 40 45 63 30 94 52 42 66 58 24 82 76 8 54 53 80 16 38 19 31 60 66 24 71 76 6 71 74 75 22 67 14 18 30 43 11 33 37 76 91 12 10 18 72 15 70 3 30 60 21 60 71 38 83 42 
13 89 64 86 63 37 5 28 55 86 23 65 18 11 93 60 74 2 78 45 68 47 47 97 58 19 56 29 56 38 70 68 78 85 6 92 21 10 72 75 95 46 92 12 56 36 24 81 89 1 26 56 99 24 52 57 43 59 85 50 96 6 18 26 90 23 69 10 84 
40 37 78 37 80 41 92 15 64 25 55 64 50 10 15 25 61 71 19 19 55 69 66 12 38 43 1 12 12 62 95 3 50 24 40 29 16 83 95 80 7 49 95 8 58 61 85 70 31 3 40 37 71 58 48 60 100 100 71 63 62 65 18 63 88 57 92 56 91 
38 87 98 87 81 57 96 42 41 18 24 44 9 61 66 66 60 26 18 60 48 80 73 13 49 35 52 5 26 7 96 16 93 45 54 26 1 1 19 94 18 94 89 27 54 54 44 14 31 61 25 79 93 97 43 41 31 94 98 57 53 45 24 97 89 77 22 41 77 
92 34 47 86 22 25 91 28 68 56 10 81 80 88 73 76 30 65 7 76 62 15 80 6 38 76 46 14 50 87 42 41 72 88 78 46 12 21 73 32 76 82 12 56 22 84 83 51 100 89 78 62 3 57 19 92 33 17 57 82 3 99 74 26 38 4 71 2 24 
43 33 51 77 44 58 98 79 41 48 78 29 78 91 84 34 62 27 18 78 84 51 32 34 77 57 23 32 28 24 7 22 56 57 98 51 15 95 29 7 95 59 87 72 49 22 57 62 49 27 39 84 77 70 69 5 79 91 36 6 67 42 27 74 51 25 25 17 19 
5 23 13 63 9 36 64 83 45 25 31 71 16 66 47 37 34 52 15 76 39 20 42 81 99 16 83 23 92 99 93 96 21 58 11 81 45 74 15 89 50 45 59 65 62 6 2 95 9 16 23 47 88 16 79 86 83 61 60 74 11 52 22 83 61 32 16 6 5 
30 94 54 75 53 71 88 10 72 83 70 39 57 68 26 72 47 63 55 59 22 28 70 26 49 4 86 32 19 43 36 49 37 42 75 41 12 62 2 83 96 71 73 52 38 99 24 36 13 30 47 35 57 68 12 58 71 49 89 90 92 77 90 80 18 64 72 29 25 
73 63 73 95 35 24 84 85 99 20 98 28 66 84 37 33 47 46 55 95 86 44 86 14 33 17 31 48 88 11 25 12 25 97 6 12 72 90 96 71 61 45 50 26 80 38 10 26 83 64 73 21 60 10 34 44 27 65 92 66 27 16 78 4 12 35 15 83 76 
62 5 36 59 55 13 90 92 74 16 27 90 40 47 49 49 80 92 27 96 35 93 75 50 22 78 61 56 92 96 84 53 100 19 63 6 84 53 50 57 20 76 46 59 74 46 7 53 38 86 1 72 78 75 74 51 4 34 58 95 81 41 99 33 12 62 90 95 14 
39 51 33 66 49 43 39 94 1 44 83 86 96 7 15 22 80 65 25 65 23 71 46 15 69 30 26 82 19 72 47 58 75 31 75 23 73 66 68 74 9 3 59 56 9 26 77 88 90 1 4 64 71 1 31 91 30 8 25 49 80 23 58 6 54 84 80 26 49 
47 51 57 49 62 12 9 87 88 96 28 40 100 92 62 100 74 5 82 81 81 82 60 3 39 17 56 22 96 34 23 43 84 79 43 45 43 52 83 82 99 11 74 50 2 35 2 75 91 83 55 71 64 67 26 54 83 81 27 31 66 49 25 2 80 67 46 74 70 
29 55 69 39 28 70 92 15 71 18 57 5 24 80 68 42 5 73 77 37 52 7 3 52 31 4 31 49 1 4 19 81 11 39 71 90 8 62 56 79 31 13 83 55 92 3 96 48 75 72 84 78 30 38 30 60 93 12 9 46 68 27 26 78 17 97 19 24 10 
75 2 41 39 37 95 82 39 42 29 65 66 64 43 95 54 24 55 46 35 15 43 2 93 69 31 9 17 50 32 26 76 86 18 14 22 64 95 12 6 75 28 23 90 22 17 43 45 23 41 32 89 83 85 81 3 16 41 19 17 25 97 92 10 14 5 83 30 51 
46 87 77 73 9 66 95 25 9 39 100 1 22 88 35 7 69 38 22 9 8 38 33 4 81 94 70 37 28 51 39 73 37 15 46 45 80 92 69 40 82 68 92 4 56 27 10 76 64 83 36 71 72 21 27 52 14 48 40 94 98 78 66 34 92 63 30 23 6 
98 63 88 18 6 91 25 32 52 52 47 86 87 70 57 59 96 60 25 95 99 18 92 76 35 77 19 50 6 41 55 55 55 42 24 61 84 100 44 87 51 91 72 90 60 28 48 55 39 72 1 37 41 44 64 76 20 34 25 77 75 31 83 81 73 7 41 8 58 
85 95 9 27 66 50 86 46 49 92 36 73 92 73 13 35 88 40 6 22 64 34 48 95 16 28 19 74 21 78 32 57 72 92 83 90 93 68 87 41 11 22 13 2 46 26 88 86 65 45 7 81 78 6 27 45 33 97 71 5 74 54 61 98 45 95 39 89 14 
25 29 24 98 94 25 96 71 64 81 87 8 39 19 37 44 45 82 28 93 4 33 19 57 45 16 53 40 54 41 53 30 21 77 27 14 53 22 36 69 54 23 76 92 41 65 87 38 98 15 82 1 99 100 57 43 15 9 34 20 1 87 49 73 15 28 87 19 1 
74 87 55 48 15 98 89 79 37 78 76 51 59 28 1 11 84 95 25 44 29 97 96 67 97 68 33 24 6 51 77 80 90 83 27 56 80 67 34 16 96 61 18 7 40 18 17 75 65 93 70 93 89 65 11 86 84 43 61 90 45 37 21 86 71 99 41 51 18 
26 18 13 38 88 19 77 57 87 51 21 80 72 65 20 36 75 57 20 69 70 61 66 58 81 51 29 31 44 31 48 69 48 61 59 87 31 87 44 18 90 16 49 61 81 68 97 7 25 68 76 94 80 93 3 12 43 31 42 38 61 90 7 61 2 17 47 32 3 
90 1 92 6 49 53 38 17 1 44 93 68 71 38 47 63 40 10 58 71 51 95 83 40 1 43 93 69 42 25 72 31 25 63 88 26 15 77 42 15 21 86 34 43 75 32 6 14 41 63 36 92 57 71 83 10 65 76 78 6 52 49 89 28 64 28 53 78 5 
46 45 25 31 78 67 57 10 24 23 50 86 10 93 95 80 76 56 45 3 33 50 54 34 38 33 97 66 86 26 70 31 70 46 14 48 64 70 9 40 92 58 77 2 3 71 81 30 26 77 32 11 27 37 96 16 69 44 33 6 69 54 89 39 99 2 86 15 23 
46 6 15 3 82 68 57 53 100 86 30 77 69 92 55 57 87 22 78 82 55 83 51 8 71 89 59 24 26 25 47 71 30 61 25 11 80 34 15 79 19 97 55 88 88 61 96 27 83 73 8 89 56 10 96 26 98 6 2 75 30 48 97 59 60 22 22 39 55 
88 17 25 84 24 64 24 84 60 2 18 32 61 6 39 71 2 65 20 7 66 47 89 65 43 99 24 16 72 62 22 60 78 47 43 1 62 18 37 21 19 54 5 80 60 43 2 13 59 73 71 76 19 11 40 62 10 63 77 81 24 99 40 54 97 35 54 58 4 
42 79 23 96 83 54 7 77 7 71 36 79 41 11 98 4 51 59 13 13 87 45 89 85 37 42 81 23 47 91 26 89 21 48 84 55 53 42 31 59 12 66 38 4 77 35 7 27 45 71 91 31 16 79 68 4 72 100 26 19 90 3 7 10 3 42 64 55 83 
95 66 94 12 3 49 88 89 8 66 85 78 9 15 45 39 82 48 11 82 25 29 23 28 87 33 30 28 48 36 10 94 1 55 6 55 55 45 95 62 63 79 40 23 46 36 61 27 36 71 60 60 51 83 39 37 67 20 16 14 8 25 8 60 31 65 67 86 61 
61 47 23 92 38 45 89 74 58 67 9 80 27 20 83 61 11 19 27 30 87 92 89 11 51 49 94 15 15 31 76 27 29 50 70 67 47 58 92 4 25 52 83 3 71 65 63 81 36 41 63 22 32 51 84 83 99 29 97 65 59 24 92 88 26 61 6 72 19 
97 27 95 48 61 97 70 78 59 51 13 99 65 86 82 15 21 64 66 50 13 30 60 88 21 99 13 34 4 36 4 100 62 98 99 23 94 69 100 4 71 64 54 35 1 35 1 73 51 66 74 63 96 34 2 68 32 15 1 88 50 56 87 64 53 38 86 98 58 
37 1 28 100 6 14 100 41 14 72 43 80 98 57 27 31 58 46 14 24 99 1 74 54 40 89 7 77 74 4 86 10 57 13 61 62 78 12 54 91 35 96 22 32 52 100 62 10 46 76 85 44 28 58 97 67 98 55 95 71 11 80 32 67 44 92 28 21 3 
82 64 90 29 37 21 81 37 83 42 34 10 26 77 89 36 25 56 33 32 50 56 42 30 87 8 73 31 87 94 33 20 9 22 1 45 95 81 81 29 74 14 90 51 42 78 86 19 33 71 50 83 26 91 64 64 50 36 94 88 81 79 60 89 52 60 34 46 40 
66 74 65 80 63 15 73 41 1 91 25 23 92 59 48 82 22 63 83 58 57 71 90 87 30 79 38 89 64 84 80 29 9 96 60 24 10 33 16 62 23 40 84 15 99 83 48 72 46 83 81 54 53 71 40 34 1 77 74 64 12 5 92 73 100 52 96 9 84 
63 23 58 54 6 24 4 41 24 76 38 6 56 91 10 26 82 95 78 58 20 41 22 24 33 94 75 36 41 35 71 55 57 80 8 15 4 64 55 79 39 44 36 46 34 45 24 15 91 1 24 10 42 97 85 26 42 59 61 34 45 83 88 2 62 48 68 17 11 
74 95 1 17 30 46 2 26 69 68 16 22 91 25 63 40 61 40 81 71 52 67 16 34 54 17 95 53 36 12 15 9 58 15 25 88 13 26 13 33 93 81 54 35 57 68 74 18 7 7 88 58 73 55 91 78 71 38 83 6 1 97 66 58 64 90 45 76 15 
10 8 59 42 14 94 98 81 19 67 40 25 55 49 49 9 92 27 32 29 9 89 29 57 55 86 20 96 83 95 11 44 55 69 85 68 14 82 100 33 49 39 57 55 88 6 15 79 84 46 59 44 87 87 100 93 24 72 88 6 66 98 1 72 19 85 91 32 67 
91 64 67 81 73 21 20 30 35 50 13 33 60 8 19 98 7 11 22 78 98 79 96 48 80 19 18 16 10 49 82 52 65 48 84 89 20 56 18 7 57 82 39 17 89 9 14 47 19 87 25 68 18 72 67 97 90 84 12 51 85 46 2 1 45 38 41 17 93 
58 23 49 39 61 17 79 69 83 25 39 69 1 58 86 72 77 34 14 60 98 64 96 95 18 48 91 55 88 7 99 97 29 99 87 89 16 65 9 98 42 47 18 42 57 56 66 33 89 79 44 38 94 92 32 63 39 23 17 79 81 67 75 10 18 14 50 33 78 
59 82 19 57 51 13 13 6 78 45 47 8 89 84 1 32 68 64 70 42 32 100 22 51 75 31 68 88 33 52 17 91 85 88 99 35 100 12 93 29 8 39 36 48 74 88 79 93 3 1 34 87 100 8 37 26 90 56 65 22 7 34 64 43 21 63 77 72 74 
69 100 33 59 87 81 33 74 59 25 77 11 11 15 11 18 51 88 7 6 53 81 64 86 44 6 58 6 34 29 31 55 28 64 13 14 44 45 39 54 22 67 65 32 81 27 1 83 14 59 40 66 39 3 3 83 60 60 40 94 88 71 48 67 34 12 32 29 9 
23 82 30 89 98 13 22 24 13 4 38 71 44 55 10 98 58 44 10 69 83 55 57 5 2 75 38 65 59 66 73 81 100 54 69 97 66 90 21 78 46 10 1 89 64 62 38 73 57 47 42 91 1 50 96 54 24 85 19 82 51 43 62 2 97 83 98 62 24 
1 1 0 0 1 0 0 0 0 0 0 0 1 0 1 0 1 0 0 0 0 1 0 1 1 1 1 1 0 0 0 0 1 1 0 0 1 0 0 1 1 0 0 0 1 1 1 0 1 1 0 0 0 0 1 1 1 0 0 0 0 1 0 0 0 0 0 1 1 
1 1 0 1 1 0 0 0 1 1 1 0 1 1 1 0 0 0 1 0 1 1 1 0 1 1 0 0 1 1 1 0 0 1 0 1 1 0 1 1 1 1 1 1 0 0 1 1 1 0 1 0 0 0 0 1 1 0 1 1 1 0 1 0 1 1 1 1 0 
1 0 1 0 1 0 0 0 1 1 1 0 1 1 0 1 1 1 1 1 1 0 0 1 1 0 1 1 0 0 1 1 0 0 1 1 1 1 1 0 1 0 0 0 1 0 1 0 0 0 1 1 0 0 0 0 0 1 1 0 1 0 1 1 0 0 1 1 0 
0 0 1 1 0 1 0 1 0 1 1 1 0 0 1 0 0 1 1 0 0 1 1 0 1 1 1 1 0 0 1 0 0 0 1 1 1 0 0 0 1 1 1 1 1 0 0 1 0 1 1 0 0 1 1 1 0 0 1 0 0 0 0 1 1 0 0 0 0 
0 0 1 1 1 0 0 0 0 1 0 1 1 0 0 0 1 1 0 1 0 0 0 1 0 1 0 0 1 0 0 1 1 1 0 0 0 0 0 0 1 0 0 0 1 0 0 0 1 0 0 0 0 0 1 1 1 1 1 0 1 0 1 0 1 1 1 1 1 
1 0 0 0 0 1 1 0 1 1 1 0 1 1 0 1 0 1 0 1 1 0 1 1 1 1 0 0 0 0 1 0 0 0 0 0 1 1 0 0 0 1 0 0 1 1 1 1 0 0 1 1 0 0 0 0 1 1 0 0 1 0 0 1 0 0 1 1 1 
1 1 1 0 0 1 1 1 1 1 1 1 0 1 1 0 1 1 1 0 0 1 1 0 1 0 0 1 1 1 0 0 0 0 1 0 1 0 1 0 1 1 1 1 0 1 1 1 0 1 0 0 0 1 0 0 0 0 1 1 1 0 0 0 0 1 0 1 1 
0 0 1 1 1 0 1 0 0 0 1 1 0 1 1 0 0 1 0 0 1 1 0 1 1 0 1 0 0 0 0 0 0 1 1 0 1 0 0 1 1 1 0 1 1 0 1 1 1 1 1 0 1 1 1 0 1 0 1 0 1 1 0 1 0 0 1 1 0 
0 1 1 1 1 1 0 1 0 1 1 0 1 1 1 0 1 1 0 1 0 0 0 1 0 0 1 0 1 1 1 1 0 0 1 1 1 1 1 0 1 0 0 0 1 1 0 0 0 0 0 1 0 0 0 1 0 0 1 0 1 0 1 1 1 0 0 0 0 
1 0 1 1 0 1 1 1 1 1 0 0 1 1 0 0 1 1 0 1 1 0 0 1 0 1 0 0 0 1 0 1 1 1 1 0 0 0 1 0 1 1 0 1 0 0 1 0 0 1 1 1 0 0 0 0 1 1 0 1 0 1 1 1 0 0 1 1 0 
1 1 1 0 1 0 1 1 1 1 1 1 0 0 1 0 1 1 0 0 1 1 0 0 0 1 1 0 1 0 0 0 1 0 0 0 0 1 1 0 0 1 1 1 1 0 1 0 1 1 0 0 1 0 1 1 0 0 0 1 0 0 1 1 0 1 1 1 1 
0 1 1 1 0 0 1 0 0 1 1 1 0 1 0 0 0 0 0 0 0 1 0 0 0 1 1 0 0 0 1 1 1 0 0 1 1 1 1 1 1 0 0 1 1 1 1 0 1 0 0 1 1 1 1 0 0 0 0 1 0 1 0 1 1 0 0 0 0 
1 1 1 1 0 0 1 1 1 1 0 1 1 1 1 0 0 1 1 1 1 0 1 0 0 1 1 0 1 0 0 1 1 1 0 1 1 1 0 1 0 0 0 0 1 1 0 0 0 1 1 1 1 0 1 1 1 1 0 1 1 0 0 0 0 0 0 1 0 
0 0 0 1 1 0 0 0 1 0 1 0 1 0 0 0 0 1 1 1 1 0 0 0 0 0 0 1 0 1 1 1 0 1 0 1 0 0 1 1 1 0 1 0 1 1 0 1 1 0 0 0 0 0 0 1 0 0 0 1 0 1 0 0 0 0 1 0 0 
0 1 1 1 1 0 0 0 0 1 1 0 1 0 1 1 0 0 1 1 0 0 1 1 0 1 1 0 0 0 1 0 1 0 1 0 0 1 1 1 0 0 1 1 0 0 0 1 0 0 0 0 0 1 1 1 0 1 1 0 1 0 0 0 1 0 1 1 1 
0 0 0 0 0 1 1 0 0 0 1 0 0 1 0 1 1 1 1 0 1 1 1 1 1 1 0 1 0 0 1 0 0 1 1 0 0 0 1 0 0 0 0 0 1 1 1 0 0 0 0 1 1 1 1 0 1 1 0 1 1 1 0 0 0 1 0 0 1 
1 1 1 1 1 1 1 0 0 1 1 0 0 0 1 1 1 1 0 1 1 0 0 0 0 0 0 1 1 1 0 0 0 1 0 1 0 1 0 0 0 1 0 0 1 1 0 1 0 0 0 0 0 0 0 0 1 1 1 0 0 1 0 0 0 0 1 0 1 
1 0 0 0 0 0 0 1 0 1 0 1 1 0 1 1 0 0 0 1 1 0 1 1 1 1 1 1 1 0 1 0 0 1 1 1 1 1 0 0 0 0 1 1 0 0 0 1 0 1 0 0 1 0 1 0 1 0 0 0 0 1 1 1 0 0 0 1 1 
0 1 1 1 0 0 1 1 0 0 1 1 1 1 1 1 0 1 0 1 1 1 1 0 0 0 0 0 0 0 1 1 1 0 0 0 0 1 1 0 0 0 0 1 0 1 0 0 0 0 1 0 1 1 0 1 1 1 1 0 1 0 1 0 0 1 0 0 0 
1 1 0 0 1 1 0 0 1 0 0 0 0 0 1 1 1 1 0 0 0 0 1 1 1 1 1 0 0 0 1 1 1 1 1 0 1 1 0 0 0 0 0 0 1 0 1 0 1 1 0 1 0 1 0 1 0 0 0 0 0 1 0 1 0 1 1 1 1 
1 0 1 1 0 1 0 0 0 0 1 1 0 1 1 1 1 1 0 1 1 0 1 0 0 0 0 0 1 0 1 0 0 0 0 0 1 0 1 1 1 0 0 1 1 0 1 1 1 1 0 0 1 0 0 0 0 0 0 0 0 1 0 0 1 0 1 0 1 
0 1 0 0 1 1 0 1 0 1 0 1 1 0 1 1 0 1 0 1 1 0 1 0 0 0 1 1 1 1 0 1 0 0 1 1 1 1 1 0 0 1 1 0 0 0 1 0 1 1 1 0 1 1 0 0 1 1 1 0 0 1 1 0 1 0 0 0 0 
1 0 0 0 0 0 0 0 0 1 0 1 0 0 1 1 1 1 0 0 0 0 1 1 1 1 0 0 1 0 0 0 1 0 1 1 1 1 1 1 0 1 0 1 0 1 0 1 0 1 1 0 1 0 1 1 0 1 1 1 0 1 0 1 1 1 0 0 0 
1 1 1 1 0 0 1 1 0 0 0 1 1 0 1 0 0 0 0 1 1 1 1 0 1 0 1 0 0 0 1 0 1 0 1 1 0 0 1 0 0 1 0 1 1 1 1 1 1 1 1 0 1 0 0 0 1 1 1 1 1 0 1 1 0 0 0 0 0 
1 0 0 0 0 0 0 1 1 1 0 1 0 0 0 1 0 0 0 0 1 1 1 1 1 0 1 1 1 1 0 0 0 0 1 0 0 1 0 0 0 0 1 1 1 1 0 1 1 0 1 1 1 1 0 0 1 0 0 0 1 0 1 1 0 0 0 1 1 
0 1 1 0 0 0 1 1 0 1 0 0 0 1 0 1 0 0 1 0 0 1 1 0 0 1 1 0 1 0 1 1 1 1 1 1 1 1 0 0 0 0 0 0 0 0 0 0 1 1 0 1 0 1 0 1 0 1 1 1 1 1 0 0 0 0 1 1 1 
1 1 1 1 0 1 1 0 1 1 1 0 1 1 1 1 1 0 1 0 1 1 1 0 1 1 0 1 0 0 0 1 1 1 0 1 1 0 0 0 1 1 1 1 0 0 0 1 0 1 1 1 0 0 0 0 1 0 1 1 0 0 0 0 1 1 1 0 1 
1 1 0 1 0 1 1 0 1 1 0 1 0 1 1 1 1 1 0 0 1 0 0 1 0 0 0 1 0 1 0 1 0 1 0 0 0 0 0 0 1 0 1 1 1 0 0 1 0 1 1 1 1 1 0 1 0 0 1 0 1 1 1 1 0 0 1 1 0 
1 1 1 1 0 0 1 0 1 0 0 0 1 1 1 0 1 0 0 0 1 0 1 1 0 1 1 0 0 0 0 0 1 1 1 1 1 0 0 0 0 0 0 1 0 1 0 1 0 0 1 1 1 1 0 1 0 0 1 0 0 1 0 0 0 0 1 1 0 
1 0 1 0 0 0 0 0 0 1 0 1 1 1 0 0 0 1 0 0 0 0 0 1 1 0 1 1 0 0 1 1 0 0 1 1 1 1 1 1 1 1 0 0 0 0 0 0 1 0 0 1 0 1 0 1 1 1 0 1 0 0 1 0 0 0 1 1 0 
0 1 1 1 1 1 0 0 1 0 1 1 1 1 1 0 1 1 1 1 1 1 1 1 0 1 0 0 1 1 0 1 0 1 1 0 0 1 0 1 1 1 0 0 0 0 0 0 1 0 1 0 1 0 0 1 1 0 1 0 1 0 0 0 1 1 0 0 0 
0 1 1 1 0 0 0 0 0 0 1 0 1 1 1 1 1 0 0 1 0 1 1 0 1 1 1 0 1 1 0 1 1 1 0 1 1 0 1 0 0 0 0 1 1 0 0 1 0 1 0 0 0 1 0 1 0 0 1 1 1 1 0 0 0 1 1 0 1 
0 0 0 0 0 1 0 0 0 1 1 1 1 1 1 1 0 0 1 0 1 1 1 0 1 0 0 0 1 0 0 0 0 0 0 1 1 0 1 1 1 0 0 1 0 1 0 0 1 1 0 0 0 1 0 0 1 1 0 1 1 0 1 0 0 1 1 0 0 
0 1 1 1 0 0 1 1 0 1 1 0 1 1 0 0 0 0 0 1 1 1 0 1 0 0 0 1 1 0 1 0 1 1 1 1 1 0 1 0 1 0 0 0 1 0 0 1 1 0 0 0 1 1 1 1 1 1 1 1 1 0 1 1 1 0 0 1 0 
1 1 1 1 1 1 1 1 1 0 0 0 1 0 1 0 0 1 1 1 0 0 1 0 1 0 0 1 0 1 1 0 0 0 1 1 1 0 0 1 1 1 1 0 1 0 0 1 1 1 1 1 0 0 0 1 0 0 1 0 1 0 0 1 1 0 0 0 0 
0 1 1 1 0 1 1 1 1 0 0 1 1 0 1 1 0 0 1 0 1 0 1 0 0 0 1 0 0 1 1 0 1 0 0 1 0 1 0 1 1 1 0 1 1 1 0 1 0 0 1 1 0 0 1 0 0 0 1 0 0 0 0 1 0 0 0 0 1 
1 0 1 0 0 0 1 0 0 0 0 0 1 1 0 1 1 1 1 1 0 1 1 0 1 0 0 0 1 1 1 0 1 0 0 1 0 1 1 1 1 1 1 0 1 0 1 0 1 0 1 1 1 1 1 0 1 1 0 0 0 0 0 1 0 0 1 1 1 
0 0 0 0 1 0 1 1 1 1 0 1 0 1 0 1 0 1 1 0 1 1 0 1 0 0 0 0 1 1 0 1 1 0 1 0 1 0 0 0 1 0 0 0 0 0 1 0 1 0 0 1 0 1 0 0 1 0 0 0 1 0 1 0 1 1 1 0 1 
1 0 1 1 0 1 1 1 0 0 0 1 0 1 1 1 0 1 0 0 1 0 0 0 0 0 1 1 1 1 0 0 1 1 0 0 0 1 1 1 1 1 0 0 1 1 1 1 0 0 1 1 0 1 1 0 0 0 1 1 1 0 0 1 1 0 1 0 1 
0 1 1 1 1 1 0 0 0 1 0 0 1 1 1 0 1 1 0 1 1 0 1 1 0 0 0 0 1 0 1 1 1 0 0 0 1 1 0 0 0 0 0 1 0 1 0 1 1 0 0 0 0 1 1 0 1 1 0 0 0 0 1 1 0 0 0 0 1 
0 0 1 1 0 1 1 0 1 0 1 1 0 1 0 0 0 0 1 1 1 0 1 1 1 1 1 1 1 1 0 1 1 0 0 0 1 1 0 0 1 1 1 0 0 1 0 0 0 1 1 1 1 1 0 1 0 1 0 1 1 1 0 0 1 1 0 0 0 
0 0 0 1 1 0 1 1 0 1 1 1 1 0 1 0 0 0 0 1 0 1 0 1 1 1 0 0 1 0 1 0 0 1 1 0 1 1 1 1 0 0 0 1 0 1 1 0 1 1 1 0 0 0 1 0 1 0 0 0 0 1 0 1 0 0 1 1 1 
0 0 1 0 1 1 0 0 0 0 0 0 1 0 0 1 1 0 0 1 1 1 0 0 1 1 1 1 0 0 0 0 1 0 0 0 1 0 0 1 0 0 1 1 0 0 1 0 0 1 1 1 0 1 0 0 0 1 1 0 1 0 0 0 0 0 0 1 0 
1 0 0 1 0 0 0 0 1 0 0 0 1 0 1 1 0 1 1 1 0 0 0 0 0 1 0 1 1 1 1 0 0 0 0 0 0 0 0 1 0 0 1 1 0 0 0 0 1 0 1 0 0 0 0 0 1 1 1 0 0 1 1 0 1 1 0 1 1 
0 0 1 1 1 0 1 0 1 0 1 1 1 1 1 1 0 1 0 1 1 1 1 0 0 0 1 1 0 0 0 1 0 1 0 1 1 1 1 0 1 1 1 1 0 0 0 0 0 1 1 1 0 1 1 0 1 0 1 1 0 1 0 0 0 0 1 1 0 
1 0 1 0 1 0 0 0 1 1 0 0 0 1 0 1 0 0 0 0 1 0 0 0 0 0 0 1 1 1 1 0 1 0 0 1 1 1 1 0 0 1 0 0 0 0 0 0 0 0 0 1 0 0 1 1 0 1 0 1 0 1 0 0 1 0 1 0 1 
0 0 1 1 0 0 1 0 0 1 0 0 1 1 1 1 0 0 1 1 0 0 0 1 0 0 0 1 1 1 0 1 1 0 0 0 0 1 0 0 0 1 0 1 0 1 0 1 1 1 0 1 1 0 0 0 0 1 1 1 0 1 0 1 1 0 1 1 1 
0 1 1 1 0 0 1 1 0 0 1 1 1 0 1 1 1 1 0 0 0 1 0 1 0 1 1 0 1 0 0 1 0 1 0 0 0 1 1 0 0 0 0 1 1 1 0 0 0 0 0 0 0 0 1 0 1 0 0 0 1 0 1 1 0 1 1 0 1 
0 0 1 1 0 0 0 1 0 0 1 1 0 1 1 0 1 1 1 1 1 0 0 0 1 1 0 1 0 0 0 1 0 1 0 1 1 0 0 1 0 0 0 0 1 1 0 0 0 1 0 0 1 0 0 1 0 0 0 0 0 0 1 0 1 1 1 0 1 
0 1 1 0 0 1 1 1 1 0 0 1 0 0 0 0 0 1 0 0 1 1 0 1 0 0 0 0 0 0 1 0 0 1 0 0 0 1 1 0 1 1 1 1 1 1 0 1 1 0 1 0 1 1 0 0 0 0 0 0 1 1 0 1 0 0 1 1 1 
0 1 1 0 0 0 1 1 0 1 0 1 0 1 0 0 1 0 0 1 0 0 0 0 0 1 0 0 0 1 1 1 0 0 1 0 1 0 0 1 1 0 0 0 1 1 0 0 1 0 0 0 0 0 0 0 0 0 0 0 0 1 1 0 0 0 1 1 1 
1 0 0 1 1 0 1 0 0 1 1 0 1 1 0 0 1 0 0 0 0 0 0 0 0 0 0 0 1 1 1 0 1 0 0 0 0 1 0 1 0 0 1 0 1 0 0 1 0 0 1 1 0 1 1 0 1 1 1 1 0 0 1 1 0 1 0 1 0 
0 0 1 0 1 1 0 1 1 1 0 1 0 1 1 1 0 0 0 1 1 1 1 1 1 0 0 0 0 1 1 1 1 0 1 0 1 1 0 0 0 0 1 0 1 0 1 1 0 0 0 1 1 1 1 0 1 1 1 0 0 0 1 1 0 0 1 1 0 
1 1 0 1 0 1 0 0 0 1 1 0 1 0 0 0 1 0 0 0 1 0 0 1 1 1 1 1 1 0 1 0 1 0 0 1 1 0 0 1 0 1 0 1 1 0 0 1 0 0 1 0 0 0 1 1 1 1 0 0 1 0 1 1 0 1 0 1 1 
0 0 1 1 0 1 1 0 1 0 1 1 1 1 1 1 0 0 1 1 0 1 1 0 0 0 0 1 0 1 1 1 0 0 0 0 1 1 1 0 1 0 1 1 1 0 0 1 0 1 1 1 1 0 1 1 0 0 1 0 1 0 1 1 0 0 0 0 1 
1 0 1 1 0 0 0 0 0 1 1 0 0 0 1 0 1 0 0 1 1 1 1 1 0 0 0 0 0 0 0 1 0 1 0 0 1 0 1 1 0 0 1 0 0 0 1 1 1 1 1 0 0 0 0 1 0 0 1 1 0 1 0 0 0 1 1 1 1 
0 1 1 0 0 0 0 1 1 1 0 0 0 0 1 0 0 0 1 0 1 0 0 1 0 1 1 1 0 1 1 0 0 0 0 0 0 0 1 1 1 1 0 0 0 1 0 0 1 1 1 0 1 1 1 0 0 1 1 0 0 0 0 0 1 0 0 1 0 
0 1 0 1 1 0 1 0 0 0 1 0 1 1 1 0 1 1 1 0 1 1 0 1 0 0 0 0 0 0 1 0 1 1 0 0 1 1 0 1 1 1 1 0 0 1 1 1 0 0 1 1 1 1 1 1 1 1 0 0 1 1 0 0 0 0 0 1 0 
