59 58 2162
35 13 2 51 79 14 22 81 60 82 53 55 50 18 70 33 12 89 18 19 65 43 63 75 71 28 36 21 69 33 64 3 97 17 5 75 31 27 7 42 8 60 97 57 29 18 90 92 7 59 11 71 53 73 97 23 53 32 
95 21 16 10 23 13 27 28 87 9 6 94 50 13 5 98 70 33 16 11 24 74 21 86 96 73 59 93 48 11 76 42 31 92 52 5 4 30 84 42 38 89 87 39 2 91 37 23 75 4 85 51 29 5 36 24 29 46 
16 76 8 92 70 38 35 21 95 90 50 78 31 39 19 70 77 20 60 65 94 87 20 78 37 48 34 72 72 62 70 39 90 77 82 59 67 16 31 61 5 80 90 88 70 8 57 98 79 68 63 24 54 34 1 42 82 34 
66 5 48 35 43 89 11 77 47 77 92 77 37 97 8 79 84 77 86 92 74 17 59 88 40 65 22 93 58 55 78 23 11 77 57 5 65 68 81 11 44 73 87 33 21 46 11 56 74 48 99 48 64 9 87 56 73 60 
48 83 66 77 5 76 54 62 33 18 29 65 29 24 89 67 56 9 13 18 16 38 66 14 85 81 23 24 36 47 83 35 29 1 12 34 28 65 47 60 82 27 25 62 50 13 81 58 74 45 75 89 82 92 55 19 73 77 
42 60 75 76 47 4 76 10 89 4 26 35 15 59 61 91 21 10 4 1 19 29 45 94 17 26 37 71 44 9 99 37 21 74 13 19 29 40 28 17 43 53 3 10 11 63 100 31 24 55 83 43 83 27 88 52 5 24 
22 100 85 73 37 57 98 49 75 26 40 2 94 83 6 96 44 16 58 43 99 33 98 33 27 80 12 66 31 16 42 5 67 26 29 3 34 26 3 60 51 43 13 96 77 18 91 20 85 100 62 35 32 11 68 11 91 79 
76 73 46 17 29 12 94 57 15 27 82 17 86 84 11 98 79 87 67 21 6 52 20 20 86 4 30 53 14 72 83 89 97 28 6 25 40 99 34 54 78 15 22 63 51 33 13 81 19 31 2 77 82 73 96 20 76 77 
24 89 49 7 30 97 86 35 21 25 85 54 30 62 21 52 77 23 36 41 3 6 71 56 34 5 29 29 24 56 58 99 97 58 57 26 54 43 60 26 67 44 80 97 58 52 100 34 26 87 74 80 92 44 36 26 48 16 
6 23 23 15 74 19 72 30 44 25 72 55 3 91 51 34 39 8 85 90 41 10 76 66 41 19 9 76 96 9 43 2 83 18 68 56 36 40 38 80 16 61 86 18 51 36 51 89 43 87 78 35 48 5 100 89 24 9 
16 19 69 11 72 51 28 40 59 63 31 96 94 46 56 80 16 59 67 18 99 10 5 29 44 4 33 44 92 56 4 60 27 24 70 98 74 97 37 84 11 19 79 57 65 87 88 80 45 54 97 43 15 53 71 59 57 4 
54 100 11 9 59 37 32 28 87 57 76 75 41 87 94 71 43 58 57 30 89 53 35 37 48 50 42 18 8 98 73 13 97 36 73 8 24 4 35 10 60 11 85 52 49 30 23 91 87 31 72 27 84 6 15 31 55 56 
100 14 5 25 78 54 60 50 61 83 5 95 45 17 57 81 68 5 10 42 47 48 73 70 74 8 28 40 90 34 96 41 48 100 65 77 5 76 27 65 11 83 60 55 99 68 35 67 25 44 60 23 91 84 93 16 43 72 
55 32 5 2 25 4 54 89 81 58 65 59 23 27 41 34 81 92 53 67 10 77 10 69 52 52 53 96 19 95 67 25 79 23 27 3 27 32 43 59 41 59 17 15 85 9 48 65 100 53 31 61 81 92 30 32 95 34 
27 13 80 45 90 58 68 68 12 46 99 55 4 39 13 72 54 98 32 53 14 32 57 97 92 38 88 73 69 83 6 48 47 38 92 36 95 11 3 59 56 53 65 59 44 77 82 97 26 14 1 40 97 58 88 40 95 75 
13 15 9 70 14 8 7 58 95 54 68 50 64 76 2 28 86 45 4 68 93 82 33 94 73 29 3 60 68 49 86 32 63 47 54 29 54 12 86 48 65 5 49 28 80 51 7 66 47 11 85 40 44 17 85 16 97 39 
27 64 87 12 48 1 58 1 29 63 64 66 11 29 71 59 8 50 61 67 67 8 77 3 99 72 19 35 87 15 73 13 31 59 76 78 11 34 30 92 96 93 57 58 73 27 69 33 29 81 99 95 40 27 98 38 98 68 
72 36 35 44 100 65 54 75 94 65 60 75 56 8 19 64 17 92 91 85 76 19 18 26 65 57 4 14 95 1 34 18 88 68 62 39 32 67 13 25 83 25 51 90 84 69 54 100 60 44 37 87 14 54 12 30 10 15 
96 56 67 29 74 6 96 87 44 79 53 9 3 36 33 5 25 68 73 78 67 85 73 3 71 38 8 35 20 18 1 15 73 20 43 98 25 90 84 69 68 37 77 22 24 61 26 48 80 98 26 46 82 50 1 5 88 8 
39 7 77 91 73 2 10 15 99 35 4 83 55 23 71 83 44 94 43 69 41 22 66 18 19 100 20 19 4 59 79 94 65 55 84 89 56 94 3 55 80 58 89 34 80 59 16 23 4 10 43 44 83 60 14 53 59 33 
72 14 91 50 7 7 56 91 95 12 36 49 18 67 58 6 100 89 16 67 63 19 28 5 14 10 64 79 62 23 63 85 36 5 86 95 63 42 37 9 5 24 9 22 90 66 27 41 54 94 7 68 12 34 72 77 95 88 
56 8 10 70 45 97 75 82 91 37 23 79 98 79 2 6 100 91 72 78 31 77 71 89 97 34 22 68 11 68 55 18 28 16 39 72 65 13 53 7 2 28 86 99 6 87 4 6 30 27 35 60 56 6 49 52 39 22 
71 1 42 78 70 69 93 9 40 9 73 44 16 74 23 1 24 81 39 80 86 68 58 72 80 13 77 28 16 68 1 87 20 42 16 90 10 8 50 1 17 22 97 84 48 19 36 71 99 26 2 36 94 60 8 25 24 36 
4 92 3 4 30 23 46 45 64 7 4 13 8 72 34 56 55 33 74 90 56 73 16 57 60 61 68 19 85 44 55 88 35 57 43 16 31 40 60 94 47 15 58 6 87 44 61 41 76 86 83 83 10 50 40 70 62 59 
88 98 54 42 85 40 51 79 55 33 19 66 79 17 81 36 22 67 31 34 59 7 19 41 41 81 42 80 50 3 91 89 100 44 83 36 84 85 67 90 17 85 56 95 1 36 83 74 2 65 7 60 23 77 53 64 57 94 
95 58 49 85 47 100 81 81 36 16 65 2 5 81 38 60 28 90 95 62 63 96 26 21 8 49 49 60 12 6 53 6 15 53 43 13 53 23 93 40 38 57 41 42 90 30 54 69 19 48 82 33 96 59 53 3 59 53 
62 70 10 66 28 25 19 22 37 23 96 30 62 85 38 54 26 79 83 31 99 53 79 80 85 74 39 89 28 97 41 41 19 51 6 98 27 76 71 63 50 66 44 11 50 34 64 27 12 46 58 11 50 36 42 34 61 32 
74 88 81 15 28 99 17 85 48 95 13 18 9 62 35 53 73 84 38 88 10 1 86 19 63 35 54 5 69 66 36 94 5 16 60 84 66 28 69 65 22 33 34 31 46 68 35 18 51 72 58 13 72 43 31 87 77 37 
91 97 54 78 91 59 46 50 42 63 78 62 28 99 94 13 81 40 81 15 9 83 86 66 47 10 60 30 96 37 66 38 33 19 15 75 29 12 25 71 75 54 84 54 4 78 18 85 69 98 99 29 33 37 47 79 46 6 
8 93 94 25 30 27 96 96 1 24 8 77 46 34 30 30 87 86 59 56 70 79 54 68 7 38 4 5 16 1 11 76 93 4 52 22 82 47 70 35 23 77 63 68 10 45 49 48 30 59 3 99 37 8 18 44 45 22 
100 13 74 10 40 67 66 91 40 99 90 9 85 64 37 48 31 98 44 32 45 73 90 100 23 27 59 40 22 4 13 21 68 87 83 59 5 100 1 96 50 90 57 35 53 93 34 36 91 77 19 87 49 8 86 71 86 45 
62 59 100 75 80 19 13 14 77 69 65 77 64 14 19 20 48 71 13 81 58 55 57 76 41 57 36 79 79 73 23 41 32 74 67 63 92 31 76 68 99 40 44 14 53 62 34 53 85 98 33 94 4 42 70 44 98 57 
22 77 29 96 69 60 69 35 22 60 65 49 27 15 40 23 28 45 36 13 97 72 62 81 66 65 22 87 9 20 43 82 48 23 78 16 35 46 2 56 6 18 57 84 32 96 6 11 92 94 24 88 65 85 69 30 2 90 
68 10 61 62 91 60 85 68 75 19 14 28 26 71 45 34 54 76 82 12 39 73 5 14 61 21 50 81 3 51 22 70 12 35 32 3 94 68 22 21 86 87 48 63 57 93 97 63 20 78 74 10 50 30 23 62 50 73 
94 52 23 16 74 35 50 5 89 43 72 10 15 9 49 63 71 57 7 19 19 26 48 44 36 50 25 10 11 75 82 5 78 5 72 51 91 21 55 79 15 78 40 30 38 88 92 61 45 50 79 15 27 79 11 14 28 35 
24 90 61 5 46 39 61 17 89 51 37 96 81 4 73 21 33 11 8 76 23 4 77 1 71 3 79 33 17 58 67 40 48 28 44 93 66 57 10 6 7 98 1 88 1 74 60 85 36 19 12 58 75 88 10 45 43 41 
77 59 98 95 98 45 74 93 90 39 1 99 45 8 48 97 47 1 70 6 37 57 76 49 66 50 88 76 94 30 68 22 40 65 69 89 62 42 34 51 33 34 1 29 93 48 25 39 100 47 96 37 3 72 37 21 73 76 
96 19 58 15 40 97 79 60 86 92 54 19 94 86 4 46 66 97 46 42 87 45 88 83 81 43 6 69 63 78 45 10 96 2 24 88 50 54 99 87 98 52 5 91 89 61 37 6 57 82 48 43 78 87 77 11 29 34 
79 43 64 23 52 11 76 27 50 26 81 49 12 30 52 69 20 93 29 8 98 37 41 45 79 19 32 8 29 12 41 59 7 56 82 58 67 9 37 16 34 69 16 98 98 20 18 69 12 98 77 9 34 69 6 64 39 89 
71 19 100 64 78 6 19 11 16 85 19 4 53 5 72 20 54 21 39 71 89 2 68 17 11 1 38 68 16 76 56 87 95 55 50 72 13 20 82 80 57 52 83 61 56 6 80 9 26 71 79 66 72 98 83 34 50 20 
1 66 95 56 4 41 63 5 12 75 24 45 54 80 97 88 92 52 93 72 13 18 94 43 83 17 41 17 3 42 88 3 7 35 11 62 75 73 66 39 99 42 83 4 21 79 91 65 83 35 88 95 52 81 89 86 49 29 
55 51 23 42 54 29 76 64 43 51 88 8 41 38 49 23 41 22 54 83 86 36 17 73 82 20 5 70 5 53 51 59 4 73 53 9 53 28 24 95 30 11 55 70 100 55 45 40 76 98 74 13 85 90 37 18 61 41 
39 65 46 41 76 49 65 28 57 18 7 32 64 89 42 70 10 93 25 54 32 52 3 5 17 39 46 53 56 6 46 95 22 91 87 49 91 52 28 99 21 35 30 36 75 23 6 84 15 82 90 46 33 92 2 49 31 99 
54 38 56 99 84 77 41 71 78 31 22 5 29 94 91 10 29 65 32 34 1 46 15 90 43 100 33 96 48 15 46 53 53 1 3 88 29 43 58 6 73 31 63 53 24 53 62 53 70 93 38 70 90 53 59 32 52 43 
79 51 58 24 56 62 24 58 49 5 1 59 10 25 89 72 30 65 77 91 69 46 36 6 15 25 58 25 9 61 67 39 64 76 63 19 89 38 76 38 42 28 96 4 53 36 27 82 52 3 24 20 48 11 26 62 88 35 
38 48 48 57 86 63 84 48 33 73 86 60 10 79 88 57 82 92 44 9 25 48 11 100 67 11 11 44 24 98 31 62 45 30 18 30 92 53 30 24 25 15 83 34 93 22 42 27 13 38 35 37 85 97 89 51 7 99 
47 31 96 29 92 92 58 61 73 1 13 2 24 38 68 58 23 13 80 17 39 44 54 25 33 38 21 21 40 28 19 38 58 66 66 1 9 75 13 81 75 25 35 50 14 54 8 89 66 39 5 56 34 10 80 66 99 1 
86 90 28 56 28 37 73 45 37 81 20 49 14 94 25 100 44 39 53 3 79 71 93 83 26 26 44 6 44 42 6 81 31 85 37 58 21 61 55 57 94 74 57 59 67 81 58 62 71 10 16 49 32 60 83 58 38 26 
63 81 19 20 61 50 4 49 59 76 62 13 84 55 86 40 13 5 20 70 18 91 31 86 91 63 97 74 72 34 51 34 14 70 5 27 71 8 75 81 35 36 94 18 42 31 57 54 87 28 75 57 70 58 94 61 72 90 
86 43 24 88 28 89 57 32 15 79 91 42 60 25 29 5 42 71 87 98 76 26 25 51 34 95 60 27 7 31 68 92 73 91 79 100 32 88 83 46 18 73 39 77 97 68 33 38 38 72 35 13 97 11 15 30 57 74 
8 63 56 75 6 28 18 85 79 49 24 61 46 41 33 85 70 81 52 2 18 41 25 4 5 21 15 20 2 23 45 9 86 1 84 91 80 1 27 11 1 50 71 46 43 56 30 12 36 33 65 6 73 90 9 78 62 75 
49 64 98 45 72 35 45 7 77 77 59 4 87 59 5 9 57 47 16 86 58 52 19 75 9 43 64 69 20 25 44 20 40 93 65 12 79 61 70 55 37 29 58 23 39 63 84 95 61 99 33 71 2 3 45 10 45 60 
79 65 36 74 36 76 18 100 39 96 61 8 50 49 88 60 24 79 22 7 73 34 5 57 4 7 59 48 16 4 59 46 20 95 19 55 70 36 7 60 83 19 67 33 67 7 92 90 85 65 48 9 98 53 66 54 59 24 
1 26 79 12 72 98 6 42 5 27 30 11 86 12 29 4 96 47 10 39 89 46 3 36 55 53 40 72 6 50 95 58 76 26 69 99 75 26 40 79 4 21 89 41 85 69 45 80 68 6 19 56 52 73 43 58 77 83 
29 82 32 75 92 59 100 12 57 75 90 49 5 93 21 46 86 5 14 30 85 33 87 55 40 90 79 83 99 56 17 27 89 100 54 32 59 5 44 67 31 85 67 36 29 88 81 14 92 46 95 28 79 34 34 18 23 13 
52 74 20 68 100 8 20 5 92 30 10 87 96 40 71 15 75 99 2 55 13 45 53 59 25 31 92 10 48 15 74 100 40 93 19 39 53 38 44 44 67 5 30 15 44 52 29 71 50 82 77 14 78 29 73 54 59 16 
64 59 82 89 58 21 82 28 60 86 66 55 29 84 11 10 50 54 13 78 24 62 11 1 28 41 81 52 94 40 67 9 98 49 98 7 69 31 34 80 16 51 86 96 87 48 57 36 2 69 66 77 82 76 29 9 68 10 
12 14 1 31 22 50 31 71 8 99 1 41 31 68 44 68 15 30 16 71 17 69 39 82 97 73 10 26 33 77 87 45 90 39 27 64 88 57 86 95 7 39 87 89 6 82 57 21 11 24 43 80 44 34 61 40 6 70 
17 38 99 3 34 88 41 60 3 80 68 89 74 75 27 61 63 84 42 71 4 5 94 99 84 89 32 96 29 37 66 45 26 64 100 12 3 40 23 6 72 91 46 45 65 24 57 79 7 51 50 63 7 95 61 42 84 92 
0 1 1 1 1 0 0 0 1 1 0 0 0 1 0 1 1 0 0 0 0 0 0 1 0 0 0 0 1 1 1 1 0 0 1 1 1 1 0 0 0 0 0 0 1 0 1 0 0 1 0 1 0 0 0 0 0 0 
1 1 1 0 1 1 1 0 1 0 1 1 0 0 1 1 0 0 1 0 0 0 1 1 1 1 1 1 0 0 0 1 1 1 1 0 1 0 0 0 0 0 1 1 0 0 0 0 0 1 0 0 1 0 1 0 1 1 
0 1 1 0 0 0 1 0 1 0 0 1 0 1 1 1 0 1 1 0 0 1 1 0 0 1 0 1 1 0 0 1 1 1 1 0 0 1 0 1 1 0 0 0 1 0 1 1 1 1 1 1 0 1 0 0 0 0 
0 1 0 0 1 0 0 0 0 0 1 0 1 1 0 1 1 0 1 0 1 1 1 1 0 0 0 0 0 0 1 0 1 1 1 0 1 1 1 1 1 0 1 0 1 0 1 0 0 1 1 1 0 0 0 0 0 0 
1 1 0 0 1 0 1 0 0 1 1 1 0 0 0 0 0 1 0 0 0 0 1 1 1 1 1 0 1 0 0 0 1 1 0 0 1 0 1 1 1 0 1 1 1 1 1 1 0 1 1 0 1 0 1 1 1 1 
1 1 1 1 1 0 0 0 0 1 0 1 1 1 0 0 0 1 1 0 0 1 1 0 0 1 0 1 0 0 0 1 1 1 0 0 1 1 0 0 0 0 1 1 1 1 1 0 0 0 0 1 0 1 1 0 0 1 
1 0 1 0 1 0 1 0 1 1 1 1 1 1 0 0 1 1 0 0 1 0 1 1 1 1 1 0 1 1 0 0 0 1 0 1 0 0 1 1 1 0 0 0 0 0 0 1 0 0 1 1 1 0 1 0 1 0 
1 0 1 1 1 1 0 1 1 0 1 0 1 0 1 0 0 1 0 1 0 0 1 1 0 0 0 1 1 1 1 0 0 0 1 1 0 1 0 1 0 0 1 1 0 0 1 1 1 0 0 1 0 1 1 0 0 1 
1 1 0 0 1 0 1 0 1 1 1 0 0 1 0 1 1 0 0 0 1 1 0 1 1 1 1 0 1 1 1 1 0 1 1 1 0 0 1 1 1 0 1 1 0 1 1 1 0 1 1 1 0 0 1 1 1 0 
1 0 1 0 1 1 0 1 0 0 1 1 1 1 1 1 0 1 0 1 0 0 0 0 0 1 0 1 0 1 1 0 1 0 0 1 1 0 0 1 0 1 0 0 0 1 1 1 1 1 0 1 0 1 1 0 0 1 
1 0 0 0 0 0 0 1 1 1 1 1 0 0 0 0 0 1 1 1 0 0 0 0 0 0 1 1 0 1 1 1 0 1 1 0 1 1 1 0 0 1 1 0 1 0 0 1 1 0 0 1 0 0 1 0 1 1 
0 1 0 1 1 0 0 0 1 0 0 0 0 0 1 0 1 0 0 1 1 1 1 1 0 0 0 1 0 1 0 0 0 1 1 1 1 0 0 0 0 0 1 0 0 0 0 1 1 0 1 0 1 0 0 1 0 0 
1 1 1 1 1 1 0 1 1 0 1 1 0 1 1 1 1 1 0 0 1 1 0 0 1 0 0 1 1 1 1 0 0 0 0 1 0 0 0 1 0 1 0 1 0 1 0 0 0 0 0 1 1 0 1 1 0 0 
0 0 1 0 0 1 0 0 0 0 1 1 1 1 0 1 0 1 0 1 1 1 1 1 0 1 1 0 0 0 0 0 0 1 0 0 0 1 1 0 1 0 1 1 1 0 0 0 1 1 1 0 0 0 1 0 1 0 
0 1 0 0 0 0 1 0 1 1 1 0 0 1 0 1 0 1 1 0 1 0 1 0 0 1 1 1 0 0 0 0 0 0 1 0 1 0 0 0 0 0 0 0 1 0 1 1 1 1 1 1 1 1 1 0 0 0 
1 0 1 1 1 1 0 0 1 1 0 1 1 0 1 1 0 0 1 0 1 0 1 1 1 0 0 1 0 0 1 0 1 0 1 0 1 1 0 0 0 0 0 1 1 1 0 1 0 1 1 1 0 0 0 1 1 0 
0 1 1 0 1 0 0 1 0 0 0 0 0 1 0 0 0 1 0 1 1 0 0 0 1 0 1 0 0 0 0 0 1 1 0 1 1 1 0 1 1 0 1 1 1 0 0 0 1 0 1 0 0 1 1 1 0 0 
1 0 0 0 0 1 1 1 0 1 0 0 0 1 1 0 0 0 0 0 0 1 0 1 0 0 1 1 0 1 1 1 1 1 1 1 0 1 0 1 0 0 1 0 1 0 0 0 1 0 0 1 0 1 1 0 1 0 
1 1 1 0 1 0 1 0 1 1 1 0 0 1 0 0 0 0 0 0 0 1 1 0 1 1 1 0 1 1 0 0 0 1 0 1 1 1 0 0 0 1 0 1 1 1 1 1 1 1 1 1 1 0 1 0 1 1 
0 0 0 0 0 0 1 0 0 0 1 0 0 0 1 1 1 0 0 0 1 1 1 1 0 0 1 1 0 1 0 0 1 0 0 0 1 1 0 1 1 0 1 0 0 0 1 1 1 1 1 0 0 0 1 0 1 1 
1 1 0 0 0 1 0 0 1 1 0 0 0 1 0 1 1 0 0 0 1 1 1 0 1 1 0 1 1 1 0 1 1 0 1 1 1 1 1 1 1 1 1 1 1 1 1 0 1 1 1 0 0 0 0 1 0 0 
0 1 0 0 0 1 0 1 0 0 1 1 1 0 1 0 1 0 1 0 0 0 1 1 0 1 0 0 1 0 0 1 1 0 0 0 1 0 1 1 0 0 1 1 0 0 1 0 0 0 0 0 0 0 0 0 1 0 
0 0 0 1 0 1 1 0 1 1 0 1 0 1 1 1 0 0 1 0 0 1 0 0 0 1 0 0 1 0 0 0 0 0 1 0 1 0 0 1 1 1 0 0 0 1 1 0 1 1 0 1 0 1 0 0 0 0 
0 1 0 0 1 1 0 0 1 0 1 0 1 0 1 1 0 1 0 0 1 0 1 0 1 1 1 1 0 1 0 0 0 0 1 0 1 1 0 1 1 1 1 0 0 0 1 0 1 0 0 0 0 1 0 1 1 1 
1 1 0 1 1 1 1 0 1 1 0 1 0 1 1 1 0 1 1 1 1 0 1 0 0 1 1 1 1 0 0 0 1 1 1 1 0 0 1 1 1 1 0 1 1 1 0 1 0 1 0 0 1 0 0 0 1 1 
1 0 0 1 0 1 0 1 0 0 0 0 1 1 1 0 1 0 1 1 1 0 1 0 0 0 0 0 0 1 1 1 0 1 1 0 1 1 0 1 0 0 1 1 1 1 1 0 1 1 0 1 1 1 1 1 1 1 
1 0 0 0 1 0 0 0 1 1 0 1 0 0 1 0 1 0 1 1 1 0 0 1 1 1 0 0 0 1 1 1 1 0 1 1 0 1 1 1 0 1 0 1 1 1 1 1 0 0 0 1 0 0 0 0 1 0 
0 1 1 0 0 1 0 1 0 0 1 1 0 1 1 0 0 0 0 1 1 0 1 1 1 0 1 1 0 0 1 0 1 0 0 1 1 0 1 1 1 0 1 1 1 0 1 0 0 1 1 0 1 1 1 0 1 1 
1 1 1 0 1 1 1 0 0 0 0 1 0 1 1 1 0 1 1 0 1 1 1 0 1 1 1 1 1 0 0 1 1 1 1 1 0 0 1 1 1 1 0 1 1 0 0 1 1 1 1 0 0 1 0 0 0 0 
1 1 0 1 0 0 0 0 1 1 0 0 0 1 1 0 0 0 0 0 0 1 1 1 1 0 0 0 0 0 0 1 0 0 0 0 0 0 0 1 1 1 1 1 0 1 0 1 1 0 1 1 0 1 1 1 1 1 
1 1 0 1 0 0 0 0 0 0 0 1 0 0 0 1 1 0 0 1 1 0 0 1 1 0 0 0 1 1 0 1 0 0 0 0 0 0 0 0 1 0 1 1 0 1 0 0 0 1 1 1 1 1 0 0 1 0 
1 1 1 1 0 1 1 0 1 1 1 1 1 0 0 1 1 0 0 1 0 0 0 0 0 1 1 0 0 1 1 1 0 0 0 0 0 1 0 1 0 1 1 1 1 1 0 0 1 1 0 0 1 0 0 1 0 1 
0 0 0 1 1 0 1 1 0 1 0 1 1 0 0 0 1 0 1 0 0 0 1 0 0 0 1 0 0 1 0 0 1 0 1 0 1 0 1 1 0 1 0 1 1 1 1 0 1 0 0 1 0 1 0 1 0 1 
1 0 0 1 0 1 0 1 1 1 1 0 0 1 1 1 0 0 0 1 0 1 1 1 0 0 0 0 1 0 1 0 0 1 0 0 0 0 1 1 1 1 1 1 0 0 0 1 0 0 0 1 1 0 0 0 0 0 
0 1 1 0 1 1 1 1 0 0 1 1 1 0 0 1 0 1 1 0 0 0 1 0 1 0 0 1 0 0 1 1 1 0 1 1 0 0 0 0 0 0 1 0 0 0 1 0 1 0 1 1 0 0 1 1 0 0 
0 1 0 0 0 0 0 1 1 0 1 1 0 0 1 0 0 0 0 1 0 1 1 1 0 0 1 1 1 0 1 0 1 0 0 1 0 0 0 1 1 1 0 1 1 0 1 1 0 1 0 0 0 0 0 0 0 1 
0 1 1 1 1 0 1 1 1 1 0 1 0 1 1 1 0 0 1 0 0 1 1 0 1 0 0 1 0 0 1 0 0 0 0 1 1 1 1 0 1 1 0 1 0 1 0 0 1 1 0 1 0 0 0 0 0 0 
1 0 1 0 1 1 1 1 0 0 0 1 0 1 0 0 1 0 1 1 1 1 1 1 0 1 1 0 1 1 1 1 0 0 1 1 1 0 0 1 0 0 1 1 0 1 1 1 0 1 0 1 0 1 0 0 1 0 
1 0 1 0 1 1 0 1 0 1 1 0 0 0 1 1 1 1 1 0 0 1 1 0 0 1 0 0 0 1 0 1 1 0 1 1 1 1 0 0 0 1 0 0 1 1 0 0 0 1 1 0 0 0 1 0 0 1 
0 0 0 1 1 1 1 0 0 0 1 0 0 1 0 1 1 1 0 1 0 1 0 1 1 0 1 0 0 1 1 1 1 1 0 0 1 1 0 1 1 1 0 0 0 0 1 0 1 1 1 1 0 0 0 0 0 0 
0 1 1 0 0 1 1 0 1 0 1 0 0 0 1 0 0 0 0 1 0 1 1 1 1 1 1 1 1 0 1 0 1 1 0 1 0 1 1 1 0 0 1 0 0 1 0 1 1 0 0 1 1 1 0 0 1 0 
0 0 0 1 0 1 0 0 0 0 0 1 0 0 1 1 0 1 0 0 0 1 0 1 0 1 0 1 0 1 1 0 0 1 1 0 0 0 1 0 0 1 1 0 1 0 0 1 1 0 1 0 0 1 1 0 0 1 
1 0 1 0 0 1 1 0 1 1 0 0 1 0 1 0 1 0 0 1 1 0 1 0 0 1 1 1 0 0 0 1 0 1 0 1 0 1 1 0 1 1 0 0 1 0 1 0 0 1 1 0 1 1 0 1 0 0 
0 0 0 1 0 0 0 0 1 1 1 0 1 0 1 1 1 1 1 0 1 0 1 1 0 1 0 0 0 0 0 1 1 0 0 1 1 0 1 0 1 0 1 0 1 0 0 0 1 1 0 1 1 1 0 1 0 0 
0 1 0 0 0 1 1 0 0 0 0 1 0 0 0 1 0 1 0 0 1 1 0 1 0 1 0 0 1 1 0 1 0 1 1 0 0 0 0 1 0 0 0 1 0 0 0 1 1 0 1 0 0 1 1 0 1 0 
1 0 1 1 1 1 0 0 1 1 1 1 0 1 1 0 0 0 1 1 1 0 1 0 1 1 0 0 0 1 0 1 1 1 0 0 0 1 0 1 0 1 0 0 1 0 0 1 0 1 0 1 0 0 1 1 1 1 
1 1 0 0 0 1 1 1 1 0 0 0 1 0 1 0 0 0 0 0 0 0 0 0 1 0 0 0 1 0 0 0 1 0 0 0 0 0 1 1 0 1 1 1 1 1 1 1 1 1 1 1 1 1 0 0 1 0 
1 0 0 1 1 0 1 1 0 1 1 1 1 1 0 0 1 1 1 0 0 1 0 1 0 1 1 0 0 0 1 1 1 1 0 0 1 1 1 1 1 1 0 0 0 0 0 1 1 0 0 1 1 0 1 1 1 0 
0 1 0 1 0 1 0 0 1 0 0 1 1 1 0 0 1 0 0 1 0 0 1 0 1 0 0 0 0 1 0 0 1 1 1 1 0 1 0 0 1 0 1 1 1 1 1 0 1 1 1 1 1 1 1 1 1 1 
1 1 1 0 1 0 1 0 1 1 0 1 1 1 1 0 0 0 1 1 0 1 1 0 0 0 1 0 1 0 1 1 0 0 1 1 0 0 0 0 1 0 1 1 1 1 1 0 1 1 1 0 0 0 0 0 1 1 
0 0 1 0 1 1 0 0 1 1 0 1 1 0 1 0 1 0 1 0 0 1 1 0 1 1 0 1 0 1 0 0 0 1 0 1 1 1 0 0 0 0 1 1 0 0 1 1 0 1 0 1 0 1 1 1 1 1 
0 1 1 0 1 1 1 0 0 0 1 0 0 1 1 1 0 1 1 1 1 0 0 1 1 0 0 0 1 1 1 1 0 0 1 0 1 1 0 0 1 1 0 0 0 1 1 0 1 1 1 0 1 0 1 0 0 1 
0 0 1 1 1 1 0 1 1 1 0 1 1 1 0 0 1 0 1 1 0 0 0 0 0 1 0 1 1 0 1 1 0 0 0 0 1 0 1 1 0 1 0 1 0 1 1 0 1 1 1 0 1 1 0 0 0 0 
1 1 0 0 0 1 0 0 1 0 1 0 1 1 1 1 0 1 0 0 1 0 1 0 0 0 1 0 0 1 0 0 0 0 0 0 1 1 1 0 1 0 0 0 1 1 1 1 1 0 1 0 0 0 1 0 1 0 
0 1 0 0 1 0 0 0 1 0 1 0 0 0 0 1 0 1 0 1 0 1 1 0 0 1 0 1 1 1 1 1 1 1 1 0 0 0 0 1 0 1 1 0 1 1 1 1 0 0 1 0 1 0 0 1 0 1 
0 1 0 0 1 1 1 0 0 1 0 0 0 0 0 1 1 1 0 0 1 0 0 0 1 0 0 1 1 0 0 0 0 1 0 1 0 1 1 0 1 0 1 1 0 1 1 1 0 1 0 1 0 0 1 1 0 0 
0 0 0 1 0 0 0 0 1 0 1 1 1 0 1 0 0 1 1 1 1 1 0 1 1 0 1 0 1 0 0 0 0 1 1 0 1 1 0 1 1 1 0 0 0 1 0 0 0 1 1 1 1 1 0 0 0 0 
0 1 0 1 1 0 0 0 0 1 1 0 0 1 1 0 1 1 1 0 1 0 1 0 1 0 0 0 0 0 0 1 1 0 0 1 0 0 1 0 1 1 0 0 0 1 0 1 1 0 1 0 0 1 1 1 1 1 
1 0 1 1 1 0 1 1 1 1 1 1 1 0 0 1 0 0 1 1 1 0 1 1 0 1 0 1 0 1 0 0 1 1 1 0 0 1 1 1 0 0 0 0 1 0 1 1 0 0 0 0 0 1 1 1 0 1 
