66 61 466
32 94 26 41 77 13 73 84 9 35 52 67 2 93 15 30 16 50 56 39 47 53 32 44 4 93 45 92 59 97 7 91 90 85 83 18 97 7 2 57 41 53 23 95 98 90 24 65 39 31 3 85 35 35 80 38 79 77 29 89 73 
88 79 15 24 13 32 72 19 33 28 12 38 3 6 87 92 81 51 82 11 54 66 45 40 98 34 70 26 14 58 98 53 89 64 76 1 96 47 20 80 27 83 69 29 88 7 72 68 58 53 30 63 70 26 2 67 11 71 92 24 80 
42 77 68 57 4 69 4 3 40 36 29 22 4 9 61 11 80 28 20 84 9 82 53 34 35 72 96 57 15 19 36 8 47 56 65 3 24 68 5 15 55 85 88 59 93 48 21 24 27 92 7 35 73 11 20 59 82 15 15 97 85 
50 56 84 57 72 86 32 40 42 46 46 26 33 4 18 32 76 93 58 19 99 44 91 9 15 1 43 81 15 91 18 17 46 1 73 18 38 5 9 79 2 54 4 87 10 73 18 37 65 28 56 63 71 98 23 38 99 65 18 13 55 
35 29 53 35 54 70 72 58 30 2 59 83 5 45 44 77 15 81 41 42 36 55 64 33 78 1 83 94 19 96 49 5 76 53 92 29 74 15 38 3 17 49 37 21 45 33 98 59 13 90 100 100 45 16 84 22 16 67 15 86 62 
15 91 89 19 82 70 92 96 7 46 12 7 35 85 52 67 34 10 31 23 62 30 67 77 13 40 44 31 7 30 44 73 72 33 92 53 2 83 100 60 81 12 67 15 48 18 81 81 79 11 3 92 92 22 20 56 61 64 87 19 45 
30 92 16 14 83 20 15 17 19 27 49 30 93 63 77 62 95 9 92 57 12 84 48 33 3 4 45 18 90 64 14 71 7 81 85 89 100 51 57 19 77 6 100 21 20 29 82 15 37 74 71 48 9 71 32 63 74 29 33 15 44 
46 37 50 27 21 90 26 72 46 44 100 3 96 21 75 24 54 89 60 27 11 60 35 81 43 50 6 71 82 72 14 27 9 15 5 81 4 83 4 50 78 56 4 73 76 78 96 29 18 8 8 81 67 94 61 9 43 19 32 24 42 
97 3 2 12 59 35 15 41 38 16 19 93 72 91 20 49 39 49 19 46 56 99 64 1 11 72 44 29 55 19 23 52 21 24 15 80 58 29 72 48 97 90 92 68 33 12 16 23 12 34 68 19 84 83 19 95 54 62 23 61 81 
97 64 53 73 78 84 30 6 56 29 54 97 21 21 81 84 89 3 95 74 22 65 58 4 83 52 10 97 26 70 29 23 33 81 95 62 17 76 19 72 57 73 68 29 93 1 12 81 3 58 55 25 74 64 80 56 15 89 4 40 10 
32 14 94 65 8 55 81 36 74 52 44 98 71 72 90 71 35 23 26 44 29 50 17 92 29 24 58 70 28 97 79 59 63 73 23 22 27 3 57 52 6 100 49 29 23 91 99 57 65 24 100 93 25 16 36 6 92 93 75 19 41 
5 29 3 77 4 25 56 6 33 59 64 85 8 92 7 50 42 64 14 18 15 58 94 83 93 99 74 37 25 92 77 82 72 80 10 75 56 65 33 88 76 96 72 35 39 79 84 32 94 49 49 8 6 43 90 98 93 15 34 70 6 
62 51 78 93 60 4 48 77 36 36 52 31 59 86 21 37 21 53 82 69 1 90 74 95 31 23 40 46 8 9 3 69 11 32 62 22 36 61 98 71 48 1 54 7 38 74 95 10 78 77 78 79 18 3 25 48 77 64 45 36 24 
100 57 34 31 18 56 18 30 5 41 78 58 94 84 47 19 78 57 97 6 86 27 23 41 3 23 69 67 67 5 42 66 61 76 49 30 83 66 59 39 58 36 48 51 71 47 22 49 55 18 6 40 96 29 32 98 3 1 16 69 5 
58 87 17 85 87 46 19 4 4 57 62 92 57 64 62 3 85 62 57 54 68 48 49 48 32 99 50 84 66 70 88 23 8 56 59 94 1 77 50 56 86 11 47 42 26 61 96 11 22 4 16 41 51 17 88 34 15 89 17 32 59 
56 55 66 11 13 12 11 42 61 19 27 23 65 68 48 77 15 10 51 18 26 91 20 42 31 54 8 19 22 39 77 78 45 95 40 10 6 3 51 18 21 77 40 37 96 39 14 62 49 64 79 26 6 50 19 36 3 78 55 77 68 
31 54 13 25 93 22 30 95 24 47 67 52 38 4 47 77 69 8 77 32 38 54 37 87 72 73 42 49 79 18 16 9 23 80 86 67 53 67 14 76 66 80 27 3 83 25 31 51 84 59 34 73 12 23 12 83 47 53 83 25 22 
51 33 44 30 18 62 83 37 75 10 2 55 89 56 89 65 87 92 1 45 25 73 57 99 84 91 45 88 26 69 9 76 54 4 5 23 66 39 59 40 1 60 46 41 16 87 5 54 78 5 50 54 30 58 53 13 1 97 1 26 18 
61 1 71 65 57 93 82 48 52 73 100 63 71 40 30 57 44 35 34 1 85 39 30 42 91 94 42 40 46 19 57 7 19 79 23 28 71 56 75 74 28 74 89 98 65 70 6 60 5 39 60 89 78 41 82 20 87 76 59 32 94 
67 90 65 97 64 92 20 19 18 45 99 43 33 48 7 3 54 18 7 44 78 47 21 70 80 93 56 55 3 88 1 70 29 65 18 93 8 37 63 77 82 13 71 66 61 29 20 14 46 78 57 23 24 30 93 4 22 100 10 24 39 
10 45 68 26 15 12 85 51 26 13 84 39 83 50 99 11 69 64 57 47 72 79 22 53 23 25 26 75 87 2 13 48 98 80 26 12 43 10 63 69 23 46 7 57 47 57 68 16 72 24 14 95 54 35 48 29 12 25 3 98 26 
15 97 24 47 22 35 41 84 49 9 58 47 67 14 93 75 81 60 98 4 73 93 58 8 92 38 19 16 40 68 94 6 64 69 52 38 55 93 21 4 53 78 50 72 91 94 46 72 54 44 27 78 88 36 85 31 73 55 98 64 74 
91 70 90 59 73 27 14 17 47 69 70 24 70 41 66 15 38 37 68 33 16 46 72 51 82 2 76 89 100 39 62 42 8 51 1 81 29 66 97 75 86 18 50 7 10 16 21 48 4 41 32 19 86 4 22 19 57 97 7 56 35 
21 98 43 23 50 75 52 67 71 78 4 41 28 10 50 43 30 49 46 70 81 17 7 36 38 78 92 34 36 100 68 56 49 62 31 50 36 34 68 59 11 71 51 38 80 100 32 61 49 30 83 81 46 89 16 83 18 59 68 54 58 
35 61 6 49 91 7 36 76 74 46 87 44 96 76 75 96 8 36 96 37 70 76 82 58 43 16 76 1 83 81 59 69 41 16 17 32 23 53 7 96 98 45 92 94 21 66 41 28 53 36 16 22 63 49 32 5 64 7 5 46 39 
15 66 79 31 83 62 5 87 21 52 36 65 43 29 85 9 21 64 61 8 79 83 70 79 14 74 42 72 31 39 10 45 5 88 27 39 2 31 25 22 83 60 86 77 41 23 85 13 38 98 21 69 80 90 47 45 16 89 68 46 27 
77 90 83 16 17 21 17 99 97 38 33 57 76 10 49 98 46 61 35 43 81 3 74 23 50 18 38 90 85 83 68 13 24 51 29 92 23 97 91 20 87 75 28 62 36 76 11 82 36 45 24 69 100 50 91 1 67 28 90 4 62 
9 16 85 59 96 77 34 93 19 53 31 93 32 92 81 7 2 62 94 98 37 62 49 86 52 49 5 31 90 8 92 99 75 77 9 71 5 94 15 75 98 45 19 29 88 99 35 41 60 29 90 49 42 39 86 94 39 42 24 81 49 
68 31 76 96 39 46 100 85 12 74 82 8 92 11 47 91 97 87 2 77 76 2 19 66 40 64 57 81 39 37 30 6 67 57 1 57 54 100 41 65 25 75 24 69 85 70 59 33 8 12 10 35 66 80 1 5 43 9 85 81 45 
66 87 11 22 87 19 75 39 12 91 15 86 66 83 22 35 93 54 94 5 63 29 22 42 81 26 36 89 10 17 33 28 3 95 49 41 65 76 31 76 18 46 61 84 28 82 70 21 88 64 77 50 92 50 44 72 75 79 60 36 47 
44 63 1 38 64 42 54 91 24 30 8 69 90 91 49 24 61 21 11 24 97 12 67 46 7 38 72 38 49 59 84 44 22 85 33 37 78 86 27 1 15 34 22 57 77 70 80 89 90 42 12 38 53 30 35 60 19 6 49 67 64 
32 10 37 68 42 73 97 27 51 98 94 85 19 50 61 40 29 1 29 70 12 66 74 93 100 85 11 57 33 29 72 17 90 61 84 83 33 81 61 36 30 54 20 100 3 32 39 83 32 19 4 95 84 30 87 35 14 49 43 99 29 
66 15 18 26 50 100 11 82 12 46 11 66 65 62 20 48 100 55 31 18 10 25 53 39 63 39 5 63 33 3 91 99 17 60 24 66 59 86 100 22 31 10 87 47 72 59 94 23 65 76 93 74 52 97 65 14 88 69 28 20 23 
18 18 39 77 94 56 87 79 55 9 10 17 47 8 40 57 54 62 21 29 6 47 81 3 63 46 90 31 74 61 53 43 31 43 72 24 50 10 54 57 70 15 73 69 23 12 25 76 25 98 4 83 96 36 85 58 82 26 40 7 38 
44 49 68 86 72 43 87 82 97 43 51 63 15 71 85 78 96 12 55 45 68 37 92 3 73 1 36 50 40 42 87 83 43 55 20 14 49 6 95 45 49 98 60 15 68 44 93 15 8 99 11 27 35 54 29 59 54 17 8 93 58 
46 75 100 52 46 66 1 52 12 97 100 61 56 14 81 52 58 47 11 56 58 37 42 63 17 52 17 33 11 9 43 57 36 94 8 81 59 60 32 71 57 83 31 12 97 63 15 6 10 25 14 19 61 7 81 78 59 97 62 69 6 
4 77 93 98 37 25 56 96 9 78 52 91 61 16 39 23 30 97 32 7 10 50 67 16 31 96 26 27 58 47 84 61 23 28 58 59 53 66 7 61 43 58 3 3 25 42 26 7 38 9 13 99 59 79 66 41 27 92 67 84 90 
3 44 64 30 54 75 34 19 81 94 13 38 49 16 15 90 93 21 79 1 33 29 11 63 94 51 89 85 70 72 26 72 68 90 53 21 64 87 91 44 32 3 33 80 18 47 21 62 67 51 15 51 79 77 14 73 28 2 9 97 26 
35 20 93 24 72 65 87 58 55 30 90 57 14 21 27 61 42 40 79 92 54 30 71 31 95 43 10 48 51 58 73 85 77 17 60 100 33 98 10 39 79 99 96 93 19 74 53 60 65 83 4 71 12 74 1 6 68 62 6 18 19 
78 55 47 47 66 98 79 64 7 70 42 5 65 34 76 90 38 87 54 21 90 24 84 15 76 42 82 89 47 52 59 76 58 5 74 23 55 5 86 61 74 80 66 90 13 93 79 3 31 84 23 21 60 58 87 87 51 69 76 97 72 
34 25 29 91 98 51 45 2 89 5 75 68 22 64 32 66 94 34 97 30 8 69 89 18 55 75 68 75 2 65 46 36 89 26 78 38 29 74 40 17 78 66 36 52 82 19 17 75 53 65 4 12 33 92 29 40 19 97 14 20 13 
12 7 1 37 36 90 17 9 81 33 39 47 20 90 28 39 58 2 43 23 58 54 55 1 35 94 71 31 60 91 43 23 49 95 59 37 84 76 45 65 60 83 63 32 24 90 22 82 43 64 4 100 69 10 1 3 56 71 85 67 13 
27 89 14 21 99 50 57 26 46 73 38 29 35 69 52 24 42 85 18 57 88 18 25 50 70 80 5 92 64 23 57 91 11 22 63 9 23 71 35 68 43 24 48 77 44 52 52 85 36 70 41 24 39 17 25 60 96 29 3 12 51 
59 54 13 32 16 73 54 87 7 74 81 82 21 58 25 72 61 9 8 30 49 83 20 18 7 79 13 87 34 24 89 92 77 1 76 45 73 81 83 32 54 63 65 27 72 90 50 85 98 57 66 99 91 86 16 49 16 80 35 49 56 
75 93 84 27 68 80 52 100 62 35 54 77 99 80 100 88 29 84 38 38 50 36 80 87 3 29 54 34 15 3 89 90 47 25 16 66 4 19 65 18 53 70 94 52 49 45 39 30 81 76 19 82 63 98 68 17 78 21 51 93 75 
91 34 73 15 1 38 71 20 55 88 72 24 33 23 25 77 14 6 57 41 24 38 56 73 57 72 51 30 74 95 56 17 28 29 83 28 66 53 47 72 40 71 96 72 93 20 1 6 25 9 99 100 47 54 72 3 25 74 84 51 68 
40 67 47 68 49 75 85 54 73 57 45 43 52 69 88 23 69 45 47 77 43 46 75 96 69 30 73 43 13 75 62 52 41 9 19 41 35 4 46 59 12 91 2 63 59 41 85 27 85 83 55 28 80 30 75 48 59 99 42 71 73 
56 23 65 16 93 58 50 48 3 8 59 93 61 21 3 1 57 29 38 91 36 17 70 65 91 70 75 42 63 97 66 18 71 31 33 64 40 34 11 42 94 70 87 6 42 89 59 51 70 96 41 57 12 11 73 54 32 47 95 94 95 
61 64 66 43 48 29 82 82 91 75 27 60 13 32 54 54 90 4 75 37 44 31 48 6 3 2 37 1 48 31 95 8 46 12 2 93 40 83 26 31 10 52 42 22 36 95 27 25 50 1 62 94 83 61 99 37 14 88 37 62 70 
84 21 15 95 23 7 87 57 33 69 66 36 62 40 71 57 66 48 6 67 61 51 49 21 2 38 35 89 74 48 58 9 68 72 56 90 30 94 47 14 62 64 2 23 3 72 31 69 19 89 87 31 39 87 52 40 24 38 80 50 85 
37 10 52 60 17 94 42 10 92 7 23 55 8 98 10 80 80 30 50 68 16 33 59 54 84 50 30 73 30 31 9 18 40 12 30 9 5 71 70 96 77 93 3 85 42 12 16 73 41 17 93 8 49 51 13 84 52 42 8 33 72 
16 51 64 28 80 24 84 2 93 32 30 37 34 66 78 97 33 51 89 50 43 96 50 45 8 86 48 2 93 81 73 61 83 88 40 14 11 23 15 4 54 44 40 39 62 70 87 94 72 75 95 66 70 45 10 30 82 57 31 26 89 
55 86 71 43 25 84 5 100 98 8 5 94 100 96 55 21 82 100 92 57 95 57 78 91 18 59 72 74 89 49 63 96 87 33 90 63 17 94 62 66 54 67 11 53 62 65 73 95 65 16 51 11 72 81 1 89 39 24 14 80 72 
76 27 58 61 16 21 29 9 34 46 62 52 57 66 13 73 90 60 89 5 62 99 76 42 51 64 33 74 30 64 98 5 90 55 17 5 27 97 13 61 43 27 12 99 92 77 71 82 88 60 38 49 10 14 91 61 29 75 86 58 38 
83 15 79 90 83 83 16 80 47 28 22 25 92 72 69 20 94 50 7 53 87 7 15 52 97 75 81 23 12 90 12 95 56 90 84 39 24 51 18 23 31 39 47 74 62 15 45 55 16 51 60 55 57 74 6 6 100 38 80 11 80 
92 57 35 33 40 73 57 43 90 79 73 80 77 98 93 92 42 48 59 44 7 13 52 80 71 57 31 60 89 93 39 80 50 74 12 41 98 20 83 88 50 7 19 27 4 12 70 97 11 28 40 17 41 92 48 63 100 78 22 88 22 
61 19 71 86 31 12 83 2 46 22 52 5 93 30 60 4 99 57 14 26 96 82 18 39 29 80 39 58 2 78 31 14 97 2 99 79 65 81 80 62 3 83 66 95 12 78 50 10 34 15 36 81 96 5 72 76 37 10 85 90 39 
15 3 35 68 1 13 32 33 45 46 87 27 11 33 39 88 34 48 73 48 35 6 95 92 77 22 28 86 6 17 76 73 71 11 40 23 75 24 55 19 69 94 98 31 26 36 19 60 35 43 59 70 48 6 61 24 27 40 61 85 56 
37 57 26 99 96 48 73 19 54 44 39 47 41 70 25 76 40 36 10 82 94 31 82 99 91 5 78 82 18 62 37 54 70 14 4 17 13 76 88 67 19 26 65 11 95 89 86 86 24 48 68 70 78 49 20 21 5 49 2 74 62 
91 79 31 4 82 48 69 58 87 35 28 12 51 39 59 40 76 44 15 23 63 36 1 63 56 73 20 4 74 93 66 16 72 48 20 53 47 88 62 33 74 42 97 24 80 55 15 55 50 30 30 13 65 82 27 72 54 46 28 79 39 
93 95 10 40 66 14 87 53 76 71 78 17 67 53 48 73 68 54 75 49 35 39 65 16 65 37 69 11 64 100 1 8 94 62 99 59 27 37 63 54 8 40 22 26 92 69 99 11 75 25 59 9 63 24 77 79 12 45 41 75 44 
41 34 89 54 32 47 81 69 9 34 76 100 56 1 44 76 51 54 50 27 13 11 89 88 87 68 99 83 60 25 79 1 58 67 6 89 66 86 57 26 72 84 26 79 37 21 54 39 74 56 66 38 18 6 77 56 25 75 38 85 99 
68 37 56 87 42 97 52 80 53 77 3 89 54 81 25 74 86 63 100 41 80 89 10 86 66 65 10 40 3 94 91 70 82 46 8 24 94 59 55 47 88 57 35 41 37 11 67 22 25 66 15 5 6 24 90 71 41 51 11 43 45 
1 64 78 98 72 1 92 82 7 90 69 63 76 62 51 86 80 25 62 97 91 66 2 66 55 73 6 6 83 100 2 35 64 79 84 87 32 75 68 38 16 89 53 43 2 55 80 81 79 42 77 69 7 78 35 14 50 92 71 84 92 
24 18 55 54 2 93 37 28 12 27 96 100 79 38 53 33 18 33 64 11 9 84 17 87 70 82 88 62 52 72 53 75 41 59 29 94 3 17 74 14 43 69 66 21 58 18 6 27 51 69 37 11 4 54 49 74 35 37 35 39 8 
39 13 100 49 93 94 51 10 67 64 52 35 81 25 44 99 82 71 1 2 7 11 5 60 12 78 47 48 64 85 7 54 49 6 2 94 99 52 55 17 16 58 3 48 34 47 98 15 17 98 16 23 61 21 35 72 50 33 71 66 69 
0 0 0 1 0 1 0 1 1 0 0 1 1 0 0 1 1 1 1 1 0 1 1 0 1 0 0 1 0 1 1 0 1 0 1 1 1 1 1 1 0 1 0 1 1 0 0 1 1 1 0 0 0 1 0 0 1 0 1 1 1 
1 1 1 1 0 0 0 0 1 1 0 1 1 1 0 0 1 1 1 0 1 1 0 0 0 0 1 0 0 0 0 1 1 1 0 0 1 0 0 1 0 0 0 1 1 0 1 0 0 1 0 1 0 0 0 0 1 1 1 1 0 
1 0 1 0 0 1 1 0 1 0 0 1 0 0 0 1 1 0 1 0 0 0 1 1 0 1 0 0 0 1 0 1 1 1 1 1 1 1 1 0 1 0 0 0 0 0 1 1 1 0 0 1 0 1 0 1 0 0 1 1 1 
1 0 0 0 0 1 1 1 1 0 0 1 0 0 1 0 1 0 1 1 0 1 0 1 1 1 0 0 0 1 1 1 1 0 1 1 1 1 0 0 1 1 1 1 1 0 1 1 1 1 0 1 0 0 1 1 1 1 1 1 0 
1 0 1 1 0 1 0 1 1 1 0 0 0 1 0 1 0 1 0 1 1 1 1 0 0 1 1 1 0 1 1 1 1 1 0 1 0 1 0 1 0 0 0 0 1 0 1 0 1 1 1 0 1 1 0 1 0 0 1 0 1 
0 0 0 1 0 0 1 1 0 1 1 1 1 0 0 1 1 0 0 1 0 0 0 1 1 1 1 1 0 1 0 1 1 0 0 0 0 0 1 1 1 1 0 0 1 0 1 0 1 1 1 1 1 1 0 0 1 1 1 1 0 
1 0 0 0 1 0 0 1 1 1 0 0 1 0 1 0 1 0 1 0 1 0 1 1 0 0 0 1 1 1 1 1 0 1 1 1 1 1 0 1 1 0 1 0 0 1 0 1 1 1 1 0 1 0 1 1 0 1 0 0 1 
0 1 1 1 0 0 1 1 0 0 0 0 1 1 0 0 1 1 1 1 0 0 0 0 1 0 1 1 0 1 0 0 0 1 0 0 1 1 1 1 1 0 1 0 1 1 1 0 0 0 1 0 0 0 0 0 0 1 1 0 0 
1 1 0 0 1 0 1 0 0 0 1 0 1 1 1 0 0 1 0 1 1 0 1 1 0 1 1 0 0 1 0 1 0 1 1 1 1 0 1 1 0 0 1 1 0 0 1 0 0 1 1 1 1 1 0 0 0 1 0 1 0 
0 0 1 1 0 0 1 0 0 0 1 0 0 0 0 0 0 1 0 1 0 1 1 1 1 1 0 0 1 1 1 1 1 0 1 1 0 0 0 0 0 1 1 0 1 1 1 1 0 1 1 1 1 0 0 0 1 0 1 0 1 
0 1 1 0 0 0 0 0 0 1 1 1 0 1 1 1 0 0 0 0 1 1 1 1 1 1 0 0 0 0 1 0 0 0 0 0 1 1 1 1 0 0 1 0 1 0 1 0 0 1 0 0 0 1 1 0 0 0 0 1 0 
1 1 0 0 0 1 1 1 0 0 1 0 1 1 1 1 0 1 0 0 1 0 0 0 1 0 1 1 0 0 0 0 1 0 0 1 1 1 0 1 1 1 1 1 0 1 0 1 0 0 1 0 0 1 0 0 0 1 1 0 1 
1 0 1 0 0 0 1 1 1 1 1 0 0 0 1 1 0 0 0 1 1 0 1 0 0 1 0 0 1 1 1 0 1 0 0 0 1 0 1 0 1 0 0 1 0 1 1 1 1 1 0 0 1 1 1 1 1 1 1 0 0 
1 0 0 1 1 0 0 1 1 0 0 0 1 1 0 0 0 1 0 1 1 0 0 1 1 0 0 1 1 0 1 0 0 1 0 1 1 0 0 1 1 0 1 0 0 1 0 0 1 0 0 0 1 0 1 0 0 1 1 0 1 
1 0 0 0 0 1 0 1 0 1 0 0 0 0 0 1 0 1 0 1 1 1 0 1 0 0 0 0 0 0 1 1 0 1 1 1 1 1 0 1 0 0 1 0 0 0 0 0 1 0 1 0 1 1 1 0 0 1 0 0 1 
1 1 0 1 0 1 0 0 1 1 0 1 0 1 1 0 1 1 1 1 1 1 1 0 1 1 0 0 1 0 0 0 1 0 1 0 1 1 0 0 0 0 1 1 1 0 1 0 1 1 0 0 0 1 1 1 0 1 0 1 0 
0 1 1 0 1 1 1 0 1 1 1 0 0 0 1 0 1 0 1 0 0 0 1 1 1 0 1 0 0 0 0 0 1 0 0 0 1 1 1 1 0 0 1 0 0 0 0 1 0 0 0 0 0 1 1 1 1 0 1 0 0 
0 0 0 0 1 0 1 0 1 0 1 1 1 1 1 0 0 1 0 0 1 1 0 0 0 1 1 1 0 1 1 0 0 1 0 1 0 0 1 1 0 0 1 0 0 0 0 0 1 0 0 0 1 0 0 0 1 0 1 1 1 
0 0 1 0 0 0 0 0 0 1 1 0 0 1 0 1 1 0 0 1 0 1 1 0 1 1 1 1 0 1 1 0 1 0 0 1 1 0 0 1 0 1 1 0 0 0 1 1 0 0 0 1 1 1 1 0 0 1 0 0 0 
1 1 1 1 1 0 0 0 0 1 0 1 1 0 1 1 0 0 1 0 1 0 1 0 0 1 1 1 1 1 1 0 0 0 0 0 0 0 0 1 0 0 0 1 0 0 0 0 0 1 0 1 0 1 0 0 1 1 1 0 0 
0 1 1 0 1 1 0 1 1 1 1 1 0 0 1 0 0 0 0 0 0 0 0 0 0 0 1 1 1 1 1 1 0 0 1 1 1 1 1 0 1 0 1 1 1 1 1 1 1 1 1 1 1 1 1 1 1 0 0 0 0 
0 1 0 0 0 0 0 0 1 0 1 1 0 0 0 1 1 0 0 0 1 1 0 1 1 1 0 1 0 1 1 0 0 0 0 1 0 0 1 1 1 0 0 1 0 1 0 1 1 0 1 0 1 1 1 0 1 0 0 1 1 
1 1 1 1 1 0 1 0 1 0 1 1 1 0 1 0 0 0 1 0 0 1 1 1 1 0 0 1 0 1 0 1 0 1 1 0 0 0 0 1 1 1 1 0 1 0 0 1 1 1 1 1 0 0 0 1 0 1 0 0 0 
0 0 1 0 1 1 0 1 1 1 0 0 0 0 1 1 0 0 0 1 1 1 0 1 1 1 0 0 0 0 1 0 0 0 0 1 1 0 1 0 0 1 0 0 0 1 1 0 1 1 0 0 0 0 1 0 1 1 0 1 0 
1 0 0 1 0 0 0 1 1 0 1 0 0 1 0 1 1 1 0 0 1 0 1 1 0 1 0 1 1 0 1 1 0 0 0 0 0 1 1 1 1 0 1 0 0 0 1 1 1 0 1 0 0 0 1 0 1 1 0 1 1 
1 0 1 1 0 0 1 1 1 0 1 0 0 1 0 0 0 1 1 0 0 1 1 1 0 1 0 1 1 1 1 1 1 0 0 0 0 0 1 0 0 0 0 0 1 0 0 0 1 1 0 1 0 1 0 0 1 1 0 0 0 
1 1 0 1 0 0 0 0 1 0 0 0 0 1 1 0 1 1 1 1 0 0 1 1 1 0 0 0 0 1 0 1 0 0 0 0 0 0 0 0 0 1 0 0 0 1 0 1 1 1 0 1 0 0 0 1 0 1 1 0 0 
1 1 0 0 1 1 0 0 1 0 0 0 0 1 0 0 1 0 1 1 0 0 1 0 0 0 0 1 1 0 1 0 1 0 0 1 1 1 1 0 1 1 1 0 0 1 0 0 1 1 1 0 1 0 0 1 0 1 1 1 1 
0 1 1 0 0 0 1 1 1 0 0 0 1 0 1 0 0 1 0 1 0 0 0 0 0 0 0 1 1 1 1 1 0 0 0 0 0 1 1 1 1 0 1 0 0 0 1 1 1 1 0 1 1 1 1 1 1 1 1 0 0 
0 1 1 0 1 1 0 1 1 1 0 1 0 1 1 1 0 0 0 1 1 0 0 0 1 1 1 1 0 1 1 0 0 0 0 0 0 0 1 1 1 1 0 0 0 1 1 0 0 1 1 1 1 1 1 1 1 0 0 1 1 
1 0 1 0 0 1 0 1 0 1 0 0 1 0 0 0 1 1 0 1 0 1 0 0 0 1 1 0 1 0 1 1 0 1 1 1 0 1 0 1 0 0 1 1 1 1 1 0 0 0 1 1 1 0 1 0 1 0 0 1 0 
0 0 1 1 1 0 1 0 0 0 0 0 1 1 1 1 0 0 1 0 1 0 0 1 1 0 1 1 0 0 0 0 0 1 1 1 1 1 1 1 1 1 1 1 0 1 0 0 1 1 1 0 0 1 0 1 1 1 1 1 1 
1 0 1 0 1 0 1 0 1 0 0 0 1 1 0 0 1 0 1 0 1 0 0 0 0 0 1 1 1 1 0 0 1 1 0 0 1 1 1 0 1 1 0 0 0 0 1 1 0 0 1 0 0 0 0 0 0 0 1 1 1 
1 1 0 0 1 0 1 0 1 1 1 0 1 1 0 1 0 1 0 1 1 0 1 1 0 0 1 0 1 0 1 1 1 1 1 0 0 1 0 1 0 1 0 0 0 0 1 1 0 1 0 1 1 1 0 0 1 1 0 1 1 
0 0 0 1 1 0 1 0 0 1 1 1 1 1 1 1 0 0 1 0 0 0 1 0 0 1 1 1 0 0 0 0 0 0 1 0 0 1 0 0 0 1 1 1 0 1 0 1 1 0 1 0 0 0 0 1 0 1 0 0 0 
1 0 0 1 1 0 0 0 1 0 0 0 0 1 1 1 0 0 0 0 1 0 0 1 0 1 1 0 0 1 0 1 1 0 0 1 1 0 1 0 1 0 0 1 1 1 0 1 1 0 1 0 1 0 0 1 1 1 1 1 1 
1 0 0 0 1 1 1 1 1 1 0 1 1 1 0 1 1 0 0 0 1 1 1 1 1 0 1 0 0 0 1 1 1 0 1 0 1 0 1 0 1 0 1 1 1 0 0 1 0 0 1 1 1 0 1 0 0 0 1 0 0 
0 0 1 0 1 1 0 0 1 0 1 1 0 0 0 0 0 1 0 1 0 1 0 0 0 1 1 0 0 1 1 0 1 0 1 1 0 1 1 1 1 0 0 1 1 0 1 1 0 1 0 0 1 1 1 1 0 0 0 0 1 
1 0 1 1 1 0 1 0 1 0 0 1 0 1 0 1 1 0 1 0 0 1 1 1 0 1 1 0 1 1 0 0 0 1 1 1 1 1 0 0 1 0 1 0 1 0 1 0 0 0 1 0 1 0 0 0 1 1 0 0 1 
0 0 1 1 0 0 0 1 0 0 0 0 0 0 0 0 1 0 0 1 1 0 1 0 0 1 1 0 1 0 1 0 0 0 1 0 0 0 1 1 0 0 1 0 0 1 0 0 0 0 1 1 1 0 1 1 1 1 1 1 1 
0 1 1 0 0 0 1 0 1 0 1 1 1 1 0 1 0 0 1 0 1 0 1 0 0 1 1 1 0 0 0 1 1 1 1 0 1 0 0 1 0 1 0 0 1 0 1 1 0 0 1 0 0 1 0 0 0 1 1 0 0 
1 1 1 1 1 1 0 1 0 1 0 1 0 0 0 0 1 1 1 1 1 1 1 0 1 0 0 0 1 0 0 1 0 0 0 1 1 0 0 1 0 0 1 0 0 1 0 1 1 1 0 0 0 0 0 1 0 0 0 1 0 
0 0 0 0 0 1 0 1 0 1 1 0 0 1 1 0 1 0 1 1 1 1 1 1 1 1 1 1 1 0 1 1 1 0 0 1 1 0 0 1 1 1 0 0 0 1 0 0 1 1 1 0 0 0 1 1 1 0 0 0 1 
1 0 0 1 0 1 1 0 0 0 1 1 0 1 0 1 1 0 1 0 1 1 0 1 1 1 1 1 1 1 0 1 1 0 0 1 0 1 1 0 0 1 1 0 0 1 0 0 1 1 0 0 0 1 0 1 0 1 1 0 0 
1 1 0 0 1 1 0 1 1 0 1 0 1 1 0 1 1 0 0 0 1 1 1 0 1 0 0 0 1 0 0 1 1 0 1 1 0 1 0 1 1 1 1 0 0 1 1 0 0 0 0 1 1 1 1 0 0 1 0 1 0 
0 0 1 1 1 0 1 0 0 0 1 1 1 0 0 0 1 0 0 1 0 1 0 0 0 0 0 0 0 1 0 1 0 1 0 1 0 1 0 0 1 1 0 0 1 0 0 1 0 1 0 0 0 1 0 1 1 0 1 0 0 
1 1 0 0 1 1 0 0 1 1 1 1 1 1 0 1 1 1 1 0 0 1 1 1 0 0 0 0 1 0 0 0 1 0 0 0 0 1 0 1 0 1 0 1 0 1 0 0 0 1 0 0 0 1 1 0 1 0 1 0 0 
1 0 0 0 1 0 0 0 1 1 0 0 0 1 1 1 1 1 1 0 1 0 0 1 1 1 0 1 0 1 0 1 1 0 1 0 0 1 0 1 1 0 0 1 1 1 0 0 0 1 0 1 1 1 0 1 0 1 0 0 0 
0 1 1 0 1 0 1 0 0 0 1 1 0 0 0 1 0 1 1 0 1 1 1 0 1 0 0 0 1 0 0 1 0 0 0 1 0 1 1 0 1 1 1 0 1 0 1 0 1 1 0 0 0 1 1 1 0 1 0 1 0 
0 0 0 0 0 1 0 1 0 1 1 1 0 1 1 0 0 1 1 1 1 0 1 0 1 1 0 0 1 1 0 1 0 0 0 0 1 0 0 0 1 1 1 0 0 0 0 0 1 0 0 0 0 1 1 1 0 1 1 1 1 
0 1 1 0 1 1 0 1 1 0 1 0 1 1 0 0 1 1 1 1 1 0 1 0 1 0 1 0 0 0 1 0 1 0 0 0 0 0 0 1 0 1 0 0 0 0 0 1 1 1 1 0 1 0 1 0 1 0 1 1 0 
0 1 0 1 1 0 1 0 0 0 0 1 0 0 1 1 0 1 0 0 0 1 1 0 0 0 1 0 1 0 0 1 1 0 0 1 1 1 1 1 0 1 1 0 0 0 1 0 1 0 0 1 1 0 0 1 0 1 1 1 0 
1 0 1 0 1 0 1 0 1 0 0 1 1 1 1 0 0 1 1 0 0 1 1 0 1 0 0 0 1 1 0 1 1 0 1 0 0 0 1 0 0 1 1 0 0 0 0 1 1 1 1 1 0 1 1 1 1 1 0 1 0 
0 0 0 0 1 0 1 1 1 1 1 1 0 1 1 0 1 0 1 1 0 1 1 1 0 1 0 0 1 1 0 1 1 0 0 0 1 1 1 0 0 1 1 0 0 1 0 0 1 1 1 1 0 0 0 1 1 1 1 0 0 
1 0 0 0 0 0 1 1 0 1 1 1 1 1 1 0 1 1 1 0 0 1 1 1 1 0 0 0 1 1 1 0 1 1 0 1 1 1 0 1 1 1 0 0 0 0 0 1 1 1 1 0 0 0 1 0 0 1 0 1 0 
1 0 1 0 0 0 0 0 0 1 1 1 0 1 1 0 1 0 1 0 0 1 1 0 0 1 1 0 1 0 0 1 0 0 1 1 0 1 1 1 1 0 0 1 1 0 1 0 0 0 0 0 0 1 1 0 0 0 0 0 0 
1 1 1 1 0 0 1 0 1 0 1 1 1 0 0 1 1 0 1 1 0 0 1 0 1 0 0 1 0 0 1 1 1 0 0 0 0 0 0 1 0 1 0 1 1 0 0 0 0 0 1 1 0 1 1 1 1 1 0 1 0 
1 1 1 0 1 1 0 1 1 0 0 0 0 1 1 1 0 1 1 0 1 0 0 0 1 1 1 1 1 0 1 0 1 0 0 1 0 1 0 1 1 0 0 1 0 1 0 0 1 0 0 0 0 0 0 0 1 1 1 0 1 
0 0 1 0 1 0 0 0 0 0 1 1 0 0 1 1 1 1 0 1 1 0 1 1 0 1 0 1 0 0 1 0 0 0 1 1 0 1 1 0 1 0 1 1 1 0 1 0 1 1 1 0 0 0 1 0 0 1 0 0 1 
1 1 0 1 0 1 1 1 1 1 1 1 1 0 0 1 1 0 1 1 1 1 1 0 1 1 0 0 1 0 0 0 1 0 1 1 1 0 1 0 0 0 0 1 0 0 0 0 1 1 1 0 1 0 0 0 1 0 0 1 1 
0 1 0 0 1 0 0 1 1 0 1 1 0 0 1 1 1 1 0 0 0 0 1 0 1 1 0 1 0 1 0 0 0 1 1 1 1 1 1 0 1 0 1 0 1 0 1 0 0 1 0 0 1 0 1 0 1 1 0 1 0 
0 0 0 1 1 0 0 0 1 0 1 1 1 1 0 0 0 0 0 1 1 0 1 1 1 1 0 0 1 0 0 0 0 1 1 1 1 0 1 0 0 0 1 0 0 0 0 0 0 0 0 1 0 1 0 0 0 1 0 0 1 
1 0 1 0 1 0 1 1 1 1 0 1 0 0 1 0 0 0 1 0 0 0 0 1 1 0 1 0 1 1 1 0 1 0 0 1 0 1 0 1 0 0 0 0 0 0 1 0 0 0 0 0 0 1 1 1 1 0 1 0 0 
0 0 1 0 0 0 0 1 1 1 1 1 0 0 0 0 1 0 0 1 1 0 1 0 1 1 1 1 0 0 1 1 0 1 1 1 1 0 0 0 1 0 0 1 0 0 1 1 0 1 0 1 1 1 1 0 0 1 0 1 1 
1 0 1 0 1 0 0 1 1 0 1 1 0 0 1 0 0 0 1 1 0 0 1 1 0 1 0 1 1 1 0 1 1 1 1 0 0 1 0 1 0 1 0 0 1 1 1 1 1 0 1 1 0 0 0 0 1 0 1 1 1 
1 0 0 1 1 1 1 1 1 0 1 0 0 1 1 1 0 1 0 0 0 1 1 0 1 1 1 0 1 0 1 0 0 0 1 0 1 0 1 0 0 0 0 0 1 1 1 0 0 1 0 0 0 1 0 0 1 0 0 0 0 
