47 55 1939
29 85 71 19 37 39 44 62 74 67 46 98 13 93 60 1 11 54 10 49 81 61 71 97 56 12 11 54 85 61 14 65 45 84 83 34 23 79 47 48 45 44 97 57 36 57 9 47 62 18 47 42 31 18 39 
38 29 1 92 66 61 5 30 57 41 65 90 15 43 88 62 39 31 11 47 67 67 55 13 28 24 59 69 54 28 59 44 57 59 35 22 19 91 3 28 31 67 17 45 61 5 59 99 35 69 97 53 87 3 17 
14 27 28 34 32 55 93 75 63 3 61 84 74 4 39 1 34 5 69 31 66 73 41 16 60 61 13 64 47 15 81 12 41 8 45 25 62 89 99 25 44 12 60 17 15 98 17 100 55 37 82 20 10 22 35 
21 82 47 36 28 14 16 91 6 23 88 30 37 28 81 61 71 92 72 39 6 22 55 57 76 92 39 95 53 60 81 25 94 80 60 73 93 76 64 98 50 51 80 86 78 60 98 1 51 22 39 8 43 46 64 
18 89 2 64 41 14 44 17 59 75 28 31 67 55 94 17 5 96 48 42 74 7 92 26 9 13 64 68 55 9 31 24 97 85 87 89 50 82 5 8 57 85 38 75 39 84 43 95 79 90 37 4 96 28 29 
56 92 45 23 46 53 6 21 50 42 59 90 91 92 95 50 48 31 39 75 69 22 17 64 53 59 52 8 54 79 89 62 70 33 84 67 85 89 39 86 82 97 76 72 88 22 21 88 52 60 14 72 33 30 35 
85 88 38 45 94 68 33 7 89 65 90 55 1 31 93 39 12 41 66 36 81 87 8 68 90 19 81 61 52 62 48 88 2 85 32 47 5 64 53 93 80 94 48 33 24 92 71 88 85 36 23 65 74 30 84 
63 49 64 75 52 77 74 39 30 11 23 76 15 86 80 7 18 74 6 50 49 50 72 36 34 7 10 98 32 92 33 94 40 96 20 43 24 94 81 54 56 55 29 70 93 9 76 10 34 34 11 82 83 82 70 
68 40 79 17 71 70 49 16 61 44 35 3 19 80 36 72 35 90 53 56 82 13 84 43 46 17 53 27 51 86 96 18 25 27 34 95 96 82 10 57 77 97 11 95 28 46 67 63 88 71 70 69 83 53 64 
28 21 16 6 71 2 54 40 78 80 73 73 75 54 34 83 82 82 46 77 10 91 95 24 30 65 93 51 47 98 14 26 70 81 31 41 82 36 80 12 15 5 84 42 10 69 24 92 51 69 20 12 12 14 35 
93 30 79 43 28 28 56 53 98 37 35 90 70 71 21 81 85 25 16 78 35 37 2 78 39 22 97 50 85 62 36 78 91 66 20 18 94 28 22 43 16 56 32 37 26 52 70 63 29 85 40 15 73 93 92 
11 67 40 12 51 1 99 80 91 65 100 8 10 79 29 52 46 36 35 82 14 86 51 28 66 88 19 80 60 12 23 23 78 62 86 80 62 85 60 52 1 11 11 62 41 91 13 86 27 99 67 92 36 70 19 
2 57 37 81 68 100 4 42 29 65 28 61 79 64 72 30 16 82 93 77 74 83 41 59 61 39 77 4 74 46 22 75 54 11 8 74 62 63 15 91 79 94 51 57 9 22 87 24 55 31 100 28 13 40 38 
26 78 14 81 52 12 3 78 17 65 85 90 26 47 57 68 26 50 18 34 59 91 20 34 45 2 34 24 67 25 13 92 55 27 72 58 90 26 35 6 42 72 48 20 70 4 87 47 53 5 81 63 47 52 97 
44 54 82 67 20 58 80 63 12 58 86 69 99 12 56 56 5 27 3 24 96 6 11 43 11 67 23 25 13 26 73 8 79 54 75 98 12 6 60 75 15 98 44 13 61 99 68 65 77 23 89 72 28 51 66 
90 69 40 15 33 66 87 41 44 93 15 94 56 72 5 30 86 2 25 50 62 75 69 79 51 91 19 75 71 69 92 60 37 32 26 69 49 13 9 44 57 75 89 12 98 94 41 83 47 18 84 61 92 53 39 
95 95 57 69 65 77 60 77 65 43 2 33 43 66 94 87 22 20 75 33 18 20 26 52 67 43 88 79 86 40 17 80 34 25 100 51 1 60 27 65 54 80 49 49 46 42 35 19 14 61 52 83 81 29 34 
99 23 73 77 8 12 45 40 98 69 39 100 69 50 78 33 4 57 81 52 54 75 38 73 40 50 76 22 82 56 7 32 78 80 8 37 43 4 76 40 72 15 91 92 64 68 24 19 77 57 22 30 83 11 54 
22 61 29 95 42 36 53 74 13 32 33 2 27 37 77 18 60 43 9 52 59 76 27 29 52 83 51 34 17 13 87 90 73 68 36 67 3 89 40 68 72 24 69 98 60 97 16 72 92 24 23 2 51 49 30 
55 84 32 88 100 45 26 42 17 93 77 83 48 65 74 67 37 98 87 86 9 83 1 80 26 76 54 27 79 3 57 85 86 40 72 37 84 49 78 1 94 55 35 41 71 9 7 7 58 45 93 18 27 45 50 
5 73 3 83 51 5 91 35 42 31 58 79 14 58 8 66 51 62 1 43 33 61 1 91 70 45 35 87 24 80 88 28 4 91 62 54 47 53 40 41 83 49 71 48 6 78 14 57 92 66 99 76 26 52 66 
47 96 53 85 71 84 73 98 87 15 12 92 61 64 31 53 98 79 23 45 84 1 10 92 44 75 43 19 52 94 36 98 41 88 35 12 71 7 61 9 21 72 100 33 87 30 86 36 60 8 81 96 60 42 87 
3 69 81 73 20 74 9 70 67 96 4 78 19 62 90 27 34 62 27 66 100 8 3 36 68 63 68 15 74 9 1 77 29 82 1 49 7 9 70 73 57 25 2 27 86 92 53 19 5 31 84 56 91 39 91 
58 1 58 72 74 19 24 2 47 57 3 47 64 63 16 88 19 40 90 45 77 33 50 95 89 80 31 44 70 69 35 79 21 44 2 94 14 78 48 13 34 2 59 49 64 27 37 83 18 78 79 47 10 28 41 
50 60 23 93 81 43 79 12 63 23 65 9 88 42 56 100 28 9 11 76 72 89 12 6 58 41 85 4 50 64 97 99 75 19 44 8 62 22 19 76 44 83 84 84 77 91 83 4 99 93 79 71 33 43 28 
91 83 64 94 85 28 90 35 54 61 78 61 22 100 31 97 95 14 33 78 42 23 13 45 74 57 75 96 90 69 23 80 52 87 25 88 66 67 22 19 27 100 32 48 51 62 96 97 27 80 27 68 55 39 64 
28 95 91 23 36 59 97 15 62 83 92 49 100 58 71 19 84 22 50 83 24 11 30 20 38 10 46 57 64 84 73 43 31 63 17 66 21 13 33 35 48 24 83 47 81 5 17 16 26 66 98 1 29 27 21 
18 36 18 26 51 54 98 93 84 60 9 1 33 74 33 67 21 8 49 19 40 54 36 55 31 53 52 32 81 31 4 50 66 21 76 69 74 73 61 9 85 22 10 17 95 94 83 67 2 83 85 41 88 72 96 
71 25 99 54 5 29 9 7 47 29 82 15 55 54 27 15 90 100 24 6 46 70 40 12 71 75 49 63 14 20 10 84 44 9 89 1 89 97 7 35 78 40 1 84 45 80 98 35 79 74 40 25 43 32 36 
65 6 36 79 71 8 89 55 3 49 95 3 37 92 61 24 21 52 24 4 97 3 1 83 82 26 74 6 68 5 93 84 62 81 63 33 88 51 39 90 99 85 45 87 76 57 10 48 9 34 51 57 88 4 39 
21 29 12 26 97 17 71 32 30 51 94 62 90 96 52 79 46 37 23 33 64 80 42 12 40 27 62 96 15 17 34 35 46 45 13 94 13 35 25 43 37 71 56 26 66 8 4 12 44 79 96 59 58 37 70 
97 16 84 92 30 100 77 16 45 21 80 38 34 14 15 28 50 85 83 27 50 90 83 13 85 61 8 96 18 97 65 66 64 100 9 45 100 85 60 96 57 40 86 42 5 100 69 7 36 4 33 37 45 15 50 
30 75 9 77 44 57 41 61 20 93 21 64 44 57 76 39 66 67 76 7 71 27 28 29 62 31 62 99 75 28 100 56 55 8 32 50 17 25 63 88 17 83 4 60 92 79 50 57 45 26 63 67 52 42 96 
66 72 9 64 99 88 63 54 94 22 86 44 90 10 58 78 78 92 81 37 83 11 86 39 7 63 54 25 67 47 72 32 19 80 47 17 20 9 22 13 82 7 8 24 68 65 1 45 57 33 33 91 95 71 82 
1 33 87 77 99 33 49 82 3 80 28 19 99 88 93 64 70 99 23 93 19 88 45 15 96 29 48 38 23 18 19 75 2 57 51 1 90 51 82 92 31 10 63 81 97 55 96 18 5 19 62 75 58 58 90 
53 86 37 42 60 6 13 34 7 69 37 7 58 39 41 2 21 2 64 2 50 70 97 20 26 67 81 1 24 39 90 28 76 26 70 36 31 82 21 37 50 9 96 8 48 88 61 68 41 24 21 90 45 70 61 
70 36 42 70 60 32 59 87 59 36 8 94 18 89 67 7 91 75 2 98 74 41 58 94 81 33 14 22 77 83 83 98 71 76 68 30 59 78 68 17 14 76 11 31 16 29 37 6 3 90 55 77 82 64 70 
14 96 35 36 24 70 70 22 40 45 41 21 55 18 88 71 31 15 33 14 31 61 2 36 16 44 91 44 25 6 65 39 2 99 26 77 68 95 50 59 91 90 79 45 60 19 67 90 33 100 55 63 12 57 51 
27 100 93 70 76 98 34 14 51 33 39 28 52 85 29 11 75 19 41 71 78 59 38 19 92 89 26 6 100 82 56 27 33 100 96 8 98 82 74 48 66 64 27 17 1 56 79 75 26 72 98 55 30 35 25 
73 23 50 79 22 83 86 100 67 86 96 27 35 29 52 34 94 15 13 62 15 20 93 42 45 64 39 51 93 25 75 66 47 77 96 20 11 33 20 78 18 67 4 4 95 55 38 88 21 50 1 88 21 93 29 
65 56 19 67 1 43 93 18 41 69 13 60 80 45 31 9 15 49 12 18 95 18 7 82 90 8 83 77 28 27 5 44 83 75 10 83 17 3 100 9 23 64 21 2 8 51 10 74 52 73 44 46 42 50 80 
32 58 14 8 37 40 65 81 22 39 42 56 8 44 55 16 19 70 88 72 78 91 34 3 42 6 46 87 100 96 66 31 5 79 38 41 19 54 73 92 45 15 48 52 10 54 19 28 24 7 100 53 97 33 55 
90 90 1 76 89 48 94 71 4 72 9 44 42 14 69 34 58 83 33 61 44 86 80 72 61 38 23 13 86 7 20 75 48 72 2 89 19 95 59 74 67 19 17 60 33 37 45 90 19 29 3 63 15 82 86 
27 71 8 40 8 66 11 34 13 82 35 1 52 30 12 25 48 30 93 59 62 30 4 4 100 32 6 62 98 39 47 25 61 6 16 68 23 26 53 36 59 87 88 10 68 99 86 15 29 78 74 42 7 29 97 
7 12 54 20 10 92 19 86 4 76 53 23 99 30 75 86 88 14 73 49 81 24 34 48 4 63 73 97 22 1 94 80 12 47 99 73 91 69 10 94 45 62 69 95 43 43 80 30 56 4 30 37 27 15 36 
30 78 8 79 51 8 72 30 71 70 80 96 12 49 5 6 45 19 26 39 61 68 18 43 76 21 24 64 100 39 99 81 68 6 59 70 65 30 99 87 52 78 34 63 78 91 20 22 9 45 60 21 65 29 15 
40 2 39 55 1 29 53 81 48 10 40 17 26 21 67 12 72 96 46 87 26 36 6 47 96 51 59 68 15 39 83 6 40 73 60 40 53 64 73 52 73 64 20 50 84 86 61 8 33 58 94 58 45 99 57 
1 0 0 1 0 0 1 1 0 1 0 1 1 1 1 0 1 0 1 0 0 0 1 1 0 0 0 0 1 0 0 0 1 0 1 1 0 0 1 0 1 1 0 0 1 1 0 0 0 1 1 0 1 0 1 
0 0 1 0 1 1 0 0 0 0 1 0 0 0 1 1 1 0 1 0 1 0 0 0 0 0 1 0 1 1 1 1 1 0 1 1 0 1 1 0 1 0 0 0 0 1 1 0 0 0 0 1 0 0 1 
1 0 0 1 0 1 1 1 1 1 1 0 1 0 1 0 0 1 0 0 0 0 1 0 0 1 0 1 1 0 1 0 1 1 0 1 1 1 0 0 0 1 0 0 0 1 0 0 0 0 0 0 0 1 0 
0 0 0 0 1 1 1 0 0 0 0 1 1 1 1 1 1 1 1 1 1 0 1 1 1 0 1 1 0 0 0 1 0 0 1 1 1 0 1 1 0 1 0 0 0 0 1 0 1 1 1 0 1 1 1 
0 1 0 0 1 0 0 0 0 0 1 1 0 1 1 1 0 0 0 0 1 0 1 1 1 0 0 1 0 1 0 0 0 0 0 0 0 0 0 0 1 0 1 1 1 0 0 1 1 0 1 0 0 1 1 
1 1 1 0 1 1 0 0 1 0 0 1 0 1 0 0 0 0 0 1 1 0 1 1 1 0 0 1 0 1 0 0 1 0 0 0 1 1 0 0 1 1 0 0 0 0 0 0 0 0 1 1 1 0 0 
0 0 1 0 1 0 0 1 1 0 1 0 1 0 0 0 0 1 0 0 1 0 0 1 0 1 0 1 0 1 0 0 1 1 0 0 1 1 1 1 1 1 1 1 1 1 1 1 1 1 1 0 1 0 0 
1 1 0 0 1 1 0 1 1 1 0 1 1 1 1 0 0 0 1 1 1 0 0 1 1 1 0 0 0 0 0 1 1 0 0 0 0 0 0 1 0 0 0 1 1 1 1 1 1 0 1 1 0 1 0 
0 1 0 0 1 1 0 1 0 0 1 1 0 1 1 1 1 1 0 0 0 1 1 1 1 1 0 0 0 0 0 0 1 0 0 0 1 0 1 0 0 0 1 1 0 0 0 1 1 0 0 1 0 1 0 
1 1 1 1 1 1 1 1 0 1 1 0 1 1 0 1 1 0 0 0 0 0 1 0 1 1 0 0 1 1 0 0 0 1 1 1 0 0 0 0 0 1 1 1 0 1 0 0 1 0 0 0 0 1 0 
1 1 0 1 0 1 1 1 0 1 0 1 1 1 0 0 1 1 1 0 0 0 0 0 1 0 0 1 0 0 1 1 1 1 0 1 1 1 0 1 0 1 0 0 0 0 0 1 0 1 1 0 1 1 0 
0 1 0 0 1 0 1 0 1 1 0 1 0 1 1 1 0 0 1 0 0 0 0 1 0 1 0 0 0 1 0 0 0 0 0 1 1 0 1 0 1 1 1 1 1 1 0 1 1 1 1 0 1 1 1 
1 0 0 1 0 1 1 0 0 0 1 1 1 1 1 1 0 0 1 1 1 0 1 0 1 0 1 1 0 0 1 1 0 1 1 0 0 0 1 0 0 0 0 1 1 1 1 1 1 0 0 1 0 1 1 
1 1 1 1 1 1 0 1 0 1 0 0 1 0 1 0 1 1 0 0 0 1 1 1 0 1 1 1 1 0 1 1 0 0 0 1 1 0 0 1 1 0 0 0 1 1 0 0 1 0 0 1 1 0 1 
0 1 0 1 1 1 0 0 1 0 0 0 0 0 1 1 1 1 1 1 0 1 0 0 0 0 1 1 0 1 0 0 0 1 1 1 0 0 1 1 0 1 1 0 1 0 0 0 0 1 0 0 0 0 1 
0 0 0 0 0 1 0 0 1 1 0 1 1 0 0 0 0 0 0 1 1 0 1 0 0 0 0 1 1 0 0 1 0 0 1 1 1 0 1 0 1 1 1 1 1 0 1 0 0 1 1 1 0 0 1 
0 0 1 1 1 1 1 1 0 1 0 1 0 0 0 1 0 0 0 1 1 0 0 1 0 0 0 0 0 0 1 0 1 1 0 0 0 1 1 0 1 0 1 1 0 0 0 0 0 1 1 1 1 0 1 
0 0 1 0 0 0 1 0 1 0 0 1 1 0 1 1 1 1 1 0 1 1 1 0 1 0 1 0 1 1 1 1 1 1 1 1 1 1 0 0 1 0 1 0 0 0 0 1 1 1 0 1 0 1 1 
1 1 0 1 0 0 1 0 1 0 1 1 1 0 1 1 0 1 0 0 0 1 0 1 0 1 1 1 1 0 0 0 1 1 0 0 1 1 0 0 1 1 1 0 0 0 1 0 0 1 0 0 0 1 1 
1 0 1 0 0 1 1 0 1 0 0 1 1 1 1 1 0 0 1 0 0 1 1 0 1 1 1 1 1 0 1 0 0 0 1 0 1 0 1 0 0 1 1 1 1 0 0 1 1 1 0 1 1 1 0 
0 0 1 0 0 1 1 0 1 1 1 0 0 1 1 1 1 0 0 0 1 1 1 1 0 0 1 1 1 0 1 0 1 0 0 1 1 1 1 1 0 1 1 0 0 0 1 0 0 0 0 0 1 1 1 
1 0 0 0 1 0 0 1 1 0 1 0 0 0 0 1 0 1 0 1 1 0 0 1 0 0 0 0 1 1 1 0 1 1 1 1 0 1 0 1 1 0 0 1 0 0 0 1 1 0 0 0 0 0 0 
1 1 0 1 0 1 1 1 1 0 0 0 0 1 0 0 0 0 0 0 1 0 0 0 1 1 0 1 1 0 1 0 1 1 0 0 1 1 1 0 1 1 0 0 0 0 0 0 1 0 0 0 0 1 0 
1 0 0 0 1 0 0 0 0 1 0 0 0 1 1 0 0 0 0 0 0 1 0 0 0 0 1 0 0 0 0 1 0 0 0 1 0 0 1 0 1 1 0 0 0 1 0 1 1 1 1 1 0 0 0 
0 0 1 0 1 1 0 0 1 0 0 0 0 0 0 1 0 1 1 0 0 1 0 1 0 1 0 0 1 0 0 1 1 1 1 0 0 1 0 1 1 1 1 0 1 1 1 1 1 0 1 1 1 0 0 
0 1 0 0 1 1 0 0 0 1 0 0 1 1 0 0 1 1 1 1 1 1 0 0 0 0 0 1 0 0 1 0 1 1 0 0 0 0 1 0 1 1 0 0 0 1 0 1 0 1 0 1 0 0 0 
0 1 0 1 1 0 0 1 1 0 1 0 0 1 1 1 0 0 1 0 0 0 0 0 1 1 0 0 0 1 0 0 0 0 0 1 0 0 0 0 0 1 0 1 0 1 0 0 1 1 0 1 0 0 1 
1 1 0 1 1 1 0 0 1 0 0 0 1 0 0 1 1 1 1 0 1 0 0 1 1 1 1 0 1 1 0 0 0 0 0 0 1 0 0 0 0 0 0 1 0 0 0 1 1 1 1 0 1 1 1 
0 1 0 1 0 1 1 1 1 1 1 1 0 1 1 0 1 1 0 1 0 0 1 1 1 1 1 1 0 0 0 1 1 0 0 0 1 1 1 0 0 0 0 0 1 1 0 0 1 0 1 1 0 1 0 
1 0 1 0 0 0 0 1 1 0 1 1 1 0 0 1 0 0 1 0 1 1 0 0 0 0 1 1 0 0 1 1 0 1 1 1 1 1 0 0 1 0 0 0 0 0 0 1 1 1 1 0 0 0 0 
0 0 0 1 1 0 1 0 1 0 0 0 1 1 0 1 1 0 1 1 1 0 1 0 1 1 1 1 1 1 0 0 0 0 1 1 0 0 1 1 0 1 1 1 1 0 1 0 0 0 1 1 0 1 1 
1 0 1 1 1 0 1 1 0 1 1 1 1 1 1 1 0 0 0 1 1 0 0 1 1 1 1 0 1 0 0 1 0 1 0 1 1 1 1 0 0 0 1 1 1 0 0 1 1 1 1 0 1 1 0 
0 0 1 1 0 1 1 1 1 0 1 0 1 0 1 1 0 1 1 1 1 1 0 0 0 1 1 1 0 1 1 1 1 0 0 1 1 1 0 0 1 1 0 0 1 0 0 1 1 1 1 0 0 1 1 
1 0 0 0 0 1 1 1 1 1 1 0 0 0 1 0 1 0 0 0 0 0 0 1 0 1 0 0 1 1 1 0 1 0 0 0 1 1 1 0 0 1 1 0 1 0 0 1 0 1 1 0 1 1 0 
1 0 0 0 1 0 1 0 1 1 0 1 1 0 1 1 0 0 0 1 1 0 1 0 1 0 1 1 0 0 1 1 0 0 1 0 0 1 0 1 0 0 1 1 0 0 1 1 0 1 0 1 0 1 0 
1 0 1 0 0 0 0 1 0 0 1 0 0 0 0 1 0 1 0 0 1 0 1 0 0 0 0 0 0 0 0 1 0 1 0 0 1 0 1 0 0 0 0 0 0 1 1 1 0 0 1 1 0 0 0 
1 0 0 1 1 0 1 0 0 0 0 0 0 0 0 0 0 0 0 0 1 1 0 0 1 0 1 1 0 1 1 1 1 1 0 0 0 1 1 0 0 1 1 0 0 1 0 0 1 0 1 0 0 1 0 
1 1 1 0 1 0 1 1 0 1 1 0 1 1 1 1 1 1 0 1 1 1 1 1 1 1 0 1 1 1 0 1 0 1 1 0 0 1 1 0 0 0 0 1 1 0 0 0 1 1 1 0 0 0 1 
1 0 0 1 1 1 1 0 0 0 0 0 0 1 1 0 1 1 1 0 1 1 0 1 0 1 1 0 0 1 1 1 1 1 0 1 1 1 1 1 0 1 1 0 0 0 1 1 1 0 1 0 1 0 0 
1 1 1 1 1 0 0 1 0 0 1 1 1 1 0 0 1 0 1 1 0 1 0 0 0 0 1 1 1 1 1 0 1 0 1 0 0 0 1 0 0 1 1 1 0 0 1 1 0 0 0 0 1 1 0 
1 1 0 0 1 1 1 1 0 1 1 1 0 1 0 0 1 1 0 0 1 0 1 0 0 1 1 0 0 0 1 1 1 1 0 0 0 1 0 1 1 1 0 1 0 0 1 1 0 1 1 1 1 0 0 
1 1 1 0 1 1 1 0 0 0 0 1 0 0 1 1 1 0 1 0 0 0 1 1 0 1 0 1 0 0 1 0 1 0 0 0 1 1 0 0 1 1 1 1 1 0 1 0 0 0 0 0 0 1 1 
0 0 1 0 1 1 1 1 0 0 1 0 1 0 0 1 1 1 0 0 0 0 1 0 0 0 0 0 0 0 1 1 0 0 1 1 1 0 0 1 0 1 1 0 1 0 1 0 1 0 1 0 0 0 0 
1 0 1 1 1 1 1 0 1 1 1 1 1 1 1 0 0 1 0 0 0 0 1 1 1 1 0 1 0 0 0 1 1 1 0 0 0 1 0 1 1 1 0 0 0 0 0 0 1 0 0 1 0 0 0 
0 1 0 1 1 1 1 0 0 0 1 0 0 0 0 0 1 1 0 1 1 0 0 0 1 0 0 1 1 0 1 1 0 0 0 1 1 0 0 1 0 1 1 1 1 1 1 1 0 1 0 1 0 0 1 
1 1 0 0 0 0 0 1 0 0 1 0 1 1 0 0 0 1 1 1 0 0 0 1 0 1 0 1 1 0 1 1 1 1 1 1 1 1 0 0 1 0 0 0 1 0 0 1 1 1 0 1 1 0 1 
1 0 1 1 1 1 0 0 1 1 0 0 0 1 1 0 1 1 0 1 0 0 0 0 1 1 0 1 1 1 0 0 1 1 1 0 0 1 1 1 0 1 0 1 0 1 1 1 0 0 1 0 0 1 0 
