41 56 1010
9 90 87 13 64 89 6 58 57 12 40 60 99 28 81 5 66 6 69 86 88 41 31 50 89 92 21 14 1 62 11 10 3 49 74 18 89 79 75 97 42 67 9 40 46 41 97 63 46 17 48 33 57 78 83 97 
22 55 11 22 16 73 83 70 22 56 87 62 86 13 59 28 79 67 67 76 7 63 39 4 79 86 89 87 16 23 84 89 77 46 10 44 18 93 13 91 100 99 53 86 11 11 13 42 29 79 17 35 94 55 90 24 
93 78 11 60 100 46 48 28 91 9 71 8 53 35 51 53 33 3 38 96 13 2 37 41 32 5 27 25 60 16 1 4 46 63 15 45 8 62 25 98 22 47 57 75 82 7 79 14 9 68 61 73 69 97 65 100 
54 91 77 65 59 77 68 4 39 34 100 98 47 24 47 68 71 3 94 52 62 72 17 22 39 78 47 7 26 11 59 31 54 35 95 12 63 14 15 53 47 14 50 93 90 96 61 12 50 6 15 63 78 83 37 16 
60 83 75 38 45 33 68 98 19 15 9 81 28 75 85 75 41 86 19 82 81 31 93 82 37 7 97 14 89 33 81 1 15 55 90 59 39 9 9 57 23 69 89 3 44 73 29 36 58 47 17 90 78 9 72 66 
67 20 31 55 52 11 7 18 66 96 28 56 5 36 13 79 57 1 81 52 74 9 87 31 56 3 73 85 63 44 2 29 15 32 35 66 42 42 35 59 37 62 15 93 50 79 72 6 79 52 57 52 61 95 35 68 
49 7 4 11 2 5 91 16 36 25 33 29 18 67 40 55 80 6 47 81 84 18 86 62 22 94 66 82 88 52 1 36 10 4 98 11 8 88 78 95 65 62 75 82 28 14 88 59 19 35 40 2 4 77 16 77 
71 81 10 10 84 10 46 93 13 43 3 72 83 32 18 47 93 93 80 72 58 68 30 77 54 21 30 9 98 97 86 68 77 95 77 60 57 74 52 69 69 6 93 51 89 62 49 81 54 28 4 64 95 86 92 100 
6 73 9 3 70 94 22 46 40 51 58 96 24 61 17 92 19 61 94 7 22 42 40 28 22 43 91 68 28 34 68 34 6 76 88 75 21 62 73 12 12 82 60 35 42 28 79 12 88 24 71 61 66 10 88 39 
4 30 6 84 15 73 69 21 100 56 95 20 17 67 32 80 48 43 67 42 70 45 5 57 68 75 69 85 36 9 23 92 38 29 75 5 53 95 25 53 2 19 72 71 38 55 50 37 49 16 30 18 12 87 74 32 
13 95 16 1 3 91 92 40 71 18 44 23 12 20 75 65 91 99 35 80 5 85 16 54 52 98 23 64 84 49 47 96 43 62 96 45 4 39 36 74 56 80 97 19 51 23 84 41 73 70 20 30 54 88 35 58 
85 57 73 20 5 19 15 47 32 63 91 36 1 27 9 9 58 57 27 8 32 62 1 56 32 20 85 37 59 19 94 43 76 18 14 80 36 29 79 68 43 69 3 43 95 63 51 4 72 30 12 3 43 12 58 74 
83 95 11 42 13 56 36 40 74 50 72 61 30 50 80 72 18 34 66 65 97 69 68 68 50 79 22 92 42 31 66 77 77 28 70 90 35 57 81 8 6 52 21 87 1 100 58 71 34 76 35 82 44 54 1 45 
85 74 36 78 4 53 54 81 80 75 22 15 32 54 74 37 6 46 24 58 46 33 80 31 60 66 12 55 20 12 99 56 85 87 33 40 39 87 72 71 13 45 37 44 99 62 81 4 8 56 13 5 40 45 35 52 
10 98 6 81 9 57 36 45 43 69 36 33 7 8 3 19 52 39 63 50 1 95 5 60 2 70 64 41 14 50 44 23 47 50 4 7 58 91 3 100 59 38 32 65 97 87 84 49 77 98 50 77 92 7 88 93 
76 3 85 41 52 29 63 50 30 18 8 87 9 10 38 19 100 21 84 96 7 19 96 84 16 98 12 59 4 52 3 31 54 87 71 58 67 85 59 48 3 67 34 63 28 23 81 27 96 16 75 2 34 70 37 1 
67 1 59 22 52 61 52 57 100 22 66 66 59 25 14 61 43 99 75 70 74 55 97 69 71 71 22 56 92 11 57 11 11 67 32 14 80 36 22 79 9 88 96 67 64 61 79 6 12 53 75 85 60 23 53 30 
45 26 37 37 36 93 99 46 12 30 11 91 17 33 21 26 72 16 92 35 77 23 40 40 75 66 24 34 89 28 15 33 53 52 21 89 96 19 86 7 1 97 97 17 81 69 42 52 85 86 86 13 8 25 52 34 
42 27 68 30 54 34 15 58 85 35 46 33 6 32 39 6 80 88 22 60 56 64 11 92 1 48 56 8 24 7 41 65 85 60 95 38 46 9 96 82 95 93 14 100 76 5 5 7 44 79 66 99 94 28 43 94 
75 98 53 98 57 45 63 41 5 9 31 50 69 78 83 63 22 97 15 98 1 19 4 44 49 22 94 42 49 88 35 76 86 39 73 94 84 87 34 40 95 16 41 63 45 23 78 67 19 92 16 71 62 71 66 11 
92 60 52 93 99 39 68 84 29 92 77 12 31 63 3 77 30 43 92 75 66 69 93 36 12 8 59 73 78 24 35 22 35 39 14 34 29 33 69 57 76 98 69 6 12 71 83 41 66 74 67 83 94 59 70 5 
66 28 29 44 4 16 65 38 54 30 23 82 62 92 90 37 41 58 95 52 81 77 92 98 2 59 80 95 17 49 51 35 29 31 78 32 46 94 21 99 75 96 32 36 87 22 24 79 31 18 30 63 46 73 60 47 
31 91 93 100 92 95 34 20 26 63 3 71 8 23 22 82 18 53 69 56 26 44 34 9 62 15 71 59 88 83 6 70 73 50 69 64 45 54 35 70 68 37 92 27 12 13 60 81 18 28 89 43 72 74 51 85 
89 74 43 76 56 100 45 28 50 66 44 94 71 78 15 91 15 6 17 78 19 77 58 88 56 46 30 79 72 33 63 60 6 58 87 61 57 83 40 58 100 83 3 71 61 17 61 27 75 29 4 45 5 13 32 13 
11 13 91 82 45 6 93 2 63 79 14 71 13 6 81 13 88 83 83 100 52 95 26 26 23 81 22 80 94 53 92 56 65 82 37 62 87 81 15 1 59 81 24 23 86 4 35 25 38 69 25 89 63 2 66 86 
35 39 65 28 91 8 35 8 89 71 21 28 51 87 80 61 67 3 83 4 58 70 29 48 38 53 88 1 6 6 38 40 44 54 19 35 61 53 94 49 75 14 28 77 52 60 37 19 62 72 22 72 41 2 19 30 
54 58 30 12 63 19 51 7 72 70 93 32 74 86 33 49 51 12 25 2 71 14 72 85 37 46 56 77 47 26 58 53 35 88 64 98 6 66 4 78 87 48 61 61 33 93 9 35 57 85 88 27 98 60 11 34 
5 18 62 3 95 20 55 30 59 18 27 64 84 82 93 70 29 6 82 13 50 90 47 6 75 34 33 24 45 43 58 1 61 19 4 7 90 58 36 48 28 62 64 11 95 56 32 23 13 14 87 63 55 33 68 81 
19 100 5 15 95 14 16 7 32 19 13 74 76 49 21 3 62 84 65 9 92 49 83 4 14 70 66 68 54 34 1 24 85 5 39 79 18 54 85 1 72 50 74 47 98 95 2 11 30 66 19 21 14 2 25 27 
23 42 47 76 75 47 100 12 3 38 90 20 91 27 72 14 76 46 60 25 92 61 35 21 79 6 94 44 59 70 23 81 11 69 8 86 67 7 97 69 96 38 40 38 64 11 51 91 56 63 15 99 75 2 72 53 
59 65 97 17 34 71 49 44 39 56 81 57 15 29 77 10 19 16 48 82 26 50 25 34 12 91 32 87 92 55 39 2 19 87 18 52 57 18 48 47 74 28 55 88 9 31 49 27 46 48 60 24 98 84 9 9 
27 92 47 18 47 38 72 65 24 89 69 33 59 16 31 32 95 38 71 55 68 19 81 66 67 93 41 16 28 49 76 54 92 23 24 38 60 95 55 35 35 23 19 93 90 2 24 36 39 46 91 6 65 23 23 83 
67 63 98 95 63 25 100 55 47 23 92 58 17 98 45 4 20 63 96 61 64 72 49 54 17 91 12 33 13 34 67 32 97 16 26 11 41 25 65 39 100 9 97 68 6 41 71 26 55 67 38 71 90 86 24 58 
76 35 91 41 21 57 72 17 73 49 79 13 25 44 51 24 52 99 92 57 91 62 34 46 80 24 68 69 9 91 27 37 78 69 29 98 25 100 66 49 100 44 13 24 39 64 48 90 14 39 99 5 52 32 50 84 
55 17 52 16 59 30 4 88 50 32 85 27 83 2 75 34 98 88 57 36 3 4 26 68 94 24 72 98 7 73 81 14 41 84 81 100 66 84 39 15 67 24 41 1 77 68 34 74 7 42 10 61 98 87 28 91 
62 52 88 68 24 20 33 65 4 13 16 69 48 54 83 66 29 76 18 6 95 51 79 1 93 40 61 90 26 40 32 87 91 72 7 15 91 39 31 46 52 46 14 51 51 49 17 80 24 34 37 70 37 67 70 81 
7 82 22 32 21 5 19 12 76 25 78 19 15 8 64 18 5 30 69 55 78 37 86 53 22 74 22 10 41 43 90 47 24 63 78 44 68 48 55 95 24 84 65 39 91 81 56 95 10 76 2 39 12 39 91 86 
13 64 95 53 6 37 51 29 99 80 72 18 28 79 65 3 62 81 93 5 61 1 51 22 76 4 60 40 43 2 25 7 65 71 59 22 7 9 50 58 88 74 27 67 4 43 22 17 76 14 21 36 14 24 10 42 
27 21 81 69 23 57 75 39 79 85 61 38 45 62 95 85 35 73 3 90 68 24 7 43 90 79 30 3 2 39 44 81 60 76 49 34 84 76 72 63 12 32 100 9 46 46 45 32 70 47 22 37 23 80 31 12 
58 61 66 12 99 62 92 10 37 92 43 73 19 15 87 83 98 38 91 43 83 35 75 4 33 48 93 55 27 23 18 36 83 84 47 34 45 90 43 33 82 38 5 52 52 43 34 1 80 76 96 14 10 22 18 43 
69 10 49 47 32 67 82 15 50 81 100 46 70 42 30 3 79 87 7 82 29 40 35 9 16 30 22 77 51 39 71 71 100 20 17 32 38 98 98 39 78 97 36 100 90 65 54 21 51 60 54 80 100 88 88 67 
0 0 0 0 1 1 0 0 0 0 1 1 0 0 1 1 0 0 0 0 0 0 0 1 1 1 0 0 1 1 0 1 1 1 0 0 0 0 1 0 1 0 1 1 1 0 0 1 0 1 1 0 1 1 1 0 
1 1 1 0 0 1 1 0 0 1 0 0 0 1 0 1 0 1 0 1 1 0 0 1 1 0 0 0 1 1 1 0 1 0 0 1 1 0 1 0 1 0 0 1 1 1 0 1 0 0 0 0 1 1 1 0 
1 1 1 0 1 0 1 0 0 1 1 1 1 1 1 1 1 0 0 0 1 1 0 1 1 0 1 0 1 1 1 0 0 0 1 1 0 0 1 0 1 1 1 1 0 1 0 1 1 0 1 0 1 1 1 1 
0 1 1 1 0 0 0 0 0 1 0 0 1 1 0 0 0 0 1 0 1 1 1 0 0 1 0 1 0 1 0 0 0 0 0 0 0 0 1 1 1 1 1 0 0 0 0 1 0 0 1 1 1 1 1 1 
0 1 1 0 0 1 1 1 1 1 1 0 1 0 1 0 1 0 0 0 0 0 1 0 0 0 1 0 1 0 1 1 1 0 0 0 0 1 1 1 0 0 1 1 1 0 1 0 1 1 0 1 1 1 0 0 
0 1 0 1 0 1 1 1 0 1 1 0 0 0 1 0 1 1 1 0 1 0 0 0 1 1 0 0 0 0 0 0 1 0 0 1 0 1 1 0 0 0 0 0 1 1 0 0 0 1 0 0 1 0 0 0 
1 0 0 0 0 1 0 0 1 0 1 1 1 0 1 1 1 1 1 0 1 1 0 1 0 0 1 1 0 0 1 0 0 0 0 1 1 0 1 0 1 0 0 0 1 1 0 0 1 1 0 0 1 0 1 1 
0 1 1 0 1 0 0 1 0 0 0 1 1 1 0 0 0 0 0 1 1 0 1 0 0 1 0 1 1 0 0 1 1 1 1 0 0 0 1 0 0 0 0 1 1 0 1 1 0 0 0 1 0 1 0 0 
0 0 1 1 0 0 0 1 1 0 1 1 0 1 0 0 1 0 0 0 0 1 0 0 1 0 1 0 0 1 0 0 0 0 0 0 0 0 0 1 0 1 1 0 0 1 1 1 1 1 0 1 0 0 1 0 
0 0 0 0 0 0 1 0 0 1 0 0 1 0 0 0 0 1 0 0 0 1 0 1 0 0 0 1 0 1 1 0 1 1 1 1 1 0 1 0 1 0 0 0 0 0 0 0 1 1 1 1 0 1 0 1 
1 0 0 1 1 1 1 1 0 0 0 1 0 0 1 1 0 0 0 0 0 0 1 0 1 0 1 0 1 0 1 0 0 1 1 0 0 0 1 0 1 1 1 1 1 1 1 1 1 1 0 1 1 1 1 1 
1 1 1 0 1 0 0 1 1 1 1 1 1 0 1 0 0 0 0 1 1 1 1 0 0 1 0 1 0 1 0 1 0 1 1 1 1 1 1 0 0 0 1 1 1 0 0 1 1 0 0 0 1 1 1 1 
0 1 0 0 0 1 1 1 0 0 0 0 1 1 0 1 0 0 1 1 0 1 0 1 1 0 0 0 0 1 1 0 0 1 1 0 0 0 1 1 1 0 1 0 1 1 0 1 1 1 0 0 0 0 1 1 
1 1 1 1 0 0 1 0 1 0 1 0 1 0 1 0 0 0 0 0 1 0 1 1 1 0 1 1 0 0 0 1 0 1 0 0 1 0 1 1 0 0 1 1 0 0 1 1 0 0 1 1 0 0 0 0 
0 1 1 1 0 0 0 0 1 1 0 1 1 1 0 1 1 1 1 0 1 0 1 1 0 0 0 1 0 1 1 1 0 0 0 0 0 0 0 0 1 1 1 0 0 1 0 0 0 1 0 1 1 1 0 0 
1 0 1 1 1 0 0 0 0 0 0 1 1 1 1 0 0 0 1 0 1 1 0 1 0 0 0 1 1 0 1 0 0 0 0 0 0 0 0 1 1 0 0 0 1 1 0 1 1 1 0 0 0 0 1 0 
1 1 0 0 1 1 1 1 0 1 1 0 1 1 1 0 0 1 0 1 0 1 1 1 0 1 1 1 1 0 1 0 1 1 1 0 1 0 0 1 1 1 1 0 1 1 1 1 0 1 0 1 0 1 0 1 
0 0 0 0 0 1 0 0 1 1 0 0 1 0 1 0 0 0 1 1 1 0 0 0 1 0 1 0 0 1 1 0 1 1 0 0 0 1 0 1 0 0 1 0 1 0 0 1 1 1 0 0 1 0 0 1 
0 1 1 0 1 0 1 0 1 1 0 1 0 0 1 1 1 0 1 0 1 1 1 0 1 1 0 0 1 1 1 1 0 0 0 1 0 1 0 1 0 0 1 1 1 0 0 0 0 1 0 1 0 1 1 1 
0 0 0 1 1 1 0 1 0 0 1 0 1 1 0 0 1 1 1 0 1 1 0 1 0 0 1 0 1 0 0 1 0 0 0 1 1 1 1 1 1 0 0 1 1 0 1 0 1 0 1 0 1 1 1 1 
0 0 1 1 1 1 1 1 1 1 1 1 0 0 0 0 0 0 1 1 0 0 1 1 0 0 1 1 0 1 0 0 1 1 1 0 1 0 0 0 0 1 1 0 1 0 0 1 0 1 0 1 1 1 0 1 
0 0 0 0 1 0 0 0 0 1 1 1 0 1 1 0 0 1 0 1 1 1 0 1 0 0 0 0 1 1 1 1 1 0 1 0 0 1 0 0 1 1 1 1 0 1 1 0 0 1 1 1 0 1 0 1 
1 1 1 1 0 0 0 1 0 0 1 1 1 1 1 0 1 1 1 1 0 0 0 0 0 1 1 0 1 1 1 0 0 0 1 0 1 0 1 1 0 0 0 1 0 0 0 1 1 1 0 1 0 0 1 0 
0 0 0 1 1 0 1 0 0 1 0 1 1 0 1 1 0 1 0 0 1 0 1 0 0 0 1 0 0 0 0 0 0 0 1 0 0 1 0 1 0 0 0 1 0 1 0 1 1 0 1 0 1 1 1 1 
1 0 1 1 1 1 0 1 1 1 1 0 0 1 1 0 0 1 1 0 1 1 1 0 0 1 0 1 0 1 0 1 0 1 0 1 0 0 0 1 0 0 1 0 1 0 1 1 0 0 0 1 0 1 1 0 
0 1 1 0 1 1 1 1 0 0 0 0 0 0 1 0 0 1 1 0 1 0 1 1 0 1 0 0 1 1 0 1 1 1 0 0 0 1 1 0 1 1 0 0 1 0 0 0 1 1 0 0 1 1 0 0 
1 0 0 0 0 1 1 1 0 1 1 1 1 0 1 0 1 0 0 0 0 1 0 1 0 0 1 0 0 1 0 1 0 0 1 0 1 0 1 0 0 0 1 1 0 0 1 1 0 0 1 0 1 0 1 1 
0 1 1 0 0 1 1 0 0 0 0 1 1 1 1 1 1 0 0 1 1 1 0 1 1 0 0 0 0 1 0 0 0 1 1 1 1 0 1 1 1 0 0 0 1 0 1 1 0 1 0 1 0 1 1 0 
1 1 0 1 0 0 1 1 0 0 0 1 1 1 0 0 1 0 0 1 0 1 0 1 0 0 0 0 1 1 0 0 0 1 1 1 1 1 0 1 1 0 0 0 1 0 0 1 1 0 0 1 1 0 0 1 
0 1 0 0 0 0 0 1 1 0 0 1 1 0 0 0 0 1 1 1 1 1 0 0 0 0 0 1 0 0 1 1 1 1 1 0 1 1 1 1 1 1 0 0 1 0 1 1 1 0 0 1 1 1 1 1 
1 1 1 0 0 0 1 1 1 0 1 0 1 0 1 1 1 1 1 0 0 0 1 1 0 0 0 0 1 0 1 0 1 0 0 1 0 1 1 1 1 0 0 1 1 1 0 0 1 1 1 1 0 0 0 0 
0 1 0 1 1 0 0 0 0 0 0 1 0 1 0 1 1 0 0 0 0 0 1 1 0 0 0 0 0 0 0 1 1 1 0 0 1 0 1 1 1 1 0 1 0 1 0 1 1 1 0 1 1 1 0 1 
1 0 1 1 1 0 0 0 1 1 1 0 1 0 1 0 1 0 1 1 1 0 0 0 1 0 0 0 1 0 0 0 1 1 0 0 1 0 0 0 1 1 0 1 1 0 1 0 0 1 1 1 1 0 1 0 
0 1 0 0 0 0 0 1 0 0 1 1 1 1 0 0 1 0 1 0 0 1 1 0 0 0 1 1 0 1 1 1 0 1 1 0 0 1 1 0 0 0 1 1 0 1 1 1 0 1 1 0 0 0 1 0 
1 0 1 1 1 0 0 0 1 1 0 1 1 0 1 1 0 1 0 0 0 1 1 0 0 1 1 0 1 0 0 0 0 1 0 0 1 0 0 1 0 0 0 1 0 0 0 1 1 0 1 1 1 1 0 0 
0 1 0 1 1 1 0 1 0 0 1 0 0 1 1 0 0 1 1 0 1 1 1 0 1 1 0 1 0 0 1 0 1 1 1 0 0 1 1 1 1 1 1 0 0 0 0 0 1 0 1 1 1 0 1 1 
1 1 0 1 1 1 1 0 0 1 0 1 0 0 0 0 1 1 0 1 1 0 0 0 0 1 1 0 1 1 1 1 0 1 0 0 0 0 0 0 1 1 1 1 1 1 1 0 0 1 1 1 0 1 0 0 
0 1 0 0 0 1 1 1 0 1 1 0 1 1 1 0 0 0 0 1 0 1 1 0 1 1 0 1 0 0 1 1 1 0 1 0 1 0 1 0 1 0 0 1 1 1 1 0 0 1 1 0 1 1 0 0 
0 0 1 0 0 0 1 0 0 0 0 0 0 1 0 0 1 0 1 0 0 0 0 0 0 0 0 1 1 0 1 1 1 0 1 1 0 1 1 1 1 1 1 0 0 1 0 1 1 1 0 1 1 0 1 1 
0 1 0 1 0 1 0 1 1 0 0 0 1 0 1 0 1 0 0 0 1 0 1 0 1 1 0 1 0 1 0 0 1 1 0 1 0 0 0 0 0 0 0 1 0 1 0 0 1 0 0 0 1 1 0 0 
1 0 1 1 0 0 1 1 1 1 0 1 0 0 1 0 0 1 0 1 0 0 1 1 0 1 1 1 0 0 0 1 0 1 0 0 1 0 1 0 1 1 0 1 1 1 0 0 1 0 1 1 0 0 1 0 
