49 44 571
94 82 11 33 28 76 92 2 2 99 99 66 2 73 90 57 13 79 53 4 77 68 48 11 78 65 15 9 69 91 91 62 72 54 46 51 29 38 4 82 88 2 100 89 
74 41 97 38 19 49 41 47 17 41 9 46 5 24 6 26 14 49 87 85 2 85 87 82 22 90 15 61 91 14 49 16 54 97 6 25 46 46 71 14 38 80 11 43 
3 16 20 68 64 6 4 17 90 90 50 63 79 65 23 21 78 23 88 84 20 93 8 17 39 30 82 28 9 92 22 63 7 41 30 23 47 33 39 88 74 89 3 4 
5 77 24 34 52 64 17 23 56 76 39 46 6 20 74 66 11 95 29 69 36 10 43 34 95 82 73 68 22 27 24 26 4 99 59 55 62 28 77 18 3 67 15 8 
86 88 26 48 35 6 68 22 15 11 7 61 44 31 81 65 58 4 42 13 2 100 67 64 27 95 33 82 61 47 41 98 87 66 97 73 71 16 94 38 78 52 98 21 
82 78 37 91 81 78 3 35 30 21 98 8 15 82 89 27 28 82 76 66 47 72 38 70 40 31 7 17 34 4 90 68 34 26 58 66 56 61 100 85 81 49 44 48 
30 33 74 58 14 50 23 12 73 13 81 12 95 87 81 29 43 70 96 76 47 53 93 2 65 93 38 46 41 82 93 71 66 18 80 79 67 54 42 92 66 23 55 61 
61 35 41 55 56 36 82 3 40 75 4 5 67 94 50 59 75 94 81 40 11 60 70 30 66 63 21 31 37 75 43 98 10 83 4 65 70 86 19 10 12 75 66 30 
68 67 88 94 60 69 85 22 80 6 51 45 68 71 28 5 98 22 54 59 57 57 75 26 94 94 87 5 68 52 34 87 70 22 80 29 42 64 3 73 69 53 18 88 
76 97 92 73 70 45 83 26 54 57 4 47 50 42 52 69 46 85 55 15 58 34 44 99 49 46 72 69 50 41 57 77 89 100 1 10 97 83 36 50 40 91 96 41 
32 47 10 77 84 64 44 41 50 87 92 50 84 15 19 85 7 27 62 47 78 14 56 74 97 43 23 88 33 19 28 17 17 37 45 100 53 88 93 2 26 36 3 61 
2 73 46 8 99 59 6 29 24 61 2 20 56 77 59 88 95 87 56 63 75 1 15 27 40 59 80 66 94 35 78 95 7 75 54 58 85 11 86 9 71 39 80 26 
15 39 66 61 25 73 24 51 73 90 30 65 48 61 82 41 95 59 87 2 86 92 59 70 2 96 78 24 34 58 2 49 96 67 9 72 39 84 22 64 73 3 80 20 
64 61 12 58 71 50 11 56 93 21 78 94 16 55 70 50 64 71 50 11 89 58 82 27 94 56 42 66 10 21 38 73 33 49 83 56 51 93 11 43 14 88 89 29 
95 58 30 58 28 79 69 16 89 2 94 82 9 88 47 19 8 84 43 93 85 25 48 35 18 58 77 83 98 65 63 92 74 93 1 1 71 21 68 59 75 62 92 35 
49 39 53 8 74 96 100 58 72 99 92 89 9 21 23 6 37 86 49 11 78 1 63 100 74 31 11 48 44 2 82 92 92 87 51 66 34 3 23 5 1 67 46 9 
39 68 66 75 53 66 37 82 19 100 34 92 30 96 39 73 49 72 16 41 58 66 58 91 20 32 96 21 50 93 81 88 60 99 63 65 16 99 46 34 50 31 77 79 
26 67 51 27 39 66 19 48 84 76 91 3 7 38 75 9 30 8 96 41 58 10 5 73 61 3 59 10 33 87 89 11 54 91 37 44 9 7 43 92 82 33 46 40 
22 73 48 51 32 96 92 89 5 48 13 17 50 23 27 83 10 67 45 63 57 33 58 65 39 100 8 72 85 6 63 6 30 11 9 61 58 52 49 62 99 61 31 49 
84 57 83 45 23 27 59 31 59 16 96 97 67 55 68 51 12 30 9 41 92 69 1 1 20 49 15 70 62 45 18 97 1 100 41 75 78 99 5 36 66 100 84 32 
7 51 35 18 33 95 11 76 63 11 77 34 12 91 3 73 35 73 21 87 24 13 61 2 11 65 37 28 17 21 11 75 23 45 92 7 91 54 35 5 65 63 38 76 
5 93 100 39 65 72 77 88 84 37 41 94 53 30 73 69 2 83 43 24 80 87 83 70 40 69 75 56 31 64 31 35 56 82 25 72 53 1 12 36 89 52 81 41 
81 53 10 82 88 4 58 67 90 92 88 82 60 62 37 42 78 20 76 33 53 52 57 58 52 68 45 40 71 26 80 4 30 41 85 69 45 94 35 86 85 23 19 96 
36 56 37 13 27 64 98 79 15 54 88 66 73 33 57 95 10 89 98 91 29 35 60 25 28 94 11 65 16 29 12 4 36 1 16 14 64 13 45 31 18 32 48 42 
64 5 37 25 45 86 16 73 20 75 98 100 68 60 64 36 40 27 39 28 27 6 41 43 71 85 73 40 69 20 82 84 76 70 9 20 55 24 45 75 98 94 74 17 
53 89 52 44 15 42 71 94 48 64 36 70 100 60 9 68 31 90 4 59 11 12 30 66 87 74 40 84 67 65 52 71 5 56 15 19 97 37 64 96 100 51 17 100 
10 26 19 93 67 22 51 78 33 80 43 71 54 34 54 72 50 58 43 54 13 9 24 61 45 88 9 45 38 25 96 100 50 14 92 69 36 94 46 20 73 40 91 78 
73 96 2 74 53 96 27 65 4 50 78 48 89 86 44 27 10 39 78 12 53 21 80 40 14 25 59 38 16 1 68 40 97 69 13 1 64 39 18 19 40 95 18 29 
80 62 55 41 52 84 52 56 4 83 95 69 7 6 6 22 58 25 13 54 93 25 7 8 63 24 78 3 70 96 83 49 9 37 41 12 72 93 68 75 75 14 43 34 
71 100 7 29 25 20 34 69 96 40 29 11 15 6 13 84 53 95 32 13 83 25 25 6 69 92 80 43 5 74 28 76 25 87 56 1 58 89 22 53 29 50 63 43 
7 27 27 12 73 10 24 7 34 48 12 2 91 43 97 96 68 76 23 93 62 78 45 19 18 66 24 98 67 86 41 26 13 19 37 37 80 12 44 66 60 55 19 50 
98 15 97 65 43 71 9 56 100 54 75 18 71 50 15 38 35 7 63 99 77 51 36 57 62 79 22 73 85 40 75 34 7 71 51 1 42 59 56 93 64 82 10 87 
31 77 24 66 83 38 16 60 40 3 68 53 81 89 26 18 80 100 51 38 22 1 38 15 12 94 8 27 75 17 13 6 45 88 23 28 25 90 39 16 93 6 69 25 
46 46 42 25 45 45 15 66 97 52 33 60 97 40 87 72 8 51 29 53 39 3 32 15 92 70 31 84 75 51 61 20 96 2 96 40 98 10 57 95 14 41 54 10 
80 92 33 40 95 13 92 33 15 23 99 7 92 29 42 18 31 2 37 26 56 84 17 53 94 26 99 59 66 5 20 98 96 53 37 90 17 28 74 32 2 73 90 93 
53 83 62 84 85 98 9 40 33 78 44 78 3 43 36 68 99 56 65 46 60 1 88 76 80 61 59 81 85 48 25 38 31 86 73 67 35 33 58 68 10 1 45 64 
95 33 32 93 88 48 91 99 1 78 26 32 38 85 65 23 84 89 12 14 27 84 32 13 16 89 32 78 42 29 41 88 61 24 33 100 72 23 50 24 100 75 7 89 
59 71 11 43 12 74 8 38 57 40 2 25 80 34 2 73 14 42 61 74 66 93 25 89 15 74 64 66 48 70 54 59 41 17 53 52 90 60 41 47 51 94 71 83 
79 24 55 92 65 15 65 82 59 89 70 25 62 33 90 62 3 44 20 95 60 72 98 49 83 38 47 86 31 69 68 10 92 74 1 9 89 18 90 99 58 12 24 72 
44 13 33 98 8 4 92 19 75 89 20 9 78 66 94 61 87 13 22 30 87 74 38 27 91 80 77 1 91 100 72 86 65 56 84 24 59 27 43 85 16 14 45 45 
31 91 5 17 3 78 99 41 52 36 19 94 67 96 94 57 47 17 43 63 24 78 87 82 4 81 18 71 94 63 16 24 53 72 93 7 50 91 100 53 78 70 46 45 
17 92 53 64 60 95 26 84 24 64 17 28 44 35 50 89 49 17 13 53 89 57 59 90 47 10 94 24 80 39 20 96 82 73 59 94 67 37 77 43 100 93 70 96 
79 71 84 27 88 48 79 28 4 90 69 50 99 62 26 30 52 45 26 34 17 36 27 36 72 55 78 24 47 99 71 78 21 54 56 8 2 35 35 57 76 3 59 26 
16 84 56 68 80 81 1 49 68 79 84 40 33 13 15 31 63 85 60 35 90 16 43 43 2 29 100 77 84 58 2 99 93 9 66 72 41 18 20 9 48 55 100 32 
19 14 15 33 50 74 68 91 89 62 34 90 90 85 66 25 42 20 24 34 80 41 57 21 59 29 29 58 83 28 90 54 93 4 86 94 77 53 84 66 14 17 7 56 
53 73 80 94 44 55 79 23 96 88 43 6 16 23 63 50 50 52 3 94 7 89 87 84 93 71 1 59 39 7 66 92 31 45 37 26 100 68 49 47 55 43 52 70 
18 14 71 67 18 74 13 24 14 99 59 6 69 59 16 8 18 81 51 48 78 87 74 29 54 74 75 60 68 26 81 85 91 52 4 8 25 16 84 38 14 42 95 35 
1 11 94 18 43 44 17 20 30 90 100 36 15 74 95 35 99 76 71 90 27 74 49 51 41 32 40 7 74 34 93 26 96 86 43 91 29 59 62 10 1 62 45 67 
35 40 1 86 67 72 75 93 97 75 95 90 7 34 48 80 19 40 5 67 25 99 57 5 9 70 14 61 31 11 28 18 2 80 3 68 3 29 12 100 3 6 41 9 
0 1 1 0 0 1 0 0 1 0 0 0 0 1 0 0 1 1 1 0 1 1 1 1 1 0 0 0 1 0 0 1 1 0 0 1 1 0 1 1 1 1 1 1 
1 1 1 0 1 1 1 0 0 0 1 0 1 0 0 0 0 0 0 0 0 0 1 0 0 1 1 1 0 0 0 1 1 0 0 0 1 1 0 1 1 0 1 0 
0 1 1 0 0 1 0 0 1 0 0 1 1 1 1 1 1 1 1 1 1 1 1 0 0 0 0 1 0 1 0 0 1 1 0 1 0 1 1 1 1 0 0 0 
1 1 1 1 1 0 0 0 1 1 1 1 1 1 1 1 0 1 1 1 0 0 0 0 1 0 1 0 0 1 0 1 1 1 0 0 0 0 0 1 0 1 1 1 
0 0 1 1 1 0 0 1 0 1 1 1 1 0 1 1 1 1 0 0 1 1 0 1 1 1 0 1 0 1 1 1 1 0 0 0 0 0 1 1 1 0 0 0 
0 0 1 0 1 0 0 0 1 1 1 0 0 0 0 0 1 1 1 1 1 1 1 1 0 1 0 1 1 1 0 0 1 1 0 0 1 0 1 0 1 0 1 1 
0 1 0 0 0 1 1 1 1 0 0 1 1 1 0 1 0 0 1 1 0 1 1 1 1 0 0 1 1 1 0 1 0 0 1 0 0 0 1 1 1 1 0 0 
0 0 1 0 1 0 1 1 1 1 0 1 1 0 0 0 1 0 0 1 1 1 1 1 0 0 0 1 0 0 1 0 0 1 1 1 1 0 0 1 1 1 0 1 
1 0 1 1 0 1 0 1 1 0 0 1 0 0 0 0 0 1 1 1 0 0 0 0 0 1 1 0 0 1 1 1 1 0 0 1 0 1 1 1 1 1 0 1 
0 0 0 0 1 1 1 0 1 0 0 1 1 1 1 1 0 0 0 1 1 1 0 1 0 1 0 1 1 0 0 1 0 0 1 1 1 1 1 0 1 1 0 0 
0 1 1 0 0 1 1 1 0 0 0 0 1 0 1 0 0 0 1 0 0 1 1 0 0 1 0 1 0 0 1 1 0 0 1 0 1 1 1 0 1 1 0 0 
1 0 1 1 0 0 1 0 1 0 0 1 1 1 0 0 1 1 1 1 1 0 1 1 1 0 1 0 1 1 1 0 1 0 1 1 0 0 0 0 1 0 1 0 
1 0 0 1 1 1 0 1 0 0 0 1 0 1 0 0 0 1 0 0 1 0 1 1 0 1 1 1 0 1 0 1 1 0 0 0 0 1 1 0 1 1 1 1 
0 1 1 1 0 0 1 1 0 0 1 0 0 0 0 0 1 0 1 0 0 0 1 0 1 0 0 0 0 0 1 0 1 1 1 0 1 0 1 1 1 0 1 1 
1 1 1 0 1 0 1 0 0 0 0 1 0 1 1 0 1 1 1 0 0 0 0 1 1 0 0 0 0 1 1 1 1 0 0 0 0 1 0 1 1 1 0 1 
0 0 0 1 1 1 1 1 1 0 0 0 0 0 0 0 1 1 0 0 1 0 1 0 1 1 1 0 0 1 1 0 1 1 1 0 0 1 1 0 1 1 0 1 
1 1 1 1 0 1 1 0 1 0 0 0 0 1 0 0 0 0 1 0 1 0 0 0 1 0 0 0 1 0 1 1 1 1 0 0 0 1 0 0 0 0 0 0 
1 1 0 1 1 1 1 0 0 0 0 1 0 0 0 1 1 1 0 0 0 0 0 1 0 0 1 0 0 1 0 1 0 0 1 1 0 0 0 0 0 0 1 0 
1 1 0 0 1 0 0 1 1 1 0 1 1 1 1 0 1 1 1 1 1 0 1 1 1 1 1 1 1 1 0 0 0 0 0 1 0 1 1 1 0 1 0 1 
1 1 1 0 0 1 1 0 1 0 1 0 1 1 0 1 0 0 1 0 0 0 0 0 1 1 0 1 0 0 0 1 0 0 1 0 1 1 0 0 1 0 1 1 
1 1 0 1 1 1 1 1 1 1 1 0 0 1 1 1 0 0 0 0 0 0 0 1 1 1 1 0 1 0 1 0 1 1 1 0 1 0 1 0 0 1 1 0 
0 0 1 0 0 0 0 0 0 1 1 1 0 1 1 1 1 1 1 1 0 0 1 1 0 1 0 0 0 1 1 0 1 0 1 0 0 1 0 0 0 0 1 0 
1 1 1 0 0 0 1 0 0 1 0 1 0 0 1 0 1 0 0 0 1 1 0 1 1 1 0 1 1 1 0 0 0 1 0 0 0 0 1 0 1 1 1 1 
1 1 1 0 1 1 0 0 1 1 0 0 0 0 1 1 1 1 1 0 1 1 0 1 1 1 1 0 0 1 1 1 0 0 1 1 0 0 0 1 1 0 1 1 
0 0 0 1 0 1 1 1 0 0 0 0 1 1 0 0 0 0 1 0 0 1 0 0 1 0 1 0 0 0 1 0 1 1 1 1 0 1 0 0 1 0 0 0 
1 1 0 0 1 0 0 1 1 0 0 0 0 1 0 0 0 1 0 1 0 0 0 0 1 0 0 0 0 1 0 1 0 1 1 1 1 0 0 0 0 0 0 1 
0 0 1 0 1 0 1 1 0 1 1 1 1 1 1 1 0 1 0 0 0 0 1 1 0 0 1 0 0 1 1 0 1 1 0 0 1 1 1 1 0 0 0 1 
0 1 0 0 0 1 1 1 1 0 0 1 0 0 1 1 1 1 1 1 0 0 1 1 1 1 0 0 1 0 1 1 1 0 0 1 1 1 0 0 1 1 1 0 
1 0 1 0 1 0 1 1 0 1 0 0 0 0 0 1 0 1 1 1 1 1 1 0 0 1 0 1 0 1 1 1 0 0 0 1 1 1 1 1 0 1 1 0 
0 1 0 0 1 1 0 0 0 1 1 0 0 1 1 1 1 1 0 1 1 0 0 0 0 1 0 0 1 1 1 1 1 1 1 0 0 1 0 0 0 1 0 1 
1 1 0 0 0 0 1 0 1 1 0 1 1 0 1 0 0 0 1 1 1 0 1 1 0 1 1 0 1 1 1 0 1 1 0 1 0 1 1 1 0 0 0 1 
0 1 1 0 0 0 1 1 1 0 1 1 0 0 1 1 0 1 1 1 0 1 0 0 0 0 1 0 0 1 0 0 1 1 1 1 0 0 0 1 1 1 0 1 
0 1 0 0 0 1 1 1 0 1 1 0 1 1 0 1 0 0 0 1 0 1 0 0 1 1 1 0 0 1 1 0 0 1 0 1 0 1 0 0 1 1 0 0 
0 1 0 1 1 0 0 1 1 1 1 0 0 0 1 0 1 0 1 0 0 1 1 0 1 1 1 0 0 1 0 1 0 0 0 0 0 0 1 1 1 1 0 1 
1 1 0 1 1 1 1 1 0 0 0 1 1 1 1 1 0 0 0 1 0 0 1 1 1 0 0 0 1 0 0 1 1 0 0 1 1 1 0 1 1 0 1 0 
1 0 1 0 0 0 1 1 0 0 0 1 0 0 0 0 1 0 1 0 0 1 1 1 0 0 0 1 0 1 1 0 0 0 0 0 0 1 1 1 1 1 0 1 
0 0 1 1 0 0 1 0 1 1 1 1 1 0 0 1 1 1 1 1 0 1 0 0 0 1 1 1 1 0 1 1 0 0 0 1 1 1 1 0 0 1 0 1 
1 0 1 0 0 0 0 0 0 0 0 0 1 0 0 0 0 1 1 0 1 1 1 0 1 1 1 1 0 1 1 1 1 0 1 1 0 1 1 0 1 0 1 1 
0 1 1 0 0 1 0 1 0 0 0 1 1 1 1 1 0 0 0 1 0 1 1 0 1 0 1 0 0 0 1 0 1 1 0 1 0 1 0 0 1 0 0 0 
1 1 1 1 1 1 1 1 0 0 1 1 0 0 0 1 0 1 1 1 0 0 0 0 1 1 1 0 1 1 0 1 0 1 0 1 0 1 0 0 1 1 0 0 
0 0 1 0 1 0 0 0 0 0 0 1 1 1 1 1 0 1 0 0 0 0 1 0 0 1 1 1 1 1 1 1 1 0 1 0 1 1 0 1 0 1 1 1 
0 0 0 1 0 0 1 0 1 1 1 1 0 0 0 1 1 0 0 0 0 0 0 1 1 1 1 1 0 0 1 0 0 1 1 0 0 1 1 1 0 0 0 0 
0 0 0 1 0 0 1 1 0 1 0 0 0 1 1 0 1 0 1 0 0 0 0 0 1 1 1 1 1 1 0 1 1 0 0 0 0 1 1 1 1 1 1 1 
1 0 0 0 1 1 0 1 1 1 1 1 0 0 0 0 1 0 1 0 0 0 0 1 1 1 0 0 1 1 0 0 1 0 0 0 1 1 1 0 0 0 1 0 
0 0 0 1 0 0 0 1 0 0 0 1 0 0 0 1 1 0 1 0 0 1 1 1 0 0 1 0 1 1 1 1 1 1 1 1 1 1 0 1 1 0 1 1 
0 1 0 1 1 1 0 1 1 1 0 1 1 1 0 0 0 1 0 1 0 1 1 0 0 1 1 1 0 0 1 0 1 1 0 0 1 0 1 0 1 1 1 0 
1 1 1 1 0 1 1 1 0 0 1 0 1 0 1 1 1 0 0 0 0 0 1 1 0 0 1 1 0 0 1 1 0 0 0 0 1 1 1 1 1 0 1 1 
1 1 0 0 1 0 0 1 0 1 0 0 0 1 1 0 0 1 1 0 1 1 0 1 1 0 0 0 0 0 1 1 1 0 1 0 0 0 0 1 1 0 1 1 
0 1 1 0 0 0 0 1 0 0 0 1 0 1 1 1 1 1 0 0 1 0 0 1 0 0 0 1 1 0 1 1 1 0 1 1 1 1 0 1 1 1 0 0 
