48 56 1226
78 7 61 26 36 10 18 26 91 26 65 91 86 14 14 61 28 88 47 19 15 98 7 98 63 72 1 66 100 61 67 78 19 80 3 55 89 72 80 80 49 96 22 86 9 87 46 36 74 45 6 89 42 13 38 56 
36 90 22 35 2 40 64 21 19 18 27 8 41 58 87 89 53 60 74 13 46 20 48 19 64 5 7 57 17 96 12 4 37 85 39 91 25 54 11 43 72 89 50 12 46 88 53 50 47 26 62 92 97 61 63 12 
65 69 20 34 17 84 37 5 68 75 95 92 81 57 87 52 45 88 15 42 76 67 91 74 45 52 18 41 12 80 5 29 100 24 62 68 7 98 73 75 25 19 18 5 76 4 8 72 92 22 14 19 89 4 44 85 
8 61 77 19 92 81 47 92 5 8 11 63 58 83 37 82 54 7 86 29 10 93 100 53 66 13 71 6 69 15 90 76 27 67 46 19 47 93 62 3 52 72 66 9 55 54 42 60 60 79 88 22 23 39 74 89 
4 45 46 72 11 36 99 37 54 44 55 52 88 16 55 40 88 72 100 94 77 94 53 37 72 92 58 95 30 83 35 33 27 80 56 89 67 54 26 20 98 32 24 85 100 30 76 39 1 28 84 77 21 88 65 92 
79 74 38 60 57 24 45 35 4 100 24 22 6 1 42 55 84 65 91 35 94 67 73 46 46 56 74 66 43 91 9 73 64 99 33 72 22 29 7 77 28 82 99 85 34 92 39 69 56 30 4 1 48 76 98 93 
84 23 10 78 13 18 51 77 68 35 100 90 63 58 66 42 91 64 79 24 55 17 45 62 98 48 14 97 75 63 89 10 86 98 88 98 68 90 26 35 76 26 24 90 83 42 83 74 57 61 49 64 30 45 77 27 
92 91 24 19 5 64 28 90 14 67 88 81 56 65 15 31 90 91 72 25 84 55 50 40 15 50 55 44 95 32 23 38 74 98 56 78 13 36 20 26 2 7 6 10 71 73 40 13 15 12 89 98 18 38 89 32 
87 44 28 33 75 2 71 100 51 78 29 63 65 48 89 67 54 46 76 77 70 67 41 84 30 29 81 47 66 70 31 4 13 10 37 39 63 59 90 13 88 18 27 53 66 15 71 19 13 46 47 82 64 39 18 94 
67 98 92 84 19 74 40 83 83 28 21 45 86 10 9 25 28 36 77 45 2 47 15 14 44 62 48 8 52 65 53 19 14 96 54 33 70 93 15 4 20 88 49 57 49 9 82 28 44 10 72 46 9 87 11 52 
100 10 11 51 74 15 21 88 11 75 72 80 19 38 83 91 25 83 47 26 92 80 53 87 42 77 32 50 63 95 53 14 4 16 64 30 30 37 69 92 11 40 71 81 77 6 71 54 40 70 79 83 1 83 70 42 
59 53 43 73 99 96 86 55 63 2 84 92 38 52 84 100 43 6 80 71 63 3 76 55 72 54 89 72 89 10 66 99 63 8 72 13 55 9 67 17 62 2 61 51 5 96 2 47 1 34 70 16 36 45 70 59 
51 58 82 39 68 47 37 82 7 60 46 13 69 65 82 82 66 94 33 71 89 34 69 41 67 38 56 54 83 77 12 33 87 46 71 6 92 59 39 50 19 84 15 39 48 96 20 14 89 4 84 29 90 52 69 8 
42 77 62 24 53 25 8 39 70 30 96 14 88 34 15 58 18 29 96 65 76 68 30 16 71 65 44 60 69 13 68 10 89 81 33 93 5 92 84 27 21 79 40 8 13 54 18 30 35 13 46 10 32 76 26 3 
92 21 14 60 85 33 69 25 13 53 18 70 44 1 96 16 31 87 24 43 92 93 24 26 5 70 88 89 97 65 43 88 85 56 100 70 41 20 94 53 25 63 74 68 15 21 36 46 7 11 88 51 3 12 76 59 
33 15 47 81 79 89 20 64 97 19 85 37 39 30 41 63 93 15 82 59 87 17 4 94 27 92 44 29 55 71 40 39 86 86 19 16 27 38 31 23 9 15 59 47 97 99 61 41 65 94 99 52 63 3 97 89 
46 92 70 100 62 61 90 99 46 8 15 72 97 45 94 5 12 4 51 8 55 63 48 19 57 98 22 19 100 18 59 45 61 80 96 75 40 85 73 38 44 39 61 41 84 55 45 47 10 48 54 64 10 53 35 18 
50 8 88 2 26 99 98 38 30 94 12 22 30 85 59 74 23 71 66 58 77 10 4 87 9 9 2 19 13 36 88 63 44 76 16 21 26 13 58 55 6 22 28 88 6 86 13 80 57 78 90 85 39 93 71 48 
54 73 18 66 60 5 28 3 32 95 75 57 8 85 64 65 6 91 52 63 29 16 42 37 45 31 21 36 76 44 83 29 16 52 94 75 8 74 30 40 68 56 48 27 92 63 92 97 6 95 11 34 11 53 22 55 
35 42 90 62 85 24 42 52 27 88 79 35 13 60 74 32 67 73 59 59 36 50 55 41 44 66 26 6 70 47 13 56 40 54 70 77 30 11 80 56 98 10 90 10 69 15 42 36 88 52 94 75 1 100 67 96 
17 44 54 86 90 66 94 81 71 63 9 100 73 41 8 23 50 97 84 19 12 25 6 51 76 99 77 28 50 43 76 67 86 29 4 27 46 97 59 16 11 68 68 36 60 75 58 9 23 41 27 86 18 32 36 45 
82 12 73 32 6 100 98 91 28 1 69 25 50 28 92 60 47 59 95 6 85 4 14 8 97 93 45 14 76 81 58 58 44 82 89 50 81 38 40 60 38 61 84 39 40 76 51 86 86 97 43 23 1 8 82 97 
100 26 62 76 6 71 85 50 53 73 99 85 10 90 45 99 50 28 90 41 55 40 26 41 36 20 15 88 80 96 84 31 21 97 58 27 68 42 28 72 66 78 56 27 67 52 26 69 80 67 9 86 6 87 78 41 
58 92 29 37 87 64 68 8 13 25 86 80 19 65 3 84 42 58 11 60 10 88 80 41 54 41 78 59 79 56 51 36 99 31 73 86 47 92 45 59 68 82 90 86 46 44 70 39 1 32 98 62 19 30 54 72 
70 32 82 48 39 32 83 37 15 7 74 61 50 18 71 18 51 12 55 96 55 76 86 7 7 84 21 25 13 74 48 34 57 29 81 95 13 15 32 27 74 5 39 23 75 9 92 25 72 47 73 26 22 58 84 81 
93 4 57 57 78 5 90 86 33 22 81 97 37 64 75 10 68 13 84 94 73 76 71 44 74 43 21 47 52 5 27 45 60 84 1 37 88 43 75 72 64 55 21 100 18 95 61 37 8 45 83 80 20 53 76 45 
95 96 91 46 52 18 42 12 53 43 100 92 37 74 15 100 80 35 100 49 82 60 38 89 56 20 20 75 24 47 19 70 95 62 15 46 31 9 9 83 3 61 26 39 86 40 38 66 27 89 66 8 1 3 48 56 
74 19 31 97 66 1 66 60 14 33 57 44 41 18 78 43 78 3 81 63 95 18 80 21 59 46 80 59 100 79 14 74 97 96 70 14 97 88 25 10 20 82 6 12 51 83 54 80 86 86 94 80 55 74 52 13 
71 83 71 70 61 85 43 9 80 65 23 28 4 47 90 75 80 95 86 30 77 91 61 14 76 55 45 82 80 48 95 50 30 17 71 42 1 66 51 33 82 25 12 85 71 1 59 3 47 96 84 76 86 45 89 13 
51 34 94 30 33 88 31 63 57 1 56 9 66 58 41 47 82 53 83 5 5 41 7 52 36 90 27 73 86 67 85 36 52 79 65 85 18 95 99 74 48 54 83 65 12 75 12 93 79 46 97 84 39 55 87 26 
97 13 99 82 79 83 18 83 13 34 67 83 81 65 56 28 18 90 92 29 17 55 74 95 53 22 78 91 77 64 16 25 28 14 6 59 49 75 41 61 9 7 43 41 23 51 20 40 92 63 21 8 18 46 3 70 
67 32 12 95 48 27 19 27 41 77 85 41 51 77 1 11 35 96 51 57 98 70 49 89 85 21 49 2 66 3 23 84 86 34 31 33 12 1 12 4 77 96 44 80 25 45 42 59 92 93 68 41 14 68 29 98 
88 29 51 5 31 25 40 17 10 22 1 22 23 12 25 51 60 69 82 84 65 24 94 8 68 13 48 81 80 28 31 19 57 33 23 39 58 63 7 67 84 60 40 58 71 65 61 82 85 42 17 49 65 63 8 32 
75 55 65 7 82 47 25 38 79 48 29 36 62 35 55 97 94 94 7 17 10 67 50 94 60 67 94 77 29 1 60 55 55 24 61 89 70 86 78 1 85 6 36 46 41 42 94 86 36 100 54 97 18 4 91 78 
70 36 54 50 37 13 4 43 89 65 31 10 2 9 10 86 66 46 83 6 39 76 44 26 28 97 23 45 100 65 22 21 100 27 70 88 92 26 83 80 90 65 89 43 73 99 28 39 96 10 96 34 85 91 60 12 
88 82 9 39 98 82 60 97 9 81 37 100 6 19 79 47 83 19 89 8 17 16 98 64 77 45 98 14 36 57 25 75 90 85 13 87 67 24 35 75 57 71 26 62 41 56 9 76 74 97 83 43 65 32 6 41 
76 3 54 63 11 31 37 100 15 2 38 81 77 73 7 33 95 32 95 36 87 55 63 13 3 45 55 67 28 60 60 55 15 65 18 77 95 6 29 62 7 66 94 84 90 53 68 85 84 62 72 23 16 34 87 71 
30 41 89 57 52 48 11 18 13 80 95 59 86 23 20 44 40 66 79 30 18 47 14 53 60 37 27 28 70 13 98 99 5 86 7 9 34 69 78 98 1 72 56 86 46 28 81 86 93 12 15 10 58 80 14 17 
16 41 44 85 53 93 35 10 79 93 70 64 61 47 61 61 71 68 98 16 95 31 1 87 42 67 48 51 98 62 67 13 54 63 49 58 7 35 67 85 27 36 100 40 35 60 100 5 80 50 20 74 32 73 13 73 
91 12 23 89 73 41 1 78 55 2 36 62 36 54 98 63 42 98 2 76 9 53 80 88 54 51 62 85 23 26 9 66 37 83 54 62 76 6 39 30 7 74 43 95 28 41 9 21 90 62 96 98 14 75 86 20 
77 99 56 52 24 17 17 12 99 22 73 26 27 12 56 86 37 50 32 16 42 40 36 31 1 31 81 66 57 66 37 34 16 93 37 91 61 53 2 59 74 75 85 52 38 92 89 74 93 20 42 35 59 77 65 59 
60 97 77 68 62 13 53 29 57 89 19 17 93 21 28 66 95 12 70 32 55 58 57 47 78 98 33 88 27 50 99 38 46 75 5 60 87 10 88 96 50 7 12 43 79 39 60 25 2 29 56 56 39 64 55 16 
14 39 55 92 88 53 29 34 27 85 93 66 46 32 61 96 90 24 38 68 63 97 92 64 78 99 72 16 15 78 31 28 16 85 19 4 90 99 89 16 35 33 33 81 16 45 76 6 69 13 73 83 61 17 46 38 
15 69 53 29 46 35 8 14 72 78 69 61 28 57 28 63 41 13 95 56 57 70 61 77 34 86 59 94 54 57 84 68 25 88 49 23 23 8 36 46 38 4 6 65 60 85 79 52 97 73 7 54 94 20 82 27 
57 41 73 10 97 56 29 21 95 29 95 17 37 30 62 26 33 19 90 44 4 69 95 100 93 54 5 87 25 87 13 81 27 37 90 75 44 18 95 39 99 90 7 35 71 69 60 4 39 1 47 42 21 94 42 14 
47 46 52 23 32 16 3 10 53 44 84 48 13 31 86 11 72 93 97 42 13 8 97 51 9 44 45 81 89 86 46 87 83 97 9 67 65 11 76 69 6 12 16 18 42 54 29 13 98 25 6 10 33 3 12 93 
98 56 25 86 93 71 24 28 19 32 94 83 94 21 51 99 32 19 68 73 72 96 37 69 73 43 30 57 97 41 49 94 49 25 31 93 95 54 20 66 37 65 48 82 86 51 32 17 69 99 42 40 47 30 8 19 
24 37 27 20 29 27 65 77 51 95 22 46 100 41 11 88 6 10 21 91 60 52 59 80 3 52 19 49 82 78 19 5 66 45 77 95 71 41 23 21 36 44 18 87 37 80 27 42 90 47 84 1 99 42 81 53 
1 0 0 0 0 0 0 1 0 0 1 0 1 0 0 0 1 0 0 1 1 0 0 0 1 1 1 1 1 1 1 0 1 1 0 1 1 0 1 1 1 0 1 0 0 1 0 0 1 0 1 1 1 0 1 0 
1 0 1 0 1 0 0 1 1 0 0 0 1 1 1 0 0 0 0 0 1 0 0 1 0 0 0 1 0 1 1 1 0 0 0 1 0 0 0 1 1 1 1 0 0 0 0 0 0 0 1 0 0 1 1 0 
1 1 0 1 0 1 1 0 0 1 0 0 1 0 0 0 1 1 0 0 0 0 0 0 0 1 0 0 1 1 1 0 0 1 0 1 0 1 1 0 0 1 1 1 0 1 0 1 0 0 1 0 1 0 1 1 
1 1 0 0 1 1 1 1 0 1 0 0 0 0 1 0 1 0 1 1 1 1 1 1 0 0 0 1 0 1 0 0 0 0 0 1 1 1 1 1 0 1 0 0 1 1 0 1 1 0 0 0 1 1 1 1 
0 1 0 0 0 1 0 1 1 1 0 1 0 1 0 1 1 0 1 0 1 0 1 0 0 0 0 1 1 0 1 1 1 1 0 0 0 0 1 0 1 1 1 0 1 1 1 0 0 0 0 1 0 0 0 0 
0 0 0 1 0 1 1 0 0 1 0 1 1 1 1 1 0 0 1 1 1 0 1 1 0 0 1 1 0 1 1 0 1 1 1 0 0 0 0 1 1 0 0 1 1 1 0 1 1 1 1 0 1 0 0 1 
0 1 0 0 0 0 0 1 1 0 1 0 0 1 1 0 1 1 1 0 0 1 0 1 0 1 1 1 1 1 0 0 0 1 0 0 1 1 0 0 1 1 0 1 1 1 1 0 0 0 1 0 1 1 1 1 
0 1 0 1 0 1 1 1 0 0 1 1 1 1 1 0 1 0 1 0 1 1 0 0 1 1 0 1 0 0 0 0 1 1 0 1 0 1 0 0 1 0 1 0 1 0 0 0 0 0 0 0 1 1 0 0 
0 0 1 1 0 0 1 1 1 1 1 1 1 1 1 0 1 0 1 1 0 1 1 1 1 0 1 0 1 1 1 1 1 0 0 0 0 0 1 1 1 0 0 0 0 1 1 1 1 0 0 0 1 0 1 1 
0 0 1 1 1 0 0 0 1 1 0 1 1 0 1 0 0 1 1 0 1 0 0 0 0 0 0 1 0 1 0 0 1 0 1 0 0 0 1 1 1 1 1 0 1 0 0 0 1 1 0 0 1 0 1 1 
1 1 1 1 1 1 0 0 1 1 1 0 1 0 1 0 1 0 0 1 0 1 1 0 0 1 0 0 0 1 1 1 1 0 0 0 0 0 0 1 0 1 1 1 1 1 0 1 1 0 0 0 1 1 0 0 
0 0 0 0 0 1 1 1 0 0 1 0 0 1 1 0 1 1 0 0 0 0 1 1 0 1 1 0 0 1 0 1 0 0 1 0 1 1 1 1 1 0 1 1 1 1 0 0 0 0 1 0 0 0 1 0 
0 1 0 0 0 0 1 0 0 1 0 0 0 1 1 1 1 1 0 1 0 0 1 0 0 0 0 0 1 1 1 1 0 1 1 1 0 1 1 0 0 0 0 0 1 0 1 1 1 1 0 1 0 1 1 0 
0 1 1 1 0 0 0 1 1 1 0 1 0 1 0 0 1 0 0 1 0 1 0 1 1 0 0 1 1 1 1 1 0 0 0 1 0 0 0 0 0 0 1 0 1 1 1 1 0 1 0 0 1 0 0 0 
0 0 1 1 0 0 1 0 1 1 1 1 0 1 1 0 1 1 0 1 0 1 0 0 1 0 1 0 0 1 0 0 1 1 1 1 1 0 0 0 0 1 0 0 1 1 0 0 0 0 1 1 0 1 1 1 
1 0 1 1 1 1 1 1 0 1 0 1 1 0 0 1 0 0 1 1 1 1 1 0 0 1 1 0 0 0 1 0 1 0 1 0 1 1 1 1 0 0 0 1 0 0 1 0 0 0 1 0 0 1 0 0 
0 1 0 0 1 1 0 0 1 0 1 0 1 0 1 1 0 1 0 1 0 1 1 0 0 1 0 0 0 0 0 0 1 0 0 1 1 1 1 0 1 0 0 0 1 1 1 1 0 1 0 0 1 0 1 1 
1 1 1 1 0 1 1 1 1 1 0 0 0 0 0 1 0 0 1 1 1 0 1 1 0 1 0 1 1 1 0 0 0 1 1 0 0 0 0 1 0 0 1 0 0 1 0 1 1 1 0 0 0 1 1 0 
1 1 1 0 0 1 1 1 0 0 1 0 1 1 1 1 0 0 1 0 1 1 1 0 1 0 0 1 1 1 1 0 1 0 1 1 1 0 0 1 0 0 1 1 1 0 0 1 0 0 0 1 1 1 1 0 
1 1 1 1 0 0 1 1 0 0 1 1 0 1 0 1 1 1 0 1 1 1 0 1 1 0 0 0 0 1 1 1 0 0 0 1 1 0 0 1 0 1 1 1 1 1 0 0 1 0 1 0 1 0 0 0 
0 0 1 0 0 0 0 0 0 0 1 1 0 0 1 1 1 0 0 0 1 0 1 0 0 0 1 0 0 1 0 1 1 1 1 1 1 1 0 0 0 1 1 0 1 0 1 1 0 1 1 0 1 0 0 0 
1 1 0 1 0 0 0 0 0 0 1 1 1 1 1 1 1 1 0 0 1 1 1 0 1 1 0 0 1 0 0 0 0 0 0 0 1 0 0 1 0 0 0 0 1 0 1 0 1 1 1 0 1 0 0 0 
1 0 0 1 1 1 1 1 1 1 1 0 0 0 1 0 0 0 0 1 0 0 0 1 1 1 1 0 1 0 0 1 0 1 0 1 0 1 0 1 1 0 0 1 0 1 1 0 1 0 1 1 0 1 0 1 
0 0 0 0 0 0 1 0 1 1 0 1 0 0 1 1 0 1 0 0 0 0 0 0 0 0 1 0 1 0 1 0 0 1 0 0 0 1 0 1 0 0 1 0 1 0 0 1 1 0 0 1 0 0 1 0 
0 1 0 0 1 0 0 1 1 0 1 1 1 1 1 1 0 0 1 1 0 1 0 1 0 0 0 0 1 0 1 1 1 1 1 0 1 1 1 1 1 0 0 0 1 1 1 1 1 1 0 1 0 1 0 0 
1 1 1 0 1 0 0 0 1 1 0 1 1 1 0 0 1 0 1 0 0 0 0 1 1 0 1 0 1 1 0 1 0 1 1 1 1 1 1 1 1 1 0 0 0 0 0 1 0 1 0 0 0 0 0 1 
0 1 1 0 0 0 1 1 1 0 0 1 0 0 0 1 1 0 1 0 0 1 1 0 1 1 1 1 1 1 0 0 0 0 0 0 0 1 1 1 1 0 0 1 0 0 0 1 0 1 1 0 1 1 1 0 
0 0 1 0 1 1 0 1 1 0 1 1 1 1 1 0 1 1 0 1 0 0 0 0 0 0 1 1 1 0 1 1 0 0 1 1 1 1 0 1 1 1 0 0 0 1 1 1 1 1 0 1 1 1 1 1 
1 0 0 0 0 1 1 0 1 1 1 1 0 1 0 0 1 0 0 1 0 1 1 1 0 1 0 0 0 1 1 1 0 0 1 0 1 1 1 1 0 0 0 0 0 0 0 1 0 1 0 0 0 1 1 1 
1 1 1 1 1 0 1 1 0 0 1 0 1 0 1 1 1 1 0 1 1 0 0 1 1 0 0 0 0 1 1 1 1 0 0 0 0 1 1 1 0 0 1 1 1 0 1 0 1 1 1 0 1 1 1 1 
1 1 1 1 1 0 0 0 0 1 0 0 0 1 1 0 1 0 0 0 0 1 0 1 0 1 1 1 0 1 0 0 0 1 1 1 1 0 1 1 1 1 0 1 0 1 0 0 0 0 0 0 1 1 0 1 
0 1 0 1 0 1 1 1 0 0 0 0 0 0 1 1 1 1 1 0 1 1 0 1 1 0 1 0 1 1 1 0 1 1 1 1 0 0 0 1 0 1 1 1 1 0 0 0 0 1 0 1 0 0 0 1 
1 1 1 0 1 0 0 0 0 1 1 0 1 0 1 0 1 0 1 0 1 1 0 1 1 1 0 1 1 0 1 0 1 0 1 0 1 1 0 1 1 0 1 0 0 1 0 1 1 1 1 0 1 1 1 0 
0 1 1 0 1 0 0 1 1 1 1 0 1 0 1 0 0 0 0 0 1 1 1 1 0 0 1 1 1 1 1 0 0 1 0 0 1 0 1 0 0 0 0 1 0 1 1 0 0 1 0 1 0 1 0 1 
1 0 0 1 1 0 1 1 1 1 1 0 1 0 1 1 1 1 0 1 1 1 0 1 1 0 0 1 0 1 0 1 1 1 0 0 1 1 1 0 0 1 0 0 1 1 1 0 1 0 0 0 1 0 1 0 
0 1 0 0 0 0 0 1 1 0 1 0 0 1 0 0 0 1 0 1 0 0 0 1 0 0 1 1 0 0 0 0 0 0 1 0 0 1 0 0 1 1 0 1 0 1 0 0 0 0 0 0 0 0 0 0 
0 1 0 0 0 0 0 0 0 1 0 0 0 0 0 0 0 1 1 0 0 1 1 0 0 1 0 0 1 0 1 1 0 1 1 0 1 1 0 1 1 0 1 1 1 0 1 1 1 1 1 1 0 0 1 0 
1 1 1 0 0 0 1 0 1 0 0 0 0 0 1 1 0 0 0 1 0 0 0 1 1 0 0 1 0 1 0 0 1 1 0 1 1 0 1 0 0 1 0 0 1 1 1 1 1 0 1 0 0 1 1 1 
1 0 0 0 1 0 0 0 1 0 1 0 0 0 0 1 1 0 1 0 1 1 0 1 1 1 1 1 0 0 0 0 0 0 0 0 1 0 0 0 0 0 1 1 0 1 0 0 0 1 0 1 0 0 0 1 
1 1 0 0 0 0 0 0 1 0 0 0 0 1 0 0 1 1 1 1 1 1 1 1 1 0 0 1 0 1 1 0 0 1 0 0 0 0 1 1 0 1 1 0 0 1 0 1 1 0 1 0 1 0 1 0 
0 1 0 1 0 1 1 1 0 1 1 0 1 0 1 1 0 0 1 0 0 1 0 1 1 1 1 1 1 0 1 0 1 1 1 0 0 0 1 1 1 0 1 0 1 1 1 1 1 0 1 1 1 1 0 1 
0 1 0 0 1 1 0 1 1 1 1 1 1 0 0 0 0 0 0 1 1 1 0 0 1 0 0 0 1 0 1 0 0 1 0 1 1 0 0 0 1 1 1 0 1 0 0 0 0 0 1 1 1 0 1 0 
0 1 0 1 0 0 1 0 1 1 1 0 1 0 0 0 1 0 0 1 0 0 1 0 0 0 1 1 0 0 1 0 0 0 0 0 0 1 0 1 1 1 0 0 1 0 1 1 0 1 0 0 0 1 0 0 
1 1 0 0 0 1 0 0 1 0 0 1 0 0 1 1 1 1 1 1 1 0 0 0 0 0 0 0 1 1 0 0 0 0 0 0 0 1 0 1 1 0 1 1 0 0 0 0 1 0 1 0 0 1 0 0 
1 1 0 0 0 1 0 0 1 1 1 1 0 1 1 1 0 0 1 0 0 1 0 1 1 1 1 0 0 0 0 1 1 1 1 1 0 0 1 1 1 0 1 1 0 0 0 0 0 1 0 0 1 1 1 0 
0 0 0 1 0 1 0 1 0 0 0 0 0 0 1 1 0 0 0 0 0 0 0 0 0 1 0 1 0 1 1 0 0 0 1 0 1 0 0 1 0 0 1 0 0 0 1 1 1 1 1 1 1 0 0 1 
1 0 0 1 0 0 1 0 0 1 0 1 1 0 0 1 1 1 1 1 1 0 0 0 1 0 0 0 0 0 0 1 0 0 0 0 0 1 0 0 0 1 1 1 1 1 0 0 0 1 0 0 1 0 0 0 
0 0 1 0 0 1 1 1 1 1 1 0 1 0 0 1 1 0 1 0 1 1 1 0 1 1 0 0 1 0 1 0 1 0 0 1 1 0 0 0 1 0 0 0 0 1 0 1 1 1 1 0 0 0 0 1 
