57 58 379
79 36 12 1 83 75 77 47 7 68 87 88 71 54 56 84 39 34 12 73 1 48 96 4 54 35 87 81 5 60 52 83 47 15 36 29 89 12 75 95 31 13 82 54 66 89 37 4 74 48 28 27 95 24 82 48 58 69 
29 14 28 32 97 26 46 84 54 86 95 81 32 78 45 65 31 11 6 67 66 79 66 94 57 12 17 39 11 26 7 39 39 86 22 87 11 19 70 16 4 65 48 35 94 93 52 24 55 57 42 20 87 7 13 44 70 29 
34 80 6 92 71 45 77 92 31 39 11 1 6 66 17 6 53 10 50 4 85 4 60 26 23 46 84 36 41 53 16 74 32 22 65 54 18 93 46 100 31 8 100 89 73 68 94 25 29 43 28 13 98 39 90 20 85 25 
7 25 77 23 99 61 96 63 14 65 8 11 64 38 18 16 78 43 83 23 19 64 17 99 28 14 37 18 34 21 94 40 98 71 14 96 83 9 10 48 73 17 11 89 7 80 4 36 22 38 59 41 1 75 91 29 89 27 
98 74 48 91 13 45 13 27 92 47 87 53 95 12 70 57 52 28 36 55 63 58 92 73 50 45 48 40 25 88 66 74 61 65 64 25 61 29 3 4 75 42 57 21 53 78 77 4 5 13 10 19 22 53 92 23 49 91 
62 73 30 79 46 90 96 62 14 56 90 69 60 16 10 68 89 14 45 65 69 1 29 78 71 2 82 14 24 31 4 37 3 33 68 1 74 63 62 40 70 3 8 81 18 17 48 6 30 44 23 50 44 3 27 67 5 8 
80 28 38 36 17 93 20 84 93 46 46 6 85 15 8 44 48 77 60 95 83 41 39 57 90 34 59 68 100 63 27 32 43 17 67 11 9 38 94 53 83 91 58 67 57 65 10 4 93 21 51 75 13 89 83 54 74 42 
21 26 56 48 57 50 64 23 12 24 12 5 76 95 47 33 61 4 49 23 59 41 95 9 68 8 49 50 61 75 43 82 100 51 81 56 52 96 30 64 19 41 20 94 35 67 78 48 22 78 70 80 18 16 41 37 23 41 
39 84 15 33 17 14 83 97 69 35 44 50 50 62 91 69 7 77 87 84 24 8 61 45 40 30 61 80 19 83 72 57 18 87 41 86 100 24 82 21 10 77 70 11 38 12 79 44 89 66 79 12 25 91 9 64 73 69 
95 91 3 67 99 73 53 39 58 4 14 92 76 75 68 46 85 6 57 64 1 45 81 80 9 5 22 17 21 94 37 15 84 91 81 82 15 85 73 73 89 86 16 64 61 83 61 97 40 70 12 41 14 92 72 74 49 93 
42 69 87 30 83 22 21 16 56 35 100 28 59 40 65 74 56 77 9 16 74 48 85 85 40 51 29 63 76 29 8 18 97 46 47 31 67 19 46 22 54 98 1 64 37 18 38 44 94 46 60 19 45 96 4 85 98 84 
99 74 12 6 43 8 51 89 90 18 8 36 91 13 85 44 76 21 61 65 65 54 62 76 25 59 23 28 43 73 63 93 98 74 99 40 33 49 28 74 18 35 9 9 99 45 4 75 66 64 91 82 69 5 9 93 63 83 
72 57 55 34 49 52 59 47 91 43 48 19 17 65 5 77 25 4 22 28 30 39 43 72 72 12 76 80 56 90 62 80 46 69 65 95 20 24 93 63 18 92 33 86 9 89 15 33 92 88 13 73 78 7 97 49 70 72 
80 26 62 93 5 59 61 69 5 33 44 50 95 14 41 27 51 49 15 65 34 59 4 98 83 81 4 79 29 74 3 8 51 16 1 7 74 13 27 31 45 23 80 91 36 72 17 38 21 84 55 54 94 58 3 28 39 6 
59 19 31 61 79 81 28 31 39 53 43 66 83 40 88 14 30 75 86 99 64 6 82 18 11 27 76 13 6 66 70 64 84 1 24 62 33 3 44 72 56 87 37 38 26 76 52 7 2 89 5 65 94 38 83 56 64 58 
20 22 23 89 85 58 41 61 20 74 63 63 45 18 1 81 8 78 8 11 85 9 99 89 73 44 27 55 99 42 64 70 63 86 58 48 44 99 60 15 24 22 29 68 92 82 100 99 59 7 9 95 67 59 36 39 2 62 
46 52 55 9 21 70 47 30 69 90 28 28 56 3 49 36 70 92 17 69 90 28 27 50 22 93 8 57 84 61 70 29 12 25 37 32 46 83 62 14 24 41 41 31 44 41 67 65 33 83 34 74 62 12 24 84 57 83 
92 40 44 14 68 55 90 4 39 35 39 52 48 14 92 88 45 87 28 11 52 12 45 37 86 7 100 61 42 56 43 85 95 38 98 14 45 87 18 83 21 8 86 20 21 29 7 65 16 87 27 19 50 72 7 35 30 6 
47 23 14 90 7 8 79 57 74 23 95 91 57 68 50 42 87 22 71 46 87 38 84 65 8 33 88 14 20 69 71 66 91 36 55 50 96 86 58 69 60 52 11 17 71 60 10 58 81 32 55 19 69 38 36 28 70 23 
41 89 92 64 7 34 99 13 83 46 98 92 14 58 44 24 26 14 83 35 23 16 19 77 86 87 66 21 15 88 44 7 28 87 22 34 20 73 47 55 18 44 46 32 53 41 7 78 7 42 65 81 57 83 10 94 21 75 
15 87 62 10 46 90 96 19 23 67 91 21 73 61 65 19 44 69 11 50 99 69 43 63 50 99 97 59 45 17 33 59 56 47 20 1 36 67 19 10 33 62 31 6 22 47 76 17 67 38 18 65 7 61 27 56 11 75 
66 55 92 98 65 47 96 84 99 31 50 69 93 35 30 75 92 3 73 67 71 39 4 89 56 62 49 34 69 59 9 34 14 52 84 30 50 79 14 48 62 15 68 54 1 98 80 92 52 4 10 23 42 66 11 49 27 59 
83 96 69 91 29 82 42 64 64 43 43 77 90 4 43 57 57 44 6 88 87 58 91 97 32 84 14 42 33 40 52 15 87 72 57 68 6 50 31 69 92 73 45 33 76 39 41 84 34 47 71 21 56 13 69 87 97 82 
80 29 73 83 95 12 54 3 79 59 52 61 27 95 86 23 27 61 14 67 97 47 65 19 19 20 32 87 58 80 20 89 60 45 23 54 56 29 56 34 39 59 46 66 53 31 40 79 44 5 97 40 52 62 10 70 33 93 
9 43 72 80 83 31 24 6 36 79 34 91 64 72 1 10 89 53 92 81 83 35 85 32 26 88 45 36 10 77 28 18 71 52 49 54 82 73 59 18 51 44 60 67 67 13 28 8 17 19 88 100 6 24 83 31 12 27 
18 21 3 98 90 26 49 38 79 82 62 37 51 65 32 63 31 98 75 10 5 91 28 44 42 85 20 24 16 83 50 85 55 5 82 44 30 30 33 8 64 95 96 14 11 27 76 41 76 50 2 33 93 29 28 34 66 47 
58 81 81 59 65 35 15 99 30 44 28 15 3 43 61 50 57 71 28 84 11 4 34 12 88 78 92 67 11 9 66 20 41 46 79 58 81 93 56 62 89 35 76 43 78 36 93 34 6 20 69 68 75 2 31 14 31 75 
81 42 83 46 61 76 91 91 33 23 36 88 85 24 22 12 66 51 100 10 36 57 82 5 77 56 58 7 70 89 33 2 30 68 47 42 43 89 85 27 12 20 14 48 95 87 59 12 38 10 22 73 67 3 29 43 10 87 
1 31 75 34 32 56 53 30 97 47 19 81 73 30 100 86 29 46 24 39 58 61 49 79 86 15 33 14 57 42 52 57 25 26 42 8 81 94 38 30 92 56 10 64 37 62 1 17 7 25 55 16 37 3 94 74 69 78 
40 25 72 91 34 96 17 75 3 49 21 92 78 12 47 40 76 35 53 28 51 11 52 58 27 89 60 72 14 81 50 53 5 21 44 90 68 12 65 22 12 37 14 42 48 12 81 75 47 85 3 49 47 6 6 73 46 18 
97 60 98 46 64 54 18 59 44 85 70 60 6 34 96 71 75 95 83 7 22 81 91 76 29 89 81 87 62 79 56 58 38 5 55 1 58 72 12 53 8 81 12 65 66 59 36 40 6 18 98 79 98 40 54 78 29 86 
16 90 64 71 99 53 75 53 6 85 76 17 37 35 49 1 99 15 11 34 6 16 3 4 94 52 43 99 82 71 85 97 12 100 20 62 5 94 14 10 30 41 78 19 75 26 19 26 92 29 11 98 97 14 53 90 17 47 
41 98 70 25 47 81 76 66 43 80 11 8 89 41 1 18 59 75 44 29 52 87 57 63 36 53 28 88 95 44 87 87 94 56 11 40 36 38 57 30 18 67 90 58 59 90 76 17 16 71 45 68 57 54 30 45 58 57 
32 4 52 70 90 97 25 52 88 13 90 44 42 7 63 31 16 21 20 91 38 36 61 34 55 70 87 84 14 97 92 97 100 95 67 90 92 91 41 31 3 82 75 97 88 37 27 4 57 99 46 46 86 59 80 40 28 18 
75 41 14 18 89 14 64 7 55 7 98 47 38 52 29 12 100 68 100 79 23 56 77 69 54 14 27 33 5 6 2 79 98 16 48 86 81 11 93 35 18 42 33 7 45 61 18 45 81 17 23 3 24 51 23 77 64 49 
61 68 6 63 98 3 30 97 41 10 59 85 96 28 78 28 34 22 41 51 18 21 19 40 23 95 42 46 23 5 46 36 24 4 50 21 6 79 69 98 40 28 82 35 55 59 14 89 33 54 91 50 26 62 42 1 8 83 
46 30 40 43 17 63 46 66 36 4 44 56 53 83 83 87 69 38 45 83 78 29 88 68 31 66 81 72 66 88 6 63 18 97 5 34 12 3 52 99 58 95 54 10 30 37 48 98 26 93 32 3 73 72 22 3 37 3 
26 2 90 84 64 59 80 20 45 91 74 96 89 83 42 95 93 71 31 92 21 8 36 52 10 9 75 83 11 11 85 89 64 27 72 27 85 51 99 81 94 72 28 34 55 70 28 99 40 10 90 12 17 26 16 78 34 90 
61 96 1 97 84 16 23 7 43 60 58 41 92 3 12 20 36 18 89 64 16 80 25 58 92 42 83 7 71 68 96 83 63 48 32 99 64 6 57 58 17 14 50 9 16 13 28 4 31 68 67 98 47 43 55 90 84 37 
96 7 56 44 89 19 43 72 69 58 78 25 67 94 91 16 2 58 29 81 61 11 48 79 8 47 22 63 36 57 51 32 15 7 27 56 77 69 27 97 79 4 73 45 50 15 61 3 73 41 84 85 51 31 16 10 29 89 
72 65 97 75 96 12 33 22 19 9 42 45 57 20 1 29 17 50 44 29 52 68 69 87 4 71 70 19 80 98 59 4 62 8 78 57 71 10 30 89 70 24 33 26 95 85 54 11 34 49 91 38 16 59 24 20 29 93 
90 9 91 1 12 52 8 41 61 78 2 42 66 71 17 50 48 12 35 53 74 20 2 17 57 69 75 33 40 56 25 82 16 67 82 27 71 41 19 83 18 20 24 35 42 93 36 89 56 70 41 81 42 42 97 98 63 72 
82 2 27 59 83 42 25 16 20 47 56 90 29 25 9 5 59 50 97 95 38 52 16 30 32 57 24 29 7 86 52 88 39 30 98 74 23 23 89 94 21 97 83 50 21 91 54 80 92 2 26 81 53 93 10 36 50 85 
16 8 70 67 95 61 96 45 34 18 67 22 11 39 18 45 88 91 87 93 70 78 94 47 10 98 39 72 86 40 56 1 47 78 20 94 38 67 38 71 37 56 44 99 94 14 44 34 4 30 26 25 60 72 71 69 21 61 
40 58 1 48 11 99 25 30 92 62 96 81 32 84 36 27 83 82 40 78 15 43 7 92 67 18 63 89 87 36 2 78 93 2 77 55 52 1 84 44 62 32 76 45 67 12 24 49 93 63 26 7 6 85 50 24 2 13 
65 40 100 66 18 44 67 94 99 70 47 34 65 60 17 41 57 84 52 80 32 96 42 10 54 99 94 3 23 47 67 87 87 66 4 4 62 70 49 60 91 95 93 56 7 10 96 63 93 99 42 76 94 83 37 99 34 30 
1 56 77 20 94 15 37 97 18 98 18 18 57 60 65 2 15 71 63 10 33 7 8 74 34 53 8 71 51 41 100 4 48 28 23 93 42 59 41 11 9 10 81 65 70 97 18 84 67 80 46 51 38 53 76 72 58 35 
42 60 76 93 63 75 21 37 68 14 48 8 77 56 70 57 72 39 5 90 74 71 21 19 73 11 24 48 82 81 82 23 92 9 15 55 84 87 43 3 53 42 62 29 97 31 37 21 21 41 62 95 63 34 13 35 44 88 
34 25 20 67 47 12 28 14 18 11 52 12 65 4 54 26 84 2 57 20 22 77 12 83 23 26 17 88 60 60 75 45 85 95 64 83 58 91 48 75 53 100 86 17 55 39 94 39 41 2 10 14 31 74 97 53 99 65 
40 11 76 67 55 12 13 70 95 70 12 94 44 16 45 81 32 100 72 78 38 64 79 99 77 9 72 25 62 71 89 53 81 65 19 87 76 83 57 22 52 20 68 47 36 12 28 19 11 51 96 100 14 75 99 90 35 22 
15 96 92 55 1 24 71 71 11 99 54 19 20 57 38 39 4 73 51 83 92 13 33 87 13 46 13 63 87 48 84 1 95 28 8 47 3 78 18 13 76 23 83 48 31 21 86 34 45 36 68 88 1 52 27 13 49 39 
27 36 38 62 88 85 89 95 31 92 73 100 56 48 74 91 95 5 11 33 90 7 20 10 95 20 61 21 84 62 11 10 97 49 72 36 85 12 31 15 55 55 67 63 54 40 53 1 96 15 33 86 21 52 95 67 24 7 
39 7 68 50 69 16 50 92 52 34 55 34 100 62 88 66 24 41 58 28 93 53 42 25 38 14 29 84 81 4 91 19 10 58 20 30 74 69 73 77 2 28 10 2 89 97 19 64 89 76 91 82 81 32 58 18 97 38 
54 77 41 44 48 3 53 67 32 78 88 5 6 89 84 15 42 72 63 13 87 4 40 77 85 20 60 94 90 56 32 43 85 72 38 32 74 42 50 58 72 37 14 77 78 97 92 71 20 6 35 6 9 75 82 45 94 41 
39 83 96 70 77 32 93 14 15 19 8 65 76 79 53 89 55 82 37 98 5 56 4 39 61 12 65 94 57 59 86 47 93 33 16 22 65 60 87 79 78 94 95 53 72 48 93 79 81 29 28 37 36 31 28 96 95 92 
41 51 2 26 49 47 59 64 68 75 23 54 53 53 100 48 5 23 47 98 1 79 78 29 68 14 11 95 61 5 38 2 7 40 79 55 38 89 70 5 63 45 10 68 97 9 67 53 84 65 2 84 95 80 64 62 93 27 
56 5 83 94 58 42 85 37 48 22 77 70 78 92 14 39 59 62 100 77 14 83 41 68 18 87 47 34 49 91 60 56 95 94 49 53 35 85 41 83 58 17 52 87 8 17 26 18 78 77 46 43 59 38 10 28 25 8 
0 0 1 1 1 0 1 0 0 1 0 0 1 0 0 0 0 0 0 1 1 1 1 1 0 1 0 1 1 0 1 1 0 0 1 0 0 0 0 0 1 0 0 1 0 1 1 1 1 0 0 0 1 0 1 1 1 0 
1 0 0 0 0 1 0 1 1 1 1 1 1 0 1 0 1 0 1 1 1 0 1 1 0 0 1 0 0 1 0 1 1 0 1 1 1 1 0 0 0 1 1 0 0 1 0 1 1 1 0 0 1 1 1 1 0 1 
1 0 0 1 1 1 0 0 1 1 1 1 0 0 1 1 0 1 0 0 0 1 1 1 1 0 0 1 1 0 0 1 0 0 0 1 1 0 1 0 0 1 0 0 1 1 1 1 0 0 1 0 1 0 1 1 0 0 
0 1 0 0 0 1 0 1 0 1 1 0 0 1 1 0 1 0 1 1 1 1 1 0 1 0 0 1 1 0 1 1 1 1 1 0 0 1 1 1 1 0 1 1 0 0 1 1 0 0 0 1 1 1 1 0 0 1 
1 1 1 0 1 0 0 0 0 0 0 1 1 1 0 0 0 0 0 1 1 0 1 0 1 0 1 0 0 1 1 0 1 0 0 0 1 0 0 1 1 0 1 0 1 1 1 1 1 1 0 0 0 1 0 1 1 0 
0 0 1 1 0 0 0 0 0 1 1 1 0 0 1 1 0 1 0 1 0 1 1 1 0 1 0 0 0 0 0 0 0 0 0 0 0 0 0 1 1 1 0 1 1 1 1 0 0 1 1 1 1 0 0 1 1 0 
1 0 0 0 0 0 0 0 0 0 0 1 1 1 0 1 1 0 1 0 0 1 1 1 0 0 0 0 1 1 1 1 1 1 1 0 0 1 0 0 1 1 1 1 0 0 0 1 0 1 1 0 1 1 1 1 1 1 
0 1 1 1 0 0 0 1 0 0 0 1 1 1 0 0 0 0 0 1 0 0 0 1 0 1 0 0 1 0 1 1 1 0 0 1 1 0 0 1 1 0 0 0 1 0 0 0 1 1 1 1 1 1 0 0 1 1 
0 0 1 1 1 0 0 1 1 1 1 1 0 0 1 1 0 0 1 1 0 0 0 1 1 1 1 0 1 0 1 1 0 0 1 1 0 1 0 1 0 1 0 0 0 1 1 0 1 1 1 0 1 1 1 1 1 0 
1 0 0 0 0 0 0 1 1 0 0 1 1 0 1 1 0 1 0 0 1 1 1 1 1 0 0 1 1 1 1 0 0 0 0 0 0 0 1 0 0 1 1 1 1 0 0 1 1 0 1 1 0 0 0 1 1 0 
0 0 0 0 1 0 0 1 0 0 0 1 0 0 0 0 0 1 0 0 0 0 1 0 1 1 0 1 0 1 1 1 0 1 1 1 1 1 0 1 1 0 0 0 1 0 0 1 1 0 1 0 0 0 0 1 1 0 
0 0 0 0 1 0 1 0 1 1 1 1 0 0 0 1 0 1 1 0 0 1 1 1 1 1 0 1 1 1 1 1 1 1 1 0 1 1 0 0 0 1 0 0 0 0 1 0 1 1 1 1 0 0 0 1 1 0 
0 0 0 1 0 1 1 1 0 0 0 0 1 0 0 1 1 0 1 0 0 0 1 1 1 1 1 1 0 1 0 0 1 0 0 1 1 1 1 1 1 1 0 0 0 0 1 1 0 0 1 0 0 1 0 1 0 1 
1 1 0 1 1 0 1 1 1 0 0 0 0 0 0 0 0 0 0 0 1 0 0 0 0 1 1 0 0 0 0 1 1 0 0 0 0 1 0 0 0 0 0 0 0 0 0 1 0 0 1 1 0 1 0 0 0 1 
1 1 1 1 0 0 1 1 1 0 0 1 0 0 1 0 0 0 1 0 1 1 0 0 1 0 1 1 1 0 0 0 1 0 1 1 0 0 0 1 0 1 0 0 1 0 1 0 0 0 0 1 1 1 1 0 1 0 
1 0 0 0 0 1 0 1 1 0 0 1 0 0 0 0 1 0 0 0 0 0 0 0 1 1 1 0 0 1 1 1 1 1 1 0 1 1 1 0 0 1 1 0 0 0 0 1 0 1 1 0 1 1 0 1 0 0 
1 0 1 0 0 0 0 1 0 1 1 0 1 1 1 0 1 1 0 1 0 0 0 1 0 0 0 1 1 1 1 0 1 0 1 1 0 1 1 1 0 0 1 1 1 0 1 0 0 0 1 0 0 0 0 1 0 0 
0 1 1 1 1 1 1 0 0 1 1 1 0 1 1 1 0 0 0 0 0 0 0 0 0 0 0 0 1 0 1 1 1 0 0 0 1 1 1 0 1 0 1 1 0 1 1 0 1 1 0 0 1 0 0 1 1 0 
0 0 0 1 0 1 1 0 1 1 0 0 1 1 1 0 0 1 1 1 1 1 0 0 1 1 0 1 1 1 1 1 0 1 0 0 0 1 0 1 0 0 0 1 1 1 0 0 0 1 1 1 0 0 1 1 1 0 
0 0 1 1 1 1 0 1 1 0 1 0 0 1 0 0 1 0 1 1 0 1 0 1 0 1 1 0 0 1 0 1 1 1 0 1 1 1 0 0 1 1 0 1 1 1 1 0 1 0 1 1 1 1 0 0 0 0 
0 1 1 0 0 0 1 0 1 0 1 0 1 1 1 1 0 0 0 0 0 1 0 1 0 0 1 1 0 1 1 0 0 0 0 0 0 1 1 0 0 0 0 1 1 1 0 0 0 1 0 0 0 0 0 1 0 1 
0 0 0 1 0 1 1 0 1 1 0 0 1 0 1 1 1 0 1 1 0 1 0 0 1 1 1 1 0 1 0 0 0 1 1 0 0 0 1 1 1 1 0 1 1 1 0 0 1 1 1 0 0 0 0 0 1 1 
1 1 1 0 1 1 1 0 1 1 0 0 0 1 1 0 0 0 1 1 0 1 0 0 1 1 0 1 1 1 1 0 0 0 0 1 1 1 1 0 0 1 1 1 0 0 1 1 1 1 0 1 0 0 1 1 1 1 
0 0 0 1 1 0 1 1 1 0 1 0 1 1 1 0 0 0 0 0 1 1 1 1 1 1 1 0 0 1 0 0 1 0 0 0 1 1 0 0 0 1 1 1 0 0 1 1 0 1 1 1 1 0 0 0 1 0 
0 1 1 0 1 0 1 1 1 0 1 1 0 1 0 1 0 0 0 1 1 0 0 0 0 1 0 0 1 1 0 0 0 1 0 0 0 1 1 1 1 0 0 0 1 0 1 1 0 1 0 0 0 1 0 0 0 1 
0 0 0 1 0 1 0 0 1 0 0 0 1 1 1 1 1 0 1 1 0 0 0 0 0 0 1 0 0 0 1 1 0 0 0 0 1 0 0 0 1 0 0 0 0 1 0 1 0 1 0 0 1 1 0 1 1 0 
0 0 0 1 1 0 1 1 0 0 1 0 0 0 1 1 1 1 0 1 0 0 0 1 0 0 0 1 1 1 1 1 1 1 1 0 1 0 1 1 1 1 1 1 1 0 0 0 1 1 1 0 1 0 1 0 0 1 
1 1 0 0 1 0 1 0 0 0 0 0 1 1 1 0 1 0 1 1 1 0 0 0 0 0 0 1 0 0 0 1 0 1 1 1 1 0 1 1 0 1 1 1 1 0 1 0 1 0 1 0 1 0 0 1 0 1 
1 0 1 1 1 1 0 0 0 1 0 1 1 0 1 0 1 0 1 0 0 0 1 1 0 0 1 0 1 1 1 0 1 1 0 0 0 0 0 1 0 0 0 1 0 1 1 1 1 0 0 1 0 1 1 0 1 0 
1 0 0 0 1 1 1 1 0 0 1 0 1 1 1 1 0 1 1 0 1 0 0 1 0 1 0 1 1 1 1 0 1 1 1 0 1 0 1 1 0 1 1 1 0 0 1 1 0 0 1 1 0 1 0 0 0 0 
1 0 1 1 0 0 0 1 1 1 0 0 0 0 1 0 0 0 0 1 1 0 1 0 1 1 1 1 0 0 1 1 0 0 0 0 1 1 0 0 0 0 0 1 0 0 1 0 0 1 1 1 0 0 1 1 0 0 
1 0 0 0 1 0 1 0 1 0 1 1 0 1 1 0 0 1 0 1 0 0 1 1 1 1 0 0 0 0 1 1 0 1 0 1 0 1 1 1 1 0 0 1 0 1 1 0 0 0 0 0 0 1 0 0 0 0 
0 0 0 1 0 0 1 0 1 1 1 1 0 0 1 0 1 1 1 0 0 1 0 0 0 1 1 0 1 1 0 1 1 0 1 1 0 0 1 1 1 0 0 1 0 0 1 1 1 0 0 1 1 0 1 1 1 0 
1 0 1 1 0 1 1 1 0 1 1 0 1 0 0 1 1 1 1 0 0 1 0 0 0 1 1 0 1 0 0 0 1 0 0 1 1 1 0 1 1 1 1 0 1 0 1 0 1 1 0 1 0 0 0 0 1 1 
0 0 1 1 1 0 1 1 1 0 0 1 1 1 0 1 1 1 1 1 1 0 0 1 1 0 1 1 0 1 0 1 1 0 0 0 0 1 1 0 1 0 1 0 1 0 1 1 1 0 0 1 0 0 0 0 0 0 
1 0 1 0 1 0 0 1 1 0 0 0 0 1 0 0 0 0 0 1 1 1 0 1 0 0 1 1 0 1 1 0 1 0 0 1 0 0 0 1 0 1 0 1 0 0 1 0 0 1 0 1 0 0 0 1 0 1 
0 1 0 1 1 0 1 1 1 1 1 1 1 1 0 1 0 1 1 1 1 0 0 1 1 1 1 0 0 0 1 0 1 0 1 0 0 0 1 1 1 0 0 0 1 1 1 0 0 1 1 1 1 0 1 0 1 0 
0 1 0 0 1 1 0 0 1 0 0 0 1 1 0 1 0 0 0 1 0 0 0 1 0 1 1 1 0 0 1 0 1 0 0 0 1 0 0 1 0 0 1 1 0 0 1 0 0 1 1 0 0 0 1 0 1 1 
1 1 1 0 0 1 0 0 1 0 1 0 1 1 0 0 1 0 0 0 0 0 1 0 0 1 0 0 1 1 1 0 1 0 1 1 1 1 1 1 1 0 1 0 0 1 1 1 0 1 1 0 0 0 0 0 0 0 
0 1 0 1 0 1 0 1 0 1 0 1 0 0 0 1 0 0 1 1 1 1 1 0 1 1 0 0 1 0 0 0 0 0 1 0 1 1 1 1 1 1 1 1 1 1 1 0 1 0 1 0 1 0 0 0 1 0 
0 1 1 1 1 1 1 0 1 1 0 0 0 1 1 1 0 1 0 1 1 1 1 0 1 0 1 1 1 0 0 1 1 1 0 0 0 0 1 1 1 1 1 1 0 0 1 0 1 1 0 0 1 1 1 0 0 0 
0 1 0 0 0 0 1 1 0 1 1 1 0 0 0 1 1 0 1 0 1 1 0 1 1 1 0 0 1 0 0 1 1 1 1 0 1 0 1 1 1 0 1 1 0 1 0 1 0 0 0 1 1 0 0 0 1 0 
1 0 1 1 0 0 0 1 0 1 0 1 1 1 1 0 1 1 1 1 1 1 1 1 0 0 1 0 1 0 1 0 0 0 1 0 0 0 0 1 1 0 0 0 1 0 0 0 1 0 0 0 1 1 1 0 0 0 
0 1 0 1 1 1 1 0 1 0 0 1 1 0 1 1 0 1 1 1 1 1 1 1 1 0 1 1 0 1 1 1 0 0 0 1 1 0 1 0 0 0 0 1 0 1 0 0 0 0 1 0 1 0 1 0 1 0 
1 1 1 1 0 1 1 1 0 0 1 0 0 1 0 0 0 0 0 0 0 0 0 0 0 1 0 0 0 1 0 1 1 0 0 1 1 1 0 0 1 1 0 0 0 0 0 0 0 0 1 0 1 1 0 1 1 1 
1 1 0 0 0 1 0 1 1 1 0 1 1 0 1 1 0 1 1 0 0 1 1 1 0 0 0 0 1 1 1 1 0 0 1 1 1 1 0 0 0 0 0 0 0 1 1 0 0 1 1 0 0 0 1 0 0 0 
1 1 1 0 0 0 0 1 1 0 0 1 0 1 1 0 1 0 1 0 0 0 1 1 0 0 1 0 0 1 0 1 1 1 0 1 1 0 1 0 0 1 1 1 0 1 1 1 1 1 0 1 1 1 1 1 1 0 
1 0 0 1 1 1 1 1 0 0 0 1 1 0 1 0 1 1 1 1 1 0 0 1 0 1 0 1 0 0 1 0 0 1 1 1 0 0 1 1 1 1 0 0 1 1 0 1 1 0 0 0 0 0 1 0 1 1 
1 1 1 1 1 1 0 1 1 1 1 0 0 0 1 0 0 0 0 1 1 1 1 1 1 1 1 0 0 0 1 1 0 1 0 1 0 1 0 1 0 0 1 0 0 0 0 1 1 0 0 0 1 1 0 0 0 1 
0 0 0 0 0 0 1 0 1 1 1 0 1 1 0 0 1 0 1 0 1 0 0 1 0 0 0 0 0 1 0 1 1 0 1 1 0 0 0 1 1 1 1 0 1 1 1 0 0 0 0 1 0 1 1 0 1 1 
1 1 0 1 0 0 1 1 1 1 1 1 0 1 1 0 1 0 1 0 0 1 0 1 1 0 0 0 1 1 1 0 0 0 1 1 0 0 0 1 1 0 1 1 1 0 1 0 0 1 1 0 0 1 1 1 0 1 
1 1 0 1 1 1 1 0 0 1 0 0 0 1 0 1 0 1 1 0 0 1 1 1 0 1 0 1 1 0 1 0 1 1 1 0 0 0 0 0 1 0 1 0 1 1 1 0 1 1 0 1 0 1 0 0 0 0 
0 1 1 1 0 0 0 1 1 1 0 1 1 1 0 0 1 1 0 1 1 1 0 1 0 0 0 0 1 1 0 1 0 1 0 0 0 0 0 1 1 0 0 1 1 0 1 1 0 1 0 1 0 0 1 0 0 1 
0 1 0 1 0 1 0 0 1 0 1 1 1 0 1 0 1 1 0 1 0 0 0 0 0 1 0 1 1 0 0 0 0 1 1 0 0 1 1 1 0 0 1 1 0 0 1 0 1 0 1 1 0 1 1 0 0 1 
1 0 0 0 0 0 1 1 0 1 0 1 0 0 1 1 0 0 0 1 0 1 1 1 1 0 0 0 0 1 0 0 1 0 0 1 0 1 0 0 0 0 0 0 1 1 0 1 1 0 0 1 1 0 0 0 0 1 
1 0 0 1 0 1 1 0 0 1 1 0 1 1 0 1 0 1 1 0 0 0 0 1 0 1 1 0 0 1 1 1 1 1 0 0 0 1 0 0 0 0 0 1 1 1 1 1 0 0 1 1 0 1 0 0 1 1 
1 1 0 0 0 1 0 0 1 0 1 0 1 1 0 1 0 1 0 1 1 1 1 0 0 0 0 0 0 1 1 1 0 1 0 0 0 0 0 0 0 1 0 1 0 0 1 0 1 1 0 0 0 1 1 0 1 1 
