58 48 2349
65 34 15 11 1 9 79 79 97 37 68 93 48 19 85 79 85 16 23 57 91 46 68 91 31 44 97 39 14 2 7 78 87 21 41 87 30 71 65 78 59 32 70 6 2 55 84 39 
70 58 95 12 3 15 55 33 10 51 24 24 52 30 53 90 3 45 76 84 15 40 61 73 24 31 78 25 37 13 15 58 22 62 22 25 76 76 9 85 26 32 60 30 62 65 19 64 
9 95 47 24 86 59 48 9 89 78 86 77 42 52 35 64 13 56 88 88 31 48 25 8 80 36 89 93 100 8 8 9 54 54 84 91 64 31 52 53 8 37 29 2 40 15 65 53 
70 4 92 52 51 68 12 30 4 100 22 3 59 29 63 12 34 46 3 50 77 54 2 36 42 82 37 33 49 1 37 70 4 29 22 7 48 85 36 3 84 10 6 43 90 68 6 76 
66 60 25 42 13 78 77 6 11 66 39 59 66 75 29 22 55 2 28 55 86 15 57 69 76 62 63 18 82 69 93 47 28 69 40 93 46 68 50 56 33 88 15 51 15 95 24 21 
96 3 75 81 17 32 1 45 45 64 62 26 84 54 24 63 74 15 55 19 83 5 26 67 44 92 17 58 86 40 31 33 42 5 13 11 36 66 55 81 81 68 58 64 73 34 78 46 
48 85 16 82 89 41 49 84 85 17 94 22 57 24 55 50 28 19 12 16 84 18 96 64 85 5 79 57 38 9 54 38 93 69 71 81 62 19 16 98 88 9 19 96 84 73 45 12 
92 9 79 27 26 74 43 63 30 73 71 20 81 25 9 73 45 79 5 6 50 21 3 37 81 74 32 65 46 28 28 89 36 6 68 14 31 62 76 12 34 46 31 67 22 91 39 67 
70 96 24 19 68 79 7 48 52 38 64 49 65 43 90 53 100 9 66 82 70 41 94 55 38 76 21 60 67 12 78 88 7 1 6 74 31 12 73 82 1 89 83 65 31 24 17 83 
32 34 64 53 74 9 7 64 37 28 23 55 39 52 42 97 52 47 70 83 10 94 16 10 82 50 26 65 73 95 47 56 28 62 8 54 23 67 17 11 94 91 65 84 42 6 80 45 
4 1 79 13 94 47 74 76 96 51 92 21 97 38 28 77 51 36 30 25 54 98 35 99 40 99 82 81 56 13 77 59 13 56 23 6 2 48 33 49 99 24 69 47 13 49 23 16 
36 4 40 89 1 27 87 92 77 20 24 33 32 1 43 44 56 66 1 9 13 34 9 63 9 30 10 22 78 84 89 13 88 80 1 40 6 39 32 35 58 7 19 89 7 61 84 14 
26 36 74 91 69 83 5 30 12 14 3 89 50 91 53 89 70 53 28 28 91 11 62 100 18 80 88 76 92 23 90 70 58 63 60 79 45 16 8 8 30 10 96 31 100 48 19 69 
52 98 96 94 9 9 93 78 40 32 53 32 54 42 53 12 57 12 42 53 79 49 61 60 10 56 90 61 56 8 29 59 6 77 53 66 37 97 43 77 81 47 60 34 41 12 97 97 
75 38 1 53 38 61 13 47 69 2 7 24 62 88 34 19 16 38 84 4 35 78 32 15 76 91 100 16 54 49 64 28 38 65 33 76 25 45 74 93 98 33 68 11 72 2 29 87 
39 12 42 25 41 74 91 17 64 43 84 70 91 48 97 28 12 29 55 88 25 81 33 75 13 100 85 84 53 14 22 44 77 63 68 70 88 11 86 4 53 69 73 43 68 69 22 31 
50 29 19 26 9 51 100 21 2 85 56 55 50 29 98 78 43 17 47 31 27 84 34 31 53 6 25 72 26 47 3 75 27 73 1 35 23 52 7 76 36 14 82 37 42 79 15 84 
48 61 14 26 45 47 57 49 4 81 20 30 79 22 56 5 46 8 91 68 60 97 96 95 62 77 32 3 8 98 87 55 58 52 32 2 51 88 2 54 21 22 35 99 95 91 56 41 
98 46 60 57 95 55 4 56 84 87 11 91 84 97 97 93 48 80 95 50 68 48 4 88 69 38 38 16 80 93 8 30 91 67 38 37 74 41 44 9 79 54 51 14 50 99 7 50 
78 53 51 45 100 54 84 21 44 74 88 75 66 95 4 8 13 42 44 38 34 88 46 65 41 96 78 43 94 36 44 24 88 94 68 40 100 4 60 95 77 99 69 94 93 25 2 5 
18 97 95 51 36 92 67 29 88 45 23 33 80 18 8 20 63 76 59 62 31 70 8 7 68 29 52 12 53 5 68 70 2 62 72 89 54 39 69 93 35 91 77 66 8 85 37 71 
12 95 84 42 16 92 100 35 20 51 46 24 8 14 45 9 27 16 49 80 6 18 24 92 8 1 58 68 37 94 90 48 41 73 41 8 16 40 43 87 42 40 62 49 5 6 9 32 
74 10 11 31 27 35 23 86 87 32 5 23 77 94 70 69 19 10 77 86 1 71 73 94 62 86 95 67 92 55 98 17 64 60 47 42 94 69 28 32 52 32 54 29 78 23 97 48 
84 25 33 36 95 57 82 9 43 76 75 34 82 72 50 46 31 48 87 77 17 66 8 68 50 62 48 27 36 45 26 72 21 58 59 68 15 40 76 57 67 50 42 49 73 43 94 3 
90 32 79 58 50 39 78 99 52 77 77 87 73 2 10 94 59 69 61 25 60 36 33 27 37 26 27 9 68 72 63 10 3 42 19 52 32 48 2 83 25 78 21 97 31 31 90 90 
51 2 66 10 89 99 88 25 24 14 33 44 85 96 5 40 89 23 43 72 71 45 54 47 74 74 43 5 56 33 46 6 34 11 16 23 9 3 99 85 69 84 80 53 79 84 44 19 
58 87 42 28 31 95 74 56 20 69 60 76 53 5 81 86 16 48 60 76 3 11 60 23 94 91 27 24 74 71 94 32 57 35 11 39 29 37 94 100 5 6 75 57 10 8 94 25 
7 6 53 61 16 64 83 61 55 10 84 28 80 77 11 88 11 22 78 91 10 23 90 14 28 17 22 38 76 67 14 82 72 66 95 39 30 77 99 36 38 82 63 17 10 74 56 20 
47 33 62 56 56 52 21 83 20 42 72 95 60 86 28 32 3 22 22 84 51 21 19 88 54 34 57 64 59 12 35 5 97 97 12 4 100 32 38 19 25 10 65 36 47 92 67 1 
66 41 85 16 61 55 3 66 88 59 29 46 71 64 2 19 12 65 22 11 48 59 81 24 20 97 60 66 88 78 67 53 18 3 68 30 57 71 96 45 81 24 42 3 39 96 21 2 
60 42 64 60 53 44 83 72 40 42 90 80 20 56 84 89 58 52 19 66 74 14 62 54 89 4 57 28 51 29 29 62 23 93 21 75 88 4 46 80 97 87 59 68 42 94 57 51 
45 75 17 70 40 30 76 28 85 84 7 35 12 36 49 34 80 69 60 19 24 58 98 21 44 8 40 86 2 48 88 98 22 56 68 13 86 95 41 22 78 47 57 89 34 5 75 65 
25 34 84 49 91 33 21 87 93 12 24 46 60 11 43 33 19 62 46 56 56 38 77 33 36 85 74 70 41 48 86 66 33 69 66 76 54 38 62 46 49 85 91 8 47 85 93 65 
47 38 72 54 27 49 87 62 33 12 83 74 59 69 91 43 89 56 18 42 93 31 39 93 15 29 53 14 14 45 30 12 34 2 65 12 50 3 73 34 14 8 59 72 28 49 67 16 
4 36 10 48 67 48 93 33 29 45 46 42 41 76 5 26 77 69 37 78 72 61 11 85 20 22 9 47 70 75 15 74 10 24 73 28 71 65 61 99 61 6 92 1 33 96 78 9 
17 14 38 88 27 1 24 46 22 32 93 91 58 7 16 20 30 41 47 52 5 7 3 66 65 46 18 97 94 96 58 10 61 95 49 87 47 72 33 68 56 77 11 13 83 26 84 64 
66 31 67 23 89 21 40 53 19 9 2 12 56 59 73 17 5 21 55 52 44 39 71 99 15 81 64 49 59 47 64 76 29 83 50 70 3 89 74 73 50 75 36 5 85 8 21 90 
80 28 41 24 66 11 22 81 44 37 81 54 36 45 29 64 27 79 85 81 19 59 6 68 33 41 25 70 49 45 59 28 72 51 3 90 13 77 70 56 13 50 9 48 46 90 64 24 
20 48 57 90 58 62 10 43 2 34 12 2 30 70 30 54 20 84 43 32 60 64 40 25 65 100 72 11 89 87 34 60 35 90 50 92 3 11 34 5 44 45 6 73 66 87 78 85 
71 20 69 82 83 8 6 48 7 78 10 96 64 95 7 50 37 8 94 39 18 79 43 61 76 1 86 41 87 15 78 57 35 46 91 69 53 96 68 59 73 77 6 89 24 65 90 60 
72 83 98 90 62 93 2 89 93 87 29 79 2 6 88 88 51 78 8 55 73 76 66 98 4 23 38 27 87 27 38 59 10 36 100 23 28 1 11 20 40 91 50 93 97 89 80 99 
66 39 6 91 66 71 88 70 45 77 48 32 3 86 42 64 73 41 86 100 93 48 71 32 39 72 24 87 61 55 37 78 94 42 68 59 64 7 80 9 83 80 92 38 65 85 1 37 
25 39 88 17 86 10 1 76 33 24 62 93 79 51 23 24 92 90 34 8 49 66 68 83 45 59 20 61 43 73 97 19 11 36 87 96 97 87 72 29 11 85 74 41 35 96 16 79 
37 49 86 37 66 53 20 10 63 91 70 57 63 18 75 73 5 61 21 1 48 92 82 10 28 7 2 63 2 17 41 90 17 78 27 83 82 98 44 44 40 14 100 55 83 74 27 88 
86 99 40 85 42 21 46 70 79 47 32 32 15 24 22 32 1 100 66 82 49 9 25 88 74 76 42 57 1 21 44 38 71 35 23 13 8 68 82 86 15 13 18 29 88 39 12 88 
38 29 21 86 90 97 25 63 72 19 71 72 91 66 9 61 1 83 73 8 51 54 93 17 18 10 97 5 100 61 92 89 89 12 74 78 8 51 93 31 69 63 54 59 29 15 19 29 
97 44 36 99 97 80 67 15 90 64 19 89 76 63 78 64 26 3 94 34 5 86 16 25 100 70 35 28 84 6 8 32 49 95 83 45 75 49 59 16 64 30 56 39 92 85 55 69 
40 48 54 44 33 70 69 84 39 3 12 74 60 71 57 8 66 39 53 92 40 63 59 3 44 14 94 87 99 48 56 90 95 9 33 79 78 53 62 68 8 25 93 67 48 2 75 65 
40 79 56 31 93 66 34 37 79 79 23 29 26 78 18 72 87 3 2 16 7 15 36 66 40 28 85 39 29 11 3 21 89 10 51 33 75 36 69 5 14 92 34 91 21 3 62 59 
5 63 75 64 78 10 29 69 89 65 59 18 75 61 90 15 70 40 48 96 28 16 100 41 59 33 84 80 88 45 90 44 60 64 7 89 25 88 9 14 52 67 83 79 79 72 93 48 
63 40 95 90 8 94 31 18 79 14 97 66 10 87 9 21 2 68 61 27 7 21 92 10 87 74 88 65 97 33 64 59 24 58 49 31 4 31 49 82 44 97 99 5 35 59 78 37 
26 38 15 32 59 58 94 97 83 81 14 79 13 77 37 37 87 85 19 90 15 19 23 10 16 21 67 2 79 44 38 57 33 4 40 91 61 33 40 43 66 53 73 78 29 10 66 67 
46 37 56 13 55 30 74 22 50 40 24 81 35 13 37 68 17 28 10 29 61 49 24 26 1 96 55 82 57 73 48 55 9 56 67 15 85 40 37 87 32 60 19 66 72 7 33 40 
34 43 21 94 43 96 71 44 43 78 77 100 50 24 6 58 31 72 72 68 63 60 6 94 19 24 60 43 30 44 34 63 38 6 9 81 1 31 76 44 8 52 95 57 27 100 66 58 
23 90 77 85 49 82 31 20 5 42 14 86 85 47 48 23 53 8 55 5 39 30 100 46 33 94 55 59 45 72 68 19 13 44 4 14 77 86 33 33 27 98 18 11 44 66 85 48 
25 39 53 63 20 52 61 52 98 67 63 94 38 30 13 3 26 68 16 2 53 100 35 79 97 4 41 40 69 78 40 46 68 44 8 88 47 20 39 44 38 53 38 28 83 2 30 60 
69 45 13 21 44 99 51 40 3 43 31 23 20 22 68 40 65 28 27 12 47 17 7 85 70 96 12 4 97 41 63 65 37 75 37 80 74 39 71 28 34 53 50 5 75 18 44 39 
45 70 2 43 39 9 27 60 4 90 63 53 82 77 69 18 3 58 49 28 96 71 55 29 24 5 34 98 22 29 36 66 51 90 8 89 98 87 100 53 28 14 57 10 90 26 79 44 
0 1 1 1 1 1 0 0 1 1 1 0 1 1 1 1 0 1 1 1 1 0 1 0 1 0 1 0 1 0 0 1 1 1 0 0 0 0 1 0 1 0 0 1 1 0 0 1 
1 0 0 0 0 0 0 0 0 0 0 1 0 0 0 1 1 0 1 0 1 0 0 0 1 0 1 0 0 0 0 1 0 0 1 0 0 0 0 0 0 1 1 0 1 1 1 1 
0 0 1 1 1 1 1 0 1 1 0 0 1 0 1 1 1 1 1 1 1 0 0 1 1 1 1 0 1 0 1 1 0 0 0 1 1 1 1 1 0 0 1 1 0 0 0 1 
1 0 1 0 0 1 1 1 0 0 1 1 0 1 0 1 1 0 0 1 0 0 0 0 0 1 0 0 1 0 0 1 0 1 1 0 0 1 1 0 1 1 0 0 0 0 1 1 
1 1 0 1 1 0 1 1 1 1 0 1 0 0 0 0 1 1 1 1 0 0 1 0 1 1 0 1 0 1 1 1 0 1 0 0 0 1 1 1 1 1 0 1 1 0 1 0 
0 0 1 0 1 1 0 0 0 0 0 0 1 1 1 0 0 1 0 0 1 1 0 0 1 0 1 0 1 0 1 1 1 0 1 0 1 0 0 0 0 0 0 0 1 0 0 0 
1 0 0 0 1 0 0 0 1 1 1 0 0 0 1 1 0 0 1 0 0 1 0 1 0 0 1 1 0 1 1 0 1 0 0 0 0 1 1 1 0 0 1 0 0 0 1 0 
1 0 0 1 0 0 0 0 1 1 1 1 0 1 1 1 1 0 0 1 1 1 1 1 1 0 0 1 1 1 1 0 0 0 1 0 0 0 0 1 1 1 1 0 0 0 1 1 
0 1 1 1 0 0 1 1 0 1 0 1 0 0 1 0 0 1 0 0 1 0 0 0 0 1 0 0 1 0 0 0 1 1 1 0 1 0 1 1 1 0 1 0 0 0 0 0 
1 1 0 0 1 0 1 1 1 1 0 1 1 0 1 1 1 0 1 0 1 0 1 0 0 0 0 0 1 1 0 0 0 1 1 1 1 0 1 1 1 1 0 1 1 1 0 0 
1 1 0 0 1 1 1 0 0 1 0 1 0 1 1 0 0 0 0 1 0 1 0 0 0 0 1 1 1 1 1 1 0 1 1 1 0 0 1 0 0 0 1 0 1 1 1 1 
1 1 0 0 0 1 0 0 1 1 1 1 0 0 0 0 1 1 1 1 0 1 0 0 1 1 0 0 0 1 1 0 0 1 0 0 0 0 0 0 1 1 1 1 1 1 1 0 
0 0 0 0 1 0 0 0 1 1 0 0 0 1 0 1 1 0 1 1 0 0 1 1 1 0 0 1 1 1 1 0 1 1 0 1 1 1 1 1 0 0 1 0 1 1 1 0 
1 1 0 1 1 1 0 0 0 0 1 1 1 1 1 0 0 0 1 0 1 1 1 1 1 0 1 0 1 1 1 0 0 1 1 1 0 1 1 0 1 1 0 0 0 1 0 0 
1 0 0 0 1 1 1 0 1 1 0 0 0 1 0 0 0 1 1 1 0 0 1 1 1 1 1 1 1 0 0 0 0 0 1 1 0 0 1 1 1 1 0 1 1 0 1 1 
0 0 0 0 1 0 0 0 1 1 0 0 1 0 1 1 0 0 0 0 0 1 0 0 1 0 1 0 0 1 1 0 1 0 1 0 0 1 1 1 0 1 0 0 1 1 1 1 
1 0 0 1 1 0 1 0 0 1 0 0 0 0 1 1 0 0 0 0 1 1 1 1 0 1 1 1 0 1 0 1 1 0 1 0 0 0 1 0 1 1 1 1 1 0 1 1 
0 1 1 1 0 1 0 0 0 0 1 1 1 1 0 0 0 1 0 0 0 1 1 1 1 0 1 0 0 0 0 0 1 1 1 1 0 1 1 1 1 0 0 0 1 0 0 1 
0 1 0 0 0 1 1 1 1 0 0 1 0 0 1 1 1 0 0 0 1 1 1 1 1 1 1 1 1 0 0 1 1 0 1 1 1 1 1 0 1 1 1 0 1 0 1 0 
0 0 0 0 1 1 1 1 0 0 0 0 0 0 1 1 1 1 1 0 0 0 1 1 1 0 1 0 1 1 0 1 1 1 1 0 0 0 1 1 1 1 1 1 0 0 1 1 
1 0 1 1 0 0 1 1 1 0 1 0 1 1 1 0 0 1 1 1 1 0 0 0 0 1 0 0 1 1 1 1 1 0 0 1 1 1 0 0 0 1 0 1 0 1 0 1 
0 1 0 0 1 0 0 1 1 0 1 0 1 0 1 0 1 0 1 0 1 1 0 1 0 0 1 1 1 1 0 0 0 0 0 1 0 0 1 1 1 0 1 0 1 1 1 0 
1 0 0 0 0 0 0 0 0 1 1 1 0 1 1 0 1 1 1 1 0 0 0 1 1 0 1 0 1 0 0 0 1 0 0 1 0 0 1 0 1 1 1 1 0 1 1 0 
0 1 1 0 1 0 1 0 0 1 0 1 1 0 1 0 0 1 1 0 0 1 0 1 0 0 1 0 1 0 0 1 1 0 0 1 0 1 1 0 0 0 1 0 0 0 0 1 
1 0 1 1 1 0 1 1 0 0 1 1 0 0 0 0 0 0 1 0 0 0 0 0 0 1 0 1 1 1 0 0 1 1 0 0 1 1 1 1 1 0 0 1 0 1 1 0 
1 0 0 1 1 0 0 1 1 0 0 0 1 0 1 0 0 1 0 1 0 1 1 1 0 1 0 0 0 0 1 0 0 1 1 1 0 1 1 1 0 1 0 1 0 1 0 0 
0 0 1 0 0 0 1 0 0 1 0 0 1 1 0 0 1 0 1 1 1 0 0 1 0 0 1 0 1 1 0 1 1 1 1 1 0 0 1 0 0 0 0 1 1 1 1 0 
1 1 1 0 1 0 0 1 0 1 1 0 0 1 1 1 1 1 1 1 1 0 1 1 0 1 1 0 0 0 0 1 1 0 0 1 0 0 0 0 1 0 0 1 1 0 0 0 
1 1 1 0 0 0 0 0 0 1 0 0 1 1 0 1 1 0 0 1 0 0 1 1 0 0 0 0 0 0 0 1 0 0 1 0 0 1 0 0 0 1 1 0 0 1 1 1 
1 1 0 1 1 1 0 0 1 0 0 1 0 0 0 0 0 0 0 1 1 1 1 0 0 0 0 0 1 1 1 0 0 1 1 1 0 1 1 0 1 1 1 0 0 0 0 0 
0 1 1 1 0 1 1 0 1 1 0 1 0 1 1 0 0 1 0 0 0 1 0 0 1 0 0 1 0 0 1 0 1 1 1 1 0 1 1 1 0 1 0 1 0 0 1 0 
1 1 1 1 1 1 1 0 1 1 1 1 0 0 1 1 1 1 1 1 0 0 1 0 0 1 1 0 1 1 1 0 0 0 0 1 1 1 1 1 1 0 0 1 1 0 0 0 
1 1 0 1 0 1 1 0 0 1 0 0 0 1 0 0 1 0 0 1 0 1 0 1 0 0 0 1 0 0 1 1 0 1 0 0 0 0 0 1 1 0 1 1 0 1 1 1 
0 1 0 0 1 0 1 1 1 1 0 1 1 1 1 1 1 1 1 1 1 1 0 0 0 1 1 0 1 1 1 1 0 0 1 1 0 0 0 1 1 0 1 0 0 0 0 1 
1 1 0 1 1 1 1 1 0 1 1 1 0 0 0 0 0 1 0 1 1 0 0 0 1 1 1 1 1 1 0 1 0 0 0 1 1 1 0 0 0 1 1 0 0 0 1 0 
1 1 1 1 1 0 1 0 1 0 1 1 1 1 0 0 0 0 1 1 1 0 1 0 1 1 0 1 1 1 0 0 0 1 1 0 1 1 0 1 1 0 0 1 1 0 1 1 
0 0 1 1 0 0 1 0 1 0 1 0 1 1 1 0 1 0 0 0 1 0 1 1 0 1 0 0 1 1 1 1 1 0 1 0 1 0 0 0 0 1 1 0 1 0 0 0 
0 0 0 0 0 0 1 1 1 1 1 1 0 0 0 1 1 1 1 0 0 1 0 0 1 1 0 0 1 0 0 0 0 0 0 1 0 1 0 0 0 1 1 0 1 1 1 0 
1 1 0 1 0 1 1 1 0 0 1 0 0 1 0 1 0 0 0 0 1 0 0 1 1 1 1 0 1 0 1 0 1 1 1 0 0 0 1 1 0 1 1 1 0 1 0 0 
1 0 1 0 0 1 1 1 1 0 1 0 0 0 0 0 0 1 0 0 1 1 1 0 0 0 1 1 1 1 1 0 1 0 0 1 0 1 0 1 1 1 1 0 0 1 0 0 
0 0 0 1 1 0 1 0 0 0 1 0 1 0 0 0 1 1 1 1 0 1 0 0 1 1 0 1 0 0 1 0 0 1 1 1 1 1 1 0 1 0 0 1 1 0 1 0 
1 1 1 0 0 1 0 1 0 0 0 0 0 1 0 0 1 1 1 0 0 1 0 0 1 0 1 0 1 0 0 0 1 1 0 0 0 0 1 0 0 0 0 0 1 0 0 0 
0 0 1 0 1 1 0 0 0 1 1 1 0 1 1 1 1 0 1 1 0 1 0 1 1 0 1 0 1 0 1 1 0 0 1 1 1 0 1 1 1 0 0 1 0 0 1 1 
0 0 0 0 1 0 1 0 1 1 1 0 1 0 1 1 0 0 0 1 0 1 1 0 0 1 1 0 1 0 1 1 1 1 0 0 0 1 1 1 0 0 1 1 0 0 0 0 
0 0 1 1 0 0 1 0 0 0 0 1 1 1 1 0 0 1 0 0 0 1 1 1 1 0 0 1 0 1 1 1 1 1 0 1 1 1 1 1 1 1 1 0 0 0 0 1 
1 1 1 1 0 1 0 0 1 1 1 0 0 1 1 1 0 1 1 1 0 0 1 1 0 0 0 0 0 0 1 1 1 1 0 0 0 1 0 1 0 1 1 0 0 0 1 0 
1 0 0 1 1 1 1 1 1 1 1 1 1 1 0 1 0 0 1 0 1 1 1 1 0 1 1 1 1 1 1 1 1 1 0 0 0 1 1 1 0 1 0 0 0 0 1 0 
1 0 0 0 1 1 0 1 0 1 0 0 0 0 1 0 1 1 0 0 1 0 1 1 1 0 1 1 0 0 1 1 0 1 0 1 0 0 1 1 1 1 1 0 1 0 0 1 
1 0 1 0 0 0 0 1 0 1 0 1 0 1 0 0 0 0 0 1 0 1 0 0 0 1 0 0 1 0 1 0 0 0 1 1 0 1 0 1 0 1 0 0 0 0 1 1 
1 1 0 1 0 0 1 0 1 1 0 0 1 1 0 0 1 1 1 0 0 1 1 1 0 1 1 1 1 0 0 0 1 0 0 1 0 1 0 1 1 0 1 0 0 1 0 1 
1 1 1 1 1 0 0 1 1 0 0 1 0 0 1 0 0 1 1 0 1 1 1 0 0 0 0 0 0 1 1 1 0 1 0 1 1 1 1 1 1 1 0 1 0 1 1 0 
1 1 1 0 0 0 0 0 1 0 0 1 1 0 0 0 1 0 1 0 1 0 1 0 0 1 0 0 1 1 0 0 0 1 0 1 0 0 1 1 0 0 0 0 0 0 0 1 
0 1 1 0 0 1 0 0 0 0 0 1 0 0 1 0 0 1 1 0 1 1 1 0 1 1 0 1 1 0 0 1 1 1 1 1 0 0 1 1 0 1 0 0 0 0 1 0 
1 0 0 1 1 1 1 0 0 1 1 1 1 1 0 0 1 0 0 1 0 1 0 0 1 1 1 1 1 0 1 0 0 1 1 0 0 0 0 0 1 0 1 0 1 1 1 0 
1 1 0 1 0 0 0 1 1 1 0 0 1 1 1 1 0 0 1 0 1 0 0 0 0 1 1 1 1 0 0 0 1 0 0 1 0 0 1 0 1 1 0 0 1 1 1 1 
0 1 0 1 1 0 1 1 0 0 0 1 0 0 1 1 0 1 1 1 1 0 1 0 1 1 0 0 1 0 0 1 1 0 0 0 0 1 1 0 0 1 1 0 0 1 0 0 
0 1 1 0 1 0 0 0 0 1 1 1 1 1 0 0 1 0 0 1 1 1 0 1 0 1 0 0 0 0 1 1 1 0 1 0 1 1 0 1 0 1 0 1 0 0 1 1 
0 1 1 1 0 1 1 1 0 1 1 1 1 0 0 0 1 1 0 0 0 0 1 1 0 1 0 0 1 0 0 1 1 1 0 0 0 1 1 0 0 0 1 1 1 1 1 0 
