56 65 2662
41 18 60 64 22 95 10 46 38 45 64 97 91 7 16 36 22 61 67 53 12 57 67 51 73 55 2 24 81 66 45 73 84 56 36 57 2 97 2 40 94 65 88 84 24 55 72 45 67 90 97 78 46 15 29 70 22 82 45 2 99 42 26 34 49 
62 91 51 58 44 42 51 9 81 87 32 35 58 28 2 47 76 31 45 90 59 66 63 92 11 16 91 4 42 24 52 3 66 2 60 10 95 63 18 75 49 1 10 6 80 63 52 55 93 48 96 4 14 59 95 24 74 85 79 15 61 30 17 26 84 
29 35 78 91 4 53 39 4 14 96 83 28 47 89 72 95 85 75 60 43 70 35 16 6 13 83 66 42 51 92 25 79 78 3 21 82 7 11 37 72 6 72 99 5 60 70 51 44 97 10 86 66 44 54 23 56 88 41 49 38 84 74 69 61 28 
89 42 86 100 31 57 5 2 7 61 61 76 11 5 72 20 42 89 15 47 64 22 34 4 71 24 87 96 92 47 75 80 41 60 31 71 68 88 72 74 48 84 1 59 40 73 30 82 13 45 80 76 18 66 31 88 89 17 35 80 16 9 11 56 20 
42 78 87 29 1 60 28 84 61 38 24 85 68 57 49 64 88 77 81 53 7 21 41 24 55 72 39 16 83 46 35 24 23 22 4 23 33 31 58 93 69 33 29 88 89 78 51 29 54 83 81 12 3 74 35 10 45 25 25 79 70 11 2 92 32 
57 66 65 88 24 9 8 56 38 95 97 67 97 25 72 79 57 83 34 30 70 95 27 94 71 5 64 81 59 7 13 15 73 29 54 48 37 61 55 74 7 51 92 3 27 63 34 84 46 19 65 15 13 43 60 83 48 23 63 58 82 27 72 6 55 
26 53 92 38 59 17 45 10 9 99 88 71 84 23 68 2 88 34 14 30 94 48 29 68 63 86 49 89 10 54 44 87 58 87 24 17 3 20 78 63 71 65 34 54 88 53 56 27 87 21 8 80 21 37 47 83 74 96 23 83 1 18 21 11 4 
97 27 59 16 56 21 38 72 6 92 11 59 99 37 97 71 97 76 43 85 74 77 58 69 100 93 22 17 13 32 73 9 10 83 77 17 55 14 88 13 57 51 23 7 39 19 30 35 94 72 19 67 49 77 88 100 21 61 68 85 44 92 46 5 74 
22 21 81 87 60 93 96 10 15 2 49 33 83 83 78 55 54 96 55 30 35 54 2 95 73 86 38 65 31 42 38 4 14 18 91 74 62 38 35 76 91 35 60 74 18 89 80 23 85 86 52 19 39 5 66 63 90 55 27 73 49 17 76 62 86 
18 87 48 55 22 75 98 8 35 71 77 23 2 99 59 87 2 78 77 6 95 39 48 49 66 20 97 34 47 11 19 65 97 66 71 70 41 20 78 27 90 54 1 43 5 60 29 6 89 5 12 83 96 59 31 61 30 80 94 76 90 64 92 38 30 
15 60 22 34 89 48 76 94 48 18 98 59 99 4 47 55 67 29 50 77 12 10 6 91 55 33 32 19 77 69 100 91 80 73 76 68 20 3 62 19 21 59 78 71 14 76 25 80 5 75 56 68 36 13 58 91 98 41 61 74 9 12 16 41 84 
91 8 55 94 69 25 66 80 54 36 93 30 12 73 86 86 80 53 22 93 10 64 90 50 76 15 10 87 30 50 22 20 10 76 65 30 100 82 9 54 69 2 35 81 26 20 18 57 72 91 49 33 54 90 34 81 4 95 19 85 97 40 57 6 15 
21 35 67 55 44 20 23 97 54 3 74 25 73 30 96 63 31 28 69 72 61 49 28 7 68 12 3 7 68 8 22 41 95 88 95 90 59 69 86 64 24 11 88 96 40 35 58 22 62 26 94 74 75 21 80 94 32 35 100 52 42 73 92 36 12 
38 25 22 6 62 85 29 24 24 24 64 58 82 85 71 59 30 96 85 50 28 78 82 62 30 85 3 2 76 91 14 13 67 87 70 81 72 99 4 47 22 67 5 55 4 27 66 33 23 50 35 50 80 68 11 9 52 65 10 27 55 75 91 74 62 
60 54 85 58 57 31 32 76 87 38 31 14 3 15 88 5 49 37 84 16 99 92 67 63 53 45 70 28 35 43 41 47 48 77 56 4 59 87 31 98 77 13 11 79 28 50 35 28 38 18 44 36 9 62 50 14 7 19 93 93 13 33 39 60 61 
47 16 19 33 98 16 9 11 78 40 38 79 74 65 16 44 60 51 4 22 1 17 80 71 9 24 84 93 63 95 53 9 10 24 93 8 91 54 18 69 45 7 99 70 23 15 13 83 17 17 4 17 33 35 40 94 58 75 86 72 69 39 32 31 14 
25 38 4 30 7 24 74 13 23 95 35 37 8 69 53 76 24 22 8 58 61 53 68 87 39 39 55 29 71 85 42 47 74 45 28 80 21 1 44 43 47 31 31 54 51 83 29 75 56 89 84 68 41 51 54 79 90 9 59 12 45 100 10 19 97 
37 50 17 89 46 59 35 28 41 89 78 23 69 4 79 9 88 98 50 38 52 80 79 12 39 42 56 90 51 26 38 39 76 54 27 73 64 14 100 4 54 29 79 22 33 9 31 72 6 32 9 57 11 40 68 1 33 76 43 84 1 80 74 28 34 
1 100 49 14 51 5 67 80 83 40 64 91 22 35 48 53 95 5 16 34 24 68 19 51 10 54 52 90 27 31 75 79 31 75 92 33 79 10 12 61 2 27 3 23 61 51 76 56 7 43 41 82 10 59 33 20 12 36 61 91 66 87 69 48 61 
13 81 40 74 44 100 75 71 55 98 31 5 25 38 11 67 79 92 76 89 76 47 53 11 7 43 29 93 11 76 54 75 8 45 49 52 96 23 22 50 72 4 54 96 42 16 14 72 60 90 12 35 88 64 98 95 58 26 39 21 53 44 95 61 88 
43 64 84 18 85 85 89 40 91 37 33 6 50 4 17 91 16 52 79 31 1 25 89 26 63 9 30 7 3 90 46 98 53 81 15 89 66 55 81 56 43 13 13 93 69 30 35 84 33 13 66 33 37 54 10 52 14 39 10 69 81 55 66 33 36 
32 74 53 38 54 8 81 18 72 73 86 53 59 21 85 72 87 69 60 92 30 63 6 69 72 26 1 79 91 85 66 74 58 18 11 63 77 91 81 100 15 66 53 74 39 89 97 25 10 8 68 39 71 25 59 94 50 59 72 40 44 89 65 53 58 
28 68 86 70 48 86 85 65 38 10 3 78 58 79 87 17 47 26 87 71 84 33 73 95 56 64 90 45 29 42 54 56 61 40 25 8 25 61 25 14 22 79 91 31 10 30 48 8 55 86 30 90 18 2 36 26 66 25 22 94 19 75 1 79 14 
77 39 90 38 63 55 11 93 98 42 2 27 41 9 81 26 39 22 96 40 58 73 57 34 94 50 52 68 2 83 34 79 21 75 68 35 30 78 27 27 71 29 53 11 89 85 89 79 58 36 71 15 8 27 1 1 29 52 20 30 34 5 8 6 80 
75 40 9 5 67 35 75 47 39 38 35 23 26 14 80 61 36 47 68 62 47 20 90 50 91 72 36 96 31 41 75 58 33 35 62 99 69 88 97 59 25 31 81 2 96 12 62 83 58 81 45 56 100 86 6 43 57 93 38 40 85 64 97 17 98 
58 67 18 97 63 76 22 46 8 23 93 19 37 76 29 17 20 84 69 57 41 11 66 85 100 5 70 63 1 86 60 10 53 29 6 67 4 79 12 11 54 5 81 90 80 9 58 51 45 78 7 37 40 72 22 91 76 43 53 28 28 64 37 32 92 
95 99 47 73 10 9 78 66 90 19 45 50 77 47 46 6 54 83 46 77 56 36 5 98 41 32 77 56 69 9 100 15 59 46 87 20 7 65 86 96 83 82 97 11 29 43 69 34 25 66 62 80 53 66 29 93 98 5 49 18 65 100 32 23 45 
70 95 51 86 32 98 69 65 47 31 45 89 99 78 65 64 40 96 17 5 24 61 54 28 61 23 93 60 54 67 57 24 13 59 9 44 9 29 61 55 12 5 43 62 83 7 78 74 2 46 30 77 6 84 4 19 6 48 30 12 67 86 87 31 45 
95 75 53 76 35 59 39 91 1 100 73 59 77 98 12 22 28 88 80 63 43 98 68 43 27 31 9 13 17 39 9 64 65 13 39 51 71 77 42 23 28 66 81 5 64 92 26 91 31 5 5 73 54 24 15 81 55 75 45 71 14 5 34 30 17 
24 33 39 52 74 61 80 91 93 84 54 36 61 96 66 18 52 90 71 76 5 51 30 79 95 52 44 51 38 26 19 61 58 57 65 83 69 96 73 13 79 79 48 91 26 65 8 78 55 79 53 11 81 82 41 28 85 85 78 22 62 97 35 19 5 
99 1 26 94 73 38 24 3 38 66 29 2 74 6 8 4 58 18 84 91 59 63 75 95 41 97 56 89 83 26 93 81 26 18 26 50 8 1 53 45 18 81 98 91 86 6 46 95 75 82 37 85 44 11 31 84 59 38 72 41 63 17 73 88 34 
50 90 41 2 42 37 20 74 35 62 11 92 8 5 18 89 41 55 84 3 85 20 62 23 91 54 85 59 79 25 93 28 14 85 30 55 74 1 80 60 62 90 51 69 94 20 9 86 74 45 88 11 64 1 33 6 55 69 65 33 93 9 12 58 45 
93 64 18 93 43 77 7 32 79 27 25 51 36 62 24 32 50 34 95 50 18 100 56 87 64 40 31 72 4 89 17 96 52 86 41 95 63 47 26 93 73 3 43 60 64 19 91 65 4 85 67 22 37 22 60 100 14 90 24 17 78 92 12 30 77 
52 24 91 50 1 36 23 3 30 34 19 48 77 83 52 61 49 25 49 23 84 49 36 73 24 52 51 15 15 32 43 19 7 86 68 7 73 42 62 2 28 32 2 4 66 5 16 67 29 65 89 12 13 76 36 88 27 86 54 93 69 48 11 75 85 
31 34 57 72 47 11 51 78 12 54 95 16 70 61 44 34 1 7 98 76 42 37 54 80 90 47 48 37 9 75 22 39 60 30 63 58 40 13 87 51 67 81 18 88 42 61 21 42 19 70 70 61 6 23 92 47 21 91 83 30 17 56 68 76 38 
30 33 77 43 19 80 61 100 97 48 93 10 20 86 28 89 55 40 46 30 31 92 50 22 26 79 38 34 99 66 71 28 98 99 22 69 78 34 20 75 81 12 84 52 49 11 92 56 3 37 85 33 80 86 6 6 17 44 91 15 9 61 94 58 59 
16 78 89 49 97 63 82 60 98 33 9 60 25 16 62 13 100 95 93 85 100 50 1 95 40 67 55 52 61 65 62 28 42 50 28 91 12 9 50 61 94 10 21 18 25 82 82 76 28 74 61 80 75 13 74 66 80 81 17 92 45 79 19 38 28 
46 28 92 7 78 52 100 39 24 69 64 58 50 39 85 76 51 16 2 16 90 68 47 22 84 38 66 14 8 55 94 53 83 85 11 60 88 10 50 64 30 13 21 32 4 5 59 54 21 60 21 62 27 67 35 11 56 52 76 63 6 69 68 88 5 
78 99 93 40 49 56 21 13 28 52 16 32 62 22 4 22 42 17 48 9 51 10 16 2 86 79 60 6 46 47 11 75 98 55 14 46 62 35 10 89 38 26 72 100 47 76 73 88 44 20 48 47 82 64 100 19 94 59 24 39 58 86 65 55 40 
79 52 1 65 61 41 2 86 13 53 84 40 25 24 83 97 23 81 30 38 81 48 31 91 23 21 48 9 86 54 100 16 5 53 80 66 93 33 3 5 86 39 44 62 62 79 10 36 59 39 74 91 38 4 82 61 77 81 21 62 35 20 77 39 24 
8 56 17 40 11 21 77 49 17 91 62 47 100 97 57 39 70 100 76 26 81 88 2 13 8 15 47 80 91 38 3 98 93 19 89 55 92 66 55 60 56 16 58 7 13 14 45 34 13 73 59 45 60 12 58 20 26 56 99 16 93 53 65 38 24 
6 92 67 71 47 78 78 14 35 84 26 48 81 12 13 53 70 57 12 82 66 83 7 22 81 75 14 86 91 3 9 96 47 75 18 45 4 95 58 38 31 36 85 11 47 49 15 16 6 78 49 23 61 8 44 93 34 10 78 24 12 38 20 10 64 
37 54 67 84 12 4 14 47 41 76 93 89 90 60 46 19 61 69 79 68 12 72 53 73 1 76 37 39 95 46 54 84 100 21 67 63 24 32 9 64 59 53 5 100 12 50 18 24 18 49 43 82 72 95 54 72 71 42 62 17 88 16 52 39 36 
70 1 11 1 61 27 11 13 31 10 76 80 80 100 50 28 94 31 99 89 36 22 59 30 36 27 17 51 79 7 38 48 59 48 1 19 26 11 83 56 73 10 88 52 9 37 79 3 19 29 43 6 2 1 35 37 79 3 87 57 61 76 5 19 76 
57 89 1 67 23 57 39 33 96 90 41 84 20 95 2 100 37 59 2 89 46 38 68 48 77 76 9 4 32 79 79 88 20 80 55 42 88 45 74 83 87 67 18 58 13 71 58 2 29 11 90 74 100 9 74 28 37 34 32 68 12 10 8 31 41 
14 73 28 58 46 62 96 64 79 54 77 49 63 78 30 73 19 3 72 28 76 52 16 9 83 83 73 92 42 55 33 55 27 12 65 25 74 60 88 52 13 16 53 27 93 82 99 12 36 23 91 12 74 6 72 56 40 96 99 82 51 83 88 77 95 
52 53 20 12 93 23 76 8 75 3 53 8 53 64 44 75 6 7 100 11 78 7 2 26 58 35 76 40 23 4 86 26 57 57 37 1 80 65 60 6 67 12 14 19 27 57 46 32 15 45 94 44 52 96 69 9 82 44 100 56 48 38 82 56 94 
70 8 73 34 67 31 100 31 44 71 57 52 16 89 66 60 82 9 63 29 30 23 63 73 75 18 72 12 51 27 5 21 86 30 54 53 60 6 35 55 76 91 6 91 31 23 2 13 83 65 93 12 39 7 37 13 25 8 76 75 87 33 95 72 62 
1 76 73 6 10 79 81 1 36 23 31 58 24 95 92 40 40 56 31 46 92 43 22 99 71 49 85 3 43 57 16 95 84 88 100 94 66 32 46 1 54 76 10 78 23 53 69 14 8 99 59 99 94 81 98 64 29 34 66 23 90 81 70 26 20 
69 19 37 53 64 89 6 91 50 35 13 2 4 26 10 2 37 8 95 69 5 58 49 91 75 23 32 7 92 57 78 13 75 14 65 38 54 22 81 3 57 93 5 12 71 66 13 59 73 60 79 30 69 27 20 44 1 51 2 93 8 80 57 34 93 
73 24 99 94 4 1 2 48 57 13 70 22 78 28 47 37 58 76 5 84 47 100 85 49 2 29 8 81 37 42 25 9 65 23 54 20 76 56 19 84 20 89 58 97 68 4 85 26 31 90 61 77 41 97 77 42 25 85 74 13 26 99 21 42 73 
27 13 100 34 31 84 53 19 41 2 39 96 86 64 78 27 24 54 68 21 82 9 97 66 83 62 91 33 34 84 57 60 96 57 93 79 40 98 97 32 99 35 79 36 50 56 63 26 61 30 98 42 38 46 8 72 7 50 56 41 86 13 100 33 69 
45 11 60 94 60 43 44 46 21 79 96 28 41 21 40 70 70 81 60 15 40 83 22 42 39 62 27 51 13 59 71 57 22 82 2 81 24 45 26 96 24 21 75 64 93 14 86 62 94 45 29 86 79 50 27 17 63 53 19 75 63 41 84 36 22 
85 16 97 30 42 92 53 14 66 68 59 31 53 72 25 49 100 62 80 49 88 48 11 92 19 38 6 59 21 42 33 57 57 29 86 50 73 90 16 90 10 74 21 14 97 97 15 97 58 94 97 45 41 60 88 59 97 93 70 69 34 2 25 43 30 
63 44 54 4 59 44 65 84 64 79 81 12 45 77 69 38 25 65 30 84 52 41 32 96 10 100 30 11 77 24 92 91 67 98 94 78 41 59 61 56 89 93 67 33 21 35 70 46 51 51 29 2 91 13 97 100 12 78 62 40 53 6 30 72 3 
24 49 95 34 61 50 22 54 68 54 26 54 75 71 4 77 52 57 68 64 5 19 27 35 81 67 87 38 48 58 92 23 58 86 56 19 87 29 24 6 34 49 59 60 72 14 37 75 70 4 38 74 22 16 8 54 34 47 43 82 56 34 56 14 71 
1 1 0 1 0 1 1 0 1 0 1 0 0 1 1 1 0 1 1 0 0 0 1 0 1 0 0 0 0 1 1 1 0 1 0 0 1 1 0 0 0 0 1 0 1 0 0 0 1 1 0 0 1 1 0 0 0 0 1 0 1 0 1 1 1 
1 1 0 1 0 1 1 0 0 1 1 0 1 1 0 0 1 0 0 1 0 0 1 1 1 1 0 1 0 0 1 1 1 1 0 1 0 1 1 0 1 1 1 0 0 1 1 0 1 1 1 1 1 0 0 1 1 1 0 1 1 1 0 0 1 
1 0 1 0 1 0 1 0 1 0 1 0 1 1 1 0 0 0 1 0 1 0 1 0 1 0 1 0 0 1 1 1 1 1 0 1 1 1 1 0 1 0 0 0 1 1 0 1 1 0 1 0 0 0 0 1 0 1 0 1 1 1 0 0 0 
0 1 1 0 1 1 1 1 1 0 1 0 0 0 0 0 0 0 1 0 1 0 1 0 0 0 1 0 0 0 0 1 1 0 1 0 1 0 0 1 0 1 1 1 1 1 1 1 0 0 0 1 1 1 1 1 1 1 1 1 1 0 0 0 0 
1 1 1 0 1 0 0 0 0 1 1 1 1 1 1 1 1 0 0 0 0 0 1 1 1 0 0 1 1 0 1 0 1 1 0 0 1 1 0 1 0 0 1 1 1 0 1 0 1 1 0 1 1 1 0 1 1 0 0 0 0 0 1 0 1 
1 0 0 0 1 0 1 1 1 0 0 1 1 0 0 1 0 1 0 1 1 1 0 1 0 1 0 0 0 0 1 1 0 1 0 1 1 1 0 0 1 0 0 1 0 0 0 0 0 0 1 1 0 0 1 0 1 1 0 1 1 1 0 1 0 
0 1 0 1 1 0 1 0 0 0 0 1 0 1 1 0 0 0 0 0 1 0 1 0 0 0 1 1 1 1 0 1 0 0 1 1 0 0 1 1 0 0 0 0 1 1 0 1 1 1 0 1 1 1 1 0 0 1 1 1 0 1 0 0 1 
1 1 0 1 1 1 1 1 1 1 0 0 0 1 1 1 1 0 0 1 0 0 1 1 0 0 1 1 0 1 1 0 0 1 1 1 0 1 0 1 0 0 1 0 0 0 1 1 1 0 0 1 0 1 0 0 1 1 0 0 0 1 0 0 0 
1 0 0 0 0 1 1 1 0 1 1 0 1 0 1 1 1 0 1 0 0 0 0 1 0 0 1 1 0 0 1 1 0 1 0 0 0 1 1 0 0 0 0 1 1 0 0 0 0 0 0 1 0 0 0 0 0 0 1 0 0 0 0 0 1 
0 0 1 1 0 1 1 0 1 1 1 1 1 1 0 1 0 1 1 0 1 1 1 1 0 1 1 0 1 1 1 1 0 0 0 0 1 0 0 1 1 0 0 0 1 0 0 1 1 1 0 1 1 1 0 1 0 0 0 0 1 1 1 1 0 
0 1 1 0 0 0 1 0 1 1 1 1 1 1 1 1 1 0 0 0 0 1 0 0 1 0 0 1 0 1 1 0 1 0 0 1 1 1 1 0 0 0 1 0 1 0 1 0 0 1 0 1 0 1 1 0 1 1 1 1 1 0 1 0 0 
1 1 1 0 0 1 1 0 1 1 0 1 0 0 0 1 1 1 1 0 0 1 1 0 0 1 1 0 0 1 1 0 0 0 0 0 0 1 0 1 0 0 0 0 1 0 1 0 1 1 0 0 0 1 0 1 0 1 1 1 0 0 1 0 1 
1 0 1 1 0 0 1 1 0 0 0 1 1 0 0 0 0 0 1 1 0 0 0 1 1 1 1 0 0 1 1 1 1 0 0 0 0 0 1 0 0 1 1 1 1 0 0 1 0 1 0 1 1 0 0 0 1 0 0 1 1 1 1 1 1 
1 1 1 1 0 0 1 1 1 1 0 1 1 1 0 0 1 1 1 0 1 1 1 1 0 1 1 1 0 0 1 1 1 0 1 1 0 0 0 0 1 0 1 0 1 1 0 0 0 1 0 0 1 0 1 1 1 0 0 1 0 1 0 1 0 
1 0 0 0 0 0 1 0 0 0 1 1 0 0 0 0 0 0 1 0 1 0 1 0 0 0 0 0 1 0 0 0 0 0 0 1 1 0 1 1 0 1 0 0 1 0 0 1 0 1 0 0 1 1 0 0 0 0 0 1 0 0 1 1 0 
0 0 1 0 1 0 0 0 1 0 1 1 1 1 0 0 1 0 0 0 0 0 0 0 0 1 1 0 1 0 0 1 0 0 1 1 0 1 0 1 1 1 1 0 0 1 1 1 1 1 0 1 1 0 1 1 0 0 1 1 0 1 0 0 1 
1 0 0 0 0 1 1 1 0 0 0 1 1 1 0 0 1 1 1 0 1 0 0 1 1 1 0 0 1 0 0 0 0 0 0 0 1 1 0 0 1 0 1 0 1 0 0 1 1 1 1 0 1 1 0 0 0 0 1 1 0 1 1 1 1 
1 1 0 0 1 0 0 1 0 0 1 0 1 0 1 0 1 0 0 0 0 0 0 0 1 1 0 0 0 1 1 1 1 0 1 0 0 1 0 0 0 1 0 1 1 0 1 0 0 1 0 0 0 0 0 1 1 0 0 1 0 1 0 1 1 
1 1 0 1 1 0 1 0 1 0 1 1 1 1 1 1 1 1 1 1 1 0 0 1 0 1 1 0 1 0 1 1 0 1 0 1 0 1 0 1 1 1 0 0 1 1 1 0 0 0 0 1 1 0 0 1 0 0 1 1 0 1 0 0 0 
0 0 0 1 0 1 0 1 1 1 0 0 0 1 0 1 1 1 0 1 0 1 1 0 1 1 0 0 1 1 0 0 1 1 1 1 0 0 0 0 1 1 0 1 0 1 0 1 0 0 0 0 0 0 0 1 1 1 1 0 0 1 0 1 0 
0 0 1 0 0 1 1 1 1 0 1 0 1 0 1 1 1 1 1 1 0 0 0 1 1 0 1 1 1 0 1 1 0 0 1 0 1 0 0 1 0 1 1 1 0 0 1 1 0 0 0 0 1 0 1 0 0 0 1 1 0 1 0 0 1 
1 0 1 1 0 0 0 0 1 1 0 0 0 1 0 1 1 0 0 1 1 0 1 1 0 1 1 1 1 1 0 1 1 1 0 0 1 0 0 1 0 0 1 0 1 1 1 0 1 1 1 0 0 0 1 0 1 0 1 1 1 1 0 0 1 
0 0 0 1 0 1 1 0 0 1 1 1 1 1 0 0 0 0 0 1 1 0 0 1 1 1 0 1 1 1 0 0 1 0 1 0 0 0 0 0 1 0 0 0 1 0 1 0 1 1 1 0 0 1 0 1 1 0 0 0 1 0 0 1 1 
1 1 1 1 1 1 1 1 1 1 1 0 0 1 1 0 0 1 0 1 1 1 0 0 0 1 1 0 1 0 1 1 1 0 0 1 0 1 0 1 1 1 1 1 0 0 1 0 0 1 0 1 1 0 1 1 1 1 1 1 1 1 0 1 1 
0 0 1 0 0 1 1 0 0 0 0 1 0 1 1 1 1 0 0 1 0 1 1 1 1 0 0 0 0 1 1 0 1 1 0 0 0 1 0 0 0 0 1 0 1 0 1 0 1 0 0 1 1 1 0 0 1 0 0 1 0 0 1 1 1 
0 1 1 1 1 1 1 0 1 1 1 1 1 0 0 1 0 1 0 1 1 1 0 0 1 1 0 1 0 1 0 0 1 1 0 0 1 1 0 0 1 0 1 0 0 0 1 0 1 1 1 1 0 1 1 0 0 1 1 0 0 0 1 1 1 
1 0 0 0 0 0 1 0 0 1 0 0 0 0 1 0 1 0 0 0 1 0 0 0 0 1 1 0 0 0 1 1 0 0 1 1 0 1 1 0 0 0 0 1 0 0 1 0 0 1 0 0 0 1 0 0 0 1 0 0 0 1 1 0 1 
0 1 0 1 1 0 0 1 1 1 1 1 0 1 1 1 0 1 1 1 0 1 1 1 1 1 1 1 0 0 0 0 1 0 0 0 1 0 1 0 1 1 1 1 0 0 0 0 0 0 1 0 1 0 1 1 1 1 0 1 1 0 0 0 1 
0 1 0 0 0 0 1 1 1 0 0 1 0 0 1 0 0 1 0 0 1 1 0 0 1 1 1 1 1 1 0 1 0 0 1 1 0 0 0 1 0 0 1 1 1 0 1 1 0 1 1 1 0 1 1 1 1 0 1 0 1 1 0 0 0 
1 1 0 0 1 0 0 0 1 1 1 1 1 0 1 0 1 0 1 1 1 0 0 1 1 0 1 1 0 1 1 0 0 1 0 1 1 0 1 0 0 0 0 1 0 1 1 0 0 0 1 1 1 1 1 0 1 0 1 0 1 0 0 1 0 
0 0 1 0 0 0 0 0 0 1 1 1 1 1 1 1 0 1 0 1 0 1 0 0 0 0 1 1 0 0 1 0 0 0 1 0 0 1 1 0 1 0 0 0 1 1 1 1 0 0 0 0 1 0 0 1 1 1 0 1 1 1 0 0 0 
1 0 0 0 1 1 1 1 1 1 0 0 1 1 1 1 1 1 0 0 0 1 1 1 0 0 1 1 0 1 1 1 1 0 0 1 1 1 0 0 1 1 0 0 0 1 1 0 1 1 0 1 0 1 0 0 1 1 0 0 0 1 1 0 1 
1 1 0 1 1 0 0 0 1 0 1 0 1 1 1 0 1 0 0 0 1 1 1 0 1 1 1 0 1 1 0 0 0 0 1 1 1 1 0 0 1 1 0 0 0 0 0 1 0 1 1 1 0 0 0 1 0 1 1 1 0 1 1 0 0 
1 1 1 0 1 1 0 0 1 0 0 1 1 1 0 0 0 1 0 1 1 1 1 0 0 0 0 0 1 0 0 0 0 1 1 1 0 1 0 1 1 0 1 0 0 1 0 0 0 0 1 0 1 0 0 0 0 1 0 0 1 0 0 1 1 
1 1 1 0 1 0 0 1 1 0 1 0 1 0 1 1 1 1 1 0 1 1 0 0 1 0 0 1 1 1 0 0 0 1 1 1 1 1 1 1 1 0 1 0 0 0 0 0 1 1 0 1 0 0 1 1 1 1 0 0 1 0 0 1 1 
1 1 0 0 0 1 0 0 1 0 1 1 0 1 1 1 1 0 1 1 1 0 0 1 0 0 0 0 1 1 1 0 0 0 1 0 1 1 1 0 1 0 0 0 1 1 1 0 1 1 1 0 1 0 1 0 0 1 0 1 1 0 0 1 0 
1 0 1 0 1 0 1 1 0 1 0 1 1 0 0 0 1 0 1 1 0 1 0 1 0 1 0 0 1 0 0 0 0 1 0 1 1 0 0 1 1 0 0 0 0 0 0 1 1 0 1 1 1 1 0 1 0 1 1 0 1 1 0 1 1 
1 0 0 1 0 0 0 0 0 1 0 1 1 1 0 1 0 1 1 1 1 0 0 0 0 0 1 1 0 0 0 1 0 1 0 0 1 1 0 1 0 0 0 1 0 0 1 0 1 0 0 1 0 0 1 0 0 1 0 0 1 0 0 0 1 
0 0 0 1 1 0 1 1 0 1 1 1 0 0 0 0 0 1 0 0 1 1 0 0 1 0 1 1 0 1 1 1 0 1 0 1 1 0 0 0 1 0 1 1 0 1 1 0 1 1 0 0 0 0 0 1 0 1 1 1 1 0 0 1 1 
0 0 1 0 0 1 1 0 0 0 0 1 1 0 0 1 0 0 1 0 0 1 1 0 0 0 1 0 0 0 1 0 0 0 1 0 1 0 1 1 1 1 1 0 0 1 1 0 0 1 1 0 0 0 0 0 0 1 0 0 1 1 0 1 0 
1 0 1 0 1 1 1 0 0 1 0 1 1 1 1 0 0 0 0 0 0 0 0 0 0 0 1 1 0 1 1 0 1 1 0 0 0 1 0 0 0 1 1 1 0 1 1 0 1 1 0 1 1 0 1 1 0 1 1 0 0 0 0 1 1 
0 1 1 1 1 1 0 0 1 1 0 0 1 0 1 0 0 0 0 0 0 1 0 1 0 1 1 1 1 0 0 0 1 0 1 0 1 1 1 0 1 1 0 0 0 1 0 0 0 0 1 0 0 1 1 0 0 0 1 0 0 0 0 1 0 
1 1 1 1 0 0 0 0 0 0 0 0 0 0 0 1 1 0 1 1 1 1 1 1 1 1 1 1 1 0 1 1 1 0 0 0 0 0 0 1 0 0 1 0 0 1 1 0 1 0 1 0 0 0 1 1 0 0 0 1 0 1 0 1 1 
0 1 0 0 1 1 0 1 0 1 0 1 0 0 0 1 1 0 1 1 1 0 1 1 0 1 1 1 1 0 0 0 0 0 0 1 1 1 1 1 0 1 0 0 1 0 1 0 0 0 1 1 0 1 0 0 0 1 1 1 0 0 1 0 0 
0 1 0 1 0 1 1 1 0 1 0 0 1 0 1 1 0 0 0 1 1 0 1 0 0 0 0 0 0 0 0 0 0 0 1 0 0 0 0 0 1 0 0 0 1 1 0 1 0 0 0 1 0 1 1 0 1 0 0 1 0 1 1 0 1 
0 1 1 0 1 1 0 1 0 0 0 1 0 1 1 0 1 0 1 0 0 1 0 0 0 1 0 1 1 1 0 1 0 0 0 1 1 0 0 1 0 1 1 1 0 0 1 0 1 0 0 1 0 0 1 0 0 1 1 1 0 1 0 0 1 
0 1 1 0 0 0 1 1 1 0 1 0 1 1 1 0 0 0 0 0 1 0 0 0 1 1 1 0 0 1 0 0 1 1 1 1 1 0 0 1 0 1 1 1 1 0 1 1 0 1 1 1 1 0 1 0 1 0 1 1 0 1 0 1 0 
1 0 1 1 0 0 1 1 1 0 0 1 0 1 1 1 1 0 1 1 0 1 0 0 0 0 0 1 0 1 1 1 1 1 0 1 1 1 1 1 1 1 0 1 1 0 1 0 0 0 1 0 1 1 1 0 1 1 1 1 1 1 0 0 0 
0 0 1 1 1 0 1 0 1 0 1 1 1 1 1 1 0 0 1 0 1 1 1 0 0 1 1 1 1 0 1 0 0 1 1 1 1 0 1 0 1 1 1 0 0 1 0 1 1 1 1 0 0 0 0 0 1 0 0 1 0 1 1 0 0 
0 1 0 1 0 0 0 1 0 0 0 1 0 1 0 1 0 0 1 0 0 0 0 0 0 1 0 1 0 0 0 0 1 0 1 0 0 1 1 0 0 1 1 0 0 1 0 0 1 1 1 0 1 1 0 1 0 1 1 0 1 1 0 1 1 
0 1 1 1 0 0 1 0 1 0 0 1 0 1 0 1 0 0 1 1 1 0 1 0 1 1 1 0 1 0 1 1 1 1 1 0 1 0 0 0 0 0 1 0 1 0 0 1 0 1 0 1 1 1 1 1 0 1 1 0 1 1 1 1 0 
0 1 1 1 1 1 1 1 1 0 1 1 0 0 1 1 1 1 0 0 0 1 1 1 1 1 1 0 0 0 0 1 1 1 0 0 0 1 1 1 1 0 0 1 1 0 0 0 1 1 0 1 0 1 1 1 0 0 1 1 0 1 0 1 0 
0 1 1 1 0 0 1 1 1 0 0 1 1 0 0 0 0 1 0 0 0 0 0 0 1 1 0 1 1 1 1 1 0 0 1 1 1 0 0 0 0 0 1 1 0 1 1 0 0 0 0 1 0 1 1 1 0 0 0 0 1 0 1 0 0 
0 1 1 0 1 1 1 1 0 0 1 1 0 1 0 0 0 1 0 1 0 1 1 0 0 1 0 0 1 0 0 1 1 0 0 0 1 1 1 0 1 0 1 1 1 1 1 1 0 1 0 1 1 0 1 1 1 1 1 0 1 1 0 0 1 
0 0 1 1 1 1 0 1 0 0 1 0 1 0 0 1 1 1 0 1 1 1 0 0 0 1 0 1 1 0 1 1 1 0 0 0 1 0 0 1 0 1 1 0 1 0 1 0 1 1 1 0 0 0 1 0 1 1 1 0 1 0 1 0 0 
1 1 1 1 1 1 0 0 0 0 1 0 1 0 0 0 1 0 0 1 1 0 0 0 1 0 0 0 1 0 0 0 1 0 0 0 1 0 0 1 0 0 0 1 0 0 1 1 0 1 1 0 1 1 0 0 0 0 0 1 1 1 0 0 1 
