58 65 660
91 11 65 87 83 52 74 42 13 74 97 91 70 96 57 45 50 85 22 66 100 37 32 14 12 13 35 31 33 2 60 23 12 25 61 95 28 34 88 41 60 85 31 29 80 39 26 81 75 47 46 75 83 29 40 95 93 74 25 25 27 36 99 91 12 
12 85 40 45 24 32 56 8 14 85 88 52 10 20 78 56 18 4 91 98 96 37 91 21 61 67 48 48 18 38 60 29 74 51 73 97 82 29 57 95 65 96 98 26 15 75 81 32 31 23 82 26 59 72 46 71 90 45 19 7 34 30 35 7 80 
60 56 13 40 12 7 56 7 56 81 73 82 13 57 12 36 38 37 94 9 35 17 50 79 35 57 13 16 43 71 47 54 78 59 45 89 17 100 47 72 80 72 53 93 28 65 28 65 53 73 25 87 89 74 18 75 82 82 90 77 52 36 30 82 46 
75 70 62 26 69 85 6 40 38 50 67 54 29 83 58 1 7 45 42 32 14 68 14 95 58 90 98 45 71 79 91 45 1 4 71 21 89 28 60 78 29 78 31 57 12 88 9 18 84 2 1 49 70 14 43 27 55 93 23 26 71 65 22 23 69 
44 43 9 71 2 86 99 31 16 7 42 55 16 11 91 17 12 39 38 77 82 16 32 26 39 57 96 3 78 19 23 74 61 31 44 15 16 95 97 83 53 91 90 20 1 80 89 64 70 26 41 3 42 72 28 80 80 76 34 9 94 9 82 6 39 
78 72 7 24 69 41 76 59 82 96 11 13 84 75 83 9 15 85 2 38 13 81 17 88 67 77 33 75 59 90 65 36 62 23 59 82 16 34 92 97 81 54 10 16 28 92 25 94 76 78 31 40 59 99 79 77 76 63 3 86 53 19 21 66 42 
31 99 57 16 90 5 49 95 14 64 23 5 40 68 33 18 51 24 28 1 55 4 76 17 58 13 21 76 85 86 69 15 84 77 83 25 82 31 20 47 94 94 52 34 61 36 51 63 11 78 64 65 33 91 82 90 4 2 17 88 40 86 55 23 14 
89 100 47 19 71 94 64 16 97 49 28 32 51 91 42 28 54 7 12 44 40 53 47 41 70 87 80 7 41 55 72 29 6 19 99 28 12 62 43 8 63 70 91 13 60 84 93 65 42 4 9 81 57 55 74 78 93 5 36 33 11 7 13 16 25 
63 43 36 77 37 95 39 7 85 51 18 69 43 83 62 99 43 43 55 97 16 84 42 72 19 26 83 25 39 50 50 1 45 37 29 81 32 67 39 68 18 9 88 12 91 50 10 33 44 16 81 11 51 22 82 69 48 64 94 38 14 95 90 10 83 
19 90 66 37 81 34 54 89 73 18 31 74 79 15 17 47 47 27 97 69 61 66 68 24 11 57 89 5 98 50 39 16 40 5 53 72 90 58 60 62 27 90 88 6 56 4 52 2 83 100 22 43 65 41 18 75 97 59 31 95 8 22 62 47 26 
66 18 15 76 29 28 54 70 15 11 25 19 62 27 53 14 48 95 78 89 12 5 85 70 87 31 78 8 45 76 33 62 46 99 89 74 27 43 44 41 53 68 11 67 46 63 80 94 57 9 82 21 13 18 42 52 1 19 59 97 47 44 58 92 42 
99 17 68 41 12 61 45 80 23 11 25 86 42 70 94 51 51 14 15 21 8 66 21 26 25 17 24 20 26 67 61 24 84 81 16 95 93 61 26 15 23 3 52 65 72 46 15 75 11 29 47 18 47 67 96 23 35 19 42 12 38 54 36 21 86 
51 67 78 63 93 45 86 47 96 50 70 41 16 44 4 96 90 21 42 8 68 64 94 39 57 6 76 11 93 96 48 95 14 26 58 6 70 43 4 65 44 74 58 59 69 61 6 11 33 48 18 1 63 64 39 20 21 66 82 13 61 29 7 74 6 
16 32 27 10 35 92 53 60 1 63 29 13 69 39 45 68 8 97 82 23 87 1 43 52 34 55 64 15 14 38 20 29 21 47 91 7 90 95 67 42 10 47 54 30 37 50 97 44 47 78 67 33 31 9 85 16 16 48 30 29 37 50 9 9 48 
51 16 37 46 34 78 7 80 83 36 16 32 32 11 78 61 29 11 43 90 47 59 5 46 88 85 83 89 45 43 36 48 58 72 93 43 1 99 22 83 34 89 15 17 52 44 29 80 6 72 21 52 30 77 50 17 13 84 6 58 26 93 5 84 17 
49 78 69 99 52 52 84 40 18 52 43 61 80 75 19 3 95 70 32 72 71 1 36 54 58 93 80 50 49 15 66 49 92 35 99 43 38 34 35 7 85 29 19 17 3 37 19 50 59 51 73 29 3 8 83 60 53 14 61 53 28 79 2 71 65 
52 66 54 86 100 60 22 80 78 38 83 15 9 32 73 11 4 1 13 63 35 24 15 48 84 68 27 14 21 98 78 72 63 31 57 14 90 31 93 20 68 75 86 76 58 58 38 13 10 50 76 97 73 90 44 9 9 71 22 29 68 52 1 82 82 
9 95 24 39 39 95 59 66 80 86 23 37 24 88 98 25 63 94 50 4 90 58 13 60 31 41 79 82 93 12 16 54 58 39 44 96 33 54 61 64 40 36 100 15 75 49 91 37 95 40 92 84 49 56 95 80 49 25 13 93 36 28 46 93 18 
90 40 2 43 53 65 34 88 16 100 62 17 91 50 11 82 93 46 31 49 40 62 49 16 74 41 51 54 87 95 71 28 86 25 22 38 89 8 25 5 7 38 21 49 39 83 31 32 28 61 32 19 74 80 34 47 20 36 100 58 30 23 85 67 47 
59 5 87 66 81 91 24 19 63 25 57 97 55 40 24 67 71 42 92 50 75 38 22 10 90 79 91 64 16 10 10 26 14 48 43 94 39 66 64 53 42 73 50 48 12 25 66 35 67 57 36 93 95 57 55 36 88 97 99 55 6 60 80 71 7 
22 65 97 39 80 2 81 52 3 28 16 27 46 50 45 2 85 90 96 94 96 83 81 44 33 35 50 44 66 72 51 87 88 99 77 68 52 9 71 6 89 86 85 34 35 29 35 72 70 83 65 65 65 97 61 98 83 62 41 100 33 43 38 21 94 
14 40 97 23 10 3 63 96 87 96 82 67 30 5 37 64 21 53 29 17 13 78 51 74 70 50 59 65 87 31 10 53 70 6 75 79 60 89 26 46 84 60 13 65 64 1 29 85 5 9 53 70 38 4 95 7 5 53 23 92 83 32 44 52 90 
70 83 49 58 60 95 93 19 59 57 35 11 37 19 15 97 23 84 34 26 79 93 83 83 15 74 66 99 69 69 88 90 3 88 99 63 34 91 33 44 99 67 54 88 37 69 84 60 4 18 37 34 10 19 17 24 92 34 74 12 2 13 1 57 1 
99 19 86 41 3 30 40 70 83 27 6 3 10 17 7 27 54 40 88 72 56 12 16 41 37 79 43 50 80 51 50 30 69 87 71 23 16 62 92 51 40 50 53 49 66 11 28 71 3 15 95 58 78 10 99 15 88 93 64 19 43 65 1 63 51 
71 85 19 84 29 69 23 30 73 23 95 84 2 18 86 17 12 95 46 21 45 12 60 89 27 31 83 43 31 97 46 53 34 64 88 62 84 10 91 8 84 37 43 86 54 80 54 65 27 99 37 71 63 49 12 89 31 46 32 61 43 29 65 76 44 
52 89 27 13 31 86 96 67 29 81 73 8 34 89 34 85 26 57 47 26 20 87 56 65 70 68 59 98 32 86 41 35 74 19 99 4 5 94 23 85 27 95 92 12 83 78 96 60 86 94 85 5 81 92 21 50 59 80 48 42 65 40 76 91 59 
26 94 15 72 16 99 98 62 42 9 45 71 57 56 56 50 41 12 30 32 85 80 43 16 79 84 32 70 12 22 28 37 68 94 8 35 44 57 97 86 66 93 8 74 48 16 23 40 79 5 24 63 36 66 78 14 49 10 83 60 83 63 49 50 8 
56 85 52 65 81 89 30 25 96 55 72 11 77 64 90 81 87 4 16 4 34 81 4 43 16 16 25 30 64 27 37 71 11 40 35 91 28 16 67 76 70 38 38 99 53 79 31 39 35 99 94 68 79 98 62 46 13 38 75 76 64 64 98 74 55 
33 16 35 48 82 10 70 72 99 68 24 30 98 15 64 96 8 31 27 5 92 72 17 29 99 44 45 14 42 18 68 26 34 2 73 67 63 94 38 14 61 62 43 11 28 6 58 35 88 84 92 79 8 60 59 58 56 3 71 97 73 90 22 6 44 
46 24 6 40 62 71 52 75 13 62 2 70 20 88 57 55 79 35 14 91 46 71 46 48 93 42 20 83 15 77 26 60 1 83 51 14 54 3 88 18 16 41 88 87 28 44 42 59 31 7 49 76 78 94 75 70 87 47 4 1 23 29 12 75 64 
15 40 69 17 27 86 84 19 73 71 99 17 64 57 99 70 5 74 99 50 48 69 36 94 72 88 69 53 99 95 16 65 35 84 81 61 21 17 32 94 87 30 62 2 86 60 23 42 85 22 43 32 42 30 78 65 17 46 69 67 92 36 32 26 71 
64 39 92 80 70 37 18 99 98 71 36 9 94 29 93 67 71 76 60 100 53 24 68 50 45 34 42 80 65 67 51 81 57 94 12 26 30 30 76 79 100 11 87 45 91 31 11 61 6 22 12 11 98 79 60 42 13 53 73 29 72 23 61 28 68 
73 6 97 2 81 75 53 92 13 50 82 43 12 95 49 34 6 11 31 37 22 24 1 75 96 81 98 71 42 77 38 14 82 35 67 63 61 71 6 26 72 39 68 84 33 68 69 91 78 99 79 100 22 79 26 69 59 75 39 52 51 77 17 33 63 
83 47 75 6 52 100 77 90 20 12 75 87 80 17 17 78 47 68 51 25 45 72 35 19 10 87 69 38 3 53 100 38 99 27 95 2 26 71 92 45 83 18 84 62 86 52 92 32 71 94 8 15 65 42 33 27 80 53 64 35 58 64 24 8 42 
18 10 67 88 53 64 22 70 99 36 7 2 27 38 72 72 97 86 89 90 70 15 70 74 78 56 31 93 79 39 34 96 100 53 35 52 68 57 73 18 92 79 19 70 68 90 41 64 75 29 53 96 43 74 69 73 29 52 65 7 42 99 54 41 51 
89 92 70 45 64 87 88 94 5 57 61 94 49 76 20 30 28 67 24 2 87 96 82 38 61 89 31 11 42 71 13 82 14 82 78 29 68 65 22 24 73 34 17 74 9 88 3 37 6 26 90 92 74 71 82 34 11 12 44 5 35 8 86 48 89 
16 29 8 80 2 31 5 36 99 78 44 86 32 32 91 9 21 34 82 44 15 67 6 27 62 10 13 69 48 12 57 15 40 64 94 42 94 50 29 92 27 72 29 58 4 71 19 76 5 100 71 71 67 77 49 80 38 61 49 37 73 57 51 12 73 
97 5 66 46 33 10 25 57 90 34 12 13 52 39 69 4 10 39 22 38 88 1 27 100 49 16 72 58 66 36 30 14 92 47 12 25 56 36 33 98 21 44 10 73 82 78 76 91 68 97 80 7 49 7 7 98 22 30 55 39 65 84 53 9 82 
16 85 38 51 17 87 71 60 48 95 41 25 22 84 44 70 15 51 19 21 9 68 94 38 74 85 55 9 89 63 90 4 47 79 6 63 65 76 74 12 23 14 88 96 49 32 66 64 34 36 36 42 3 82 31 76 66 85 84 54 47 25 57 45 4 
62 7 68 89 80 32 11 46 71 59 46 54 24 9 87 59 97 80 13 78 11 88 95 47 23 48 94 47 4 38 2 17 97 22 5 28 53 68 73 75 26 19 29 1 79 15 59 27 47 71 56 57 10 50 3 84 97 48 82 52 38 84 68 86 5 
25 13 9 92 38 83 69 56 11 69 86 78 79 13 24 1 20 32 10 70 86 45 18 86 26 70 75 9 89 60 65 13 72 73 56 9 8 76 16 70 44 54 47 22 18 22 74 37 53 83 6 91 79 76 76 5 45 2 65 85 61 30 50 84 54 
5 45 61 81 60 31 76 65 29 50 82 51 23 19 55 58 76 97 36 51 72 92 47 73 57 84 85 86 33 69 39 89 65 52 69 24 34 97 41 62 46 22 64 20 92 19 77 68 15 65 70 39 56 69 63 12 52 100 49 36 68 40 24 84 91 
45 7 76 41 99 37 38 21 53 57 12 23 86 31 37 2 53 27 57 21 42 21 24 41 69 11 60 8 34 43 50 30 1 25 22 100 14 59 72 66 68 83 88 5 66 76 6 18 55 14 90 96 34 13 88 55 23 99 62 8 93 64 38 45 88 
59 44 53 70 67 18 89 2 57 45 67 33 50 84 39 15 73 86 1 37 25 55 59 23 68 18 15 31 55 11 71 66 55 23 87 73 93 75 74 49 19 40 33 20 23 23 34 47 8 86 83 32 40 93 6 8 63 72 90 69 83 12 34 89 87 
20 61 31 46 35 79 16 74 64 35 49 38 21 47 46 6 30 77 98 74 35 57 36 6 46 5 88 10 90 76 96 62 37 26 7 71 56 75 44 71 9 44 9 81 91 6 87 72 34 84 97 68 40 85 74 37 41 61 98 30 37 45 43 73 22 
50 43 30 24 38 100 84 34 60 65 24 65 3 95 51 38 43 18 29 27 91 17 67 52 15 97 40 59 91 12 81 92 6 10 15 95 61 51 80 73 67 3 89 21 49 39 58 92 57 38 18 99 54 37 2 68 85 41 79 75 4 11 67 61 72 
33 8 32 83 87 56 1 90 45 21 90 35 30 33 43 67 51 42 21 39 43 40 23 36 70 97 91 80 63 52 51 96 59 35 30 97 90 31 38 86 51 28 21 33 60 63 99 62 56 71 100 51 11 22 86 80 71 28 12 33 79 62 28 89 48 
58 38 38 40 75 75 42 2 95 74 14 10 73 27 65 43 79 67 5 100 52 37 70 32 48 55 10 61 82 51 9 91 88 98 30 62 72 72 16 19 97 81 80 69 7 96 64 85 63 68 37 66 56 58 97 3 12 7 16 46 9 24 88 48 73 
18 9 44 41 76 14 37 56 93 58 15 89 21 51 51 40 87 16 48 97 65 2 8 71 17 5 31 92 93 78 64 62 38 60 54 14 73 42 21 18 99 87 58 71 38 60 63 76 75 10 72 91 11 32 61 28 36 43 19 28 20 35 41 58 94 
94 23 18 36 95 35 34 82 92 57 19 51 71 94 78 80 18 68 42 49 81 69 84 75 40 64 95 26 4 4 19 98 78 36 33 72 23 18 53 66 26 23 69 96 17 98 75 34 17 17 82 97 37 17 24 28 80 18 53 84 73 23 33 50 11 
65 21 33 34 26 50 60 48 18 7 64 15 82 49 32 50 82 80 38 99 3 18 30 72 22 65 44 45 97 45 55 13 66 39 47 91 88 58 38 58 64 54 72 97 54 55 98 36 35 88 86 37 5 67 61 78 32 4 22 28 49 28 41 66 18 
39 8 6 48 97 63 11 2 86 60 56 41 9 43 75 96 80 63 52 46 23 30 77 79 3 57 79 83 49 44 100 87 51 57 86 47 71 48 49 57 7 56 49 16 98 75 63 29 37 15 74 12 96 3 42 98 59 20 32 59 63 32 97 65 88 
82 63 11 29 11 67 88 18 67 3 67 41 17 95 29 83 69 92 78 23 33 28 33 52 59 91 66 90 39 30 30 20 93 40 48 55 58 87 73 24 89 91 64 58 86 44 40 6 36 70 28 68 97 12 20 7 2 37 49 40 67 78 11 11 69 
10 65 26 97 89 1 37 80 16 94 17 59 34 22 94 55 1 62 51 12 33 57 65 69 5 56 35 34 18 97 2 27 62 79 23 2 79 12 81 46 5 49 5 90 70 98 44 22 59 46 33 43 3 49 12 59 56 98 93 73 95 46 100 8 77 
74 9 7 85 42 53 42 90 57 31 12 54 27 33 65 72 18 59 26 18 22 37 74 20 29 46 66 26 97 25 2 71 85 61 7 26 13 48 68 69 31 79 74 57 63 90 80 80 49 6 98 70 42 23 41 22 20 58 99 17 34 53 39 19 13 
45 44 25 93 63 45 75 41 70 31 4 12 62 35 12 67 84 81 60 6 74 33 78 83 32 94 17 36 32 35 48 28 30 24 72 93 68 46 85 89 28 40 100 90 27 11 8 10 44 68 68 69 52 45 51 35 90 19 70 73 5 17 100 35 40 
72 79 59 69 15 48 97 55 47 38 81 10 45 42 53 64 9 21 16 5 23 50 94 94 20 66 98 88 18 84 28 41 62 38 9 77 85 57 83 84 94 63 93 39 56 97 2 17 69 69 21 43 71 67 36 90 84 34 29 1 17 56 41 31 94 
2 59 30 58 41 13 52 55 57 42 10 5 95 26 25 16 99 68 86 65 3 27 100 88 55 1 57 11 93 87 56 94 45 37 4 37 50 7 91 58 100 52 15 94 78 39 9 76 6 46 92 61 72 91 100 27 43 56 89 88 94 96 81 90 32 
1 1 0 1 1 0 0 1 0 0 0 0 0 1 0 0 0 0 1 0 1 1 1 1 1 0 0 0 0 0 0 0 1 0 1 1 0 0 0 0 0 0 1 0 1 1 0 1 1 0 1 0 1 0 1 1 0 0 1 1 0 1 1 1 0 
0 0 0 0 0 1 0 0 0 1 1 1 1 0 0 1 0 0 1 0 0 0 1 0 1 0 0 1 1 1 1 1 0 1 0 0 0 0 1 0 1 0 1 1 1 1 0 1 0 1 1 0 1 0 0 1 0 0 0 1 1 1 1 1 0 
1 0 1 1 1 1 1 1 1 0 0 0 0 1 0 0 1 0 1 1 0 0 0 0 0 1 0 1 0 1 0 1 1 1 1 0 0 0 0 1 0 0 0 0 0 0 0 1 1 0 0 1 0 0 0 1 0 0 0 0 1 0 0 1 1 
1 1 0 1 1 1 1 0 1 1 0 0 0 1 1 0 1 0 0 0 0 1 0 0 0 0 0 0 0 1 0 1 0 0 0 0 1 1 0 1 1 0 1 1 1 0 1 0 0 1 0 1 1 0 1 1 1 1 1 1 0 1 1 1 1 
1 1 1 1 1 0 0 1 1 1 0 1 0 0 1 1 1 0 0 1 0 1 0 1 1 0 0 0 1 1 0 0 0 1 1 1 1 1 0 0 0 0 1 0 0 0 0 1 1 0 1 1 0 1 0 1 1 0 1 0 1 1 1 1 0 
0 0 1 0 0 1 0 0 0 1 1 1 1 0 0 1 1 1 1 1 1 0 0 0 0 1 1 1 0 1 0 0 1 1 0 0 1 1 0 1 0 1 0 1 0 0 0 1 1 0 0 1 0 1 1 0 0 0 0 0 1 0 0 1 1 
1 1 0 0 1 0 0 1 0 1 1 1 1 0 0 1 1 1 0 0 0 0 0 1 0 0 0 0 0 1 0 1 0 0 1 0 0 1 1 1 0 0 0 0 0 0 1 1 0 1 1 0 0 1 1 0 1 0 1 0 1 1 1 0 1 
1 0 0 0 1 1 1 1 1 1 1 1 0 1 1 0 0 0 0 0 1 0 1 1 1 1 1 0 1 1 0 0 1 0 0 0 1 1 1 0 0 0 1 1 1 1 1 0 1 1 0 0 1 1 0 1 1 1 1 0 0 1 0 1 1 
0 1 0 0 0 0 0 0 0 1 0 1 0 0 0 1 0 0 1 1 0 0 0 1 1 0 1 1 0 0 0 1 1 1 1 1 1 1 0 1 1 0 0 1 0 0 1 0 1 0 1 1 0 0 1 1 0 0 0 1 1 1 0 0 0 
1 0 1 0 0 1 1 0 1 1 0 0 0 0 1 0 1 0 0 1 1 1 0 0 0 1 1 1 1 1 1 0 1 0 0 1 1 0 1 1 1 1 1 1 1 0 1 1 0 1 0 0 0 0 0 0 1 1 1 0 0 0 0 0 1 
1 1 0 1 1 1 0 0 0 1 0 0 0 1 1 1 1 1 1 0 1 0 1 0 1 0 0 0 0 0 1 1 0 1 0 1 1 0 1 1 1 1 0 1 0 1 0 0 0 0 0 1 0 1 1 1 1 1 1 0 0 0 1 0 0 
0 1 1 0 0 0 0 0 0 1 0 1 0 0 1 0 0 0 0 0 1 1 1 1 1 1 1 1 1 1 1 1 0 0 1 0 1 1 0 1 1 1 1 1 1 0 1 0 1 1 0 0 0 1 1 1 1 0 1 0 1 0 1 1 1 
0 0 0 0 0 1 1 1 0 0 1 1 1 1 0 0 1 0 0 0 0 0 1 0 1 1 0 1 0 1 0 1 1 0 1 0 0 0 1 0 0 0 1 1 1 1 1 0 0 1 1 0 1 0 0 0 0 0 0 0 0 0 1 1 1 
0 1 1 0 1 1 0 1 1 1 1 0 0 1 0 0 0 0 1 1 1 0 1 1 0 1 1 0 1 1 1 1 0 0 0 1 0 0 1 1 0 0 1 0 1 0 0 0 0 0 1 1 0 0 1 0 1 0 0 0 1 0 0 0 0 
0 1 0 0 0 1 0 0 1 1 0 1 1 0 1 1 1 1 1 1 0 1 0 0 0 1 0 0 1 0 0 1 1 1 1 0 0 0 0 1 1 0 0 0 0 0 0 1 1 1 0 1 1 1 1 1 0 1 1 1 1 1 0 1 0 
1 1 1 1 1 0 0 0 1 1 0 1 1 0 0 0 0 1 1 1 0 0 1 0 1 0 1 1 0 0 1 0 1 0 1 1 1 0 1 0 1 1 1 0 1 1 0 0 0 0 1 0 0 1 0 0 1 0 1 0 0 0 0 0 1 
1 1 0 1 0 0 0 1 1 0 1 0 1 1 0 1 0 0 1 1 1 1 1 1 0 1 1 1 1 1 0 0 0 0 0 0 0 0 0 1 1 1 1 0 0 1 1 0 1 0 0 0 0 1 1 0 0 1 1 1 0 1 1 1 1 
1 1 1 0 1 0 1 0 1 1 0 0 0 1 0 0 1 0 0 0 0 1 0 1 0 1 1 0 0 0 1 0 0 1 0 1 1 1 0 1 0 0 1 0 1 1 0 0 0 1 0 0 0 0 1 0 1 0 0 0 1 0 0 1 1 
0 0 0 1 0 1 1 1 1 1 0 0 1 1 0 0 1 0 0 0 1 1 1 0 1 1 1 1 1 0 0 1 0 1 0 1 0 1 0 1 0 0 0 0 1 0 0 1 1 1 1 0 0 0 0 1 0 1 1 1 1 1 1 0 0 
1 1 1 1 1 0 1 1 0 1 1 1 0 0 0 1 1 0 1 1 1 0 1 0 1 1 0 1 0 0 1 1 1 0 0 0 1 0 1 1 1 0 0 1 0 0 0 1 1 1 1 0 0 0 0 1 1 0 0 1 0 0 1 1 0 
1 1 1 1 1 1 1 1 1 0 0 0 1 1 1 0 0 1 0 1 1 0 0 0 0 0 0 0 1 0 1 0 1 0 0 0 1 1 0 1 1 0 1 0 1 0 1 0 1 1 1 0 1 1 0 0 1 1 0 0 1 1 1 0 0 
1 1 1 0 1 0 1 1 1 0 0 1 1 0 0 0 1 1 0 1 1 0 0 0 0 1 1 0 0 0 0 1 1 1 1 0 0 0 1 1 0 1 1 1 0 1 0 1 0 0 0 0 0 1 0 0 0 0 0 0 0 0 1 1 0 
0 1 0 0 0 1 1 1 0 0 1 0 0 1 0 0 1 0 0 0 1 1 0 1 1 0 1 0 1 0 0 1 1 0 0 1 1 1 0 0 1 0 0 0 1 0 0 0 1 1 1 0 0 1 1 1 0 0 1 1 0 1 1 1 1 
1 0 1 0 0 1 1 0 1 1 1 1 0 0 0 1 1 0 1 0 1 0 0 1 0 0 1 1 1 0 1 0 0 0 0 1 1 1 1 0 1 1 1 1 1 0 0 0 0 1 0 0 1 1 1 1 1 1 1 0 1 0 0 0 0 
0 1 1 1 0 1 0 1 0 1 0 0 1 0 1 0 1 1 0 0 0 1 1 1 0 1 1 0 1 1 0 1 0 1 0 0 0 1 0 1 0 0 1 0 1 0 0 0 1 0 0 0 0 1 1 0 0 0 1 1 1 1 0 1 1 
0 0 1 1 0 0 0 0 0 0 1 0 0 1 0 1 1 0 1 0 1 1 0 0 0 1 1 0 1 1 1 0 1 0 1 1 1 1 1 1 1 1 1 0 0 1 1 0 1 0 0 1 1 1 1 0 0 0 0 0 1 1 0 0 1 
1 1 0 1 1 1 0 0 1 0 0 0 1 0 0 1 1 1 1 0 0 1 0 0 1 0 0 0 0 0 1 0 0 0 1 1 1 1 1 0 0 1 1 1 0 1 1 1 0 0 1 0 1 1 0 0 0 0 0 0 1 1 0 1 1 
1 0 1 1 1 1 1 0 0 0 0 1 1 1 1 1 0 1 0 0 0 0 0 0 0 0 1 0 1 0 1 0 0 0 1 1 0 0 0 0 1 0 0 0 0 1 0 0 1 0 0 1 1 0 1 1 1 1 1 0 1 1 0 0 1 
0 1 1 0 1 0 1 0 0 0 0 1 0 0 0 0 1 1 1 1 1 1 0 0 0 0 1 1 1 1 1 1 1 0 1 0 0 1 0 0 1 0 0 1 1 0 1 0 0 1 1 1 0 0 1 0 0 0 0 1 0 1 0 1 1 
0 1 0 1 0 0 0 0 0 1 1 1 0 1 1 1 1 0 1 1 1 0 1 1 0 1 1 1 1 0 0 1 0 0 0 0 1 0 0 1 1 0 0 0 1 1 1 0 1 1 1 0 1 1 0 1 0 1 0 1 0 0 1 0 1 
1 0 0 0 0 1 1 0 0 1 0 1 1 0 1 0 0 1 1 1 1 0 1 1 0 0 1 0 1 1 1 1 1 1 1 1 1 0 0 1 0 0 0 1 0 1 1 0 1 0 1 0 0 0 1 0 1 0 0 0 1 0 1 0 1 
0 0 0 1 0 1 1 0 0 0 0 1 1 1 0 1 0 1 1 1 0 1 0 1 1 0 0 1 0 1 1 0 1 1 1 1 1 0 1 1 0 1 0 1 0 1 0 1 0 1 0 0 0 0 1 0 0 0 1 0 1 0 1 0 0 
0 1 1 1 0 0 1 1 0 1 0 1 1 1 1 1 1 0 1 1 1 1 1 1 1 0 0 1 1 0 1 1 1 0 0 1 0 0 1 1 1 1 0 0 0 0 1 1 0 1 0 1 0 1 1 1 1 1 1 0 0 0 0 1 1 
0 1 1 0 0 0 1 1 1 0 1 1 1 0 1 0 0 0 1 1 1 0 1 1 1 1 1 0 1 0 1 0 1 0 0 1 1 0 0 0 0 1 1 1 1 0 0 1 0 1 1 0 1 0 1 1 1 0 1 1 0 0 1 0 0 
1 1 1 1 0 1 1 1 0 1 1 0 1 0 1 0 1 1 1 1 0 0 1 0 1 0 0 1 1 0 0 0 0 1 0 0 1 1 1 1 0 0 0 1 1 1 1 0 0 1 0 0 1 1 0 1 1 0 0 0 1 0 0 1 0 
0 1 1 0 0 0 0 1 0 0 0 1 1 0 1 0 0 1 0 1 1 1 0 0 1 0 1 0 1 0 0 1 1 1 1 1 1 0 0 0 0 0 1 1 1 1 0 1 0 0 1 0 1 1 0 0 0 1 0 1 1 0 0 0 1 
0 1 1 0 0 1 0 0 0 1 1 1 1 1 0 1 0 0 0 1 0 1 1 1 1 0 0 0 1 0 1 1 1 0 1 1 1 1 0 0 0 1 1 0 0 1 1 0 1 0 0 1 1 1 0 0 0 0 0 1 0 0 0 0 0 
1 1 0 0 1 0 0 1 1 0 1 1 0 0 0 0 0 0 1 1 0 1 1 1 0 0 1 0 0 1 0 1 1 0 1 0 0 0 1 0 0 1 1 0 1 1 0 1 1 1 0 0 1 0 1 1 0 0 1 1 0 1 0 1 0 
0 1 0 0 1 0 0 0 1 1 1 1 1 0 0 1 0 0 0 0 1 1 1 0 0 0 0 1 0 1 1 0 0 0 0 1 0 1 1 0 0 0 1 1 0 1 0 1 0 0 1 1 1 0 1 1 0 1 1 1 0 0 1 1 0 
0 0 1 1 0 1 1 0 0 0 1 1 1 0 1 1 1 1 1 0 0 0 0 0 1 1 0 0 1 1 0 1 0 1 0 0 0 1 0 0 1 1 0 0 1 1 0 1 0 1 1 1 1 1 1 1 1 1 1 0 1 1 1 1 1 
1 1 1 0 1 0 1 1 0 0 0 1 0 1 0 1 0 1 0 0 0 1 1 1 0 1 0 0 0 1 1 1 0 0 1 0 0 0 1 0 0 1 0 0 1 0 1 1 1 0 1 1 1 0 0 0 1 1 0 1 0 1 0 1 1 
1 1 0 0 0 0 0 1 0 1 0 0 0 0 1 0 1 0 0 0 1 0 1 0 0 1 0 1 1 1 0 1 0 0 1 0 1 1 0 1 0 0 0 1 0 1 1 0 0 1 0 1 1 1 1 1 0 1 0 0 1 1 1 1 1 
0 0 0 1 0 0 0 0 0 1 1 1 0 1 1 0 1 0 1 0 1 1 1 1 1 1 0 0 0 1 0 0 1 0 1 1 0 1 0 0 0 1 0 1 0 1 1 1 0 0 1 1 1 0 0 1 1 0 1 1 0 1 1 1 0 
1 1 0 0 1 1 1 0 1 0 0 0 1 1 0 1 0 0 1 1 0 0 0 1 1 0 1 1 1 0 1 0 1 1 1 0 0 0 0 1 0 0 0 1 1 0 0 0 0 1 1 1 1 1 0 1 1 1 0 1 1 1 1 1 0 
0 1 1 0 0 0 0 0 0 1 0 1 0 0 1 1 1 0 1 0 0 0 0 1 0 1 1 1 0 0 1 1 1 0 1 1 1 0 0 1 1 0 0 1 0 0 1 1 0 0 1 1 0 1 0 0 0 1 1 1 1 0 0 1 1 
1 0 0 1 0 1 1 0 0 0 0 0 1 1 0 1 1 1 1 0 0 1 1 1 0 0 1 1 0 0 0 1 0 0 1 1 1 0 1 1 0 0 1 0 1 0 1 0 1 1 1 1 0 0 1 1 0 0 0 0 0 0 1 0 0 
0 1 1 0 1 1 1 1 0 1 0 0 0 1 0 1 0 1 0 0 0 1 0 0 1 0 0 1 1 1 1 0 0 0 0 1 1 1 0 0 0 1 0 1 0 0 0 0 0 0 0 0 1 0 1 0 0 1 1 1 0 0 1 1 1 
0 0 0 1 1 0 0 0 1 1 0 1 1 0 1 0 0 0 1 0 1 0 0 0 1 1 1 0 1 0 1 1 0 1 0 1 0 0 1 1 1 1 0 1 1 0 1 1 0 0 1 1 0 1 1 0 1 0 0 0 0 1 1 1 0 
1 0 0 0 0 1 1 1 0 0 1 0 1 0 0 0 0 1 0 1 0 0 0 1 0 0 1 1 1 0 0 1 1 0 1 1 0 0 0 0 1 1 0 0 0 0 0 0 1 1 1 1 1 0 0 0 0 0 1 0 0 1 1 1 0 
0 0 0 0 1 0 1 0 0 0 0 0 0 0 1 1 0 0 1 0 1 1 0 1 0 0 1 0 1 1 0 1 1 0 0 0 0 1 1 0 1 1 0 0 0 1 1 0 1 0 0 0 1 0 1 0 1 1 0 0 0 0 0 1 0 
0 0 0 1 1 0 1 0 0 1 0 1 0 0 0 1 0 1 0 1 0 0 0 1 0 0 1 0 0 1 0 0 1 0 0 0 0 1 0 0 0 1 1 0 1 0 1 0 1 0 1 1 0 1 1 1 1 0 1 0 1 0 0 0 0 
0 0 1 1 1 1 1 0 1 0 1 1 1 1 0 1 0 1 0 1 0 1 1 1 0 1 0 0 1 1 1 0 1 0 1 0 1 1 0 0 1 0 1 0 1 1 0 0 1 0 1 1 1 0 0 1 1 1 0 1 0 1 1 1 1 
0 0 0 1 0 1 0 0 0 1 0 0 1 0 1 1 1 0 0 0 1 1 1 0 1 0 0 0 1 1 1 0 1 0 1 0 1 0 0 1 1 0 1 0 0 0 1 0 1 1 0 0 0 1 0 0 0 0 0 1 1 0 1 1 0 
1 1 1 1 1 0 0 0 0 0 0 0 1 0 1 0 0 1 0 0 1 0 0 1 1 1 1 1 1 0 1 0 1 0 1 0 0 1 0 0 1 1 1 0 1 0 0 0 0 0 0 1 1 0 1 0 1 0 1 0 0 0 0 1 0 
1 1 0 0 0 1 1 1 0 1 0 0 1 0 0 0 0 0 1 0 1 1 0 1 0 0 1 0 1 0 0 0 1 0 1 1 1 0 0 1 0 1 0 1 1 0 1 0 0 0 0 1 1 0 0 1 1 1 1 0 1 1 0 1 0 
1 0 1 0 1 1 0 0 1 1 1 1 1 1 0 1 0 1 1 0 0 0 1 1 0 1 1 1 0 0 1 1 0 1 1 1 0 1 1 1 1 1 0 0 0 0 1 0 0 0 1 0 1 0 1 1 0 0 0 0 0 0 1 1 1 
1 0 1 0 0 0 1 1 0 1 1 1 1 0 1 1 1 1 0 1 0 1 1 1 0 1 1 0 1 0 1 0 1 0 0 1 0 0 0 0 1 1 1 0 1 0 0 0 1 0 0 0 0 1 1 0 1 0 0 0 1 1 0 0 1 
0 1 1 0 1 1 0 0 1 0 0 1 0 0 1 1 0 1 1 0 0 1 1 0 1 1 1 0 1 1 1 1 0 0 0 1 1 0 0 0 0 0 0 1 0 1 0 1 0 1 1 0 0 0 0 1 1 0 1 0 1 0 1 0 0 
