54 50 2086
7 23 49 68 31 13 56 95 20 6 42 90 31 24 49 67 54 9 83 23 33 97 33 22 61 10 38 28 66 60 14 72 35 14 40 65 26 47 59 45 52 52 34 34 27 34 100 80 42 82 
3 26 30 35 47 43 96 37 70 61 96 35 33 30 100 24 46 25 70 4 22 73 7 7 6 34 93 57 65 86 90 67 12 71 54 10 13 49 46 35 10 94 69 94 75 69 69 21 45 90 
76 18 62 83 25 19 68 17 75 84 2 64 3 65 34 56 75 99 56 72 85 17 65 53 62 40 73 82 60 70 71 87 87 84 69 63 2 88 31 76 72 85 91 74 49 77 81 75 27 88 
47 11 57 63 15 70 2 40 52 13 9 22 100 47 6 20 10 59 8 92 87 31 76 77 56 77 5 36 51 31 75 49 93 31 12 8 53 65 47 4 30 7 77 29 53 34 48 14 93 7 
6 79 89 81 7 44 57 64 31 60 46 6 8 39 88 71 46 92 88 92 95 17 98 72 45 2 57 44 16 49 3 21 79 91 1 38 87 10 1 17 69 46 74 28 84 14 51 81 5 38 
24 52 6 73 75 50 75 31 45 90 80 99 62 10 90 62 47 76 23 47 44 43 45 18 23 80 83 25 13 39 62 36 90 19 9 64 68 83 95 64 24 26 63 85 35 4 98 82 31 21 
80 74 15 76 43 37 56 77 61 68 16 74 55 5 92 63 69 11 97 15 27 20 40 89 56 74 44 54 7 74 26 87 99 40 62 42 29 69 18 41 88 85 15 43 90 58 57 10 69 54 
76 47 25 15 35 81 40 30 86 47 3 11 33 1 2 46 94 82 67 12 23 54 96 89 48 37 46 5 98 66 58 73 12 34 39 98 14 79 27 51 25 29 13 9 82 15 6 75 48 72 
38 70 26 86 58 73 74 56 77 72 21 86 96 85 20 35 82 85 13 61 36 89 41 48 97 22 14 54 49 62 26 86 83 3 71 41 75 45 48 4 68 20 41 63 4 12 97 38 97 61 
98 84 49 90 83 97 12 49 51 60 62 28 97 44 30 20 36 56 16 83 11 83 3 52 97 58 63 94 95 11 6 44 46 55 34 81 3 97 29 5 8 90 32 4 85 61 23 21 69 90 
55 79 72 9 30 69 67 45 14 13 7 19 57 5 25 42 85 28 38 65 84 45 6 16 100 42 28 75 62 96 64 69 75 88 77 56 56 43 52 21 56 11 39 64 67 16 5 51 43 42 
67 78 38 24 93 89 65 73 15 79 68 79 47 94 18 23 2 25 66 5 45 73 15 83 36 81 98 40 83 92 33 1 22 22 24 14 10 41 38 25 19 6 55 65 51 24 87 4 48 4 
9 92 76 75 26 11 56 76 2 90 19 34 91 40 55 66 6 17 6 43 41 24 48 47 88 51 70 27 54 17 30 62 60 6 37 85 68 44 60 70 85 31 3 27 70 58 93 75 74 50 
18 66 26 17 64 13 67 85 39 73 1 21 34 12 26 22 96 93 17 8 62 2 38 17 28 59 26 72 34 99 22 51 16 47 19 79 11 86 63 2 58 15 22 43 78 99 17 73 43 85 
32 57 86 21 73 66 80 98 37 65 48 10 15 63 8 33 93 71 70 7 72 79 73 45 74 50 95 90 74 37 74 58 45 12 78 17 29 9 66 65 73 13 27 39 27 86 24 71 56 93 
29 79 24 53 75 97 54 21 38 28 58 63 37 54 74 66 71 2 75 88 19 99 53 97 38 31 34 61 54 90 5 82 20 28 35 47 76 88 67 13 67 76 76 3 30 1 21 52 55 95 
39 73 93 43 21 82 74 54 94 27 95 99 60 15 78 94 61 54 34 27 66 52 3 93 7 84 94 27 35 48 73 25 72 17 68 92 99 41 97 92 19 92 42 78 58 20 24 18 73 9 
96 90 60 50 83 18 33 76 44 19 23 68 44 94 85 11 37 35 3 33 78 21 76 20 98 33 39 73 2 63 81 50 52 41 51 34 58 36 9 54 54 83 21 49 28 57 11 16 91 13 
1 21 85 76 40 35 61 30 7 62 92 88 63 95 80 14 29 89 49 89 94 54 24 67 3 3 23 13 19 66 78 19 86 62 46 77 96 6 6 55 20 49 94 34 43 73 47 71 13 47 
12 59 1 35 25 55 37 99 67 7 16 44 25 1 58 23 29 5 80 34 59 51 82 52 85 25 76 83 47 41 30 58 99 82 44 23 36 81 21 54 87 89 50 64 41 7 38 70 11 17 
55 22 68 37 73 52 13 1 86 59 41 15 69 39 48 12 13 83 44 85 89 83 73 38 98 14 44 35 35 6 3 89 27 70 77 100 73 89 52 59 100 92 25 20 82 73 83 46 7 79 
30 47 13 55 84 10 20 79 96 54 85 98 42 11 20 71 62 92 59 13 2 10 56 27 29 89 51 64 34 9 42 16 56 54 22 91 15 41 70 62 46 6 11 39 16 30 9 30 74 20 
42 75 29 50 53 10 38 55 73 24 16 66 91 23 19 12 13 85 4 34 46 49 39 56 87 55 38 96 84 11 15 77 85 95 78 90 4 16 44 28 91 59 93 81 81 63 44 46 47 47 
79 44 95 18 52 33 24 89 80 59 99 94 87 35 89 65 24 44 32 68 72 22 78 16 54 11 79 49 56 77 95 34 73 41 3 24 73 26 12 53 36 10 98 23 44 38 39 20 82 70 
87 5 43 16 72 48 26 2 96 81 79 90 67 51 30 69 74 54 47 37 58 34 98 56 56 93 93 94 12 26 15 50 82 57 66 54 4 91 55 99 24 85 40 90 35 21 10 60 75 56 
48 32 90 45 87 97 38 32 43 1 9 57 51 91 66 68 96 69 10 2 20 33 87 59 74 73 80 84 85 6 91 32 37 32 77 76 81 66 59 23 18 67 31 68 57 96 87 4 17 97 
6 36 81 92 94 55 64 25 90 48 30 80 32 19 64 60 94 44 77 52 66 94 70 48 14 79 44 100 82 60 48 87 95 29 30 40 35 46 17 24 45 98 55 76 16 70 35 61 13 11 
64 30 57 34 78 70 12 21 21 93 32 69 32 78 49 61 69 83 6 85 58 51 83 64 26 50 34 13 11 46 75 74 28 31 7 5 52 70 77 73 63 60 93 46 37 41 6 5 75 64 
42 84 14 76 47 91 25 32 55 35 30 30 9 57 12 67 13 64 37 89 88 51 48 80 96 36 20 53 40 46 16 33 29 81 8 27 24 33 59 78 19 88 59 79 44 71 46 56 86 34 
96 73 84 95 4 31 30 23 83 21 20 99 54 48 79 13 74 2 45 32 32 64 71 90 94 66 12 39 21 49 24 68 21 59 62 24 89 91 98 72 64 69 22 17 16 100 81 42 54 26 
25 85 41 96 26 34 61 38 25 34 38 100 1 59 59 15 34 47 5 84 70 20 52 91 88 20 43 69 13 48 46 37 84 86 32 9 71 45 98 47 30 36 47 30 46 57 44 31 55 1 
66 25 20 70 67 60 41 61 28 53 8 73 89 43 10 73 4 80 69 1 79 98 88 77 27 85 33 23 68 39 75 85 15 46 6 82 5 46 94 32 98 54 4 39 96 13 63 99 45 31 
52 23 80 91 51 58 76 35 80 95 73 6 79 88 52 85 21 56 82 14 40 32 67 95 70 15 8 84 13 4 66 64 78 45 7 28 2 82 62 82 28 86 39 6 73 90 42 93 98 24 
59 37 7 25 31 28 39 90 11 4 93 76 19 22 20 25 49 73 58 62 6 85 48 45 43 72 34 36 17 31 59 75 19 17 51 2 44 42 91 54 45 36 81 15 57 52 40 58 25 97 
19 30 34 18 74 76 42 60 11 58 42 22 84 13 38 34 14 82 27 4 87 23 91 68 38 48 71 29 5 95 77 75 77 10 93 50 37 86 61 100 43 3 21 26 15 10 11 28 43 90 
83 30 12 74 49 1 73 19 29 77 66 6 3 42 67 95 43 4 32 4 3 74 58 75 51 72 84 14 51 79 3 85 60 66 10 8 67 82 78 95 10 95 52 13 36 19 59 79 22 91 
34 76 16 91 50 19 14 33 32 16 11 86 52 70 51 62 29 69 95 59 16 57 53 67 21 41 37 31 71 10 73 4 85 41 46 34 59 11 19 42 26 81 27 77 51 29 90 31 50 37 
89 65 45 94 83 65 34 20 47 4 81 20 59 66 60 4 51 70 14 69 11 91 50 89 19 52 17 9 34 66 97 75 82 41 68 65 57 53 36 3 8 16 22 66 33 33 21 84 54 86 
4 64 28 53 52 46 56 21 6 90 38 2 64 20 94 83 36 50 35 23 53 42 90 26 59 23 11 31 58 64 16 61 28 43 66 31 40 73 51 46 62 89 99 77 60 93 59 95 42 45 
17 46 86 6 72 96 80 34 26 37 97 93 50 76 87 67 7 79 39 9 24 1 49 74 29 8 18 88 54 12 84 22 57 22 28 80 17 59 13 95 48 10 39 97 85 26 63 43 4 53 
52 79 5 100 4 34 60 22 73 13 33 56 87 41 77 14 21 46 24 33 40 71 94 78 19 31 55 33 73 10 86 76 40 90 28 44 23 87 65 95 51 49 3 37 89 79 2 61 24 26 
46 15 48 39 93 67 69 99 99 94 9 84 69 48 74 96 43 48 82 7 95 85 7 97 21 48 75 23 8 51 100 53 65 47 44 9 65 64 8 64 57 68 99 26 15 24 73 58 72 55 
16 66 91 75 14 11 22 88 85 81 90 36 86 7 35 81 15 99 44 74 14 1 41 65 78 8 88 50 17 11 56 84 28 46 58 41 9 31 81 93 64 70 81 1 76 15 81 43 13 24 
16 79 76 9 43 53 16 82 55 84 45 10 67 72 8 25 65 16 7 45 60 70 66 40 22 94 54 2 36 19 78 3 97 53 11 91 58 78 72 12 61 16 73 80 40 80 56 4 95 62 
48 7 84 65 46 5 58 100 59 93 70 36 48 18 40 10 8 97 88 31 60 100 47 85 79 38 16 34 41 63 48 40 69 31 4 14 87 62 65 45 6 34 32 53 51 72 63 10 20 2 
41 32 53 39 68 84 76 83 17 16 45 16 55 13 98 10 27 85 71 43 81 29 29 65 33 31 88 47 41 7 48 81 90 53 71 57 36 46 40 4 61 84 20 67 49 17 28 27 53 99 
69 86 79 97 50 11 80 37 58 20 95 57 52 37 9 22 93 44 19 84 48 31 68 19 49 16 87 76 42 40 74 62 77 4 11 78 15 90 66 24 61 12 80 12 48 89 85 41 84 3 
24 83 85 43 53 33 10 40 8 3 31 34 65 7 37 27 36 51 16 1 74 28 12 6 91 12 46 75 52 29 29 27 64 13 22 16 97 83 55 4 86 37 37 2 95 74 28 30 76 95 
30 50 22 94 55 12 5 100 38 8 80 18 86 95 82 59 11 78 42 17 81 79 54 70 32 48 43 59 78 18 5 59 19 78 4 25 41 60 76 78 19 8 47 57 2 28 15 12 57 8 
81 89 86 86 58 17 33 52 27 62 22 83 73 40 60 28 17 100 88 44 77 58 51 75 14 53 2 29 16 58 36 96 47 74 81 56 42 66 8 69 79 29 51 3 20 11 31 36 62 70 
80 91 27 82 65 41 34 67 21 2 76 56 49 74 81 82 30 23 47 89 91 77 17 93 80 36 55 62 24 17 31 55 7 9 36 71 49 22 89 69 75 17 77 23 90 57 4 71 31 2 
59 73 31 27 66 10 15 72 23 38 88 5 44 46 13 31 69 14 52 9 34 78 25 10 1 67 19 4 89 49 58 48 22 88 26 39 49 40 10 71 29 50 75 72 47 39 3 15 52 6 
24 38 84 100 47 36 66 17 39 55 18 48 54 39 35 79 29 83 71 38 5 99 39 31 71 86 70 25 52 73 82 27 10 17 27 9 52 44 77 43 50 94 90 55 84 77 86 12 59 56 
2 64 54 40 94 76 77 15 52 29 40 86 55 49 2 81 9 6 77 86 100 26 31 89 81 15 65 66 26 76 73 79 91 26 19 36 54 47 3 57 75 42 42 30 42 96 62 51 53 38 
1 1 1 1 1 1 1 0 0 1 1 0 1 1 1 1 0 0 0 0 1 0 1 0 1 1 1 1 1 1 0 0 0 1 1 0 0 1 0 0 0 1 0 1 0 0 1 0 0 1 
1 1 1 0 0 1 1 1 0 0 1 0 0 1 0 0 1 0 1 1 1 1 0 1 0 0 1 1 1 0 0 0 1 0 0 1 1 0 1 1 0 0 1 1 1 1 1 1 0 0 
0 1 1 1 0 1 1 0 1 0 0 1 0 1 1 1 1 0 1 0 1 1 0 1 0 1 0 1 0 0 1 1 1 0 0 0 0 1 0 1 0 0 0 0 1 0 1 0 0 0 
0 0 0 0 1 0 0 1 0 0 0 1 1 1 0 1 1 0 1 1 1 1 1 1 1 1 1 1 1 0 1 0 0 1 0 1 0 0 0 0 1 0 1 0 0 1 0 1 1 1 
1 0 0 0 0 1 1 1 0 1 1 0 1 1 1 1 0 1 0 1 1 1 1 1 1 1 0 1 1 0 0 0 0 0 0 0 0 0 0 0 1 1 0 0 1 0 1 1 1 1 
0 1 0 0 0 0 1 0 1 0 0 0 0 1 0 1 1 0 1 1 1 0 1 1 0 0 1 1 1 1 1 0 0 1 0 0 1 1 0 1 0 1 1 0 0 1 1 1 0 0 
1 1 0 0 0 0 0 0 0 1 1 1 1 1 0 1 1 0 1 1 1 1 0 0 1 0 1 1 0 1 1 1 0 0 1 1 0 1 1 0 0 0 1 0 1 0 1 0 0 0 
1 1 1 0 1 1 0 0 0 0 0 1 1 0 1 0 1 0 1 0 0 0 0 0 0 1 0 1 1 0 0 1 1 1 1 0 0 1 0 0 0 0 0 1 1 1 0 0 1 1 
1 0 1 1 0 1 1 0 1 0 0 1 1 1 0 0 1 1 0 1 1 0 0 1 1 1 1 1 1 0 1 0 0 0 0 0 0 1 0 1 1 0 0 1 1 0 1 0 1 1 
0 1 1 0 0 1 1 1 0 0 0 1 1 0 0 1 1 0 0 1 1 1 0 1 0 1 1 0 0 1 1 0 0 1 0 0 0 1 0 0 1 0 0 0 0 0 1 1 0 1 
1 1 1 1 0 1 0 1 1 0 0 1 0 0 0 0 1 0 1 1 0 1 1 0 1 1 0 1 1 0 0 0 1 1 1 1 1 1 1 0 0 1 1 0 0 1 1 1 1 0 
0 0 1 1 0 1 0 1 0 1 1 0 1 1 0 0 0 1 0 1 1 0 1 1 0 1 0 1 0 0 0 0 0 1 1 0 0 1 1 0 1 1 1 0 0 1 1 0 0 1 
0 1 1 1 0 1 0 1 1 0 1 1 0 1 0 1 1 1 0 1 1 1 0 0 0 0 1 1 0 1 0 0 1 1 1 1 0 1 0 1 1 1 0 1 0 1 0 0 0 1 
1 1 0 1 0 0 1 1 1 1 1 1 0 0 0 1 1 1 1 0 0 0 1 1 0 0 0 0 0 0 1 1 1 0 0 1 0 1 1 0 0 0 1 0 0 0 0 1 1 1 
1 1 1 1 0 1 1 0 0 1 0 1 0 0 1 0 1 0 1 0 0 1 0 1 0 0 1 0 0 0 1 1 0 0 0 0 0 1 1 0 0 1 1 0 1 1 0 1 1 1 
1 1 1 0 0 1 0 0 1 0 0 0 0 0 0 0 1 0 0 0 0 0 1 0 1 1 1 1 0 0 1 1 1 0 1 1 1 0 1 0 0 0 0 0 0 0 1 1 1 1 
1 1 1 1 1 0 0 0 0 0 0 1 1 1 1 1 1 0 1 0 0 1 0 0 0 1 0 1 0 1 0 0 1 1 1 0 0 1 1 0 1 1 1 0 1 0 1 0 0 0 
0 0 0 1 0 0 0 0 1 0 0 1 0 1 0 1 1 0 0 0 0 1 0 1 0 1 1 1 1 1 0 1 1 0 0 1 0 0 0 1 1 0 0 1 1 0 1 0 1 1 
1 1 1 1 1 1 0 0 0 1 0 0 0 1 0 1 1 0 1 1 1 0 1 1 0 0 0 1 0 1 0 1 0 1 0 1 0 0 0 1 1 0 1 0 1 0 1 0 0 0 
1 0 1 0 1 1 0 1 0 1 0 0 0 1 0 1 0 0 1 0 1 1 0 1 1 0 1 0 0 1 0 0 1 1 0 1 0 1 0 0 0 1 1 0 0 1 1 0 1 1 
1 1 0 1 0 1 1 1 1 0 0 1 0 0 1 0 1 1 1 1 0 1 0 1 0 0 0 1 1 1 0 0 0 0 1 0 1 1 1 0 1 0 0 1 0 1 1 1 0 1 
0 0 0 1 1 0 1 1 0 0 1 0 0 1 1 0 0 0 1 1 1 0 1 1 1 1 0 0 0 0 1 1 1 0 0 0 0 1 0 0 0 1 1 0 0 0 0 0 0 1 
0 1 1 1 0 0 1 0 1 1 1 0 0 0 0 0 0 1 0 0 1 0 1 0 0 0 0 1 0 1 0 0 0 0 0 1 0 1 1 1 0 0 0 1 0 0 1 1 1 1 
1 1 1 1 1 0 1 0 1 1 1 1 0 1 1 0 0 0 1 0 1 1 0 1 0 1 0 0 0 1 1 1 0 1 0 0 1 1 0 0 1 1 1 1 0 1 1 1 1 0 
1 0 1 1 0 0 0 0 0 0 1 1 0 0 0 0 0 1 0 0 1 1 1 1 0 1 0 1 0 1 1 1 1 0 1 1 0 1 1 0 0 1 0 0 1 0 0 1 0 0 
1 1 1 0 0 1 1 0 0 0 1 1 1 1 0 0 0 0 0 0 1 0 1 1 0 0 1 0 1 1 1 0 1 0 0 1 0 1 0 0 1 1 0 1 0 0 1 1 0 1 
1 1 1 0 0 1 0 0 0 1 1 1 1 0 1 1 0 1 0 0 0 0 1 0 1 0 0 0 1 0 0 0 0 1 0 0 1 0 0 1 1 0 0 0 0 1 1 0 1 1 
0 1 1 0 1 0 0 1 1 1 1 1 1 1 0 1 0 1 1 0 0 0 0 0 0 1 0 1 1 1 0 0 0 0 0 1 0 0 0 1 1 1 0 0 1 1 1 1 0 0 
1 1 0 0 1 0 1 1 1 0 0 1 0 0 1 0 1 0 0 1 1 1 1 0 1 0 1 0 1 1 0 0 0 0 0 0 0 1 1 1 0 0 1 0 0 0 1 0 0 1 
1 0 1 0 0 0 0 1 1 1 0 1 0 1 0 0 1 0 0 0 0 0 0 1 0 1 1 1 1 0 1 0 0 0 1 0 0 1 1 1 1 1 1 1 0 1 1 1 1 1 
0 1 1 0 0 0 1 0 1 0 0 0 1 0 0 0 0 1 1 1 0 0 0 1 1 1 0 1 0 0 0 0 1 0 1 0 0 0 0 1 1 0 0 0 0 0 0 0 1 1 
1 0 0 1 1 1 0 0 0 1 0 1 1 1 1 0 1 1 1 1 0 0 1 0 0 1 1 0 1 0 1 0 0 1 0 0 1 0 0 1 1 0 0 1 1 1 1 1 0 0 
0 1 0 0 1 0 1 0 0 1 1 0 1 1 1 1 1 0 0 1 0 1 1 0 0 1 0 0 0 0 0 0 1 1 0 1 1 0 1 0 1 0 0 0 0 1 0 1 0 0 
1 0 1 0 0 0 1 0 0 1 1 0 0 0 1 0 1 1 0 1 1 1 1 1 0 1 0 0 1 0 0 0 0 1 0 1 1 0 1 1 1 0 0 1 1 1 0 0 0 0 
1 1 0 1 0 0 0 1 0 1 1 0 1 0 1 0 1 1 0 0 0 1 1 0 1 0 0 1 0 0 1 0 0 1 1 0 1 1 1 1 1 1 1 0 1 1 0 0 0 0 
0 0 0 1 1 1 1 1 0 0 1 1 0 1 1 1 0 0 0 1 0 1 0 1 0 1 0 0 1 0 1 0 1 1 1 0 0 1 1 0 1 0 1 1 0 0 0 0 1 0 
1 1 0 0 0 0 1 1 0 1 1 1 1 0 0 0 0 0 1 1 0 0 0 0 1 0 0 1 0 1 0 1 0 0 1 1 0 1 0 0 0 1 0 1 0 0 1 0 1 1 
0 1 1 0 1 1 0 0 0 0 1 0 1 0 0 1 1 0 0 1 1 0 0 1 1 0 1 0 1 0 1 1 0 1 1 1 0 1 1 0 1 1 1 0 1 1 1 0 0 1 
1 1 1 1 0 0 0 1 1 1 0 0 0 0 1 1 1 1 0 1 0 1 0 1 1 1 0 1 1 0 0 0 1 0 1 1 0 1 1 1 0 1 0 0 1 1 1 0 1 1 
1 1 0 1 0 0 0 0 1 1 1 1 1 0 1 1 0 0 0 1 1 1 0 1 1 1 1 1 1 0 0 1 1 1 0 1 1 1 1 0 0 0 1 0 1 1 1 1 1 1 
0 0 0 0 0 0 1 1 1 0 1 1 1 0 0 0 1 1 1 0 1 1 1 1 1 0 0 0 1 1 0 1 1 0 1 1 0 0 0 1 0 1 1 0 1 1 0 0 1 1 
1 0 0 0 1 0 0 1 0 1 0 0 0 0 1 1 1 1 1 0 1 1 1 0 1 1 1 1 1 0 0 0 1 1 0 0 1 0 0 1 1 0 0 1 0 1 0 0 0 1 
0 1 1 1 1 0 0 1 0 0 1 0 0 0 1 1 1 0 1 1 0 1 1 0 0 0 1 1 0 1 0 0 1 1 1 0 0 0 1 0 0 1 0 0 1 0 1 0 0 1 
1 0 0 1 0 0 1 1 1 1 1 0 1 0 1 0 0 1 0 0 1 0 1 0 1 0 0 0 1 0 1 0 1 1 1 1 0 0 1 1 1 0 1 0 0 1 1 0 0 1 
0 0 0 1 0 1 0 0 1 1 0 1 1 1 0 1 1 0 1 0 0 1 0 1 1 0 0 0 0 1 0 1 1 0 0 1 1 0 1 0 1 1 1 1 1 0 0 0 0 1 
0 0 0 0 0 0 0 0 0 0 1 0 1 0 0 0 1 1 0 0 0 0 0 1 1 1 1 1 1 0 0 1 0 1 1 0 1 1 1 1 1 0 0 1 1 0 1 0 0 1 
1 0 1 1 1 0 0 1 1 1 1 0 0 1 1 1 0 0 0 1 1 1 1 1 0 0 0 1 1 0 1 0 0 0 1 1 1 1 0 0 0 1 0 0 1 1 1 1 1 1 
0 1 0 1 0 1 0 0 0 1 0 1 1 0 0 0 0 1 1 0 1 1 0 0 1 1 1 0 0 1 1 0 0 1 1 0 0 1 1 1 0 1 0 1 0 0 1 0 1 0 
0 1 1 0 1 0 1 0 0 1 1 1 1 1 1 1 0 1 0 1 0 1 0 1 0 0 1 0 0 1 0 1 0 0 1 1 0 1 1 1 0 1 0 0 0 1 1 0 1 1 
1 1 0 0 0 1 0 0 1 1 1 1 0 1 1 1 0 0 0 1 1 1 0 1 1 1 1 0 1 0 1 1 1 0 1 0 1 1 0 0 0 1 1 0 0 1 0 0 1 0 
1 0 1 0 1 0 1 0 0 0 0 0 1 0 0 0 0 1 0 0 1 0 1 0 1 1 1 1 1 0 1 0 0 1 0 0 1 1 0 0 0 1 0 1 1 0 0 1 1 0 
1 0 0 0 0 1 1 0 0 0 0 0 0 1 1 1 1 0 0 1 0 0 0 0 0 1 0 0 0 1 0 1 1 0 1 0 0 0 0 0 0 0 0 1 1 1 0 0 0 0 
0 0 1 0 1 1 0 1 1 0 1 1 0 0 1 1 0 1 0 0 0 0 1 0 1 0 0 1 1 0 0 1 0 1 1 1 0 1 1 1 0 0 0 0 0 1 1 1 1 1 
1 1 0 0 1 1 1 1 1 0 1 1 1 0 0 0 1 0 0 0 1 0 0 1 0 1 0 1 0 1 1 1 0 1 0 0 0 1 1 1 1 1 0 0 1 0 0 0 0 0 
