64 70 3434
84 90 67 49 64 59 4 64 92 46 1 56 17 37 96 90 14 100 99 72 18 78 83 78 32 99 83 80 72 59 65 7 48 84 56 12 42 11 27 86 56 79 41 24 16 88 66 29 88 16 100 5 93 34 34 24 32 16 55 55 74 20 62 74 3 69 37 96 31 63 
33 86 41 73 61 56 61 78 36 100 94 88 4 86 21 37 62 5 52 16 59 78 87 72 51 41 40 87 37 70 1 69 7 93 94 68 1 6 45 36 5 90 23 60 28 96 96 89 100 99 56 58 76 43 30 78 83 21 16 71 91 16 92 49 9 37 16 9 42 13 
96 98 54 19 57 81 14 52 69 65 2 77 22 78 71 3 7 5 24 23 76 66 38 19 14 98 55 82 58 48 46 54 97 99 24 53 80 89 56 100 53 57 28 26 86 98 29 93 3 4 67 30 21 4 48 34 54 54 15 63 1 12 16 97 11 91 1 42 79 8 
93 83 16 21 9 2 18 89 46 72 92 12 1 12 67 100 97 72 53 64 35 5 75 2 1 85 93 53 26 23 12 71 6 28 91 66 81 60 54 26 32 97 89 84 60 55 84 56 79 88 19 13 93 94 66 45 30 58 98 8 33 9 78 90 88 20 55 68 31 60 
45 62 56 33 98 67 40 33 22 18 20 93 82 12 38 47 57 19 57 6 26 89 14 55 30 2 26 36 21 57 95 66 70 2 98 67 68 89 99 41 58 19 85 39 30 74 86 38 93 94 43 70 34 9 77 63 10 2 98 82 58 44 47 28 45 97 46 64 85 45 
4 95 15 41 33 96 14 70 34 6 63 76 28 96 84 4 10 45 5 59 27 15 2 25 94 98 21 39 61 58 35 17 52 49 9 36 97 22 6 30 80 20 57 7 68 41 62 77 37 18 36 15 32 89 40 25 39 12 16 51 69 50 19 72 51 27 8 47 49 65 
28 80 84 84 38 51 76 99 80 13 68 67 27 100 7 66 76 45 30 43 96 98 45 14 22 95 41 81 93 41 45 20 72 80 55 9 83 31 59 14 43 26 32 21 77 38 87 5 83 68 47 30 65 91 95 38 37 87 70 29 79 14 100 50 46 55 10 80 85 20 
93 79 46 24 99 74 13 37 78 47 4 25 76 21 15 23 58 52 9 28 32 88 93 32 89 90 38 99 69 22 70 13 100 15 88 98 41 53 87 18 99 90 94 75 10 61 97 20 64 57 47 95 44 91 78 85 33 15 83 53 36 52 18 87 19 5 37 11 57 23 
28 8 12 74 34 74 34 82 93 97 38 91 91 34 81 21 18 65 35 52 18 23 55 35 61 25 91 97 35 48 71 15 7 35 88 40 8 21 21 100 17 58 90 59 91 22 79 60 87 66 11 4 88 66 90 48 90 80 97 77 79 67 91 85 1 78 24 60 50 44 
59 18 2 100 76 44 74 7 4 12 72 66 67 11 83 56 10 25 35 6 1 14 25 91 98 25 20 22 37 69 17 47 38 18 47 65 14 72 71 69 83 94 34 49 4 17 56 14 41 90 71 41 55 95 83 5 72 54 78 8 74 94 54 11 64 52 75 77 23 98 
45 5 91 30 5 47 46 60 12 38 2 82 30 56 77 64 60 48 17 37 7 42 83 60 52 46 12 79 74 86 76 18 43 18 99 47 16 97 59 27 34 60 9 16 15 37 79 27 36 96 15 42 89 97 53 41 42 16 71 15 2 98 84 44 15 35 42 31 31 100 
9 64 59 17 31 26 5 10 4 40 57 18 33 45 67 86 37 60 53 7 75 54 4 10 49 71 44 91 53 74 42 61 90 53 30 20 30 34 81 33 26 37 2 58 82 68 95 18 28 100 77 54 53 80 15 54 2 59 96 54 84 37 15 25 41 44 97 70 29 77 
54 54 14 56 64 47 75 10 16 54 9 92 7 14 24 74 19 25 32 14 79 67 2 45 92 43 88 88 64 68 16 18 22 29 73 37 27 47 46 43 53 7 86 11 20 9 84 38 86 15 3 16 34 4 60 25 98 47 64 62 14 79 79 87 60 3 75 38 1 21 
80 53 79 18 64 98 26 47 87 63 14 41 78 47 96 37 23 94 35 38 7 1 68 85 87 79 39 14 17 39 34 48 92 12 65 7 61 43 53 99 5 18 39 83 16 86 71 38 79 6 27 85 58 95 21 96 73 59 9 89 98 42 37 41 5 1 47 17 95 51 
67 100 21 57 34 36 43 4 26 73 61 52 58 18 46 78 14 19 89 22 59 86 16 95 78 72 48 76 41 42 26 7 93 98 16 26 34 58 82 59 30 94 10 39 64 8 69 77 78 57 50 36 94 17 31 71 89 30 98 29 71 23 87 16 73 2 93 6 11 74 
16 93 20 77 31 83 36 51 11 13 7 60 49 52 77 31 74 65 60 71 45 82 46 31 97 18 85 90 75 95 15 90 39 34 18 70 16 54 20 26 66 79 38 14 30 14 96 4 30 55 74 26 37 19 8 33 88 92 74 62 39 89 3 77 22 21 98 90 26 70 
15 43 48 52 9 29 17 4 84 98 59 10 23 95 80 31 79 68 74 53 29 12 41 84 41 14 56 38 3 81 7 70 75 6 73 83 35 90 87 70 87 97 79 62 43 59 44 21 78 17 25 6 81 17 41 21 31 96 10 85 28 69 54 3 74 27 85 60 68 23 
30 6 19 60 67 61 70 10 34 47 79 58 5 59 75 45 31 57 41 40 41 68 8 47 22 34 73 7 45 92 29 26 97 48 86 16 60 55 25 93 2 55 51 58 13 77 2 43 33 94 35 25 14 94 71 35 27 95 93 72 86 22 49 35 21 34 50 80 41 74 
73 94 81 75 51 93 3 52 88 87 98 22 11 11 67 34 45 94 80 38 17 66 11 65 52 83 51 1 62 43 26 86 36 6 12 38 99 14 41 38 100 38 11 63 48 77 96 45 70 27 34 38 44 44 55 95 26 5 95 39 99 21 77 34 26 88 23 76 54 63 
13 5 53 23 67 100 52 14 96 21 41 29 11 84 24 65 31 49 21 25 40 71 97 16 56 75 55 78 50 60 92 15 65 44 89 83 96 40 49 91 13 89 72 75 24 95 91 6 96 63 31 35 33 79 2 88 53 8 65 55 20 56 21 84 100 61 18 95 1 66 
37 65 6 8 91 82 3 81 87 98 43 69 84 75 100 37 62 52 44 78 58 63 33 78 98 84 39 68 30 91 33 67 55 91 26 97 72 28 77 10 77 19 31 12 45 30 48 6 33 92 35 91 6 19 68 4 3 6 23 84 48 55 2 2 45 28 98 68 7 26 
30 84 44 12 47 88 41 95 45 73 86 79 15 43 98 83 98 52 40 20 35 88 27 89 41 71 16 91 91 22 16 72 57 12 83 4 51 75 50 96 99 87 26 14 29 75 96 27 26 87 98 13 74 24 1 15 47 68 57 89 41 72 60 50 35 94 5 86 68 54 
33 66 40 58 79 68 85 26 46 10 13 96 74 38 19 26 4 65 45 60 53 86 84 64 35 18 57 39 3 24 92 35 90 83 45 20 2 29 46 48 90 10 95 16 47 13 41 51 78 86 10 82 71 93 46 57 11 54 95 65 78 38 100 19 20 96 90 21 24 35 
20 13 96 14 80 43 27 21 93 56 58 54 89 80 47 86 36 9 40 82 73 69 19 24 87 90 71 76 62 94 63 82 59 58 47 38 100 25 10 44 32 67 98 21 98 96 58 33 56 97 66 80 65 36 56 3 25 26 31 87 20 93 20 30 2 18 19 54 43 29 
97 74 47 46 46 45 41 4 77 96 52 95 28 69 30 83 71 7 8 53 93 27 97 64 8 99 81 27 52 23 55 48 49 53 46 46 97 86 1 26 34 53 20 61 73 49 95 95 55 2 48 99 81 44 62 88 42 95 66 45 69 72 45 69 25 90 15 21 27 15 
46 12 19 65 72 91 66 18 86 20 20 33 19 100 28 32 39 70 78 5 14 47 76 10 15 52 99 81 73 26 96 70 37 14 35 61 57 100 78 42 71 97 26 41 48 53 25 87 74 2 43 40 100 70 49 67 22 48 47 94 25 94 63 61 60 49 21 16 100 51 
57 71 99 34 11 47 86 35 85 12 89 27 51 88 96 51 54 69 98 53 62 22 46 77 35 5 25 7 72 25 57 80 95 8 13 57 54 99 92 90 62 32 68 12 19 15 62 25 84 12 77 45 85 74 21 19 79 98 78 2 22 86 82 68 93 94 24 98 44 67 
87 5 98 54 16 69 69 30 93 4 41 69 48 77 42 21 48 72 70 25 74 91 10 55 10 3 100 85 100 44 4 39 48 1 44 16 21 64 45 13 67 37 33 15 13 75 87 60 98 56 36 71 98 46 77 59 100 77 43 51 20 46 89 19 99 33 34 19 96 30 
32 63 18 64 29 31 90 67 42 88 74 30 10 23 75 39 81 74 67 23 76 38 69 65 56 19 49 90 37 96 71 20 10 89 36 90 71 25 56 64 64 81 93 26 3 67 16 83 92 82 6 20 19 26 84 74 44 84 15 32 79 38 52 41 26 87 30 48 63 38 
11 79 70 4 56 73 22 71 55 66 4 12 85 74 89 20 99 84 3 66 16 33 3 19 73 28 57 55 27 19 44 37 49 13 92 56 85 14 78 92 31 81 55 15 6 44 86 5 27 88 70 94 72 72 12 97 51 68 3 77 39 46 65 39 58 57 95 95 70 72 
38 100 5 92 66 10 87 51 66 66 90 35 59 61 58 23 9 8 90 11 36 80 56 1 19 66 57 65 60 78 36 97 77 92 40 94 54 27 44 19 92 85 6 50 45 63 72 54 71 14 64 58 93 72 58 11 37 14 27 48 43 63 44 19 6 83 64 11 61 59 
30 52 43 35 2 40 49 25 93 19 38 8 29 83 31 86 45 67 52 72 66 94 86 9 65 43 44 28 54 56 87 35 8 81 69 61 20 69 85 64 88 75 72 68 9 54 53 53 21 56 76 86 2 61 47 66 4 42 45 57 97 83 91 56 64 11 16 35 79 53 
99 18 79 70 85 87 23 90 91 95 97 67 33 98 27 31 15 82 72 12 38 20 94 80 76 9 42 91 44 73 43 42 42 73 63 79 59 37 68 50 84 16 16 16 14 94 46 80 76 69 91 65 40 85 97 15 45 38 58 40 62 52 81 4 25 95 82 83 32 1 
84 67 16 99 82 29 93 79 9 20 99 51 84 38 87 80 5 32 70 62 71 31 65 4 34 89 98 15 24 81 15 7 47 31 58 80 11 50 58 71 21 8 22 4 46 60 36 2 91 5 63 14 35 27 17 21 68 66 35 91 99 2 49 45 84 6 25 46 7 34 
69 27 94 42 31 39 1 66 40 44 22 54 57 8 32 25 28 99 90 15 41 88 68 42 85 51 47 61 48 54 46 16 32 39 57 62 29 10 79 20 53 52 73 9 60 57 33 87 7 74 1 100 62 68 41 98 70 87 58 18 92 3 85 24 42 42 37 22 3 16 
42 55 67 66 63 26 22 47 65 29 20 65 28 33 85 68 30 54 6 87 23 98 42 8 73 35 1 9 56 3 24 97 57 43 63 71 20 36 17 84 64 88 1 43 21 37 62 2 42 20 41 65 17 82 24 89 68 76 97 23 78 73 72 86 67 86 8 38 21 76 
74 37 63 26 79 35 62 93 37 55 12 29 71 80 62 94 20 29 69 68 3 98 92 74 35 10 59 42 48 80 17 21 16 32 98 46 66 59 90 54 65 53 34 36 32 95 29 3 75 50 71 78 99 14 3 34 24 62 75 71 93 44 43 60 75 40 57 92 50 99 
98 66 51 31 1 35 78 82 37 52 31 59 29 29 73 32 14 48 45 41 18 89 84 12 48 10 3 56 53 4 54 2 69 5 85 70 39 62 51 27 65 33 38 94 13 10 77 27 9 73 19 26 61 54 89 60 63 91 15 67 46 69 69 14 25 53 35 63 66 37 
41 30 21 78 75 34 39 3 12 47 27 30 24 87 83 12 98 97 54 65 63 51 33 83 17 57 87 51 71 52 40 63 34 60 93 8 45 31 63 56 30 89 37 53 28 19 17 25 15 22 89 30 73 73 64 41 81 3 91 3 6 82 66 39 42 58 99 86 40 61 
94 69 49 30 74 28 49 42 53 15 63 93 96 87 18 12 27 98 14 70 1 19 51 66 58 44 75 8 82 14 68 75 83 68 56 8 96 56 49 100 71 63 44 18 2 61 81 28 11 94 49 11 13 52 28 22 47 2 29 28 15 48 54 49 67 10 56 14 65 4 
65 87 19 9 57 20 21 37 47 31 31 48 93 95 99 20 68 45 73 96 25 88 95 78 36 61 39 44 75 4 99 91 42 17 99 98 36 72 35 35 54 17 82 47 11 32 18 30 76 91 25 52 78 71 30 65 83 20 60 9 23 59 100 17 75 98 14 11 21 100 
97 75 16 78 73 78 9 90 7 36 80 83 88 9 5 69 26 88 88 85 96 63 95 95 79 70 45 44 32 65 44 28 91 11 57 63 41 17 5 99 52 36 34 91 45 38 11 22 77 51 58 73 13 53 19 43 74 63 86 57 80 29 36 22 92 92 85 84 8 41 
82 11 76 15 54 72 5 64 93 81 14 3 5 78 7 24 20 32 38 6 88 69 86 75 91 29 66 27 12 25 67 94 87 94 60 40 66 16 56 10 49 21 64 53 99 70 28 70 1 18 75 88 86 13 62 28 41 79 54 53 55 72 98 94 18 9 85 83 25 40 
44 73 13 8 77 63 77 57 32 78 74 59 17 11 71 31 39 11 61 44 15 68 68 64 61 85 73 45 19 97 37 14 21 49 21 97 11 50 53 94 79 78 52 47 89 22 29 79 85 90 22 51 9 41 15 69 77 87 65 95 35 53 61 55 1 81 51 63 30 56 
57 60 33 60 7 21 82 35 99 18 76 73 68 84 65 34 4 42 20 69 88 6 21 48 60 74 29 63 88 10 70 96 70 2 56 28 75 89 62 25 6 38 97 25 73 62 59 77 55 78 45 42 36 17 90 95 90 70 9 30 79 78 25 100 80 80 27 6 68 41 
30 25 30 79 50 2 40 8 78 46 37 74 87 72 91 76 19 32 45 27 61 76 5 38 75 36 17 54 41 37 94 22 61 23 100 62 76 91 69 54 36 58 79 23 29 21 98 47 5 95 26 65 70 82 2 96 69 71 49 9 59 42 30 71 16 82 33 92 72 1 
97 8 58 27 30 39 48 79 37 52 73 14 68 94 95 22 90 63 44 38 23 2 32 5 72 47 86 4 90 57 57 86 64 66 65 45 56 12 24 93 15 48 6 34 42 53 7 31 67 50 20 90 3 51 46 75 50 31 30 39 39 38 77 55 4 41 99 59 4 22 
3 70 70 61 3 63 13 10 93 79 59 64 20 14 15 65 88 16 47 69 54 86 7 82 40 10 74 90 20 29 12 23 98 33 35 1 95 47 62 39 77 72 54 49 85 20 65 72 35 12 93 41 49 99 22 40 60 48 29 79 76 40 53 74 24 87 26 70 85 87 
60 62 58 14 62 43 33 26 66 68 37 58 60 37 56 33 76 15 80 5 46 56 44 98 81 20 37 6 89 21 92 1 34 1 14 95 43 98 21 9 17 9 18 76 46 74 9 21 40 40 25 85 95 21 35 27 92 71 32 32 43 75 32 77 76 97 23 18 95 95 
78 63 4 96 91 1 21 51 21 12 90 98 49 37 70 83 63 61 5 95 92 99 21 24 75 96 72 50 66 66 44 43 81 47 90 71 47 10 21 20 74 62 69 22 98 38 4 61 50 60 7 41 58 27 16 85 75 88 34 40 5 77 34 85 76 24 7 22 85 79 
93 58 41 61 79 38 50 34 50 99 93 56 40 3 35 7 87 9 94 20 48 99 48 81 35 23 56 94 97 41 72 89 50 12 2 29 2 51 62 51 50 7 59 89 9 45 47 47 53 41 18 52 91 65 84 77 88 40 70 84 32 94 24 81 57 25 61 58 76 23 
61 25 81 71 65 41 15 11 87 19 3 4 70 45 68 5 22 7 44 43 42 27 36 66 8 93 90 68 2 17 42 62 93 74 84 57 14 98 20 100 16 74 55 37 19 23 42 92 81 37 34 23 64 70 88 23 14 29 90 15 46 84 29 90 57 12 47 23 62 18 
22 29 43 77 66 61 51 59 52 31 95 38 5 10 59 92 32 72 73 74 38 70 57 66 59 65 30 57 87 91 74 61 19 69 89 36 29 39 94 33 21 41 22 26 50 80 69 82 3 93 55 40 62 63 6 21 27 35 77 66 77 3 26 95 71 14 83 51 4 76 
35 24 68 56 1 70 35 22 3 37 14 57 29 76 71 34 48 49 20 24 14 48 78 39 42 100 52 76 51 55 52 85 31 71 93 83 40 79 4 42 68 70 50 96 97 20 81 44 21 52 19 34 99 97 25 92 96 76 68 98 83 71 83 65 41 27 47 33 5 3 
74 72 24 76 67 20 47 99 63 67 50 81 1 48 29 25 40 25 52 7 22 86 77 56 50 17 82 49 49 87 3 75 10 26 50 29 45 96 27 59 63 77 39 15 24 68 91 15 44 42 21 17 28 49 73 29 18 6 29 66 44 83 92 54 8 93 82 4 89 8 
62 3 36 53 17 60 72 7 26 15 100 47 83 79 95 55 60 12 13 88 30 56 71 73 61 30 66 94 34 54 2 47 8 89 99 76 48 22 82 26 36 33 72 71 12 18 77 71 82 89 10 11 97 32 83 57 62 100 51 47 5 4 93 12 92 44 87 92 65 20 
17 53 53 40 23 16 57 99 86 38 40 47 100 36 79 35 44 40 34 94 38 39 49 30 2 41 25 89 32 42 8 100 46 12 39 68 27 95 18 64 85 9 11 84 96 89 70 40 80 4 85 17 94 34 98 95 74 75 83 57 16 43 8 61 6 46 80 85 92 49 
48 76 10 10 12 5 50 81 44 29 36 29 97 29 62 47 24 87 21 58 95 88 52 2 48 58 99 79 42 90 79 41 18 88 51 29 93 100 61 88 81 97 16 29 25 29 75 100 67 47 58 13 34 61 66 33 18 64 11 11 6 42 52 23 29 54 3 73 53 63 
61 85 59 76 66 36 57 40 35 75 39 44 88 72 5 53 57 74 69 19 85 74 60 36 48 89 89 50 61 93 64 73 30 75 49 95 10 57 86 96 31 76 92 70 48 96 75 4 21 95 22 5 20 34 92 67 74 32 68 34 77 83 59 58 57 59 52 18 15 89 
14 97 65 5 19 64 52 93 19 72 87 92 29 58 25 72 24 98 56 43 84 32 25 42 89 82 100 92 99 66 32 64 62 48 20 80 11 71 24 29 95 62 73 75 19 97 98 94 47 53 36 30 84 13 23 24 46 22 67 96 87 51 60 100 98 79 32 61 2 7 
41 48 69 13 74 39 62 71 33 8 24 20 89 59 32 11 35 29 32 1 25 70 3 36 21 1 66 52 61 67 11 53 66 79 66 39 17 27 10 1 34 85 21 22 43 4 84 77 33 67 30 57 88 32 44 8 84 9 12 96 28 22 49 93 52 14 84 68 92 93 
21 77 77 41 50 71 44 33 48 28 99 29 36 86 12 79 93 96 88 56 43 15 29 91 59 80 56 42 100 99 86 20 75 14 12 24 85 7 56 84 35 6 12 70 91 23 1 36 70 88 43 13 54 72 3 12 51 11 54 50 9 91 21 84 5 32 59 89 39 67 
24 73 72 35 94 15 9 94 2 79 33 44 43 86 67 97 98 18 7 3 19 68 93 40 3 97 23 61 37 61 27 60 85 51 46 79 17 55 24 18 85 57 13 27 42 32 23 91 1 82 93 19 49 38 10 51 86 85 63 23 45 42 34 30 92 80 60 60 86 35 
29 22 91 93 48 85 24 22 75 24 3 20 95 51 57 56 53 94 40 16 16 37 57 2 18 100 81 29 59 18 63 87 39 54 79 38 38 55 59 64 78 62 83 24 64 91 80 17 85 71 32 52 7 40 53 76 39 85 4 97 2 67 83 92 72 13 29 9 67 88 
1 0 0 0 1 1 0 0 1 0 1 0 0 1 1 0 1 1 1 0 1 0 0 1 0 1 0 0 1 0 1 1 0 1 1 0 1 1 0 0 0 1 1 0 1 0 0 0 0 1 0 1 0 1 1 0 0 1 0 0 1 0 1 0 1 0 0 0 1 0 
1 1 0 0 1 1 0 0 1 0 1 1 0 1 0 1 1 1 0 0 1 1 0 0 1 1 0 1 0 1 0 1 1 0 1 0 1 1 0 0 0 0 1 0 1 0 1 1 1 1 1 0 0 1 0 0 0 0 1 0 1 1 1 0 1 0 1 0 0 1 
0 0 1 0 0 1 0 1 0 1 0 1 1 0 0 1 0 0 1 0 1 0 1 0 1 1 1 0 1 1 1 0 1 1 0 1 0 0 0 0 1 0 1 0 0 1 1 1 1 0 1 0 0 0 1 1 1 0 1 1 1 1 1 0 0 1 1 0 1 1 
0 0 1 1 0 1 0 1 0 1 1 1 0 1 0 1 1 1 1 0 0 0 1 1 0 1 0 1 1 1 0 1 1 1 0 1 0 0 0 1 0 1 0 0 1 0 1 0 0 0 0 0 0 0 0 0 1 0 1 1 0 1 0 1 0 1 1 0 1 1 
1 1 1 0 1 0 0 0 0 0 0 0 1 0 0 1 0 0 1 1 1 1 0 1 1 0 0 0 1 0 1 0 1 0 0 1 0 1 1 0 1 0 1 0 0 1 1 1 1 1 0 0 0 1 0 1 1 0 1 0 0 1 1 0 1 1 1 0 0 0 
0 0 0 1 0 1 1 0 0 0 1 0 1 1 1 1 1 1 1 0 1 0 1 0 0 1 0 1 1 0 1 1 0 0 1 1 1 0 1 1 0 0 1 1 1 1 0 0 0 0 1 1 0 0 0 0 1 0 1 0 0 0 0 1 0 1 0 1 1 1 
0 1 1 0 1 0 1 1 1 1 1 0 0 1 0 0 1 0 0 0 0 1 1 0 0 1 1 0 1 0 1 1 0 0 1 1 0 0 0 1 1 0 1 0 1 0 0 1 0 1 1 0 0 0 1 0 0 0 0 1 1 1 0 1 1 0 0 1 0 0 
1 0 0 0 0 0 0 0 1 0 1 0 1 1 1 0 1 1 0 1 0 1 0 0 0 1 0 0 1 1 1 0 1 1 0 1 1 1 1 0 1 1 1 0 0 0 0 0 1 1 1 1 0 0 1 1 1 0 1 0 1 0 0 0 0 1 1 1 0 0 
0 1 1 1 0 0 1 0 0 0 1 1 1 0 1 0 1 1 0 0 1 1 1 0 1 1 1 0 0 1 1 0 0 0 1 0 0 0 1 0 0 0 0 1 0 1 0 1 0 0 0 0 0 1 0 1 0 1 0 0 0 1 1 0 1 0 1 0 1 0 
0 1 0 0 1 1 0 1 0 0 1 0 0 1 1 0 1 1 1 1 0 1 0 1 0 1 1 1 1 0 1 0 0 1 0 1 0 0 0 1 1 1 1 1 1 1 0 0 0 1 1 0 1 1 1 1 0 1 0 0 1 1 0 1 0 0 0 1 1 0 
0 0 0 1 1 1 0 1 1 1 1 0 1 0 1 1 1 1 0 1 1 1 0 1 1 0 0 1 1 1 0 1 1 0 1 0 1 1 0 0 0 1 0 0 1 1 1 0 0 1 1 0 0 1 1 1 1 1 1 1 0 1 0 1 1 1 0 0 1 0 
0 1 1 0 1 0 1 0 0 1 1 1 1 0 0 1 1 1 0 0 0 1 1 1 0 0 0 0 0 1 0 0 1 1 0 0 1 1 1 1 1 0 0 0 0 0 1 0 0 0 0 0 1 0 1 1 0 0 0 1 1 0 1 0 0 0 1 1 1 0 
1 0 0 1 1 1 0 0 1 0 0 1 0 1 1 0 1 0 0 1 1 1 1 0 0 1 0 1 1 0 1 0 0 1 1 1 0 1 0 1 1 0 1 0 0 0 0 1 0 0 0 1 1 1 0 1 1 0 0 0 0 1 0 1 1 1 0 1 1 0 
1 0 1 0 0 1 0 0 0 1 0 0 0 0 1 0 1 0 1 0 0 1 1 0 0 0 0 1 0 1 1 1 1 0 1 0 1 1 0 1 0 1 1 1 1 1 1 0 1 0 0 0 0 0 0 0 0 0 1 0 1 1 1 1 1 0 1 1 0 1 
0 0 0 0 1 1 1 1 0 0 1 0 0 1 0 1 0 1 1 1 1 1 0 1 0 0 1 1 1 1 0 1 0 1 1 1 0 0 0 0 1 0 1 1 1 1 0 1 0 0 1 0 1 1 1 1 1 0 0 0 0 0 0 0 1 1 1 0 0 0 
0 1 0 1 0 1 1 1 1 1 1 0 1 0 1 0 1 1 1 1 1 1 1 1 1 1 1 0 1 1 0 1 0 0 1 0 0 0 1 1 1 0 1 1 0 0 1 1 1 0 0 1 1 0 0 0 1 1 1 0 0 1 1 0 0 0 1 0 0 0 
1 0 1 0 1 1 0 0 1 0 1 1 1 0 1 1 1 0 1 0 0 1 1 0 0 1 0 1 1 1 1 0 1 0 0 0 0 1 0 1 1 1 0 0 0 0 1 1 0 0 1 1 0 0 1 0 0 1 1 1 0 0 0 1 1 0 1 1 1 0 
0 0 1 0 0 1 0 0 0 1 0 1 0 0 0 1 0 0 0 1 1 1 0 1 0 1 0 0 0 1 0 0 0 1 0 0 1 1 0 1 0 1 1 0 1 1 1 0 1 1 1 0 0 1 0 1 0 0 1 0 1 1 0 1 0 1 0 1 0 0 
1 0 1 0 0 1 1 1 1 0 0 0 0 1 0 0 0 0 0 1 1 0 0 1 1 0 0 1 0 0 0 1 0 1 1 0 0 0 1 1 0 0 0 0 1 0 1 1 0 1 0 1 1 0 1 1 0 1 0 0 0 0 1 0 0 0 1 0 0 0 
0 0 0 0 1 1 0 0 0 0 1 0 0 1 0 1 0 1 0 0 1 0 1 1 1 1 1 0 1 0 0 1 0 1 1 1 0 1 1 1 0 1 1 0 0 0 1 0 1 1 0 0 0 1 1 1 0 1 1 0 1 1 1 1 0 1 1 1 0 0 
0 0 1 1 0 1 1 1 1 0 1 0 1 1 1 0 0 0 1 1 0 0 0 1 0 1 0 1 0 1 1 0 1 1 1 0 0 1 1 0 1 0 0 0 1 1 1 1 1 0 0 1 1 1 1 1 0 1 0 0 0 1 0 0 0 1 0 1 0 1 
1 0 0 1 0 1 0 1 1 0 0 1 1 1 0 0 0 0 0 0 0 0 1 0 0 0 0 0 1 0 0 0 0 0 1 1 1 1 0 0 1 0 0 1 1 0 1 1 1 1 1 1 0 1 0 0 1 0 1 0 0 1 0 1 1 1 0 0 0 0 
1 0 1 1 1 0 1 0 0 0 0 1 0 0 0 0 0 1 0 1 1 0 0 1 1 1 0 1 0 1 0 1 1 1 0 0 1 1 0 1 0 0 1 0 0 1 0 1 1 0 0 0 0 1 0 0 0 0 1 0 1 1 1 0 0 1 0 0 1 1 
1 1 1 0 1 0 0 1 1 1 1 1 1 1 0 1 1 1 0 1 1 1 0 1 0 1 0 0 1 1 1 0 0 1 1 1 1 1 0 0 0 1 1 1 1 0 1 0 1 1 1 0 0 0 1 0 1 0 1 0 1 0 0 0 1 1 1 0 0 0 
0 0 1 0 0 0 0 1 1 1 0 0 1 0 0 1 1 1 1 0 1 0 0 0 0 0 1 0 0 0 0 1 0 1 1 0 0 1 1 1 0 1 1 1 0 0 0 1 1 1 1 1 0 1 1 0 1 0 0 0 0 0 1 1 0 0 1 0 1 1 
1 1 0 0 0 0 0 1 1 0 0 0 1 0 0 0 1 1 0 1 1 1 0 0 0 0 0 1 0 1 0 1 0 1 1 1 1 0 0 1 0 0 1 1 1 1 1 0 1 1 1 0 0 1 1 0 1 1 0 1 1 0 0 1 1 0 0 1 0 0 
0 0 1 1 1 0 1 0 0 0 1 1 0 0 1 1 0 0 1 0 0 0 1 0 1 0 0 0 1 0 0 1 0 1 1 1 1 0 1 1 0 1 1 0 1 0 0 1 0 1 0 0 1 1 1 0 1 1 0 1 0 1 0 0 0 1 0 0 1 1 
1 1 0 0 0 1 0 0 1 1 1 1 1 0 0 0 0 1 0 1 0 0 0 1 0 0 0 0 0 0 0 0 1 0 0 1 0 1 1 1 0 0 0 1 0 0 0 1 1 0 0 0 0 0 1 0 0 1 1 1 1 1 1 1 1 1 0 1 0 0 
0 0 0 0 0 1 0 0 0 0 0 0 0 0 0 1 0 0 0 1 1 0 0 0 1 0 0 1 1 0 1 0 1 0 0 1 1 1 1 1 1 1 1 1 1 1 0 1 1 0 1 1 0 1 1 1 1 1 1 1 0 0 1 1 0 1 0 1 0 1 
0 1 0 1 0 1 0 0 0 0 1 1 1 1 1 0 1 0 0 0 1 0 0 0 1 1 0 1 0 0 0 1 0 0 0 0 1 1 1 1 1 0 1 0 1 0 0 0 0 0 0 0 0 1 0 1 0 0 0 0 1 0 1 1 0 0 1 1 1 0 
1 0 0 0 0 0 0 0 0 0 1 1 0 1 0 1 1 0 1 1 0 0 0 0 1 0 0 1 0 1 1 1 1 0 1 1 0 1 1 0 1 0 1 0 0 1 1 1 1 0 0 0 1 0 0 0 1 0 1 1 1 1 0 0 1 1 1 1 0 0 
1 1 1 1 1 1 0 0 0 0 1 0 0 0 1 0 0 0 0 0 1 1 1 1 1 0 0 0 1 0 0 0 1 1 1 1 0 0 1 0 0 0 1 0 0 0 0 1 0 0 1 1 1 0 0 0 0 0 0 1 0 0 1 1 0 1 0 0 1 0 
1 1 0 0 1 1 0 1 0 0 1 1 1 0 1 1 0 1 1 0 0 1 0 1 0 0 0 1 1 1 1 0 0 1 0 1 0 0 0 0 0 1 1 1 1 0 0 1 1 1 1 1 0 0 1 0 0 1 1 1 1 0 1 1 0 1 1 0 1 1 
1 1 1 0 0 0 1 0 0 0 1 1 0 1 1 1 0 0 0 1 1 1 0 1 1 0 0 0 0 0 1 1 1 0 0 0 1 1 0 1 1 0 0 1 1 0 0 1 0 1 1 1 0 1 0 1 1 1 1 1 1 1 1 0 1 1 0 0 0 1 
1 1 1 0 1 0 0 1 0 0 0 1 1 1 0 0 0 1 1 0 0 0 1 1 0 0 0 1 1 0 0 0 0 1 0 1 1 0 0 1 0 1 0 0 0 0 0 0 1 1 0 0 1 1 1 1 0 0 0 1 0 0 1 0 1 0 1 1 0 0 
0 1 1 1 1 1 1 1 1 1 0 0 1 1 1 0 0 1 0 1 0 1 1 0 1 1 0 1 0 0 1 0 1 0 1 0 1 1 1 0 0 1 0 1 0 0 1 1 1 0 0 0 1 1 0 0 0 0 1 0 0 0 1 0 0 0 0 1 1 0 
0 1 1 0 0 0 0 0 1 0 0 1 0 1 0 0 1 1 0 1 1 0 1 0 0 0 1 1 1 0 1 1 0 0 0 0 0 0 0 1 0 0 0 0 1 1 0 1 0 0 0 1 1 1 0 1 1 1 0 1 1 1 0 1 0 0 0 0 1 0 
0 1 1 0 0 0 1 0 1 1 1 1 1 0 1 1 1 0 0 0 1 1 1 0 1 1 0 1 0 1 1 0 1 0 0 1 1 0 1 0 1 0 0 0 0 1 1 0 1 1 0 1 1 1 1 0 1 1 1 1 1 0 1 0 1 1 1 0 1 0 
0 1 1 0 1 1 1 1 1 1 0 1 0 1 1 1 1 0 0 0 1 1 1 0 1 0 1 0 0 1 1 0 0 0 1 1 1 0 0 1 1 1 0 1 0 1 0 0 1 1 0 0 0 1 0 0 1 0 0 1 1 1 0 1 1 1 0 1 1 1 
0 1 0 0 0 0 0 1 0 1 0 1 0 0 0 0 0 0 0 1 1 1 0 1 0 0 0 1 1 0 0 1 1 0 1 1 0 1 0 1 1 0 0 1 1 0 1 1 0 0 0 0 1 1 1 0 1 0 1 0 0 1 1 1 1 0 0 1 0 1 
0 1 1 0 0 0 1 1 0 1 1 0 1 1 1 1 1 0 1 0 0 1 1 1 0 0 0 0 1 0 1 0 1 1 0 1 1 1 0 1 1 0 0 0 1 1 1 0 0 0 0 0 1 1 0 1 1 0 0 0 0 1 0 1 0 1 0 0 0 0 
1 1 0 1 0 1 1 1 1 1 0 1 1 1 0 1 1 1 1 1 0 1 0 0 0 1 1 0 1 0 1 0 1 1 0 1 1 1 1 0 0 1 0 1 0 0 1 1 0 0 0 0 0 1 0 0 0 0 1 1 0 0 1 1 1 1 1 0 0 0 
1 0 1 1 0 1 1 1 1 1 1 1 1 1 0 0 0 0 0 1 1 0 1 1 1 0 0 0 1 1 0 0 1 1 1 1 1 0 0 0 0 0 1 1 1 0 1 1 0 1 0 0 1 1 1 1 0 1 1 1 0 0 1 0 1 0 1 0 0 0 
0 0 0 0 0 1 0 1 1 0 1 1 0 0 1 1 1 1 1 1 0 1 1 1 1 0 1 1 1 1 1 1 0 1 1 0 0 1 1 1 0 0 1 0 1 0 0 0 1 1 1 1 0 0 0 0 1 1 1 0 0 0 1 0 1 1 0 1 0 0 
1 0 0 0 1 1 0 1 0 1 0 1 0 0 0 0 0 1 1 1 1 1 1 0 0 0 1 0 0 0 0 1 0 1 1 1 0 1 0 0 0 0 0 0 1 0 0 1 1 1 1 0 0 0 0 0 1 0 1 1 0 1 0 0 0 1 0 1 0 0 
1 0 1 1 0 0 1 0 1 0 1 0 0 1 1 1 0 0 1 1 1 1 0 1 1 1 0 1 0 0 0 1 0 1 1 0 1 0 0 0 1 1 1 1 0 0 0 0 0 1 1 1 0 0 0 0 1 0 1 1 0 1 0 0 0 1 0 1 0 0 
0 1 1 1 0 1 1 1 0 1 0 1 0 1 1 0 1 0 0 0 1 0 0 0 0 0 1 0 0 1 0 0 0 1 1 1 0 0 0 0 1 0 0 1 1 1 1 0 0 1 1 1 1 1 1 1 1 1 1 1 0 1 1 1 0 0 0 0 0 0 
1 1 0 1 0 0 0 1 0 0 0 1 0 1 0 1 0 0 0 1 1 1 0 1 0 0 1 0 1 0 0 0 1 0 1 0 0 1 1 1 0 0 0 0 1 1 1 0 1 0 1 0 1 0 1 1 0 1 1 1 1 1 1 0 1 0 0 0 0 0 
1 0 0 1 0 1 0 1 1 1 1 1 0 0 1 1 1 1 0 0 1 1 1 0 0 1 1 0 1 1 0 0 1 0 1 1 0 0 0 1 1 0 0 1 0 1 1 0 1 1 0 0 1 0 0 1 1 1 1 0 0 0 0 1 0 1 0 0 1 1 
0 1 1 0 0 1 0 1 1 1 1 0 1 0 0 1 1 1 1 0 1 1 0 1 1 1 0 1 1 0 0 1 1 1 0 1 1 0 1 0 1 0 0 0 0 0 1 1 1 0 1 0 0 0 1 1 1 0 0 0 0 1 0 1 0 0 0 1 0 1 
0 1 1 0 1 1 1 0 0 0 1 0 1 1 0 0 0 1 0 0 1 0 1 1 1 0 1 0 1 1 1 1 0 1 0 1 0 1 0 1 1 1 1 0 0 1 1 0 0 1 0 1 0 0 1 1 0 0 1 1 0 1 1 0 0 1 0 0 0 0 
1 1 1 0 0 1 1 1 1 1 0 1 1 0 1 0 0 1 0 1 1 0 0 0 1 0 1 1 1 1 1 0 0 0 1 0 1 0 1 0 0 0 1 1 0 1 1 0 0 1 0 1 0 0 1 1 1 0 0 0 1 1 0 0 1 1 0 0 0 0 
0 0 0 1 1 0 0 0 1 1 1 1 0 1 1 0 0 0 0 0 0 0 1 1 0 0 0 0 0 0 0 0 0 0 0 1 1 0 1 0 1 1 1 0 0 0 0 1 1 0 1 1 0 1 0 0 1 1 1 0 1 1 0 0 0 0 1 1 1 1 
1 0 0 0 0 0 0 0 1 1 1 1 1 1 0 1 0 1 0 1 1 0 0 0 0 0 0 1 1 1 0 0 0 0 0 0 1 1 1 0 0 0 1 1 1 1 1 1 1 1 0 0 1 1 0 1 1 1 1 1 0 1 1 0 0 0 1 1 1 0 
1 1 0 1 1 1 0 0 1 1 1 1 0 1 0 0 0 0 1 1 1 0 1 0 0 1 0 1 0 1 1 1 1 1 0 0 1 1 0 0 0 1 1 0 0 0 1 1 0 0 0 1 0 1 1 1 0 0 0 0 1 0 0 0 1 0 0 0 1 0 
0 0 0 0 0 0 0 1 1 0 0 0 1 0 1 0 1 0 0 0 0 0 0 0 0 1 1 1 0 0 1 0 0 1 0 1 0 0 0 1 0 0 1 1 1 1 0 0 1 0 0 1 0 0 0 1 0 1 0 0 1 1 0 0 1 1 1 1 1 1 
0 0 0 0 1 1 1 1 1 0 0 0 1 0 0 1 1 0 0 1 0 0 1 1 0 0 0 1 1 1 0 1 1 0 1 1 1 0 0 1 0 0 1 0 1 1 1 0 0 0 0 0 0 1 1 0 1 1 1 0 1 1 1 0 0 1 1 1 1 0 
0 0 0 1 0 1 1 1 0 1 1 0 1 1 1 1 1 0 0 0 0 1 0 1 0 0 0 1 1 0 1 0 0 0 1 0 1 0 1 1 1 1 1 1 0 0 0 0 0 0 0 0 0 0 0 0 0 0 1 0 0 1 0 0 1 1 0 0 0 0 
0 1 1 1 0 1 0 0 1 0 1 0 1 1 0 1 1 1 1 0 1 0 1 1 0 0 0 1 1 0 1 1 0 0 0 0 1 0 1 1 1 0 1 0 1 1 1 0 0 0 0 1 0 0 0 1 0 1 0 1 1 1 0 1 1 1 0 0 1 1 
1 0 1 0 0 0 0 1 0 0 0 0 0 0 0 0 1 1 1 1 0 1 0 1 0 1 0 0 0 1 1 1 0 0 0 0 0 0 0 0 0 0 1 0 0 1 1 0 0 0 1 1 1 0 0 0 1 0 0 1 1 0 1 1 0 1 0 1 1 0 
1 1 0 0 0 0 0 1 0 0 1 0 1 1 0 1 1 1 1 1 1 1 1 0 0 0 1 0 1 0 0 0 1 0 1 1 1 1 0 1 1 0 1 1 1 1 0 0 1 0 1 0 1 1 0 1 1 1 0 0 1 0 0 0 1 1 0 0 0 0 
1 0 0 1 1 1 0 1 1 1 1 1 1 0 0 1 0 1 0 0 1 1 0 1 0 1 1 0 1 1 0 1 1 1 0 0 0 0 0 0 0 1 1 1 0 1 1 0 0 1 0 1 1 0 0 1 0 1 1 1 1 1 0 0 0 0 1 1 1 1 
1 1 0 0 0 0 1 1 0 1 1 0 0 0 1 0 1 1 0 0 0 1 1 1 1 0 1 0 1 0 1 0 1 0 0 0 0 1 1 1 0 0 1 0 0 0 0 1 1 0 1 0 1 1 1 1 1 0 1 0 1 1 0 0 1 0 0 1 1 0 
0 1 0 0 1 1 0 1 0 0 0 0 0 1 1 1 0 0 1 0 0 0 1 0 1 0 0 1 1 1 1 0 0 0 0 1 1 0 0 1 0 0 1 0 0 0 1 0 0 1 0 0 1 1 0 0 1 0 0 1 1 1 1 1 1 1 0 0 1 1 
