42 45 1070
43 89 13 86 48 85 93 85 7 13 71 27 14 81 71 36 61 67 10 64 13 3 95 99 26 66 23 18 17 33 29 59 21 42 97 21 78 41 5 37 6 27 63 19 60 
33 6 20 51 67 35 63 70 29 13 95 46 36 12 62 68 41 73 40 34 21 60 11 61 17 47 18 95 61 88 54 45 93 26 95 60 60 9 29 41 22 75 86 9 86 
48 28 78 72 67 63 92 79 74 52 95 72 22 41 85 9 95 29 2 20 24 13 31 84 41 71 5 67 57 13 4 56 40 82 27 59 96 18 37 69 21 83 93 42 23 
29 51 69 57 4 88 32 16 71 16 8 41 20 74 97 85 77 4 76 10 30 34 6 47 70 26 20 4 70 61 27 98 63 95 7 66 35 38 81 5 5 88 45 77 61 
94 61 90 97 36 99 79 22 56 77 43 82 96 47 3 9 25 1 71 19 59 37 5 48 69 61 53 57 6 29 69 51 41 58 99 28 9 29 49 64 6 92 97 53 90 
52 61 14 4 84 84 62 72 89 9 40 49 61 48 6 41 17 8 33 74 7 61 34 35 61 50 92 4 46 45 93 49 5 6 52 40 42 13 11 30 74 51 30 86 98 
88 27 14 95 11 40 53 71 25 40 32 74 31 87 72 75 80 20 32 37 72 71 78 36 82 59 9 84 41 95 81 28 73 47 22 83 38 27 6 62 66 89 88 96 75 
59 23 6 78 6 95 1 76 24 37 9 83 97 92 75 43 25 2 67 23 75 2 12 1 7 25 66 47 12 14 21 70 36 79 100 41 73 52 68 96 40 29 30 37 72 
4 31 96 57 98 70 32 51 81 84 9 6 2 55 69 15 27 39 2 5 90 94 29 41 61 25 33 89 6 69 61 62 51 8 18 100 78 1 50 10 85 58 67 86 64 
36 52 91 26 53 47 15 46 76 7 6 52 39 47 57 59 59 18 62 18 88 61 47 88 63 57 72 20 23 9 36 10 60 26 35 12 72 1 9 99 8 67 50 98 13 
59 9 23 76 70 40 63 30 87 3 44 95 26 64 69 35 51 79 46 76 13 58 99 66 66 98 25 32 99 22 96 57 30 70 85 51 10 99 33 48 1 76 42 27 91 
10 13 41 88 58 16 53 67 67 18 85 16 94 16 14 15 64 23 97 33 59 99 94 9 31 41 62 7 82 40 97 44 52 38 83 9 5 87 28 23 56 12 38 49 79 
4 64 42 26 12 27 36 10 20 44 41 61 5 99 94 44 95 37 95 84 72 56 41 58 35 63 14 46 1 62 24 4 77 18 81 40 44 16 50 63 11 42 75 16 40 
69 11 86 57 58 22 80 65 62 38 99 76 3 44 76 64 67 31 93 36 63 32 79 30 81 94 41 74 68 8 65 88 18 51 97 27 72 76 91 85 13 89 60 15 84 
88 31 3 70 23 38 85 6 17 14 39 10 6 12 29 13 77 17 83 79 65 9 2 40 52 86 5 92 97 71 28 36 53 30 58 27 19 42 33 87 7 71 48 13 34 
77 25 10 45 59 40 9 20 41 100 71 78 56 14 27 27 41 62 79 70 71 6 41 12 90 27 19 12 75 83 45 51 7 7 47 18 46 7 37 87 6 59 16 14 24 
42 40 65 56 70 86 26 27 26 90 16 53 60 27 79 42 24 29 100 30 27 69 27 33 5 65 90 15 81 3 91 22 94 55 29 16 92 55 94 18 96 62 22 7 40 
100 48 63 80 99 44 58 68 71 90 24 35 31 91 67 86 81 41 79 35 69 46 26 75 40 95 22 1 68 28 40 67 75 55 98 74 98 55 93 68 96 16 55 27 6 
21 12 86 61 42 72 82 40 50 56 79 44 78 31 12 5 70 30 32 24 80 57 74 86 49 41 82 16 95 60 22 68 23 7 28 16 79 9 55 28 17 33 23 46 15 
86 50 85 68 33 60 99 89 33 84 89 26 65 5 72 76 26 39 98 84 19 14 14 79 68 93 95 53 68 40 67 53 42 3 72 26 63 70 67 47 54 55 72 70 11 
96 46 88 34 95 24 52 8 37 31 28 82 77 80 49 69 98 53 62 1 25 87 15 94 5 13 99 12 37 21 22 32 18 62 65 12 85 69 72 73 51 99 54 27 30 
54 47 27 7 60 79 31 99 93 76 3 6 75 14 42 95 88 25 12 49 89 75 85 57 46 57 7 44 63 86 25 68 32 52 74 92 82 56 90 75 32 44 32 58 58 
25 52 97 49 15 97 89 89 81 98 87 89 4 82 3 41 7 71 25 10 44 16 91 100 57 17 83 52 48 40 9 24 91 57 24 57 53 13 97 33 62 83 22 65 65 
24 6 71 94 30 32 90 97 22 41 5 39 23 56 38 62 17 14 4 73 37 60 26 1 8 10 62 91 31 79 7 7 36 77 52 17 8 93 65 81 33 21 71 55 76 
9 68 44 74 71 69 62 82 94 63 90 3 76 32 86 6 38 44 93 14 95 9 73 40 25 5 72 45 76 79 73 36 46 68 9 69 36 70 2 29 84 91 84 12 22 
21 69 59 64 62 24 10 22 48 49 47 5 73 43 32 3 15 67 48 83 27 68 70 96 70 51 32 12 34 95 86 54 63 96 69 24 72 30 46 71 79 44 75 3 86 
6 5 53 24 4 87 50 72 56 98 93 6 29 56 91 23 41 96 37 89 16 61 60 46 58 82 24 53 57 78 90 14 82 42 90 85 80 39 8 88 36 100 45 16 8 
36 38 48 83 27 88 99 87 47 44 96 29 19 48 37 96 37 2 77 31 91 13 62 82 21 49 17 72 94 33 79 81 22 27 63 48 14 13 86 13 8 33 93 26 32 
81 73 21 34 49 51 77 14 12 58 34 13 26 5 58 58 84 38 32 62 52 31 27 17 69 91 24 1 83 50 33 15 22 53 49 23 55 77 88 18 34 21 30 59 25 
87 69 60 76 52 21 80 82 100 96 2 90 19 3 25 20 87 39 94 91 39 68 97 15 55 14 100 75 96 59 51 34 79 11 10 30 83 41 63 82 36 65 72 54 19 
96 74 57 86 67 99 77 34 95 91 88 60 91 14 55 1 64 41 79 26 2 60 9 42 22 90 77 38 13 30 56 60 55 64 46 73 62 22 58 56 64 97 16 6 10 
22 6 74 62 36 99 63 47 59 56 21 49 32 58 13 14 66 73 68 29 18 93 91 91 50 98 54 47 65 60 56 39 17 81 52 5 32 67 3 90 22 23 90 54 81 
3 67 98 27 86 26 44 30 68 86 80 66 39 78 82 50 33 20 19 66 72 75 49 38 29 38 59 52 80 64 84 34 82 81 60 68 58 55 97 26 40 28 43 30 5 
24 32 90 96 2 7 67 76 55 56 56 44 66 7 23 30 42 56 11 22 67 30 32 21 27 57 60 6 99 90 11 74 73 100 69 74 6 87 1 12 42 56 55 8 63 
30 89 4 37 99 78 4 29 9 24 7 17 36 64 67 77 74 40 49 25 61 22 82 47 74 93 41 29 100 100 43 29 88 47 17 38 76 20 18 36 96 76 4 83 40 
70 59 65 61 59 42 73 32 23 72 5 68 12 33 19 63 76 47 2 74 15 39 1 87 9 88 82 84 91 64 75 12 74 40 24 32 81 97 15 55 20 19 74 31 51 
92 45 78 90 46 51 5 36 3 91 96 90 24 80 80 39 6 43 12 97 67 95 29 15 9 84 34 79 57 16 29 49 60 59 90 57 9 94 44 12 84 40 53 7 71 
85 97 76 27 8 25 45 54 53 59 14 88 44 92 45 11 73 45 22 31 34 78 91 80 74 54 15 13 7 74 83 91 70 10 69 30 34 14 83 39 24 97 26 68 40 
22 78 12 18 100 42 4 29 85 83 2 38 97 66 44 70 48 86 40 10 55 69 95 68 3 33 43 51 59 10 91 32 40 54 50 91 48 53 19 32 87 73 69 83 38 
65 5 38 2 96 47 56 16 41 75 70 26 18 21 36 79 63 67 18 16 16 60 63 20 79 46 6 3 15 41 40 31 45 29 32 92 75 40 7 68 14 76 45 83 48 
80 62 10 46 31 26 62 91 40 81 21 86 39 23 52 79 14 34 23 43 17 14 69 56 72 88 22 47 32 4 47 11 65 56 57 96 33 70 86 73 2 6 10 40 28 
13 70 93 46 44 35 14 9 4 70 80 91 91 79 75 94 25 85 11 80 93 6 65 14 43 89 16 48 98 7 27 62 29 71 59 72 6 72 81 61 41 60 3 83 90 
0 0 1 1 0 1 1 1 1 1 1 1 0 0 0 0 0 1 0 0 1 0 1 0 0 1 1 1 0 1 1 0 1 0 1 1 1 1 0 0 0 1 1 0 1 
1 0 1 0 1 0 1 1 1 0 1 1 1 0 1 0 1 1 0 0 1 1 1 0 0 0 0 1 1 0 1 1 0 0 1 1 0 1 0 0 1 1 1 0 0 
0 0 1 1 0 1 0 0 1 0 0 1 0 1 0 0 0 1 1 1 1 0 1 0 1 1 1 0 0 1 0 0 1 0 0 0 1 0 0 0 1 0 1 1 1 
0 0 0 1 1 1 0 1 0 0 0 0 1 1 0 0 1 1 0 1 1 0 1 1 0 1 0 0 1 0 1 1 0 1 0 1 0 1 0 1 1 1 1 1 0 
1 1 1 0 1 1 1 1 0 1 1 1 1 1 0 1 1 1 1 0 0 0 1 1 1 0 0 0 1 1 0 0 1 1 1 0 0 0 0 0 1 1 0 1 1 
0 0 0 0 0 0 0 0 1 1 1 1 1 1 0 1 1 1 0 1 0 0 1 0 0 0 0 0 0 1 1 0 1 1 0 1 1 0 0 1 1 1 0 1 1 
1 0 0 0 0 1 0 0 1 0 1 1 0 1 1 1 0 1 1 1 0 0 0 0 0 1 0 0 0 1 1 1 1 1 1 1 1 1 1 0 1 0 1 0 1 
0 1 1 1 0 0 1 1 1 0 1 0 0 1 0 1 0 1 0 0 0 1 1 1 0 1 1 1 0 1 0 0 0 0 1 1 0 1 0 1 1 1 0 1 1 
0 0 1 0 0 1 0 1 0 0 1 1 1 0 1 0 1 1 0 1 1 1 1 0 1 1 1 1 1 0 0 1 0 1 1 0 1 0 1 1 0 0 1 1 1 
0 1 0 0 1 1 1 1 0 1 0 1 0 1 0 0 1 0 0 1 1 0 0 1 1 1 1 1 0 0 0 1 1 0 1 1 1 0 0 0 1 0 1 1 0 
0 1 1 0 1 0 1 1 0 1 0 0 0 1 0 1 0 1 0 0 0 1 0 0 1 0 1 0 1 0 0 1 1 1 1 0 0 1 1 0 0 1 0 0 1 
1 1 1 0 0 1 1 1 1 1 1 1 1 1 1 1 1 0 1 0 0 1 0 1 1 1 1 0 1 1 1 0 1 0 1 1 0 0 0 1 1 1 1 0 0 
0 0 1 0 1 0 0 0 0 1 1 1 0 0 1 0 1 1 1 0 0 0 0 0 0 1 0 0 0 0 0 0 0 0 1 1 0 1 0 0 1 1 0 1 1 
1 1 1 0 0 1 1 0 1 1 1 0 1 1 1 0 1 1 0 1 0 0 1 0 0 0 1 1 0 0 1 1 0 0 1 0 1 0 1 0 0 0 0 1 1 
1 1 0 1 0 0 1 0 1 1 0 1 0 1 1 1 0 0 1 0 0 1 1 0 0 1 0 0 0 0 1 1 1 0 0 1 0 0 1 1 1 1 1 0 1 
0 1 1 1 0 0 1 1 1 1 0 1 0 0 1 0 0 0 1 0 1 1 0 1 0 1 0 0 0 0 1 1 1 0 0 1 0 1 1 0 0 1 1 0 1 
0 0 1 0 0 1 1 1 1 0 1 1 1 1 1 1 0 0 1 1 0 0 1 1 1 1 0 0 0 0 0 0 1 1 1 1 1 0 0 0 1 1 1 0 1 
1 1 1 1 0 0 0 1 0 1 0 1 1 1 0 0 1 0 1 0 1 0 1 0 0 0 1 1 1 1 0 0 0 0 0 1 0 0 0 0 1 0 0 1 1 
0 1 0 0 0 1 0 0 0 0 0 0 1 1 0 0 0 0 0 0 0 1 0 0 1 1 0 0 1 1 1 1 0 0 1 0 1 1 0 1 1 0 0 0 1 
0 0 1 0 1 1 1 0 0 1 0 1 1 0 0 0 1 1 0 1 0 0 0 0 0 0 1 0 0 0 0 0 0 1 0 1 1 1 0 1 1 0 0 0 0 
0 1 1 1 1 1 1 0 1 1 0 1 1 1 1 1 1 1 1 0 0 1 1 1 1 0 0 1 0 1 1 0 0 0 1 1 1 1 1 1 0 0 0 1 1 
0 0 0 1 0 0 1 1 0 1 0 0 1 1 1 0 0 1 0 0 1 0 0 0 1 1 0 1 1 0 0 1 0 0 1 0 1 0 1 1 1 1 1 1 0 
0 1 0 0 0 1 1 0 1 1 1 0 1 1 1 1 1 1 0 0 0 0 1 0 0 0 0 1 1 1 0 0 0 0 0 0 1 1 0 0 0 0 0 1 1 
0 1 0 1 1 0 1 1 1 1 1 1 1 1 1 0 1 1 1 1 1 1 1 0 0 1 0 0 0 1 1 0 0 1 1 1 0 0 1 1 1 0 1 1 1 
0 1 0 1 0 0 0 0 1 0 0 0 0 0 0 1 1 0 0 0 1 1 0 1 0 0 1 1 1 0 0 1 1 1 0 0 1 0 0 0 0 0 0 0 0 
1 1 1 1 1 1 1 1 0 0 1 0 1 0 1 1 1 0 1 0 0 1 1 0 1 1 0 1 1 0 1 0 1 0 0 1 1 1 0 1 1 1 1 1 0 
0 0 1 0 1 1 0 0 0 0 1 1 0 0 0 0 1 1 0 1 1 1 1 0 1 0 1 0 0 0 0 0 1 1 1 0 0 1 1 0 0 0 1 0 1 
0 1 0 1 1 0 0 0 1 0 1 1 1 1 1 0 0 0 1 1 1 1 0 0 0 0 0 1 0 1 0 0 0 0 1 1 0 1 1 1 1 0 1 0 1 
0 0 1 0 1 1 1 1 1 0 1 1 0 0 1 1 0 1 1 1 0 0 1 1 1 1 0 1 0 1 1 0 1 0 1 1 1 0 0 0 0 1 0 1 0 
1 0 0 1 0 1 1 0 1 1 0 0 1 1 0 0 0 0 0 1 1 1 0 0 1 1 0 0 1 1 0 0 0 1 1 0 0 1 0 1 0 0 1 1 0 
1 0 0 0 0 1 1 1 0 1 0 1 0 0 0 1 1 0 1 0 0 1 0 1 0 0 1 0 1 0 0 1 0 1 1 0 0 0 1 0 0 1 1 0 0 
1 1 1 0 1 1 0 0 1 1 0 1 0 1 1 0 1 0 1 0 1 1 1 1 1 1 1 0 1 1 0 0 1 1 0 0 0 0 0 0 1 1 1 1 0 
0 0 1 0 1 0 1 0 1 1 1 0 0 0 1 0 0 0 1 0 0 1 0 1 1 0 0 0 0 0 0 0 0 0 1 1 0 0 1 1 1 1 1 0 1 
1 0 1 1 1 1 1 0 0 0 1 0 1 0 0 1 0 1 1 0 0 0 0 0 1 1 0 0 1 0 1 0 0 1 1 1 0 0 1 0 1 0 1 0 0 
1 1 1 0 0 1 0 0 0 1 1 1 1 0 0 1 1 0 1 0 1 0 1 0 1 1 1 1 0 1 0 0 0 1 0 0 0 1 0 0 0 1 0 1 1 
0 0 1 1 1 1 0 1 0 0 0 0 1 1 0 0 1 0 0 0 1 0 1 0 0 1 0 0 1 1 1 0 1 0 1 0 0 1 1 0 0 1 0 1 0 
1 0 0 1 0 0 0 1 1 0 1 1 0 1 0 1 1 0 0 1 1 0 1 1 1 0 1 0 0 0 1 1 0 1 1 1 1 1 0 1 0 1 0 0 1 
0 0 0 1 0 1 0 1 1 1 0 1 0 1 1 1 0 1 1 1 0 0 0 1 0 1 1 0 1 0 1 0 0 1 1 0 0 1 1 1 1 0 0 1 1 
0 0 1 1 0 0 1 0 0 0 1 0 0 1 1 0 0 1 0 1 0 0 1 0 0 1 1 0 1 0 1 1 1 0 0 1 0 1 1 0 0 0 0 0 1 
0 0 1 1 0 0 0 0 0 0 0 1 1 0 0 1 1 0 0 1 0 1 1 0 1 0 0 1 0 0 1 0 0 0 0 0 1 0 0 1 0 1 0 1 1 
0 0 1 0 1 0 1 0 0 1 1 0 1 1 0 1 0 1 1 0 1 1 1 1 1 0 1 0 0 0 0 1 0 1 1 1 1 0 0 1 1 1 1 0 0 
0 1 0 1 0 1 0 1 0 1 1 1 0 1 1 0 1 0 0 0 0 0 0 0 0 1 0 1 1 0 0 1 0 0 0 0 1 0 0 0 1 1 1 1 0 
