43 58 387
5 16 100 83 69 3 67 92 25 15 32 35 85 3 92 31 66 70 65 96 76 84 24 84 90 72 85 57 88 52 9 44 68 60 27 36 14 45 79 39 60 10 25 96 12 68 26 29 89 42 77 65 25 100 100 14 23 37 
23 10 40 83 5 59 95 83 46 60 28 25 98 87 34 74 82 46 42 8 26 30 49 2 46 26 1 98 91 23 86 13 84 25 48 41 84 42 23 29 1 50 5 51 88 39 24 70 36 17 29 61 99 29 63 96 54 15 
93 97 90 78 9 73 55 56 13 38 49 88 18 50 37 23 52 25 13 27 46 48 44 74 60 94 54 74 89 60 89 82 56 78 11 16 2 65 72 67 54 72 54 24 73 42 98 24 18 10 51 63 9 46 88 68 39 94 
94 27 53 82 60 60 11 23 75 64 87 98 30 93 70 35 68 42 77 65 66 94 26 68 9 86 65 96 5 3 89 98 81 93 31 41 52 41 63 27 5 1 76 86 45 45 21 12 39 49 28 4 42 5 23 2 90 87 
50 95 41 90 92 21 83 75 61 86 15 75 12 71 76 40 57 72 84 29 84 22 77 63 77 18 68 51 72 57 37 21 3 77 10 47 50 92 21 10 78 35 37 41 58 64 80 14 35 16 42 70 37 70 33 66 39 52 
16 10 60 5 30 63 33 40 9 82 83 81 44 12 67 80 53 24 95 84 89 29 99 82 51 88 51 35 5 90 86 72 99 45 28 29 59 61 20 19 94 2 99 37 14 66 68 18 41 62 1 30 43 52 11 93 91 62 
27 47 3 64 18 1 60 46 81 19 58 100 89 51 2 40 40 67 5 7 84 97 69 36 26 63 87 89 55 29 2 81 75 4 44 45 4 3 90 37 73 99 36 62 49 89 1 88 55 57 95 38 5 15 74 31 29 12 
71 83 41 72 15 67 27 10 11 82 64 52 18 37 50 54 50 51 42 2 90 49 10 36 86 14 2 11 96 30 23 66 12 15 89 78 33 15 87 44 97 51 47 14 39 49 19 40 51 61 41 40 61 2 76 46 15 77 
9 63 7 83 28 70 97 17 48 29 83 34 24 79 36 23 93 74 23 11 13 73 23 5 12 35 6 87 33 73 16 41 35 22 23 14 91 71 82 38 51 65 24 27 43 59 49 87 85 71 50 97 43 24 2 6 59 59 
45 91 31 60 83 17 81 57 31 23 27 12 13 29 76 36 55 71 94 55 9 78 25 58 27 19 34 80 25 44 90 21 86 21 80 68 89 60 24 19 34 50 31 46 30 58 81 85 80 27 39 89 56 16 98 34 34 83 
13 10 26 55 30 11 27 61 30 15 20 53 34 6 54 16 51 84 25 84 68 5 10 58 45 17 73 94 51 59 77 15 20 54 69 2 65 95 62 94 10 34 99 95 39 52 62 89 87 86 72 54 42 33 64 38 2 36 
32 52 46 8 18 66 61 39 19 77 85 80 23 46 13 21 40 51 72 53 92 59 91 15 64 32 48 79 70 49 15 53 52 12 60 21 29 72 59 47 49 44 27 23 41 91 43 81 94 66 85 85 24 75 99 40 7 98 
18 28 98 84 80 49 48 91 22 76 14 80 23 62 75 1 36 16 91 78 48 84 44 32 20 19 7 71 10 65 68 28 92 66 63 23 66 10 65 87 86 78 19 60 92 93 60 27 60 50 5 7 86 48 91 5 18 97 
75 28 61 95 55 4 12 69 78 29 79 42 16 16 19 86 75 10 30 34 37 90 35 41 48 72 40 38 29 9 86 3 36 98 49 42 1 60 11 30 89 41 71 56 56 90 93 30 99 22 15 87 63 1 79 63 25 18 
100 53 27 38 7 14 35 56 56 88 15 18 17 55 58 88 62 13 29 54 94 79 76 60 66 38 12 44 52 36 14 52 88 92 89 95 5 75 50 60 62 16 77 79 71 86 18 32 98 46 86 43 24 13 54 41 2 66 
85 54 1 50 57 89 41 97 35 45 71 84 57 33 51 85 63 73 71 32 57 20 29 94 15 52 6 68 45 59 33 29 12 86 30 20 26 70 16 60 66 87 95 22 71 45 59 85 18 81 16 26 100 96 19 66 47 24 
86 43 34 18 23 98 55 52 17 80 21 33 39 87 71 85 60 93 30 18 29 99 98 96 24 50 91 42 15 89 17 52 32 2 70 54 99 76 6 16 56 78 100 46 64 22 31 76 14 12 93 94 62 43 89 85 44 31 
78 10 19 46 62 50 47 83 56 46 58 13 13 65 90 12 11 6 33 93 81 98 56 25 43 17 19 83 53 62 13 30 72 31 27 33 33 73 15 40 70 72 52 82 37 41 45 99 98 77 91 78 26 98 55 68 14 73 
50 66 35 14 47 6 45 73 38 29 97 4 68 19 75 71 100 63 63 45 13 61 73 3 90 99 52 44 18 65 17 20 82 51 85 80 8 81 4 97 9 1 100 28 19 26 98 70 41 61 14 53 73 87 8 62 37 59 
6 6 24 74 77 57 24 62 37 83 42 40 79 3 40 30 30 10 7 80 80 47 92 45 100 16 83 7 77 71 17 82 77 40 55 5 49 30 66 85 64 60 24 94 62 16 23 43 25 82 74 56 28 17 53 79 32 35 
37 9 6 54 42 34 45 49 38 93 78 56 77 94 67 53 87 28 68 62 22 44 43 48 52 22 64 4 1 48 38 89 8 95 42 49 28 39 97 18 83 27 73 12 20 39 64 58 18 83 19 91 78 61 90 29 35 6 
84 87 53 74 75 60 68 69 60 48 7 57 65 89 35 89 100 6 79 15 63 96 97 82 38 75 94 28 55 28 33 39 14 37 12 89 48 31 9 7 78 15 15 42 55 49 82 7 54 60 21 17 7 70 50 45 96 43 
24 50 23 8 40 88 96 3 76 43 34 84 49 11 50 64 5 5 64 86 63 70 46 83 38 4 4 87 48 99 81 23 1 3 82 40 43 77 43 70 19 28 54 20 38 55 35 94 11 98 32 73 19 29 8 56 32 11 
94 32 10 75 6 10 29 88 49 71 64 43 41 35 70 46 54 60 52 88 5 63 37 36 35 56 16 42 11 48 5 5 31 14 31 36 23 59 23 23 82 39 18 22 25 87 19 78 98 70 17 3 32 53 90 19 8 6 
12 71 5 16 75 35 81 5 22 55 15 97 30 96 35 47 69 59 85 87 88 35 57 4 37 40 56 78 10 16 83 22 86 39 89 12 73 70 16 95 76 82 91 5 78 77 51 46 87 88 85 26 22 41 29 10 32 36 
87 42 51 22 15 36 60 55 47 85 76 14 79 52 96 21 56 25 49 59 22 87 46 6 12 67 98 92 76 30 27 14 71 30 35 37 65 95 91 64 79 67 29 9 18 76 81 25 100 81 83 22 67 80 27 30 98 77 
21 25 6 47 39 28 76 73 64 93 19 54 8 49 72 88 57 41 64 89 66 15 69 48 88 87 80 67 16 77 43 88 2 48 35 40 27 62 64 90 6 83 95 65 31 67 53 40 7 68 28 24 34 49 24 74 35 3 
40 3 79 82 90 80 81 76 71 7 90 35 48 95 69 42 12 51 60 16 42 19 35 22 42 68 70 65 41 56 67 32 58 98 65 100 29 45 75 100 3 64 86 50 11 6 44 22 56 55 37 50 73 71 71 67 90 92 
31 31 47 50 62 57 99 27 56 27 23 82 26 78 46 63 79 56 68 22 29 76 29 65 25 1 87 47 19 76 38 2 58 36 3 20 92 1 98 99 27 72 81 5 49 26 19 28 33 87 1 13 14 29 77 90 82 15 
36 52 90 25 53 48 60 55 19 52 55 68 50 34 39 30 38 88 7 56 67 91 94 19 3 59 100 31 48 81 45 35 84 87 59 37 34 71 91 4 22 98 71 23 31 9 5 68 48 63 75 66 54 69 85 8 79 84 
39 27 16 35 13 99 21 24 35 6 94 78 9 67 75 79 41 5 40 45 24 39 8 98 5 13 18 41 72 97 24 10 75 91 97 39 89 17 62 76 23 55 5 83 73 79 62 14 35 53 10 58 91 17 55 47 81 25 
87 53 21 10 14 47 52 62 85 93 79 47 20 53 53 24 87 78 54 100 91 88 52 100 45 95 69 51 41 1 75 28 5 47 37 71 45 41 32 30 33 62 28 52 14 32 75 1 9 28 52 51 67 4 3 11 98 23 
13 38 23 40 17 80 38 6 50 83 46 81 64 78 43 43 29 8 26 55 60 87 34 12 37 100 67 91 62 64 13 74 53 88 65 70 67 3 75 16 37 20 96 52 49 90 94 29 98 19 83 57 5 16 20 94 15 86 
84 76 1 97 1 6 84 66 27 50 20 1 17 56 72 12 7 72 54 100 100 51 70 82 59 27 49 31 20 15 16 55 90 69 3 42 74 38 59 100 39 78 52 55 33 75 19 91 46 72 42 45 74 12 78 84 90 26 
14 61 40 82 15 81 50 70 74 23 7 33 22 46 10 25 52 95 99 70 85 44 93 27 40 66 90 17 2 79 94 15 91 85 96 57 65 45 26 38 19 85 22 92 30 32 16 33 78 14 3 62 57 47 40 96 65 81 
64 66 11 57 80 1 41 28 58 57 72 35 47 91 19 68 34 100 51 50 33 28 63 87 42 72 33 33 19 97 14 83 62 24 91 94 25 84 21 34 40 44 68 38 86 39 58 20 38 8 69 70 88 83 8 81 54 41 
13 73 89 78 7 3 2 97 48 78 80 68 11 72 63 30 9 49 68 66 20 6 26 88 27 13 70 35 45 76 27 9 48 67 87 54 69 88 50 16 17 82 35 27 53 98 8 13 98 76 31 17 33 56 56 11 20 77 
97 64 52 75 24 99 42 10 4 62 49 6 30 65 87 64 43 91 13 51 55 62 78 85 30 62 40 85 24 59 62 21 74 65 95 98 16 88 59 19 50 8 24 79 72 62 94 15 4 59 17 59 20 46 95 2 7 35 
86 82 45 99 54 71 64 1 20 79 88 78 49 89 85 25 67 9 86 13 75 42 23 91 52 42 88 46 95 46 32 81 27 77 31 81 99 94 81 18 24 68 95 73 57 80 49 75 88 86 39 14 27 61 4 30 55 43 
76 49 88 7 81 14 35 12 46 33 57 26 50 81 46 97 5 54 28 53 80 67 38 19 80 17 31 35 46 85 77 73 86 64 32 66 29 66 77 75 51 34 100 52 66 45 48 70 50 75 74 30 41 63 48 20 31 78 
54 77 15 82 1 100 45 32 65 74 98 94 100 100 27 99 51 92 96 99 13 45 25 38 74 18 100 73 37 83 3 43 11 17 76 11 68 21 43 84 46 92 77 45 91 55 95 93 98 90 43 10 87 68 99 12 85 51 
37 73 33 39 67 43 7 43 53 74 15 47 57 60 38 86 56 80 40 50 25 38 92 67 99 30 34 98 93 70 48 29 95 80 67 61 22 25 3 26 50 17 73 59 28 62 44 35 94 83 37 18 20 28 84 19 9 70 
68 1 91 15 30 85 46 48 46 19 25 100 44 74 69 68 32 48 82 75 83 27 10 19 96 81 98 31 51 58 100 18 58 43 84 39 27 29 39 24 47 63 76 43 88 44 62 20 43 43 46 25 69 55 95 64 36 44 
0 1 0 1 1 0 1 0 0 0 1 0 1 1 0 0 1 0 1 1 1 0 1 0 0 0 1 1 1 0 0 1 1 1 1 0 1 0 1 1 0 0 0 0 1 0 0 1 0 0 0 1 0 1 0 0 1 1 
1 1 1 0 0 0 1 1 1 0 0 0 1 0 0 1 0 1 0 1 0 0 1 0 0 1 0 0 1 1 1 1 0 0 1 1 0 0 0 1 0 0 1 1 1 1 1 1 1 1 0 1 1 1 0 1 0 0 
1 0 1 0 1 0 0 0 1 1 0 1 0 0 0 0 1 1 1 0 0 0 1 1 0 1 0 0 0 1 0 0 1 1 0 0 1 1 0 0 0 0 0 0 0 0 0 1 1 0 0 1 0 1 0 0 0 1 
0 1 0 0 1 1 0 1 1 1 0 1 0 0 1 0 1 1 0 1 0 1 1 0 0 0 0 1 0 0 0 1 1 0 1 0 1 1 0 0 1 0 1 1 1 0 1 0 1 1 1 1 0 1 0 0 1 0 
1 1 0 1 0 0 1 0 0 0 1 0 0 0 1 1 1 0 1 0 0 0 1 1 0 1 0 0 0 1 0 1 1 0 1 1 0 0 1 1 1 1 1 1 1 0 1 1 0 0 1 0 1 1 0 1 0 0 
1 0 0 1 0 1 1 1 0 0 1 0 1 0 1 0 0 0 1 1 1 1 1 1 0 0 0 0 1 0 0 0 1 0 1 1 1 1 0 0 1 1 0 0 0 1 0 0 1 1 1 1 1 0 0 1 1 0 
1 0 0 1 1 1 0 0 0 1 1 0 1 0 0 1 0 0 0 1 0 0 0 1 1 1 1 1 0 0 1 1 1 1 1 0 1 1 0 1 0 0 0 0 0 0 1 1 0 0 0 0 0 0 1 1 0 0 
0 0 1 1 0 0 0 1 0 1 0 0 1 0 0 1 0 1 1 0 0 1 0 0 1 0 0 0 1 0 0 1 1 1 0 1 1 0 0 1 0 0 0 1 0 0 0 1 1 1 1 1 0 1 1 1 1 0 
1 0 0 1 1 1 1 1 0 0 1 0 0 1 0 0 0 1 0 0 0 0 1 1 1 1 0 1 0 1 1 1 1 1 1 0 1 0 1 1 0 0 0 0 0 0 0 0 1 1 1 1 1 0 0 0 0 0 
1 0 1 0 0 0 0 1 0 1 1 1 0 1 0 0 0 0 1 0 0 0 1 1 0 0 0 0 1 0 1 0 0 0 1 0 1 1 1 1 0 0 1 0 0 1 1 0 1 0 0 1 0 0 1 0 0 1 
1 1 1 0 0 1 0 1 0 1 0 1 1 0 0 0 0 0 1 1 0 0 1 0 1 0 0 0 0 1 1 1 0 0 1 0 0 0 1 0 1 1 1 0 1 1 0 0 1 1 1 1 1 1 0 1 1 0 
1 1 1 1 1 0 1 0 0 1 0 0 1 0 1 1 0 1 0 1 1 0 0 0 1 0 1 1 1 0 0 0 0 1 1 1 1 1 1 0 0 0 0 0 0 1 1 0 0 1 1 1 1 0 0 1 0 1 
0 1 0 0 1 0 0 1 1 1 0 0 1 0 0 1 0 0 1 1 1 1 1 0 1 0 0 1 1 0 0 0 1 0 0 1 0 0 0 1 0 0 0 1 0 0 1 1 1 0 0 0 1 1 0 0 0 1 
1 1 1 0 1 1 0 0 0 1 0 0 0 0 0 0 0 0 1 1 1 0 1 0 0 0 1 0 1 1 1 0 1 1 0 0 0 1 0 0 0 1 0 0 1 0 1 1 0 0 0 0 0 1 0 0 0 1 
0 1 1 0 1 0 1 0 0 1 1 1 1 1 0 1 1 1 1 0 1 1 0 1 1 0 1 1 0 1 1 1 0 0 1 1 0 0 1 0 1 0 1 0 1 1 1 1 1 0 1 0 1 0 1 1 0 0 
0 1 1 1 0 1 1 1 1 1 1 0 0 0 1 1 0 0 1 1 1 0 1 1 0 0 1 1 1 1 0 0 0 1 1 0 1 1 1 0 0 0 0 0 0 1 0 0 0 1 1 1 1 0 0 1 1 1 
0 0 1 0 0 1 0 0 0 1 1 1 1 1 0 1 0 0 1 0 1 1 1 0 0 0 1 1 1 0 0 1 0 1 0 1 1 0 1 1 1 0 0 0 1 0 1 1 1 0 1 0 1 0 0 0 0 1 
1 1 1 1 1 0 1 1 1 0 1 0 1 0 0 1 0 1 0 1 1 1 0 0 1 1 1 1 1 1 1 0 1 0 0 0 0 1 1 1 1 0 1 0 0 1 1 0 1 1 1 0 0 1 0 1 1 1 
1 0 1 0 1 0 0 1 0 1 0 1 0 1 1 0 1 1 1 0 1 0 0 0 0 0 0 1 0 1 0 1 1 1 1 0 1 1 1 1 0 1 0 1 0 1 1 1 0 0 0 1 1 0 0 1 0 0 
0 0 1 1 1 0 0 0 1 0 0 0 1 0 0 0 1 0 1 0 0 0 1 0 1 0 0 1 1 0 1 0 1 0 1 0 1 1 1 0 1 1 0 1 1 0 1 1 1 0 1 1 0 0 1 0 0 1 
1 0 1 1 0 0 1 1 1 0 0 0 0 0 1 1 1 0 1 0 1 0 0 1 1 1 1 0 1 0 1 0 0 1 1 0 1 1 1 0 1 1 0 0 1 1 1 0 0 0 0 1 1 1 0 0 0 0 
1 1 0 0 1 0 1 1 0 1 0 1 1 1 0 0 1 0 1 0 0 1 1 1 1 0 0 1 0 0 1 1 1 1 0 0 1 1 1 1 0 1 0 0 1 1 0 0 1 1 1 1 1 0 0 0 0 0 
1 0 0 1 0 1 0 0 0 0 1 1 1 0 1 0 0 0 1 0 0 0 1 1 1 0 1 0 0 1 0 0 0 1 1 0 0 1 0 0 1 1 0 1 1 1 1 1 1 0 1 1 0 1 1 1 1 0 
1 0 0 0 0 0 1 1 0 1 0 0 0 0 1 0 1 1 1 0 0 0 0 0 1 0 1 0 1 0 1 1 0 1 1 0 1 0 1 1 1 0 1 1 0 0 1 1 1 0 1 0 0 1 0 0 1 1 
0 0 1 1 1 0 0 0 0 1 0 0 0 0 0 1 1 0 0 1 1 1 1 0 1 0 1 1 0 0 0 0 0 0 0 0 0 0 0 0 0 1 0 0 1 0 0 0 0 0 1 1 1 1 1 1 1 0 
0 1 0 1 1 1 1 1 1 1 0 1 1 0 0 0 0 1 0 0 0 1 0 1 0 0 0 0 1 1 0 1 0 1 0 0 0 1 1 1 0 1 0 0 1 1 0 0 0 0 0 0 1 1 0 0 1 0 
0 0 0 0 1 0 1 0 0 1 1 0 0 0 1 1 0 1 0 0 1 0 0 1 1 0 0 1 0 1 1 0 1 1 0 1 0 0 1 0 1 0 0 0 0 0 1 0 1 1 0 0 1 1 1 0 1 0 
1 1 1 1 1 1 0 1 0 0 1 1 1 1 1 1 1 0 1 0 0 0 1 1 0 0 0 0 1 1 0 0 0 1 1 1 0 0 0 0 0 0 1 1 1 1 1 0 1 0 0 1 1 1 0 1 1 0 
1 0 1 1 1 1 1 0 0 1 0 1 0 1 1 1 0 0 0 1 0 1 0 0 1 1 1 1 0 0 0 0 1 1 1 0 1 0 0 1 0 1 0 0 0 1 1 0 1 0 0 1 1 0 1 0 1 0 
0 1 1 0 1 0 1 1 0 0 1 0 0 1 1 0 1 1 0 1 0 1 1 0 1 0 0 0 1 1 1 1 0 0 1 0 0 0 1 0 1 0 0 1 0 0 1 1 1 1 0 1 1 1 1 0 0 1 
0 1 0 1 0 1 1 1 1 1 1 0 1 0 0 0 1 0 0 1 0 1 0 0 1 1 0 0 1 0 0 0 1 0 1 1 1 1 0 0 0 1 0 0 0 1 0 1 1 0 0 1 1 1 0 0 0 0 
1 0 0 1 0 1 1 1 0 1 0 0 1 1 1 0 1 1 1 1 1 0 1 1 0 0 0 0 1 1 0 0 1 0 1 1 1 0 0 1 1 1 1 1 0 0 1 1 0 0 0 1 0 1 0 0 1 1 
0 0 0 0 0 1 0 1 0 1 0 0 0 1 1 1 0 1 0 1 0 0 1 0 1 0 1 1 0 1 0 1 1 0 1 0 1 0 1 1 1 1 0 0 1 1 1 1 1 1 1 1 1 0 0 0 0 1 
0 1 0 0 0 0 1 1 0 0 1 1 0 1 1 0 1 0 1 0 1 0 0 0 0 1 1 0 0 1 1 0 0 0 0 0 0 1 0 0 0 1 1 0 0 0 0 1 0 1 0 0 0 0 0 0 1 1 
0 1 1 1 1 1 1 0 0 1 1 0 1 1 1 1 1 0 1 1 1 0 1 1 0 1 1 0 1 1 0 1 0 1 0 0 0 0 0 0 1 1 0 1 1 0 0 0 0 1 0 1 1 1 1 1 0 0 
0 1 1 0 0 0 1 0 0 1 0 0 0 0 1 0 1 0 0 1 1 0 0 1 0 0 0 1 1 0 1 1 1 1 1 1 1 0 1 1 0 0 1 0 0 0 0 1 1 1 0 0 1 0 1 1 0 1 
0 0 1 0 1 0 1 1 1 0 1 0 1 1 0 0 1 0 0 0 1 1 1 1 1 0 0 0 0 0 1 0 0 0 0 0 0 1 1 1 1 0 0 0 0 0 0 1 1 1 1 0 0 0 0 0 1 0 
0 1 0 0 1 1 0 0 1 1 1 0 0 1 0 0 1 0 1 0 0 0 1 1 0 1 0 0 1 1 0 0 0 1 0 1 0 0 1 1 1 1 1 0 0 1 0 1 0 1 1 0 1 0 1 0 0 1 
0 1 0 1 1 0 0 1 0 0 0 1 1 1 0 0 1 0 1 0 0 1 1 1 1 1 0 1 1 0 0 1 1 1 0 1 1 0 0 1 0 0 1 1 0 1 1 1 0 1 1 0 0 1 1 0 0 1 
1 1 1 1 0 1 0 1 0 0 1 0 1 0 1 0 1 1 0 1 0 0 0 0 0 0 1 1 0 1 1 1 0 0 1 0 1 1 1 1 1 1 0 1 1 1 1 0 0 1 1 0 1 1 0 1 0 1 
1 0 0 0 0 0 0 1 1 0 0 0 1 0 1 1 1 0 0 0 1 0 0 0 1 1 0 1 1 0 1 0 0 1 0 0 0 0 1 1 0 0 1 0 0 1 1 1 1 0 1 0 0 1 1 1 1 1 
1 0 1 0 0 1 1 0 0 1 0 1 0 1 1 0 1 1 1 0 0 0 0 0 1 1 1 0 0 0 1 1 0 0 1 0 1 1 0 1 0 1 1 1 0 0 1 1 0 0 1 0 0 0 0 1 1 0 
1 1 0 0 1 1 0 0 1 0 1 0 1 0 1 0 1 1 1 0 0 1 0 1 1 0 1 0 0 0 0 1 0 0 0 1 1 0 1 1 0 1 1 0 1 0 0 0 1 1 0 1 0 0 0 0 0 0 
