50 52 1130
92 75 91 92 29 20 86 74 66 33 76 77 53 9 90 94 71 10 87 66 94 40 81 34 90 95 14 50 82 91 80 73 65 22 16 46 41 54 19 7 86 46 35 38 54 76 84 77 38 70 42 83 
62 23 69 3 69 82 53 50 72 84 74 89 57 42 34 50 95 4 8 32 1 42 22 54 70 5 82 7 26 24 89 39 98 9 42 66 91 46 68 62 81 93 2 37 86 87 86 32 42 93 64 42 
87 85 48 56 41 29 14 66 4 54 57 1 63 98 19 53 95 38 66 75 82 20 11 68 6 49 99 48 93 62 41 79 98 88 34 38 69 99 56 72 53 12 25 15 9 95 67 3 32 84 29 13 
3 91 80 9 39 31 8 32 44 100 62 42 40 48 79 8 46 34 31 98 45 7 12 5 1 30 59 32 14 87 97 68 30 28 76 68 58 35 51 2 35 13 43 26 12 73 33 57 59 15 55 3 
22 18 60 22 100 70 6 65 9 2 32 38 81 60 5 39 46 8 92 32 72 34 57 83 58 41 91 16 8 97 71 29 67 82 2 66 51 7 82 59 60 13 96 41 24 53 31 22 12 22 53 83 
7 10 17 64 2 7 32 9 56 2 89 22 83 91 87 33 49 20 44 61 84 39 1 8 91 83 29 2 4 33 36 62 94 4 25 96 63 56 56 18 9 45 39 43 35 77 28 35 96 71 95 79 
9 47 38 52 29 18 5 84 51 93 45 44 96 70 91 58 77 47 75 38 91 65 80 77 41 7 11 88 77 6 67 38 52 56 89 33 74 45 16 24 37 61 19 33 82 10 42 10 56 17 47 98 
33 79 74 74 85 84 61 14 41 79 51 45 87 91 77 60 87 92 35 24 52 5 8 85 14 49 95 21 17 41 18 50 71 43 75 56 79 87 21 19 18 71 63 4 13 39 15 99 31 1 74 34 
5 33 19 71 82 13 91 50 5 61 51 76 3 77 83 81 64 3 52 81 25 14 36 89 5 50 39 35 2 13 20 6 45 38 76 78 2 19 80 59 79 30 34 33 7 68 14 22 70 65 54 46 
30 41 34 34 42 72 20 43 36 40 48 33 29 76 62 31 94 93 89 24 23 74 56 81 41 21 54 62 85 7 59 67 47 92 100 88 15 20 82 3 59 29 87 87 56 100 69 49 93 57 24 67 
82 80 47 74 100 52 87 37 58 45 3 56 88 54 95 3 73 76 57 83 56 95 70 12 94 38 12 86 47 36 52 80 67 50 54 18 1 40 6 10 85 60 17 72 14 11 26 86 38 34 69 94 
28 90 57 22 79 20 59 77 55 11 57 73 12 10 43 13 49 48 74 85 8 91 9 21 1 34 58 91 20 78 84 47 67 92 20 98 11 79 74 18 41 30 42 4 91 84 68 92 32 42 76 91 
32 84 63 84 70 72 74 89 50 9 87 68 100 59 17 63 89 91 80 29 72 21 84 15 57 52 6 40 93 33 30 24 69 44 7 90 67 33 78 16 41 16 36 93 74 52 55 62 94 86 42 18 
6 26 32 14 77 89 53 21 21 34 96 41 77 2 30 44 86 59 11 27 75 98 19 100 2 25 62 47 10 55 64 67 80 47 81 8 87 33 28 60 67 23 100 95 77 82 90 14 40 53 40 66 
50 10 66 51 34 27 50 43 33 65 62 13 12 42 72 50 74 52 61 92 26 61 39 54 42 28 68 33 80 59 99 30 69 64 32 54 42 81 49 74 46 10 38 9 51 62 10 76 13 71 20 90 
31 58 44 24 85 63 8 17 21 6 46 41 69 29 95 62 62 95 36 7 4 25 67 6 86 76 81 50 46 52 40 28 9 35 3 46 97 11 62 69 68 59 10 89 87 56 50 48 50 37 6 5 
62 24 10 47 100 42 49 97 94 88 77 2 22 31 47 70 93 8 90 61 18 51 49 5 6 98 4 7 35 62 11 48 85 20 46 36 14 94 85 7 81 61 60 54 43 59 75 36 18 65 96 36 
15 96 92 73 93 95 79 79 56 42 26 93 13 24 28 26 17 12 32 50 24 44 3 67 2 30 54 19 94 49 6 60 44 97 32 88 92 63 19 99 4 96 91 16 19 71 42 36 34 25 37 58 
20 91 76 21 20 29 92 65 29 97 25 24 94 8 11 37 70 81 35 25 77 78 41 95 48 34 82 81 10 18 90 30 61 17 50 80 45 93 45 25 90 21 48 35 80 11 23 50 91 9 74 67 
86 66 14 85 99 47 18 9 17 59 90 77 76 39 8 72 84 4 97 25 76 96 11 56 6 33 57 49 41 82 67 79 48 80 15 98 79 84 58 95 43 47 23 70 38 30 41 21 86 37 45 61 
85 55 16 90 39 72 38 79 54 5 9 1 36 24 50 14 7 8 60 1 6 34 70 43 64 63 63 1 51 59 61 35 65 77 25 3 48 14 34 53 18 42 5 6 17 55 19 76 14 31 76 19 
64 98 62 79 60 76 79 10 87 40 45 51 68 21 6 67 34 91 20 4 32 24 9 1 30 79 28 43 61 55 62 77 52 75 55 63 50 86 25 36 77 21 39 44 41 44 62 26 34 81 81 17 
57 41 69 86 72 96 81 32 51 42 8 2 16 15 17 17 52 41 53 28 61 43 23 53 86 84 30 71 17 11 39 25 3 8 10 74 3 42 6 5 83 65 7 50 79 75 67 30 15 71 9 27 
13 83 31 50 67 60 20 35 22 10 59 25 17 20 98 72 62 55 76 96 20 34 46 50 8 64 32 74 86 92 100 98 75 30 99 93 42 70 27 63 79 37 39 96 56 37 19 69 91 94 65 62 
28 62 64 87 77 95 61 62 86 12 11 12 94 61 4 35 30 30 49 8 18 88 55 74 24 73 94 66 67 10 80 46 71 43 32 99 89 44 12 26 56 22 38 49 82 41 35 63 23 83 71 40 
70 25 65 45 98 59 63 16 68 94 61 91 88 44 41 76 88 53 53 43 26 42 43 60 35 77 22 57 59 92 48 81 69 65 77 18 23 39 33 42 32 45 84 19 40 25 46 27 29 51 21 54 
92 15 65 26 91 87 34 2 30 34 34 50 98 10 67 20 49 51 13 32 95 49 3 87 25 48 13 53 50 86 58 42 100 23 19 43 9 5 96 90 38 29 40 35 38 6 6 38 9 18 22 55 
18 24 41 42 23 6 94 73 91 52 14 42 26 84 36 34 88 31 75 25 59 14 11 49 72 16 38 80 86 59 34 3 82 75 45 5 32 90 77 22 93 42 15 18 25 51 3 65 81 78 41 92 
43 52 92 14 67 29 45 52 88 79 7 21 5 51 25 36 92 53 9 37 94 23 6 71 25 9 87 58 38 27 49 80 78 92 46 97 20 90 48 59 20 54 80 76 56 56 11 100 9 71 36 54 
46 93 76 70 53 62 27 90 41 27 22 70 18 19 66 90 60 66 100 80 71 31 55 79 87 18 78 47 40 65 100 85 57 28 55 62 41 33 51 81 60 24 51 29 94 68 70 54 33 70 85 56 
100 91 34 38 8 63 84 48 79 36 84 87 63 38 48 3 71 51 36 82 74 38 62 68 5 32 73 90 53 57 45 52 47 30 90 7 92 25 6 70 60 89 56 74 27 4 29 49 54 64 82 79 
53 43 98 57 26 70 98 78 26 42 30 25 23 71 31 14 47 36 35 7 24 43 32 2 98 60 50 3 75 31 81 27 26 31 36 51 100 33 29 78 27 10 54 49 32 84 15 78 71 1 36 94 
43 68 96 92 79 97 94 54 80 27 32 5 57 67 7 8 52 35 37 30 96 90 30 27 25 44 5 95 97 40 89 39 7 36 31 86 32 76 91 11 2 22 67 58 41 74 18 44 60 54 73 56 
96 2 82 20 98 86 15 94 78 55 84 36 90 66 73 73 42 15 36 95 89 2 5 29 27 22 24 87 75 96 42 22 49 23 42 98 61 8 91 90 62 27 25 51 44 50 75 37 64 10 32 52 
12 36 80 38 9 55 24 35 2 17 57 51 40 98 48 52 5 91 41 66 69 65 68 12 14 42 1 78 4 32 81 67 19 13 4 27 67 80 61 69 48 17 19 87 66 18 90 22 60 30 87 80 
47 6 44 12 100 44 41 3 27 22 21 97 34 24 75 100 55 35 68 3 4 38 41 21 8 31 43 67 12 81 99 58 39 42 70 38 85 10 92 63 31 12 59 64 87 33 64 94 19 83 48 74 
73 40 95 80 22 89 98 34 69 96 91 7 37 60 96 73 22 39 87 52 50 45 68 89 29 83 34 100 65 81 73 37 20 19 68 94 7 66 27 76 61 17 82 50 29 30 74 50 68 61 53 18 
57 20 58 86 2 91 85 67 23 9 55 94 28 23 87 34 88 13 9 100 30 43 1 10 24 27 59 91 87 11 60 43 83 17 80 84 59 16 2 81 25 57 75 4 79 61 37 18 26 98 69 7 
92 22 16 15 48 26 57 34 88 17 28 70 85 60 6 44 27 7 76 51 63 2 6 93 15 43 62 40 92 83 98 83 4 13 49 51 90 5 36 29 73 15 99 58 26 4 53 53 62 80 55 25 
34 61 69 48 55 31 39 46 65 36 80 68 48 80 70 89 36 57 17 9 23 67 18 49 22 22 1 84 53 7 60 86 67 28 33 21 10 71 18 74 6 97 41 5 76 62 45 64 70 62 72 93 
80 41 41 2 62 93 37 14 99 96 100 18 23 84 38 33 7 56 6 64 4 99 21 32 60 65 95 82 78 18 74 58 58 66 11 71 10 47 36 60 42 87 77 64 71 67 48 77 22 54 92 77 
4 12 60 15 77 54 96 54 71 69 63 80 86 73 2 95 19 38 55 60 24 31 76 46 97 23 74 70 28 66 99 83 77 58 98 53 12 93 59 34 14 21 66 99 46 67 46 64 56 52 76 80 
34 3 77 83 77 51 52 5 68 2 87 44 60 36 49 23 29 59 8 94 31 25 44 76 92 89 92 47 92 67 78 26 69 7 8 97 57 11 1 76 13 40 19 24 27 19 46 55 29 5 100 60 
30 44 35 73 84 26 71 76 44 49 1 64 7 8 61 63 70 13 38 82 52 8 5 31 79 2 85 7 7 37 66 88 80 53 60 15 30 30 90 74 30 42 37 36 1 97 50 71 10 39 4 13 
99 9 43 77 62 80 35 20 68 53 7 47 5 18 61 34 48 3 59 77 44 48 65 45 44 14 15 5 5 18 70 3 78 64 31 92 95 65 11 62 17 70 8 73 87 21 59 34 75 17 63 18 
64 79 62 60 44 28 16 48 98 85 50 27 1 32 18 95 97 81 57 65 50 16 38 36 88 96 22 62 64 36 80 80 66 93 39 9 73 54 9 70 91 10 96 91 42 66 37 38 46 93 54 95 
61 91 82 48 38 55 10 2 42 41 81 7 85 71 68 57 76 76 78 66 85 26 8 26 91 45 15 88 89 69 34 49 11 15 97 49 22 58 2 15 50 34 22 34 4 41 43 79 68 72 97 52 
49 4 30 39 100 96 78 89 16 11 37 27 78 85 27 99 94 28 13 43 61 86 29 16 78 71 94 45 94 90 49 43 46 78 33 45 25 11 33 41 21 22 19 98 58 45 48 52 72 61 94 84 
98 22 99 76 44 44 20 90 86 20 32 31 49 64 27 74 74 12 66 47 33 84 44 90 28 92 93 51 4 87 86 1 60 36 28 56 79 100 45 64 19 76 46 68 91 73 93 65 84 58 63 68 
41 6 57 20 49 50 70 52 88 7 5 99 42 84 54 20 83 50 36 54 77 81 21 68 53 13 84 88 22 46 55 62 51 64 81 52 65 2 3 52 8 59 2 49 43 56 20 77 57 55 30 34 
1 1 0 1 1 1 1 0 0 1 1 0 0 1 1 0 0 0 1 1 0 1 1 0 0 1 1 0 1 0 1 0 0 1 0 1 0 1 0 0 0 1 1 1 1 0 1 1 0 1 1 1 
0 0 1 0 1 0 0 1 1 0 1 1 1 1 0 0 0 0 0 1 0 1 0 1 0 1 0 0 0 1 1 0 0 1 0 1 1 1 0 0 1 0 1 0 1 0 0 0 0 1 1 0 
0 1 1 0 0 0 1 1 1 0 1 1 1 0 1 1 1 1 1 0 1 1 0 1 1 1 1 1 0 0 0 0 1 1 1 1 1 0 0 1 0 0 0 0 0 1 1 1 1 0 1 0 
1 1 1 0 0 0 0 0 0 0 1 1 1 0 1 1 0 1 0 0 1 0 0 1 0 1 0 1 0 1 1 1 1 1 0 1 1 0 0 0 0 1 1 1 1 0 0 1 0 0 1 1 
1 0 1 1 1 1 0 1 1 1 1 0 0 1 1 0 1 1 0 1 0 1 0 1 0 1 0 0 1 0 1 0 0 0 1 1 0 1 1 1 1 0 1 1 1 0 1 0 0 1 1 0 
1 1 0 1 0 0 1 0 0 0 0 0 1 0 0 1 1 1 0 0 1 1 0 0 1 1 0 1 1 1 0 0 0 0 1 1 0 0 1 1 0 1 1 1 1 1 0 1 0 0 1 1 
1 1 1 1 1 1 0 0 0 0 0 1 0 1 0 1 1 1 0 1 0 1 1 0 1 1 1 1 0 0 1 1 0 0 0 1 0 1 1 0 1 1 1 0 0 1 1 1 0 1 0 1 
0 1 1 1 1 0 1 1 0 0 0 0 0 1 1 0 0 0 1 1 1 0 1 1 0 0 0 0 1 1 1 0 0 0 1 1 0 0 0 1 0 1 1 1 0 1 1 0 1 0 1 1 
1 1 0 1 1 1 1 1 0 1 1 0 1 0 0 0 1 0 1 1 1 0 0 1 1 0 1 1 0 1 0 1 0 0 0 1 1 0 0 1 1 1 0 0 0 0 0 1 0 1 0 0 
0 1 1 1 1 1 0 1 0 0 1 0 1 1 1 0 1 0 0 0 1 0 1 1 0 1 0 0 1 1 0 1 0 0 0 1 1 1 0 1 1 1 1 0 1 0 1 0 0 1 1 0 
1 0 1 1 1 0 1 0 1 0 1 1 0 0 0 1 1 0 0 0 0 1 1 1 1 0 1 0 1 0 0 0 0 1 1 0 1 0 0 0 0 0 1 0 0 1 1 1 0 1 1 0 
0 0 1 0 0 0 0 1 1 0 1 1 1 0 1 1 1 0 1 1 0 1 0 0 0 1 1 0 1 0 0 1 1 1 1 1 0 1 1 1 1 0 0 1 1 0 0 0 0 1 1 0 
0 1 0 1 1 1 1 0 1 0 1 0 1 1 0 1 0 1 0 0 1 1 1 0 1 1 0 1 0 0 1 1 1 1 0 0 0 1 0 1 1 0 0 1 1 0 0 1 1 1 1 0 
0 0 1 1 1 1 0 0 1 1 1 1 0 1 1 0 0 0 1 0 0 1 1 1 1 1 0 0 0 0 1 0 0 0 1 0 1 1 0 1 0 1 0 0 0 1 0 0 1 0 0 1 
1 1 0 1 1 1 1 1 1 0 0 1 0 1 1 0 1 1 1 1 0 1 0 0 0 0 1 0 0 1 1 0 1 0 1 0 1 0 1 0 1 1 1 1 1 1 1 0 0 0 1 1 
1 1 1 0 0 0 0 0 0 1 0 1 1 1 1 0 0 0 0 1 0 0 0 1 1 0 1 1 0 0 0 0 0 0 0 0 0 0 0 0 1 1 1 1 0 0 1 0 1 0 1 1 
0 0 0 1 0 1 0 0 1 1 0 1 1 0 1 1 0 0 0 0 1 1 1 1 0 0 0 1 0 1 0 0 1 0 1 1 1 0 0 0 1 0 0 0 1 1 1 1 1 1 1 0 
1 0 0 1 1 0 0 1 1 0 0 1 0 1 0 1 1 0 1 0 1 1 0 0 1 0 1 0 1 1 1 0 1 1 1 0 1 1 0 0 1 0 1 1 1 0 0 1 0 0 1 1 
1 0 1 0 0 1 1 1 0 0 0 1 1 1 0 0 1 0 0 0 0 0 0 1 0 0 0 0 0 0 0 0 0 1 0 0 0 1 1 0 1 1 0 0 1 0 0 0 0 1 0 0 
1 0 1 1 1 0 1 1 0 1 1 0 1 0 0 1 1 1 0 1 1 0 1 0 0 0 0 0 1 0 0 0 1 1 1 0 1 0 1 1 0 1 1 1 1 1 0 0 1 0 1 0 
0 1 0 0 1 0 0 0 0 0 0 1 0 1 1 1 1 1 1 1 0 0 0 1 0 1 1 1 1 1 1 0 0 1 0 1 1 1 1 1 1 1 1 1 0 0 1 1 1 0 1 1 
0 1 0 0 0 0 1 0 1 0 0 1 1 0 0 0 1 1 0 1 0 1 0 0 1 1 1 1 1 0 0 0 0 1 0 0 1 0 0 0 0 0 1 0 1 1 0 0 0 0 1 0 
1 0 0 1 1 1 0 1 0 0 1 0 1 1 0 0 1 1 0 0 1 1 0 0 0 0 1 0 1 0 0 0 0 0 1 0 0 1 1 0 0 0 0 1 1 0 0 1 1 0 1 1 
0 1 1 0 1 0 1 0 1 1 1 1 0 0 1 0 0 0 0 0 0 0 1 0 0 1 1 0 0 0 1 0 1 0 0 0 1 1 1 0 1 0 1 1 0 1 1 0 1 1 0 0 
1 0 0 1 1 1 1 1 1 0 1 0 1 0 0 0 1 1 0 0 1 1 1 0 0 0 0 0 1 1 0 0 1 0 0 0 1 1 0 0 0 1 0 1 1 0 1 1 0 1 1 1 
0 1 1 1 1 0 1 1 1 1 1 0 1 1 0 0 1 0 0 1 0 0 0 1 0 1 0 0 0 0 0 0 1 1 1 0 1 0 1 0 1 1 0 0 0 1 0 1 1 0 0 1 
0 0 1 1 1 1 1 1 1 1 0 0 1 1 1 0 0 0 1 1 1 1 0 0 0 0 1 0 1 0 1 1 0 0 0 0 0 0 1 1 1 1 0 0 1 1 1 1 1 0 0 1 
1 0 1 0 1 0 0 0 0 1 1 1 0 0 1 0 0 0 1 1 0 1 0 1 0 1 0 0 1 0 1 0 1 0 0 0 0 0 0 1 0 1 0 0 1 1 0 1 1 1 1 1 
1 1 0 1 0 0 1 1 1 0 1 0 0 0 0 1 0 0 0 0 1 0 0 1 1 0 0 0 0 1 0 1 0 0 0 0 1 0 1 0 0 1 0 1 1 0 0 1 0 0 0 1 
0 0 0 1 1 1 1 1 0 1 0 1 0 0 1 1 0 1 1 1 0 1 0 1 1 0 0 1 0 0 0 0 1 1 1 0 0 0 1 0 0 1 1 0 1 1 1 0 0 0 1 0 
1 1 1 0 1 1 1 1 0 1 1 1 0 0 1 0 0 0 1 0 1 0 0 0 1 1 0 1 1 1 1 0 0 0 0 1 0 1 0 0 1 1 1 1 1 0 0 0 0 1 0 1 
1 1 1 1 0 0 0 0 1 0 0 0 0 1 1 0 0 0 0 1 1 1 1 1 1 1 1 1 0 1 0 1 0 0 0 1 0 1 1 1 1 1 1 1 0 1 0 1 1 0 0 0 
0 1 1 1 0 0 1 0 0 1 0 0 1 0 1 1 1 0 1 0 0 0 0 0 1 0 1 0 0 0 1 0 1 0 0 0 1 1 0 1 0 0 1 0 1 1 1 0 1 0 1 1 
1 1 0 0 1 1 1 1 1 0 0 1 0 0 1 1 1 1 0 1 0 0 1 1 1 1 1 0 1 0 0 0 1 0 1 0 1 0 0 1 0 0 0 0 0 1 0 1 0 0 0 0 
0 0 1 1 1 1 0 0 1 0 1 1 0 0 1 1 0 1 0 0 1 0 0 1 1 0 0 0 1 1 0 1 1 0 1 0 1 1 0 0 1 1 1 1 1 1 0 1 0 1 1 0 
1 0 1 1 0 0 1 1 1 1 1 0 1 0 0 0 1 0 1 0 0 0 1 1 1 1 1 0 0 0 0 0 0 1 1 1 1 0 0 0 1 1 0 1 1 0 1 0 1 0 0 1 
1 1 0 0 1 1 0 1 0 0 1 0 0 0 1 1 0 0 0 0 1 0 1 1 1 0 1 0 1 0 1 0 1 1 0 0 1 1 0 1 1 1 1 1 0 1 1 0 1 1 0 0 
1 1 1 0 0 1 0 1 1 1 1 0 1 1 1 0 0 1 1 0 0 0 1 0 1 0 1 0 1 1 1 1 1 0 1 1 1 0 0 0 1 1 1 0 0 0 0 1 1 1 1 1 
0 0 0 1 1 1 0 0 0 1 1 1 1 1 0 1 1 0 1 0 1 0 1 0 0 1 1 1 1 0 1 1 0 1 0 1 0 0 0 0 1 1 0 1 0 0 0 1 1 1 0 0 
0 1 0 0 0 1 0 1 1 1 0 0 0 1 1 0 1 1 0 1 1 0 0 1 1 0 1 0 1 1 0 1 0 1 0 0 0 0 0 0 1 0 0 1 1 1 1 1 1 1 0 0 
0 0 1 1 0 0 1 1 1 1 1 1 0 1 0 1 1 0 1 0 0 1 1 0 0 0 1 1 1 1 1 1 1 1 0 1 1 1 0 1 1 1 0 1 0 0 0 1 0 1 1 1 
0 0 1 1 0 0 0 0 1 0 1 0 1 0 1 0 1 1 1 0 1 0 0 1 0 0 1 1 0 0 0 0 1 1 1 1 1 0 1 0 0 1 0 1 1 1 1 0 0 1 1 1 
1 1 1 1 1 0 0 1 0 0 0 1 1 1 1 0 1 0 0 1 1 0 0 0 1 0 1 0 1 0 1 0 1 0 1 0 0 0 0 1 0 0 0 0 1 1 0 1 0 1 0 1 
1 1 0 1 1 1 1 0 1 0 0 0 1 1 0 1 1 0 0 0 0 1 0 0 0 0 1 0 1 1 0 1 0 0 0 1 1 1 1 0 1 1 0 0 1 0 0 0 1 0 0 1 
1 0 1 0 1 0 0 0 0 0 1 0 0 1 0 1 0 1 1 0 1 1 0 0 0 0 0 1 1 1 0 0 1 0 0 0 0 1 1 0 1 0 1 0 0 1 1 0 0 1 0 1 
0 1 1 0 1 0 1 0 1 0 1 0 0 1 1 0 0 0 1 0 0 0 0 0 1 1 1 1 0 1 1 1 0 0 1 0 0 1 0 1 1 1 0 1 1 1 1 1 1 0 1 1 
0 1 0 1 1 1 1 1 0 0 0 1 0 0 1 1 1 1 0 0 1 0 1 0 1 0 1 0 1 1 0 1 0 0 1 1 1 0 1 1 0 1 0 0 1 1 1 0 1 0 0 0 
0 1 0 0 0 1 0 1 0 0 0 1 0 1 0 1 1 1 1 1 1 1 0 0 1 1 1 0 1 1 0 0 1 0 0 1 1 0 0 0 1 0 1 1 0 1 1 1 1 0 1 0 
1 1 0 0 0 1 0 0 1 0 0 0 0 0 1 0 0 1 0 1 1 1 1 1 0 0 1 1 0 0 1 1 1 0 0 1 1 0 1 0 1 1 0 1 1 1 1 0 0 1 1 0 
0 0 1 1 0 0 0 0 0 0 0 1 0 0 1 1 0 0 0 1 0 0 1 1 0 0 1 0 0 1 0 0 1 0 1 0 0 0 0 1 0 0 0 0 0 1 1 1 0 1 0 0 
