60 64 703
96 55 20 35 87 70 63 74 60 50 66 62 85 40 62 65 17 89 64 60 67 54 38 5 56 4 87 1 13 15 43 60 21 14 95 59 84 57 84 43 6 49 4 90 40 17 6 57 5 21 68 23 26 6 28 82 9 66 82 73 33 77 33 53 
90 79 64 25 35 47 67 40 96 70 81 35 38 38 43 43 58 63 17 83 68 96 16 28 14 50 100 46 26 84 50 67 62 13 92 48 12 10 87 7 32 19 93 69 56 88 63 65 50 80 48 69 27 63 96 40 12 47 37 89 83 39 8 44 
3 51 44 14 60 30 72 91 1 65 60 8 4 74 73 53 53 72 73 80 34 20 71 98 18 8 38 100 46 45 96 48 95 39 14 55 20 85 97 20 49 8 28 52 82 52 56 86 23 80 65 8 99 36 5 17 95 95 68 40 39 63 39 34 
1 52 40 73 37 36 92 37 96 71 41 77 74 48 62 96 28 79 4 78 66 60 94 60 54 62 51 45 76 41 30 77 93 69 1 81 56 92 17 51 15 9 27 88 57 41 36 84 19 91 61 84 2 7 95 8 20 45 52 95 85 81 23 29 
1 23 9 8 67 78 59 81 86 37 20 42 77 7 77 47 97 90 30 51 96 24 58 15 20 9 61 5 41 84 85 41 6 94 48 72 23 58 4 8 47 76 2 75 82 30 22 31 19 3 81 66 79 38 32 98 98 93 54 90 28 39 30 33 
84 29 57 6 39 12 65 85 87 18 59 21 48 80 3 18 35 83 36 13 72 19 10 21 63 16 10 90 6 91 75 89 71 31 46 9 42 62 93 81 80 4 1 79 35 3 48 69 37 35 81 8 54 43 80 16 10 89 58 15 31 32 55 1 
62 52 10 55 13 54 35 44 57 35 74 44 89 22 12 25 56 45 84 61 87 63 77 48 3 86 62 33 17 68 34 30 19 95 84 31 48 71 75 57 57 48 100 46 21 63 22 29 7 6 89 45 20 17 92 23 2 5 7 18 72 92 99 90 
86 83 21 86 53 47 94 9 46 45 6 67 7 28 95 14 33 35 10 4 52 2 78 5 6 85 75 30 76 73 19 14 7 91 99 59 37 44 20 35 88 77 1 94 4 47 59 88 33 69 92 84 22 69 41 27 5 15 8 33 87 27 46 94 
17 96 4 6 39 75 40 78 52 92 71 7 90 30 95 22 50 38 58 71 58 98 49 15 64 57 47 50 83 44 95 51 39 99 56 29 25 47 6 28 38 28 35 27 9 81 1 58 18 10 28 27 7 29 41 70 85 39 71 19 82 66 69 20 
16 25 100 92 71 57 20 61 85 54 39 93 34 39 3 3 48 82 81 6 10 74 27 94 12 98 12 94 15 33 13 82 57 65 73 79 21 92 91 5 97 30 50 82 20 4 84 20 85 17 77 95 90 4 40 1 53 4 94 19 36 59 100 44 
23 24 22 95 68 13 52 64 94 1 46 13 4 81 84 40 97 61 86 86 64 26 39 68 29 32 86 16 42 37 59 16 60 32 11 79 96 62 43 89 14 40 54 69 72 37 8 21 97 94 58 12 71 96 31 51 80 16 66 21 4 24 89 16 
55 99 94 51 12 88 91 25 79 44 45 51 33 4 23 29 49 80 93 19 28 23 69 7 91 86 79 94 9 67 9 16 65 55 18 28 42 8 52 21 4 48 23 36 52 45 16 100 76 8 19 3 83 39 9 25 25 88 70 85 6 31 52 23 
85 69 50 78 29 2 50 32 1 72 67 52 68 82 52 44 42 22 98 76 12 7 52 88 46 21 73 3 3 76 25 39 45 75 17 73 28 18 56 28 42 74 80 9 7 83 4 48 56 2 75 19 60 78 7 57 51 31 59 53 6 84 92 2 
58 60 74 85 77 81 64 18 54 43 79 61 77 34 60 84 35 87 3 46 64 9 2 14 39 61 19 96 44 62 98 53 73 23 89 49 4 52 19 57 47 49 17 23 82 29 7 69 15 61 14 78 69 16 44 59 76 62 54 71 75 51 75 47 
74 63 47 29 66 65 85 12 65 54 87 47 34 45 15 48 5 80 77 25 95 72 83 22 33 88 44 59 39 18 5 64 32 52 92 50 68 28 61 33 33 99 31 66 43 97 65 99 76 42 23 23 13 57 96 98 45 40 8 35 9 13 98 93 
64 41 42 83 20 54 67 5 5 49 70 99 45 87 98 73 80 72 47 44 29 42 93 73 33 1 7 94 13 56 86 28 48 79 62 19 84 29 23 88 77 45 87 74 31 84 46 10 7 44 5 35 85 98 59 18 98 17 11 62 24 48 89 71 
78 50 90 61 30 64 49 7 8 35 80 38 70 77 99 76 72 4 11 56 1 21 25 50 38 87 11 61 86 51 84 63 52 25 24 82 88 72 88 96 58 19 85 27 47 84 2 70 39 64 25 91 85 2 40 74 40 2 34 26 52 69 40 3 
93 63 84 81 86 23 76 43 93 60 21 91 95 75 60 33 38 37 23 74 90 62 47 29 15 33 6 66 1 98 21 94 12 4 74 98 79 1 92 23 12 65 14 7 39 25 39 28 13 14 54 2 27 100 83 42 84 40 7 85 37 79 30 49 
35 55 98 13 55 41 87 18 5 52 24 95 77 15 23 89 28 28 91 54 27 25 95 63 64 54 47 1 32 28 1 66 82 98 30 88 90 17 5 95 68 81 41 96 95 15 85 22 42 27 75 21 51 22 83 14 75 29 66 58 8 66 24 89 
15 5 28 5 73 32 51 41 64 91 88 58 6 72 79 99 50 6 19 52 27 1 66 1 81 83 10 88 49 85 28 63 90 55 67 62 39 17 54 2 60 94 60 17 17 90 15 67 95 34 18 21 34 35 73 67 70 83 54 18 67 82 32 8 
88 51 22 78 19 27 80 78 20 91 94 37 80 9 3 27 94 72 47 79 59 72 45 28 54 99 97 72 32 28 32 71 30 53 49 49 79 80 78 99 70 72 87 1 32 89 27 25 12 26 55 70 97 100 49 2 50 45 73 81 25 56 3 54 
8 51 2 39 82 80 37 3 3 23 4 86 63 82 62 26 7 16 48 55 15 96 56 64 93 81 96 17 36 99 70 44 1 24 34 83 55 70 85 57 44 40 42 58 22 55 35 80 70 82 35 85 30 90 100 22 22 96 90 58 46 59 53 46 
34 86 80 88 7 17 44 2 56 37 11 29 91 45 61 13 79 95 97 8 36 96 81 58 43 70 15 88 80 19 34 66 4 65 53 10 81 49 63 89 37 73 69 80 17 29 92 95 75 40 54 11 35 86 20 78 7 34 17 39 4 50 4 7 
67 56 68 47 56 82 87 93 54 8 72 22 36 15 69 63 54 22 73 40 60 92 69 66 77 86 4 80 87 7 38 53 15 57 52 70 38 38 14 91 45 85 12 33 51 80 95 4 54 19 44 13 10 12 30 38 97 34 69 84 92 6 36 6 
62 39 28 51 77 41 41 73 78 4 57 28 84 51 32 89 69 27 53 30 38 82 19 87 15 87 70 59 44 57 16 5 96 43 55 24 36 47 96 65 51 5 44 86 55 27 26 76 53 78 57 43 59 28 29 26 14 98 84 58 6 99 14 1 
94 21 24 81 67 72 45 69 28 40 6 34 67 31 9 19 8 18 61 67 45 41 44 10 38 27 67 44 77 33 96 22 53 72 2 19 95 98 40 22 38 45 55 4 76 16 74 35 85 87 1 29 27 96 90 17 22 9 60 99 41 7 20 93 
78 74 63 24 71 2 45 60 99 100 63 74 67 89 60 51 75 13 31 53 8 20 69 30 28 80 80 20 87 51 12 16 24 27 40 47 80 84 6 78 35 21 3 53 9 63 3 35 75 85 87 34 57 56 63 36 35 94 56 73 97 19 89 72 
45 28 18 25 63 76 54 50 48 57 54 8 71 9 42 97 93 80 30 49 35 45 85 22 38 40 46 86 58 34 58 55 13 75 79 28 2 84 29 49 92 82 56 62 90 97 10 35 29 92 83 15 36 19 36 25 58 82 11 68 67 68 22 80 
94 52 59 96 87 87 44 79 20 100 92 62 48 2 96 76 45 78 91 80 49 78 56 58 11 66 25 78 85 98 9 79 1 19 26 88 5 69 18 76 20 9 37 20 62 32 95 6 62 37 37 10 67 93 67 77 10 44 6 95 93 66 25 94 
84 50 33 40 70 2 16 42 10 52 61 24 84 7 81 97 96 18 6 62 10 24 90 71 67 96 17 60 61 41 5 97 42 37 36 64 38 51 5 99 55 65 74 90 71 55 86 66 72 43 79 33 66 69 3 33 64 20 92 76 12 96 24 6 
84 60 69 73 10 73 23 16 89 97 5 11 51 90 29 22 32 7 6 98 75 8 82 90 79 73 18 43 20 41 48 3 52 68 27 14 92 49 29 80 45 34 42 95 75 70 68 7 29 73 56 55 81 37 97 11 61 66 5 80 6 52 34 58 
71 60 71 62 8 51 93 5 84 35 99 59 56 67 17 84 91 24 91 23 12 87 34 72 52 38 3 9 42 36 18 12 95 40 26 54 91 18 58 74 4 9 84 60 27 52 95 17 75 85 40 38 23 25 9 74 14 11 83 7 46 100 71 92 
40 96 98 82 65 7 7 21 15 91 32 41 94 26 10 21 63 1 58 85 25 67 11 90 29 93 97 27 44 19 70 35 14 67 16 30 74 23 50 88 65 81 81 10 59 90 30 73 42 88 57 66 6 67 7 86 11 55 12 55 73 82 41 38 
48 57 68 73 31 69 13 47 2 93 56 12 34 86 84 75 25 40 92 82 59 50 67 69 5 79 75 77 60 16 67 59 24 34 84 6 54 96 52 7 40 7 18 25 44 1 51 20 93 94 1 51 43 68 71 99 46 46 76 57 13 42 67 36 
27 2 93 32 97 44 39 88 2 56 64 98 57 14 17 49 7 18 51 2 85 21 100 82 66 27 38 78 20 56 65 98 58 57 30 6 52 68 94 6 75 9 3 31 23 19 31 81 88 33 34 72 54 34 5 71 12 42 1 32 50 17 29 7 
26 10 64 77 77 9 34 52 18 36 34 92 7 17 24 46 1 58 70 6 43 74 77 54 68 29 37 17 45 18 75 70 27 38 99 56 47 32 59 16 20 44 7 78 12 30 23 13 87 92 18 81 66 46 35 33 74 23 49 19 40 75 40 19 
12 38 74 10 22 84 25 41 27 31 18 39 61 92 3 99 84 20 80 49 66 66 33 91 40 33 9 80 7 1 50 70 90 75 80 11 58 56 3 84 87 72 74 99 64 76 49 99 48 80 47 65 45 31 55 85 63 16 16 21 16 17 42 5 
91 21 16 48 29 70 83 67 42 9 17 57 36 65 55 83 45 53 99 41 83 54 77 97 69 44 69 36 60 10 40 50 83 7 97 11 77 32 77 70 40 93 26 75 9 80 10 53 32 8 46 66 61 22 14 81 66 82 16 25 91 56 27 73 
14 23 35 90 6 11 59 45 55 36 72 64 15 81 68 98 88 13 15 1 87 28 81 4 9 97 28 52 4 54 24 17 29 59 59 34 21 69 31 76 5 2 91 71 82 58 21 21 23 35 21 9 15 2 12 23 50 91 74 5 97 50 73 77 
60 31 10 80 52 92 7 56 45 49 78 78 7 98 99 81 85 19 89 99 72 52 73 73 42 47 29 90 48 2 66 7 84 28 38 35 19 97 90 64 45 20 41 3 69 91 83 53 62 23 3 33 74 76 58 68 74 86 9 73 39 75 79 23 
2 68 57 72 64 99 87 9 70 80 63 38 70 46 43 31 20 45 16 46 72 25 65 97 62 73 69 1 47 99 75 100 67 83 24 30 33 10 90 2 89 53 40 11 50 82 41 69 78 8 66 2 32 30 98 94 3 67 46 1 65 20 53 83 
54 76 13 87 37 54 88 26 58 27 88 7 60 80 28 90 88 93 91 71 75 40 16 77 58 13 29 75 32 81 57 38 56 21 24 93 75 11 70 32 90 9 91 49 88 70 90 27 14 32 98 88 72 65 16 29 78 45 3 61 25 60 98 33 
80 21 77 6 32 46 90 21 54 32 21 93 1 63 20 66 94 69 6 65 33 21 94 10 65 48 23 42 7 20 74 39 41 50 96 24 47 85 96 52 16 68 44 68 30 15 34 76 83 39 40 68 11 85 77 76 33 99 69 91 71 42 81 11 
43 77 86 89 13 81 92 29 48 35 96 30 2 81 5 84 71 96 51 82 33 80 9 17 30 77 59 100 18 40 62 60 68 47 100 80 79 91 8 79 77 56 8 78 36 64 14 59 11 16 40 43 47 48 59 77 24 18 28 93 9 42 52 76 
88 3 7 19 93 67 97 21 22 56 51 9 71 64 67 81 31 58 24 78 5 34 54 28 51 33 20 59 74 23 86 14 77 93 32 21 59 80 42 32 35 92 92 5 7 11 37 37 68 60 66 25 46 71 4 96 4 76 7 77 98 44 42 75 
88 73 47 98 52 88 81 38 31 73 94 89 83 31 78 2 42 43 26 87 14 30 35 17 5 41 45 2 36 87 28 24 11 75 73 15 14 54 52 97 26 46 85 60 28 62 61 69 5 87 56 18 16 90 86 20 82 82 73 69 20 1 92 31 
27 65 45 92 70 48 88 95 93 73 54 20 86 14 41 42 52 96 11 67 37 96 86 70 30 59 38 49 11 82 79 89 98 75 80 67 23 20 61 15 44 66 87 29 31 27 71 83 74 81 49 10 29 87 31 58 97 68 6 59 49 37 47 46 
11 78 12 33 49 24 100 92 41 86 73 72 64 95 54 37 27 54 98 55 92 28 64 88 95 22 46 96 58 44 93 20 22 5 53 22 80 4 14 21 89 86 92 4 80 97 92 6 2 89 13 94 16 28 33 62 49 31 57 6 74 2 26 47 
6 30 69 37 33 34 57 73 19 100 76 50 48 67 7 2 7 71 47 74 99 79 35 47 61 44 5 87 45 82 33 2 11 53 90 95 38 99 19 8 98 94 57 98 12 16 99 70 38 97 43 36 27 77 35 88 72 39 74 68 72 58 69 34 
63 59 80 100 57 98 8 6 91 16 55 54 83 5 23 21 1 65 56 80 93 42 67 65 32 92 32 3 1 53 88 63 63 67 15 71 64 22 28 6 89 35 59 72 39 33 92 92 49 99 71 42 41 89 58 72 80 41 75 32 45 62 47 7 
29 61 29 44 34 57 50 22 91 8 93 81 93 36 72 41 35 94 34 75 34 91 46 13 84 72 97 28 86 43 87 66 3 15 9 36 23 58 9 65 18 2 46 10 37 69 50 23 15 84 97 48 26 95 13 9 66 9 89 51 51 27 16 5 
93 77 92 16 34 100 32 51 1 29 60 90 50 62 64 64 45 61 63 22 55 27 83 72 35 23 75 37 49 42 93 41 18 84 8 52 84 40 2 36 68 14 77 69 75 41 84 71 1 47 92 7 73 26 30 60 48 4 48 96 98 41 37 15 
24 96 18 7 35 72 43 55 85 19 23 59 59 7 81 11 5 24 69 29 50 99 88 97 54 36 93 51 76 81 18 99 28 35 58 15 6 100 69 42 70 43 52 81 1 32 91 57 56 12 86 5 10 73 53 15 60 97 18 35 77 35 86 57 
21 43 71 79 94 39 20 15 33 72 95 86 3 38 42 10 49 27 14 10 100 67 24 59 63 93 46 92 79 83 48 100 77 70 30 70 60 49 36 92 20 31 77 75 68 19 84 68 97 50 77 96 68 52 7 82 45 4 73 75 86 72 26 62 
41 55 83 52 4 18 44 75 100 72 1 19 42 37 86 39 86 14 34 5 66 92 86 62 95 11 36 32 34 62 93 27 16 27 78 71 97 21 98 96 45 98 67 86 34 4 24 71 18 10 75 35 1 61 96 48 23 31 79 56 92 24 82 60 
2 60 30 98 32 27 46 76 77 12 62 10 15 85 33 84 94 7 18 47 19 13 46 41 96 76 49 39 51 30 98 53 89 80 50 73 58 95 48 34 58 9 96 25 46 28 8 91 86 26 89 57 90 34 49 85 62 97 76 12 79 25 16 19 
4 66 91 62 12 39 47 22 99 42 46 44 21 5 87 59 82 75 67 72 9 67 8 22 64 35 33 94 60 1 12 63 18 55 76 29 45 75 2 95 68 99 39 41 4 77 99 85 51 17 8 11 83 16 32 98 50 17 91 61 17 55 24 34 
9 51 14 5 25 16 99 45 14 89 85 17 65 83 54 16 99 61 78 81 28 10 31 30 26 21 90 94 75 65 27 35 16 40 91 92 7 90 36 73 78 20 89 95 54 94 62 4 55 39 37 82 100 67 63 77 87 53 70 14 17 96 100 84 
88 91 76 94 32 63 18 61 35 7 55 40 52 68 44 6 7 80 40 58 98 2 35 36 54 4 49 23 52 1 6 39 43 33 84 74 48 2 86 82 60 41 21 11 60 16 69 18 47 8 76 44 9 10 80 15 13 80 89 64 80 94 54 74 
79 38 47 26 91 33 59 2 25 31 12 36 47 32 54 93 39 29 89 100 38 68 66 2 47 54 66 79 99 19 52 77 8 51 54 50 35 12 51 11 95 63 46 41 94 99 85 85 79 73 36 16 92 1 70 91 6 35 69 4 5 72 81 65 
1 1 1 1 1 0 1 1 0 1 1 1 1 1 1 0 0 0 1 1 0 0 1 1 0 1 1 1 1 1 1 0 0 0 0 1 0 1 0 0 0 1 0 0 1 1 0 1 0 1 0 0 0 0 0 0 1 1 1 0 0 0 1 0 
1 1 0 1 0 0 0 1 0 0 1 1 1 1 0 1 0 0 0 0 0 0 1 0 1 0 0 1 1 1 1 0 0 1 1 1 0 1 0 0 1 1 1 1 0 1 0 0 1 0 1 0 0 0 0 1 0 0 0 1 0 0 1 0 
1 1 1 1 0 1 1 0 0 0 1 0 1 1 1 1 0 0 1 0 0 1 0 0 1 0 0 1 0 1 0 0 0 1 1 1 1 1 1 1 1 0 0 1 1 1 0 1 1 1 0 1 0 0 1 1 0 1 1 1 1 1 1 1 
0 0 0 1 1 1 1 1 1 1 0 1 0 0 0 1 1 0 0 1 0 1 0 1 1 1 0 0 0 1 1 1 1 0 0 1 1 1 0 1 0 0 0 0 0 0 1 1 1 1 0 1 1 0 0 0 0 0 0 0 1 1 1 1 
1 0 0 1 1 0 0 0 0 0 0 0 0 0 1 1 1 1 1 0 1 1 0 1 0 0 0 1 0 1 0 1 1 0 0 1 0 0 1 0 0 1 0 1 1 1 0 1 0 1 1 0 1 0 1 1 0 1 0 0 1 1 0 0 
1 0 1 0 1 0 0 1 0 1 0 1 0 1 0 1 0 0 1 1 0 0 0 0 0 1 1 1 0 1 1 1 1 1 1 0 1 0 0 1 1 0 1 1 1 1 0 0 1 1 1 1 0 0 0 0 1 1 1 1 0 0 0 1 
1 0 0 1 0 0 0 1 0 1 0 0 1 1 0 0 0 1 0 0 1 0 0 0 1 1 1 1 0 0 0 1 0 0 0 0 0 1 1 1 0 1 1 1 0 1 0 1 0 0 1 0 0 0 0 1 1 0 0 1 0 0 1 0 
1 1 0 1 0 1 0 1 0 1 0 1 0 0 0 1 0 1 1 0 1 1 1 1 1 1 0 1 0 1 1 1 1 1 0 1 0 1 0 1 0 1 0 1 1 0 0 0 1 1 0 1 0 0 0 0 1 0 1 1 0 1 0 1 
0 1 0 1 0 1 0 0 0 0 1 1 0 1 1 1 0 0 0 1 0 0 1 1 1 0 1 1 1 1 0 0 0 0 1 0 1 1 1 1 1 0 1 1 0 0 0 0 0 1 1 0 1 0 0 0 1 1 1 0 0 1 0 1 
0 1 1 1 0 0 1 1 1 0 0 1 0 1 1 1 0 1 1 1 1 1 0 0 0 1 1 1 1 1 0 1 1 1 0 1 0 1 1 1 1 1 0 0 0 1 1 0 0 0 0 0 0 0 0 0 1 1 1 0 1 1 1 0 
1 0 1 1 1 0 0 1 0 0 1 0 1 0 1 0 0 1 0 0 1 0 1 0 0 0 1 1 0 0 1 1 0 0 0 0 1 0 1 1 0 0 1 1 0 0 1 0 1 1 1 0 0 0 1 0 0 0 1 0 0 0 1 1 
0 1 1 1 1 0 0 1 0 0 1 0 0 0 0 0 0 1 0 0 1 1 0 0 1 1 0 0 1 0 1 1 1 0 1 1 0 1 0 0 1 1 0 0 0 0 0 0 0 0 0 1 0 0 1 1 1 0 1 0 0 0 1 1 
0 0 0 0 0 1 0 1 0 0 1 0 1 1 0 1 0 0 0 0 0 0 1 1 0 1 1 0 1 1 1 0 1 0 0 1 1 1 1 1 1 0 0 0 0 0 1 0 1 0 0 1 0 1 1 0 0 0 0 0 1 1 0 1 
1 0 0 0 1 1 0 1 0 0 1 0 0 1 0 1 1 0 1 1 1 0 1 0 0 1 0 0 0 0 1 0 0 1 0 0 1 0 1 1 0 0 1 1 1 1 0 0 1 1 1 0 1 0 0 0 1 0 0 0 0 1 0 1 
0 0 1 1 1 0 0 1 0 1 0 0 0 1 0 1 0 0 0 0 0 0 0 0 1 0 0 1 1 0 0 1 0 1 1 1 1 1 1 0 1 1 0 1 0 0 1 1 0 1 1 1 1 1 1 0 1 1 0 0 1 0 1 1 
0 0 1 1 0 0 1 1 1 1 0 0 0 1 1 0 0 0 1 0 1 0 0 0 1 0 0 0 1 1 0 1 0 1 0 0 1 0 1 0 1 1 0 1 1 1 0 1 1 1 1 0 0 0 0 1 0 0 0 1 0 0 0 0 
1 1 0 0 1 1 0 0 0 1 0 1 0 0 1 0 1 0 0 1 0 1 1 1 1 1 0 1 1 1 1 0 0 1 0 1 0 0 1 1 1 1 0 0 1 1 0 1 0 0 0 0 1 1 1 1 0 0 0 1 1 0 1 1 
1 1 0 0 0 1 1 1 1 1 1 0 1 1 1 1 0 0 1 1 1 1 0 0 1 1 1 0 1 1 1 0 0 1 0 0 0 1 0 1 1 1 0 0 1 1 1 1 1 0 0 1 1 1 1 0 0 0 0 1 1 1 1 0 
0 0 0 1 1 0 0 0 0 0 0 1 0 1 0 1 0 0 0 1 1 1 0 1 0 0 0 1 0 0 1 0 0 0 1 1 0 0 0 0 0 0 1 0 0 1 0 0 0 0 1 1 0 1 1 0 0 1 1 0 1 1 0 1 
1 0 1 1 0 1 0 0 1 1 1 1 1 1 1 1 1 1 0 1 0 1 1 0 1 1 0 0 0 1 0 1 1 1 0 1 0 0 1 1 0 0 1 1 1 0 0 1 1 0 0 0 0 0 0 1 1 1 1 1 0 1 0 1 
0 0 0 0 1 1 0 1 0 1 0 1 1 0 0 1 0 1 1 0 1 1 1 0 0 1 1 0 0 1 1 1 1 1 1 0 1 1 1 1 0 1 0 0 1 1 1 0 0 0 0 1 1 0 1 0 1 0 0 1 1 0 0 0 
1 0 1 0 1 0 1 0 0 0 0 1 1 1 1 1 1 0 0 0 0 1 0 1 1 1 0 0 1 1 0 0 1 1 1 0 0 0 0 0 0 0 1 1 1 1 0 0 1 0 1 1 1 1 0 0 0 0 0 1 1 1 0 0 
0 1 1 0 1 1 0 0 0 0 1 1 1 0 0 0 0 1 1 0 0 1 0 1 1 1 0 1 0 0 1 0 1 0 1 1 0 1 1 0 1 0 1 0 0 1 0 1 0 1 1 1 0 1 0 0 0 0 1 0 1 0 1 0 
1 0 1 1 1 0 1 1 1 0 1 1 0 0 0 0 1 1 1 0 1 1 0 1 0 1 0 1 1 1 1 0 1 1 1 0 1 0 1 0 1 1 0 1 1 0 1 0 0 1 0 1 0 0 0 0 1 0 1 1 1 1 1 0 
0 1 1 1 1 0 0 0 1 0 1 0 0 1 1 0 0 1 1 0 0 0 1 1 0 0 0 0 1 0 0 1 1 1 1 0 0 1 1 1 1 0 0 1 1 1 0 1 0 1 0 0 1 1 0 0 1 0 0 1 0 0 0 1 
0 1 0 0 0 1 1 1 1 1 1 1 0 1 0 1 0 0 1 0 1 1 0 1 0 0 0 0 0 0 0 0 0 0 0 0 1 0 0 0 1 1 1 0 0 0 1 0 0 0 0 0 0 0 1 0 0 1 0 1 1 0 1 1 
0 0 0 1 0 0 0 1 1 1 1 1 1 0 1 0 1 0 0 1 0 1 1 1 0 1 0 1 0 1 1 0 1 1 0 1 1 0 1 0 1 0 1 1 1 0 1 0 0 1 1 1 0 0 0 0 1 0 1 1 1 0 0 1 
1 0 0 0 0 1 0 1 0 1 0 1 0 1 1 0 0 0 1 0 0 1 0 1 1 0 1 1 0 1 0 0 1 0 0 1 0 1 0 0 0 1 1 0 0 0 1 1 0 0 1 0 0 0 1 1 0 0 0 0 1 0 0 0 
1 1 1 1 0 0 1 0 1 0 1 1 0 0 0 0 0 0 0 0 0 1 0 0 0 0 0 1 1 1 0 0 0 1 1 0 1 0 0 0 0 1 0 0 1 0 0 0 0 0 0 0 1 0 0 1 1 1 1 0 0 1 0 0 
0 1 0 0 1 0 0 1 0 0 1 1 1 1 1 1 1 0 0 0 0 0 0 1 1 1 1 1 0 1 1 0 0 1 0 1 0 1 0 0 1 1 1 0 0 1 0 1 1 0 0 1 0 0 1 0 1 0 1 1 0 1 1 0 
0 0 0 0 1 0 0 0 0 0 1 0 1 1 0 0 1 0 1 1 0 0 1 1 1 1 0 1 0 1 1 0 1 1 1 0 0 1 1 0 1 0 0 0 1 0 0 0 0 0 1 0 0 1 1 1 0 1 0 0 1 0 0 0 
1 1 1 1 1 0 1 0 0 0 1 1 0 1 1 1 1 0 1 0 1 1 1 1 0 0 1 1 0 0 0 1 1 1 1 0 1 0 1 1 0 0 0 1 1 1 0 1 1 1 1 1 0 0 0 1 0 0 0 0 0 0 0 1 
1 1 0 0 1 1 1 0 1 1 1 0 0 1 1 0 0 0 1 1 1 1 0 1 1 0 0 1 1 0 1 0 1 1 1 0 0 0 0 1 0 1 1 0 0 1 0 1 1 1 0 0 1 0 0 0 0 0 0 1 0 1 0 1 
0 1 1 0 1 0 1 1 1 0 0 0 1 0 1 1 0 1 1 1 1 1 1 1 1 1 1 1 0 1 0 0 0 0 0 1 0 1 1 1 0 1 1 1 1 0 0 1 1 0 0 0 1 0 0 1 1 1 0 0 0 1 0 0 
1 1 1 1 0 0 0 0 1 0 0 1 0 0 0 0 0 1 0 0 1 0 1 0 1 1 0 1 0 1 1 1 0 1 0 0 1 1 1 1 1 1 0 1 1 0 1 0 1 0 0 0 0 1 1 0 0 1 1 1 0 1 0 0 
0 1 1 1 0 0 0 1 1 0 0 0 1 0 0 0 0 0 1 0 1 0 0 0 1 0 1 0 1 1 0 1 0 1 0 0 1 1 1 0 1 0 1 0 0 1 1 0 0 0 0 1 0 1 1 1 1 0 1 0 0 0 1 0 
1 1 1 1 0 0 1 0 0 0 0 0 0 1 0 0 1 1 1 1 0 1 1 1 1 0 1 1 0 0 0 0 1 1 1 0 1 0 0 0 1 0 0 1 0 1 1 1 0 0 1 0 1 0 1 1 0 0 0 1 0 0 1 1 
1 0 1 1 0 1 1 1 0 1 0 0 0 1 1 0 0 0 0 1 0 1 0 1 1 1 0 1 1 1 1 1 1 0 0 1 0 1 1 0 0 1 0 1 1 1 1 1 0 0 0 0 1 1 1 1 0 1 0 1 0 1 0 1 
0 0 1 0 1 0 0 0 1 0 1 0 1 0 1 1 0 0 0 0 1 1 1 1 1 1 0 1 1 1 1 1 1 0 1 1 0 1 1 1 1 0 0 0 0 1 0 1 1 0 1 0 1 0 1 0 1 0 0 0 1 1 1 0 
1 0 1 1 1 0 0 0 0 0 1 1 0 1 0 1 1 1 0 0 1 1 1 0 1 1 1 0 0 0 1 1 1 0 0 0 1 0 1 1 1 0 0 1 1 0 0 0 1 0 0 0 0 1 1 1 0 0 0 0 0 1 1 1 
1 1 0 0 0 1 0 1 1 0 0 0 1 0 0 0 1 0 1 1 0 0 0 0 0 0 1 0 1 0 0 1 0 0 1 0 1 1 1 0 0 1 0 1 1 0 1 0 0 0 1 0 0 0 1 0 0 0 1 0 0 1 1 0 
1 0 0 0 0 1 0 0 0 0 1 0 0 0 0 0 1 0 1 1 0 0 0 0 0 1 0 0 0 1 1 1 0 1 1 0 1 1 0 1 1 1 1 1 1 0 1 0 0 0 0 0 0 0 0 0 1 1 1 1 0 0 0 0 
1 1 0 0 0 0 0 1 1 1 0 1 1 1 1 1 0 1 1 0 1 0 1 0 1 0 1 1 0 1 0 1 0 0 0 0 1 0 1 0 1 1 1 1 1 1 0 1 0 0 1 0 0 0 0 1 0 0 0 0 1 0 0 0 
1 0 0 0 0 0 0 1 1 0 0 0 1 1 1 1 1 1 1 1 1 0 0 0 0 0 0 1 1 0 1 0 0 0 0 0 0 0 0 1 0 0 0 1 1 1 1 0 0 0 1 0 0 1 0 0 0 0 0 1 1 1 1 1 
1 1 0 1 1 0 1 0 0 1 1 0 0 0 0 1 1 0 1 1 1 1 0 1 1 0 0 0 1 1 0 1 0 0 0 0 0 1 0 0 0 1 0 1 0 1 0 1 1 1 0 0 0 0 0 1 0 0 0 0 0 0 1 0 
0 1 0 0 1 0 0 1 0 1 0 0 0 0 1 1 1 1 1 1 0 1 1 0 0 1 0 0 1 1 0 1 1 1 1 0 1 1 1 1 0 0 1 0 0 0 1 0 0 1 1 0 0 0 0 0 1 1 0 0 0 1 1 1 
0 0 1 1 0 1 1 0 1 0 1 1 1 0 1 1 1 1 1 0 1 1 0 1 0 1 1 1 0 1 0 0 1 0 1 1 1 0 0 0 1 1 1 0 1 1 1 1 0 0 1 1 1 1 0 0 0 0 1 0 1 1 0 0 
1 0 0 0 0 0 0 1 1 0 1 0 1 0 1 1 0 0 0 0 0 1 0 0 1 1 1 0 0 1 0 0 1 0 0 0 0 1 1 1 1 1 0 0 1 1 1 0 0 1 0 0 0 0 0 1 1 1 1 1 1 0 1 0 
0 0 0 1 1 0 0 0 1 0 0 0 0 1 0 0 0 0 0 1 0 0 0 1 0 0 1 1 0 0 1 0 0 0 1 1 0 0 1 1 0 1 1 0 0 0 0 1 0 0 0 1 1 0 0 1 0 1 0 0 0 1 1 0 
1 0 0 1 0 1 0 1 1 0 1 1 0 0 0 0 0 0 1 1 1 0 0 1 1 0 0 1 0 1 0 1 1 0 1 0 1 1 1 0 1 0 0 1 0 0 0 1 1 1 0 0 1 1 1 1 1 1 0 1 0 0 1 0 
0 0 0 0 1 1 0 1 1 0 0 0 1 0 1 0 0 1 0 1 0 1 0 0 1 1 1 1 1 0 1 0 0 1 0 0 0 0 1 0 1 1 0 0 0 1 0 0 0 0 1 1 1 0 1 0 1 0 0 0 1 1 0 1 
1 0 1 1 1 0 1 0 0 1 0 0 0 0 0 1 0 1 0 1 1 1 0 0 1 0 1 0 1 1 0 0 0 1 0 1 0 1 1 0 1 1 0 1 1 0 0 1 1 0 0 1 1 0 1 1 0 0 1 0 0 1 0 0 
1 0 1 1 0 0 1 1 1 1 0 0 1 1 1 0 1 1 1 1 0 1 0 0 1 1 0 1 1 1 1 0 1 0 1 1 0 0 0 1 1 1 1 0 0 0 0 1 0 0 0 0 1 0 0 0 0 1 0 1 0 1 1 1 
0 0 1 0 0 1 0 1 0 1 1 0 0 1 0 0 1 0 0 0 1 0 1 1 1 1 0 1 0 1 1 0 1 0 1 1 1 1 0 0 0 1 0 0 0 0 0 0 1 0 0 0 1 1 1 0 0 1 0 1 0 1 1 1 
1 0 0 0 1 0 0 0 1 1 0 1 1 1 1 0 1 0 0 0 1 1 1 0 0 1 1 0 0 0 1 1 1 1 1 0 1 0 0 0 1 1 0 0 0 1 1 1 1 1 0 1 1 1 1 1 0 0 0 0 0 1 1 1 
1 0 0 0 0 0 1 1 1 1 0 1 0 1 1 0 0 1 1 1 0 0 1 0 0 1 0 0 0 1 0 1 1 0 0 0 0 1 1 0 0 1 1 0 0 0 0 1 1 1 0 1 1 1 1 1 0 1 0 1 0 0 0 0 
0 0 0 0 1 1 0 1 1 0 0 1 0 0 0 0 0 1 1 1 0 1 1 1 0 1 0 1 1 0 1 1 1 1 1 0 0 0 0 1 0 0 1 0 0 1 0 0 0 0 0 1 1 1 0 1 0 0 0 1 0 1 0 1 
0 1 0 1 1 0 0 1 0 1 0 0 1 0 1 1 0 1 0 1 0 0 1 0 0 1 1 1 1 1 0 1 0 0 0 0 0 1 1 0 0 1 1 1 0 0 1 0 1 1 0 1 0 1 1 0 0 0 1 1 1 0 1 1 
0 1 1 1 0 1 1 1 0 0 0 0 0 1 1 1 1 1 0 1 0 1 1 0 1 1 0 0 1 1 0 1 0 1 0 1 0 0 0 1 0 0 1 1 0 0 0 1 1 1 0 1 0 1 0 0 0 0 0 1 1 0 1 1 
0 1 0 0 1 0 1 0 1 1 1 1 1 1 0 1 0 0 0 1 1 0 1 0 0 1 1 1 0 0 1 0 0 1 0 1 0 0 1 1 1 0 0 0 0 0 1 0 0 0 1 1 0 0 1 1 0 1 0 0 1 1 0 1 
