53 67 2544
60 63 67 99 18 63 58 57 8 25 76 72 41 5 58 61 37 93 24 80 90 14 65 49 48 37 88 2 7 57 25 19 71 43 17 40 5 26 96 64 2 71 36 94 27 45 55 63 37 30 42 79 95 59 27 43 47 66 44 6 74 20 76 44 62 92 83 
19 69 78 82 22 100 69 16 26 66 22 41 54 3 34 32 98 44 10 40 43 76 35 100 1 54 75 45 67 18 79 85 38 9 19 59 8 87 26 86 52 47 78 58 2 11 89 99 7 99 90 49 26 24 48 26 77 74 22 43 91 53 80 28 61 98 86 
20 36 12 57 40 10 34 97 11 97 37 61 3 87 50 51 12 73 50 90 1 23 63 96 13 15 75 92 27 24 77 99 59 40 55 50 2 89 46 64 37 83 25 39 69 74 41 33 99 90 74 51 64 88 46 28 55 72 19 33 95 47 31 6 87 38 55 
40 78 53 3 14 87 79 52 55 5 92 39 3 33 64 53 96 52 51 23 6 22 93 38 17 39 21 74 25 58 28 16 35 32 19 48 18 97 51 25 53 42 63 55 74 79 60 21 30 10 95 87 31 87 76 99 25 96 72 2 5 52 17 39 83 87 38 
53 36 88 77 88 81 91 43 6 69 54 26 50 63 20 36 45 6 64 44 31 11 67 32 16 18 100 6 53 87 96 5 22 35 33 9 16 23 3 21 92 56 99 41 18 18 29 63 76 44 58 58 54 24 41 21 94 40 27 98 78 74 54 99 8 86 8 
23 8 62 96 51 18 94 44 87 63 72 49 90 15 58 47 20 82 39 41 27 79 19 24 56 92 77 7 99 62 66 74 21 27 21 72 44 66 15 31 80 86 31 70 52 41 68 71 22 7 63 48 37 81 23 44 72 99 50 23 12 15 48 32 42 68 3 
37 85 17 19 64 54 2 33 57 42 1 80 63 59 42 62 95 23 84 38 46 34 88 68 45 54 67 76 47 34 79 84 18 47 2 82 1 55 66 57 96 18 36 10 76 30 71 70 52 6 60 97 39 99 17 35 52 83 11 51 69 41 34 38 87 87 19 
39 42 37 96 89 54 83 99 30 12 69 51 15 27 62 64 17 60 80 52 64 14 62 14 82 54 99 20 40 37 90 79 30 26 26 19 32 60 17 61 72 37 63 86 63 25 49 32 36 80 83 99 94 96 64 27 49 62 46 88 51 88 18 80 13 43 98 
44 3 66 56 26 55 71 63 69 47 64 100 82 43 82 81 88 29 44 15 77 58 12 17 8 99 34 39 64 29 89 59 83 54 67 8 8 37 70 29 83 33 28 16 28 62 48 67 90 44 33 19 1 45 35 60 95 20 98 10 100 86 69 82 92 87 89 
51 75 11 79 9 95 7 24 74 20 72 41 61 15 73 79 67 69 65 26 16 37 75 25 36 61 45 18 52 31 58 54 5 68 33 65 15 91 89 88 10 12 28 70 26 53 1 92 21 17 69 88 5 43 13 41 55 57 10 58 40 67 12 96 87 44 61 
53 86 1 40 95 12 20 16 37 72 68 80 44 37 100 32 41 94 96 81 49 4 42 58 43 61 69 91 47 64 51 99 49 51 90 95 14 9 63 2 32 82 33 28 18 32 59 59 25 6 39 25 9 33 83 4 93 3 94 91 67 44 41 67 46 30 62 
11 91 76 12 22 57 44 49 75 75 59 33 51 64 23 28 25 55 10 28 47 64 21 89 30 16 29 49 13 59 62 23 49 37 34 22 93 29 71 19 55 81 3 57 97 26 84 21 32 45 48 31 9 20 19 38 35 48 38 99 58 99 21 6 35 6 27 
80 34 49 50 40 30 53 96 78 30 80 98 61 24 97 43 84 16 62 22 2 61 11 100 18 10 20 75 96 77 53 27 62 2 77 1 83 29 96 12 10 27 9 70 3 5 13 86 72 26 59 73 86 70 72 55 31 43 29 26 19 33 53 80 86 81 32 
20 61 79 31 70 6 39 91 60 95 3 45 66 80 56 38 17 77 61 71 7 3 51 84 21 84 36 52 69 68 83 89 28 62 19 97 19 10 88 30 4 42 26 22 22 81 11 38 57 72 61 15 74 11 99 47 94 86 50 15 54 85 3 81 98 73 30 
68 82 69 97 86 10 22 7 83 55 17 73 63 88 33 78 14 95 28 12 41 13 13 55 18 97 57 51 46 29 80 13 11 100 9 48 9 83 54 44 37 22 68 51 62 52 80 27 46 7 38 86 72 2 40 89 51 48 39 96 29 70 61 91 69 21 38 
30 3 43 73 91 64 40 94 25 43 73 3 88 80 40 26 51 94 65 91 44 65 30 91 93 51 51 35 20 72 72 49 26 66 73 69 81 64 62 58 6 86 60 93 65 52 18 67 45 35 10 40 99 39 30 43 89 33 77 60 56 100 8 33 17 80 53 
97 43 14 54 100 100 14 93 16 65 62 35 61 48 44 100 98 34 81 40 74 13 68 34 20 19 93 53 35 73 5 84 67 71 37 67 22 50 11 89 66 24 23 26 72 18 77 69 3 58 61 77 22 80 62 42 51 54 94 37 78 50 20 97 72 57 63 
93 58 25 82 76 48 56 1 71 26 78 40 28 35 52 4 56 83 65 49 33 71 94 70 48 44 41 44 15 97 58 60 7 34 93 82 82 100 34 4 25 11 95 53 97 46 8 5 81 25 53 13 47 47 34 94 42 75 90 8 23 47 67 81 81 11 62 
14 11 96 17 35 58 12 39 7 9 99 11 89 75 15 54 21 61 39 66 54 65 55 62 88 54 80 20 34 91 82 99 1 29 67 87 38 78 78 44 39 76 54 27 2 21 32 22 33 71 87 87 35 94 100 74 47 79 94 80 69 27 30 21 55 96 60 
92 26 37 88 64 64 93 42 65 13 74 38 46 96 76 84 30 69 83 4 15 61 49 46 82 75 75 54 29 23 13 72 48 1 11 63 16 4 4 32 16 29 69 13 24 97 96 54 65 30 9 32 91 57 77 24 31 4 29 11 78 42 34 25 94 45 87 
10 48 42 41 15 71 10 28 94 58 75 99 22 5 59 53 47 15 82 22 97 37 50 7 14 43 41 38 37 37 76 46 84 69 86 50 91 47 29 85 4 56 35 78 60 94 82 58 60 63 79 57 51 28 63 64 23 55 53 59 91 80 56 26 49 41 28 
39 40 56 75 95 11 62 72 22 55 54 79 66 68 9 22 19 89 37 34 11 43 87 21 86 66 76 63 66 68 90 57 7 98 83 2 60 44 73 82 50 78 12 16 98 73 89 68 13 25 1 23 68 87 95 5 5 70 67 22 37 57 78 44 6 61 97 
65 56 21 98 6 99 62 73 48 34 61 15 46 86 15 20 5 54 14 9 10 83 75 31 71 83 61 14 88 73 62 5 28 83 2 85 33 63 57 80 48 18 94 45 55 60 64 59 13 77 67 22 11 93 5 82 28 65 47 67 89 9 71 68 43 73 53 
75 87 9 6 35 78 99 79 32 10 95 90 23 23 8 96 34 53 100 67 80 16 65 46 4 25 69 72 67 41 76 93 27 36 98 13 14 48 44 97 58 38 87 32 60 46 27 45 50 27 11 29 42 28 27 98 52 47 21 71 87 48 63 65 83 13 30 
48 12 73 45 21 10 83 52 69 28 79 66 78 57 76 58 50 3 36 99 7 82 19 77 20 66 91 37 1 55 66 48 67 38 44 87 99 26 91 19 6 21 84 35 77 12 92 78 66 80 77 72 13 47 100 85 65 43 21 65 97 86 64 15 75 8 54 
73 85 44 91 90 16 27 24 44 38 68 21 3 99 97 75 11 96 26 95 60 68 67 76 17 52 39 31 26 98 84 50 35 79 93 24 94 19 100 37 8 67 58 10 17 6 36 27 1 14 74 12 81 40 87 97 44 78 28 21 75 63 23 9 42 15 85 
35 85 84 24 92 2 33 53 18 38 41 96 91 54 69 2 34 61 89 83 4 18 62 76 92 24 98 53 17 64 89 4 48 72 27 91 25 59 96 42 48 36 37 38 89 58 92 74 70 32 8 25 49 21 100 92 45 98 96 13 61 84 16 61 7 94 51 
31 4 98 24 52 33 13 41 73 22 84 99 91 15 6 15 15 27 66 7 23 63 2 87 76 38 55 88 44 48 90 27 4 88 50 55 20 62 47 45 35 31 43 25 97 100 91 12 78 57 70 52 71 71 39 46 8 93 85 4 92 75 30 95 62 31 1 
33 93 100 29 27 30 71 4 78 23 94 89 100 50 58 52 73 81 42 18 40 34 55 43 77 29 24 72 42 55 24 74 99 23 3 25 52 25 80 82 99 74 70 99 75 80 2 47 60 95 17 51 80 71 94 56 51 17 27 92 23 51 65 21 73 19 98 
77 96 77 58 94 2 79 44 77 58 97 75 69 91 43 72 70 13 17 78 63 33 4 6 56 6 23 28 31 41 25 59 88 2 16 82 3 46 77 31 56 74 58 76 16 100 47 38 13 63 15 27 48 70 85 55 28 7 82 58 47 7 16 87 60 83 20 
62 80 96 45 35 21 2 11 89 1 57 26 65 72 40 44 19 61 28 25 88 34 6 45 32 64 12 18 23 46 37 85 26 85 81 60 5 82 22 93 34 31 70 99 2 9 94 72 22 21 96 9 6 53 54 37 17 17 7 39 63 43 75 88 27 55 99 
84 88 21 28 22 3 98 72 4 6 65 27 79 37 22 88 42 74 93 30 42 9 36 81 23 31 55 62 9 62 61 92 49 33 20 22 35 17 45 90 74 9 16 53 97 89 92 38 14 84 20 56 92 55 36 15 85 42 76 94 55 88 85 56 72 56 77 
58 24 22 99 50 82 66 54 31 54 45 20 68 28 39 75 71 94 10 85 78 3 13 23 58 52 60 13 76 15 41 85 91 14 84 40 48 49 45 78 55 89 97 74 16 36 48 86 81 9 23 58 11 87 81 20 90 92 84 17 6 25 2 48 90 85 87 
37 85 83 66 39 71 63 12 38 50 11 76 30 19 50 39 82 88 71 1 77 62 85 94 20 61 95 67 50 31 6 87 15 88 4 6 59 66 69 48 67 80 23 48 50 72 87 31 59 9 32 88 71 68 33 42 28 79 8 77 9 65 15 75 53 19 32 
63 36 53 62 3 32 85 50 33 8 88 64 19 97 47 6 19 14 90 60 93 68 19 69 28 84 36 54 88 54 86 2 89 38 63 43 21 99 45 53 59 84 68 77 32 66 34 50 31 23 61 23 90 32 92 17 15 79 70 54 32 7 7 72 96 21 67 
16 20 63 21 78 46 40 6 78 6 39 79 36 61 92 59 50 23 2 18 89 80 39 94 63 46 100 86 41 20 4 9 91 66 81 20 64 20 77 93 25 15 71 13 75 14 71 76 36 24 45 76 55 84 69 69 81 20 54 21 92 10 81 34 75 61 54 
38 81 82 82 57 97 53 69 23 18 91 51 6 66 95 81 20 78 50 40 58 21 46 31 12 55 11 46 29 24 51 19 4 32 100 12 28 4 81 3 22 23 53 27 89 99 59 60 29 60 100 38 81 45 20 92 99 31 37 79 6 39 97 9 71 49 20 
50 52 52 4 25 75 56 3 15 7 62 26 35 21 25 72 53 21 44 45 71 74 33 50 79 72 98 39 94 98 10 43 2 62 47 26 88 54 81 54 60 94 79 46 66 56 70 19 76 13 63 99 38 47 100 68 70 49 6 63 47 67 58 48 80 4 25 
67 9 5 72 21 98 51 66 64 6 87 82 33 99 96 31 36 94 82 55 64 31 12 78 77 79 35 76 58 90 100 77 99 5 48 71 54 98 36 69 55 75 50 88 73 97 70 61 43 52 15 6 82 27 35 58 5 70 85 14 59 84 90 9 40 38 79 
94 35 67 62 90 41 64 29 13 12 98 25 54 49 40 11 82 18 46 91 74 15 75 87 25 59 77 34 98 66 12 43 100 30 5 41 70 20 21 35 31 19 59 37 19 50 47 1 67 92 43 92 58 18 31 35 28 7 68 77 24 31 20 75 61 76 16 
82 95 36 16 77 6 75 13 77 76 60 29 95 3 71 86 13 40 16 47 67 74 14 44 97 96 15 72 8 90 39 90 84 26 5 12 84 31 25 60 7 84 88 1 38 10 38 50 50 54 96 16 79 9 11 28 57 25 99 64 66 89 53 1 66 10 13 
49 40 37 60 98 20 47 98 57 57 36 7 6 41 54 73 19 63 36 46 71 60 96 34 26 36 39 26 2 48 90 2 39 26 62 37 97 60 34 54 68 21 12 25 61 65 98 32 79 85 29 49 44 25 35 21 12 73 99 13 72 88 15 10 14 28 46 
62 87 32 15 7 52 78 31 65 95 80 96 25 64 76 26 60 52 60 80 64 84 30 76 55 70 42 64 35 21 62 96 60 93 63 66 44 92 96 60 86 76 7 63 91 83 88 50 34 99 82 97 82 63 25 36 32 66 51 66 39 12 14 98 4 76 63 
100 19 10 59 57 85 66 19 28 100 6 77 33 56 10 82 37 73 6 24 4 23 26 22 61 90 87 58 93 14 72 44 32 82 55 88 66 72 6 45 71 63 22 55 18 31 36 6 3 41 81 59 16 7 32 76 96 18 86 40 31 57 36 62 38 90 50 
56 61 7 100 83 70 73 37 39 56 73 45 58 65 77 68 80 83 51 8 30 68 93 22 50 1 57 12 39 98 13 46 58 71 45 40 40 18 28 31 25 100 27 34 17 3 2 96 38 52 55 67 72 99 88 21 100 96 84 38 93 48 35 2 19 79 41 
10 48 21 40 72 20 66 6 88 21 59 36 58 62 90 24 33 89 64 6 88 11 89 77 4 37 11 5 55 41 98 64 41 18 56 64 89 21 69 77 41 79 12 50 41 53 26 25 41 89 30 80 99 19 8 54 7 70 59 61 63 8 76 3 25 31 66 
65 4 87 41 96 65 4 46 57 57 71 82 49 11 11 81 61 81 40 15 87 62 73 99 24 80 75 78 56 57 43 20 12 81 13 8 98 16 5 54 24 75 35 25 85 46 57 45 78 96 11 65 57 83 63 32 14 89 9 69 98 4 41 9 84 53 68 
81 20 72 87 96 46 21 72 82 18 28 79 96 75 89 12 32 24 74 15 89 15 76 10 12 79 50 72 14 54 40 95 25 11 81 72 9 53 43 42 23 70 72 18 45 13 29 28 36 54 42 76 68 17 85 31 47 86 3 61 91 42 7 16 4 39 87 
12 91 30 6 13 51 77 82 95 89 62 74 76 16 68 4 35 36 88 66 83 26 20 43 16 61 1 31 16 39 70 80 81 51 85 94 1 13 27 48 2 89 21 29 4 88 32 90 24 72 55 58 97 74 100 12 86 52 95 2 90 16 81 70 66 17 15 
18 29 42 65 82 30 38 63 85 77 46 74 100 17 81 57 65 54 8 29 92 11 75 45 100 90 25 22 55 93 36 24 21 77 89 3 58 78 65 94 54 62 68 6 79 100 14 95 53 74 23 96 84 97 40 84 38 16 5 92 8 40 16 81 69 56 83 
78 33 99 72 38 60 91 43 90 90 57 37 94 30 59 90 13 8 29 48 45 97 4 89 56 96 56 36 64 63 18 93 47 68 64 84 80 54 27 21 43 35 57 37 64 68 78 28 75 58 28 71 54 31 11 10 26 66 45 41 28 15 34 26 34 97 10 
13 3 88 34 97 74 42 33 37 9 10 16 35 68 43 58 73 26 68 82 51 86 79 92 65 45 77 91 78 73 52 43 27 39 28 24 12 69 56 100 30 18 67 64 37 62 21 9 87 41 43 37 26 73 80 90 17 56 32 46 81 83 88 7 73 15 82 
36 84 90 35 13 7 54 28 95 15 1 55 1 41 49 89 18 21 21 59 89 28 91 35 8 73 22 67 46 37 48 81 72 37 68 36 95 21 15 89 87 15 96 39 7 44 79 24 65 99 83 5 27 25 39 34 97 61 52 94 49 100 27 72 88 46 7 
0 1 0 0 1 1 1 1 1 1 1 1 1 0 1 1 0 1 0 1 1 0 1 1 0 0 1 1 1 0 1 1 1 1 0 0 0 1 1 0 0 0 1 1 0 0 1 0 1 1 0 0 1 1 1 1 1 0 0 0 0 1 0 1 0 0 1 
1 1 0 1 0 1 0 1 1 0 0 0 1 1 0 1 0 1 1 1 0 1 1 0 0 0 0 1 1 0 1 0 0 1 1 0 0 1 1 0 1 0 0 0 1 0 1 0 1 0 1 1 0 1 1 0 1 0 1 0 0 0 0 0 0 1 0 
0 0 0 0 1 0 0 1 1 0 1 1 1 1 1 0 1 0 0 1 1 0 1 0 0 1 0 1 1 0 1 0 0 1 0 0 1 1 1 1 1 0 0 1 0 1 1 1 1 1 1 1 1 0 1 0 1 1 1 1 1 0 1 0 0 1 0 
1 0 1 0 0 0 1 1 0 0 0 1 0 0 0 1 1 0 0 1 0 1 0 1 1 1 0 1 1 1 1 0 0 0 1 0 0 0 1 0 0 1 0 0 1 0 1 1 1 1 0 1 1 1 0 0 0 0 1 1 1 0 1 1 0 0 1 
1 0 0 1 1 0 1 1 1 0 1 0 1 0 1 0 1 0 0 1 0 0 0 1 1 0 0 1 1 1 0 0 1 1 1 0 1 1 0 0 1 1 1 0 1 0 0 1 0 0 0 0 0 1 1 1 1 1 0 0 0 1 0 0 0 0 0 
1 1 0 1 0 1 0 0 1 0 0 0 0 0 0 0 0 1 1 1 1 1 0 1 1 1 0 1 1 0 0 0 1 0 1 1 0 0 1 1 0 1 1 1 1 1 1 1 1 1 0 0 0 0 1 1 1 1 1 0 1 1 0 0 1 0 1 
1 0 0 0 0 1 1 1 0 1 1 1 0 0 0 0 0 0 1 1 0 1 0 0 0 1 1 1 1 1 0 0 1 1 1 1 0 0 1 1 1 0 0 1 0 0 1 0 1 1 1 1 0 0 1 0 1 0 1 0 1 0 1 0 1 0 0 
1 0 1 0 0 1 1 1 1 1 1 1 0 0 0 1 0 0 1 0 0 1 0 0 1 0 1 1 1 1 1 0 0 0 1 0 1 0 1 0 1 0 1 0 0 0 1 0 0 0 1 0 0 1 1 1 1 0 0 0 0 0 0 0 0 1 0 
0 1 1 0 1 0 0 1 0 0 0 1 0 1 0 1 1 1 0 0 0 0 0 0 0 0 0 0 1 0 0 1 1 0 1 0 0 1 1 0 1 0 1 0 1 1 1 0 0 1 0 0 1 0 0 0 1 1 0 0 1 1 1 0 1 0 1 
1 0 0 1 1 0 1 1 1 0 0 1 1 1 1 1 1 0 0 1 1 1 1 1 0 0 0 0 1 0 1 0 0 0 0 0 0 1 1 0 1 0 1 0 1 1 0 0 1 0 1 0 1 1 1 1 1 1 1 1 1 1 1 0 1 1 0 
1 0 1 1 0 1 1 0 1 0 0 1 1 0 1 1 1 0 0 0 1 1 0 0 0 1 0 0 0 1 0 1 0 0 1 0 1 0 0 0 0 1 0 1 1 1 0 1 1 0 1 0 1 1 1 1 0 1 0 0 0 0 0 0 0 1 0 
0 1 1 0 1 0 0 0 1 1 0 0 0 0 0 1 1 1 0 0 0 1 0 0 1 1 0 0 1 1 0 1 0 1 0 1 1 0 1 1 0 1 1 0 1 1 1 0 1 1 1 1 0 1 1 0 0 0 0 0 1 0 1 0 0 1 1 
1 0 1 0 0 0 0 0 0 1 0 0 0 1 1 1 0 1 1 0 1 1 0 1 0 0 1 0 0 0 0 0 0 1 0 0 1 0 1 1 0 1 0 0 0 1 0 0 0 1 0 0 0 0 1 0 1 0 1 1 1 1 1 1 0 0 0 
1 0 1 1 0 0 1 1 0 0 1 1 1 0 1 1 0 0 0 0 1 1 1 0 0 0 0 1 0 0 1 0 0 0 1 1 0 0 0 1 0 1 0 1 1 1 0 1 1 1 1 0 0 1 1 0 1 1 1 0 1 1 0 1 1 1 0 
0 1 0 1 1 1 1 1 0 0 1 1 0 0 1 0 0 0 1 0 1 0 0 1 1 1 1 1 0 0 1 0 1 0 1 1 1 0 0 0 1 1 1 1 0 0 1 0 0 1 1 0 1 1 1 1 0 1 0 0 1 1 1 1 1 0 0 
1 1 0 1 0 1 0 1 1 1 0 0 1 1 1 1 1 0 1 0 0 0 0 0 1 1 1 0 1 0 0 0 1 0 1 1 0 1 0 1 0 0 1 0 0 0 1 1 0 0 1 0 0 1 1 0 0 0 0 1 0 1 1 1 1 0 0 
1 0 0 1 0 1 0 0 1 1 0 0 1 0 1 0 1 0 1 1 0 1 1 0 0 0 1 1 0 0 0 1 0 0 0 0 1 1 1 0 0 1 0 1 1 1 1 0 1 0 1 0 0 1 0 0 1 1 1 1 1 1 1 1 0 1 0 
1 0 1 0 0 0 0 0 1 0 1 0 1 0 1 1 0 0 1 0 0 1 1 1 0 1 0 0 1 0 0 0 0 1 0 1 1 1 1 0 1 0 0 0 0 0 0 0 0 1 0 0 0 0 0 1 1 0 1 0 0 1 0 1 0 1 0 
1 0 1 1 1 1 0 1 0 0 1 0 0 1 1 1 1 1 1 0 0 1 1 0 0 0 0 1 0 1 1 1 1 0 1 0 1 1 0 1 1 1 0 1 0 1 0 0 0 1 0 0 1 0 0 1 0 0 0 1 0 1 0 1 1 1 0 
0 0 0 0 1 1 0 1 0 1 1 0 1 1 0 1 0 0 1 1 1 1 1 0 1 0 0 1 1 0 1 1 0 1 1 0 0 1 1 0 0 0 0 1 1 1 0 1 1 1 0 0 1 1 0 0 1 1 1 0 1 0 0 1 1 1 1 
0 1 0 0 1 1 1 1 0 0 1 0 1 1 0 0 0 0 0 0 1 1 0 0 0 0 0 0 0 1 1 0 0 0 0 0 1 1 1 1 1 0 1 1 1 0 1 1 0 1 0 1 1 0 1 1 0 1 1 0 1 1 0 1 1 1 1 
0 0 0 1 0 1 1 1 0 1 0 0 1 1 0 0 0 0 0 0 0 1 1 1 0 0 1 0 1 0 1 1 1 0 1 1 1 0 0 1 1 0 1 0 1 1 0 0 1 0 0 0 0 1 1 0 0 0 0 1 1 0 1 0 0 0 1 
1 0 1 0 1 1 0 1 0 1 1 0 1 0 0 1 0 0 0 0 0 0 1 1 1 1 0 1 1 0 0 0 0 1 0 1 0 0 0 1 0 0 1 1 0 0 0 0 0 0 0 0 0 1 1 0 0 0 1 1 0 0 1 1 1 0 0 
0 0 1 1 0 1 0 1 1 0 1 1 0 1 1 0 0 1 0 0 1 0 1 1 0 1 0 1 1 0 0 1 1 1 0 1 0 0 1 1 1 0 0 1 0 1 0 0 0 0 0 0 0 1 1 0 1 1 0 0 0 0 1 1 1 1 0 
1 1 1 0 0 0 0 0 0 1 0 0 0 0 0 0 0 1 1 0 0 0 0 0 0 0 1 1 1 0 0 0 0 1 0 0 1 0 0 1 0 0 1 0 0 1 0 0 1 1 1 1 1 1 0 0 0 1 1 1 0 1 0 0 1 0 0 
0 1 1 0 1 1 1 1 0 1 1 0 0 0 1 1 1 1 1 1 1 1 1 0 1 0 0 1 1 1 1 0 0 0 0 1 0 1 0 0 0 1 0 0 1 0 0 0 1 1 0 0 0 1 0 1 1 1 0 1 0 0 1 0 0 1 1 
0 0 1 0 1 0 1 1 1 1 1 1 0 1 1 0 1 0 0 1 0 1 1 1 1 1 0 1 0 1 0 0 1 1 1 0 1 0 0 0 1 1 0 1 0 1 1 0 0 1 1 0 1 0 1 0 0 1 0 0 0 0 0 1 0 1 0 
1 1 0 0 0 1 0 1 0 1 0 0 1 0 1 1 1 1 0 1 1 1 1 1 1 0 0 1 0 1 1 1 1 1 1 1 0 1 1 0 1 1 0 0 1 1 0 0 1 0 0 0 0 1 0 1 1 0 0 1 1 1 1 0 0 0 0 
1 0 1 1 1 0 0 1 0 1 1 0 0 0 0 1 0 0 1 1 1 1 0 1 0 1 0 1 0 0 1 1 0 0 0 1 0 0 1 0 0 0 1 0 0 1 1 0 1 0 0 1 1 0 0 0 1 0 1 1 0 0 0 1 0 1 0 
0 1 1 1 1 0 0 0 0 1 1 1 1 0 1 0 1 1 0 1 0 0 0 0 0 0 0 1 0 1 0 1 1 1 0 0 1 0 0 0 1 0 1 0 0 0 0 1 1 0 1 1 0 1 1 1 0 0 0 0 1 0 1 0 0 1 1 
1 1 1 1 1 1 0 1 1 0 0 1 1 0 0 1 1 1 0 0 1 0 0 0 0 1 1 0 1 1 1 0 0 1 0 1 0 0 1 0 1 1 1 0 1 1 1 0 0 0 0 0 0 1 0 0 0 1 1 1 0 0 1 1 1 1 0 
0 0 1 0 1 0 1 1 0 0 1 0 0 1 1 0 1 0 0 0 0 0 1 1 0 1 0 1 1 0 0 1 0 1 1 1 0 0 0 0 0 1 0 0 0 1 1 0 1 1 0 1 1 1 0 0 0 1 1 1 1 1 0 1 1 1 0 
1 1 0 1 1 0 1 0 0 1 1 0 0 0 0 0 0 1 0 0 0 1 1 1 0 1 0 1 0 1 1 1 1 0 0 0 0 1 0 0 0 1 1 1 0 1 1 0 1 1 0 1 1 1 0 1 0 0 1 0 0 0 1 1 0 1 1 
0 1 0 1 1 1 0 0 1 1 1 1 0 1 1 1 0 1 0 1 1 0 0 0 0 1 1 1 1 1 1 0 0 1 1 1 0 1 0 0 0 1 1 1 0 1 0 0 0 0 0 1 1 0 1 1 1 1 1 1 0 0 1 0 1 0 1 
1 1 1 1 1 1 1 0 1 0 1 0 0 1 0 1 0 0 1 0 0 0 1 1 0 1 0 0 0 0 1 1 1 1 1 0 0 0 1 1 0 0 1 0 1 1 1 0 0 0 0 0 0 1 1 0 0 1 0 0 1 0 1 0 1 0 0 
1 0 1 0 0 1 0 0 1 1 0 1 1 0 1 1 1 0 0 1 0 1 0 0 0 0 1 0 1 0 1 0 0 0 0 1 0 0 1 1 0 1 0 1 0 1 1 1 1 1 0 1 1 0 1 1 0 0 0 1 0 1 1 1 1 0 0 
1 0 1 0 0 1 0 0 1 1 1 0 0 0 0 1 1 1 0 1 1 1 1 1 1 0 0 0 1 0 0 1 1 0 1 1 1 0 1 0 1 0 0 0 1 0 1 0 1 0 1 1 1 0 0 0 0 0 1 0 1 1 1 0 1 0 1 
0 0 1 0 0 1 0 0 0 1 1 1 0 1 0 1 0 1 1 1 1 0 0 1 1 1 0 1 1 1 0 1 1 1 0 1 1 0 1 1 1 1 0 0 0 1 1 1 0 1 0 1 1 0 1 0 1 1 1 0 0 1 0 0 1 0 1 
0 0 1 1 0 0 0 0 0 1 1 1 1 0 1 0 1 1 1 1 1 1 0 1 1 0 1 1 1 1 1 1 0 0 0 0 0 0 0 0 1 1 0 0 0 1 1 1 1 0 1 0 1 1 1 1 1 1 0 0 0 1 1 0 1 0 0 
1 0 0 0 0 0 0 0 0 1 1 1 0 0 0 0 1 0 0 0 1 1 1 0 1 0 1 0 0 1 0 1 0 1 1 0 1 1 0 1 1 0 0 1 0 1 0 1 1 0 0 0 1 1 0 0 1 0 0 1 1 1 1 1 0 0 1 
1 0 0 0 1 0 0 0 0 1 0 1 0 0 1 1 1 0 1 0 0 1 0 1 1 1 0 0 1 1 0 0 1 0 0 0 0 1 0 0 0 1 1 1 1 1 0 1 1 1 1 1 1 1 1 0 1 1 0 0 0 0 1 1 0 1 1 
0 0 0 0 1 1 0 0 0 1 0 1 0 1 0 0 0 0 1 0 1 0 1 1 1 1 0 0 0 0 0 0 0 0 1 1 1 1 1 1 0 1 1 0 1 1 0 1 1 1 0 0 0 1 0 1 0 0 1 0 0 1 1 1 1 0 0 
0 1 0 0 1 1 1 1 0 0 0 0 0 1 0 0 1 1 0 0 1 1 0 0 1 1 1 0 1 1 1 1 0 1 1 1 0 0 0 1 1 0 1 1 0 1 1 1 0 0 0 1 1 0 1 0 1 0 1 0 1 0 0 1 1 1 0 
1 0 1 0 1 1 1 0 1 0 1 1 0 1 1 0 0 1 1 1 0 0 0 1 1 0 1 1 1 0 1 0 0 0 1 1 0 0 1 1 1 1 0 1 0 1 1 1 0 1 0 1 1 0 0 0 0 1 1 1 1 1 1 0 1 0 1 
1 1 1 1 0 0 1 1 0 1 1 1 1 0 1 0 1 1 0 1 1 1 1 0 1 0 0 1 1 0 0 1 1 1 0 1 1 1 1 0 0 0 1 0 0 1 0 1 0 1 0 0 0 1 0 1 1 0 0 1 1 1 0 0 0 0 0 
0 1 1 0 0 1 1 0 1 0 0 0 1 1 0 1 0 0 1 1 1 0 0 0 1 1 0 1 1 0 1 1 0 0 1 0 1 1 0 0 1 0 0 0 0 1 1 0 1 1 1 0 1 1 1 0 0 1 1 0 0 1 1 0 1 1 0 
1 0 0 1 1 0 0 0 0 1 1 0 0 0 0 0 1 1 1 1 0 1 1 0 1 0 1 1 1 0 1 0 0 1 0 0 1 0 0 0 1 1 0 1 0 0 1 1 0 1 1 0 0 0 0 1 0 1 0 1 0 1 0 0 0 0 0 
1 0 0 1 1 0 0 0 0 0 1 1 0 0 0 0 0 0 0 1 0 0 1 0 0 0 0 0 0 0 1 0 0 1 1 1 1 1 1 1 0 0 1 0 1 1 1 1 0 1 1 0 1 0 0 1 1 0 0 1 0 1 1 0 0 1 1 
0 0 0 1 0 1 0 1 0 0 0 1 0 1 0 0 1 1 1 0 0 1 0 1 0 1 1 0 0 0 0 0 0 0 1 1 1 0 0 1 0 0 1 0 1 1 0 0 0 1 1 0 1 1 0 1 1 1 1 1 1 1 1 1 0 0 0 
1 0 0 1 0 0 0 0 0 1 1 0 0 0 1 0 1 1 0 0 0 1 0 1 0 1 0 0 1 0 0 1 1 1 0 1 1 0 0 1 1 1 0 1 1 1 0 1 0 0 1 0 0 1 1 0 1 1 0 0 0 1 1 1 0 1 0 
1 1 0 1 1 1 1 0 1 0 0 0 1 1 1 1 1 1 1 1 0 0 0 0 0 1 0 1 1 1 0 0 1 0 1 0 0 0 0 1 1 1 1 0 0 0 1 1 1 0 0 1 1 0 0 1 1 0 1 0 1 1 1 0 1 0 0 
1 1 1 0 0 0 1 0 0 0 1 1 1 0 1 1 1 0 1 0 1 1 1 0 0 0 1 1 0 1 1 1 0 0 0 0 0 1 0 0 1 0 1 1 0 1 0 1 1 1 1 0 0 1 0 0 1 1 1 1 1 1 1 1 1 1 0 
0 0 0 0 0 0 0 1 0 1 1 1 0 0 1 0 0 0 1 0 1 0 0 1 1 1 0 1 0 1 1 0 1 1 1 1 0 1 0 0 0 1 0 0 1 1 0 1 1 1 0 0 0 0 1 1 1 1 0 1 0 1 0 0 1 1 1 
