52 63 2069
99 49 17 87 22 1 38 53 4 92 56 35 91 66 95 74 25 16 5 58 93 19 60 41 39 81 59 17 79 21 73 29 21 41 67 43 41 56 95 96 99 2 82 90 68 29 15 44 44 19 1 88 37 60 28 75 40 86 43 70 59 15 98 
79 7 65 21 48 20 68 43 71 69 77 60 36 5 74 31 48 44 31 36 33 42 15 59 34 53 2 3 11 68 53 89 75 69 62 74 40 29 68 10 49 44 21 37 48 46 67 48 90 98 35 74 91 49 32 24 1 33 79 63 53 83 52 
79 3 13 52 94 93 19 4 93 15 76 29 62 22 96 9 63 45 43 36 87 44 19 11 96 52 41 59 56 75 62 34 77 26 85 70 70 55 25 62 69 1 91 83 74 38 91 88 82 86 23 68 81 93 30 76 44 22 86 51 96 99 84 
24 24 20 94 93 75 70 7 95 70 49 77 95 86 68 82 19 5 56 38 85 49 68 12 92 41 50 95 37 48 78 12 72 98 5 16 24 27 74 18 96 22 95 43 7 14 24 25 18 80 63 54 28 82 65 71 22 66 65 10 14 95 22 
37 92 78 4 15 4 78 84 52 99 78 94 58 91 17 82 60 96 96 13 75 77 30 46 51 95 10 60 60 4 33 96 47 11 100 13 66 29 97 17 79 26 10 36 69 79 70 28 26 65 93 1 94 74 46 96 20 7 55 32 63 40 27 
9 50 78 74 15 6 70 84 85 47 45 72 15 23 41 95 49 6 39 1 51 64 46 46 35 4 52 66 66 91 45 75 92 22 48 59 80 69 42 16 67 38 87 82 61 28 28 61 85 18 13 87 33 58 32 67 61 35 33 27 78 29 53 
69 50 52 27 81 72 20 96 38 58 83 71 70 62 98 82 98 67 94 84 99 3 67 66 15 53 50 93 30 78 45 99 79 48 77 60 19 49 7 57 58 41 27 79 2 77 60 51 43 5 34 94 59 52 11 73 5 60 66 34 89 62 84 
67 10 61 78 80 61 85 36 18 25 15 96 79 43 7 29 85 63 15 30 21 66 40 93 22 51 10 8 39 24 91 58 85 3 87 64 63 71 52 80 48 66 27 26 8 33 54 44 95 20 74 67 38 65 60 59 16 21 66 6 44 57 15 
28 59 2 44 74 72 95 53 19 12 32 96 71 16 2 14 11 21 39 77 58 56 88 17 71 61 34 28 4 42 43 84 1 44 27 26 67 73 78 38 84 61 33 54 77 34 19 39 55 58 67 64 13 55 80 35 15 66 62 70 7 4 53 
59 99 31 84 66 3 14 55 86 74 87 91 50 73 10 88 79 19 55 42 31 61 74 17 27 39 78 96 45 34 1 56 84 83 39 1 86 52 55 23 26 94 14 27 66 23 15 96 41 21 37 23 81 62 39 59 100 68 6 97 53 6 52 
37 89 42 89 26 94 44 48 71 37 13 97 54 87 63 49 79 83 37 53 15 99 43 25 50 11 31 46 15 88 49 3 28 43 92 53 36 35 53 58 23 65 6 76 4 69 76 82 3 12 35 70 10 77 94 60 39 24 57 54 12 58 8 
39 100 99 44 87 85 96 96 59 12 1 34 15 21 61 97 76 73 31 45 82 59 38 93 98 14 2 3 77 11 10 67 62 9 10 48 45 5 95 4 69 95 89 83 68 50 79 43 22 61 87 55 20 76 100 69 41 1 71 17 11 80 36 
72 40 45 71 85 2 17 40 70 11 28 52 30 77 83 72 50 95 10 5 66 38 4 34 78 56 4 47 18 36 82 41 75 78 63 11 79 79 50 48 41 78 52 71 6 86 94 56 32 4 60 98 41 15 83 70 22 39 68 39 74 49 31 
100 27 93 11 57 71 12 5 11 89 8 33 47 45 27 2 76 30 13 25 22 27 8 43 100 46 11 38 19 59 20 70 37 12 32 94 82 44 50 44 84 9 77 30 53 3 31 80 84 43 5 57 21 12 99 20 9 9 9 79 20 28 48 
56 39 80 49 72 75 50 68 58 58 44 40 62 98 70 42 81 65 98 37 37 9 87 57 69 96 17 47 15 45 94 70 35 25 71 7 99 72 26 9 30 69 48 91 18 69 84 50 33 81 38 70 41 24 78 9 19 94 55 33 90 1 55 
25 77 77 83 28 48 8 36 29 28 35 72 45 3 55 94 88 36 31 9 28 54 38 37 25 83 43 9 73 43 15 97 72 91 79 99 91 38 86 19 65 20 90 9 74 97 54 13 84 36 73 11 89 10 47 65 93 90 74 65 84 88 13 
55 31 91 53 73 28 90 91 44 9 33 4 35 81 57 47 64 92 20 74 32 81 21 97 73 62 22 89 45 61 1 100 91 43 4 63 22 94 6 65 54 90 68 88 70 24 35 33 15 6 58 99 86 78 95 11 39 16 99 84 76 100 35 
19 42 90 33 64 83 90 28 37 31 48 76 100 71 62 84 38 67 42 36 5 71 82 15 10 49 13 45 76 64 31 46 6 20 79 21 3 20 100 91 51 47 66 2 70 80 86 7 46 79 94 2 49 27 68 10 27 81 6 2 96 36 48 
53 8 78 73 10 97 25 52 99 71 69 1 40 48 38 98 46 16 43 99 16 21 67 78 47 99 83 1 94 71 100 47 78 77 71 39 25 95 42 76 18 10 76 57 10 13 7 55 80 1 53 95 22 19 72 20 17 7 20 63 77 19 9 
6 47 31 96 24 26 37 99 95 46 74 51 55 86 9 61 17 10 66 11 83 36 35 2 5 41 22 67 69 92 27 26 39 9 21 62 34 57 60 28 54 85 31 61 22 91 73 38 52 38 100 86 26 34 88 30 26 61 48 94 52 74 71 
42 82 91 55 68 47 66 47 53 50 29 13 23 72 85 60 23 75 60 9 100 45 48 81 71 60 28 16 63 53 87 5 86 77 59 5 76 25 4 28 26 84 92 49 55 28 60 30 2 71 90 1 16 37 33 38 48 60 53 10 64 39 14 
50 68 25 54 95 1 9 74 26 93 65 26 47 92 38 76 46 8 65 98 75 53 31 12 100 90 65 10 54 55 75 55 74 51 60 68 51 69 41 29 61 57 6 7 1 43 35 46 3 51 43 77 4 73 41 55 15 5 16 20 11 43 74 
85 93 33 4 96 1 45 76 13 53 81 72 53 76 6 98 78 8 41 6 11 65 46 18 79 2 33 98 13 75 23 49 20 56 52 15 8 48 42 21 1 74 92 53 49 49 3 78 56 95 84 19 59 81 36 90 83 20 39 47 47 62 47 
66 17 98 32 76 98 25 96 98 98 39 2 47 39 4 76 95 50 11 65 9 92 52 50 26 71 88 72 69 49 18 34 17 67 17 93 16 41 40 13 39 31 67 37 69 22 64 15 72 75 31 32 66 82 81 91 5 68 14 73 69 83 59 
85 49 27 29 17 68 69 29 58 51 47 46 19 21 9 86 92 83 16 23 100 50 55 42 54 74 7 78 42 89 36 27 90 63 55 6 82 75 86 39 77 33 84 48 53 44 33 96 79 100 70 78 49 76 72 54 49 78 32 91 67 19 17 
8 81 23 13 14 50 98 52 26 82 87 73 86 83 57 33 61 57 54 38 57 29 9 63 78 39 94 68 5 12 36 64 45 58 76 58 59 25 62 85 59 100 9 96 82 66 29 42 74 82 32 82 11 92 44 88 30 37 55 86 1 90 49 
97 99 76 6 10 1 19 46 11 71 54 6 52 71 34 46 44 68 29 78 78 20 21 17 2 10 71 39 62 12 40 58 62 15 15 71 67 34 16 77 56 22 83 59 92 68 4 88 35 84 65 12 56 37 28 9 46 50 47 7 13 86 16 
27 1 31 49 19 16 17 96 71 38 78 29 81 45 85 20 80 68 36 43 75 73 23 83 70 24 30 77 89 67 44 15 67 26 15 86 41 31 33 63 20 10 44 53 6 28 72 37 47 60 32 74 84 54 56 53 77 85 81 65 4 25 31 
70 2 46 7 43 76 91 57 48 100 100 100 58 79 23 46 78 82 77 51 65 82 6 70 59 43 2 75 46 26 58 67 80 3 26 74 30 16 30 29 68 82 28 77 12 3 22 89 84 99 39 1 80 97 22 90 91 23 17 88 1 26 54 
80 80 31 53 61 47 34 90 66 15 69 42 27 71 63 67 7 13 58 7 45 54 80 86 96 2 54 83 54 31 88 33 10 19 37 71 17 71 60 82 37 28 75 63 51 37 82 57 2 39 15 98 44 94 35 39 47 41 21 1 71 8 33 
81 78 22 51 94 92 62 27 28 41 1 43 91 90 76 47 91 14 13 40 57 6 26 95 53 66 67 5 37 26 89 17 4 10 19 49 1 32 76 81 24 76 75 15 65 2 13 7 15 78 98 71 83 24 17 87 89 35 91 77 60 80 45 
15 89 15 64 42 46 91 74 22 66 100 88 83 1 100 41 67 77 39 89 12 14 5 98 2 91 41 31 2 20 75 17 60 90 32 53 87 22 26 8 39 77 95 21 29 47 14 95 75 52 83 86 65 39 36 18 29 28 48 31 47 75 99 
58 64 30 11 2 3 88 10 41 17 4 14 45 2 27 40 77 30 22 14 46 13 1 63 41 28 63 23 26 37 21 84 52 50 46 53 4 33 14 45 49 70 58 46 71 36 85 99 65 58 13 62 70 13 24 63 41 38 37 66 26 58 1 
29 59 46 34 63 31 47 59 31 68 68 76 39 3 12 37 19 70 1 80 91 14 55 5 54 45 42 71 70 51 72 51 9 69 84 23 99 82 81 82 50 48 57 40 50 21 28 20 90 29 51 32 42 6 89 47 2 82 69 71 32 92 73 
92 61 56 15 11 90 95 92 39 95 1 30 96 21 57 16 62 85 18 45 26 23 33 24 76 14 93 99 97 84 71 89 96 27 55 59 68 1 50 6 95 2 35 91 74 91 58 35 28 75 80 5 50 64 29 25 30 73 23 78 8 94 66 
4 72 72 62 39 73 63 96 67 17 82 9 90 72 66 25 99 93 56 4 42 71 84 66 52 56 41 30 15 86 47 18 57 19 31 47 91 46 42 9 62 23 70 51 46 35 27 97 27 34 52 20 5 87 38 56 94 78 37 8 15 84 78 
71 2 8 69 44 5 62 4 18 36 73 21 81 60 47 29 38 33 32 58 89 18 47 44 11 76 33 71 90 16 48 60 69 7 80 12 12 41 67 81 76 40 1 8 51 100 89 88 32 20 97 20 90 43 15 52 18 47 22 7 14 69 18 
82 76 49 45 39 89 12 19 16 51 72 76 53 71 64 40 54 35 37 73 24 31 39 28 1 38 49 59 51 70 77 85 97 25 29 87 66 40 5 33 42 28 8 94 98 23 86 51 58 22 75 33 4 66 60 4 3 61 15 5 30 91 89 
78 67 70 64 84 9 20 17 51 48 76 96 45 99 81 48 56 54 74 40 58 39 52 13 93 12 27 50 93 69 90 70 88 59 33 23 68 52 91 70 51 67 17 96 65 98 95 20 3 68 11 12 7 62 25 51 73 3 100 17 24 90 86 
63 48 70 85 67 74 76 88 24 42 5 71 58 54 65 29 56 33 39 68 91 1 44 41 25 98 93 42 21 82 79 35 81 49 20 100 22 47 87 97 40 91 68 97 96 32 25 52 16 63 19 58 15 14 51 40 11 43 81 84 76 59 18 
8 59 89 7 32 87 94 29 26 36 48 74 32 31 50 35 47 65 5 56 79 18 6 70 80 48 2 63 75 13 33 83 71 73 89 55 60 82 83 37 70 30 63 53 60 12 87 58 28 91 14 7 60 71 28 39 19 30 54 93 94 86 27 
16 10 16 70 21 49 4 10 18 33 72 70 45 35 8 54 63 98 19 21 57 90 100 48 60 29 1 52 74 38 31 90 47 46 59 68 94 63 77 64 47 100 85 91 34 93 97 48 42 15 68 51 56 68 98 15 48 50 19 22 87 49 11 
33 94 21 100 39 83 28 2 30 27 87 72 13 31 68 60 72 35 80 74 90 47 71 5 46 20 75 19 6 23 81 91 16 2 42 6 84 70 8 13 48 46 37 60 28 56 20 99 42 99 73 32 97 95 88 94 67 62 13 24 36 93 14 
3 46 56 8 30 77 67 94 24 12 30 36 39 38 55 90 79 5 14 62 1 60 49 46 26 62 58 50 49 3 15 51 48 22 59 29 98 25 75 74 89 56 9 27 93 63 68 72 19 33 33 19 93 34 64 18 47 74 19 96 28 34 46 
27 55 4 56 5 81 30 78 69 85 86 47 30 100 15 1 70 99 85 88 91 70 3 9 17 28 27 12 7 12 9 34 67 65 41 71 45 22 100 13 58 37 11 87 88 77 39 57 76 24 96 66 93 50 26 9 78 5 72 84 16 81 69 
82 97 9 4 41 30 3 5 88 91 15 74 78 92 13 34 67 88 29 84 32 79 10 93 8 14 64 43 81 96 12 63 92 20 18 84 50 73 88 89 63 3 14 93 46 78 26 64 65 7 47 97 37 56 89 44 21 4 38 2 52 49 16 
95 69 85 79 70 57 66 10 72 20 23 64 65 53 41 28 17 47 75 65 83 82 5 78 55 61 16 56 12 16 23 6 36 7 36 57 16 2 66 87 21 41 2 38 93 42 65 61 89 91 78 23 25 82 53 79 94 68 86 57 35 60 15 
71 66 50 27 33 51 93 71 24 33 72 13 77 14 77 37 54 20 14 28 44 48 80 74 41 99 11 50 34 70 64 4 87 13 30 20 16 74 90 91 58 62 3 86 27 31 23 32 50 88 11 45 35 91 70 28 41 80 77 74 49 92 29 
36 4 11 55 71 36 96 61 94 9 15 31 87 98 53 18 99 93 81 44 27 71 65 6 11 45 34 37 45 25 17 32 81 27 38 3 63 34 16 8 42 30 38 81 27 43 50 26 35 30 21 13 100 85 71 63 81 4 51 26 81 67 57 
13 94 95 15 8 80 30 67 73 60 56 53 38 50 3 15 36 84 35 49 36 72 19 98 52 74 48 29 6 66 38 18 11 84 33 70 63 62 36 87 73 44 40 63 45 94 77 81 77 64 29 12 35 99 61 38 24 60 19 30 26 56 47 
36 91 79 6 53 93 93 39 65 88 30 27 33 23 56 13 52 19 93 15 53 91 76 42 14 35 60 43 60 67 90 48 57 20 5 61 12 97 52 29 37 33 7 69 8 62 81 59 80 25 73 84 15 48 26 80 35 37 75 46 56 16 93 
64 35 97 77 99 46 80 27 82 12 33 2 19 95 34 29 26 58 2 10 24 1 87 3 87 75 77 33 82 92 25 46 79 74 74 77 71 53 55 52 64 39 53 35 85 86 63 11 95 16 20 18 69 58 20 55 32 49 87 14 92 64 11 
1 0 1 1 0 1 1 1 0 0 1 0 0 0 1 0 0 0 1 1 0 0 0 1 0 0 1 1 0 0 1 1 0 0 1 0 1 0 1 1 0 0 0 1 0 1 1 0 1 1 1 0 1 0 1 1 0 0 0 0 1 1 0 
1 1 1 0 0 1 1 0 0 0 0 1 0 1 0 1 0 1 0 0 1 0 1 0 1 0 1 1 1 0 1 0 0 0 0 0 0 0 0 0 0 0 1 0 1 1 1 0 1 0 0 0 0 0 0 1 0 1 1 1 0 0 1 
0 1 0 0 1 0 1 1 0 1 0 0 1 1 0 1 0 0 1 0 0 1 1 0 1 0 1 0 0 1 0 0 0 0 1 1 0 0 0 0 1 0 0 0 0 0 1 0 0 1 1 1 0 0 1 0 0 0 0 1 1 0 1 
0 0 0 1 0 0 0 0 0 0 1 0 0 1 0 1 0 1 0 1 1 0 0 1 0 0 0 1 1 0 1 1 1 1 1 1 0 1 0 0 1 1 0 0 0 0 1 0 1 1 1 1 1 1 0 1 1 0 1 1 1 0 0 
0 1 1 1 1 0 1 1 0 0 0 0 1 0 1 1 0 0 1 1 1 0 1 0 0 0 1 1 1 1 1 1 1 1 0 0 1 0 0 1 0 0 1 1 0 0 1 0 0 0 1 1 0 1 0 0 1 1 1 0 1 1 1 
0 0 1 0 1 1 0 1 0 0 0 1 1 1 0 1 1 0 1 1 1 0 1 1 1 0 1 1 1 0 0 1 0 1 0 1 1 0 0 1 1 1 0 0 0 1 1 1 1 0 0 0 0 1 0 1 0 1 0 1 1 0 1 
1 0 1 0 1 1 1 0 0 0 0 0 0 1 0 1 1 0 0 1 1 1 1 0 1 0 1 1 1 1 0 0 1 1 1 0 0 0 0 1 0 1 1 0 0 1 1 1 0 1 1 1 1 0 1 0 1 0 1 0 0 1 1 
1 0 0 0 1 0 0 0 0 1 1 0 0 1 1 1 1 1 0 0 0 1 1 0 0 0 0 0 0 1 1 1 0 1 1 1 1 0 1 1 1 0 1 1 1 1 1 0 0 1 0 0 0 0 0 0 0 0 1 0 0 0 1 
0 0 1 1 1 1 0 1 0 0 0 0 0 1 1 0 1 0 1 1 1 1 0 1 1 0 0 1 0 1 0 0 1 1 1 0 0 1 1 1 0 0 1 0 1 0 0 1 0 1 0 1 0 0 1 1 1 1 0 1 0 1 0 
1 0 1 0 1 1 1 0 1 1 1 1 1 1 1 0 1 1 0 1 1 1 0 1 0 1 1 1 0 0 1 1 1 1 1 0 0 1 0 1 0 1 0 1 0 1 1 1 0 0 0 0 1 0 1 1 0 0 0 0 1 0 1 
0 1 1 0 1 0 0 0 0 1 0 0 1 1 1 0 0 1 1 0 0 1 1 1 1 1 0 1 0 0 1 0 1 0 0 0 0 0 0 0 1 0 0 0 1 0 1 1 1 0 1 0 1 0 1 1 0 1 0 0 1 1 1 
0 1 1 0 1 0 0 0 1 0 0 0 0 0 1 1 0 1 1 0 0 1 1 1 1 1 0 0 0 1 1 1 1 0 1 0 0 0 0 0 0 1 0 0 1 1 0 1 0 1 1 0 0 1 0 0 0 0 0 0 1 1 1 
0 1 1 1 0 1 1 0 1 0 0 0 0 1 0 1 1 1 1 1 1 0 1 1 0 1 1 0 1 0 0 1 0 1 0 0 0 0 0 1 0 0 1 0 1 1 0 0 0 1 1 0 1 1 1 1 0 1 1 1 1 1 1 
1 0 1 1 0 1 1 0 0 1 1 0 0 1 0 0 1 1 0 1 0 1 1 1 1 0 1 1 1 0 0 1 1 1 0 1 1 0 1 1 1 1 1 0 0 0 0 1 1 0 1 0 1 0 1 1 0 0 0 1 1 0 0 
0 1 1 1 0 1 1 1 0 0 1 0 0 1 1 1 0 1 0 0 1 0 0 0 0 0 0 0 1 0 0 1 1 1 1 0 0 0 1 1 0 0 1 0 1 0 1 0 0 0 0 1 0 0 1 1 1 1 1 0 1 1 0 
0 1 1 0 1 1 0 0 1 0 0 1 0 0 0 0 0 0 0 1 1 1 0 0 0 1 1 0 0 0 0 1 1 1 1 1 0 1 1 1 0 1 0 0 0 1 0 0 1 0 0 0 1 0 0 1 0 1 0 0 0 0 1 
1 0 1 0 0 0 0 0 0 1 0 0 1 1 0 0 1 1 0 1 0 0 0 0 0 1 0 1 1 0 0 1 0 1 1 1 0 1 1 0 1 1 1 0 1 1 0 0 0 0 1 1 1 1 1 1 1 1 0 0 1 1 1 
0 0 1 1 0 0 0 1 1 1 0 0 0 1 0 0 0 1 0 1 0 1 0 1 0 1 0 1 0 1 0 0 1 1 1 0 0 1 1 1 1 1 1 1 0 0 0 0 1 0 1 1 1 1 0 0 0 0 1 1 1 1 1 
1 1 1 1 1 0 0 0 1 1 0 1 1 0 1 0 1 1 1 0 0 1 0 0 1 1 1 0 0 1 0 1 0 1 0 1 1 0 1 1 1 1 0 1 1 1 1 0 0 0 0 0 1 1 1 1 0 0 1 0 1 1 0 
1 0 0 0 0 1 0 1 0 1 1 1 1 0 0 1 0 1 0 0 0 1 1 1 1 0 1 1 1 0 1 1 1 0 1 1 1 1 0 1 1 1 1 0 1 1 1 1 0 1 1 1 0 1 0 1 1 1 1 0 0 0 1 
1 0 1 0 1 0 0 1 1 1 0 1 0 1 1 1 0 0 0 1 1 1 1 0 0 1 1 1 1 0 0 0 0 1 0 0 0 0 1 1 1 1 1 1 0 0 0 0 0 0 1 1 0 1 0 0 0 1 1 1 1 0 1 
0 1 1 0 1 1 1 1 0 0 0 1 0 0 1 1 0 1 0 0 1 1 0 0 1 1 1 0 1 1 1 1 1 0 1 0 1 0 1 1 0 1 0 0 1 1 1 0 1 0 0 0 1 0 0 1 1 0 1 0 1 1 1 
0 1 0 1 1 0 0 0 0 0 1 1 1 0 0 1 1 0 1 0 0 1 0 1 1 0 0 1 0 1 1 0 1 1 1 0 0 0 0 0 0 1 1 1 0 0 1 1 0 0 1 0 0 0 1 1 0 0 0 0 1 1 1 
0 1 0 0 1 0 1 1 0 0 1 0 0 1 1 0 1 1 1 0 1 1 1 0 0 1 1 0 1 0 1 1 1 0 0 0 0 1 0 1 1 1 1 0 0 0 0 1 1 1 1 1 1 1 1 1 0 0 1 1 1 1 1 
0 1 1 1 1 0 1 0 1 0 1 1 0 1 1 1 1 1 1 0 0 0 1 1 0 0 0 0 1 1 1 1 0 0 0 0 0 1 0 1 1 0 1 1 1 0 1 0 1 0 0 1 0 0 0 0 0 1 0 1 0 1 0 
1 1 1 1 1 0 1 1 0 1 0 1 1 0 0 1 0 0 0 1 0 0 0 1 0 1 1 1 1 1 1 0 0 0 1 0 1 1 1 1 0 1 0 1 1 1 1 1 1 1 1 0 1 1 1 1 0 0 0 1 1 1 0 
0 0 1 0 1 0 1 0 1 0 0 0 1 1 1 1 1 0 0 1 1 1 0 0 1 0 0 0 0 0 0 0 0 0 0 1 0 1 1 1 1 1 0 0 1 1 1 0 0 1 1 1 0 1 0 1 1 0 0 1 0 0 1 
0 0 1 1 1 0 0 0 1 0 0 0 1 0 1 1 0 1 0 1 1 1 1 1 0 0 1 0 0 1 1 1 0 1 0 1 1 1 1 1 1 0 1 0 0 0 1 0 1 1 1 1 0 1 0 0 1 1 0 1 0 0 0 
0 1 1 1 0 0 1 1 1 1 0 1 1 1 0 1 0 1 0 1 1 1 1 1 0 0 0 0 1 0 0 1 1 1 1 1 1 0 1 0 1 1 1 0 0 1 1 1 0 1 0 1 1 0 1 1 0 1 1 1 1 0 1 
0 1 0 1 1 0 0 1 1 0 1 1 0 0 0 1 1 1 0 0 0 0 1 0 0 0 1 0 1 1 1 1 1 1 1 0 1 1 1 0 1 0 1 0 1 1 1 0 0 1 0 1 1 0 1 0 0 0 0 0 0 1 1 
1 0 0 1 1 0 0 1 1 1 0 1 0 1 1 0 1 0 0 0 0 0 1 0 1 0 0 1 0 1 0 1 1 1 0 0 1 0 1 0 1 1 0 1 0 1 1 1 1 0 0 1 0 1 1 1 1 1 0 1 0 1 0 
1 0 0 1 1 1 0 1 0 1 1 0 1 0 1 1 0 1 1 1 0 0 1 1 0 0 0 1 1 1 0 0 1 0 0 0 1 0 1 0 0 1 0 1 1 1 0 1 1 1 1 1 0 0 0 0 0 0 1 1 1 1 0 
0 0 0 0 1 0 0 1 0 1 1 0 0 1 0 0 0 0 1 1 0 1 1 0 1 0 1 1 1 1 1 0 1 1 0 0 1 0 0 0 1 1 0 0 0 0 0 0 0 1 1 0 0 1 0 1 1 0 0 0 1 1 0 
0 0 1 0 0 1 0 0 1 0 0 1 0 0 1 1 1 0 0 1 0 1 0 1 0 0 0 1 1 1 1 1 0 0 1 0 0 0 0 1 0 0 0 0 0 1 1 1 1 0 1 1 1 1 0 0 1 0 1 0 0 0 1 
0 1 0 0 1 0 0 0 0 0 0 1 0 1 0 0 0 0 1 1 0 0 1 0 1 0 1 1 0 1 0 0 0 0 0 1 1 0 1 1 0 1 0 0 0 1 0 0 1 1 1 1 1 1 1 0 1 0 1 1 0 1 1 
0 0 1 0 1 1 1 0 1 1 1 1 1 0 0 0 1 1 1 1 1 0 0 1 1 1 1 0 1 0 1 1 0 0 1 1 1 1 0 0 0 1 0 1 1 0 1 0 1 1 1 0 1 0 0 1 1 1 1 0 1 1 1 
0 1 1 1 1 0 1 1 0 0 1 1 1 1 1 0 1 0 1 1 1 1 1 0 0 0 0 0 0 1 0 0 0 1 1 1 1 1 1 1 1 0 0 1 0 1 1 1 1 0 0 1 0 0 1 0 0 1 1 0 0 1 0 
1 0 0 0 1 1 1 0 0 0 0 1 0 0 0 1 1 1 1 0 1 1 0 1 0 1 0 0 0 1 1 1 1 1 1 0 0 1 0 0 1 1 0 1 1 0 0 0 1 1 1 0 1 1 0 1 0 0 1 0 0 0 1 
1 1 1 0 1 0 0 0 1 1 0 0 0 0 0 1 0 1 0 0 0 1 0 1 1 1 1 0 1 1 1 0 1 0 0 0 0 1 0 1 0 0 1 1 1 1 0 1 1 0 1 1 1 0 1 0 1 0 0 0 1 0 0 
0 0 1 1 1 0 1 0 0 0 0 1 1 1 1 0 0 1 1 0 0 1 1 1 0 1 1 0 0 1 1 1 0 0 0 1 0 1 1 0 1 1 0 0 1 1 0 1 1 0 1 1 1 0 0 0 1 0 0 0 1 1 1 
1 1 1 0 1 0 0 0 0 1 0 0 0 1 1 0 0 1 1 0 0 0 0 0 1 0 1 1 0 0 0 1 0 1 0 1 0 0 1 0 1 1 0 0 1 1 0 1 0 1 1 1 1 0 1 1 0 0 0 0 1 1 0 
1 0 0 0 0 0 0 0 1 1 1 1 0 0 1 0 1 1 1 0 0 1 1 1 0 0 0 0 1 1 0 0 1 0 0 0 0 0 0 0 0 1 1 0 0 1 0 1 0 0 1 0 1 0 0 1 0 0 0 1 1 0 1 
0 1 0 0 1 0 1 1 0 0 1 1 0 0 1 1 0 1 0 0 1 1 0 0 1 0 0 1 1 1 0 0 0 0 0 1 1 1 1 1 0 0 0 0 0 0 0 0 1 0 0 0 1 1 1 1 1 1 0 1 0 0 1 
0 1 1 0 0 1 1 1 1 1 0 1 1 0 1 1 1 0 1 0 1 0 1 0 0 0 0 1 1 1 0 1 0 1 1 0 0 0 1 1 1 1 1 0 1 0 1 1 0 1 1 0 1 0 0 1 0 1 0 1 0 0 1 
0 0 0 0 0 1 1 0 0 1 1 1 0 1 0 1 0 1 0 0 1 0 0 0 1 1 1 0 1 1 1 1 1 0 1 0 1 1 0 1 0 1 0 0 0 1 0 0 0 0 0 1 1 1 0 0 0 1 0 0 0 0 1 
0 0 1 0 1 0 0 0 0 1 1 0 1 0 0 0 0 1 0 0 0 1 0 0 0 1 0 0 1 0 1 1 0 0 1 1 0 1 0 0 0 1 1 0 1 1 0 1 0 0 1 0 0 1 0 0 0 1 0 0 1 1 1 
0 0 1 1 0 0 1 1 1 0 0 1 1 1 1 1 0 1 0 0 1 0 1 1 0 0 1 0 1 1 0 1 1 1 1 1 1 0 0 0 1 0 1 0 0 0 1 0 0 0 0 1 0 1 1 0 1 0 1 1 1 1 0 
0 0 1 0 1 0 0 0 1 1 1 1 1 0 1 1 0 1 1 1 1 1 0 1 0 1 0 1 0 1 0 1 1 1 1 1 1 1 1 0 0 0 0 1 0 1 0 0 0 0 0 1 1 0 0 1 1 1 1 0 0 1 1 
0 0 0 1 0 1 0 0 0 0 0 1 1 1 0 1 1 0 1 0 1 0 1 0 1 0 1 1 0 0 0 0 1 0 1 1 0 1 1 0 0 0 1 1 1 1 0 1 1 0 1 0 0 0 1 1 0 0 1 1 1 1 1 
0 0 1 1 0 0 0 0 0 0 1 1 0 1 0 1 0 0 0 1 0 1 0 1 1 0 0 0 1 0 0 1 0 1 0 0 1 1 0 0 1 1 1 1 0 1 0 1 1 1 0 1 0 0 1 1 0 1 0 0 1 0 1 
1 1 0 1 0 1 1 0 0 1 0 0 1 1 0 0 1 1 0 0 1 0 1 1 1 1 1 1 0 1 0 0 0 0 1 0 1 1 1 0 0 1 0 1 0 0 0 1 0 0 0 1 1 1 0 0 0 1 1 1 0 1 1 
0 0 0 1 1 1 0 1 1 1 1 1 1 0 1 1 0 1 1 1 0 0 0 0 1 1 1 0 0 1 1 0 1 1 1 0 1 1 0 0 0 1 1 0 1 0 1 1 0 0 1 0 0 1 1 1 0 0 1 0 1 0 1 
