63 46 669
42 81 11 82 52 9 84 33 65 2 64 99 2 72 66 82 96 19 8 39 78 16 34 43 94 4 9 2 27 49 96 21 29 59 54 33 19 37 65 83 90 28 34 43 52 99 
24 99 69 31 37 46 98 71 40 92 26 100 93 5 48 41 77 29 99 30 61 17 18 25 51 7 4 84 1 7 34 25 5 3 55 42 100 53 64 92 96 89 91 88 93 91 
80 69 19 78 50 79 46 67 55 49 25 58 84 26 17 18 50 21 72 56 62 71 60 77 14 55 66 57 43 10 47 22 79 17 52 80 95 49 47 1 49 23 10 33 100 26 
2 49 47 73 57 60 95 16 37 9 71 54 65 65 63 11 38 93 79 41 73 73 42 71 73 42 93 34 26 93 60 27 93 6 99 1 17 46 17 53 54 39 6 70 55 21 
32 92 13 10 85 37 82 26 59 6 67 52 91 93 96 50 71 40 55 22 41 72 67 9 76 20 47 34 41 1 6 72 44 70 81 28 7 14 5 65 71 24 68 61 16 15 
11 38 55 17 59 47 40 25 7 16 96 5 1 36 57 6 7 100 75 39 80 33 52 84 50 22 7 69 35 74 84 45 12 90 61 22 88 53 47 94 20 94 98 20 30 54 
77 88 5 3 79 84 36 30 20 37 4 78 5 38 4 88 82 67 29 94 88 16 98 86 9 17 80 6 88 61 11 64 100 16 67 78 99 54 8 70 90 63 48 46 100 51 
34 33 17 62 78 56 30 76 42 38 92 21 96 80 81 6 95 80 21 13 58 72 66 17 41 7 79 40 53 30 42 38 62 10 51 91 66 80 66 7 70 10 79 65 41 11 
70 35 42 43 48 51 66 65 67 58 72 97 98 76 26 39 65 39 1 15 82 66 47 99 24 16 8 2 80 100 64 1 35 5 43 34 56 60 98 74 18 21 71 15 48 48 
5 12 39 5 79 20 22 25 18 45 92 78 98 71 77 61 23 11 18 18 96 73 77 94 46 94 66 68 60 14 16 17 25 6 21 55 77 95 79 94 91 70 23 41 92 100 
53 67 62 70 84 58 42 60 3 40 6 68 7 17 33 74 33 10 79 6 64 55 100 43 1 90 64 23 82 8 74 35 74 88 4 57 45 98 68 99 37 25 18 43 42 51 
69 74 60 47 79 23 54 30 17 6 72 33 80 53 40 6 87 13 93 43 21 37 40 40 87 76 17 4 70 58 6 38 83 17 37 14 92 42 43 8 99 14 92 78 19 31 
83 5 95 75 99 67 63 38 7 1 65 23 5 87 32 62 24 66 79 12 79 70 5 22 29 3 87 21 33 5 51 67 62 98 94 60 64 56 50 22 57 14 96 13 100 79 
74 76 45 4 39 23 73 44 96 2 98 83 74 82 39 24 49 52 73 42 64 89 49 13 10 57 26 58 69 78 36 95 53 80 98 43 55 23 86 50 24 36 84 97 17 75 
72 65 26 97 58 89 85 7 1 46 63 79 3 84 8 39 30 12 70 79 54 24 1 92 26 76 27 61 24 95 35 48 12 13 44 69 1 28 27 54 73 42 84 28 77 91 
66 6 2 87 36 55 11 37 98 88 12 24 48 88 71 83 35 82 95 78 50 47 57 29 52 81 70 35 8 46 77 25 51 78 12 86 85 74 74 82 13 38 58 60 25 28 
94 11 61 40 40 10 39 48 90 90 28 59 77 88 4 53 12 6 83 75 44 19 100 69 100 12 6 9 72 82 88 17 44 48 57 83 10 95 30 99 36 10 58 12 97 13 
17 60 71 99 87 14 69 86 82 68 50 40 29 73 73 16 89 17 16 97 99 25 43 81 75 79 90 84 42 38 97 58 49 67 8 35 32 76 73 65 96 74 4 24 46 77 
91 34 45 6 83 43 82 25 75 57 3 64 92 45 53 88 54 2 6 62 88 37 37 12 2 32 85 57 7 30 85 50 16 29 7 98 24 89 74 98 97 77 14 88 73 66 
28 26 19 33 87 59 22 76 70 23 59 7 31 66 88 16 67 3 44 73 52 67 61 78 17 9 54 30 49 78 95 76 3 66 60 42 24 81 69 45 55 27 3 86 44 91 
1 10 45 44 83 49 63 95 26 79 56 79 60 4 8 54 31 62 71 90 3 46 71 71 91 25 50 93 10 93 35 62 55 80 58 37 28 20 83 53 50 38 83 9 93 90 
14 23 51 37 13 6 82 35 28 24 11 77 69 73 22 3 34 28 82 91 64 9 62 98 13 11 36 95 71 80 84 37 3 87 73 67 92 54 1 71 78 63 100 98 35 73 
100 69 100 82 11 63 42 73 12 55 35 99 49 6 79 85 42 81 23 66 99 66 19 99 36 48 61 35 45 48 7 97 16 6 78 26 20 71 50 84 25 85 82 26 90 60 
62 83 92 84 48 90 1 18 40 36 18 53 23 14 100 81 10 67 39 39 44 10 10 94 93 86 78 75 63 19 86 76 1 30 11 100 71 11 69 11 47 38 15 21 4 14 
1 13 32 91 4 75 1 65 68 93 2 45 19 65 15 57 40 15 86 51 66 56 61 87 18 59 24 32 31 27 97 32 92 28 22 47 3 74 11 22 67 12 19 85 28 33 
41 68 100 78 70 65 86 82 3 3 93 79 87 23 57 35 6 48 63 80 94 17 53 56 38 71 68 56 8 47 41 100 14 40 78 35 56 63 69 59 17 61 89 55 35 45 
90 41 93 4 72 38 20 76 46 9 47 65 17 54 11 57 53 77 96 82 63 3 44 31 61 13 43 49 19 78 94 8 70 38 11 41 27 82 16 24 91 14 88 7 67 99 
15 72 27 10 53 89 12 49 20 25 61 62 25 79 91 70 39 60 59 1 100 38 83 68 61 73 81 1 31 100 51 45 71 77 6 23 65 69 71 36 45 83 98 70 14 88 
91 52 100 50 52 51 39 34 18 99 58 51 51 40 50 1 84 72 77 41 94 94 10 17 29 6 99 78 27 12 18 18 15 17 19 67 67 57 52 37 7 62 87 58 1 88 
10 37 59 87 77 4 32 38 20 60 44 71 90 70 82 7 39 49 23 57 67 41 65 18 77 72 31 63 81 32 2 90 68 60 28 96 16 59 86 35 71 81 5 60 50 39 
66 41 87 40 97 53 80 62 22 9 85 53 71 65 36 25 6 55 36 34 50 51 44 35 86 14 15 42 73 17 80 90 57 18 81 5 22 13 18 44 21 2 48 43 18 83 
67 24 37 3 9 38 53 52 25 90 66 91 32 90 59 63 32 67 81 12 72 2 76 89 97 96 43 96 39 60 30 57 35 18 59 43 56 64 95 32 53 12 22 84 53 33 
99 84 99 79 48 22 32 23 63 29 71 5 76 9 16 6 17 51 23 76 93 78 91 87 61 43 50 35 79 3 67 77 86 65 7 85 39 38 60 1 18 30 5 94 90 20 
99 6 70 73 33 15 3 23 53 63 18 3 97 96 5 63 24 42 80 30 79 18 19 38 70 37 19 26 82 8 97 32 65 19 4 98 33 6 72 85 21 89 39 17 36 95 
32 59 37 11 40 67 80 59 4 1 47 74 26 80 81 22 63 45 40 66 94 24 24 66 9 44 6 47 12 42 42 43 52 30 5 44 48 84 54 51 36 52 76 61 31 56 
83 45 52 74 10 98 98 85 15 58 80 20 56 92 13 97 86 17 78 91 60 25 26 13 27 62 64 2 22 46 9 56 90 13 82 51 10 79 88 24 36 67 95 91 10 8 
40 96 24 69 86 83 46 63 47 24 24 62 26 98 59 86 53 48 98 34 50 7 64 37 82 99 56 77 42 17 84 33 12 59 1 49 93 46 12 39 70 87 52 47 84 10 
32 37 9 82 22 58 88 86 47 22 36 2 98 77 70 33 61 82 91 62 82 83 59 45 73 80 32 76 26 15 85 10 3 93 91 77 2 30 62 48 51 49 1 100 78 71 
32 38 4 74 99 37 8 10 82 32 89 65 7 67 31 91 76 86 35 18 62 37 99 75 36 2 23 37 1 100 59 85 90 62 10 40 50 18 49 31 49 38 47 8 56 78 
98 83 63 85 100 76 73 50 50 8 51 24 96 4 76 54 40 65 67 49 4 17 18 5 99 67 94 46 74 49 75 23 31 89 59 82 16 31 31 65 39 34 40 34 89 67 
40 28 83 6 28 87 74 46 43 73 64 36 70 89 84 96 63 14 36 22 95 51 4 77 67 42 62 6 28 50 25 67 29 7 24 57 45 98 54 87 22 17 22 91 57 57 
38 19 70 73 40 16 23 96 45 41 37 6 98 16 8 22 34 36 29 58 44 73 7 97 60 28 65 33 70 21 90 7 40 11 79 31 79 53 26 75 93 15 80 90 82 87 
12 16 75 92 25 18 64 31 67 75 10 31 60 79 4 49 85 95 11 15 77 41 19 3 15 11 69 95 52 50 33 15 17 7 6 93 25 22 23 91 96 32 73 55 62 76 
55 46 22 18 12 99 58 30 1 73 40 21 19 44 22 51 58 91 58 16 83 34 37 58 76 84 41 48 91 3 76 45 100 97 62 12 95 20 41 47 44 33 19 62 76 41 
12 85 31 21 100 65 54 88 22 29 72 63 29 62 17 4 58 16 52 20 27 47 91 68 45 34 100 64 47 27 4 58 11 86 31 63 50 36 50 24 65 73 38 45 86 54 
100 44 21 51 15 48 49 5 67 94 90 18 9 88 96 64 97 58 49 27 20 50 63 22 25 79 46 62 23 32 67 22 27 88 24 41 87 25 97 5 70 38 22 78 25 17 
41 21 74 41 48 46 42 62 19 67 40 64 80 14 47 99 35 73 38 10 13 24 34 9 28 3 98 1 80 22 69 72 43 94 64 42 39 6 3 9 24 94 73 3 7 71 
1 93 44 38 54 8 13 88 69 92 42 66 44 74 88 12 45 82 6 9 75 96 66 29 5 89 74 29 91 80 99 44 24 94 33 77 2 98 64 70 89 58 35 33 31 74 
96 27 7 53 35 33 49 52 13 53 40 86 33 83 17 31 26 40 77 10 17 78 7 32 47 48 89 33 80 19 59 27 46 17 80 32 2 28 84 14 32 23 52 16 57 68 
98 82 8 74 92 24 51 98 55 49 45 96 34 76 14 44 55 11 12 34 95 13 13 30 79 96 4 30 11 61 97 8 42 4 82 85 79 32 35 86 33 31 81 66 59 46 
61 13 9 72 98 3 85 10 32 63 5 35 44 67 95 40 74 89 44 55 73 22 39 7 7 23 90 39 88 48 85 48 60 93 19 57 47 55 18 78 69 74 64 12 40 59 
52 13 47 47 20 71 20 10 30 79 32 19 17 19 66 53 18 77 97 88 85 43 95 2 72 63 75 36 75 14 46 78 78 44 24 97 14 95 58 95 73 89 13 42 59 30 
94 76 6 43 16 90 85 10 91 9 72 17 96 98 30 41 27 60 36 2 8 1 97 66 96 21 54 8 62 13 38 56 40 43 50 55 85 86 16 27 94 40 44 41 37 25 
81 16 84 68 17 92 69 13 57 64 34 62 23 47 74 60 54 14 55 3 20 91 89 36 17 82 75 12 23 63 37 55 30 72 75 47 63 43 11 71 58 96 33 80 43 58 
92 96 23 98 99 43 88 87 30 56 20 56 68 94 70 4 49 100 75 75 98 90 17 8 12 74 4 96 5 98 54 48 93 28 45 91 22 84 29 51 40 49 58 59 94 80 
62 94 31 88 68 28 29 84 35 93 9 90 88 66 87 93 13 80 21 10 22 94 93 3 45 84 51 54 42 44 85 55 38 15 95 57 42 23 41 29 67 1 18 55 18 57 
99 31 88 71 40 9 65 84 11 61 20 13 66 61 9 51 16 98 65 10 54 59 84 46 87 51 99 56 57 16 12 55 46 99 78 37 60 42 73 22 54 92 87 19 52 95 
69 19 44 86 80 97 44 16 95 82 66 93 37 74 8 1 28 6 51 57 94 62 50 66 84 3 57 70 22 61 16 90 31 59 75 63 7 70 78 1 51 43 45 40 16 53 
92 95 10 42 4 3 56 53 69 91 56 77 60 77 89 27 18 20 85 45 82 91 14 11 44 17 53 88 56 20 92 47 66 1 40 69 4 47 22 24 37 77 52 96 5 41 
74 22 12 58 66 45 1 32 55 96 48 59 83 55 30 27 53 95 27 44 16 82 91 37 57 27 65 9 75 69 1 48 90 64 58 8 8 10 39 14 5 38 24 39 92 53 
65 44 47 44 39 14 25 29 50 34 56 14 42 82 34 94 29 24 57 86 83 16 47 21 81 51 58 4 42 1 8 6 96 6 1 34 20 26 15 69 11 22 35 4 3 68 
97 83 43 5 21 25 72 67 97 52 18 6 7 59 6 14 16 53 19 17 87 38 94 53 59 4 74 93 7 76 12 55 58 55 59 30 31 82 97 28 33 66 85 91 76 91 
4 91 43 74 59 81 64 52 33 22 7 58 66 65 85 77 19 95 83 29 24 14 10 20 93 94 85 77 84 60 19 39 3 14 13 61 94 76 65 79 49 71 88 14 88 73 
1 1 0 0 0 1 1 1 1 1 1 1 1 0 1 0 1 1 1 1 1 0 0 1 0 0 0 0 1 1 0 0 0 0 0 0 1 1 0 0 0 1 0 0 1 1 
0 0 0 1 1 1 1 1 1 0 1 1 0 0 0 0 1 0 0 1 1 1 1 1 0 1 0 0 1 1 1 1 0 1 0 1 0 0 1 1 0 0 0 0 1 0 
0 0 1 0 1 0 1 0 1 1 0 1 1 1 0 0 1 0 1 1 0 0 1 1 1 1 1 0 1 0 0 1 0 1 1 0 1 1 0 0 0 0 1 0 0 0 
0 1 0 0 0 0 0 0 1 1 1 1 1 1 1 0 0 0 1 0 0 1 1 0 1 1 1 1 1 1 1 0 0 1 0 0 0 0 0 1 1 0 0 1 1 0 
1 1 0 0 1 0 1 0 0 1 0 1 0 1 0 1 1 0 0 1 1 0 1 1 0 1 1 0 0 0 0 1 0 0 1 1 0 1 0 1 0 0 0 0 1 1 
1 1 1 1 0 0 0 0 0 0 1 1 0 1 0 1 0 0 1 1 1 0 0 1 1 0 1 1 0 1 0 1 0 0 1 0 0 1 0 0 1 1 0 1 0 0 
0 0 0 0 0 1 0 0 1 1 1 0 0 1 1 1 1 1 1 0 0 1 1 0 0 0 0 0 1 0 0 0 1 0 0 1 1 0 1 0 1 0 1 1 0 0 
0 1 0 1 1 0 1 0 0 1 0 0 1 1 1 1 1 0 1 1 1 0 1 0 1 0 1 0 0 1 0 0 0 0 0 1 0 1 1 1 0 1 1 1 0 0 
0 0 0 1 1 1 1 1 0 0 1 1 0 1 0 1 0 0 1 0 1 0 1 0 1 1 1 0 0 1 1 0 1 1 1 1 1 0 0 1 1 1 0 1 1 0 
0 1 0 0 1 1 0 0 1 1 1 0 1 1 1 0 1 1 0 0 0 1 0 0 0 1 1 0 1 0 0 1 1 0 1 0 1 1 0 0 0 1 0 0 0 1 
0 1 0 0 1 0 1 0 0 1 1 0 1 0 0 1 0 0 1 1 0 0 1 1 0 1 0 0 1 1 0 0 0 0 0 0 1 0 0 1 1 1 1 1 0 0 
0 0 0 0 1 0 0 0 1 1 0 0 1 1 1 1 1 1 0 0 1 1 0 1 0 1 1 0 0 1 0 1 1 0 1 0 0 1 1 0 0 1 0 0 0 1 
1 0 0 1 0 0 0 0 1 1 1 0 1 0 1 1 1 0 1 0 1 1 1 0 1 0 1 1 0 1 0 1 1 1 1 1 1 1 1 0 0 1 1 1 1 0 
0 0 1 1 0 0 1 1 0 0 1 1 0 1 0 0 1 0 1 0 1 0 1 1 1 0 0 0 1 1 0 0 1 1 1 1 1 0 0 1 1 0 0 1 1 1 
1 0 1 1 0 0 1 0 1 0 0 1 0 1 0 1 1 1 0 1 0 0 1 1 1 0 1 0 1 0 1 1 1 0 0 1 0 1 1 0 0 1 1 0 1 0 
1 0 1 0 1 0 0 1 1 1 1 0 1 1 0 0 0 1 0 0 1 1 1 0 1 1 0 0 0 1 0 1 1 0 1 1 0 1 0 1 1 1 1 0 0 1 
1 0 1 1 0 0 0 0 0 1 1 0 0 1 1 0 1 1 0 0 0 0 0 0 1 1 1 0 1 0 0 0 0 1 0 1 1 0 1 1 0 0 0 0 0 1 
0 1 0 1 1 0 1 1 0 1 0 0 1 0 0 1 0 0 0 0 1 1 1 0 1 1 1 1 1 1 0 1 0 1 0 1 1 0 1 0 1 1 0 0 1 0 
0 0 0 0 0 0 0 1 0 1 0 1 0 1 0 0 1 0 1 1 0 1 1 1 1 0 0 1 1 0 1 1 0 1 1 0 1 1 0 0 0 0 1 0 0 0 
1 1 0 0 0 0 1 0 1 0 0 0 1 1 0 0 0 0 0 0 0 1 1 0 1 0 1 1 0 1 1 1 0 1 0 0 0 1 0 1 0 1 1 1 0 1 
0 1 1 0 1 0 1 0 0 1 0 1 0 1 0 1 0 0 0 0 1 0 0 1 0 0 0 1 1 1 1 1 0 0 1 1 0 1 1 1 0 0 0 0 1 1 
1 1 1 1 0 0 0 0 0 0 0 0 1 1 1 0 1 1 1 0 0 1 1 0 0 1 0 1 1 1 0 0 0 1 0 0 0 0 0 0 0 0 0 1 0 0 
0 1 1 1 1 0 0 1 0 1 0 0 0 0 1 0 0 1 1 0 0 1 0 0 1 0 1 0 0 1 0 0 0 1 1 1 1 1 0 1 0 1 1 0 1 0 
0 1 0 0 0 0 1 0 0 1 1 1 1 1 0 1 1 0 0 0 0 0 1 0 1 0 1 1 0 0 1 1 0 1 1 0 1 0 0 0 1 1 1 0 0 0 
1 1 0 0 1 0 0 1 1 1 1 0 0 1 1 0 0 1 1 1 1 1 0 1 1 1 1 0 0 1 0 1 1 1 1 0 1 1 1 0 1 0 1 1 0 0 
1 0 1 1 0 0 0 0 1 1 1 0 1 1 0 0 1 1 1 0 1 0 0 1 1 1 1 0 0 1 0 0 0 1 1 0 1 1 0 0 0 1 1 1 1 1 
1 0 0 0 0 1 1 0 0 0 1 0 0 0 1 0 0 1 1 1 1 0 0 1 0 0 1 1 1 0 0 1 0 0 1 0 0 0 1 0 0 0 0 0 0 0 
0 0 1 1 1 1 1 1 0 0 1 1 1 1 1 0 0 1 0 1 0 0 0 1 1 0 1 1 1 0 1 1 0 1 1 0 0 0 1 0 0 1 0 0 0 1 
0 0 1 0 1 1 1 1 0 0 0 1 1 1 1 1 0 0 0 1 0 0 0 1 0 0 0 0 0 0 0 0 0 1 1 0 0 0 1 0 0 1 1 1 0 1 
0 1 1 0 0 1 0 0 0 1 1 1 1 1 1 1 0 0 0 1 0 0 1 1 0 1 1 0 0 1 1 1 0 0 1 1 1 0 1 1 1 0 0 0 0 0 
0 0 0 0 1 0 1 0 1 1 1 0 1 1 0 0 0 0 0 0 1 1 0 1 1 1 1 1 1 1 1 1 1 1 0 0 1 1 0 1 0 1 1 0 1 1 
0 1 0 1 1 1 0 1 0 1 0 0 1 0 1 0 1 1 0 1 1 1 0 0 0 1 1 0 1 0 1 1 0 1 0 1 1 1 1 1 0 1 1 1 1 1 
0 1 0 0 0 1 1 1 1 0 0 1 0 1 1 1 0 1 1 1 1 0 0 0 1 0 1 1 0 1 0 0 0 0 0 0 1 1 1 1 1 1 0 1 0 1 
1 1 1 0 0 0 0 0 0 1 0 1 0 0 0 0 0 0 0 0 1 0 0 0 1 1 0 1 1 0 0 0 1 1 0 1 1 0 1 1 1 0 1 0 0 1 
0 1 0 1 1 1 1 1 1 0 1 1 1 0 0 1 0 1 1 0 1 0 0 0 0 1 0 1 1 1 0 0 0 0 1 1 1 0 1 1 0 0 0 1 0 0 
0 0 0 1 0 1 0 0 1 0 1 0 1 1 1 1 1 1 0 0 0 1 0 1 0 0 1 1 1 1 1 1 1 1 1 1 0 1 1 0 1 1 0 0 0 1 
1 1 0 1 1 0 1 1 0 1 1 1 0 0 1 0 1 0 1 0 0 0 1 1 0 0 0 0 0 0 1 0 1 1 1 0 1 0 1 1 0 0 1 0 0 0 
0 0 0 0 0 0 0 0 0 0 0 0 0 1 1 1 1 0 0 0 1 1 1 0 1 1 1 0 1 1 0 0 1 0 0 0 1 0 0 1 0 0 1 0 1 0 
1 0 1 1 1 0 0 0 0 1 1 1 1 0 1 1 0 0 0 0 0 1 0 0 0 0 1 1 0 0 0 1 1 1 0 0 1 1 0 1 0 1 1 0 1 0 
1 0 0 1 0 1 0 1 1 0 1 0 0 0 1 0 1 0 1 0 0 0 1 0 1 1 1 0 1 0 0 1 0 1 0 1 0 1 0 1 1 1 0 1 1 1 
1 1 1 0 1 1 0 0 1 0 1 0 0 1 0 1 0 1 0 0 0 0 1 0 1 1 1 1 0 1 0 0 0 1 0 1 0 1 1 1 1 0 1 1 1 0 
0 1 1 0 0 1 0 1 1 0 0 0 1 1 1 0 1 1 1 1 0 0 0 1 1 1 0 1 1 1 1 1 1 0 0 1 1 0 0 0 0 1 0 0 0 0 
0 1 1 1 0 0 1 1 1 1 0 1 0 1 1 1 1 0 1 1 1 0 1 1 0 0 0 0 0 0 0 0 1 0 1 0 0 1 1 1 0 1 1 0 1 0 
1 0 0 0 1 1 0 0 0 0 0 1 0 0 1 1 0 1 1 0 1 1 1 0 0 1 1 1 1 0 1 0 0 1 0 1 0 0 0 1 0 0 0 0 1 1 
1 1 0 0 1 1 1 0 1 0 1 1 1 0 1 1 0 0 0 0 1 1 0 1 0 0 0 0 1 1 1 0 0 0 1 0 1 0 0 1 0 0 0 0 0 1 
1 1 1 1 1 1 0 0 0 0 0 0 0 1 1 0 0 0 0 1 0 1 1 0 0 0 0 0 0 1 0 1 0 1 0 1 0 1 1 1 1 0 1 0 1 1 
0 1 1 0 0 1 1 0 1 0 0 0 0 0 1 0 1 1 0 1 0 0 0 0 1 0 0 1 0 1 0 0 1 1 0 1 0 1 1 1 1 1 1 0 1 0 
0 0 1 0 0 0 1 0 0 0 0 0 1 0 1 1 0 0 0 0 0 0 0 1 0 1 1 1 1 0 0 0 1 1 0 1 1 1 1 1 0 0 1 1 0 1 
1 1 1 1 1 1 0 1 1 0 1 0 1 0 0 1 0 1 1 1 0 0 0 0 0 0 0 1 0 0 0 1 1 0 0 1 1 0 0 0 0 1 0 0 0 1 
1 0 0 0 1 1 1 0 1 1 0 1 0 0 1 1 1 1 1 0 0 0 0 0 1 1 0 1 1 0 0 0 0 1 1 0 0 0 0 1 1 0 0 1 1 1 
0 0 0 1 0 0 0 1 1 1 0 1 0 1 1 1 1 1 0 0 1 0 0 1 1 1 0 1 1 1 0 1 1 1 1 0 1 1 1 0 0 1 1 0 0 0 
1 1 0 1 0 1 1 0 1 0 0 1 1 1 0 0 0 1 1 1 1 0 0 0 1 0 1 0 1 1 1 0 1 1 0 1 0 1 1 1 0 1 0 1 0 0 
1 1 0 0 0 1 1 1 0 0 1 1 0 0 1 1 1 0 0 1 1 1 0 0 0 0 0 1 0 0 1 1 1 1 0 0 1 1 1 1 1 0 0 1 1 1 
1 0 1 1 1 0 0 1 1 1 0 1 0 0 1 1 1 1 1 1 1 0 0 0 1 1 0 1 1 1 1 0 1 0 1 0 1 0 0 0 1 0 1 1 0 0 
0 1 1 1 1 0 1 1 0 0 1 1 0 0 0 1 0 0 1 1 0 0 1 0 0 0 0 1 1 0 0 0 0 1 1 1 0 1 0 0 1 1 1 1 1 0 
0 1 0 0 1 0 0 0 1 1 1 1 0 0 0 0 0 0 0 0 1 0 1 1 0 0 1 0 0 0 0 0 0 0 0 1 0 1 1 1 0 0 1 0 1 1 
1 1 1 1 1 0 1 0 1 1 1 0 1 1 1 1 1 1 1 0 0 0 1 1 1 1 0 0 1 1 1 0 0 0 1 0 0 0 0 0 0 1 0 1 0 1 
1 0 0 0 0 0 0 1 0 0 0 0 0 1 1 0 0 1 0 1 1 1 0 0 1 0 1 1 1 0 1 0 0 1 1 0 0 1 1 0 1 1 0 0 0 1 
0 0 0 0 0 0 1 0 0 0 0 1 0 1 1 1 0 1 0 1 1 0 0 0 0 0 1 0 0 0 1 0 0 0 0 0 0 0 0 0 0 0 1 0 0 1 
1 0 0 0 1 0 0 1 0 1 1 0 1 1 0 1 1 0 1 0 1 1 0 1 1 0 0 0 1 0 1 0 0 0 0 1 0 1 0 0 0 0 0 1 1 0 
0 1 1 1 1 0 0 1 1 1 1 1 0 0 1 1 1 1 1 1 0 1 0 1 0 0 1 0 0 0 1 0 1 0 0 0 0 0 1 1 0 1 1 0 1 0 
1 0 0 1 0 0 0 0 1 0 1 0 1 1 1 0 1 0 0 1 1 0 0 0 1 0 1 0 0 1 1 1 1 1 0 1 1 1 0 1 1 1 1 0 0 0 
0 1 1 0 1 0 0 1 0 0 1 0 0 1 1 1 0 0 0 1 0 0 0 0 1 1 1 0 0 1 1 0 0 0 1 1 0 1 0 0 1 1 0 0 0 1 
