53 64 3313
55 35 87 53 80 47 74 36 69 27 79 18 38 97 35 12 47 54 45 70 28 92 82 56 27 82 92 19 33 3 39 87 89 78 91 21 24 17 56 44 43 86 62 32 82 48 95 28 54 39 49 81 82 30 89 61 63 80 79 96 35 18 34 23 
47 77 95 22 93 50 65 87 36 78 70 69 78 65 49 31 55 97 63 89 79 51 49 41 31 27 88 65 44 22 39 42 50 34 63 42 83 28 80 70 57 1 39 34 65 39 64 72 35 27 60 13 77 8 6 59 34 93 23 30 66 62 71 15 
95 34 8 29 13 39 99 21 40 89 55 56 27 70 27 13 48 38 26 77 97 83 35 31 75 10 12 93 71 34 7 17 19 67 97 31 5 47 4 44 87 10 52 13 79 78 26 27 68 3 55 64 85 89 46 11 98 57 3 20 91 62 88 61 
28 37 92 84 83 47 28 70 56 31 34 86 60 59 64 27 13 18 91 49 59 88 60 56 45 62 28 87 23 67 47 2 3 90 86 86 36 65 7 43 95 40 29 54 51 92 81 63 10 23 12 68 10 23 75 6 36 54 44 11 21 91 12 75 
32 97 60 20 13 18 62 7 58 42 61 8 34 93 22 95 67 85 14 28 7 40 86 95 94 29 5 66 71 16 40 55 65 52 74 77 69 87 84 78 29 96 85 14 40 59 60 58 43 73 85 2 12 70 96 57 51 100 22 21 15 62 75 31 
65 100 8 85 87 43 63 67 90 47 32 81 5 91 38 100 63 22 1 26 44 96 83 94 95 4 14 61 17 41 44 33 40 3 18 26 45 80 44 86 78 75 66 35 65 3 34 79 76 34 5 19 81 39 12 27 94 78 39 63 18 82 95 57 
84 12 35 80 43 78 65 21 53 82 55 69 36 40 100 12 25 56 30 57 94 94 83 39 71 21 1 40 55 48 48 90 11 82 70 54 12 86 26 16 20 32 36 55 71 35 66 47 90 48 3 83 41 85 22 63 57 74 54 63 21 1 53 84 
35 74 37 46 11 14 13 30 45 48 85 67 83 2 13 72 49 15 7 41 51 80 55 59 5 8 22 78 9 26 61 95 99 49 40 61 62 4 91 6 3 27 72 85 80 36 9 29 2 67 21 4 98 76 62 2 83 35 79 43 60 91 37 10 
39 28 71 100 31 13 57 34 91 80 70 70 15 30 50 68 48 71 71 45 46 33 99 80 19 29 23 79 20 59 40 58 87 62 10 69 74 66 54 16 46 24 86 12 53 87 80 1 57 50 97 54 34 95 34 53 24 8 83 43 66 22 52 4 
36 61 73 9 27 26 77 24 1 14 87 6 100 66 58 9 68 54 14 53 1 99 57 24 6 39 18 72 13 69 27 48 30 99 8 8 77 84 83 77 49 69 34 49 87 91 9 6 45 22 58 45 21 15 20 78 5 37 49 17 5 28 16 86 
26 24 45 54 59 27 83 8 48 16 8 34 59 68 91 55 41 48 51 61 14 70 39 19 58 39 87 62 66 3 100 44 78 96 49 36 75 31 95 22 99 54 7 57 21 97 11 62 96 61 74 10 82 64 28 39 55 66 52 72 68 51 15 45 
99 16 33 73 98 27 46 96 81 52 4 1 100 66 14 95 26 88 4 59 51 83 97 57 49 49 29 68 51 95 65 49 10 97 73 8 23 18 55 55 69 59 8 68 76 21 63 2 60 18 12 63 1 9 19 1 57 47 68 59 42 32 8 3 
80 32 10 3 50 17 9 70 27 16 38 2 89 52 55 48 21 67 10 21 75 29 73 83 27 93 41 68 24 100 71 4 32 32 58 81 100 18 50 26 34 39 80 22 42 34 69 63 52 31 35 78 59 60 60 85 52 53 5 27 52 27 82 35 
10 39 15 10 57 17 87 42 7 18 15 49 52 35 63 55 65 49 33 75 8 92 60 59 96 16 86 48 42 67 82 3 58 49 64 66 17 3 7 23 20 73 23 23 7 85 78 72 86 10 98 93 53 57 4 49 24 89 48 17 7 81 20 64 
29 35 81 97 37 87 20 57 11 94 31 18 79 8 41 16 69 38 8 74 47 11 74 70 51 21 39 58 53 58 73 82 44 54 30 81 92 49 89 3 43 19 20 73 79 12 88 47 49 47 72 95 10 45 17 60 17 55 69 70 64 94 3 7 
47 32 39 90 33 27 92 75 98 63 99 76 74 38 74 75 84 46 69 45 42 37 5 59 91 25 28 6 18 82 13 16 13 51 6 45 78 49 71 75 12 69 2 37 6 75 11 42 72 32 86 14 68 42 72 11 19 51 16 88 32 80 4 96 
31 9 41 60 57 63 86 20 32 87 57 89 13 19 82 85 2 20 98 22 13 21 32 31 71 99 19 54 79 74 49 61 34 41 20 90 56 57 62 39 95 70 79 7 88 61 43 90 32 92 11 44 12 94 75 34 44 45 39 22 70 40 34 3 
32 53 44 87 61 5 25 7 74 4 66 14 16 8 55 47 100 17 90 63 10 16 49 53 12 87 27 81 26 60 83 58 65 27 44 77 31 21 84 57 24 49 22 91 8 76 37 59 92 26 22 53 94 70 57 5 56 83 38 34 95 20 91 11 
46 86 87 29 6 70 37 81 70 58 71 78 33 7 36 76 85 9 80 78 30 36 34 86 71 71 19 17 91 61 27 88 46 13 68 52 35 56 32 4 13 3 33 97 61 69 24 45 29 3 74 59 39 60 44 61 30 14 77 72 26 3 12 71 
67 31 22 1 87 6 57 99 60 89 48 20 9 71 17 38 74 42 96 64 1 91 76 83 56 52 6 81 6 17 51 24 100 25 77 86 82 33 36 41 21 83 12 82 6 80 19 31 74 66 46 74 56 21 8 11 24 14 43 81 82 45 4 33 
69 80 18 2 12 54 42 85 88 6 66 93 85 36 23 10 1 68 84 8 40 43 18 63 8 12 43 42 56 99 74 25 78 92 26 42 97 20 78 36 77 95 29 13 30 3 23 82 23 58 89 62 100 58 77 60 69 71 1 24 69 26 100 99 
17 78 92 65 97 69 1 25 63 81 37 44 83 59 25 57 16 13 71 68 70 47 27 90 69 79 13 90 4 13 40 73 90 31 37 38 99 89 62 13 69 50 8 4 9 84 60 76 96 30 43 17 28 21 6 49 51 70 38 55 82 77 79 23 
7 15 12 57 56 25 21 24 75 28 27 83 11 87 10 58 68 5 26 48 25 83 96 28 52 33 82 86 61 12 8 19 78 72 27 33 96 47 57 70 26 35 4 88 73 14 97 41 18 74 88 94 56 35 21 7 67 54 44 79 65 4 97 43 
75 23 75 70 21 83 92 98 18 95 85 90 8 33 82 77 6 21 71 61 55 91 19 73 97 63 3 61 18 99 55 92 73 82 13 45 64 56 42 33 51 78 75 10 10 56 39 67 29 9 79 35 51 98 60 47 12 62 60 81 13 66 72 37 
47 36 82 11 92 23 43 94 1 17 3 62 25 41 29 5 1 7 39 52 56 98 50 19 12 61 99 76 27 22 12 73 58 93 35 49 16 30 94 68 98 48 29 74 89 9 78 41 68 69 44 23 18 46 42 29 6 92 4 32 14 16 57 71 
60 43 71 27 72 64 94 70 63 75 43 3 35 73 44 2 41 87 25 58 32 18 39 90 61 42 73 74 9 81 96 21 24 18 47 95 33 41 16 96 67 11 98 1 83 41 3 23 80 79 32 63 48 70 4 8 12 77 82 72 57 29 92 80 
47 39 75 79 31 42 74 49 52 24 1 34 64 3 8 95 33 40 10 32 9 13 40 72 89 73 96 46 1 39 77 47 29 3 78 59 45 3 59 96 26 60 82 42 14 41 36 99 80 45 30 41 10 69 64 98 41 59 95 94 50 24 40 78 
26 69 89 22 72 47 18 97 6 51 90 72 91 26 70 23 22 99 15 31 20 30 81 60 41 75 53 90 98 45 67 76 65 55 97 36 2 66 85 59 68 74 30 11 51 51 85 25 2 99 55 21 28 87 32 68 14 37 57 63 81 76 38 97 
30 87 33 31 52 69 42 20 42 23 82 45 74 66 69 75 64 75 47 43 62 78 63 27 14 71 89 46 46 79 43 76 65 75 58 68 95 99 39 36 74 20 32 99 85 100 25 100 75 71 43 88 48 57 14 62 27 54 7 73 32 49 48 48 
75 5 16 69 56 6 57 29 26 88 27 62 88 51 62 14 21 56 53 20 12 18 81 38 71 40 10 55 40 9 54 67 14 69 35 21 27 43 49 4 31 27 65 70 29 78 35 1 85 39 20 96 56 53 86 78 92 47 32 83 56 86 49 21 
6 84 41 84 78 41 87 8 67 4 29 47 81 15 47 66 53 66 13 8 70 50 38 61 97 69 96 4 6 44 24 64 79 16 99 57 56 86 16 74 89 45 72 21 59 18 86 64 35 51 71 5 100 8 17 48 29 12 3 86 56 26 1 34 
93 100 90 100 37 6 25 77 2 96 97 12 13 35 75 100 85 98 4 36 5 20 36 85 32 38 23 39 16 75 72 60 26 14 60 62 19 84 38 72 32 87 83 44 21 58 95 57 55 98 44 11 18 31 48 1 21 70 39 88 96 62 47 22 
75 6 35 45 42 25 16 73 11 99 68 83 56 63 39 10 12 34 20 81 65 67 81 85 88 71 72 84 33 70 57 7 76 91 52 69 15 67 93 77 17 12 59 72 74 49 81 38 83 53 18 99 71 99 35 59 69 6 42 53 27 50 12 2 
40 63 22 7 81 14 83 98 26 94 21 51 42 54 88 76 6 58 74 76 56 8 34 76 65 27 29 92 28 40 45 68 54 19 26 86 32 8 35 9 53 56 12 95 61 51 22 66 8 48 93 15 55 79 43 72 5 23 15 33 14 59 52 67 
77 77 4 61 36 91 21 89 46 84 35 58 87 8 23 46 55 15 13 10 93 55 33 50 77 47 34 90 57 37 8 86 65 11 98 100 1 70 40 98 6 26 55 92 34 29 89 88 44 1 49 88 55 33 89 31 79 22 72 88 58 79 73 74 
90 22 74 42 91 65 92 96 91 46 39 76 27 28 15 70 28 64 9 83 48 98 65 79 71 37 66 81 15 90 54 56 63 79 50 53 44 41 1 34 38 39 61 64 66 75 85 46 90 94 80 38 43 44 16 13 32 33 45 99 74 99 6 36 
77 55 40 20 95 40 5 33 79 17 96 96 92 81 93 33 26 72 70 68 68 37 32 51 21 77 49 46 27 55 81 55 9 21 27 56 12 83 88 42 100 35 38 43 67 82 75 92 54 97 11 73 85 95 23 6 23 24 51 49 30 84 3 90 
4 81 45 15 64 84 57 63 19 46 5 37 79 31 29 32 27 91 56 12 37 31 69 59 54 71 59 83 54 14 24 9 94 69 76 57 52 84 71 22 81 27 59 59 58 39 43 36 29 98 47 66 28 67 76 33 38 35 67 91 48 91 100 93 
11 75 2 62 10 72 36 90 99 94 48 8 32 90 95 12 88 42 29 67 60 5 52 97 91 18 40 90 60 39 82 70 65 83 84 74 7 19 63 57 12 62 16 95 52 10 6 91 3 87 57 63 43 60 11 85 30 50 74 89 40 7 11 4 
42 94 29 100 12 43 56 75 5 23 69 8 32 26 98 35 12 6 49 6 66 59 90 95 9 15 35 48 74 45 4 15 38 84 14 49 79 21 23 35 43 43 42 26 21 39 60 32 44 60 90 61 19 31 7 79 46 42 78 19 86 33 85 24 
17 50 24 47 70 99 81 64 93 22 89 13 12 1 97 7 60 86 68 78 16 74 8 61 15 86 31 1 18 15 76 86 64 51 32 85 49 12 48 42 85 89 54 96 89 50 3 48 87 70 78 55 95 85 67 10 22 98 62 40 64 89 77 28 
39 9 64 40 72 64 33 57 52 38 52 92 40 54 39 26 75 68 80 70 5 47 31 26 96 44 17 59 32 46 38 70 54 2 61 25 65 93 33 68 31 37 59 70 90 49 95 17 69 27 38 73 25 68 50 20 11 19 78 94 64 16 15 69 
69 76 45 85 20 78 52 50 14 62 19 55 10 66 23 30 44 60 2 68 79 4 87 41 22 16 34 37 83 49 5 51 76 1 87 95 78 90 97 43 51 15 50 13 32 72 42 27 84 96 94 14 99 32 55 72 100 40 8 82 88 64 85 15 
64 71 62 94 61 58 88 63 24 89 27 56 13 69 34 96 16 28 9 14 11 15 37 10 55 44 44 94 59 28 9 74 50 70 19 62 79 7 25 2 47 3 9 59 23 43 54 38 22 15 3 32 29 39 94 83 34 37 77 92 16 37 18 65 
58 36 27 36 94 3 37 41 5 46 99 28 40 5 65 61 71 68 44 51 58 89 34 92 25 62 35 92 50 52 57 7 40 35 42 33 37 30 25 41 27 24 20 66 80 85 26 2 4 22 52 61 10 37 52 87 98 39 78 47 90 86 5 29 
20 46 14 56 28 38 49 54 13 68 20 44 4 97 45 7 18 97 20 80 33 23 66 83 61 95 29 3 81 34 83 100 31 96 8 58 86 8 12 98 75 83 42 31 79 86 89 49 34 8 28 67 83 45 49 43 39 29 97 71 14 80 71 97 
27 30 54 12 37 17 10 63 51 3 93 30 88 82 30 22 41 9 40 23 5 88 18 95 68 66 66 82 45 88 78 72 17 83 83 5 52 44 67 2 46 12 83 86 93 64 7 85 72 98 8 76 85 77 71 4 42 88 85 39 75 14 10 43 
97 44 47 100 40 13 1 85 24 36 22 68 99 80 53 71 77 12 98 13 40 20 17 81 7 1 71 81 67 80 23 15 76 21 14 67 34 66 51 9 1 73 29 52 52 81 74 81 44 71 93 83 43 9 15 49 62 86 82 28 17 56 94 44 
77 7 10 62 24 13 70 77 37 98 28 40 30 1 20 73 23 13 7 17 21 74 66 34 59 99 13 27 54 6 71 30 64 80 43 88 44 13 16 80 62 43 20 92 95 39 16 69 3 75 86 24 48 3 9 58 1 22 84 6 27 54 88 91 
86 30 30 29 94 97 61 56 39 80 99 85 70 14 5 73 88 42 48 87 44 56 44 96 77 28 2 56 33 41 98 70 70 27 51 64 75 11 71 13 90 69 49 59 82 5 31 22 47 78 8 90 86 4 38 62 31 39 17 15 79 66 85 100 
44 35 15 18 45 85 82 86 53 30 96 87 87 27 8 33 56 67 74 41 70 11 55 52 1 23 19 31 89 3 31 32 89 45 50 85 82 31 70 34 13 65 20 99 43 79 83 51 46 56 43 67 67 97 71 67 72 89 50 12 43 80 43 83 
76 44 67 57 27 88 43 91 4 62 41 99 41 23 49 38 78 91 56 96 40 78 15 63 18 64 74 12 95 68 94 70 12 12 79 90 99 21 80 55 34 20 53 26 42 1 63 71 43 71 19 34 48 33 48 66 48 21 77 42 89 23 63 100 
34 41 89 85 13 20 39 47 39 91 72 32 43 87 54 37 57 72 71 56 4 18 73 51 91 2 44 79 24 7 30 57 47 70 93 12 89 31 58 79 21 81 62 15 67 15 52 75 87 74 31 90 43 55 93 33 56 36 63 79 42 44 88 41 
0 1 1 0 0 0 0 0 0 1 1 1 0 0 1 0 1 1 1 1 0 1 0 1 1 0 0 0 0 1 0 0 0 1 1 0 1 1 1 0 1 0 1 1 0 0 1 1 0 0 0 0 0 0 1 1 1 1 1 1 0 0 1 1 
1 0 1 1 0 0 1 1 0 0 0 0 0 1 1 0 1 0 0 1 0 0 0 1 1 0 0 0 0 0 1 1 0 0 0 0 1 1 1 1 1 1 0 0 0 1 0 0 1 1 1 0 1 0 1 0 0 0 0 0 0 1 1 0 
0 0 1 1 1 0 0 1 0 0 1 0 0 1 0 1 0 0 1 1 0 1 0 0 1 0 0 1 0 1 1 0 1 0 1 1 1 1 0 1 0 1 1 0 0 0 1 1 0 1 0 0 0 0 0 1 1 0 0 1 1 1 1 1 
0 0 0 1 1 0 0 1 1 1 1 1 1 1 0 1 0 1 1 0 1 1 1 0 1 1 1 1 0 0 0 0 0 0 1 0 0 1 1 1 1 1 0 0 0 1 0 0 0 1 0 1 1 1 0 0 0 1 1 0 0 1 1 0 
1 0 0 1 0 0 0 1 1 1 1 1 0 1 1 0 1 1 1 0 0 1 0 0 1 0 0 1 1 1 1 1 0 0 0 0 0 1 1 1 0 0 0 0 0 1 0 1 0 1 1 0 1 1 0 0 1 0 1 1 0 0 0 0 
0 0 0 0 1 1 1 1 1 1 1 1 0 1 0 0 1 1 0 0 1 0 0 0 1 1 1 1 1 1 1 0 0 1 0 1 0 0 1 1 1 0 1 0 0 1 0 1 1 1 1 0 1 1 0 0 0 0 1 1 1 0 1 1 
1 0 1 1 0 0 1 1 0 0 1 0 1 0 1 0 1 0 0 0 1 1 1 1 1 0 1 0 1 0 0 0 0 1 0 0 1 1 0 1 1 1 0 0 1 1 1 0 0 1 1 1 0 0 1 1 0 0 0 1 0 0 0 1 
1 0 1 0 1 1 1 0 1 1 0 0 1 1 1 1 1 0 0 1 0 1 1 0 1 1 0 0 1 0 1 0 0 0 0 1 0 1 1 1 1 1 1 0 1 0 1 0 0 1 1 0 1 0 1 0 1 1 0 0 1 1 0 1 
0 0 0 0 0 1 1 1 0 0 1 1 1 0 1 1 1 1 0 0 1 1 1 1 0 1 1 1 1 0 0 1 0 0 1 0 1 0 1 1 0 0 1 1 0 0 1 0 1 1 0 1 0 1 0 0 1 1 1 0 1 1 1 0 
1 0 0 0 0 0 1 0 0 0 0 1 1 1 1 0 0 1 1 0 1 1 0 0 1 1 0 0 0 1 0 1 1 1 1 1 1 0 1 1 1 1 0 0 0 1 0 0 1 0 0 0 1 0 0 0 1 0 1 1 1 1 0 0 
0 1 1 1 0 0 1 1 0 1 1 0 1 1 1 0 1 1 0 1 0 0 1 1 0 0 1 1 0 1 1 0 1 0 0 1 0 1 0 0 0 1 1 1 0 0 1 0 1 1 1 1 1 0 1 1 1 0 0 1 1 1 1 0 
1 1 1 0 0 1 0 1 0 1 0 1 1 0 1 1 1 0 0 1 0 1 0 1 1 1 0 1 0 0 1 0 1 1 0 0 0 0 1 1 0 1 0 1 1 1 0 1 1 1 0 1 0 0 1 0 1 1 1 0 1 0 0 1 
1 0 1 0 0 0 1 0 1 1 0 1 0 0 0 1 1 0 0 0 0 1 0 0 1 1 0 0 1 0 1 1 0 0 1 0 0 0 1 0 1 1 1 1 1 1 0 1 1 0 1 1 0 1 1 1 0 1 1 1 1 1 0 1 
1 1 0 0 1 1 0 0 0 1 1 1 0 1 0 1 0 1 0 0 0 0 1 0 1 0 0 1 1 0 0 1 0 0 1 1 1 1 0 1 0 1 1 0 1 1 1 1 1 1 1 1 1 0 0 1 0 0 0 0 0 0 1 0 
1 0 0 0 1 0 0 1 1 1 1 0 0 0 1 1 1 0 1 1 0 1 0 1 1 0 1 1 0 0 0 1 0 0 0 1 0 0 0 1 1 1 0 1 1 1 1 0 0 0 1 0 1 1 1 0 1 0 1 0 0 1 1 0 
1 1 1 1 1 1 1 0 0 1 0 1 0 1 0 0 1 1 1 0 1 0 0 0 1 1 0 1 1 0 0 0 1 1 0 1 1 1 1 1 0 1 1 0 0 1 1 1 0 0 1 1 0 1 0 1 1 0 1 0 0 1 0 0 
0 0 1 1 1 0 1 1 0 0 0 0 1 1 0 1 1 1 1 1 1 1 1 0 1 0 0 0 1 0 0 1 1 1 1 0 1 0 0 1 0 0 0 1 1 0 0 0 1 1 1 0 0 0 0 0 0 0 0 1 1 0 1 0 
1 0 0 0 0 0 0 0 0 0 1 1 0 1 1 1 1 1 0 1 1 0 1 0 1 1 1 0 1 0 0 0 0 0 1 0 1 1 0 1 1 1 1 1 1 0 0 0 1 0 1 1 1 1 1 0 0 0 0 0 1 0 0 1 
0 1 0 1 0 0 1 1 0 0 0 1 0 1 1 0 1 0 1 0 1 0 0 0 0 0 0 1 0 0 1 1 0 1 0 0 1 1 0 1 1 0 0 0 1 1 0 1 0 1 1 1 1 0 1 1 0 1 1 1 0 0 0 0 
1 0 0 0 0 0 0 1 1 0 1 0 0 1 1 0 0 1 1 1 1 1 1 1 0 0 0 0 0 0 0 1 1 1 1 1 1 1 0 0 0 0 1 0 1 0 0 0 1 1 1 0 0 0 0 1 0 0 1 0 1 0 1 0 
1 1 1 0 0 1 1 0 1 0 0 1 0 0 1 0 0 0 0 0 1 0 1 1 1 1 0 0 1 1 0 0 0 1 0 1 0 1 1 0 1 0 1 0 0 0 0 0 0 0 1 1 1 0 1 0 1 1 0 0 0 0 0 1 
1 1 0 1 0 1 1 0 1 0 0 0 0 0 0 1 0 1 0 1 0 1 1 1 0 1 0 1 1 0 0 0 1 0 0 0 1 1 0 1 0 0 1 0 0 1 1 0 1 0 0 1 1 1 0 0 1 0 1 0 1 1 1 0 
1 1 0 0 0 0 1 0 0 0 1 0 0 0 1 1 0 1 0 0 0 0 0 1 1 1 0 0 0 1 0 1 0 1 1 0 1 1 1 0 1 0 0 1 0 1 0 1 0 0 1 1 1 1 0 0 0 0 0 0 1 0 1 1 
1 0 0 1 1 1 1 1 1 1 0 1 1 1 0 1 1 1 0 0 0 1 0 0 1 0 0 1 1 1 0 0 0 0 1 1 1 0 0 0 0 1 0 1 0 0 0 1 0 1 0 0 0 0 1 1 1 1 0 0 1 1 0 1 
1 0 0 1 0 1 1 0 0 1 1 0 0 0 1 0 1 1 0 1 0 1 0 1 1 1 1 0 0 1 1 1 1 1 0 0 0 0 0 0 1 0 0 1 0 0 1 1 1 0 0 1 1 0 0 0 1 1 0 1 1 1 1 0 
1 1 0 1 1 1 0 1 1 0 0 1 0 0 0 0 0 0 1 1 0 0 0 0 1 0 1 0 0 0 1 1 0 1 0 1 0 0 0 1 1 1 0 1 1 0 1 1 0 1 0 1 1 0 1 0 1 0 1 1 1 0 0 1 
1 0 0 0 1 1 1 0 0 0 1 1 0 1 0 1 0 0 0 1 1 1 1 0 1 0 1 0 0 1 1 0 1 0 0 0 1 1 0 1 1 0 0 0 1 0 1 1 0 1 0 1 0 1 1 1 0 0 0 0 1 1 0 1 
1 0 1 0 0 0 1 1 0 1 1 1 1 0 0 0 1 0 1 1 1 1 1 1 1 1 0 1 0 0 0 0 1 1 0 1 1 0 0 1 1 0 0 1 0 0 1 0 0 0 1 0 1 0 1 1 1 1 0 0 0 0 0 1 
1 0 0 1 0 0 0 0 0 1 1 1 1 0 1 0 0 0 0 0 1 1 1 0 1 1 0 1 1 0 0 0 1 0 1 1 0 0 1 1 1 0 0 0 0 1 0 1 1 0 1 0 0 0 1 1 1 1 0 0 0 0 0 1 
0 0 0 0 0 0 1 1 0 1 1 1 0 0 0 0 0 1 0 0 1 1 1 0 1 1 0 1 1 0 0 1 0 0 0 0 0 1 1 1 1 1 0 1 1 0 1 1 1 0 0 0 1 1 0 0 1 0 1 0 0 1 0 1 
0 0 1 0 1 1 1 0 0 1 0 1 1 1 0 0 1 0 0 1 0 0 1 1 0 1 1 1 0 1 0 0 1 1 1 1 0 0 1 0 0 1 1 1 1 0 0 0 0 0 1 0 1 1 1 1 0 1 0 0 0 0 1 0 
0 0 1 0 0 0 1 0 0 0 0 1 0 0 1 1 0 1 1 1 0 1 1 0 0 1 0 0 0 1 0 0 1 1 0 0 0 1 0 0 0 0 1 0 0 0 1 1 1 1 0 1 0 1 1 0 1 0 0 1 1 1 1 1 
0 1 1 0 1 1 0 1 0 1 1 0 0 1 1 1 0 0 1 0 1 0 0 0 0 0 1 0 1 0 1 0 0 0 0 1 1 1 0 1 0 1 0 0 0 1 0 0 1 1 0 1 1 0 1 0 1 1 0 0 1 1 0 1 
1 1 0 0 0 0 0 0 0 0 1 0 1 1 1 1 0 1 0 1 0 1 1 1 0 1 1 0 0 0 1 1 1 0 0 1 0 0 1 0 0 0 1 1 1 0 0 1 1 0 1 1 0 0 0 0 0 0 0 0 0 0 0 1 
0 0 0 0 0 1 1 0 0 0 1 1 0 0 1 1 0 0 1 0 0 1 1 0 1 1 1 1 1 1 0 1 1 0 0 1 0 1 1 0 1 0 1 1 0 0 0 1 0 1 1 1 1 0 1 0 0 0 0 1 1 0 1 0 
1 1 1 1 0 0 1 1 1 0 0 1 1 0 0 1 0 0 0 1 0 0 1 0 0 1 0 0 0 1 0 1 0 0 0 0 0 1 1 1 1 1 1 0 1 1 0 1 1 0 0 0 0 0 0 1 1 0 1 1 1 1 0 1 
1 0 1 0 1 0 1 1 1 0 1 1 0 1 0 1 0 1 1 0 1 0 1 0 0 0 0 0 0 0 1 1 1 1 1 0 1 1 1 1 1 1 0 1 0 0 1 0 1 0 1 0 0 0 1 1 1 1 1 1 1 0 0 0 
1 0 1 1 1 0 0 0 1 0 0 0 0 1 0 0 1 1 0 0 0 1 1 1 0 0 0 0 0 0 0 0 0 1 1 1 0 1 0 1 1 0 1 1 1 0 1 0 1 0 0 1 1 1 0 0 1 0 0 0 1 0 0 1 
0 1 1 0 0 1 1 1 1 1 0 0 1 0 0 0 0 1 0 1 0 0 1 0 1 1 0 0 0 0 1 0 1 0 0 1 1 1 0 0 0 0 0 1 0 1 0 0 0 0 0 0 0 1 0 1 1 0 1 1 0 1 1 1 
1 1 0 1 0 0 1 1 1 0 0 1 1 0 0 1 0 0 1 1 1 0 0 0 0 0 1 1 1 0 0 0 1 1 1 0 1 1 1 0 1 1 0 0 0 0 1 0 0 0 1 1 0 0 0 1 0 1 0 1 0 0 1 1 
1 1 1 1 0 0 1 1 0 1 1 0 1 0 0 1 0 0 1 1 0 1 0 0 0 0 1 0 0 0 0 0 1 1 1 1 0 0 0 0 0 1 0 1 1 0 1 0 0 0 1 0 1 1 0 1 1 1 0 1 0 0 1 1 
1 0 1 1 1 1 1 1 1 1 0 0 0 1 0 0 1 1 1 0 0 1 0 1 1 0 1 1 0 0 0 1 1 1 1 0 1 0 1 0 0 1 0 0 1 1 0 0 0 1 1 1 1 1 0 0 1 1 1 1 0 1 0 1 
1 1 1 0 0 0 0 0 1 0 0 0 1 0 1 0 0 0 1 1 1 1 1 0 1 0 1 1 1 1 0 0 1 1 0 1 1 0 1 0 1 1 1 0 1 0 0 1 0 1 0 1 1 1 1 0 1 0 1 1 1 1 1 0 
0 0 1 1 0 0 1 1 1 0 0 1 0 0 0 0 0 1 1 1 0 0 1 0 0 0 1 0 1 0 0 1 0 0 0 1 0 1 0 0 0 0 1 0 1 1 1 1 0 0 0 1 1 1 1 1 1 0 1 0 0 0 1 1 
0 1 0 0 0 0 0 0 1 1 1 0 1 0 1 1 0 1 0 1 0 1 1 1 1 0 1 0 0 0 1 0 1 1 1 1 1 1 0 0 1 1 0 0 1 1 1 1 0 0 1 0 1 0 1 1 0 0 1 1 0 0 1 1 
1 0 1 0 0 1 1 1 0 1 1 1 1 0 0 1 0 1 0 0 1 1 1 0 0 0 1 0 0 0 0 1 1 1 1 1 0 0 0 0 0 1 1 1 1 1 0 0 1 0 0 0 0 1 0 0 1 1 0 1 0 0 0 1 
1 1 0 1 0 0 1 0 1 0 1 0 0 1 0 1 0 0 1 0 1 0 0 0 1 0 1 1 1 1 0 0 1 0 0 1 0 1 1 1 0 0 0 0 1 0 1 1 1 0 1 0 0 1 1 0 0 0 1 1 0 0 1 1 
0 1 0 1 1 1 0 1 1 0 1 0 1 0 0 0 0 1 0 1 1 1 1 1 0 0 0 0 0 1 1 1 1 1 0 0 0 0 1 1 1 0 1 0 0 1 0 0 1 0 1 0 0 0 1 0 1 1 0 1 0 1 0 1 
0 0 1 0 1 0 1 0 0 0 0 0 0 0 1 1 0 0 1 0 1 0 0 0 1 0 1 1 1 0 1 1 0 0 1 1 1 0 1 1 1 1 0 1 1 1 0 0 1 1 0 0 1 1 0 0 1 0 1 1 0 0 0 0 
1 0 0 0 0 1 1 1 1 1 0 0 0 0 0 0 1 1 0 0 0 1 0 1 1 0 0 1 0 1 1 1 1 1 1 1 1 1 1 0 0 1 0 1 0 1 1 1 0 1 0 0 0 0 1 1 0 0 0 1 1 0 0 0 
1 0 1 0 1 0 0 1 0 1 0 0 0 1 1 0 1 1 0 1 0 1 1 0 1 1 1 0 1 0 0 1 0 0 1 1 0 0 0 0 1 1 0 1 0 0 1 1 1 1 1 1 0 0 0 0 1 1 0 1 1 1 0 1 
1 1 0 1 1 1 0 0 0 0 1 0 0 0 0 0 1 1 1 0 1 1 0 0 1 0 1 0 1 1 0 0 1 0 0 0 1 0 1 1 0 0 0 1 1 0 1 0 1 0 0 0 0 0 0 1 1 0 1 0 1 1 1 0 
0 1 1 1 1 0 1 1 0 1 0 1 1 1 0 0 0 0 0 0 1 0 1 0 0 0 0 0 0 1 0 0 0 1 1 1 1 0 1 0 1 1 1 0 1 1 0 1 0 0 1 1 1 0 1 1 0 1 1 0 1 0 0 1 
