46 53 529
60 97 31 33 56 83 76 45 61 35 84 32 11 37 74 90 54 12 41 73 96 12 72 45 32 42 86 90 7 44 22 67 40 5 51 95 39 26 91 99 60 26 82 23 63 55 64 68 66 56 92 14 68 
15 58 51 8 43 92 15 38 13 33 77 69 83 24 7 9 14 57 20 40 38 94 54 93 58 73 10 13 64 75 32 30 85 82 38 27 73 52 17 38 84 93 6 66 16 13 74 82 69 46 21 59 39 
26 3 96 50 12 61 65 39 92 94 23 26 31 1 98 82 17 87 17 10 93 83 25 57 8 58 77 5 78 35 44 55 37 91 56 1 51 20 39 95 66 61 20 96 61 69 30 30 56 98 39 48 32 
15 56 92 73 32 96 2 67 39 9 3 30 64 3 32 36 93 26 1 5 45 48 66 66 29 95 21 27 85 20 58 99 75 1 23 58 97 77 24 87 85 79 16 48 33 100 83 26 25 83 30 22 83 
47 39 11 93 59 89 77 30 99 28 56 99 2 13 95 78 89 82 62 67 49 62 51 100 44 76 77 79 58 98 61 56 36 23 49 46 12 77 27 10 56 82 8 58 94 55 87 82 88 1 100 88 62 
51 88 5 78 64 35 87 13 47 43 100 70 43 97 81 19 23 42 27 4 49 36 49 55 22 83 42 22 82 30 35 84 69 92 62 84 26 48 96 25 42 95 94 84 43 26 3 65 67 81 68 67 16 
68 22 89 50 15 63 84 96 97 67 64 88 80 47 14 80 94 38 21 40 83 5 82 60 59 46 26 91 65 44 6 33 17 94 34 32 56 17 27 5 36 43 92 67 41 57 46 35 46 19 74 28 75 
8 87 85 53 64 75 70 60 32 2 76 77 87 7 85 4 86 89 91 80 80 57 20 37 55 54 82 25 80 62 99 87 100 35 91 16 9 60 75 40 13 50 68 100 9 52 55 46 40 97 25 20 5 
44 8 59 50 41 35 81 2 33 19 54 19 9 69 27 21 95 18 85 44 86 36 4 89 42 49 29 38 73 48 95 69 7 5 70 47 40 50 49 24 68 54 43 28 74 21 100 68 91 85 11 28 72 
67 16 14 15 44 3 40 43 97 8 49 2 77 96 93 78 96 16 97 49 58 24 22 31 76 89 21 12 51 48 83 69 63 48 84 59 3 75 1 99 34 50 52 62 97 44 39 92 12 35 92 69 10 
65 51 85 5 71 96 7 70 31 76 33 30 11 91 32 37 43 83 70 92 34 31 40 30 69 31 41 55 74 61 64 90 12 1 94 34 48 1 4 78 28 88 60 38 30 91 74 72 73 95 16 59 25 
55 40 45 38 32 99 63 92 62 53 55 14 46 89 62 98 44 39 25 31 98 14 60 41 39 83 65 85 98 75 9 5 14 53 94 45 3 56 37 17 8 43 30 6 31 91 3 74 82 80 56 79 45 
15 71 36 98 36 20 47 10 81 51 76 33 44 20 88 52 8 4 59 51 33 16 33 76 19 59 57 50 14 87 46 81 58 81 30 45 53 76 54 33 79 29 17 22 1 4 73 60 59 84 10 44 99 
95 19 69 5 75 70 18 61 16 50 18 48 79 62 100 55 68 84 33 48 1 6 100 56 31 60 67 14 21 10 12 15 28 33 19 2 2 89 62 17 90 32 17 69 93 16 75 12 52 7 60 4 64 
59 59 94 70 25 59 91 86 71 57 13 55 76 14 56 16 76 25 5 7 41 25 51 8 99 15 59 57 26 62 21 36 73 66 6 49 25 96 35 47 52 47 1 79 13 56 46 88 32 3 46 72 27 
48 32 26 62 90 34 39 4 54 75 76 20 80 76 44 75 10 90 78 9 42 57 21 49 54 60 81 56 57 4 35 4 35 60 18 25 45 56 80 51 30 55 70 61 82 65 87 92 6 65 52 47 73 
72 47 26 31 27 82 39 31 16 42 17 27 11 41 23 19 72 73 100 78 42 61 60 58 47 3 15 11 54 13 35 77 60 61 59 86 94 97 68 61 90 85 39 1 77 61 71 49 34 70 26 27 30 
37 37 29 39 51 91 92 16 26 68 75 86 78 12 31 74 80 91 64 16 81 16 44 41 86 92 26 7 70 5 37 58 41 17 97 43 7 40 58 32 60 32 69 37 44 99 11 75 41 26 42 21 41 
85 14 78 29 39 84 50 43 72 7 35 88 3 78 95 43 35 78 2 19 99 90 14 97 100 88 90 25 29 62 17 65 75 94 93 66 78 42 60 1 49 95 89 51 24 35 45 58 64 98 28 62 88 
41 11 39 28 100 16 8 13 32 73 88 78 17 5 7 59 64 7 7 10 95 9 33 81 6 91 45 3 18 6 90 11 68 81 38 67 96 98 32 79 22 19 56 38 75 62 96 38 69 54 48 15 15 
80 96 20 22 40 22 92 97 64 2 65 96 91 83 91 40 14 69 61 84 77 51 58 38 46 48 58 52 47 73 66 26 20 37 100 59 10 43 7 25 44 71 20 86 6 62 26 19 31 38 3 59 88 
12 96 86 59 6 37 5 78 54 83 97 90 82 7 99 76 65 76 19 36 95 56 41 57 81 11 39 19 65 97 6 77 44 43 87 49 79 92 78 84 26 26 73 59 32 24 34 97 99 52 84 93 7 
76 1 40 86 39 10 3 87 67 79 31 10 65 79 88 8 9 72 33 34 96 91 18 19 24 14 69 27 49 14 86 76 14 77 13 5 86 15 91 52 45 73 61 62 4 1 69 12 24 54 45 71 96 
62 42 72 27 10 50 27 23 35 2 89 63 15 45 48 81 87 52 26 60 64 87 63 64 7 26 39 60 22 10 8 36 51 79 62 12 28 41 87 15 94 27 77 8 71 25 41 57 76 66 16 91 4 
30 7 10 7 45 22 29 6 29 64 8 7 77 20 86 17 6 100 11 32 77 70 54 53 10 10 80 75 78 70 30 59 76 40 66 21 61 94 78 89 57 86 47 33 5 32 2 62 32 12 45 60 33 
98 12 43 7 91 69 84 60 99 43 88 38 60 60 50 53 37 90 9 22 88 93 78 19 94 39 2 57 83 61 90 80 72 84 39 14 52 74 26 50 68 13 39 27 72 40 79 8 29 39 82 16 84 
59 87 29 98 88 86 32 1 27 64 24 10 2 38 61 27 15 63 95 27 53 73 98 93 4 57 73 42 38 41 77 97 27 6 46 66 91 77 18 69 92 42 78 45 31 38 72 45 52 18 23 5 90 
72 49 93 28 21 87 18 61 63 14 39 20 11 57 10 39 74 78 31 67 7 75 97 97 98 93 48 15 67 4 57 38 52 1 18 25 39 35 37 54 100 76 73 10 84 35 100 57 64 30 76 71 57 
24 67 6 17 66 21 83 70 29 73 21 81 90 97 20 76 34 73 75 61 97 36 44 31 35 52 95 17 27 17 73 51 35 78 19 100 50 53 69 30 25 42 11 66 38 82 41 71 6 15 31 2 2 
26 85 37 78 31 5 4 99 29 6 33 58 24 32 60 29 53 89 53 94 51 19 83 84 11 54 41 78 36 95 79 62 79 67 39 61 23 94 59 51 100 91 9 75 74 68 3 26 8 8 71 11 78 
54 46 88 7 87 17 94 81 96 55 11 14 45 71 37 91 29 87 42 71 47 16 44 66 71 70 26 78 40 36 7 45 81 94 3 19 11 97 99 58 3 61 23 48 31 59 90 11 98 31 81 44 46 
77 62 68 98 87 45 89 74 51 34 6 97 36 25 59 84 75 16 87 36 38 86 66 49 75 29 46 5 61 41 2 37 2 70 34 40 66 23 13 17 8 19 65 43 43 23 27 17 90 65 4 79 50 
22 27 24 50 24 80 10 65 81 47 18 2 32 58 68 6 70 36 13 88 100 56 82 74 34 51 63 98 54 41 99 75 20 22 24 43 53 86 59 33 32 29 35 15 86 54 21 7 89 33 47 40 40 
28 13 25 78 27 22 84 19 20 58 38 93 34 33 45 19 91 30 2 19 16 16 56 69 36 15 9 69 61 48 60 40 60 85 18 86 58 53 56 78 10 94 22 43 26 67 61 68 48 62 39 63 30 
46 83 65 60 91 85 72 90 45 12 49 81 81 86 38 33 41 67 42 86 89 37 63 7 97 83 54 11 73 68 40 18 2 56 78 92 41 49 81 37 12 81 17 92 18 54 24 10 21 18 48 61 54 
10 67 2 44 72 12 16 91 3 34 92 59 63 35 51 63 67 87 75 99 55 18 68 60 42 77 32 59 76 92 64 86 10 65 29 81 29 97 23 83 30 14 41 44 100 43 6 18 29 32 16 83 50 
83 95 91 12 26 1 87 18 16 24 27 80 5 60 60 1 34 43 30 100 35 73 99 78 30 17 6 62 32 41 11 67 35 53 78 60 5 16 29 20 40 56 51 44 67 11 96 100 53 77 99 87 1 
50 16 30 66 74 43 49 14 53 67 100 57 96 11 61 12 40 80 3 47 31 98 65 41 93 64 45 69 15 83 21 64 99 50 81 72 93 81 37 97 100 88 54 95 98 14 6 89 94 60 35 76 57 
51 68 1 67 64 69 81 46 89 96 96 91 28 19 35 60 7 31 59 94 84 54 44 50 11 32 95 71 19 22 79 69 89 80 35 52 100 67 49 41 14 97 31 93 15 65 53 74 47 63 67 83 68 
10 84 79 94 78 1 12 99 31 80 39 10 67 90 10 85 90 50 99 86 32 43 53 48 47 26 46 10 44 28 77 54 11 7 47 40 59 10 90 90 41 28 51 7 69 60 44 59 61 42 96 44 36 
48 91 83 73 37 92 17 16 20 22 79 79 20 18 37 29 8 78 69 87 29 28 56 40 71 14 53 64 61 96 99 9 87 33 33 75 24 1 90 96 22 68 26 93 38 14 21 97 92 42 83 72 69 
38 63 39 3 15 54 64 63 52 72 1 85 56 75 60 57 16 7 30 36 32 23 73 46 95 69 89 36 51 60 56 41 74 46 43 89 99 58 51 3 81 51 39 37 77 50 45 92 57 74 79 40 48 
51 37 43 71 25 30 74 36 86 14 10 31 8 50 82 18 52 84 98 54 74 86 30 23 30 73 31 56 4 23 3 54 59 97 77 36 27 50 71 64 15 32 46 74 33 79 91 84 14 89 89 87 26 
70 62 56 43 92 11 46 66 65 51 25 62 79 60 40 28 82 55 94 66 52 68 98 31 10 34 44 50 22 31 76 92 92 83 86 35 45 83 1 9 85 77 22 64 36 61 43 69 67 37 86 19 56 
84 49 17 69 92 67 90 74 42 33 17 76 70 52 20 52 4 28 37 80 50 52 67 62 94 35 81 30 21 99 37 56 47 54 24 90 72 65 16 65 50 32 40 19 83 59 71 86 86 59 17 87 10 
83 1 3 18 81 85 90 31 73 97 29 26 72 18 97 36 33 13 37 65 52 56 99 10 26 37 48 36 53 86 45 36 86 99 5 18 35 46 48 8 94 76 85 65 46 34 52 30 46 89 46 98 44 
0 0 0 0 1 1 0 1 1 1 0 1 1 0 0 0 1 1 1 1 1 1 0 0 1 1 0 1 1 1 0 1 1 0 1 1 1 1 0 0 1 0 1 0 0 1 1 0 0 0 1 0 0 
1 0 1 0 0 0 1 1 0 0 1 0 1 0 1 1 0 1 0 0 0 0 1 0 1 1 0 0 0 0 0 1 1 1 1 1 1 1 1 1 1 0 1 1 0 0 0 0 1 0 0 1 0 
1 1 0 0 0 0 0 0 0 1 1 1 1 1 0 0 0 1 1 0 0 0 0 0 0 0 1 0 0 0 1 0 0 1 0 0 1 1 0 1 0 0 0 1 1 0 1 1 1 1 1 1 1 
1 1 0 1 0 0 1 0 1 1 0 0 0 0 1 1 1 0 1 1 0 1 0 0 0 1 1 1 0 0 1 1 1 1 0 1 1 1 0 1 1 0 1 1 1 1 0 0 1 1 1 0 0 
1 0 1 0 0 0 0 0 1 1 0 0 1 1 0 0 1 1 1 0 0 0 1 1 0 1 1 0 0 1 0 1 1 1 1 1 0 1 0 1 0 0 0 1 1 0 1 1 1 1 1 1 1 
0 1 0 1 0 0 1 1 0 0 0 0 1 0 0 0 0 1 0 0 1 1 1 1 0 0 0 1 1 0 1 1 1 1 0 1 1 1 0 1 1 0 1 0 0 1 0 0 1 0 0 0 1 
0 0 0 0 0 1 0 0 0 1 1 1 0 0 0 1 0 0 1 1 1 1 1 1 0 0 0 0 0 0 0 0 0 0 1 1 1 1 1 0 0 1 1 0 1 0 0 0 0 1 1 1 0 
0 0 0 0 0 1 1 1 1 1 1 1 0 0 0 1 0 0 0 1 0 0 0 0 0 0 0 1 1 1 0 0 0 0 0 0 1 1 1 0 1 1 1 1 1 0 1 1 0 1 0 0 1 
1 0 0 1 0 1 1 0 1 1 0 0 1 0 1 1 0 0 0 1 1 1 0 1 0 0 0 1 0 0 1 1 1 1 1 1 0 0 1 0 1 1 0 0 0 1 1 0 1 1 1 1 1 
1 0 1 1 0 1 0 1 0 1 0 1 0 1 1 0 1 1 1 0 1 0 0 1 1 0 0 1 1 1 0 1 0 1 0 0 0 0 1 0 0 1 1 0 1 1 1 0 0 0 0 0 0 
1 1 0 1 1 1 1 1 1 0 1 0 0 1 1 1 1 1 1 0 1 1 1 0 0 1 0 1 0 0 1 1 1 1 0 1 0 1 0 1 1 1 0 0 0 1 1 1 0 0 0 1 1 
1 1 0 1 0 1 1 0 0 0 0 0 0 1 0 0 1 0 1 0 0 1 0 1 0 0 1 0 0 1 0 1 0 0 0 0 1 1 1 1 1 1 1 0 0 0 0 1 0 1 1 0 1 
1 1 1 1 0 0 1 1 0 1 0 0 1 0 1 1 1 0 0 0 0 0 0 0 0 1 0 0 0 0 1 0 1 0 1 1 0 1 1 0 0 1 0 1 1 1 0 1 0 1 1 0 1 
0 0 0 1 0 0 0 0 1 0 1 1 1 0 0 0 1 0 0 0 1 0 0 0 0 1 0 1 0 0 1 0 0 1 0 0 1 0 0 0 0 1 1 1 0 1 0 1 0 0 0 1 0 
0 1 1 1 0 0 1 0 1 0 1 0 0 1 1 0 0 1 0 1 1 1 1 0 1 1 0 0 1 1 0 1 1 1 0 1 0 1 1 1 1 0 0 1 0 1 1 0 1 1 1 0 1 
1 0 0 0 1 0 1 0 1 0 1 0 0 0 0 1 0 0 1 0 0 0 0 1 0 0 0 1 0 0 0 1 1 1 1 0 1 0 0 0 0 0 1 0 0 1 1 0 1 0 1 1 1 
1 1 1 0 1 0 0 0 1 1 1 0 0 1 1 0 1 0 0 1 1 0 0 0 1 0 0 0 1 1 1 1 0 0 1 0 0 1 0 1 0 1 1 0 0 1 0 1 1 0 1 0 0 
1 0 1 1 0 1 1 0 0 0 0 0 1 0 1 0 0 0 0 1 0 0 1 1 0 1 0 0 0 0 0 1 0 1 0 1 1 1 1 1 1 1 0 0 0 1 0 0 1 0 0 1 0 
1 0 0 0 0 0 0 0 0 1 1 0 0 0 1 1 1 0 1 0 0 1 0 1 0 1 1 0 1 0 1 0 1 1 1 1 0 1 0 0 1 1 0 1 1 1 0 0 0 1 0 0 1 
1 0 1 0 1 1 1 1 0 1 0 0 0 0 0 0 0 0 1 1 1 0 0 0 0 0 0 0 0 1 1 1 1 0 1 0 1 0 1 0 0 0 0 0 0 0 0 0 0 1 1 1 1 
1 0 0 1 0 0 1 1 1 1 0 1 0 0 0 1 0 0 1 0 0 1 0 0 0 0 1 1 1 0 1 0 0 1 1 1 1 0 0 0 1 1 1 0 1 1 1 1 0 0 1 0 1 
1 1 1 1 0 1 0 0 0 0 1 1 1 0 0 0 0 0 1 1 1 1 1 0 0 0 0 0 0 1 0 1 0 1 1 0 0 1 0 0 0 1 1 1 1 1 1 0 1 1 1 0 0 
0 1 1 1 1 1 1 0 1 0 0 1 1 0 1 1 1 0 1 0 1 0 0 1 0 0 0 1 1 1 1 0 0 0 1 1 0 0 0 1 0 0 0 0 1 0 1 0 0 0 0 1 0 
0 0 0 0 1 1 0 0 1 0 0 1 1 1 1 1 1 1 1 0 1 1 1 1 0 1 1 0 1 1 1 0 1 1 0 0 1 0 0 0 0 0 1 1 0 1 0 1 0 0 1 1 1 
0 1 0 1 0 0 1 1 1 1 1 1 1 1 0 0 0 0 0 0 1 0 0 0 0 0 0 0 1 0 0 0 1 0 1 1 0 0 1 0 1 0 1 1 1 1 1 1 1 1 0 0 1 
0 1 0 0 1 0 0 1 0 0 0 0 1 0 1 0 1 1 1 1 0 0 0 1 1 0 0 1 0 0 0 0 1 0 1 1 1 1 0 1 1 1 0 0 1 1 0 0 0 0 1 0 0 
1 1 0 1 1 1 1 1 1 0 1 0 1 0 1 0 0 0 1 1 0 1 0 1 0 0 1 0 1 1 0 1 0 0 0 1 1 0 1 1 0 0 1 1 0 0 1 0 0 0 0 1 1 
0 0 1 1 0 1 0 1 0 1 0 0 0 1 0 0 0 1 0 0 0 1 0 0 0 1 0 0 1 1 1 1 0 1 0 0 0 1 1 0 0 1 1 0 1 1 0 1 0 0 0 0 1 
0 0 1 1 0 1 0 0 1 0 0 0 0 0 0 1 1 1 0 1 0 0 0 1 1 1 1 1 1 1 1 0 1 0 1 1 0 0 1 1 0 1 1 0 1 1 0 1 0 0 0 0 0 
0 1 1 1 0 1 1 1 0 1 0 0 0 0 0 0 1 1 0 1 0 1 0 0 1 1 0 1 1 1 1 1 0 1 1 1 0 0 0 0 1 1 0 1 1 1 0 0 0 0 1 1 1 
0 1 0 1 1 1 1 0 1 0 1 0 1 0 0 1 0 0 0 1 0 0 0 1 0 1 0 0 0 1 0 0 0 0 0 1 0 1 0 1 1 1 1 1 1 1 0 1 1 1 1 1 1 
1 1 1 0 1 1 1 0 1 1 0 0 1 1 0 0 1 1 0 0 0 1 1 1 1 1 0 0 0 1 1 1 0 0 0 1 0 1 1 1 0 1 1 0 1 1 0 0 0 0 1 0 1 
0 1 1 1 1 1 1 1 1 1 1 1 1 1 1 0 0 1 0 0 0 0 1 0 1 1 0 1 0 1 1 1 0 0 0 0 1 0 1 0 1 0 0 0 1 1 0 0 0 0 0 1 1 
1 1 0 0 1 1 1 0 0 0 1 0 0 1 0 0 0 0 1 0 0 1 0 0 1 0 0 0 0 1 1 1 0 1 1 0 0 0 0 1 0 1 1 1 0 1 1 0 0 1 1 0 0 
1 0 0 1 1 0 1 0 1 0 1 0 1 1 0 0 1 1 0 1 1 1 1 0 1 0 0 0 1 1 0 0 1 0 1 0 0 0 1 1 0 0 1 1 1 0 1 0 1 0 1 0 1 
1 1 0 1 1 0 0 0 1 0 0 1 1 0 0 1 1 1 1 1 1 0 0 1 0 1 0 0 0 1 1 1 0 0 0 1 0 0 0 1 0 0 1 1 0 1 0 0 0 1 1 1 0 
0 0 0 1 1 0 1 0 1 1 0 1 1 1 0 0 1 1 0 1 0 0 0 1 0 0 0 0 1 1 0 1 0 0 0 1 0 0 1 1 1 1 1 0 0 1 0 0 0 1 1 1 1 
1 0 1 1 0 1 1 0 1 0 0 1 1 1 1 1 0 1 0 1 0 0 1 1 1 1 1 0 1 0 1 0 1 0 0 1 0 1 1 1 1 1 1 0 0 0 1 0 1 1 1 1 0 
1 0 1 0 0 1 1 0 0 0 1 0 0 1 0 1 0 0 0 0 1 1 0 1 0 1 1 0 0 0 0 1 1 1 0 1 0 1 1 0 1 1 0 1 0 1 0 0 1 1 0 0 0 
1 1 0 0 0 0 0 1 0 0 0 1 0 1 1 1 0 1 1 1 0 0 1 1 1 0 0 0 0 0 0 1 1 0 1 0 1 0 1 1 0 1 1 0 0 0 1 0 0 0 0 0 1 
1 1 0 1 1 0 0 1 0 1 0 0 1 0 1 1 1 1 1 0 0 1 0 0 0 1 0 1 1 0 0 0 1 0 0 0 0 0 1 0 1 0 0 0 0 0 1 0 1 0 0 1 1 
1 1 0 0 0 1 1 0 1 1 0 1 1 0 1 1 0 1 1 0 1 1 0 1 1 0 0 1 1 1 1 0 1 1 0 1 0 1 1 1 0 1 0 0 0 1 1 0 0 0 0 1 0 
0 1 1 1 1 0 0 1 1 0 0 0 0 1 0 1 0 1 1 0 1 1 0 0 1 0 0 1 0 0 1 0 1 0 1 0 1 1 1 0 1 1 1 1 0 1 0 1 1 0 1 0 1 
1 1 0 1 1 0 1 1 1 1 0 0 1 1 1 0 0 1 0 0 0 1 0 0 0 1 1 0 0 1 1 1 0 0 0 0 0 1 1 1 1 0 1 0 1 0 0 1 0 0 1 0 0 
0 0 0 1 1 0 0 1 1 1 1 1 0 1 1 1 1 1 0 1 0 0 0 1 1 1 1 1 1 1 1 1 0 1 0 1 1 0 0 1 0 0 0 0 1 0 1 0 1 0 1 1 0 
1 0 1 1 1 1 0 1 0 1 1 0 1 0 1 0 1 0 0 1 1 0 0 1 1 1 0 1 0 1 0 0 0 1 1 1 0 1 0 1 0 1 1 1 0 0 1 1 1 1 0 0 1 
