58 59 2771
16 43 88 46 27 35 31 91 56 100 98 23 13 10 53 55 29 56 57 31 90 33 94 33 60 44 62 91 12 19 64 27 62 3 72 88 37 54 30 92 6 27 67 70 89 19 24 69 74 80 99 64 64 45 96 75 40 10 18 
51 28 81 77 41 83 100 80 19 6 9 62 11 88 28 80 76 46 3 96 72 34 46 87 98 90 34 72 30 43 89 32 23 21 9 63 3 60 43 73 65 3 35 27 90 14 58 17 12 12 12 83 46 58 21 95 47 6 18 
28 49 7 60 23 79 68 85 34 79 79 6 96 82 92 22 71 6 80 88 17 43 99 51 88 56 23 34 55 28 52 82 28 10 41 50 88 60 35 21 91 65 79 86 46 70 7 17 75 38 56 43 33 6 45 72 62 19 6 
68 47 57 49 74 18 42 76 5 53 62 78 43 26 56 28 72 25 87 40 52 76 95 46 8 100 43 80 13 61 85 80 7 93 81 33 10 22 8 66 26 21 95 69 46 50 96 69 27 34 8 30 10 54 27 69 6 69 48 
70 30 84 50 88 28 82 72 89 55 79 55 80 51 1 48 97 3 96 65 81 81 25 10 90 30 36 11 35 57 58 5 86 94 6 25 21 39 97 10 93 27 16 24 78 16 24 74 18 19 90 50 51 14 59 93 44 47 3 
30 3 60 86 40 5 91 64 26 81 60 87 73 87 54 97 64 69 20 89 39 90 78 88 40 44 99 32 39 97 86 20 99 98 6 90 2 48 5 79 29 65 65 1 3 18 49 18 39 20 6 29 61 35 68 53 30 18 36 
20 14 22 40 64 19 45 53 72 44 58 51 72 74 15 25 76 85 25 45 75 45 50 3 57 36 22 9 66 40 97 37 53 70 76 17 88 72 21 59 16 30 61 87 55 76 63 30 12 88 74 38 84 75 92 40 11 13 1 
28 4 97 16 57 18 92 25 5 15 97 15 30 27 76 69 81 3 31 63 66 18 88 3 1 15 94 93 77 58 93 56 62 41 71 70 58 62 94 14 77 42 80 58 68 55 26 1 9 9 15 26 78 54 28 79 68 73 23 
44 83 15 51 44 7 22 13 64 35 58 77 11 99 8 21 19 15 98 71 23 6 85 1 84 90 28 14 58 53 36 53 35 2 4 30 8 77 42 23 11 99 99 74 97 58 94 15 72 91 37 95 49 21 95 84 11 74 49 
20 78 84 24 64 37 79 93 44 55 34 66 66 84 16 39 81 73 84 47 45 26 36 91 26 56 37 9 18 62 57 89 92 92 13 55 28 91 48 23 98 33 88 63 17 55 53 49 80 36 47 24 13 82 66 39 90 54 47 
59 15 56 48 6 47 12 13 27 54 60 49 51 44 89 13 60 43 65 60 22 52 59 97 65 40 14 3 81 67 1 40 34 56 87 91 55 50 3 81 3 14 29 54 58 17 66 69 12 83 81 85 86 39 34 50 78 47 4 
11 66 5 50 99 12 88 89 66 37 92 46 39 57 27 92 66 95 10 35 6 44 15 43 29 5 76 79 34 22 34 44 87 38 93 37 50 80 26 15 68 69 13 7 77 39 50 43 33 59 77 91 54 43 33 83 99 8 13 
32 81 46 76 20 36 20 56 85 52 33 51 19 53 15 77 30 53 27 72 38 37 100 80 91 42 12 73 92 71 37 23 3 82 50 22 17 70 30 53 21 62 56 91 15 70 68 44 75 94 67 64 82 66 43 72 59 6 96 
50 28 32 72 30 66 22 52 34 43 33 87 63 94 94 53 60 15 72 55 89 65 21 4 99 86 98 70 44 3 18 93 30 1 17 60 66 90 63 100 32 95 38 46 40 31 98 100 45 22 6 86 38 27 41 36 64 39 6 
8 41 75 52 23 75 20 34 93 9 96 92 40 42 81 85 81 11 35 32 7 56 90 44 93 16 85 29 79 75 86 38 67 12 42 89 86 13 22 78 22 69 21 13 62 1 98 95 63 84 26 22 91 15 65 35 82 1 15 
13 75 52 2 42 63 95 82 1 8 56 30 29 24 51 41 38 3 90 32 18 25 9 39 67 24 55 2 57 8 68 21 82 20 23 75 82 17 57 34 76 12 64 4 87 66 97 24 20 38 7 37 15 16 27 81 91 82 34 
47 89 2 68 22 21 42 97 54 58 5 88 34 68 3 89 6 20 37 82 39 27 88 28 41 3 54 73 93 87 7 92 27 8 59 1 80 52 49 33 9 53 72 94 72 26 35 77 45 71 10 36 49 98 63 41 52 68 14 
97 7 72 88 33 79 98 33 10 49 81 94 9 85 18 55 8 43 89 85 40 11 46 75 60 95 89 52 47 56 65 95 62 36 34 47 66 31 31 75 31 12 69 91 48 86 45 56 80 85 92 19 96 37 45 7 32 33 10 
30 41 75 76 54 62 9 100 28 91 31 54 21 94 22 63 93 59 8 48 39 44 91 9 91 28 54 49 11 38 59 92 30 33 67 84 46 27 35 25 17 17 79 89 62 52 51 55 63 10 2 1 54 45 61 44 72 14 93 
34 4 3 77 33 35 95 16 32 21 3 57 37 19 87 25 81 38 75 35 100 37 88 52 90 32 65 85 55 30 29 40 33 31 16 66 17 62 33 49 82 35 57 18 6 43 42 38 32 69 24 32 5 63 35 46 47 99 30 
1 29 59 93 13 89 60 30 58 22 63 6 3 49 62 73 6 56 66 43 87 34 66 70 90 29 5 35 27 55 17 27 35 75 71 100 15 31 29 24 52 43 29 6 92 42 78 49 97 44 92 84 77 9 53 19 89 9 5 
15 16 21 94 2 47 64 1 14 46 30 37 49 24 66 55 15 59 32 16 8 75 7 91 4 67 95 74 8 56 78 74 23 99 67 76 97 83 77 10 80 58 47 29 81 64 83 48 22 66 63 81 93 21 23 48 39 18 21 
98 25 50 72 99 100 90 74 97 24 2 6 4 11 4 32 44 67 66 43 41 83 57 21 75 29 44 74 67 13 46 65 89 96 88 87 95 77 12 91 1 14 49 4 76 52 87 19 19 4 61 11 38 69 31 65 97 74 38 
16 38 84 32 26 79 19 64 25 95 76 16 47 41 16 2 16 67 40 35 85 95 47 95 33 16 78 97 12 3 34 27 41 69 58 18 47 28 82 24 75 9 91 21 49 6 75 64 72 14 50 9 9 97 55 41 64 32 37 
27 87 22 54 79 91 63 96 89 43 29 12 17 37 2 37 85 59 11 49 31 77 98 91 85 46 45 25 61 29 13 88 67 34 93 45 24 7 92 65 49 21 76 65 57 30 2 42 88 64 42 70 40 91 60 24 89 57 100 
49 37 64 36 3 98 28 99 73 35 90 37 83 10 65 48 19 94 1 60 81 64 53 3 4 43 62 79 31 70 31 32 6 94 67 60 43 95 58 68 81 48 4 15 9 68 62 27 13 14 38 46 78 90 48 33 85 61 63 
67 31 93 98 36 39 65 48 81 11 5 48 43 4 4 57 65 23 71 91 36 84 81 33 61 22 80 45 6 40 8 25 70 52 74 58 90 38 5 23 100 61 22 42 17 25 51 81 100 21 23 87 4 3 19 17 77 98 61 
34 89 20 58 11 24 32 68 13 21 24 87 73 36 9 66 52 85 16 84 84 36 7 70 92 61 40 8 37 37 68 23 78 40 80 88 63 63 7 27 36 82 14 8 17 74 73 21 10 41 4 94 76 10 15 19 23 55 26 
11 43 46 33 20 85 65 59 47 27 17 25 62 98 38 69 15 63 94 35 73 34 38 18 61 100 84 80 74 90 57 84 33 2 17 4 86 81 15 84 59 31 9 21 29 98 41 95 13 86 81 37 19 18 54 32 69 89 63 
42 79 19 78 63 73 94 18 58 26 84 94 84 15 54 56 95 51 49 89 15 34 69 51 5 38 56 36 59 45 50 52 75 68 29 89 40 74 58 50 99 42 95 35 56 48 42 50 50 90 90 65 24 10 67 80 99 23 15 
57 19 16 9 45 83 89 85 75 63 42 76 13 83 70 99 90 69 41 91 18 82 80 34 5 41 1 36 40 75 50 96 45 17 56 41 52 45 25 26 7 66 53 19 49 74 70 38 42 10 29 11 91 60 45 48 1 97 83 
40 23 85 35 67 1 91 59 52 87 83 29 93 48 33 63 48 6 32 86 47 93 66 58 84 25 54 83 77 2 65 16 24 1 3 42 54 45 100 5 31 34 86 75 81 18 37 29 24 21 66 22 13 83 31 48 59 84 82 
36 37 47 51 12 99 5 5 52 1 4 9 31 89 46 57 70 63 94 50 38 66 67 60 30 49 90 30 7 26 11 42 14 9 45 26 8 1 30 11 2 86 19 32 74 64 89 95 79 34 44 16 51 10 27 80 58 69 61 
17 46 72 58 59 80 54 84 39 55 66 50 56 51 20 39 24 36 79 19 14 64 14 81 14 24 8 46 33 28 6 49 73 29 59 83 9 64 67 99 70 32 48 25 34 20 16 57 55 94 27 20 10 93 52 23 16 11 20 
100 38 26 1 62 6 11 45 14 74 11 65 44 94 64 20 27 83 87 35 89 33 14 60 42 6 12 64 73 22 36 24 60 13 24 21 18 86 65 84 60 27 48 55 72 11 26 98 46 13 85 34 45 50 94 86 55 57 1 
79 78 88 2 37 100 26 10 18 11 26 1 22 53 100 28 24 10 6 74 7 18 10 41 14 59 86 51 13 42 3 91 19 91 44 8 90 69 69 59 32 94 59 5 46 10 85 22 20 90 47 26 59 56 18 72 14 55 74 
78 96 76 20 67 66 63 26 8 84 94 66 67 87 77 23 85 86 7 58 5 48 4 83 6 59 52 29 24 7 2 1 54 30 20 20 47 82 97 54 17 90 20 83 77 96 6 13 81 64 70 38 12 73 72 69 83 23 98 
6 29 51 6 83 80 77 54 79 10 51 32 27 92 3 9 20 98 66 32 31 30 1 68 93 25 91 61 7 13 10 12 42 61 69 76 92 45 81 70 55 31 54 81 75 56 41 94 54 59 26 36 40 78 55 32 55 45 44 
61 57 54 25 50 66 93 25 57 38 6 79 92 88 32 24 62 87 64 8 92 22 33 27 61 62 81 44 16 25 88 29 34 93 53 83 58 45 60 14 34 17 92 25 56 75 100 70 62 64 77 53 37 61 32 50 22 12 45 
90 89 84 18 74 76 70 56 33 66 67 99 100 83 90 76 39 17 76 60 78 91 36 82 79 96 13 80 69 77 25 58 17 8 75 90 84 44 97 16 10 64 14 61 46 56 36 36 72 63 95 1 53 82 82 32 77 95 63 
98 23 87 55 39 95 82 28 30 77 24 45 38 39 11 98 85 18 34 72 89 48 67 41 1 100 22 84 77 68 46 26 90 85 80 80 79 61 59 8 38 35 4 75 73 66 25 57 83 10 81 23 57 99 63 9 98 37 92 
26 4 90 51 46 74 83 77 4 43 36 63 32 70 18 59 42 84 83 51 66 44 83 41 100 81 3 9 78 39 52 4 95 41 54 92 66 36 68 69 31 3 83 14 24 1 24 18 84 58 20 1 1 2 41 1 82 44 9 
11 34 12 14 28 53 20 19 70 7 39 91 89 41 73 55 17 73 78 34 8 36 5 9 36 6 1 88 39 96 96 49 30 60 15 9 12 86 80 81 92 18 23 33 10 96 87 78 20 64 11 28 51 15 88 39 72 40 26 
10 36 74 11 17 33 25 77 44 10 56 76 53 25 51 85 87 46 23 64 17 39 27 44 89 93 83 79 65 23 5 26 10 78 36 26 10 60 54 5 21 10 32 26 86 82 10 72 79 85 88 96 23 14 91 63 6 26 42 
22 100 98 48 9 75 35 86 36 47 39 92 67 100 23 92 38 57 54 61 35 90 48 82 64 61 73 78 19 98 71 40 97 68 87 57 42 22 94 29 68 32 20 86 84 95 78 21 51 83 81 37 72 29 71 87 41 43 64 
59 92 35 99 40 2 37 48 96 10 41 24 77 72 96 15 7 90 44 27 92 26 60 80 49 40 50 35 80 44 98 39 35 32 89 26 86 25 73 81 35 13 56 63 37 51 77 43 92 20 22 83 97 81 63 97 20 12 31 
51 8 81 41 94 64 29 20 1 6 44 81 92 9 89 54 45 91 83 39 83 54 60 17 51 92 79 47 63 43 30 14 2 62 54 95 25 35 14 78 40 10 58 31 18 98 36 14 89 18 52 23 72 64 39 74 55 70 72 
70 64 53 35 65 14 88 59 91 74 25 68 13 34 77 95 51 75 31 64 15 100 67 37 23 30 75 48 37 96 20 58 59 24 92 23 38 31 34 80 5 58 99 17 43 75 64 45 1 94 8 67 45 26 3 68 56 30 15 
44 25 86 1 36 10 92 58 99 22 91 78 78 100 28 47 42 54 10 86 55 55 45 73 99 23 76 18 30 57 33 73 81 70 25 16 79 68 26 29 41 68 58 19 20 85 65 13 39 74 99 45 28 95 17 78 17 44 96 
98 100 80 70 33 49 46 100 80 13 25 8 54 45 66 72 64 2 88 76 40 61 26 36 40 73 53 17 41 96 12 39 96 43 60 28 92 6 27 71 18 4 30 71 48 47 94 63 49 33 90 40 93 16 76 84 40 28 53 
80 75 16 70 22 59 30 1 50 35 80 72 4 83 53 75 82 100 20 96 100 53 85 91 97 52 66 33 91 45 85 23 72 52 92 93 10 21 94 11 7 73 34 11 7 87 37 40 38 56 35 89 60 19 79 9 23 97 93 
13 93 77 35 64 80 27 9 90 99 2 100 6 26 86 16 84 72 52 23 61 59 57 49 71 27 79 31 1 75 23 14 20 51 100 83 30 78 43 71 77 96 71 82 21 8 49 4 79 52 78 39 62 86 39 84 13 17 14 
13 92 88 78 11 38 78 45 20 55 88 90 83 35 12 16 56 19 64 11 97 67 89 87 81 74 25 64 38 94 30 3 37 17 32 47 7 9 43 26 16 82 67 98 17 79 14 24 97 29 34 46 96 74 84 28 100 61 91 
37 54 72 91 90 89 23 88 47 83 82 24 98 64 90 48 32 68 61 55 17 41 40 14 88 66 97 15 65 9 58 53 62 29 44 3 69 18 90 15 100 72 90 50 87 80 97 18 99 57 24 67 49 15 80 37 80 29 51 
44 37 8 97 51 89 92 53 57 9 95 24 60 18 13 9 4 44 5 73 43 13 96 9 62 10 41 98 42 69 100 85 57 60 33 7 100 24 12 56 84 6 31 44 75 96 52 78 39 9 2 81 21 49 42 34 10 82 31 
51 2 83 36 58 94 20 17 93 96 28 100 79 85 31 74 59 26 78 88 64 86 41 97 58 89 38 92 98 71 74 1 72 56 36 29 1 7 97 93 2 24 45 33 60 75 6 70 52 35 9 67 20 49 15 78 89 4 69 
39 74 42 39 97 50 26 26 50 32 22 95 34 98 39 18 9 65 23 31 68 58 91 86 29 40 1 58 80 4 26 18 30 20 56 26 21 81 3 70 13 77 64 98 26 54 15 86 18 89 16 37 98 7 23 79 98 23 36 
77 78 14 95 59 85 2 85 5 83 39 74 47 15 90 96 92 95 62 78 65 2 93 1 52 51 23 30 48 97 17 25 27 30 71 37 14 72 21 70 6 12 44 52 26 85 99 70 31 60 47 95 62 39 48 65 90 22 94 
0 0 1 0 0 1 0 0 0 0 1 0 1 0 1 1 1 1 1 0 1 1 0 0 0 1 1 0 0 0 1 0 0 0 1 0 1 1 1 0 1 0 0 1 0 1 0 1 0 1 0 1 0 0 1 0 1 0 0 
1 1 1 0 1 0 1 0 1 0 1 1 0 1 1 1 1 0 1 0 0 0 0 0 1 1 1 1 0 0 0 0 1 1 0 0 1 1 0 1 1 1 0 1 0 0 0 1 0 1 0 1 0 0 1 1 1 0 0 
0 0 0 0 1 0 0 0 1 1 0 0 0 0 1 0 0 1 0 0 1 0 0 0 0 0 1 1 0 0 1 0 0 0 0 0 0 0 0 1 1 0 0 1 0 1 1 1 0 0 1 1 0 1 0 0 1 1 1 
1 1 0 1 0 0 1 0 0 1 0 0 0 0 0 0 1 1 1 0 1 1 1 0 1 0 0 1 1 0 0 1 1 1 0 1 1 0 1 0 1 1 0 0 0 0 0 1 1 1 1 0 1 0 0 0 0 1 0 
1 1 0 0 0 1 1 0 1 1 1 1 0 1 1 0 1 1 0 0 0 0 1 0 1 1 0 1 1 1 1 0 0 0 1 1 1 0 1 0 1 0 1 1 1 0 0 0 1 0 0 1 0 1 1 1 0 0 1 
1 1 0 0 0 0 1 1 0 1 0 0 0 0 0 1 0 0 1 0 0 0 1 1 0 0 1 0 1 1 1 0 0 1 0 0 0 1 1 0 0 1 0 0 0 0 0 0 1 1 0 1 1 1 0 0 0 1 0 
1 0 1 1 1 0 0 1 0 1 1 0 0 0 1 0 0 1 0 0 0 0 1 1 1 0 0 1 0 1 1 1 0 0 1 1 1 1 0 1 0 1 0 0 0 1 1 0 0 1 1 1 1 0 0 1 0 0 0 
1 0 0 0 0 0 1 1 1 0 1 1 1 1 1 1 1 0 0 1 0 0 0 1 1 0 0 0 1 0 1 0 0 1 0 0 1 0 1 1 0 1 0 1 0 1 1 1 1 1 0 1 1 1 1 1 1 1 1 
0 1 0 0 0 1 1 0 1 1 0 0 1 1 0 1 1 1 0 0 0 1 0 1 1 1 0 0 1 1 1 1 1 0 0 1 1 1 1 0 0 1 0 1 0 0 0 1 1 0 1 1 0 0 1 1 1 1 1 
0 1 0 0 0 0 0 1 0 1 0 0 1 0 1 0 0 1 1 0 1 1 1 0 1 1 1 0 1 1 1 1 0 0 1 0 0 1 1 0 0 1 1 1 1 0 0 0 1 1 0 0 0 1 1 0 1 0 0 
0 1 0 1 1 0 1 1 0 0 0 1 1 0 0 0 1 0 0 1 1 1 1 0 0 1 1 0 0 1 0 0 1 0 1 0 0 0 0 1 1 0 0 0 0 0 0 0 0 1 1 1 0 1 1 0 0 0 0 
0 0 1 0 1 1 1 1 0 0 1 1 1 0 1 1 0 1 1 0 1 0 0 0 1 1 0 1 1 0 0 1 0 1 1 1 0 0 1 0 0 0 1 1 0 0 0 1 1 0 1 0 0 1 1 1 0 1 1 
1 1 1 0 0 0 1 1 0 0 0 1 0 1 0 0 1 1 0 0 0 0 0 1 1 1 0 0 0 1 1 1 0 0 0 0 0 1 0 1 1 0 0 0 1 0 0 1 1 0 1 0 1 1 1 0 1 1 0 
1 0 0 0 0 0 0 1 1 0 1 0 1 1 0 1 1 0 1 0 0 0 1 0 1 1 1 1 0 0 1 1 0 1 1 0 0 0 1 1 0 0 1 1 0 1 1 1 1 0 1 1 0 0 1 1 1 0 0 
1 0 0 0 0 1 0 1 1 0 0 0 0 1 1 1 1 0 0 0 0 1 1 1 1 1 1 1 1 1 1 0 0 1 1 0 1 1 1 0 1 0 1 1 1 0 0 0 1 1 0 1 0 1 0 1 0 1 0 
1 1 0 0 1 1 1 1 0 0 1 1 1 1 0 0 0 0 0 0 1 1 0 0 1 1 1 1 1 0 1 1 1 1 1 0 1 0 0 1 0 1 0 1 0 0 1 0 1 1 0 0 1 0 1 0 1 0 1 
0 0 1 1 0 0 0 0 1 0 0 1 0 1 1 1 1 0 0 1 1 0 1 1 1 1 0 1 0 0 1 1 1 0 0 1 0 1 1 0 1 0 1 0 1 0 1 1 0 0 0 1 0 0 1 1 1 1 0 
0 0 1 1 1 1 1 0 0 0 1 0 0 1 1 0 1 1 1 0 0 1 0 1 1 0 0 0 0 0 1 0 0 0 1 1 0 0 1 0 1 0 0 1 0 1 1 1 0 0 1 0 0 1 0 1 0 0 0 
0 0 1 0 0 1 1 1 1 1 0 1 0 1 1 1 1 0 0 0 1 1 1 1 1 0 1 0 0 0 0 0 0 1 0 1 1 1 0 0 1 1 0 1 0 1 1 1 0 1 1 1 0 0 0 1 0 0 0 
1 0 0 1 0 0 0 1 1 1 0 1 0 1 1 0 1 1 1 0 1 0 1 0 1 1 0 0 1 0 0 0 0 1 0 1 1 0 0 0 1 0 1 0 1 1 0 0 0 1 0 1 1 1 1 0 0 1 1 
0 0 1 0 0 0 0 1 1 0 0 1 0 0 1 0 0 0 0 0 0 1 1 1 0 0 0 1 1 1 0 1 1 1 1 0 0 0 1 1 0 1 1 0 0 0 0 0 0 0 0 0 1 1 1 0 0 1 1 
1 0 1 0 0 0 1 0 0 1 1 0 0 1 1 0 1 1 1 1 1 1 1 1 1 1 0 1 1 1 0 0 1 1 0 1 1 1 1 0 1 1 0 1 0 1 1 1 0 0 0 1 0 1 0 1 0 0 0 
1 1 0 1 0 1 1 0 0 1 1 0 0 0 0 1 0 1 0 1 1 1 1 0 1 1 0 0 1 0 0 1 1 0 0 0 1 0 0 1 1 1 0 1 0 0 0 0 0 0 0 1 1 1 0 0 0 0 0 
0 1 0 1 0 0 1 0 1 1 0 1 0 0 1 1 0 1 1 0 1 0 0 1 1 0 1 0 0 1 0 0 0 1 1 1 1 1 1 1 0 0 0 1 0 1 0 0 0 0 0 0 0 1 1 1 1 0 1 
1 1 0 0 0 1 1 1 0 0 0 1 1 0 1 0 0 0 0 0 1 0 1 1 0 0 0 0 1 0 1 0 1 1 0 1 0 0 0 1 0 1 0 1 1 0 1 0 0 0 0 1 0 1 0 1 1 0 1 
0 0 0 1 0 0 1 1 0 1 0 1 0 1 0 1 0 0 1 0 0 1 1 0 1 0 0 0 0 1 1 0 1 0 1 1 0 1 1 0 0 1 0 0 0 0 0 0 0 1 1 0 0 0 0 1 0 1 0 
0 0 1 1 1 1 0 1 1 1 0 0 0 1 0 0 1 0 0 1 0 1 0 0 1 0 1 1 1 0 1 1 0 0 0 1 0 1 0 1 0 0 1 0 1 1 1 0 1 1 0 1 1 0 0 0 1 1 1 
0 1 0 1 1 1 0 0 1 1 1 0 1 1 0 0 1 1 1 1 1 0 1 0 1 0 0 0 1 1 1 1 0 0 0 1 1 0 0 0 1 1 0 1 0 0 1 1 0 0 1 1 0 0 1 0 0 0 0 
1 1 1 0 0 1 1 1 0 1 1 0 1 0 1 0 1 1 1 0 1 1 1 0 1 0 0 1 0 0 1 0 1 1 0 1 0 1 1 1 1 0 1 0 1 0 0 0 0 1 0 1 0 0 0 1 0 0 1 
0 0 0 0 1 1 1 1 0 0 0 1 1 0 0 1 1 1 1 1 1 0 0 0 0 0 0 0 0 0 1 0 0 1 1 0 1 0 1 1 0 1 0 0 1 0 1 1 1 1 0 0 1 0 1 0 0 1 0 
0 0 1 1 0 0 0 0 1 0 1 0 0 0 0 0 0 1 0 1 0 1 1 1 0 0 0 0 0 1 0 1 1 1 0 0 0 0 0 1 0 0 0 0 0 0 1 0 1 1 1 0 0 1 1 0 1 1 1 
1 0 1 0 0 1 0 0 1 0 0 0 0 0 0 1 1 1 0 1 0 1 1 0 1 0 1 1 1 0 0 0 1 0 1 1 1 1 1 0 0 1 0 0 0 1 1 1 0 1 0 0 0 1 1 1 1 0 1 
0 1 1 1 0 1 0 1 0 1 0 0 1 1 1 0 1 0 1 0 0 1 1 0 1 0 1 1 0 0 0 0 1 1 1 1 1 1 0 1 1 0 0 0 1 1 0 1 1 0 1 1 1 0 1 0 1 1 1 
1 1 1 1 0 1 1 1 0 0 1 1 1 1 1 0 0 0 0 1 1 0 1 0 1 1 0 0 0 1 1 1 0 1 1 0 0 0 1 0 0 0 1 0 1 1 0 1 1 0 1 1 1 0 1 0 1 1 0 
0 0 0 1 0 1 0 0 1 0 1 1 1 1 0 1 0 1 1 0 1 1 1 0 0 1 1 1 0 1 1 0 1 1 0 0 0 0 0 1 1 0 0 0 1 1 1 0 0 0 0 1 1 1 1 0 0 1 1 
0 0 0 1 1 0 1 1 0 1 0 0 0 0 0 0 1 1 1 1 0 1 1 1 1 0 1 1 0 0 0 1 0 0 0 1 0 1 1 1 0 1 1 1 1 1 1 0 1 1 0 1 0 1 0 1 0 1 0 
0 1 0 1 1 1 1 1 1 0 0 0 1 1 1 0 0 1 1 0 0 0 0 1 1 0 1 0 0 1 1 0 0 1 0 0 0 1 1 0 0 1 0 1 0 0 1 0 1 0 0 1 1 1 0 0 1 1 0 
1 0 1 1 1 1 1 1 1 1 0 1 1 1 0 0 1 0 1 1 1 1 1 0 0 0 0 0 1 1 1 0 0 0 0 1 1 1 0 1 0 0 0 1 1 0 1 0 0 0 1 1 0 0 1 0 1 1 1 
0 1 0 1 1 0 1 0 0 0 0 1 1 0 1 0 1 0 0 1 0 0 0 0 0 0 1 1 1 1 0 0 0 0 1 1 0 0 1 0 0 1 1 1 1 1 0 0 1 0 1 1 0 1 1 1 1 1 0 
1 0 0 1 0 0 0 1 0 0 0 1 0 1 0 0 0 1 0 0 0 0 1 0 0 0 1 1 1 0 1 0 0 1 1 0 1 1 1 0 1 1 1 0 0 1 0 0 1 0 0 1 0 1 1 0 1 1 0 
1 1 1 1 0 1 1 0 0 0 0 0 0 1 1 0 0 1 0 0 0 0 1 1 0 0 1 0 0 0 0 1 1 0 0 1 1 1 0 1 0 0 0 0 1 1 0 1 0 0 0 0 0 1 0 0 1 1 0 
1 1 1 0 0 1 1 0 0 0 0 1 0 0 1 0 1 1 0 1 1 0 1 0 0 0 0 0 1 1 1 1 0 0 1 0 1 0 0 1 1 0 0 1 0 0 0 0 1 0 1 0 1 0 0 1 0 0 0 
1 1 1 0 1 1 0 0 0 0 0 1 1 1 1 1 1 1 1 1 0 1 0 1 0 0 1 0 0 0 0 0 1 1 0 1 0 0 1 0 1 1 1 0 0 0 1 0 0 0 1 0 0 0 1 0 0 1 0 
1 1 0 1 0 1 1 1 1 0 0 1 1 0 0 1 0 1 1 0 1 1 0 1 1 0 1 0 0 0 0 1 1 1 0 1 0 0 1 0 0 1 1 1 1 0 0 0 1 1 0 0 1 0 1 0 0 0 0 
1 0 1 0 1 0 1 1 0 1 0 0 1 1 0 0 1 0 0 1 1 0 1 1 1 0 0 1 0 1 0 1 1 1 0 1 1 1 0 1 0 0 0 1 1 0 1 0 0 1 1 1 1 1 0 0 1 0 0 
1 1 0 1 1 1 1 0 0 0 0 1 0 0 1 1 1 1 0 0 1 1 1 0 1 0 0 1 1 1 1 1 0 1 0 1 0 1 1 0 1 1 0 1 1 1 0 1 1 0 1 0 1 0 1 0 1 1 0 
0 0 1 1 1 1 1 0 1 0 0 0 1 1 0 0 1 1 0 0 0 0 1 1 0 1 0 0 0 1 0 1 0 0 0 1 1 0 1 0 0 1 0 0 1 0 0 0 0 1 0 0 1 1 1 1 0 1 0 
1 1 0 0 1 0 0 0 1 0 1 0 1 1 0 1 0 1 1 0 1 0 0 1 0 1 1 1 1 0 1 0 1 0 0 0 0 1 0 0 1 0 0 0 1 0 1 1 1 1 1 0 1 1 0 1 0 1 1 
1 1 0 0 1 0 0 1 1 1 0 1 1 0 1 1 1 1 1 0 1 0 1 1 1 0 1 1 0 0 0 1 0 0 1 1 1 0 0 0 1 0 1 0 0 0 0 1 1 1 1 0 1 0 0 0 0 1 1 
0 0 1 0 0 0 1 1 1 1 1 1 1 0 0 1 0 0 1 0 1 0 1 0 1 0 0 0 0 1 1 1 1 1 1 1 1 0 0 0 0 0 1 1 0 1 0 0 1 0 0 0 0 0 0 0 0 0 0 
0 0 1 1 1 0 0 1 1 1 1 1 1 1 0 0 1 1 0 0 0 0 0 1 1 0 1 1 0 0 1 1 0 0 0 1 1 1 0 0 0 0 0 1 1 0 1 1 0 1 1 0 0 1 1 1 0 1 0 
0 1 1 1 1 1 0 0 0 1 1 1 1 1 1 0 0 1 1 1 1 0 0 0 0 0 1 1 0 0 1 0 1 0 0 0 0 0 1 0 1 0 1 0 1 0 0 1 0 1 1 1 1 1 1 0 1 1 1 
1 1 1 0 1 1 0 1 1 0 0 0 1 0 1 1 1 0 1 1 0 0 0 1 1 1 1 1 1 0 1 0 1 0 0 0 1 0 0 1 0 0 1 1 1 0 0 0 0 1 1 0 1 1 0 1 1 1 0 
0 1 1 0 0 1 1 1 1 1 1 0 0 1 1 1 0 1 0 1 0 1 0 0 1 0 0 0 1 1 0 1 0 0 1 1 1 0 0 0 0 1 0 0 0 1 1 1 1 1 0 1 1 0 1 0 0 0 0 
1 1 0 0 0 0 0 1 0 0 1 0 0 0 1 0 0 0 0 1 1 1 1 0 0 0 0 0 0 0 0 0 1 1 0 1 1 0 0 1 1 1 0 1 1 1 0 0 1 0 1 1 1 1 1 0 1 1 0 
1 1 1 1 1 0 0 0 1 0 1 1 1 0 1 1 0 0 1 0 1 1 1 0 0 0 0 0 1 1 1 1 1 0 0 0 0 0 0 1 1 1 0 0 0 1 1 0 1 0 0 1 1 1 1 0 0 1 0 
1 1 1 0 0 1 1 0 1 1 0 1 0 0 1 1 0 1 0 0 0 1 0 1 0 1 1 0 1 0 1 1 1 0 1 1 0 0 1 1 0 0 0 0 0 0 1 0 1 0 0 1 1 0 1 1 1 0 0 
1 0 1 0 0 1 1 1 1 0 1 1 0 1 1 0 1 1 0 1 0 0 1 0 1 1 1 0 0 1 0 1 1 1 1 1 1 1 1 0 1 0 1 1 1 1 1 0 0 1 1 1 1 0 1 0 1 0 1 
