55 65 2793
85 71 31 93 66 49 52 16 87 94 19 28 4 47 18 76 12 29 34 88 33 33 29 95 16 32 30 94 66 38 61 50 61 43 94 78 91 97 93 29 91 63 56 94 61 26 22 72 54 7 59 38 39 40 32 54 23 13 99 88 3 60 89 63 54 
83 92 45 31 37 25 21 99 81 67 60 58 88 31 63 94 42 100 85 33 31 38 55 95 37 43 97 48 83 11 53 17 3 97 48 39 74 20 89 6 86 100 63 25 31 25 19 24 24 3 56 6 92 62 52 80 56 49 79 39 11 32 55 13 80 
54 3 53 74 44 58 59 43 72 84 73 96 54 48 71 8 55 28 51 17 80 83 72 80 61 10 90 44 17 55 24 70 57 28 95 52 38 6 95 9 41 19 57 46 67 79 53 21 59 55 37 38 37 61 69 50 70 58 93 38 12 68 60 21 96 
54 72 85 11 66 93 51 85 1 96 3 32 100 75 90 7 64 27 95 24 47 44 45 4 89 83 68 56 42 40 3 47 11 39 10 29 84 60 65 84 8 19 15 59 93 4 65 56 82 60 79 28 55 24 84 43 58 51 51 99 90 5 97 52 44 
6 32 79 18 48 62 77 66 29 35 59 84 100 14 18 11 45 45 65 68 80 60 25 30 10 75 71 66 23 75 61 81 6 39 50 6 53 26 71 81 60 29 64 11 95 81 21 91 78 86 10 9 45 86 39 6 12 61 23 34 87 84 66 45 22 
15 50 26 40 20 6 52 1 22 62 47 54 83 37 83 20 46 92 16 31 82 21 42 94 43 27 81 78 93 25 52 7 74 77 99 45 35 50 45 8 11 91 61 45 27 96 64 24 39 79 54 20 51 47 13 46 74 45 23 18 69 26 76 94 3 
74 39 89 75 35 96 38 78 8 82 56 3 46 80 41 76 85 12 27 32 77 72 57 21 46 74 42 24 49 35 26 75 25 66 1 12 61 38 89 68 20 44 23 17 75 15 92 60 27 70 43 3 93 51 23 91 76 64 14 24 51 91 50 27 56 
51 38 16 88 26 35 59 22 9 75 96 24 19 55 2 40 49 56 33 99 78 75 74 94 88 50 96 78 51 22 85 53 60 52 93 37 86 51 58 47 78 54 22 48 60 23 87 9 78 71 59 7 97 85 52 84 86 47 13 88 21 97 41 80 48 
33 16 86 35 26 32 12 79 5 11 38 27 98 98 56 20 9 62 17 45 66 52 82 12 65 69 84 13 61 15 13 93 83 98 28 8 81 91 86 85 2 75 63 51 73 18 22 33 79 38 77 96 42 58 60 6 26 43 70 39 58 82 31 92 31 
10 99 11 53 36 47 54 10 9 56 34 26 77 66 57 67 42 52 8 51 11 65 29 6 34 67 63 16 97 6 98 59 4 9 11 39 7 16 48 16 71 34 93 47 99 1 13 93 5 20 43 67 36 71 72 70 89 86 37 38 91 34 96 46 94 
58 84 1 73 84 68 43 17 12 41 67 65 54 59 21 25 2 87 61 24 11 82 13 48 18 2 39 3 97 36 49 6 72 49 78 55 68 20 23 31 12 89 95 65 48 15 42 1 54 54 76 64 35 40 11 4 41 1 58 89 37 6 94 8 6 
23 14 73 94 88 56 6 76 50 70 75 17 63 27 70 16 3 85 50 94 95 5 87 48 63 75 36 68 21 95 74 43 8 98 37 47 53 42 22 55 63 49 71 78 75 92 93 29 76 95 23 22 99 61 69 61 87 56 29 7 50 54 2 9 51 
90 55 56 83 29 10 45 77 80 74 3 71 67 32 98 61 6 19 59 66 40 72 52 95 52 11 97 5 64 57 7 53 12 62 35 92 71 31 20 2 5 22 24 23 53 21 83 10 40 93 75 31 16 79 25 67 41 73 23 4 30 82 8 93 95 
94 84 18 76 3 19 80 24 43 2 29 15 36 38 6 81 65 36 96 95 61 15 35 85 89 90 14 70 49 6 17 42 41 34 17 95 4 49 71 98 2 51 13 90 88 18 70 4 54 17 98 66 31 32 50 72 73 16 93 21 73 9 62 14 42 
31 60 46 79 82 95 80 32 7 69 20 77 90 75 82 7 73 47 89 56 48 60 29 63 53 1 36 13 63 1 55 45 60 52 23 42 46 54 25 5 75 96 81 16 71 62 22 43 60 63 98 7 74 26 70 26 27 57 39 41 57 45 37 68 48 
59 61 45 64 86 49 90 81 81 6 51 94 79 93 5 41 43 12 15 20 33 92 98 41 82 38 97 78 74 16 25 84 77 70 100 62 70 89 94 3 94 97 96 73 89 53 65 83 64 79 3 48 23 100 88 4 90 36 82 15 51 58 51 79 27 
50 92 97 90 86 99 36 82 46 60 22 98 24 5 13 55 59 12 77 58 51 32 47 86 65 14 89 23 64 19 49 13 11 97 2 96 47 89 29 45 48 2 42 72 6 7 78 64 18 6 74 69 37 72 6 2 85 46 76 48 65 76 12 75 73 
66 22 71 54 2 15 2 3 9 25 61 15 2 76 32 7 49 52 95 21 10 48 57 55 23 5 71 99 68 97 23 33 70 93 87 71 60 40 26 68 64 86 82 17 61 65 75 10 17 69 82 26 69 38 32 91 94 3 41 62 51 15 94 21 8 
32 43 19 71 68 86 34 53 67 50 66 31 76 75 99 45 8 24 13 97 8 55 43 62 48 4 12 62 49 32 21 33 75 39 3 42 24 89 47 42 90 12 73 66 38 71 10 97 47 74 93 6 80 35 67 27 90 78 41 91 10 13 23 36 52 
77 29 27 65 75 69 55 86 93 20 75 15 81 71 13 54 64 18 85 50 84 64 92 62 4 34 23 16 56 10 19 32 38 98 49 13 66 3 50 10 22 25 24 2 95 37 7 10 6 43 60 90 6 3 3 61 36 77 29 43 86 47 26 23 96 
74 87 61 76 37 22 49 13 98 2 7 34 60 17 91 3 28 32 8 82 86 69 17 62 49 11 99 47 88 74 43 62 60 55 89 48 77 90 60 74 91 19 59 51 87 49 5 14 33 12 47 18 32 15 32 80 25 30 79 12 3 21 25 15 75 
66 14 3 55 26 28 97 44 86 99 30 87 3 95 19 67 41 88 98 55 19 30 31 49 8 42 3 80 19 69 6 36 83 9 90 8 36 38 51 74 37 32 60 91 26 30 57 66 17 7 72 36 36 2 36 95 43 38 26 13 7 31 48 41 91 
89 48 79 79 50 52 67 81 63 57 6 44 14 23 12 20 94 47 7 95 34 53 89 24 30 2 30 60 1 70 3 42 69 81 20 18 84 86 98 46 42 55 41 7 77 52 78 70 51 36 64 84 40 4 7 69 5 88 81 58 9 83 99 77 63 
18 46 46 55 95 43 48 49 83 55 77 34 84 46 84 20 61 20 59 65 78 28 21 66 8 30 26 90 28 3 4 97 100 1 3 95 43 51 95 77 57 72 62 40 69 46 59 82 17 18 98 94 97 18 11 56 100 37 45 79 91 100 28 90 100 
30 36 94 32 31 70 88 2 31 28 70 28 38 51 96 7 48 90 3 18 52 58 69 88 54 47 78 5 74 68 4 56 3 49 87 85 18 75 86 1 54 8 80 91 10 76 98 10 17 100 79 68 10 47 56 15 45 33 20 19 52 23 74 7 24 
12 91 41 38 29 93 91 36 73 82 97 100 31 6 16 82 36 35 91 82 42 6 27 27 77 97 78 51 22 36 74 33 27 15 71 55 59 13 42 83 46 38 82 76 96 49 58 31 36 100 13 77 57 91 3 33 87 81 84 60 68 57 92 94 23 
14 100 34 79 41 16 24 31 50 52 26 50 9 56 85 60 20 62 17 62 64 1 48 44 36 59 64 45 3 57 19 68 9 52 46 1 68 70 31 69 21 8 18 81 16 3 92 87 64 60 49 27 61 48 23 48 7 86 92 9 94 11 76 2 14 
74 55 33 43 85 1 15 45 19 47 60 73 38 98 36 98 46 14 10 46 88 57 52 25 1 12 19 11 39 72 76 12 26 9 54 63 9 20 7 79 18 18 51 56 15 38 5 13 4 14 58 91 22 61 16 22 72 34 84 10 57 60 22 83 20 
27 45 28 99 3 7 16 72 9 23 38 99 27 50 2 92 59 92 66 19 7 39 42 92 75 52 49 86 25 83 5 3 79 32 53 33 90 21 4 51 43 41 49 22 43 50 65 1 41 30 20 100 21 61 43 95 64 43 80 40 77 36 95 55 19 
47 87 61 67 90 11 62 83 59 83 25 60 47 25 100 29 96 51 1 9 94 95 72 88 26 64 65 13 58 19 31 56 58 91 23 99 1 84 81 11 18 5 70 16 30 22 96 77 72 96 85 17 90 57 57 67 72 21 79 29 91 62 36 48 52 
58 99 5 93 79 15 10 84 85 78 65 58 73 41 29 69 26 98 10 34 54 77 5 26 7 85 16 68 20 16 72 30 14 76 74 44 42 84 27 78 61 43 35 85 36 16 53 13 13 63 46 18 91 2 95 49 38 62 69 9 77 40 38 42 67 
12 86 8 47 64 86 59 7 20 43 94 87 96 6 99 10 51 68 100 4 14 100 41 76 68 49 52 7 39 46 73 2 31 33 48 46 18 6 4 89 100 97 76 47 2 26 56 4 46 7 7 59 7 99 34 74 100 38 33 38 83 57 39 65 41 
86 10 58 43 14 99 94 10 74 41 64 51 48 67 96 55 26 55 13 24 40 38 23 77 70 12 11 79 50 75 19 87 85 29 81 50 27 75 11 52 67 74 2 14 93 50 68 18 56 80 93 95 18 68 24 39 79 34 69 81 9 40 67 45 68 
100 94 46 26 4 49 92 30 2 5 22 51 73 91 58 4 83 53 73 2 28 64 33 61 32 13 21 71 31 65 90 30 10 87 55 14 35 46 43 37 3 16 39 27 6 97 30 40 1 55 42 28 18 74 40 1 38 61 72 68 25 13 50 35 100 
56 100 34 54 94 22 56 9 61 82 66 9 63 5 9 69 98 36 86 23 75 39 60 35 10 80 12 74 81 98 73 36 97 59 41 90 80 96 50 92 29 15 100 44 19 8 12 69 95 50 91 22 88 3 8 49 34 19 74 14 16 47 1 64 57 
42 53 36 89 2 80 70 16 79 13 87 39 76 55 33 77 97 54 16 99 14 16 84 84 90 49 52 88 50 15 44 43 68 31 83 21 10 52 89 41 16 75 79 44 81 11 20 77 17 36 28 82 51 11 65 92 60 16 79 61 31 74 55 50 5 
37 70 66 89 10 6 56 84 84 99 64 47 19 93 15 6 20 96 8 82 60 52 93 28 30 53 10 4 7 59 60 44 80 25 84 90 31 91 25 66 90 89 12 60 33 78 17 4 73 76 85 85 27 78 12 9 82 21 12 89 31 23 84 10 47 
19 51 29 61 76 95 2 16 58 61 48 36 29 3 60 5 87 44 83 16 7 91 98 79 54 38 9 76 73 71 23 43 73 3 3 48 49 5 63 7 17 62 94 98 64 53 54 3 49 36 18 7 27 67 86 80 4 46 8 28 68 82 70 41 84 
25 40 33 81 3 91 97 16 36 46 32 40 99 34 88 35 51 47 13 70 84 44 25 29 51 53 49 32 74 41 16 98 80 100 30 34 42 79 50 77 24 33 16 23 66 56 9 68 2 21 37 85 64 14 65 15 66 65 98 91 5 65 41 37 16 
70 70 57 48 71 33 24 3 1 46 20 8 54 88 9 26 76 45 41 89 61 7 6 78 5 97 82 69 37 18 85 58 40 93 58 10 78 81 65 78 26 84 85 31 23 45 8 99 41 48 87 53 55 93 30 11 41 12 79 77 81 15 86 20 60 
43 82 37 23 98 14 100 81 50 82 4 94 89 54 86 37 40 38 43 84 68 53 24 31 83 52 11 50 38 83 9 32 16 45 55 65 10 6 97 59 88 52 4 76 5 89 64 45 26 58 80 45 10 4 75 45 55 38 94 44 72 2 76 39 46 
82 3 55 87 99 65 74 3 68 2 7 8 17 3 85 75 83 30 36 38 56 80 92 45 73 36 16 26 63 6 71 44 8 77 30 59 93 56 61 60 9 19 67 25 22 52 51 56 33 39 93 88 18 36 33 91 23 100 68 85 6 39 28 65 67 
10 75 60 17 87 71 25 58 90 1 79 41 4 86 25 42 30 64 59 65 48 1 88 48 69 72 5 59 52 21 77 13 48 88 29 86 59 53 43 48 5 73 40 8 58 64 49 87 79 8 4 27 60 91 26 28 14 82 38 17 2 15 29 1 2 
57 87 12 61 29 59 66 54 50 73 11 65 22 50 44 81 53 70 40 95 95 20 60 76 57 77 29 23 57 30 77 66 68 88 26 48 99 43 1 48 16 64 13 89 13 56 21 17 77 60 63 71 31 22 98 40 50 78 14 7 59 90 24 26 78 
49 74 76 44 74 23 59 37 87 99 1 42 19 69 18 30 31 40 13 5 89 52 6 67 65 64 77 55 87 3 84 88 28 11 31 1 85 89 90 72 39 42 13 57 11 83 38 93 74 50 97 63 1 3 81 18 66 57 24 5 11 7 92 38 17 
22 91 1 10 32 24 100 73 37 8 83 71 45 76 96 95 24 58 47 78 90 16 96 99 39 100 61 45 91 99 13 12 41 66 73 72 41 72 44 29 79 79 99 75 6 95 69 29 4 68 7 46 83 54 96 22 53 56 18 43 6 83 6 46 100 
78 17 40 49 13 69 79 91 19 53 96 65 74 76 69 41 34 66 75 87 61 48 39 16 18 33 74 52 38 19 51 15 88 42 15 100 62 93 42 81 98 89 45 71 64 65 63 98 30 37 84 42 37 75 10 54 59 83 5 97 1 7 63 40 48 
30 91 62 22 32 42 71 20 38 41 36 55 55 33 36 92 68 78 28 42 87 33 1 21 37 49 73 43 11 13 42 40 3 3 14 87 96 36 58 34 77 93 40 31 77 75 74 45 4 53 38 42 85 90 62 73 38 35 67 1 99 9 92 53 63 
57 91 59 93 49 44 69 93 83 51 70 9 77 66 13 81 3 6 66 45 20 90 34 6 57 34 4 17 78 56 79 34 99 37 26 47 80 46 91 14 49 12 75 25 77 39 5 32 44 22 28 63 12 61 68 20 95 23 36 72 79 14 57 29 3 
83 75 82 80 17 48 28 29 22 4 57 60 9 40 55 82 67 18 45 28 37 64 74 60 99 97 90 65 53 18 67 87 44 100 67 60 47 94 40 20 98 97 79 58 88 86 39 55 3 84 34 39 99 59 98 50 55 39 14 59 56 80 98 99 79 
64 11 78 9 50 49 58 98 80 15 86 65 6 92 67 41 77 57 91 35 7 40 41 45 53 99 1 84 48 51 15 11 61 92 72 11 40 29 8 19 96 45 83 53 36 1 45 64 10 35 98 16 75 38 60 79 89 12 63 36 63 77 99 23 20 
70 85 59 98 45 30 45 89 64 97 77 17 41 40 26 28 90 41 2 27 52 80 67 16 42 55 78 70 53 52 89 74 37 100 23 33 29 68 21 44 16 49 12 9 41 37 36 30 29 37 8 33 68 27 48 62 81 25 31 85 28 72 58 64 71 
80 48 51 99 21 94 15 69 58 23 61 94 10 90 75 46 50 7 65 76 54 78 56 30 9 40 57 80 49 73 2 28 20 52 27 40 97 93 61 54 67 21 100 76 11 74 73 60 32 89 87 85 67 42 14 75 33 22 6 81 94 59 60 66 10 
38 5 6 30 17 60 48 38 11 23 100 84 47 11 15 36 97 51 2 90 16 28 22 37 85 2 83 43 13 48 52 51 4 9 32 73 20 80 10 30 2 61 65 49 71 79 36 19 81 37 8 96 64 29 85 48 82 19 90 94 66 93 96 21 1 
28 93 21 7 54 50 60 14 67 60 36 97 95 54 78 31 61 25 46 41 9 93 22 27 34 68 44 78 63 17 79 90 61 51 48 15 52 8 80 18 67 16 15 14 69 44 44 82 68 90 22 77 34 96 55 20 15 51 49 77 67 27 19 27 29 
1 0 0 0 0 1 1 1 1 0 1 0 1 0 0 0 0 0 0 1 0 1 1 0 1 1 0 0 1 1 0 1 1 0 1 1 0 0 0 1 0 0 0 0 0 0 0 0 0 0 1 0 1 0 1 1 0 1 1 1 0 1 0 0 0 
0 1 0 0 0 1 1 0 1 1 0 1 1 1 1 0 0 0 1 1 1 0 1 0 1 0 1 1 1 1 1 1 0 1 1 0 0 0 0 0 1 1 1 1 0 1 1 0 1 0 1 0 1 0 0 0 1 1 1 0 0 0 1 1 1 
0 1 0 1 0 0 0 1 1 1 1 0 0 1 1 1 1 1 0 1 0 0 0 1 0 0 0 0 1 1 0 0 0 0 1 0 0 1 1 1 1 0 0 1 0 1 0 1 1 0 0 1 1 1 0 1 1 0 1 1 1 1 1 0 1 
0 0 1 1 0 1 0 0 1 0 0 0 0 1 1 1 0 0 0 1 1 1 0 1 0 1 1 0 0 1 1 0 1 1 0 1 0 0 0 1 0 0 1 1 0 1 0 0 1 0 1 0 1 1 0 1 1 1 1 1 0 1 0 1 0 
0 1 0 0 1 1 1 1 0 0 1 1 0 1 1 0 0 1 1 0 1 0 1 0 0 0 0 1 0 0 1 0 1 1 1 0 0 0 1 0 0 1 0 0 0 1 0 1 0 1 1 0 1 0 0 1 0 1 0 1 1 1 1 0 0 
0 0 0 0 1 1 0 0 1 0 1 0 0 0 0 1 1 0 1 1 1 0 1 0 1 0 1 0 0 1 1 0 1 1 1 0 0 1 1 1 0 0 1 0 0 0 0 1 0 1 0 1 1 1 1 0 0 0 1 0 1 0 0 0 1 
1 1 0 1 0 1 1 0 1 1 0 1 1 1 1 0 1 1 0 0 0 0 0 1 1 0 0 1 1 1 1 0 0 1 1 0 0 0 0 1 0 0 0 1 1 0 0 0 1 0 0 1 0 1 0 0 1 1 1 0 0 0 1 0 1 
0 0 0 1 0 1 1 0 0 0 1 0 0 1 1 0 1 0 1 0 1 1 0 0 0 0 0 1 1 0 0 0 0 0 1 0 0 0 0 0 0 1 0 1 0 1 1 1 1 0 0 0 1 0 0 0 0 0 1 0 0 1 0 0 0 
1 0 0 1 0 0 1 1 0 0 1 1 0 1 0 0 1 1 0 1 1 0 1 0 1 1 0 0 1 1 0 0 1 0 1 0 0 1 1 0 1 1 1 1 0 0 0 1 1 0 0 0 0 1 0 1 1 1 1 0 0 0 1 1 0 
0 1 1 1 1 1 1 0 1 0 0 1 0 1 0 0 1 0 0 0 1 1 1 0 1 0 0 1 1 1 1 1 1 0 1 0 0 0 0 1 0 0 0 1 1 0 1 0 0 0 0 1 1 0 1 0 0 1 1 1 1 1 0 0 1 
1 0 1 1 0 0 0 0 0 1 1 0 0 1 1 0 1 0 0 1 0 0 1 1 0 0 0 1 1 0 0 0 0 0 0 0 0 0 0 1 1 1 1 1 0 0 0 0 1 0 1 1 0 1 0 0 1 1 1 0 1 0 1 0 0 
1 0 0 1 1 1 0 0 1 1 1 1 1 1 0 1 0 1 0 1 0 0 1 1 0 1 0 0 0 0 0 1 1 0 0 0 0 0 0 1 0 1 0 1 0 1 1 1 0 1 0 0 1 1 1 1 1 0 1 1 0 1 1 1 0 
1 1 0 0 0 1 0 1 1 1 0 0 0 1 1 1 1 1 1 1 1 0 0 1 0 1 1 1 0 1 1 0 0 1 0 0 0 0 0 0 1 0 0 0 1 1 1 0 1 0 1 0 1 1 1 1 1 0 0 1 1 0 1 0 1 
1 0 0 1 0 0 1 0 0 1 1 0 0 0 1 1 1 1 0 1 0 1 0 0 1 1 0 1 1 0 1 0 0 1 0 1 1 1 1 1 0 1 1 0 1 0 1 0 1 1 1 1 0 1 0 0 1 0 1 0 0 0 0 0 1 
0 1 0 1 1 0 1 0 1 0 1 0 1 1 1 1 1 1 1 0 1 1 1 1 1 1 1 1 0 1 1 0 1 1 0 0 1 1 0 1 1 1 1 1 0 0 0 1 1 1 0 0 1 1 1 0 1 0 1 1 0 0 1 1 0 
1 1 1 1 1 0 0 0 1 1 0 0 1 0 1 1 0 0 0 1 1 0 0 0 1 1 0 0 1 1 0 0 0 1 1 1 0 0 1 1 1 1 1 1 1 1 0 1 1 0 1 0 0 1 0 1 1 0 1 0 1 1 0 1 1 
0 0 1 0 1 0 1 1 0 0 0 1 0 0 0 0 1 0 0 0 1 0 1 1 1 1 1 1 0 0 0 0 1 1 0 0 1 1 1 1 0 0 0 0 0 0 1 1 1 1 1 0 1 1 1 1 0 0 0 0 1 0 0 0 1 
0 0 0 0 0 0 0 0 0 0 0 1 1 1 0 1 0 0 0 1 1 1 0 0 1 0 1 1 1 1 0 1 1 1 1 1 1 1 1 1 0 1 0 1 0 0 0 1 0 1 0 0 0 0 0 0 1 1 1 0 0 0 1 1 1 
1 1 0 0 0 1 0 0 0 0 0 0 0 1 1 1 0 1 0 0 1 0 1 0 1 1 0 1 1 1 0 0 0 0 0 1 0 1 1 0 1 1 0 1 1 1 1 1 0 1 1 1 1 1 1 0 0 1 0 1 1 0 1 1 1 
0 0 1 1 1 1 0 1 1 1 0 1 0 1 1 1 0 1 0 1 0 1 0 0 1 1 1 1 1 0 0 1 1 1 0 0 0 0 1 0 1 1 1 0 0 0 1 1 1 0 0 0 1 0 0 0 0 1 1 1 1 0 0 0 1 
0 1 0 0 0 0 1 0 1 1 0 1 1 1 1 1 0 1 0 0 1 0 0 0 1 1 1 1 1 0 1 1 1 1 1 1 1 1 1 0 0 0 1 1 1 0 0 1 1 0 0 0 0 0 0 0 0 0 1 1 0 0 1 1 1 
0 0 0 1 0 0 0 0 0 1 1 0 0 1 0 0 1 0 1 1 1 1 1 1 0 1 1 1 0 0 0 0 0 1 0 0 1 0 0 1 1 0 0 1 1 0 0 0 0 1 1 1 0 1 0 0 0 1 1 0 1 0 0 0 1 
0 0 0 0 1 0 0 1 0 1 0 0 1 0 0 0 1 0 0 0 0 1 0 0 0 0 1 0 1 1 1 1 0 0 0 1 0 0 0 0 1 0 0 1 0 0 1 1 0 0 0 1 1 0 1 1 1 0 0 0 0 1 1 0 1 
1 1 1 1 1 1 1 1 1 0 1 0 1 0 0 1 0 1 0 1 0 0 0 1 0 0 1 1 1 1 1 1 0 0 0 1 0 1 0 1 1 1 1 1 1 0 0 0 1 1 1 0 1 1 1 1 1 0 0 0 1 1 1 1 0 
0 0 0 1 0 1 1 1 1 0 0 1 0 0 0 1 1 0 0 0 1 1 1 1 0 0 0 1 1 1 1 1 1 1 1 1 1 0 0 0 0 1 1 0 1 1 0 1 0 0 1 1 0 1 1 0 1 1 1 0 1 1 0 0 0 
1 0 1 1 0 1 1 1 0 1 1 0 1 0 0 0 1 1 0 0 0 0 1 0 1 0 1 0 0 1 1 1 1 0 0 0 0 1 1 0 0 0 0 0 0 0 0 0 0 0 0 0 0 0 0 1 0 1 0 0 1 1 1 0 1 
1 0 1 0 0 0 0 0 0 0 1 1 0 1 1 0 1 1 0 1 0 0 1 1 0 1 0 1 0 1 0 1 1 0 1 1 0 0 0 0 0 1 1 1 0 0 1 1 0 0 1 0 0 0 1 0 0 0 1 0 1 1 0 0 1 
1 0 1 1 0 0 0 1 1 1 1 0 0 0 0 0 1 0 0 0 1 0 0 1 1 0 0 1 0 1 0 0 1 0 1 1 0 1 0 1 0 1 1 1 1 1 1 1 1 0 1 1 0 1 0 0 1 1 1 0 0 1 0 1 1 
1 0 1 1 0 1 1 1 0 0 0 0 0 1 1 0 0 0 0 1 1 0 1 0 1 1 0 1 1 1 0 0 1 0 1 1 1 1 0 1 1 0 1 1 0 1 1 0 1 0 0 0 0 1 0 0 0 0 1 1 1 1 1 0 1 
1 1 0 0 1 0 1 0 1 1 0 0 0 0 0 0 0 0 1 1 1 1 1 1 0 0 1 1 0 1 1 1 1 1 1 0 1 0 0 1 1 0 1 0 1 1 0 1 0 1 1 1 0 0 0 0 1 1 0 1 1 1 0 0 0 
1 0 0 1 1 1 1 1 0 1 0 0 1 0 0 1 1 1 1 1 1 0 0 1 0 1 0 1 1 0 1 0 0 1 0 1 0 1 1 1 0 1 1 1 1 1 0 0 0 0 0 1 0 0 0 0 0 0 1 1 0 0 0 1 0 
0 0 0 1 1 1 1 1 0 0 0 1 1 1 1 1 1 1 1 1 1 1 1 0 0 1 0 0 1 1 0 1 0 1 0 1 0 1 0 1 1 1 0 0 0 0 1 1 1 0 0 0 1 0 0 1 1 1 0 0 0 0 1 0 1 
1 0 0 0 0 1 1 1 1 0 1 1 1 0 0 0 1 1 1 1 1 1 0 0 1 0 1 1 1 1 1 0 1 1 0 0 0 1 1 1 1 1 1 1 1 1 1 0 0 0 1 0 1 1 0 0 1 1 0 0 1 1 0 0 0 
0 0 0 0 0 1 1 1 0 0 0 0 1 1 0 0 0 0 1 0 1 0 1 0 0 0 1 1 0 0 1 1 0 1 1 0 0 0 1 1 1 0 1 0 1 1 0 1 0 0 1 1 0 1 1 0 1 1 1 1 1 0 0 1 1 
1 0 1 0 1 0 1 1 1 1 0 1 0 0 1 0 1 0 0 0 1 0 1 0 1 1 1 1 1 1 0 1 1 1 1 0 0 0 0 1 1 0 0 1 0 1 1 0 1 1 0 1 1 0 1 0 1 1 1 0 0 1 1 1 1 
0 1 1 0 1 0 0 0 1 1 0 0 1 0 0 0 1 1 0 1 0 0 0 1 0 0 1 1 0 0 0 0 0 1 1 1 0 1 1 1 0 0 1 1 0 1 0 1 0 0 0 1 0 0 0 0 1 0 0 1 0 0 1 0 0 
0 0 0 1 1 1 0 1 0 1 0 0 1 1 0 1 0 1 0 0 0 0 1 0 0 0 0 1 0 1 1 0 1 1 0 0 0 0 0 0 1 0 0 1 1 1 0 1 0 0 0 0 1 1 0 1 0 1 0 0 0 1 0 1 0 
0 1 0 0 1 1 0 1 1 1 1 0 1 0 1 0 0 1 1 0 0 0 0 1 1 0 1 0 0 0 1 1 1 1 1 1 0 1 0 0 0 1 0 0 0 1 0 0 1 1 0 1 1 0 0 0 0 1 1 1 1 0 0 0 1 
1 1 0 1 0 0 1 1 0 1 1 0 1 0 1 0 0 0 0 1 0 0 1 1 1 0 0 1 0 0 1 0 0 1 1 0 1 0 1 1 0 1 1 1 1 0 0 1 0 0 0 0 0 0 1 0 0 1 1 1 0 0 1 0 1 
0 0 0 0 1 0 0 0 1 0 1 0 0 1 0 0 1 1 0 1 0 0 0 0 0 1 0 0 0 0 0 0 0 0 0 1 0 1 0 0 1 1 0 1 0 0 1 0 1 1 1 0 0 1 0 0 0 0 0 0 0 0 0 0 1 
1 1 1 0 1 1 1 1 1 0 1 0 1 1 1 0 1 1 0 0 1 0 1 1 1 1 1 1 0 1 0 1 1 0 1 0 1 0 1 1 0 1 1 1 0 0 1 1 0 0 0 1 0 1 1 1 0 0 1 0 0 1 1 1 1 
0 1 1 0 1 0 0 0 1 1 0 1 1 0 1 1 0 1 1 1 0 1 1 0 0 0 0 1 1 1 1 0 1 0 0 0 0 1 0 1 0 0 0 1 0 0 0 0 1 0 1 1 1 1 1 1 1 0 0 0 1 1 0 0 1 
1 0 1 0 0 0 0 1 1 0 1 1 0 0 0 0 1 1 1 0 0 0 1 0 1 0 0 0 0 0 0 1 1 1 1 1 0 0 0 1 0 0 0 0 0 0 1 1 1 0 0 1 1 1 0 0 1 0 0 0 0 0 1 1 0 
1 1 0 1 1 1 1 1 1 1 1 1 0 1 0 1 1 1 0 0 1 0 0 1 0 0 0 1 1 1 1 0 0 1 1 0 0 0 1 1 0 1 0 0 0 0 1 1 1 1 1 1 1 1 0 0 1 0 1 1 0 0 1 0 1 
1 0 1 1 0 0 1 1 0 0 1 0 1 0 1 1 1 0 0 1 1 0 0 1 1 1 1 1 1 0 0 0 0 1 1 0 1 1 1 1 1 0 1 0 0 1 1 0 1 0 1 0 0 1 0 0 1 1 1 0 1 0 0 0 1 
1 0 1 0 0 0 1 0 0 0 1 1 1 1 0 1 0 1 0 1 1 0 0 0 1 0 0 1 0 0 1 0 0 0 0 0 0 0 1 0 0 0 1 1 1 0 1 1 1 1 0 0 1 1 0 0 1 0 0 0 0 1 0 1 1 
0 1 1 0 0 0 0 0 1 0 1 1 1 0 0 0 1 0 1 0 1 1 1 1 1 1 0 0 1 1 1 0 0 1 0 1 1 1 1 0 1 1 0 0 1 0 0 0 1 1 0 0 0 0 1 0 1 1 0 1 0 0 1 1 1 
1 0 0 0 1 0 1 0 0 1 0 1 1 0 0 0 1 0 1 1 1 1 0 1 1 1 1 1 0 0 0 0 0 0 0 0 1 0 0 1 1 0 0 1 1 0 1 0 0 0 1 0 1 1 1 1 1 0 0 1 1 1 1 1 1 
0 1 0 0 0 0 1 0 0 0 1 1 0 1 1 0 0 1 0 0 0 1 1 1 1 0 0 0 0 1 0 0 1 0 0 1 0 1 1 1 0 1 0 0 0 1 0 1 1 0 1 1 1 0 0 1 0 0 1 0 0 1 0 1 0 
0 0 0 0 1 1 0 0 1 0 1 1 0 0 0 1 1 1 0 1 0 1 1 0 1 0 0 0 0 1 0 1 1 1 1 1 0 1 1 0 1 0 1 1 0 1 0 1 0 1 0 0 0 0 1 1 0 1 0 0 1 0 1 0 1 
0 1 0 1 1 0 0 1 1 0 0 0 0 1 0 1 0 1 0 0 0 1 0 1 1 0 0 0 0 1 1 0 0 1 0 1 1 0 1 0 0 1 0 1 0 1 0 0 0 0 0 0 0 0 1 1 1 0 1 1 1 1 1 1 0 
1 1 0 0 0 0 0 1 1 1 1 0 0 0 0 0 0 0 0 1 1 0 0 1 1 1 0 0 0 0 1 0 1 1 0 1 1 0 0 0 0 1 0 0 1 0 0 0 0 1 1 0 1 1 1 0 0 0 1 0 0 0 0 1 1 
0 0 0 1 0 1 1 1 1 1 1 0 1 1 0 0 0 0 1 1 0 0 1 0 1 1 0 1 0 1 0 0 1 0 1 1 1 0 0 1 1 1 1 1 0 1 1 0 0 1 1 0 1 0 0 0 0 0 1 0 1 1 0 0 1 
0 1 1 0 1 0 0 1 1 1 1 0 0 0 0 1 1 0 0 0 0 0 0 0 1 0 1 0 0 1 0 0 0 1 1 0 1 1 1 0 0 0 0 0 0 1 0 0 1 0 0 0 1 0 0 0 0 0 1 0 1 1 1 0 0 
0 0 1 1 1 1 1 1 1 1 0 0 1 0 0 0 0 0 1 0 0 1 0 0 0 0 0 1 1 0 1 1 0 0 0 1 1 1 0 1 1 0 1 0 0 1 0 0 1 1 0 0 1 0 0 1 1 0 1 0 0 0 0 0 1 
