68 41 1306
33 32 74 69 97 52 53 27 46 46 83 9 48 51 60 98 37 98 57 77 99 4 2 98 55 91 56 65 30 7 22 62 90 47 30 38 99 35 64 44 80 
47 52 79 49 11 29 37 60 85 13 58 88 66 7 94 56 63 10 86 21 84 99 63 30 29 100 28 63 16 71 94 14 74 24 62 36 52 50 95 36 62 
4 75 80 63 21 87 25 82 24 97 65 23 59 95 51 11 74 65 26 45 10 39 70 33 52 58 85 1 4 72 14 8 47 45 70 19 32 46 100 7 42 
17 29 53 63 31 63 36 47 40 80 56 30 2 89 33 59 25 33 62 96 98 21 94 95 42 12 78 87 64 84 81 80 13 85 42 95 47 77 42 38 9 
97 67 62 37 99 72 61 83 85 57 32 6 50 26 47 14 3 86 77 39 18 8 51 2 1 45 48 77 38 37 37 35 3 50 23 53 21 84 35 6 92 
18 11 93 44 9 6 98 46 82 36 63 41 38 64 41 35 63 18 72 51 6 58 53 56 81 57 28 16 91 33 7 61 95 51 4 56 57 53 1 90 41 
16 31 78 31 71 12 46 40 36 96 46 93 49 53 25 5 80 92 48 65 50 8 59 1 63 66 57 67 19 46 7 34 28 37 64 99 100 61 38 35 57 
35 80 5 87 56 61 19 48 60 83 97 19 93 97 33 11 5 100 29 51 58 62 78 94 77 28 46 38 66 80 46 100 11 50 39 67 62 9 14 74 43 
10 92 87 59 77 97 63 28 25 13 85 38 43 31 67 22 76 56 87 7 1 39 18 2 29 36 15 37 49 88 31 10 32 17 68 60 14 31 87 90 95 
23 80 89 5 46 11 80 53 49 39 5 39 8 6 67 43 72 3 43 12 33 4 95 2 24 54 15 6 40 56 100 14 35 41 19 32 3 50 84 3 88 
88 42 47 45 8 41 17 63 83 80 47 39 74 48 62 27 14 67 18 70 18 31 56 10 49 88 12 99 71 15 38 11 56 85 7 15 25 75 77 60 54 
76 98 27 23 11 53 37 77 70 58 46 1 13 56 1 100 19 99 23 33 37 85 40 73 91 7 49 66 83 8 71 10 57 98 33 67 2 21 95 24 30 
41 24 42 48 76 94 66 75 68 51 63 52 42 35 94 48 83 11 83 43 82 92 51 31 76 70 32 96 16 55 25 56 30 19 55 6 12 21 32 31 71 
46 82 64 32 27 12 66 38 94 8 71 37 11 1 13 80 32 8 95 39 85 3 68 3 57 25 66 29 8 96 51 53 29 15 84 55 78 2 92 71 61 
14 59 71 14 71 50 98 31 97 36 15 99 55 69 7 32 86 36 39 81 38 44 9 52 79 15 29 80 59 51 41 72 62 11 86 32 13 35 14 9 22 
80 59 76 48 65 59 85 52 98 65 42 93 25 93 71 40 74 51 50 76 91 21 37 53 58 21 65 92 34 25 65 66 83 93 13 100 51 98 51 100 14 
44 92 91 89 63 82 62 65 31 89 7 51 78 59 61 50 24 4 35 100 69 100 83 61 65 82 11 14 84 11 27 28 54 17 16 68 50 29 32 80 69 
38 31 46 49 43 47 72 46 82 23 14 81 5 74 45 86 37 58 22 99 37 1 52 53 16 20 55 96 3 34 64 93 16 62 41 58 8 64 4 89 86 
17 22 91 43 66 28 79 24 1 29 60 1 80 64 16 51 18 63 54 4 79 98 19 40 38 77 99 1 32 40 86 100 61 28 42 78 56 72 1 56 100 
12 57 32 28 24 82 97 39 87 100 17 84 19 8 73 47 58 73 78 97 11 77 9 38 71 87 45 94 39 53 46 3 61 77 82 36 10 78 74 97 30 
42 32 100 49 5 46 7 29 75 55 39 3 16 77 25 54 73 19 92 25 64 46 85 92 27 21 1 57 46 49 86 88 33 85 36 37 82 94 17 56 1 
56 10 16 84 35 69 56 53 12 33 68 10 69 59 88 41 11 44 87 60 29 26 44 65 13 80 46 7 96 53 59 3 63 26 86 97 46 94 1 57 26 
20 18 46 30 6 87 40 1 25 51 82 50 94 46 62 25 44 20 73 96 78 75 10 3 13 58 48 6 58 57 83 77 74 28 6 31 66 98 32 90 48 
13 39 94 10 1 18 53 72 90 1 50 17 10 52 29 68 52 86 77 8 20 6 33 99 11 64 65 60 47 54 60 59 45 53 20 97 22 73 68 64 25 
17 80 34 21 60 53 72 45 30 31 64 35 63 62 97 78 78 9 76 32 68 34 28 72 6 76 93 78 43 8 2 12 87 87 84 46 92 7 90 21 37 
5 7 51 67 55 29 44 63 4 27 82 90 6 53 95 81 98 24 76 5 77 39 44 15 22 89 6 28 31 78 64 87 36 66 5 91 94 1 53 50 79 
35 91 85 39 37 17 36 12 92 93 40 82 36 54 3 76 12 30 6 41 45 45 77 11 49 67 56 49 71 57 28 5 47 64 96 35 80 83 46 24 75 
85 5 10 91 8 86 54 89 43 94 86 87 70 48 36 36 3 36 7 12 63 63 58 26 10 45 58 93 90 81 67 27 85 29 69 44 14 22 85 8 15 
70 47 85 17 34 72 71 69 30 82 32 93 92 9 54 36 66 46 77 46 13 55 83 41 23 78 6 44 62 65 59 83 11 95 99 44 66 22 65 48 55 
96 92 46 4 45 33 22 91 10 67 55 64 1 95 87 79 52 82 40 68 92 23 79 86 73 74 4 46 38 51 1 85 94 46 41 38 31 62 28 40 80 
82 55 81 28 93 59 31 75 50 99 66 24 29 4 49 54 59 94 44 61 46 80 54 92 20 91 74 33 71 13 13 4 19 45 84 12 3 66 38 4 64 
55 80 44 58 28 50 68 73 93 28 19 24 81 62 44 24 35 28 94 99 40 49 17 36 84 80 90 50 17 94 65 72 73 61 81 52 10 49 24 54 76 
42 77 9 55 72 32 89 100 77 87 91 77 56 27 61 35 16 10 4 61 26 27 85 86 59 36 95 7 12 100 35 5 77 95 60 48 78 48 99 6 87 
90 82 42 68 94 28 35 55 31 96 81 57 32 66 16 20 13 74 31 12 60 87 88 54 46 88 31 46 86 36 84 27 70 25 94 63 52 81 18 35 76 
50 43 59 67 10 78 79 84 60 43 95 47 30 49 92 69 31 89 7 19 72 33 88 48 79 2 52 59 71 86 86 20 80 44 87 90 74 65 25 33 7 
19 79 89 19 23 9 50 11 15 20 35 100 7 82 78 8 33 88 79 70 73 50 50 68 36 91 41 53 15 26 11 85 4 51 56 26 60 5 89 74 24 
75 73 82 56 2 41 41 89 71 62 61 21 63 81 56 53 21 60 19 46 71 4 2 21 59 79 32 15 19 6 90 93 30 23 1 32 63 41 72 86 2 
85 6 65 65 13 69 37 73 88 35 95 43 36 67 53 66 99 19 85 56 60 77 85 82 29 68 96 69 40 81 23 24 38 39 40 51 7 76 75 46 10 
21 88 97 87 92 63 37 10 99 92 21 27 77 2 56 96 50 24 87 30 98 10 20 36 49 70 95 77 96 40 86 16 80 83 54 71 97 91 33 95 82 
53 21 10 7 76 58 56 52 44 37 49 6 56 37 6 77 31 82 72 70 20 39 49 54 45 72 50 87 4 96 20 8 16 82 14 44 39 21 47 34 58 
95 39 65 31 45 42 13 78 65 83 97 56 83 2 52 6 51 38 61 98 57 69 66 38 34 9 76 55 55 62 64 1 100 80 84 96 21 96 26 38 30 
74 45 65 76 96 22 78 33 83 76 89 3 41 79 36 1 6 42 7 67 57 7 19 37 42 14 57 90 91 46 19 65 90 35 40 85 57 17 69 91 44 
10 93 84 88 28 36 93 22 42 12 78 49 30 14 42 95 23 31 86 20 2 50 10 36 41 46 44 9 15 34 53 24 26 88 63 6 24 7 27 17 18 
56 17 47 70 59 94 44 89 79 63 90 80 24 78 72 70 21 80 36 7 84 11 32 24 25 89 99 31 15 15 49 23 32 47 92 42 40 87 30 70 1 
72 1 25 49 72 46 21 4 33 27 87 95 11 10 19 51 8 49 66 75 49 40 58 48 31 99 87 69 28 9 69 51 9 45 51 81 42 72 84 74 50 
22 68 12 84 38 63 43 87 80 17 87 19 74 34 1 72 73 21 52 81 89 2 89 86 53 21 27 76 56 1 77 78 20 89 61 58 3 3 96 82 72 
82 52 45 16 4 69 88 24 20 20 12 73 8 97 77 81 76 52 36 76 29 65 47 69 77 4 71 32 51 4 3 33 55 99 100 58 19 39 33 90 58 
44 63 17 93 39 49 68 43 37 95 71 1 41 39 30 97 61 61 99 64 15 83 70 65 34 79 84 72 11 73 81 6 87 50 50 26 50 69 20 86 15 
90 39 8 80 68 4 92 80 54 7 94 37 76 10 70 6 93 94 68 18 74 25 4 75 75 81 25 95 100 10 10 41 48 17 20 67 72 11 46 25 17 
91 13 44 1 83 1 45 76 20 62 1 45 66 28 71 98 52 17 98 13 26 90 13 42 10 31 65 72 77 90 41 19 2 36 19 36 89 64 63 8 77 
64 4 94 43 26 92 46 43 41 10 68 30 22 62 91 5 26 15 81 67 55 51 69 42 70 56 30 85 19 90 61 34 93 55 76 19 98 73 61 38 82 
80 19 56 41 10 60 19 24 92 85 30 42 5 71 63 61 53 47 31 42 60 64 34 66 91 4 63 63 64 52 44 96 22 51 36 83 10 6 58 1 91 
87 95 47 10 57 7 62 56 89 55 15 52 88 32 94 44 46 56 7 49 52 2 70 54 90 53 64 95 10 16 37 49 62 84 58 19 42 71 74 31 25 
40 34 64 23 28 7 68 35 66 16 38 19 85 92 60 89 7 7 51 22 43 99 84 78 8 54 20 78 79 50 54 70 83 69 92 62 28 59 97 45 74 
34 15 10 77 75 51 83 33 1 57 75 99 40 53 58 45 24 87 23 25 40 44 59 60 35 21 39 45 69 83 18 54 98 79 31 24 29 13 56 29 69 
82 79 60 86 36 56 9 22 78 33 13 73 92 73 7 64 11 51 32 46 20 85 43 99 15 18 79 80 73 60 100 54 38 12 40 26 67 100 47 97 85 
60 69 28 84 76 91 46 78 74 43 98 58 85 48 25 54 78 56 26 37 55 32 75 66 23 100 33 22 98 81 6 9 49 33 44 76 75 42 54 48 84 
3 6 21 2 82 74 79 37 100 16 43 83 42 61 5 93 45 78 42 25 84 51 73 68 46 1 43 87 54 90 71 8 47 91 9 80 16 39 68 15 6 
11 49 99 23 53 43 67 31 85 43 66 87 15 33 32 67 27 71 20 69 93 79 67 83 39 47 98 78 66 65 35 28 13 86 50 18 28 16 100 64 58 
65 50 25 49 34 91 76 4 63 96 48 41 14 30 32 12 79 61 78 95 95 5 60 80 55 29 60 22 28 23 32 92 73 8 40 58 50 67 13 12 14 
60 5 28 41 36 39 71 48 16 66 42 73 77 74 79 5 33 100 32 7 83 75 79 90 14 88 40 33 100 3 46 59 7 25 51 94 16 22 93 83 39 
87 55 15 60 33 19 44 85 2 50 67 76 81 9 41 20 100 25 20 2 23 30 61 47 81 6 62 2 99 45 40 85 99 6 44 84 76 39 20 77 40 
86 4 72 46 96 92 45 21 11 47 43 92 7 89 72 12 3 25 10 47 16 94 97 21 89 80 96 79 51 24 71 37 27 42 34 23 33 79 43 95 25 
85 87 83 25 10 46 27 35 8 73 2 53 22 23 94 53 18 72 4 42 42 92 20 36 25 42 68 3 36 15 79 72 53 61 97 14 59 23 100 66 48 
2 18 69 24 11 73 93 35 76 34 76 67 54 63 92 47 83 46 83 97 25 54 1 37 50 14 47 25 66 12 24 67 82 92 90 44 64 82 78 92 68 
6 58 73 68 1 19 50 99 1 98 75 7 98 11 8 64 10 32 29 21 55 47 54 98 36 98 14 69 75 5 88 80 14 60 100 67 79 1 65 31 99 
39 89 48 1 97 11 10 28 91 83 35 37 36 84 24 85 97 45 60 53 32 91 67 44 42 33 74 43 97 4 41 87 93 88 87 41 51 49 20 93 31 
54 30 18 38 5 3 86 49 14 39 81 56 5 76 98 89 49 40 37 4 32 23 48 71 61 88 21 9 8 14 91 13 95 9 50 99 63 88 100 76 26 
1 0 1 0 1 1 0 0 1 1 1 1 1 0 1 0 0 0 1 1 0 0 1 0 1 0 0 0 1 1 1 0 0 0 0 1 1 0 0 0 1 
1 1 0 1 1 1 0 1 0 1 1 0 1 0 0 1 0 0 0 0 0 0 0 0 0 1 0 0 1 0 1 1 0 0 0 1 1 0 0 1 0 
1 0 1 1 0 0 0 0 0 0 0 0 0 1 0 1 1 0 1 1 1 0 1 1 0 0 0 1 0 0 1 0 0 0 1 0 0 1 0 0 1 
1 0 1 0 0 1 1 0 0 0 1 0 0 1 0 0 1 1 1 1 0 1 1 0 0 1 0 0 0 0 1 1 0 1 1 0 0 0 0 0 0 
0 0 0 1 0 1 0 0 0 0 0 1 1 1 1 1 1 1 1 0 1 0 0 0 1 1 0 1 1 0 1 1 0 0 0 0 1 1 0 1 1 
1 0 0 0 1 1 1 1 0 1 0 0 0 0 1 1 0 0 0 0 0 0 0 0 0 0 1 1 1 0 0 0 0 1 0 1 0 1 0 1 1 
0 1 1 0 1 0 0 1 0 0 1 0 0 1 1 1 0 0 0 0 1 0 0 0 0 0 0 1 0 1 0 1 1 1 1 0 1 0 1 0 0 
1 0 1 0 1 0 1 0 0 1 1 0 0 1 0 0 1 1 0 1 0 1 0 1 1 0 1 1 1 1 1 0 1 0 1 1 0 0 1 0 1 
0 0 1 1 0 1 0 0 0 1 0 1 1 1 0 1 0 1 1 1 1 1 1 1 0 0 0 0 1 0 0 1 1 1 0 1 1 0 1 1 0 
1 0 1 1 1 1 1 0 0 1 1 1 0 1 0 0 1 0 1 1 0 0 0 0 0 0 1 0 1 0 0 1 0 0 0 1 1 1 0 1 0 
1 0 0 0 0 0 1 1 1 1 1 1 1 1 1 1 0 0 1 0 0 0 1 0 0 0 1 1 0 0 0 0 1 0 0 1 1 0 0 0 1 
0 0 0 1 1 0 0 1 1 0 0 1 1 0 1 0 0 0 0 0 0 0 1 1 1 1 0 1 1 0 0 1 0 0 1 0 0 1 1 1 1 
1 0 1 0 1 1 0 0 1 0 0 0 0 1 1 1 1 0 0 0 0 0 0 0 1 0 1 0 0 0 1 1 1 0 1 0 1 1 0 1 0 
1 1 0 0 0 1 0 0 1 0 0 1 0 0 0 1 1 0 1 0 0 0 1 0 0 1 0 1 0 1 1 1 0 1 1 0 0 1 0 0 1 
0 1 0 0 0 1 0 0 0 0 0 0 1 1 0 0 1 0 0 0 1 1 0 1 1 0 1 0 0 1 0 0 1 0 0 1 1 0 1 1 0 
0 1 1 1 0 0 0 0 0 0 1 0 0 0 1 0 0 1 0 1 1 0 0 1 0 1 0 1 1 1 1 1 1 1 0 1 1 0 1 1 0 
0 1 0 1 0 0 1 0 0 0 1 0 1 1 0 0 1 1 1 1 1 0 0 0 0 1 1 0 0 0 0 0 0 0 1 0 0 0 0 0 1 
0 0 0 1 1 0 0 0 0 1 1 0 1 1 1 0 0 1 0 1 0 1 1 0 0 1 1 1 0 1 0 0 0 0 1 1 0 1 1 0 1 
1 1 0 0 0 1 1 1 1 0 1 0 1 0 1 0 1 0 0 0 0 0 0 0 1 1 0 1 1 1 0 0 0 0 0 0 1 1 1 1 1 
1 1 0 1 0 1 0 0 1 0 0 0 1 0 1 0 1 0 1 0 0 1 0 1 0 0 0 1 1 1 1 0 1 1 1 1 0 1 0 0 0 
0 0 1 1 1 1 0 0 1 0 0 0 0 1 0 0 0 0 1 1 1 0 0 0 1 0 1 1 0 1 1 0 1 0 1 0 1 1 0 0 1 
1 1 1 0 1 1 0 1 1 0 0 1 0 1 0 0 0 1 0 1 0 1 0 0 0 0 0 0 1 0 1 0 1 1 0 1 0 1 0 1 1 
1 0 1 0 1 0 0 0 0 1 1 1 1 1 0 1 1 0 0 0 1 0 1 0 1 0 1 0 1 0 1 0 1 0 0 0 0 0 0 1 1 
1 0 0 1 0 1 0 0 0 0 0 0 0 0 1 0 1 1 1 0 0 1 1 1 1 1 1 1 1 0 0 1 1 0 0 1 0 0 0 0 1 
0 0 1 0 0 1 0 1 1 0 0 0 1 1 0 0 0 1 1 1 0 0 0 0 0 1 0 1 1 0 0 1 1 1 0 1 0 0 0 1 0 
0 0 1 1 0 1 0 1 0 1 1 1 1 0 1 0 0 0 0 1 0 1 0 1 1 1 0 1 1 1 1 0 1 0 1 1 1 1 1 0 0 
0 1 1 0 0 0 1 1 0 0 1 1 0 1 1 1 1 0 0 0 0 0 0 0 0 1 0 1 0 0 0 1 1 1 1 1 1 0 0 1 0 
0 1 0 1 0 1 0 0 0 0 0 0 0 1 0 0 1 0 0 1 0 1 0 1 1 1 1 1 0 0 0 0 1 0 1 1 0 1 0 0 1 
0 0 0 1 1 0 0 1 0 1 1 0 1 0 1 1 1 0 1 0 0 1 1 1 0 1 1 1 1 1 0 1 1 0 1 0 0 1 1 1 1 
0 1 0 1 0 1 0 0 0 0 1 1 0 0 1 1 1 0 0 0 1 1 1 1 0 0 0 0 1 1 1 0 0 1 1 0 1 1 0 1 0 
1 1 0 1 0 1 0 1 1 0 0 0 0 1 1 0 1 1 1 0 0 1 0 1 0 0 0 0 1 0 0 0 1 0 0 1 1 0 0 0 1 
0 0 1 0 1 1 1 0 0 0 0 0 0 0 0 1 0 0 0 0 0 0 1 0 0 1 1 1 1 1 0 0 0 1 0 1 0 1 0 0 1 
0 0 0 0 1 1 1 1 1 1 0 1 1 0 0 0 0 1 1 1 1 1 1 0 1 1 0 1 1 0 0 1 1 0 0 0 1 1 1 0 0 
1 0 1 0 0 1 0 1 1 1 0 0 1 0 0 0 0 1 1 0 1 0 1 0 0 1 1 1 1 0 0 0 0 1 0 0 1 0 1 0 0 
1 0 1 1 0 1 1 1 0 1 1 0 1 1 1 0 0 0 1 0 0 0 0 0 0 0 1 1 1 1 1 0 1 0 1 0 1 0 1 1 0 
0 1 1 1 0 1 0 1 1 0 1 1 1 1 1 1 0 0 1 1 1 1 1 1 1 1 0 1 0 1 1 1 1 0 0 1 0 0 0 1 1 
0 0 0 1 1 1 0 0 0 1 1 0 0 1 1 1 1 0 0 1 0 1 0 0 1 1 0 0 0 1 1 0 1 1 1 1 0 1 1 1 1 
0 1 1 1 0 1 1 0 1 0 0 0 0 1 1 1 1 1 1 1 0 1 0 1 1 1 0 0 0 1 1 1 0 1 0 0 0 1 0 1 1 
1 1 1 0 0 1 1 0 0 0 0 0 1 0 1 0 0 1 1 1 1 0 1 0 0 1 0 0 1 1 1 0 0 1 0 0 0 0 0 0 0 
1 0 1 1 1 0 1 1 1 0 0 1 1 0 1 0 0 1 1 1 1 0 1 0 0 1 0 0 0 0 1 1 1 0 0 0 0 1 1 1 1 
1 0 0 1 0 0 1 1 1 0 0 1 1 0 0 1 0 0 1 1 1 0 0 0 0 0 0 1 0 0 0 1 0 0 1 0 0 0 0 1 1 
0 1 0 1 1 1 1 1 0 0 1 0 0 1 0 1 1 1 1 1 1 0 0 1 1 0 1 0 0 1 1 1 0 1 0 1 1 1 0 1 0 
1 0 0 0 0 1 0 0 0 1 1 1 1 1 0 0 0 0 0 1 1 1 1 1 1 0 0 1 1 1 1 0 1 1 1 0 1 1 0 1 0 
1 0 0 0 1 0 1 1 0 0 1 0 0 0 1 0 0 0 1 1 1 0 1 1 1 1 0 0 1 1 0 0 0 0 1 1 0 0 0 1 0 
1 1 0 1 0 1 1 1 0 1 0 0 0 1 1 1 1 1 0 1 0 0 1 0 1 0 1 1 0 0 0 0 1 0 1 1 1 1 0 0 0 
1 0 0 0 0 1 0 1 1 1 1 1 0 0 1 0 1 0 0 1 0 0 0 1 0 1 0 1 0 0 1 1 1 1 1 1 0 1 0 1 0 
0 0 0 0 1 0 1 0 1 0 0 1 0 1 1 1 0 0 1 0 1 0 1 0 0 0 0 1 1 1 0 1 0 0 1 1 1 0 1 0 0 
0 1 0 1 1 1 1 1 1 0 1 1 1 1 1 0 0 1 1 1 1 0 1 1 1 1 0 1 0 0 1 0 0 1 0 1 0 1 0 1 1 
1 1 1 1 0 1 1 1 0 0 0 0 0 0 1 1 0 0 1 1 1 0 1 0 0 0 0 1 0 0 1 0 1 0 1 1 1 0 1 1 0 
1 1 0 1 0 1 0 0 1 1 1 1 0 1 1 0 1 0 0 1 1 0 0 1 1 0 0 1 1 1 0 0 0 0 0 0 0 0 0 1 1 
1 0 1 0 1 1 0 1 1 1 1 0 0 0 1 0 1 1 1 0 1 1 1 1 1 1 1 1 0 0 0 1 0 1 0 1 0 0 1 0 1 
0 0 1 0 1 1 1 0 0 0 1 0 1 1 1 0 0 1 0 1 1 0 1 1 0 1 1 0 0 1 1 0 1 1 0 1 0 0 1 1 0 
1 1 1 0 0 1 0 1 0 1 1 0 1 0 0 0 1 0 0 1 1 0 0 0 0 1 1 0 1 0 0 0 1 1 0 1 1 0 1 1 0 
0 1 1 0 1 1 1 1 1 0 0 1 1 1 1 0 0 0 1 0 0 1 1 0 1 0 1 0 1 0 0 1 1 1 1 0 0 1 1 1 1 
1 0 0 0 1 1 0 1 0 0 0 0 1 0 1 0 1 1 1 1 1 1 0 0 0 0 0 1 1 1 1 0 1 1 1 1 0 1 0 1 0 
0 1 1 0 0 1 1 0 1 0 1 0 0 0 0 0 0 0 1 0 1 0 1 0 1 0 1 0 1 0 0 1 1 0 0 1 1 1 1 0 0 
1 0 0 1 1 1 1 1 0 1 0 0 1 0 1 1 1 0 0 1 0 0 0 0 0 0 0 1 1 0 1 0 1 0 1 0 1 1 1 1 0 
1 0 1 1 1 1 1 1 1 0 0 1 1 0 1 1 0 1 0 1 0 1 0 0 0 0 1 1 1 1 0 0 1 1 1 0 0 0 0 0 1 
0 1 0 0 1 1 1 0 1 0 0 0 0 1 1 0 0 0 1 1 0 1 0 0 0 1 0 1 1 0 0 1 0 0 1 1 1 0 1 0 0 
1 1 0 0 0 0 1 0 1 0 1 0 1 1 1 0 1 0 1 0 0 0 0 0 1 1 1 0 0 1 0 1 0 1 0 0 1 1 1 1 1 
0 1 0 1 0 0 0 0 1 0 0 1 0 0 1 1 1 1 1 1 1 1 1 0 1 0 0 0 1 1 1 1 0 0 0 1 0 0 1 0 1 
0 1 1 0 0 1 0 1 0 1 1 1 0 1 0 0 1 0 1 0 0 0 1 0 0 0 0 1 1 0 0 1 0 1 0 0 0 0 0 1 1 
1 0 1 0 1 0 0 1 1 0 1 0 1 1 0 1 0 1 1 0 1 0 0 1 0 1 1 0 1 0 1 0 1 1 0 0 1 0 1 0 1 
1 0 0 0 1 0 0 0 1 1 0 1 1 1 0 0 0 0 1 1 0 1 0 1 0 0 0 0 1 0 1 0 1 0 1 0 0 1 0 1 0 
0 0 0 1 0 0 0 1 0 1 1 1 1 0 1 1 0 0 0 0 1 1 1 1 0 1 1 1 0 0 0 0 1 0 0 1 0 0 0 0 1 
1 0 0 1 1 1 1 1 1 0 1 0 1 0 0 1 0 0 1 0 0 1 1 0 1 1 0 1 1 1 0 1 1 0 0 0 1 0 0 1 0 
1 1 1 1 0 0 1 0 1 0 0 1 1 0 0 0 0 0 0 1 0 1 0 1 1 1 0 1 1 1 1 0 1 1 1 1 1 1 1 1 1 
1 0 0 1 0 1 1 0 1 1 1 0 1 0 1 0 0 1 1 0 0 1 1 1 1 0 1 0 1 0 1 0 0 1 1 0 0 0 1 1 1 
