49 55 1598
62 80 81 95 23 92 3 35 97 91 22 9 43 80 21 13 83 95 24 55 60 83 46 18 40 67 42 12 46 18 96 7 97 76 54 71 20 8 6 16 99 27 24 93 58 44 5 92 90 81 47 49 15 92 18 
55 11 59 18 56 29 13 15 77 40 68 48 59 75 5 26 25 83 49 18 41 44 22 84 33 54 30 33 69 22 50 23 84 61 40 39 89 4 5 65 95 24 64 54 99 68 31 75 51 32 92 43 75 66 26 
60 19 8 92 87 81 94 61 64 54 52 54 94 55 59 58 50 82 74 55 32 41 37 7 43 68 50 37 95 15 63 54 34 22 97 72 2 90 85 65 95 36 70 88 43 28 98 44 62 71 50 93 63 86 51 
6 54 1 42 48 15 56 53 100 29 49 24 30 91 60 46 85 95 16 25 89 95 22 32 56 44 81 1 6 19 51 63 72 3 57 71 70 64 23 69 93 23 44 22 13 3 68 50 50 35 26 38 29 47 70 
85 42 2 37 47 20 87 62 43 42 18 13 11 81 87 31 73 10 75 47 74 29 14 75 78 100 100 68 28 46 89 64 39 90 100 38 10 39 99 4 80 16 17 90 48 3 20 73 64 46 19 38 75 84 12 
4 83 64 71 10 9 59 26 100 1 25 37 62 63 35 65 94 2 81 35 49 36 55 73 51 52 91 40 78 74 4 34 56 67 56 18 27 67 43 26 67 19 62 28 34 96 44 27 49 25 62 50 12 68 22 
14 71 13 54 49 38 57 82 46 23 89 15 49 55 57 75 21 27 36 100 60 84 44 87 32 20 100 81 83 19 55 96 89 67 49 89 56 5 22 1 79 11 15 28 65 23 54 38 50 41 89 9 24 32 47 
8 3 98 40 85 16 94 33 57 12 81 45 68 38 67 20 16 77 35 95 93 57 48 82 58 89 71 67 64 54 13 23 57 63 63 93 78 8 25 34 72 58 79 39 95 97 58 62 25 44 9 17 1 56 99 
58 96 21 76 12 74 41 34 30 3 48 23 80 8 99 66 79 56 44 17 2 92 26 16 16 70 24 84 22 31 82 31 79 2 7 90 76 99 75 57 1 75 31 32 82 30 97 60 37 92 28 91 83 5 6 
98 26 81 82 47 63 15 30 41 69 36 82 96 86 57 52 86 31 35 17 64 64 66 23 52 57 2 42 40 58 99 89 84 31 22 30 94 37 11 86 57 98 68 52 83 24 55 68 6 89 37 69 4 2 43 
56 10 96 49 49 53 100 90 36 30 11 18 75 99 28 61 7 26 80 58 60 55 65 28 60 53 16 80 57 69 22 64 78 69 12 79 21 11 68 57 93 30 26 67 81 5 79 87 30 58 97 42 64 61 69 
23 65 36 54 21 4 27 84 81 95 48 59 16 58 78 24 2 8 49 69 40 53 99 78 35 9 74 76 72 86 96 47 51 83 100 71 86 27 7 18 21 54 29 88 63 6 11 65 65 11 85 4 64 35 82 
50 43 7 77 67 93 72 13 43 54 64 65 91 42 23 8 15 76 36 2 91 94 65 55 58 75 39 14 90 73 47 39 68 53 67 34 97 38 98 91 43 61 56 85 3 78 93 17 6 80 70 96 73 34 50 
83 9 40 48 50 64 94 41 83 98 7 68 95 97 65 85 39 78 92 24 32 22 68 100 27 99 69 22 72 3 23 6 63 14 53 12 77 46 52 12 95 59 79 89 7 44 26 45 73 69 20 4 90 39 3 
16 38 71 37 61 25 11 66 39 24 70 3 53 15 6 64 61 16 42 50 22 37 27 19 9 95 38 12 85 29 66 52 66 89 41 78 65 51 95 4 27 64 58 79 30 63 94 90 79 35 91 100 24 17 18 
84 64 8 48 100 88 13 51 5 1 91 82 18 94 76 21 20 39 78 98 20 92 91 9 70 77 100 22 52 68 91 36 83 98 83 82 37 47 85 41 100 75 22 17 20 49 37 39 87 66 88 6 9 78 67 
31 7 66 52 58 85 42 45 68 92 79 49 28 26 33 21 25 60 42 41 79 91 29 70 29 46 57 87 54 87 53 84 45 70 87 2 6 81 99 73 72 77 74 51 2 58 71 78 17 65 18 48 7 98 17 
35 43 25 73 49 11 77 32 55 98 19 9 4 51 7 28 74 35 1 24 89 59 47 66 27 63 36 26 69 33 94 55 76 19 80 24 29 56 7 36 54 77 44 9 27 2 36 100 36 89 76 24 99 74 90 
25 88 25 3 56 9 96 62 84 14 41 59 95 97 18 30 2 46 73 62 73 74 49 24 61 37 51 85 35 24 26 12 11 2 14 18 10 61 80 46 27 20 4 21 68 73 2 21 19 74 34 91 99 83 66 
11 19 17 95 54 92 72 17 55 73 82 72 83 42 3 28 20 75 83 40 94 56 41 15 26 66 48 68 16 30 33 27 1 1 73 6 93 45 22 47 69 55 70 51 48 73 30 68 47 13 7 40 20 100 6 
45 17 6 12 85 87 44 63 87 97 35 92 89 31 65 87 100 19 56 2 67 28 32 34 26 96 92 18 15 43 75 59 60 80 22 96 67 17 58 5 13 44 97 1 75 13 87 26 84 95 27 50 74 58 35 
100 53 78 69 19 21 43 29 32 75 50 27 93 19 84 97 31 79 45 84 53 58 22 78 41 16 57 42 90 14 76 41 19 53 9 37 25 3 66 56 77 67 34 69 85 69 18 68 48 62 51 100 19 72 30 
11 40 86 52 29 51 79 21 21 84 81 10 8 83 27 16 12 93 49 32 30 18 49 97 65 11 47 16 81 70 97 92 9 34 95 89 85 26 9 57 61 89 66 68 72 92 35 35 85 36 66 66 53 15 62 
69 25 8 36 5 29 33 48 38 66 95 26 2 20 35 59 80 75 24 99 98 16 86 32 52 21 98 17 25 64 30 45 40 89 80 96 17 64 44 54 30 90 32 83 61 18 41 40 92 17 90 90 84 27 73 
35 47 22 3 23 85 84 67 76 72 99 72 88 62 67 94 91 56 25 26 16 94 66 7 85 82 48 26 65 75 51 51 21 72 5 96 9 88 62 84 59 60 55 99 22 21 92 64 28 68 89 43 61 7 1 
97 40 49 75 57 23 25 59 95 48 64 90 56 3 4 92 14 63 46 64 36 19 55 52 46 74 92 41 86 50 41 82 90 89 8 46 63 32 4 58 80 19 47 87 74 2 78 87 65 76 2 52 94 8 55 
91 81 47 83 18 96 24 99 37 64 59 34 27 90 90 36 21 8 34 60 33 36 37 71 100 64 72 3 9 79 58 100 11 56 34 28 51 57 27 40 73 37 73 99 26 62 34 99 22 19 58 54 54 94 25 
5 58 48 8 66 27 65 17 37 20 51 65 22 59 43 61 31 79 34 81 56 95 66 54 68 85 63 22 38 9 98 43 18 45 2 35 23 66 52 60 37 54 76 10 64 70 71 95 100 56 27 55 2 93 61 
70 29 23 91 18 83 88 12 100 84 13 35 7 78 86 18 66 91 93 76 54 14 98 100 13 53 27 19 54 71 31 23 51 6 65 68 88 4 80 88 88 44 22 46 22 59 63 39 49 7 14 54 20 11 6 
84 15 84 2 69 6 85 43 56 90 8 75 77 11 6 64 50 50 85 47 23 95 9 61 43 15 27 49 86 89 54 21 4 37 23 24 42 7 66 49 96 25 23 24 88 81 88 89 30 24 36 52 19 44 64 
13 11 42 13 48 83 66 69 38 54 43 61 47 1 78 95 48 3 70 71 42 50 10 30 31 34 17 34 4 61 97 68 23 91 81 22 73 98 90 10 52 84 70 50 84 99 45 31 53 66 2 94 67 11 76 
97 96 92 30 51 4 78 19 78 68 99 100 40 96 41 1 99 25 70 49 60 21 45 91 73 10 44 19 28 6 46 24 54 37 53 4 93 82 22 70 50 20 21 41 68 14 42 18 90 63 66 49 83 62 91 
8 23 86 78 50 92 23 73 97 11 77 100 3 59 22 25 60 93 97 52 12 10 93 30 99 8 47 100 42 9 90 49 31 76 26 81 19 100 5 15 11 82 66 13 92 87 89 3 32 86 54 43 95 99 24 
46 6 71 45 47 79 86 48 61 13 25 41 83 25 46 49 35 79 15 99 70 1 88 24 84 25 77 79 19 75 2 16 32 72 60 79 2 98 78 63 62 2 55 45 78 100 93 64 30 7 63 51 60 2 74 
95 26 51 73 96 77 75 12 9 98 23 39 52 20 16 14 82 17 68 78 47 20 70 10 49 29 24 100 40 77 25 34 54 75 7 50 4 33 13 12 82 35 50 33 7 65 98 40 33 18 17 31 37 38 41 
37 18 16 88 57 93 13 91 46 39 49 47 42 81 59 53 14 46 54 47 52 70 44 43 3 13 11 85 49 100 25 38 18 41 25 74 85 89 16 82 28 64 29 21 96 39 74 10 84 79 8 87 49 3 29 
3 16 39 87 16 39 64 53 8 4 30 81 40 70 49 21 97 12 49 70 60 88 43 21 23 73 28 10 21 30 38 23 97 29 62 13 19 25 17 26 80 46 58 19 68 6 91 64 70 92 33 29 31 27 1 
53 100 28 62 72 9 52 47 58 32 8 70 50 32 38 27 63 84 84 33 3 42 23 66 63 14 51 43 44 29 43 97 80 22 10 4 30 13 50 39 44 9 8 45 92 46 71 54 81 7 86 83 100 8 100 
62 74 2 4 17 83 46 65 14 67 75 17 48 39 18 87 83 26 46 27 17 43 50 70 75 8 7 57 59 15 9 20 88 62 75 56 44 72 21 58 38 47 26 37 85 44 75 19 69 73 98 38 15 47 7 
90 6 66 98 64 32 58 35 19 20 9 26 15 80 98 24 69 44 50 57 81 45 32 99 65 56 96 2 70 94 61 11 51 26 61 14 57 18 100 27 89 8 52 4 39 50 27 59 45 28 16 25 24 99 76 
89 54 23 90 75 17 50 86 67 75 46 33 83 15 32 9 4 92 13 59 30 14 37 89 10 65 56 87 88 54 62 28 59 84 18 33 52 67 70 19 94 67 3 28 82 34 89 37 77 1 95 7 66 31 47 
75 47 2 61 87 7 74 14 65 58 31 97 9 50 19 79 95 85 33 22 66 19 10 2 95 62 48 53 27 79 51 54 25 52 66 63 10 40 77 74 49 59 23 9 8 41 88 54 77 72 76 95 90 37 48 
85 51 96 37 29 74 88 82 50 91 48 13 53 39 41 26 87 99 100 95 59 92 34 12 69 6 39 63 95 76 10 31 78 57 20 6 82 59 40 84 1 39 96 53 77 88 31 63 86 30 9 44 74 43 8 
42 100 46 56 46 73 17 77 50 26 48 56 7 6 47 90 6 85 37 11 61 24 41 75 62 70 83 57 43 77 64 36 76 10 43 74 34 12 2 84 37 49 91 43 6 37 85 63 21 21 73 33 97 13 7 
58 35 89 14 77 18 30 65 93 39 59 18 24 70 19 7 58 67 49 53 24 37 37 87 9 9 59 41 5 72 47 14 6 88 80 34 5 9 50 49 99 9 19 22 30 37 81 88 56 29 92 79 18 28 65 
26 88 24 67 45 47 65 58 52 4 89 37 8 49 87 9 47 95 27 21 76 15 53 15 70 33 6 49 50 85 13 76 73 88 94 17 34 58 26 37 62 15 74 21 15 60 81 62 6 7 34 81 74 86 48 
43 18 53 91 20 38 56 95 62 95 40 78 29 97 55 65 10 21 90 31 36 49 11 49 54 70 82 87 43 19 86 37 88 38 80 59 27 35 53 88 81 92 17 9 41 24 26 50 44 15 80 79 16 43 27 
21 64 60 59 6 30 44 42 70 34 21 28 60 7 33 100 88 76 68 48 16 91 25 18 35 92 49 65 7 91 44 79 54 3 38 11 85 81 53 54 14 25 33 26 84 65 77 23 41 44 70 8 87 47 25 
21 38 74 37 96 16 80 74 22 35 63 32 19 44 36 24 9 13 56 86 96 73 62 18 13 6 39 72 92 85 49 64 74 22 100 21 89 80 47 10 14 9 94 84 4 29 59 65 41 14 50 88 38 12 5 
1 0 1 1 1 1 1 0 1 0 1 1 0 0 1 0 1 0 1 0 1 1 0 1 0 0 1 1 1 0 0 1 0 1 0 1 0 1 1 1 1 0 1 1 1 0 1 0 0 0 1 0 0 1 1 
0 1 0 1 1 0 1 0 0 0 0 1 1 1 0 0 0 1 1 1 0 0 1 0 0 1 1 0 1 1 0 1 0 0 1 1 1 0 1 1 1 1 1 0 0 1 0 0 0 0 0 0 0 1 1 
0 0 0 1 0 1 1 1 0 1 0 1 0 1 1 0 0 0 1 0 1 0 0 1 1 0 1 1 0 0 0 1 1 1 0 1 0 1 0 0 0 1 0 1 0 1 1 0 1 0 0 0 0 0 0 
1 1 1 1 1 0 1 0 1 0 0 0 1 1 0 1 0 1 1 1 1 0 0 1 0 0 1 0 0 0 0 0 1 0 1 0 0 0 1 1 1 1 1 0 1 1 1 1 1 1 0 0 1 0 0 
1 0 1 0 0 1 0 0 0 0 1 1 0 0 0 1 1 1 0 1 0 0 0 1 1 1 1 1 1 1 1 0 1 1 0 0 0 1 0 1 1 0 0 0 0 0 1 1 1 0 0 0 0 0 1 
1 0 1 0 1 0 0 1 0 1 0 0 1 1 0 0 0 0 0 0 0 0 0 1 0 0 1 0 0 0 1 1 0 0 1 1 1 1 0 1 0 0 1 0 1 1 0 0 0 1 0 0 1 0 0 
1 0 1 1 0 1 1 1 1 1 1 0 0 0 1 1 1 1 0 1 1 0 1 1 0 0 1 0 0 0 0 1 0 0 1 1 1 0 0 1 1 1 1 0 0 0 1 1 0 0 0 1 0 1 0 
0 0 1 0 0 1 1 1 0 1 0 1 0 0 1 1 0 1 1 0 1 1 1 0 1 1 0 0 1 1 0 1 1 0 0 1 1 1 1 1 0 1 0 0 0 0 0 0 1 1 0 0 0 1 0 
0 1 0 0 0 1 1 0 1 1 0 0 0 1 1 0 1 1 0 1 1 0 1 1 1 0 1 1 1 0 1 1 1 1 1 0 1 0 0 0 1 0 0 0 1 0 0 0 1 0 1 0 1 1 1 
0 1 0 0 0 0 1 1 0 1 1 0 0 1 0 0 1 0 0 1 1 0 1 1 1 1 0 1 0 1 0 1 1 0 1 1 1 0 1 1 1 0 1 1 1 1 1 0 1 0 1 0 0 0 1 
0 0 1 1 0 1 0 1 0 0 0 1 1 1 0 0 0 0 1 0 0 0 1 0 1 1 0 1 0 0 0 0 0 0 1 1 1 1 0 1 0 1 0 1 0 1 0 0 1 1 0 1 0 0 0 
1 1 0 1 1 0 1 1 1 1 1 0 0 0 0 1 0 1 0 0 1 1 0 0 0 1 0 0 1 0 0 1 0 0 0 1 0 1 1 1 1 0 1 1 0 0 1 1 1 1 1 1 0 1 1 
0 0 1 0 0 0 0 1 0 0 1 1 1 0 0 0 1 0 0 1 1 0 0 0 1 1 1 0 1 0 1 1 0 1 0 0 1 0 1 1 1 0 0 0 1 1 0 0 1 0 1 0 0 1 0 
0 0 1 0 1 1 0 1 0 1 1 0 0 1 0 1 0 0 1 0 1 0 1 0 0 1 1 0 0 1 1 0 1 0 0 1 0 0 0 0 1 1 0 1 0 0 0 1 1 0 1 0 0 0 0 
0 0 0 1 0 1 0 0 0 0 0 1 0 1 1 0 0 0 1 0 1 1 0 0 0 0 1 1 1 0 1 1 0 1 0 0 0 0 0 1 1 0 0 1 1 0 0 0 0 1 0 1 0 0 1 
1 1 1 0 0 1 1 1 1 1 0 1 1 0 1 0 1 1 1 1 1 1 1 1 1 0 1 1 0 1 0 1 0 1 1 0 0 1 0 1 0 0 0 1 0 1 0 0 1 1 1 0 0 0 1 
1 0 0 0 0 1 1 0 0 0 1 0 1 0 0 0 0 0 1 0 1 0 0 1 1 1 0 1 1 0 0 0 0 0 1 0 0 0 0 0 0 0 0 1 0 1 0 1 1 1 1 0 1 1 1 
1 0 1 0 1 1 1 1 1 1 0 0 1 0 0 1 1 0 0 0 1 1 0 0 0 1 1 1 1 0 0 0 0 0 0 1 1 1 0 1 1 1 1 0 1 1 0 0 0 0 1 1 1 1 1 
1 1 0 0 0 0 1 0 0 1 0 1 0 0 1 1 1 0 0 1 0 0 1 0 0 1 1 1 0 1 0 0 0 0 0 0 0 1 0 0 0 0 1 1 0 0 0 1 1 1 1 1 1 0 1 
1 0 1 0 0 0 0 0 0 0 1 0 0 0 0 0 1 0 1 0 1 1 0 0 0 1 1 1 0 0 1 1 0 0 1 0 0 1 1 0 1 0 0 1 0 0 1 1 0 0 1 1 0 0 0 
0 1 1 0 0 1 1 1 1 1 1 0 1 0 1 1 0 1 1 1 1 1 1 1 1 1 0 1 1 0 1 0 0 0 0 0 0 1 1 1 0 0 1 1 1 0 0 1 1 1 0 1 0 1 0 
1 1 0 0 0 1 1 0 1 0 0 1 0 1 0 1 1 1 1 0 0 1 0 1 1 1 1 0 1 1 0 1 0 0 1 0 1 1 1 0 1 1 1 1 1 0 0 0 1 1 1 1 1 1 0 
0 1 1 0 0 0 0 1 0 0 1 1 0 0 0 0 1 1 0 0 0 0 0 1 1 0 0 0 1 1 0 1 0 1 1 1 0 1 0 0 1 1 1 1 1 1 0 0 1 0 0 1 0 1 0 
1 1 0 1 0 0 1 1 0 0 0 1 0 1 0 1 0 1 0 0 1 0 0 1 1 0 0 0 0 1 1 1 0 1 0 0 1 1 1 0 1 1 1 0 0 1 1 0 1 1 0 0 1 0 1 
0 0 1 1 0 0 0 1 0 1 1 0 1 0 1 1 0 0 0 0 0 0 1 1 1 0 1 1 0 0 0 0 0 0 1 1 0 1 0 1 1 0 1 0 0 1 1 0 1 1 0 0 1 1 1 
0 0 0 1 0 0 0 0 1 0 0 0 0 1 0 1 0 0 1 0 1 0 1 1 1 1 0 1 0 1 0 1 1 1 0 1 1 0 0 0 0 0 0 1 1 1 0 0 1 1 0 0 1 0 0 
1 1 0 0 1 1 1 0 1 0 1 0 1 1 0 0 0 0 0 1 0 1 1 0 1 1 0 1 0 0 1 1 1 1 0 1 1 1 1 0 1 0 0 0 0 1 0 0 1 1 1 1 0 0 1 
1 1 0 1 0 0 0 1 0 0 1 1 1 0 0 1 1 1 1 0 1 0 0 1 0 1 0 1 0 0 1 1 0 1 0 0 1 1 1 1 1 1 0 0 1 1 1 1 0 0 1 1 1 1 0 
1 1 0 0 1 0 1 0 0 0 1 0 0 0 0 1 1 1 0 1 0 1 0 1 1 0 0 0 1 0 0 0 1 0 1 0 0 0 0 1 1 1 1 1 1 1 0 0 0 0 1 1 1 1 0 
0 0 1 0 1 1 0 0 0 0 1 0 1 1 0 0 0 0 1 1 1 1 0 0 1 0 1 0 0 1 1 0 1 0 1 0 1 1 0 1 0 1 1 1 1 1 1 1 1 0 1 1 1 1 1 
1 1 0 1 1 1 0 0 0 0 1 1 1 0 1 0 0 1 1 1 0 1 0 1 0 1 0 1 0 1 0 1 1 1 1 0 0 1 0 1 0 1 0 1 0 1 0 0 0 1 0 0 0 0 0 
1 1 0 0 0 0 1 1 1 0 0 1 0 0 0 1 0 1 1 1 1 1 1 0 1 1 0 0 1 0 0 0 0 0 1 0 0 0 1 1 0 0 1 0 0 1 0 0 0 1 1 0 0 1 0 
0 0 0 0 1 0 0 0 0 0 1 0 1 1 0 0 1 0 1 1 0 0 1 0 1 1 1 1 1 0 1 1 0 1 1 0 1 1 0 0 0 1 0 1 0 0 1 1 0 1 0 0 1 0 0 
0 1 0 1 0 0 0 0 1 1 1 1 1 1 1 1 1 0 1 0 0 0 1 1 0 0 1 1 0 1 1 0 0 1 0 1 0 0 1 1 0 0 0 1 1 1 0 0 1 1 0 1 1 0 0 
0 0 1 1 0 1 0 1 1 0 1 0 0 1 1 1 1 0 1 0 1 0 0 0 1 0 0 0 1 0 0 1 1 1 0 1 0 1 0 0 1 1 0 1 1 0 0 0 0 1 1 1 1 1 1 
0 1 0 0 1 0 0 0 1 1 1 1 0 0 1 0 1 1 0 0 0 0 0 0 0 1 1 0 0 1 1 0 0 1 0 1 0 0 0 1 1 1 0 1 1 0 1 0 1 0 0 1 0 0 1 
1 1 1 1 1 0 0 1 0 0 1 0 0 1 0 1 0 1 0 0 0 0 1 0 1 1 0 0 0 0 1 1 1 0 0 0 0 0 1 1 0 0 1 0 1 1 0 1 0 0 1 0 0 1 0 
1 0 0 1 0 0 0 1 1 1 1 1 1 0 0 0 0 0 1 1 1 0 1 0 0 1 0 0 1 1 0 0 1 0 1 0 0 1 1 1 0 1 0 0 1 0 0 1 0 0 0 1 0 1 0 
1 0 0 1 1 1 0 1 0 0 0 0 1 0 0 0 0 1 1 0 0 1 1 1 0 1 0 1 1 1 1 0 0 1 0 1 0 0 1 1 0 1 1 1 1 1 0 0 0 1 0 0 0 1 0 
0 0 0 0 0 1 1 0 1 1 0 1 1 0 0 0 1 1 0 0 1 1 0 1 0 1 1 0 0 1 0 0 1 0 0 1 0 0 0 1 1 0 0 0 1 0 1 0 0 1 0 1 0 1 0 
0 0 1 1 0 0 1 1 0 0 1 1 0 1 1 1 0 0 0 1 1 0 0 1 0 1 1 1 1 0 1 0 1 1 1 1 1 0 0 1 0 0 1 0 1 0 0 0 0 0 1 1 0 1 0 
1 0 0 0 1 0 0 1 1 1 0 1 0 1 1 0 1 1 1 0 1 1 0 1 0 0 0 1 0 1 0 1 1 0 0 0 0 0 0 0 1 0 1 1 1 0 1 1 0 0 1 1 0 1 0 
0 1 0 1 1 1 1 1 0 1 1 0 0 1 0 0 0 1 1 1 0 1 1 1 1 1 0 0 1 1 0 1 0 0 1 0 1 0 1 1 0 0 0 0 1 0 0 1 1 1 0 0 0 1 1 
0 1 0 0 0 1 1 0 0 1 1 0 1 1 1 0 1 1 0 1 0 1 1 1 0 0 1 0 1 1 0 1 0 0 1 0 1 0 0 1 0 1 1 1 1 0 1 0 1 0 0 1 1 1 0 
1 0 0 0 1 1 0 0 1 0 1 1 1 0 0 1 0 1 0 1 0 1 0 1 0 0 1 0 1 0 0 1 0 0 1 1 1 1 1 0 1 1 0 0 1 0 1 1 1 0 0 0 1 0 1 
1 1 0 1 0 0 0 1 1 0 0 0 0 1 0 0 0 1 0 1 0 0 0 1 0 0 1 0 1 1 1 1 0 1 0 1 1 0 0 0 1 1 1 1 0 1 1 1 0 0 0 0 0 0 1 
0 1 0 0 0 1 1 1 0 0 0 1 0 0 1 0 1 0 1 0 1 0 0 0 0 0 0 0 0 0 1 1 1 1 1 0 1 1 1 1 1 1 0 1 0 1 0 1 0 1 0 1 0 0 1 
0 0 1 1 0 1 0 1 1 0 1 1 1 0 0 0 1 0 0 1 0 1 1 1 1 0 1 0 0 1 1 1 1 0 0 0 0 0 1 1 0 0 0 1 0 0 1 0 0 1 1 0 1 0 0 
0 0 1 1 1 1 0 0 0 1 0 0 1 0 0 0 1 0 0 0 1 0 0 1 1 1 0 1 0 0 1 1 0 1 0 1 0 0 1 0 1 1 1 0 0 1 0 1 1 0 1 0 1 1 1 
