60 64 2169
75 91 12 38 5 66 44 2 86 31 71 4 74 22 29 41 47 66 82 12 24 91 48 63 49 79 78 9 34 50 29 60 41 93 97 45 58 40 98 44 22 69 99 48 42 80 88 40 45 21 51 20 11 98 83 11 29 60 71 14 61 99 25 1 
91 73 98 49 12 95 44 85 15 42 32 56 21 71 95 18 43 45 89 5 95 71 15 75 82 85 40 43 36 64 43 26 36 40 26 99 87 69 83 1 63 67 9 35 37 3 4 80 100 93 36 46 63 51 72 97 87 11 39 22 26 33 100 61 
25 25 11 11 94 45 63 56 11 71 42 100 26 46 79 77 38 14 74 52 16 45 100 55 7 38 28 32 23 27 44 47 52 6 9 45 50 71 52 61 42 45 60 19 90 90 95 79 55 68 83 23 12 82 77 70 72 56 1 94 83 96 92 34 
1 100 30 2 70 33 62 63 77 73 81 19 14 75 49 21 42 83 43 5 65 71 74 88 26 26 33 60 73 24 45 25 23 26 27 92 58 40 7 87 13 87 57 78 14 5 98 55 40 92 12 4 62 37 43 40 63 75 51 87 98 96 12 72 
21 38 15 31 29 21 17 93 8 73 71 21 29 20 27 68 12 38 23 25 27 17 16 41 91 67 27 40 62 90 11 82 27 26 12 56 46 80 48 5 4 70 77 85 90 4 52 53 93 27 77 19 43 93 11 86 59 38 25 72 27 36 53 6 
13 17 13 10 48 12 15 52 82 91 36 23 46 39 75 91 17 51 61 12 95 72 97 53 61 73 24 39 60 29 44 72 97 8 82 44 20 48 47 53 90 82 27 88 73 1 78 89 3 90 100 50 61 48 2 21 21 78 12 80 58 55 52 54 
63 85 49 34 32 96 38 73 29 64 60 1 16 37 42 70 27 93 19 39 41 21 12 61 50 23 92 59 29 95 64 43 79 12 76 62 59 65 35 88 28 46 40 95 83 81 65 61 26 83 51 66 55 62 78 56 36 21 14 65 16 77 7 94 
41 35 8 99 51 94 38 31 39 78 25 73 10 89 85 35 24 36 52 78 49 81 34 37 2 99 53 17 76 11 62 68 45 69 66 48 14 4 78 53 33 2 77 42 43 62 29 66 49 32 95 97 13 80 85 66 79 37 82 6 48 95 73 44 
16 90 91 29 93 68 81 77 70 58 19 64 71 99 81 19 82 75 67 94 55 52 11 85 88 44 42 35 39 14 79 54 3 69 82 48 37 15 24 58 24 94 73 94 44 53 64 26 27 30 71 33 81 82 69 69 25 10 3 15 75 33 68 78 
2 2 77 90 68 52 99 43 98 71 88 41 75 51 66 53 80 89 38 13 70 6 81 46 16 35 61 42 68 80 19 21 33 47 10 52 99 60 94 96 82 33 88 56 83 6 8 15 94 97 27 15 3 59 60 70 93 72 11 12 4 82 32 88 
80 93 40 78 4 85 25 85 70 65 92 52 70 52 18 63 48 96 77 2 54 88 71 99 12 34 62 67 67 94 54 46 38 45 76 42 82 52 78 51 16 22 54 85 73 72 99 72 19 27 74 73 15 96 23 78 29 84 44 47 29 49 93 67 
94 68 60 27 19 89 77 87 10 30 71 34 53 70 6 72 96 31 96 62 26 70 91 7 53 86 5 34 35 97 52 80 16 63 6 87 51 82 73 13 63 95 98 68 64 55 91 12 85 38 25 63 7 68 21 11 53 25 44 39 74 95 18 89 
57 75 27 60 8 99 24 71 46 21 90 61 28 80 24 12 17 49 26 23 16 98 33 20 23 29 59 96 75 76 36 32 51 63 43 58 13 66 80 10 38 69 71 65 100 94 29 16 94 6 90 61 4 75 81 78 3 39 25 77 66 60 60 68 
74 54 78 39 19 9 100 9 30 70 25 29 64 5 45 9 11 86 70 66 60 50 43 14 40 19 43 5 30 2 25 4 56 2 94 26 10 93 86 39 15 11 20 30 67 16 38 77 1 7 94 13 8 88 26 47 6 68 4 36 22 28 91 29 
29 36 6 90 28 92 81 94 54 100 23 20 15 61 49 67 67 42 79 27 30 57 73 35 76 76 22 97 3 12 77 83 47 83 73 27 26 5 20 79 4 43 98 70 55 46 36 73 40 67 99 21 23 72 7 98 47 29 47 2 92 23 84 39 
57 8 17 82 12 88 12 67 30 10 88 84 7 24 9 98 90 7 18 64 78 25 61 77 5 59 30 96 82 65 86 90 73 2 72 36 90 83 55 71 44 42 7 3 17 15 100 6 21 70 21 51 46 82 79 50 40 8 45 73 72 83 63 96 
84 86 84 25 20 38 48 64 79 6 18 96 20 69 53 92 38 26 94 83 7 72 84 98 31 29 23 55 63 85 2 98 22 85 23 41 74 22 4 53 27 73 100 98 42 4 41 79 29 35 14 87 58 97 37 41 77 59 95 39 95 48 37 16 
33 11 8 6 84 64 10 10 36 61 59 77 65 99 8 45 33 73 84 43 21 20 83 98 78 29 88 24 76 76 91 60 38 98 18 21 61 27 82 97 88 40 25 4 39 84 100 23 56 83 17 77 2 51 26 31 79 65 6 7 93 96 66 30 
94 83 3 6 62 84 54 1 76 31 56 66 14 55 40 70 90 57 98 43 7 75 26 38 39 31 44 31 79 61 13 72 96 15 29 57 50 35 9 25 65 64 90 78 70 82 99 59 38 48 54 96 22 79 33 13 9 76 43 87 89 7 10 84 
21 91 92 71 25 100 47 89 63 89 18 32 70 17 43 7 64 96 2 38 26 35 50 86 62 44 25 50 51 86 85 23 76 76 45 100 75 92 40 89 80 58 21 49 26 15 7 41 62 60 78 87 46 27 24 60 23 48 9 73 34 46 95 9 
21 92 61 96 83 52 84 62 61 56 62 86 22 20 27 35 79 56 21 25 35 97 84 57 44 44 81 77 89 27 38 10 18 50 57 100 1 92 13 62 100 26 99 21 45 77 56 24 33 28 100 67 24 35 75 20 78 55 96 19 81 85 80 51 
34 88 50 87 79 15 100 30 40 98 3 37 75 10 60 59 89 11 77 13 45 51 84 74 57 31 44 89 16 75 39 1 62 41 87 93 55 86 22 46 84 24 82 10 33 93 20 22 55 96 86 99 98 21 25 54 51 20 94 66 95 33 19 56 
25 5 48 31 43 22 76 78 97 10 87 82 2 6 55 57 53 40 7 50 12 83 55 62 3 48 80 97 32 98 4 8 54 4 38 96 25 66 73 73 75 11 54 28 68 8 84 72 99 43 21 10 77 27 72 79 27 51 27 58 100 83 18 53 
86 55 1 62 20 25 34 94 36 88 22 55 95 57 27 46 51 99 55 28 26 26 58 52 28 37 61 27 19 78 32 4 85 32 65 4 56 50 50 43 37 23 98 84 31 76 29 82 26 35 61 51 61 70 54 40 6 67 67 24 44 50 79 28 
81 95 84 36 45 33 31 33 7 80 68 37 55 48 70 80 83 30 83 95 52 36 34 57 54 100 33 98 49 11 77 81 58 12 69 54 96 99 86 2 78 6 91 84 53 60 63 87 42 97 81 93 85 15 1 38 66 33 87 67 96 16 99 53 
27 67 6 75 65 43 28 94 48 18 77 53 30 92 39 71 40 72 15 24 38 15 62 3 100 100 21 95 15 20 47 42 86 4 68 3 46 95 48 46 13 77 98 42 20 88 64 59 11 78 35 48 44 96 51 43 95 23 89 62 42 87 55 80 
90 22 34 88 16 33 33 28 9 82 21 80 69 84 39 80 13 73 27 9 20 29 3 66 4 92 27 45 78 81 76 20 2 61 7 70 94 39 97 54 20 70 34 40 5 24 71 70 48 50 78 19 78 80 84 81 71 63 78 1 43 5 20 97 
66 26 66 11 16 14 16 87 83 1 26 40 76 49 9 23 98 86 41 75 65 77 8 88 39 37 88 81 41 59 29 58 84 94 20 51 60 88 37 94 88 14 33 64 62 41 38 59 78 31 86 95 7 45 82 45 81 21 77 73 79 58 83 14 
51 2 16 62 41 52 56 29 17 88 44 31 81 81 89 58 11 26 52 69 70 85 13 2 5 42 75 35 99 9 100 1 62 15 63 3 18 18 31 35 57 26 65 37 6 5 47 69 31 98 37 52 35 2 54 91 43 80 26 93 88 25 93 49 
92 7 3 9 76 33 43 33 58 59 21 16 64 67 84 46 17 72 97 51 73 2 41 15 81 18 59 20 95 52 21 86 10 23 94 86 8 89 70 17 47 90 84 62 57 67 7 25 39 56 75 63 57 67 78 90 85 36 61 79 39 33 16 1 
8 9 38 15 49 7 83 48 48 67 9 56 85 68 80 75 75 6 38 83 73 15 24 57 2 85 87 93 69 2 93 76 62 82 90 63 88 73 10 87 91 70 43 75 37 74 50 63 80 87 46 52 53 69 8 6 5 46 98 74 47 42 1 60 
23 91 22 62 15 31 49 5 53 43 79 41 16 80 4 95 66 49 46 18 69 5 24 26 50 73 51 48 15 51 60 89 93 81 3 7 64 51 63 16 45 94 56 60 73 11 55 91 11 52 60 80 57 83 57 58 8 7 58 74 57 17 62 50 
49 64 8 12 66 23 79 10 16 87 22 40 97 76 82 60 79 42 91 35 76 47 45 83 53 2 56 61 70 18 10 18 33 70 82 51 92 60 12 7 98 33 98 47 60 80 6 39 21 96 25 96 94 69 31 46 22 86 58 43 55 68 61 40 
37 42 90 28 53 1 86 3 34 35 49 93 14 54 31 86 1 8 34 94 76 64 91 50 49 100 92 56 67 4 95 55 45 84 34 50 36 71 52 69 6 52 14 71 57 96 57 57 3 42 2 31 5 44 80 5 43 23 60 62 27 54 16 23 
37 2 72 25 72 75 93 77 26 58 48 82 6 56 90 8 97 43 90 53 38 69 57 33 44 17 94 70 70 61 92 59 62 16 83 86 90 27 62 68 85 61 1 42 68 43 49 16 37 91 68 75 11 25 7 54 93 52 23 62 12 15 72 26 
30 54 11 71 81 24 90 17 37 91 58 56 85 58 72 21 48 39 95 59 15 53 12 7 4 87 21 16 1 92 93 82 98 3 52 78 78 94 46 14 84 55 70 20 64 93 40 12 83 87 22 98 39 85 56 43 23 28 10 23 20 2 56 17 
4 60 46 81 53 43 47 88 97 68 7 60 60 46 23 42 32 96 91 23 33 99 65 55 26 74 30 97 75 85 65 30 44 62 10 96 4 8 83 100 75 89 12 34 87 86 76 70 82 18 92 66 16 56 20 42 81 49 38 55 34 55 84 77 
16 46 25 20 5 59 71 80 100 34 65 86 20 92 7 53 10 99 18 25 6 37 18 39 38 8 45 71 62 81 99 77 78 75 48 82 34 71 61 33 4 78 18 75 69 76 27 30 26 44 55 84 33 24 22 70 31 66 92 92 46 42 21 23 
17 68 57 50 90 17 82 94 46 51 68 15 26 47 44 52 90 50 35 74 74 8 95 4 73 86 48 71 28 20 45 96 39 1 45 29 70 26 22 15 28 41 81 5 87 25 56 29 26 42 2 99 1 97 55 74 34 54 96 13 73 40 8 11 
41 4 39 10 81 12 76 8 53 57 13 91 81 20 19 58 14 21 57 14 69 63 39 54 16 34 19 40 26 26 50 66 30 89 27 62 52 2 70 4 58 82 95 90 53 65 100 66 37 56 32 57 70 70 11 37 56 29 76 81 6 25 98 87 
65 24 49 17 77 70 72 87 3 18 28 55 83 27 73 19 34 4 76 3 25 38 39 32 18 66 12 75 91 9 14 7 84 62 75 13 83 47 99 85 16 26 39 50 53 63 21 86 18 48 41 43 85 79 74 54 45 38 28 87 98 41 93 34 
54 68 46 36 66 44 72 33 69 11 83 73 25 3 11 43 2 51 37 38 29 10 91 25 99 70 63 97 63 56 30 16 75 75 4 92 70 75 24 90 37 6 63 62 60 73 56 61 75 92 98 55 53 40 80 52 10 94 100 72 1 29 39 75 
55 94 18 76 21 42 65 57 99 79 70 11 3 25 71 77 68 21 32 21 60 63 72 21 56 23 92 57 3 83 83 57 76 53 84 96 94 48 5 44 79 26 54 33 3 77 10 70 97 93 90 8 7 13 29 14 35 72 22 37 6 57 45 34 
9 28 81 54 28 85 97 6 63 51 90 65 79 51 34 27 95 24 86 1 36 14 15 71 38 88 7 95 44 4 28 52 31 9 5 58 45 2 15 7 4 5 71 34 7 5 60 2 80 45 2 15 11 68 37 100 56 96 94 99 99 22 3 81 
82 7 39 26 60 5 33 15 61 55 48 68 11 59 69 90 4 22 57 66 42 45 65 97 40 58 47 90 31 1 71 12 60 61 90 19 65 74 86 78 28 85 45 39 44 65 80 47 38 36 12 79 81 28 27 72 85 26 62 68 26 32 31 85 
92 20 56 56 93 41 85 21 77 29 11 20 45 90 18 35 26 81 13 58 8 92 29 45 17 90 64 94 21 94 31 64 14 86 72 58 78 56 78 54 37 40 26 81 30 43 15 7 76 80 64 83 71 92 79 39 34 42 84 6 36 14 70 1 
51 41 58 80 96 88 34 32 79 11 65 8 53 31 66 28 10 29 63 32 73 93 22 6 35 58 11 22 23 32 22 74 72 31 53 20 70 38 3 49 48 19 8 53 50 74 32 11 2 46 43 26 39 16 31 73 73 94 46 96 25 19 21 97 
49 25 68 71 63 22 19 62 41 78 66 90 51 50 100 5 95 94 30 33 10 61 57 34 6 2 81 30 72 53 78 21 78 97 43 92 19 13 5 59 90 71 48 41 72 99 45 66 93 74 51 54 86 59 39 43 13 72 73 84 24 2 56 53 
99 98 44 17 10 49 27 52 71 26 92 42 24 88 59 68 61 61 73 99 72 64 41 84 35 65 19 10 19 75 63 17 24 58 85 86 58 11 37 80 36 80 73 11 67 32 31 79 44 3 77 15 66 70 98 52 86 69 62 4 43 76 72 18 
85 56 3 43 18 91 22 5 70 47 16 36 30 46 15 73 100 43 88 66 64 37 69 50 57 82 53 99 9 25 69 94 32 23 88 50 14 61 54 35 7 21 71 36 18 37 9 18 31 48 35 95 36 55 44 93 37 48 43 45 24 63 90 8 
86 77 57 99 38 62 85 44 35 7 32 52 43 92 21 74 91 7 20 26 62 15 70 50 14 65 94 38 27 36 45 12 12 53 62 49 66 47 45 100 53 76 4 48 19 76 21 9 83 92 86 96 6 56 45 19 20 90 8 46 25 52 10 37 
56 71 37 74 69 33 25 22 60 28 69 78 56 41 86 90 84 72 85 89 79 29 7 98 70 67 95 95 70 4 83 26 27 19 99 95 52 23 16 63 3 36 41 10 28 78 99 11 1 35 99 79 63 58 28 32 24 23 78 93 78 60 70 4 
31 20 99 82 95 66 96 97 2 36 58 81 66 56 92 66 90 42 97 4 99 24 87 74 98 65 19 76 76 88 79 6 8 29 39 54 95 35 2 48 22 59 28 39 14 19 5 55 61 1 10 11 24 48 85 22 64 55 49 40 42 79 45 1 
8 36 54 54 70 55 1 43 65 28 82 30 99 86 84 11 38 45 73 13 93 57 86 56 63 34 95 5 65 92 57 72 27 63 25 96 69 77 90 34 56 71 63 6 8 99 16 45 43 89 10 87 97 95 43 60 81 37 16 45 80 24 68 6 
38 44 53 7 20 43 92 75 13 6 81 73 56 48 17 51 88 78 37 85 73 79 96 5 68 63 1 47 86 68 5 24 11 9 82 82 51 25 8 16 30 40 88 86 88 56 88 75 34 24 11 58 55 6 62 74 68 62 72 6 29 76 29 91 
85 62 72 87 86 79 2 15 19 41 52 58 97 91 32 30 15 95 87 21 52 100 94 20 61 65 77 41 93 57 31 29 18 54 15 3 32 69 69 2 9 73 59 5 63 43 86 29 37 24 49 88 23 94 59 83 59 87 75 3 43 5 31 60 
10 45 14 94 13 35 95 22 7 6 78 21 100 64 2 36 87 50 75 10 96 86 44 54 72 19 56 67 75 38 26 85 82 92 30 95 26 24 68 32 81 45 4 80 60 5 67 47 7 94 8 2 31 3 7 54 21 14 20 48 51 98 32 32 
89 13 78 14 88 45 97 69 42 100 48 1 5 67 99 63 60 6 64 42 61 70 95 81 35 15 28 85 12 11 68 100 23 46 65 11 42 61 31 83 60 30 36 16 96 34 78 7 92 93 48 52 14 43 84 48 9 12 32 20 74 100 71 49 
97 35 59 38 95 41 73 6 70 8 22 66 93 51 72 84 44 72 87 57 14 71 57 74 34 88 45 59 39 15 7 87 1 17 77 47 57 49 52 27 8 25 92 100 76 15 36 19 38 22 27 3 44 83 76 77 23 20 36 61 86 42 100 86 
59 76 32 67 24 36 93 31 60 36 30 35 3 17 5 40 39 32 43 82 66 18 11 88 90 98 1 75 91 100 13 49 75 96 16 50 31 60 32 91 96 13 77 98 30 82 37 68 65 31 1 30 49 11 18 90 8 70 16 99 69 28 99 95 
1 1 1 1 1 0 1 0 0 0 1 1 1 1 0 1 0 1 0 0 1 1 1 1 0 0 1 0 0 1 0 1 1 1 0 0 1 0 0 0 0 1 1 1 0 0 0 0 1 0 0 0 0 1 1 0 0 0 1 0 0 1 1 1 
1 1 1 0 1 1 0 1 0 0 0 0 0 0 1 1 1 1 1 1 1 1 1 1 1 0 1 1 0 0 0 1 1 1 1 1 0 0 0 0 0 1 1 0 1 0 1 0 1 0 1 0 1 1 1 1 1 0 0 1 0 1 0 0 
0 0 1 1 0 1 1 0 0 0 0 0 0 1 0 0 1 0 0 1 1 0 0 0 0 0 0 1 1 0 1 0 0 0 1 0 1 0 0 0 1 0 0 1 1 0 1 1 0 0 0 1 0 0 0 0 0 0 1 0 0 0 0 1 
0 1 1 0 1 0 0 0 0 0 0 0 0 1 1 1 1 1 0 1 1 0 0 1 0 1 1 1 0 1 0 0 0 1 0 0 1 0 0 0 0 0 0 1 0 1 0 1 0 0 1 1 1 1 0 1 0 0 0 0 1 0 1 0 
0 1 0 1 0 0 1 0 1 1 1 1 0 1 0 0 0 1 1 1 0 0 0 1 0 1 1 1 1 0 1 1 0 1 1 0 0 0 0 1 0 0 0 0 1 0 1 1 0 0 0 0 0 1 1 0 0 1 0 1 1 1 1 1 
1 0 1 1 0 0 0 0 0 0 1 1 0 0 1 0 0 1 1 1 0 0 1 0 1 1 0 1 1 1 0 0 1 0 1 1 0 1 0 0 1 1 1 1 1 0 0 1 0 1 0 0 1 0 1 1 1 1 0 0 0 0 0 1 
0 1 0 0 0 0 0 1 1 0 1 0 0 1 0 0 0 0 1 1 0 0 0 0 1 0 0 1 1 1 0 1 0 0 0 1 1 0 0 0 0 1 1 1 0 1 1 0 1 0 0 0 0 0 0 1 1 0 0 0 1 0 1 0 
1 1 1 0 0 1 0 0 1 1 1 1 0 1 0 0 1 0 0 0 0 0 1 1 0 0 1 0 0 1 0 1 0 1 1 0 0 0 1 1 1 0 1 0 1 1 0 1 1 0 1 1 0 0 1 0 0 0 0 1 1 0 0 0 
1 0 0 0 0 1 1 1 0 0 1 1 1 1 0 0 1 1 0 1 0 1 0 0 1 0 1 1 1 0 1 0 0 1 0 0 1 0 1 1 0 1 0 0 0 1 0 0 0 0 1 0 1 1 1 1 0 0 0 1 0 1 1 0 
0 0 0 1 0 0 0 0 1 1 0 1 0 1 1 0 1 1 1 1 0 0 0 0 0 0 1 1 1 1 1 1 1 0 1 1 0 1 1 1 0 0 0 0 1 0 1 0 1 0 1 1 0 1 0 0 1 1 1 0 0 1 0 1 
1 1 0 1 0 0 0 1 0 0 1 1 0 0 1 1 0 1 1 0 0 1 1 0 0 0 0 1 1 0 0 0 1 1 1 0 1 1 1 1 0 0 0 0 1 1 0 1 0 1 0 1 0 1 1 0 1 1 1 1 0 0 1 1 
1 1 1 0 0 0 1 0 1 1 1 0 0 1 1 1 0 1 0 0 0 1 0 0 0 0 1 0 0 0 0 1 1 1 1 0 0 0 0 1 1 1 1 1 0 0 0 0 0 0 0 0 1 1 0 0 1 1 0 1 0 0 0 1 
0 1 1 0 1 0 1 0 1 0 1 0 0 0 0 0 0 1 1 0 0 1 0 1 1 0 0 1 1 0 0 1 1 0 1 0 0 0 0 1 0 1 1 0 1 0 1 0 1 0 0 1 1 0 0 0 0 0 1 1 0 0 0 1 
0 1 1 0 1 1 1 1 0 1 0 0 1 1 0 0 1 0 1 0 0 1 1 0 1 0 0 1 0 0 0 0 0 1 0 1 0 0 1 0 1 1 0 0 0 0 0 1 0 1 1 0 0 0 1 1 1 1 0 1 1 0 0 1 
1 0 1 1 0 0 1 1 1 0 1 1 0 1 0 1 0 1 1 0 0 0 1 1 1 1 0 1 1 0 0 0 1 1 1 1 1 1 1 0 1 0 1 1 0 1 0 0 1 0 1 1 0 0 0 0 0 0 1 1 1 1 0 0 
1 1 1 0 0 0 1 1 1 0 1 1 0 1 1 1 1 0 0 0 1 0 0 1 0 1 0 1 0 0 1 1 0 1 0 0 1 1 0 0 1 1 1 1 0 1 0 0 1 0 0 0 0 0 1 1 1 0 0 1 0 0 1 0 
1 1 1 0 0 1 1 1 0 0 1 0 1 1 0 1 0 0 1 0 0 1 1 1 1 0 1 1 0 0 0 1 1 1 1 1 0 0 0 0 1 1 0 0 1 1 1 1 1 1 1 0 0 1 1 1 1 0 0 1 0 0 0 1 
1 1 0 1 0 1 1 1 0 0 1 1 1 1 0 0 0 0 0 0 1 0 1 0 0 1 1 1 0 1 0 1 0 1 1 0 0 0 1 0 0 1 0 1 0 0 0 0 0 0 0 1 0 1 1 1 0 0 0 0 1 0 0 0 
1 1 0 1 1 0 0 0 1 0 1 1 0 1 1 1 0 1 0 0 0 0 1 0 0 1 1 0 0 1 0 1 0 0 1 1 0 1 1 1 1 1 0 1 0 1 0 0 0 1 1 0 1 0 1 1 0 0 1 0 1 1 1 1 
0 0 0 0 1 0 0 0 1 0 0 1 0 0 0 0 1 1 1 0 1 0 0 1 0 1 1 1 1 1 0 1 1 0 1 1 0 1 1 1 0 1 1 0 0 1 0 1 0 1 0 1 1 0 1 1 1 0 0 0 1 0 1 1 
1 1 0 1 0 1 1 0 1 0 0 1 1 1 0 1 0 0 0 0 0 1 1 0 0 0 0 1 0 0 0 1 1 0 1 1 0 0 0 1 0 0 0 1 1 0 0 0 1 0 0 1 0 1 1 0 1 0 1 0 0 0 1 1 
0 0 0 0 0 0 1 0 1 1 1 0 0 1 0 1 0 0 0 0 0 0 0 1 0 1 1 0 1 1 1 0 1 1 0 0 0 0 0 1 1 0 1 1 1 0 0 1 0 1 1 0 1 1 0 1 1 1 1 0 0 0 0 0 
1 1 0 1 1 0 0 0 0 0 0 0 0 0 1 0 1 1 1 0 0 1 1 1 0 0 0 1 0 0 1 0 1 1 1 0 1 0 1 0 0 1 0 0 1 1 0 1 0 1 1 1 0 1 0 1 1 0 0 0 1 1 0 0 
0 1 1 1 1 0 1 1 1 1 1 0 1 0 1 1 1 1 0 0 0 1 1 1 1 1 1 0 0 1 1 0 1 0 1 0 0 1 0 1 0 1 1 1 1 1 1 1 0 1 1 0 0 0 1 0 1 1 0 1 0 1 1 1 
1 0 0 1 1 0 0 0 1 0 1 1 1 0 0 1 0 1 1 0 1 0 0 0 1 1 1 0 0 0 1 0 0 1 1 0 1 0 0 1 0 1 0 1 0 0 0 0 1 1 0 0 1 1 0 1 0 1 1 0 1 0 0 1 
0 0 1 1 0 1 0 0 1 0 1 1 0 1 1 1 0 1 1 1 0 1 0 0 0 1 1 1 0 1 1 0 1 0 1 1 0 0 1 1 0 0 0 1 1 1 0 1 0 0 1 1 1 1 1 0 1 0 1 1 0 0 1 1 
1 0 1 1 0 0 0 1 1 0 0 0 1 0 0 1 0 1 0 0 0 0 0 1 0 1 0 0 0 1 0 1 0 1 0 0 1 0 1 0 0 1 1 1 0 1 0 0 0 1 0 0 1 0 0 1 0 0 0 0 0 0 1 0 
1 1 0 0 1 0 1 1 1 0 0 1 1 0 0 1 1 0 1 0 1 1 0 1 0 0 1 0 0 0 0 1 1 0 1 0 0 0 1 0 0 1 1 1 1 1 0 1 0 0 1 1 1 1 0 1 1 1 1 1 1 1 0 0 
0 0 0 0 0 1 0 1 0 0 0 1 1 1 0 1 1 0 0 0 1 0 0 1 1 1 0 0 1 1 0 1 1 0 1 1 1 0 0 1 0 1 1 1 0 1 1 1 1 1 1 1 0 1 0 1 1 0 0 0 1 0 1 0 
1 0 0 0 0 0 0 0 1 1 0 1 0 1 0 0 0 0 1 0 1 1 0 0 1 0 0 1 0 1 1 1 0 1 0 0 0 0 1 1 1 1 1 1 0 1 1 0 1 0 1 1 1 1 1 1 1 0 0 1 1 1 1 1 
1 1 0 1 1 1 0 0 0 1 1 0 1 1 0 0 1 1 1 1 0 1 0 1 1 0 1 0 1 0 0 0 1 0 1 0 1 0 0 1 1 1 1 0 0 1 1 0 1 0 1 1 1 1 1 0 1 0 1 0 0 1 1 1 
1 0 1 0 0 1 1 0 0 0 0 1 1 1 1 0 0 0 0 1 1 1 0 0 1 1 0 1 0 1 0 1 0 1 1 0 0 0 0 0 0 1 1 1 0 0 0 0 0 0 0 1 1 0 1 0 1 0 1 1 1 1 0 1 
0 1 0 0 1 0 0 1 1 0 0 0 0 0 0 1 0 0 0 1 0 0 1 1 0 0 0 1 1 0 1 1 1 1 1 0 1 0 1 1 0 0 1 0 0 1 1 1 0 0 0 0 0 0 0 0 0 0 1 0 1 0 1 0 
1 1 1 1 1 0 0 1 0 1 1 1 0 1 0 0 1 0 1 1 0 1 1 1 1 0 1 0 1 0 1 0 1 0 1 0 0 1 1 1 0 1 0 1 0 0 1 1 0 0 0 1 1 1 0 1 1 1 1 0 1 0 1 1 
0 0 1 1 0 1 0 0 0 0 1 0 0 1 1 0 1 1 1 1 0 1 0 1 0 1 0 0 0 1 1 0 1 0 1 1 1 1 0 1 1 1 1 1 0 0 0 0 1 1 1 1 1 1 1 1 0 1 1 0 0 0 1 1 
1 0 1 0 0 1 0 1 0 1 1 1 0 1 1 1 0 0 1 1 1 0 1 1 1 0 0 1 1 1 0 0 1 1 0 1 0 0 1 1 0 0 0 0 1 1 1 1 1 0 1 0 0 0 1 1 0 1 0 1 0 1 1 0 
0 0 1 1 0 0 0 0 0 0 0 1 1 0 1 0 0 0 0 1 0 1 0 0 1 1 0 1 0 1 1 0 1 1 1 0 1 1 0 0 1 1 1 0 1 0 0 1 0 0 0 0 0 1 1 1 0 1 0 0 0 0 0 0 
1 0 0 0 1 0 0 1 1 0 1 0 0 0 0 1 0 0 1 0 1 0 1 1 1 0 1 0 0 0 0 1 0 0 1 1 0 0 0 0 0 0 0 0 0 0 1 0 1 1 1 0 1 0 0 1 0 1 1 0 1 1 1 1 
1 1 1 1 1 1 1 1 1 0 1 1 0 1 0 1 0 1 0 1 1 0 0 0 1 1 0 1 0 0 0 1 1 1 1 0 1 0 1 0 0 0 0 1 1 0 0 1 1 0 1 0 0 1 0 0 1 1 1 1 1 1 1 0 
1 0 0 0 0 1 0 1 1 0 0 1 0 0 0 1 1 1 0 1 1 0 1 0 1 0 1 0 0 0 0 1 0 0 1 1 1 1 0 1 0 0 0 0 0 0 0 1 0 0 1 1 0 0 1 0 1 0 0 1 1 1 0 1 
1 1 0 1 0 0 0 0 0 0 1 1 0 1 0 0 1 1 1 1 0 0 1 1 1 0 0 0 1 0 1 0 1 0 1 1 0 1 0 1 1 1 0 0 0 0 0 1 0 0 0 0 0 0 1 1 0 1 1 1 1 1 1 0 
1 1 1 1 0 1 0 0 0 0 0 0 1 0 1 1 0 0 1 1 0 0 0 0 1 0 1 0 1 0 0 0 1 1 1 0 1 0 0 1 0 0 0 1 0 1 0 1 1 1 0 1 1 0 1 0 0 0 0 1 1 0 1 0 
0 1 0 1 1 0 0 1 0 0 1 1 0 1 0 1 1 0 1 0 0 0 1 1 1 1 0 0 0 0 0 0 1 1 1 0 1 1 1 0 0 0 1 0 0 1 1 1 1 0 1 1 1 0 0 0 0 1 0 0 1 0 0 0 
1 1 0 1 0 1 1 0 0 0 0 0 1 0 1 0 0 0 1 1 1 0 1 1 1 1 1 0 0 1 0 1 0 0 0 0 1 1 1 1 1 1 1 0 1 0 0 0 1 0 1 0 0 1 1 1 0 0 1 0 1 1 0 1 
1 0 1 0 0 0 0 1 0 1 0 1 0 0 1 1 0 1 1 0 0 0 1 0 0 0 1 1 1 1 0 0 1 1 1 1 0 1 1 0 0 1 1 0 1 1 1 0 0 0 0 0 0 0 0 0 0 1 1 0 0 1 0 0 
1 1 1 1 0 0 1 1 1 0 1 1 1 1 1 1 1 1 1 0 1 0 0 0 1 0 0 0 1 0 0 0 0 1 1 0 0 0 1 1 1 1 0 0 0 1 0 1 1 1 1 0 1 0 0 1 0 0 1 1 1 1 0 1 
0 1 1 0 0 1 0 1 0 0 1 0 0 1 1 1 1 1 1 0 1 0 1 1 0 0 0 1 1 0 0 0 0 0 0 0 1 0 1 1 1 0 1 1 0 0 0 1 1 1 1 0 1 1 1 0 1 0 1 1 0 0 1 0 
0 1 0 1 0 1 0 1 0 1 0 0 1 0 1 1 1 0 1 1 1 1 1 1 1 0 0 1 0 1 0 0 0 0 1 0 0 1 1 0 0 1 0 0 1 1 1 1 1 0 0 1 1 1 0 0 1 0 0 0 1 0 0 1 
0 0 0 0 1 1 0 0 1 0 0 0 1 1 1 1 1 1 0 1 0 0 1 0 0 1 0 1 1 0 0 0 0 0 0 0 0 1 0 1 1 0 1 1 1 1 0 0 0 0 1 1 0 1 1 0 0 1 1 0 1 1 0 0 
0 0 0 0 1 0 1 1 0 0 0 1 1 0 1 0 0 1 1 0 0 0 0 0 1 1 0 0 0 0 0 0 1 0 0 0 0 1 1 0 0 1 1 1 1 1 1 1 0 0 1 0 0 1 0 1 0 1 0 1 1 0 1 0 
1 0 1 1 1 0 0 1 0 1 1 1 0 0 1 0 1 0 0 1 0 1 1 0 0 1 1 1 1 1 0 0 1 1 0 0 1 0 0 1 1 1 1 0 1 0 0 0 0 1 0 0 0 1 1 0 0 0 1 1 1 1 0 0 
0 0 1 0 0 1 1 1 0 0 1 1 0 0 0 1 1 0 1 1 1 0 1 1 1 0 0 0 0 0 1 0 0 0 0 0 1 0 0 1 0 1 0 1 1 0 0 0 0 1 1 1 0 0 0 1 1 1 1 1 1 0 1 0 
0 0 0 1 0 0 0 0 0 1 1 1 1 1 0 0 1 1 1 1 0 0 0 1 1 1 0 0 0 1 0 0 1 1 0 1 1 0 0 1 1 1 1 1 1 1 1 0 0 0 1 0 0 1 1 1 0 1 0 0 1 0 1 0 
1 1 0 1 1 0 0 1 1 1 0 0 0 1 0 1 1 1 1 0 0 1 1 1 0 1 1 1 0 0 0 1 1 0 0 1 0 1 0 1 0 0 0 1 1 0 0 0 0 1 0 0 0 0 1 1 1 1 0 1 1 0 1 1 
0 1 0 0 0 0 0 1 0 0 0 1 0 0 1 0 1 0 1 0 0 0 1 1 1 1 1 1 0 0 0 0 1 0 1 0 0 1 1 0 1 1 1 1 1 0 0 0 0 1 0 0 1 1 0 1 1 1 0 1 1 0 1 0 
0 0 0 0 1 1 0 0 0 1 0 1 1 0 0 0 1 0 0 0 0 0 1 1 1 1 0 0 1 1 1 1 0 1 1 1 1 1 0 1 0 0 1 0 0 1 0 1 1 0 1 1 1 1 0 0 0 0 1 0 0 0 1 0 
1 1 1 0 0 1 0 1 1 1 1 1 0 1 0 1 1 0 1 0 1 1 1 1 0 0 1 0 0 1 0 1 0 1 0 0 1 0 1 0 1 0 0 1 1 0 0 1 0 1 1 1 1 0 1 1 0 0 1 0 1 1 0 1 
0 0 0 1 0 1 0 1 0 0 0 1 0 0 0 1 0 0 0 1 0 1 0 1 0 1 1 1 0 1 1 0 1 1 0 1 0 0 0 0 0 0 0 0 1 0 1 1 0 0 0 1 1 0 0 1 1 1 1 1 1 0 1 0 
1 1 0 1 1 0 0 1 1 0 0 0 0 1 1 1 1 1 0 1 1 0 0 0 1 1 1 0 1 0 1 0 0 1 0 1 1 0 1 0 0 1 0 0 0 1 1 0 0 1 1 1 1 1 1 1 1 0 1 0 1 0 1 1 
1 1 0 1 1 1 1 1 0 0 1 1 1 1 1 0 0 0 1 0 1 1 1 0 1 0 1 0 1 0 1 0 1 0 1 0 1 1 1 0 1 0 1 0 1 0 0 0 0 0 0 1 1 1 0 0 1 1 1 0 1 0 1 0 
