62 41 1967
96 23 100 28 80 8 20 51 39 26 4 81 36 59 76 43 8 18 70 89 76 100 86 5 88 29 17 29 27 62 75 23 84 74 50 64 81 22 14 19 47 
69 51 34 79 27 28 87 96 98 75 71 49 13 27 36 41 43 16 67 4 90 89 88 15 91 3 95 64 68 65 62 36 15 96 67 93 75 53 40 72 79 
10 72 43 37 59 83 31 26 2 35 67 42 74 81 32 28 27 47 95 91 9 82 58 4 48 2 78 52 42 2 83 3 25 25 91 36 8 22 61 9 56 
28 2 81 60 86 8 39 32 2 81 40 83 38 43 31 92 73 82 33 26 64 87 2 41 78 37 48 99 98 8 6 77 9 86 88 46 45 26 78 98 7 
17 80 96 12 62 87 36 96 71 61 11 58 62 51 35 99 50 85 48 9 42 24 70 79 11 15 23 89 92 20 95 9 51 90 72 65 29 7 60 99 67 
22 8 80 25 94 78 74 78 77 35 19 100 4 97 63 18 71 3 62 90 97 22 93 38 93 57 18 99 68 17 17 89 24 96 13 18 26 39 47 2 73 
18 54 28 66 68 97 37 22 58 78 70 31 70 7 23 26 25 73 93 93 89 34 68 37 98 37 14 88 84 67 12 1 72 39 66 39 36 54 12 45 32 
81 76 1 88 50 79 64 23 23 8 63 56 75 99 6 12 12 93 95 31 5 47 2 43 64 93 30 18 4 27 49 85 2 1 24 51 79 87 25 54 94 
88 9 20 38 14 31 2 59 77 32 63 23 33 57 87 25 87 56 81 65 56 65 66 56 88 68 87 26 45 40 71 32 100 90 69 66 73 70 24 49 53 
86 72 86 42 10 62 80 17 94 44 72 58 61 79 97 81 17 74 25 56 96 56 8 38 76 73 10 98 96 58 50 33 81 87 74 42 1 6 58 94 1 
81 4 62 12 52 42 28 26 18 84 73 73 91 10 100 15 71 97 10 29 47 42 61 85 67 55 85 24 12 79 25 45 82 38 56 33 31 83 10 48 18 
35 72 60 44 71 74 15 20 35 95 66 28 7 50 95 61 87 70 25 65 46 69 98 35 76 82 65 10 44 64 28 78 87 39 21 10 13 87 29 99 33 
46 27 92 95 73 52 33 42 76 97 88 96 94 22 23 28 39 33 71 54 12 48 41 50 20 50 14 59 78 13 91 23 39 82 69 63 86 2 4 13 50 
43 61 96 17 83 23 7 67 93 60 78 40 100 80 11 1 45 69 78 9 12 52 99 45 21 61 30 74 17 95 23 59 55 18 27 37 40 33 56 84 45 
33 75 96 64 86 97 61 6 26 69 17 78 68 14 50 28 43 75 44 89 97 55 43 67 33 32 58 18 87 42 62 71 68 9 35 53 5 47 11 83 15 
27 12 34 40 13 62 35 87 57 23 35 63 18 1 48 49 59 65 35 52 26 57 19 86 43 24 91 89 34 25 4 12 36 37 4 48 50 90 34 59 64 
68 73 81 21 20 29 79 84 15 82 61 72 52 47 14 75 89 55 60 13 58 24 48 46 27 47 48 16 80 58 79 99 30 12 19 2 92 49 85 59 30 
98 82 34 96 47 8 36 1 20 48 10 43 47 8 21 93 55 88 24 12 18 74 93 29 45 94 73 93 31 31 75 80 12 8 75 58 67 10 59 86 9 
20 80 7 27 52 51 81 91 26 44 9 99 89 89 43 82 13 88 64 43 62 43 6 69 69 64 87 30 74 25 90 93 56 48 20 8 98 52 98 23 96 
58 74 84 99 16 17 11 3 33 6 16 27 11 36 48 74 23 29 99 47 19 92 2 66 11 9 16 62 59 38 9 68 63 44 18 79 13 81 33 45 86 
1 71 96 36 70 22 58 99 20 4 69 63 58 34 25 18 49 39 28 39 47 96 1 43 65 31 55 45 16 99 30 68 21 78 3 91 51 13 41 22 68 
9 85 25 94 61 43 95 99 70 33 46 17 85 40 82 68 94 26 35 44 8 2 16 37 56 58 87 68 98 60 36 6 96 12 100 57 54 94 55 24 78 
52 40 14 91 73 33 84 99 19 79 58 20 95 94 28 52 32 95 2 91 82 7 39 94 58 95 99 3 49 22 80 1 14 46 43 86 78 27 36 97 57 
45 68 51 38 47 55 21 94 56 64 75 62 2 20 72 96 19 74 96 92 6 96 57 3 39 95 80 17 82 28 73 27 48 76 16 94 30 37 87 85 52 
14 98 53 85 21 100 55 95 95 47 52 43 55 54 33 49 85 49 31 65 73 57 12 48 24 57 29 60 96 13 63 9 63 15 45 83 66 100 29 61 98 
80 3 52 85 35 1 70 35 83 34 59 91 97 59 14 53 87 26 48 52 88 8 14 55 53 48 20 52 77 80 49 8 34 100 45 20 52 14 6 86 99 
65 76 47 23 42 99 9 67 99 12 54 58 25 8 10 25 80 13 53 59 13 60 45 65 56 16 16 21 22 54 71 86 29 17 60 22 68 20 88 66 32 
94 75 8 53 85 32 32 49 84 43 62 96 39 26 3 54 93 24 75 46 94 12 27 11 23 48 78 43 88 95 26 81 69 33 85 5 17 69 54 52 11 
15 99 1 92 2 54 84 25 81 30 70 44 8 80 67 55 9 61 94 55 38 74 76 22 11 80 38 79 85 42 41 99 40 41 90 41 46 26 17 26 7 
87 22 14 18 40 20 27 52 14 33 89 39 8 10 49 88 100 27 24 41 19 75 80 59 64 73 5 41 89 82 47 27 55 60 45 94 80 23 45 45 55 
33 83 15 95 32 54 94 10 77 34 29 51 65 39 67 37 95 7 78 77 54 56 31 65 100 77 96 74 21 40 81 6 23 95 52 6 48 45 67 76 30 
95 27 94 86 93 83 80 51 60 8 56 15 91 21 67 67 68 92 39 8 72 96 82 18 47 39 17 43 5 93 72 52 19 18 89 63 100 68 13 11 28 
69 77 18 41 95 84 8 87 22 67 10 18 100 28 16 90 44 59 47 88 30 98 6 99 38 20 50 5 33 60 32 53 89 1 45 83 84 4 21 58 23 
31 27 22 10 94 64 5 52 10 93 34 59 50 32 96 70 34 52 54 93 84 58 33 36 2 68 72 5 88 29 27 70 7 1 31 100 64 36 4 25 80 
37 83 29 20 78 50 53 29 55 98 64 12 30 100 65 49 71 22 37 51 100 58 9 52 89 60 67 76 63 91 55 51 73 35 71 50 37 23 31 91 72 
46 55 54 45 19 2 67 92 90 69 92 48 77 95 88 37 62 15 51 52 21 2 25 55 72 26 91 46 8 34 18 54 88 71 50 58 24 17 2 14 37 
93 61 14 39 100 2 100 14 52 52 34 53 28 40 76 5 83 22 13 16 91 66 55 13 15 64 36 83 65 49 20 9 61 85 48 60 86 47 25 89 50 
58 94 29 50 69 34 32 42 46 47 32 63 53 96 77 16 84 12 81 84 31 89 45 67 36 56 52 35 33 92 36 42 85 65 91 54 98 22 47 95 20 
31 57 72 26 85 40 9 96 20 45 78 60 89 44 96 96 47 82 28 39 17 70 75 81 12 80 30 34 27 24 5 57 32 77 34 17 68 43 64 87 39 
94 46 27 37 93 74 36 74 54 26 43 75 100 75 86 80 5 71 58 80 76 14 12 4 47 80 71 41 95 57 79 88 54 57 25 47 83 12 72 36 37 
66 10 88 41 47 19 97 18 76 76 93 41 39 96 40 18 66 80 13 74 11 52 27 67 28 25 49 39 49 36 27 14 97 15 6 44 85 2 13 61 30 
5 53 68 52 92 38 17 72 2 90 34 53 68 100 81 93 1 71 93 88 98 6 85 64 64 80 48 17 92 8 46 48 13 66 99 4 55 15 27 56 56 
60 60 23 12 92 67 64 63 59 51 12 17 87 75 80 66 22 96 9 82 94 56 94 59 54 49 65 20 76 20 75 35 31 98 46 23 64 9 37 75 12 
48 91 98 74 70 16 95 17 24 28 62 32 73 72 37 22 36 57 97 7 31 31 38 80 29 12 96 89 100 70 100 99 60 98 72 81 65 18 49 88 98 
11 71 70 82 8 43 70 64 39 76 46 22 65 26 2 28 73 90 27 42 90 25 53 39 48 33 3 18 33 42 15 43 13 36 77 20 79 46 35 69 73 
80 42 38 57 43 65 29 33 44 22 22 20 74 60 20 58 62 37 91 3 3 85 67 90 61 38 20 58 72 89 83 52 30 72 60 73 36 89 5 31 10 
78 51 36 89 70 93 2 58 35 56 12 20 23 1 32 60 21 90 32 9 24 35 90 95 94 62 82 34 18 13 44 47 15 31 35 36 75 36 93 10 92 
4 29 66 56 12 25 76 53 8 36 76 42 78 70 88 91 52 21 9 16 16 7 30 46 42 65 21 29 9 30 72 64 10 37 19 21 62 47 26 21 34 
1 63 11 71 50 2 74 22 62 89 38 68 18 83 61 34 55 90 42 84 13 5 45 50 75 18 63 21 43 83 55 43 97 65 65 98 18 38 20 79 78 
57 47 47 91 59 80 46 48 73 81 13 77 78 14 4 95 76 76 89 10 30 31 59 47 48 56 64 37 75 95 15 83 93 61 26 51 41 23 51 13 3 
63 42 32 76 97 26 3 72 14 12 2 97 70 100 44 78 15 80 4 9 46 87 1 7 64 4 99 86 54 63 40 16 56 72 91 52 49 93 24 15 56 
77 11 78 28 6 55 42 37 58 3 83 96 55 41 59 58 91 96 11 53 36 78 9 59 68 12 7 12 35 21 68 63 83 45 90 40 99 84 77 8 38 
11 4 92 3 62 2 93 58 64 97 45 42 57 3 9 69 9 73 55 82 92 70 16 88 59 56 38 94 84 45 31 46 48 23 48 62 76 92 71 39 88 
15 80 97 17 41 17 77 13 71 10 56 40 26 43 51 81 80 44 64 24 75 61 72 49 8 85 24 51 55 62 90 69 94 86 37 34 2 65 98 25 75 
53 16 100 95 66 32 74 62 47 97 88 7 20 36 66 56 11 16 10 72 57 30 65 43 18 50 96 83 47 20 9 99 88 60 93 53 91 18 66 89 15 
53 95 86 40 12 42 50 79 3 74 35 33 90 29 50 40 25 32 86 96 92 37 83 51 29 88 41 47 53 81 13 58 27 50 97 38 43 47 68 46 20 
3 78 9 31 79 100 7 63 86 3 54 22 37 5 2 24 97 100 29 78 64 86 4 14 82 42 56 80 61 1 51 63 30 12 46 9 11 52 71 96 6 
24 69 43 28 23 18 77 22 46 54 86 31 57 99 65 50 6 44 11 59 95 25 88 6 70 48 16 74 70 64 31 46 84 73 25 6 91 1 28 88 54 
65 19 63 15 35 12 20 78 74 30 24 99 70 81 20 17 49 93 39 64 24 84 47 48 8 5 90 9 32 78 62 96 48 24 10 82 88 81 11 61 11 
87 11 32 19 31 48 67 75 38 82 50 21 81 50 29 85 39 37 16 68 98 63 67 74 24 100 61 56 63 73 18 49 84 49 19 66 49 38 92 86 19 
42 7 99 91 35 83 81 23 50 49 72 64 15 45 39 15 57 47 29 82 64 77 17 65 95 82 13 32 73 50 3 66 8 1 8 94 36 89 16 85 89 
88 1 3 84 39 69 93 85 97 74 1 25 90 65 72 23 29 55 47 78 57 13 38 10 72 31 45 60 99 81 48 38 81 3 21 72 23 65 8 72 38 
1 1 0 1 0 0 1 1 1 1 1 1 0 0 0 0 0 0 0 1 1 1 1 1 0 0 0 0 0 1 0 1 0 0 1 1 1 0 0 0 1 
1 1 1 0 1 0 0 1 0 1 1 0 1 0 0 1 0 0 1 1 0 1 0 1 0 1 0 0 1 0 0 0 1 1 0 0 1 1 0 0 0 
1 0 1 1 0 1 0 0 0 1 1 1 1 0 1 0 0 0 1 0 0 0 1 1 0 1 1 1 1 1 0 0 1 1 0 1 0 0 1 1 1 
0 0 1 0 0 1 0 0 1 0 0 1 1 1 1 1 0 1 0 1 1 1 0 0 1 1 1 1 1 0 0 1 0 1 0 0 1 0 0 0 1 
0 1 0 0 0 1 0 1 0 0 0 1 0 1 0 0 0 1 1 0 1 0 0 1 0 1 0 1 1 0 0 0 1 0 0 1 0 0 1 0 0 
1 1 1 0 1 1 0 0 0 0 1 0 1 0 1 0 0 0 1 0 0 1 1 0 1 1 0 0 0 0 0 1 1 1 0 0 0 0 0 0 1 
0 1 0 0 0 0 1 0 1 1 0 1 1 0 0 0 1 0 0 1 1 1 1 0 1 1 1 0 0 1 1 0 0 1 0 0 1 1 0 0 1 
0 1 0 1 0 0 0 0 0 1 1 1 0 0 1 0 1 1 0 0 0 0 1 1 0 1 0 0 0 0 1 0 0 1 1 0 1 1 0 1 1 
0 0 1 0 1 1 1 0 1 1 0 1 0 1 0 0 1 0 0 0 1 0 0 0 0 0 1 1 0 0 0 0 0 0 0 0 1 1 0 1 1 
1 0 1 0 0 1 0 0 1 0 1 0 0 1 0 0 0 1 0 0 0 1 1 0 1 1 1 1 1 0 0 0 1 1 1 1 1 1 0 0 1 
1 0 1 1 0 1 1 0 1 0 0 0 1 0 0 0 1 1 1 0 1 0 1 0 1 0 1 0 0 0 1 0 0 0 1 1 1 0 1 0 0 
1 1 1 1 1 1 0 0 1 0 1 1 1 1 0 0 1 0 0 1 1 0 1 1 1 0 0 0 1 0 0 0 1 0 1 0 1 0 0 0 0 
1 1 0 1 1 0 0 1 0 1 0 1 0 1 0 1 1 0 0 0 1 1 1 1 0 0 0 0 0 1 1 0 0 1 1 0 1 1 1 1 0 
0 0 0 1 1 1 1 1 0 1 0 1 0 1 1 0 0 0 1 1 1 1 1 0 0 1 1 1 1 0 1 1 1 1 0 0 1 1 1 1 0 
0 0 1 1 1 1 1 1 0 0 0 1 0 0 1 1 1 0 0 0 1 1 1 1 0 1 0 1 0 1 0 0 1 1 0 0 0 1 0 1 0 
0 0 0 1 0 1 0 0 0 0 0 1 1 1 1 0 1 1 1 0 1 1 1 0 1 1 0 1 1 1 1 0 0 1 1 0 0 1 0 0 0 
0 0 1 1 1 0 0 0 1 0 1 0 1 1 0 1 0 1 0 1 0 0 1 1 1 1 1 1 0 0 1 0 0 0 0 1 0 0 0 1 1 
1 0 0 1 0 1 1 1 0 0 1 0 0 0 0 1 1 1 1 1 0 0 1 0 0 1 1 0 1 0 1 0 0 0 1 0 1 0 1 1 1 
0 0 1 0 0 0 0 1 0 1 1 0 1 1 0 0 0 0 1 1 0 1 1 0 1 0 1 1 1 1 0 0 1 1 0 1 0 0 0 0 0 
1 0 1 0 0 1 1 0 0 0 0 1 1 0 0 1 0 0 1 1 0 1 0 0 1 1 0 0 1 0 0 0 0 1 0 0 0 1 0 0 1 
1 1 1 1 0 0 1 0 1 0 0 0 0 0 0 1 0 0 0 0 0 0 0 1 1 0 1 0 1 1 0 0 0 1 1 0 1 1 0 1 1 
1 1 0 1 1 1 0 1 0 0 1 0 1 0 1 1 1 0 0 0 0 0 1 1 0 1 0 1 0 1 0 1 1 0 0 0 0 0 0 0 1 
1 0 0 0 0 1 1 0 0 0 0 0 1 1 0 0 1 1 0 1 0 1 0 0 0 0 0 0 0 0 1 0 1 1 0 1 1 1 1 1 1 
1 1 0 0 0 1 1 1 1 0 1 1 0 0 1 1 0 1 1 1 1 1 0 0 1 1 1 1 0 0 0 1 0 1 1 0 0 0 1 1 1 
1 0 1 1 1 0 1 1 0 0 0 1 0 0 1 1 0 0 1 0 0 0 0 1 1 0 1 0 0 1 1 1 1 0 0 1 1 1 0 1 0 
0 0 0 0 1 0 0 1 1 1 0 0 1 1 1 0 1 1 0 0 0 1 1 1 1 0 0 0 0 1 0 0 1 1 1 1 1 1 0 0 0 
0 0 0 0 0 0 1 1 0 1 0 1 0 1 0 1 1 0 1 0 1 0 1 0 1 0 1 0 1 1 1 1 0 1 1 0 1 0 1 1 1 
1 0 0 0 0 1 1 0 0 1 1 0 1 1 1 1 0 0 0 0 1 0 0 0 1 0 1 0 1 0 1 1 0 1 1 0 0 1 0 1 0 
0 1 1 1 1 1 0 1 1 0 0 1 0 0 1 0 1 1 1 1 0 0 1 0 0 1 0 1 1 1 1 1 1 1 1 0 0 1 1 1 1 
1 1 1 1 0 1 0 1 0 1 1 1 0 1 1 1 0 0 0 1 1 0 0 0 1 0 0 0 1 0 1 0 1 0 1 1 1 1 0 1 0 
1 0 0 1 1 1 1 1 0 0 1 0 1 1 1 1 0 1 1 0 0 1 1 0 1 0 1 0 0 0 1 1 1 1 0 0 1 1 0 1 0 
1 1 1 0 0 0 0 1 1 0 1 1 1 1 0 1 0 0 1 0 1 1 1 1 1 0 0 1 0 1 1 1 0 0 1 0 0 0 1 0 0 
0 1 0 1 1 1 1 1 1 1 1 0 1 0 1 1 0 0 1 1 1 0 1 1 1 1 0 1 0 0 0 0 1 0 1 0 1 0 1 0 1 
0 0 0 0 0 1 0 0 0 1 0 0 0 1 0 1 1 1 1 1 1 1 0 1 0 0 1 0 0 1 0 0 0 0 1 0 0 1 0 0 1 
0 1 1 0 1 1 1 0 0 1 0 0 1 1 0 0 0 1 0 0 1 0 0 1 1 0 1 1 0 0 0 1 1 1 1 0 0 0 0 1 1 
0 1 1 0 1 1 0 0 1 0 1 1 0 1 1 0 0 0 1 0 0 0 1 1 1 1 0 1 0 1 1 0 0 0 0 1 1 1 0 0 1 
1 1 0 0 0 0 1 0 1 1 0 1 1 0 0 0 0 0 0 1 1 1 1 1 1 0 0 0 0 0 0 0 1 0 0 0 0 1 0 0 1 
1 1 0 1 0 0 1 0 1 0 1 0 1 0 1 1 0 0 0 0 0 0 1 0 0 1 0 0 0 0 1 1 0 1 0 0 1 1 0 0 1 
1 0 0 1 0 1 1 0 1 1 0 1 0 0 0 0 0 0 0 1 1 1 1 0 1 1 1 0 1 0 1 0 0 1 1 0 0 0 0 0 1 
0 1 1 0 1 1 1 1 1 0 0 0 1 0 1 0 0 1 1 0 0 1 0 1 0 1 0 0 1 0 1 0 1 0 0 1 0 1 0 1 1 
1 0 0 1 1 0 1 1 1 1 1 0 0 1 0 1 1 0 0 1 1 0 0 0 1 1 0 0 0 1 0 1 1 0 0 1 1 0 0 0 1 
1 1 1 0 1 0 1 0 1 0 1 1 1 1 0 0 1 1 0 1 1 1 0 1 0 1 0 0 1 1 1 1 0 1 1 1 1 1 1 0 1 
1 0 0 0 0 1 0 1 1 1 0 1 1 0 1 1 0 1 0 1 0 1 1 1 1 1 1 0 0 1 1 1 1 0 0 0 1 0 1 0 1 
0 1 0 0 0 1 0 1 0 0 0 1 1 1 0 0 0 0 1 0 0 0 1 0 0 1 1 0 1 1 1 1 1 0 1 1 1 1 1 1 1 
1 1 1 0 1 1 1 0 0 1 0 1 0 0 1 0 1 0 1 0 1 0 1 1 1 1 1 0 0 0 0 1 1 1 1 1 0 0 1 1 1 
1 0 0 1 1 0 0 1 1 0 1 1 0 0 0 1 1 0 1 0 0 0 1 1 1 0 0 0 1 1 1 0 1 1 1 0 1 1 0 0 0 
1 1 0 1 1 1 1 0 0 1 0 0 0 0 1 1 0 1 0 1 1 1 0 0 0 0 0 0 0 0 0 1 0 0 1 1 1 0 1 1 1 
0 1 1 0 0 0 0 0 1 1 1 0 1 1 0 1 1 0 0 0 0 1 0 0 0 1 1 0 1 0 1 1 1 1 1 0 1 1 0 0 0 
1 0 1 0 1 0 0 1 0 0 0 0 0 0 0 1 0 1 0 0 0 1 0 1 0 0 1 1 0 1 1 1 0 0 1 1 1 1 0 1 1 
0 1 1 1 0 1 1 1 1 1 1 1 1 1 1 1 0 1 1 1 0 0 1 1 0 0 0 1 1 1 1 1 1 0 0 1 1 1 0 1 1 
1 0 0 0 1 0 0 0 1 0 1 0 1 0 0 0 0 1 1 1 0 0 0 1 1 1 0 0 1 1 1 1 1 0 1 1 0 0 1 1 0 
0 1 1 0 1 1 0 1 0 0 1 1 0 0 0 0 1 0 1 0 0 0 0 0 0 1 0 0 0 1 0 1 1 1 1 0 1 0 1 1 0 
1 0 0 1 0 0 0 1 0 1 1 0 1 1 0 0 1 0 0 0 0 1 1 0 1 0 1 1 1 0 1 0 1 1 0 1 0 0 0 0 1 
1 0 0 0 1 0 1 1 1 0 0 0 1 0 1 1 1 0 1 1 1 1 0 1 1 0 1 0 0 1 1 0 1 0 0 0 0 0 0 1 0 
0 0 1 0 1 1 1 0 0 0 1 1 1 0 1 1 1 1 1 0 0 1 0 0 0 0 1 0 0 0 0 0 0 1 0 0 0 1 0 0 0 
1 0 1 0 1 0 1 0 1 0 0 1 0 1 1 0 0 1 1 0 1 1 1 0 0 1 1 1 1 1 1 0 1 0 0 0 0 0 0 0 0 
1 1 0 0 0 0 0 1 1 0 0 1 1 0 1 0 1 0 1 1 0 0 0 0 0 1 1 0 1 1 0 0 0 0 0 0 1 0 1 0 1 
1 1 0 1 0 1 1 1 0 0 1 0 0 1 1 1 0 1 1 1 0 1 1 0 0 1 1 0 0 0 1 1 1 0 1 0 1 0 1 1 0 
0 0 0 1 1 0 0 0 1 1 0 0 1 1 0 0 0 1 1 0 0 0 0 0 1 0 1 1 1 1 1 1 1 0 0 0 0 0 0 1 0 
1 1 1 0 0 1 0 1 0 1 1 1 1 0 0 1 1 0 0 0 1 1 1 1 1 1 1 0 0 0 0 1 0 1 1 0 0 1 1 1 0 
0 0 1 0 0 0 0 0 0 0 0 1 0 1 1 1 1 1 1 1 1 0 1 0 1 1 0 1 0 1 1 1 1 1 1 0 1 1 0 0 0 
0 1 0 0 0 1 1 1 1 0 0 1 0 0 1 1 1 0 0 0 1 1 0 0 0 0 0 0 0 0 0 1 1 0 1 0 1 0 1 0 0 
