60 41 123
71 1 58 96 78 37 36 47 57 78 27 35 53 33 21 73 47 90 1 66 38 29 9 7 15 73 54 8 40 25 62 62 25 19 9 55 56 45 53 64 22 
79 98 27 12 70 99 10 59 51 75 97 79 83 55 45 8 60 53 47 36 14 8 13 85 16 67 92 60 19 7 34 97 4 12 8 74 10 69 84 60 44 
32 90 78 87 86 37 98 38 35 34 4 94 46 40 10 12 83 21 30 89 6 26 92 17 86 17 78 54 1 89 49 32 30 79 70 16 15 68 5 2 1 
8 95 46 99 56 9 81 77 38 69 34 15 13 3 52 29 80 58 81 21 6 65 50 36 86 65 3 53 70 4 5 29 98 2 28 54 10 60 82 99 29 
15 14 93 17 17 73 49 74 54 21 32 70 70 67 55 87 69 8 8 24 64 88 22 66 15 27 75 75 8 26 55 74 91 47 43 7 19 91 81 24 11 
64 45 32 30 100 18 51 59 77 26 22 65 47 39 31 73 66 5 80 91 11 54 81 9 96 87 80 38 19 55 100 82 100 83 64 99 53 66 9 29 91 
30 93 38 69 76 62 34 32 94 76 43 99 56 51 46 94 82 35 13 37 34 94 36 16 9 86 68 74 94 49 65 23 93 54 43 68 67 28 100 60 3 
42 58 10 44 55 4 78 89 68 14 74 13 1 90 22 86 9 95 79 9 11 53 2 64 96 69 31 75 20 42 30 13 52 39 57 6 94 86 95 61 99 
20 74 99 61 95 36 70 41 14 30 52 66 31 67 13 52 49 88 71 91 69 84 94 59 92 99 53 77 45 13 27 65 38 77 25 32 12 46 25 25 76 
28 90 58 94 55 9 95 94 80 85 62 15 78 20 6 28 24 34 73 89 60 89 26 36 13 10 47 11 34 23 86 61 12 95 6 18 4 100 11 35 36 
72 49 65 44 6 45 67 39 17 55 98 57 81 85 69 42 31 31 75 53 68 87 16 63 92 34 66 44 96 52 79 68 100 96 63 5 40 29 95 8 36 
44 64 68 28 84 9 10 15 35 62 82 21 29 44 64 14 61 7 10 12 38 29 63 33 91 19 24 71 13 31 58 56 94 25 83 29 85 92 43 19 5 
77 39 86 72 55 99 85 61 60 48 50 88 11 82 30 29 5 53 94 87 10 1 32 87 36 61 71 27 55 42 84 83 32 69 7 86 19 91 99 79 38 
48 66 100 30 48 81 86 100 74 25 61 74 56 47 9 68 70 88 23 11 23 5 42 43 63 80 61 53 78 39 43 25 57 42 6 56 22 44 55 47 68 
67 73 75 14 33 43 35 72 65 97 94 21 90 36 36 69 49 88 98 39 82 23 47 24 28 2 97 71 8 96 90 75 20 65 40 52 7 26 24 23 22 
69 95 11 5 30 32 5 70 29 43 51 51 90 26 31 91 75 53 51 22 95 25 41 59 64 92 17 89 67 91 62 36 85 24 92 67 55 96 36 36 38 
38 38 27 16 20 70 90 73 20 11 67 44 51 77 59 94 93 99 61 83 12 96 19 35 87 37 42 82 24 77 71 62 66 98 77 86 19 18 58 38 80 
76 33 82 52 43 75 96 93 87 30 4 82 48 90 20 85 31 53 8 59 24 21 25 73 49 10 91 66 19 80 97 94 64 78 97 6 53 44 50 39 73 
53 73 72 42 44 56 73 97 16 83 72 36 7 44 37 16 86 54 34 65 51 79 28 28 27 85 32 70 34 23 94 86 47 66 79 90 21 3 86 88 86 
9 76 92 52 12 60 37 65 45 53 15 24 80 95 2 16 26 72 49 48 17 86 94 82 17 36 3 19 73 42 56 82 17 100 33 80 59 22 45 3 74 
11 78 6 5 80 21 83 3 22 82 19 7 28 1 23 63 55 94 35 96 49 68 65 48 53 44 58 74 40 61 99 51 90 56 7 69 29 89 23 50 23 
94 8 50 94 83 64 100 76 50 47 76 18 63 76 70 7 33 95 46 45 93 48 35 1 55 55 29 95 30 30 69 23 37 18 68 19 33 67 94 83 65 
22 100 28 97 21 34 81 15 31 26 59 31 12 59 37 18 87 83 47 16 52 21 5 21 88 23 54 6 69 36 71 42 87 50 38 7 83 70 21 65 47 
79 95 10 38 83 28 76 66 26 44 17 47 48 37 86 22 90 92 42 77 62 83 63 63 72 69 45 42 89 61 88 20 8 98 57 90 77 84 55 2 79 
23 100 78 60 86 100 1 77 93 78 90 76 40 52 47 61 48 40 1 60 28 20 67 77 28 9 53 12 15 54 42 38 54 20 49 39 71 49 67 63 78 
56 38 70 59 37 30 6 76 30 65 55 50 84 31 77 92 83 40 6 89 82 95 94 53 43 84 23 44 50 37 21 5 27 42 63 63 71 20 90 53 84 
45 54 67 27 30 10 10 22 68 50 55 62 43 59 57 26 81 52 75 17 24 31 95 66 45 57 88 64 99 40 99 43 93 18 21 75 27 30 48 94 31 
54 8 73 12 64 98 92 15 24 60 38 6 55 55 50 63 43 65 61 82 64 55 27 33 76 53 59 57 100 5 88 53 12 60 64 27 10 7 93 85 18 
82 91 72 37 92 87 79 57 47 12 72 54 90 4 81 42 14 37 41 18 24 45 81 36 8 59 97 66 51 33 84 33 75 55 21 67 41 51 75 40 62 
98 45 4 53 25 45 66 61 38 36 37 82 68 24 42 27 72 7 77 4 90 61 79 97 81 97 89 31 71 80 45 20 24 48 72 48 44 89 61 33 76 
97 15 44 72 8 22 43 14 50 98 56 11 76 52 43 24 92 26 94 72 70 13 95 69 36 43 64 25 55 97 100 51 11 95 74 18 68 68 83 18 65 
90 28 93 41 22 16 33 47 62 4 16 26 50 36 62 44 100 38 98 96 89 100 58 36 73 27 3 40 61 20 5 51 99 49 91 21 64 75 67 77 30 
35 3 32 22 16 75 21 53 73 68 93 72 25 28 97 3 31 36 64 2 92 14 1 40 56 73 56 83 91 32 12 77 86 43 99 1 70 71 5 42 39 
50 65 15 77 61 18 59 97 81 61 40 46 13 80 1 85 87 83 75 70 47 4 56 41 2 8 10 24 65 3 62 14 68 29 42 28 98 53 24 30 13 
16 75 77 95 27 13 33 62 39 2 60 42 9 100 43 17 62 67 33 64 80 98 83 60 39 11 57 91 86 86 55 1 12 31 47 39 43 79 100 34 33 
59 75 41 10 70 9 23 88 41 87 67 38 21 27 29 31 35 19 69 73 26 21 84 8 68 22 3 98 73 36 30 83 10 23 93 79 31 15 66 24 53 
85 61 74 63 89 56 49 60 24 21 37 97 5 44 64 26 98 13 51 33 95 33 95 17 25 25 99 92 43 22 44 79 35 69 41 75 25 89 34 100 62 
22 48 66 66 63 43 15 76 93 100 22 26 94 90 2 70 88 93 12 62 89 90 96 9 82 70 33 23 56 85 84 77 32 49 94 47 43 9 22 36 8 
95 13 53 84 66 22 23 11 86 84 99 75 31 59 9 1 92 83 8 28 66 84 11 66 30 57 8 38 30 95 97 24 7 49 7 25 22 30 35 7 65 
85 34 96 43 42 48 86 24 7 65 41 42 28 6 71 84 65 60 66 60 56 89 18 56 48 42 78 29 28 84 45 12 17 40 7 10 39 44 33 45 9 
25 87 36 30 9 71 95 69 36 6 76 77 23 32 76 17 9 4 44 44 48 8 61 40 66 70 30 9 55 75 17 79 13 4 61 21 75 7 41 62 12 
17 90 86 48 65 2 8 20 46 51 20 5 63 59 70 85 88 78 91 14 47 21 78 50 81 99 76 39 39 90 50 7 79 88 6 96 89 13 15 86 16 
34 90 78 44 11 14 84 89 4 97 87 25 75 88 57 25 64 96 15 5 97 22 83 84 27 30 25 92 45 10 7 30 52 36 74 14 50 57 2 53 5 
40 29 31 28 86 55 43 33 70 47 81 43 29 17 69 11 93 12 55 54 18 36 5 6 9 19 55 17 72 59 74 12 88 4 91 25 59 33 9 80 79 
41 22 59 57 42 69 1 54 75 55 23 11 59 28 71 29 82 88 53 93 61 16 80 16 6 56 74 38 16 5 68 56 26 26 65 20 47 65 25 21 19 
47 31 30 27 54 58 60 41 62 52 53 77 83 68 34 38 94 71 53 98 90 61 76 16 25 95 14 89 19 34 60 17 17 89 43 70 98 3 62 60 54 
66 88 37 85 22 26 30 44 31 28 34 91 55 1 67 49 14 7 19 99 66 35 67 6 30 88 4 32 1 15 85 66 2 73 3 75 51 32 19 81 11 
52 71 65 52 89 65 17 95 83 15 13 70 82 18 99 69 73 82 70 87 18 87 41 91 89 15 93 73 33 73 83 36 95 100 87 83 64 3 77 99 70 
41 20 51 59 70 71 31 51 92 70 68 79 62 10 19 28 2 91 61 26 26 48 20 25 35 2 40 89 31 90 58 23 9 60 81 78 31 64 80 22 85 
100 52 46 9 23 73 63 65 85 88 90 33 60 66 19 13 58 59 95 47 17 18 8 76 98 37 58 61 17 32 97 16 83 42 76 57 67 90 22 3 30 
11 87 89 29 5 1 86 64 96 84 32 13 91 7 62 28 17 75 44 48 71 11 82 65 38 39 31 28 60 33 9 22 72 97 2 76 49 39 91 96 23 
22 8 13 81 70 40 49 96 35 96 66 45 29 30 35 67 60 14 78 45 22 52 16 70 5 43 18 44 86 14 66 59 73 78 91 94 18 39 89 52 86 
55 49 15 36 83 33 96 96 63 92 17 66 59 86 70 53 55 13 38 20 78 49 93 8 39 86 25 78 75 28 15 81 76 81 16 10 14 63 5 28 6 
73 93 64 10 62 17 65 75 6 84 4 54 28 11 93 14 87 22 40 15 88 20 42 69 87 52 82 50 8 61 55 81 53 71 42 14 39 6 40 44 42 
44 98 21 54 42 34 93 15 25 7 2 96 48 22 83 51 55 84 59 15 90 91 67 60 32 81 98 90 72 42 31 15 91 3 21 84 89 13 50 13 71 
3 61 70 25 43 21 79 78 79 46 67 21 12 27 52 44 24 41 16 17 23 82 59 26 2 42 14 66 91 26 36 94 86 6 70 80 78 100 57 8 45 
24 28 9 2 79 52 77 20 19 94 94 1 52 19 54 46 32 72 36 10 59 81 47 64 2 79 93 2 87 100 98 62 79 6 63 58 10 40 29 28 85 
22 80 36 93 34 81 76 57 69 85 15 1 84 79 3 62 23 56 48 23 53 62 1 59 24 10 68 15 90 47 99 64 27 35 56 12 67 31 68 35 68 
82 36 3 12 90 16 35 45 15 9 49 76 61 59 100 23 78 14 12 25 13 75 3 99 82 14 65 65 33 52 32 14 39 86 78 28 1 64 24 15 24 
72 91 84 31 42 6 8 55 70 84 19 96 86 69 78 99 86 42 83 37 25 97 75 10 26 54 62 41 77 76 64 100 18 99 30 59 57 90 66 26 73 
1 0 0 0 1 0 1 0 1 1 0 1 1 1 0 0 0 0 0 0 1 1 1 1 1 0 1 0 1 0 0 0 1 0 0 0 1 1 1 0 0 
1 1 1 1 1 1 1 1 1 1 0 1 1 1 0 1 1 0 0 1 0 0 0 1 1 1 0 0 0 0 1 1 1 0 0 0 0 0 1 1 1 
1 0 0 0 0 1 1 0 1 1 1 0 1 0 1 0 0 1 0 0 0 0 1 1 0 1 1 0 0 0 0 1 1 0 1 1 0 1 0 1 0 
1 1 1 1 0 0 1 0 0 1 0 0 0 1 1 1 0 1 1 1 1 0 0 0 1 1 0 0 1 1 0 0 1 0 1 1 0 0 1 0 1 
0 1 1 1 0 0 0 1 1 1 1 1 1 1 1 0 1 1 0 0 0 0 1 0 0 1 0 0 0 0 0 0 1 1 0 1 0 0 1 1 1 
0 1 0 1 0 0 0 1 0 0 1 1 0 1 1 1 1 1 1 0 1 0 1 1 0 1 1 0 0 0 1 0 1 1 1 1 1 1 1 0 1 
0 1 1 0 0 0 1 1 0 1 1 0 1 0 0 0 1 0 0 1 1 0 1 0 1 0 1 0 1 1 1 0 0 1 0 0 1 1 0 1 1 
1 1 0 1 1 0 0 1 0 1 0 0 0 0 1 1 0 1 0 1 0 0 0 1 0 0 1 0 0 0 1 1 0 1 0 1 1 0 1 1 0 
1 1 0 0 0 1 0 1 0 1 1 0 1 1 1 0 0 1 0 0 0 0 0 1 0 0 0 1 1 1 1 0 0 1 0 0 1 0 1 1 0 
0 1 1 1 0 1 1 1 0 0 1 0 0 0 0 0 0 1 1 1 0 0 1 0 0 1 1 1 0 0 1 1 1 0 0 0 0 0 1 0 0 
1 0 0 1 0 1 0 0 0 1 0 0 1 0 1 0 1 0 1 1 1 0 1 1 0 1 1 0 0 1 0 1 1 1 1 0 0 1 0 0 0 
0 1 1 1 0 0 0 0 1 0 1 1 1 0 1 0 0 0 0 1 0 0 1 1 1 1 1 0 1 0 0 1 1 0 0 1 0 1 1 1 1 
0 0 0 0 1 0 0 1 0 0 0 0 1 1 1 0 1 1 1 1 0 0 0 0 1 1 0 0 0 1 1 0 1 1 0 0 1 1 0 1 1 
0 0 0 1 1 0 0 1 1 1 1 1 1 1 0 0 1 0 0 0 1 0 1 0 1 1 1 0 1 1 1 1 1 1 1 0 1 1 1 0 1 
0 1 0 1 0 1 0 0 1 0 0 0 1 0 1 1 0 1 0 1 0 0 0 1 1 0 0 0 0 0 1 0 1 0 0 1 1 0 0 0 1 
0 0 0 0 1 1 0 0 0 1 0 0 1 1 1 0 1 1 0 1 1 0 1 1 0 0 0 1 0 0 0 0 1 0 1 0 0 1 1 0 1 
1 0 0 1 1 0 0 0 0 0 1 1 1 0 1 1 0 0 0 1 0 0 0 1 1 0 1 1 1 1 0 1 1 0 0 0 1 0 0 1 0 
0 0 1 0 0 1 1 0 1 0 1 1 0 0 1 0 1 0 0 0 0 1 1 0 1 1 1 1 1 1 0 1 1 1 0 1 0 1 0 1 1 
1 1 1 1 0 1 0 0 1 0 0 0 1 0 1 0 0 1 1 1 1 1 0 0 1 0 1 0 0 0 1 1 1 0 0 1 1 0 1 1 0 
1 1 1 0 1 1 0 0 0 1 1 1 1 1 0 1 0 0 1 1 1 0 0 1 0 0 1 0 1 0 0 1 1 1 1 0 0 1 0 1 0 
1 0 1 1 1 1 1 1 0 0 1 1 1 0 1 1 1 0 0 1 0 1 1 0 0 1 0 1 0 1 1 1 0 1 0 1 0 0 0 0 0 
1 1 1 0 1 0 1 1 1 1 1 0 0 1 1 1 0 0 1 1 0 1 1 1 1 0 1 1 1 1 0 0 1 1 0 0 0 0 1 1 1 
0 1 1 0 0 0 0 1 0 1 1 1 1 0 0 1 1 0 0 0 0 1 1 1 1 1 1 1 0 0 0 1 0 1 1 0 0 1 1 0 0 
0 1 1 0 1 1 1 1 1 0 1 0 1 1 0 1 0 1 1 1 0 0 1 1 1 1 1 0 1 1 1 1 0 0 0 0 1 1 1 1 1 
1 1 1 0 1 0 0 1 1 1 1 0 0 0 1 0 0 0 1 1 1 0 0 1 0 0 1 0 1 0 1 0 1 0 0 1 0 1 0 0 0 
1 0 1 1 1 1 1 1 0 1 0 0 1 0 1 1 1 1 0 1 0 1 0 1 1 1 1 0 1 1 1 0 1 0 0 1 1 1 0 1 0 
1 1 1 1 0 0 0 1 1 1 0 0 1 1 1 1 0 0 0 0 1 1 1 1 1 0 0 0 1 1 1 0 0 0 1 1 1 1 0 0 0 
0 0 1 1 1 0 0 1 1 0 0 0 1 1 1 0 1 1 1 0 0 1 1 1 0 0 0 1 0 0 1 1 0 0 0 1 1 0 1 0 0 
1 0 0 1 1 0 0 0 1 1 1 0 0 0 0 0 0 1 0 0 0 1 0 0 0 1 1 0 0 1 1 0 1 1 1 0 1 1 1 0 0 
0 0 0 0 0 0 0 1 1 0 1 0 0 1 0 1 1 1 0 0 0 0 0 1 1 0 0 0 1 0 1 1 0 1 1 0 0 1 1 1 1 
0 1 1 1 0 1 0 1 1 1 1 1 1 0 0 1 0 0 1 0 1 0 0 1 0 0 1 1 1 0 1 1 1 0 0 1 1 1 0 0 0 
1 1 1 1 1 0 1 0 1 1 1 0 1 0 0 1 1 1 0 1 0 1 1 1 0 0 0 1 1 1 1 0 0 0 0 0 0 1 0 0 1 
1 0 0 0 0 0 1 1 0 1 0 0 0 1 0 0 1 1 1 0 0 0 1 0 0 1 0 1 1 0 0 0 0 1 0 0 1 0 0 1 1 
0 1 1 1 1 1 0 0 1 1 0 1 0 0 1 1 1 0 0 1 1 0 0 0 1 0 1 1 0 0 0 0 0 1 1 1 0 0 0 1 1 
0 0 1 1 1 0 0 0 0 1 1 0 1 1 1 0 0 0 0 0 0 1 0 1 0 0 0 0 0 1 1 0 0 0 1 1 0 1 1 0 1 
0 1 0 1 0 0 1 1 1 0 1 0 0 1 0 0 1 1 0 0 0 1 0 1 0 0 1 0 1 0 1 0 1 1 1 1 0 1 0 1 1 
0 1 1 1 1 0 0 0 0 0 1 1 1 0 0 1 1 0 0 1 1 0 0 0 0 0 0 1 0 1 0 0 0 1 1 0 1 1 0 0 0 
1 1 1 1 1 0 1 1 0 0 0 1 1 1 1 1 1 0 1 1 0 0 1 1 1 1 1 1 0 1 1 1 0 0 1 0 0 0 1 0 0 
0 1 1 1 0 0 0 0 0 1 0 0 1 0 1 0 1 0 0 0 1 0 0 1 1 0 1 1 0 0 1 0 1 1 1 0 1 1 0 1 1 
1 1 0 1 1 0 0 1 1 0 1 1 0 0 0 1 0 1 1 0 0 1 1 1 0 1 1 1 0 0 0 1 0 0 0 1 1 0 0 0 0 
1 1 0 0 1 1 0 0 0 0 0 1 1 0 1 1 1 1 1 1 1 0 1 0 0 0 1 0 1 1 0 0 0 0 0 1 0 0 1 0 0 
1 0 0 1 1 1 0 0 0 0 0 0 1 0 0 0 1 0 1 0 0 1 0 0 0 1 0 0 0 1 1 1 1 1 1 0 0 1 1 0 1 
1 0 1 1 0 1 0 0 0 0 0 1 0 0 1 1 1 0 1 0 1 0 1 0 1 1 0 1 0 0 0 1 0 1 0 0 0 0 0 0 0 
0 0 0 0 1 1 1 1 0 1 0 1 0 0 0 0 0 1 0 0 0 0 0 1 0 0 0 1 0 0 1 0 0 0 1 0 1 0 1 0 0 
0 1 0 0 1 0 1 1 1 1 1 1 0 0 1 0 0 0 1 1 0 1 1 0 0 1 1 1 1 1 1 1 0 1 1 0 0 0 1 1 0 
0 0 0 0 1 0 1 0 1 0 0 1 1 0 1 1 1 0 0 1 1 1 1 1 0 1 1 1 0 0 1 0 0 1 1 1 1 0 1 1 0 
1 0 1 1 1 0 1 0 0 0 1 1 1 0 0 1 1 1 1 1 0 0 1 1 1 1 0 1 0 1 1 0 1 0 1 1 1 0 1 1 0 
0 1 0 1 1 1 0 0 0 0 0 0 1 1 1 0 1 0 1 1 1 1 0 0 0 1 1 1 0 0 1 1 1 1 0 0 0 0 0 1 0 
0 1 0 1 1 0 1 1 1 0 1 0 0 1 1 0 0 0 0 0 1 1 0 1 1 0 1 0 1 0 0 1 0 0 1 1 1 0 0 0 0 
1 1 0 0 0 0 0 0 1 1 1 0 1 0 0 1 0 0 0 0 0 0 0 1 1 1 0 1 0 0 1 1 1 1 0 1 0 0 1 1 1 
1 1 0 1 1 0 1 1 0 0 0 0 0 1 1 0 1 0 0 1 1 1 1 1 1 0 1 0 0 0 1 1 1 0 0 1 0 0 0 0 0 
0 1 0 1 0 0 0 1 0 0 0 0 1 1 1 1 0 1 1 0 1 0 0 1 1 1 1 1 1 1 1 0 0 1 1 1 0 0 0 0 0 
0 0 1 0 0 0 0 1 0 1 0 0 1 1 1 0 0 0 1 0 1 1 0 1 1 1 1 1 1 1 1 0 0 0 0 0 0 0 1 0 1 
0 1 0 1 0 0 0 1 0 0 0 1 0 1 0 0 0 1 1 0 0 1 0 0 1 0 1 0 1 1 1 1 0 0 1 1 0 1 0 0 1 
0 0 1 0 0 1 0 0 1 0 0 0 0 1 0 0 0 0 0 1 1 1 0 1 0 1 0 1 1 0 0 1 0 0 1 1 1 0 1 0 0 
1 1 1 0 1 1 0 1 1 0 0 1 0 0 1 1 0 1 0 0 1 1 1 1 1 0 1 1 1 1 1 0 0 0 1 1 0 1 0 1 1 
1 0 1 1 0 0 1 1 0 1 0 0 0 0 1 0 1 0 1 0 1 0 1 0 1 0 0 0 1 1 0 0 0 1 1 0 0 0 1 0 1 
1 0 0 1 1 0 0 1 0 1 1 0 0 1 1 0 1 1 1 0 1 1 0 1 0 0 1 0 1 1 0 1 0 0 0 1 0 1 1 0 0 
0 0 0 1 1 0 0 1 0 0 0 1 1 1 0 1 0 0 1 0 0 0 0 0 0 1 1 1 0 1 1 0 0 1 1 1 0 1 0 0 0 
1 1 1 0 1 0 1 0 1 1 0 1 1 1 0 0 0 1 1 1 1 1 1 0 1 1 0 0 1 0 0 0 0 1 1 1 0 0 1 1 1 
