52 62 2652
28 66 11 30 70 49 62 25 70 97 53 96 14 88 79 18 20 87 45 88 55 28 83 93 11 23 24 44 43 15 27 71 32 89 52 2 38 13 78 7 9 82 55 74 21 85 91 40 72 87 79 78 14 61 22 77 36 46 72 78 12 98 
48 43 39 100 44 76 64 73 34 73 6 88 98 26 73 41 17 96 27 48 25 93 8 47 69 95 44 40 73 55 89 72 97 27 23 93 54 87 65 88 11 23 75 8 100 99 48 17 94 75 16 19 19 75 17 87 70 60 78 42 14 18 
13 10 45 36 2 98 22 19 37 84 93 12 91 92 10 91 60 56 17 75 26 35 50 42 73 19 1 50 12 66 67 24 75 63 11 29 13 84 47 49 67 39 60 10 82 22 52 42 29 68 68 54 54 17 47 26 87 47 27 98 64 45 
22 38 8 84 66 72 68 64 20 86 54 32 95 36 5 98 77 33 65 44 86 18 13 32 95 99 30 21 97 93 66 70 82 25 5 100 96 24 63 15 10 17 98 56 52 2 54 80 34 70 75 71 88 39 54 34 38 83 55 86 27 72 
7 9 96 63 8 43 87 22 9 96 90 7 3 93 8 56 72 94 78 99 16 65 37 70 50 26 4 4 63 31 27 21 91 22 84 50 16 70 23 25 17 13 31 19 5 90 27 29 35 4 27 51 20 15 72 69 93 75 25 55 57 51 
28 99 25 11 48 40 32 23 16 48 35 98 18 39 88 44 67 74 99 45 24 18 12 95 39 4 22 63 10 78 65 37 77 89 99 76 81 30 50 96 29 84 94 47 75 33 42 93 6 41 90 82 10 1 28 48 56 49 62 65 79 27 
54 7 67 52 34 47 34 84 95 62 67 88 60 93 72 2 86 29 94 75 10 55 27 90 3 82 90 16 46 68 42 99 26 61 3 60 7 88 95 53 49 61 92 61 6 63 14 91 92 59 17 53 13 95 42 67 76 32 83 73 51 76 
72 77 36 26 88 95 13 82 47 13 94 39 73 99 53 38 41 44 96 9 49 9 3 90 75 30 73 9 3 76 85 74 4 72 51 91 18 15 24 65 27 69 55 52 68 59 89 60 3 85 21 3 45 75 92 19 5 17 28 7 92 64 
32 47 87 82 37 5 96 12 21 74 80 27 77 99 85 66 59 39 2 31 41 46 5 85 16 9 1 43 15 44 58 98 90 45 79 78 49 26 89 69 52 68 95 28 19 31 45 29 70 46 59 10 43 15 94 59 24 94 53 90 89 11 
40 78 7 18 55 7 96 95 75 47 15 21 26 33 3 71 61 72 68 71 82 11 85 75 69 60 21 21 2 9 83 41 39 89 10 45 95 5 40 21 3 6 93 81 38 96 51 50 19 18 20 100 28 56 27 48 16 47 21 69 7 3 
9 45 44 18 90 90 75 81 63 29 86 7 9 75 2 11 24 21 29 95 72 8 50 98 56 17 96 76 85 3 30 93 47 73 63 88 15 89 68 77 17 5 83 78 79 37 88 54 9 68 48 80 28 50 78 83 66 73 10 51 27 39 
95 26 64 9 13 78 49 33 6 18 37 88 95 68 24 34 21 32 54 21 64 81 70 93 63 35 17 24 37 44 14 32 69 77 92 33 6 41 65 11 58 54 99 4 73 74 37 93 58 90 65 21 70 34 65 84 69 81 7 5 76 73 
88 44 49 32 77 7 72 93 17 81 98 67 84 70 93 72 15 2 62 79 22 83 13 38 19 33 18 77 89 94 49 77 89 50 8 17 56 31 10 24 63 59 43 46 29 35 17 95 36 30 25 9 65 37 46 83 21 15 11 10 60 60 
86 49 9 45 65 64 27 26 39 89 85 81 86 65 15 2 11 2 84 35 62 100 24 7 34 44 74 44 53 33 3 90 33 63 86 50 26 12 27 65 100 11 97 85 27 12 39 89 65 74 24 27 25 47 85 58 90 58 1 95 43 56 
84 75 18 70 76 96 33 3 12 33 65 8 69 92 71 59 80 36 84 55 14 8 1 98 65 43 8 18 89 50 25 72 76 42 93 52 89 26 54 100 10 18 60 30 61 30 41 93 17 24 47 30 32 100 80 48 94 87 17 82 88 41 
5 63 83 50 14 23 75 19 23 36 89 34 65 49 15 5 41 32 81 40 13 12 91 44 11 84 30 28 17 17 68 73 32 2 22 97 77 48 16 99 83 4 84 48 4 98 4 97 29 84 36 94 47 26 37 10 61 19 37 29 35 56 
1 18 10 23 15 86 70 82 36 53 85 19 52 40 68 7 36 97 43 71 42 89 48 78 98 60 48 86 88 83 94 89 100 55 11 66 92 80 47 79 84 83 49 87 23 16 94 58 64 36 81 5 76 28 35 26 88 82 63 75 16 56 
63 68 62 25 33 53 57 32 83 40 14 31 27 36 47 72 94 10 59 74 15 34 53 1 59 92 82 22 67 50 29 81 17 91 6 1 95 14 32 78 53 98 60 31 33 6 54 78 16 12 3 82 46 56 82 56 47 15 29 65 16 58 
98 84 100 55 85 46 68 68 23 72 65 83 55 50 40 8 27 55 72 30 88 17 37 21 24 83 88 53 100 3 10 97 87 61 51 23 6 18 42 81 89 59 15 43 8 54 3 86 61 74 15 100 42 51 21 65 86 8 69 85 62 30 
81 100 90 83 74 48 100 16 28 40 26 94 35 85 47 37 70 59 62 85 59 3 87 31 19 72 90 88 8 51 17 40 3 59 22 76 6 73 43 85 13 20 78 99 4 24 35 74 35 48 58 45 50 96 75 20 68 16 7 27 18 76 
67 20 34 40 48 91 13 90 75 77 62 52 75 65 27 61 38 61 8 47 57 9 43 83 28 10 98 35 88 16 62 54 35 47 94 34 37 6 76 11 34 37 62 8 1 40 20 91 1 27 37 9 87 79 92 14 40 89 100 28 4 61 
33 91 7 26 24 43 83 99 53 16 87 66 75 88 6 46 78 58 24 66 66 10 45 57 24 36 46 23 63 1 84 96 43 42 73 67 85 56 17 89 23 56 7 50 43 64 95 72 21 71 89 38 80 33 95 55 21 92 78 83 44 13 
30 87 54 55 5 90 62 21 31 36 28 37 85 22 100 32 93 72 2 82 9 33 66 3 88 86 46 65 21 90 29 2 76 34 8 80 76 69 52 6 5 80 94 41 1 45 24 46 16 25 79 24 58 96 79 97 82 24 61 54 65 41 
7 40 26 15 71 1 83 75 6 39 54 51 80 6 95 3 3 10 80 81 86 89 77 64 85 10 39 97 63 4 37 21 95 62 35 18 15 18 92 72 8 97 23 87 54 17 42 57 79 73 89 64 61 65 27 97 26 17 93 40 72 81 
61 19 94 95 36 8 64 79 80 72 27 54 10 80 70 51 88 48 23 77 11 35 93 89 31 19 6 75 10 29 55 70 47 49 17 82 8 80 60 39 51 86 92 61 18 14 63 5 13 38 81 76 24 74 64 55 44 21 81 53 50 36 
75 48 36 91 30 95 70 41 34 73 79 77 85 96 42 47 52 55 36 33 30 60 58 45 66 53 18 46 57 19 33 31 66 20 21 95 15 43 88 100 15 66 28 99 13 70 97 16 24 33 48 5 44 57 49 9 61 66 6 18 36 39 
48 2 58 69 48 24 11 35 75 77 52 3 27 16 72 23 32 95 7 31 99 50 40 99 10 100 17 16 17 52 54 65 53 63 85 53 39 47 87 13 75 91 15 1 6 38 23 89 32 82 20 82 31 59 33 93 10 49 8 27 52 13 
43 57 27 79 9 65 77 47 78 51 37 44 51 95 82 25 83 65 6 54 99 89 64 31 81 74 31 40 52 82 52 94 38 78 24 98 43 100 45 72 50 33 15 52 27 96 28 62 13 86 15 11 26 31 41 6 4 23 45 55 4 48 
100 94 25 23 43 19 22 87 42 23 20 9 74 98 56 1 59 68 38 26 78 63 8 70 68 11 92 64 17 48 63 16 93 40 38 35 10 11 22 52 33 93 60 58 90 15 10 1 83 48 78 12 10 85 82 30 47 25 45 63 72 8 
30 16 47 19 51 56 29 24 59 13 16 18 70 57 85 79 9 19 26 38 30 88 22 63 17 20 88 61 34 11 68 63 79 66 33 29 74 13 52 32 25 19 2 94 27 38 25 36 56 2 73 37 89 47 100 5 18 39 66 52 1 85 
66 79 3 99 7 76 11 10 59 88 80 12 33 7 49 57 42 56 59 66 93 99 64 92 4 82 82 21 33 82 57 50 13 59 100 71 86 11 81 97 50 60 60 82 66 61 91 59 16 49 77 8 99 40 51 2 21 84 74 5 66 31 
55 30 41 54 100 79 16 80 27 65 92 86 99 9 46 89 20 14 89 96 21 87 35 24 89 56 7 14 60 24 96 14 53 37 20 53 67 35 84 93 100 27 30 98 88 28 38 7 41 26 2 13 12 36 36 52 43 95 66 3 70 61 
68 75 49 87 79 67 74 62 11 25 41 93 74 28 20 11 34 12 36 87 24 99 22 12 51 65 58 68 19 27 80 38 1 81 77 79 47 50 93 10 26 33 2 99 12 21 61 45 32 96 31 7 94 4 18 96 20 75 63 90 54 95 
80 54 75 56 33 21 57 77 30 82 9 83 32 72 3 92 16 86 87 98 45 32 53 62 80 25 89 94 14 42 88 93 47 62 100 31 35 56 7 64 37 67 47 20 38 1 11 53 39 49 2 83 33 7 96 12 31 36 5 44 29 45 
89 76 6 88 6 40 44 65 56 32 31 54 52 69 6 14 73 96 63 75 78 95 33 26 58 63 13 62 58 94 58 46 69 64 34 26 55 29 90 10 12 21 63 63 89 21 29 61 16 91 87 46 85 19 23 94 33 35 7 91 28 65 
36 48 28 21 26 82 49 67 44 61 87 58 75 27 78 3 40 94 93 78 91 29 49 13 74 81 47 81 71 27 45 7 26 24 79 51 5 28 18 100 40 56 58 14 35 87 69 26 32 13 55 22 94 3 34 67 84 33 47 6 11 91 
64 36 14 43 39 71 70 8 22 61 63 79 74 49 66 94 26 49 7 81 71 100 35 4 66 70 88 65 76 98 7 39 34 21 33 24 43 2 31 64 62 45 95 88 94 12 81 71 60 39 3 30 38 38 86 56 7 73 72 82 23 78 
73 8 98 5 31 92 59 61 8 72 5 2 59 50 13 92 73 72 30 75 54 20 12 39 27 19 63 98 52 85 75 76 92 25 81 74 16 91 34 23 62 91 76 73 92 88 64 64 12 45 39 65 16 2 55 42 20 17 39 24 54 14 
99 97 90 31 71 5 21 56 80 83 46 7 55 90 47 70 53 58 66 43 74 82 45 28 23 16 96 14 91 49 79 90 46 68 20 68 24 41 23 3 75 21 62 29 10 8 50 14 17 15 9 90 96 53 69 71 20 16 84 63 65 62 
52 62 29 23 81 52 15 3 7 89 23 20 17 84 27 18 98 43 33 6 32 28 10 52 98 81 67 33 43 83 94 94 44 74 69 76 78 83 79 36 72 53 55 40 37 81 58 34 23 42 39 6 21 100 9 19 80 75 3 23 58 49 
68 53 22 36 29 51 71 59 86 42 11 40 33 47 72 42 80 46 35 70 3 56 69 11 26 49 86 28 71 95 76 90 99 50 26 79 100 96 37 86 89 48 77 73 46 49 67 78 46 1 47 49 56 68 59 81 68 96 61 90 42 36 
79 41 85 4 71 37 51 8 22 91 7 50 64 52 50 82 29 96 82 28 96 90 47 6 22 14 2 82 3 95 18 81 87 54 37 58 90 87 17 63 30 23 13 45 26 14 26 7 9 59 86 56 48 32 62 70 45 63 51 47 9 20 
79 96 26 15 5 15 54 21 30 83 95 94 27 72 7 52 78 68 62 15 23 10 46 84 31 42 98 33 40 59 5 19 6 30 85 10 96 38 82 25 20 76 70 98 99 29 1 77 96 63 91 70 24 89 6 54 30 55 86 70 13 90 
40 70 71 24 79 67 62 12 43 33 39 13 31 38 41 31 66 88 45 56 9 68 96 14 21 26 21 59 47 85 100 86 55 71 9 85 89 70 97 31 3 35 95 85 72 87 67 37 74 12 45 83 79 40 48 52 17 20 62 63 5 61 
100 59 83 9 43 23 30 91 6 84 26 100 68 49 39 87 38 12 98 34 46 28 25 46 31 42 65 92 56 21 5 56 31 39 64 26 62 93 16 67 29 93 18 96 42 56 82 31 20 31 64 65 11 88 62 93 81 79 37 37 99 41 
44 30 79 59 7 40 3 22 58 31 67 76 27 8 31 60 90 50 43 53 67 5 92 28 97 73 58 33 61 9 25 4 38 56 14 96 47 16 17 5 47 83 80 25 42 62 36 83 64 78 87 30 34 79 9 83 3 19 67 15 27 92 
70 16 47 83 11 93 98 79 49 96 62 80 20 55 42 56 38 5 85 24 86 71 54 46 53 56 64 19 70 90 62 39 5 8 73 15 53 71 46 1 18 7 81 38 13 74 45 2 30 81 26 67 51 31 12 55 87 28 74 8 17 35 
99 74 95 71 40 47 93 85 99 11 43 31 100 56 4 96 57 85 76 34 51 79 17 15 33 3 42 58 62 10 93 12 83 87 35 75 85 79 59 35 41 54 66 40 9 21 87 17 6 15 3 8 93 19 22 77 73 63 35 86 73 27 
98 7 65 84 81 1 62 92 35 3 45 52 94 53 73 33 21 30 47 75 37 39 93 59 15 17 73 1 3 45 27 52 4 43 87 84 95 48 27 30 2 71 81 48 75 5 80 96 34 26 22 71 16 15 81 82 83 53 83 85 50 61 
88 53 4 74 88 50 74 15 79 75 85 12 74 12 68 53 59 2 30 80 24 97 46 4 79 29 56 61 65 5 21 53 9 76 78 97 26 51 63 56 78 99 19 51 10 87 56 68 40 37 48 63 34 45 66 64 73 21 24 38 78 96 
42 86 24 19 34 1 22 48 56 99 47 27 1 8 13 8 28 4 45 27 66 30 71 31 93 44 3 68 33 32 15 74 70 38 44 55 38 65 3 46 63 1 72 16 60 36 23 87 39 19 13 56 48 84 38 92 79 92 11 11 24 26 
84 45 63 79 99 53 44 53 50 58 5 21 73 65 8 48 51 98 66 64 53 66 99 42 9 77 33 20 39 8 45 74 52 59 52 51 63 95 55 12 53 60 84 77 24 91 24 74 40 90 89 44 7 39 85 15 67 18 34 5 25 30 
1 0 0 1 0 0 1 0 0 1 1 1 0 0 0 1 0 1 0 0 1 0 1 1 1 1 0 0 0 1 0 1 1 0 0 1 0 0 1 0 1 1 0 1 1 0 1 1 1 1 0 0 0 1 0 1 0 0 1 0 1 1 
0 0 1 0 1 0 0 1 0 0 0 0 1 1 0 0 1 0 0 1 0 0 0 0 1 0 1 0 1 0 0 1 1 1 1 0 1 0 1 0 0 1 0 1 1 1 0 0 1 0 1 1 0 1 0 1 1 1 1 0 1 1 
1 0 1 1 1 0 1 0 0 1 0 1 0 1 0 0 1 1 0 0 0 0 1 0 1 0 1 1 1 1 0 0 1 1 1 0 0 0 1 0 1 1 1 0 0 1 0 1 0 1 1 1 1 0 1 1 0 1 0 1 0 0 
0 1 0 1 0 0 0 1 0 1 0 0 1 0 1 0 1 0 1 0 1 0 0 0 1 0 1 1 0 1 0 0 1 0 1 1 0 1 0 0 1 0 0 0 0 0 0 1 0 1 1 1 0 1 1 1 1 1 1 1 0 1 
1 1 1 1 0 1 0 0 1 1 0 0 0 0 0 0 1 0 0 0 1 0 1 0 1 1 1 0 0 0 1 0 1 0 1 0 1 1 0 1 1 1 1 1 1 1 1 1 1 1 1 0 1 1 0 1 0 0 1 0 0 1 
0 1 1 1 1 1 1 0 0 0 1 1 1 0 0 0 1 1 0 1 1 1 0 1 0 0 1 0 0 1 1 1 1 0 0 0 1 1 0 1 1 1 0 0 0 0 1 1 1 1 0 0 0 0 0 1 0 1 1 1 1 0 
0 0 0 0 0 0 0 1 1 1 0 0 0 0 0 1 0 0 0 0 0 0 1 0 1 1 0 0 0 1 0 0 1 1 1 1 1 1 0 0 0 1 0 0 1 1 1 1 1 1 0 1 0 1 0 1 0 0 0 1 1 0 
1 0 1 0 1 0 1 0 1 0 1 1 0 0 0 0 0 1 1 0 1 1 1 1 1 1 1 1 0 0 1 0 0 1 0 1 1 0 1 0 0 0 0 0 1 0 0 1 0 0 1 1 1 0 0 0 1 1 1 0 1 1 
0 1 0 0 0 1 0 0 0 0 0 0 1 1 0 1 0 0 1 1 1 1 1 1 1 1 0 1 1 1 0 1 0 0 1 1 1 0 1 1 0 1 1 1 1 0 1 1 0 0 1 0 1 0 1 1 1 0 0 0 1 0 
1 0 0 1 1 1 1 0 1 1 1 0 1 0 0 0 0 1 0 1 1 0 1 0 1 1 0 1 1 0 1 1 0 1 0 1 0 1 1 1 0 0 0 1 1 0 1 1 1 0 0 0 0 1 1 1 0 1 0 0 1 1 
1 1 0 1 0 0 0 1 0 0 0 0 0 1 0 1 0 0 1 0 0 1 1 1 0 0 1 0 0 0 1 1 0 1 0 0 0 0 0 0 0 0 0 0 1 0 0 1 0 1 1 1 1 0 0 1 0 1 0 0 0 1 
1 0 1 1 0 1 1 0 1 0 0 1 0 1 1 0 0 0 0 1 1 1 0 1 0 0 1 0 1 1 0 0 1 1 0 1 0 1 0 1 1 0 0 0 0 1 0 0 1 0 0 0 1 0 0 0 0 1 0 1 0 0 
0 1 1 0 0 1 1 0 0 1 1 0 1 1 0 1 1 1 0 1 0 1 1 0 1 0 1 0 1 1 0 1 0 0 1 0 1 1 1 0 0 0 0 1 1 0 0 0 0 0 0 0 0 1 0 1 1 1 1 1 0 0 
0 0 0 0 0 1 1 1 1 1 1 0 0 0 0 0 1 0 1 1 0 1 0 0 0 0 1 0 1 1 0 1 1 0 1 0 1 0 1 1 1 1 1 1 1 1 0 0 0 1 1 0 0 0 1 0 0 0 0 1 0 0 
0 1 0 0 1 0 0 1 1 0 0 0 1 1 1 1 0 1 0 1 0 0 1 1 1 1 1 1 0 1 0 1 1 0 1 0 0 1 1 1 1 1 1 1 1 1 0 1 0 1 0 0 1 0 1 0 1 1 0 0 0 0 
1 1 0 0 0 1 1 1 0 1 1 0 0 0 1 0 1 1 1 1 0 1 1 1 1 1 0 1 1 1 1 0 0 0 0 0 1 1 0 1 0 1 1 0 1 0 1 0 0 0 1 0 1 1 1 1 0 0 0 1 1 0 
1 1 0 1 0 1 0 0 0 1 1 0 1 0 0 0 0 0 1 1 0 0 0 0 1 0 0 0 1 1 0 0 0 0 1 0 1 0 0 1 1 1 1 0 1 0 1 1 0 0 1 1 0 1 1 0 0 1 0 1 0 0 
0 0 0 1 1 1 1 1 0 0 1 0 1 0 0 0 0 0 0 1 1 0 0 0 0 0 1 0 0 1 0 0 0 0 1 1 1 1 0 0 1 1 0 0 0 0 0 0 0 0 1 0 1 1 0 1 0 0 0 0 1 0 
0 1 1 1 0 0 0 1 0 0 0 0 0 0 0 1 0 1 1 1 1 0 1 1 0 1 1 0 1 1 0 1 0 1 0 1 0 1 0 0 1 0 1 1 1 1 0 1 0 0 1 1 0 0 1 0 1 0 0 0 1 1 
1 0 0 1 1 0 0 1 1 1 1 0 1 0 1 1 0 0 1 1 1 0 1 0 0 0 1 1 0 0 0 1 0 0 0 1 1 1 0 0 0 0 0 1 0 1 1 0 1 0 1 1 0 0 1 1 0 0 0 0 1 0 
1 1 0 0 1 1 1 1 1 1 1 1 1 0 1 0 0 0 0 0 1 1 0 1 0 1 1 0 1 0 0 1 0 0 1 1 0 0 0 1 1 0 1 0 0 0 0 0 0 1 0 0 0 1 1 0 0 0 0 1 1 0 
0 1 0 1 0 0 1 0 0 1 0 1 1 0 1 0 1 1 1 1 1 1 0 0 1 0 1 1 0 0 1 0 1 1 0 1 0 1 1 0 0 0 1 0 0 0 0 1 1 1 1 1 0 1 1 1 0 0 0 0 0 1 
0 1 0 0 0 0 0 0 0 0 0 1 0 0 1 0 0 1 1 1 0 1 0 1 0 0 0 0 0 0 1 1 0 0 1 0 0 1 0 1 0 0 0 0 1 0 1 1 1 0 0 1 0 0 0 0 1 0 1 1 1 0 
0 1 0 0 1 1 1 0 0 1 0 0 0 1 0 1 0 1 1 0 0 1 1 1 0 0 1 1 1 0 1 0 1 0 0 1 1 1 1 1 1 1 1 1 1 0 0 1 1 1 0 0 1 1 1 1 1 0 0 0 1 1 
0 0 1 0 1 0 0 0 1 1 0 1 0 1 1 0 0 0 1 0 0 0 1 1 1 0 0 1 1 1 1 1 1 0 0 1 1 0 1 0 1 1 1 1 0 0 1 1 1 0 1 1 1 1 1 0 1 1 0 0 0 1 
0 1 1 0 0 0 0 0 1 1 1 0 0 0 1 1 1 0 1 0 1 0 1 0 1 1 1 1 1 1 0 1 1 1 1 1 0 1 1 1 0 1 1 0 1 0 1 0 0 1 0 0 1 0 0 0 1 0 1 0 1 1 
0 0 1 1 0 1 1 1 0 1 0 1 0 1 0 1 1 0 0 0 0 0 0 1 0 1 1 0 1 0 1 1 1 0 1 1 1 0 0 1 1 1 1 1 0 1 1 0 1 1 0 0 1 0 1 0 1 0 0 0 0 1 
0 1 0 1 0 1 1 1 1 0 0 0 0 0 1 1 0 0 0 0 0 0 0 1 0 1 1 0 0 0 1 0 1 1 1 0 1 0 1 0 0 1 0 0 1 1 1 0 1 0 0 0 0 1 1 0 0 1 0 0 1 1 
0 0 1 1 0 0 1 1 0 0 0 0 0 0 1 0 0 0 0 0 0 0 1 0 0 0 1 0 0 0 1 1 0 0 0 1 0 0 0 0 0 1 0 0 1 1 0 1 0 0 1 0 0 1 0 0 1 1 0 1 1 0 
0 0 0 1 1 1 1 1 1 1 0 0 1 1 1 0 0 1 0 0 0 1 1 0 1 0 0 0 1 1 0 0 1 0 1 0 1 0 0 1 1 0 1 0 0 0 0 0 0 1 0 0 0 1 0 1 1 0 1 1 0 1 
1 1 0 0 0 1 0 0 0 1 0 1 1 0 0 0 1 0 1 1 0 1 1 0 0 0 1 0 1 1 1 0 0 1 0 0 1 0 0 1 1 1 1 1 1 1 1 0 1 0 0 1 1 1 1 1 1 0 1 1 1 1 
1 0 0 0 0 1 0 1 1 0 0 0 1 1 1 0 0 0 0 0 1 1 1 0 0 0 1 0 1 0 1 1 0 1 1 1 1 1 0 0 1 0 0 0 1 1 0 1 1 0 1 0 1 0 0 0 1 1 0 0 0 1 
1 0 0 0 1 1 0 1 1 1 1 1 0 1 0 0 0 1 1 0 1 0 0 0 0 1 1 0 0 1 1 1 0 0 0 1 1 0 1 1 1 0 0 1 1 1 0 0 0 1 0 0 1 0 0 0 0 1 0 0 1 0 
1 1 0 1 0 1 1 1 0 1 0 1 0 1 0 0 1 0 1 1 0 1 0 0 1 0 0 1 0 1 1 1 0 1 1 0 1 0 0 1 1 0 0 0 1 0 0 1 1 0 0 1 1 0 0 0 0 0 1 0 1 1 
0 1 0 1 1 1 1 1 1 1 1 1 1 1 0 1 0 1 1 0 0 0 1 0 0 1 0 0 0 1 1 0 0 1 1 0 1 0 1 0 1 1 1 0 0 1 0 0 0 1 0 1 0 1 1 0 1 0 0 1 1 1 
1 0 1 0 0 0 0 1 0 0 0 1 0 0 1 0 0 1 0 1 0 0 0 0 0 1 0 1 0 1 0 1 1 1 1 1 1 0 1 1 0 1 1 0 0 0 1 0 1 1 1 0 1 0 0 1 1 0 0 0 1 1 
1 1 0 1 0 0 1 1 1 1 1 0 1 1 0 0 1 0 1 1 0 0 1 0 0 0 0 0 0 1 1 0 0 0 1 1 0 0 0 1 1 1 0 0 0 0 1 0 0 0 1 0 1 0 0 1 0 0 1 1 0 1 
1 0 1 0 1 1 0 0 0 1 1 0 1 0 1 0 0 1 1 1 0 0 1 0 1 1 1 0 0 1 1 1 1 0 1 1 1 1 1 0 0 0 0 0 0 1 0 0 1 1 1 1 1 0 1 0 0 0 1 0 1 0 
0 1 1 1 0 0 1 1 0 1 1 1 1 0 0 0 0 1 1 0 0 1 0 0 1 0 0 0 1 0 1 1 1 0 0 1 0 1 0 1 1 1 0 0 1 0 0 0 0 0 0 0 1 0 0 0 1 1 1 0 1 0 
1 0 0 1 1 0 1 1 1 0 0 1 0 0 0 1 0 0 1 0 0 0 0 1 0 1 0 1 1 1 1 0 1 1 0 0 0 1 1 1 1 1 1 1 1 1 0 1 1 1 1 1 1 0 0 0 1 0 1 1 1 1 
1 0 0 1 0 0 0 1 0 1 1 1 1 0 0 1 0 1 1 1 0 0 1 1 0 1 1 0 0 1 1 1 1 1 1 0 0 1 1 0 1 0 1 0 1 1 1 1 0 0 0 0 1 0 1 1 1 1 1 1 0 0 
0 1 0 1 1 0 1 1 0 0 1 1 0 0 0 1 1 0 0 0 0 1 0 0 0 1 1 0 0 1 0 0 0 0 0 0 0 1 1 0 1 0 1 1 1 1 0 0 1 0 0 0 1 0 0 0 1 1 0 1 0 0 
0 0 1 0 0 1 1 1 0 0 0 1 1 1 1 1 1 0 0 0 0 1 0 0 1 0 1 1 1 1 0 1 0 1 1 0 0 0 0 0 0 0 0 1 1 1 1 0 1 1 0 0 0 1 0 0 1 0 1 0 1 1 
0 1 0 1 0 1 0 0 1 0 0 1 0 1 0 1 1 0 0 0 0 0 1 0 0 0 0 0 0 0 1 0 1 0 0 1 1 0 1 0 0 1 0 0 0 0 1 0 0 1 0 0 0 1 1 0 1 1 0 1 1 0 
0 1 0 0 0 1 0 0 1 0 1 1 1 0 0 0 0 0 0 0 1 0 1 0 0 0 1 1 1 1 1 1 0 1 1 0 0 1 0 1 0 0 1 1 0 1 1 0 1 1 0 0 1 1 0 0 1 0 1 0 1 0 
0 1 1 1 1 1 1 0 0 1 0 1 0 0 0 1 0 0 1 0 0 0 1 1 0 0 1 1 0 0 1 0 1 0 0 0 1 1 0 0 0 0 1 0 0 0 1 0 0 0 0 0 1 1 1 1 1 0 1 0 0 0 
0 1 1 0 0 0 1 0 0 1 1 0 1 1 0 1 0 0 1 0 0 0 0 0 0 1 0 1 1 1 1 0 0 0 0 0 1 0 1 1 1 0 1 1 1 1 0 1 1 1 0 0 0 0 0 0 1 0 1 1 1 0 
1 0 1 1 0 0 1 1 1 1 1 1 0 1 0 0 0 0 1 0 0 1 0 0 1 0 0 0 1 0 1 0 0 0 1 0 0 1 0 1 0 1 0 0 0 1 0 1 1 1 1 1 1 0 1 0 0 1 1 1 1 0 
1 1 0 0 0 0 1 0 1 1 1 0 1 0 1 1 1 0 1 0 1 0 0 0 0 0 1 1 1 1 1 0 0 1 1 0 1 0 0 1 0 0 1 1 0 0 1 1 0 0 1 1 0 0 1 0 0 0 0 0 1 1 
0 0 1 1 0 0 0 1 1 0 1 0 1 1 0 0 0 0 0 1 1 0 1 0 1 0 1 1 0 0 0 0 0 1 0 1 0 0 0 1 0 1 0 1 0 0 0 0 1 0 1 0 1 1 1 0 1 0 1 1 0 1 
1 1 1 1 0 1 1 0 0 1 1 0 1 1 1 1 1 0 1 0 0 0 1 1 0 0 1 1 1 0 1 1 1 0 0 1 1 0 1 1 1 0 0 0 1 1 1 0 1 1 0 1 1 0 1 0 0 0 1 0 0 0 
1 1 0 1 0 1 1 1 1 1 1 1 1 0 0 1 0 1 0 1 0 1 1 1 1 1 0 1 1 0 1 0 0 0 0 0 1 1 0 0 0 1 1 0 0 1 1 0 0 1 1 1 0 0 0 0 0 0 1 1 1 0 
