61 70 2280
22 81 17 49 77 28 35 42 28 67 41 27 44 20 28 82 70 15 48 49 81 48 90 31 44 88 32 11 21 19 92 42 51 8 43 27 36 29 20 15 48 61 93 91 80 20 24 50 34 72 50 66 71 40 96 15 27 79 25 99 97 17 41 47 76 35 74 63 15 93 
77 62 5 21 4 37 40 28 38 26 51 87 91 21 26 87 87 53 65 64 51 14 80 43 60 7 29 85 70 44 78 98 5 34 19 9 70 10 88 7 35 38 94 26 10 71 64 97 75 80 60 26 93 91 20 5 97 49 89 18 44 18 16 48 52 86 8 21 95 95 
28 82 84 73 7 94 43 22 42 18 1 53 95 46 95 14 50 43 14 90 13 57 8 28 57 59 65 64 79 59 11 58 40 94 30 98 39 25 19 32 42 72 36 36 17 30 1 18 25 67 7 37 75 14 16 31 24 80 47 3 90 57 12 82 2 42 79 93 66 50 
76 59 73 12 46 41 93 98 58 69 64 16 5 91 82 20 73 5 51 19 59 93 27 71 74 81 64 4 73 29 5 48 39 77 11 84 17 4 81 74 72 45 42 29 87 23 100 59 79 51 78 38 43 56 60 68 36 23 71 60 3 28 60 41 4 70 24 21 25 56 
46 97 100 39 77 38 61 76 97 92 78 74 81 72 81 40 39 69 62 62 28 16 89 39 56 44 9 31 64 85 86 62 33 38 100 9 75 13 85 71 4 62 96 84 86 29 75 24 97 88 37 24 3 77 63 10 21 23 92 84 7 77 97 40 66 97 100 93 61 84 
15 16 98 11 51 83 39 25 58 87 12 47 62 66 23 76 75 43 98 66 79 57 94 75 48 12 23 47 4 83 83 18 50 80 80 100 14 70 24 23 56 87 69 18 52 44 93 78 86 43 43 64 99 89 91 98 100 65 44 3 100 26 72 49 57 52 49 70 21 24 
45 77 11 65 94 14 8 38 92 46 80 86 61 30 74 51 27 25 16 71 79 15 48 51 15 5 2 63 26 74 39 70 50 49 87 95 62 94 85 5 39 64 91 100 94 16 2 72 41 17 94 71 83 42 21 98 46 74 12 23 48 50 45 49 50 31 96 12 76 80 
68 15 95 58 66 88 74 67 12 66 36 5 36 70 46 9 19 43 34 31 18 33 80 62 34 30 44 29 93 19 60 60 85 54 70 50 94 43 69 5 60 56 9 47 77 7 55 96 1 41 26 18 73 57 79 58 38 22 86 82 93 45 94 77 99 63 79 44 57 99 
48 68 6 8 14 82 14 21 77 15 61 54 32 85 63 63 43 52 36 80 34 28 77 79 57 27 41 35 70 49 33 17 16 38 24 29 71 90 1 48 56 61 53 39 98 67 1 92 19 89 71 4 68 99 82 24 25 22 58 46 22 42 14 37 31 90 17 2 79 18 
1 34 30 53 72 79 72 25 70 90 13 93 93 80 91 74 56 68 47 13 13 68 7 27 56 37 16 24 38 46 41 38 79 23 43 2 1 14 26 71 55 90 15 47 22 57 72 77 24 70 41 89 37 47 67 44 84 34 67 21 79 60 11 9 82 53 62 34 18 40 
56 72 29 70 70 2 27 41 78 2 10 19 42 98 65 8 93 100 93 59 21 23 70 83 31 51 87 45 85 4 84 92 27 64 62 48 66 40 40 43 41 1 13 35 98 30 42 42 29 87 100 1 9 22 83 92 72 69 36 8 24 19 100 2 82 13 49 47 52 88 
42 44 88 54 30 37 83 24 78 12 10 30 12 18 51 47 9 74 15 44 34 91 14 33 92 96 97 93 94 100 80 87 95 20 93 25 56 75 48 86 38 57 15 2 74 17 100 35 90 66 78 23 56 44 7 100 39 55 92 84 54 23 71 49 42 15 25 50 89 72 
35 79 80 1 32 53 69 31 39 58 96 69 33 4 12 91 3 2 46 46 85 99 68 7 99 62 21 23 11 62 46 97 92 25 49 75 30 17 57 68 26 4 36 10 7 47 1 61 48 46 6 85 96 26 43 95 87 16 17 49 29 15 97 20 39 97 46 68 13 2 
88 90 5 23 100 12 22 100 24 21 97 30 5 92 7 100 86 93 15 55 93 43 69 41 14 59 37 59 27 1 12 14 90 68 88 89 31 61 40 55 82 36 36 86 28 42 37 65 86 51 71 78 45 39 70 58 50 6 68 76 6 31 41 47 99 80 36 29 41 27 
83 22 15 18 59 94 11 96 10 96 98 81 25 43 71 94 52 20 99 72 47 56 2 87 3 52 19 90 81 59 16 15 32 82 85 42 75 95 37 85 91 87 65 67 29 87 61 32 7 59 3 53 15 57 92 17 8 10 58 40 20 73 7 3 55 91 44 81 37 33 
65 79 19 81 46 99 20 58 30 26 16 33 78 82 89 21 50 48 82 7 40 53 32 46 55 38 88 51 18 76 83 35 55 53 67 52 51 86 9 80 11 76 12 41 10 52 13 11 52 95 18 91 99 1 36 54 38 75 4 55 50 38 41 56 90 60 59 40 45 19 
71 8 95 83 100 56 86 12 66 37 58 83 79 57 83 66 62 72 40 17 79 42 6 19 97 95 78 56 86 75 26 56 34 20 90 33 75 28 96 41 16 6 75 95 14 10 60 75 81 100 43 59 41 48 30 89 94 59 96 31 33 22 86 66 93 28 50 20 7 98 
60 22 55 86 16 68 95 76 94 76 27 88 86 19 35 15 59 28 74 55 58 58 28 95 76 20 74 77 91 80 74 50 2 80 88 69 99 82 44 92 9 22 31 47 40 65 61 99 44 86 5 53 44 32 100 19 3 25 95 94 5 21 95 58 100 34 26 99 68 70 
42 28 43 73 74 83 89 87 33 33 72 37 37 67 20 36 85 22 61 32 67 17 4 14 26 3 47 51 53 14 72 47 42 15 19 67 97 7 53 29 91 77 17 80 43 36 67 80 9 79 11 28 95 14 41 20 68 39 23 21 5 94 67 98 8 37 64 56 95 69 
36 38 45 4 17 87 39 83 66 100 62 28 27 56 93 19 28 61 9 50 33 13 43 51 62 3 39 78 10 33 46 98 70 90 1 86 28 40 69 46 91 82 25 17 89 18 87 16 30 95 17 62 8 12 64 69 14 2 46 75 86 43 72 56 84 73 93 64 64 13 
9 6 94 33 22 83 50 8 50 31 2 67 92 61 78 7 82 43 8 79 17 94 22 41 1 57 65 93 20 80 6 80 85 51 13 6 33 14 65 35 45 18 1 88 79 78 95 12 20 54 90 88 47 63 28 99 72 44 92 91 23 49 23 7 99 35 64 84 100 28 
70 96 98 70 36 28 47 82 39 18 35 80 57 34 95 37 32 66 80 23 8 3 23 30 9 74 16 25 57 68 4 78 15 1 47 50 28 45 31 18 14 66 98 70 99 44 6 30 61 86 5 68 88 27 50 48 100 65 24 8 84 28 85 99 28 31 48 8 27 31 
25 40 96 74 10 46 17 67 27 77 52 31 97 91 10 46 91 61 62 14 69 46 41 5 44 21 88 43 28 14 73 4 54 20 78 15 17 46 81 44 75 85 26 23 75 35 68 65 96 81 79 16 26 19 20 21 39 7 64 18 73 88 22 26 8 51 92 24 48 24 
19 22 8 97 44 83 83 63 47 78 44 77 45 21 48 17 42 86 75 57 56 47 44 29 24 3 79 15 79 26 39 97 100 46 93 95 80 76 10 79 5 53 55 2 73 2 18 66 40 92 22 95 39 66 75 14 20 53 29 98 30 19 47 81 16 39 28 96 66 37 
74 23 41 80 76 65 82 93 31 73 36 4 19 26 21 93 40 41 97 20 38 78 38 84 59 5 75 38 100 92 74 25 66 14 57 41 30 90 85 60 62 21 16 32 46 36 24 37 76 72 56 66 49 93 1 59 98 27 96 49 71 21 26 88 34 82 29 16 71 13 
27 84 85 42 15 83 78 90 19 5 61 75 22 61 19 75 20 68 53 15 17 23 36 94 11 21 27 91 36 97 55 15 32 40 56 98 74 85 87 92 42 99 66 63 59 85 89 78 52 42 45 20 64 32 13 26 52 39 68 40 87 23 6 70 14 61 67 87 46 5 
78 39 3 96 1 14 80 42 91 83 83 87 3 98 18 67 76 22 58 43 13 96 65 18 66 30 30 84 16 27 89 46 65 43 41 18 56 72 59 99 54 41 85 8 38 55 27 13 76 36 8 88 31 24 57 48 54 86 32 21 13 72 66 77 14 6 94 70 29 52 
68 35 44 4 42 34 58 20 98 33 55 5 72 38 29 80 85 82 66 68 2 30 39 20 6 5 77 52 26 6 55 45 40 99 48 33 84 6 53 81 90 59 38 14 48 66 93 33 99 10 52 52 39 43 71 45 99 100 48 24 5 2 68 44 52 15 28 87 72 32 
68 62 91 57 27 38 22 19 22 72 29 26 23 19 68 46 15 66 45 62 41 49 16 8 44 19 22 23 6 46 55 25 7 45 81 85 34 54 3 8 25 83 33 47 2 52 44 16 69 88 30 9 88 45 16 83 63 89 6 20 34 60 44 92 56 76 76 41 29 31 
48 53 65 32 52 18 83 95 34 3 35 15 11 74 59 78 9 73 19 14 93 4 25 88 48 32 64 75 24 92 57 72 45 22 3 96 39 38 42 24 40 76 38 3 2 48 32 10 21 2 75 65 6 51 52 5 82 15 79 57 59 36 28 3 9 83 50 47 72 43 
23 63 71 60 65 72 8 49 81 80 50 7 44 55 57 95 59 90 62 90 46 72 77 74 26 85 8 75 83 31 69 5 93 39 65 58 10 24 6 42 3 7 48 46 62 4 92 72 45 5 13 91 76 89 16 1 73 23 27 8 53 96 12 97 34 76 6 96 99 11 
37 53 70 37 98 31 92 42 54 37 46 67 27 74 7 42 74 32 16 53 39 20 48 50 16 81 78 22 28 28 84 65 81 53 1 30 35 92 71 89 28 69 7 6 42 13 47 67 96 62 19 34 81 66 36 49 99 13 70 78 40 53 42 72 6 94 2 40 38 24 
80 17 92 86 23 85 51 69 4 46 83 22 32 15 40 67 63 90 79 32 67 70 37 61 42 42 54 95 33 43 18 13 60 62 50 82 98 52 2 1 50 36 75 33 51 14 99 13 55 29 97 21 50 33 33 91 26 39 37 58 81 55 22 40 68 24 73 65 27 27 
66 76 62 40 60 64 5 58 29 59 38 25 31 88 9 16 30 34 54 67 43 34 73 65 26 40 40 98 56 66 76 21 94 38 12 53 1 68 63 29 78 100 5 61 87 13 76 69 46 29 35 89 14 7 5 39 46 96 89 1 13 64 74 58 53 37 63 54 57 25 
34 34 76 39 94 15 3 21 83 49 49 17 89 15 75 45 53 20 92 93 72 4 57 97 14 9 34 76 14 90 52 100 75 79 90 69 93 92 41 27 92 42 95 80 56 69 76 60 40 19 53 12 75 9 8 88 69 93 63 35 82 66 34 9 44 23 29 37 66 69 
15 58 10 10 89 65 78 65 25 18 35 77 81 9 37 40 96 57 33 10 43 66 75 28 74 19 2 2 7 68 71 21 25 32 30 13 49 60 29 73 29 64 1 61 24 89 100 20 97 32 81 40 98 56 67 23 26 69 77 32 36 47 4 12 30 86 24 78 45 5 
50 25 20 2 85 43 42 84 14 39 68 95 78 65 50 96 39 27 64 15 58 51 13 61 14 43 46 38 20 42 94 22 18 13 75 2 55 17 38 21 55 5 15 84 21 16 79 59 42 95 74 99 97 38 11 11 80 9 100 52 2 93 25 20 57 51 73 63 67 10 
83 73 14 97 56 34 12 87 45 53 81 18 3 77 7 66 87 87 74 38 90 75 30 66 46 86 16 19 1 83 28 83 7 94 32 63 27 43 49 71 48 81 40 2 57 47 67 96 85 40 33 74 67 15 39 64 52 6 82 52 88 62 87 95 55 18 9 33 12 9 
4 59 89 95 61 97 41 79 92 77 19 77 2 37 43 92 100 94 98 34 46 85 95 32 31 1 1 39 33 12 99 88 71 87 83 83 84 75 61 27 52 31 55 5 19 97 97 71 91 94 4 88 30 50 71 61 50 71 51 34 82 50 22 4 88 56 38 23 82 51 
50 85 81 56 90 52 53 86 22 95 31 77 82 60 26 4 72 27 26 75 12 59 76 85 15 63 40 52 86 22 2 87 6 35 42 47 86 94 32 59 40 62 35 21 74 12 76 45 38 1 19 1 60 94 86 74 9 77 77 46 98 31 32 56 65 25 2 2 71 86 
60 10 47 94 83 20 57 58 17 46 59 35 46 70 81 31 95 41 8 71 86 57 1 69 64 17 93 66 18 15 51 29 25 49 74 7 21 30 16 37 75 26 71 73 95 3 55 41 95 14 64 80 71 16 100 34 33 45 51 2 59 53 83 35 2 56 41 22 38 57 
10 64 34 32 88 29 35 43 69 29 56 84 61 78 100 60 64 32 56 14 85 15 19 67 1 72 75 94 45 64 2 54 27 35 85 15 63 71 9 84 100 64 67 12 94 66 23 57 49 79 22 86 45 40 52 45 63 78 38 7 41 39 60 20 74 45 86 88 15 94 
23 66 9 42 77 2 59 52 10 8 30 32 45 26 23 96 22 86 26 60 92 66 50 4 37 75 100 22 15 14 67 37 32 76 78 60 77 37 11 39 96 92 70 92 17 92 39 91 29 64 50 21 82 51 76 18 78 75 92 92 40 58 28 71 33 58 83 62 46 45 
100 93 37 21 84 5 64 22 95 93 38 96 65 19 99 40 88 76 14 79 67 53 37 46 76 21 55 58 82 52 2 33 96 90 53 79 95 17 53 41 61 90 37 25 60 35 64 47 62 29 26 28 81 14 25 56 34 32 65 68 83 67 52 79 8 5 9 2 73 13 
43 85 54 31 9 13 17 24 60 78 52 37 57 32 50 33 40 83 64 56 2 99 74 54 29 82 10 37 83 34 50 77 18 3 59 26 68 75 49 27 4 100 63 12 83 64 45 74 46 60 30 48 58 3 53 86 84 62 23 19 95 24 47 12 78 6 89 45 32 37 
23 88 88 37 99 22 100 43 96 98 3 77 97 12 79 49 98 15 10 72 85 56 47 31 67 76 88 55 73 72 43 95 59 82 84 57 3 35 52 50 32 6 78 80 17 9 80 66 23 89 89 59 44 35 89 62 11 29 16 83 100 10 29 58 91 12 66 46 47 17 
95 30 22 73 62 91 81 41 56 55 82 45 13 77 31 53 39 93 81 6 27 80 16 56 89 58 19 55 3 17 23 50 99 97 74 60 87 6 100 94 60 81 90 24 58 73 28 48 65 9 53 92 40 20 99 81 30 17 35 32 86 9 33 84 5 6 43 43 11 94 
37 22 27 78 97 36 50 25 83 15 33 87 58 24 7 56 4 88 72 90 19 9 99 52 92 55 9 86 98 20 32 86 93 58 15 90 93 65 14 75 31 98 13 88 21 71 95 77 58 18 18 77 27 16 80 70 23 88 8 20 59 39 57 52 96 71 41 40 87 54 
66 17 51 78 56 23 49 50 99 58 68 17 86 46 84 65 15 6 5 22 77 63 12 33 14 59 56 6 98 42 59 15 59 61 93 66 84 93 68 34 50 87 50 88 32 86 52 98 91 8 20 20 71 31 52 36 42 7 42 39 1 52 54 11 13 98 76 48 42 95 
81 43 81 31 30 12 68 82 10 58 41 81 29 11 63 33 99 4 39 92 95 91 43 100 1 7 97 77 54 38 71 35 80 4 17 62 15 84 43 76 93 35 8 22 46 23 54 96 26 44 87 72 35 81 71 87 88 67 63 41 56 86 27 88 89 43 49 55 78 43 
83 23 77 42 44 74 64 49 21 42 44 7 13 30 40 84 17 27 2 31 19 10 16 98 49 56 40 97 63 70 91 97 92 19 38 87 93 54 35 65 47 30 72 59 60 11 94 76 89 48 58 59 57 26 56 5 81 48 53 95 17 95 43 8 13 33 94 57 86 80 
22 84 9 45 42 20 7 88 47 95 87 5 53 95 30 61 51 62 8 3 9 24 97 51 83 61 83 76 18 20 7 39 3 67 83 97 87 89 36 33 35 22 37 39 16 18 99 66 80 6 20 40 81 68 90 63 28 25 90 45 96 96 35 51 63 69 47 49 9 34 
33 43 55 22 34 70 39 32 87 70 90 6 9 70 73 51 33 100 27 22 97 22 18 31 72 32 100 70 80 8 3 64 3 9 85 36 78 24 19 16 45 8 21 6 78 45 56 10 97 82 83 93 55 100 75 79 31 26 48 62 86 3 26 40 11 62 75 41 37 93 
56 82 53 29 87 30 25 94 91 21 27 73 65 81 25 92 59 7 17 59 21 54 61 98 93 23 59 67 63 96 12 71 77 16 51 15 45 75 8 35 48 34 59 12 66 83 3 25 90 72 35 10 25 47 7 18 69 17 36 84 12 99 54 40 14 4 54 58 30 13 
44 77 46 55 41 12 37 43 88 78 66 22 87 91 20 45 60 88 62 95 23 25 94 76 65 59 31 70 69 61 35 12 89 80 18 29 43 55 24 82 32 89 55 71 79 74 67 90 14 80 85 36 57 30 12 73 88 94 42 56 6 76 20 95 8 37 23 2 43 46 
84 27 35 38 49 65 64 15 55 77 47 91 12 3 20 75 75 59 69 68 67 74 44 38 68 3 26 43 4 69 88 39 47 74 29 95 39 92 9 45 68 55 35 79 9 6 6 83 64 74 51 30 99 46 19 19 48 45 61 3 65 48 94 11 22 22 5 12 13 65 
56 80 72 90 10 80 95 15 63 10 40 65 92 39 10 10 57 9 6 17 63 70 16 56 32 37 77 88 100 89 5 55 20 76 44 30 7 90 96 21 100 36 85 91 26 46 100 34 54 6 2 69 27 17 24 11 6 1 98 5 41 2 12 61 29 55 42 88 97 89 
8 96 24 45 86 1 90 37 34 96 94 87 16 73 4 39 83 61 91 32 17 84 86 28 44 14 35 37 53 31 25 61 26 1 57 63 53 46 51 87 93 97 25 8 69 80 99 3 40 89 34 9 72 71 36 67 37 70 55 89 52 80 49 77 32 5 91 84 3 94 
22 47 90 47 55 10 26 53 64 18 93 97 26 65 20 13 83 56 83 38 44 34 69 45 63 100 49 5 35 3 98 57 50 39 55 56 100 32 60 63 49 52 12 26 68 31 39 3 86 73 40 81 6 8 25 20 59 74 25 45 28 74 1 29 65 7 84 64 39 43 
79 39 47 42 65 14 72 3 16 9 75 7 89 32 66 14 52 76 39 28 21 18 53 73 47 17 80 30 33 18 25 63 8 71 4 72 36 27 26 4 87 52 10 27 84 28 40 87 3 30 66 23 100 18 96 46 87 75 27 71 44 51 33 51 73 88 75 9 14 100 
12 100 52 73 26 87 100 18 25 3 99 90 77 98 59 72 43 45 98 22 67 93 72 99 96 45 86 70 53 51 21 16 2 72 40 80 10 40 49 86 94 47 75 70 97 86 94 91 82 43 12 49 36 84 99 31 80 37 52 84 87 72 51 41 96 90 20 57 29 68 
0 1 1 0 1 1 1 0 0 1 0 1 1 1 0 1 1 1 1 0 0 0 0 0 0 1 0 1 1 0 0 1 0 1 0 1 1 1 1 1 0 1 0 1 1 1 1 0 0 0 1 1 0 1 1 0 0 1 1 1 0 1 1 0 1 1 1 0 0 0 
1 1 1 1 0 0 0 1 1 1 0 0 0 0 1 1 1 1 1 0 0 1 0 1 1 1 0 0 1 1 0 0 0 1 1 0 0 0 0 1 1 0 1 1 0 0 0 1 1 1 0 1 0 0 1 1 1 1 1 0 0 1 0 0 1 1 1 1 1 1 
0 0 1 1 1 1 1 0 1 0 1 1 1 0 1 0 1 0 0 1 0 0 0 0 1 1 1 0 0 1 1 0 1 0 1 1 1 0 1 0 0 0 1 0 0 0 0 0 0 0 1 0 1 1 0 0 1 0 0 1 1 1 0 0 1 1 1 0 0 0 
1 0 1 0 0 1 1 1 1 1 1 0 0 0 0 0 0 1 0 0 0 1 1 0 0 0 0 1 1 0 0 0 0 1 0 1 0 1 0 0 1 1 0 1 0 0 1 0 1 0 1 0 1 0 0 1 1 0 1 0 0 1 0 1 0 0 0 0 0 0 
0 1 1 1 0 1 1 1 0 1 1 1 1 1 1 1 0 0 0 1 0 0 0 0 1 0 1 1 1 1 1 1 0 1 0 0 0 0 1 0 1 1 1 0 0 1 1 0 1 1 0 0 0 0 0 1 1 1 1 0 0 0 1 0 1 0 0 0 0 0 
0 1 1 0 1 1 1 0 1 0 0 1 0 0 0 1 1 1 0 0 1 1 1 0 1 0 0 0 0 0 0 1 1 1 1 0 0 0 1 1 0 1 1 1 1 1 0 0 0 0 1 1 1 0 1 1 0 0 1 1 0 1 0 0 0 1 0 0 1 1 
1 1 0 0 0 1 1 0 0 1 1 1 0 0 1 0 1 1 0 0 0 0 1 0 0 1 1 1 1 0 0 1 0 1 1 0 0 1 1 0 0 0 1 1 0 0 1 0 0 1 0 0 1 0 1 0 1 0 1 1 1 1 0 1 0 1 1 1 0 0 
1 1 0 1 0 1 1 1 1 1 0 1 0 1 1 1 1 1 1 0 0 0 0 0 1 0 1 1 1 0 1 1 1 0 0 1 1 1 0 0 1 0 1 1 1 1 0 1 0 1 1 0 0 1 0 1 0 1 0 1 1 0 0 0 0 0 1 1 0 1 
1 1 1 0 0 1 1 0 0 1 1 1 1 1 1 1 1 1 1 1 0 0 1 1 1 1 1 0 0 1 0 1 0 1 0 0 0 1 0 0 1 0 0 0 1 1 0 0 0 1 0 0 1 1 1 0 1 1 1 1 0 1 1 1 0 1 1 1 0 0 
1 1 0 1 0 1 0 0 0 0 1 0 1 0 1 0 1 0 1 0 0 0 1 1 1 1 0 0 0 0 0 0 0 0 1 0 0 0 0 0 0 1 0 1 1 1 0 0 0 1 0 0 1 1 1 0 1 1 1 1 1 1 1 1 0 1 1 0 1 1 
0 1 0 0 1 0 1 1 0 1 0 1 1 0 0 0 0 1 1 1 1 1 1 0 0 1 1 0 1 0 1 1 0 0 1 1 0 0 0 0 0 0 1 1 0 0 0 1 1 1 0 0 0 1 1 1 0 0 1 1 1 0 0 1 0 1 0 0 0 0 
1 0 0 0 1 1 0 1 0 0 1 0 0 1 0 1 0 0 0 1 0 1 0 0 0 0 0 0 1 0 0 0 0 0 0 1 1 1 1 1 1 0 0 1 1 0 1 0 0 1 1 0 0 1 1 0 0 1 0 1 1 0 1 1 0 1 0 0 0 1 
1 1 1 1 1 1 1 0 1 0 1 0 0 1 0 1 1 0 0 1 1 1 1 0 0 1 1 1 1 0 0 1 1 0 0 0 1 0 0 0 0 1 0 0 0 0 0 1 0 0 0 1 0 1 1 0 1 1 1 0 1 0 1 0 0 0 1 1 0 1 
1 0 1 1 0 1 0 0 1 0 1 1 0 1 1 1 1 0 0 1 0 1 1 0 0 1 0 1 0 0 0 1 0 1 0 0 1 0 1 0 1 0 1 1 1 0 0 0 0 1 1 1 0 0 1 0 1 1 1 1 1 0 0 1 1 1 1 0 1 0 
0 0 0 0 1 1 0 0 0 1 1 1 0 1 0 1 0 1 0 1 1 1 1 1 0 1 0 1 1 0 0 0 0 0 0 0 0 0 0 0 1 1 1 1 0 1 0 0 1 0 0 0 1 1 1 1 0 0 1 0 0 1 0 0 1 0 0 1 0 0 
1 0 1 1 1 0 0 0 0 1 0 0 1 0 0 1 1 0 1 0 0 1 1 0 1 1 0 0 0 1 0 0 1 0 1 0 0 1 0 0 1 1 1 0 1 1 1 0 1 0 1 0 1 0 0 1 1 1 1 0 0 1 0 1 1 1 1 1 0 0 
0 1 1 1 0 0 0 1 0 1 0 1 1 1 0 0 0 1 1 1 1 1 1 1 0 0 0 1 0 1 1 0 0 0 1 0 0 1 0 1 0 0 0 0 1 0 0 0 0 1 1 1 0 0 1 0 1 1 1 1 0 1 1 1 1 0 1 0 1 1 
1 1 1 1 1 1 0 1 1 0 0 0 1 0 1 0 0 0 0 0 1 0 1 0 1 0 0 1 0 1 0 1 0 0 1 0 1 1 1 0 1 0 0 0 0 1 1 1 1 1 1 0 1 0 0 1 0 0 0 1 1 0 0 0 0 1 0 1 0 1 
1 1 1 0 0 0 1 1 1 1 0 0 1 1 0 0 0 0 0 0 1 0 1 0 0 1 1 0 1 0 1 0 1 1 0 1 1 0 0 0 1 0 0 0 0 0 0 0 0 1 1 0 1 0 0 1 1 1 1 0 1 0 1 1 1 1 0 0 1 1 
0 0 1 0 1 1 0 1 0 1 0 1 1 1 1 1 0 0 0 1 1 0 0 0 1 1 1 1 0 1 0 0 1 0 1 0 1 1 0 1 0 0 0 1 0 1 0 0 0 1 0 1 1 0 1 0 1 0 1 1 1 0 0 1 0 1 1 1 0 1 
1 1 0 1 0 0 1 1 0 1 0 0 0 1 0 1 1 0 1 0 1 1 0 1 0 0 0 1 0 1 1 1 0 1 0 0 1 1 1 1 0 1 0 0 0 0 1 1 0 1 0 0 0 0 1 0 1 0 1 1 1 0 0 1 1 0 1 0 0 1 
0 0 0 0 1 1 0 0 0 1 1 0 1 1 1 0 1 0 0 1 1 1 1 1 0 1 1 0 1 1 1 1 0 1 1 1 0 0 1 1 1 1 1 0 0 0 0 0 0 1 1 1 0 0 0 1 1 0 1 1 1 0 0 1 1 0 0 0 0 0 
1 1 1 0 1 1 1 1 1 1 0 0 1 1 1 1 0 0 1 1 1 1 1 0 0 0 0 1 0 0 1 1 1 0 0 0 1 1 1 1 0 0 1 1 1 0 1 1 1 0 0 0 1 1 0 0 1 0 1 0 0 0 1 1 0 1 1 1 0 1 
0 1 1 0 0 0 0 1 1 1 0 1 0 1 0 0 1 1 1 0 1 1 0 1 1 0 0 0 0 1 1 0 0 0 0 0 0 1 0 1 0 0 0 0 1 0 1 1 0 0 1 1 1 0 0 0 0 1 1 0 0 0 1 0 1 1 0 1 0 0 
1 1 0 1 1 0 0 0 1 0 0 0 1 0 0 0 0 1 1 1 1 1 0 0 1 1 0 1 0 0 0 1 1 0 1 1 0 1 1 1 1 0 0 0 0 0 0 0 1 1 0 1 0 0 1 1 1 1 1 1 0 1 1 1 1 0 0 0 1 0 
1 0 0 1 0 0 0 1 0 1 0 0 0 1 0 0 0 1 1 1 1 1 0 0 1 0 0 1 0 1 1 1 1 1 1 1 1 1 0 0 0 1 0 1 0 1 1 0 0 0 0 1 0 0 1 1 0 1 0 0 0 0 0 1 1 1 1 1 0 1 
1 0 0 1 1 0 0 0 1 1 1 1 0 1 1 0 0 0 1 0 0 0 0 0 1 0 1 0 1 1 0 0 0 0 1 1 1 0 0 0 1 1 1 1 0 0 1 0 0 1 0 1 1 1 1 0 1 1 1 0 0 1 0 0 1 1 0 0 1 0 
0 0 1 1 0 1 0 1 1 0 0 1 1 1 0 1 0 1 0 1 1 0 0 1 1 1 1 1 0 0 1 0 1 0 0 1 1 0 0 0 0 1 1 0 0 0 1 0 1 1 1 1 1 1 0 0 1 1 1 1 0 0 1 1 0 1 0 1 1 0 
1 0 1 1 0 0 1 1 0 0 0 0 1 1 1 0 0 0 1 1 1 1 0 1 0 0 0 0 0 0 1 1 0 0 0 0 0 1 1 1 0 1 1 1 0 0 1 0 1 1 0 0 0 0 1 1 0 0 1 0 0 0 0 0 1 0 0 1 0 1 
0 0 0 1 1 0 0 1 1 1 0 1 1 0 1 1 1 1 1 1 0 1 1 0 1 0 0 1 0 0 0 0 0 0 0 0 0 0 1 1 1 1 0 0 1 1 1 1 1 0 0 1 1 1 1 0 0 1 1 0 0 1 0 0 1 0 0 0 0 1 
1 1 0 0 0 0 1 1 1 0 0 1 1 1 0 0 0 0 0 1 0 0 1 1 0 0 1 1 0 0 0 0 1 1 0 1 1 1 1 0 0 1 1 1 0 1 0 0 0 0 0 0 0 1 1 0 1 1 1 0 1 0 0 0 1 0 0 0 1 1 
0 1 0 1 1 0 0 1 1 0 1 1 1 1 0 0 1 1 1 1 1 0 1 1 1 0 1 1 0 1 0 0 0 0 1 1 0 1 0 1 0 1 0 1 0 0 1 0 0 1 1 1 1 0 1 0 0 0 1 0 1 1 0 0 1 1 1 0 0 0 
1 0 1 0 1 0 0 1 0 0 0 1 0 1 1 1 0 1 1 1 1 1 1 1 1 0 0 0 0 0 0 0 1 0 0 0 0 0 1 0 1 1 1 1 1 0 0 1 1 1 0 0 0 1 1 1 0 1 0 0 1 0 0 0 0 0 1 0 1 0 
0 0 0 1 1 1 1 1 0 0 0 0 0 1 0 1 0 0 0 0 0 0 1 1 0 1 1 1 0 0 0 0 0 0 0 1 1 1 0 1 0 1 1 0 0 1 0 0 1 0 1 0 0 0 1 1 1 0 0 1 1 0 0 1 0 0 1 1 1 1 
0 1 0 0 0 0 1 0 1 1 0 0 1 1 0 0 0 1 0 0 1 1 1 1 1 1 1 0 1 0 1 1 0 0 1 0 0 1 0 1 0 0 1 1 1 1 1 1 1 1 0 0 1 1 1 0 0 0 0 1 0 1 1 0 1 0 0 0 1 0 
1 1 1 1 0 0 0 1 0 1 1 0 1 0 1 0 0 1 0 0 1 1 1 0 1 1 0 0 1 0 0 0 1 1 1 0 0 0 1 0 1 0 0 1 0 1 1 0 0 0 0 1 1 0 1 0 1 0 0 0 0 1 0 1 0 0 1 0 0 1 
0 1 1 0 0 0 1 0 0 0 0 1 1 1 1 1 1 0 1 0 0 1 1 0 0 1 0 0 0 0 1 0 0 0 1 0 0 0 0 1 0 0 0 0 1 1 1 1 1 0 1 1 1 0 1 1 1 0 1 1 0 0 0 0 1 1 1 1 1 1 
0 0 0 0 0 1 1 1 0 0 1 1 1 0 1 1 1 1 1 1 0 1 1 0 0 0 1 1 0 1 0 0 1 0 1 1 0 0 0 0 1 1 0 0 1 1 1 0 0 0 1 1 0 1 1 0 1 1 1 1 0 1 0 1 0 1 0 0 1 0 
0 0 1 0 1 0 0 0 0 0 1 0 1 1 1 1 1 0 0 0 0 0 1 0 1 1 1 1 1 0 1 0 1 0 0 0 0 0 0 0 1 1 0 0 0 1 1 1 0 1 1 0 1 1 0 0 0 1 1 0 1 0 0 0 0 0 0 0 1 1 
1 0 0 1 0 1 1 0 0 1 1 0 1 1 1 1 1 1 0 1 1 1 1 1 0 0 0 0 0 1 1 1 1 0 1 1 1 0 1 1 1 1 1 0 0 0 1 1 0 1 0 1 0 0 1 0 0 1 1 0 0 0 0 1 0 1 0 1 1 0 
1 0 1 0 0 1 1 1 0 1 0 1 0 0 1 1 1 1 0 0 1 0 0 1 1 1 0 0 0 1 0 1 1 1 0 1 0 1 0 0 0 0 1 0 1 0 0 0 1 0 0 1 1 0 0 0 1 1 0 0 0 0 1 0 1 1 1 1 0 0 
0 0 0 1 1 1 0 1 1 1 1 1 0 0 0 1 1 1 0 1 1 0 0 1 0 1 0 0 1 1 0 1 1 0 0 0 0 0 1 1 0 1 1 0 1 1 1 0 0 1 0 0 0 0 1 0 1 1 0 0 0 0 1 0 1 0 0 1 0 0 
0 0 1 1 1 0 0 0 1 1 0 1 1 0 1 0 0 0 1 1 1 0 1 0 0 0 0 0 1 1 0 0 1 1 1 0 0 0 1 1 1 1 0 0 1 1 0 1 1 1 0 0 1 0 1 1 0 1 0 0 0 0 0 0 0 1 0 0 1 1 
1 0 0 1 0 1 0 0 1 1 0 1 0 1 1 1 1 0 0 1 0 1 1 0 1 1 1 1 1 1 1 0 1 1 1 0 1 1 0 0 1 0 1 1 0 1 0 1 1 0 0 1 1 1 1 0 1 0 0 0 1 1 1 1 0 0 1 1 0 1 
1 1 0 1 0 0 0 0 1 1 0 1 0 0 0 1 0 1 1 0 0 1 1 1 0 0 1 1 1 1 0 1 0 0 0 0 0 0 0 1 1 1 0 1 1 1 0 1 0 1 0 0 0 1 1 0 1 1 1 1 0 0 0 1 0 0 1 1 0 0 
0 1 1 1 0 0 0 0 1 0 1 1 1 0 1 0 0 0 1 0 1 0 0 1 1 0 1 0 1 1 0 0 0 1 1 0 1 1 0 1 1 0 0 0 0 1 1 0 0 0 0 1 0 0 1 1 1 0 0 0 0 0 0 0 0 1 1 1 0 1 
0 0 1 1 0 1 0 1 0 0 0 0 0 0 1 1 0 0 1 0 0 1 0 1 0 0 0 1 0 1 0 0 1 0 1 1 1 0 1 1 0 1 0 0 1 1 1 1 1 1 1 1 0 0 0 0 0 1 1 0 0 0 1 1 0 0 0 1 0 1 
1 1 0 1 1 0 0 1 1 1 0 1 0 0 1 1 1 1 0 0 0 0 0 1 1 0 1 1 0 0 1 1 1 1 0 0 1 0 1 1 1 1 0 1 0 1 0 1 0 0 1 0 0 0 1 1 0 1 1 0 1 0 1 0 1 1 0 1 1 0 
0 0 1 0 0 1 1 0 0 1 1 0 0 1 0 1 1 0 0 0 1 1 0 0 1 1 0 0 0 1 0 0 0 1 0 0 1 1 0 1 1 1 1 1 1 1 0 0 0 1 0 1 0 0 1 0 1 1 0 0 1 0 0 1 1 1 1 0 0 1 
0 1 1 1 0 0 1 1 0 1 0 0 0 0 0 1 0 1 1 0 1 0 0 0 1 0 1 0 0 1 1 0 1 0 0 1 0 1 0 0 0 0 0 0 1 0 1 1 0 0 0 1 0 0 1 1 0 0 1 1 0 1 1 1 1 1 0 0 0 1 
0 0 1 1 0 0 1 0 0 1 0 0 1 1 0 0 0 1 1 0 0 1 1 1 0 0 1 0 0 1 1 1 0 1 0 0 1 1 0 1 1 1 1 0 0 0 0 0 1 1 0 1 0 1 0 0 0 1 1 0 1 0 1 1 1 1 1 1 1 0 
0 0 1 0 0 1 0 0 1 1 0 0 0 0 1 0 1 1 0 0 0 1 0 1 0 0 1 1 1 0 1 1 0 0 1 0 1 1 0 1 0 0 1 0 1 0 1 0 0 1 0 0 0 0 1 0 0 0 1 1 0 1 1 0 1 0 0 1 0 1 
0 0 1 1 1 0 1 0 0 1 1 0 1 1 1 1 1 1 1 0 1 0 1 0 0 1 0 1 0 0 0 0 1 1 1 0 0 0 0 0 0 1 1 1 0 0 0 1 1 0 1 0 0 1 0 0 0 1 1 0 1 1 0 0 1 1 0 1 1 0 
1 1 1 0 1 1 0 1 0 0 1 0 0 1 1 1 0 1 0 1 1 1 1 1 0 0 0 0 1 1 1 0 1 0 1 0 0 1 1 0 1 1 0 0 0 1 1 0 0 1 0 1 0 1 0 0 1 0 1 0 0 0 0 1 0 1 1 0 1 0 
1 0 1 1 0 0 1 1 0 1 0 0 1 1 1 1 1 0 0 0 0 0 0 1 1 1 0 0 1 1 0 0 0 0 0 0 0 1 0 0 0 0 1 1 1 0 1 1 1 1 1 1 1 0 0 0 1 1 0 0 0 0 1 0 0 1 1 0 0 1 
1 0 1 0 0 1 0 1 0 1 0 1 1 1 1 1 1 0 0 1 1 1 1 0 1 0 1 0 0 1 1 1 1 1 1 1 0 0 0 0 1 0 1 0 1 1 0 0 1 0 1 0 1 1 0 1 1 1 1 1 0 1 1 0 0 0 1 0 0 0 
0 0 0 1 0 0 0 0 0 0 1 0 0 0 1 1 1 0 0 1 1 1 0 0 1 0 1 0 0 1 0 0 1 1 1 0 1 0 0 1 0 1 1 0 0 0 1 1 0 0 0 0 1 0 0 0 0 1 0 0 1 1 0 0 0 0 0 1 0 1 
0 0 0 0 0 0 0 0 0 1 0 0 1 1 1 1 1 1 1 1 0 0 0 0 0 0 0 1 1 0 0 0 0 0 0 1 1 0 1 1 1 1 1 0 0 0 0 1 0 1 0 0 1 1 0 1 1 1 0 1 1 0 1 0 1 1 1 0 1 0 
1 1 1 0 1 1 1 1 0 1 0 0 1 1 1 1 1 1 0 1 0 0 0 1 0 1 0 1 1 1 1 0 0 0 0 0 1 1 1 1 0 0 1 1 1 1 1 0 0 1 0 0 1 0 1 1 1 1 0 0 0 1 0 1 1 0 1 0 0 0 
1 0 0 1 0 0 0 1 0 0 0 0 0 0 0 1 1 1 0 0 1 0 1 1 1 1 0 0 1 0 1 1 0 1 0 0 1 0 1 0 0 0 0 0 0 1 1 1 0 1 1 0 1 1 1 1 0 1 1 1 1 0 0 0 0 0 0 1 0 0 
1 0 0 0 0 0 1 1 1 1 0 1 1 0 0 1 1 0 0 0 1 0 1 0 0 1 0 0 0 1 0 0 1 0 0 0 0 1 1 0 0 0 1 0 0 1 1 1 1 1 1 0 1 0 0 1 1 1 0 0 0 0 0 1 1 0 1 1 1 1 
