47 48 1499
25 54 75 92 88 99 10 10 13 28 100 67 1 46 5 65 88 34 72 35 5 59 47 41 71 64 53 85 8 16 20 33 70 46 76 57 44 37 18 8 64 17 75 16 14 79 80 1 
64 4 88 68 62 86 60 84 49 64 68 9 79 39 93 48 85 20 56 28 57 73 36 72 41 62 88 55 92 19 7 7 22 94 26 35 79 85 18 80 48 38 40 78 76 32 26 60 
51 33 40 59 58 27 31 98 40 18 4 83 88 11 89 62 56 14 96 87 50 66 66 49 3 57 26 30 88 3 42 90 36 81 49 45 59 79 42 98 48 98 32 35 8 20 96 15 
85 44 1 34 61 18 34 63 74 59 44 61 14 85 3 1 65 51 45 75 81 38 72 80 35 3 14 94 74 62 9 58 57 9 43 17 27 76 31 100 87 74 13 52 59 67 52 75 
69 96 2 49 33 73 28 20 28 93 13 53 6 21 63 62 30 57 78 8 85 8 7 23 34 71 74 44 37 25 18 5 72 19 5 56 44 84 75 23 77 88 27 82 8 41 44 89 
98 73 96 82 33 55 4 66 25 29 9 14 53 78 18 24 49 75 79 44 58 6 18 34 93 44 68 52 85 63 93 34 35 40 15 67 94 70 32 71 98 92 84 2 70 53 77 70 
27 7 13 85 12 30 70 56 73 37 60 9 99 52 42 34 91 8 52 37 29 36 7 78 27 90 31 48 94 7 17 21 14 81 5 77 10 74 33 35 63 92 95 61 95 37 46 37 
96 50 73 77 85 31 54 63 72 85 11 66 91 79 86 56 12 42 33 21 67 65 7 29 8 2 42 54 90 39 42 37 88 15 13 72 97 67 35 69 3 97 34 45 27 19 1 38 
60 33 11 78 49 69 59 8 70 100 13 11 38 54 48 78 20 60 1 17 78 87 85 80 83 18 25 62 88 77 51 99 9 61 76 9 30 34 68 51 33 80 62 23 33 61 52 53 
20 52 21 50 39 5 29 73 22 5 86 9 81 37 7 41 49 34 1 78 68 68 81 52 99 94 26 84 54 77 88 25 81 8 74 71 12 55 43 85 59 29 45 92 17 3 32 65 
36 33 43 3 52 75 7 3 68 32 86 21 61 73 97 41 32 23 11 95 77 5 79 87 85 75 78 1 77 62 66 64 94 60 19 97 86 25 99 53 8 84 25 68 8 21 60 91 
43 22 85 71 79 15 58 15 89 87 16 17 48 33 81 93 44 99 90 29 23 88 33 82 24 57 50 83 29 61 74 24 35 10 94 13 25 3 79 65 90 94 82 37 78 62 30 73 
60 71 1 34 10 85 15 85 41 16 68 70 29 93 45 63 2 38 27 78 41 5 43 82 51 24 70 80 37 51 53 96 21 5 81 83 90 47 67 82 63 86 3 43 78 47 5 32 
85 83 9 77 39 3 58 89 26 79 21 62 30 73 9 50 29 41 32 18 88 51 52 2 36 54 44 66 1 100 49 37 82 57 13 72 12 22 61 89 100 33 51 29 5 11 31 85 
52 14 3 91 64 6 92 100 59 35 17 11 86 65 47 67 73 11 38 84 84 50 73 36 34 75 64 38 85 46 23 88 60 77 78 75 34 21 26 92 7 42 3 92 6 1 10 79 
12 48 62 95 49 34 82 83 8 98 72 45 43 46 84 54 74 62 29 7 34 54 51 41 96 5 32 53 5 42 31 68 41 93 15 41 78 96 23 86 93 47 82 36 44 65 41 18 
78 21 76 12 75 78 52 22 82 83 74 87 76 57 6 16 49 20 57 26 16 31 63 8 29 44 95 73 61 88 42 38 8 69 1 34 47 52 7 80 87 33 18 14 89 24 30 37 
43 38 14 10 20 77 70 49 72 16 73 84 3 66 22 11 34 22 44 32 26 3 12 64 35 29 77 23 52 6 59 47 95 72 56 15 100 77 15 24 93 39 7 95 4 80 57 89 
2 53 21 79 55 32 42 89 12 18 11 64 76 21 62 22 44 17 36 44 46 2 67 38 40 25 84 43 5 41 84 58 93 4 36 47 87 29 87 98 98 97 61 73 17 74 95 60 
91 82 55 36 36 73 25 75 98 8 70 54 48 53 11 92 8 98 90 94 26 76 91 23 24 4 48 40 77 94 52 19 27 58 6 62 31 30 89 80 90 10 33 37 62 43 81 21 
40 70 14 17 98 56 39 21 59 38 13 88 31 16 58 58 73 64 71 55 45 59 34 34 68 18 23 81 12 55 1 3 24 66 19 73 22 10 94 32 99 58 71 30 73 29 39 97 
44 61 4 88 20 89 74 39 7 96 72 18 50 72 73 25 90 43 98 11 52 43 94 51 52 65 32 24 45 22 72 88 82 75 75 53 64 48 92 22 95 63 91 96 86 63 21 27 
6 70 37 9 12 83 11 15 99 42 38 43 15 61 30 49 36 4 1 51 4 44 72 50 58 14 46 44 77 66 70 34 87 59 42 50 93 53 64 91 46 53 33 13 13 62 61 100 
17 61 2 72 5 73 22 62 39 67 57 15 84 79 100 70 89 41 19 81 45 82 71 43 34 3 7 98 64 67 98 32 79 99 4 35 24 25 49 62 43 5 28 26 35 27 47 23 
19 65 3 16 98 25 10 83 27 16 80 42 34 29 26 12 28 29 99 3 5 47 64 47 3 43 24 38 21 70 12 39 86 67 6 83 91 67 17 70 82 96 63 67 25 88 79 4 
68 77 6 72 75 21 70 77 63 45 66 83 14 78 73 99 44 31 33 86 97 1 7 31 97 70 97 73 57 75 28 77 3 33 100 77 53 70 6 67 14 71 1 80 48 25 30 43 
55 15 81 52 15 87 82 11 56 30 35 65 57 62 93 59 94 92 88 98 61 93 16 27 15 16 6 15 93 35 9 47 49 89 50 16 28 83 26 83 13 13 99 69 74 91 79 20 
83 18 69 95 62 37 21 77 4 78 91 96 65 99 43 65 40 44 80 67 27 58 1 91 70 100 59 95 42 37 14 76 55 35 71 16 71 43 44 74 21 86 70 85 37 64 49 76 
7 81 42 85 38 94 75 7 45 85 1 87 74 67 14 80 53 84 95 23 79 91 48 99 76 69 35 12 84 35 87 43 15 80 27 52 26 54 10 70 38 11 8 11 29 22 90 81 
57 37 55 35 27 54 33 54 75 19 66 58 54 4 100 68 36 79 20 61 32 29 82 21 91 90 32 71 11 21 3 67 9 9 54 87 63 86 41 37 57 58 46 10 13 98 77 48 
76 48 60 59 77 42 79 19 83 10 90 93 83 92 11 91 1 64 30 15 2 70 3 58 27 48 19 91 45 95 39 72 43 50 30 71 91 9 89 73 70 30 17 4 22 80 47 74 
95 76 88 48 45 90 57 23 89 75 65 86 70 3 57 64 5 87 86 47 47 26 72 68 56 88 72 29 19 18 2 14 93 41 13 89 82 70 63 70 44 27 7 65 82 64 80 86 
2 65 32 100 91 3 67 98 43 38 26 61 7 79 26 99 19 39 39 52 8 53 73 3 80 80 20 13 43 51 50 96 16 81 95 58 36 61 55 78 51 80 90 57 58 68 8 28 
6 46 31 65 51 3 19 82 82 90 94 76 41 43 23 56 75 17 65 62 30 19 91 80 50 81 88 59 48 95 38 5 93 68 21 43 22 91 76 4 81 69 31 21 63 54 28 89 
22 92 51 51 62 41 82 63 73 70 73 72 16 10 76 8 29 48 2 50 39 77 5 19 97 88 39 11 41 18 100 14 9 50 65 22 42 98 36 15 67 8 86 83 69 14 42 97 
61 96 98 51 24 3 69 73 42 59 83 34 76 82 47 36 83 63 9 25 61 44 39 27 51 76 61 19 89 55 67 2 50 17 52 25 71 21 97 12 31 80 45 59 13 91 94 48 
54 3 24 14 98 14 92 49 89 53 19 30 7 38 31 8 54 82 32 24 54 81 35 37 12 79 95 76 21 88 23 74 42 46 39 40 11 31 40 100 83 58 29 41 95 11 48 100 
92 31 23 98 63 57 34 74 87 28 50 8 67 24 33 9 22 72 100 32 2 39 31 36 48 11 76 95 21 75 94 65 57 17 62 20 25 95 93 64 74 94 71 40 18 3 100 39 
26 99 70 27 89 1 62 37 63 89 31 84 15 76 48 72 92 61 43 69 55 35 32 80 81 54 19 98 56 71 36 82 21 57 60 10 9 74 98 72 62 80 7 29 55 54 52 47 
14 94 67 20 80 98 51 60 51 69 9 58 91 44 91 12 53 51 73 61 76 70 32 89 49 90 17 3 43 68 1 8 61 19 79 93 16 29 52 18 50 61 28 40 56 70 3 8 
20 75 21 47 96 4 36 44 94 52 99 88 72 99 96 84 18 26 76 85 55 28 55 4 40 82 95 47 51 98 7 23 24 27 21 20 30 56 63 75 60 13 63 31 64 10 14 33 
35 90 69 89 69 23 44 8 56 39 6 59 88 12 33 11 38 53 82 20 61 97 46 20 9 8 50 72 17 15 4 4 4 73 92 24 47 88 83 3 26 89 13 65 100 45 27 90 
49 9 61 9 5 6 28 13 66 29 37 34 44 92 37 99 16 29 23 63 68 5 17 93 45 29 9 45 25 35 86 73 95 98 82 99 3 9 64 20 38 52 54 33 43 90 31 59 
70 53 73 37 10 89 81 54 69 41 50 93 76 87 65 22 84 46 21 39 7 36 10 44 87 63 76 81 5 58 91 26 63 63 15 72 3 47 77 71 88 79 15 15 17 80 36 1 
77 8 91 83 43 100 78 81 15 5 14 71 63 4 96 25 19 62 48 21 9 76 44 48 54 58 62 71 89 97 23 66 57 65 100 51 64 78 32 30 34 97 100 96 100 48 72 18 
9 71 91 17 47 86 64 100 43 77 22 84 26 44 1 82 8 100 32 24 29 15 5 63 11 5 10 11 52 34 80 12 4 22 29 50 7 44 2 2 73 23 85 98 19 85 79 78 
36 62 53 65 77 58 79 39 14 40 1 65 73 33 28 29 54 56 78 61 52 31 62 24 6 98 21 76 82 51 53 17 64 58 33 92 67 11 31 80 3 31 96 75 63 23 3 69 
0 0 0 1 0 1 0 1 0 0 0 1 0 1 1 1 0 0 1 0 0 1 1 0 1 0 1 0 0 1 0 0 1 0 1 0 1 1 1 1 1 0 0 1 1 1 1 1 
1 0 1 0 1 0 0 0 0 1 0 0 1 0 1 0 0 0 0 1 0 0 0 1 0 0 1 1 0 0 0 1 0 1 1 1 1 0 1 1 1 0 1 0 0 0 1 1 
1 1 0 1 1 1 0 1 1 1 0 1 1 0 1 1 1 0 0 0 0 0 1 0 0 1 0 0 1 1 1 0 1 0 1 0 1 0 0 0 1 0 0 1 1 1 0 0 
1 1 1 0 1 0 0 1 1 0 1 1 0 1 1 1 1 1 1 0 1 1 0 0 0 0 1 1 1 0 1 1 1 0 1 0 1 1 1 0 1 0 1 1 1 1 0 0 
0 0 0 1 1 1 1 1 1 1 0 1 1 0 0 0 0 1 0 1 0 1 0 1 1 1 1 1 0 1 1 0 1 0 1 1 1 1 0 0 0 1 1 1 1 1 1 1 
0 1 1 0 0 1 0 1 0 1 0 1 0 0 1 0 0 1 1 1 0 1 1 0 0 1 1 1 0 0 1 1 1 0 1 1 1 1 0 1 0 1 0 1 1 0 1 1 
1 0 0 1 1 1 1 0 0 0 1 1 0 0 0 1 0 1 0 1 1 0 1 1 1 1 0 0 1 1 1 0 1 1 1 1 1 0 1 1 0 0 0 0 1 0 1 1 
0 1 1 1 0 0 0 1 1 1 0 1 0 1 1 0 1 1 1 0 1 0 1 0 0 0 0 1 0 0 1 0 1 0 1 1 0 0 1 1 1 1 0 1 0 0 1 1 
1 0 1 0 0 1 0 1 1 1 0 1 1 1 0 0 1 1 0 1 1 1 1 0 0 1 0 0 1 1 0 0 0 1 1 0 0 1 1 1 0 0 1 1 1 1 0 1 
0 0 0 0 1 1 0 1 1 0 1 0 0 1 1 0 1 0 0 1 1 0 1 0 0 0 1 1 1 1 0 1 1 1 1 0 0 0 1 1 0 1 0 0 0 1 0 1 
1 1 1 0 1 0 0 1 0 0 0 1 1 1 0 1 0 0 1 0 0 1 0 0 0 0 1 0 1 1 0 0 0 1 0 1 1 1 0 1 1 1 0 0 0 0 1 0 
0 1 0 0 0 0 1 0 0 0 0 1 1 0 1 0 1 0 1 0 1 0 1 0 1 1 0 1 0 0 1 0 1 1 1 1 0 0 1 0 0 1 0 1 0 1 1 1 
1 1 0 0 1 1 0 0 1 1 1 1 1 0 1 0 1 0 1 1 0 0 0 0 1 0 0 1 1 1 1 1 0 1 1 1 0 0 1 1 1 0 0 0 0 0 0 0 
0 1 1 1 1 1 1 0 1 1 0 1 1 1 0 1 0 1 1 0 1 0 0 0 1 0 0 1 0 0 1 1 1 1 0 0 0 1 1 0 1 1 1 0 0 1 1 0 
0 0 0 0 1 0 0 0 1 1 1 1 1 1 0 1 0 0 1 0 0 0 0 1 1 1 1 1 0 0 1 1 1 0 1 0 0 1 0 1 0 1 1 0 0 1 1 0 
0 0 1 0 1 1 1 0 1 0 0 1 0 1 0 1 1 1 1 0 1 1 1 1 1 0 1 1 0 0 0 0 1 1 0 0 0 1 0 1 1 0 1 1 0 1 1 1 
1 0 1 0 0 1 1 1 1 1 0 1 1 0 1 0 1 1 0 0 0 1 1 1 1 0 1 1 0 0 1 1 0 0 1 0 1 0 1 1 1 0 0 1 0 0 1 0 
1 0 0 0 1 1 1 0 0 0 0 0 0 1 1 1 1 0 1 1 0 1 0 0 1 0 1 1 0 0 1 0 0 1 0 1 1 1 0 1 0 0 1 0 1 0 1 0 
0 1 1 0 0 1 0 1 0 1 0 0 0 0 0 0 1 0 0 0 0 0 1 0 0 0 0 1 0 0 1 0 1 1 1 1 0 1 0 0 1 0 1 1 0 1 1 0 
0 1 0 0 1 0 0 1 0 0 0 1 0 0 1 1 1 0 0 1 0 0 0 1 1 1 0 1 0 1 1 0 1 0 0 0 0 0 0 0 1 0 1 1 0 1 1 1 
1 1 1 1 0 1 0 1 0 0 0 0 0 0 1 1 0 1 1 0 0 1 0 1 0 0 0 0 1 1 0 0 1 1 0 1 0 0 0 0 1 0 0 1 0 1 0 0 
1 1 0 1 1 1 0 1 1 0 1 0 0 1 0 1 0 0 0 0 1 0 0 0 0 1 1 1 0 1 1 1 0 0 0 1 1 0 0 0 1 0 0 1 1 0 0 0 
1 0 0 0 0 1 0 0 0 1 1 0 0 1 0 0 1 0 0 0 1 0 0 0 0 0 1 0 0 1 0 1 1 0 1 1 1 1 1 1 0 1 0 0 0 0 1 1 
0 1 1 1 1 1 1 0 1 0 0 1 1 0 1 0 0 0 1 0 0 1 1 0 0 1 1 0 1 0 1 0 1 0 1 0 1 1 0 0 1 0 1 1 0 0 1 1 
1 1 1 1 0 0 1 0 0 0 0 1 0 1 1 1 1 1 0 0 0 0 0 1 1 1 0 1 0 0 0 1 1 1 0 1 0 1 1 0 0 1 1 0 0 1 0 1 
0 0 1 0 0 1 1 1 0 0 1 0 0 1 1 1 1 1 0 1 1 1 1 1 0 0 1 0 1 1 1 1 1 0 1 0 1 1 1 1 1 0 0 1 0 1 0 1 
1 0 0 0 1 1 1 1 1 0 1 1 0 0 0 1 0 0 1 1 1 1 0 0 1 0 1 1 0 1 0 1 1 0 1 0 1 0 1 1 0 0 0 0 0 0 0 0 
0 1 1 1 0 1 1 0 0 0 1 0 1 0 1 0 0 0 0 0 0 1 1 0 1 1 1 1 1 1 1 0 0 0 1 1 0 1 1 0 1 0 0 1 0 1 1 1 
1 0 1 1 1 0 1 1 1 0 0 0 1 0 0 0 0 0 1 0 1 0 0 0 0 0 1 1 1 1 0 0 1 1 1 0 1 1 1 0 1 0 0 1 0 1 1 0 
1 0 1 0 0 1 0 0 0 0 1 1 1 1 0 0 0 1 0 1 0 0 1 0 0 0 1 0 1 0 0 0 0 1 0 0 1 0 0 1 0 0 0 1 1 0 1 0 
0 0 1 0 0 1 0 0 1 1 0 0 1 0 0 1 0 0 1 1 0 0 0 1 0 0 0 1 1 0 1 1 0 1 1 0 0 0 0 1 1 0 1 1 0 1 0 0 
1 0 1 1 0 1 0 0 0 1 1 1 1 1 0 1 0 1 1 0 1 1 1 1 1 0 0 1 1 0 0 0 0 1 1 0 1 0 0 1 1 0 0 0 1 0 1 1 
1 0 1 1 1 0 0 0 0 0 1 1 0 1 1 1 1 0 1 0 0 0 1 1 0 1 1 1 1 0 0 0 0 1 1 1 1 1 1 1 1 1 0 0 0 1 1 1 
1 0 1 0 0 0 1 0 1 1 1 0 1 1 1 0 0 0 1 1 0 1 0 1 0 0 1 0 1 0 0 1 1 1 1 1 0 0 0 1 1 1 0 1 1 1 1 1 
1 0 1 1 1 1 1 1 0 0 0 1 1 0 0 0 1 1 1 1 0 1 1 1 1 1 0 0 0 1 1 1 0 0 1 1 0 0 1 0 0 1 1 1 1 0 1 0 
1 1 0 1 0 1 1 1 0 1 1 0 1 1 1 1 1 0 0 1 0 1 1 1 0 1 0 1 1 0 0 0 1 0 0 1 1 1 1 1 0 0 1 1 1 0 0 1 
1 1 0 1 0 0 0 1 1 1 0 0 1 0 0 0 0 0 1 1 1 0 0 0 1 1 1 0 0 0 1 1 1 0 0 1 0 1 0 1 0 1 1 1 1 1 1 0 
0 0 1 1 1 0 1 0 1 1 0 1 1 0 0 0 0 1 1 0 0 0 1 0 1 0 1 0 1 0 0 1 0 0 1 1 0 0 1 1 1 0 1 0 0 1 0 0 
0 0 0 0 0 1 0 1 1 1 1 0 1 0 0 0 0 1 1 0 1 1 1 1 1 0 1 1 0 0 1 0 0 1 1 0 0 1 1 1 1 0 1 0 0 1 0 0 
0 0 0 0 1 0 1 0 0 0 1 0 0 0 1 0 1 0 0 1 1 1 0 0 0 1 1 0 1 1 1 1 1 1 1 0 1 0 0 0 1 1 0 1 1 1 0 0 
1 0 1 1 0 1 1 0 1 0 0 0 0 1 1 1 1 1 0 0 1 0 0 0 0 1 0 1 0 0 0 0 0 1 1 0 1 0 0 0 1 1 0 1 0 1 0 1 
0 0 0 0 1 0 0 1 1 0 0 0 0 0 0 1 0 1 1 1 1 0 1 0 1 1 1 1 0 0 1 1 0 1 1 1 1 1 0 1 0 1 1 0 1 1 1 1 
0 1 0 1 1 1 0 0 0 1 1 1 1 0 0 0 1 1 1 1 0 0 0 0 1 1 1 0 0 0 0 0 1 0 1 0 0 1 0 0 1 0 1 0 0 1 0 0 
0 0 1 1 0 1 1 1 0 0 1 0 1 1 0 0 0 1 1 0 1 1 0 0 1 0 0 0 1 1 0 0 1 1 1 1 0 0 0 0 1 1 0 0 1 0 0 1 
1 1 1 0 1 1 0 0 1 1 0 1 0 0 1 1 1 0 0 1 0 0 1 1 1 1 1 0 1 0 1 1 1 0 1 0 0 0 1 1 1 1 0 1 0 1 0 1 
1 0 1 0 0 0 1 1 0 1 0 1 1 1 0 0 0 0 1 0 0 0 1 1 1 0 0 1 1 0 1 1 0 0 1 0 0 0 1 0 1 1 0 0 1 0 1 1 
0 0 1 0 0 0 1 1 0 1 1 0 1 0 1 1 0 0 1 0 0 1 1 0 0 1 0 1 1 1 0 0 1 1 0 1 0 0 1 0 1 0 0 1 0 1 0 0 
