62 70 2118
78 55 14 29 50 60 53 67 82 73 19 63 62 53 53 83 37 48 37 39 52 10 6 89 8 56 60 78 61 88 75 38 42 88 18 43 99 22 61 33 94 80 95 8 84 99 90 72 46 78 10 97 87 15 37 94 23 48 23 83 35 98 20 28 37 89 70 88 10 30 
72 56 61 18 63 96 16 4 68 13 81 29 61 20 96 97 65 18 96 88 100 30 37 71 9 73 59 78 12 20 59 35 27 20 52 89 67 67 92 34 79 25 15 39 44 10 87 8 27 82 47 26 63 83 96 71 8 6 48 71 77 59 6 4 78 57 92 96 76 36 
30 54 12 44 45 55 53 31 14 79 65 61 56 27 95 3 50 2 8 49 73 36 7 78 39 36 34 83 32 9 70 13 15 81 8 59 87 60 41 100 90 57 12 97 36 7 99 85 60 58 33 32 93 92 9 32 27 95 66 10 55 35 22 69 15 29 79 1 40 72 
52 81 80 16 29 15 74 79 99 33 36 84 65 81 27 25 64 5 19 29 15 26 63 88 46 77 69 77 29 60 100 32 93 79 47 21 94 20 100 44 53 87 79 69 67 5 93 30 62 64 10 76 89 72 15 86 100 35 62 28 95 61 12 39 92 58 11 85 30 10 
80 82 49 59 50 15 15 94 97 76 57 6 3 97 78 70 83 29 4 96 9 50 9 20 88 100 77 99 84 6 60 63 39 8 73 40 75 40 34 71 15 90 28 70 39 57 39 73 86 94 68 94 44 76 65 83 75 41 81 10 99 93 25 89 100 97 29 26 88 62 
48 3 3 76 24 93 32 62 65 69 55 33 14 50 60 78 33 35 71 65 44 21 57 68 9 9 17 37 86 4 50 34 58 5 9 81 97 92 94 62 13 1 46 26 50 5 56 82 39 26 99 35 46 55 54 54 15 22 43 1 26 92 34 35 48 94 68 45 37 61 
6 49 13 3 27 63 7 82 96 98 59 94 84 56 1 37 61 67 59 3 19 36 47 4 70 94 97 37 90 86 50 47 34 62 49 12 76 56 93 24 5 3 69 88 58 69 24 19 88 34 73 6 69 19 10 91 65 58 27 54 43 28 1 29 42 1 92 17 56 37 
92 12 39 61 99 97 81 75 67 68 8 39 26 77 10 87 67 26 96 45 31 91 25 31 19 66 84 10 34 91 46 26 3 37 86 1 85 66 27 51 86 35 41 11 63 50 97 81 75 92 25 6 82 1 88 52 66 23 14 52 14 11 29 16 99 14 68 83 31 95 
33 16 29 26 78 43 75 26 23 2 18 99 59 51 100 98 55 17 21 20 68 34 30 96 1 29 61 68 63 44 14 48 11 94 73 89 36 99 14 58 100 83 57 10 86 8 60 40 24 80 11 44 65 40 91 17 20 52 84 35 47 98 82 57 91 54 45 79 4 11 
36 56 93 44 65 30 51 24 69 75 55 79 70 71 71 60 87 42 63 23 28 9 72 9 66 14 14 62 92 18 72 80 73 17 23 89 46 74 65 67 100 71 97 69 42 19 80 80 13 43 54 40 51 25 1 68 39 14 30 82 83 53 61 55 21 84 44 67 9 8 
85 60 78 81 80 71 52 59 3 64 1 56 55 4 81 55 71 71 21 52 52 3 5 65 58 25 48 53 43 8 12 79 19 41 12 98 64 63 8 66 78 9 21 32 12 53 87 34 75 7 86 79 61 42 43 18 18 42 22 61 49 33 91 19 26 2 16 89 64 75 
54 41 83 26 25 46 31 63 80 57 69 17 35 81 58 77 99 75 18 72 87 18 5 78 36 30 79 3 70 43 78 23 35 12 100 59 10 82 21 41 39 41 57 73 22 14 2 72 88 19 43 75 89 99 4 76 80 82 79 49 76 8 23 11 19 23 21 28 4 42 
68 94 34 76 67 55 89 68 78 29 38 21 55 78 71 58 54 51 91 32 99 67 39 22 77 9 96 97 89 51 90 56 45 24 84 63 30 72 82 8 52 19 28 58 49 98 67 2 100 58 85 99 24 75 72 52 83 19 48 71 69 90 79 65 13 62 27 94 85 60 
1 89 79 80 46 79 30 13 80 29 70 64 79 45 90 2 96 24 20 95 95 41 84 25 57 48 38 84 42 74 43 94 14 73 74 60 3 3 24 82 83 45 97 14 89 86 15 36 10 87 30 56 27 66 32 83 65 21 18 58 46 13 52 60 37 77 71 40 31 94 
73 13 90 70 26 78 7 93 13 68 79 94 75 5 59 58 39 24 78 9 33 24 21 84 83 9 60 53 48 90 98 21 55 87 42 32 16 100 24 80 20 2 73 46 58 84 4 97 59 33 5 91 8 77 27 42 85 86 46 33 28 43 5 34 81 46 65 96 97 41 
27 16 42 52 14 100 35 17 48 45 1 52 35 9 28 61 50 12 99 96 96 78 38 100 63 71 97 79 18 46 19 45 13 13 96 26 64 82 94 11 26 95 14 12 3 93 25 52 56 75 99 52 52 89 3 66 59 52 44 76 97 15 72 61 27 67 87 90 48 32 
52 25 26 65 37 80 9 61 32 64 35 82 67 38 70 70 3 28 73 98 56 21 12 27 81 38 46 19 79 45 51 30 70 76 46 58 56 54 18 39 18 4 20 36 93 42 5 95 21 29 44 76 49 56 55 30 45 52 100 76 96 50 57 17 78 3 74 85 8 43 
75 77 98 46 13 90 87 69 36 8 98 80 35 46 35 89 27 31 92 27 6 88 28 63 56 5 17 30 89 24 24 63 53 22 9 65 11 47 33 47 54 30 26 41 28 12 29 54 42 73 32 100 60 60 62 67 16 30 96 57 53 20 71 5 93 31 21 3 78 54 
1 83 35 26 23 62 89 4 68 83 76 51 82 87 62 95 53 78 24 49 86 28 20 56 85 12 87 5 66 64 10 67 98 45 44 21 58 33 24 77 15 99 28 48 85 41 94 89 70 17 89 55 96 8 11 80 71 49 85 89 64 94 55 61 90 98 81 100 82 56 
76 48 54 55 95 90 96 88 79 65 56 67 72 52 27 82 31 49 82 67 37 45 13 43 5 54 93 38 53 74 93 81 22 99 35 68 40 82 8 18 99 63 37 70 66 15 3 49 15 84 67 4 80 79 46 36 85 38 73 37 64 18 17 37 16 4 56 55 85 63 
25 83 78 13 4 43 79 6 43 93 41 10 48 20 40 94 56 24 83 80 13 46 97 81 34 64 84 90 71 21 52 47 3 81 11 59 76 41 64 18 33 5 79 33 76 19 26 31 94 60 63 58 6 11 39 39 75 74 80 97 94 32 95 49 12 5 7 39 45 70 
57 29 26 35 61 2 5 38 84 99 98 46 56 55 57 46 45 83 20 25 31 13 8 25 13 71 29 19 10 25 41 66 53 66 52 66 19 57 3 55 7 100 52 14 6 60 60 51 42 31 75 72 95 82 96 8 52 76 26 61 100 66 78 5 84 30 22 54 38 24 
60 96 76 12 9 33 71 20 83 65 50 57 88 45 90 36 52 42 11 29 54 63 47 32 19 30 13 40 35 2 15 95 97 42 58 57 75 28 77 57 44 26 66 32 22 55 67 73 96 77 2 2 91 48 33 9 29 97 100 15 98 15 9 46 56 66 2 82 46 78 
39 89 56 4 20 77 10 86 2 58 15 55 59 57 54 91 66 82 39 65 48 36 31 9 33 39 26 34 20 71 12 10 12 67 65 83 43 75 21 96 32 35 50 90 43 3 32 8 36 22 25 84 57 7 92 41 45 17 74 17 40 85 26 51 3 91 33 98 17 53 
93 48 39 43 89 82 97 72 41 33 93 65 16 1 24 7 41 68 75 14 84 14 99 10 64 53 52 97 50 68 1 43 67 40 37 55 21 33 26 61 65 18 78 32 70 1 38 10 20 65 23 4 78 73 65 94 26 68 42 75 35 42 69 53 81 5 59 53 38 84 
66 54 53 43 86 22 95 75 31 14 39 5 69 69 78 33 62 3 52 3 29 86 44 98 90 77 2 48 81 91 83 46 45 35 88 30 8 34 56 90 48 95 47 16 63 24 1 24 78 52 78 6 90 73 3 79 49 57 79 30 47 61 75 43 48 15 24 7 100 80 
49 47 26 95 15 88 18 67 63 47 18 92 52 59 64 7 90 13 15 68 94 61 80 20 56 27 34 79 86 34 58 34 32 83 28 98 22 97 64 36 43 34 27 46 92 91 52 33 55 66 100 48 79 32 67 34 58 53 64 43 38 22 76 69 56 55 67 30 51 82 
65 93 15 44 39 7 34 42 91 88 8 91 87 38 22 53 71 31 5 86 26 94 7 53 63 15 8 81 96 58 62 60 3 77 3 93 35 88 34 25 75 41 67 61 30 40 66 100 23 22 86 100 16 44 52 30 10 11 10 5 21 23 17 23 51 71 15 37 59 100 
62 85 93 80 98 22 72 15 74 94 36 11 93 3 6 96 32 16 59 41 72 79 16 40 53 66 11 19 3 21 18 16 57 10 47 6 32 18 20 57 63 8 67 7 10 72 3 94 87 61 86 11 91 1 50 95 19 12 13 21 84 82 88 93 44 34 98 27 4 70 
83 66 29 49 73 38 20 27 83 59 39 69 69 81 69 70 75 87 82 39 59 17 20 46 9 63 32 7 89 35 28 71 52 56 71 24 45 91 2 28 49 92 96 69 72 16 38 46 3 71 84 61 88 56 59 96 70 90 54 59 76 81 81 27 36 52 51 33 94 4 
60 42 96 7 10 67 22 47 65 24 70 100 37 57 55 95 52 25 36 6 35 11 38 67 37 74 70 39 58 63 43 17 4 90 23 65 8 96 64 72 20 33 72 8 89 78 2 92 2 89 49 88 99 87 55 87 12 24 26 69 87 20 85 42 9 59 59 68 6 74 
40 77 6 63 84 46 40 37 37 94 25 38 81 75 24 87 62 35 63 87 3 1 58 39 42 18 49 52 85 54 25 24 31 82 38 14 27 78 3 16 23 27 53 55 2 28 42 15 62 4 1 64 4 58 54 97 75 2 1 11 55 77 35 37 59 24 3 37 53 5 
4 75 83 8 30 36 35 23 50 96 78 2 11 33 59 16 81 85 17 81 48 24 58 34 12 68 57 14 4 10 70 60 36 53 67 17 40 2 39 90 49 68 91 12 100 2 27 33 38 96 13 85 19 22 18 30 89 27 96 45 36 65 4 71 17 22 88 57 75 78 
98 24 46 88 87 97 41 13 29 79 60 94 15 78 15 33 60 56 59 55 52 46 19 55 68 88 28 7 96 3 85 45 78 82 84 64 30 25 28 59 55 88 4 69 17 18 53 76 25 63 82 76 8 53 82 28 92 10 34 39 64 18 83 41 51 66 4 81 90 83 
91 44 70 94 65 39 63 17 14 88 80 48 15 39 100 49 66 91 10 100 81 73 69 63 65 20 80 20 52 70 2 42 65 24 35 81 62 97 98 75 36 29 22 3 19 73 51 85 15 12 36 95 84 56 57 100 75 37 19 78 58 20 19 74 43 5 55 4 2 4 
31 89 32 4 43 50 29 45 86 43 56 73 38 91 29 46 90 55 34 8 33 91 80 51 17 22 56 71 78 9 74 60 49 57 15 92 58 43 36 44 38 92 16 27 34 96 72 24 51 6 83 83 48 62 85 64 36 92 86 65 52 11 24 1 67 90 44 25 85 31 
20 22 22 87 48 8 83 19 31 33 76 13 67 76 27 3 91 62 47 77 26 98 39 1 50 58 90 93 82 74 24 53 47 97 39 94 4 73 65 86 5 92 51 23 67 77 78 10 90 24 86 67 73 76 67 23 33 8 15 66 34 90 18 80 39 9 26 42 81 42 
80 38 33 30 12 52 58 89 61 99 64 98 65 37 73 83 59 6 42 25 23 27 15 41 59 53 49 84 46 81 77 25 18 9 6 30 12 15 70 24 13 34 21 29 70 46 11 28 3 5 4 25 31 70 17 89 22 17 72 20 98 48 96 67 9 54 96 72 68 18 
96 33 51 68 61 72 65 24 51 67 28 54 44 58 24 60 47 97 77 70 16 26 70 64 92 30 17 40 1 36 9 48 68 59 68 81 82 32 4 32 51 31 85 94 40 60 5 86 57 33 8 24 58 77 87 2 58 55 93 10 43 1 10 10 11 77 90 92 8 45 
23 10 27 59 3 67 19 60 4 27 92 11 50 2 39 89 55 48 43 47 58 37 99 67 47 61 43 88 52 2 85 26 12 11 84 66 77 54 25 81 80 69 43 30 70 34 70 24 81 64 22 38 1 20 56 99 32 50 86 83 52 22 60 15 33 43 32 61 49 9 
93 28 29 36 9 98 21 30 73 1 94 46 91 94 17 46 92 48 96 29 30 99 51 89 65 83 83 48 95 83 8 88 63 36 75 71 85 95 1 57 95 46 2 37 39 18 35 82 65 82 10 46 80 12 86 96 46 21 43 41 3 3 28 65 38 54 88 23 48 40 
79 94 85 33 31 75 2 65 56 19 46 17 64 77 81 2 24 26 22 18 18 76 20 45 41 58 50 80 80 97 19 10 91 55 42 73 29 96 89 36 14 86 4 29 14 84 30 37 62 3 54 79 79 74 76 19 83 25 98 62 22 68 23 64 22 17 88 2 12 76 
89 77 13 44 5 26 80 35 62 41 89 67 19 67 92 46 37 74 71 86 87 44 53 62 59 26 78 46 27 89 73 67 65 85 11 21 10 90 7 23 82 96 41 52 62 33 98 99 58 20 84 97 63 89 58 73 14 35 70 93 75 42 11 91 26 21 63 87 62 70 
61 43 65 53 95 78 37 92 76 95 63 12 43 77 52 52 49 65 86 18 9 12 59 20 54 36 40 16 74 54 85 86 96 1 38 90 79 27 33 6 73 95 69 15 71 20 66 71 85 3 88 45 66 98 64 19 85 56 86 10 9 71 95 56 71 85 98 1 11 82 
7 83 29 75 49 99 95 14 22 31 68 9 27 33 59 91 3 43 98 88 5 6 58 51 13 81 35 10 33 97 44 39 31 72 66 31 70 12 44 91 94 63 52 20 95 10 62 97 4 59 85 60 16 94 11 29 26 97 90 11 46 33 1 76 4 66 7 26 29 2 
68 22 65 19 94 11 80 55 60 36 14 96 95 29 89 5 9 67 54 99 77 99 31 77 26 87 95 84 12 23 86 79 97 2 50 90 64 29 44 23 16 9 18 63 38 59 19 46 25 72 96 53 70 79 81 48 65 75 31 76 50 16 6 46 69 55 87 33 36 82 
7 51 91 25 13 80 83 84 77 59 55 73 63 77 51 43 24 15 70 54 42 19 22 47 16 90 2 2 74 37 83 81 39 25 5 4 4 39 87 81 49 41 53 63 69 55 5 92 21 26 46 62 44 67 8 11 8 61 12 82 97 47 14 88 71 70 91 27 60 77 
7 8 69 11 70 38 17 26 29 37 52 26 98 47 44 57 58 4 18 69 85 66 67 50 53 90 19 95 16 78 23 22 37 92 84 6 29 100 83 9 88 34 35 85 33 30 93 90 33 62 10 69 28 77 18 32 66 88 79 33 65 1 6 1 92 89 58 72 40 93 
33 27 78 19 63 10 48 55 99 81 17 9 1 96 37 71 27 54 58 57 86 75 58 91 27 1 31 85 73 70 29 5 48 6 75 10 16 22 16 14 54 32 74 55 27 10 25 6 15 34 14 100 8 71 42 35 72 72 71 96 93 99 52 92 4 26 1 19 47 17 
85 53 100 10 59 79 72 83 36 86 68 49 38 76 72 79 10 43 3 80 90 47 78 41 39 33 18 91 4 16 59 88 68 11 97 26 89 68 60 76 6 28 24 43 55 47 73 64 41 27 43 30 74 72 22 64 56 91 54 59 7 65 46 26 75 95 52 63 14 63 
90 71 42 65 13 96 12 38 11 52 64 5 34 89 76 55 52 32 98 6 42 4 22 40 29 96 34 32 10 99 47 99 22 88 63 86 36 74 23 46 78 87 51 11 27 78 17 79 61 14 36 3 17 57 42 98 52 27 29 61 77 27 59 98 67 73 84 2 99 6 
99 76 44 49 86 71 79 54 1 39 20 36 41 88 44 34 85 95 60 66 7 37 92 17 86 58 89 69 11 87 27 10 62 70 10 99 92 88 5 92 79 24 79 71 11 22 5 96 68 16 13 74 4 4 90 90 14 79 58 24 17 84 85 79 6 95 29 49 82 33 
93 12 8 23 83 19 45 87 66 12 2 78 38 6 33 27 47 98 57 56 74 26 92 58 56 97 52 84 97 86 69 89 97 76 12 79 46 8 17 63 71 71 92 8 28 25 87 74 74 95 29 47 20 20 5 75 68 8 11 65 93 31 5 90 58 68 20 4 27 89 
18 98 59 10 57 86 86 95 11 59 90 39 6 61 11 62 88 30 69 50 46 62 80 51 3 89 70 74 44 97 62 62 46 20 71 2 57 56 97 67 66 38 58 23 98 68 84 37 97 53 86 43 66 17 45 20 6 14 93 49 62 7 10 7 78 32 61 35 39 57 
1 5 94 10 27 43 77 11 80 26 15 17 68 80 34 64 51 91 29 95 39 91 1 1 49 79 84 9 65 23 17 17 27 10 27 53 5 3 15 84 80 29 52 47 60 85 62 62 75 91 57 66 33 57 66 33 35 1 42 51 23 10 68 49 72 94 54 76 48 20 
11 28 1 62 26 60 99 88 22 73 30 78 38 62 86 55 94 73 56 87 23 30 97 90 31 68 35 84 95 83 3 5 62 3 66 87 15 64 26 88 89 55 17 78 68 54 85 62 26 92 100 49 21 48 90 51 15 25 86 61 59 41 65 20 95 83 6 61 98 32 
48 86 38 16 16 6 70 100 67 95 43 18 95 63 66 37 66 32 13 51 93 71 43 57 90 38 91 47 98 89 30 98 26 68 65 93 73 34 92 91 81 86 8 27 1 73 63 66 57 75 68 49 97 11 57 86 100 48 85 49 88 14 98 65 81 63 58 53 48 1 
43 80 87 3 7 87 27 21 4 83 48 23 83 44 33 40 82 84 39 18 33 26 31 82 42 64 44 99 16 92 100 11 23 86 65 29 24 91 2 27 74 1 49 56 96 34 47 29 69 85 46 53 62 29 35 4 92 78 54 59 21 53 21 44 90 85 24 65 76 77 
43 1 29 44 8 25 29 55 5 97 91 51 50 53 31 36 8 22 65 61 80 38 66 53 33 7 37 8 72 64 85 14 64 65 57 24 89 85 78 94 34 68 96 35 72 26 70 79 99 86 92 30 23 9 82 7 15 19 15 86 34 51 52 50 15 60 73 56 97 50 
1 30 69 96 16 41 73 85 71 71 22 14 100 97 22 34 3 37 4 17 74 37 67 25 86 82 37 10 37 33 11 89 14 80 84 29 72 8 65 42 30 86 8 81 82 29 14 85 17 17 53 91 6 20 67 43 53 3 53 41 87 63 29 100 42 64 28 65 71 92 
59 52 78 66 32 11 94 98 47 11 14 100 53 19 71 19 62 75 74 66 15 60 28 95 60 22 58 39 86 80 31 96 31 60 61 14 22 7 11 69 69 77 20 21 47 90 91 60 64 64 25 30 76 5 24 87 26 33 25 63 64 7 59 46 18 71 59 40 77 22 
60 45 98 79 65 44 20 8 56 35 23 80 16 98 84 91 36 61 23 13 24 38 19 34 83 89 4 93 80 81 14 39 77 63 69 94 59 40 1 14 74 75 93 41 73 29 31 60 89 5 72 64 42 43 97 76 31 53 68 10 85 82 100 61 96 68 54 54 59 6 
0 1 0 1 1 0 1 1 1 1 1 1 1 0 1 1 1 1 1 0 0 1 1 1 0 1 0 1 0 0 1 1 1 1 0 0 1 1 1 0 0 0 1 1 0 0 1 1 1 0 1 1 0 1 0 0 0 0 1 0 0 0 1 1 1 1 1 0 0 0 
1 1 0 0 0 0 1 1 1 0 0 1 0 0 0 0 0 0 1 1 0 1 0 0 1 1 1 0 0 0 1 1 1 1 1 1 0 0 1 1 1 1 0 1 1 0 1 1 0 0 0 1 0 0 1 1 0 0 1 0 0 0 1 1 0 0 1 0 1 0 
1 0 1 0 1 0 0 0 1 1 1 1 0 1 0 1 0 0 1 1 0 0 0 1 1 0 1 0 0 0 0 1 0 1 1 1 1 0 0 0 1 1 0 1 0 0 0 0 0 1 1 0 1 1 1 1 1 0 1 1 1 0 1 1 1 0 1 1 0 1 
1 1 0 1 0 0 1 0 0 1 0 1 1 1 1 0 0 0 1 0 0 0 0 1 1 1 1 0 0 0 1 0 1 1 1 0 1 1 0 1 0 0 1 0 0 0 0 0 0 1 0 0 1 0 1 1 0 1 1 0 1 1 0 0 0 0 0 0 1 1 
1 1 1 0 1 1 0 0 0 1 1 0 1 1 1 1 0 1 0 1 1 1 0 0 1 1 0 0 1 1 1 0 0 0 1 0 0 1 0 0 0 1 0 0 0 1 1 0 0 1 0 0 0 0 0 1 1 0 1 0 1 0 1 1 1 0 1 1 1 1 
1 0 1 1 0 1 1 1 0 1 0 0 1 0 0 1 1 0 1 1 0 0 1 1 0 0 1 1 1 1 1 0 1 0 0 1 1 1 0 1 0 0 1 0 0 0 1 1 0 1 0 0 1 0 0 1 0 1 1 0 0 0 0 1 0 0 0 1 1 0 
1 0 0 0 0 0 0 1 0 0 0 0 1 0 0 1 1 1 0 0 1 1 0 1 0 0 0 1 0 1 1 1 1 0 1 1 0 0 1 0 0 1 1 1 1 1 0 1 0 1 1 1 0 0 1 0 0 1 1 0 0 1 1 0 1 1 1 1 1 0 
0 1 0 1 1 1 0 1 0 1 0 0 0 0 0 1 1 0 0 0 1 1 1 0 1 0 1 0 0 0 1 0 0 1 1 1 0 1 0 1 0 1 1 1 1 1 0 0 1 1 1 0 0 0 1 1 1 0 1 1 1 0 1 1 1 0 0 0 1 0 
1 0 1 0 1 1 1 1 1 0 0 0 1 0 1 0 1 0 0 1 1 1 1 0 0 1 0 0 1 1 1 0 1 0 0 0 1 1 0 1 1 0 1 0 1 0 0 0 0 1 1 1 0 1 1 1 0 1 1 1 1 0 1 0 1 1 1 0 0 1 
1 1 1 1 0 0 1 0 1 0 1 0 1 0 1 1 1 1 0 0 0 1 1 1 0 0 0 1 0 0 0 0 0 1 1 0 0 0 0 1 0 0 1 0 0 1 1 1 0 1 1 1 1 0 0 1 0 1 0 1 1 0 1 1 1 0 1 1 0 0 
0 1 0 0 1 0 1 0 1 1 1 0 0 0 1 1 1 1 0 1 0 1 1 1 1 1 1 0 0 0 0 1 1 0 1 0 0 0 0 1 1 1 0 0 0 1 1 1 0 1 1 1 0 0 0 1 1 0 0 0 0 0 1 1 1 0 1 1 0 1 
1 1 0 1 1 0 0 0 0 0 1 1 1 0 1 0 1 1 0 1 1 0 0 0 1 1 0 0 0 0 1 1 1 1 0 1 0 0 1 0 1 1 1 0 1 0 0 0 1 0 0 0 0 0 0 1 1 0 1 1 0 0 1 0 0 1 1 0 0 0 
0 1 1 1 1 0 1 0 1 1 0 1 1 1 1 0 0 0 0 0 1 1 0 0 1 0 0 0 0 0 0 0 1 0 1 0 0 1 0 1 0 1 0 1 0 1 1 0 1 0 0 1 1 1 1 0 1 1 0 0 1 0 0 0 0 0 1 1 1 1 
0 1 0 1 0 0 0 0 1 0 0 1 1 1 0 0 1 0 0 1 0 1 1 0 0 0 0 1 1 1 0 1 0 1 0 1 1 1 1 0 1 1 0 0 0 0 0 1 0 0 0 0 0 1 1 0 1 1 1 0 1 1 0 1 0 0 0 0 1 1 
0 0 0 0 0 0 1 1 1 1 1 1 0 1 1 1 1 0 0 0 1 1 0 1 1 0 1 1 0 1 1 1 1 1 1 0 0 0 1 1 0 0 1 0 0 0 1 1 0 1 0 1 1 0 0 0 0 0 1 1 1 0 0 0 0 1 0 0 0 1 
1 0 0 0 0 0 0 1 1 1 0 1 0 1 1 1 1 0 1 1 1 0 1 1 0 1 0 1 1 0 0 1 0 0 1 0 0 0 1 0 1 0 1 1 1 1 0 1 1 1 0 0 1 1 1 0 1 1 1 0 0 1 1 0 0 1 1 0 1 0 
0 0 0 0 1 0 1 0 1 0 1 1 0 1 0 1 1 1 0 0 0 0 1 1 1 1 0 0 0 1 0 0 1 1 0 1 1 1 1 0 1 0 1 1 1 1 0 0 1 1 0 1 1 0 0 0 1 1 0 1 0 1 0 0 0 0 1 1 0 0 
1 1 0 0 1 0 1 1 0 0 0 1 1 0 1 0 0 0 1 1 0 1 0 0 1 0 0 0 1 0 0 0 0 1 0 1 1 1 0 1 0 1 0 1 1 1 1 1 0 0 0 0 0 0 0 1 0 0 0 1 1 0 1 1 1 1 0 0 1 0 
0 1 1 0 0 0 0 0 0 0 0 0 0 0 1 0 0 1 0 0 1 1 0 0 0 0 0 0 0 1 1 0 0 0 1 0 1 1 0 1 1 1 1 1 1 0 1 1 0 1 1 1 1 0 1 1 0 1 0 0 0 1 1 0 1 0 1 0 1 1 
1 0 0 1 1 0 1 0 1 1 1 1 0 0 1 0 0 1 1 0 1 0 1 0 0 0 0 1 1 1 1 0 1 1 1 0 1 1 0 1 0 0 0 1 0 1 1 0 0 0 0 1 0 1 0 1 0 0 0 1 0 1 1 1 1 1 0 0 0 0 
1 0 0 1 1 1 0 0 1 0 1 0 0 1 1 0 0 1 0 1 0 0 0 0 0 1 1 0 0 1 0 1 1 1 1 1 0 1 1 1 0 0 1 0 0 1 0 0 0 0 1 1 1 0 1 1 1 0 1 1 1 1 1 0 0 0 1 0 1 1 
0 1 1 1 1 1 0 1 0 1 0 1 0 1 1 1 0 1 1 1 0 0 0 1 0 1 1 0 1 1 1 1 0 0 1 0 0 1 1 0 0 1 1 0 0 1 1 0 0 0 1 0 0 0 0 1 1 1 1 0 0 0 0 1 0 1 1 0 0 0 
0 1 0 0 1 0 1 1 1 1 1 0 1 0 0 1 1 1 1 0 0 1 0 0 0 0 1 1 1 1 0 1 0 0 1 0 0 0 1 1 1 0 0 1 0 0 0 1 0 1 1 0 1 1 0 1 0 1 1 1 0 1 0 1 1 0 1 1 0 0 
1 0 0 1 1 1 1 1 0 1 1 0 1 0 1 1 1 1 0 0 0 1 1 1 0 0 1 1 0 1 1 1 1 1 0 0 0 1 0 1 1 1 1 0 1 0 0 0 0 0 1 0 1 0 1 1 1 0 0 1 0 1 0 1 1 0 0 1 1 0 
0 0 1 1 1 0 0 1 0 0 1 1 0 1 0 0 0 1 0 1 0 0 0 0 0 1 0 0 1 1 0 1 0 1 1 1 1 1 0 1 1 1 1 1 0 1 1 1 0 0 0 0 0 0 0 0 0 0 0 1 1 0 0 1 1 1 0 0 0 0 
0 1 0 1 1 0 0 0 1 0 0 1 0 1 0 0 1 0 0 0 1 1 0 1 1 0 1 1 0 1 0 0 1 0 1 0 0 1 0 0 1 1 1 1 0 1 1 1 1 1 1 0 1 0 0 0 0 1 1 0 0 1 1 1 1 0 1 0 0 0 
0 1 1 1 1 1 1 0 0 0 0 0 1 1 0 1 1 0 0 0 0 0 0 1 0 1 0 1 1 0 1 1 1 0 1 0 1 0 1 0 0 1 0 1 0 0 0 1 0 0 1 0 1 1 0 1 1 0 0 0 0 0 0 1 0 1 0 0 1 1 
0 1 0 0 1 0 0 1 1 0 0 0 0 1 0 0 0 1 0 0 1 0 0 1 0 1 0 0 1 1 1 1 1 1 1 0 1 1 1 0 1 1 0 1 0 0 0 0 1 0 1 1 1 1 0 1 0 1 1 1 0 0 0 1 1 1 1 0 0 1 
0 1 0 0 1 1 1 1 1 0 1 0 1 0 0 0 1 0 1 0 0 1 0 0 1 1 0 0 1 0 1 1 0 0 0 1 1 1 0 0 1 1 1 1 0 1 1 1 1 0 0 1 1 0 0 0 0 0 1 1 0 0 1 0 0 1 1 1 0 1 
0 1 1 1 0 1 0 1 0 1 1 0 1 1 1 1 1 1 1 0 0 1 1 1 0 1 0 1 1 0 1 1 0 0 0 0 1 0 0 1 1 1 0 0 0 1 1 0 0 0 0 0 0 1 0 0 1 0 1 0 1 0 1 1 0 1 1 1 1 1 
1 0 1 1 1 1 0 0 1 0 1 0 0 1 1 0 1 0 1 0 0 0 1 1 1 1 0 0 1 1 0 0 0 1 1 1 0 1 1 0 1 0 0 1 1 1 0 0 0 1 1 0 1 0 0 0 1 0 0 0 0 0 0 0 1 1 1 0 0 0 
0 1 1 0 1 0 1 1 1 1 0 0 0 1 0 0 1 1 0 1 0 0 0 0 0 1 0 1 1 0 0 1 0 1 1 1 1 1 0 0 0 0 0 0 1 0 0 0 0 1 1 0 1 1 0 0 1 0 1 0 1 1 0 1 0 1 0 0 0 0 
0 1 0 1 1 1 1 0 1 1 1 0 1 0 0 0 0 1 0 0 1 1 1 1 0 0 1 0 0 1 0 0 0 0 1 0 1 1 0 0 0 1 1 0 1 1 0 0 0 0 0 1 0 1 1 0 1 0 1 1 1 1 0 0 0 1 0 1 0 0 
0 1 1 1 1 0 0 1 0 0 1 0 1 1 0 0 0 1 0 1 1 0 0 1 0 0 0 0 0 1 0 0 0 1 1 1 1 1 0 0 1 1 0 0 1 0 1 1 0 1 0 1 1 0 0 1 1 0 1 1 1 1 1 1 0 0 0 0 1 0 
0 0 0 0 0 1 1 1 0 1 1 0 0 0 0 0 0 1 0 1 0 0 1 1 1 1 1 0 1 0 0 1 0 0 0 1 1 1 0 1 0 1 1 0 0 0 0 0 1 0 1 0 0 0 1 0 0 1 0 1 1 0 1 0 1 1 1 0 0 1 
0 0 1 1 0 1 1 0 1 1 0 0 1 1 1 0 1 1 1 1 0 1 1 1 1 0 0 0 1 0 1 1 0 0 0 0 1 0 0 0 1 1 1 0 0 0 0 1 1 0 0 1 1 1 1 0 0 1 0 1 0 1 0 0 0 0 1 1 0 1 
0 1 0 1 1 0 1 0 1 0 0 1 1 1 1 0 1 1 0 1 0 0 0 0 0 0 0 1 0 1 1 0 0 1 1 0 0 0 0 1 0 0 1 1 1 0 0 0 1 0 1 1 0 1 1 0 0 1 0 0 0 1 0 1 0 1 1 0 1 1 
0 1 1 1 0 0 1 0 0 0 0 1 1 0 0 0 1 0 1 1 0 0 0 0 1 0 1 0 1 0 1 1 1 0 0 0 0 1 0 0 1 1 1 0 1 1 0 0 0 1 1 0 1 1 1 0 0 0 0 1 1 1 0 0 1 0 0 1 1 1 
1 0 0 0 0 1 0 0 0 0 1 1 0 1 1 1 1 1 0 0 0 1 1 0 1 1 0 0 0 1 1 0 1 1 0 1 0 0 1 0 0 0 0 1 1 1 0 1 0 0 1 0 1 0 0 1 1 0 1 0 1 0 0 0 1 0 1 1 1 0 
0 1 0 0 0 0 1 1 1 1 1 0 1 1 0 1 0 0 1 1 0 0 1 0 0 0 0 1 1 1 1 1 1 1 1 1 1 0 0 0 1 0 0 0 1 1 1 1 1 0 0 1 0 1 1 0 1 1 1 0 1 0 0 0 0 1 1 1 0 0 
0 1 0 0 0 1 1 1 0 0 0 0 1 0 1 0 1 0 0 0 0 1 1 0 1 1 0 0 0 0 0 0 1 0 1 1 1 0 1 1 1 1 1 0 1 0 1 0 0 1 1 1 0 0 1 1 1 1 1 1 1 0 0 1 0 1 0 0 1 1 
1 0 0 1 1 0 1 0 0 0 1 1 1 1 1 0 0 0 0 1 0 1 1 0 0 0 1 1 0 0 0 1 1 1 0 0 1 0 0 1 0 1 1 1 0 0 1 0 1 1 1 1 1 1 1 1 1 0 0 1 0 1 0 1 0 1 1 1 1 1 
0 1 0 1 0 0 0 1 0 1 1 0 0 0 1 1 1 0 1 0 1 1 1 1 1 1 0 0 0 1 0 0 0 0 0 0 1 0 0 1 1 1 1 1 1 0 0 0 0 1 0 1 0 1 1 1 0 1 0 0 1 0 1 1 0 1 0 1 1 0 
1 0 1 0 1 0 1 1 0 1 0 1 1 0 0 0 0 1 1 0 1 0 0 0 0 0 1 0 0 0 0 1 0 1 1 1 1 0 0 1 0 0 0 1 1 1 1 1 0 0 1 1 1 1 0 1 1 1 1 1 0 1 0 0 0 0 0 1 0 0 
0 0 1 1 1 0 0 0 1 0 1 0 1 0 1 1 1 0 1 0 0 1 1 0 1 1 0 1 0 1 0 0 1 1 1 1 1 1 1 0 1 0 0 1 0 1 0 1 1 1 1 1 0 0 0 0 1 0 1 1 1 1 0 1 0 1 0 1 1 1 
1 0 0 1 1 0 0 0 0 0 1 1 1 0 0 1 0 1 0 1 1 1 1 1 0 1 0 0 1 1 0 0 0 0 0 1 0 0 1 0 0 1 0 0 1 0 1 1 1 1 0 0 1 1 1 1 1 0 0 0 1 0 0 1 0 0 1 0 1 0 
1 1 1 1 1 0 1 1 1 0 0 0 1 1 1 0 1 0 0 1 0 0 1 1 1 1 1 0 1 0 1 0 0 0 1 1 1 0 0 0 1 1 0 0 0 0 0 1 0 1 0 1 1 1 0 0 0 1 1 0 0 0 0 0 0 0 1 1 0 0 
0 1 1 0 1 1 0 0 1 1 1 1 0 0 1 0 0 1 1 1 1 1 1 0 1 0 0 1 1 0 1 1 0 0 0 1 1 0 1 0 1 0 0 1 0 1 1 1 0 1 0 0 0 0 0 0 0 0 1 1 0 0 1 0 0 1 0 1 1 1 
0 1 0 0 0 0 1 0 1 1 1 0 1 1 0 1 1 0 1 0 1 0 0 0 0 0 1 0 0 1 0 0 0 0 0 0 0 1 0 0 0 1 0 0 1 0 1 0 0 1 1 1 1 1 0 1 0 1 0 0 0 0 0 0 0 0 1 0 1 1 
0 1 1 0 1 0 0 1 0 0 0 1 0 1 1 0 0 1 1 0 1 0 0 1 0 0 1 1 1 0 1 1 1 0 0 1 0 0 0 0 1 0 0 1 1 1 1 1 0 0 0 1 0 0 0 1 1 1 0 0 1 1 1 0 1 1 1 1 0 1 
0 1 1 0 0 0 1 1 0 1 1 0 0 0 0 0 1 1 1 1 1 0 1 1 0 0 0 0 0 0 1 0 1 1 0 1 1 1 0 1 0 0 1 0 0 0 0 1 1 1 0 1 1 1 0 1 0 0 1 0 1 1 0 0 0 0 0 1 1 0 
1 1 0 0 1 0 0 1 1 0 0 0 1 1 1 1 0 1 1 0 1 0 1 1 1 1 1 1 0 0 1 1 1 0 0 0 0 0 1 0 0 1 0 1 0 1 0 1 1 0 1 0 0 0 0 1 1 1 0 1 0 0 1 1 0 1 0 0 1 1 
0 0 1 0 1 1 0 0 0 1 0 1 1 0 1 1 0 0 1 0 0 1 0 1 0 0 0 0 1 1 0 1 1 1 0 1 0 0 1 1 1 1 0 0 1 0 0 1 0 1 0 0 0 0 1 0 1 1 1 0 1 1 1 0 0 1 1 0 1 0 
1 0 1 0 1 1 0 1 0 0 0 0 1 0 1 0 0 0 0 1 0 1 0 1 1 0 1 1 1 0 1 0 1 1 0 0 0 0 1 0 1 1 1 0 1 0 0 1 0 0 1 0 1 1 1 1 0 0 0 1 1 1 1 0 0 0 0 0 0 1 
1 1 0 0 1 1 0 0 0 0 0 1 0 0 1 1 1 1 0 1 0 1 0 1 1 1 1 1 1 0 0 0 1 0 0 1 1 0 1 1 0 1 1 0 1 0 0 0 1 0 1 1 1 0 0 0 1 0 1 0 0 1 1 1 1 1 0 0 0 1 
1 0 1 0 1 0 0 1 1 1 1 0 0 0 0 1 0 1 1 1 0 1 0 1 0 1 0 1 1 0 0 0 1 1 1 0 0 1 1 1 1 0 1 1 0 0 0 0 1 1 1 1 0 1 0 1 0 1 0 1 1 0 1 0 0 0 0 0 0 1 
1 1 1 0 0 1 0 1 1 0 0 0 1 1 1 0 0 1 1 0 0 0 0 0 1 0 0 1 0 0 1 1 1 0 0 0 0 0 1 1 0 1 0 0 0 1 0 0 1 1 0 1 1 1 1 0 1 0 0 0 0 1 1 0 1 1 0 1 0 1 
1 0 0 1 0 1 0 0 1 1 1 0 1 1 1 0 1 0 0 1 0 1 0 0 1 0 1 1 1 1 0 0 0 0 1 0 1 0 1 1 1 0 1 0 1 0 1 1 0 1 0 1 0 1 1 1 1 0 0 0 0 0 1 0 1 0 0 0 0 1 
1 0 0 0 0 1 0 1 0 1 1 1 0 1 0 1 1 1 1 1 1 1 0 0 1 1 1 0 1 1 1 1 1 1 1 0 1 0 1 1 1 0 0 1 0 0 0 1 1 1 0 1 1 0 1 0 1 0 0 1 0 0 0 1 1 1 1 0 1 1 
0 0 1 0 1 1 1 1 0 0 1 1 1 0 1 1 0 1 1 1 0 1 1 0 1 0 1 0 1 1 1 1 1 1 1 1 0 0 0 1 1 1 0 0 1 1 1 0 0 1 1 0 0 0 0 1 0 0 0 1 1 1 0 0 0 0 1 1 0 0 
0 1 1 0 0 1 1 1 1 0 0 0 0 1 0 1 0 0 1 0 0 0 0 0 0 0 0 0 1 1 0 1 0 1 1 0 0 1 0 1 1 0 1 1 1 1 0 0 0 1 0 0 1 0 0 0 1 1 0 0 0 0 0 0 1 1 1 0 0 1 
1 1 1 1 1 1 0 1 1 0 1 1 0 0 0 1 0 1 0 0 1 0 0 1 0 0 1 1 0 1 0 1 1 0 0 0 1 1 1 0 1 0 1 0 1 1 1 1 0 1 0 0 1 0 1 1 0 0 1 0 0 1 0 1 1 0 1 0 1 0 
