52 61 1825
47 85 41 53 21 12 58 85 12 72 88 61 4 71 92 32 15 3 48 50 88 43 74 25 97 78 81 92 3 44 20 49 80 61 53 100 72 62 36 36 86 23 96 41 45 40 72 12 94 19 61 81 14 34 57 10 63 38 53 17 33 
73 17 12 85 21 11 8 83 46 43 20 20 91 60 65 82 83 76 75 53 88 7 18 74 63 28 88 100 32 5 84 56 21 95 92 94 57 100 76 54 94 47 74 84 58 90 17 40 17 43 44 4 49 62 29 64 41 17 15 24 21 
99 80 93 93 71 86 50 22 13 3 16 11 28 51 68 17 20 59 33 62 3 89 11 16 17 74 8 33 40 31 5 38 62 98 83 85 35 32 6 100 86 73 10 66 76 78 82 95 36 67 56 38 55 18 5 71 43 12 56 83 43 
60 20 4 9 2 40 44 85 46 43 23 70 52 88 45 29 69 91 17 35 47 6 41 64 11 12 7 22 19 41 16 78 60 72 87 14 11 82 50 8 24 72 78 27 11 74 8 80 65 24 66 63 29 59 26 91 22 84 65 40 76 
80 17 88 51 55 1 14 36 2 21 11 74 50 38 84 24 45 15 40 20 33 2 48 91 79 91 64 63 55 3 90 34 71 77 37 26 77 50 61 31 22 24 4 72 61 39 95 5 6 34 76 90 35 23 32 13 65 95 27 19 97 
69 53 19 45 41 44 74 90 57 4 11 80 59 34 92 49 28 96 54 13 23 95 99 45 26 64 10 20 42 80 68 10 32 87 55 24 82 28 65 90 83 28 69 41 61 60 89 41 7 95 53 29 89 52 26 15 15 87 86 8 66 
6 18 50 92 72 25 25 51 90 15 33 17 83 25 77 95 13 17 53 7 22 34 48 73 59 62 39 97 99 46 14 4 63 15 47 86 40 72 88 29 86 20 45 20 44 73 66 9 42 19 67 63 52 14 87 62 27 25 10 26 22 
23 29 37 38 28 22 77 99 62 57 36 33 1 55 29 25 73 37 66 91 3 28 94 69 14 7 95 90 16 20 12 90 1 48 79 80 21 55 78 34 11 13 67 63 19 95 88 91 31 5 33 85 85 78 53 50 84 100 40 51 71 
3 41 71 2 19 2 74 26 79 8 88 43 74 3 14 20 42 56 2 46 89 86 30 66 91 80 2 90 71 52 60 25 44 83 26 63 84 51 40 15 58 27 57 83 29 22 2 70 78 3 68 66 41 97 83 83 28 84 72 50 88 
83 74 31 65 51 93 1 2 84 15 11 11 23 94 91 45 47 13 74 2 80 91 94 28 73 76 56 9 47 57 96 81 31 78 46 33 23 98 34 6 64 45 16 86 90 59 82 36 71 7 89 50 97 82 77 22 57 84 82 55 41 
29 36 23 6 33 7 28 30 41 34 93 37 1 30 26 59 64 13 81 22 2 30 19 83 59 92 92 94 73 46 86 1 81 60 6 65 67 86 94 7 19 38 43 19 20 20 30 35 32 10 56 33 92 26 68 2 17 59 95 41 4 
33 93 37 92 51 1 58 36 47 16 54 36 10 24 55 29 5 41 61 67 49 45 10 74 12 11 43 22 57 83 78 89 28 14 33 78 66 90 13 64 6 18 100 67 41 6 96 98 47 8 64 95 52 25 20 16 35 62 89 43 97 
66 32 24 31 64 1 97 5 65 60 62 82 59 29 74 17 76 71 63 83 86 57 86 10 28 1 96 90 90 39 38 7 22 13 38 37 65 86 93 29 97 55 62 8 35 35 24 10 58 86 92 43 94 77 5 21 30 100 62 71 90 
99 77 11 63 66 99 27 51 92 7 48 46 68 55 80 3 78 41 12 15 32 6 8 60 10 80 41 62 42 11 51 92 40 14 55 5 12 33 8 55 40 7 52 7 13 83 61 90 23 72 56 54 78 63 66 39 94 6 52 35 17 
3 79 8 68 85 64 31 17 23 86 56 29 37 15 41 20 27 82 42 51 37 48 80 51 13 18 45 18 70 31 86 24 9 93 43 45 9 73 62 31 10 69 60 99 35 52 18 62 34 11 12 22 10 43 73 22 12 69 92 33 51 
77 56 60 22 98 56 82 23 17 12 32 38 23 30 72 75 99 85 60 62 48 81 71 90 5 93 2 25 36 34 76 12 42 87 85 91 42 66 13 59 30 97 96 52 26 19 78 77 4 89 38 51 22 8 93 26 52 94 3 87 79 
78 51 20 64 87 11 5 5 75 15 34 71 62 37 97 81 15 73 36 55 62 86 76 69 30 54 73 23 56 11 54 33 61 73 48 100 35 52 4 10 19 37 80 80 73 76 60 39 100 47 94 61 85 21 82 14 74 54 89 29 64 
42 13 77 14 60 76 49 64 31 58 82 67 89 13 91 65 25 82 16 71 27 29 55 47 10 69 73 15 9 53 30 50 66 6 15 77 33 15 92 63 24 73 81 13 38 72 29 62 5 44 32 31 24 87 29 85 7 1 99 15 6 
29 16 71 86 30 99 19 45 91 81 68 15 62 80 52 85 8 13 41 4 45 23 27 83 51 12 41 4 62 7 9 90 22 31 76 3 29 46 47 71 78 67 86 91 98 37 75 6 50 67 61 46 89 39 80 40 50 72 95 12 78 
55 53 51 37 80 5 65 25 52 36 55 70 73 45 67 9 72 24 10 38 36 55 27 75 86 18 24 57 12 87 86 18 92 88 54 23 93 70 100 96 5 54 65 77 98 83 38 69 7 47 7 42 54 33 68 91 50 44 48 13 30 
85 30 73 73 83 96 65 52 95 60 9 48 24 37 45 58 26 66 16 73 72 58 78 56 77 68 5 20 67 69 50 4 98 74 76 32 69 40 35 63 51 95 62 26 84 59 83 9 24 99 33 47 8 62 2 84 82 58 4 48 26 
5 3 75 78 78 6 99 69 92 13 19 39 75 96 22 85 79 30 8 29 15 6 36 76 7 71 57 64 74 57 41 30 59 15 8 89 72 58 57 15 70 28 53 96 23 74 80 53 56 87 81 70 44 16 97 50 87 6 65 12 62 
5 42 72 71 1 60 42 58 69 57 79 48 9 75 70 35 54 75 42 93 55 63 36 23 59 86 61 64 2 24 77 59 17 1 29 17 60 71 26 80 79 5 27 39 79 49 25 84 75 66 76 29 28 12 3 39 49 15 54 2 39 
83 60 55 83 89 24 94 11 49 74 41 5 52 31 35 52 56 19 26 21 46 7 1 9 61 91 57 76 44 11 66 26 70 72 60 10 95 54 20 96 79 12 52 82 43 87 34 98 57 11 70 2 17 22 11 78 12 19 5 8 29 
22 33 51 93 45 60 40 98 32 87 76 43 90 57 37 76 42 34 84 53 56 86 21 77 48 50 41 18 54 48 99 75 32 49 20 76 60 11 73 91 97 100 86 86 9 74 14 2 60 97 54 15 34 75 43 33 24 83 3 30 82 
1 56 14 49 75 41 60 85 66 3 33 65 88 71 25 13 36 27 72 84 32 86 18 6 81 2 82 15 4 63 97 4 18 62 4 45 2 16 81 67 18 14 84 57 36 60 69 71 86 41 54 70 78 23 27 58 77 8 73 80 22 
21 36 40 82 91 84 35 6 16 54 23 81 89 79 16 48 48 86 86 40 92 55 17 14 81 75 90 41 99 22 62 19 57 53 52 99 36 38 5 4 43 79 84 31 10 100 79 9 37 16 48 28 70 64 94 2 90 35 42 88 56 
56 58 64 8 61 63 96 51 19 99 93 49 82 24 58 33 54 66 70 69 65 49 38 29 94 91 18 29 33 58 84 40 67 100 47 28 14 94 78 32 92 22 32 26 45 90 58 98 7 79 18 24 80 55 52 73 46 21 1 30 78 
37 21 97 36 19 24 49 13 53 32 56 74 15 33 71 4 43 20 63 21 38 86 52 44 89 25 41 9 77 22 39 65 42 87 100 13 10 100 25 14 83 32 39 98 65 9 53 59 81 67 31 18 52 83 13 92 59 54 53 35 75 
43 52 69 29 51 81 90 3 5 3 85 88 93 34 4 54 87 62 34 53 93 3 57 27 15 100 85 68 52 71 95 46 74 63 74 25 43 15 79 99 69 15 38 62 49 42 15 87 55 100 91 99 54 99 25 68 99 61 88 2 84 
82 48 57 44 73 33 38 88 63 36 56 78 25 17 78 66 83 16 73 34 6 71 87 5 48 55 55 60 94 56 95 75 55 4 70 28 88 59 67 51 46 22 80 70 91 57 36 25 24 60 59 29 30 97 85 29 3 91 89 96 99 
83 22 53 38 91 32 26 1 98 76 46 72 55 16 62 63 3 38 86 62 96 66 43 93 3 72 47 45 60 43 43 94 64 48 32 7 31 57 7 29 84 5 52 90 20 13 52 22 50 89 35 98 6 77 42 60 100 88 5 59 82 
99 5 98 98 88 4 29 96 62 57 79 66 60 68 37 72 71 10 73 11 96 22 68 73 63 28 72 3 84 83 84 34 39 33 32 26 88 60 21 50 68 51 67 27 70 56 50 40 17 22 2 13 44 69 85 58 48 8 12 31 42 
48 65 32 80 96 57 68 7 29 69 74 31 87 100 100 42 49 39 59 22 92 71 17 61 7 75 8 66 38 91 60 85 55 91 65 2 100 84 8 80 52 33 11 38 32 10 32 32 1 90 53 92 12 70 4 70 96 12 87 33 2 
46 70 8 89 34 9 88 17 68 67 20 100 29 57 83 91 88 14 43 29 66 86 92 87 90 13 82 1 100 67 54 97 36 61 85 21 21 24 89 40 43 8 91 71 16 73 13 4 86 55 84 3 41 28 42 30 40 75 82 39 41 
87 88 28 99 72 48 71 48 36 10 90 95 100 12 11 24 25 66 9 31 49 63 71 76 56 52 68 31 33 58 23 71 45 51 69 69 50 39 16 86 48 57 32 99 20 42 22 44 7 82 75 56 97 97 83 52 49 50 82 33 8 
5 4 4 7 24 72 56 63 87 93 62 95 25 13 15 66 34 10 73 68 84 80 64 33 14 15 33 64 97 65 23 53 20 26 59 44 50 66 58 36 59 19 83 83 31 97 100 17 6 72 84 42 3 47 74 17 13 58 32 61 22 
54 13 94 31 23 89 80 89 46 68 47 16 50 81 99 46 80 15 3 4 50 96 6 48 21 22 60 78 53 21 100 58 85 45 41 8 33 20 48 78 87 46 93 88 78 43 85 57 57 88 12 58 35 18 5 56 91 17 33 96 89 
84 5 25 28 45 32 60 65 31 37 3 76 82 91 53 24 27 62 33 14 73 42 49 42 99 56 85 15 88 80 55 72 84 79 99 29 63 59 45 93 47 47 21 28 89 25 4 16 38 36 81 11 77 81 4 75 36 88 41 24 19 
95 95 55 26 93 35 88 3 79 32 50 77 52 29 66 29 84 81 66 19 13 28 48 94 84 74 29 71 67 52 42 13 98 96 38 43 30 77 45 60 9 46 36 12 27 53 40 10 33 58 81 98 85 80 91 68 5 19 91 71 23 
84 36 72 79 73 14 60 50 11 71 10 8 6 21 86 59 13 96 43 70 28 40 6 7 82 74 11 53 16 34 27 99 69 98 29 93 64 88 42 74 58 3 33 15 24 19 25 88 66 20 57 93 11 62 99 93 87 61 45 2 94 
71 52 14 20 80 7 83 19 100 56 28 3 41 95 78 59 19 65 24 38 21 16 49 34 66 93 73 78 37 74 72 59 78 37 78 57 43 13 28 43 20 55 97 60 49 74 18 20 38 41 57 10 8 57 43 25 49 15 3 37 41 
26 47 70 62 77 26 5 89 5 99 8 60 95 68 60 68 85 79 57 78 88 66 37 44 60 62 45 27 64 81 19 89 80 88 2 56 65 6 44 70 56 51 81 50 18 40 69 55 71 25 84 58 90 20 53 2 33 97 28 48 30 
46 88 9 85 90 64 49 95 59 18 51 9 50 52 79 90 21 85 12 97 68 69 87 39 73 40 24 70 67 71 51 64 59 11 48 48 74 96 94 32 66 96 92 15 48 70 56 20 54 67 16 73 87 54 12 60 93 35 81 11 57 
31 26 15 41 73 14 66 21 8 49 38 55 40 4 54 62 60 73 67 78 41 40 65 94 3 24 39 89 4 49 97 86 75 12 78 99 77 43 71 84 43 8 39 82 12 92 95 23 17 62 100 57 53 64 2 7 39 40 47 94 41 
43 79 67 6 56 65 83 50 88 18 92 95 8 26 58 52 72 80 68 85 80 76 37 95 77 95 34 17 93 27 9 36 6 75 93 13 91 27 15 78 45 58 73 4 83 82 55 55 62 74 39 93 49 28 87 78 74 20 46 67 47 
54 54 4 28 98 16 18 25 82 48 21 40 72 24 22 53 79 28 14 4 19 58 53 98 45 82 71 64 27 89 62 32 94 65 11 92 33 80 16 14 27 36 53 98 59 27 51 89 54 16 93 24 74 97 21 18 78 44 33 56 84 
95 87 78 11 97 69 43 76 36 57 3 23 61 52 33 87 2 22 41 70 66 16 43 62 37 12 91 32 96 46 15 90 84 44 53 80 64 95 7 51 3 61 73 64 13 6 2 14 79 42 35 96 10 77 9 98 40 99 29 36 96 
95 77 79 91 29 10 54 76 16 5 78 77 29 93 89 86 95 54 16 88 89 11 97 17 71 94 57 21 74 92 16 21 68 46 11 49 55 16 24 71 72 53 99 1 98 39 86 44 44 54 31 84 16 80 1 87 25 9 7 51 100 
23 71 19 20 33 67 75 48 42 97 20 95 95 72 44 85 9 87 28 62 69 12 78 100 64 64 25 72 22 27 23 44 49 41 64 81 60 90 80 53 86 99 99 32 22 42 16 31 28 95 92 49 6 21 48 69 84 24 92 58 50 
14 1 50 7 16 30 66 57 62 70 42 12 69 25 34 62 92 64 42 87 7 90 44 28 37 65 63 61 56 20 62 70 73 12 76 40 93 93 97 54 14 90 18 82 15 51 44 58 66 85 44 72 26 40 99 62 4 62 74 59 81 
88 80 5 51 7 45 43 51 41 49 65 30 66 98 96 68 93 6 33 29 1 4 54 40 55 68 43 16 93 54 48 80 85 5 30 44 49 25 94 89 25 10 70 42 8 18 9 100 23 93 29 23 96 34 15 50 1 9 17 94 62 
0 0 0 0 0 1 0 0 0 0 0 0 1 1 1 0 1 0 0 1 0 1 0 0 1 0 0 1 0 1 1 0 0 1 0 0 0 0 0 0 0 0 0 0 1 1 0 0 0 1 1 0 0 1 0 1 1 1 0 0 0 
1 0 0 0 1 0 0 1 0 1 0 0 1 0 1 1 0 1 1 1 0 1 1 0 0 0 1 1 1 1 1 0 0 0 1 1 0 1 0 1 0 0 1 0 0 1 1 1 0 0 0 1 1 0 1 1 0 0 0 1 0 
0 0 0 0 1 1 0 0 1 1 1 0 1 1 0 0 0 1 0 0 0 1 1 0 0 1 0 1 1 0 1 1 0 1 1 1 0 0 1 1 1 0 1 0 1 0 0 1 1 1 1 1 0 1 1 1 0 0 0 1 0 
1 1 0 0 0 1 0 0 0 1 0 1 1 0 0 1 1 0 0 0 1 0 0 0 1 1 0 1 1 0 1 0 1 1 0 1 0 0 0 1 0 0 0 1 0 0 0 1 0 0 1 0 0 0 0 0 1 1 1 1 1 
1 1 0 0 0 1 1 0 1 0 0 1 0 1 0 0 1 1 1 0 1 1 0 1 1 0 0 0 0 1 1 1 1 1 1 1 1 0 1 0 0 0 0 0 1 0 1 1 1 0 1 0 1 1 1 0 0 0 1 0 1 
0 1 0 0 0 1 1 1 1 1 1 1 1 0 0 1 1 1 1 1 0 1 0 0 1 0 0 1 1 0 0 0 1 1 0 1 0 1 0 1 0 0 0 0 0 1 1 1 0 0 0 1 0 0 1 1 0 1 0 0 1 
0 0 0 1 0 1 0 1 0 1 1 0 0 1 0 1 1 1 1 1 1 0 1 1 1 0 1 0 0 1 1 1 1 1 0 1 1 0 0 1 0 0 1 0 1 1 1 0 0 0 0 1 1 1 0 0 0 1 1 0 1 
0 1 0 0 0 0 1 0 0 0 0 0 1 0 0 0 1 0 0 0 0 1 1 0 1 1 0 0 0 0 1 1 0 0 1 0 0 0 0 0 0 1 1 1 1 1 1 1 1 1 1 0 0 0 0 1 1 0 1 0 0 
1 1 0 1 0 0 1 0 1 1 0 0 0 1 1 1 0 0 1 1 1 1 1 1 1 0 1 1 1 1 1 0 0 0 1 0 0 0 0 1 0 0 1 0 1 1 0 1 1 1 0 1 0 1 0 1 1 1 0 0 0 
1 1 0 1 0 0 0 1 0 1 1 0 1 1 1 0 1 0 1 0 0 0 0 1 1 1 0 0 1 1 1 1 0 1 0 0 0 0 1 0 0 0 1 1 0 0 1 1 1 0 0 1 1 0 1 0 0 1 0 1 0 
1 0 0 1 1 1 1 1 0 1 1 1 0 0 1 1 1 0 0 0 0 1 1 1 0 1 1 0 1 0 0 1 1 1 0 0 0 1 1 0 0 1 1 1 1 0 0 1 1 0 1 1 1 0 0 0 1 1 0 0 0 
0 1 1 1 1 1 1 0 0 0 1 1 1 0 1 0 0 0 1 0 1 0 1 1 1 1 0 0 1 0 0 0 0 1 1 1 0 1 0 1 1 1 0 0 1 1 0 1 1 1 1 0 0 0 1 1 0 1 1 1 0 
0 1 0 1 1 1 0 0 1 1 1 0 1 1 1 1 0 0 0 1 1 1 1 0 0 0 0 0 0 1 0 0 1 0 1 0 1 1 0 1 0 1 1 0 0 1 1 0 1 1 0 1 0 1 1 1 0 1 1 0 0 
1 0 1 1 1 1 0 1 1 1 1 0 1 1 1 0 0 1 1 0 1 0 0 1 1 1 1 0 0 1 1 1 1 0 0 0 0 1 1 1 0 1 0 1 0 1 1 1 0 1 1 0 1 1 1 1 1 0 1 1 1 
0 1 0 1 1 0 1 0 0 0 1 1 0 0 1 1 0 0 0 1 1 0 0 1 1 1 0 1 1 1 0 1 0 0 0 0 0 1 0 0 0 1 1 0 0 1 0 0 1 0 1 1 0 1 0 1 1 0 0 0 1 
0 1 0 0 0 0 0 1 0 1 1 0 0 0 0 1 0 0 1 0 1 0 0 0 0 1 1 0 1 1 1 1 1 1 1 1 1 1 0 0 0 0 0 1 0 0 0 0 0 1 0 1 1 0 1 1 1 1 1 0 0 
1 1 1 0 0 0 0 1 1 0 0 1 0 1 1 0 1 1 0 1 1 1 0 1 0 0 0 1 1 0 0 0 1 1 1 1 0 1 0 1 1 0 0 1 1 1 1 1 0 1 0 1 0 0 0 0 0 0 0 0 0 
0 0 1 1 1 0 1 0 0 0 1 1 0 0 0 1 1 1 1 0 1 0 0 0 0 1 0 0 1 0 0 1 1 1 0 0 1 0 1 0 0 0 1 1 1 1 0 0 1 0 1 0 0 1 0 1 0 1 1 1 1 
0 0 0 1 1 1 1 1 0 1 1 0 0 0 1 1 1 0 0 1 1 1 1 0 1 0 1 0 0 0 0 0 1 0 1 0 1 0 1 1 1 0 0 1 1 1 1 0 1 1 1 0 0 0 1 0 1 0 0 1 0 
0 1 1 1 0 1 0 1 0 0 0 1 0 0 0 1 1 0 1 0 1 1 1 1 0 1 0 0 1 1 1 0 0 0 1 1 0 1 0 0 1 0 1 1 0 1 1 1 1 0 0 0 1 1 0 0 0 0 0 1 0 
1 1 0 0 0 1 0 0 1 0 1 0 0 1 0 1 0 0 1 0 0 1 1 1 1 1 1 0 0 0 0 1 0 0 1 0 0 1 0 1 0 0 1 0 1 0 1 1 0 0 1 0 0 0 1 1 0 0 1 0 0 
1 1 0 0 1 1 0 0 1 1 0 1 1 0 0 1 0 1 1 0 0 1 0 1 0 0 1 0 1 1 0 1 0 1 1 1 0 1 0 1 0 0 1 1 1 1 0 1 1 1 1 1 0 0 0 0 0 1 0 1 0 
1 0 1 0 1 0 0 0 0 1 1 1 0 0 0 0 1 1 1 0 0 0 1 0 1 1 0 0 0 0 1 1 0 0 1 0 0 1 0 1 0 1 0 1 0 0 1 1 1 0 1 1 0 0 0 1 0 0 0 0 0 
1 1 1 1 0 1 1 1 1 0 1 1 0 0 1 0 1 0 1 1 1 1 0 0 1 1 0 1 1 0 0 0 1 1 1 1 0 1 0 1 1 1 0 0 0 1 0 1 1 0 1 1 1 1 1 0 0 1 1 0 1 
1 0 0 0 0 1 0 1 1 0 0 0 0 0 0 0 1 0 1 1 1 0 0 0 1 0 0 0 1 0 1 1 1 1 1 1 0 0 0 1 0 0 0 0 1 0 0 0 0 0 1 1 0 1 1 0 1 0 0 0 0 
0 1 1 1 1 0 0 1 0 1 1 1 1 1 0 0 0 0 0 0 1 0 0 0 1 0 1 1 1 1 0 1 1 1 0 0 0 0 1 0 0 0 1 1 1 1 1 1 1 0 1 0 0 0 0 1 0 1 1 1 1 
1 0 0 0 1 0 0 1 1 1 1 1 0 1 0 0 0 0 1 0 1 0 0 1 0 0 0 0 1 1 1 0 0 1 0 1 1 1 0 0 0 0 1 0 1 1 0 1 1 0 0 1 0 0 0 0 0 0 0 1 0 
1 1 0 0 0 1 1 1 1 1 1 1 0 1 0 0 0 0 1 0 0 0 0 0 1 0 1 1 1 0 1 0 0 1 1 0 0 0 1 0 0 0 1 0 1 0 0 1 0 0 1 0 0 1 0 1 0 1 1 1 0 
0 1 0 0 0 0 0 1 1 0 1 1 0 1 0 0 0 0 0 0 1 0 0 1 0 0 1 0 1 0 0 1 1 0 1 0 0 0 1 1 0 0 0 0 1 0 0 1 0 0 1 0 0 0 1 1 0 0 1 1 0 
1 0 1 1 0 1 1 0 0 0 0 0 0 1 0 0 1 1 1 0 1 1 0 1 0 1 1 0 0 0 0 1 0 1 0 0 1 1 0 1 1 1 0 1 0 0 0 1 1 1 1 0 0 0 1 0 1 0 0 0 0 
0 1 1 1 0 1 0 1 0 0 1 1 0 0 1 0 0 0 1 1 0 0 1 0 1 1 1 0 1 1 0 1 1 1 1 1 1 1 0 1 1 1 0 1 0 1 1 0 1 1 0 1 1 1 1 0 1 1 0 0 0 
1 0 1 0 1 0 1 0 1 0 0 0 0 1 0 1 1 1 1 0 1 0 1 0 0 1 1 1 0 0 1 1 0 1 1 1 1 1 1 0 1 1 1 0 1 1 1 0 0 0 0 1 1 1 0 1 0 1 0 0 1 
1 1 1 0 1 0 0 0 0 0 1 1 1 1 0 1 1 0 1 1 0 1 0 1 1 1 0 0 1 0 0 1 0 1 1 1 0 1 1 0 0 0 1 1 0 0 0 1 0 0 0 1 1 1 0 0 0 0 0 0 1 
0 1 1 0 0 0 0 0 1 0 0 1 1 1 1 1 0 0 0 0 1 1 1 0 1 1 0 0 1 0 1 0 1 0 0 0 0 0 0 1 0 0 0 1 1 0 1 1 0 1 1 1 0 0 1 1 1 0 1 1 0 
0 1 0 0 1 0 0 1 0 1 1 0 0 0 1 0 1 1 0 0 0 0 0 1 1 0 0 1 1 1 0 0 0 0 0 1 0 1 0 0 0 1 0 0 0 1 0 1 0 1 0 1 1 0 0 0 0 0 0 0 0 
0 0 0 0 0 0 0 1 0 0 0 0 0 0 0 1 1 1 0 0 1 1 1 0 1 1 0 1 1 0 1 1 0 0 1 1 0 1 0 0 1 0 0 1 1 0 1 0 0 1 0 1 0 1 1 1 0 0 0 0 0 
0 1 1 0 1 0 0 0 0 0 0 1 1 1 0 1 0 0 1 1 0 1 1 1 0 0 1 0 1 1 1 1 1 0 1 0 0 1 0 0 1 0 1 0 0 1 0 0 1 1 0 1 0 1 0 1 0 0 1 1 1 
0 0 0 0 1 0 0 0 1 1 1 1 0 0 1 0 0 0 1 1 0 1 0 1 1 1 1 1 0 0 1 1 0 1 1 1 0 0 1 1 1 1 0 1 1 0 1 1 0 1 0 0 0 0 1 1 1 1 1 0 1 
0 1 0 1 0 1 1 0 1 0 1 0 1 1 1 1 0 0 1 1 0 1 1 1 0 1 0 1 0 0 1 0 1 1 1 0 0 1 0 1 1 0 1 0 1 0 1 1 0 0 1 1 1 0 0 0 1 0 1 1 1 
0 1 0 1 1 0 0 0 1 1 1 1 1 0 0 1 1 1 0 0 0 1 1 1 1 1 0 1 1 0 0 1 1 1 1 0 1 1 0 0 0 0 1 1 0 1 1 1 1 1 1 1 0 1 0 1 0 1 0 1 1 
1 1 0 0 0 1 1 1 1 0 1 1 1 1 1 1 0 1 0 1 0 1 1 1 0 0 0 1 0 1 0 1 0 0 1 0 1 1 1 1 1 1 0 0 0 0 1 0 1 1 1 1 1 0 1 1 0 1 0 0 0 
0 0 1 0 1 1 0 0 1 1 1 0 1 0 0 1 1 0 0 1 1 0 0 1 1 1 1 0 1 1 0 1 1 1 1 1 1 1 1 0 0 1 0 0 1 0 1 0 0 0 1 1 0 1 0 1 0 1 1 1 0 
1 0 0 1 0 1 0 1 0 0 0 1 0 0 0 0 1 1 0 1 0 1 1 0 1 0 0 0 1 0 0 1 0 0 0 0 1 0 0 0 0 0 1 0 0 0 0 1 1 0 1 1 1 0 1 0 1 0 0 0 0 
0 1 0 1 1 1 0 1 1 0 1 1 0 1 1 0 1 0 1 1 1 0 0 0 0 0 1 0 0 1 0 1 1 0 0 0 1 0 0 0 1 1 1 1 1 0 1 0 1 0 0 0 0 0 0 0 1 1 0 1 1 
0 0 0 1 0 0 0 1 0 1 0 0 0 1 1 1 0 1 0 0 1 0 0 0 1 1 1 0 1 0 1 0 1 1 1 1 0 1 0 0 0 0 0 1 1 1 0 1 1 0 1 0 0 0 0 1 1 1 0 0 0 
1 0 1 1 1 0 1 1 1 1 1 1 0 0 1 1 0 0 0 0 0 1 1 0 1 0 1 1 0 1 1 0 0 0 1 1 0 0 0 1 1 0 1 1 0 0 1 1 0 1 1 0 0 0 0 0 1 1 1 1 1 
0 1 1 0 0 0 0 0 1 0 0 1 1 1 1 1 0 0 1 0 0 0 0 0 0 0 1 0 1 1 1 1 0 0 1 1 0 0 1 1 0 1 0 1 1 0 0 1 0 1 1 0 1 0 1 0 0 0 0 0 1 
1 1 0 1 1 1 1 1 0 1 1 0 1 0 1 1 0 0 0 1 0 0 1 0 1 1 0 0 1 0 1 0 0 1 1 1 0 0 0 1 1 1 1 1 1 0 0 1 0 0 0 0 1 1 0 0 0 1 0 1 1 
0 1 1 1 0 0 0 1 0 1 0 1 0 1 0 0 0 1 0 0 0 1 1 1 1 0 0 0 0 1 0 0 1 1 0 1 0 0 0 0 1 1 0 1 0 0 1 0 0 1 1 0 0 0 1 0 0 1 0 1 1 
0 1 0 0 1 1 0 1 0 0 0 1 0 1 1 1 0 0 1 0 1 1 0 1 0 0 0 0 1 1 1 1 0 1 1 0 0 1 1 0 0 0 1 0 1 1 1 0 1 0 0 0 1 0 1 0 1 1 0 0 0 
1 1 1 0 1 1 0 0 0 1 0 0 0 1 0 1 0 0 0 1 0 0 0 0 0 0 1 1 0 1 0 1 1 1 1 0 0 0 0 0 1 1 1 1 0 1 1 0 1 1 1 1 0 0 1 0 0 1 1 1 0 
1 0 1 0 0 1 0 0 0 1 1 1 0 0 1 1 1 1 0 1 1 1 1 1 0 1 1 1 0 0 0 0 1 1 0 1 1 1 1 1 0 0 0 0 0 1 1 0 0 1 1 1 0 0 0 0 1 0 0 1 0 
