56 54 1941
37 38 2 82 47 38 75 59 60 61 68 92 42 37 66 9 72 42 30 47 86 39 30 77 62 16 94 43 50 100 68 86 89 21 19 36 10 93 94 69 5 13 60 47 50 78 55 73 19 36 71 56 74 100 
33 36 67 78 78 16 77 97 1 66 17 19 53 26 63 98 94 68 10 6 14 59 83 20 84 53 8 54 9 81 54 93 68 20 70 98 88 99 94 40 64 63 11 68 88 73 65 34 40 74 39 5 85 21 
77 68 25 36 21 85 68 26 77 36 98 99 85 37 97 30 76 12 92 86 79 80 59 43 13 50 68 3 7 4 23 35 23 99 70 96 84 37 21 12 72 70 10 8 6 58 38 82 69 29 19 99 60 77 
93 24 79 61 26 85 16 100 19 39 99 88 34 34 76 6 45 100 76 7 7 33 64 44 66 85 25 85 83 84 13 76 8 91 88 85 75 3 85 45 93 35 84 26 68 60 84 12 59 11 70 17 43 34 
61 61 18 85 45 52 20 57 79 79 48 66 64 74 21 48 19 65 82 2 43 49 61 26 12 71 36 82 88 78 67 48 38 36 84 34 87 55 43 66 34 90 83 97 63 55 44 33 20 77 35 14 77 47 
39 40 18 74 73 5 3 39 4 93 74 39 26 13 93 20 78 26 9 12 74 24 19 17 8 90 45 42 3 21 89 41 13 58 66 85 62 68 76 17 60 49 55 38 13 99 57 90 25 18 54 98 93 72 
67 100 13 63 42 15 36 82 7 48 39 72 84 52 39 59 68 51 60 74 88 72 72 96 62 96 13 67 46 5 90 64 5 2 78 98 16 13 31 74 60 69 45 44 72 83 54 39 33 13 12 72 85 35 
68 98 83 80 64 28 37 5 43 93 6 20 90 73 33 72 46 44 92 90 39 63 24 93 53 9 57 16 80 41 50 47 38 32 79 53 11 15 57 53 59 14 25 100 86 9 71 83 4 62 24 95 24 48 
39 28 56 95 43 35 36 92 34 25 76 12 78 86 78 86 91 88 100 15 87 37 75 57 20 78 70 43 72 45 90 10 72 97 5 14 84 92 57 17 16 32 80 45 70 57 83 60 44 82 26 82 18 100 
38 89 29 59 32 1 3 73 62 74 70 18 39 53 9 95 21 77 79 100 73 48 8 55 59 3 88 36 84 6 35 73 94 15 31 77 67 33 50 29 6 71 46 44 75 55 90 95 83 20 94 55 67 1 
62 77 3 49 12 38 6 98 10 52 65 92 28 31 24 29 59 81 51 5 76 25 11 17 19 45 37 64 51 55 16 12 32 70 13 95 7 18 45 68 69 9 59 49 39 34 77 98 14 28 54 89 4 16 
58 75 60 94 90 10 48 6 74 31 27 86 26 34 3 70 53 24 30 12 72 68 45 100 65 11 79 70 51 83 85 8 9 44 1 98 6 1 55 79 31 82 64 56 67 66 77 19 89 6 82 12 26 79 
12 42 89 42 12 91 76 96 99 84 92 51 82 97 51 36 75 82 69 38 89 35 55 18 54 96 75 35 7 100 65 70 42 53 64 53 44 39 100 94 23 91 44 56 87 95 43 13 28 12 50 68 46 57 
85 51 52 12 38 10 11 2 32 4 7 95 8 2 33 8 95 7 98 90 62 37 84 57 49 63 68 51 31 65 59 67 16 10 30 53 19 41 6 2 96 12 96 4 13 29 11 59 35 60 49 49 48 84 
5 49 47 24 99 29 88 57 47 55 18 77 59 88 69 65 90 64 76 85 67 41 65 29 51 52 89 99 100 88 83 56 36 81 79 86 9 18 94 7 73 11 83 31 51 3 47 40 67 75 76 85 15 41 
14 65 44 54 16 95 41 98 50 77 78 80 62 38 49 56 96 21 18 79 4 68 81 50 59 99 76 35 84 42 27 97 59 22 50 74 16 42 23 65 18 52 96 32 89 44 87 84 65 56 14 20 76 47 
21 34 45 97 20 80 90 98 28 48 19 29 21 34 71 43 98 88 94 93 19 34 89 57 70 5 65 35 24 40 81 96 73 78 44 45 9 34 42 37 81 61 17 54 46 87 48 96 27 94 40 97 27 28 
6 48 32 70 83 7 9 15 3 33 44 46 77 53 31 19 41 12 31 57 65 76 96 12 23 74 57 63 70 84 90 75 83 22 96 17 28 4 32 82 37 27 28 13 31 10 83 71 21 65 80 37 93 27 
1 15 100 57 77 21 92 19 48 75 92 43 91 71 99 74 53 35 1 32 99 31 41 34 54 14 50 85 50 42 11 2 9 62 59 37 82 50 55 29 76 98 24 19 69 22 92 21 8 44 4 6 27 96 
91 80 9 41 16 59 82 26 60 90 87 70 79 20 72 33 1 47 31 24 17 51 45 9 23 52 4 26 9 30 21 100 61 30 92 76 40 73 1 51 15 39 21 93 11 44 77 11 90 59 34 7 9 30 
67 31 33 70 56 93 52 29 44 12 10 35 88 49 60 88 51 26 79 71 18 89 14 46 51 56 5 84 14 13 65 32 96 49 53 51 41 4 31 85 16 40 19 55 88 30 94 39 55 72 61 72 12 27 
70 62 34 74 97 99 38 61 30 33 61 82 36 2 38 18 38 5 58 8 59 97 38 52 87 92 24 48 16 87 26 85 49 11 10 45 9 99 58 38 84 18 71 19 71 60 36 8 64 45 16 22 42 53 
74 28 96 49 27 11 35 4 47 83 14 8 80 22 7 89 11 90 6 34 60 77 93 47 84 57 92 51 78 33 55 3 12 51 51 39 13 38 94 12 72 8 19 51 29 77 39 92 66 97 25 77 25 69 
24 60 25 67 11 55 51 65 9 62 67 12 52 80 49 46 91 20 53 9 23 33 38 13 24 3 61 100 80 85 69 55 45 45 21 55 99 71 71 60 84 38 71 36 17 19 33 59 90 37 19 64 69 56 
77 45 59 37 96 90 74 16 96 18 61 68 24 11 90 94 70 73 31 40 60 47 58 92 57 100 28 76 63 49 31 91 45 41 28 92 82 1 8 77 70 68 44 93 78 33 86 48 58 17 87 17 15 97 
61 72 96 40 99 10 40 29 1 84 70 80 76 3 32 83 80 1 2 75 93 79 60 30 78 17 98 17 85 13 13 45 36 60 37 34 21 76 14 21 12 35 100 39 38 31 73 69 83 74 43 75 4 54 
57 82 22 54 50 7 18 14 3 5 73 39 90 45 67 4 66 30 90 17 68 27 48 40 95 82 65 90 9 68 43 65 1 65 18 50 23 36 63 77 92 87 68 82 32 34 85 49 63 74 65 30 53 64 
21 47 46 37 88 54 56 83 18 57 47 87 58 21 74 73 97 66 11 64 47 42 49 83 42 11 8 7 92 60 22 64 59 67 100 46 72 56 28 41 64 26 28 73 98 53 45 95 18 56 10 64 49 11 
98 91 21 6 49 65 65 70 80 75 89 32 21 12 39 100 53 2 78 32 74 75 84 19 21 54 26 83 69 74 93 67 16 65 72 16 29 88 86 61 63 26 92 35 89 30 34 41 83 11 24 56 38 60 
26 58 13 3 92 81 77 84 47 44 49 70 60 29 58 97 89 20 74 32 6 62 61 39 55 95 2 78 51 39 37 28 48 1 31 40 82 59 23 80 54 71 50 13 52 7 9 92 78 34 24 83 96 36 
73 50 31 74 79 33 64 68 12 12 68 42 51 1 52 25 81 6 48 30 18 99 88 79 90 17 12 65 51 59 1 23 60 83 49 91 15 12 58 26 75 77 20 25 30 71 2 10 28 49 91 98 99 30 
76 40 46 39 5 48 98 57 70 9 39 70 99 5 34 8 82 8 85 1 33 66 24 86 75 3 34 17 100 32 46 27 71 43 66 27 90 15 83 11 23 73 81 22 77 14 29 59 21 65 11 5 82 86 
90 56 89 75 24 40 58 69 67 81 63 32 7 52 98 90 63 20 14 95 93 91 8 74 1 80 90 63 37 72 1 26 79 41 53 3 80 10 23 98 90 86 29 97 37 78 38 51 98 3 45 42 93 4 
15 45 84 5 60 20 76 60 97 6 52 1 8 31 11 31 29 52 68 9 100 4 87 89 55 36 92 51 29 36 55 44 81 90 100 40 61 27 51 9 32 2 10 40 84 20 22 12 23 89 73 23 44 11 
11 50 98 2 1 26 38 7 69 70 96 20 61 56 46 11 16 78 64 25 69 47 96 42 11 19 30 83 41 25 45 3 75 42 5 27 67 94 33 88 63 80 7 23 87 5 85 2 34 48 27 54 46 22 
95 56 92 76 90 84 100 34 87 26 27 43 52 46 36 84 33 50 63 91 24 1 47 8 3 80 7 29 33 52 2 79 60 46 54 49 29 54 35 67 79 13 9 31 58 96 66 90 45 81 33 20 81 79 
79 83 11 85 63 43 89 17 22 100 62 75 48 42 80 34 9 11 47 69 93 4 65 10 46 61 90 30 81 23 8 59 57 18 96 20 13 36 88 86 35 1 12 82 94 92 68 2 54 66 71 46 21 87 
55 18 47 97 47 27 19 7 86 75 24 33 46 88 68 85 73 2 85 85 35 31 28 2 84 81 19 54 78 40 40 32 57 39 28 56 65 98 62 2 25 37 34 70 25 1 7 97 54 43 33 89 73 60 
42 57 92 61 62 69 52 54 1 60 92 80 15 56 78 76 10 54 13 43 23 89 96 81 85 49 24 70 37 96 29 31 4 21 91 66 89 94 19 41 53 62 73 20 17 2 47 78 55 11 21 29 99 68 
10 36 16 33 5 5 80 33 87 84 5 29 1 46 22 19 38 26 80 10 45 48 11 92 26 65 2 98 94 53 17 3 88 84 87 92 88 18 76 74 1 33 2 1 78 75 71 15 1 2 77 97 50 87 
40 27 4 42 76 97 46 92 51 33 75 89 76 15 6 51 40 7 83 94 59 12 68 30 27 20 83 3 17 84 41 56 10 44 49 37 92 94 80 42 78 55 82 53 21 88 4 12 46 86 5 4 50 25 
85 76 44 68 30 60 51 70 68 13 66 16 1 57 62 81 99 39 87 32 92 59 19 47 70 64 84 75 20 33 99 56 60 94 75 89 6 78 11 73 42 76 40 42 32 53 22 82 92 60 14 35 18 84 
81 88 100 16 14 71 49 64 78 8 57 53 49 14 82 11 38 23 86 78 64 69 30 38 3 73 49 68 59 67 3 91 6 2 7 71 72 55 34 2 14 42 54 14 8 35 24 45 57 61 22 72 82 4 
61 36 28 10 3 87 28 5 77 33 59 83 3 82 89 88 83 55 81 88 68 88 22 44 33 30 4 6 54 85 61 14 20 41 23 74 27 50 31 55 34 89 90 88 22 78 27 5 84 8 92 52 47 66 
47 79 47 50 37 100 87 49 14 58 89 88 84 15 38 14 22 23 54 11 11 75 40 37 31 24 96 75 27 43 40 73 73 86 22 61 86 60 10 51 18 98 38 1 65 27 66 86 2 19 96 12 45 35 
100 28 10 48 2 36 42 41 8 14 78 82 75 15 41 36 65 10 33 55 62 49 33 27 34 34 97 81 97 42 68 49 69 77 96 70 65 37 62 24 2 39 5 28 54 98 63 70 7 96 24 69 96 57 
47 82 42 44 62 39 85 81 39 5 10 34 26 74 22 87 97 23 77 54 51 30 51 65 100 9 60 75 77 8 83 76 89 25 19 2 15 3 83 53 59 92 38 84 17 59 22 13 33 98 66 35 28 16 
100 79 77 11 5 5 18 88 80 6 12 98 8 78 52 42 30 10 33 19 45 49 77 66 13 61 16 31 96 43 46 95 73 74 5 77 79 23 16 58 80 27 56 39 56 7 80 37 69 64 55 65 64 31 
31 77 92 46 7 39 40 4 33 64 78 89 92 8 11 8 65 43 86 20 81 42 79 13 78 99 76 33 63 40 15 45 68 58 90 26 96 81 81 80 44 58 69 88 65 31 95 82 73 80 53 6 21 31 
70 51 81 45 83 44 36 49 88 55 59 30 80 6 62 61 86 58 70 54 45 87 36 39 20 61 18 72 66 39 55 87 41 35 31 23 30 19 23 70 25 81 99 57 87 60 69 24 17 90 29 13 28 64 
51 47 24 69 19 41 59 73 27 99 7 10 73 89 80 47 58 4 80 56 12 18 67 80 41 36 22 69 48 49 84 51 96 8 71 14 100 29 38 27 79 96 88 3 84 67 1 41 22 80 48 34 97 15 
65 89 2 86 9 1 35 93 51 82 52 21 95 51 1 32 29 31 27 16 85 63 34 86 3 56 65 51 41 14 17 57 2 70 43 11 70 29 3 73 10 54 93 56 56 46 39 85 76 65 52 13 27 86 
98 82 41 14 84 33 27 100 89 29 21 31 91 90 11 45 62 72 50 7 27 5 4 65 41 31 82 93 43 60 78 40 93 70 54 76 2 32 27 42 12 47 73 2 37 35 46 50 7 47 8 85 52 11 
2 44 42 83 36 84 94 65 76 39 86 29 14 39 12 41 81 24 87 5 25 75 39 23 77 97 21 84 82 72 95 83 68 88 17 55 23 62 20 98 100 57 78 66 96 90 6 76 13 44 80 89 19 70 
63 95 67 84 30 48 7 76 82 74 63 50 81 86 63 100 35 63 56 13 28 3 2 85 78 66 28 57 6 98 27 69 44 45 4 74 44 62 1 77 88 64 26 68 1 88 19 35 2 74 99 81 77 52 
65 6 17 45 15 75 94 93 43 38 37 98 63 80 59 63 8 46 78 33 65 78 72 83 65 74 57 15 54 85 67 71 42 35 67 56 9 60 48 3 97 36 100 11 67 11 74 74 8 51 6 73 81 30 
0 0 0 0 0 1 0 0 1 0 1 1 1 1 1 1 0 1 0 1 0 1 1 1 0 1 1 0 1 1 1 1 1 1 0 0 0 0 0 0 0 1 1 0 1 0 1 1 0 1 0 0 0 0 
1 1 1 0 1 0 0 0 1 1 1 1 1 1 0 0 1 0 1 1 0 0 1 1 1 1 1 0 1 1 0 0 0 1 1 1 1 1 1 0 0 0 0 0 0 0 0 1 0 1 0 1 0 0 
0 1 1 1 1 1 1 1 1 1 0 0 1 1 1 0 0 0 1 0 0 1 0 0 0 0 1 1 1 1 1 0 1 0 1 0 1 0 0 1 0 0 1 1 0 1 1 0 1 0 0 1 1 0 
1 0 0 0 1 0 0 0 0 1 0 1 1 0 0 1 1 0 0 0 1 0 1 0 0 0 1 0 1 0 0 0 0 0 1 1 0 1 1 0 0 0 0 1 0 0 1 1 0 1 1 1 1 1 
1 1 1 0 1 1 1 1 1 1 1 0 1 0 1 0 0 1 0 0 1 0 0 0 1 0 1 1 1 0 0 1 1 1 1 0 0 0 1 0 0 0 0 1 0 0 1 1 1 0 1 0 0 0 
0 0 0 1 1 0 1 1 1 0 0 0 0 1 1 1 1 1 0 1 0 0 1 1 1 1 1 1 1 0 1 0 0 1 1 1 1 1 0 0 1 0 1 0 1 0 1 0 1 1 0 1 0 1 
0 1 0 0 0 0 0 1 0 0 1 1 1 0 0 1 1 0 1 0 0 1 0 1 1 1 1 1 0 1 1 0 0 1 0 1 1 0 0 1 0 1 1 1 0 1 0 1 1 0 1 1 1 1 
1 0 0 0 0 0 1 1 0 1 0 1 0 0 1 1 1 0 0 0 1 0 0 0 1 1 0 0 1 1 1 0 1 1 0 1 1 1 0 0 0 1 1 1 1 0 0 0 0 0 1 0 1 1 
0 0 0 0 1 1 1 0 1 0 0 1 0 1 0 0 1 1 1 0 0 0 1 0 1 1 0 0 1 1 1 1 0 1 1 1 1 0 1 0 1 1 0 1 1 0 1 0 1 1 1 1 1 0 
1 0 1 0 0 1 1 1 0 1 1 0 0 0 0 0 0 1 1 0 0 0 1 0 1 0 1 0 0 0 0 1 1 1 1 1 0 1 1 1 0 0 1 1 0 1 1 0 1 0 1 1 1 0 
1 0 0 0 0 0 1 0 0 0 1 1 1 0 0 0 1 1 0 0 0 0 1 1 1 0 1 0 0 0 0 1 0 0 0 0 1 1 0 1 1 0 0 0 0 1 1 1 0 1 1 0 0 0 
1 1 1 0 1 1 1 1 0 1 1 0 0 0 1 0 1 0 0 0 1 0 1 0 1 1 1 0 1 1 1 0 0 0 0 1 1 1 0 1 1 0 0 1 0 1 1 0 0 0 0 1 0 1 
1 0 0 0 0 1 0 1 1 0 1 1 0 0 1 0 0 0 0 0 1 1 1 0 1 1 0 1 0 1 0 1 1 0 0 1 1 0 1 0 0 0 1 0 1 0 1 1 0 1 1 1 0 0 
0 1 0 0 0 0 1 0 0 0 0 0 0 1 0 1 1 0 1 1 1 0 1 0 1 0 1 0 1 0 1 1 1 1 0 0 1 1 0 1 0 1 1 0 0 1 1 0 0 0 1 1 1 0 
1 0 0 0 1 0 0 0 1 0 1 1 0 0 1 0 0 1 1 1 1 0 1 0 0 1 0 1 0 1 1 1 0 0 1 1 0 0 1 1 0 0 1 0 0 0 0 0 1 0 0 0 0 1 
0 0 0 0 1 0 0 0 1 0 0 0 1 0 0 0 0 0 0 1 0 0 1 1 1 0 1 1 0 1 0 0 1 0 0 0 0 0 0 1 0 1 1 1 1 0 1 1 0 1 0 1 0 1 
0 1 1 1 0 1 0 0 1 1 0 0 1 0 0 1 1 1 0 0 0 0 0 0 1 1 1 0 0 1 1 0 0 1 1 0 0 1 0 0 0 0 0 1 0 0 0 1 1 1 0 0 1 0 
0 0 1 1 0 1 1 0 1 1 1 0 0 1 1 0 1 1 1 1 0 1 0 1 1 1 0 1 1 1 1 1 1 1 1 0 0 0 0 0 1 1 0 1 0 0 0 0 1 1 1 0 0 1 
1 1 1 1 0 0 0 0 0 1 1 1 1 1 1 1 1 0 0 0 0 1 0 0 1 1 1 0 1 1 0 0 1 1 1 1 1 1 1 1 1 0 0 0 0 1 0 1 0 0 1 0 1 1 
0 0 1 1 1 0 0 1 1 1 0 0 1 1 0 0 1 1 1 1 1 1 1 1 0 1 0 0 1 1 1 1 0 0 0 1 1 0 0 0 0 0 0 1 1 0 1 0 1 0 0 1 1 1 
0 0 0 0 0 1 0 1 0 0 0 0 1 1 0 1 1 0 1 1 1 0 0 1 1 1 1 1 0 1 0 1 1 0 1 1 1 1 0 1 1 0 1 0 1 1 1 0 0 0 0 1 1 0 
0 0 1 0 1 0 1 1 1 0 1 0 1 0 0 1 1 1 0 0 0 1 1 1 0 1 0 0 1 1 0 1 1 1 1 0 1 0 1 0 0 0 1 1 0 1 1 1 0 1 1 0 0 0 
0 0 0 0 0 1 1 0 0 0 0 0 0 1 0 1 0 1 1 1 0 1 0 1 0 0 0 1 1 1 1 1 1 1 1 0 0 0 0 1 0 0 1 0 0 1 1 0 0 0 1 1 1 1 
0 1 1 1 0 0 0 1 1 1 1 0 1 1 0 0 0 0 0 1 0 0 1 1 0 1 1 1 0 0 0 1 1 0 0 1 0 0 1 0 1 0 0 1 1 1 1 0 1 1 1 0 0 0 
1 0 0 1 0 0 1 0 1 1 0 1 0 1 1 1 1 1 1 1 0 1 0 1 1 0 0 0 0 0 1 1 1 1 0 1 1 0 1 1 1 0 0 1 1 0 1 0 1 0 1 1 1 0 
0 0 0 0 1 0 1 0 1 0 1 0 1 0 0 0 1 1 0 0 0 1 0 1 1 1 0 1 0 1 1 0 0 1 0 1 1 1 1 0 1 0 0 0 0 0 1 0 1 1 0 0 1 0 
1 0 1 1 1 1 1 0 1 1 1 1 0 0 1 1 1 0 1 1 1 1 0 0 1 1 1 1 1 0 1 1 1 0 0 0 1 1 1 0 0 0 0 0 1 1 1 0 1 0 1 0 0 1 
0 1 1 0 1 0 0 0 1 1 1 0 0 0 1 1 1 0 1 1 0 0 0 0 0 1 0 0 0 0 1 0 0 0 0 1 1 1 1 0 0 0 0 0 1 0 1 0 0 1 1 0 1 1 
0 0 0 1 0 0 1 1 1 1 0 1 0 1 0 0 1 1 0 0 1 1 0 1 1 0 0 0 0 1 1 1 1 0 0 1 0 1 1 1 1 1 1 1 0 1 1 1 0 0 1 0 1 1 
1 1 1 1 1 0 0 1 1 0 1 1 1 1 0 0 1 1 1 0 1 1 1 0 1 0 0 0 0 0 0 1 1 1 0 0 1 0 1 0 0 0 1 0 0 0 0 1 1 0 1 0 1 0 
1 0 0 1 1 0 1 1 1 0 0 1 1 0 0 0 0 0 1 0 0 1 0 1 0 1 1 1 0 0 1 1 1 0 0 0 0 0 1 0 0 1 1 1 1 1 0 0 0 1 0 0 0 0 
1 0 1 0 1 1 1 0 0 0 0 1 0 1 1 1 1 1 0 0 1 0 0 1 0 0 0 0 0 0 0 0 0 1 0 1 1 1 1 1 1 0 0 1 1 1 0 0 1 1 0 0 1 0 
1 1 0 1 1 1 1 1 1 1 0 1 0 1 1 1 1 0 1 1 0 0 1 0 0 0 1 1 0 0 1 1 1 0 0 0 1 1 1 0 0 0 1 0 1 0 1 0 1 1 0 1 1 1 
1 0 1 1 1 1 1 0 0 1 0 0 1 1 1 1 1 1 1 1 1 0 1 0 1 0 1 1 1 1 0 1 1 1 0 0 0 1 0 0 0 1 0 0 0 1 1 0 0 0 1 1 0 0 
1 1 1 1 0 0 0 0 1 1 1 1 1 1 1 1 1 1 0 1 1 1 0 0 1 0 0 0 1 1 0 1 0 1 0 1 0 0 1 1 1 1 1 0 0 0 1 0 1 0 1 1 1 0 
1 0 0 0 0 0 1 0 1 1 0 1 0 0 1 0 1 0 1 0 0 1 0 1 1 0 1 1 1 0 1 0 0 1 0 0 1 1 1 0 1 1 1 1 1 0 1 0 0 0 1 0 0 1 
0 1 1 1 0 0 0 1 1 0 1 1 1 0 1 0 1 0 1 0 1 0 1 1 0 1 1 1 0 1 1 0 1 0 1 1 1 1 1 0 0 0 1 1 0 0 1 1 0 0 0 0 0 1 
1 0 0 0 0 0 0 1 0 1 1 0 0 0 1 1 0 1 1 0 0 0 0 1 1 1 1 1 1 1 0 0 0 1 0 0 1 0 1 0 1 0 0 0 1 1 1 1 1 1 1 1 1 0 
1 0 1 0 0 0 0 0 0 0 1 0 0 1 1 1 1 0 1 1 0 0 0 0 0 1 1 1 1 0 1 0 0 0 0 0 0 0 1 0 0 0 1 0 1 0 1 0 0 1 1 1 1 0 
1 1 1 0 1 0 0 0 0 0 1 1 1 1 1 0 0 0 0 1 0 0 1 0 0 1 1 0 0 0 0 1 0 1 1 1 0 1 1 0 0 0 1 1 0 1 1 0 1 1 1 1 1 0 
1 0 1 0 0 0 1 0 1 1 1 1 0 1 0 1 0 0 0 1 1 0 0 0 0 1 0 1 1 1 1 0 1 0 1 1 0 0 1 0 1 1 1 1 0 1 0 0 0 0 0 1 0 0 
0 0 0 0 1 1 1 0 1 1 1 0 0 1 0 0 1 1 1 0 0 1 0 1 0 0 1 0 1 0 0 1 0 0 1 0 1 1 0 1 0 1 1 0 1 0 0 0 1 1 1 0 1 1 
1 1 1 0 1 0 0 1 0 1 0 1 1 1 0 1 0 0 1 0 1 0 0 1 0 1 1 1 1 0 0 0 1 1 1 0 0 1 1 0 0 1 1 1 1 0 1 1 0 0 1 1 0 1 
1 0 1 0 0 0 0 0 1 1 0 0 1 0 1 0 0 0 0 1 1 1 1 0 0 0 0 0 1 0 1 0 1 0 0 1 1 0 1 0 1 1 0 0 1 1 1 1 1 1 1 1 0 0 
1 0 0 0 0 0 0 0 0 1 0 1 0 1 1 0 1 1 1 1 1 1 1 0 0 0 1 1 1 1 0 1 0 0 1 0 0 1 0 1 1 1 0 1 0 1 1 0 0 1 1 0 0 0 
0 0 1 0 0 0 1 0 1 1 0 0 0 1 0 0 0 1 1 0 0 0 1 0 0 0 1 1 0 1 0 0 1 1 0 1 1 0 1 1 1 0 1 1 1 1 0 1 0 1 1 1 1 0 
1 1 0 0 1 0 1 1 1 0 0 1 0 1 1 1 0 1 1 0 0 0 1 0 1 0 0 0 1 1 1 0 1 1 0 0 0 1 1 1 1 1 0 1 0 0 1 1 1 0 1 1 1 0 
0 0 0 0 1 1 1 0 1 0 1 1 0 1 0 1 0 0 0 1 1 1 1 0 0 0 1 1 1 0 1 1 0 0 1 1 1 1 1 1 1 1 0 0 0 1 1 1 1 0 0 0 1 1 
1 1 1 0 0 0 0 1 0 0 1 1 0 1 0 1 0 0 0 0 0 1 1 1 0 0 1 0 1 0 1 0 1 0 0 1 0 0 1 0 0 0 0 0 1 0 0 1 0 0 0 0 1 1 
0 1 0 1 1 1 0 0 1 1 0 1 1 1 1 0 1 1 0 1 0 0 0 0 1 0 0 1 1 0 1 1 1 1 0 1 0 0 1 1 0 0 0 1 1 1 1 0 0 1 0 0 1 0 
0 1 0 1 0 1 1 1 0 0 0 1 1 0 1 1 1 1 1 1 0 0 0 1 0 1 1 0 1 0 0 0 1 1 1 0 0 0 1 1 0 0 0 0 0 1 1 0 1 0 1 1 0 0 
1 0 1 0 1 0 0 1 0 0 0 1 0 1 1 1 0 0 1 0 0 0 1 1 0 0 1 1 0 1 1 1 1 0 1 0 1 1 0 1 1 0 1 1 1 0 1 1 0 0 1 0 0 1 
1 0 1 0 0 1 1 1 0 1 0 1 1 1 1 1 0 0 0 1 0 1 0 1 1 0 1 0 1 0 1 0 0 1 1 0 0 0 0 1 1 0 0 1 1 1 0 1 0 0 1 0 0 1 
1 1 1 0 1 0 0 1 1 1 0 0 1 0 0 1 1 0 1 0 1 0 1 1 0 1 0 1 1 0 0 0 1 1 1 0 0 1 1 1 0 1 1 0 0 1 1 1 1 1 1 0 1 1 
0 1 0 0 0 0 0 0 0 1 0 1 1 0 1 1 1 1 0 0 1 0 1 1 0 1 0 1 1 1 0 1 1 1 1 1 1 1 0 1 0 0 1 0 0 0 1 1 1 1 1 1 0 0 
0 0 1 0 1 1 1 0 0 0 1 0 0 0 1 0 1 0 0 0 0 0 0 1 1 0 0 0 1 0 0 1 0 0 1 0 1 0 0 1 1 1 1 1 1 1 1 0 1 1 1 1 1 1 
