47 53 219
93 81 88 24 7 38 48 67 53 51 64 1 28 30 46 85 6 21 99 88 82 98 14 53 48 25 99 35 99 18 13 44 50 52 67 56 89 66 75 42 16 38 94 95 19 39 31 24 11 30 11 92 27 
76 97 75 100 95 9 51 64 73 94 65 24 60 73 13 78 47 6 93 36 99 40 54 90 70 29 100 51 92 44 78 67 40 4 67 86 64 17 49 36 62 65 11 73 37 23 50 83 80 95 70 31 86 
23 20 55 4 19 58 95 14 87 61 5 90 79 90 53 47 90 40 8 55 50 33 43 25 82 26 56 28 47 86 13 70 5 20 73 76 77 19 89 63 79 46 4 10 35 56 56 77 47 16 31 96 100 
73 72 81 50 28 61 97 13 73 18 70 92 42 97 20 60 37 82 90 82 85 99 17 92 7 93 38 74 75 86 25 99 9 57 49 36 17 97 1 90 66 70 33 7 66 53 18 2 86 59 84 23 10 
52 14 68 96 4 93 70 41 17 68 49 73 68 37 90 16 37 31 81 6 63 39 23 15 56 76 53 15 11 75 76 14 40 43 9 95 35 30 35 51 50 36 23 17 72 64 33 8 94 65 65 57 4 
39 23 11 14 27 77 77 1 52 90 93 94 51 87 80 80 74 30 29 9 5 98 32 20 82 39 14 46 55 22 49 45 96 60 10 23 88 86 75 40 28 67 85 78 54 65 57 27 46 38 87 50 35 
18 22 68 8 87 13 62 60 14 58 55 25 67 29 12 53 4 51 32 70 88 9 75 52 17 1 97 54 87 99 40 4 20 7 63 6 72 24 65 37 33 71 61 100 100 24 4 55 27 35 76 14 43 
51 65 11 3 13 65 90 11 56 45 82 15 8 39 38 83 55 74 16 26 86 67 77 9 70 83 35 56 58 100 50 8 64 60 11 29 76 52 39 32 48 73 98 55 11 35 90 66 8 57 43 93 23 
71 53 92 53 40 47 10 39 96 70 55 7 80 83 83 83 73 66 30 45 63 85 56 97 26 73 56 82 15 100 56 37 4 47 89 43 45 50 82 92 19 36 50 50 18 32 32 42 97 62 87 59 98 
42 7 23 14 14 56 80 13 11 16 17 9 56 11 5 5 92 48 24 79 97 73 48 29 5 90 25 66 76 36 15 17 94 37 82 8 44 13 72 54 28 40 14 83 51 18 87 94 65 62 73 61 87 
20 41 91 9 18 8 36 5 22 4 98 10 85 57 53 49 29 58 76 20 71 10 70 88 49 64 4 10 36 16 48 7 57 90 68 26 97 3 30 70 7 27 31 43 84 35 92 64 44 67 83 14 29 
5 53 29 68 8 90 55 24 38 13 32 27 80 57 76 83 86 97 89 64 28 83 99 14 74 62 58 93 97 23 21 1 76 49 20 83 38 26 58 27 38 89 54 70 45 29 52 82 25 92 46 4 74 
44 18 48 58 27 92 54 49 64 6 76 12 77 59 1 2 68 28 91 57 33 60 53 61 63 35 37 54 32 41 80 27 10 79 84 36 70 89 36 33 94 12 96 70 70 48 23 89 27 66 45 59 25 
50 19 40 36 56 93 67 48 24 93 57 2 29 44 23 17 79 7 11 90 2 32 11 2 7 100 28 24 96 87 100 97 57 39 32 12 84 50 11 7 95 67 61 23 62 83 39 41 42 1 82 43 85 
45 96 43 96 24 66 91 62 65 88 18 4 71 82 39 21 92 45 67 11 5 89 72 40 79 64 81 32 98 75 16 42 23 10 37 46 75 79 59 91 18 76 46 89 57 84 61 1 81 27 11 37 67 
34 76 45 50 8 76 47 35 43 88 57 52 76 54 78 54 12 21 72 39 66 12 48 2 72 48 82 50 10 18 16 95 94 12 44 53 40 90 39 82 77 95 86 4 100 15 58 63 35 81 2 53 92 
1 54 15 48 35 64 9 52 31 3 97 94 47 2 33 88 40 67 65 87 4 20 86 18 77 49 5 57 2 57 100 2 10 14 1 44 29 9 47 59 63 44 53 61 45 37 49 84 3 65 70 6 84 
8 76 61 8 80 69 9 36 69 10 45 34 62 40 63 70 86 73 84 29 77 45 25 14 93 9 68 57 30 26 40 89 1 100 96 80 21 4 15 41 65 11 74 26 50 88 47 35 13 31 16 41 75 
40 54 67 100 74 23 82 99 62 70 99 14 66 30 86 69 44 26 86 54 51 11 3 39 58 89 3 88 4 43 14 96 49 80 95 22 54 28 72 15 98 22 80 15 51 65 35 46 42 20 99 93 31 
53 83 40 93 37 79 49 79 92 44 27 71 90 100 24 18 23 90 67 44 22 81 46 38 15 91 80 87 41 24 17 45 58 8 38 94 86 86 72 29 29 51 99 70 2 74 39 25 15 5 20 36 37 
66 26 52 8 5 38 49 80 6 93 37 65 82 30 2 67 53 30 47 55 80 17 57 53 55 33 19 12 52 55 48 69 32 51 29 36 40 77 67 97 21 3 61 3 84 62 21 88 43 20 95 22 88 
51 26 42 35 45 5 38 51 53 59 82 55 87 69 95 15 35 91 35 89 4 89 24 65 62 11 8 81 5 81 68 7 7 61 93 51 66 31 1 70 89 82 24 75 50 18 89 36 61 75 24 64 16 
47 80 77 9 39 9 66 20 76 72 26 88 65 28 53 47 28 74 87 61 50 61 62 19 1 97 79 27 20 94 42 18 74 18 26 12 78 91 83 53 15 60 41 31 87 45 77 66 71 63 26 20 75 
87 38 27 35 69 53 54 62 47 23 87 16 49 51 94 91 33 46 5 93 38 87 79 35 63 45 5 77 22 76 3 61 13 29 95 33 34 1 47 80 23 33 95 23 83 88 14 16 86 70 60 23 57 
90 57 71 86 13 100 8 88 2 68 53 31 14 85 64 14 31 43 89 64 89 11 98 77 76 13 62 98 24 36 54 14 93 76 99 57 75 58 45 77 25 97 59 91 81 22 4 64 16 92 79 4 55 
76 32 30 41 93 27 64 81 32 29 73 8 28 29 34 85 25 10 62 21 68 52 54 41 7 69 8 51 47 64 5 74 95 86 66 40 65 82 20 96 10 44 55 37 24 89 74 49 50 35 21 70 38 
74 10 44 94 70 94 92 33 98 66 27 36 83 18 100 64 37 95 74 32 2 62 56 90 35 4 91 69 76 60 6 2 22 2 95 91 95 87 23 45 4 1 80 86 19 31 50 7 25 75 39 78 36 
94 19 71 49 10 91 76 69 97 77 90 50 72 32 44 10 54 40 13 7 19 98 77 49 99 83 26 73 73 3 9 18 74 31 18 83 21 94 51 69 70 93 18 41 24 62 50 30 1 14 88 72 12 
64 72 62 98 49 87 71 4 95 40 77 25 58 59 97 51 61 66 20 53 83 13 29 44 14 10 97 28 97 20 91 60 91 52 9 92 38 31 95 84 71 71 60 28 81 57 30 41 22 49 46 4 13 
26 100 27 35 96 54 31 67 44 42 57 95 50 48 85 81 94 68 3 64 28 82 96 84 11 89 57 11 34 60 24 59 59 50 45 6 55 75 72 98 16 81 44 17 80 28 49 74 48 51 89 27 84 
85 62 94 73 18 5 58 29 80 68 88 29 12 45 35 86 69 32 53 49 27 21 80 7 70 5 54 72 94 80 56 30 93 49 54 10 5 11 38 84 30 77 64 41 74 98 78 42 81 82 42 8 2 
73 14 23 78 19 95 71 50 50 52 42 50 5 3 7 67 40 42 48 69 58 88 42 55 17 35 88 98 28 47 51 100 12 74 77 30 20 99 31 69 50 72 70 6 74 28 24 65 70 71 33 27 10 
26 33 26 60 20 75 87 18 26 39 29 51 15 10 70 14 40 90 15 63 11 73 88 39 96 53 8 19 37 34 28 15 18 6 26 90 80 65 7 57 3 36 59 17 45 28 82 37 17 49 99 28 21 
87 18 68 91 25 38 27 10 66 41 27 23 19 16 54 83 23 11 85 10 69 53 6 49 87 42 17 35 41 44 7 27 13 26 17 37 64 95 98 81 88 25 3 6 92 56 88 14 18 24 75 87 76 
81 35 62 22 51 48 14 47 54 40 59 32 8 48 95 55 45 75 94 21 77 99 13 32 38 78 2 61 53 88 88 33 74 2 6 76 49 20 74 55 59 85 86 19 32 80 25 28 6 18 49 82 16 
61 65 5 38 66 17 42 5 4 74 30 5 80 6 6 99 31 12 9 15 97 79 98 28 55 78 85 72 26 18 39 38 34 43 27 100 59 69 56 15 94 38 71 25 43 76 75 25 87 36 92 35 66 
89 14 21 66 98 92 43 15 31 32 49 25 59 100 36 79 7 50 24 44 20 49 38 48 75 63 34 10 54 21 76 94 34 96 12 84 39 6 50 21 38 98 46 48 49 33 78 8 82 1 51 53 1 
41 100 76 3 86 85 8 58 12 53 43 59 64 26 98 22 76 18 59 25 15 58 26 99 35 33 32 87 35 85 88 75 36 15 29 73 99 36 30 63 89 73 21 4 50 18 25 77 88 35 54 54 44 
79 53 30 63 36 17 97 20 56 72 8 70 100 32 20 88 14 82 28 38 3 31 87 72 8 16 11 94 69 17 90 47 21 19 9 56 87 57 28 42 28 35 63 80 18 83 67 31 16 94 68 70 76 
7 94 35 22 4 81 90 72 70 36 92 88 96 48 75 52 75 68 32 61 31 63 78 65 29 61 32 74 28 2 1 34 47 88 55 50 20 44 22 89 31 65 28 78 12 54 82 38 74 65 98 56 27 
28 20 7 88 3 32 67 4 84 1 50 71 7 52 42 3 25 30 33 89 10 63 53 15 44 90 88 60 88 43 86 67 14 44 6 17 75 72 72 58 72 22 81 31 25 22 33 1 4 17 89 65 79 
93 79 74 83 19 33 22 61 18 88 27 61 45 43 87 16 14 45 40 87 77 70 63 98 2 63 53 18 4 17 49 96 48 22 78 66 55 51 78 24 90 4 85 34 98 71 50 12 67 89 50 43 10 
13 93 63 27 45 80 30 14 80 78 61 2 55 78 56 58 55 79 47 11 15 81 8 38 30 71 4 70 21 99 79 85 43 41 11 39 72 93 52 52 70 64 53 76 93 60 33 100 90 80 10 5 60 
69 42 89 40 97 10 12 47 88 96 89 80 58 80 3 50 83 54 19 99 58 47 91 17 79 42 7 58 51 63 17 20 56 57 11 4 18 22 51 57 69 91 36 26 70 39 28 5 44 98 3 2 44 
93 70 23 35 28 32 37 90 1 8 45 9 70 49 27 91 51 83 11 93 19 89 15 9 16 19 52 65 21 5 9 65 75 83 51 2 14 40 92 66 47 88 75 17 88 1 59 38 83 70 83 53 58 
97 61 25 15 65 89 35 69 49 51 43 31 2 97 97 41 40 62 39 27 36 55 67 88 66 56 71 35 38 75 44 34 88 68 48 52 8 34 72 57 85 15 39 86 63 87 26 2 49 16 80 36 23 
46 24 88 2 46 74 91 72 69 25 59 88 72 10 95 6 82 51 90 48 42 27 62 28 4 63 28 19 94 16 41 92 91 80 45 36 53 35 7 21 59 18 8 31 79 55 88 12 57 29 59 98 55 
1 1 1 1 0 1 1 1 0 0 1 1 0 0 0 0 1 0 1 0 0 1 0 0 0 0 0 0 0 0 0 0 1 1 1 1 0 0 1 0 0 0 0 0 1 0 1 0 0 0 0 0 1 
0 0 1 0 1 1 1 1 1 1 0 0 0 1 0 1 0 1 1 1 1 0 0 1 1 0 1 1 0 0 0 0 0 1 1 1 0 0 0 1 1 0 1 1 0 1 0 0 0 0 1 1 0 
1 0 1 1 0 0 1 0 0 0 0 1 1 0 1 1 0 0 0 1 1 1 1 0 0 1 1 0 1 0 0 0 1 1 0 1 1 1 1 1 1 1 0 0 1 1 1 0 1 1 1 0 1 
0 0 1 1 1 1 0 0 1 1 1 0 1 0 1 0 1 0 0 0 0 0 0 1 0 0 0 1 1 0 0 1 0 1 0 0 0 1 0 1 0 1 1 1 1 0 1 0 0 1 0 0 0 
0 1 0 0 1 1 1 1 0 0 0 1 1 0 0 0 0 1 0 1 1 1 0 1 0 0 0 0 0 0 0 1 0 0 1 1 1 1 1 1 1 1 1 0 1 1 0 1 0 0 0 1 1 
0 1 0 0 1 0 0 1 0 1 1 0 1 1 1 0 0 1 1 1 0 0 0 1 0 1 1 1 1 1 0 1 0 0 1 1 0 1 0 0 1 0 0 0 1 0 0 1 1 1 0 1 1 
0 0 0 1 1 1 0 0 1 1 0 0 0 1 0 1 0 1 0 0 1 0 1 1 0 0 0 0 0 1 1 0 1 1 1 1 0 1 1 0 0 0 0 0 1 0 1 1 1 0 1 1 0 
0 0 1 0 1 1 0 0 0 0 0 0 1 1 0 0 0 0 0 0 0 0 0 1 0 1 0 0 1 1 0 1 0 1 0 1 0 0 1 1 1 1 1 0 0 1 1 1 0 1 1 0 0 
1 1 0 1 0 0 0 1 0 1 1 0 1 0 0 0 0 1 1 1 0 1 0 0 0 1 0 0 0 0 0 0 0 0 1 0 0 1 1 0 0 1 0 0 1 1 0 1 0 1 1 1 0 
1 1 1 0 1 1 0 1 1 0 1 1 1 1 1 0 1 1 1 0 0 1 1 1 1 1 1 0 0 0 0 1 1 1 1 0 0 1 0 1 0 1 0 1 1 1 0 0 1 1 0 1 0 
1 0 1 0 1 1 0 0 1 1 1 1 0 0 1 0 0 1 0 1 1 1 0 1 1 0 0 0 0 1 0 0 1 1 0 0 0 1 0 0 0 0 1 1 0 0 1 0 1 1 1 1 0 
0 0 0 0 0 0 1 1 1 1 0 0 1 0 1 0 1 1 1 1 0 0 1 0 1 1 0 0 0 1 0 0 1 0 1 1 1 0 0 0 1 0 0 0 0 1 1 1 0 0 0 0 0 
1 1 1 0 1 1 1 0 1 1 1 0 0 0 1 0 0 1 1 0 1 0 0 1 1 0 1 1 0 0 1 0 1 0 0 0 1 1 0 0 1 1 0 1 1 1 0 1 0 1 1 0 1 
1 1 0 1 0 1 0 0 0 0 1 0 0 1 1 0 1 0 1 0 0 0 1 0 0 0 0 0 1 0 1 1 1 0 0 0 1 0 0 0 0 0 0 1 1 0 1 1 0 0 1 0 0 
1 0 1 1 1 1 1 1 0 0 1 0 0 1 0 1 1 0 1 1 0 0 1 0 1 0 0 1 1 1 0 0 1 1 0 0 0 1 0 0 1 1 1 1 0 1 0 1 1 0 1 1 0 
0 0 0 0 0 1 1 1 1 0 1 0 0 1 0 1 1 1 0 0 0 1 0 1 0 0 0 0 1 1 0 1 1 0 1 0 0 0 1 1 0 0 0 0 0 0 1 1 1 1 0 1 1 
0 0 1 0 0 1 1 0 1 0 1 0 1 1 0 0 1 1 0 1 1 1 1 0 0 1 1 0 1 1 1 1 1 0 0 0 1 1 0 0 0 1 0 1 1 0 1 0 0 0 1 1 1 
1 1 1 0 1 1 1 0 0 0 1 0 0 1 1 0 1 0 0 1 0 1 0 1 1 0 1 1 1 0 0 0 0 1 0 1 1 1 1 1 0 0 0 0 0 1 0 1 1 0 0 0 0 
0 1 1 0 0 0 0 0 0 0 0 1 1 1 0 0 0 0 0 1 0 1 1 1 1 0 1 0 1 1 0 1 0 1 0 0 1 0 0 1 0 1 0 1 0 1 0 1 1 0 0 1 1 
1 0 1 1 1 1 0 0 1 0 0 0 0 0 1 0 1 0 0 0 0 0 0 1 0 1 0 0 1 1 0 0 0 1 0 1 0 0 0 1 0 0 1 0 1 0 0 0 0 1 0 0 1 
0 0 1 0 0 1 1 0 1 0 0 0 0 1 0 0 1 1 1 0 0 1 1 0 0 1 0 1 1 1 0 1 1 1 1 1 0 1 1 0 1 1 0 1 1 1 1 0 0 0 0 1 0 
1 1 0 0 0 1 1 1 1 1 0 0 0 1 0 1 1 0 0 0 1 1 1 0 1 0 0 1 0 1 1 0 1 1 0 1 0 0 0 1 1 0 1 1 1 0 1 0 0 1 1 1 1 
0 1 0 0 0 1 1 1 1 1 0 0 1 1 1 1 1 0 0 1 0 0 1 0 1 1 0 0 0 0 1 1 1 1 1 1 1 0 1 0 1 1 0 1 1 1 0 0 0 1 0 0 1 
1 0 0 0 0 0 1 0 0 0 0 1 1 1 0 0 0 0 1 0 1 0 1 0 1 1 0 0 1 0 1 0 0 1 1 1 1 0 1 1 0 1 1 1 1 1 1 1 0 1 1 1 1 
0 1 0 0 0 0 1 0 1 0 1 0 1 0 0 1 1 1 1 1 0 0 0 0 0 1 0 1 1 1 0 1 0 1 1 0 1 1 1 1 1 0 1 0 0 1 1 1 1 0 0 1 0 
0 1 0 0 1 1 1 0 0 0 1 1 0 1 0 1 0 1 0 0 1 0 0 0 1 0 1 1 0 1 1 1 0 0 1 0 1 0 0 1 0 1 0 0 1 1 1 1 0 1 0 1 1 
0 0 0 0 1 1 1 0 1 0 1 1 1 1 0 1 1 0 1 1 0 0 0 1 1 1 0 1 1 1 0 0 1 1 0 1 0 1 1 1 1 0 0 0 1 1 1 1 1 1 0 1 1 
0 1 0 1 1 1 1 0 0 1 0 1 1 1 1 1 0 1 0 1 1 1 0 0 0 1 1 1 1 1 0 1 0 1 1 1 0 0 1 0 1 1 1 0 0 1 1 1 0 0 0 1 1 
0 0 1 0 1 1 1 0 1 1 0 0 0 1 1 0 1 1 1 0 1 1 1 0 1 0 0 1 0 1 0 0 1 1 0 1 0 0 1 0 1 0 0 1 1 1 1 0 1 0 1 0 1 
0 0 0 0 0 1 0 1 1 0 1 1 1 0 1 1 1 1 0 1 0 1 1 1 0 1 0 0 0 0 1 0 0 0 0 0 1 0 0 1 1 1 0 0 1 1 1 0 1 1 0 1 0 
1 0 0 0 1 0 1 1 1 1 0 1 0 0 1 0 0 0 1 1 0 1 0 1 0 1 0 1 1 1 1 0 0 1 0 1 1 1 0 1 1 0 0 1 1 1 1 1 1 1 1 1 0 
1 1 1 0 1 0 1 1 0 1 1 1 0 0 1 1 0 0 0 1 0 1 0 0 1 1 1 0 0 1 0 0 0 1 0 1 0 0 0 0 1 1 1 1 1 0 1 0 0 1 1 1 1 
1 1 0 0 0 0 1 1 0 1 1 0 1 1 0 1 1 0 1 1 1 0 0 0 1 0 0 1 1 1 0 0 0 0 1 1 0 0 0 0 1 0 0 0 1 0 0 0 0 1 1 0 1 
0 0 1 0 0 0 0 0 0 0 0 0 1 1 0 1 0 0 0 0 1 1 1 1 1 1 0 0 1 0 1 1 0 0 1 0 0 1 0 0 0 1 0 1 0 0 1 0 1 1 0 0 0 
1 1 1 1 1 1 0 1 1 1 1 1 0 0 0 0 0 0 0 1 1 1 0 1 0 0 0 0 1 0 0 0 0 0 1 1 1 1 1 0 0 0 0 1 0 0 1 1 0 1 0 1 0 
0 1 1 1 1 1 0 0 1 0 0 1 0 1 1 1 0 1 0 1 1 1 1 1 0 0 0 1 1 1 1 1 0 0 0 0 1 0 0 1 1 0 0 1 1 1 0 0 1 0 1 0 1 
0 0 1 1 0 0 0 1 0 1 0 0 0 0 0 0 0 1 1 0 1 0 1 1 1 1 0 1 0 0 1 1 0 0 0 0 1 0 0 1 1 0 1 1 0 1 0 0 0 1 0 0 0 
1 1 1 1 1 0 1 1 1 0 0 0 0 0 1 0 0 0 0 0 1 1 0 1 1 0 1 1 0 1 1 0 0 0 1 1 0 0 1 0 1 1 0 1 1 1 0 0 1 0 0 0 1 
1 1 1 1 1 0 0 0 1 0 1 1 1 0 1 1 1 1 0 0 1 0 0 0 0 0 1 0 0 0 1 1 1 0 1 0 0 1 1 1 1 0 0 0 0 0 1 0 1 0 0 1 0 
0 1 0 0 1 0 1 1 1 0 0 0 1 1 0 0 0 0 1 0 0 1 0 0 1 0 0 1 1 1 1 1 0 1 0 1 1 1 0 0 1 1 0 1 0 1 1 0 1 1 0 1 0 
0 0 1 1 0 0 0 1 1 1 1 0 1 1 1 0 1 0 0 0 0 1 0 1 0 0 0 1 0 0 0 1 0 1 0 0 0 0 1 1 1 0 0 1 1 1 1 1 1 1 1 0 0 
0 1 1 0 0 0 1 0 0 0 0 0 0 0 0 0 1 1 1 1 1 0 1 1 0 0 0 1 1 0 0 1 0 1 0 0 1 1 0 0 1 0 0 1 0 0 1 1 1 0 0 1 1 
1 0 1 1 0 0 1 1 0 0 1 1 0 1 1 1 1 1 0 1 1 1 1 1 0 0 0 1 0 1 0 0 1 1 1 0 1 0 1 0 1 0 1 1 1 0 1 0 1 1 1 0 1 
0 1 1 0 0 0 0 1 0 0 1 1 0 1 1 0 0 1 1 0 0 1 1 1 0 1 0 1 0 1 0 0 0 0 0 0 0 0 0 1 1 1 0 1 0 1 1 0 0 1 0 1 0 
1 0 0 0 0 1 0 1 0 0 0 0 0 0 0 0 0 1 1 1 0 0 1 1 0 1 0 1 1 1 1 0 1 1 0 1 0 0 1 0 0 1 0 0 1 1 1 0 0 0 1 0 1 
1 0 1 0 0 0 0 1 1 0 0 0 1 1 0 1 0 1 0 1 1 0 1 0 1 1 1 0 0 1 1 1 1 0 0 1 0 0 0 1 0 0 1 1 0 1 1 0 0 1 0 0 1 
1 0 1 0 1 1 0 1 0 0 0 0 0 0 0 0 0 1 0 1 0 0 1 1 1 1 0 0 1 0 1 0 0 0 0 0 1 1 1 1 1 1 1 1 1 1 1 0 0 1 1 0 1 
