59 62 2963
94 73 14 47 58 98 22 68 79 90 85 31 62 15 18 70 80 55 30 98 51 80 14 36 4 6 60 83 2 73 41 95 45 6 93 54 55 14 21 34 56 57 16 17 72 33 86 3 87 68 100 38 99 65 25 2 22 84 84 23 8 76 
70 4 33 62 10 88 76 30 73 83 39 88 99 10 20 37 12 7 56 63 96 54 27 20 55 48 55 91 23 63 18 92 18 51 53 27 38 80 57 10 62 47 49 13 56 68 49 19 26 4 81 21 57 7 92 63 6 47 5 28 61 23 
71 78 25 24 57 62 55 13 23 69 11 71 81 66 90 29 84 16 84 16 88 92 22 80 6 79 78 11 59 90 85 29 19 9 4 75 22 59 39 96 27 49 66 59 14 55 39 49 22 22 64 10 65 37 41 70 68 70 32 26 11 68 
54 29 76 58 4 49 68 42 44 46 91 61 4 56 68 42 57 89 15 72 50 79 61 42 100 28 63 32 53 73 99 6 2 27 15 57 27 82 50 23 27 92 83 82 48 50 23 56 91 37 27 92 67 87 86 67 14 100 98 18 73 48 
24 26 26 38 34 5 72 83 27 50 75 9 32 74 11 54 29 53 43 7 96 9 46 33 75 11 33 24 29 57 24 4 34 1 93 67 5 64 1 83 14 75 92 97 48 54 50 28 58 44 87 53 5 32 86 79 94 70 55 22 26 30 
25 59 82 70 77 87 33 77 21 98 52 64 46 51 17 96 31 74 91 17 79 95 100 16 26 93 85 32 67 10 61 43 20 42 12 96 80 97 24 1 46 27 64 92 78 33 39 60 58 29 28 88 24 79 3 1 23 87 32 89 48 92 
32 67 85 43 14 17 91 38 69 37 64 84 28 93 16 66 4 26 46 31 13 21 61 68 21 84 6 52 72 54 95 55 72 80 50 38 48 40 75 16 76 90 99 55 35 67 72 38 44 70 21 8 90 81 75 11 64 81 62 88 34 57 
42 57 88 43 94 35 83 20 2 10 62 52 17 96 70 88 33 13 57 5 21 99 86 47 9 1 27 22 40 12 30 34 69 17 76 14 3 58 34 56 20 95 8 36 42 77 23 26 42 32 31 14 30 16 60 90 68 87 11 8 98 93 
93 18 61 68 32 64 78 17 71 97 63 30 32 56 7 6 81 100 89 11 13 70 78 24 59 46 10 22 5 60 14 49 29 74 16 12 89 93 80 60 89 42 89 72 97 47 78 78 98 66 40 10 88 18 34 46 15 95 67 71 6 32 
19 35 6 34 46 94 79 78 5 19 19 94 91 68 92 20 97 90 37 88 99 24 5 84 22 19 31 88 41 36 72 59 22 77 45 20 22 75 97 27 93 67 20 35 86 11 54 34 100 91 22 51 66 26 86 87 97 68 27 37 4 98 
48 77 26 44 48 47 18 44 73 10 63 44 45 48 55 50 82 6 92 3 8 58 80 94 96 76 13 22 65 68 71 12 45 96 55 92 43 24 88 67 33 50 11 29 97 17 79 30 74 70 32 82 79 12 27 75 39 39 48 3 7 19 
66 3 66 72 46 60 95 33 27 80 82 89 8 31 5 86 60 30 8 44 11 86 7 89 60 45 80 8 100 86 78 17 40 95 89 85 55 35 18 33 66 51 73 74 33 29 11 45 58 18 40 21 56 46 9 15 90 40 74 41 77 3 
58 16 98 98 1 4 84 70 88 50 72 60 75 57 88 85 1 45 55 40 65 10 37 26 76 26 65 2 19 94 4 76 9 53 73 61 56 56 82 43 57 6 54 31 62 41 68 14 38 22 5 2 83 41 79 10 18 96 11 36 89 67 
11 49 71 35 10 79 43 91 73 99 96 27 30 9 67 97 22 4 70 78 58 4 18 88 13 88 35 76 23 23 94 86 72 64 72 33 42 14 75 15 13 23 41 42 31 59 90 5 15 11 82 72 14 52 11 26 91 46 53 65 20 46 
50 91 10 22 75 3 35 50 17 99 72 9 92 54 68 81 10 82 91 92 5 4 95 15 82 85 60 86 49 80 32 51 22 93 24 49 95 10 98 12 9 21 72 100 26 39 33 36 72 23 79 28 79 73 43 12 9 54 97 9 85 28 
11 59 20 34 7 15 96 56 78 4 76 49 55 1 40 87 88 63 62 66 91 40 90 85 3 50 38 99 59 75 27 21 33 98 7 39 64 2 94 93 57 21 94 11 73 85 50 61 47 11 26 89 2 16 73 4 17 11 2 75 37 80 
48 69 30 54 7 45 55 52 38 11 72 31 73 44 15 74 4 13 84 82 2 37 49 74 40 65 36 94 92 72 25 39 40 6 92 98 51 98 49 88 60 72 70 32 16 36 6 71 48 41 52 49 30 100 75 21 17 10 14 8 34 91 
46 25 96 89 23 46 86 23 85 45 95 54 28 10 89 85 80 89 26 84 37 55 35 63 75 51 25 41 10 58 83 7 82 78 95 56 76 32 79 60 76 73 14 56 34 54 40 65 42 17 48 31 71 35 93 98 85 69 90 47 26 72 
53 60 49 48 15 76 79 93 36 7 17 1 62 50 54 1 67 48 70 66 30 92 100 74 89 37 43 30 83 68 1 35 79 2 34 94 77 13 38 64 71 55 64 84 56 70 36 74 17 5 40 98 97 91 71 85 27 13 67 61 33 67 
48 11 20 81 56 97 45 94 60 15 100 76 98 55 45 34 29 13 90 20 10 86 10 80 23 37 45 89 49 77 7 96 39 27 77 95 75 21 40 86 88 39 61 37 45 5 22 73 17 12 44 78 97 54 58 19 42 2 59 90 30 66 
86 20 92 62 66 18 34 5 3 21 43 64 58 88 20 79 12 89 42 56 66 39 61 75 9 2 76 68 91 57 33 76 77 76 89 42 93 23 99 47 95 41 10 52 80 82 83 44 70 76 51 87 14 11 62 75 12 89 42 2 98 26 
78 74 53 66 67 97 40 65 43 35 58 5 38 89 38 72 32 59 48 82 45 61 92 58 87 55 47 28 57 44 5 86 69 57 51 87 5 91 52 100 77 61 4 14 49 41 86 81 99 33 14 95 45 58 53 32 12 51 11 68 94 16 
53 14 24 56 100 81 98 3 80 74 63 35 87 64 27 24 44 77 56 9 71 53 66 75 84 78 25 46 97 18 13 2 83 89 57 83 69 6 37 48 79 100 82 17 63 8 41 58 84 48 66 6 100 84 81 35 13 5 81 61 75 93 
62 57 81 70 91 1 75 28 48 53 79 81 22 93 40 62 50 75 9 67 81 9 2 13 95 14 17 75 75 43 20 88 52 52 58 42 53 84 21 52 89 99 33 10 43 24 71 44 99 31 11 31 39 64 43 34 78 11 60 4 54 31 
43 57 83 52 98 87 36 71 38 24 21 22 33 64 98 55 7 96 85 69 78 76 33 72 61 62 82 20 17 87 3 59 43 85 11 93 23 46 15 12 21 35 34 53 50 31 59 57 78 43 25 7 70 9 78 30 70 11 2 38 98 4 
97 92 40 59 36 14 56 50 25 76 37 58 80 86 40 38 42 69 32 19 75 2 79 4 83 1 15 84 38 64 39 34 7 30 44 43 43 99 44 68 74 80 77 53 66 17 42 59 37 26 29 64 27 8 67 9 8 33 45 97 96 83 
31 3 13 74 97 7 25 92 74 98 72 51 3 89 19 96 99 55 21 80 70 47 87 37 8 46 69 4 42 17 38 24 71 2 50 19 9 26 10 82 23 33 84 77 73 2 73 72 9 93 51 78 92 89 66 51 86 87 54 79 3 91 
3 73 93 4 43 53 29 52 86 3 85 70 80 57 23 4 80 31 96 30 61 39 70 78 89 55 64 94 34 18 37 88 42 81 91 84 33 71 36 18 25 72 87 4 28 62 59 8 44 55 89 4 45 59 34 86 13 97 79 98 15 15 
85 8 47 27 92 79 97 27 97 22 98 35 77 77 96 36 36 40 42 77 95 86 35 28 23 99 77 2 97 43 68 33 50 15 60 41 45 8 19 93 81 16 80 58 45 27 45 80 18 38 56 13 23 42 92 98 93 20 51 41 62 18 
73 64 84 84 56 81 92 75 73 72 42 4 81 86 31 25 18 48 62 25 12 37 19 56 34 11 75 84 3 89 53 75 4 89 59 59 69 2 33 93 73 75 97 54 12 79 30 81 26 92 6 38 80 24 93 13 86 19 48 88 7 52 
62 62 40 72 21 60 73 53 53 98 79 1 3 43 79 32 23 4 75 80 93 54 3 37 66 88 8 65 75 66 17 89 28 56 12 48 68 85 52 20 34 83 72 36 25 50 19 99 5 94 79 50 47 81 86 65 21 45 29 95 11 97 
35 38 5 47 85 72 83 88 91 16 70 14 3 94 63 21 93 19 14 23 68 13 3 6 77 23 50 57 70 60 54 4 49 58 50 85 29 32 73 71 99 42 84 1 88 98 74 32 16 39 54 84 51 8 41 27 83 90 36 4 2 89 
59 2 46 9 87 74 92 11 96 43 4 79 95 91 28 68 74 43 59 79 78 9 87 18 88 21 60 23 24 13 63 82 14 8 42 52 33 86 62 28 80 18 58 74 60 85 94 34 79 52 12 57 12 50 26 51 22 85 25 97 97 87 
31 63 94 24 66 78 9 80 57 88 97 66 14 56 50 7 89 81 10 53 37 73 54 62 76 28 99 100 24 47 87 54 9 32 78 75 62 38 54 18 78 50 84 43 57 85 1 46 65 10 50 53 34 55 67 9 82 65 9 6 11 47 
11 20 30 40 46 91 78 51 61 7 52 96 49 8 32 49 5 97 10 6 1 95 61 67 4 94 31 64 99 94 62 62 13 91 1 10 82 30 12 94 88 63 89 88 22 20 36 27 68 97 32 69 92 44 87 47 38 70 62 88 63 23 
49 27 65 2 36 98 31 99 91 71 61 79 58 82 99 46 60 18 42 92 86 85 87 25 83 24 94 96 64 8 18 12 34 83 65 21 32 48 19 23 18 79 1 75 12 51 20 72 21 14 15 58 50 1 82 33 77 27 28 40 34 98 
3 67 32 68 39 63 15 57 85 32 87 38 58 99 40 78 22 60 91 36 18 40 88 51 24 16 78 4 55 11 1 58 30 32 77 68 46 91 25 31 74 63 20 31 13 59 60 34 71 2 21 40 94 9 90 17 24 67 20 31 30 72 
40 59 55 16 26 1 58 2 31 83 65 2 13 77 12 25 63 82 26 83 73 19 43 63 88 19 81 59 1 10 31 40 68 85 7 46 37 16 47 19 98 63 20 62 92 32 86 54 65 12 88 38 82 83 52 69 1 32 28 53 42 10 
44 61 46 50 6 83 65 5 1 14 67 73 75 58 56 13 11 72 24 51 9 5 33 12 26 33 44 5 37 37 14 80 97 59 29 3 93 45 59 46 10 25 18 36 35 73 48 97 44 71 47 5 28 79 16 5 63 11 9 99 47 22 
78 44 32 58 98 77 54 56 22 63 32 39 99 66 63 46 63 58 69 9 14 48 88 82 52 2 92 60 1 39 33 78 34 16 88 31 92 41 38 65 4 69 55 2 35 17 99 49 27 67 57 40 14 96 21 17 98 65 28 50 3 12 
27 36 28 14 18 71 7 7 36 10 75 90 63 61 59 61 9 37 80 18 28 45 65 1 62 14 65 89 63 19 53 42 6 80 55 75 2 13 81 37 22 55 79 36 68 89 49 28 77 28 97 4 72 62 4 85 75 20 26 38 38 78 
79 95 57 85 69 10 50 49 99 71 4 77 59 23 17 7 50 93 34 47 96 57 60 52 42 34 71 67 23 61 96 53 55 52 90 24 13 91 72 11 61 27 87 71 49 55 77 51 47 10 97 95 19 56 46 60 41 68 78 16 28 73 
20 35 76 61 58 88 51 81 99 64 8 37 34 8 44 11 58 90 72 6 36 90 61 33 1 54 1 30 21 80 2 40 14 29 53 71 69 3 52 19 18 11 7 52 70 50 14 28 92 37 33 27 79 46 60 79 51 12 9 71 91 62 
62 5 43 14 27 11 69 30 81 86 40 87 37 62 37 2 89 28 39 73 54 17 18 65 95 20 76 55 90 67 69 52 23 63 17 49 73 85 31 5 71 22 91 7 83 27 9 71 6 47 96 60 15 65 76 9 85 4 16 74 22 36 
77 44 98 94 44 22 78 74 26 100 96 16 7 78 95 67 1 100 65 96 11 79 60 87 39 96 90 6 22 11 93 98 6 90 43 49 63 73 23 88 72 70 56 30 47 50 48 47 49 12 94 60 42 6 98 33 1 39 90 22 1 83 
20 6 24 14 54 87 86 28 74 10 97 81 39 96 30 39 42 31 2 88 42 44 93 91 28 93 29 17 15 29 51 86 34 75 51 39 61 89 19 86 98 67 19 88 62 48 26 56 30 28 43 23 23 35 13 2 79 41 70 45 21 21 
82 6 47 33 97 7 21 15 44 70 81 62 9 43 62 87 50 43 66 92 66 40 78 30 41 8 23 62 53 43 34 34 1 80 18 97 38 90 63 82 11 95 95 20 89 8 58 38 51 23 81 68 14 58 97 54 66 19 67 70 14 1 
55 14 80 73 10 70 14 24 3 25 18 97 96 7 5 53 96 7 27 77 74 40 34 70 45 51 41 11 72 54 11 27 67 43 51 28 12 64 51 66 40 20 62 35 78 18 39 74 76 65 50 49 4 83 71 48 86 11 11 57 16 73 
35 82 15 85 61 78 1 63 95 92 82 9 27 60 78 17 33 54 82 82 54 37 16 76 37 1 38 47 10 53 19 44 86 86 81 46 15 33 8 10 24 90 18 2 49 95 19 33 100 100 14 54 36 81 29 72 82 67 70 43 71 89 
86 57 26 18 2 92 50 10 1 74 51 70 75 51 17 93 83 16 44 48 69 32 28 50 55 61 68 25 3 38 65 41 94 90 58 96 81 60 57 34 33 7 3 59 9 71 4 91 87 47 90 55 30 17 56 85 30 23 9 84 61 73 
24 6 14 34 53 46 93 9 79 77 67 34 87 75 4 90 17 42 89 6 97 18 75 4 2 56 27 62 39 39 86 15 96 99 48 49 45 92 9 75 20 76 60 6 2 16 48 19 57 88 76 5 57 2 9 11 57 87 72 96 25 58 
10 20 8 9 20 52 52 29 79 71 4 38 28 57 53 27 27 10 14 3 66 71 56 74 33 13 60 4 60 36 13 69 8 21 29 27 24 80 55 54 2 10 92 29 67 96 56 45 57 21 99 23 43 55 48 75 67 8 31 26 95 95 
46 2 67 26 29 91 5 35 44 58 45 87 38 63 35 45 7 43 66 6 17 60 60 65 35 78 24 17 55 18 11 100 20 78 25 100 20 81 34 15 90 30 54 27 92 40 24 51 82 89 8 99 100 19 15 86 96 38 2 50 55 65 
1 26 42 77 25 13 9 11 27 98 40 32 76 84 71 99 34 5 39 41 55 39 59 69 24 6 6 26 7 12 90 7 38 83 83 14 47 91 24 25 40 64 57 15 47 79 14 32 83 52 24 37 42 34 57 66 39 14 43 45 26 84 
3 15 18 85 80 64 27 4 88 66 19 44 32 17 75 97 48 57 1 23 46 42 56 2 59 94 68 1 90 93 84 92 59 1 28 38 64 54 93 4 71 11 99 54 79 73 51 26 30 3 48 27 44 55 80 3 48 47 55 89 91 39 
80 49 91 59 39 55 64 83 10 86 94 8 40 72 81 42 50 62 44 49 88 39 4 19 93 3 66 48 92 56 38 23 5 28 82 95 34 97 77 43 83 22 51 22 46 83 15 95 44 58 43 83 48 98 1 41 1 66 40 92 22 77 
66 78 56 99 24 90 96 100 32 78 22 34 51 67 16 65 13 59 74 7 93 73 5 94 13 5 11 4 48 32 32 65 61 88 64 84 77 11 84 60 40 57 94 90 75 9 6 39 68 79 45 60 51 49 5 16 5 16 71 4 99 3 
21 60 90 36 95 18 46 30 77 37 86 70 26 12 31 83 50 98 13 95 9 15 95 66 82 52 81 53 7 31 55 27 90 96 14 85 13 11 66 41 47 52 11 24 15 41 6 65 90 18 11 50 33 57 67 14 60 99 18 19 30 72 
97 71 19 11 7 31 21 73 72 68 76 34 43 90 26 49 6 67 18 68 68 50 77 35 16 88 33 33 6 62 57 3 85 75 13 91 58 85 63 81 4 90 14 47 80 91 95 37 57 12 5 24 14 33 10 81 20 43 65 26 56 21 
1 1 1 1 0 0 1 0 0 1 0 1 1 1 1 1 1 1 0 1 0 1 1 0 1 1 0 0 0 1 0 1 1 1 0 1 1 1 1 1 0 1 0 1 0 1 0 0 0 1 1 1 0 1 1 0 0 1 0 0 0 0 
1 1 0 1 0 1 0 0 1 1 1 1 0 0 1 1 0 1 0 1 0 0 0 1 0 0 0 0 0 1 1 1 0 1 0 1 0 1 1 1 0 0 1 0 0 0 1 0 1 1 0 0 0 0 1 0 1 0 1 1 1 0 
1 1 1 1 0 1 0 1 1 0 0 0 1 0 0 0 1 1 0 1 1 0 1 1 0 0 1 1 0 0 1 1 1 0 0 0 0 1 1 1 1 1 1 0 0 1 1 1 0 1 0 0 1 1 1 1 0 0 1 0 0 0 
1 1 1 1 1 1 0 1 0 0 0 1 0 0 0 1 1 0 0 1 0 1 1 1 1 1 1 0 1 1 0 0 1 1 1 0 0 0 1 0 0 0 1 0 0 1 0 0 0 0 1 0 0 0 0 1 1 1 1 0 1 1 
0 0 1 0 0 1 0 0 0 0 0 1 0 0 1 0 0 1 1 0 1 1 0 1 0 0 1 1 0 0 0 1 0 1 1 0 1 1 0 1 1 0 0 1 1 1 0 1 0 1 1 0 0 0 1 0 0 0 1 0 0 1 
1 0 1 0 1 0 1 1 1 0 0 1 0 1 1 0 0 1 1 0 1 1 0 1 1 0 1 0 0 0 1 0 0 0 0 1 0 0 1 1 0 1 1 0 0 0 0 0 1 1 0 1 0 0 0 1 0 1 1 1 1 1 
1 0 1 1 1 0 1 0 1 0 1 0 0 1 0 1 0 0 0 0 1 1 1 1 0 1 0 0 0 0 1 1 0 0 1 1 0 0 0 0 0 1 0 1 1 1 0 1 1 0 1 0 1 0 1 0 0 1 0 0 1 1 
0 1 1 1 1 0 1 1 0 0 0 0 1 1 1 1 0 0 1 0 0 1 0 1 1 0 1 1 1 0 0 1 0 1 0 1 1 1 0 1 1 0 0 0 0 1 1 0 0 1 0 0 0 1 0 1 1 1 0 0 1 0 
1 1 1 1 0 1 1 0 0 0 1 0 1 1 0 0 1 0 1 0 0 1 1 0 0 0 1 0 1 1 0 0 0 0 0 1 1 1 1 1 1 0 0 0 1 0 1 1 0 0 1 0 0 0 1 0 0 0 1 1 1 1 
0 0 1 0 1 0 1 0 0 0 1 0 1 0 0 0 1 0 0 0 0 0 0 1 1 1 0 0 0 1 1 0 1 1 0 0 1 1 1 1 0 0 1 1 0 1 1 0 1 1 0 0 0 1 1 1 0 1 1 0 1 0 
1 0 1 1 1 1 1 0 0 1 0 0 0 0 1 1 0 1 0 1 1 0 0 0 1 0 0 0 0 1 1 1 1 0 1 0 1 0 0 0 1 0 0 1 1 1 0 1 0 0 0 1 1 0 0 0 0 0 1 1 1 0 
0 0 0 1 1 0 1 1 0 0 0 0 1 1 1 1 0 0 0 1 1 1 1 1 1 0 1 0 1 0 0 1 1 1 1 0 1 0 1 1 1 1 1 0 0 0 0 1 0 0 0 0 1 1 1 0 1 1 1 0 1 1 
0 0 0 1 0 1 1 0 0 0 1 1 1 0 0 1 1 0 1 1 0 0 0 0 0 0 1 1 0 0 1 0 1 1 1 1 1 1 1 1 1 1 1 0 1 1 1 0 1 0 1 0 0 1 0 1 1 1 0 0 1 1 
0 0 1 0 0 0 1 1 1 0 0 0 1 1 1 0 1 1 1 0 1 1 0 1 0 1 0 1 1 1 0 0 0 1 0 0 1 1 1 1 1 0 1 0 1 1 1 1 0 0 1 1 1 1 0 0 1 0 1 0 1 1 
0 1 1 0 1 0 1 1 1 1 1 1 1 0 0 0 1 0 0 1 1 0 0 1 0 1 1 1 0 0 0 0 0 1 1 1 0 0 0 1 1 1 0 1 0 0 1 1 0 0 0 1 0 1 0 0 0 1 1 0 0 1 
1 0 1 0 1 1 0 0 0 0 1 1 1 1 1 0 1 0 0 1 1 0 0 0 0 1 1 1 1 1 1 0 1 0 0 1 1 1 1 1 1 0 0 0 0 0 0 1 0 1 0 1 1 1 1 0 0 1 1 1 0 0 
0 0 0 0 1 1 1 0 1 0 0 1 0 0 1 1 1 1 0 0 1 1 1 0 1 1 1 1 0 0 1 0 0 0 1 1 1 0 1 0 1 1 0 1 0 1 0 1 1 0 1 0 0 0 0 1 1 0 0 0 0 0 
0 0 0 1 1 1 0 0 0 1 1 0 0 1 1 1 1 0 1 0 0 1 1 1 1 0 1 1 0 1 1 1 1 1 0 0 1 0 0 1 1 1 1 0 1 0 1 0 1 0 0 1 0 1 0 1 0 1 0 0 0 0 
1 1 1 0 1 0 0 1 1 0 1 0 0 0 1 1 0 0 1 0 1 1 0 0 0 0 1 1 0 0 1 0 1 0 0 1 1 0 0 0 0 1 1 0 1 0 1 1 0 1 0 1 0 0 1 1 0 1 0 0 1 1 
0 0 1 0 1 0 1 0 1 1 1 0 0 1 0 1 0 0 0 0 1 1 0 1 0 0 0 0 1 1 1 1 1 0 0 1 1 1 1 0 0 0 0 0 1 0 0 0 0 0 0 1 1 1 0 1 1 0 1 0 1 0 
0 1 1 0 0 0 1 1 0 1 1 0 0 1 0 0 1 0 0 1 1 0 0 0 1 0 0 1 0 0 1 0 1 0 0 1 0 1 0 0 1 1 0 1 0 0 1 1 0 1 1 0 1 1 0 1 1 0 0 0 0 1 
0 1 0 1 0 0 0 0 1 1 0 1 0 0 0 1 0 0 1 1 0 0 0 0 1 0 1 1 0 1 1 0 1 1 1 1 1 0 0 0 1 0 0 0 0 0 1 0 0 0 1 1 1 0 1 0 0 0 0 0 0 1 
0 1 0 0 0 1 0 0 0 1 0 0 1 1 0 1 1 0 1 1 1 0 1 1 1 1 1 1 1 1 0 1 0 0 1 1 1 1 1 1 1 0 1 0 1 1 1 0 0 1 1 1 1 0 0 0 1 0 1 0 1 1 
0 0 1 1 1 1 1 0 0 0 0 0 0 1 1 0 0 1 1 1 1 0 0 1 1 1 1 0 0 1 0 0 1 1 1 0 0 0 0 1 0 1 1 1 0 0 1 0 0 0 0 1 0 0 0 1 1 0 0 1 1 0 
1 0 1 1 0 0 1 0 1 0 1 0 1 0 0 0 0 0 0 0 1 0 0 0 0 0 0 0 1 1 0 1 1 1 0 1 1 1 1 0 1 1 0 0 1 1 0 1 1 0 0 1 1 0 1 1 0 1 1 0 0 1 
1 1 0 1 0 0 0 1 0 0 0 1 0 1 0 1 1 1 1 1 0 0 1 1 1 0 0 0 0 0 1 1 1 0 0 1 0 0 1 0 0 1 1 1 1 1 0 0 1 1 1 1 0 0 1 1 0 1 0 0 0 1 
1 1 1 1 1 1 0 0 0 0 1 1 1 0 1 1 0 0 1 1 1 1 0 0 0 0 0 0 1 0 0 0 1 1 0 0 1 0 0 1 0 0 0 0 0 1 1 1 1 0 0 1 1 0 1 0 1 1 0 0 1 0 
0 1 0 0 1 1 0 0 0 1 0 0 1 0 0 0 1 1 1 0 0 0 0 0 0 1 1 1 1 1 1 0 0 1 0 1 0 1 1 0 0 1 1 1 0 1 1 1 0 0 1 1 1 0 1 1 1 0 0 1 1 0 
1 1 1 1 1 0 0 0 0 0 0 1 1 0 0 1 1 1 1 1 0 0 1 1 0 0 1 0 1 1 0 0 0 0 0 1 0 0 0 0 1 0 0 0 0 0 1 1 1 1 0 1 1 1 0 1 0 0 0 1 1 0 
0 1 0 0 1 0 0 1 1 1 1 1 0 1 1 1 0 1 0 1 0 0 0 1 1 0 1 1 0 0 0 0 1 0 0 0 1 0 1 0 0 0 1 0 1 0 1 0 1 0 1 0 0 1 1 1 0 0 1 0 0 1 
0 1 1 0 0 0 0 1 0 0 0 1 0 1 0 0 1 1 0 0 1 0 0 0 1 0 0 0 0 0 1 0 0 1 0 0 1 0 1 0 1 1 1 1 1 1 1 0 1 1 1 0 1 1 1 1 1 1 1 1 0 1 
1 0 0 1 0 1 1 1 1 0 1 1 0 0 0 1 0 1 1 1 0 0 0 1 1 1 0 1 0 0 0 1 0 0 0 0 1 0 0 1 0 1 0 0 1 0 0 1 0 1 1 0 1 1 1 1 1 1 0 1 0 0 
1 0 0 1 1 1 1 1 0 0 0 0 0 1 1 0 0 1 1 1 1 1 1 0 0 0 1 0 1 1 0 0 0 0 0 1 1 1 0 0 1 0 0 0 1 1 0 1 0 0 1 1 1 0 1 1 0 1 1 1 0 1 
0 0 1 0 1 0 1 1 0 1 1 1 1 0 0 1 0 1 1 1 0 0 1 0 1 1 1 0 0 1 1 0 0 0 0 1 1 0 1 1 1 0 0 0 1 1 1 1 0 1 0 0 1 1 0 1 0 1 1 0 1 1 
1 1 1 1 0 0 1 1 0 0 0 0 0 1 1 0 0 1 1 0 0 0 1 0 1 1 0 1 1 1 0 0 0 1 0 0 0 1 0 0 0 0 0 0 1 0 0 1 1 1 1 1 0 0 0 1 1 0 0 0 1 0 
1 1 0 1 1 0 0 1 0 0 1 0 1 0 0 1 1 0 1 0 1 1 0 1 0 1 1 1 0 0 1 1 1 1 0 1 1 0 0 1 1 0 0 0 0 0 1 0 0 0 0 0 1 1 1 0 0 1 1 0 1 0 
1 1 0 1 0 1 0 0 1 1 0 1 1 1 1 0 1 0 1 1 0 0 0 1 0 1 0 1 1 0 0 1 1 0 0 1 1 0 1 0 1 0 1 0 1 1 1 0 1 0 1 1 0 0 0 1 1 1 0 0 1 0 
1 0 0 0 1 0 0 0 0 0 0 0 0 1 1 1 1 0 1 1 1 0 1 1 1 0 0 1 0 1 0 0 1 0 0 0 0 0 1 1 0 1 1 1 1 0 0 0 0 0 1 1 0 0 0 1 0 1 0 1 0 0 
1 0 1 1 0 1 1 1 0 0 1 1 1 0 1 1 0 1 1 0 0 1 0 1 0 1 0 1 0 0 1 1 0 0 0 1 0 1 0 0 1 1 0 0 1 1 0 0 1 1 0 1 1 0 0 1 1 0 0 1 1 0 
0 1 0 0 0 0 0 1 1 1 0 1 0 0 0 0 0 1 1 0 1 0 0 1 0 0 0 0 1 1 0 0 0 1 0 1 1 0 0 0 0 0 1 0 0 0 0 0 1 1 0 0 0 1 0 0 1 0 0 0 1 1 
0 1 0 1 0 1 1 0 0 1 1 1 1 1 1 1 0 1 1 0 1 1 1 1 1 0 1 1 1 0 0 1 0 0 0 0 0 0 1 0 1 0 1 1 1 1 0 1 0 1 0 1 0 1 1 1 0 0 1 1 1 1 
0 1 0 1 1 0 1 0 0 0 0 1 1 0 0 0 1 0 1 1 0 0 1 1 1 1 1 0 0 0 0 0 1 0 1 1 0 0 1 0 1 0 1 0 0 0 0 1 0 0 1 0 0 0 1 1 1 1 0 1 1 0 
1 1 0 1 0 0 1 1 0 0 1 1 1 1 1 1 1 0 1 0 0 1 0 0 1 1 1 1 0 0 1 1 1 1 0 1 1 0 1 1 0 0 0 1 0 0 1 1 0 0 1 0 0 1 0 1 0 1 0 0 0 1 
1 1 0 0 1 1 0 0 0 0 0 0 0 0 0 1 1 0 1 0 1 1 1 1 0 1 1 0 1 1 1 1 0 1 1 1 0 1 1 0 1 0 1 1 0 1 0 0 0 0 0 1 1 0 0 0 1 1 0 1 0 0 
0 1 1 1 0 0 0 0 0 1 0 1 1 0 1 1 0 1 1 1 0 1 1 0 1 0 0 1 1 0 1 1 1 1 0 0 1 0 0 1 0 0 1 1 0 0 0 1 1 0 0 1 1 1 1 0 1 1 1 1 0 1 
0 1 0 1 1 1 1 1 0 1 1 1 0 0 1 1 1 0 1 1 1 0 0 1 0 1 0 1 0 0 0 1 0 0 0 1 1 1 1 0 1 0 1 1 0 1 0 1 1 1 0 1 1 0 0 1 0 0 1 0 1 1 
1 1 0 1 0 1 1 1 1 0 0 1 1 0 0 0 0 1 1 0 0 1 1 0 0 1 1 1 1 0 1 1 1 1 0 1 0 1 1 0 1 1 1 1 1 1 1 1 0 0 0 1 1 1 1 0 0 0 1 1 0 0 
0 1 1 1 1 0 0 0 0 0 1 1 1 0 0 0 0 0 0 0 1 0 1 1 0 1 1 1 0 0 0 1 1 1 0 0 1 0 0 1 0 1 0 1 0 0 1 0 1 0 0 0 0 1 1 0 0 1 1 0 1 1 
1 0 1 1 1 0 0 1 0 0 1 0 0 1 1 1 1 0 1 1 0 1 0 0 1 0 1 1 0 0 0 0 0 1 1 1 0 1 1 0 0 0 0 0 1 1 1 0 1 1 1 0 0 1 0 0 1 1 1 1 1 1 
1 1 1 1 1 1 0 0 1 0 0 1 0 1 1 0 1 0 1 0 0 1 1 0 1 0 1 0 1 0 0 1 0 1 0 1 0 0 1 1 1 1 0 1 0 1 1 1 0 0 1 0 0 0 1 1 0 0 0 1 1 0 
0 1 1 0 0 1 1 1 0 0 0 0 1 0 0 1 1 0 1 0 0 1 0 1 1 0 0 1 1 1 1 0 0 0 0 0 1 1 1 1 1 1 1 1 1 1 0 0 1 1 0 0 1 0 1 0 0 1 1 1 0 0 
1 0 0 0 0 1 1 1 0 1 0 1 0 1 1 0 1 0 1 1 0 0 1 0 0 1 1 1 1 0 1 0 0 1 0 1 0 0 0 0 1 1 0 1 0 1 1 0 1 0 1 0 1 1 0 1 0 1 1 1 1 0 
0 0 0 0 1 0 0 1 1 1 0 1 0 1 0 1 1 1 0 0 1 1 1 1 0 0 1 1 1 0 0 1 0 0 0 1 0 0 1 1 0 1 0 0 0 0 0 1 0 0 0 1 1 1 1 1 1 0 1 1 0 1 
0 1 1 0 0 1 1 1 1 1 1 1 1 1 0 1 1 0 1 1 1 0 0 0 0 0 0 1 1 1 0 1 0 1 0 0 0 1 0 1 0 1 1 1 0 1 1 1 1 0 0 0 1 1 1 1 1 1 0 0 0 0 
1 0 1 1 1 1 0 1 1 0 0 0 0 0 1 1 0 0 1 0 0 0 1 1 1 0 1 1 0 1 1 0 0 0 1 1 0 0 0 1 0 0 1 0 0 0 1 0 0 1 1 0 1 0 0 1 1 1 0 1 0 0 
1 0 0 1 1 0 1 1 1 1 1 0 0 0 0 1 0 0 0 1 1 0 0 1 1 1 0 1 0 0 1 0 1 0 1 0 0 0 0 0 1 1 0 1 1 1 1 0 1 1 1 0 1 1 1 0 0 1 0 1 0 1 
1 1 1 0 1 0 0 1 0 1 1 0 1 0 1 0 0 1 1 0 1 1 1 1 1 0 0 1 1 0 1 0 1 0 0 1 0 0 0 0 1 1 1 0 0 0 0 0 1 0 0 1 1 0 0 0 0 0 0 1 1 1 
1 0 1 1 1 0 1 0 0 0 1 1 1 1 0 1 0 1 1 0 0 0 0 0 1 0 1 1 1 0 0 0 0 1 1 0 1 0 0 0 1 1 1 0 1 1 1 1 1 1 1 1 1 0 0 0 0 1 1 0 1 1 
0 1 1 0 1 0 0 1 0 1 1 0 1 0 1 1 1 0 0 0 0 1 0 0 0 1 1 1 1 0 1 1 1 0 1 1 0 0 0 1 1 1 1 1 1 0 0 0 1 0 1 1 1 1 1 1 0 0 1 1 0 0 
