44 43 1848
33 2 12 26 77 56 21 36 62 94 11 69 12 20 36 79 35 77 95 29 43 51 59 26 60 76 3 40 70 37 63 2 38 26 79 66 33 51 1 94 45 63 14 
8 82 2 86 16 78 32 45 73 82 55 98 94 30 53 33 51 89 47 4 78 24 82 43 56 84 96 1 80 58 14 88 92 15 25 59 45 57 55 17 90 9 66 
35 90 70 19 40 58 65 95 87 88 28 82 95 12 77 95 91 86 9 78 29 75 55 88 71 11 94 87 52 3 5 39 44 74 57 36 84 22 30 70 61 58 3 
8 69 79 2 11 17 62 41 45 37 95 84 59 57 78 46 8 32 50 46 75 75 55 10 58 76 40 80 88 97 82 95 17 61 49 27 29 10 19 73 98 13 9 
57 69 86 2 29 17 3 26 43 29 80 53 87 7 92 66 95 40 47 41 8 59 89 86 87 51 5 12 48 17 20 4 86 57 57 66 25 11 91 67 40 71 19 
26 77 62 43 23 53 89 16 60 48 56 98 86 6 2 49 54 18 68 9 55 76 66 20 52 76 63 19 15 33 89 92 61 3 34 36 55 75 3 67 74 58 64 
11 16 65 60 21 34 79 29 41 55 94 12 6 22 74 76 88 58 65 32 19 19 65 6 73 91 8 91 64 17 54 75 32 70 34 4 4 64 33 96 18 78 7 
76 99 81 3 39 38 67 70 8 37 34 65 10 77 72 100 92 41 6 66 24 75 51 28 30 67 60 25 36 89 84 11 88 64 14 26 53 32 95 13 69 80 77 
30 8 49 81 100 41 38 17 64 65 20 91 94 86 2 71 21 91 54 84 30 69 97 7 73 80 53 85 100 84 62 81 92 62 62 43 2 51 59 65 15 30 8 
61 15 61 31 88 3 36 71 32 56 19 90 28 50 94 65 50 78 26 30 21 39 43 63 40 94 73 56 60 3 15 20 69 76 50 56 78 37 26 62 44 96 3 
24 46 97 88 47 74 65 76 46 3 71 8 42 16 32 49 75 34 64 95 55 91 96 10 20 85 88 81 28 83 84 51 28 80 90 74 5 54 2 50 56 24 9 
49 39 92 50 65 26 65 59 80 55 7 41 74 91 28 7 70 63 90 73 90 21 62 16 77 68 69 26 75 92 86 76 82 77 25 46 54 89 57 85 95 15 26 
68 57 5 74 26 67 15 50 9 87 64 24 63 31 44 88 57 35 25 32 68 54 8 13 7 48 21 44 42 35 69 62 91 25 87 69 92 54 18 100 40 81 75 
3 63 70 42 20 4 67 3 23 20 11 87 78 10 8 21 4 94 41 65 85 66 3 5 9 56 22 60 96 55 34 50 17 3 91 36 58 9 91 80 80 1 18 
58 62 25 30 65 19 71 81 55 88 84 59 96 91 32 55 38 86 40 87 3 42 30 90 51 38 80 82 18 32 99 27 94 76 56 58 46 78 39 52 65 74 10 
60 64 93 14 54 79 53 40 33 46 21 22 48 59 54 81 28 85 32 6 30 7 61 40 52 39 78 3 55 3 64 15 18 56 28 71 86 33 63 18 30 83 92 
78 93 45 10 72 81 41 77 63 47 90 2 50 80 31 4 34 33 19 48 2 75 28 73 12 12 35 30 41 69 73 70 62 69 80 85 49 20 62 63 67 51 64 
68 30 94 72 63 78 90 63 80 16 90 52 28 1 38 9 41 58 33 11 71 1 42 56 1 61 17 64 27 19 27 47 48 73 18 62 50 59 24 29 27 13 32 
6 65 21 66 58 31 98 20 1 98 61 56 98 21 24 13 100 42 40 46 41 64 15 3 13 73 78 94 99 43 77 56 7 50 21 64 80 18 83 80 67 95 88 
65 16 63 29 15 57 20 12 97 83 26 51 96 50 81 41 49 23 17 56 81 66 77 97 97 94 31 29 61 26 68 77 41 30 5 7 38 25 18 87 7 43 37 
54 92 69 94 92 91 63 48 72 80 24 20 77 69 50 57 29 75 24 57 15 53 14 73 43 38 90 29 96 32 17 2 76 86 47 19 28 61 66 51 41 41 70 
69 62 20 25 42 94 100 99 61 4 12 33 46 1 75 74 48 6 91 49 33 76 48 52 3 8 69 54 48 62 75 68 23 94 44 64 40 43 14 100 47 25 84 
92 77 58 66 25 16 8 25 48 83 72 51 37 80 72 42 79 33 17 47 7 10 42 70 49 85 84 100 83 60 36 74 89 93 91 13 60 98 89 8 32 61 10 
69 92 81 62 70 65 78 68 71 40 62 93 40 46 76 92 28 87 27 53 75 19 96 39 79 93 28 38 77 40 99 45 83 32 6 4 96 36 72 67 75 33 59 
66 30 86 57 9 24 83 13 51 54 8 89 84 53 68 73 29 59 71 25 41 2 82 45 50 17 68 68 43 52 78 61 33 63 17 41 38 52 5 88 5 65 77 
40 17 96 12 97 55 34 21 95 36 2 91 85 71 58 4 65 9 81 25 41 95 94 33 32 45 90 20 49 54 48 40 70 95 51 18 49 84 38 96 71 91 86 
7 13 44 10 30 4 90 6 97 84 99 81 16 95 70 87 95 23 86 34 44 80 84 61 29 68 50 76 90 93 61 97 5 56 6 86 12 96 92 60 31 90 40 
98 37 62 84 31 84 69 65 80 1 48 92 81 67 42 56 57 34 16 53 90 24 58 76 35 5 19 94 36 60 85 33 96 46 69 27 82 89 91 61 89 38 4 
69 5 97 76 13 82 44 65 72 67 74 99 53 31 17 98 66 76 82 50 72 28 70 98 9 59 88 21 99 77 76 20 33 73 47 45 54 90 9 77 56 35 75 
8 65 43 5 82 71 39 83 42 66 53 91 26 63 30 98 13 58 73 84 91 45 31 35 51 20 96 27 76 30 54 35 46 48 92 27 18 30 9 11 47 13 1 
72 75 82 21 40 40 93 23 30 90 5 16 40 25 11 18 52 92 71 86 37 19 29 63 36 58 24 47 4 36 99 27 63 81 47 54 72 40 76 1 29 81 16 
20 57 79 37 8 70 60 45 59 30 74 21 65 31 96 63 87 32 14 13 46 46 12 99 17 51 26 69 31 58 36 2 14 14 38 21 36 49 66 94 78 91 66 
95 73 62 9 59 45 22 24 90 19 35 40 35 37 65 55 19 23 91 20 88 4 9 9 91 58 26 84 87 68 50 81 40 63 90 51 7 63 26 48 82 12 87 
68 48 3 23 18 77 13 37 65 68 97 25 59 6 50 94 93 69 95 73 8 57 14 10 63 77 35 62 58 46 48 25 45 3 47 62 79 11 50 95 79 47 19 
37 4 20 82 96 88 77 21 48 33 34 57 48 10 92 9 19 89 9 96 34 63 42 47 41 53 49 88 83 95 6 71 50 78 52 46 65 28 66 64 61 99 21 
60 61 64 68 79 4 28 74 89 90 68 36 83 72 84 70 54 30 27 76 79 4 27 76 21 55 41 84 67 92 56 26 4 19 45 82 23 73 8 63 14 27 98 
96 50 33 17 55 14 96 30 45 99 56 20 71 10 61 7 76 4 62 53 7 33 98 40 7 22 99 69 35 77 19 83 26 51 99 80 17 94 61 61 45 17 80 
67 78 92 73 6 47 35 58 53 67 7 45 25 28 43 93 63 20 11 45 97 14 95 29 30 41 89 90 37 57 21 3 35 13 28 92 59 62 49 64 80 8 8 
4 35 2 48 49 73 59 93 70 24 40 50 53 32 90 94 68 47 14 22 33 78 49 24 37 62 24 52 93 31 59 48 18 12 96 66 85 6 11 6 81 50 7 
33 33 96 78 52 42 91 73 26 21 74 49 9 87 25 60 32 55 70 79 24 81 26 90 17 83 100 74 63 1 80 47 33 76 24 84 69 67 8 95 87 81 95 
95 20 19 6 51 26 75 29 49 7 7 38 24 41 37 97 4 89 77 2 21 4 78 56 72 96 64 18 82 96 13 28 15 31 33 17 56 59 98 5 65 4 94 
40 44 83 89 99 71 65 1 44 20 30 99 91 25 62 61 58 58 73 85 24 3 69 41 11 79 90 67 43 93 60 35 88 94 23 39 65 39 39 8 58 68 6 
100 44 20 60 1 29 32 85 52 87 5 44 97 83 85 63 77 77 74 11 17 68 33 55 84 23 45 91 80 64 48 32 7 67 91 7 47 75 43 99 61 99 94 
9 81 79 23 9 7 96 20 75 15 4 29 98 79 73 40 58 88 88 89 94 6 32 52 53 6 94 3 18 92 48 26 24 78 100 33 37 95 4 11 62 59 40 
0 0 1 0 0 1 1 0 0 0 1 0 0 0 1 0 1 1 0 0 0 1 1 0 1 0 1 0 1 0 1 1 0 0 1 0 1 0 1 0 1 0 0 
1 1 1 0 0 0 0 1 1 1 0 1 1 0 1 1 1 1 0 1 1 0 0 0 0 1 1 0 0 1 0 1 0 1 1 1 0 1 0 1 1 0 0 
0 1 1 1 0 0 1 1 0 1 0 0 1 1 1 1 1 0 1 0 1 1 0 0 1 1 0 0 0 0 0 0 1 0 1 0 0 0 1 0 0 1 0 
1 0 1 1 1 0 0 0 1 1 0 1 0 1 1 0 0 1 1 0 1 1 0 1 1 0 0 0 0 0 0 0 0 0 1 0 0 1 0 1 1 0 0 
1 1 1 0 1 0 1 0 1 0 0 0 1 0 1 1 1 1 0 1 1 0 0 1 0 1 1 1 0 1 1 0 1 0 0 0 0 1 0 0 1 0 0 
0 1 1 0 0 0 0 1 0 0 1 1 0 0 1 1 1 0 0 1 1 0 1 0 0 0 0 0 1 1 1 1 0 0 1 0 1 1 1 1 1 0 0 
1 0 1 0 1 0 0 0 1 0 1 1 1 1 0 1 0 1 0 0 1 1 1 1 0 1 0 1 0 0 1 0 0 1 0 0 1 1 0 0 1 0 0 
0 1 0 0 0 1 0 0 0 1 1 1 1 0 1 0 1 1 0 1 1 1 1 1 0 0 0 0 0 0 0 0 1 0 0 1 1 1 1 1 0 1 0 
0 1 1 0 0 0 0 1 0 1 1 1 1 1 1 0 1 1 0 0 1 1 0 0 0 1 0 0 0 1 0 0 0 0 0 1 0 1 0 0 0 1 0 
0 1 1 0 0 1 0 0 0 1 1 0 0 0 0 0 0 1 0 0 0 0 1 1 1 0 1 1 0 1 1 0 0 1 0 0 0 1 1 0 0 0 0 
0 0 1 0 1 0 1 1 0 1 0 1 0 0 1 0 1 0 1 1 0 0 0 0 0 1 1 0 1 1 1 0 0 0 0 1 0 1 0 1 1 1 0 
1 1 1 1 0 1 1 0 1 1 0 0 0 1 1 0 0 1 1 0 1 1 1 0 0 0 0 1 1 1 1 1 1 1 0 1 0 1 1 0 1 1 0 
1 0 1 1 1 0 1 1 1 0 0 1 0 1 0 1 0 1 1 1 0 0 0 0 0 1 1 0 0 1 0 1 1 0 1 0 0 0 0 0 0 0 1 
1 1 1 0 0 1 1 1 1 1 1 1 0 1 1 0 1 0 1 1 1 1 0 0 1 0 0 1 0 0 1 1 0 0 0 0 1 1 1 1 1 1 0 
1 0 1 1 1 1 0 0 1 1 0 1 1 0 1 0 1 1 1 0 1 0 0 1 1 0 1 0 1 0 1 0 0 0 1 1 0 0 0 1 1 0 0 
0 1 1 1 0 0 0 0 0 0 1 1 0 1 0 0 0 0 1 0 0 0 1 0 0 1 0 1 1 0 1 1 1 0 0 1 0 1 0 0 1 1 0 
1 0 0 0 0 1 1 0 1 1 1 1 1 1 1 0 0 0 1 1 1 1 0 1 0 1 1 0 0 0 0 0 0 1 0 0 0 1 0 1 1 1 1 
0 0 0 1 0 0 0 0 0 0 0 1 0 1 0 0 1 0 1 1 0 0 1 0 0 1 0 1 0 1 0 0 0 1 1 0 1 0 0 1 0 0 0 
0 1 0 0 1 0 1 0 0 1 0 0 1 1 0 1 1 0 1 1 0 0 1 0 0 1 1 1 1 1 0 1 1 0 1 0 1 1 0 1 0 0 0 
0 1 0 1 0 0 0 0 0 1 1 1 1 0 0 0 1 1 0 0 0 1 1 0 0 0 1 1 1 1 1 1 1 0 0 1 0 0 1 1 1 0 0 
0 0 0 1 1 1 1 1 0 0 1 0 0 1 1 0 0 1 1 1 0 1 1 1 0 0 1 1 1 1 1 0 0 1 1 1 0 0 1 0 1 0 1 
1 1 0 1 0 1 1 1 1 0 1 1 0 1 0 1 0 1 0 0 1 1 1 1 0 0 0 0 1 0 1 0 1 0 0 1 1 1 1 1 1 0 0 
0 1 0 1 1 1 0 0 1 1 1 0 1 1 0 0 0 0 1 1 1 1 1 1 1 0 0 0 1 0 0 1 1 0 1 0 1 1 0 0 0 0 0 
0 1 0 0 0 0 1 1 0 1 0 1 0 0 1 0 1 1 0 1 0 0 0 0 1 1 1 0 1 1 0 1 0 1 1 0 1 1 1 1 0 1 0 
0 1 1 0 1 0 0 0 0 0 0 1 1 1 0 1 0 1 0 0 1 1 1 0 0 0 1 0 0 1 0 0 0 0 0 1 0 0 1 1 0 1 0 
0 0 0 1 1 1 1 1 0 0 0 0 1 1 0 1 1 1 1 0 1 1 0 1 0 1 0 1 1 0 1 1 0 1 1 1 0 0 0 0 1 1 1 
0 0 1 1 1 0 0 1 1 0 0 0 0 1 1 1 0 1 0 0 1 1 1 1 1 1 1 1 0 0 0 0 0 1 1 0 1 0 1 1 0 1 1 
0 0 0 1 1 1 1 1 1 0 0 0 1 1 1 0 0 0 1 0 0 0 0 0 0 0 0 1 0 1 0 0 0 1 1 1 0 0 0 1 0 0 1 
1 1 1 1 1 1 0 0 1 1 0 0 1 0 0 0 0 1 0 0 1 1 1 0 0 1 0 1 1 0 1 0 0 0 1 1 1 0 1 0 1 1 0 
0 1 0 0 1 0 0 1 1 0 0 0 0 1 0 1 0 1 0 0 1 0 0 0 1 0 0 0 1 1 0 1 1 1 1 0 1 1 0 0 1 0 0 
1 0 1 1 0 0 1 1 1 0 1 1 1 1 1 1 0 1 0 1 0 1 0 0 0 1 0 0 1 1 1 0 1 0 1 1 0 1 0 1 1 1 0 
0 0 0 0 0 1 0 1 1 1 1 1 1 1 0 1 0 1 0 0 0 0 0 1 0 1 0 1 0 1 0 0 0 0 0 0 1 0 0 0 1 1 1 
0 0 1 0 0 0 0 1 0 1 1 0 1 0 0 1 0 1 1 0 1 1 1 0 0 1 0 0 1 1 1 1 0 1 1 0 1 0 1 0 1 0 0 
0 0 0 1 0 1 0 1 1 1 0 1 1 1 1 1 0 0 1 0 0 0 1 1 1 1 0 1 0 1 1 1 1 1 0 0 1 1 1 0 0 1 1 
0 0 0 1 1 0 0 1 1 0 0 0 0 0 0 1 0 1 1 1 1 0 0 1 1 1 0 1 1 1 0 1 1 0 1 0 1 1 1 0 0 0 0 
0 0 0 1 0 0 0 0 1 1 0 0 0 1 0 0 0 1 0 0 0 1 1 1 0 0 0 0 0 0 0 0 0 0 0 1 0 0 1 1 1 1 1 
0 0 1 0 0 0 0 0 1 1 1 0 1 0 0 1 0 1 1 1 1 0 1 0 0 1 1 0 1 0 1 1 0 1 1 1 1 1 1 0 1 1 0 
0 1 1 0 1 0 1 0 1 1 1 0 0 1 1 0 0 0 1 1 0 0 0 1 0 1 1 0 0 0 1 1 1 0 1 0 0 0 1 1 0 0 1 
0 1 1 0 1 1 1 0 1 0 0 1 0 0 0 0 0 0 1 1 1 1 0 1 1 1 0 1 1 1 0 1 0 1 1 0 0 0 0 0 0 1 1 
0 1 1 1 1 1 0 1 0 0 1 1 1 0 0 0 1 1 1 0 1 0 1 1 1 0 0 1 0 1 0 1 0 1 0 1 0 0 0 0 0 0 1 
0 0 1 0 0 0 1 0 0 0 0 1 1 0 1 0 0 0 0 1 0 1 1 0 1 0 0 1 0 0 0 0 1 0 1 1 0 0 1 0 0 1 0 
1 1 1 1 0 0 1 1 0 0 1 0 1 1 1 0 1 1 1 0 0 1 1 1 1 1 1 0 0 0 0 1 0 1 1 0 1 0 1 0 1 0 0 
0 1 1 1 1 1 0 1 1 1 0 1 0 1 0 0 1 0 0 1 0 0 0 0 1 0 0 1 1 0 0 0 0 1 1 1 0 1 0 0 0 0 1 
0 1 1 1 1 1 1 0 0 1 0 0 1 0 0 0 0 1 0 0 1 0 1 0 0 0 0 0 0 0 1 0 1 0 1 0 0 1 0 0 0 0 0 
