54 44 1099
38 73 78 35 15 26 41 5 25 16 47 42 10 8 18 83 14 51 19 28 8 92 34 100 39 91 35 36 13 3 35 2 27 64 88 93 90 28 49 66 95 95 60 56 
3 29 38 16 79 8 95 86 99 28 37 38 71 72 25 83 26 59 36 4 23 23 96 64 2 44 29 96 38 88 3 92 17 40 59 95 100 53 33 98 81 21 87 3 
44 12 37 21 70 72 24 92 94 19 55 47 14 36 42 4 23 96 95 91 87 54 38 86 58 70 84 90 42 70 92 86 81 28 6 51 99 30 94 44 100 1 90 66 
36 83 69 10 30 15 1 17 20 38 2 78 59 85 67 100 7 59 37 87 86 43 89 37 24 35 32 75 35 74 40 70 8 8 79 38 23 31 54 42 68 7 71 78 
44 38 30 50 48 66 88 85 8 77 21 83 11 5 58 97 78 97 18 37 57 96 74 31 79 79 72 46 38 95 76 81 32 5 30 79 70 17 63 30 45 36 12 7 
40 69 3 69 18 20 5 74 68 31 4 46 61 27 43 98 73 18 78 4 22 59 34 44 28 49 73 72 36 84 31 27 5 85 95 22 57 51 47 24 33 2 21 94 
80 15 43 53 85 21 8 6 31 42 49 58 42 73 82 77 57 12 3 13 96 49 86 4 51 32 79 84 85 99 29 64 66 71 68 50 43 76 7 26 69 8 83 10 
80 64 38 88 27 92 100 75 92 85 78 42 68 57 77 4 7 57 20 72 80 87 21 22 14 28 99 82 35 82 43 66 97 32 54 24 23 53 98 66 90 27 8 57 
83 36 61 90 93 80 61 72 18 34 45 32 13 44 65 99 77 60 64 73 91 17 48 66 22 97 31 11 24 90 19 6 26 31 47 70 62 60 93 80 93 37 63 57 
32 79 55 60 38 18 33 29 87 32 46 8 29 28 70 4 18 88 9 95 71 8 16 32 67 8 63 11 96 25 67 80 4 73 39 93 90 23 73 76 7 18 35 35 
98 4 90 15 44 50 61 14 57 28 97 75 87 60 85 82 36 3 13 91 75 4 84 17 26 56 44 32 26 79 18 23 34 7 89 77 57 1 90 65 28 87 40 66 
98 76 99 33 79 12 76 5 15 59 21 92 66 65 76 91 95 93 65 28 52 53 5 60 5 46 24 84 84 15 49 81 91 48 66 21 59 41 25 25 51 98 16 16 
14 91 59 8 36 75 87 87 80 43 98 84 41 73 68 24 88 16 57 78 63 74 98 73 14 74 97 16 71 65 83 84 55 93 43 42 68 30 80 47 72 77 30 12 
50 49 88 89 17 96 66 31 69 15 4 82 88 52 49 11 16 31 94 23 24 89 16 91 18 96 89 41 72 70 5 73 19 44 61 35 39 78 65 7 44 20 40 84 
24 88 94 39 18 39 13 41 27 29 83 44 76 71 37 99 41 93 72 59 36 84 45 74 14 61 32 9 81 71 92 4 10 85 94 27 76 59 20 2 39 2 98 14 
73 34 12 13 78 35 23 13 19 67 38 84 27 69 92 59 91 36 62 100 20 8 26 47 66 97 49 4 99 46 69 23 31 80 35 8 15 9 20 85 27 9 20 5 
77 63 64 67 98 77 66 70 84 43 16 1 40 64 56 90 61 24 12 91 56 98 50 22 6 21 58 32 29 77 88 57 39 51 23 89 28 40 58 63 35 73 16 26 
89 71 15 49 47 78 92 2 75 41 23 32 14 32 15 42 8 2 99 98 53 73 86 32 65 95 46 99 20 61 76 8 32 42 8 30 19 99 31 93 92 5 24 5 
88 90 98 95 91 48 44 95 21 82 26 37 76 72 87 95 84 62 54 67 3 62 96 21 60 78 65 3 34 40 59 21 29 57 67 19 4 11 66 76 92 91 64 19 
14 50 66 50 11 19 16 65 80 12 37 92 41 1 94 75 40 53 47 20 61 14 91 16 76 56 44 19 98 7 37 12 57 2 13 19 21 28 36 52 91 72 43 32 
73 37 6 64 41 4 84 53 17 26 20 92 81 63 62 78 22 99 41 30 52 53 48 24 81 83 76 23 7 18 54 31 6 11 94 98 15 29 50 83 6 70 27 86 
84 88 16 5 86 56 34 90 61 34 65 93 68 40 15 74 10 69 4 67 31 50 65 45 30 66 28 36 87 54 21 23 93 36 27 79 44 13 20 4 46 84 96 65 
76 62 39 37 30 94 3 13 95 19 57 25 37 36 60 75 41 32 97 34 20 76 64 15 40 35 18 85 70 65 1 45 78 39 81 60 85 36 72 79 6 80 3 42 
68 14 69 8 98 17 93 69 92 8 83 31 42 52 67 12 68 68 8 45 58 41 4 42 28 27 73 33 7 27 27 74 93 95 33 90 11 26 58 55 85 92 85 27 
43 4 90 62 23 49 6 80 89 62 74 16 88 98 49 46 24 27 19 16 21 52 57 83 29 14 37 13 57 74 91 51 29 32 12 51 81 70 82 69 31 7 37 70 
4 37 16 80 63 86 95 83 89 52 17 69 17 6 82 74 79 24 24 7 56 88 9 36 57 42 56 39 49 92 8 4 28 75 83 90 13 30 24 1 81 93 70 49 
98 3 74 76 26 50 34 33 37 94 20 45 35 76 83 35 19 42 39 47 17 21 88 81 2 64 81 82 56 2 83 53 4 8 80 82 57 13 66 45 58 86 89 92 
13 71 27 31 65 17 77 33 89 17 13 91 80 93 24 35 47 6 87 50 14 66 83 22 30 49 67 87 34 55 30 98 78 8 28 94 24 57 26 13 73 38 3 52 
82 26 38 80 84 76 30 97 93 64 18 74 12 36 60 97 43 41 94 72 49 74 65 72 30 90 84 2 79 86 5 12 64 42 44 47 17 73 95 61 88 64 34 100 
100 45 48 42 85 94 13 33 67 29 57 96 70 40 49 100 78 53 63 93 46 6 39 14 78 85 74 18 48 7 17 47 51 16 40 87 9 4 20 27 32 76 22 1 
67 70 52 96 74 15 88 19 20 78 32 50 62 5 67 10 63 35 8 65 50 100 52 11 3 71 37 87 98 11 39 16 32 91 12 6 5 51 24 24 29 8 25 42 
64 91 3 27 25 11 91 27 10 42 37 64 64 25 50 13 35 89 29 19 79 92 24 35 94 99 58 22 6 83 16 70 25 18 48 50 80 38 28 89 32 16 5 95 
40 54 8 27 42 88 45 72 31 68 6 24 18 16 98 76 50 13 45 74 82 44 75 62 81 2 2 12 17 6 59 9 12 18 35 5 57 79 77 87 98 34 10 67 
49 7 42 98 71 38 24 53 81 98 14 62 52 67 25 20 73 35 28 84 4 62 88 60 92 16 46 41 50 8 8 50 14 49 100 37 39 75 89 19 72 54 32 75 
20 9 95 44 43 22 79 47 84 19 58 27 34 4 68 35 63 27 37 28 27 88 64 65 62 52 84 85 57 15 60 29 75 54 72 18 27 51 16 62 21 25 89 6 
80 8 93 42 34 29 70 60 16 33 25 29 37 60 13 93 26 72 73 1 77 45 70 56 47 85 17 67 61 5 24 41 64 16 82 97 44 51 9 11 36 33 39 72 
92 4 16 17 75 89 69 4 85 38 59 83 74 75 49 35 32 24 75 47 40 56 44 83 59 52 46 94 36 36 17 79 39 32 47 66 72 16 69 8 53 79 90 27 
5 90 13 88 14 87 35 53 94 78 87 52 81 32 45 16 20 61 46 58 45 92 23 68 59 91 76 64 21 17 42 26 7 54 13 20 40 47 24 33 76 10 85 56 
94 81 23 13 94 20 70 90 12 93 57 22 35 84 85 56 1 26 33 59 79 45 78 70 92 53 3 19 62 39 75 7 71 49 19 64 69 41 5 32 85 14 53 19 
97 38 26 49 15 58 7 94 55 36 63 98 88 17 16 2 7 90 8 78 91 79 93 59 19 98 90 3 63 94 73 59 31 51 60 98 60 66 91 14 54 5 11 41 
74 27 42 80 68 2 9 58 80 54 68 98 3 9 52 65 3 24 75 85 26 34 82 86 52 24 99 5 81 62 45 54 40 39 85 7 40 46 17 19 99 36 68 53 
45 19 17 99 94 91 35 20 77 17 5 28 92 55 32 72 16 28 25 55 18 62 14 57 7 30 27 5 17 94 9 61 64 25 11 58 67 46 77 43 62 81 22 5 
87 5 77 3 33 1 9 2 62 22 11 20 3 37 76 20 83 84 32 46 60 43 3 27 88 79 21 1 11 43 57 50 47 33 52 31 86 12 33 99 86 43 19 88 
31 94 59 13 30 43 11 89 37 13 15 76 44 88 28 6 82 84 55 80 17 58 11 54 22 95 52 7 89 22 46 19 68 57 84 97 99 94 85 35 58 52 62 53 
39 89 11 20 24 17 99 92 75 61 45 96 7 49 54 95 70 99 14 37 55 97 33 5 42 18 91 51 69 52 4 59 92 14 30 16 30 80 7 56 93 52 3 99 
100 56 94 21 7 7 58 61 55 42 66 48 59 56 98 79 60 53 89 51 18 18 66 100 98 73 55 42 76 10 40 27 17 33 47 23 91 4 84 97 98 1 44 56 
8 94 87 67 46 75 18 64 45 35 63 94 59 69 35 34 78 74 60 47 59 59 69 49 14 4 46 11 4 89 19 12 82 5 30 80 31 99 43 27 34 57 20 44 
25 6 78 55 32 89 1 90 47 21 38 13 25 83 23 28 24 41 91 57 45 21 36 28 19 30 54 4 86 26 48 63 31 77 69 62 17 69 51 16 89 41 28 65 
23 50 93 98 91 83 55 87 55 42 66 74 24 20 29 61 97 28 23 79 56 43 93 25 11 95 40 52 35 19 16 10 20 60 7 62 95 13 49 49 7 66 74 30 
37 55 90 33 82 65 64 90 7 56 14 70 50 53 73 85 23 40 46 42 100 52 4 94 65 4 94 71 69 68 52 6 22 41 90 55 5 53 44 64 8 57 33 10 
61 5 94 83 44 91 25 95 42 80 40 58 83 34 80 3 53 31 60 74 24 50 28 80 54 72 43 62 80 27 23 41 31 68 23 27 58 99 21 99 30 13 9 12 
46 88 67 98 71 26 23 46 27 2 25 81 25 20 94 5 46 16 45 77 83 19 55 40 70 27 90 99 39 98 63 36 38 29 85 60 6 7 5 33 9 29 65 33 
48 58 89 94 25 33 22 59 4 76 50 73 2 39 71 93 89 85 28 78 13 13 37 71 71 41 3 79 21 19 64 21 28 52 14 52 37 87 62 92 14 11 64 67 
49 86 59 89 71 39 66 35 3 2 5 73 42 59 4 15 29 19 35 56 22 100 59 58 86 20 1 99 30 16 17 31 2 76 19 24 14 85 10 68 86 67 40 80 
0 0 1 1 0 1 0 0 0 1 1 1 0 0 1 0 1 1 0 0 0 0 1 1 0 1 0 0 1 0 1 1 0 0 0 1 1 1 1 1 0 0 0 0 
0 1 0 0 0 0 0 1 1 0 0 1 1 1 1 0 1 0 1 1 0 0 0 1 1 1 0 1 0 0 1 0 1 0 0 0 0 1 1 1 1 1 1 0 
0 0 0 1 1 1 1 1 1 1 1 0 1 1 1 1 0 1 1 1 1 0 1 1 1 0 1 0 0 0 0 0 0 0 0 1 1 1 1 1 0 0 1 1 
1 1 0 1 0 0 1 1 0 0 0 1 1 1 1 1 1 1 1 0 1 1 1 0 0 0 1 1 0 1 0 0 0 1 1 0 1 0 1 1 1 1 0 0 
1 1 1 0 0 0 0 1 0 0 1 0 0 1 1 1 0 0 1 0 1 0 0 0 1 1 1 0 0 1 0 1 0 1 0 0 1 0 1 1 0 0 0 1 
1 1 0 1 1 1 1 0 1 1 0 0 0 1 0 1 0 0 0 0 1 0 0 1 1 1 0 1 0 0 0 1 0 0 1 1 1 0 0 1 0 0 1 0 
0 0 1 0 0 0 1 0 0 1 1 1 1 1 1 1 0 1 0 0 0 1 1 1 0 1 0 0 0 0 0 0 0 0 0 0 0 1 0 0 1 1 0 0 
1 1 1 1 0 1 1 0 1 0 0 1 0 0 1 0 0 1 0 0 1 0 1 1 0 1 0 1 1 0 1 0 1 0 1 1 1 0 0 0 0 0 1 0 
0 0 0 1 0 0 1 1 1 0 1 1 0 1 0 1 1 1 1 0 1 0 1 0 0 1 1 0 1 0 1 0 1 1 1 1 0 0 0 1 1 1 0 1 
0 0 0 1 1 1 1 0 1 1 0 1 0 1 1 0 0 0 0 1 0 1 0 0 1 0 1 0 0 1 1 0 1 1 0 0 0 1 0 1 0 0 0 1 
0 0 1 0 0 1 1 0 0 1 0 1 1 1 0 1 0 1 0 1 1 0 1 1 1 1 1 0 0 1 1 0 1 0 0 0 1 1 0 1 0 1 0 1 
0 0 1 1 0 1 0 1 1 0 0 0 1 1 0 1 1 1 1 0 1 1 0 0 0 1 1 0 0 0 0 0 0 1 1 0 0 0 1 1 0 0 1 1 
1 0 1 0 1 0 1 1 0 1 1 0 0 1 1 0 1 1 1 1 0 0 0 0 0 1 1 0 1 0 0 1 0 1 1 0 1 0 1 1 0 0 0 0 
1 1 1 0 0 0 0 0 0 0 0 1 1 1 1 1 1 1 0 0 0 1 0 0 0 1 1 0 1 1 0 1 0 1 1 0 1 1 0 0 1 0 1 1 
1 0 0 1 0 0 1 0 1 1 0 1 0 0 1 1 1 0 0 0 1 0 0 1 1 1 1 1 1 0 0 1 0 0 0 0 0 1 1 1 0 1 1 0 
1 0 1 1 0 0 1 0 0 1 1 1 0 0 0 0 0 0 1 0 0 1 1 0 0 0 0 0 1 1 0 1 1 1 0 0 1 1 0 1 0 1 1 1 
1 1 1 1 0 0 1 0 1 0 1 1 0 1 1 0 0 1 1 1 0 1 1 0 0 1 1 0 0 0 1 1 0 0 0 0 0 0 0 1 0 1 0 1 
0 1 1 0 0 0 0 1 1 1 1 1 1 0 1 1 1 1 1 1 1 1 1 0 1 1 1 0 1 0 1 1 1 0 0 0 0 0 1 1 1 0 0 0 
0 1 0 1 0 1 0 0 0 1 0 0 1 1 0 0 1 1 1 1 1 1 1 1 1 0 0 1 0 0 1 0 1 1 0 0 0 0 0 1 0 0 1 1 
1 1 1 1 0 0 0 1 0 1 0 1 1 0 0 1 0 0 1 1 1 1 1 0 0 1 1 0 1 0 1 1 1 0 0 1 0 0 0 0 1 0 0 0 
0 0 1 0 0 0 1 0 0 1 0 0 0 1 0 0 1 1 1 0 1 1 1 1 1 1 0 0 1 0 0 1 0 1 1 1 1 0 1 1 1 1 1 0 
0 1 0 1 0 1 1 1 0 0 1 1 1 1 1 0 1 1 1 1 0 0 0 1 0 1 1 0 0 0 0 0 0 0 1 0 1 0 0 1 0 1 0 1 
0 1 1 1 0 0 0 0 0 1 1 1 0 0 1 1 1 1 1 1 1 1 1 0 1 1 1 0 0 1 1 0 0 1 1 0 1 0 0 0 1 1 1 1 
0 0 0 1 1 0 0 0 1 1 0 0 1 1 0 1 0 0 0 0 1 1 0 0 1 0 0 0 1 1 0 1 1 0 0 0 0 0 0 1 0 0 0 1 
1 0 0 1 0 0 1 1 0 1 0 1 1 0 0 1 0 0 0 1 0 1 0 1 1 0 0 1 1 0 0 0 1 1 0 1 1 1 1 1 1 1 1 0 
1 1 1 1 1 0 1 1 1 1 0 0 1 1 0 0 1 0 1 0 1 1 0 1 0 1 0 1 0 1 0 1 0 1 1 1 1 0 1 0 1 1 1 0 
0 1 1 0 1 0 0 1 1 0 0 1 1 0 1 1 0 1 1 0 0 0 0 0 0 1 0 1 0 1 1 1 0 0 1 0 0 1 1 1 0 1 1 1 
1 0 1 1 1 0 0 1 0 0 1 0 1 0 1 1 1 0 0 0 1 1 0 1 1 1 1 1 0 0 0 1 0 1 1 1 1 1 0 1 1 0 1 0 
0 0 1 1 1 0 1 0 1 1 1 0 0 0 1 0 0 0 0 0 1 1 1 1 0 0 0 1 0 0 1 0 0 0 1 1 0 1 1 0 0 1 0 1 
1 0 1 0 0 1 0 1 0 0 0 0 0 1 1 0 1 0 0 1 1 1 1 1 0 0 1 1 1 0 0 1 0 1 1 0 1 1 1 1 1 0 0 1 
1 1 1 0 0 1 1 1 1 0 0 1 1 0 0 0 0 0 1 0 0 0 0 1 0 1 0 1 1 0 1 0 0 0 0 0 0 0 1 1 0 1 0 1 
1 1 0 1 1 1 1 1 0 1 0 0 1 1 1 0 1 0 1 1 1 1 1 1 1 0 0 0 0 0 1 1 1 1 1 1 1 0 0 1 0 1 1 1 
0 0 1 1 1 0 1 0 0 0 1 1 1 1 1 1 1 1 0 1 0 1 0 1 0 0 0 0 1 1 1 1 0 0 1 1 1 0 1 1 0 0 0 1 
1 0 0 0 1 1 1 1 0 1 1 0 0 1 0 1 1 1 1 1 0 0 0 1 0 1 0 0 1 0 0 0 0 0 0 1 1 0 1 0 1 0 0 1 
1 1 1 0 0 0 1 0 0 1 1 0 0 1 0 1 0 0 1 0 1 0 0 0 0 1 0 1 1 1 1 0 0 0 1 0 0 0 1 0 0 0 0 0 
0 0 0 0 1 1 0 0 1 0 0 1 1 1 1 0 0 0 1 0 0 0 0 0 0 1 0 0 0 0 1 0 0 1 0 1 0 0 1 0 1 0 1 0 
1 0 1 1 0 0 1 0 0 1 0 0 1 0 1 1 0 0 1 1 1 1 0 1 1 0 1 0 0 1 1 1 1 0 0 0 0 1 0 0 0 1 0 1 
1 1 0 0 1 1 1 0 0 1 0 0 1 1 0 1 0 1 0 0 1 0 0 1 1 0 1 0 1 0 1 1 1 0 1 1 1 0 1 0 1 1 0 1 
1 0 0 1 0 1 1 1 1 1 1 1 0 0 1 1 0 0 0 0 0 1 1 0 1 0 0 1 0 0 0 1 0 0 0 0 1 0 0 1 1 1 0 1 
1 1 1 0 1 1 0 0 1 1 0 0 1 0 1 1 0 1 0 0 0 1 1 1 1 1 0 0 0 0 0 1 1 1 1 1 0 1 1 1 0 1 0 0 
1 1 1 1 1 0 1 1 1 0 0 0 1 1 0 1 1 0 1 1 1 0 0 0 0 1 1 0 0 1 0 1 1 0 0 0 0 1 1 1 0 1 1 1 
0 1 1 0 0 0 1 1 0 1 1 0 0 1 1 0 0 1 1 1 1 1 1 1 0 0 0 0 0 1 0 0 1 1 0 1 1 1 0 1 0 0 0 0 
1 1 0 1 0 1 1 0 0 0 1 1 1 0 1 1 1 1 1 0 0 0 1 1 1 0 1 0 0 1 0 1 0 1 0 0 0 1 0 1 0 0 0 1 
0 1 0 1 1 1 0 1 1 1 1 1 1 0 1 1 1 1 0 1 0 1 1 1 0 0 0 0 0 0 1 0 1 1 1 0 1 1 0 0 1 1 1 0 
1 0 0 0 0 0 1 0 1 0 1 0 0 1 0 0 1 0 0 1 1 0 1 0 1 1 1 0 0 0 1 1 1 1 1 1 1 0 1 1 1 1 1 1 
0 1 0 0 1 0 1 1 0 0 1 0 0 0 0 0 1 1 0 0 0 1 1 0 0 0 1 1 1 0 0 0 1 0 0 1 1 1 0 1 1 1 1 1 
0 0 0 1 1 0 1 0 1 0 0 1 0 1 0 0 1 1 0 0 1 0 1 0 1 1 0 0 1 1 0 1 1 0 0 1 0 1 1 1 1 1 1 1 
0 1 1 1 0 1 1 0 1 1 0 0 0 0 1 1 0 1 0 1 1 0 0 1 1 1 0 0 0 1 0 0 1 1 1 1 1 1 1 0 0 0 1 0 
0 0 0 0 1 0 0 0 1 0 1 0 0 1 1 0 1 1 1 0 0 0 1 1 1 1 0 1 1 1 0 1 1 0 0 0 0 0 0 1 0 1 0 0 
0 1 1 1 0 0 1 0 0 1 0 0 0 0 1 1 1 1 0 0 1 0 0 0 0 0 1 1 1 1 1 1 0 0 1 0 0 0 1 1 1 1 1 1 
1 0 0 0 0 1 0 1 1 0 1 0 0 1 1 1 0 0 0 1 1 1 1 1 0 0 0 1 1 1 1 0 0 1 0 0 0 0 1 0 0 1 0 0 
0 1 1 0 1 0 1 0 1 1 0 1 1 0 1 1 0 0 1 0 1 0 0 0 0 1 0 1 0 0 1 0 1 1 1 0 1 0 1 0 1 1 0 1 
1 1 0 1 1 1 1 0 1 1 0 0 1 0 1 1 0 0 0 1 1 1 0 0 1 1 1 1 0 1 0 1 0 0 1 1 1 0 1 1 0 0 1 1 
0 0 0 1 0 0 0 0 1 0 0 1 1 1 0 1 0 0 1 0 0 0 1 1 0 1 0 0 1 1 1 1 1 0 0 0 0 1 0 0 1 0 1 1 
