42 57 314
15 84 35 3 44 22 39 7 58 55 58 82 67 37 14 44 30 27 38 6 91 40 24 94 33 14 76 90 4 76 45 70 11 79 72 54 52 11 60 62 17 69 43 35 57 8 78 87 86 67 44 29 7 67 22 39 32 
50 28 36 77 72 57 87 2 29 93 6 91 52 67 59 73 61 93 29 20 22 67 6 88 10 34 94 28 7 84 60 56 11 47 32 34 3 71 88 83 63 93 73 66 11 31 38 23 75 67 42 96 85 47 36 95 80 
29 74 87 13 33 94 75 31 26 61 86 96 48 68 10 92 93 75 2 23 13 24 50 31 65 97 15 64 32 61 43 13 35 81 25 19 27 51 2 52 11 87 99 10 54 8 1 46 82 2 21 46 77 22 28 94 18 
43 57 2 55 51 14 41 32 90 12 58 40 13 61 3 51 11 12 56 70 65 2 3 18 74 49 95 47 76 88 16 70 44 17 25 94 30 17 77 19 28 86 11 92 98 13 42 8 76 98 77 40 51 80 58 76 80 
4 74 7 91 89 77 86 6 53 31 35 69 60 6 49 97 16 92 95 28 34 54 55 83 83 95 85 14 4 60 93 7 33 99 97 21 27 34 78 79 16 65 100 75 70 100 72 85 91 66 64 76 71 18 58 53 64 
94 66 67 53 58 73 37 9 21 10 35 6 39 66 22 3 17 96 72 16 19 8 58 36 71 34 7 41 43 59 4 37 77 71 41 34 95 30 94 16 39 81 21 77 46 94 80 14 90 3 29 8 11 38 44 33 71 
2 73 66 60 77 54 36 99 94 22 93 23 67 60 13 47 33 42 44 26 21 57 15 75 37 75 37 75 70 70 97 71 42 14 82 70 67 70 68 61 43 13 35 9 72 48 8 4 89 51 30 61 60 96 87 48 22 
24 74 91 93 23 13 86 36 95 56 3 16 75 15 58 87 49 18 59 48 25 62 36 28 43 48 39 91 35 86 12 10 60 55 2 34 67 39 69 13 94 71 80 69 85 37 55 86 7 65 33 31 79 21 10 21 20 
48 63 6 86 27 15 97 81 68 30 99 7 98 12 52 21 91 72 57 80 27 94 86 43 27 68 21 99 30 94 70 29 56 76 14 82 90 10 14 10 91 13 16 41 24 19 61 66 91 69 97 69 63 34 11 41 2 
32 91 83 77 60 11 32 35 25 66 77 86 79 86 77 43 53 17 18 71 29 84 13 49 32 81 11 66 44 3 19 27 93 1 3 53 11 86 87 35 3 15 73 34 100 49 76 4 17 94 27 97 29 39 45 60 72 
8 25 15 10 43 93 3 43 95 55 6 32 93 92 35 8 64 68 59 64 43 15 32 88 93 28 16 31 25 28 54 32 52 20 41 47 12 43 41 58 49 46 90 94 38 24 53 53 43 63 17 85 77 100 25 69 28 
40 52 52 67 57 35 71 77 75 69 40 70 9 98 18 7 39 63 96 62 15 48 4 78 16 40 6 16 16 75 95 56 78 98 74 34 32 96 62 6 64 2 75 25 51 45 31 89 7 26 2 74 25 57 51 41 48 
56 8 64 82 2 71 59 99 96 45 82 92 6 87 7 59 14 31 9 10 61 49 16 38 50 89 63 58 91 55 6 99 62 69 80 15 91 91 65 86 35 46 77 92 84 84 51 97 66 11 6 27 12 74 64 61 14 
78 71 5 32 76 55 45 96 34 11 86 76 75 23 62 72 52 54 56 87 56 52 52 18 10 78 29 83 94 42 48 23 12 4 7 87 58 3 34 44 14 71 19 40 93 33 12 44 86 19 30 93 22 34 10 31 63 
39 65 8 80 13 31 91 68 37 29 26 39 14 21 4 84 91 44 28 23 7 24 60 25 53 52 46 38 62 29 1 100 93 8 31 57 38 73 25 26 1 2 17 14 74 20 49 64 15 76 87 73 99 46 49 4 50 
47 41 11 75 93 62 19 1 44 28 90 16 52 16 68 5 84 33 78 55 81 93 22 8 31 94 59 29 95 14 78 41 6 40 67 99 1 85 51 96 12 40 11 15 7 78 71 90 10 48 45 42 93 66 1 23 11 
59 51 5 24 28 97 30 67 63 28 19 48 78 14 11 69 76 26 76 5 96 17 66 96 13 7 88 78 60 10 41 18 13 45 42 40 42 23 59 4 2 77 3 31 43 14 99 70 91 26 75 38 43 40 85 55 99 
24 85 58 34 25 27 98 21 20 37 14 42 95 70 43 24 72 73 18 37 24 87 79 49 61 17 43 1 53 50 51 77 34 8 62 10 86 59 30 6 95 96 99 42 65 94 65 88 18 82 25 41 68 55 42 81 23 
84 81 76 33 83 52 18 90 13 27 27 71 9 84 17 4 83 10 68 28 26 7 45 59 83 38 79 38 31 59 60 14 91 87 99 73 90 68 14 2 47 40 24 55 24 93 10 58 2 29 37 28 35 33 86 18 22 
16 7 52 74 18 18 64 5 16 88 94 35 1 48 81 93 23 35 68 67 96 77 21 24 13 100 11 97 37 28 19 53 86 70 26 3 87 42 59 54 29 53 89 30 52 69 22 26 56 89 45 51 17 65 27 29 64 
37 25 100 16 95 52 1 65 30 55 51 71 14 5 99 66 45 28 69 13 1 46 20 41 90 71 57 54 49 37 17 37 14 69 52 8 20 4 72 1 58 75 71 71 31 70 88 75 49 8 39 2 54 59 42 95 81 
51 49 29 39 17 65 52 37 68 12 9 71 35 9 80 9 80 3 91 49 90 65 97 98 4 98 3 62 92 97 42 94 97 22 32 66 86 84 2 5 47 10 27 81 19 6 42 98 8 32 98 50 97 46 99 52 96 
1 13 87 49 6 80 98 27 63 63 64 98 64 68 44 74 94 25 92 51 66 41 11 49 38 12 45 83 10 96 78 62 60 16 62 17 47 59 43 10 21 6 7 85 25 51 10 70 27 53 73 44 93 83 92 82 94 
89 16 55 36 46 16 96 61 77 12 8 36 7 69 8 64 75 44 89 77 53 10 55 57 82 98 49 64 42 82 9 30 98 63 65 43 30 12 55 7 76 14 94 82 82 53 45 9 97 85 37 1 95 92 58 76 41 
58 92 82 40 100 63 89 15 28 83 44 39 89 2 14 3 47 47 36 100 44 96 96 28 33 48 74 76 5 50 16 63 93 50 54 44 12 42 58 91 76 54 30 64 55 95 18 54 94 54 53 37 49 100 64 33 47 
90 8 4 39 76 66 83 25 19 26 88 12 84 79 87 89 60 2 95 6 20 48 99 25 52 35 25 3 51 58 50 40 65 5 30 92 70 12 16 40 37 56 3 72 34 89 60 45 42 7 50 13 54 49 37 6 35 
62 8 85 71 9 76 35 13 5 79 34 16 46 73 5 1 75 28 86 15 40 30 9 46 80 21 99 28 10 56 62 71 16 99 41 24 74 27 89 31 5 74 98 3 47 2 3 73 30 89 40 21 18 48 66 97 20 
16 76 29 24 90 51 39 40 43 14 13 70 54 95 26 28 93 28 74 94 83 98 75 71 89 47 40 36 12 89 8 80 64 36 3 5 87 41 44 29 54 9 50 8 3 28 35 95 7 60 41 89 9 67 11 98 14 
3 85 25 91 92 4 6 28 6 11 66 98 6 46 52 14 48 11 17 75 97 63 33 8 3 74 16 70 84 65 83 38 50 59 28 41 63 34 20 20 96 37 18 1 83 21 67 30 83 35 56 79 97 88 38 52 61 
53 21 97 70 55 34 19 13 62 11 27 47 31 99 94 67 68 46 1 88 12 82 22 46 37 52 95 77 89 46 37 93 18 85 62 72 19 80 84 32 43 63 30 25 61 23 43 28 68 44 67 32 25 88 77 14 39 
23 90 79 68 78 71 85 63 33 56 33 64 92 64 6 6 45 30 18 19 73 45 38 68 63 69 44 2 98 57 92 20 46 70 88 24 40 24 38 24 80 70 88 23 85 45 28 29 27 45 47 51 41 84 70 55 5 
13 56 2 70 47 21 67 16 60 42 7 84 79 31 15 100 70 89 84 14 16 12 92 12 10 42 4 46 11 10 50 76 65 51 97 63 23 63 30 35 57 88 18 87 18 84 87 87 72 70 53 39 34 96 50 43 38 
5 88 100 14 89 27 30 91 23 92 14 38 73 48 94 60 17 32 78 100 18 16 23 40 20 61 73 16 62 67 5 66 55 56 31 95 83 60 86 5 3 51 42 75 98 87 86 66 19 15 17 36 31 39 27 2 99 
99 17 60 66 73 77 72 29 7 66 11 18 51 67 20 53 61 46 2 47 31 67 17 46 35 5 28 73 31 29 23 30 98 34 47 22 10 18 50 68 83 12 85 86 31 56 38 91 1 40 37 32 58 54 29 93 58 
56 17 88 36 40 69 85 25 15 59 87 32 60 6 67 72 91 4 2 98 93 92 99 84 80 82 94 85 62 86 42 69 54 82 56 93 50 93 70 65 51 56 48 10 61 66 33 3 69 86 1 14 77 51 97 9 84 
90 93 45 27 87 65 81 68 20 25 69 12 94 33 14 1 33 24 62 98 8 16 19 94 68 32 22 18 80 30 53 22 23 49 48 9 13 80 28 85 57 96 96 2 81 62 3 13 85 16 62 44 31 32 37 99 15 
59 68 95 88 21 68 62 69 67 22 34 47 49 18 55 45 65 56 77 26 58 41 62 25 2 6 56 86 42 6 100 52 73 94 40 45 13 53 66 80 75 99 78 75 68 32 19 32 87 47 10 97 87 23 21 41 28 
28 26 22 33 25 73 58 71 64 2 83 69 19 62 43 69 39 17 36 70 88 20 9 34 29 5 73 51 25 13 31 53 38 4 37 62 28 94 84 92 48 67 60 66 28 54 35 19 22 22 40 9 41 48 95 21 4 
67 24 81 31 54 85 68 9 21 81 36 67 65 79 14 31 90 31 10 43 17 80 17 91 72 77 31 19 71 52 75 89 27 55 71 80 39 38 40 11 71 75 77 35 54 42 17 95 25 78 90 93 10 6 83 81 82 
14 51 5 17 25 45 43 31 16 74 69 5 13 80 75 39 8 61 44 50 29 39 26 59 28 18 68 85 1 100 18 66 50 22 34 27 19 76 57 86 1 78 90 65 9 17 3 16 29 47 17 58 37 42 68 16 12 
35 100 12 86 17 29 35 91 62 13 61 89 70 46 89 99 35 53 7 3 7 74 32 53 91 89 89 84 56 4 47 42 55 10 27 24 38 13 14 99 78 26 39 47 71 27 97 57 31 3 60 38 76 91 42 18 31 
83 54 38 38 100 79 93 62 57 16 99 21 81 50 98 6 88 96 28 67 92 84 49 46 43 86 22 85 80 91 15 62 96 52 99 48 82 43 9 90 10 59 63 90 8 60 47 48 56 26 14 99 10 62 45 4 100 
1 0 0 1 0 1 1 0 1 0 1 0 0 1 1 0 1 1 0 0 1 1 1 1 0 0 0 1 0 1 0 1 1 0 0 0 1 1 0 1 1 1 1 1 0 0 0 1 1 0 0 1 1 1 0 1 1 
0 0 1 1 1 0 1 1 1 1 1 0 1 0 0 0 1 1 1 1 1 0 1 1 0 0 0 0 0 1 1 0 0 1 1 1 1 0 0 0 1 1 1 0 1 1 1 0 0 0 0 0 0 1 1 1 1 
0 1 1 1 0 1 1 1 0 0 1 1 1 1 0 0 0 1 0 1 0 0 0 0 0 0 0 1 1 1 0 1 0 1 1 1 0 0 0 1 1 1 0 0 1 0 0 1 1 0 1 1 1 1 1 1 1 
0 1 0 1 1 0 0 1 1 1 1 1 1 0 0 1 0 0 0 1 1 1 0 1 0 0 0 1 1 0 0 1 1 1 1 0 1 1 1 0 0 1 1 1 1 0 0 0 0 0 1 1 0 1 1 0 1 
1 0 1 1 0 0 0 1 1 1 0 0 0 0 0 1 0 0 1 0 0 1 0 1 0 0 1 1 1 1 1 0 1 0 0 0 0 0 1 0 1 0 0 0 0 1 1 0 1 0 0 1 1 1 0 1 1 
1 1 0 1 0 0 0 0 0 0 0 1 0 0 0 0 1 0 0 0 0 1 1 0 1 0 0 0 1 1 1 0 0 1 1 0 0 0 0 0 0 1 1 0 1 0 0 0 0 1 0 0 0 1 1 1 0 
1 0 1 0 1 1 1 1 1 1 1 1 0 1 1 1 1 0 0 1 0 1 1 1 1 0 1 1 1 1 1 0 1 0 0 0 1 1 1 0 1 0 1 1 0 1 0 1 1 0 0 1 1 1 1 1 1 
0 0 0 1 1 0 0 1 1 1 0 0 0 1 1 1 0 0 1 1 0 0 0 1 0 0 0 1 1 1 1 1 1 1 1 0 0 1 1 1 0 0 1 1 1 1 0 1 1 1 1 0 1 1 1 1 1 
1 0 0 1 1 0 0 1 1 1 1 0 0 0 1 0 1 0 1 0 0 1 0 1 0 0 0 1 1 1 1 0 1 1 1 1 1 0 0 0 1 1 1 1 1 0 0 0 0 1 1 0 0 1 1 0 1 
1 0 0 0 1 0 1 0 0 0 0 0 0 0 1 1 1 0 0 1 0 1 1 0 0 1 0 1 0 1 0 1 1 0 1 0 0 1 0 0 1 0 0 0 1 1 1 0 0 0 0 0 1 1 0 1 1 
1 0 1 0 0 1 1 0 0 1 0 1 1 1 1 0 1 1 1 1 0 1 1 0 1 1 1 1 0 0 0 1 0 1 1 0 0 0 0 1 1 1 0 0 0 1 0 1 0 1 0 1 1 1 1 0 1 
1 1 1 1 1 0 0 1 1 0 1 1 1 0 0 0 1 0 0 0 1 1 1 0 0 0 1 1 1 0 0 0 1 1 0 1 1 0 0 0 0 1 1 1 0 1 1 1 0 1 1 1 1 0 1 1 0 
1 0 0 1 1 0 0 0 0 1 0 0 1 0 1 1 0 0 1 1 0 0 1 1 1 0 0 0 0 1 0 1 0 0 0 1 1 0 1 1 0 1 0 1 0 1 0 0 1 1 1 1 1 1 1 1 1 
1 1 1 1 1 0 1 0 0 0 1 1 1 0 1 1 0 0 1 1 1 1 1 0 0 0 0 1 1 1 1 1 0 0 0 1 1 1 1 1 1 0 0 0 1 1 1 1 0 0 1 1 1 0 1 0 0 
1 1 0 0 0 1 0 1 1 0 0 0 1 1 1 0 0 1 1 1 1 0 1 1 1 0 1 1 0 1 0 1 0 0 0 1 1 0 0 0 0 0 0 0 1 1 0 1 0 1 1 1 1 0 1 1 1 
0 0 1 1 0 0 1 0 0 0 1 1 0 1 1 0 1 1 0 0 1 1 1 0 0 0 0 1 1 1 0 1 1 1 0 0 1 0 0 0 0 0 1 1 1 0 1 1 0 1 1 1 1 0 0 1 1 
0 0 0 1 0 0 0 1 0 0 1 0 1 1 1 1 0 0 0 0 1 1 0 1 1 0 0 1 0 1 0 0 0 1 1 0 1 1 0 1 0 1 0 1 0 1 0 0 1 0 0 0 0 1 1 1 1 
1 0 1 1 1 1 1 0 0 1 1 1 1 0 1 0 0 0 0 1 0 0 0 1 1 1 1 0 0 0 1 0 0 0 1 1 1 0 1 1 1 0 0 1 1 0 1 1 0 0 1 1 0 1 0 1 0 
1 1 1 1 0 1 1 0 0 1 1 0 0 0 1 1 1 0 0 1 0 1 1 0 0 0 0 0 0 0 0 1 1 1 0 0 0 0 0 0 1 0 0 1 0 0 0 1 0 0 0 0 0 0 0 0 0 
1 0 1 1 1 0 0 0 1 0 1 1 1 1 0 1 0 1 1 0 0 1 0 0 1 1 0 1 1 1 0 0 1 1 1 0 1 0 1 0 0 0 1 1 1 1 0 1 1 0 1 1 1 0 1 0 1 
0 0 0 1 0 1 0 1 0 1 0 0 0 1 1 0 0 0 1 0 1 1 1 1 0 0 0 0 1 0 1 1 0 0 0 0 1 1 1 1 0 0 0 0 1 1 0 1 1 1 1 0 0 0 1 1 0 
1 1 0 0 1 1 0 1 0 1 0 1 0 1 1 0 1 1 1 0 1 1 0 0 0 0 1 1 0 0 1 1 1 1 1 0 1 0 1 1 1 1 0 1 1 1 0 0 0 1 1 1 0 1 1 1 1 
0 0 1 0 1 1 0 1 0 0 0 0 0 1 1 1 1 1 0 0 1 1 0 0 0 1 1 1 0 0 0 1 0 0 1 1 1 1 0 1 0 0 0 0 1 1 1 0 0 0 0 1 1 0 0 1 1 
1 0 0 1 0 1 1 0 0 0 1 0 1 1 0 1 1 0 1 0 1 1 1 1 0 0 0 0 0 1 0 1 1 0 0 0 1 1 0 1 0 0 1 1 1 1 0 0 1 1 0 1 1 1 0 1 0 
1 1 0 0 1 0 0 1 0 0 0 0 0 0 0 0 1 1 1 1 1 1 0 1 0 1 0 1 0 1 1 1 0 0 1 0 0 1 1 0 1 0 0 0 0 0 0 1 1 0 0 1 1 1 0 1 0 
0 1 0 1 0 1 1 0 1 1 0 0 1 1 0 1 1 0 1 0 0 0 1 0 1 0 0 0 0 1 0 0 0 1 1 1 0 1 1 1 0 0 0 1 1 0 0 0 0 1 0 0 0 0 1 1 0 
1 1 1 0 1 1 1 0 1 0 1 0 1 0 0 1 0 0 0 0 0 1 0 0 1 1 0 1 0 1 0 1 0 1 1 1 0 0 0 1 0 1 1 0 1 0 1 0 0 0 0 0 1 1 0 0 0 
0 0 0 1 0 1 1 1 0 1 1 1 1 1 1 0 0 1 1 0 1 1 0 1 0 1 0 1 1 0 1 0 0 1 1 0 0 1 1 0 0 1 1 1 0 1 1 0 0 0 1 1 0 1 0 0 0 
0 1 0 1 0 0 1 1 1 0 1 0 1 1 0 0 1 1 0 0 0 1 0 1 0 0 1 1 0 1 0 1 0 0 0 0 0 1 1 1 1 0 0 1 1 0 1 0 0 0 0 0 1 1 1 1 1 
0 0 1 1 0 0 1 0 0 1 0 0 0 0 1 0 0 0 0 0 0 0 0 0 1 1 1 0 0 0 1 1 0 0 0 1 1 0 1 1 1 0 1 0 0 1 0 0 1 0 0 1 1 1 1 0 0 
0 0 0 0 1 1 1 1 0 0 0 0 1 0 1 1 1 1 1 0 0 1 0 0 0 1 1 1 1 1 1 1 1 1 0 0 1 1 0 1 1 0 1 0 0 0 0 0 0 1 0 0 1 0 0 1 0 
0 0 1 1 1 0 1 0 0 1 1 1 1 0 0 0 1 1 0 0 1 0 0 0 1 0 1 1 0 0 1 0 0 0 0 1 1 1 0 1 0 1 1 0 0 1 0 1 0 0 1 1 1 1 0 0 1 
1 1 0 0 1 0 0 1 0 0 0 1 0 0 0 1 1 0 1 0 0 1 1 0 0 0 1 0 0 1 1 0 1 1 0 0 0 0 1 0 0 0 0 0 0 0 0 1 0 1 1 0 0 0 0 1 1 
0 1 1 1 0 1 0 0 1 0 0 0 0 0 0 0 0 1 0 0 1 1 0 0 0 0 1 1 1 0 0 1 1 1 0 1 1 1 1 0 1 1 0 1 0 1 1 0 0 1 1 1 0 1 1 1 0 
0 0 1 0 0 0 1 1 0 1 0 1 0 1 1 0 1 0 0 0 0 0 0 1 1 1 0 1 1 1 1 1 1 0 0 1 0 1 0 0 0 1 0 1 0 1 1 1 1 1 0 1 1 0 1 1 0 
1 0 1 0 1 0 1 1 0 0 1 0 0 1 0 1 1 1 1 0 0 1 0 1 1 1 1 1 0 0 1 1 0 0 1 1 1 0 0 1 0 1 1 1 0 0 0 0 1 0 0 0 1 0 1 0 0 
0 1 0 0 1 0 0 1 1 1 0 0 1 0 0 0 1 1 1 1 0 1 1 0 1 1 1 0 0 1 0 1 0 0 1 1 0 0 1 0 1 1 0 1 1 0 1 1 0 0 0 0 1 1 0 1 0 
1 1 1 0 1 0 0 1 1 0 0 1 1 0 1 0 0 0 0 0 1 1 0 0 1 0 1 1 0 0 1 1 1 0 1 0 0 0 0 0 0 0 1 1 0 0 1 0 0 1 0 0 0 1 0 0 1 
1 1 0 0 0 1 1 1 1 0 1 1 0 1 1 0 1 0 0 1 1 0 0 1 0 0 1 1 0 1 1 1 0 1 1 1 0 1 0 1 1 1 0 1 1 1 1 0 1 1 1 1 1 1 0 1 1 
1 1 1 1 0 1 1 1 0 0 1 1 0 1 0 0 1 1 1 1 0 1 0 1 0 1 0 0 1 0 1 1 1 1 0 1 0 1 0 0 0 1 0 0 0 0 0 0 0 1 1 0 0 1 0 1 1 
0 1 0 0 0 1 1 1 1 0 1 1 0 0 1 0 0 1 0 0 0 0 0 1 1 1 0 1 1 1 0 1 0 0 0 0 0 1 0 1 0 1 0 0 1 1 0 1 1 1 0 1 1 0 0 1 1 
0 0 0 1 0 0 1 0 0 0 0 1 0 0 1 1 0 0 1 0 0 0 1 1 0 0 1 1 0 0 0 1 0 1 0 0 1 0 0 1 0 1 0 0 1 0 1 1 0 0 1 0 1 0 0 1 0 
