42 64 1063
21 50 12 28 42 20 2 96 47 51 56 21 53 26 54 42 47 25 91 27 26 67 81 83 5 13 80 57 70 81 51 42 82 63 69 24 34 70 19 80 73 26 53 77 51 6 18 49 82 60 75 60 26 7 42 30 72 73 38 41 53 89 34 35 
3 2 10 88 24 80 20 48 5 72 24 7 29 93 55 62 52 29 21 29 88 62 11 59 86 100 99 39 40 84 25 94 85 86 82 60 65 53 7 21 76 30 27 4 22 33 65 25 13 38 54 100 51 64 58 37 15 8 27 55 91 51 48 28 
88 81 87 52 33 46 72 8 27 50 63 1 82 80 25 46 17 30 46 19 45 55 55 60 63 81 14 5 83 61 32 70 42 71 73 26 68 96 34 94 45 48 94 78 27 71 24 95 100 21 14 45 75 20 4 89 53 69 94 35 29 77 5 22 
47 77 48 14 73 81 60 69 80 5 99 59 75 74 53 27 94 18 23 68 90 26 9 42 94 2 76 74 78 32 96 77 61 43 42 85 75 1 53 54 6 51 64 32 24 69 58 69 38 80 89 27 57 97 68 2 50 96 76 27 79 71 3 39 
65 45 23 39 97 28 44 2 78 8 86 54 76 43 74 13 75 62 92 31 10 11 33 59 6 60 38 37 82 92 75 46 88 50 36 85 77 31 38 6 38 23 11 65 66 85 30 40 98 21 22 60 31 6 18 89 65 7 25 98 99 51 43 86 
100 30 70 76 61 8 34 50 30 44 67 47 80 96 38 78 16 60 89 98 17 58 86 82 65 62 79 63 13 74 100 64 3 70 92 15 29 25 65 10 20 31 9 100 78 46 29 93 57 17 90 74 74 28 7 90 89 37 52 53 10 52 17 65 
73 8 31 53 84 47 14 3 77 22 2 6 68 82 98 76 98 40 1 24 19 7 13 59 44 17 12 5 20 80 21 44 87 52 96 22 98 9 24 27 83 78 32 50 59 82 77 9 73 78 84 91 36 96 49 79 64 60 36 83 39 56 26 77 
59 73 50 9 82 74 35 64 3 18 65 13 99 93 73 23 70 56 13 6 4 14 36 67 25 71 50 16 79 27 44 89 100 94 97 33 67 83 96 21 1 12 33 51 4 58 26 26 13 38 83 16 3 18 35 28 41 36 43 71 62 86 11 61 
79 8 93 97 42 40 69 42 3 2 45 59 11 70 36 23 59 18 91 62 87 25 41 27 60 83 49 73 20 60 34 99 19 78 47 60 70 16 54 72 69 50 82 79 19 17 53 29 34 43 90 21 19 30 99 30 64 100 3 84 59 88 34 29 
65 32 88 86 47 41 58 67 90 91 97 60 8 50 41 93 44 82 65 15 12 16 44 27 15 98 62 25 85 47 53 2 79 92 87 77 85 96 96 26 87 92 86 46 41 26 38 37 7 3 51 70 70 46 49 84 44 10 60 80 9 12 81 87 
3 20 15 87 15 10 13 1 2 50 46 94 27 36 30 85 90 32 7 59 78 55 94 73 16 53 52 24 64 85 62 18 4 77 57 70 86 21 71 87 22 68 33 48 55 62 84 44 94 90 2 23 44 95 95 12 47 98 35 62 34 49 32 89 
25 40 59 10 60 81 49 81 48 81 80 55 94 63 98 39 5 100 13 48 46 59 11 45 57 98 58 42 46 89 31 70 28 89 31 39 69 31 71 68 63 2 22 9 17 20 47 21 71 60 20 68 18 31 12 26 28 22 68 73 62 98 94 42 
38 24 80 6 55 3 73 69 4 95 77 20 66 24 92 88 35 12 55 4 42 19 82 21 40 1 45 1 98 38 94 35 61 74 92 67 28 64 36 83 10 64 3 27 87 46 14 73 57 69 29 50 39 10 70 78 10 14 30 59 51 24 45 64 
49 36 82 28 51 69 10 13 33 64 39 71 10 5 44 66 25 24 68 63 33 37 40 94 3 21 4 5 96 48 68 44 35 2 71 37 70 81 49 2 44 40 73 5 44 68 23 68 91 90 30 75 26 21 68 80 93 71 85 89 70 4 32 56 
57 55 92 27 87 41 28 82 32 52 87 27 19 9 94 9 98 75 83 75 47 2 7 39 72 43 27 93 98 11 48 55 17 40 81 3 32 8 36 15 60 22 41 30 82 86 39 31 12 73 58 58 75 64 48 98 6 27 91 3 37 90 57 53 
81 89 7 12 97 42 26 8 16 18 89 97 3 27 80 14 100 37 71 26 100 71 23 57 97 65 59 33 55 68 37 35 56 95 99 4 88 76 63 3 94 52 52 96 30 31 10 81 67 32 6 18 2 29 74 98 45 84 82 99 3 70 86 59 
64 84 14 52 59 77 6 52 80 57 48 61 87 9 42 5 92 47 22 94 27 47 43 72 31 77 22 33 46 7 43 62 42 57 13 1 85 18 4 16 27 3 76 65 11 17 70 55 16 43 48 94 90 42 17 20 18 39 4 16 97 47 77 91 
55 89 43 91 58 46 6 84 49 81 49 11 50 70 65 17 12 64 10 1 58 27 72 27 17 28 42 65 26 18 55 80 6 97 22 16 95 27 51 95 59 51 5 60 20 22 76 84 37 86 36 46 64 8 73 80 87 14 96 12 32 3 43 89 
99 64 4 45 90 7 39 100 57 96 60 29 69 35 64 5 72 99 51 35 58 23 66 44 36 62 55 19 16 49 8 14 12 63 11 53 69 49 53 78 44 12 58 12 98 21 69 70 19 71 56 29 93 74 72 80 87 79 99 2 27 58 67 39 
20 77 91 89 26 95 18 21 58 75 85 56 95 53 77 65 23 84 45 67 57 17 46 43 47 96 44 25 53 11 15 25 39 58 13 64 52 30 37 10 56 21 17 50 73 45 66 95 28 11 13 37 79 10 79 77 6 75 1 10 37 16 34 75 
73 98 91 24 79 27 85 34 47 1 35 71 45 1 65 25 63 29 61 93 38 39 69 95 65 69 5 1 36 90 28 8 40 18 84 18 96 68 52 42 21 86 12 17 38 28 41 52 56 1 44 45 92 64 40 8 33 96 61 68 85 88 28 24 
57 11 94 52 30 45 93 50 82 56 67 72 35 59 23 90 60 19 34 3 82 73 10 66 20 70 86 5 9 65 80 65 75 73 16 56 69 8 58 51 15 24 74 49 34 96 90 45 66 24 47 100 48 9 65 68 30 2 24 39 66 55 3 92 
28 19 100 48 78 57 98 93 32 23 93 65 19 83 10 36 58 8 35 57 16 52 76 46 5 99 84 71 54 38 14 33 56 13 80 86 21 30 30 52 52 22 17 22 4 26 10 61 33 44 18 1 95 93 46 52 44 81 22 49 70 87 81 78 
52 12 63 72 93 92 24 97 13 92 18 69 69 27 29 1 23 98 1 69 91 98 20 86 30 93 34 100 32 66 77 83 77 91 6 22 82 81 18 46 72 87 66 40 66 95 93 40 44 45 8 86 95 28 71 24 72 4 75 3 21 3 37 50 
93 95 71 26 75 40 72 47 26 89 38 43 83 30 82 79 27 90 64 21 69 35 96 92 90 71 95 11 73 83 60 18 77 82 43 52 21 66 50 46 55 39 41 89 21 22 67 47 63 31 19 83 17 14 75 58 36 21 68 61 3 79 78 32 
60 20 35 80 38 36 78 92 74 18 80 46 91 47 92 54 29 62 36 45 28 62 2 63 82 22 23 37 100 52 68 12 24 2 43 61 37 20 52 62 89 31 8 80 29 51 85 57 13 20 53 40 82 7 54 15 80 29 51 31 80 70 42 3 
23 85 63 11 56 14 73 45 97 32 76 77 82 60 86 46 31 38 37 64 96 91 79 75 19 81 6 98 51 99 53 73 83 15 36 91 81 8 35 77 39 10 53 72 69 38 70 99 28 6 63 75 96 93 2 66 73 59 64 23 57 16 48 92 
82 83 82 62 42 16 90 32 77 43 55 97 32 24 95 11 30 9 86 25 1 87 43 26 45 6 48 53 73 47 44 54 81 25 68 22 92 57 5 20 51 60 16 83 83 63 45 12 71 82 89 24 68 31 49 64 88 48 17 12 47 12 65 27 
89 84 1 32 41 5 52 91 64 67 25 99 81 22 10 52 3 50 27 23 32 27 86 19 74 54 82 20 66 47 99 54 82 99 37 22 55 88 65 71 7 41 69 87 14 30 90 17 32 68 39 63 94 76 34 68 30 15 39 47 13 89 52 95 
87 88 68 94 76 84 64 34 77 84 72 90 13 14 6 44 81 44 7 75 72 92 94 1 6 84 47 19 73 98 65 11 85 32 4 12 68 19 97 44 2 69 33 67 82 39 10 14 34 68 88 5 59 33 57 17 17 3 87 41 52 51 51 37 
34 7 100 1 25 97 44 79 17 29 45 98 67 6 11 52 26 51 9 84 83 65 52 51 68 38 91 19 40 94 7 26 100 59 78 76 55 74 6 23 2 50 20 20 8 82 71 33 84 31 68 19 96 20 69 15 9 12 85 49 5 92 26 56 
2 3 31 56 76 37 78 29 38 49 48 45 82 71 77 66 1 45 84 96 16 4 10 24 15 47 24 71 38 49 26 91 4 57 46 79 45 75 60 82 75 7 79 8 77 55 73 78 51 8 25 66 64 87 42 30 33 65 1 22 66 78 12 69 
34 9 99 30 35 58 64 9 65 42 16 93 48 41 22 51 100 47 68 63 33 9 45 65 74 45 38 39 22 49 59 8 57 9 89 91 67 4 51 83 97 18 27 45 58 49 47 10 95 14 24 79 23 68 95 48 64 32 38 38 80 96 97 88 
56 85 78 22 89 80 56 85 97 83 81 7 31 79 68 77 93 91 55 67 11 49 14 74 80 3 63 11 50 59 98 5 96 27 79 36 58 34 72 54 68 5 12 50 83 79 26 75 22 80 93 32 80 58 57 59 60 20 21 9 30 70 14 77 
96 44 12 53 77 84 59 97 88 70 46 22 1 72 97 22 3 41 53 83 99 9 93 58 80 14 19 62 83 84 38 31 27 50 35 55 85 93 51 24 15 97 45 67 20 93 88 22 34 92 4 32 52 97 41 32 10 59 93 92 94 82 74 20 
31 9 75 15 1 25 90 67 73 35 33 92 27 72 14 60 63 17 43 15 65 36 46 74 46 90 18 40 71 91 59 54 51 85 20 4 10 10 70 34 44 55 26 22 26 91 34 89 59 76 3 24 63 100 49 9 41 66 48 63 9 58 16 59 
43 88 14 4 97 84 89 92 90 14 13 15 56 46 3 15 74 57 90 36 56 38 96 48 56 95 11 16 53 78 74 47 65 88 50 61 23 38 4 12 4 17 78 11 14 81 25 39 89 14 27 97 4 22 44 59 17 6 74 69 84 99 67 48 
38 16 61 12 5 64 23 60 32 1 71 98 33 95 36 73 61 62 69 64 84 65 74 52 70 47 72 53 97 38 53 35 5 13 46 9 28 21 69 12 73 39 9 57 85 96 29 97 10 50 12 45 14 85 96 83 83 67 88 32 56 40 66 60 
4 63 68 83 35 88 94 59 78 54 15 15 2 96 11 11 45 75 55 10 11 2 44 94 20 31 25 75 22 42 86 25 56 53 8 91 93 53 1 70 59 16 36 60 63 47 22 59 73 28 68 83 29 11 28 100 94 4 26 15 97 11 40 53 
15 99 95 7 3 95 29 61 62 64 72 24 62 93 34 86 20 1 69 100 64 96 51 57 100 76 23 48 86 62 100 53 12 46 11 67 41 39 27 54 55 51 30 68 43 63 54 15 16 74 66 31 69 17 87 20 44 9 68 82 23 19 34 86 
65 44 52 57 35 31 10 41 81 39 8 75 2 13 89 17 86 7 47 7 23 85 26 18 45 45 99 19 64 32 57 80 76 60 36 62 90 45 2 22 84 61 97 37 74 37 5 59 43 3 65 17 87 43 35 83 39 33 54 2 17 10 33 44 
69 68 5 11 13 6 32 48 66 80 84 91 17 40 2 11 42 66 80 80 60 66 62 99 98 67 52 66 76 85 9 97 4 13 59 68 70 90 15 88 70 50 78 38 41 79 100 82 97 79 61 56 44 75 6 94 93 58 59 21 94 68 17 97 
1 0 0 1 1 0 0 0 0 1 1 0 0 1 0 0 1 0 1 1 0 1 0 1 0 0 1 1 1 1 1 1 1 1 0 0 0 0 1 0 1 0 0 1 1 0 1 1 1 1 0 1 0 0 0 0 0 1 1 0 0 0 1 1 
0 1 0 0 1 1 0 0 1 0 0 1 1 1 0 0 0 0 1 0 0 0 0 0 1 1 0 0 0 1 1 0 0 1 0 1 0 0 0 0 0 0 1 1 1 1 1 0 1 1 0 1 1 1 1 0 0 0 0 0 1 0 0 0 
1 0 1 0 0 1 0 1 1 1 0 1 0 0 1 1 1 1 0 0 0 1 0 1 1 1 1 1 1 0 1 0 0 0 0 1 0 0 0 1 1 0 0 1 0 1 0 1 1 0 1 1 0 0 0 1 1 0 0 0 0 1 0 0 
0 1 1 0 1 1 1 1 0 0 0 0 1 1 0 0 1 1 0 1 1 0 1 0 0 1 0 0 1 1 1 1 0 0 1 1 0 0 0 0 0 1 0 0 0 0 0 1 0 0 1 1 1 0 0 1 1 0 0 0 1 1 1 1 
1 0 1 1 1 1 1 1 0 0 1 0 0 0 0 0 0 1 0 1 1 0 1 0 0 1 1 0 0 0 1 1 1 0 1 0 0 0 1 0 0 1 1 1 1 1 1 1 0 1 1 1 1 0 1 0 1 0 0 1 1 1 0 0 
0 1 0 0 0 1 0 0 0 1 1 1 0 1 1 0 0 0 1 0 0 1 0 1 1 0 0 0 1 0 0 1 0 0 1 0 0 0 0 0 1 0 0 0 1 1 0 1 1 0 1 1 1 1 0 0 1 0 1 1 0 1 0 0 
0 0 0 0 0 1 0 1 1 0 1 0 1 0 1 0 0 1 1 1 0 1 1 0 1 0 1 0 0 1 0 0 1 1 0 1 0 0 1 1 1 0 1 0 0 0 1 0 1 0 1 0 0 1 0 1 1 1 1 1 0 0 1 0 
1 1 1 1 0 0 0 1 1 1 1 1 1 0 0 1 1 1 1 1 0 1 0 0 0 0 1 0 0 1 0 1 0 0 0 0 0 0 1 1 1 1 1 0 1 1 1 0 0 0 1 1 1 0 1 1 0 0 0 0 1 0 1 0 
0 1 0 1 1 0 0 0 1 1 0 0 0 0 1 1 0 0 0 0 0 1 1 0 1 1 0 1 0 1 1 0 0 1 1 1 1 0 1 0 1 0 1 0 0 0 1 0 0 1 0 1 0 0 1 1 1 0 0 1 1 1 0 0 
1 1 1 0 1 1 1 1 1 0 1 1 0 0 1 0 1 0 1 1 0 1 0 1 1 1 1 0 0 1 0 1 0 0 0 0 1 1 1 0 1 0 1 1 0 0 1 1 0 1 0 0 0 0 0 1 1 1 1 0 0 0 1 0 
0 1 0 1 0 1 1 1 1 0 0 1 0 0 0 1 1 0 1 1 1 1 0 0 0 1 0 0 1 0 1 1 1 1 0 0 1 1 1 0 1 0 0 0 0 0 1 1 1 0 0 0 0 0 0 0 1 1 1 1 1 0 0 0 
1 1 0 0 0 0 1 0 0 1 0 0 1 1 1 0 1 1 0 1 1 1 0 0 0 1 1 1 1 0 1 0 1 0 1 1 0 0 1 0 1 1 0 0 0 1 1 0 0 1 1 1 0 1 1 0 0 1 1 1 1 1 0 0 
1 1 1 1 1 1 1 0 0 1 0 1 0 1 1 0 1 0 1 1 0 0 0 0 1 1 0 0 0 0 0 1 1 0 0 0 1 1 0 1 0 0 0 0 0 1 0 1 0 1 0 0 0 0 0 1 0 0 0 0 0 0 0 1 
0 0 1 1 0 1 1 0 0 1 1 0 1 1 1 1 1 1 1 1 0 1 0 0 0 0 0 0 1 0 0 1 1 1 1 1 1 0 1 1 1 0 1 0 0 0 1 1 1 0 0 1 0 0 1 0 1 0 0 0 0 0 1 1 
0 0 0 1 0 0 0 0 0 1 0 0 1 0 1 0 0 1 0 0 0 1 0 1 1 1 1 0 1 0 1 1 1 0 0 1 0 0 1 0 1 0 1 0 0 0 1 0 0 1 1 0 0 1 1 0 0 0 0 0 0 1 1 1 
1 0 1 1 0 0 0 0 0 1 0 0 1 1 1 1 0 0 1 1 1 0 1 0 0 1 0 1 0 1 0 0 1 1 1 0 0 1 0 0 0 0 1 0 0 0 1 0 0 1 1 1 1 0 1 0 1 1 1 0 1 1 0 0 
1 1 0 1 1 0 1 1 1 0 1 1 0 1 1 0 0 1 0 1 1 1 1 1 1 0 1 0 0 1 0 1 0 1 0 1 1 1 1 0 0 0 1 0 1 1 1 1 0 1 1 1 0 0 0 1 1 1 1 1 0 0 0 1 
1 0 0 0 1 1 1 1 0 0 0 1 1 1 1 1 0 0 1 0 0 1 0 1 1 1 0 1 1 0 0 0 0 1 1 0 0 0 1 0 0 1 0 0 0 1 1 0 1 0 1 1 0 1 1 1 0 1 0 0 0 1 0 0 
0 1 0 0 1 0 1 0 1 1 0 0 0 1 0 1 0 1 0 0 0 1 1 1 1 1 1 1 0 1 1 0 1 0 1 0 0 0 0 1 1 0 1 1 0 0 0 0 1 0 0 0 0 1 1 1 0 0 0 1 1 1 1 0 
1 0 1 1 0 1 1 1 0 0 0 0 0 0 0 0 1 0 0 1 1 1 0 1 1 0 0 0 1 0 1 1 0 0 0 1 1 1 0 1 0 1 1 0 1 1 0 0 1 0 1 0 1 1 0 0 1 0 1 1 0 0 0 1 
0 0 0 1 0 0 1 0 1 0 0 1 0 1 1 1 1 1 0 1 0 0 1 0 0 0 1 1 0 1 0 0 1 0 0 1 0 1 1 0 1 0 1 1 1 0 1 0 1 1 1 0 1 1 0 1 1 1 0 0 0 0 0 1 
0 0 1 1 1 0 1 1 0 0 0 1 0 1 0 0 0 1 0 1 0 0 1 0 1 1 0 1 0 0 0 0 1 1 1 0 0 0 1 0 0 0 0 1 1 0 1 0 1 1 1 0 1 0 0 0 0 0 1 0 0 1 0 1 
1 0 0 1 0 1 1 1 1 1 0 1 1 1 1 1 0 0 1 1 1 1 1 1 1 0 1 1 1 1 1 0 1 1 1 0 0 1 1 0 0 1 1 0 0 0 1 0 0 0 1 1 1 0 0 0 0 1 1 1 1 0 0 0 
1 1 0 0 0 1 0 1 0 1 1 0 1 0 0 1 0 1 1 1 1 1 1 1 1 0 1 0 1 1 0 0 0 1 0 1 0 0 0 1 1 1 1 0 1 0 0 1 1 1 0 1 0 1 0 1 1 1 1 0 0 0 1 1 
1 1 0 1 0 0 0 1 1 0 0 0 0 0 1 1 1 1 0 1 0 1 1 1 0 0 0 1 0 1 0 1 0 0 1 0 0 1 0 1 1 0 1 1 0 0 1 1 1 1 0 1 0 1 0 1 0 0 0 0 1 0 0 0 
0 1 0 0 0 0 1 0 0 0 1 0 0 0 1 1 0 0 0 0 1 0 1 1 1 1 0 0 1 0 0 1 1 1 1 1 1 0 1 0 0 1 0 0 1 0 1 1 0 1 0 1 0 1 1 1 1 1 1 0 1 0 0 0 
1 1 1 0 0 1 0 0 0 1 1 1 1 0 1 1 0 1 0 0 0 1 1 1 0 0 0 1 0 0 1 1 1 1 0 1 0 0 0 0 1 1 1 0 1 0 1 1 1 0 1 0 1 0 1 0 1 1 1 1 1 1 1 1 
0 1 0 0 1 0 0 1 1 1 1 1 0 1 0 1 1 0 1 0 0 1 0 1 0 0 1 0 1 0 1 1 1 1 1 0 0 1 1 1 0 1 0 0 0 1 0 1 1 1 1 1 0 0 1 1 0 0 1 1 0 0 0 1 
1 1 1 1 0 1 1 0 0 1 1 0 0 1 1 1 0 0 1 1 0 0 0 0 0 1 1 0 1 1 1 0 0 0 0 0 1 1 1 1 0 0 1 1 1 0 0 1 1 1 0 1 1 0 0 1 1 1 1 0 1 0 1 1 
1 1 0 0 0 1 0 0 1 1 1 0 0 0 1 1 1 0 0 1 0 0 0 0 0 0 0 1 0 1 0 1 0 0 0 0 1 0 1 0 1 0 0 1 0 0 0 0 0 1 1 0 1 1 0 1 1 1 0 0 0 1 1 1 
1 1 1 1 1 0 1 1 1 0 0 1 0 1 1 0 0 0 0 1 0 1 1 1 0 1 1 0 0 1 1 0 0 1 1 0 1 0 1 0 0 1 0 0 0 1 0 0 0 1 0 0 0 1 1 0 0 1 0 1 0 0 1 0 
1 0 0 0 0 1 1 1 1 1 1 1 0 0 0 0 1 0 0 1 1 0 1 1 1 1 0 1 1 1 1 0 1 0 1 0 1 0 1 0 1 0 0 1 0 0 0 1 0 0 0 1 0 1 0 1 1 1 0 0 0 0 1 0 
0 0 0 1 0 1 0 1 1 0 0 0 0 0 1 0 1 0 1 1 1 1 1 0 0 1 1 1 1 0 1 1 0 1 1 0 0 1 1 1 1 1 1 1 0 1 1 1 1 0 0 0 1 1 1 0 1 0 1 0 0 0 0 0 
1 1 0 1 0 1 0 1 0 0 0 0 1 1 1 0 1 0 0 0 1 1 0 0 1 1 1 1 1 1 1 0 0 1 1 0 0 0 1 1 0 1 1 1 0 1 1 1 1 1 1 0 1 0 1 0 1 0 0 1 1 1 1 1 
1 1 1 1 1 0 0 1 1 0 0 1 1 1 0 0 0 1 0 1 1 1 0 1 1 0 0 0 1 1 1 0 0 0 0 1 0 0 0 1 0 0 0 1 1 0 1 0 0 0 1 1 1 1 0 1 1 0 1 1 0 1 1 0 
1 1 0 0 0 0 1 0 1 0 0 0 0 1 0 0 1 0 0 1 1 0 0 1 1 1 0 1 0 1 1 0 1 1 0 1 0 1 1 1 1 1 1 0 1 0 0 0 0 0 1 1 1 1 0 0 1 0 1 1 0 0 1 1 
0 1 0 0 1 1 1 0 1 0 0 0 0 1 0 0 1 0 0 0 1 0 0 0 1 1 0 1 0 1 0 0 1 0 0 0 1 1 0 0 1 1 0 0 0 1 0 1 1 0 0 0 1 0 1 0 0 1 1 0 0 1 0 1 
1 0 1 0 1 0 1 0 1 1 0 1 0 1 0 1 1 0 0 0 1 1 0 1 0 1 1 0 0 1 0 1 1 1 0 0 1 1 0 0 0 1 1 1 0 0 0 1 0 0 0 1 1 0 0 1 0 1 0 0 0 0 0 1 
1 0 1 1 1 0 1 1 1 1 0 1 1 1 0 1 1 0 1 1 1 1 0 1 1 0 1 1 0 1 1 0 1 0 1 0 0 0 0 1 1 0 0 0 1 1 0 1 1 1 0 0 0 0 1 1 1 1 1 1 0 0 1 0 
0 0 0 1 1 0 0 0 1 1 1 0 0 1 1 1 0 1 0 0 0 1 0 1 0 1 0 1 1 0 1 1 0 1 0 1 0 1 0 1 0 1 1 0 0 1 1 0 0 1 0 0 1 0 1 1 1 0 0 0 0 1 0 0 
1 0 0 1 1 0 0 1 1 1 1 1 0 1 1 1 0 1 1 1 0 1 1 1 1 1 0 1 1 0 1 0 0 1 1 0 1 1 1 0 0 1 1 1 0 0 0 0 0 1 0 0 0 1 1 1 0 1 0 1 1 0 1 0 
1 0 0 1 1 1 1 0 0 1 1 0 1 1 1 1 0 1 1 1 0 1 0 0 0 1 0 0 1 1 0 0 0 0 1 1 1 1 1 0 0 0 0 1 1 1 1 0 0 0 1 0 1 1 1 0 0 1 0 1 0 0 0 0 
