58 60 3088
62 75 88 93 55 84 45 13 89 25 93 76 98 34 96 70 41 75 87 81 92 18 58 5 90 66 25 2 60 87 1 73 61 89 18 16 72 62 28 13 38 72 88 36 5 84 57 98 10 95 78 53 65 87 58 54 52 34 7 63 
21 7 35 33 47 4 48 71 18 27 83 55 98 22 42 3 57 99 52 19 93 29 71 57 15 28 62 18 14 20 32 34 79 66 66 25 22 66 47 39 92 81 93 90 3 35 44 11 85 95 29 29 75 100 38 41 79 99 10 92 
71 41 77 49 6 95 25 79 60 72 17 3 52 62 44 6 48 39 17 32 85 45 60 59 96 49 99 75 100 8 66 70 48 43 18 6 89 42 36 100 13 53 2 17 14 46 22 13 84 90 44 69 35 55 79 30 4 30 56 55 
89 22 24 89 16 41 46 4 34 81 3 99 85 56 15 50 53 88 62 37 78 5 57 64 12 87 45 67 16 1 21 57 74 44 45 89 36 90 44 21 22 98 19 7 5 85 56 58 73 18 46 2 74 54 17 85 40 13 51 8 
13 23 64 38 18 8 78 5 49 21 26 70 70 44 76 75 29 32 32 53 1 29 6 74 82 74 11 21 86 13 28 51 36 91 88 53 50 66 10 98 38 35 20 8 78 95 34 58 78 17 10 78 45 15 4 26 88 14 98 26 
26 26 76 13 68 63 18 70 80 27 67 18 61 86 77 38 33 10 96 10 78 57 40 74 24 95 99 63 8 96 88 85 73 63 98 93 78 67 62 57 93 80 74 5 18 2 42 50 63 89 11 40 98 2 13 21 96 63 83 55 
11 23 40 35 37 89 27 14 55 40 71 47 20 96 51 89 98 44 38 60 85 100 52 82 54 64 54 49 79 88 4 89 10 95 75 99 83 2 12 37 93 34 35 12 30 37 52 79 80 89 90 16 41 41 49 94 57 54 94 35 
42 97 75 3 91 49 1 25 2 65 61 47 98 95 10 79 31 62 57 63 2 47 30 42 39 31 87 95 84 81 81 77 29 55 32 72 56 84 96 9 48 9 7 46 55 17 76 86 78 85 100 79 31 81 73 21 11 11 16 95 
91 96 23 72 3 54 95 10 38 42 70 85 50 77 82 5 45 58 42 22 42 93 52 24 25 24 96 36 35 11 82 77 59 4 100 13 10 94 74 47 88 95 83 89 23 65 45 67 74 86 88 67 30 40 42 55 15 37 42 49 
100 23 78 10 78 77 22 87 23 47 85 10 41 68 50 64 84 95 82 9 32 70 27 62 61 68 68 75 56 61 76 55 35 53 64 12 81 37 51 55 83 87 16 76 54 66 91 89 60 72 97 91 41 23 4 53 42 71 80 98 
31 55 4 65 59 68 29 91 56 31 46 91 17 61 66 71 26 56 11 85 27 8 76 20 82 31 24 24 2 3 73 84 9 76 1 67 95 29 10 3 59 55 93 75 15 58 97 93 65 8 77 43 67 4 14 100 35 38 75 88 
40 47 23 1 75 23 19 21 3 28 23 61 82 67 88 49 24 36 41 40 95 69 83 61 25 96 61 11 33 35 50 25 34 72 77 60 95 95 80 97 23 55 10 4 21 49 4 97 84 44 36 79 65 18 91 41 66 3 51 50 
90 52 26 23 23 2 34 69 97 65 18 19 19 79 74 92 27 78 88 62 73 75 92 37 45 83 77 10 85 79 11 26 30 37 48 5 38 33 25 86 98 94 4 68 72 30 59 50 7 98 12 79 25 55 68 69 89 44 30 74 
75 40 99 56 28 99 12 18 83 37 3 80 30 59 100 54 88 58 3 94 8 66 24 32 21 91 52 9 87 81 34 61 72 85 68 100 35 80 17 17 68 71 49 97 29 48 50 68 57 5 61 16 22 37 99 94 27 50 55 13 
82 88 25 54 24 93 5 10 24 73 79 91 43 79 87 24 26 89 43 34 45 56 2 66 92 100 60 18 2 14 83 83 53 7 88 29 51 44 38 74 16 16 64 11 94 3 86 71 91 28 57 35 83 58 52 74 9 11 44 10 
76 26 45 81 32 84 9 35 28 46 8 95 14 72 5 59 74 42 82 16 22 38 2 4 47 53 30 7 16 73 69 43 50 13 23 33 48 31 67 75 77 75 70 42 98 26 100 71 20 33 86 41 22 87 96 68 91 25 27 6 
49 95 49 50 59 23 83 6 54 1 33 82 75 54 23 72 31 74 94 50 7 79 42 28 17 38 48 60 14 26 17 15 20 65 64 78 40 98 35 93 99 67 74 73 20 96 97 3 21 90 52 79 21 94 7 89 83 6 48 96 
31 65 10 2 81 26 31 20 23 65 12 21 84 85 46 55 32 42 57 5 83 61 83 3 6 41 92 88 98 91 35 80 55 97 81 36 22 63 55 96 80 19 17 63 55 14 69 87 55 78 43 89 38 25 92 43 18 35 82 15 
25 68 95 32 64 27 67 37 90 73 33 69 91 1 83 46 14 51 84 20 28 26 8 17 50 51 11 19 37 92 34 14 60 28 45 75 54 11 12 95 35 96 63 26 96 97 71 61 48 54 32 27 79 91 96 80 42 6 51 30 
50 84 95 61 11 39 35 16 1 98 63 36 93 25 61 40 22 83 52 21 36 83 99 66 74 94 97 67 100 47 48 1 82 43 61 44 81 47 12 34 45 74 69 89 98 81 81 71 63 32 43 50 15 42 67 40 87 15 6 38 
14 53 38 95 47 50 39 28 97 2 61 93 75 81 81 24 13 61 95 75 45 89 76 59 82 94 50 69 8 7 58 73 11 96 20 58 97 10 85 93 11 97 37 85 29 70 8 41 30 54 67 26 43 42 36 76 87 85 44 46 
91 54 19 2 1 38 59 97 47 95 42 9 43 78 93 71 47 100 11 29 54 29 54 48 70 90 23 8 26 19 53 17 72 71 70 72 60 80 20 58 74 61 66 16 39 10 38 85 10 100 65 15 28 19 14 49 60 36 56 85 
6 8 53 29 31 74 52 42 53 72 52 78 32 17 45 22 27 82 59 88 33 23 54 60 93 67 8 4 54 15 89 60 23 93 88 5 19 92 46 71 63 97 1 46 66 45 68 44 79 78 31 11 52 84 71 45 2 30 48 55 
45 88 66 19 33 6 23 51 97 20 73 59 69 73 4 34 70 23 77 100 52 59 10 4 94 32 48 95 14 47 1 58 87 67 76 19 72 50 21 68 69 93 78 89 18 33 22 39 8 50 38 59 60 99 62 53 83 61 99 96 
8 52 53 94 18 80 64 41 81 84 60 1 28 37 90 45 69 11 35 76 13 72 35 72 23 48 77 5 9 27 100 68 78 4 13 47 35 28 39 15 11 98 15 90 86 4 87 55 67 21 82 31 45 68 2 67 16 30 71 76 
57 70 95 86 73 59 85 7 38 75 73 48 73 87 89 58 43 75 64 61 96 46 91 40 65 92 6 32 74 76 59 82 97 53 67 21 63 3 79 100 78 51 99 2 37 88 59 31 62 75 91 9 72 81 48 36 25 5 68 98 
32 26 79 28 31 97 100 93 100 78 45 29 28 95 30 17 82 40 47 96 14 38 4 85 70 4 21 94 8 40 43 40 65 21 19 95 18 19 40 69 96 36 97 76 30 26 92 64 17 90 59 31 79 14 67 49 17 87 94 25 
26 37 16 43 57 34 89 26 4 28 94 52 15 42 27 45 67 70 8 36 59 18 66 38 31 84 38 48 23 31 24 48 67 39 42 24 24 31 49 28 10 95 31 25 36 9 21 55 78 80 90 88 97 7 25 79 90 62 26 12 
45 1 12 11 39 53 34 63 35 35 42 45 81 24 69 16 32 89 70 9 20 11 48 16 17 73 94 59 86 72 22 30 72 33 93 63 38 78 77 72 12 18 68 92 41 36 60 24 76 29 84 47 92 31 62 60 55 8 18 93 
79 40 74 2 24 66 64 61 44 40 85 7 9 52 99 1 40 10 24 67 90 7 14 81 90 27 41 44 34 58 36 64 49 10 66 73 27 81 85 70 73 69 77 81 73 27 82 12 36 57 78 77 16 43 58 5 70 50 100 3 
7 88 67 8 49 84 80 75 16 16 97 88 85 73 69 57 51 2 68 38 58 97 14 25 40 71 29 61 72 81 63 79 68 81 38 16 16 69 42 32 84 38 19 68 10 39 76 12 40 95 49 50 92 63 74 83 85 55 95 57 
35 57 87 54 90 76 69 5 44 62 36 27 100 7 47 61 45 22 73 85 17 73 34 60 87 59 94 72 13 88 80 99 44 18 52 85 93 72 90 88 34 77 14 33 35 60 93 80 82 17 16 50 90 1 9 76 59 2 99 72 
41 30 70 36 99 74 21 91 45 62 78 78 38 44 62 73 3 7 4 36 23 19 85 64 19 45 40 29 98 90 52 38 20 74 74 18 47 46 61 91 7 90 21 96 85 82 20 40 88 23 75 63 93 12 26 63 8 17 92 6 
59 43 95 78 16 20 47 62 65 59 5 71 1 25 19 85 58 38 24 46 13 51 60 5 14 85 20 21 54 11 26 12 5 73 41 73 92 39 86 57 98 90 79 98 66 97 34 24 87 10 69 99 60 28 55 73 64 74 93 69 
36 71 80 41 95 20 65 86 59 50 42 8 40 73 57 5 69 42 80 55 51 48 5 10 27 60 34 43 33 79 11 21 49 43 13 95 62 77 80 72 26 74 31 17 46 39 74 66 81 53 21 31 53 77 41 31 36 26 73 21 
4 36 41 4 78 5 98 91 81 78 15 58 51 45 75 48 84 100 13 64 52 85 46 4 62 38 87 97 64 59 69 67 46 61 71 23 65 68 14 97 97 80 55 47 24 81 94 59 80 59 74 31 43 20 87 4 9 73 53 72 
83 21 39 81 34 9 3 50 28 68 47 25 47 53 23 23 33 69 33 64 27 7 46 69 78 32 25 86 56 77 10 91 49 48 71 34 8 25 84 87 45 30 63 43 82 86 65 66 6 50 29 32 8 74 52 85 58 28 22 65 
56 31 55 5 30 77 90 89 2 73 76 46 54 38 88 87 75 5 52 80 54 32 63 61 6 15 97 15 42 70 79 98 53 34 54 34 62 43 23 63 68 50 60 21 87 100 60 14 56 11 93 9 43 56 21 100 22 69 14 15 
38 44 64 42 29 17 76 91 12 50 5 31 99 65 3 37 16 62 50 71 73 95 31 67 2 3 18 75 71 83 89 60 26 5 54 55 73 81 97 84 30 1 66 80 17 69 16 32 30 18 54 2 64 36 20 17 38 89 91 60 
71 31 72 49 35 25 3 8 5 99 43 34 51 9 65 68 77 80 51 6 49 5 60 12 92 31 80 30 20 70 41 42 1 12 90 87 36 44 94 92 94 89 77 45 97 41 64 25 73 14 82 21 70 93 85 62 24 64 91 95 
34 31 36 86 95 78 24 82 73 70 74 67 58 50 63 6 91 26 30 63 91 63 35 61 56 19 22 31 35 64 77 68 46 64 5 40 41 28 74 14 97 47 32 6 48 46 11 38 23 92 52 13 55 39 25 62 9 98 44 43 
61 20 10 59 83 66 50 24 46 23 89 94 69 72 100 17 69 62 6 91 54 10 55 60 48 80 73 56 29 16 99 90 35 60 100 69 78 49 92 23 24 32 68 92 55 19 60 23 81 18 65 86 27 20 97 26 51 69 33 79 
36 83 20 70 95 19 38 72 20 82 46 43 65 65 86 20 84 98 94 64 15 59 1 93 30 97 70 80 65 2 10 52 37 30 21 83 100 10 6 19 43 3 13 60 67 99 31 50 96 24 65 10 34 65 54 63 61 23 42 77 
76 52 28 12 33 100 94 32 62 99 3 56 1 15 15 20 13 45 69 8 69 86 69 2 50 22 17 63 96 58 91 72 61 71 83 45 22 29 77 83 79 79 39 32 93 5 51 58 50 71 17 70 56 38 23 58 59 39 20 7 
97 10 78 9 80 12 54 54 92 82 36 71 60 26 54 4 31 56 13 32 26 30 1 34 67 23 91 77 62 10 83 10 71 12 70 3 24 23 56 15 56 43 37 67 69 42 71 51 97 35 82 75 64 34 8 82 56 50 59 69 
11 93 30 33 5 100 35 28 74 42 94 30 37 31 96 5 72 18 7 21 53 40 95 68 73 54 50 80 3 8 49 65 52 78 97 56 29 32 35 3 25 29 84 61 11 31 17 82 1 75 54 53 14 100 72 86 53 21 18 7 
80 66 71 32 95 68 39 76 51 74 30 75 2 13 88 12 43 4 45 43 79 99 47 44 98 19 30 3 91 99 9 23 16 32 6 10 99 44 37 1 17 66 27 70 78 14 33 73 70 78 67 48 28 14 91 77 84 72 31 26 
70 40 48 37 23 53 47 21 49 35 73 17 1 99 87 78 13 71 2 82 100 69 81 27 34 23 56 17 47 86 94 68 77 42 5 99 46 3 71 46 37 43 63 89 42 1 19 6 71 20 39 71 88 71 49 21 93 4 89 91 
42 83 59 18 76 15 69 73 17 39 19 5 34 81 94 27 33 12 32 3 31 22 25 71 92 74 43 36 29 32 79 70 66 89 40 93 3 8 65 71 98 83 75 31 15 20 57 47 31 40 2 14 61 78 84 4 51 78 92 32 
61 70 53 26 58 44 18 12 51 35 82 1 69 8 31 84 28 88 82 10 27 35 23 40 13 58 95 15 36 86 46 96 55 51 74 64 94 43 75 97 77 8 97 46 16 27 81 43 66 14 52 45 1 27 84 13 84 78 79 71 
16 25 19 22 27 92 86 20 34 12 16 63 20 12 60 35 91 92 29 56 5 80 100 57 58 35 69 42 65 48 64 80 24 82 53 2 73 38 21 59 2 89 73 21 52 32 7 42 23 87 98 79 18 49 36 76 36 56 17 100 
55 32 31 30 14 83 31 86 73 4 96 74 92 68 46 43 51 4 37 25 90 86 4 7 86 91 82 21 98 50 20 53 82 2 34 95 85 65 32 9 20 80 34 11 47 79 5 50 82 41 74 23 78 29 29 64 19 63 84 17 
12 56 21 45 57 54 39 93 70 23 1 89 2 34 99 100 64 56 49 97 48 75 19 26 3 100 89 74 62 72 90 73 79 62 70 36 15 8 80 85 82 33 73 83 18 24 35 82 79 83 30 78 9 1 3 12 100 91 85 13 
15 26 37 93 87 6 80 1 14 60 37 95 44 62 30 61 85 64 94 15 98 76 92 7 76 47 70 75 89 54 87 3 31 23 48 17 29 79 69 94 90 58 40 33 19 21 46 3 84 39 69 34 66 12 40 41 58 61 67 47 
66 5 1 96 80 100 64 60 79 32 53 20 41 44 53 59 65 50 13 100 88 81 33 54 93 24 46 2 84 13 100 1 17 1 96 48 52 11 7 30 95 11 50 35 55 54 94 71 3 6 70 42 87 55 47 31 30 93 84 14 
57 84 66 25 36 62 73 87 72 79 69 66 90 18 1 96 23 46 66 77 51 87 18 89 93 17 71 23 9 55 88 17 90 53 41 25 14 13 11 38 44 79 55 85 48 7 80 70 52 97 46 55 35 16 43 28 32 14 2 92 
20 89 8 9 41 100 33 7 65 95 44 8 74 50 44 21 57 23 43 60 71 40 14 57 55 57 36 38 22 37 29 93 25 88 1 66 88 85 24 52 79 19 11 4 68 54 77 76 28 19 36 98 10 49 6 17 57 42 54 78 
78 35 70 55 22 22 20 9 6 95 12 37 13 22 40 80 27 16 56 54 86 91 3 96 91 9 64 48 50 17 77 79 3 99 33 25 72 4 85 78 98 49 66 10 70 5 90 97 73 97 2 58 39 5 5 29 13 20 76 14 
0 0 1 0 0 0 0 1 1 1 0 1 1 1 0 0 0 1 0 0 1 0 1 1 0 0 0 0 1 1 1 1 1 0 0 1 0 0 1 0 1 1 1 0 1 1 1 1 1 1 1 0 1 0 0 1 0 0 1 0 
1 0 1 1 1 1 0 1 0 1 1 1 1 0 0 0 0 1 1 1 0 0 1 0 0 1 1 1 1 1 1 1 1 0 0 0 0 0 0 0 0 1 1 1 0 1 1 0 0 0 1 1 0 0 1 0 0 0 1 1 
1 0 0 1 1 0 1 1 1 1 1 1 1 0 0 1 0 1 1 0 1 0 1 1 0 0 1 0 1 1 0 0 1 0 1 0 1 1 1 0 0 0 1 1 1 1 0 1 0 1 1 1 1 1 0 0 1 1 0 0 
0 0 1 0 1 0 0 0 1 0 0 0 0 1 1 1 0 0 0 0 1 0 1 1 1 1 1 0 0 1 1 1 0 0 1 1 0 1 1 0 1 1 0 0 0 1 1 0 1 0 0 1 0 1 0 1 0 1 1 0 
0 0 1 0 0 0 1 1 0 0 1 1 1 1 1 1 0 1 1 0 1 1 1 1 0 1 0 0 0 1 1 0 0 0 1 0 1 0 1 1 1 0 0 0 1 0 0 0 1 1 0 0 1 1 1 1 0 1 0 0 
0 1 0 0 1 1 1 0 0 0 1 1 1 0 1 0 0 1 0 1 1 0 1 0 1 0 1 1 1 1 1 1 0 0 0 0 1 1 0 1 1 0 0 0 0 0 1 0 1 1 1 0 0 0 0 1 0 0 1 1 
1 0 0 0 0 0 0 0 1 0 1 1 0 0 1 0 0 0 0 1 0 1 0 0 1 0 1 1 0 0 0 0 1 1 0 1 1 0 1 1 0 1 0 1 1 1 1 1 0 0 0 0 1 0 0 1 1 1 0 1 
0 1 1 1 0 1 0 1 1 0 0 0 1 0 1 0 0 0 1 0 0 1 0 0 0 0 1 1 1 1 0 1 0 0 0 0 1 1 0 1 1 0 1 0 1 0 0 1 0 1 1 1 0 1 1 0 1 0 1 0 
1 0 0 0 0 0 0 1 1 0 0 0 1 1 0 0 1 0 1 0 1 0 1 0 1 0 0 0 0 0 0 1 0 0 1 0 1 0 1 0 0 0 1 1 1 1 1 1 0 0 1 1 0 0 1 1 0 0 1 0 
0 0 1 0 0 1 0 1 1 1 0 1 1 1 1 1 0 0 0 0 1 1 0 1 1 1 1 1 1 0 1 1 0 0 1 1 1 1 0 0 1 0 0 0 1 1 1 0 1 1 0 0 0 0 0 1 0 1 0 1 
1 1 1 0 0 0 1 1 0 1 0 1 0 0 1 1 1 1 1 0 0 0 1 1 0 1 0 0 0 1 0 1 0 1 1 0 1 0 0 1 0 0 0 0 0 0 1 1 1 1 1 1 1 0 0 1 1 1 0 1 
0 0 1 0 1 0 1 0 1 1 0 1 1 0 1 1 0 0 0 1 1 1 1 0 0 1 0 1 0 0 1 0 0 0 1 1 0 0 1 1 1 1 0 0 0 1 1 0 0 1 0 1 0 1 0 0 0 0 0 1 
0 1 1 0 1 0 1 1 0 0 1 1 0 1 1 0 1 0 0 1 1 0 0 0 1 0 0 0 0 0 1 0 1 0 0 0 1 1 0 1 0 1 1 0 0 0 0 1 1 0 0 0 1 1 0 0 1 1 0 0 
1 1 0 1 0 1 1 1 0 1 0 0 0 1 0 1 0 0 0 1 1 1 1 0 0 0 0 1 1 1 1 0 0 0 1 0 1 1 1 1 0 0 0 1 1 0 0 1 1 0 0 0 1 0 0 1 0 0 1 1 
1 0 1 0 0 1 0 1 0 0 1 0 0 1 1 1 1 1 1 0 0 1 0 1 1 0 1 1 1 0 0 0 0 0 0 1 1 1 0 1 1 1 1 1 0 1 0 0 0 1 0 0 1 1 0 0 1 1 0 0 
1 0 1 1 0 1 0 1 0 1 0 1 0 0 0 1 1 1 1 1 0 1 0 1 0 0 0 0 1 0 0 0 0 1 1 1 1 0 0 1 1 1 1 1 1 1 0 0 0 1 1 1 1 1 0 1 1 0 1 0 
0 0 0 1 1 0 0 0 0 0 0 1 1 1 0 0 0 1 0 1 0 0 0 1 1 0 1 1 1 0 1 1 0 0 0 0 0 0 0 0 1 0 1 0 1 1 1 0 0 1 1 1 1 1 0 1 1 1 0 0 
0 1 0 0 1 0 0 1 1 1 1 0 1 0 0 1 0 1 1 0 1 0 1 0 1 0 1 0 1 1 1 1 1 1 0 0 1 0 0 0 1 1 0 1 0 1 0 0 0 1 0 1 1 0 0 0 0 1 0 1 
1 1 1 0 0 1 0 0 1 0 0 1 0 1 0 0 0 0 0 0 1 0 0 0 0 0 0 0 1 0 0 0 0 1 0 0 0 1 0 1 1 1 0 1 0 0 1 0 0 1 0 1 0 0 1 0 0 1 1 0 
0 1 0 0 0 1 0 0 0 1 1 1 0 0 1 0 0 0 0 1 0 0 0 0 1 0 0 1 1 1 1 1 0 0 1 0 1 0 0 1 1 0 0 1 0 1 1 0 0 1 1 0 1 0 0 0 0 0 0 1 
0 1 1 0 1 0 1 0 0 1 1 1 1 0 0 1 1 1 0 1 0 1 1 0 1 1 0 1 0 0 1 0 0 0 0 1 0 1 0 1 1 1 0 0 1 1 0 1 0 0 0 1 1 0 1 1 1 1 0 1 
0 1 1 0 1 0 1 0 1 1 1 0 1 1 1 0 0 1 1 1 1 0 0 0 0 1 1 1 0 0 1 0 1 0 0 1 0 0 1 0 1 0 0 0 1 1 1 0 0 0 1 1 0 1 0 0 0 1 0 0 
1 1 1 1 1 1 0 0 1 1 0 1 1 0 1 0 0 0 0 0 1 1 0 1 0 0 0 0 1 0 1 1 1 0 0 0 1 0 0 1 1 0 0 0 1 1 0 1 0 1 1 1 0 1 0 1 1 0 1 1 
0 0 0 1 0 0 0 0 0 0 1 1 1 1 1 0 0 1 1 0 0 0 1 1 0 0 0 1 0 1 0 1 0 0 0 0 0 0 0 0 1 1 1 0 0 0 0 1 0 1 1 0 1 1 1 1 1 1 1 1 
1 1 0 1 0 1 1 0 1 0 1 0 1 0 0 0 1 0 1 1 1 0 1 1 1 1 0 0 0 1 0 1 1 0 0 1 1 0 1 1 0 0 1 1 1 0 1 0 0 0 1 0 1 0 1 0 1 1 1 0 
1 1 1 0 1 0 1 1 0 0 0 0 1 1 1 0 1 1 0 0 1 1 0 0 1 1 1 1 0 0 1 1 1 0 1 0 0 0 1 0 1 1 0 0 1 0 0 0 1 0 0 0 1 0 1 0 1 0 1 0 
0 0 1 1 1 1 1 1 1 1 0 0 0 0 0 1 0 0 0 1 0 0 0 1 1 1 0 0 1 1 0 1 0 0 0 1 1 1 0 0 0 0 1 1 1 1 0 1 0 0 1 0 1 1 0 0 0 0 0 1 
1 1 0 1 1 0 0 0 1 1 0 0 1 1 1 0 1 1 0 1 0 1 1 1 0 1 1 0 1 1 1 1 0 1 0 1 1 1 1 0 0 0 0 1 1 1 0 0 1 0 1 1 1 1 0 1 0 1 1 0 
0 0 1 1 1 1 0 0 0 0 0 0 0 1 0 1 0 0 0 1 0 1 0 1 0 0 0 1 1 1 1 0 1 0 1 0 1 1 0 0 1 0 0 1 1 0 1 0 0 1 1 0 0 0 1 1 0 1 0 0 
0 1 0 1 1 1 1 0 0 1 0 0 0 1 1 1 1 0 1 0 1 1 0 0 1 0 1 1 1 1 1 0 0 1 1 1 0 1 1 1 0 0 1 0 1 0 0 0 1 1 0 0 0 1 0 1 1 1 1 0 
0 0 0 0 0 0 1 0 1 1 1 1 1 0 0 0 1 0 0 0 1 1 0 0 0 1 1 1 0 0 1 1 1 0 1 1 0 1 1 1 0 1 0 1 1 0 1 0 0 1 0 0 0 1 0 0 0 1 1 0 
0 1 1 1 1 1 0 1 0 1 0 0 0 0 1 0 1 0 0 1 1 1 1 0 0 1 0 0 1 0 0 1 1 0 0 0 1 0 1 1 1 1 1 0 1 0 0 0 0 0 0 1 1 1 1 1 1 0 1 0 
0 0 1 1 0 1 1 1 1 0 0 0 1 1 0 0 1 0 1 1 1 1 0 0 0 0 0 1 0 1 1 0 1 0 1 1 1 0 0 0 0 0 1 1 1 1 1 0 0 0 1 1 1 0 1 0 0 1 1 0 
1 1 0 0 1 1 0 1 1 0 1 1 1 0 0 0 0 1 1 0 0 0 1 1 0 0 1 0 0 1 0 1 0 0 1 1 1 1 0 0 0 0 1 1 0 1 1 0 1 0 0 1 1 1 0 1 0 0 0 0 
1 0 1 1 1 0 0 0 0 1 1 0 1 0 1 1 0 0 0 1 1 0 0 0 0 0 1 0 0 1 0 1 0 1 0 1 1 1 1 1 0 0 1 1 1 0 0 1 1 0 0 0 1 0 0 1 0 1 1 1 
1 1 0 1 0 1 0 1 0 1 1 0 0 0 1 1 1 1 0 0 0 0 0 1 0 0 0 0 1 1 1 0 0 0 1 0 1 1 1 1 1 0 1 1 1 0 0 0 1 0 0 1 0 0 0 0 0 0 0 1 
1 0 0 1 0 1 1 1 1 1 0 0 1 1 1 0 1 1 0 0 1 0 0 1 0 0 1 0 1 1 0 0 1 0 0 1 1 1 0 0 0 0 0 0 1 1 0 0 0 1 1 1 1 1 0 0 1 1 0 0 
1 0 1 0 0 1 0 0 0 0 0 1 1 1 1 0 0 1 1 1 0 0 0 0 1 1 0 0 0 0 1 1 1 0 0 1 1 0 1 1 0 0 0 1 1 1 0 1 1 1 0 1 1 1 1 0 0 1 0 0 
0 1 0 1 1 0 0 0 0 0 0 0 0 0 0 1 0 0 0 1 1 1 0 0 0 0 0 0 1 0 0 1 0 0 0 1 0 1 0 0 1 0 1 1 0 1 0 0 1 0 1 0 1 0 0 1 0 0 1 1 
0 0 1 0 0 1 0 1 0 0 1 1 0 0 0 0 1 0 1 0 1 0 0 0 0 0 0 0 0 1 0 1 1 1 1 0 0 1 1 1 1 0 0 1 1 1 0 0 1 1 1 0 1 1 1 0 0 1 0 0 
0 0 1 0 1 1 0 0 0 1 1 0 1 1 1 0 0 1 1 0 0 0 0 0 1 1 0 1 0 0 0 1 1 1 1 0 0 1 0 1 0 1 1 1 1 0 0 1 0 1 1 0 1 0 0 0 1 0 0 0 
1 0 1 0 1 0 0 0 1 1 1 1 0 0 0 1 0 0 1 0 1 0 1 0 0 1 1 0 0 1 0 1 1 1 1 0 1 1 0 0 0 1 1 1 1 1 0 0 0 1 0 1 0 1 0 0 1 1 0 1 
0 0 0 1 1 1 1 0 0 0 0 1 1 1 0 1 1 0 1 1 0 1 0 0 1 0 0 0 1 1 1 1 1 1 0 1 0 0 1 0 0 0 1 1 1 1 0 0 0 1 1 0 1 0 0 0 0 0 0 0 
1 1 1 1 0 0 0 0 0 1 0 0 1 0 1 1 1 0 1 1 1 1 1 0 1 1 0 1 0 0 1 1 1 1 0 1 1 0 1 1 0 0 1 1 0 0 0 1 0 0 1 0 1 0 0 0 0 1 1 0 
1 1 1 1 0 0 0 1 0 0 0 0 0 1 0 0 1 0 1 0 0 0 0 1 1 0 1 1 1 1 1 1 0 0 0 0 0 0 1 1 0 1 1 0 0 1 0 1 0 0 1 0 0 1 0 1 0 1 0 1 
0 1 0 0 0 0 0 0 1 1 1 1 0 1 0 0 0 0 0 0 0 1 1 1 1 1 0 1 0 1 0 1 0 1 1 0 1 0 1 0 1 0 0 0 1 0 0 0 0 0 0 1 0 1 0 1 0 0 0 1 
1 0 0 0 1 1 0 1 1 1 1 1 0 1 1 1 1 1 1 0 0 0 1 0 1 1 1 0 1 1 1 1 1 1 1 1 0 1 0 0 1 1 1 1 1 0 0 0 1 0 0 1 0 1 1 1 0 0 1 0 
1 0 1 1 1 0 0 0 1 0 0 0 1 1 1 0 1 0 1 0 0 1 0 0 1 1 1 1 0 1 1 1 1 0 0 1 0 0 1 0 0 1 0 0 0 0 0 1 0 1 1 0 1 1 0 0 1 1 1 1 
0 1 0 0 1 1 1 0 1 0 0 0 1 0 0 1 0 0 0 0 0 1 0 1 1 0 1 0 0 0 1 0 1 1 0 1 0 1 1 0 1 1 0 0 1 0 1 0 0 1 0 0 1 1 1 0 1 0 0 1 
1 1 0 0 0 0 1 1 0 0 1 1 1 1 0 1 1 1 1 1 1 1 0 0 0 1 0 0 0 0 1 1 1 1 1 1 0 1 0 0 1 1 1 1 0 1 0 1 1 1 1 0 0 1 0 1 0 0 1 0 
0 0 1 1 0 1 0 0 0 1 0 1 0 1 0 1 1 0 0 0 1 1 0 0 0 0 1 1 0 0 1 0 0 1 1 0 0 1 0 0 0 0 1 1 0 0 0 1 0 0 1 0 0 1 0 0 1 1 1 1 
1 1 1 1 0 0 0 0 1 0 0 0 1 1 1 1 1 1 0 0 1 1 0 1 0 0 0 1 1 1 0 0 0 1 1 0 1 1 0 0 0 0 0 1 0 1 0 1 0 0 1 0 1 1 1 1 1 1 0 0 
1 0 0 1 1 0 0 0 1 0 0 1 1 1 0 1 0 0 0 1 0 0 1 1 1 0 0 1 0 0 1 1 0 0 0 1 0 0 1 1 1 0 1 0 1 1 1 1 0 1 0 0 1 1 0 1 0 0 0 0 
1 1 1 1 1 1 1 1 0 0 1 1 0 0 1 1 1 0 1 1 1 1 0 1 1 0 0 1 0 0 1 1 1 0 1 1 1 0 0 1 0 1 0 1 1 1 0 1 1 1 0 1 1 0 0 0 0 0 1 1 
0 0 0 1 0 1 0 1 1 1 1 0 0 1 1 0 1 1 1 0 1 1 1 0 0 1 0 0 1 1 1 1 1 0 1 1 1 1 0 1 0 1 1 1 1 0 1 0 1 0 0 0 1 0 0 1 1 0 0 1 
1 1 0 0 1 1 1 1 1 0 0 1 1 1 0 0 1 1 0 0 1 1 1 1 1 1 0 0 0 0 1 1 0 0 0 1 1 1 0 0 1 0 0 1 1 0 1 0 0 0 1 1 1 0 0 0 1 1 0 1 
1 0 1 1 0 1 1 1 0 1 0 0 0 0 1 1 0 0 0 0 0 1 0 1 1 0 1 0 1 0 0 1 0 1 0 0 0 1 1 0 1 1 0 1 1 1 0 0 0 0 0 0 1 0 0 0 1 1 1 0 
1 1 1 1 0 0 1 0 1 1 0 0 0 1 1 0 0 0 0 0 0 0 1 0 1 1 0 0 0 1 0 0 0 0 1 0 0 1 0 1 0 1 0 0 0 1 0 0 1 0 1 0 1 0 0 0 1 0 0 1 
