63 41 599
90 99 65 51 27 41 26 38 23 55 6 61 60 68 19 28 11 85 12 43 52 65 12 15 88 16 93 89 90 48 34 32 98 51 34 25 91 11 62 66 65 
20 78 76 87 49 4 49 33 67 43 36 83 54 50 22 22 42 63 63 89 96 94 39 46 28 15 89 38 28 6 55 47 83 82 86 31 37 34 63 55 77 
50 90 82 99 11 3 41 73 66 81 69 11 19 66 38 85 6 28 13 63 34 59 98 67 44 28 56 78 43 10 6 44 99 87 43 10 42 83 34 7 15 
54 17 34 72 7 18 77 86 30 92 71 41 89 89 36 68 44 13 62 6 70 6 56 9 48 65 50 82 51 8 96 4 76 81 75 34 51 4 19 32 95 
41 72 83 30 8 2 25 72 16 30 94 21 86 2 20 2 51 1 52 10 48 56 85 29 82 19 31 85 89 62 79 30 86 13 11 45 67 87 68 82 69 
61 2 6 14 73 7 16 25 11 25 72 18 10 52 51 28 82 36 16 96 14 97 33 79 59 77 45 46 96 26 14 9 79 19 22 51 77 38 75 39 62 
98 8 71 50 59 50 83 94 66 30 59 14 62 89 73 90 33 18 38 10 83 46 88 53 19 90 81 56 16 20 70 14 79 92 15 37 42 49 82 59 31 
93 24 92 81 96 34 14 65 71 75 47 68 15 51 86 56 32 94 72 3 63 37 81 6 3 70 99 3 51 57 33 95 81 77 76 28 62 41 93 32 15 
91 51 81 42 36 37 25 81 8 27 43 96 7 1 98 76 99 52 79 56 85 73 88 61 100 67 22 40 11 5 7 2 55 87 95 42 75 19 23 82 45 
17 29 3 17 78 31 16 30 9 23 14 33 62 26 33 28 99 24 91 3 82 44 9 21 38 2 95 8 76 29 4 93 57 6 9 87 88 76 16 96 98 
81 81 11 6 65 91 56 88 81 10 22 24 18 42 13 71 88 20 47 16 75 91 25 32 51 11 20 27 78 15 76 58 47 87 15 11 77 70 99 9 79 
72 32 48 13 44 18 100 63 16 68 89 6 44 20 57 6 39 83 83 6 10 92 52 48 6 15 76 75 65 84 5 36 15 52 48 10 21 99 24 37 18 
12 94 61 32 50 66 22 84 100 79 46 91 31 93 96 97 69 22 61 52 26 96 19 29 95 28 2 93 52 38 63 63 31 23 46 33 41 68 68 40 46 
13 83 28 6 30 24 74 52 84 77 29 31 47 10 25 75 11 18 78 100 32 40 82 6 38 14 46 57 34 38 2 46 20 82 51 1 57 76 52 93 5 
33 23 51 94 48 25 4 17 2 55 48 94 36 5 31 2 51 87 35 40 40 80 11 73 83 11 82 58 15 74 14 99 48 65 92 47 41 47 15 43 1 
14 88 88 19 18 89 69 56 75 8 47 55 70 20 89 80 53 98 94 26 12 92 25 76 83 72 16 81 86 10 81 100 97 69 18 66 9 38 73 84 45 
20 90 66 91 78 45 43 75 39 20 38 82 44 13 17 15 81 97 53 42 30 52 39 98 69 56 58 6 29 41 2 100 30 67 90 59 63 84 86 53 3 
23 35 98 88 51 13 68 99 65 9 28 68 99 77 88 55 35 93 35 75 46 86 57 64 75 67 26 10 52 79 64 75 65 61 14 67 25 81 65 41 41 
93 8 92 69 95 98 55 39 32 82 36 17 38 99 43 4 77 4 8 7 67 34 71 79 47 89 4 79 53 44 19 97 4 62 66 98 59 72 89 90 53 
24 58 42 75 52 46 3 55 5 9 73 38 31 52 84 19 55 62 71 50 32 20 53 94 85 3 52 8 43 94 61 66 3 2 92 55 99 94 61 3 2 
86 92 84 37 75 2 43 88 25 44 20 44 97 65 80 51 68 87 93 61 99 10 16 1 2 22 51 95 34 54 49 19 45 32 7 72 86 49 11 62 93 
82 57 41 46 36 43 14 74 87 26 73 96 41 25 49 14 75 44 48 80 44 66 77 27 73 100 12 73 10 73 17 92 29 57 89 16 51 54 42 37 32 
66 33 24 90 81 38 16 76 85 96 19 2 24 46 26 23 9 99 32 34 15 75 14 24 16 30 74 69 71 11 52 88 43 76 77 75 13 44 51 49 39 
21 2 14 18 28 36 27 26 20 60 92 46 73 15 61 54 89 82 76 51 33 63 45 8 91 19 72 35 21 72 25 94 74 39 11 53 26 89 30 45 48 
21 91 73 88 3 78 28 84 54 78 17 68 22 76 59 92 100 45 65 71 69 58 96 59 20 48 85 9 77 81 8 50 23 80 37 26 58 16 9 63 93 
77 30 66 53 40 9 52 84 73 74 5 82 70 63 2 69 99 10 98 32 17 99 54 49 35 31 58 2 92 20 46 68 1 11 72 41 71 75 24 44 49 
28 77 70 43 78 38 41 39 87 72 8 85 78 56 71 8 13 72 99 84 17 19 84 79 90 24 50 65 48 45 13 27 21 34 69 99 71 62 89 10 33 
96 94 62 51 65 70 15 36 20 98 5 38 82 83 28 57 32 44 4 76 8 31 97 41 51 47 63 12 87 72 97 83 18 58 85 82 79 100 69 51 49 
73 88 82 8 67 39 91 62 94 67 69 76 15 61 27 13 76 38 99 47 86 81 64 96 18 97 74 17 18 24 17 42 64 99 49 82 89 40 44 82 58 
64 58 72 25 84 36 100 73 34 98 59 67 14 54 84 62 79 52 79 55 68 73 70 18 21 51 6 12 46 88 21 62 97 92 38 80 79 89 4 13 86 
62 79 51 67 62 13 46 13 43 52 32 15 21 50 88 23 7 99 21 46 20 82 42 63 19 21 94 7 25 6 44 38 36 95 57 49 59 54 13 53 5 
44 68 77 45 55 99 52 5 19 97 76 52 91 91 70 11 84 28 87 41 72 77 76 18 33 24 28 38 36 80 42 31 99 18 76 5 68 79 10 39 27 
37 90 17 79 12 80 62 39 18 54 62 46 29 79 30 4 58 67 91 38 8 22 36 77 49 41 97 79 2 35 57 90 76 26 69 87 57 82 26 74 36 
39 20 16 70 49 20 27 68 62 64 27 35 52 4 35 44 52 65 45 38 22 34 13 47 2 100 3 36 77 28 71 15 99 38 36 100 9 63 67 71 78 
93 5 29 48 92 72 99 56 68 36 77 2 49 75 55 100 29 90 28 57 12 94 7 50 30 6 10 92 72 80 69 65 37 50 12 28 21 63 83 41 98 
12 42 98 86 48 49 67 90 76 23 53 70 29 54 51 87 64 94 58 43 62 74 31 63 86 58 36 48 93 76 97 4 69 47 41 16 95 7 57 23 81 
10 44 62 15 94 48 78 87 57 73 100 31 3 63 68 13 98 67 5 25 63 60 93 61 100 60 56 59 17 30 91 78 73 52 92 66 51 22 4 8 94 
3 38 48 17 57 60 66 23 16 90 37 75 82 98 27 42 5 37 10 34 27 39 6 31 82 23 81 3 26 40 48 80 29 48 97 85 7 62 7 75 52 
44 1 85 41 27 78 45 15 39 30 42 77 35 72 59 57 4 13 34 44 13 13 72 60 61 57 18 23 15 44 26 58 45 62 50 23 40 46 38 78 75 
79 7 61 2 17 17 5 81 50 100 93 15 72 4 75 80 74 49 94 17 26 4 13 88 5 36 27 3 73 56 77 3 62 38 4 30 6 60 11 8 60 
55 22 83 11 48 62 36 97 7 4 22 62 17 61 67 52 39 69 76 95 97 78 8 86 33 38 92 92 100 51 51 54 24 85 64 71 46 99 19 5 3 
93 66 71 53 84 22 92 4 97 38 1 26 97 86 58 34 29 49 85 79 52 39 2 36 54 25 34 5 43 38 59 35 55 29 40 39 2 31 42 50 20 
94 75 16 80 32 2 60 80 86 91 83 24 44 19 30 68 52 34 63 41 44 49 95 72 88 33 73 70 27 22 89 20 48 5 51 79 6 11 10 91 53 
93 67 96 63 48 16 66 81 78 58 24 78 52 47 18 37 71 87 63 44 28 34 91 32 85 69 89 47 30 79 99 22 97 46 36 44 61 53 76 90 10 
51 68 14 97 85 50 19 23 64 62 50 97 52 81 33 20 69 79 50 100 29 23 48 75 11 92 87 63 19 77 25 70 96 38 18 32 39 37 54 2 98 
4 50 2 36 83 21 57 13 22 8 94 97 55 20 59 98 6 21 17 34 97 38 29 34 7 12 24 95 66 25 45 21 27 46 8 61 18 16 25 40 23 
18 88 30 37 46 79 43 18 95 28 15 84 57 100 91 68 24 37 85 100 81 5 78 26 65 38 44 80 63 35 55 80 22 84 69 19 62 63 36 9 90 
2 44 46 54 86 66 77 23 50 28 3 7 6 29 23 95 24 2 57 58 8 89 31 43 9 1 57 71 36 17 60 90 60 6 43 46 23 71 20 24 98 
22 82 55 2 4 2 77 58 58 86 17 98 16 60 6 68 16 76 4 32 36 45 43 93 87 40 67 57 59 90 6 33 24 61 86 27 14 63 36 71 100 
53 21 68 64 78 35 79 6 90 62 93 34 4 37 20 44 3 28 54 44 34 38 67 46 24 46 59 38 33 81 37 85 53 56 100 31 91 78 36 80 91 
80 14 95 16 85 90 18 13 95 13 46 33 80 91 8 77 1 45 9 81 33 46 34 41 45 16 31 75 51 10 65 82 75 59 97 60 100 66 72 95 78 
17 27 9 59 34 85 59 30 94 91 14 91 24 54 35 39 36 9 41 98 74 22 72 84 18 83 84 35 6 78 13 74 56 21 32 41 6 42 22 51 33 
87 41 56 93 75 47 28 36 87 77 9 61 1 92 30 83 75 65 89 4 77 62 11 97 46 51 54 87 24 4 71 11 96 79 3 71 25 82 6 63 59 
66 23 59 57 53 93 84 69 81 39 45 95 50 93 40 52 99 78 76 54 49 38 50 79 40 20 3 73 77 17 31 42 40 41 50 44 34 85 12 66 24 
8 60 73 52 51 24 50 29 51 4 29 88 53 7 79 24 61 52 52 77 34 45 68 75 94 63 8 79 26 73 54 33 85 26 37 35 1 86 15 52 41 
95 91 93 1 70 68 13 21 19 42 54 63 9 80 9 24 87 39 49 12 92 34 96 69 70 82 21 7 97 72 48 91 15 92 44 84 60 8 56 30 49 
61 45 10 41 53 85 79 43 33 90 34 18 37 54 39 71 74 46 67 98 45 9 12 36 4 47 47 12 2 77 12 62 21 21 54 25 5 33 67 90 74 
52 59 63 5 98 33 78 95 99 27 39 59 38 26 63 36 73 26 37 1 37 51 21 10 4 97 66 36 63 7 62 14 66 24 70 63 56 99 57 6 26 
47 64 15 24 78 51 96 3 39 48 92 41 20 53 45 16 18 32 30 25 93 95 42 16 64 4 23 15 12 28 40 10 44 6 33 21 8 81 76 99 28 
19 39 100 71 83 15 40 67 45 16 59 39 57 27 55 12 49 69 75 29 60 84 72 65 69 44 25 1 71 23 28 89 13 79 11 96 94 3 14 90 18 
72 28 27 50 34 90 51 2 65 79 61 100 2 78 68 97 54 68 68 76 48 8 40 26 71 35 71 73 48 60 42 72 40 20 73 73 10 23 75 74 53 
87 25 6 64 45 3 69 12 22 44 11 29 84 89 99 70 59 23 70 71 17 93 62 36 17 34 45 92 60 70 44 47 95 2 62 39 4 31 2 77 26 
65 5 61 5 56 83 15 78 4 85 94 48 46 82 64 32 26 55 91 48 51 89 42 52 3 32 7 85 85 35 62 49 39 75 53 46 9 68 76 12 4 
0 0 1 1 1 0 1 0 0 0 0 1 1 1 1 0 1 1 0 1 0 1 1 0 1 1 0 0 0 1 0 0 1 1 0 1 1 1 1 1 1 
1 0 0 0 1 0 1 0 0 0 1 1 1 1 1 0 0 1 0 1 1 1 1 0 1 0 1 0 1 1 1 0 1 1 0 1 1 1 1 1 1 
0 1 0 0 0 1 0 1 1 1 1 0 0 1 1 0 1 1 1 0 0 1 1 1 1 0 0 0 0 0 1 0 1 0 0 1 1 0 0 0 0 
1 1 0 1 0 1 0 0 0 0 0 0 1 0 1 0 0 0 0 0 1 0 1 1 1 0 0 1 1 1 1 0 0 0 1 0 1 1 0 1 1 
1 1 1 1 1 1 1 1 1 0 0 1 1 0 0 0 0 0 1 1 1 1 1 1 1 0 0 0 0 0 0 1 1 1 0 0 0 0 1 1 0 
0 0 1 0 1 1 0 1 0 0 0 0 1 0 1 1 0 1 0 0 1 1 0 0 0 0 0 0 0 1 0 0 0 1 0 1 1 0 0 1 0 
0 1 0 0 0 1 1 0 1 1 1 1 1 0 1 0 0 1 0 0 1 0 0 0 0 1 1 0 1 1 1 1 0 1 0 1 0 1 1 0 0 
0 1 0 0 0 0 1 1 0 1 0 0 1 0 0 0 0 0 1 1 1 0 1 0 0 0 1 1 1 1 0 0 0 0 0 0 0 1 1 0 0 
1 0 1 1 0 1 1 0 0 0 0 1 0 0 1 0 1 1 0 0 1 0 0 1 0 0 1 0 1 1 0 0 1 0 0 1 1 1 1 0 0 
1 1 0 0 0 0 1 1 0 0 0 0 0 1 1 1 0 1 0 1 1 1 0 1 1 1 1 0 1 1 0 0 0 0 0 0 1 0 0 1 0 
0 0 0 0 1 1 0 0 0 0 1 1 0 1 0 0 0 0 1 1 1 1 1 1 0 1 0 0 1 0 0 0 0 0 0 1 0 0 1 0 0 
0 1 1 1 1 1 1 1 0 0 0 1 1 0 1 1 0 1 0 0 1 0 0 0 0 1 0 1 0 0 1 1 1 0 0 0 1 0 1 1 0 
0 1 0 0 0 1 0 0 1 1 1 0 1 1 0 1 1 1 1 1 1 0 0 1 1 0 1 1 0 0 1 0 1 1 0 0 0 0 0 0 1 
1 0 1 1 0 0 0 0 1 0 1 0 0 0 1 1 1 0 1 0 1 1 1 1 1 1 1 1 1 1 1 1 1 0 0 0 0 0 0 1 0 
1 1 1 1 0 0 1 0 1 1 0 0 0 1 1 0 0 0 1 0 1 0 1 1 0 1 1 1 1 1 1 0 0 0 0 1 0 1 1 1 0 
1 1 0 0 0 0 1 1 0 1 0 0 0 0 1 0 1 0 1 0 1 0 1 0 0 0 0 1 1 0 1 1 1 1 1 0 0 0 1 0 1 
1 0 0 1 1 0 1 1 1 1 1 1 0 1 1 0 1 0 0 1 1 1 1 1 0 1 1 1 0 1 0 1 1 0 1 1 0 0 0 0 1 
1 1 0 0 1 0 0 1 0 1 1 1 0 0 0 1 1 1 1 0 1 1 1 0 0 0 0 0 1 0 1 0 0 1 1 1 0 1 0 0 0 
1 0 1 1 0 0 0 1 0 0 0 1 0 0 1 0 1 1 1 1 0 0 1 0 1 0 0 0 1 0 0 0 0 1 0 0 0 0 1 0 1 
0 1 1 0 0 1 1 1 1 1 1 1 0 1 0 1 1 0 0 0 0 0 0 0 0 1 0 1 0 0 0 0 1 1 1 1 0 0 0 1 1 
1 0 0 1 0 1 0 0 1 0 1 1 1 1 0 0 1 1 0 1 1 1 0 0 0 1 0 0 1 0 0 0 0 0 1 1 1 0 1 0 0 
0 1 1 1 1 1 0 0 0 1 1 1 1 1 1 0 0 1 1 0 1 0 0 1 1 1 0 1 1 0 0 1 0 1 1 1 1 1 0 1 1 
1 0 0 1 1 1 1 0 0 1 0 0 1 1 0 1 0 1 0 0 1 1 0 1 0 0 0 0 0 1 1 1 1 1 0 0 0 1 0 1 0 
0 1 0 0 1 1 0 1 1 0 0 0 1 1 1 1 1 1 1 0 0 0 1 1 1 1 0 0 0 1 1 0 0 1 0 0 0 0 1 1 1 
1 1 0 1 0 1 0 1 0 1 1 0 0 1 1 0 1 0 0 0 1 0 0 0 1 0 0 1 1 1 0 1 0 0 0 1 1 0 0 1 1 
0 0 0 1 1 0 0 1 0 0 0 0 0 0 1 1 0 1 0 1 1 1 0 0 1 1 1 0 1 1 1 1 1 1 0 0 1 0 0 1 0 
0 0 1 1 1 0 1 0 0 1 0 0 1 0 1 0 1 1 1 0 1 1 1 0 1 0 0 0 0 1 0 0 1 1 1 1 1 1 1 0 0 
1 0 1 1 1 1 1 1 0 1 0 1 1 0 1 1 0 1 1 0 1 1 1 1 1 0 0 0 0 0 0 1 0 1 1 0 0 0 1 0 1 
1 0 0 1 1 1 0 0 0 0 1 0 1 0 1 0 1 1 0 1 1 1 0 0 0 0 0 0 1 0 0 0 0 0 1 1 0 1 1 0 1 
1 0 1 1 1 1 0 0 1 0 1 0 0 1 1 0 1 1 1 0 1 1 0 0 0 0 0 0 1 0 1 0 1 0 0 0 1 0 1 0 0 
0 1 0 0 0 0 1 1 1 1 1 0 0 1 1 0 1 1 1 1 0 0 0 1 0 1 0 0 0 1 1 0 0 1 0 0 0 0 1 1 1 
0 0 1 1 1 1 0 0 1 0 0 1 0 1 1 1 0 1 1 1 0 0 1 0 0 1 0 0 0 1 0 1 1 1 0 0 1 1 0 0 1 
1 1 1 0 0 1 0 1 0 1 0 0 0 0 1 1 0 1 0 1 1 1 1 1 1 1 0 0 0 0 1 1 1 1 1 1 0 0 0 0 1 
0 1 0 0 0 1 0 1 1 0 1 0 1 0 0 0 0 0 0 0 0 1 1 1 1 0 1 1 0 1 0 1 0 0 1 0 0 0 0 1 0 
1 0 1 1 0 1 1 0 0 1 0 1 0 1 0 0 0 1 0 0 0 1 0 0 1 1 0 1 1 0 1 0 0 0 1 0 1 0 0 1 1 
1 1 1 0 1 1 1 1 1 1 1 1 1 1 0 0 0 1 1 0 0 1 0 0 0 0 1 0 0 1 1 1 0 0 0 1 1 1 0 1 0 
1 0 1 1 0 0 1 1 1 1 1 1 1 1 1 1 0 0 1 1 1 1 1 0 1 1 1 0 1 0 0 1 0 1 0 0 1 1 1 1 0 
0 0 1 1 1 0 0 1 1 1 1 0 1 1 1 0 0 1 1 1 1 0 1 1 0 0 0 1 1 1 1 0 1 0 1 1 0 1 0 0 1 
1 0 0 0 0 0 1 1 1 0 1 0 1 0 0 1 0 0 1 0 1 1 1 0 0 0 0 0 1 0 1 0 1 1 1 1 1 0 0 0 0 
1 0 1 1 1 1 0 1 0 0 0 1 1 0 1 0 1 1 1 1 0 1 0 1 0 1 0 0 0 1 0 1 1 0 1 0 1 1 1 1 1 
0 0 0 0 1 0 1 1 1 1 1 1 1 1 1 1 1 0 1 0 0 0 0 0 1 0 1 0 0 0 1 0 0 0 0 0 0 0 1 0 1 
0 1 0 1 0 1 1 0 0 1 1 1 1 1 0 0 1 1 0 1 0 0 0 0 0 0 1 0 1 1 1 1 0 0 1 0 1 0 1 0 1 
0 1 1 1 1 1 0 0 1 0 1 1 0 1 1 0 0 0 1 1 1 0 1 1 1 0 1 1 1 1 1 1 0 0 0 1 1 1 0 0 1 
1 1 1 0 0 1 1 0 0 0 0 0 0 1 0 0 0 1 1 1 0 0 1 0 0 1 1 1 1 1 0 0 0 1 0 1 0 1 1 0 0 
1 1 0 1 1 0 1 0 1 1 1 1 0 1 1 1 1 1 0 0 1 0 1 1 1 0 1 0 1 0 0 1 1 0 0 0 0 1 0 1 0 
1 0 1 1 0 0 0 1 1 0 0 1 1 1 0 1 1 1 1 1 1 0 0 0 0 0 0 1 0 0 0 0 0 1 1 0 1 1 1 0 1 
0 0 1 1 0 0 0 1 1 1 1 1 1 1 1 1 1 1 0 1 1 0 0 0 1 0 1 0 0 0 1 0 0 0 1 0 1 0 0 0 1 
1 0 1 0 1 0 1 0 0 1 1 0 1 1 1 1 1 1 1 1 1 1 1 1 1 1 0 1 1 1 0 0 1 1 0 0 0 0 1 0 1 
0 1 0 0 0 1 1 0 1 0 1 0 1 0 1 0 1 0 0 0 1 0 1 0 1 1 0 1 0 1 0 1 0 0 1 0 1 0 0 0 0 
1 1 1 0 0 1 1 1 1 1 0 0 0 0 1 1 1 0 0 0 0 1 0 0 0 0 1 0 1 0 0 0 1 1 0 1 0 1 0 0 0 
0 0 0 1 1 0 0 1 0 0 1 1 0 1 1 0 0 1 1 0 1 0 1 0 0 1 0 0 1 0 0 0 0 1 1 1 1 1 0 1 1 
1 0 1 0 1 1 1 0 1 1 1 1 1 1 1 0 1 1 1 0 0 1 0 1 0 0 0 1 0 1 0 0 1 1 0 0 1 1 0 0 1 
1 1 0 0 0 0 1 0 1 1 0 1 0 1 1 0 1 1 0 0 1 0 1 1 1 1 0 0 1 0 1 0 1 1 0 1 1 1 1 1 1 
1 0 1 0 1 1 1 0 1 1 0 0 0 1 1 1 1 1 0 1 1 0 0 0 0 1 0 0 1 1 1 0 1 0 1 0 1 0 1 0 0 
1 0 0 0 1 0 1 1 0 0 0 1 0 0 1 1 0 1 0 1 0 1 0 0 0 1 1 0 0 0 0 1 0 1 1 0 1 0 1 1 0 
1 0 0 1 0 1 0 1 0 1 0 1 0 0 1 1 0 1 1 0 0 0 0 1 1 0 0 1 1 1 1 0 0 1 0 0 0 0 1 0 1 
1 1 1 0 0 0 0 0 1 0 0 1 0 1 0 1 1 1 0 0 0 1 0 1 1 0 0 1 0 0 0 1 0 0 1 0 0 1 0 0 1 
0 1 0 1 0 1 0 1 1 1 0 0 1 1 1 0 1 0 0 0 1 1 0 1 1 0 1 0 1 1 0 1 1 0 1 1 1 1 0 0 0 
0 1 0 0 0 0 1 1 0 1 0 1 1 1 0 0 0 1 1 0 1 0 1 1 1 0 0 1 0 0 1 1 1 1 1 0 1 0 1 1 0 
1 1 1 0 1 1 0 0 0 0 1 1 1 0 0 1 0 1 0 1 1 1 0 0 0 0 0 0 1 1 0 0 0 0 0 0 1 1 0 0 1 
0 1 1 0 1 0 1 1 0 0 0 1 0 0 1 1 0 0 0 0 0 1 0 0 1 0 0 0 1 0 0 1 1 1 1 0 1 0 1 0 0 
1 1 1 0 1 0 0 1 0 0 1 1 1 0 1 1 0 1 0 0 1 1 1 0 1 1 0 1 1 0 0 0 1 1 0 0 1 1 1 1 1 
1 1 0 1 0 0 1 1 0 1 1 0 0 1 1 1 1 0 0 1 0 1 1 1 1 1 0 0 1 0 0 0 1 0 1 1 0 0 0 1 1 
