63 64 1112
10 8 92 99 32 84 43 42 51 37 37 98 40 70 96 8 8 61 96 98 99 94 19 21 66 70 64 49 16 33 76 77 92 68 75 76 3 70 17 54 6 6 3 97 75 98 5 82 58 52 32 57 98 50 77 63 20 92 12 87 76 39 63 68 
58 89 43 61 58 11 66 64 16 68 60 90 18 16 24 27 68 55 35 65 56 64 79 27 55 90 13 31 81 27 50 38 16 92 50 73 54 15 88 70 35 100 11 52 15 34 78 34 40 65 50 96 28 29 22 82 70 87 64 50 13 13 40 80 
56 89 53 10 56 40 79 90 91 89 41 58 75 70 91 66 34 93 13 13 73 87 95 42 73 58 44 37 23 35 17 78 23 69 87 78 60 17 67 3 6 59 60 32 81 50 49 66 94 62 79 66 48 25 60 72 34 55 8 56 89 24 34 11 
44 72 41 56 89 59 58 46 70 17 29 50 18 77 67 12 90 45 77 89 21 88 60 7 42 68 62 30 43 47 93 39 19 33 94 59 91 51 4 60 19 32 61 36 60 28 99 50 24 28 38 45 15 98 51 57 17 64 38 11 63 30 49 33 
62 42 91 5 44 94 16 14 77 29 2 36 56 100 37 79 79 75 75 94 24 77 2 92 93 39 2 55 69 51 87 82 44 77 38 40 22 54 53 98 82 6 85 89 6 22 19 36 96 94 29 71 22 82 62 14 21 15 68 41 17 54 22 61 
82 60 52 3 65 56 52 98 62 89 86 19 10 4 54 57 49 35 27 71 16 40 84 36 54 52 28 23 57 50 35 39 61 86 93 77 93 97 74 54 85 59 24 94 14 78 2 63 12 80 33 27 19 16 15 24 19 42 46 76 43 32 66 55 
17 58 31 10 54 4 15 90 14 39 35 28 16 36 90 79 67 74 57 37 89 23 61 60 17 58 35 59 90 100 66 58 9 96 19 63 52 34 4 17 72 39 44 39 26 85 69 93 58 77 29 99 100 41 58 16 51 44 26 92 43 91 49 51 
39 68 65 42 53 21 58 76 59 2 66 84 38 34 28 48 10 57 98 61 97 7 76 47 50 54 90 44 96 39 46 86 58 63 27 10 83 85 85 41 38 2 76 75 35 56 74 96 12 71 57 60 77 84 59 78 89 48 73 85 86 19 70 95 
81 97 4 15 33 40 7 70 93 34 96 27 89 22 75 100 92 83 60 21 18 70 50 7 17 23 91 55 41 12 49 73 60 5 39 92 96 45 13 89 78 61 67 67 82 41 18 25 75 29 97 93 98 47 99 15 69 41 69 61 52 69 33 64 
73 23 55 69 67 20 9 44 32 75 62 65 68 80 89 42 8 86 34 6 32 32 72 52 72 92 12 76 60 96 39 85 18 45 5 84 16 13 79 47 87 41 11 6 72 52 48 31 89 81 36 72 65 59 23 88 50 34 63 62 81 1 46 98 
98 2 33 13 14 63 60 52 55 22 58 26 25 5 57 13 37 44 84 1 55 6 89 4 91 3 17 71 4 62 20 53 15 4 65 28 67 76 32 73 98 89 51 22 45 7 87 33 2 70 34 56 76 74 12 18 76 28 89 31 42 60 83 56 
16 100 36 82 75 67 6 24 7 56 46 3 62 32 35 16 53 68 23 28 93 34 98 69 62 38 51 55 97 86 10 12 85 45 45 59 63 3 83 69 58 80 71 72 63 6 87 15 25 9 95 18 95 44 38 56 81 40 62 29 25 71 93 9 
68 89 20 30 91 54 51 49 85 73 20 47 78 58 13 55 18 59 24 12 2 13 19 34 52 80 63 29 51 55 89 70 43 60 51 34 13 1 34 97 74 53 95 3 62 60 9 79 18 84 91 72 96 9 5 100 89 67 80 91 73 68 60 16 
28 62 1 92 63 86 89 88 90 83 42 51 42 3 29 12 86 71 35 34 80 39 85 20 58 64 10 30 83 21 97 10 34 49 2 96 34 42 35 23 76 29 25 70 83 54 81 20 24 15 53 55 5 89 74 14 52 35 96 35 7 44 96 41 
93 49 88 78 90 75 53 66 55 77 87 37 82 67 8 58 33 61 12 89 49 38 3 53 24 50 39 31 93 34 23 37 83 62 15 24 36 19 41 42 47 27 78 29 45 38 38 29 98 1 18 98 38 72 2 14 21 40 96 65 74 18 2 8 
79 68 31 67 86 24 8 84 50 38 64 47 75 1 75 24 2 44 73 91 67 75 4 87 14 99 52 39 68 5 46 47 72 29 65 57 4 24 92 53 13 56 51 39 56 26 62 57 69 87 100 36 61 3 74 26 2 77 65 21 81 10 67 4 
90 83 12 93 59 4 98 71 59 48 10 14 25 23 23 46 9 74 81 21 76 6 47 29 35 11 50 67 72 68 71 14 3 82 58 61 85 55 31 95 55 92 9 79 67 83 24 75 56 56 96 83 14 94 12 48 4 13 66 27 80 36 40 82 
70 98 42 54 52 25 1 58 68 9 89 34 43 64 61 50 72 8 32 85 1 95 84 4 7 49 30 87 37 70 20 6 19 14 11 22 90 11 80 57 71 68 91 65 83 3 14 54 10 98 38 10 92 73 13 51 74 94 89 10 15 8 67 33 
73 29 55 62 40 86 71 62 5 61 27 87 15 92 41 24 89 30 33 33 55 97 83 28 90 23 89 57 30 55 41 55 35 47 16 26 32 86 88 88 98 66 27 12 9 19 35 50 48 19 82 54 15 16 81 57 38 69 13 19 75 5 73 10 
52 41 35 35 26 74 23 76 91 1 39 100 19 26 49 18 44 82 72 59 49 52 15 86 73 79 56 99 83 29 60 86 21 47 21 98 20 95 73 11 95 64 10 65 89 10 82 32 91 53 42 39 57 8 76 81 86 31 79 21 11 91 58 31 
37 30 29 8 76 53 70 22 16 31 86 56 40 68 40 82 20 81 20 28 89 47 8 26 30 39 98 40 81 56 23 17 37 3 76 13 55 46 34 23 76 20 78 68 87 17 49 58 50 21 38 90 67 97 15 96 35 65 88 15 72 62 83 8 
64 59 20 70 56 54 92 31 25 22 50 63 90 99 72 39 71 9 28 37 6 95 85 92 11 24 59 82 85 41 89 48 51 61 17 6 66 61 89 90 82 38 4 23 88 75 62 58 84 41 47 41 87 31 32 97 6 90 78 90 83 19 89 33 
79 5 91 96 17 79 85 50 68 40 73 56 14 86 13 49 26 59 89 65 41 73 61 98 14 91 87 96 9 75 81 39 32 71 34 100 1 70 50 68 9 22 75 74 7 88 23 84 98 63 48 91 35 61 88 1 51 27 48 59 53 28 49 36 
50 82 36 2 3 85 22 11 58 96 84 16 35 58 99 85 21 99 75 7 59 14 7 61 40 55 71 45 34 19 80 36 100 15 37 54 51 58 16 8 6 51 23 40 9 74 24 29 24 50 87 34 16 94 94 7 100 64 51 33 82 31 68 33 
97 57 38 100 14 53 7 71 3 82 11 11 55 86 91 78 36 78 11 51 23 56 57 22 19 60 6 52 42 26 36 38 82 73 37 47 25 96 18 27 77 28 90 83 13 32 60 100 61 22 2 35 77 11 56 95 70 62 98 11 39 33 100 20 
5 89 66 29 36 35 7 12 62 48 94 27 32 5 78 92 26 32 27 2 42 34 48 63 47 45 25 85 29 76 56 33 64 22 13 99 56 19 62 70 19 7 48 50 11 77 41 88 8 19 89 1 5 88 63 3 84 39 88 12 15 43 96 30 
16 8 81 24 79 94 45 97 1 44 46 11 72 38 99 80 9 39 32 13 79 47 15 14 85 54 26 51 49 73 81 64 81 13 39 59 6 83 7 6 78 52 69 50 89 19 81 97 9 12 61 87 58 28 1 95 81 78 45 29 50 77 45 82 
41 83 92 47 18 98 4 95 49 24 44 90 42 24 38 51 88 99 89 97 26 89 91 58 18 88 87 68 16 83 1 57 65 93 55 34 42 58 29 91 82 24 32 75 100 69 25 87 19 66 35 96 54 26 54 24 65 92 43 80 74 43 88 90 
87 42 24 29 100 4 71 33 27 2 7 78 22 84 64 93 49 99 88 54 76 93 77 92 84 19 23 9 62 11 99 100 52 74 28 3 77 98 87 3 51 94 81 25 77 96 17 25 46 56 30 73 49 7 64 84 25 87 45 38 49 95 38 52 
68 17 55 44 67 41 98 17 86 30 93 62 78 61 38 75 17 68 100 17 26 15 52 50 53 96 88 1 90 77 53 9 93 59 4 59 99 2 28 85 83 20 98 12 81 88 87 49 7 86 17 32 100 68 33 53 16 72 5 57 48 57 66 41 
15 69 51 66 22 78 2 57 50 99 68 82 38 54 82 96 91 98 27 43 17 60 95 84 83 99 41 31 8 58 23 22 78 25 87 52 3 88 8 52 39 75 85 28 81 66 24 71 15 2 65 31 13 59 15 96 10 7 78 69 16 100 42 93 
24 81 44 78 20 51 81 58 78 65 38 58 82 61 80 96 62 45 27 75 55 93 22 16 51 99 84 66 98 26 58 73 6 54 3 25 56 83 35 33 100 72 42 81 84 22 77 97 18 55 71 24 47 44 40 49 42 75 14 91 52 23 64 9 
76 66 86 32 100 72 16 99 95 58 80 78 31 8 74 100 62 97 23 60 40 62 8 34 89 73 24 92 95 87 1 71 4 86 54 4 9 69 54 3 78 33 32 60 92 57 59 53 5 82 64 97 95 23 30 83 95 53 27 90 92 27 12 95 
64 65 50 72 85 4 26 63 88 57 22 80 13 81 84 18 14 48 66 8 70 95 43 17 47 69 6 90 47 17 37 10 33 86 33 17 41 10 31 29 66 5 60 30 37 43 99 2 42 64 9 64 10 3 80 57 23 37 98 69 5 34 30 37 
20 14 5 60 23 88 40 40 44 99 70 80 94 20 33 35 84 41 98 93 96 29 1 18 65 99 39 21 32 20 57 3 34 14 15 56 53 54 96 96 5 17 27 98 36 59 84 71 51 82 64 46 62 16 16 79 66 6 99 50 25 8 52 58 
73 66 66 25 72 13 20 76 29 98 73 64 56 56 87 6 89 2 4 3 17 71 81 35 76 31 84 52 38 35 10 62 53 27 86 24 39 57 99 19 54 23 34 9 78 20 67 19 21 22 21 90 92 53 24 19 35 7 70 73 41 31 86 45 
57 72 68 47 28 66 65 82 88 51 42 18 70 60 88 91 33 60 32 76 12 55 94 46 61 16 70 53 46 56 98 55 79 65 53 58 83 70 39 22 20 33 39 89 44 78 31 77 37 62 52 100 68 98 98 28 65 19 33 10 26 82 16 4 
98 21 62 80 90 52 54 9 36 44 49 80 22 80 8 58 93 11 58 61 60 7 40 24 25 72 86 51 5 53 54 3 73 67 34 62 19 87 22 54 31 71 85 52 2 44 61 46 7 70 6 66 76 98 42 1 21 27 51 26 31 56 80 4 
23 13 17 93 100 39 98 82 61 35 85 14 30 45 11 36 67 17 54 42 66 95 94 86 73 96 63 3 4 42 6 78 55 75 70 6 65 67 39 25 53 23 90 83 19 100 18 85 68 71 79 33 17 24 71 89 20 33 44 75 27 49 52 81 
75 21 38 39 39 76 63 92 50 4 26 68 4 43 5 23 66 83 56 34 6 78 23 77 62 66 3 88 66 54 20 41 26 57 79 65 84 94 8 33 97 33 1 52 27 5 75 44 39 82 78 96 59 100 25 20 17 27 60 34 33 79 74 58 
88 5 22 71 98 81 56 46 65 8 98 92 64 24 35 2 5 12 49 15 63 73 86 31 52 97 65 84 76 38 93 63 94 67 85 91 47 40 89 12 99 38 55 62 61 41 63 17 5 64 83 67 88 20 50 91 17 14 74 44 3 19 6 97 
85 42 39 31 34 27 94 32 16 100 94 76 41 8 44 45 71 78 63 11 98 12 1 14 25 27 57 80 45 14 76 29 7 66 11 40 93 57 72 8 56 65 36 96 72 31 92 95 9 55 5 6 18 5 71 95 83 79 74 27 92 1 55 98 
66 18 90 10 74 61 70 29 25 57 77 48 87 68 94 95 74 98 100 44 55 22 38 37 100 63 16 43 15 22 93 32 39 82 42 12 42 63 93 18 19 21 17 5 88 11 52 14 60 3 9 66 25 98 3 24 60 70 67 26 91 11 57 82 
92 50 45 33 12 37 2 82 57 18 87 97 28 90 62 88 92 70 53 16 67 7 92 78 76 10 55 19 20 11 52 11 13 96 95 24 85 96 6 93 13 44 41 41 33 2 80 76 23 32 92 41 91 83 70 18 92 24 88 63 87 39 73 99 
35 67 22 71 62 79 63 26 74 4 66 58 57 45 34 32 29 77 72 19 59 42 88 2 17 76 64 3 14 88 1 48 54 75 18 67 5 33 92 79 88 10 36 44 6 21 75 34 97 99 4 7 92 92 60 8 67 23 63 32 62 63 80 15 
89 49 33 94 33 77 24 20 86 11 16 91 32 90 77 80 40 32 87 31 23 46 91 41 21 53 73 82 67 4 49 56 4 33 1 37 9 24 8 94 34 23 37 65 65 65 45 4 96 83 87 71 80 77 63 100 81 87 34 47 42 34 54 98 
66 54 86 75 77 93 20 11 16 8 27 80 72 23 35 20 5 21 90 37 49 4 36 29 91 21 28 32 54 81 29 72 35 14 46 11 7 17 73 74 25 100 5 48 74 39 67 79 12 8 15 60 12 2 41 2 75 68 85 80 100 66 51 34 
79 48 97 37 65 21 62 41 72 66 40 46 57 59 76 68 66 90 79 29 43 71 82 69 90 19 49 90 84 99 75 14 47 23 51 63 44 64 55 67 82 94 12 38 4 87 57 22 28 35 50 71 58 84 39 47 2 39 36 85 38 63 98 36 
85 100 50 80 16 4 47 97 49 58 34 5 97 90 26 24 76 27 46 85 62 37 32 63 75 19 99 64 81 49 99 66 100 100 97 15 55 43 11 56 53 96 60 49 37 37 72 65 63 70 49 25 6 80 39 80 99 90 96 31 38 94 48 89 
46 45 4 100 39 66 55 91 14 66 91 50 2 63 66 17 84 15 93 89 46 31 20 96 72 15 27 9 61 74 98 6 70 53 57 9 70 64 51 83 29 42 85 83 56 50 99 39 16 43 79 62 25 98 9 97 13 35 57 25 61 6 30 82 
10 86 90 80 1 93 14 30 34 98 64 89 48 14 79 63 56 57 76 80 6 85 28 18 71 85 94 83 42 23 65 52 61 6 31 61 98 44 42 31 94 5 71 41 18 1 55 73 57 83 5 15 19 32 32 41 68 78 24 10 100 88 61 12 
45 43 25 43 38 66 25 31 23 96 23 40 48 30 65 57 12 21 71 82 4 54 22 24 31 45 33 83 84 45 94 81 39 70 23 76 88 47 7 10 94 81 1 42 10 17 98 73 37 20 6 93 73 28 16 4 24 48 86 60 44 31 40 82 
1 62 9 40 60 67 49 6 48 1 99 9 18 96 82 6 67 87 98 39 66 13 42 90 12 79 1 7 10 40 88 62 53 49 1 64 15 1 69 62 1 67 23 70 14 4 28 80 42 25 19 60 90 12 1 1 91 1 8 100 92 47 13 96 
95 13 59 62 65 80 75 17 46 97 87 12 52 14 43 94 90 13 53 79 25 5 32 15 5 39 66 48 37 30 43 84 42 1 45 58 80 71 74 78 68 12 41 19 77 83 64 67 96 68 97 20 72 28 86 28 18 3 75 7 32 17 90 25 
70 86 34 1 56 7 78 75 71 70 94 47 53 9 65 100 77 14 71 48 41 56 76 11 10 50 17 93 19 58 17 88 95 50 88 2 8 18 77 78 87 22 77 91 30 41 90 6 54 60 6 47 67 33 57 76 34 25 68 52 34 36 39 80 
37 79 81 97 96 9 74 34 82 2 25 12 43 66 69 48 26 26 94 92 58 2 20 44 78 39 95 11 27 86 90 15 16 23 11 63 83 37 96 65 38 72 28 32 38 96 80 15 74 25 58 83 79 77 26 56 68 73 19 94 58 8 60 73 
82 71 35 65 59 82 29 96 6 56 28 43 3 59 9 28 83 66 11 61 95 36 69 14 60 87 59 17 94 18 41 28 88 27 92 46 9 72 94 14 27 73 8 81 31 68 9 65 33 71 26 79 58 46 92 18 32 50 34 25 20 27 4 59 
53 95 57 13 66 50 78 44 22 85 77 4 52 85 68 37 7 45 67 64 90 59 81 21 60 15 98 31 93 1 90 45 48 46 58 65 95 87 9 68 72 37 71 75 73 90 63 79 87 30 42 76 40 23 49 51 89 46 82 81 98 71 77 45 
16 34 62 62 21 22 81 44 58 3 70 30 92 33 8 78 14 49 6 5 23 54 55 11 51 88 91 48 58 68 45 25 53 6 38 25 27 18 20 84 20 90 65 64 74 72 93 39 72 98 43 95 3 49 5 53 37 48 1 46 67 97 23 19 
2 60 96 80 30 15 15 1 56 79 64 29 2 9 19 25 6 61 19 61 62 76 13 98 23 65 95 41 61 17 59 14 77 54 45 6 21 59 6 76 89 22 57 90 30 75 15 87 36 85 47 49 12 60 46 86 76 40 26 37 9 85 2 85 
90 47 42 10 57 99 86 46 20 42 35 1 68 1 88 55 38 86 3 49 45 100 35 73 40 60 61 48 96 62 84 86 60 25 47 17 23 84 62 95 77 48 95 45 1 82 99 38 68 2 86 64 1 20 36 92 32 96 91 27 10 74 12 69 
50 11 37 25 94 98 19 71 46 13 15 98 47 13 35 66 66 72 81 67 44 69 10 75 16 1 1 25 74 65 46 76 27 82 100 20 32 18 90 29 82 56 26 80 21 60 45 86 83 26 4 26 94 14 100 61 14 53 86 39 69 83 66 95 
64 65 14 47 34 56 75 68 63 100 47 83 11 44 21 94 69 24 19 14 37 71 26 2 23 11 93 43 45 58 37 61 23 2 7 8 9 82 75 72 33 74 6 44 17 26 89 37 2 59 50 90 29 27 92 3 38 36 45 82 93 33 42 67 
0 0 0 0 1 0 1 1 1 1 0 1 0 0 1 1 1 0 1 1 1 0 0 0 1 0 1 1 1 1 0 1 1 0 1 0 0 1 1 0 0 0 1 0 0 1 0 1 1 1 1 0 1 1 0 0 1 0 1 0 1 1 1 0 
1 1 0 0 0 1 0 0 1 1 0 0 0 0 1 0 1 0 0 0 1 1 0 1 1 0 1 0 1 1 0 1 0 0 1 0 1 1 0 1 0 0 1 1 1 0 1 0 1 1 1 0 0 1 1 1 1 1 1 1 0 1 0 0 
1 1 0 1 0 0 0 0 0 1 1 1 1 0 0 0 0 1 1 0 0 0 0 0 1 1 1 1 1 1 1 0 0 1 1 0 1 1 0 0 0 0 1 0 0 1 0 0 0 1 1 1 0 1 1 1 0 0 1 1 1 0 0 1 
0 1 1 1 1 1 1 1 1 1 1 0 0 0 0 1 1 1 0 1 0 1 1 1 1 0 0 0 0 0 1 0 0 0 0 1 1 1 0 1 0 0 1 1 0 1 0 1 1 0 1 1 1 0 0 0 0 1 0 0 1 1 1 1 
1 1 0 0 0 1 1 1 1 0 0 1 0 0 0 1 0 1 0 1 1 1 1 1 0 1 0 1 0 1 1 1 0 1 1 0 0 1 1 1 1 1 0 1 1 1 0 1 0 1 0 0 0 1 1 0 0 1 1 0 0 0 1 0 
0 1 1 0 0 0 0 1 0 0 1 1 1 1 1 0 0 1 0 0 1 1 0 1 1 0 0 1 0 1 0 0 0 1 1 0 1 1 0 1 1 1 1 1 0 0 1 1 1 1 1 0 0 0 0 1 0 0 1 0 1 1 1 0 
0 0 0 1 1 0 1 0 1 0 1 0 0 0 1 1 1 0 0 0 0 0 1 0 0 0 1 1 1 0 1 1 0 0 1 1 0 0 1 0 0 1 0 0 1 1 1 1 1 1 1 0 1 0 0 1 1 1 1 0 1 0 0 1 
0 1 0 1 1 0 1 1 1 1 1 0 0 0 1 1 0 0 1 1 1 0 1 0 1 0 0 1 0 0 0 1 1 1 0 0 1 1 1 0 0 0 0 0 1 0 1 1 0 1 0 1 1 1 1 0 1 0 1 0 0 0 1 0 
1 1 0 0 0 0 0 0 0 0 0 1 0 1 0 1 0 1 0 1 0 0 0 0 0 1 0 0 1 1 0 0 0 1 0 0 1 0 0 1 1 0 1 1 1 1 0 0 0 1 1 1 1 1 1 1 1 1 1 0 0 0 1 0 
1 1 0 0 0 0 1 1 0 0 0 1 0 1 1 0 0 1 1 1 0 0 0 1 1 1 0 1 1 1 1 0 0 1 0 0 1 0 1 1 0 0 1 0 1 0 1 1 1 0 0 0 1 0 1 0 1 1 0 1 0 1 1 1 
1 0 1 0 0 1 0 0 1 1 1 0 1 0 1 1 0 1 1 1 1 0 0 0 0 0 1 0 1 1 1 0 1 1 1 1 0 1 1 1 0 0 1 1 0 0 0 1 1 1 0 0 0 0 0 0 0 0 0 0 1 0 0 0 
1 1 1 1 0 0 0 0 1 1 0 1 1 0 0 0 0 1 0 0 1 0 0 0 0 0 0 1 0 0 1 1 0 0 0 0 1 0 1 0 1 1 1 0 1 0 0 1 1 0 1 0 1 1 0 1 0 0 1 0 1 0 0 1 
1 0 1 0 1 0 0 0 1 1 1 1 1 1 0 0 0 0 1 1 1 1 0 1 0 1 0 1 0 0 0 1 0 1 1 1 0 1 0 1 0 1 0 0 0 1 0 0 1 1 1 0 1 0 0 1 1 0 0 1 0 0 0 0 
1 1 0 1 0 0 1 1 1 1 1 1 0 1 0 1 1 1 0 0 1 0 1 1 0 1 0 0 1 1 0 0 0 0 0 1 0 1 0 1 0 1 1 1 0 1 0 1 0 0 1 0 0 0 1 0 1 1 0 0 0 1 1 1 
1 1 0 0 0 0 1 0 1 0 1 1 1 0 1 0 0 0 0 1 1 1 1 0 0 0 1 1 1 0 0 0 1 0 0 1 0 0 1 1 0 1 0 0 1 1 0 1 0 0 0 1 1 0 1 1 0 0 0 1 0 0 1 1 
0 0 0 0 0 0 1 0 1 0 0 0 1 0 1 1 0 0 0 1 0 0 1 0 0 1 1 1 0 0 0 0 0 1 1 0 1 0 1 0 0 1 0 0 0 1 1 0 1 0 0 1 0 1 1 0 0 0 1 0 1 0 1 1 
1 0 0 0 0 1 0 1 0 0 1 0 1 0 1 1 0 1 0 0 0 0 1 0 0 0 1 1 0 0 1 1 0 1 1 0 0 1 1 0 1 0 1 1 1 0 0 1 1 0 0 1 0 1 1 1 1 0 0 0 0 1 1 0 
0 1 1 0 0 0 1 0 1 0 1 0 0 1 1 1 1 1 0 0 0 1 1 0 0 1 0 0 1 1 1 1 0 0 0 1 0 1 1 1 1 0 1 1 1 1 0 0 0 0 0 1 1 1 1 1 1 1 0 0 0 1 1 1 
1 1 0 1 0 1 1 1 1 0 0 0 1 0 0 0 0 1 1 0 0 0 1 1 1 1 1 1 0 1 0 1 0 0 1 1 1 0 0 0 0 1 0 0 1 1 0 0 0 1 0 0 1 1 0 0 1 1 1 1 0 0 1 1 
0 0 0 0 0 0 0 0 1 1 0 1 0 0 1 0 1 1 0 0 0 0 0 1 0 0 1 0 0 0 1 0 0 1 0 0 0 1 0 1 0 1 0 0 1 1 0 1 0 0 1 1 1 0 0 1 0 1 1 0 1 1 0 1 
0 1 1 0 0 0 0 0 1 0 0 0 0 0 1 0 0 1 1 1 1 0 0 1 1 0 1 1 1 1 0 1 0 0 0 0 0 0 0 1 0 0 1 0 0 1 1 1 0 0 0 1 0 1 0 0 1 1 1 0 0 1 1 1 
1 1 1 1 1 0 0 0 0 0 0 1 1 1 0 1 0 0 0 0 1 0 0 0 1 1 0 1 1 0 0 0 1 0 0 1 0 0 1 0 0 1 1 1 1 1 0 1 0 0 1 1 0 0 0 1 1 0 1 0 0 1 1 0 
1 1 1 1 1 0 0 0 1 1 1 0 1 0 1 1 0 1 0 1 1 0 0 0 1 1 1 1 1 0 1 0 1 0 0 0 0 0 0 0 1 0 0 0 0 0 1 0 1 0 1 0 0 0 0 1 1 1 1 0 1 0 1 0 
1 1 1 1 1 1 1 0 1 0 1 1 0 0 0 1 0 1 1 1 1 1 0 1 1 1 1 0 0 0 1 1 1 0 0 0 1 0 1 1 0 0 0 0 0 0 1 1 0 0 0 1 1 0 0 0 0 0 1 0 0 0 1 0 
0 1 0 1 1 1 0 1 1 1 1 0 1 0 1 1 0 1 1 0 1 1 0 1 1 1 1 0 1 0 0 1 0 0 1 1 0 1 1 1 0 0 1 0 1 0 1 1 1 0 1 1 0 0 0 1 1 0 1 1 0 1 0 0 
0 1 0 0 1 1 1 1 1 1 1 0 1 1 0 1 1 1 0 1 1 0 1 1 0 0 0 1 0 0 1 0 0 1 0 1 0 1 0 0 0 0 0 0 1 0 1 0 0 1 0 1 1 1 0 0 1 0 1 1 1 0 1 1 
0 1 0 0 1 0 0 1 0 1 1 1 1 0 0 1 1 0 1 1 1 1 1 0 0 0 0 1 0 1 0 0 1 0 1 0 0 1 1 1 0 1 0 0 1 0 1 1 0 0 0 1 0 1 0 0 1 0 1 1 1 1 0 0 
1 1 0 1 0 0 0 1 1 1 1 0 1 0 1 0 1 1 1 1 0 1 1 1 1 0 1 1 1 1 1 0 0 0 1 0 0 0 1 1 1 0 1 0 1 1 0 0 0 0 1 1 1 0 0 1 0 1 0 1 0 1 1 0 
1 0 1 1 0 0 0 1 1 0 0 0 1 0 0 1 0 1 0 0 1 1 1 1 0 1 0 1 0 1 1 0 1 0 1 0 1 0 1 0 0 1 0 1 0 0 0 0 1 1 0 0 0 1 1 0 0 1 1 1 0 1 1 1 
1 0 1 0 0 1 0 0 0 0 1 0 0 0 1 1 1 1 1 1 1 0 1 1 1 1 0 1 0 1 1 1 0 0 0 0 1 0 1 0 1 0 0 1 0 1 1 1 1 0 0 0 1 0 1 0 1 0 0 1 1 1 0 1 
1 0 0 1 1 1 1 0 1 1 1 0 1 0 1 0 1 0 0 0 0 1 0 1 1 0 0 1 1 0 0 1 1 0 0 0 1 1 0 1 0 1 1 1 0 0 1 1 0 1 1 0 1 1 1 0 0 1 1 1 0 0 0 1 
0 0 1 0 1 1 1 0 0 0 1 0 0 1 1 1 0 0 1 1 0 1 0 0 0 1 1 0 1 0 1 0 0 0 0 0 1 1 0 0 1 1 0 1 0 0 0 1 0 0 0 0 1 0 0 1 0 0 0 1 0 1 1 0 
0 1 0 1 0 0 1 1 0 0 1 0 0 1 1 0 1 0 1 0 0 1 0 0 1 0 0 1 1 1 0 1 1 0 1 1 1 0 1 1 0 0 1 0 1 1 1 1 1 0 1 1 1 1 0 1 1 0 0 1 1 0 0 0 
1 1 0 0 0 1 1 0 1 0 1 0 1 0 1 0 0 1 0 1 0 0 0 0 0 1 1 1 1 1 0 0 1 0 0 1 1 1 1 0 0 0 0 1 0 0 0 0 1 0 0 1 0 0 1 0 1 0 1 1 0 1 1 1 
1 0 0 0 1 1 0 1 0 1 1 0 1 1 1 0 1 1 1 1 1 1 1 1 1 0 0 1 0 1 0 1 1 0 0 1 0 0 0 0 1 1 0 0 0 1 0 1 0 0 0 0 1 1 1 0 0 1 0 0 0 0 1 0 
1 1 1 1 0 1 1 1 1 1 0 1 1 0 1 1 0 1 1 1 1 0 0 1 1 0 1 0 0 0 0 1 0 1 0 0 0 1 1 1 1 1 1 0 0 0 1 0 1 1 0 0 1 0 1 1 0 0 1 0 1 1 0 1 
0 0 1 0 0 0 0 1 0 1 1 0 1 0 0 0 1 0 1 1 0 0 0 0 1 1 1 0 0 1 1 0 1 0 0 1 0 0 0 0 1 1 0 0 0 1 1 1 1 0 0 0 0 0 0 1 1 1 1 1 0 0 1 0 
0 0 1 1 0 0 1 0 1 0 0 1 1 1 1 0 1 1 0 0 0 1 1 1 0 1 1 1 1 0 1 0 0 0 1 1 0 0 1 0 0 1 1 1 1 0 0 0 0 0 0 0 1 0 1 0 1 0 1 0 1 0 0 1 
0 1 0 1 0 1 1 0 1 0 0 0 1 0 0 1 0 1 1 0 1 0 0 0 1 1 0 0 1 1 1 1 0 0 0 0 1 1 1 0 0 1 0 1 1 1 0 1 0 1 1 1 1 1 1 0 0 1 0 1 0 0 1 1 
0 1 1 1 1 0 0 1 1 0 0 0 1 0 0 1 1 1 0 0 1 1 1 1 1 1 1 1 1 0 0 1 1 0 1 0 0 1 1 0 1 1 0 1 1 0 0 0 0 1 1 1 0 0 0 1 1 1 1 1 1 1 0 1 
1 1 1 0 0 1 0 0 0 0 1 0 1 1 0 1 0 1 0 1 1 0 0 1 0 1 0 1 1 0 0 0 0 0 0 0 1 0 0 1 1 1 1 0 1 0 1 1 1 1 0 1 1 1 0 1 0 0 1 1 0 1 0 0 
1 0 1 0 1 1 0 0 1 1 0 0 1 1 1 1 0 0 0 1 1 0 1 1 0 0 1 0 1 1 1 1 1 0 1 0 1 1 0 0 1 0 0 0 1 0 1 1 0 1 1 1 1 0 0 1 0 1 0 1 0 1 0 0 
1 0 0 0 1 1 1 0 1 1 1 1 1 0 0 1 0 1 0 1 1 1 1 1 0 1 1 1 0 1 1 1 1 1 1 1 0 0 1 0 0 0 1 1 1 1 1 1 1 1 0 0 0 1 0 1 0 1 0 0 0 1 1 0 
0 1 1 1 1 0 1 1 1 0 1 0 1 0 1 0 1 1 1 0 1 1 1 1 0 1 0 0 0 1 0 0 0 1 1 0 0 0 1 1 0 0 1 0 0 0 0 0 1 1 0 0 0 1 0 0 0 0 1 0 1 1 0 0 
1 0 0 1 0 1 0 1 0 1 1 0 1 1 0 0 1 0 1 1 1 1 0 1 1 1 1 0 0 0 0 1 0 0 0 0 0 0 1 0 1 0 0 0 0 1 1 1 1 0 0 1 1 0 0 0 1 0 0 0 0 1 1 0 
1 0 0 1 0 0 1 0 0 0 0 0 1 1 1 0 1 0 1 0 0 0 0 0 0 1 0 0 0 1 0 1 1 0 1 0 0 0 0 1 0 0 1 1 0 1 0 1 1 1 0 1 1 0 1 1 1 1 1 1 1 1 1 0 
0 0 0 0 0 0 1 1 1 1 0 1 0 0 0 1 0 0 0 1 1 0 1 0 1 0 0 0 0 1 1 0 1 1 0 1 0 0 0 1 1 1 0 1 1 0 0 1 1 0 1 0 0 0 0 0 0 0 0 0 1 1 0 0 
1 1 0 1 1 0 0 0 1 0 1 1 0 1 0 1 1 1 1 0 1 0 0 0 0 0 0 0 0 1 0 1 0 0 0 1 1 0 1 0 0 0 1 0 1 0 0 0 1 1 0 1 1 0 1 0 1 1 0 1 0 0 0 0 
1 0 1 0 0 0 0 0 0 0 0 1 0 0 0 1 0 0 0 1 1 1 1 0 1 1 1 1 0 1 0 1 1 1 1 1 0 1 1 0 1 1 0 1 0 0 1 0 0 1 1 1 1 1 1 0 0 0 1 0 1 1 1 0 
1 0 1 1 0 0 1 1 0 1 1 0 1 0 0 0 1 1 1 0 0 1 0 1 1 0 1 1 1 1 1 0 1 1 1 1 1 1 1 1 0 0 1 0 0 1 0 1 1 1 0 1 0 0 0 0 0 0 1 0 1 0 0 0 
1 0 0 1 1 1 0 1 1 0 1 1 1 1 0 0 1 0 0 1 1 0 1 1 0 0 1 1 1 0 0 0 0 0 1 1 1 0 0 0 0 0 1 1 1 1 0 0 0 0 0 1 0 1 0 1 0 0 0 1 0 0 1 0 
0 1 1 1 1 1 1 1 1 0 0 1 0 0 1 0 0 1 1 1 1 1 0 1 1 0 0 1 1 1 1 1 0 0 1 1 0 0 0 1 1 1 0 1 1 0 1 0 1 0 1 0 1 1 1 1 1 1 0 0 1 0 0 1 
0 1 1 0 1 1 0 0 0 0 1 0 0 0 0 0 0 1 0 0 0 0 1 1 1 1 0 0 1 0 0 0 1 1 0 0 0 0 1 1 1 0 1 1 1 1 1 1 0 0 1 0 0 0 1 1 0 1 0 1 1 0 1 0 
1 0 1 1 0 0 0 1 0 1 1 1 0 0 1 0 0 0 0 0 1 0 0 1 1 0 0 1 0 0 1 1 0 0 0 0 0 1 0 1 0 1 0 1 1 1 1 0 0 0 0 1 0 0 0 1 0 0 0 0 0 0 1 0 
0 0 1 1 1 1 0 1 0 0 0 1 0 0 1 0 0 0 1 0 0 1 1 1 1 0 1 0 0 1 0 0 1 1 1 0 0 1 1 0 0 0 0 0 0 1 0 0 1 1 0 0 0 1 1 1 1 0 1 1 1 0 0 0 
1 1 0 0 1 0 0 1 0 0 1 0 0 1 0 1 0 0 1 0 1 0 1 1 1 1 0 0 1 0 1 0 0 1 0 1 1 1 0 1 1 1 1 1 0 1 1 0 1 0 0 1 1 1 0 0 0 0 0 1 1 1 0 1 
1 0 0 0 1 0 0 1 1 1 0 1 1 1 1 0 0 1 1 1 0 1 1 1 0 1 0 1 1 0 0 0 1 0 0 0 0 0 1 1 0 0 0 1 1 1 1 1 0 1 0 0 0 1 1 0 1 0 1 0 0 1 0 1 
1 0 0 1 1 1 0 1 1 0 0 1 1 1 0 1 0 1 0 1 0 1 1 1 1 1 1 0 0 1 1 0 0 1 1 1 1 0 0 0 0 0 1 0 1 0 1 0 1 1 1 1 1 0 1 0 1 0 0 0 0 0 0 0 
1 1 1 0 1 1 1 0 1 0 0 0 0 1 0 1 1 1 1 0 0 0 0 1 0 1 1 0 1 1 0 0 1 1 1 0 0 0 0 1 0 0 0 1 0 0 0 1 0 1 1 0 1 1 1 0 0 1 0 1 0 1 0 1 
0 1 0 1 1 0 0 1 1 0 0 1 1 1 0 1 0 1 1 0 0 0 0 1 1 0 0 0 1 0 1 0 1 1 1 0 0 1 0 1 0 0 0 1 1 0 0 0 1 1 0 1 1 0 0 1 0 1 1 0 1 0 0 1 
0 1 1 0 0 1 1 0 0 1 1 1 1 1 1 0 0 1 1 0 1 0 1 0 1 0 0 0 0 0 1 0 1 1 0 1 0 1 0 0 0 1 0 1 1 1 1 1 1 1 1 0 1 0 0 0 0 0 0 1 0 0 1 1 
1 0 1 1 1 1 0 0 0 0 1 1 1 1 1 0 0 0 1 1 1 1 1 1 0 1 0 0 1 0 0 0 0 1 0 1 0 0 1 0 0 1 0 1 0 1 0 0 1 1 1 0 0 0 0 0 1 0 1 1 0 1 1 0 
0 1 0 0 1 1 0 1 0 0 1 0 1 1 0 1 0 1 1 0 1 1 1 1 0 0 0 0 1 1 1 1 1 1 1 0 0 1 0 1 0 1 1 1 0 0 0 0 1 0 0 1 1 1 0 1 1 0 0 0 1 1 1 0 
