57 54 1388
27 92 94 56 55 94 12 53 54 71 11 39 80 91 2 36 28 42 42 80 50 98 21 84 87 40 61 68 33 14 91 11 58 36 66 12 81 78 64 86 48 26 24 79 17 77 14 96 18 7 76 68 5 48 
3 43 87 16 10 72 29 53 82 86 88 48 49 21 77 65 6 76 90 30 6 6 6 19 2 76 26 77 43 82 24 97 24 63 12 85 86 41 37 19 78 77 66 27 97 94 91 2 21 32 31 26 38 89 
97 91 16 74 19 58 55 94 6 78 8 18 62 93 10 99 12 39 27 29 17 23 75 7 24 47 91 7 25 28 47 21 70 62 94 88 71 48 81 76 77 41 45 38 33 54 88 96 93 14 25 9 88 99 
68 12 97 58 70 21 37 16 41 6 29 86 45 51 85 77 26 61 17 23 51 2 76 90 97 20 56 21 81 95 71 48 6 68 57 27 40 45 94 33 2 22 18 46 24 55 22 50 67 91 72 69 92 99 
11 88 19 66 61 99 60 83 98 18 2 6 96 42 50 90 74 51 63 43 96 87 49 69 88 16 11 11 84 2 9 94 42 79 11 54 29 23 36 78 92 38 83 87 31 32 76 4 82 39 98 29 77 99 
50 64 14 60 74 49 14 34 95 7 13 57 60 93 31 95 71 22 32 53 9 14 37 36 69 70 26 67 99 2 65 100 65 30 11 90 30 24 24 24 30 88 33 89 80 63 36 2 85 19 7 45 33 43 
80 1 12 58 67 62 59 83 13 76 64 24 17 94 47 40 69 29 27 1 69 7 64 4 8 100 23 14 44 55 8 75 55 72 32 74 85 43 8 98 70 72 21 86 17 19 26 85 99 4 38 68 62 1 
71 70 52 93 35 47 99 95 21 54 66 5 79 50 99 86 99 68 9 71 5 25 42 82 10 40 86 99 7 47 99 78 68 2 22 55 48 21 49 20 26 66 76 4 67 74 89 66 93 98 88 50 74 29 
31 35 69 68 33 27 15 83 56 34 84 78 88 31 98 88 3 23 53 78 78 20 4 66 37 48 15 24 97 89 53 28 23 73 95 56 99 61 38 55 95 74 84 34 56 33 22 58 55 26 88 84 45 43 
49 81 90 16 5 87 4 9 14 78 81 60 85 31 73 75 85 19 100 68 52 55 100 25 65 6 51 52 89 47 94 90 28 83 5 84 21 60 44 86 89 24 46 26 54 70 100 91 88 99 10 39 5 62 
16 69 19 18 72 60 64 17 1 43 52 57 26 72 68 69 58 56 44 55 81 50 24 32 92 11 82 53 1 87 14 68 55 85 85 79 96 49 95 96 91 46 4 69 18 71 89 27 26 85 81 59 34 4 
90 77 66 72 29 66 10 95 34 64 31 70 42 26 18 89 73 61 34 76 29 3 46 69 29 23 53 9 81 38 64 23 14 29 46 43 47 55 37 32 18 67 1 12 44 71 100 16 31 85 43 11 88 88 
79 16 62 32 25 43 69 40 65 35 69 10 77 67 16 65 98 33 83 50 96 26 20 47 93 50 84 35 60 71 74 91 86 35 74 62 29 94 2 45 28 22 6 56 88 21 20 37 6 54 38 53 31 58 
100 23 59 83 9 71 5 34 61 42 21 34 4 49 79 57 46 7 30 51 62 69 24 34 5 29 87 42 81 18 51 32 92 10 66 1 80 22 86 40 64 6 25 67 7 3 75 52 61 4 54 23 72 77 
56 28 57 94 21 90 11 72 73 3 81 91 55 12 12 40 3 75 46 79 93 4 81 67 55 42 70 60 16 93 89 23 20 97 16 41 86 79 64 11 81 96 1 87 7 12 26 61 39 23 39 31 26 71 
98 32 12 19 44 79 64 32 53 35 28 69 27 66 99 90 28 31 85 28 17 43 91 42 3 29 17 93 12 42 64 61 26 75 79 69 6 94 100 58 29 79 78 55 96 76 45 23 6 81 2 22 76 93 
16 30 73 32 23 84 25 86 44 50 12 75 70 17 68 69 27 48 100 4 3 95 32 99 70 37 31 71 11 6 63 78 88 36 9 10 71 85 95 15 87 58 41 56 27 60 77 53 8 76 8 10 22 39 
60 43 28 90 14 38 48 28 15 35 15 75 44 86 11 90 52 49 99 92 5 25 51 33 29 10 60 89 19 81 79 30 76 6 20 89 95 67 68 61 53 83 87 96 20 50 37 71 98 87 14 2 12 16 
34 92 26 45 80 96 26 59 26 53 16 97 41 63 63 60 75 15 42 14 62 13 63 50 83 60 36 48 14 99 16 99 91 41 44 22 88 21 32 65 73 100 61 65 62 23 24 88 89 18 1 2 30 63 
3 65 23 91 64 88 89 79 38 31 71 81 5 59 53 36 23 25 35 36 41 48 58 17 36 99 34 36 52 15 51 55 79 73 45 43 12 85 73 49 68 44 82 72 54 34 7 28 11 94 63 51 41 73 
67 28 71 52 16 74 67 66 80 45 90 76 39 1 61 12 1 28 55 82 99 60 16 57 87 26 50 50 28 43 22 95 22 44 46 37 17 12 2 97 9 91 72 99 43 84 10 44 63 16 25 13 27 92 
22 14 69 23 63 97 65 36 43 39 79 88 75 47 52 77 95 12 19 67 10 62 2 72 57 17 39 81 29 66 25 50 79 93 73 93 89 89 28 31 27 58 71 54 4 74 82 99 37 100 17 46 13 70 
69 69 86 8 2 67 25 26 16 55 70 40 47 11 81 26 93 59 83 15 64 38 88 45 88 24 97 4 22 61 26 90 30 11 49 83 77 25 60 45 79 29 36 25 39 68 2 84 27 84 98 90 74 86 
87 61 61 83 17 34 43 42 76 24 52 24 6 81 49 65 25 27 46 12 4 84 80 5 67 58 41 17 47 14 2 85 26 14 67 42 48 62 83 23 37 87 98 43 67 46 59 43 25 4 6 80 40 85 
84 58 42 24 74 41 89 27 25 15 93 44 8 40 57 91 62 93 29 11 87 47 9 98 41 33 1 46 64 92 83 47 2 24 23 27 16 63 54 93 77 46 36 37 37 44 27 50 36 7 60 75 53 68 
72 45 52 72 90 15 16 72 62 69 48 36 95 63 98 100 55 27 97 42 63 33 85 41 82 73 99 94 47 3 61 18 47 13 41 36 27 8 60 40 76 59 27 71 21 25 70 28 3 67 21 17 51 6 
9 85 30 7 78 76 9 38 45 55 2 85 42 29 45 53 20 20 11 47 90 84 23 12 11 77 30 83 93 32 40 53 16 69 59 45 96 19 83 40 25 36 77 18 16 21 71 36 40 81 82 82 16 56 
93 78 32 74 61 24 5 100 76 21 69 86 65 64 4 99 56 80 35 32 97 50 52 67 37 91 100 18 24 15 25 16 45 56 89 5 31 94 4 6 66 24 43 82 40 98 81 95 77 67 26 74 68 29 
92 5 71 43 74 95 58 99 62 2 54 3 58 85 48 13 42 13 89 37 94 28 34 26 74 63 92 51 88 60 79 79 64 1 74 37 95 83 35 9 36 41 11 93 25 58 5 18 22 93 54 15 72 88 
93 45 2 84 95 89 43 25 19 58 26 92 47 72 74 33 80 9 73 42 53 49 99 58 67 72 2 20 39 26 59 31 70 60 14 17 48 9 41 19 66 18 10 64 90 84 97 21 44 69 63 97 18 13 
6 36 85 59 55 23 84 66 53 54 77 18 70 25 26 62 43 44 80 4 7 21 39 3 41 83 24 55 79 41 68 36 28 4 94 82 78 78 99 30 31 76 47 52 52 25 65 46 20 96 49 26 16 88 
81 9 22 4 63 52 96 30 87 23 85 80 56 62 57 55 91 39 82 90 42 33 66 59 78 85 54 78 62 22 17 42 30 38 97 92 89 92 74 27 14 58 7 22 20 15 76 62 6 57 3 47 41 20 
57 18 4 11 95 66 84 12 59 13 1 56 4 90 47 29 68 13 87 74 34 58 89 61 19 46 69 74 44 9 93 1 78 49 63 24 14 46 87 24 58 88 79 13 29 78 42 96 42 80 22 27 37 62 
39 7 7 7 80 50 67 73 50 44 73 12 67 38 9 54 61 18 93 92 31 21 21 24 16 14 3 89 40 39 50 78 45 56 36 77 6 2 1 55 45 73 19 63 10 79 16 70 97 60 13 27 80 33 
50 48 46 52 36 37 42 86 14 38 41 1 14 98 2 14 53 98 86 23 61 95 1 28 17 97 88 29 75 19 62 76 66 7 79 54 44 20 39 9 58 31 10 23 29 63 37 33 61 74 7 73 69 59 
52 85 56 91 13 82 10 26 58 27 85 36 80 80 8 70 40 17 53 1 39 81 64 27 65 76 1 71 100 21 29 51 5 36 94 69 70 55 47 79 81 31 66 13 10 73 82 1 41 86 2 32 66 65 
10 82 92 10 4 91 30 33 93 86 20 86 7 41 40 53 19 73 35 85 85 44 9 18 96 50 4 97 33 21 61 42 3 4 52 6 94 33 90 39 19 62 76 77 2 68 29 73 40 63 57 76 58 65 
93 53 66 48 50 98 69 62 92 23 18 95 80 11 27 22 1 97 83 77 73 36 44 53 8 83 15 16 10 24 33 2 77 98 2 78 48 70 91 91 44 8 85 23 71 11 96 71 60 78 99 32 66 42 
37 25 76 51 93 85 27 25 39 55 74 40 84 73 61 74 63 56 34 47 78 56 10 74 78 69 3 77 52 20 70 40 97 98 43 89 34 69 65 24 23 90 15 6 63 75 31 77 82 16 76 60 71 37 
85 1 57 39 29 60 11 50 100 59 47 42 99 33 10 15 56 84 4 71 89 18 97 19 47 79 35 22 90 57 58 26 9 66 16 37 25 78 87 24 36 85 17 86 17 26 100 25 9 4 47 49 21 95 
20 67 25 6 40 66 62 49 91 71 14 59 59 39 88 45 14 76 82 31 61 98 8 61 74 69 16 20 69 88 15 88 7 91 93 46 57 7 47 99 29 60 57 87 50 97 84 16 72 17 98 84 14 57 
44 40 25 59 11 46 99 77 33 5 68 26 2 24 84 48 22 12 60 31 50 9 79 33 76 50 49 73 33 15 30 29 6 6 39 16 51 37 93 36 93 60 61 95 35 44 42 8 7 1 90 56 62 68 
41 37 17 41 62 2 7 43 30 12 100 20 28 3 9 72 38 1 83 50 95 17 45 37 24 51 89 14 6 50 81 98 39 50 39 100 3 45 42 84 57 41 3 36 43 11 7 80 12 89 81 6 57 25 
94 80 75 35 45 33 84 78 30 22 27 20 73 81 65 14 64 73 7 66 8 1 29 66 81 40 54 13 97 62 38 43 41 12 77 38 96 12 15 78 86 93 97 58 73 13 72 88 85 30 53 44 30 81 
9 62 72 14 75 21 75 12 15 68 75 91 57 71 2 71 100 39 15 96 97 39 61 20 26 97 49 30 41 78 63 1 40 34 67 14 6 93 77 20 12 51 10 68 73 64 38 72 2 4 20 50 42 32 
69 19 28 17 49 68 47 11 21 38 96 87 3 2 31 79 73 43 81 83 10 54 98 100 77 51 3 48 1 97 79 21 15 7 90 15 26 36 25 46 73 73 84 75 74 15 5 46 57 85 80 66 38 29 
65 67 32 20 14 84 16 93 4 82 51 93 49 76 80 73 22 52 97 5 78 70 71 82 68 27 67 99 93 56 80 9 22 63 28 88 46 95 80 1 29 30 46 77 57 25 1 78 29 98 35 6 19 5 
40 38 32 6 37 76 13 68 36 35 30 64 74 27 10 5 79 38 86 24 66 42 1 67 20 29 64 6 86 82 62 25 20 45 82 8 20 95 27 8 81 56 23 54 34 32 58 12 22 43 36 87 84 88 
53 55 68 68 12 53 2 74 30 21 18 63 80 90 9 6 97 89 13 19 94 46 2 3 9 23 45 96 62 81 83 66 87 50 34 99 55 35 72 36 7 89 50 86 30 59 43 26 99 7 44 45 4 46 
47 12 20 44 8 81 24 42 47 62 44 32 60 50 66 83 37 72 24 86 9 53 96 3 79 95 9 74 39 12 71 37 75 91 80 82 23 55 76 21 17 71 52 28 20 17 11 56 40 86 93 100 38 89 
2 68 35 10 94 25 73 64 61 48 6 41 81 81 95 56 1 63 26 53 91 97 21 53 52 61 38 97 12 27 85 14 47 71 23 40 95 48 55 55 95 13 47 75 93 42 83 45 4 60 97 46 57 70 
98 60 82 87 56 93 14 92 6 60 62 81 51 56 28 57 11 22 69 57 48 13 50 30 58 6 42 6 51 98 75 1 57 56 87 65 1 100 56 6 11 18 86 61 73 65 18 35 38 38 44 86 51 93 
67 8 50 8 13 1 57 88 53 66 95 39 30 95 39 85 53 1 54 90 62 79 55 31 13 92 68 56 29 18 1 48 25 50 7 90 2 64 29 54 29 23 45 10 70 83 46 22 35 100 11 96 78 65 
78 42 9 46 50 37 15 2 36 92 51 43 81 5 6 9 10 86 83 54 47 52 88 92 73 23 43 84 70 72 100 100 14 8 45 15 97 11 16 32 54 18 26 34 74 83 94 84 20 29 89 66 80 29 
10 5 3 52 40 24 76 91 23 41 51 19 55 47 30 70 30 83 39 56 69 13 90 14 48 10 42 36 75 74 16 36 30 18 40 21 94 15 11 16 55 61 35 61 59 16 82 41 50 20 96 70 32 37 
84 79 46 77 67 73 2 82 8 83 52 47 3 45 61 14 12 67 26 98 27 85 13 8 25 15 28 72 84 11 8 19 90 6 96 8 78 49 41 85 32 44 32 34 40 44 99 52 11 25 49 89 61 14 
49 37 28 76 8 63 86 67 82 27 72 29 86 49 77 27 86 60 22 69 94 62 12 44 13 74 20 13 15 80 78 63 16 57 90 75 72 27 42 53 6 65 33 91 66 9 69 51 21 91 71 66 52 34 
0 1 1 0 1 1 1 1 1 1 1 0 1 0 0 0 0 1 1 0 0 0 1 0 0 1 0 0 0 1 1 0 0 0 0 0 1 0 1 0 1 0 0 0 1 1 1 1 0 0 0 0 0 1 
1 0 0 1 0 0 1 1 0 1 0 1 1 1 1 0 0 0 1 0 0 0 1 1 1 0 1 1 0 1 0 1 1 0 1 1 0 0 1 1 1 1 0 1 0 1 1 0 1 0 1 1 0 0 
1 0 0 0 1 1 0 0 0 1 0 1 1 1 1 0 0 1 1 0 0 1 1 1 0 0 0 1 1 0 1 0 0 0 1 0 1 1 0 1 0 0 1 1 1 0 1 1 1 0 1 1 0 0 
1 0 0 1 1 0 1 0 0 0 0 1 0 1 0 0 1 1 0 0 0 0 0 0 1 0 0 1 1 0 1 0 0 0 1 1 0 1 0 0 1 0 0 1 0 0 1 1 1 1 1 0 1 1 
0 1 1 0 0 1 1 1 1 1 1 1 1 1 0 1 0 1 1 0 0 1 0 1 0 0 0 1 0 0 1 0 1 0 0 1 1 1 0 1 1 0 0 0 1 0 1 1 1 0 1 1 0 0 
0 0 0 0 0 0 0 1 0 1 1 0 0 1 0 1 0 1 1 0 1 0 0 0 0 1 0 1 0 0 1 0 1 1 0 1 1 1 0 1 0 1 0 1 0 0 0 0 1 1 0 0 1 0 
0 1 1 0 1 1 1 0 1 0 0 0 1 1 1 1 1 1 0 1 0 1 1 0 1 0 1 0 0 1 0 0 0 0 0 1 1 1 0 1 1 0 1 0 1 0 1 0 1 0 1 0 1 0 
0 0 0 0 0 0 1 1 0 1 1 1 1 0 0 1 1 0 1 0 0 0 0 0 1 0 0 0 0 1 1 0 1 1 0 0 0 1 1 0 1 0 1 0 0 0 1 0 0 0 0 0 0 1 
0 1 1 0 0 1 1 1 1 1 0 0 1 0 1 0 1 0 0 0 0 0 0 1 0 0 1 1 1 0 0 1 1 1 0 1 0 1 0 1 0 1 1 1 1 1 1 0 1 1 1 0 0 1 
1 0 0 1 1 1 1 1 0 0 0 0 0 0 0 0 0 0 1 1 0 1 0 1 1 0 1 0 0 1 0 1 1 0 0 1 1 1 0 1 0 1 0 0 1 0 0 1 0 0 1 0 1 1 
0 0 1 1 1 1 0 1 1 1 1 1 0 0 1 1 1 1 0 1 1 1 1 1 1 0 1 0 0 0 1 0 1 1 1 0 0 1 1 1 1 0 1 1 0 0 0 1 1 0 1 0 0 0 
1 1 0 1 1 1 1 0 1 0 1 1 0 0 0 1 1 1 1 0 1 1 0 1 1 1 0 0 1 0 0 1 1 1 0 0 0 1 0 1 0 0 0 0 0 1 0 1 0 1 0 1 1 0 
1 0 0 1 0 1 1 0 0 0 1 0 0 1 0 0 1 0 0 1 0 0 0 0 0 1 0 0 0 1 0 1 1 0 0 1 0 1 1 0 1 1 1 1 0 1 0 1 1 0 1 1 1 1 
0 1 0 0 1 1 1 1 0 0 0 1 1 0 0 0 0 0 1 1 1 0 0 1 1 1 0 0 1 1 0 1 0 0 1 1 1 0 0 0 0 0 1 1 0 1 1 1 1 1 0 1 1 1 
0 0 0 0 1 1 1 1 0 1 1 1 0 1 1 1 1 1 1 0 0 0 1 0 1 1 1 1 0 0 0 0 0 1 1 1 0 0 0 1 0 0 0 0 1 0 1 0 1 1 0 0 1 1 
0 0 0 1 1 0 1 0 1 1 1 0 1 1 0 1 0 0 1 1 1 0 1 0 0 0 1 0 0 0 0 0 0 0 1 0 1 0 0 0 0 1 0 1 0 0 0 1 1 0 0 0 0 1 
0 1 1 0 1 0 0 1 0 1 0 0 1 1 0 1 1 0 0 1 1 0 1 0 1 0 0 1 0 0 0 1 1 0 1 1 0 1 0 0 0 0 0 1 1 1 0 0 1 0 1 1 1 1 
1 0 1 1 0 0 1 0 1 1 0 0 0 0 1 0 1 0 1 1 1 0 0 0 1 0 0 0 1 1 1 0 0 1 1 0 1 0 0 0 1 1 0 1 1 1 0 0 1 1 0 1 1 0 
1 0 0 1 1 1 1 0 1 1 1 0 1 0 1 1 0 0 0 0 0 0 0 0 0 1 1 0 0 0 1 1 1 1 1 0 1 0 0 0 1 0 1 0 0 0 1 1 0 0 1 0 0 1 
0 0 1 1 1 1 0 0 1 1 1 0 1 0 0 1 1 1 1 0 1 0 0 0 1 0 0 0 1 0 0 1 1 1 1 0 0 1 0 1 0 1 1 1 0 1 0 1 0 0 1 1 0 1 
0 1 1 0 1 0 1 1 0 0 0 1 0 1 0 0 0 0 1 0 1 1 1 1 0 0 1 1 1 1 0 1 0 0 0 0 0 1 1 0 1 0 1 1 1 1 1 1 1 0 1 0 0 1 
0 0 1 1 0 0 1 0 0 1 0 0 1 1 1 1 1 0 1 1 1 0 0 0 1 0 0 1 0 0 0 0 1 1 0 1 1 1 1 1 0 0 1 0 1 0 1 0 0 0 1 1 0 0 
1 1 0 0 0 0 0 0 1 1 1 1 0 1 0 0 0 0 0 0 0 1 0 1 1 1 1 1 0 1 1 0 1 1 0 1 1 0 0 0 0 1 1 0 0 1 0 1 0 0 1 0 1 1 
0 1 0 1 0 1 1 1 1 0 0 1 1 1 1 1 0 1 1 1 0 1 1 0 0 1 1 1 1 0 1 1 1 1 1 1 0 0 0 1 0 0 0 1 0 0 1 0 1 0 1 1 1 0 
0 0 1 1 1 1 1 0 0 1 0 1 0 0 1 1 0 1 1 0 1 1 0 0 1 0 0 1 1 1 1 1 1 1 0 1 0 0 1 0 1 1 0 1 0 1 0 0 1 0 0 0 1 1 
0 1 1 0 0 0 1 1 0 1 0 0 0 0 0 1 1 1 1 1 1 1 0 1 1 1 1 1 1 1 0 1 0 1 1 0 0 1 1 0 0 0 0 0 0 1 1 1 0 0 0 1 1 1 
1 0 0 0 0 0 1 0 1 1 0 1 1 0 0 1 0 0 1 0 0 1 1 1 1 0 0 1 1 1 0 0 0 1 1 0 1 0 0 0 0 0 1 1 0 1 0 0 1 1 1 1 1 0 
1 0 0 1 1 0 0 0 0 0 1 1 0 0 0 1 0 0 1 0 1 0 1 0 0 1 1 1 0 0 0 1 0 0 0 0 0 1 0 1 1 1 0 0 1 0 1 1 0 0 1 0 0 1 
0 1 0 1 0 0 0 0 0 0 1 0 0 1 1 0 0 1 1 1 1 0 1 0 0 0 0 1 0 1 0 0 0 0 1 0 1 1 1 1 0 0 1 0 1 1 1 0 0 0 1 1 1 0 
1 1 0 1 0 0 0 1 0 0 1 0 1 0 1 0 1 1 0 1 0 1 0 1 1 0 1 0 1 0 1 0 1 1 1 0 0 0 1 0 0 0 0 1 1 0 1 0 1 1 1 1 1 1 
0 0 1 0 1 0 0 0 0 0 1 0 0 1 0 1 0 0 1 0 0 0 0 1 1 0 1 0 1 0 0 0 0 1 0 1 0 0 1 0 0 1 0 0 0 0 1 0 1 1 1 1 1 1 
0 0 1 1 1 1 1 1 1 0 0 1 1 0 1 1 1 0 0 1 0 0 0 0 1 1 1 0 0 0 1 0 1 1 0 0 0 1 1 1 1 1 0 1 0 1 0 1 1 0 0 0 0 0 
0 1 1 1 1 1 1 1 0 0 0 0 0 0 1 1 1 1 1 1 0 1 0 0 0 0 0 0 0 0 1 0 0 0 1 1 0 0 0 0 1 0 0 1 0 1 1 1 0 0 0 0 1 1 
0 1 1 0 1 1 1 0 1 1 1 0 0 1 0 1 1 1 1 1 1 0 0 0 1 1 0 0 1 1 1 0 0 0 0 1 1 1 0 0 0 1 0 1 0 0 0 1 0 1 0 1 1 0 
1 1 1 1 1 1 0 0 1 0 0 1 1 1 1 1 1 1 0 1 0 0 1 0 1 1 0 1 0 1 0 1 0 1 0 1 0 0 1 1 0 1 1 0 0 0 1 1 1 0 0 0 0 0 
0 0 1 0 1 0 0 1 1 0 1 0 0 1 0 1 1 1 1 0 1 1 0 0 1 1 0 1 1 1 1 0 1 1 0 0 1 0 0 0 1 1 0 1 0 1 0 1 0 1 1 1 1 1 
1 0 1 0 1 0 1 1 0 0 0 1 0 1 1 0 1 0 1 0 1 0 1 0 1 1 1 1 0 0 0 1 0 1 1 0 0 0 1 0 0 1 1 1 0 1 1 1 1 1 1 1 1 0 
1 0 1 0 1 1 1 0 1 1 1 0 1 1 1 0 0 1 1 1 0 1 0 0 1 0 1 0 1 0 1 0 0 0 0 0 0 1 0 1 1 1 1 0 1 0 1 1 0 0 0 0 0 1 
0 1 1 1 1 0 1 0 0 0 1 0 0 1 0 0 0 1 1 1 1 0 0 0 1 0 1 0 0 1 1 1 0 0 0 1 0 0 0 0 0 1 0 0 0 0 0 0 1 1 1 1 0 1 
1 1 1 0 1 0 1 0 1 1 0 1 1 0 1 1 0 1 0 1 1 0 1 1 0 1 1 1 0 1 1 1 0 0 0 0 0 1 0 1 1 1 1 0 1 0 1 0 0 1 1 1 1 0 
1 1 1 0 0 1 1 1 1 1 0 1 1 0 0 0 0 1 1 1 1 0 1 0 0 1 1 1 1 0 0 0 1 1 0 0 1 1 1 0 0 1 1 0 0 1 0 0 1 1 1 0 1 0 
1 0 0 0 1 1 1 1 1 0 1 1 0 0 0 0 0 0 1 1 0 1 0 0 1 1 1 0 0 1 1 1 1 1 1 0 0 0 0 1 1 1 0 1 1 0 1 1 0 1 0 1 0 0 
1 0 0 1 0 0 0 1 1 1 0 0 1 0 1 1 1 0 0 1 1 1 1 1 0 0 0 0 1 0 1 0 0 1 1 1 1 1 0 0 0 1 0 0 1 1 1 1 1 0 0 1 1 0 
0 0 0 0 0 1 0 1 1 1 0 1 0 1 0 0 1 1 1 0 1 1 1 0 0 1 0 0 0 0 0 0 0 0 0 0 1 0 0 1 1 0 0 1 0 0 0 1 1 1 1 0 0 1 
1 0 0 1 1 0 1 1 0 1 0 0 0 1 0 0 0 0 0 0 1 0 1 1 0 0 1 1 1 1 0 0 0 0 1 1 0 1 0 0 0 0 0 0 0 1 0 0 1 1 1 0 1 0 
0 1 0 1 1 1 0 1 1 0 0 1 1 0 0 0 1 0 0 1 1 0 0 1 1 1 0 0 0 0 0 0 1 0 1 0 0 1 0 1 0 0 0 1 0 0 1 1 1 0 1 0 0 1 
1 1 1 0 1 1 0 1 1 1 0 0 0 0 1 0 1 1 0 0 1 0 0 0 0 1 0 1 1 1 0 1 0 1 1 0 0 1 1 1 0 1 1 0 1 1 0 1 0 0 1 1 1 1 
0 1 1 0 0 0 1 0 1 0 0 0 0 0 1 1 0 0 1 1 0 0 0 1 1 1 1 0 0 0 0 0 1 1 1 1 1 0 0 1 0 0 1 0 0 1 0 0 1 1 0 1 1 0 
0 1 1 0 1 0 0 1 0 0 0 1 1 0 0 1 1 0 1 0 1 0 1 1 0 0 0 0 0 1 1 0 0 0 0 0 0 1 1 1 1 0 0 0 0 0 0 1 1 1 1 0 1 1 
1 0 1 1 0 1 0 1 0 1 0 0 1 0 1 0 1 0 0 0 1 0 0 1 1 1 0 1 1 0 0 0 0 1 1 0 1 0 0 1 1 0 1 0 0 1 0 0 1 1 0 0 1 0 
1 1 0 0 0 1 0 0 0 0 1 1 0 0 1 0 1 0 0 1 0 1 0 1 1 1 0 1 0 1 1 1 0 1 1 0 1 1 0 1 1 0 0 0 0 0 0 0 0 1 1 1 0 1 
0 1 0 0 0 0 1 1 0 0 1 1 0 0 1 1 1 0 1 1 0 1 1 1 1 0 0 0 1 0 1 1 1 0 1 1 0 0 0 0 0 1 0 1 1 1 0 0 1 1 0 0 0 1 
1 0 1 1 0 0 1 0 1 0 0 0 1 0 1 1 1 1 1 1 0 0 0 0 1 1 1 1 1 0 0 0 0 0 1 0 0 0 0 0 0 0 0 1 1 1 1 0 1 0 1 1 0 1 
0 1 0 1 0 0 1 1 0 1 1 0 0 1 0 0 1 1 1 0 0 0 1 1 0 0 1 1 0 0 0 0 1 0 1 0 0 1 1 1 0 0 1 0 1 1 1 1 0 0 1 1 0 0 
0 0 1 0 1 1 0 1 1 1 1 0 1 0 1 0 1 0 0 0 0 0 1 1 1 0 1 0 1 1 0 1 1 1 1 0 0 1 1 1 1 1 0 0 1 1 1 0 1 1 0 0 1 1 
1 0 1 1 0 0 0 1 0 0 0 1 0 1 1 0 0 0 1 0 0 0 0 1 0 1 1 0 1 0 1 1 1 1 0 1 1 0 0 1 0 1 1 1 0 0 1 0 0 0 1 0 0 1 
0 0 0 1 0 0 1 1 1 0 0 1 0 0 1 0 1 0 1 0 1 1 0 0 0 0 0 1 1 0 0 1 0 0 0 0 0 1 1 1 0 0 0 0 0 0 0 1 0 0 0 1 1 0 
