54 58 293
100 100 99 82 54 84 69 44 12 78 83 32 61 24 87 57 12 80 89 18 49 10 33 100 95 75 67 88 34 6 52 33 57 3 66 11 86 34 6 49 63 40 32 24 15 19 32 27 98 72 44 98 81 29 50 75 3 16 
14 88 73 18 20 29 20 85 91 57 70 48 57 32 88 88 7 2 6 90 80 56 62 76 5 94 4 54 21 58 21 34 45 93 3 16 22 74 52 64 30 73 12 38 56 51 26 15 52 83 4 84 90 17 59 95 63 14 
100 83 23 21 68 19 13 23 34 86 96 37 2 78 61 13 15 16 15 40 82 18 23 38 1 12 54 59 58 68 24 10 2 46 30 70 64 94 92 49 80 39 37 81 16 97 45 31 65 59 22 46 28 96 83 29 60 89 
39 17 56 63 26 58 60 7 79 24 1 22 24 32 60 61 64 76 57 8 58 21 18 79 67 45 75 49 25 34 37 64 2 45 78 80 2 37 86 80 60 86 1 36 69 12 96 32 87 52 39 44 25 8 75 43 5 1 
43 29 34 32 44 35 76 21 66 77 58 52 8 69 89 60 4 58 71 99 89 58 3 80 53 27 39 79 21 43 79 63 24 12 94 67 99 69 88 16 97 97 67 56 65 56 15 21 65 86 19 53 95 73 84 99 51 23 
78 71 17 56 86 92 20 79 59 70 100 98 85 48 94 4 4 10 59 18 30 75 3 1 79 97 25 63 96 28 37 25 98 5 32 35 97 51 14 7 72 65 4 57 12 49 60 15 10 70 85 92 96 87 44 74 36 68 
88 83 95 76 59 45 81 90 79 77 41 44 83 12 8 38 20 72 86 31 86 47 100 22 38 47 9 81 21 96 1 8 30 95 36 88 91 16 77 22 44 69 65 78 33 25 15 52 96 52 83 33 50 34 55 88 81 15 
68 53 62 20 12 91 15 47 78 57 14 6 78 57 75 95 86 7 19 52 10 14 55 44 98 5 30 52 92 62 18 11 14 79 31 77 69 97 24 98 53 89 4 83 98 30 77 83 36 47 35 97 60 89 41 57 45 70 
61 36 83 78 99 96 57 29 24 77 77 99 75 81 88 30 63 85 59 91 67 46 37 53 42 48 94 34 57 38 55 69 26 37 46 24 84 54 4 8 31 80 6 57 12 93 86 27 29 44 17 96 41 6 100 82 53 93 
68 61 31 74 29 56 11 75 31 46 80 34 53 10 65 11 18 28 55 3 54 84 98 71 31 38 28 82 72 32 75 39 93 57 12 21 12 74 47 94 20 79 79 24 40 95 86 58 22 41 60 76 76 58 98 58 47 25 
39 18 56 65 8 100 21 72 21 32 45 19 77 16 97 55 92 37 49 77 94 23 69 5 98 96 14 47 5 61 71 44 78 78 8 86 78 29 9 50 12 53 68 41 21 17 95 12 5 96 40 98 18 9 54 67 4 68 
13 9 28 35 4 5 12 63 42 89 43 50 90 7 55 58 47 75 26 93 38 30 88 77 79 57 85 32 75 41 99 39 1 78 73 56 83 37 18 76 77 13 78 67 19 32 76 17 58 1 9 95 30 49 23 60 57 8 
91 32 100 42 22 52 19 95 7 53 83 76 29 59 88 6 77 58 89 52 74 46 4 83 92 85 31 14 44 39 73 87 22 72 28 44 75 98 90 81 51 72 57 31 82 96 88 59 54 76 62 27 73 66 61 16 2 43 
81 46 82 54 32 3 77 11 46 52 8 35 84 10 58 40 40 40 88 27 50 41 54 11 19 78 28 80 93 30 22 74 27 3 79 10 6 55 20 3 58 79 38 42 89 47 33 28 86 20 7 87 60 12 50 31 90 77 
10 34 58 31 59 84 86 37 93 91 44 64 45 1 43 82 94 31 81 27 10 66 46 16 5 58 28 54 88 69 30 49 2 40 79 61 75 16 49 68 58 92 83 3 45 25 36 38 7 16 64 17 34 62 84 38 19 11 
91 58 79 20 6 33 11 36 45 86 52 93 5 61 85 87 63 29 64 99 66 70 14 82 38 47 43 22 84 13 84 26 70 15 46 27 47 8 62 91 93 65 83 97 78 19 84 40 99 47 90 17 68 56 98 6 54 40 
27 38 52 10 15 73 24 60 99 22 68 12 12 12 29 47 9 6 17 92 45 16 90 87 84 57 42 81 62 95 72 40 84 23 50 99 47 25 10 45 47 29 8 10 41 36 8 49 41 77 40 38 92 81 24 75 37 17 
7 51 11 78 90 95 52 39 93 98 16 2 94 14 31 1 75 71 37 83 71 29 59 62 18 2 42 93 28 78 9 34 28 20 63 70 66 66 60 58 63 75 11 8 88 93 8 15 15 96 97 85 25 7 98 94 60 39 
87 87 69 95 72 48 66 86 17 31 51 77 40 13 3 3 20 43 47 79 57 62 75 5 98 51 11 96 96 70 86 82 8 54 29 31 2 46 16 70 29 18 98 68 82 1 22 53 43 69 31 99 82 57 55 31 7 65 
26 3 86 64 36 45 17 16 75 70 62 42 92 90 59 89 9 40 89 31 44 83 51 74 81 32 31 35 62 89 51 40 43 88 3 31 32 71 46 58 93 7 51 84 48 61 72 9 52 13 91 95 95 41 69 28 24 51 
14 37 91 17 76 34 4 30 64 88 53 61 45 45 20 48 80 67 8 3 75 60 15 65 6 62 57 74 89 80 76 54 17 67 70 44 52 26 74 15 13 78 27 9 74 46 56 53 13 16 7 39 27 22 56 32 35 12 
58 75 92 33 28 60 51 50 3 2 75 28 68 87 5 95 95 78 40 3 30 4 18 37 95 96 10 50 27 44 61 84 70 4 69 97 63 71 46 66 25 20 93 92 58 50 38 53 27 30 7 9 85 76 97 79 71 6 
28 49 1 89 85 70 92 53 18 7 75 16 24 99 35 16 91 45 17 80 97 44 9 55 52 94 30 48 72 52 5 52 100 57 40 84 26 83 88 95 41 63 10 64 61 97 32 3 41 48 35 89 91 43 43 94 88 24 
41 12 75 97 63 26 53 54 10 30 88 49 25 29 11 86 92 24 82 23 78 22 71 12 62 13 55 4 7 94 79 99 57 5 96 19 31 100 24 92 30 12 40 6 40 3 91 83 78 73 6 55 46 28 67 8 92 73 
63 50 18 42 49 75 98 96 45 28 95 69 71 76 80 63 81 71 65 72 53 42 96 10 96 41 89 14 48 81 86 63 30 4 4 30 30 1 77 74 81 24 42 51 99 73 13 80 43 29 51 48 22 46 9 70 38 98 
83 38 30 21 100 59 76 55 41 5 7 17 78 87 40 20 90 39 44 54 70 39 35 72 86 56 69 94 25 6 43 60 43 72 80 42 83 55 48 23 11 55 91 88 93 83 59 34 73 3 40 42 41 74 13 78 29 33 
23 6 38 66 65 33 37 96 74 71 2 74 93 12 28 36 99 72 18 10 6 90 12 45 31 4 18 95 81 98 27 55 55 16 20 71 48 9 66 74 79 19 47 24 30 26 59 81 97 76 42 54 65 53 98 47 8 67 
93 88 17 71 94 71 86 14 42 86 74 59 59 52 78 5 27 59 82 85 91 78 60 32 84 76 36 33 74 43 100 18 82 68 88 76 90 26 41 31 11 14 42 69 17 71 25 44 81 6 28 72 35 40 55 18 67 91 
51 41 85 2 10 67 21 50 94 10 75 34 93 37 47 34 57 63 4 33 58 84 38 86 7 24 25 62 94 43 4 96 35 88 49 45 6 69 94 99 78 20 84 70 8 30 55 64 45 10 96 2 94 85 39 52 8 15 
65 53 58 68 48 92 8 96 88 65 16 33 16 46 52 99 67 11 81 22 74 25 31 21 78 76 5 17 28 65 83 92 69 40 12 17 84 71 64 71 35 80 4 2 77 7 1 43 70 33 64 43 9 47 16 86 22 72 
54 1 88 37 45 57 28 56 25 11 78 40 34 64 71 89 66 47 47 18 90 16 50 5 11 58 51 26 95 25 49 49 25 37 37 69 45 64 76 21 27 53 60 60 17 31 48 82 29 94 99 18 10 100 75 72 57 25 
97 51 1 97 99 26 33 87 46 29 51 22 49 77 26 9 88 42 91 35 75 19 80 25 89 41 24 63 12 80 39 60 31 40 57 81 17 41 68 62 70 70 35 70 98 61 30 85 54 20 71 29 91 50 53 79 91 77 
41 54 8 79 14 38 70 22 71 86 62 90 48 83 59 82 5 56 94 34 92 48 6 62 76 96 11 80 74 53 8 66 7 16 96 72 5 66 93 75 51 6 64 50 41 74 84 45 81 77 78 72 76 83 85 3 30 96 
83 3 100 90 20 58 57 16 81 62 81 25 36 83 31 52 33 23 25 16 67 6 44 96 29 20 31 14 74 60 61 56 15 60 98 34 70 54 1 50 15 81 75 3 16 57 54 48 79 78 15 97 35 10 92 64 29 74 
77 3 86 37 10 52 48 59 85 69 13 86 19 79 18 45 81 33 1 34 32 31 64 46 27 98 56 70 13 36 96 89 90 81 77 52 32 77 10 68 45 74 5 15 53 23 11 33 7 11 19 39 41 82 36 19 31 43 
89 44 79 84 84 20 16 61 71 47 89 81 14 85 54 19 52 6 93 62 91 99 25 61 89 65 42 25 36 24 67 24 67 97 59 51 17 74 63 87 72 51 19 37 87 73 7 38 30 99 100 72 50 24 32 38 40 25 
14 75 49 81 50 67 29 8 17 45 33 79 84 4 81 2 41 68 26 47 57 56 98 56 79 47 31 63 36 71 87 50 97 87 82 99 54 10 58 70 7 91 1 90 46 33 91 38 52 69 37 9 76 34 16 54 32 47 
16 19 69 55 20 17 41 1 15 94 63 73 16 69 15 68 10 60 100 52 50 52 20 86 12 95 71 27 1 54 25 16 24 93 22 44 62 63 96 76 8 58 100 23 78 14 90 87 26 42 91 75 45 10 12 56 57 34 
34 57 39 59 24 62 3 46 5 64 60 1 40 67 58 39 90 88 5 31 74 82 24 64 56 68 26 19 23 82 4 57 90 42 67 65 3 69 62 8 33 21 8 24 88 17 14 29 4 18 11 30 99 35 45 6 54 22 
76 77 55 79 85 96 20 3 61 75 71 22 82 3 95 41 78 34 9 92 62 65 61 24 46 12 10 42 17 64 64 45 92 70 23 28 66 95 30 26 69 100 99 2 55 93 42 84 26 50 75 39 66 36 15 11 99 24 
53 15 39 68 11 30 37 34 57 2 80 38 27 48 90 78 49 96 70 42 79 48 43 6 86 9 93 100 19 91 76 23 5 14 90 68 44 27 1 52 80 32 42 59 79 31 36 79 26 5 72 56 4 14 61 90 74 53 
41 45 43 16 67 100 30 9 67 73 87 19 76 66 50 17 24 80 99 59 58 24 16 81 80 19 94 40 60 20 45 1 64 87 16 82 86 45 42 52 69 28 22 45 94 71 13 17 50 12 28 59 87 95 39 66 13 85 
58 25 4 2 25 19 88 40 100 26 85 42 29 5 69 51 49 14 73 14 83 23 25 10 81 11 56 20 29 20 56 86 44 59 39 68 77 78 60 28 55 96 21 84 100 42 86 1 55 58 14 89 80 38 98 13 100 5 
84 28 25 39 65 68 97 55 88 25 33 47 52 39 42 25 22 41 66 59 41 72 17 54 61 48 43 10 12 43 15 95 22 39 85 39 58 33 93 45 57 77 91 61 16 32 85 89 25 2 100 65 73 68 71 33 67 65 
43 79 59 57 25 81 47 10 71 4 42 15 49 51 92 39 63 59 23 47 99 47 48 98 63 72 65 85 5 32 50 47 62 8 55 86 40 1 47 10 4 41 77 52 91 68 43 53 78 17 51 28 63 50 26 77 21 42 
62 77 25 63 23 86 70 29 24 62 29 22 23 85 62 99 88 4 18 82 56 47 98 58 75 60 59 100 89 80 93 2 56 18 64 31 3 85 11 78 46 92 100 21 76 61 19 63 17 89 45 72 35 94 82 9 54 40 
60 94 71 53 95 79 70 58 61 24 94 71 54 92 62 53 12 37 65 82 52 81 70 48 5 5 41 38 65 46 77 25 39 48 29 85 78 98 94 38 73 88 8 26 79 70 30 42 58 47 23 9 27 45 8 83 1 1 
20 65 46 49 41 37 96 69 73 25 18 67 62 91 54 69 68 84 38 50 25 48 96 47 8 74 91 16 9 91 68 28 8 65 76 48 1 23 17 26 47 86 92 8 28 97 77 96 32 66 97 56 13 44 54 21 17 97 
88 25 39 55 5 46 19 32 46 72 55 14 97 53 99 40 61 27 88 89 74 19 6 22 26 71 65 79 43 33 27 30 58 66 36 14 63 6 45 60 77 99 73 25 52 24 16 64 50 3 4 75 73 61 96 98 31 60 
29 73 92 55 54 1 20 89 14 35 47 11 94 75 9 67 100 12 90 67 27 91 22 82 17 94 43 12 92 73 23 20 98 66 74 51 67 46 92 32 32 38 42 25 12 3 43 63 66 84 30 45 26 51 26 42 96 68 
5 87 93 27 58 90 45 84 92 63 81 83 94 12 72 88 36 84 42 31 98 7 14 79 3 40 81 29 81 77 48 86 15 40 64 25 81 8 8 73 70 40 7 16 51 79 3 38 14 96 68 11 54 82 42 57 73 22 
85 53 98 32 90 65 24 54 89 4 13 48 28 83 87 35 50 89 13 4 26 26 99 46 88 52 79 29 8 51 51 44 55 100 28 97 64 3 2 4 6 14 51 34 48 89 20 97 77 32 100 55 9 50 100 96 2 30 
25 61 32 27 5 86 26 84 82 42 86 83 45 91 49 48 76 96 36 95 45 13 78 96 19 86 46 70 82 47 99 58 59 30 36 63 67 13 98 1 6 83 83 51 26 83 50 53 31 85 48 75 49 77 70 67 63 15 
88 96 13 86 5 72 67 92 86 34 4 84 34 10 18 68 12 43 51 61 96 33 97 95 7 98 71 28 16 85 95 4 32 59 41 36 82 8 27 20 93 83 3 26 92 20 45 55 15 47 67 10 79 15 4 37 12 26 
0 1 0 0 0 1 0 0 1 0 1 1 1 1 1 1 0 0 0 1 0 0 1 0 1 0 1 0 0 0 0 0 1 0 0 1 1 1 0 0 1 1 0 0 1 1 1 1 0 1 0 0 0 0 1 1 0 0 
0 0 0 0 1 0 0 1 1 1 0 1 0 1 1 0 1 0 1 0 1 1 0 0 0 0 0 1 1 0 1 1 0 1 1 1 1 1 1 1 1 1 0 1 1 1 1 0 1 0 1 1 0 1 1 0 1 1 
1 0 1 0 0 1 1 1 1 1 1 0 0 0 1 0 1 0 0 0 1 1 0 0 0 0 1 1 0 0 0 1 0 1 1 0 1 1 0 0 0 1 0 0 1 1 0 0 0 0 0 1 0 0 1 0 1 0 
0 1 0 0 1 0 0 0 1 1 1 1 1 1 0 1 1 1 0 0 1 0 0 1 1 0 1 0 1 0 0 1 0 0 1 1 1 1 1 0 0 1 1 1 0 1 0 0 0 1 0 1 1 0 0 1 1 1 
1 0 0 0 1 0 0 0 1 1 0 0 1 0 1 0 0 0 1 0 0 1 1 0 0 1 0 0 0 1 0 1 1 0 1 0 0 0 1 1 1 1 1 1 1 1 1 1 1 1 0 1 0 1 1 1 0 1 
1 0 1 1 0 0 1 1 1 1 1 0 0 1 1 0 0 0 1 1 0 0 0 0 1 1 1 0 0 0 1 1 0 0 1 0 1 0 0 0 0 1 0 0 0 1 0 0 1 1 0 1 1 0 1 0 1 1 
0 1 1 0 1 1 0 0 0 1 0 0 1 0 1 1 1 0 0 1 0 0 1 0 1 0 1 1 1 0 0 1 0 1 1 1 0 0 1 0 1 1 0 1 0 0 0 1 0 1 0 0 1 1 1 0 0 0 
1 1 0 1 0 0 0 0 1 1 0 0 1 1 0 0 0 0 0 1 1 0 0 1 0 1 1 1 1 1 1 1 0 0 0 0 0 1 0 0 0 0 0 1 0 0 1 0 0 1 1 1 1 1 1 0 0 0 
1 0 1 1 1 1 1 1 1 1 0 0 1 0 0 0 0 0 0 1 1 1 1 0 0 0 0 1 0 0 1 0 0 0 1 1 1 0 1 1 1 1 1 1 0 1 1 0 0 1 1 1 0 0 1 1 1 1 
0 1 0 0 1 0 0 0 0 0 0 1 1 0 0 0 1 0 1 0 0 1 1 0 0 0 0 0 1 1 1 1 1 1 1 0 0 0 1 0 0 1 1 1 1 1 1 0 0 0 0 0 0 0 0 0 0 1 
0 1 0 0 0 1 1 0 0 1 0 1 1 0 0 0 1 0 0 0 0 0 0 1 0 0 1 1 1 1 0 1 0 0 1 0 0 1 0 0 0 0 1 0 0 1 0 1 1 0 1 0 0 0 1 1 0 0 
0 1 1 0 1 1 0 0 1 0 1 0 0 0 0 1 0 1 1 0 0 0 1 0 0 1 0 1 0 0 1 0 0 0 0 1 1 1 1 1 1 1 1 0 1 1 1 1 0 0 1 1 1 0 1 1 0 1 
1 0 1 0 1 1 1 1 0 0 0 0 1 0 1 0 0 0 0 1 1 0 0 0 1 1 1 0 0 1 1 1 1 1 0 0 0 1 0 1 1 0 1 1 0 0 1 0 0 1 0 1 0 0 1 1 1 0 
0 1 1 1 1 1 0 1 1 1 0 1 0 1 0 1 0 0 1 0 1 1 1 1 0 1 1 1 1 0 0 1 1 1 0 0 0 1 1 0 0 1 1 0 1 1 1 1 0 0 1 1 1 1 0 1 0 1 
0 1 1 0 0 0 0 1 1 0 0 0 0 0 0 0 0 1 1 1 0 1 1 0 0 0 1 0 1 1 1 1 1 0 0 1 1 0 0 0 0 0 0 1 0 0 1 0 1 0 1 0 0 0 0 0 0 1 
1 1 0 0 1 1 1 1 1 0 1 1 0 1 0 0 0 0 1 1 1 0 0 0 0 0 1 0 0 1 1 1 1 0 0 0 1 1 1 0 1 0 0 1 1 0 1 0 0 0 1 1 1 1 0 1 1 1 
0 0 0 1 1 1 1 1 1 1 0 0 1 1 0 1 0 0 1 0 0 0 0 1 1 1 1 1 1 0 0 1 0 1 0 0 0 0 1 0 1 0 0 0 1 1 0 0 1 1 0 1 1 0 0 1 0 1 
0 1 0 1 0 0 0 0 0 0 0 0 0 1 0 1 0 1 0 0 1 1 1 1 0 1 0 0 0 0 0 0 1 0 1 1 0 1 1 1 0 0 1 0 1 1 1 1 0 1 1 0 0 1 1 0 0 1 
1 0 1 1 0 0 1 0 1 1 1 1 0 1 1 1 0 0 0 1 0 1 1 1 1 1 0 0 0 0 0 1 0 1 0 1 0 1 1 1 0 0 0 1 0 1 0 0 0 1 1 0 0 0 1 1 0 0 
1 0 0 1 1 1 1 1 0 1 0 1 0 0 1 1 1 1 0 0 1 0 1 1 0 1 1 0 0 1 0 1 1 0 1 0 1 0 1 1 1 1 0 1 0 0 0 1 1 1 1 1 1 0 0 0 1 1 
0 1 1 0 1 0 0 0 1 0 0 0 1 1 0 0 0 0 0 1 1 1 0 1 0 1 1 0 1 1 0 1 0 1 1 1 1 0 1 0 0 1 1 1 0 1 1 1 1 1 0 0 1 0 1 1 1 1 
0 1 0 0 0 0 1 0 0 0 0 1 1 0 1 0 1 1 1 1 0 0 0 0 0 1 0 0 1 0 1 1 1 1 1 1 1 0 1 1 0 1 1 1 1 0 1 1 1 0 0 0 0 0 0 1 0 1 
1 1 1 0 0 0 1 1 1 0 1 1 0 1 0 1 1 0 1 0 1 0 1 1 0 1 1 1 0 1 0 1 0 1 1 0 1 0 1 0 1 0 1 1 0 0 0 1 0 1 1 1 1 0 0 0 0 1 
1 0 1 1 0 1 0 1 0 1 0 1 1 1 0 1 0 0 1 0 1 1 1 0 0 0 1 0 0 1 1 1 1 0 0 1 0 0 1 0 1 1 1 1 0 1 0 0 1 1 0 0 0 1 1 0 1 0 
0 0 1 1 1 0 0 0 0 0 0 1 0 0 0 1 1 0 1 1 0 0 0 0 1 0 1 0 0 0 0 0 0 1 1 0 1 1 0 1 1 0 0 1 0 0 1 1 0 0 0 0 0 0 0 1 0 1 
1 0 0 1 0 0 0 0 0 0 1 0 1 1 1 0 0 1 0 1 1 1 1 1 1 0 0 0 1 0 1 1 1 1 0 1 0 1 1 0 1 1 1 0 0 0 0 0 1 1 0 0 0 1 0 1 1 0 
1 1 0 1 0 1 0 0 1 0 1 0 1 0 1 0 1 1 0 1 0 1 0 0 0 0 1 0 0 1 0 1 0 0 0 0 0 1 0 1 1 0 1 0 0 1 0 1 0 0 1 0 0 1 0 0 0 0 
0 0 1 0 1 1 0 0 1 0 1 1 1 0 1 1 1 0 0 1 1 0 0 0 1 0 0 1 0 0 1 0 0 0 0 1 1 0 1 0 1 0 0 0 1 1 1 0 1 1 1 1 0 1 1 1 1 1 
0 1 1 0 1 1 0 1 1 0 0 0 0 1 1 0 1 0 0 1 0 1 0 1 0 0 1 0 1 0 1 0 0 1 0 1 0 0 1 1 0 1 0 1 0 1 1 1 1 1 0 1 1 1 0 1 1 1 
1 1 0 1 1 0 0 1 1 0 1 0 0 0 1 0 1 1 1 0 1 0 0 1 1 1 0 1 0 0 1 0 1 1 1 0 1 1 1 0 1 0 1 1 0 0 1 1 0 0 0 1 0 0 0 1 1 1 
1 1 1 0 1 0 1 0 0 0 1 1 0 1 1 1 0 0 0 0 1 0 0 1 1 1 1 1 0 0 0 1 0 1 1 1 1 0 0 1 0 1 0 1 0 0 0 1 0 0 1 1 0 1 1 1 0 0 
1 1 1 1 0 1 1 0 0 0 0 0 0 1 0 0 0 0 0 0 1 0 1 0 0 1 0 1 1 0 1 0 1 0 1 0 1 0 0 0 1 0 0 1 1 0 1 1 1 0 0 0 0 1 1 0 0 1 
1 1 1 1 1 1 1 1 1 1 1 1 1 0 1 1 1 1 0 1 0 1 1 0 1 1 1 0 0 0 1 1 1 1 0 1 0 0 0 1 1 1 0 0 0 1 1 1 0 1 0 1 0 1 1 0 1 1 
0 1 1 0 0 0 1 1 1 1 1 1 0 0 1 0 0 1 1 1 0 0 1 1 1 1 0 0 1 1 1 0 0 0 0 1 1 1 0 0 0 1 0 0 1 1 0 1 0 1 0 0 1 1 1 0 1 0 
1 0 1 0 0 0 1 0 1 0 1 1 0 1 0 0 1 1 1 1 0 1 1 0 0 0 0 1 1 1 1 0 1 1 0 0 1 1 0 0 1 0 1 0 1 1 0 1 0 0 0 0 1 1 0 1 0 0 
1 1 1 0 1 1 1 1 1 0 1 1 0 0 1 1 0 1 0 1 0 0 1 0 0 0 0 1 0 0 1 1 1 1 1 0 0 1 1 1 1 0 0 0 1 0 1 1 1 0 0 1 0 1 1 1 0 1 
0 0 1 1 1 0 0 0 0 0 1 0 1 1 0 0 1 1 0 0 1 1 0 1 0 1 1 1 0 1 1 0 1 0 1 0 1 0 0 1 0 0 1 0 1 0 0 0 1 0 0 0 1 1 0 1 0 1 
0 0 0 1 0 1 0 1 1 1 1 1 0 0 1 0 0 0 0 0 0 1 0 1 0 1 0 0 0 0 1 0 0 1 0 0 0 0 1 1 1 1 0 1 1 0 1 1 0 1 1 1 1 1 0 1 0 0 
1 0 0 0 0 0 1 0 0 1 0 1 0 1 0 0 1 1 0 0 0 1 0 1 0 1 0 0 0 0 0 1 0 0 1 1 0 0 1 0 1 0 1 1 1 0 1 0 1 0 1 0 1 1 1 1 0 0 
1 0 0 1 1 1 1 0 0 1 0 1 1 1 1 0 0 1 0 1 1 0 1 0 0 0 1 1 1 1 1 0 1 0 1 0 1 0 0 1 1 0 0 0 1 0 1 1 1 1 1 0 1 0 1 1 1 0 
1 0 0 0 1 1 0 0 0 1 1 0 0 0 1 1 1 0 1 0 0 0 1 1 0 1 1 1 0 0 0 1 1 0 0 0 1 0 0 1 0 1 0 0 0 1 1 1 1 0 1 1 0 0 0 1 1 0 
0 0 0 0 1 1 0 1 1 0 0 0 1 0 1 1 0 1 0 0 0 0 0 1 1 1 0 0 0 1 0 0 1 0 1 1 0 1 0 1 1 0 1 1 0 1 0 1 0 1 1 1 1 1 0 0 0 0 
0 0 0 0 1 1 1 0 0 1 1 1 0 1 1 0 0 0 1 0 1 1 1 0 0 0 1 1 1 0 1 1 0 1 0 1 1 1 1 1 0 1 0 0 0 0 0 0 0 1 0 1 1 0 1 1 0 0 
0 1 0 0 1 1 1 1 0 0 0 0 0 0 1 0 0 1 0 1 1 0 0 1 1 1 1 0 1 0 1 1 1 1 1 0 0 1 1 1 1 1 1 1 1 0 0 0 1 0 1 0 1 1 1 0 1 1 
1 0 1 0 1 0 1 1 1 0 0 0 1 1 0 0 1 1 0 1 1 1 1 0 1 0 0 0 1 1 1 0 1 0 0 0 1 1 1 0 1 1 0 0 1 0 0 0 0 0 1 1 1 0 0 0 1 0 
1 0 1 0 0 0 1 0 0 0 1 0 0 1 1 0 1 0 1 0 0 1 0 1 0 0 0 0 0 1 0 1 1 1 0 1 1 1 1 0 1 0 0 1 1 1 1 1 0 0 1 0 1 1 0 0 1 0 
0 0 1 1 1 0 0 1 1 0 0 0 0 1 0 0 0 0 1 0 1 1 0 0 0 0 1 0 0 1 0 0 1 1 1 0 1 0 0 0 0 0 0 0 0 0 0 0 0 1 0 1 1 1 1 1 1 1 
1 1 0 1 1 1 0 1 1 1 1 1 1 1 0 1 1 0 1 1 0 0 0 1 1 1 0 1 0 1 0 1 0 0 0 1 1 0 0 0 1 1 0 0 0 0 1 1 0 1 0 0 1 1 1 0 0 1 
1 1 0 1 0 0 1 1 0 0 1 0 1 1 0 1 1 0 1 1 0 1 0 0 1 1 1 1 1 0 0 1 1 1 0 1 1 0 0 1 0 0 0 1 1 0 0 0 0 1 1 0 0 1 1 0 0 0 
1 0 0 1 1 1 0 1 1 0 1 1 1 0 1 1 1 0 1 0 1 0 1 0 0 0 0 1 0 0 0 1 0 0 0 1 0 1 1 1 1 0 0 0 0 0 0 0 0 1 0 1 1 1 0 0 1 0 
1 1 0 1 0 1 0 1 0 0 0 1 1 1 0 1 1 0 1 1 0 0 1 0 1 0 0 1 0 1 1 0 1 0 1 1 1 1 0 1 1 0 1 0 1 1 0 1 1 1 0 0 1 1 0 1 0 0 
0 0 0 0 0 1 0 0 0 1 1 1 0 1 1 1 1 1 0 1 0 0 1 0 0 0 0 0 1 0 1 0 0 1 0 1 0 0 1 0 1 0 1 1 1 1 1 1 0 1 0 0 1 1 0 1 0 0 
0 1 0 1 1 1 0 1 0 0 1 1 0 0 1 0 0 1 1 1 0 1 0 0 1 0 0 1 1 0 0 1 1 0 0 1 1 0 0 1 0 0 0 1 0 0 1 0 1 0 1 1 1 0 1 0 0 1 
1 1 1 1 1 1 0 1 0 1 0 0 1 0 0 1 1 1 1 0 1 0 0 1 1 1 1 1 1 1 0 1 0 0 0 1 1 0 1 1 0 1 1 1 1 0 0 1 1 0 1 0 0 0 1 0 1 0 
