63 55 253
42 1 83 58 73 21 16 10 32 19 52 13 43 68 78 93 8 29 33 58 20 3 72 53 6 60 10 100 64 64 22 58 16 56 15 88 28 30 49 12 1 53 24 43 72 1 36 79 81 68 36 100 22 60 4 
80 19 13 79 35 28 52 92 43 60 58 82 39 39 83 50 39 35 73 82 6 26 69 37 6 36 24 58 57 83 61 36 54 26 66 88 53 18 31 96 29 88 29 67 26 11 17 17 97 89 98 55 14 66 43 
72 53 66 29 61 1 89 49 54 66 14 93 19 83 23 66 11 10 94 78 87 57 46 3 5 34 52 59 100 69 1 71 21 19 99 34 19 39 82 24 5 47 16 75 30 38 40 92 99 85 21 85 93 66 88 
98 100 91 8 51 60 61 21 80 31 71 13 1 9 46 24 65 93 91 39 74 28 30 65 26 67 86 62 59 3 1 8 2 92 68 4 51 80 24 82 10 94 47 10 55 92 85 19 36 75 10 9 2 91 26 
79 57 63 92 16 65 93 75 19 84 42 22 34 21 46 15 82 91 61 43 97 5 27 16 40 1 77 1 54 67 26 84 24 88 76 91 52 68 65 70 51 59 44 36 79 89 2 13 31 63 55 28 19 34 95 
10 86 71 10 40 89 87 75 64 26 2 54 78 69 71 99 71 29 42 6 59 82 8 71 13 22 78 92 92 11 86 1 96 8 63 87 96 49 14 12 75 15 65 4 36 35 2 6 15 96 64 74 29 23 44 
93 96 73 84 87 35 69 39 83 28 1 69 76 50 34 87 24 49 3 79 84 90 32 41 4 27 4 77 8 78 73 100 25 45 36 11 32 56 2 14 84 2 34 59 51 68 97 26 16 99 4 51 88 36 91 
92 14 47 68 73 76 92 73 1 37 8 63 68 63 64 33 98 66 66 56 68 33 52 46 100 3 1 50 90 88 93 33 2 91 1 26 66 44 98 66 80 57 29 99 72 92 31 69 9 49 77 77 81 80 74 
81 82 74 82 72 62 26 4 15 16 56 40 82 100 90 99 31 46 27 82 17 71 64 38 31 12 14 59 45 93 32 77 75 6 58 98 19 84 53 33 99 61 24 32 60 13 31 42 11 9 75 79 31 39 16 
62 2 29 72 46 22 4 22 48 61 32 45 79 67 49 11 17 9 86 49 20 99 31 62 9 91 36 87 22 26 55 35 80 83 6 25 56 61 99 55 21 82 99 99 48 100 61 64 8 99 64 28 97 46 41 
57 37 76 95 10 54 49 44 33 32 1 9 39 62 59 94 34 40 44 85 39 43 97 55 51 95 18 30 91 16 70 99 52 97 94 61 50 42 56 34 25 56 43 64 69 1 9 3 93 52 87 31 95 83 85 
97 78 55 78 20 70 47 19 21 43 12 33 45 5 88 78 30 43 72 45 12 73 53 66 17 56 4 47 2 86 32 98 15 38 27 87 7 73 5 79 68 68 11 12 24 98 41 5 92 13 49 55 37 53 72 
53 9 75 51 10 61 34 60 27 71 86 13 77 11 69 55 78 88 17 41 64 66 33 68 58 45 17 64 33 21 36 37 29 10 40 39 22 73 50 1 44 35 13 72 45 34 27 74 73 95 14 36 61 47 56 
70 43 72 33 28 44 20 16 73 30 55 63 3 28 12 3 71 46 68 94 43 53 72 16 25 67 82 13 27 28 68 48 22 91 80 49 34 100 65 58 81 19 20 83 98 83 86 20 29 5 14 23 57 85 90 
81 51 71 45 29 98 12 76 72 2 8 20 88 59 36 45 39 55 17 73 4 99 10 24 79 14 37 1 70 73 91 3 76 61 47 4 11 59 32 82 12 91 53 99 49 89 96 39 95 12 63 98 10 73 73 
89 86 61 89 8 34 31 10 9 44 56 64 54 14 47 87 78 37 39 76 37 79 71 27 73 82 90 23 44 14 95 32 51 8 72 58 41 3 67 1 46 23 64 51 88 11 89 65 99 79 93 36 58 15 14 
82 49 55 56 92 68 3 23 19 10 46 76 50 48 95 2 45 69 65 47 8 27 35 25 26 14 17 13 23 83 78 56 31 33 12 74 100 14 48 70 75 94 46 24 93 92 25 90 12 41 36 19 68 23 43 
45 88 11 9 10 46 38 65 28 70 76 2 70 41 49 39 15 94 36 90 39 79 66 28 90 59 15 61 78 37 55 22 24 66 82 85 63 19 2 90 41 29 91 10 70 92 100 36 37 88 26 75 18 43 2 
60 1 17 20 78 5 74 51 81 91 84 17 53 55 18 43 95 47 85 56 68 28 55 3 65 94 80 39 64 75 93 23 75 61 42 5 65 67 55 97 58 91 14 10 45 31 4 39 29 41 94 96 68 100 51 
84 46 30 23 9 4 67 31 31 27 24 35 43 90 41 92 99 31 5 61 75 87 64 65 68 56 58 63 76 58 13 59 3 95 33 63 50 99 93 80 77 68 66 20 9 59 11 8 41 67 68 16 53 83 80 
72 39 90 35 14 47 99 24 1 93 57 63 95 7 7 26 84 74 44 3 82 2 65 41 42 31 8 9 35 91 41 7 81 30 93 46 76 91 69 28 36 77 90 30 84 48 7 67 21 50 21 54 51 85 47 
45 67 54 53 1 96 93 59 28 22 51 73 49 94 94 76 29 70 17 10 53 64 68 71 36 18 91 42 20 75 88 64 41 93 17 94 89 61 4 68 35 55 41 35 48 34 63 28 55 79 89 60 95 56 30 
82 73 21 23 45 47 62 8 40 55 76 85 95 37 88 62 71 94 54 57 93 39 19 72 94 98 60 53 44 68 34 25 92 6 100 36 5 61 44 44 67 19 80 61 7 67 75 29 13 28 86 5 67 4 77 
12 53 88 16 96 55 49 21 47 55 20 34 59 32 77 54 99 48 33 11 6 51 85 35 63 65 72 20 83 75 96 94 80 83 9 75 90 57 47 88 63 18 21 73 50 50 26 100 49 10 10 54 13 47 40 
75 63 11 94 45 38 41 38 17 76 98 91 65 6 90 4 21 7 24 93 8 25 71 7 73 80 69 79 92 67 18 19 29 29 64 73 66 5 62 82 32 59 24 96 16 13 51 36 20 26 29 27 51 99 86 
75 30 54 53 22 20 71 92 100 99 55 72 16 11 33 49 42 43 72 89 10 85 39 46 56 65 26 34 15 76 19 89 5 24 94 78 95 64 69 94 14 76 65 29 86 49 77 28 43 48 16 53 84 55 50 
39 71 75 25 37 50 43 25 54 19 18 84 13 33 4 7 46 79 23 26 65 24 2 44 18 2 59 22 37 65 71 28 87 45 52 23 46 94 100 52 12 69 35 77 2 38 83 99 69 57 25 33 80 78 76 
50 79 86 71 68 3 42 95 89 38 46 12 36 91 11 87 55 31 73 31 32 62 65 31 30 21 55 62 53 32 89 54 63 27 24 82 81 17 76 69 55 73 32 90 63 94 28 69 25 100 99 56 61 15 38 
91 88 44 4 92 28 45 45 42 71 68 23 51 85 98 71 91 70 55 32 84 48 11 53 24 10 3 32 22 18 69 64 5 65 68 96 92 64 40 33 86 59 55 36 95 4 58 37 25 12 68 8 60 30 60 
83 39 63 14 13 32 35 76 36 99 95 31 42 58 22 74 43 32 80 30 27 83 40 63 59 51 83 66 62 12 78 97 3 92 62 15 23 96 42 58 46 89 40 87 98 13 12 93 44 91 22 70 25 61 85 
83 64 67 1 25 30 78 21 32 21 35 98 43 82 40 52 28 28 43 66 25 55 78 17 50 68 91 72 45 3 56 27 66 74 27 43 3 56 15 87 76 49 84 18 31 75 21 10 54 63 75 31 69 52 47 
71 72 89 42 16 44 49 94 61 22 21 3 76 28 70 14 4 70 98 73 52 24 94 61 78 8 88 8 29 91 6 99 62 47 40 77 90 40 23 50 61 43 5 88 22 74 2 25 95 51 98 47 74 43 59 
3 2 46 10 30 37 68 80 98 14 71 27 55 10 49 56 22 43 60 10 16 85 11 41 80 61 90 78 86 84 36 89 85 82 50 67 70 17 46 19 82 69 45 36 78 45 92 100 39 51 9 55 88 71 47 
19 83 88 96 68 71 31 56 7 64 6 25 33 74 71 4 56 91 48 91 68 45 82 19 35 85 79 41 24 49 39 42 83 26 89 51 48 71 58 55 87 15 79 71 89 1 74 96 91 74 86 11 18 20 81 
4 56 60 97 31 60 35 72 43 61 12 45 60 82 2 14 68 69 45 91 9 45 64 4 88 37 89 50 6 60 30 10 67 41 58 97 1 92 20 95 4 31 39 64 65 92 29 84 12 73 74 20 70 38 23 
9 26 64 58 32 23 87 93 42 80 50 38 80 93 10 26 97 40 16 12 56 59 40 92 71 65 65 90 34 54 65 94 80 28 51 63 2 89 55 43 68 56 33 99 48 42 24 96 33 39 59 89 98 51 80 
20 67 96 9 52 2 73 45 33 100 95 95 54 83 1 96 3 56 28 1 55 69 25 3 54 15 13 94 12 63 25 31 81 20 92 32 73 16 76 5 68 70 99 21 5 99 16 7 6 96 7 13 16 83 67 
69 98 79 62 61 94 38 44 74 58 87 58 82 2 33 87 69 55 85 89 59 36 57 17 93 4 75 57 71 58 23 40 7 54 53 19 47 43 62 72 100 48 29 81 50 14 19 70 68 56 11 78 43 67 94 
35 22 20 92 92 29 66 83 35 19 88 54 17 30 67 41 81 15 69 13 16 82 32 85 1 87 47 78 29 65 23 15 86 43 58 78 71 76 12 6 94 99 11 63 28 77 3 60 43 71 73 10 5 56 47 
5 42 93 83 22 58 5 88 43 99 98 72 70 73 84 27 18 34 89 80 14 17 82 73 60 5 45 69 9 100 67 65 93 60 99 66 69 56 6 11 54 3 35 23 27 18 1 44 3 89 24 16 6 5 89 
17 9 85 37 69 85 4 34 29 63 32 47 31 39 52 93 93 6 79 67 32 48 68 75 51 8 98 66 65 55 54 81 63 39 18 84 75 73 17 55 87 100 1 69 39 4 61 83 9 92 49 92 39 68 67 
89 28 16 55 92 70 60 73 85 98 42 68 24 14 36 79 52 87 31 20 25 35 32 7 95 23 8 87 62 75 5 50 2 72 4 46 42 16 18 78 13 11 97 89 76 84 19 27 70 49 46 47 35 29 53 
82 52 12 20 13 87 24 62 40 95 18 85 88 33 54 17 97 16 65 85 91 48 3 69 18 4 66 64 90 95 68 71 46 80 42 58 18 17 71 57 64 40 94 51 72 47 20 21 15 84 5 57 32 60 26 
1 15 43 16 4 37 35 27 34 14 20 43 83 37 14 92 100 53 85 2 77 83 21 97 49 57 53 6 40 64 31 92 30 25 7 34 62 41 12 47 7 31 90 41 19 3 32 18 7 68 20 35 3 92 31 
51 100 36 56 39 99 38 30 81 63 88 14 76 81 77 22 39 59 11 79 78 65 11 47 24 30 18 58 32 62 41 35 61 28 42 52 78 80 33 58 42 73 23 69 53 99 90 91 10 1 69 39 17 31 37 
40 61 55 50 44 68 90 30 80 17 72 31 94 51 16 4 44 88 26 12 40 77 53 30 86 53 50 76 22 81 12 61 93 18 62 88 85 51 70 65 19 41 47 65 43 62 68 38 1 93 1 40 21 53 21 
6 58 71 33 79 3 97 91 47 14 53 34 51 55 3 67 74 95 65 90 37 27 9 74 27 53 26 19 74 79 91 31 36 61 64 66 15 60 56 61 25 8 47 75 63 1 93 88 96 58 29 84 36 37 10 
14 89 35 32 62 13 23 93 100 35 8 65 50 19 73 62 43 32 60 70 46 61 62 33 8 71 13 91 6 49 100 20 90 87 3 3 51 25 95 51 12 54 67 13 72 39 26 15 71 86 36 16 46 49 1 
53 20 13 95 25 14 47 44 3 33 47 5 35 23 52 85 86 57 4 50 29 94 76 95 16 61 30 32 6 30 84 10 49 48 4 74 13 50 69 15 34 67 72 69 90 75 5 27 31 8 77 59 54 52 5 
69 12 86 52 69 16 35 30 64 35 33 37 47 35 58 14 20 24 85 40 65 59 45 92 89 4 68 100 57 71 4 26 34 42 77 54 57 64 83 20 50 67 9 96 53 66 9 73 89 45 12 6 55 8 97 
96 64 16 95 72 38 50 49 71 91 78 24 99 41 6 71 90 72 79 37 25 96 46 49 36 42 12 41 97 72 89 92 35 4 38 6 41 39 7 63 30 84 86 80 24 43 50 65 67 80 1 91 75 98 91 
63 92 2 55 88 73 44 31 7 99 20 65 92 58 71 54 39 6 92 19 29 34 68 45 100 48 45 42 74 95 32 36 86 34 91 25 6 34 55 65 84 26 81 75 83 3 29 22 8 72 40 88 5 59 32 
57 6 28 98 32 22 30 67 59 15 9 83 72 94 89 88 78 14 68 52 97 70 32 70 29 3 61 16 60 19 47 16 77 75 65 8 48 46 26 7 60 35 41 32 28 30 19 57 95 39 61 43 60 44 12 
89 47 72 4 58 43 3 73 19 29 37 26 76 83 3 34 94 37 75 77 17 56 48 25 50 86 85 93 45 29 56 85 27 80 89 84 22 43 8 40 71 44 17 98 78 19 32 24 8 58 100 76 13 47 100 
14 32 37 58 29 65 14 13 43 93 53 26 66 95 85 57 65 28 25 63 58 95 46 81 2 3 32 29 67 79 29 80 62 65 38 42 81 3 55 75 47 59 100 12 54 84 20 70 63 44 84 72 38 29 4 
92 83 36 20 49 66 100 81 27 16 70 21 48 72 75 22 70 33 73 81 38 8 100 8 23 95 91 46 32 72 50 75 54 37 47 3 2 46 35 80 14 4 100 61 75 26 83 44 11 7 76 100 15 27 7 
89 21 50 34 4 21 83 31 74 71 77 28 24 22 62 4 35 65 55 48 91 33 30 86 43 88 61 42 2 39 1 42 11 2 76 15 22 10 45 47 81 73 27 4 94 40 59 81 57 14 28 47 46 9 85 
40 96 45 33 50 36 33 91 46 34 18 12 7 28 8 6 8 80 32 11 26 23 22 6 79 35 85 78 32 93 62 23 40 58 55 41 93 40 32 91 25 49 2 84 28 62 89 35 41 72 98 66 94 19 23 
25 5 7 2 36 51 15 58 91 72 64 31 17 3 14 7 28 15 60 11 42 21 51 29 62 22 26 79 67 96 54 91 100 60 44 87 11 58 96 53 82 59 83 98 14 49 56 93 63 15 55 56 88 5 84 
49 78 61 79 44 56 32 87 7 44 82 93 54 40 40 58 73 99 92 22 64 40 77 56 54 43 10 10 30 14 45 78 43 6 9 86 61 92 24 20 35 6 12 40 97 4 97 69 54 89 90 17 28 18 72 
34 60 33 43 90 98 39 19 40 44 27 77 57 19 1 76 5 58 39 45 6 42 41 74 95 29 15 11 9 32 34 94 91 66 88 80 15 26 51 54 70 77 31 78 47 83 53 52 92 43 96 97 37 88 22 
31 69 36 94 77 19 79 22 9 97 9 41 11 34 91 65 55 19 47 32 18 81 36 69 72 79 16 20 15 3 41 97 71 28 90 99 46 21 20 6 17 80 98 27 14 40 43 68 59 89 100 76 21 35 96 
44 65 63 63 79 65 3 76 88 30 17 38 27 37 10 33 53 89 30 32 2 22 74 22 80 15 21 7 35 7 54 79 72 16 41 50 32 96 77 71 77 94 9 4 82 70 88 35 10 69 66 64 90 91 85 
0 0 0 0 1 0 1 1 1 0 1 1 0 0 1 0 1 0 0 0 0 1 1 0 1 1 1 0 1 1 0 1 0 0 0 1 0 1 0 0 0 1 1 0 0 0 0 1 1 1 1 1 0 0 1 
1 1 0 1 0 1 1 0 1 1 0 0 0 1 0 0 1 0 1 1 0 1 0 1 0 1 0 1 1 0 0 1 1 0 0 0 0 0 0 1 1 0 0 1 1 0 1 1 0 0 0 0 0 0 1 
0 1 1 0 1 1 0 0 1 1 0 1 1 0 1 0 0 1 0 1 0 1 1 1 1 1 0 0 1 0 1 0 0 1 0 1 0 0 1 1 1 1 0 0 0 1 1 0 0 1 1 1 0 0 0 
0 0 0 0 1 1 1 1 1 0 1 0 1 0 1 0 1 0 1 0 0 0 1 0 1 0 0 0 1 0 0 1 0 1 1 0 0 0 1 1 1 1 1 0 1 0 0 0 0 1 0 1 0 1 1 
1 0 1 1 1 0 1 0 0 0 1 0 0 1 0 1 0 1 0 0 0 0 1 0 1 0 1 0 0 0 1 1 0 1 0 1 1 0 1 1 0 0 0 1 0 0 0 0 1 1 1 1 1 0 1 
0 0 0 0 1 1 0 0 1 1 1 1 0 1 0 1 1 1 1 0 1 1 1 1 0 0 0 1 1 0 1 0 1 1 0 0 0 0 0 0 1 1 1 1 0 1 1 0 0 0 0 1 0 1 1 
0 1 1 0 1 0 1 1 1 0 1 1 1 0 1 1 1 1 0 1 1 1 0 1 0 0 0 1 0 1 0 1 1 0 1 0 0 0 1 1 0 0 0 1 0 1 0 0 0 0 1 0 0 1 1 
0 1 1 1 0 1 0 1 0 0 0 0 0 0 1 1 0 1 1 0 0 0 0 0 1 1 1 1 1 0 0 1 1 0 0 1 1 0 0 1 0 0 1 0 0 0 1 1 1 0 1 1 1 1 1 
0 0 0 1 1 0 1 0 0 1 1 1 0 1 0 1 0 0 0 0 1 0 0 0 0 0 1 1 1 0 1 1 1 1 0 0 0 0 1 0 1 0 1 0 1 1 1 1 0 0 0 1 0 0 1 
0 0 0 0 0 0 1 1 1 0 0 0 0 0 1 0 1 1 0 1 0 1 1 0 1 1 0 0 1 0 1 0 0 1 0 0 0 1 0 1 1 0 1 0 0 0 0 1 1 0 1 0 0 0 0 
1 1 0 0 0 0 1 0 0 1 0 1 1 1 1 0 1 1 0 1 1 0 1 0 0 0 1 0 0 1 0 1 0 0 1 1 0 1 1 0 0 0 1 1 1 0 1 0 1 1 1 0 0 1 1 
0 1 0 0 1 0 0 0 0 0 0 1 0 1 1 0 1 1 0 0 0 0 1 1 0 1 0 0 1 1 1 1 0 0 1 1 0 1 0 0 1 0 0 1 1 1 1 0 0 1 0 0 0 1 1 
0 0 0 0 1 1 0 0 0 0 1 1 0 0 1 0 1 1 0 0 0 1 0 0 1 1 0 0 1 0 1 1 0 1 0 0 1 0 0 1 0 0 0 0 0 0 0 0 1 1 0 0 0 0 0 
0 0 1 0 1 1 1 1 1 1 1 1 0 1 0 1 1 0 1 1 0 1 1 0 1 0 1 1 1 1 1 1 1 0 1 1 1 0 0 1 1 1 0 1 0 0 0 1 0 0 0 1 1 1 1 
0 0 0 1 1 0 1 0 1 1 1 0 1 1 0 0 1 1 0 0 1 1 1 0 1 1 0 0 0 0 0 1 0 0 0 1 0 1 1 0 1 0 0 0 1 1 0 0 0 0 1 0 1 0 0 
1 1 1 1 1 1 1 0 1 0 1 0 0 0 1 0 1 1 1 1 0 0 1 1 0 0 0 0 1 0 1 0 1 0 0 0 1 1 1 0 1 0 0 0 0 1 0 0 0 1 1 0 1 1 1 
0 1 1 0 0 1 1 1 0 1 1 1 0 0 0 0 0 0 0 0 0 1 0 0 1 0 0 0 1 1 1 1 0 1 0 0 0 1 1 1 1 0 0 1 1 0 0 1 0 0 1 0 0 1 1 
1 1 1 1 1 0 1 0 0 0 0 0 0 0 0 1 1 0 1 0 1 1 0 0 1 1 1 0 1 1 1 0 0 0 0 1 0 1 0 0 1 0 0 1 0 0 1 1 1 0 0 0 0 0 1 
1 1 0 1 0 1 0 1 0 0 1 1 0 0 1 0 1 0 1 0 0 1 1 0 0 0 0 1 0 0 0 1 0 0 1 0 0 1 1 0 0 0 1 0 0 1 1 1 1 0 0 1 1 1 1 
0 1 1 1 1 0 1 1 0 1 0 0 1 1 0 1 1 0 1 0 1 0 1 0 1 1 0 0 0 0 0 0 1 1 1 1 1 0 0 1 0 0 0 1 1 0 1 1 0 0 1 1 0 0 0 
1 1 0 1 1 0 1 0 0 1 1 1 0 0 1 0 0 1 0 1 0 0 0 1 0 0 0 0 0 0 0 1 1 0 1 1 1 0 1 1 1 0 0 0 0 1 0 0 0 0 0 0 0 0 0 
0 1 0 0 1 1 0 1 0 1 0 1 0 0 0 1 0 1 1 0 1 0 0 0 0 0 0 0 0 0 0 0 1 1 1 1 0 1 0 0 0 0 0 0 0 0 1 0 1 0 0 1 0 0 1 
0 0 1 1 0 1 1 1 1 0 0 0 0 1 0 1 0 0 1 0 0 1 0 1 1 0 1 0 1 0 1 1 0 0 0 1 1 0 0 0 0 0 0 1 1 0 0 1 0 1 0 1 0 0 0 
1 0 1 1 1 1 0 1 0 0 1 1 0 1 1 0 0 1 1 1 0 1 1 0 0 0 0 1 0 0 1 0 0 0 1 0 0 0 1 0 0 0 1 0 0 0 1 0 1 0 1 1 1 0 1 
1 0 1 0 0 1 1 0 0 0 0 0 0 0 1 0 0 1 1 1 1 1 0 1 0 0 0 1 1 0 1 1 0 0 1 1 0 1 1 0 1 1 0 1 1 1 1 0 0 0 1 0 1 1 1 
1 1 0 0 0 0 1 1 1 0 1 0 0 0 1 0 1 1 0 0 0 1 1 0 1 1 1 1 0 0 1 1 1 1 1 0 1 1 1 0 1 0 0 1 0 0 1 1 1 1 1 1 0 0 0 
1 1 1 1 1 0 0 0 1 1 0 1 0 1 1 1 0 1 1 1 0 1 0 1 0 1 1 0 1 1 0 0 1 1 1 0 1 1 1 1 0 1 0 1 0 1 0 0 1 1 1 1 1 1 0 
1 0 1 1 1 1 1 1 0 1 1 0 0 0 1 1 1 0 0 0 0 1 0 0 0 1 1 1 0 0 0 0 0 1 1 1 0 1 1 0 0 0 1 0 0 0 0 1 1 0 1 1 1 1 0 
0 1 1 1 1 0 1 1 0 1 1 0 1 0 1 0 0 1 1 0 1 1 0 1 0 0 0 0 0 0 0 0 1 1 1 0 1 1 0 0 0 1 0 1 1 1 1 1 0 0 1 1 0 0 0 
0 0 1 0 0 1 0 0 0 0 0 0 1 1 0 1 1 1 1 0 0 0 0 1 0 0 1 0 0 1 0 1 1 1 1 0 0 0 0 0 0 0 1 1 1 1 1 0 1 0 1 1 1 1 1 
1 1 0 1 0 1 0 1 0 1 0 0 0 0 1 0 0 1 1 0 1 1 1 1 0 1 0 1 0 1 0 0 1 0 1 1 1 1 0 0 1 0 0 1 1 1 1 1 1 1 1 0 0 0 1 
0 0 0 1 0 1 0 0 0 0 0 1 0 1 1 0 0 0 0 1 1 0 1 0 1 0 0 1 0 0 0 0 0 0 1 1 0 1 1 0 0 1 0 0 1 1 0 1 1 0 1 0 0 0 1 
1 0 1 0 0 1 1 0 0 1 1 1 1 1 0 0 1 0 0 1 1 1 1 0 1 1 1 1 0 1 0 1 1 1 0 1 1 1 1 1 0 1 0 0 0 0 0 1 0 0 0 1 1 1 0 
0 0 1 0 0 1 0 0 0 0 0 0 1 1 1 0 1 0 0 1 0 0 1 1 1 1 1 0 1 0 0 1 1 0 1 1 1 0 1 1 0 1 1 1 0 1 1 0 1 1 1 0 1 1 1 
0 0 1 1 1 1 1 1 0 1 0 0 0 0 1 0 0 1 1 1 1 0 0 1 0 1 1 0 1 0 1 1 0 0 0 0 0 0 1 0 1 1 0 0 0 0 0 0 1 1 0 0 0 0 0 
0 0 1 0 1 1 1 0 1 0 1 1 0 1 0 0 0 0 1 0 0 1 0 0 0 0 0 0 0 1 0 0 1 1 0 0 0 1 0 0 1 1 1 1 0 0 0 1 0 1 1 0 0 0 0 
0 0 1 0 0 0 1 0 1 0 0 1 1 1 1 1 1 1 0 0 1 0 0 0 0 1 0 0 1 0 1 1 0 0 0 0 0 1 0 1 1 0 0 0 1 1 1 0 0 0 1 0 0 1 0 
1 1 0 1 0 0 0 0 0 0 0 0 0 1 0 1 0 0 1 1 0 1 0 0 1 0 1 1 1 1 0 0 0 0 1 0 1 0 0 1 0 0 0 1 1 0 0 0 1 0 1 1 1 1 1 
0 0 1 0 1 0 0 1 0 0 0 0 1 0 1 1 1 1 1 0 1 1 0 1 0 0 0 1 1 1 1 0 1 0 0 0 0 0 1 0 0 0 0 0 0 1 1 1 1 0 1 0 1 0 1 
0 0 1 1 0 0 0 0 0 0 0 0 0 0 0 0 0 0 1 0 0 0 1 0 1 1 1 1 1 1 0 1 0 1 0 0 0 1 0 0 1 0 0 0 0 0 0 0 0 1 1 1 0 0 1 
1 0 0 1 1 0 1 0 0 1 0 0 1 1 0 1 1 0 1 1 0 0 1 0 0 1 1 1 1 0 0 0 0 1 1 1 1 1 1 1 0 1 1 1 1 1 0 0 1 1 1 1 1 0 1 
0 1 1 1 0 1 0 1 1 1 0 0 0 1 1 1 1 0 0 0 1 1 0 1 0 0 0 1 1 1 0 1 0 1 1 1 0 1 0 1 0 0 1 0 0 0 1 1 1 1 0 0 0 0 0 
0 0 0 1 0 1 1 1 0 1 0 1 1 1 1 1 1 1 0 1 1 1 0 1 0 1 1 0 1 1 0 1 0 1 0 0 0 0 1 0 1 0 1 0 1 0 1 1 0 0 0 1 1 1 0 
1 0 1 1 0 1 0 1 1 1 0 1 1 0 0 0 1 0 1 1 0 0 1 1 0 1 1 1 0 0 0 1 1 1 0 1 0 0 0 1 1 0 0 1 0 1 1 1 1 0 1 1 0 0 0 
0 1 0 0 1 0 0 0 1 1 0 0 0 1 1 1 0 1 0 1 0 1 0 1 0 1 0 0 1 0 0 0 1 0 0 0 1 0 0 0 1 1 1 1 0 0 1 0 1 1 0 1 0 0 1 
0 1 1 0 1 0 1 1 1 1 1 0 0 1 0 1 0 1 0 0 1 0 1 0 1 0 0 1 0 0 0 0 0 1 1 1 1 0 0 1 1 1 1 0 0 1 1 0 1 1 0 0 1 1 0 
0 1 0 1 1 1 1 0 1 1 1 0 0 1 0 1 0 1 0 0 1 0 1 1 1 0 0 1 1 1 0 0 1 0 1 0 1 1 0 0 0 1 0 0 0 0 0 1 1 0 1 0 0 1 0 
1 1 0 1 1 1 1 1 0 1 0 1 1 1 1 1 1 1 0 0 1 0 0 0 0 0 0 0 1 1 0 0 0 0 1 1 0 0 0 0 0 1 1 1 0 1 0 0 0 0 0 1 1 0 0 
1 0 0 1 1 1 0 0 1 0 1 1 0 0 1 1 0 0 0 1 1 1 1 1 1 0 1 1 1 1 1 0 1 1 1 1 0 1 1 1 0 0 0 0 0 0 1 0 0 0 1 1 1 1 0 
1 1 1 0 0 0 1 0 0 0 1 1 0 1 0 1 1 0 0 1 1 0 1 1 0 1 1 0 0 0 0 1 1 0 1 1 0 0 1 0 0 0 1 0 1 1 0 0 0 0 0 1 0 1 0 
0 0 1 0 0 1 1 0 0 1 1 1 1 0 0 0 0 1 1 1 0 1 1 1 1 1 1 0 1 0 0 1 0 0 0 0 1 1 0 0 0 0 1 1 0 0 1 0 1 1 1 1 0 0 0 
1 1 1 1 0 1 1 0 1 1 0 0 1 1 0 1 1 0 0 0 0 0 0 1 1 1 0 1 1 1 1 0 0 1 1 1 0 0 1 0 0 1 0 1 0 0 0 1 1 0 1 1 1 1 0 
0 0 1 1 1 0 1 1 0 0 0 1 0 1 0 0 1 1 0 0 1 1 0 0 0 0 0 1 1 1 0 0 0 1 1 1 1 0 1 1 0 1 1 1 0 1 1 1 1 0 1 0 1 1 1 
1 0 1 0 1 0 0 1 0 1 1 0 0 1 1 0 0 0 1 1 1 0 0 0 1 0 0 0 1 1 1 0 1 0 1 1 0 1 0 1 1 1 1 1 1 0 1 1 0 0 0 1 1 0 0 
0 1 0 0 0 1 1 1 1 1 0 0 0 1 0 1 0 0 0 0 1 0 1 0 0 0 0 0 1 0 0 1 1 0 0 0 1 1 1 0 1 1 0 1 0 1 0 1 1 0 1 0 0 0 0 
0 0 0 0 1 0 0 1 0 0 1 0 0 0 1 0 1 0 1 0 0 0 0 1 1 0 0 1 0 1 1 1 1 1 1 1 1 0 0 1 0 1 1 0 1 0 1 1 0 0 1 1 0 0 0 
1 0 1 0 1 0 1 0 1 0 1 0 1 1 0 1 0 1 0 0 1 1 1 0 1 1 1 0 1 1 1 0 0 0 0 1 0 1 1 1 1 0 0 1 0 0 0 0 0 0 0 1 1 0 1 
1 1 0 1 1 0 0 1 0 0 0 1 0 1 0 0 1 0 0 0 0 0 0 0 0 0 1 1 0 1 0 1 0 1 0 1 1 1 1 1 1 1 0 0 0 0 0 1 0 0 1 1 0 1 1 
1 0 0 0 0 1 1 1 0 0 1 1 1 0 0 0 0 1 0 0 0 0 0 1 0 0 1 1 0 0 1 1 0 1 0 0 1 1 1 1 1 1 0 0 1 1 0 1 0 0 1 0 0 1 0 
0 1 1 0 0 1 1 1 0 0 1 0 1 0 0 0 1 1 1 1 0 0 1 0 0 1 1 1 1 1 1 0 0 0 0 0 1 1 0 1 1 1 0 1 0 0 1 1 1 0 1 1 0 0 1 
1 0 1 0 1 0 1 1 0 1 1 1 0 0 1 0 0 0 0 1 0 0 0 0 1 1 1 0 1 1 0 0 1 1 0 1 1 1 0 1 0 0 0 1 0 1 1 0 0 1 1 0 1 0 0 
0 1 1 0 0 1 0 1 0 1 1 1 0 1 0 0 1 0 0 0 0 0 1 1 0 0 0 0 1 0 1 1 1 0 0 0 1 0 1 0 0 0 1 0 1 1 0 1 1 1 1 0 1 1 1 
1 1 1 1 1 0 0 0 1 1 0 1 0 1 0 0 1 1 0 1 0 1 0 1 1 1 1 1 0 0 0 1 1 1 0 0 1 1 1 1 0 1 0 0 0 1 1 1 0 1 1 0 0 1 0 
