62 61 1951
86 14 70 79 20 85 7 100 36 51 55 35 77 4 15 83 70 75 25 78 42 35 58 97 5 46 52 28 35 40 32 20 53 54 51 25 38 57 76 25 60 30 59 36 33 25 70 54 100 46 31 41 33 88 37 89 34 88 16 20 27 
99 91 31 52 41 55 42 98 30 66 9 60 77 96 44 1 65 98 52 62 28 92 94 16 80 82 1 19 49 20 97 48 10 28 99 51 82 40 100 64 58 60 23 34 55 18 86 71 15 38 32 95 81 26 62 61 59 62 79 8 81 
76 55 42 55 5 44 36 45 43 99 2 2 73 87 8 91 72 78 57 9 62 3 42 39 64 2 97 25 32 56 57 59 10 99 13 15 94 1 11 37 99 12 90 24 98 50 66 21 27 74 30 40 77 71 78 40 24 27 17 55 82 
73 66 44 23 78 10 17 78 20 5 29 83 94 4 80 95 69 52 74 42 33 13 70 55 43 10 78 69 26 85 50 50 50 45 73 79 54 41 57 73 45 37 55 90 40 86 85 8 38 58 1 70 22 71 25 64 32 54 32 57 38 
34 58 39 78 30 18 32 22 74 56 18 62 11 8 1 48 44 60 85 53 60 7 74 82 31 90 65 84 21 73 74 6 31 12 84 12 29 67 34 54 22 51 15 84 10 67 32 5 26 68 57 38 74 83 19 56 72 84 40 44 56 
13 50 38 76 85 50 57 3 83 10 76 85 77 60 47 95 43 51 21 62 60 58 36 94 28 91 65 63 82 60 71 46 9 8 22 45 57 78 99 91 39 75 76 67 86 74 62 80 24 82 41 35 91 76 28 18 19 92 81 100 52 
51 98 12 58 19 9 67 48 7 57 86 33 84 53 18 57 66 97 33 47 90 67 37 17 95 6 35 38 86 87 41 88 84 53 98 54 13 16 1 71 72 86 4 8 90 21 16 55 70 48 53 59 15 41 75 9 47 62 46 84 100 
87 24 83 91 73 88 55 88 88 25 59 25 28 18 15 1 34 21 70 81 26 80 47 66 6 55 64 67 53 100 66 91 23 100 33 95 87 87 82 26 63 92 51 43 62 17 43 95 37 64 27 14 43 74 32 48 80 95 67 84 94 
32 74 68 84 58 14 22 96 47 48 59 39 98 1 100 14 95 46 2 58 72 68 52 97 99 51 77 93 17 60 39 1 86 58 36 95 72 57 91 18 4 1 8 53 53 59 18 99 4 72 56 28 39 59 24 37 9 100 81 78 12 
71 30 49 29 65 43 100 21 33 69 77 85 77 29 89 87 47 87 43 18 94 70 56 52 45 44 13 97 24 42 8 95 71 56 75 35 50 26 7 35 94 83 19 22 12 8 61 10 46 3 27 40 72 34 43 16 29 55 12 52 96 
71 98 18 78 72 4 28 97 11 62 43 45 32 16 8 91 76 17 37 78 95 28 1 80 70 17 8 77 80 60 24 3 9 42 80 33 45 59 29 55 20 23 100 52 91 59 94 66 76 30 96 70 9 96 50 79 64 9 55 96 68 
78 98 29 71 29 61 16 88 41 22 59 16 73 62 6 32 56 71 7 37 18 28 46 14 29 76 29 38 30 24 57 59 73 85 30 2 97 45 41 38 18 51 53 91 13 10 22 20 80 28 56 50 7 53 63 36 28 43 73 9 67 
81 68 91 18 49 44 14 45 84 3 62 35 55 52 99 64 73 70 96 52 25 45 59 30 59 94 9 1 18 18 19 50 85 10 67 85 53 81 29 89 83 90 75 90 42 73 5 66 42 52 18 18 48 76 99 6 21 8 59 90 25 
29 39 61 38 58 45 43 90 25 31 72 14 57 13 7 81 70 73 22 21 42 91 69 17 42 26 89 49 36 30 25 65 68 85 54 77 81 96 66 5 78 90 70 86 2 77 66 71 1 39 44 42 82 64 10 23 89 50 71 25 79 
95 89 98 31 94 75 63 42 40 19 19 29 88 57 83 16 22 5 16 61 48 9 42 11 18 64 52 19 86 76 97 32 16 95 14 61 69 76 2 8 94 73 89 33 29 71 49 50 75 16 10 75 25 3 85 94 66 36 13 3 63 
9 34 30 55 47 91 23 74 92 83 67 64 71 100 92 41 100 94 15 15 55 41 91 58 26 85 75 13 49 78 28 9 63 9 64 62 99 86 35 43 20 54 6 90 5 50 30 4 95 97 70 49 37 61 58 14 97 33 79 45 62 
58 5 24 66 68 85 65 6 72 59 25 25 16 15 29 17 96 84 11 92 53 12 81 65 69 46 61 1 24 57 62 81 62 38 47 81 22 63 38 93 21 15 17 88 81 97 5 76 32 15 20 85 26 52 1 47 97 62 47 21 18 
61 53 31 98 51 64 19 13 1 64 85 67 32 25 47 81 29 75 12 43 94 48 21 45 49 67 93 62 65 13 31 25 66 62 74 68 77 45 33 77 8 69 44 91 93 42 71 21 16 35 16 61 82 88 5 82 54 50 43 70 62 
74 47 79 87 20 47 63 64 31 91 23 99 86 66 92 80 36 12 95 22 27 56 4 14 12 37 19 61 80 41 75 5 87 5 43 58 3 57 22 33 99 96 32 37 61 23 16 49 34 10 70 13 17 25 78 29 62 49 41 93 89 
15 49 75 20 43 32 22 99 5 7 97 53 38 33 13 60 48 13 45 10 35 9 26 59 87 54 72 35 47 64 23 61 64 49 32 6 32 54 56 89 60 53 41 49 37 5 60 37 18 4 46 52 13 23 62 51 77 34 37 23 49 
59 35 13 59 67 70 90 72 26 78 83 30 70 31 66 75 90 54 44 45 99 95 9 22 8 59 50 41 95 24 90 5 10 54 15 76 75 57 99 100 34 33 29 56 63 47 30 4 100 73 1 51 19 9 24 26 20 25 19 14 100 
60 71 61 65 85 89 39 41 87 39 27 20 19 82 34 17 63 90 69 87 90 71 5 98 46 82 69 70 52 35 21 11 5 81 75 41 69 66 34 8 56 60 27 74 93 12 43 55 1 11 41 90 33 97 40 78 30 8 99 82 42 
71 44 98 51 71 39 72 36 72 79 91 83 57 16 27 20 58 33 21 20 25 10 52 21 1 81 2 9 79 83 2 49 79 100 52 49 90 75 84 61 53 26 95 61 41 21 32 99 5 52 70 29 14 22 1 14 2 2 74 33 85 
76 81 15 27 84 63 16 58 98 28 62 23 22 74 63 94 6 13 98 57 35 26 70 56 26 36 9 79 61 93 15 36 26 29 62 9 91 29 67 40 56 28 62 77 2 77 22 7 41 71 15 75 96 37 82 73 72 43 4 32 35 
18 20 60 47 33 21 89 62 87 29 17 66 42 46 67 70 67 25 11 38 92 37 85 28 71 10 51 13 13 34 99 82 53 11 28 38 31 69 51 69 97 19 34 90 64 53 60 83 29 22 72 20 58 8 47 28 69 97 92 33 31 
43 15 35 53 94 72 35 62 74 3 10 93 36 100 56 40 59 90 69 80 13 88 89 21 87 17 41 83 60 74 65 2 40 52 6 33 75 92 95 49 94 4 41 82 55 48 21 13 38 41 44 50 29 33 22 67 1 15 49 60 40 
66 14 79 17 19 11 91 11 57 39 56 13 79 89 67 79 10 32 16 50 75 17 30 7 91 96 7 5 97 67 44 14 32 22 30 2 84 72 64 93 63 20 57 93 8 23 71 69 6 86 71 81 55 52 87 45 100 46 1 96 64 
44 61 95 17 90 96 52 13 60 96 75 31 52 68 90 27 38 11 32 76 33 12 30 84 51 26 83 96 26 30 59 21 90 53 89 31 100 40 96 11 88 70 93 39 89 83 65 79 45 97 54 77 60 35 60 10 60 95 5 37 76 
63 57 18 67 45 100 67 36 95 77 23 17 70 14 5 4 78 83 48 26 88 76 86 22 87 47 33 81 52 69 9 66 25 26 85 21 77 51 57 72 79 31 40 100 44 44 55 74 79 54 99 18 29 36 40 16 83 72 48 86 41 
56 3 17 33 87 38 10 89 46 33 20 28 24 19 24 19 26 97 97 79 47 67 8 83 6 75 17 29 22 2 21 30 56 38 62 95 27 23 83 24 7 2 3 30 73 26 49 50 22 97 28 69 63 35 3 20 61 19 49 83 72 
21 12 27 58 25 21 36 100 56 11 58 9 14 88 81 91 88 82 13 36 10 33 51 96 87 70 57 5 70 91 76 91 2 54 100 78 27 36 29 82 98 87 90 11 26 23 54 65 4 18 100 13 50 50 61 88 72 17 92 41 7 
19 83 60 24 83 89 50 70 18 31 67 4 73 30 81 95 83 45 50 100 96 63 1 98 75 88 69 91 31 61 49 49 44 8 72 26 96 74 95 65 4 13 20 76 42 100 22 24 96 72 75 92 86 75 89 60 14 9 2 44 69 
50 92 12 57 16 89 4 89 35 69 44 48 88 72 41 40 93 17 35 16 91 26 53 18 66 12 31 74 13 75 43 62 66 6 70 33 47 26 73 81 94 17 80 33 40 21 24 84 37 59 100 27 36 52 44 2 16 27 75 28 1 
69 42 18 27 63 51 73 88 23 53 33 91 85 66 30 5 41 14 93 99 65 71 35 68 67 36 83 93 62 63 93 83 56 10 9 18 60 81 6 35 85 38 25 69 55 7 25 96 72 17 46 36 88 80 3 54 67 38 98 81 100 
90 63 55 51 71 72 11 51 29 97 87 19 73 56 73 79 32 20 50 1 66 37 88 97 40 93 64 29 42 96 28 31 58 34 81 28 5 43 30 86 91 16 4 64 23 28 94 7 48 96 7 65 32 46 61 23 38 76 51 79 71 
30 61 80 63 93 7 20 36 88 5 26 56 8 41 30 87 35 36 34 82 42 50 13 87 11 88 76 86 38 6 9 20 66 88 82 59 47 1 46 86 57 23 41 16 16 71 3 50 58 88 83 52 38 95 38 48 34 66 85 24 71 
45 43 89 33 24 99 31 77 96 16 33 18 9 49 33 31 51 34 88 38 16 39 75 63 29 74 96 94 11 19 16 55 13 4 39 37 54 69 65 49 37 97 19 45 45 3 75 47 89 14 37 4 53 63 18 33 37 66 78 47 36 
93 53 49 49 92 37 54 12 1 3 100 97 73 44 94 75 70 92 63 84 28 19 88 91 36 20 79 53 97 77 89 41 81 37 89 72 73 43 36 25 97 35 73 21 31 18 95 100 10 10 83 89 80 70 31 67 89 9 20 37 37 
8 78 18 44 18 41 68 12 76 44 60 63 16 80 93 34 27 92 95 36 27 83 67 96 14 33 37 74 52 73 11 59 2 28 54 72 68 21 83 96 16 95 58 32 74 2 17 100 93 63 87 71 45 53 67 10 86 3 36 37 27 
46 48 81 25 1 52 44 74 86 39 89 80 48 20 54 49 88 5 94 50 44 64 47 96 30 8 33 84 43 22 63 40 69 43 64 21 94 8 94 79 98 35 59 46 6 64 94 94 20 39 43 63 3 41 11 84 49 43 20 91 16 
82 31 36 76 46 57 69 5 2 99 3 36 9 100 42 72 45 87 92 84 81 54 38 22 16 73 70 59 44 12 26 25 94 62 52 40 70 20 96 71 71 50 59 79 49 100 51 94 86 94 29 66 99 66 39 15 90 8 25 34 72 
50 10 65 63 62 56 32 33 52 3 3 1 61 82 2 12 84 95 49 29 75 66 27 92 5 93 81 12 69 66 35 19 28 100 81 89 7 13 73 58 67 76 11 79 9 64 90 44 10 38 72 84 55 50 75 59 43 7 23 11 73 
57 81 52 56 14 40 15 78 64 24 44 39 86 22 99 49 63 42 58 52 13 93 6 63 67 65 57 26 87 19 50 95 52 1 3 65 92 17 42 55 40 37 46 26 10 44 74 72 86 84 75 50 76 80 64 95 96 20 20 34 91 
21 29 42 21 31 58 12 99 51 66 38 87 11 63 48 7 89 19 44 72 45 93 99 76 57 93 72 28 64 57 70 84 37 63 56 19 20 67 17 22 85 55 8 47 69 55 53 9 25 48 32 21 41 31 97 49 75 20 28 91 76 
50 26 13 12 82 31 84 100 48 5 84 54 65 83 74 71 87 83 48 35 14 68 27 96 64 27 23 35 54 13 11 3 90 75 67 71 5 50 23 4 6 58 9 22 40 83 45 27 65 92 13 30 11 39 78 27 65 100 61 70 64 
71 25 5 45 91 28 2 92 50 5 97 7 14 71 47 48 15 25 64 6 37 93 16 27 22 42 43 73 3 12 88 25 36 93 70 78 20 71 69 69 27 18 75 92 88 73 39 2 49 2 59 37 47 74 63 68 68 57 41 22 69 
28 98 56 72 19 34 91 41 54 11 68 71 38 59 58 10 50 11 11 51 69 47 97 95 10 65 14 18 57 87 86 36 84 94 8 3 79 50 43 32 13 10 55 50 21 12 11 70 75 21 20 43 68 69 37 29 85 2 46 41 88 
84 28 72 29 87 74 7 37 16 90 49 78 44 50 50 56 60 19 30 81 90 24 48 58 13 28 42 14 73 34 2 8 62 25 36 48 98 42 36 65 32 36 94 75 85 43 82 45 13 63 25 3 39 24 12 51 51 6 16 75 91 
69 83 52 93 18 52 42 12 39 7 95 75 52 69 11 95 3 55 7 17 31 61 55 6 25 5 8 82 73 83 72 41 17 76 34 86 79 75 97 17 33 91 43 37 12 54 31 14 60 89 82 91 2 37 96 26 93 56 7 65 38 
30 6 6 5 91 91 83 17 40 52 2 30 94 38 93 99 20 58 59 8 40 49 9 76 96 86 20 51 44 37 40 26 42 45 30 84 88 65 52 27 16 53 8 61 42 1 60 61 58 18 69 97 18 29 24 65 67 44 68 62 80 
7 87 73 4 69 8 43 33 59 69 100 64 76 60 5 76 71 66 86 40 86 82 57 66 58 74 32 53 41 46 32 99 32 56 54 100 15 96 84 73 16 83 88 92 95 93 19 65 10 4 5 47 38 13 12 95 86 96 47 78 93 
30 77 24 37 82 76 51 78 11 75 45 94 63 36 40 7 7 56 68 62 60 14 99 25 77 45 62 24 43 40 16 72 68 92 8 49 19 10 78 29 85 23 74 99 10 13 57 16 69 24 30 80 89 28 4 65 25 66 41 67 57 
56 91 24 99 98 72 17 60 50 46 96 24 19 94 33 84 50 1 52 25 30 83 13 9 87 29 33 4 69 52 60 77 42 83 75 39 6 92 50 7 89 45 30 59 38 15 42 39 15 45 63 44 80 27 4 18 56 89 21 76 40 
32 52 81 66 79 19 23 22 21 30 10 65 11 20 55 25 62 45 39 58 8 34 37 86 90 54 93 78 26 69 17 9 72 97 74 50 67 97 23 87 78 84 52 88 4 58 13 17 2 3 26 61 37 63 47 26 68 39 3 46 59 
19 54 31 15 28 32 81 76 7 20 53 90 23 40 45 80 4 61 33 7 87 94 43 1 92 20 20 82 74 65 41 44 19 23 10 98 6 42 25 12 61 77 54 83 68 98 14 72 59 47 78 97 40 72 97 83 43 16 64 16 33 
56 59 51 78 20 100 36 61 24 99 22 52 52 56 19 50 70 90 60 16 19 56 7 90 4 89 32 71 4 99 3 60 9 5 89 28 56 76 89 79 75 10 30 26 65 1 27 86 90 86 1 61 93 59 50 48 47 34 19 3 32 
73 62 41 30 2 20 85 78 8 16 52 69 97 29 86 97 8 71 39 45 24 99 38 82 100 37 81 33 7 83 17 80 96 9 61 97 28 97 26 36 12 29 56 61 10 41 57 17 12 47 61 35 97 98 16 97 87 96 81 93 30 
49 24 25 57 84 74 37 33 51 24 96 80 79 56 89 20 65 5 31 11 17 17 8 15 32 56 53 80 36 45 9 85 69 86 93 4 11 29 36 61 52 32 92 31 39 32 2 55 88 32 66 5 48 25 71 31 32 23 62 19 67 
23 3 87 8 48 43 70 76 78 82 80 61 74 62 52 5 63 6 45 46 23 49 45 99 19 75 30 41 89 49 59 11 3 98 70 50 40 39 78 69 20 57 30 45 70 33 2 32 38 46 77 61 46 73 11 64 99 93 56 87 41 
66 97 95 63 18 45 2 56 74 71 28 30 52 24 99 84 25 82 73 22 10 85 67 82 96 82 80 88 89 19 80 55 15 74 69 85 70 23 92 43 93 71 24 96 95 74 31 71 7 3 93 16 40 59 49 87 93 81 74 81 99 
5 35 65 30 4 49 100 26 41 94 70 63 70 17 57 43 47 28 50 1 72 17 92 82 66 78 74 46 3 55 96 7 41 60 89 96 61 40 73 53 33 94 15 2 10 24 97 8 51 46 9 22 62 100 3 79 30 29 76 32 83 
71 91 75 83 79 71 95 18 43 47 2 37 13 56 98 36 52 6 38 97 66 11 10 17 66 89 46 94 64 78 28 87 68 2 69 98 72 63 15 67 61 16 3 73 71 52 61 74 57 98 70 22 9 32 39 74 72 84 67 87 13 
1 0 1 0 0 0 0 0 0 0 0 0 0 1 0 1 1 0 0 0 1 1 0 0 1 1 1 1 1 0 1 0 0 1 1 1 1 1 1 0 1 0 0 1 1 0 0 0 0 0 0 0 0 1 0 1 0 0 0 0 0 
0 0 0 1 1 1 0 0 1 0 1 1 0 0 0 1 1 0 1 1 0 1 1 1 0 1 0 0 1 0 0 1 0 0 0 0 0 1 0 1 1 0 0 0 0 0 1 1 0 0 1 0 0 0 0 0 1 0 0 1 0 
0 0 0 0 1 0 0 0 1 1 1 1 1 1 1 1 0 1 1 1 0 0 1 0 0 1 0 0 1 1 0 1 1 0 1 0 1 0 0 0 1 0 1 1 1 0 0 0 1 0 1 1 0 0 0 0 1 0 0 0 1 
0 1 0 0 0 1 1 0 1 1 0 1 0 1 1 1 1 1 0 1 0 0 1 0 0 1 1 0 1 1 1 1 0 1 0 0 0 1 1 0 1 1 1 1 0 0 0 1 1 1 1 1 1 0 1 1 0 0 1 1 1 
0 1 1 1 1 0 0 0 1 0 1 0 1 1 0 0 1 1 1 0 0 1 1 1 0 0 1 1 1 0 0 1 1 0 1 0 0 1 1 1 1 0 1 0 1 1 0 1 0 0 1 1 1 1 0 1 1 1 0 1 1 
1 0 1 1 1 1 1 0 0 0 1 1 1 0 0 0 0 1 0 0 1 1 1 0 1 1 1 0 1 0 0 0 1 1 1 0 0 0 1 1 0 0 0 1 0 0 1 1 0 0 1 1 1 1 1 1 0 0 1 1 1 
1 0 0 0 1 0 1 0 1 0 0 0 0 0 0 0 1 1 0 1 1 1 1 0 0 0 0 1 1 1 0 1 1 0 1 1 0 0 1 0 0 1 0 0 1 0 1 1 0 1 0 1 1 1 1 1 1 1 0 1 0 
0 0 0 0 1 1 1 0 0 1 0 1 1 1 1 1 0 0 1 1 0 0 0 0 1 0 1 0 0 0 1 1 0 1 1 0 0 0 0 0 1 0 1 0 1 0 0 1 0 1 1 1 0 1 1 1 1 0 0 0 1 
1 1 1 0 0 1 0 1 1 0 0 0 1 1 1 0 1 1 0 0 0 1 0 1 0 0 1 1 0 1 0 1 0 1 1 0 1 1 1 0 1 0 0 0 1 0 0 0 1 1 0 1 0 1 0 1 1 1 0 1 0 
0 0 0 1 1 1 0 0 0 1 1 0 1 1 1 1 0 1 0 1 0 1 1 1 0 0 0 1 0 1 0 0 1 0 0 0 1 0 0 0 1 1 0 1 0 0 0 0 1 1 1 1 0 1 0 0 1 0 0 0 1 
0 0 0 0 0 0 0 1 0 0 0 1 0 1 0 0 0 0 0 1 0 1 1 1 0 0 0 0 0 0 0 0 1 0 0 1 1 0 0 1 0 1 1 1 0 1 1 0 1 1 1 1 1 1 0 1 1 1 1 1 1 
1 1 0 0 1 0 1 0 0 0 0 1 1 1 0 0 1 0 0 0 0 1 1 1 0 0 0 1 0 1 0 1 0 1 1 1 1 0 1 1 1 0 1 0 1 1 1 0 1 1 1 1 0 0 0 0 1 0 1 1 1 
0 0 1 1 0 1 0 0 0 1 1 0 0 0 0 1 1 0 1 0 1 0 0 0 1 1 1 1 0 0 1 0 0 0 1 0 1 1 1 0 1 0 0 1 0 0 1 1 1 0 1 0 0 0 0 1 1 1 1 1 1 
0 0 0 0 1 0 0 1 1 0 0 0 0 1 0 1 0 0 0 0 1 0 1 1 1 0 0 0 1 0 0 1 0 0 0 1 0 0 0 0 0 0 0 0 0 0 1 0 0 1 1 0 0 0 1 1 0 0 1 0 0 
1 1 0 1 1 1 0 1 0 0 1 0 0 0 0 0 1 1 1 1 0 1 1 0 0 0 0 0 1 0 0 1 0 0 0 1 0 0 1 0 0 0 0 0 0 1 1 0 0 0 1 0 1 0 0 1 0 0 0 1 1 
0 0 1 1 1 0 1 1 1 1 0 0 1 0 0 0 1 0 0 1 1 0 0 1 0 0 1 1 0 1 0 0 1 1 1 0 1 0 0 1 1 0 1 1 0 1 1 0 0 0 1 1 0 0 1 1 0 0 0 0 1 
0 0 1 1 0 1 0 0 1 1 0 1 0 1 0 0 0 0 0 0 1 1 1 1 0 0 1 1 0 1 0 0 0 1 1 0 1 1 0 0 1 0 0 1 1 0 1 0 0 1 0 1 1 1 1 1 1 0 0 1 0 
1 1 0 0 0 0 1 0 0 0 1 1 0 0 0 0 0 0 0 1 1 1 0 0 0 0 0 1 0 1 1 1 1 1 0 1 1 1 1 1 1 0 0 1 1 1 1 1 1 1 0 0 1 1 1 1 1 1 0 1 0 
1 1 1 0 1 1 1 0 0 1 0 1 1 1 0 0 1 1 0 0 1 0 1 0 1 1 1 0 1 1 1 1 0 0 1 1 1 1 1 0 0 1 1 1 1 1 0 0 0 0 0 1 0 0 0 0 1 1 0 0 0 
1 1 0 0 1 1 1 0 1 1 0 0 0 1 1 1 1 1 1 1 0 1 0 0 1 0 1 0 0 1 1 0 1 1 0 0 1 1 0 0 1 0 0 1 1 0 1 1 1 0 0 1 1 0 1 0 0 0 1 1 0 
0 1 1 1 1 1 0 0 1 0 1 1 1 1 0 1 0 1 0 0 0 0 0 0 1 0 1 0 1 0 0 1 1 1 1 0 0 1 0 1 0 0 0 1 1 0 0 1 0 0 1 0 0 1 0 0 0 1 0 1 1 
0 1 0 1 0 0 1 1 1 0 1 1 0 0 0 0 0 1 0 1 0 0 1 0 1 1 0 0 1 1 0 1 0 0 0 0 1 1 0 0 1 1 1 1 0 1 0 0 0 0 1 0 1 1 0 0 0 0 0 0 0 
0 1 0 1 0 1 0 1 1 0 1 0 1 0 0 0 0 1 0 1 0 0 0 1 1 0 0 1 0 0 1 1 1 0 0 1 1 0 1 0 0 0 0 1 0 1 1 1 0 1 0 0 1 0 0 0 0 0 0 0 0 
1 1 1 1 1 1 0 1 0 0 1 0 1 0 0 0 1 1 0 0 1 0 0 1 0 0 1 0 0 0 0 0 1 0 1 1 1 0 0 1 0 0 1 1 0 1 1 0 1 1 0 0 0 0 0 0 1 1 1 1 1 
1 1 1 1 1 0 0 1 0 1 1 0 0 1 1 0 0 1 1 0 1 1 0 0 1 0 1 1 1 0 0 1 0 1 0 1 1 1 0 0 0 1 0 1 0 1 1 1 0 0 1 0 1 1 0 1 1 1 0 1 1 
0 0 1 0 0 0 1 1 0 1 0 0 0 1 0 1 0 1 0 0 0 0 1 1 0 0 1 1 0 0 0 1 0 0 1 0 0 0 0 1 0 0 1 0 1 1 1 1 1 1 1 1 1 0 1 1 1 0 0 1 0 
1 0 0 1 1 0 1 0 0 0 0 0 1 0 1 1 1 0 0 1 1 1 0 0 0 0 1 0 0 0 0 1 1 0 0 0 1 0 0 1 0 0 0 0 0 1 1 0 0 1 1 1 0 1 1 1 1 0 1 0 1 
0 1 0 0 0 0 1 0 1 1 0 1 1 0 0 0 1 0 0 0 1 0 1 0 1 0 0 0 1 0 1 1 1 1 0 1 1 1 1 0 0 0 0 1 0 0 0 0 0 0 0 1 0 1 1 0 1 1 0 1 1 
1 0 1 0 0 0 1 0 0 0 0 0 0 0 0 0 0 0 0 0 1 1 1 0 0 1 0 0 1 1 1 0 1 0 0 0 1 1 0 1 1 0 1 1 0 1 1 0 0 1 1 1 0 0 1 1 1 1 1 0 0 
0 0 0 1 0 0 0 1 0 1 1 0 0 0 1 1 0 1 1 1 0 0 0 0 0 1 1 1 0 1 0 0 1 0 1 1 0 1 1 0 0 0 0 0 0 1 0 0 1 1 0 1 0 0 0 0 1 1 1 1 1 
1 1 0 1 1 0 1 0 1 1 1 1 0 1 1 1 1 0 0 1 0 0 1 0 0 1 1 1 0 0 0 0 1 1 1 0 1 1 1 0 0 0 1 0 1 0 0 1 0 0 0 0 0 1 0 0 0 1 0 0 1 
0 0 1 1 0 1 0 1 0 0 1 0 1 0 0 0 0 1 0 0 1 1 1 0 1 1 0 1 1 0 0 0 1 1 1 1 1 0 0 1 0 1 0 0 1 0 0 1 1 0 0 0 1 1 0 1 0 0 0 0 0 
0 0 1 0 1 0 1 1 0 0 0 0 0 0 1 0 0 1 1 0 1 1 0 0 1 1 0 1 1 0 0 1 0 1 1 0 0 0 1 0 1 1 0 1 1 0 0 1 1 1 0 0 1 0 0 0 1 0 0 0 1 
0 1 1 1 1 1 1 1 1 0 0 0 0 0 0 0 0 1 1 1 1 1 0 1 1 1 0 0 1 0 1 1 0 0 0 1 0 0 0 1 0 1 1 0 1 1 1 1 1 0 0 0 0 1 0 1 0 0 1 1 1 
0 0 1 1 0 0 1 0 0 0 0 1 1 1 0 1 0 1 0 0 0 0 0 1 0 0 1 1 1 0 0 0 0 1 1 0 1 0 1 1 0 1 1 1 0 1 0 0 1 0 1 1 1 1 0 1 1 1 0 1 1 
0 1 1 1 0 1 0 0 0 0 0 0 1 1 0 0 0 1 1 0 0 0 1 1 0 1 1 1 1 0 0 0 1 1 1 1 1 0 1 1 0 1 1 1 0 0 1 0 1 1 1 1 1 0 0 0 1 1 1 1 1 
0 1 0 1 0 1 0 0 0 0 0 1 1 1 0 1 1 0 0 0 1 1 1 0 0 1 1 1 1 0 1 1 1 1 0 0 1 1 0 1 1 1 1 0 0 1 0 1 1 0 1 1 0 1 1 0 0 0 1 1 1 
0 0 0 0 1 0 1 0 1 0 1 0 1 1 0 0 1 0 0 0 1 1 0 0 0 0 1 0 1 0 1 0 1 0 0 0 0 1 0 1 1 1 1 1 0 0 1 0 0 1 0 1 0 0 0 0 0 1 1 1 1 
0 1 0 0 1 0 1 0 0 0 0 1 0 1 0 0 0 0 0 0 0 1 0 0 1 1 0 0 0 1 0 0 1 0 1 0 1 0 1 1 0 1 1 0 0 1 0 0 1 0 0 1 0 1 1 1 0 1 0 0 0 
0 0 1 0 1 0 1 1 1 1 0 0 0 0 0 1 1 0 0 1 1 1 1 0 0 1 0 1 1 0 1 1 0 1 1 0 1 1 1 0 0 1 0 0 0 0 1 1 0 1 0 1 0 0 1 0 1 1 1 0 1 
0 1 0 1 0 0 0 1 1 0 1 1 0 1 1 0 0 0 1 1 0 0 1 0 0 1 1 1 0 1 1 1 0 1 0 1 1 1 0 0 1 0 1 0 1 0 0 0 0 1 1 1 0 1 1 0 0 1 1 1 0 
0 0 1 1 0 0 0 1 0 1 1 0 0 1 0 1 1 0 1 1 1 0 1 0 0 1 1 1 0 0 1 1 0 0 0 0 0 1 0 1 0 1 1 0 0 1 1 1 1 1 0 1 1 1 1 1 0 0 0 1 0 
0 0 0 0 0 1 1 1 1 0 1 0 1 0 0 1 1 1 0 0 0 1 0 1 1 1 0 1 0 1 0 0 1 0 0 1 1 1 1 0 1 0 0 1 0 0 0 0 0 0 0 0 0 0 1 1 0 1 0 0 0 
0 0 1 1 0 1 0 0 0 1 1 0 1 0 1 0 0 1 0 1 1 0 1 0 1 0 0 1 0 0 1 1 0 1 0 0 0 0 0 0 1 0 0 1 0 1 1 1 0 1 0 0 1 1 0 0 1 0 1 1 0 
1 0 0 0 0 0 0 1 1 0 0 1 0 1 1 0 0 0 0 1 0 0 0 1 0 1 0 0 0 0 0 1 0 0 1 1 1 1 0 0 1 0 1 0 0 0 0 0 1 0 0 1 1 0 1 1 1 1 0 0 1 
0 1 0 1 1 1 0 0 1 0 0 1 1 0 1 1 0 0 0 0 0 0 1 0 1 1 0 0 1 0 0 1 1 0 0 0 1 0 1 0 0 1 1 1 1 1 1 1 1 1 1 1 1 1 1 0 0 1 1 1 1 
1 0 1 1 1 1 0 1 0 0 0 1 1 1 0 0 0 1 1 0 1 0 1 0 0 0 0 1 1 1 1 0 1 0 1 0 1 1 0 0 1 0 1 0 1 0 1 0 1 0 0 0 1 1 0 1 1 0 0 0 1 
1 0 1 1 1 1 1 0 1 1 1 1 0 0 1 0 1 1 0 1 1 0 0 0 1 1 0 1 0 0 1 1 1 0 1 0 1 0 1 1 1 0 0 1 0 1 0 1 0 0 1 1 0 1 0 1 1 0 1 1 0 
0 0 1 0 1 0 1 1 1 0 0 1 1 0 0 0 0 1 1 0 0 0 0 0 0 0 1 0 1 0 1 1 0 0 1 0 0 0 1 1 1 0 1 0 0 1 0 0 0 1 0 1 0 0 1 0 0 0 1 1 0 
0 0 0 0 1 0 1 0 0 0 1 0 1 1 0 0 1 0 1 1 0 0 1 0 1 1 1 1 0 0 1 0 1 1 1 0 0 0 0 0 0 1 0 0 0 0 0 0 0 1 1 0 1 0 0 0 1 1 1 0 0 
0 0 1 0 1 1 0 1 0 0 0 1 0 0 0 0 0 0 0 0 1 0 1 1 0 0 0 0 1 0 0 0 1 1 0 0 0 0 0 0 0 0 0 0 0 0 0 0 0 0 0 1 0 0 0 0 0 0 0 1 1 
0 1 0 1 1 0 0 1 0 0 1 0 0 1 0 0 1 1 0 1 1 1 1 1 1 0 1 0 0 1 1 1 0 1 0 0 1 0 1 0 1 1 0 1 0 1 0 0 0 0 1 1 0 1 1 1 1 0 1 1 1 
0 0 0 1 1 0 1 1 1 1 0 0 1 0 1 0 0 1 0 0 0 0 0 1 1 0 0 1 1 0 1 0 0 1 1 1 1 0 1 0 1 1 1 1 1 0 1 1 1 0 0 1 0 0 1 1 0 1 0 0 1 
1 0 0 0 1 1 1 0 0 0 1 0 1 0 1 1 0 1 0 0 1 1 0 1 0 1 0 0 1 0 1 1 0 1 1 1 1 1 1 1 1 1 1 0 1 1 1 1 0 1 1 1 0 1 0 1 0 0 1 0 0 
0 1 0 0 0 0 1 1 1 0 0 0 0 0 0 1 1 1 1 0 1 0 1 0 0 0 1 1 1 1 1 1 0 0 1 0 0 0 0 1 1 0 0 1 1 0 0 0 1 1 1 0 1 0 1 1 0 0 0 1 1 
0 0 1 0 0 1 0 0 1 1 1 0 1 0 1 1 0 1 1 1 0 1 0 0 0 0 0 0 0 1 1 0 0 0 0 0 0 0 0 1 0 0 1 1 0 0 1 1 0 0 0 0 1 1 1 0 1 1 0 1 1 
0 0 1 0 0 1 0 1 1 0 1 1 1 0 0 0 1 1 0 1 1 0 1 0 1 1 1 1 1 1 0 1 1 1 0 1 0 0 0 1 0 1 1 0 0 1 0 1 0 0 1 1 0 0 0 0 1 1 1 0 0 
1 0 1 0 0 1 0 0 1 1 1 1 0 1 1 1 1 0 1 1 1 1 1 1 1 1 0 0 0 1 1 1 1 0 1 1 1 1 1 1 1 0 0 1 1 1 1 0 1 0 1 1 1 1 0 0 0 1 1 1 0 
0 0 1 0 0 0 0 1 1 1 0 0 1 0 1 0 1 0 1 1 1 0 1 0 1 1 1 0 0 0 0 0 0 1 1 0 1 1 0 0 0 0 0 1 0 0 1 1 0 0 1 1 1 0 0 0 1 1 0 0 1 
0 0 1 1 1 0 0 0 0 0 0 0 1 1 1 1 0 0 1 1 1 0 0 1 0 0 1 1 0 1 0 0 1 0 1 1 0 1 1 0 1 0 0 0 1 1 1 0 0 0 1 1 1 1 1 1 1 0 1 1 1 
1 1 0 1 0 1 1 1 1 1 0 1 0 1 0 1 0 0 1 1 1 1 0 0 0 1 1 0 0 0 1 0 1 1 1 1 1 1 0 0 0 1 1 0 0 1 0 0 0 1 1 1 0 1 0 0 1 1 0 1 0 
1 1 1 1 1 1 0 0 1 0 0 0 1 1 0 0 1 1 0 0 0 0 1 0 0 1 1 1 0 0 1 1 0 1 0 1 0 0 1 1 0 1 0 1 0 0 0 1 1 0 0 0 0 1 0 0 0 1 0 0 1 
