46 52 240
43 37 87 22 29 40 10 62 33 37 58 21 2 12 10 53 42 30 54 43 66 64 32 13 72 87 72 84 24 69 55 66 6 93 39 86 32 48 48 64 36 57 36 89 20 45 93 62 26 47 56 43 
10 39 56 81 25 27 16 48 47 22 65 4 15 55 90 98 54 37 14 90 45 49 78 64 46 23 77 71 69 33 14 78 71 69 10 48 47 77 47 93 98 12 97 12 66 86 10 20 74 23 61 18 
71 90 33 16 12 10 39 80 42 52 9 64 72 70 11 70 46 58 14 44 21 62 55 38 99 64 9 24 38 69 93 9 11 26 76 22 35 14 54 28 17 14 43 40 84 54 9 29 63 23 24 35 
36 79 72 35 94 33 58 32 53 51 92 63 28 67 37 62 33 90 41 1 55 83 41 38 88 1 19 2 75 42 36 11 72 60 45 66 92 54 97 44 56 88 59 83 6 95 96 90 84 36 91 90 
19 31 28 6 83 46 60 58 39 95 68 11 6 64 76 49 69 24 45 25 63 3 59 20 97 55 10 32 42 100 21 60 82 100 18 64 45 77 73 36 23 40 46 29 55 73 29 24 96 73 100 58 
75 58 77 23 64 38 54 6 37 27 17 70 26 86 86 23 62 58 58 37 50 55 17 4 27 45 79 22 18 30 31 44 40 59 67 55 97 72 60 85 50 77 7 76 14 92 50 76 1 59 64 50 
13 80 6 39 76 36 12 45 66 94 89 57 4 7 11 100 30 71 37 80 99 95 55 12 86 56 39 38 14 54 88 26 33 93 16 61 28 79 5 45 72 93 1 75 51 12 27 81 34 15 60 84 
9 66 47 46 21 86 83 86 91 70 63 24 14 78 36 94 56 40 90 27 85 91 53 35 54 79 15 87 93 26 22 53 43 68 98 63 53 81 100 96 2 62 19 68 91 54 13 46 45 2 24 29 
92 29 64 97 7 30 35 52 56 56 4 98 24 54 13 28 86 12 23 39 26 93 6 16 98 18 14 43 72 89 71 15 17 86 12 76 16 46 27 71 54 82 20 77 35 84 56 20 96 79 59 73 
23 16 88 21 86 53 15 57 42 37 71 10 23 34 85 38 32 63 60 85 45 31 13 31 15 68 3 62 98 13 34 73 28 73 93 65 26 59 21 19 95 44 28 17 29 65 6 60 27 17 96 23 
48 60 6 62 80 8 75 29 20 8 1 99 32 93 64 9 3 36 27 98 31 7 14 60 23 72 71 1 88 19 76 35 78 81 48 9 40 22 38 11 81 38 9 65 83 24 73 85 12 52 82 42 
10 48 53 32 19 76 32 6 46 59 93 75 39 40 84 30 14 21 40 46 58 1 10 40 76 83 77 87 86 58 81 95 5 85 26 23 12 9 81 57 68 73 32 58 12 67 40 77 87 31 23 96 
31 84 88 59 18 64 97 3 73 77 97 78 14 74 52 25 35 32 34 54 4 65 63 68 83 2 44 69 33 18 16 15 2 3 73 19 18 70 74 91 98 70 20 11 96 23 88 30 55 21 83 10 
37 97 77 19 99 73 39 83 42 6 97 95 61 22 66 78 43 39 20 92 60 91 55 55 14 42 36 20 14 70 29 50 67 58 20 65 82 10 47 23 15 95 70 75 68 35 5 10 73 76 2 84 
67 56 91 32 49 26 51 62 96 31 63 62 40 34 78 73 43 76 48 9 70 17 36 90 51 40 99 75 67 52 10 85 7 100 16 55 26 18 68 21 1 30 34 92 63 63 65 5 38 12 66 59 
80 1 48 82 92 99 56 58 50 17 95 57 17 10 63 42 80 31 14 32 12 99 23 75 61 39 31 98 2 96 8 81 48 56 62 39 54 69 49 3 86 43 11 54 4 26 95 35 56 60 66 19 
58 41 93 18 31 76 67 33 23 74 65 71 81 79 61 86 99 61 41 36 3 51 89 59 28 83 45 35 42 11 54 51 3 46 68 33 73 86 17 96 60 82 66 92 60 78 78 58 39 18 46 93 
20 34 51 48 69 96 34 10 58 87 13 12 85 80 96 57 18 13 4 77 94 21 20 5 99 97 14 37 66 59 29 86 93 32 85 61 79 18 22 88 57 34 51 41 66 46 49 83 58 53 11 3 
73 30 7 71 79 73 59 44 31 40 81 75 23 17 35 1 87 9 40 43 94 90 35 11 35 83 45 45 35 55 47 8 37 6 30 67 78 89 10 8 28 43 35 50 11 21 2 97 29 41 39 75 
82 25 85 16 8 30 12 42 36 59 1 72 64 31 90 41 71 52 100 50 94 34 51 4 55 52 53 35 44 43 9 77 68 94 44 75 75 56 68 10 14 69 34 29 51 23 69 21 74 20 22 19 
6 72 75 60 75 27 94 70 69 55 46 88 48 89 62 22 96 30 83 61 50 16 89 52 91 9 72 64 29 45 35 34 16 9 45 42 87 90 11 7 44 8 95 43 48 56 16 44 37 99 4 38 
14 93 89 56 1 12 20 81 56 54 66 23 14 10 64 100 100 74 6 95 33 52 38 81 60 53 24 96 51 27 86 17 71 74 72 24 38 43 4 93 48 70 16 13 31 31 12 82 57 70 77 89 
73 14 69 32 66 44 80 69 71 65 37 93 38 60 16 75 55 20 20 2 41 87 67 71 17 30 53 25 51 29 14 24 94 34 55 11 78 34 31 100 98 67 92 88 79 8 14 33 79 33 86 19 
71 52 41 88 82 45 64 32 25 29 55 18 63 62 29 92 95 59 91 93 78 34 32 8 93 45 40 71 30 77 41 100 29 82 39 62 78 3 45 3 31 52 72 45 13 52 36 7 63 78 51 92 
64 34 99 56 79 38 27 8 66 19 59 46 52 98 7 30 52 4 84 34 55 55 79 19 59 66 25 21 96 28 12 59 61 10 14 91 99 92 50 64 11 9 62 62 58 20 43 9 23 26 42 29 
33 72 47 91 38 24 63 33 51 74 43 63 35 8 6 33 52 55 48 14 15 61 27 72 81 70 80 3 47 74 32 79 45 30 21 82 53 83 66 3 8 60 18 42 68 23 26 71 77 26 84 92 
86 10 15 66 31 95 21 78 68 4 8 12 33 81 46 86 15 63 40 23 23 57 16 42 31 42 64 60 19 47 3 56 8 17 22 39 11 94 68 30 97 27 94 81 7 91 66 22 53 58 96 27 
14 11 20 97 4 83 56 22 81 58 78 89 74 51 79 37 44 46 66 92 24 11 72 83 1 90 4 6 47 51 84 12 61 56 8 65 38 63 38 71 20 67 59 46 69 37 82 12 34 99 55 57 
10 79 39 62 68 94 19 14 44 3 25 57 10 33 73 47 47 62 69 19 29 27 64 97 15 97 61 48 95 67 57 56 45 47 70 12 41 40 77 36 94 2 44 3 86 16 2 84 30 70 2 58 
97 17 6 11 13 18 11 60 85 67 67 29 13 88 93 5 28 69 93 21 22 36 24 59 4 25 43 33 94 44 42 42 61 47 5 25 17 67 36 1 85 3 81 49 90 73 54 17 94 98 90 15 
33 13 74 36 89 68 20 34 63 61 28 75 60 32 100 76 50 35 76 34 89 56 82 31 81 87 47 74 84 88 40 17 52 65 4 40 84 24 26 47 36 53 21 95 36 20 70 85 7 97 18 95 
5 51 25 37 38 24 62 21 63 1 89 15 18 93 6 1 68 31 47 55 35 68 50 70 39 71 6 97 20 75 44 24 26 20 60 63 95 73 35 58 73 24 72 42 68 29 95 87 60 41 41 94 
60 42 16 51 65 21 99 84 48 42 7 73 62 18 87 8 42 73 65 66 48 88 8 15 17 2 53 28 94 94 21 6 87 88 8 51 61 6 34 8 48 92 32 61 61 70 68 2 42 85 68 90 
24 27 56 40 80 9 67 73 54 40 30 92 79 37 43 39 43 28 98 42 72 29 54 84 50 73 86 92 57 5 33 81 83 40 72 62 48 91 86 53 82 16 45 60 4 39 51 98 66 48 39 89 
29 44 73 78 17 10 21 25 66 53 5 48 45 29 9 92 71 46 97 52 13 41 63 17 79 13 66 96 61 57 85 89 100 9 18 16 18 39 41 83 43 97 30 87 77 90 31 47 87 27 98 100 
19 61 68 49 25 33 44 85 89 80 25 41 88 95 56 5 33 48 39 27 97 68 66 73 9 96 20 96 74 69 47 92 81 66 40 6 98 35 42 39 15 19 79 2 13 86 59 97 86 97 23 82 
17 40 54 77 35 73 24 8 94 70 51 74 35 90 79 85 77 73 75 91 91 53 44 55 90 2 51 75 51 25 56 19 65 10 95 51 34 19 11 27 88 61 53 75 3 83 11 79 55 85 21 97 
89 64 3 78 18 53 5 20 30 60 38 46 21 32 96 7 50 58 85 90 71 37 16 73 20 26 3 74 10 23 23 50 38 25 27 7 30 83 26 11 95 63 56 15 95 3 73 96 61 58 37 83 
94 52 55 13 29 9 39 38 83 13 39 72 37 66 79 18 100 4 28 94 19 35 9 65 38 81 60 50 90 97 32 84 100 38 48 29 98 38 18 80 50 57 3 39 74 81 56 73 37 36 67 55 
70 27 71 59 59 30 60 49 78 43 84 30 80 31 58 29 69 27 60 70 83 63 8 8 95 64 81 31 51 99 37 72 77 7 31 35 89 42 35 18 85 18 99 16 1 8 45 21 35 4 90 69 
66 98 77 61 13 9 43 63 59 80 34 35 38 16 21 78 58 56 96 94 25 94 9 77 2 53 97 88 57 39 56 74 88 84 86 100 92 29 14 50 60 99 84 49 67 57 27 24 12 74 69 88 
19 77 17 72 30 13 59 38 3 15 63 90 98 49 89 42 29 54 43 40 53 79 88 71 35 66 46 98 39 14 85 58 90 1 29 71 66 88 60 68 54 23 10 3 23 50 44 3 4 39 94 8 
17 81 78 51 47 23 48 85 88 32 94 77 85 23 100 2 62 59 21 15 33 30 69 55 80 65 9 35 3 2 94 19 35 23 69 33 97 16 69 84 99 63 12 35 85 11 36 98 70 9 12 2 
38 32 9 69 96 69 55 98 71 100 16 57 22 84 89 70 51 57 53 2 19 65 36 55 27 24 4 96 84 67 50 21 99 10 42 94 78 48 92 100 48 59 56 21 43 96 91 45 53 95 98 23 
11 86 30 38 9 33 85 92 100 86 64 98 95 57 91 25 5 34 24 4 93 32 76 87 79 66 83 31 13 81 6 23 66 35 60 26 19 97 69 18 82 84 67 77 41 10 1 97 95 76 52 87 
59 27 25 38 93 8 20 57 40 25 79 5 11 91 82 82 87 50 51 68 33 18 96 25 79 48 73 73 76 24 12 34 3 36 71 47 95 43 3 34 19 81 90 82 71 71 63 9 72 13 29 57 
1 1 0 1 1 1 0 0 0 1 1 0 0 0 0 1 0 0 0 0 1 0 1 1 0 1 0 0 0 0 0 1 1 0 1 0 1 1 0 0 0 0 0 0 0 1 1 0 1 0 0 0 
0 0 0 0 1 0 0 1 0 0 1 1 1 0 0 0 1 0 0 1 0 1 1 0 0 1 0 1 1 1 0 1 1 0 1 0 0 0 0 0 0 1 1 1 1 1 0 0 0 0 1 0 
1 0 1 1 1 1 1 0 0 1 1 1 1 1 0 1 1 0 1 1 1 0 1 0 0 1 0 0 1 1 0 1 1 1 0 1 1 1 1 1 0 1 1 1 0 1 0 1 1 1 0 0 
0 1 0 0 0 0 0 0 1 0 1 0 0 1 1 1 1 1 0 1 0 1 1 0 0 1 1 1 1 1 1 1 1 1 1 1 1 1 1 0 1 0 1 1 0 0 0 1 1 1 0 1 
0 1 1 1 1 0 0 0 0 0 1 1 1 0 0 1 1 0 1 0 0 0 0 0 1 0 1 0 1 0 0 0 1 1 1 0 0 1 0 0 1 1 1 1 1 1 0 0 1 1 1 0 
0 1 0 1 1 0 1 1 0 1 1 1 1 0 0 1 1 0 1 1 0 0 0 1 1 0 0 1 1 1 1 1 0 1 0 1 1 0 0 1 1 1 1 0 1 1 1 1 1 0 0 1 
0 0 1 0 0 1 1 1 0 0 1 0 1 1 1 1 1 0 0 1 1 1 1 1 0 1 0 0 1 0 1 0 0 0 0 0 1 1 1 1 1 0 1 0 0 1 1 1 1 0 0 0 
1 0 1 0 1 1 0 0 1 1 0 1 0 0 1 1 1 1 1 0 1 0 1 1 1 0 1 0 0 1 1 0 1 0 0 0 0 0 1 1 1 1 1 1 0 0 1 1 1 0 0 1 
0 1 0 0 1 1 0 0 1 1 0 0 0 0 1 0 0 0 1 1 1 0 1 1 1 0 1 0 0 1 1 0 0 0 0 1 1 1 1 0 0 1 1 0 1 0 0 1 0 0 1 1 
0 0 1 1 0 0 0 0 1 1 0 1 1 1 0 1 0 0 1 0 1 0 1 1 0 1 0 0 1 1 0 0 1 1 1 1 1 1 1 0 1 0 1 0 1 1 1 1 1 1 1 1 
1 0 0 0 0 0 0 1 0 0 1 1 1 1 1 0 0 0 0 1 0 1 0 1 1 1 0 0 0 0 1 0 0 1 0 0 0 0 0 0 1 1 1 0 0 0 1 1 1 1 0 1 
1 0 1 0 0 1 0 0 1 0 0 0 1 0 0 1 1 0 1 0 0 1 0 0 1 1 1 0 1 0 0 0 0 1 0 0 0 0 1 0 0 1 0 0 0 0 1 1 1 1 1 1 
0 1 1 1 1 1 0 0 1 0 0 1 1 0 0 1 0 1 1 1 0 1 1 0 0 0 1 1 1 0 0 1 0 1 1 1 0 1 1 1 1 1 1 0 1 1 1 1 0 1 0 0 
0 1 1 0 0 0 1 1 1 1 1 1 1 0 0 1 1 1 1 0 0 0 0 1 1 1 0 1 0 1 1 1 0 0 1 0 1 1 0 0 0 1 1 1 1 1 1 0 0 0 0 0 
0 0 1 1 1 1 0 0 0 1 1 1 0 0 1 1 1 1 1 0 0 0 1 1 1 0 1 1 0 1 1 0 1 0 1 1 1 1 1 0 1 0 1 1 0 0 0 0 0 1 0 0 
1 1 0 0 0 1 1 0 1 0 1 0 0 0 1 1 0 0 1 1 0 0 0 1 1 0 1 1 1 1 1 0 0 1 0 0 1 1 1 0 1 0 0 1 0 0 0 0 0 0 1 1 
0 1 0 1 1 1 0 0 0 0 0 0 1 0 1 0 1 0 0 0 0 1 1 0 1 0 1 1 0 0 0 0 0 0 0 1 1 0 0 1 0 0 0 0 1 1 0 0 1 1 1 1 
0 0 1 1 0 0 0 0 1 1 1 1 1 1 0 1 1 0 0 0 1 0 0 0 1 0 0 0 1 1 1 1 0 1 0 0 1 1 1 0 0 0 1 1 1 0 0 0 0 1 0 1 
1 0 1 1 1 0 1 0 1 1 0 1 0 0 0 1 1 1 0 1 1 1 1 0 1 1 0 0 0 1 1 0 1 1 1 0 1 0 1 0 1 1 0 1 1 0 1 1 1 1 0 0 
0 1 0 0 1 0 0 1 1 1 1 1 0 0 1 1 1 0 0 0 1 0 0 1 0 1 0 1 0 0 1 0 0 1 0 1 1 0 0 1 0 0 0 0 0 1 0 1 0 0 0 1 
0 0 0 0 1 0 1 1 1 0 1 1 1 0 0 0 0 0 1 0 0 1 1 1 1 1 0 1 1 0 0 1 0 1 1 1 1 0 0 0 0 0 1 1 0 1 1 0 0 1 1 0 
0 0 1 1 1 0 0 0 0 1 1 1 0 0 0 1 0 1 0 0 1 1 1 1 1 0 1 1 1 0 1 0 0 1 1 1 1 0 1 1 1 0 0 1 0 1 0 0 0 0 0 1 
0 1 0 1 0 1 0 1 0 1 1 0 0 1 0 1 1 1 1 0 0 1 1 0 0 1 1 0 0 1 1 0 1 1 1 1 1 1 0 1 0 0 1 1 1 1 0 0 1 1 0 1 
1 1 1 1 0 0 0 0 0 1 0 1 1 1 0 0 0 0 1 1 0 0 0 1 0 0 1 1 0 1 0 1 0 1 0 1 0 0 1 0 0 0 1 1 1 1 1 0 1 0 1 0 
0 1 1 0 1 1 1 1 0 1 0 1 1 1 0 1 1 1 1 1 1 0 0 1 1 1 1 0 1 0 0 0 1 0 0 0 1 0 0 1 1 0 0 0 1 0 1 1 0 0 0 1 
0 1 0 1 0 1 0 0 1 0 0 0 0 0 1 1 0 1 1 0 1 1 0 1 0 0 0 0 0 0 1 1 1 0 0 0 1 0 0 1 1 0 1 1 0 0 1 1 1 0 1 1 
1 1 0 1 1 0 1 0 0 1 1 0 1 1 0 0 0 0 1 1 0 1 0 0 1 1 1 1 1 0 0 1 0 0 0 1 0 0 1 0 1 0 0 0 0 0 0 0 0 0 1 0 
1 1 1 0 1 0 1 0 1 1 1 1 1 0 0 1 0 0 0 1 0 0 1 0 1 1 0 1 1 1 0 0 1 1 1 0 1 0 0 0 0 0 1 1 0 0 1 0 0 1 1 0 
1 0 1 0 1 1 0 1 1 0 1 0 1 0 0 0 1 0 1 1 0 0 0 0 0 1 0 0 0 1 1 0 1 0 0 1 1 0 0 0 0 1 0 1 0 0 0 1 1 1 0 1 
1 0 0 0 0 0 0 0 0 1 0 1 1 1 0 1 1 0 1 0 0 0 1 0 0 1 1 1 0 1 1 0 1 1 0 1 1 0 0 1 0 0 1 1 1 1 0 1 0 0 1 0 
0 0 0 0 0 1 0 0 0 1 0 1 0 0 1 1 1 1 1 1 1 0 0 1 1 1 0 1 1 1 1 1 1 1 1 1 0 1 0 0 0 0 0 0 1 1 0 0 0 1 1 1 
1 1 0 0 0 0 0 1 1 1 0 1 1 0 0 1 1 0 0 0 1 0 0 0 1 0 0 1 1 1 0 0 0 1 1 1 1 1 0 1 0 1 0 1 1 0 1 0 1 1 0 0 
1 1 0 0 1 0 1 1 1 1 1 1 0 0 0 0 1 1 1 0 0 1 1 1 1 0 1 0 1 0 0 0 1 0 0 0 0 1 1 1 1 1 1 1 1 1 1 1 0 0 1 0 
1 0 1 1 1 1 1 0 1 0 1 0 0 1 0 1 1 0 0 0 1 1 1 0 1 1 1 1 1 0 0 1 1 1 0 0 0 1 0 1 1 1 1 0 1 0 1 0 0 1 0 1 
1 1 1 0 0 1 1 0 1 1 1 0 1 1 0 1 0 1 1 0 0 0 0 1 0 1 1 0 0 1 1 1 1 1 1 1 0 1 1 1 0 0 0 1 1 0 1 0 1 0 0 0 
0 0 1 1 1 1 1 1 0 1 1 1 0 0 1 0 1 0 1 0 1 1 1 0 0 0 0 1 0 0 1 1 0 1 0 1 0 1 1 0 0 0 0 0 0 1 0 0 1 0 0 0 
1 1 1 1 0 1 1 0 0 0 1 0 1 1 0 1 1 1 0 1 1 0 0 1 1 0 1 0 0 1 1 0 1 0 1 1 1 0 1 1 1 1 0 0 0 0 0 1 1 0 1 0 
0 1 1 1 1 1 1 0 0 0 0 1 0 1 0 0 0 0 1 1 1 1 1 1 1 1 1 0 1 0 0 1 1 0 0 0 1 0 0 1 0 0 1 1 0 1 1 0 1 0 1 0 
0 0 0 1 0 1 0 1 1 0 1 0 0 1 0 1 1 1 1 0 1 0 1 1 1 0 1 1 0 0 1 0 1 1 0 1 0 0 0 1 0 1 1 1 1 0 0 0 1 1 0 0 
1 1 0 1 1 1 0 0 0 1 0 1 1 0 0 1 0 0 1 1 0 0 0 1 0 0 1 1 0 0 0 1 1 0 0 1 1 0 1 1 0 1 0 1 0 0 0 0 1 1 1 1 
0 1 0 0 0 1 0 0 1 0 1 1 0 0 0 1 0 1 1 0 0 1 1 0 0 0 1 1 1 0 0 1 0 0 0 0 1 0 0 1 0 1 0 0 1 0 1 0 1 0 0 1 
0 0 0 0 0 1 1 1 1 1 1 1 1 1 1 0 1 1 1 1 1 1 1 0 1 0 0 0 1 1 0 1 1 0 1 1 1 0 0 0 1 1 0 0 0 1 0 1 1 0 0 0 
1 1 0 1 0 1 1 1 0 1 0 1 1 1 0 0 1 0 1 0 0 1 0 0 0 0 0 1 0 0 1 0 0 0 1 0 1 0 1 1 0 1 0 1 0 0 0 1 0 1 1 0 
0 1 1 0 1 1 0 0 1 1 0 1 1 1 1 0 1 0 1 1 1 1 1 1 1 1 0 0 0 1 0 0 0 1 0 0 0 0 0 0 0 0 1 1 1 1 0 0 1 1 0 1 
1 1 0 0 0 1 0 0 0 1 0 1 0 0 1 1 1 1 1 1 1 0 0 0 1 0 0 1 0 0 0 1 1 0 1 1 1 0 1 0 1 1 1 1 0 0 0 1 1 1 0 0 
0 0 0 1 1 0 0 1 1 0 0 0 1 1 0 0 1 1 0 0 1 1 0 1 1 0 0 0 0 0 0 0 0 0 1 1 1 0 0 0 0 0 0 1 0 0 0 1 0 0 0 1 
