58 44 358
56 74 8 54 68 9 73 33 65 26 5 87 57 37 58 66 99 59 42 77 74 8 70 71 94 12 17 37 30 58 70 86 31 30 91 98 90 63 82 54 40 87 93 48 
75 50 13 73 8 7 1 33 14 70 55 59 81 71 96 62 28 17 47 10 98 90 59 88 4 41 41 44 79 85 43 5 34 56 29 93 14 29 25 79 50 79 37 82 
50 84 43 29 53 42 39 50 31 97 37 34 89 30 29 19 14 24 23 100 79 3 92 44 31 69 22 32 47 10 13 48 46 8 29 98 49 67 99 31 15 88 16 56 
69 97 74 82 20 49 33 50 51 25 93 34 45 66 17 43 27 30 43 72 89 71 21 89 89 20 19 3 59 34 58 27 30 84 60 1 32 93 50 34 69 42 67 13 
7 36 55 86 65 97 57 5 67 30 93 7 1 11 10 59 96 19 85 78 2 44 78 85 36 28 19 56 21 37 68 80 72 75 65 88 71 73 44 90 2 36 96 2 
98 57 60 46 76 44 23 29 40 52 66 27 79 84 83 52 72 50 31 96 24 95 35 47 67 79 88 21 66 83 22 64 92 34 61 67 29 83 47 68 34 12 95 65 
47 77 16 71 78 98 66 54 92 52 100 10 30 87 30 48 21 4 11 12 37 23 30 65 5 29 85 90 40 79 6 39 7 73 9 36 70 26 89 13 77 40 75 7 
78 56 6 99 59 68 62 47 90 92 12 46 20 96 35 11 26 93 49 84 65 57 71 87 82 12 51 59 51 25 17 81 81 22 31 91 89 92 38 30 35 1 75 6 
48 61 17 25 53 17 8 70 26 30 8 7 41 58 17 44 83 85 24 15 58 54 5 98 45 94 27 32 94 1 37 93 14 5 17 66 22 76 87 47 6 94 5 46 
4 74 89 38 10 12 52 68 17 8 17 62 2 96 93 47 48 81 40 61 86 56 27 59 32 65 5 89 11 61 34 14 86 75 51 96 38 2 15 55 61 31 16 14 
78 60 61 26 40 52 86 77 59 64 35 42 29 91 30 39 52 16 4 37 90 54 32 27 55 98 81 67 81 48 81 58 7 93 83 99 44 21 75 2 36 10 44 16 
100 25 54 3 40 9 92 29 62 75 8 68 73 88 35 53 88 15 62 46 7 97 44 50 17 71 3 4 32 98 20 83 23 25 86 62 34 29 43 95 3 2 63 75 
89 97 79 28 63 41 74 69 37 17 70 5 39 24 8 70 22 27 5 96 52 42 9 37 70 3 31 72 4 93 99 45 41 77 72 3 69 45 23 5 14 44 61 4 
20 21 74 41 99 30 88 2 71 96 38 40 99 69 63 54 13 61 98 6 38 70 60 6 66 35 63 79 78 75 35 97 95 8 89 94 89 28 95 59 24 33 98 74 
53 60 27 65 73 77 70 10 46 82 67 63 16 29 94 45 4 28 94 50 87 82 43 75 10 38 33 85 22 82 10 74 93 36 90 65 12 12 74 9 93 93 72 8 
21 65 52 76 92 45 26 78 79 20 4 40 57 36 76 30 17 85 3 61 72 45 26 36 56 51 44 48 43 67 7 16 83 10 43 26 7 20 55 37 40 58 76 48 
93 3 78 61 87 32 22 58 76 99 45 31 49 41 30 44 7 36 11 42 98 53 67 4 73 22 40 64 31 67 11 24 69 40 36 7 72 9 16 47 7 61 30 8 
1 59 51 59 47 61 100 44 65 19 99 89 92 90 52 22 56 15 97 76 54 33 82 25 93 49 24 100 9 5 59 61 15 61 20 61 73 71 56 37 89 54 78 32 
43 29 54 50 43 50 77 49 34 10 73 79 59 48 30 19 52 88 80 67 48 51 79 20 73 87 8 14 40 85 45 35 66 98 36 60 100 13 8 85 74 33 63 32 
80 44 3 84 31 82 2 30 84 32 49 56 18 57 21 10 93 66 96 58 15 31 18 66 95 25 3 69 57 17 52 89 61 54 72 91 87 25 21 22 56 21 30 74 
29 50 83 22 67 78 31 82 60 48 99 55 25 1 75 33 18 78 21 78 84 44 20 70 68 92 92 76 13 73 49 41 22 83 14 89 60 45 22 19 44 20 25 20 
21 51 53 90 29 25 19 64 21 38 33 40 30 76 15 94 48 63 86 22 45 100 10 56 96 31 27 91 50 51 63 22 54 67 11 82 91 29 45 11 19 29 3 100 
57 17 93 56 80 78 77 76 29 86 32 76 68 58 19 18 60 81 91 13 47 54 46 89 82 42 52 52 71 54 51 79 70 43 34 1 73 11 77 1 96 60 29 64 
17 47 33 28 27 75 41 25 28 86 13 10 80 64 13 2 17 64 80 87 6 13 87 78 75 15 31 23 74 59 38 42 5 22 70 83 96 10 7 24 47 19 85 78 
35 97 79 51 60 58 89 66 23 76 95 49 42 77 71 16 35 8 57 91 29 78 73 25 87 31 100 86 2 84 63 36 80 94 86 92 51 75 9 25 2 55 74 95 
32 96 10 66 4 19 9 84 96 33 60 35 64 59 72 65 94 34 52 74 27 89 17 30 15 25 6 16 79 31 11 10 27 72 28 82 90 36 65 38 68 25 72 83 
83 43 99 29 28 50 2 7 39 70 88 53 46 93 21 24 24 83 86 2 6 65 83 96 52 47 33 71 23 56 54 58 98 4 86 25 6 39 31 44 8 18 48 53 
63 20 28 38 54 65 39 60 29 73 7 80 19 91 51 94 46 56 51 95 59 36 19 64 26 2 59 33 71 59 37 33 30 64 22 84 81 60 95 9 32 53 41 3 
43 91 96 40 98 98 34 56 33 4 72 58 57 30 42 80 40 30 12 70 93 86 53 73 45 99 34 29 51 74 83 45 16 30 84 13 27 69 68 11 24 39 20 33 
21 61 12 60 90 75 81 34 60 85 59 57 83 44 37 33 17 19 77 84 48 12 96 74 32 15 36 56 6 55 88 26 67 99 37 8 73 18 93 33 54 3 41 37 
46 77 21 14 95 50 97 94 13 92 19 45 7 54 100 12 8 39 89 26 37 77 33 61 46 25 45 100 28 85 88 73 61 8 39 7 9 35 100 22 79 70 18 85 
23 17 48 82 55 88 7 43 64 91 3 10 16 100 9 95 84 96 67 97 55 5 3 16 92 55 89 70 24 6 6 99 22 53 32 28 40 91 22 3 81 76 64 96 
75 72 90 59 19 9 7 26 65 61 41 56 15 29 77 91 34 82 41 7 86 24 34 25 14 55 80 95 30 95 42 57 67 84 67 37 44 73 62 60 33 2 68 100 
30 44 42 15 26 34 21 63 57 6 40 71 12 19 17 94 65 10 50 83 45 16 20 88 88 81 48 72 35 15 71 16 10 64 31 87 97 3 50 6 9 89 76 20 
59 44 13 23 53 62 6 50 29 77 37 16 57 36 40 43 2 10 11 12 26 41 98 22 43 99 27 3 87 54 23 97 49 87 20 54 1 77 3 29 53 39 97 61 
27 36 4 28 97 14 91 22 6 41 96 100 39 74 3 78 28 77 74 76 63 45 29 15 21 83 96 73 22 92 86 100 79 41 27 27 54 70 49 11 10 96 62 100 
69 64 77 48 92 51 24 7 95 4 21 68 87 16 92 60 59 77 11 37 17 89 64 22 58 64 84 19 59 46 19 79 61 95 27 53 97 2 59 44 57 31 11 95 
47 54 6 5 31 16 94 99 5 9 73 14 72 56 33 82 53 51 60 14 45 86 66 42 39 76 37 96 6 99 90 4 52 96 61 34 11 54 33 67 62 57 81 85 
64 13 66 17 63 77 30 59 15 95 52 53 22 88 48 27 86 90 31 90 85 91 23 47 96 7 14 57 63 46 93 27 58 10 43 72 86 72 30 100 18 34 5 39 
73 52 17 59 93 99 48 77 41 22 76 36 29 41 44 91 86 36 17 95 45 11 66 31 34 47 82 51 32 86 41 5 90 10 15 82 8 14 11 49 35 86 36 63 
78 80 6 63 67 74 9 12 85 26 94 18 24 27 21 56 13 13 12 54 22 26 35 82 39 97 82 25 34 17 88 11 48 45 25 15 18 33 78 2 58 71 72 34 
49 92 89 13 4 100 66 78 77 53 11 67 49 92 91 35 60 30 45 8 74 22 74 92 54 51 45 64 73 16 97 21 7 37 34 63 88 99 40 16 3 50 82 52 
93 24 38 52 54 82 11 79 3 84 70 9 34 67 24 6 82 72 27 89 8 12 3 47 10 94 62 13 95 95 16 87 18 53 90 23 86 1 2 41 36 23 1 70 
89 24 27 71 95 5 11 54 16 13 52 78 6 13 42 100 7 9 38 76 13 27 99 98 79 52 90 15 74 90 36 15 65 62 85 11 67 47 16 34 59 67 11 16 
31 4 67 89 12 4 65 24 82 63 74 61 14 15 27 39 57 62 53 21 23 89 84 41 35 99 27 45 66 89 12 48 93 78 37 56 33 1 80 67 15 5 79 80 
19 5 18 75 18 23 48 92 11 83 33 98 81 11 42 98 99 6 46 43 35 82 99 68 34 30 86 48 34 64 27 4 20 96 31 37 18 78 80 81 12 12 78 92 
74 71 42 73 76 87 15 11 20 13 30 53 42 15 52 27 30 78 31 1 25 61 89 43 90 68 75 1 32 52 44 5 22 85 29 98 23 96 60 94 8 89 46 2 
55 49 80 36 26 10 36 51 22 76 45 63 43 19 15 74 22 59 31 43 95 59 92 18 54 3 63 14 91 61 67 97 9 98 32 87 8 19 89 81 94 33 96 89 
3 10 14 24 68 44 18 63 55 62 32 60 64 46 25 7 6 91 55 15 89 87 1 48 57 89 80 51 73 75 91 75 85 4 50 4 48 19 18 54 80 1 13 96 
47 38 54 52 80 8 18 20 46 70 19 3 58 51 5 82 25 95 8 61 98 57 65 97 28 34 2 59 35 15 6 33 4 59 84 35 19 54 7 64 23 25 18 81 
75 22 62 52 68 22 64 18 78 80 66 57 14 68 16 48 34 21 80 37 32 15 23 50 68 29 13 91 6 31 23 32 4 36 83 72 57 47 41 87 26 6 43 91 
73 10 90 6 83 21 94 14 36 17 63 55 97 27 97 2 57 19 34 13 7 68 84 63 66 24 1 44 81 44 34 54 5 24 59 87 96 53 100 83 21 14 38 17 
41 34 19 97 5 4 9 63 23 44 25 89 19 26 32 100 21 17 5 77 92 15 64 88 19 15 70 39 29 59 56 69 45 26 17 49 81 78 11 3 21 87 91 92 
64 74 43 36 43 47 13 34 13 76 73 32 42 43 70 70 1 77 38 45 2 7 45 82 84 7 85 56 46 27 47 9 1 41 97 95 39 9 28 52 36 1 83 77 
95 4 47 47 81 36 92 34 42 88 68 77 47 52 33 92 30 31 52 82 72 48 76 62 8 4 65 95 56 99 72 50 3 70 96 35 57 39 68 99 79 35 75 25 
38 59 68 20 90 71 1 13 71 77 26 78 32 91 73 39 89 96 40 43 17 87 77 73 26 97 23 56 31 50 32 21 8 99 40 97 21 92 61 91 20 87 21 3 
77 45 41 17 92 80 60 8 19 36 80 96 84 3 51 67 4 82 87 11 32 78 60 4 69 20 95 89 58 67 91 86 63 84 3 54 15 62 13 33 49 92 28 33 
46 30 99 49 11 37 60 94 66 71 98 34 42 44 74 100 10 17 85 24 52 87 77 66 100 89 51 1 32 30 85 30 60 35 78 70 23 89 16 88 59 13 73 53 
1 0 1 0 0 1 1 1 0 1 0 1 1 0 1 0 0 1 1 1 1 1 0 1 1 1 0 0 1 1 0 0 1 1 0 1 0 1 0 0 0 0 0 1 
1 1 0 1 1 1 0 0 0 0 0 0 0 0 0 1 1 0 0 0 1 0 1 1 0 1 0 0 0 0 0 1 1 0 0 0 1 0 1 0 0 1 0 0 
1 0 0 1 0 0 1 1 0 1 0 0 0 0 1 0 0 1 1 0 1 1 0 0 1 1 0 0 0 0 0 0 0 0 1 0 0 0 1 1 1 0 1 0 
0 0 0 1 1 0 1 0 1 1 1 1 1 1 1 1 0 1 1 0 0 0 1 0 1 0 1 0 0 1 0 1 1 1 0 1 1 1 1 0 0 0 1 1 
0 0 1 0 0 0 0 0 1 1 0 0 0 0 0 0 1 1 1 0 0 1 1 1 0 1 1 1 1 1 0 1 1 1 1 1 0 0 1 1 1 0 1 1 
0 1 0 1 0 1 1 0 1 1 1 1 0 1 0 1 0 1 1 1 0 0 1 0 0 0 1 0 0 0 1 0 0 1 1 0 1 1 1 0 0 0 1 0 
1 0 1 1 1 0 1 1 1 0 0 1 0 1 1 1 0 1 1 0 0 1 0 1 0 1 1 0 0 1 0 1 1 1 1 0 0 0 1 1 0 1 0 0 
1 0 1 1 1 1 1 1 0 1 1 0 1 0 0 1 1 0 0 0 1 1 0 1 1 0 0 1 1 1 0 0 1 1 1 0 0 0 1 0 0 0 0 1 
1 0 0 0 0 0 1 0 0 1 1 1 1 0 1 1 1 1 1 0 0 1 0 1 1 1 1 1 0 0 0 1 0 0 1 1 1 0 1 1 0 0 0 1 
0 1 0 1 0 0 1 1 1 1 0 0 1 1 0 1 1 0 0 0 1 1 1 0 0 0 1 0 0 1 1 1 1 0 0 1 0 0 0 1 1 0 1 0 
0 1 1 1 0 1 1 1 1 0 1 1 0 0 1 1 1 0 0 0 0 0 0 0 0 0 1 0 1 1 0 1 0 0 0 0 1 0 1 0 0 0 1 1 
0 0 0 0 1 0 0 1 0 0 0 1 1 1 1 0 0 1 1 1 1 1 1 1 1 1 1 0 1 1 1 0 1 1 0 0 1 0 0 1 1 0 0 0 
1 1 0 0 1 1 1 0 0 0 1 0 1 1 0 1 0 1 1 1 0 1 0 1 1 0 0 0 0 1 0 1 0 0 1 1 1 0 0 0 1 1 0 0 
0 0 1 0 1 0 0 1 1 0 0 1 0 0 1 0 1 0 1 0 0 1 1 0 1 1 0 0 1 0 1 1 0 0 0 1 1 0 0 0 0 0 1 0 
0 1 0 0 1 1 0 1 0 1 1 0 1 1 0 0 1 1 1 1 0 1 0 1 1 0 1 1 0 1 1 1 0 1 1 1 1 1 0 1 0 0 1 1 
1 0 1 1 1 1 0 1 0 1 0 0 1 0 1 0 1 1 1 1 0 0 0 1 1 0 1 1 0 0 1 0 0 0 1 0 1 1 1 0 0 0 0 0 
0 1 0 1 0 1 0 1 1 0 0 0 0 1 1 1 0 0 1 0 1 0 0 0 1 0 0 0 0 0 0 0 0 0 1 0 1 1 1 0 1 0 0 1 
1 1 0 1 0 1 0 1 1 0 1 1 0 0 1 0 0 1 0 0 1 1 1 0 0 0 0 1 0 0 1 0 1 1 1 1 1 1 0 0 0 0 1 0 
0 0 1 0 1 1 1 0 1 0 0 1 0 0 1 1 0 0 1 0 1 0 1 0 0 0 1 0 0 0 0 0 1 1 0 0 1 1 1 0 1 1 1 0 
0 0 1 0 0 0 0 0 0 0 0 0 0 1 0 0 0 1 0 1 0 0 1 1 0 0 1 1 0 1 1 0 1 0 0 0 0 1 0 1 1 0 1 1 
0 0 1 0 1 1 1 1 1 0 1 1 1 0 1 1 1 0 1 1 1 1 1 1 0 1 0 1 1 0 0 1 0 1 1 1 0 0 0 0 1 1 1 0 
0 0 1 1 1 0 0 0 1 1 1 0 0 0 1 0 0 0 1 0 1 1 1 0 1 1 0 0 1 1 0 1 0 1 0 1 1 1 1 1 0 0 1 1 
0 0 1 0 0 0 0 0 1 1 0 1 1 0 1 0 1 0 1 1 1 1 0 1 0 1 0 1 0 1 0 0 1 1 1 0 1 1 0 1 1 0 0 0 
0 1 0 1 1 1 1 1 0 1 0 1 1 0 0 1 1 0 1 0 1 0 0 0 0 0 1 1 0 1 1 0 1 1 0 0 0 1 1 0 0 1 1 1 
1 1 0 0 1 0 1 0 0 1 1 0 0 0 1 0 0 0 1 1 1 1 1 1 0 1 0 0 0 1 0 0 1 0 0 0 0 1 1 1 1 0 1 1 
0 1 1 0 1 0 1 1 1 1 0 1 0 0 0 0 0 0 0 1 0 1 1 1 0 0 0 1 0 1 0 1 0 0 1 0 0 1 1 0 0 1 1 0 
0 1 0 0 1 1 1 0 0 0 1 0 1 1 0 1 0 0 0 1 0 0 1 1 1 0 1 1 1 0 1 1 0 1 1 1 0 0 1 0 1 0 1 0 
1 1 1 0 1 0 1 0 0 0 1 1 0 0 0 1 0 1 1 0 0 0 0 1 1 1 1 0 0 0 0 1 1 1 1 1 1 0 1 1 0 0 0 0 
0 0 0 0 1 1 1 0 1 1 1 0 0 0 0 0 1 0 0 0 0 1 1 1 0 0 1 0 0 1 1 0 0 1 1 1 0 0 1 1 1 0 0 1 
1 0 0 0 1 0 0 1 1 0 0 1 0 1 0 1 1 1 1 1 0 0 0 0 0 0 1 1 0 1 1 1 0 1 1 1 1 0 0 0 0 0 0 0 
0 0 1 1 1 1 0 1 1 0 1 0 0 0 1 1 0 0 0 0 1 0 1 0 0 1 1 0 1 1 0 1 1 0 0 0 1 0 1 0 1 0 0 1 
0 0 0 0 0 1 0 0 1 1 0 1 0 1 1 0 0 1 1 1 1 0 1 0 0 0 1 1 0 1 1 1 1 1 1 0 0 0 0 1 1 0 0 0 
0 1 0 0 1 1 0 0 1 1 1 0 0 0 1 0 1 0 1 1 0 1 1 0 1 1 0 0 1 0 0 1 0 0 0 1 0 0 1 1 1 0 1 1 
0 1 0 0 1 1 1 1 0 0 0 1 1 0 0 0 0 0 0 0 1 0 1 1 0 1 0 1 1 0 1 0 1 1 0 0 0 1 0 1 1 0 0 0 
0 0 0 0 1 0 1 0 0 0 1 0 1 1 0 1 1 1 1 0 0 1 1 0 0 1 1 1 1 0 1 1 0 1 1 1 0 0 1 0 1 0 1 0 
0 1 1 1 0 0 0 0 1 1 0 1 0 0 0 1 0 1 0 0 1 1 0 1 0 1 1 1 0 0 1 0 1 1 1 1 1 1 1 1 0 0 0 0 
0 1 1 0 0 1 0 1 1 0 0 1 0 0 0 0 0 1 0 0 0 1 1 0 1 1 1 1 1 1 0 1 0 1 1 1 1 1 0 0 0 1 1 0 
1 1 0 1 0 0 1 1 1 1 1 0 0 0 0 1 1 0 0 0 1 1 1 0 0 1 0 0 0 1 0 1 0 0 1 1 0 0 0 0 1 1 0 1 
1 0 0 0 0 0 0 0 1 1 0 0 1 1 0 1 0 1 1 1 1 0 0 0 0 0 0 0 1 0 1 0 1 0 0 1 0 1 1 0 0 0 0 1 
1 0 1 1 1 0 0 1 0 0 1 0 0 1 0 1 1 0 1 0 0 0 0 0 1 1 0 1 1 0 1 0 1 0 0 0 0 0 1 0 1 0 0 1 
1 1 1 1 1 0 1 1 0 1 1 1 1 0 1 0 0 0 1 1 0 1 0 0 1 1 0 0 0 0 0 1 1 1 0 0 1 0 1 0 1 1 1 0 
1 0 1 1 0 0 1 0 1 1 0 0 0 0 1 0 1 1 0 0 0 0 1 1 0 0 1 0 1 1 0 0 1 1 0 0 1 1 0 0 0 1 1 0 
1 0 1 0 1 1 1 1 1 0 0 0 0 0 0 0 1 0 0 0 0 0 0 1 1 1 0 1 0 1 0 1 1 1 0 0 0 1 1 1 1 1 1 1 
1 1 1 0 0 0 1 0 0 1 1 0 0 1 1 0 0 1 0 1 0 0 1 0 1 0 0 0 0 1 1 1 1 1 0 1 1 1 1 1 0 0 1 1 
0 1 1 0 0 1 0 1 1 1 1 0 0 1 0 0 1 0 1 0 1 1 1 0 0 0 1 1 0 1 0 0 0 1 1 0 1 1 1 0 0 1 1 0 
0 1 0 1 1 0 1 0 1 0 0 0 0 0 1 1 1 1 1 1 0 0 1 1 1 1 0 0 0 1 0 0 0 1 0 0 1 1 0 0 0 1 0 0 
1 1 1 0 0 1 1 1 1 0 0 1 1 0 1 1 1 1 0 0 0 0 0 1 1 0 0 1 1 0 0 0 0 1 0 0 0 1 1 0 0 0 1 1 
0 0 1 0 1 1 0 0 1 0 1 0 0 1 0 0 0 0 0 0 1 1 0 0 0 0 0 0 0 1 0 0 1 1 0 0 0 0 0 1 0 0 1 1 
1 1 1 1 1 1 1 1 0 0 1 1 0 1 1 0 0 1 0 1 0 1 1 0 1 0 1 0 0 1 1 1 0 0 1 0 1 0 1 0 0 0 1 0 
1 0 0 1 0 1 0 0 0 1 1 1 1 0 1 1 1 0 1 0 0 0 0 0 0 1 0 1 1 1 1 0 1 0 1 1 1 1 0 1 0 1 0 0 
1 0 1 1 0 0 1 1 0 1 1 1 0 1 0 1 0 1 1 1 1 0 1 0 1 1 1 1 0 0 1 1 0 1 0 0 1 1 1 0 0 0 1 0 
1 1 1 1 0 0 1 0 0 0 0 1 1 0 1 1 0 0 0 0 1 1 0 1 0 0 1 1 0 0 1 0 1 1 1 1 1 0 1 0 0 0 1 1 
0 0 0 0 1 1 0 0 0 0 1 0 0 0 1 1 0 1 1 1 0 0 1 1 1 0 1 1 0 1 1 0 1 1 0 0 0 0 1 0 1 0 1 1 
1 0 0 1 1 1 1 1 0 0 1 1 0 0 0 1 1 1 1 1 1 0 1 1 0 0 0 1 1 1 1 0 1 1 1 1 1 0 0 1 0 1 0 1 
0 0 0 1 0 1 0 1 1 0 0 0 0 0 1 1 1 0 1 1 0 1 0 1 1 0 0 0 0 0 1 0 0 1 1 0 0 0 1 0 0 0 0 0 
0 1 0 0 0 1 1 0 0 1 1 0 1 1 0 1 1 1 1 1 0 1 0 0 1 1 0 1 1 0 1 0 0 1 0 0 1 1 0 1 0 1 1 1 
0 1 1 1 0 0 0 0 1 0 1 0 0 1 1 1 0 1 1 0 0 1 0 1 0 0 1 0 1 0 0 1 0 1 0 0 1 0 1 1 1 0 1 1 
1 1 0 1 0 0 1 0 1 1 0 0 1 1 0 0 1 0 1 1 1 1 0 1 0 1 0 1 1 1 0 0 0 0 0 0 0 1 1 0 1 1 0 0 
