62 62 840
92 33 78 52 71 48 90 29 62 71 24 39 100 14 33 41 81 32 100 53 3 21 75 72 27 55 87 83 48 90 54 39 74 84 42 45 31 31 25 92 2 48 83 53 61 15 93 93 98 44 46 52 64 72 24 90 26 10 24 25 51 30 
63 77 13 57 73 95 87 97 39 40 44 21 92 57 87 36 49 84 80 46 36 95 17 11 37 94 72 60 18 23 89 33 51 53 89 23 48 75 19 38 67 14 58 58 70 96 46 71 79 25 16 66 71 85 28 7 78 100 67 96 74 7 
28 24 60 68 46 59 94 16 96 60 29 5 70 51 100 15 73 30 91 40 48 61 24 75 68 54 74 86 49 99 92 28 22 3 47 19 13 40 34 60 100 15 64 69 65 15 35 37 97 25 76 96 37 52 70 4 5 96 41 5 46 33 
84 68 87 30 86 100 69 72 59 20 86 75 40 50 41 74 38 37 50 65 84 87 68 6 42 72 53 83 28 98 67 11 65 53 92 3 52 13 74 63 32 11 37 72 12 77 97 49 66 47 65 49 85 33 54 26 56 6 60 36 4 26 
46 20 31 90 22 34 2 47 96 33 57 84 56 68 61 53 68 26 51 33 26 35 17 80 12 24 37 24 59 92 1 5 12 31 46 85 65 47 32 12 31 88 96 87 8 8 39 75 85 41 59 10 75 75 41 38 99 30 61 9 21 62 
65 32 44 10 69 60 56 100 72 87 39 19 25 98 26 15 73 10 55 83 71 81 10 64 18 60 93 79 68 13 92 33 97 35 42 65 95 50 16 18 88 6 36 12 4 13 26 28 74 32 10 44 12 19 7 29 78 99 59 46 64 2 
30 60 89 71 76 83 20 91 52 7 96 39 70 51 51 47 78 24 78 88 19 89 58 26 70 88 76 80 85 39 82 14 50 70 36 25 4 56 67 7 14 15 45 36 65 95 82 43 70 60 82 88 100 91 65 69 78 41 1 14 31 82 
79 81 3 15 5 6 22 24 12 35 38 8 70 2 54 4 96 23 63 29 62 62 20 27 83 49 19 83 63 49 16 41 81 18 7 86 75 28 61 38 15 98 45 36 99 98 39 95 72 1 23 33 15 94 11 49 43 81 83 57 82 98 
49 62 67 56 99 41 35 59 78 49 56 22 85 7 71 23 1 42 76 75 26 42 69 89 90 63 69 24 71 50 21 19 12 87 26 62 79 61 21 56 61 28 29 45 34 51 20 34 92 47 61 69 40 81 57 81 95 26 4 65 75 24 
35 38 62 13 52 40 25 72 47 85 99 27 82 33 77 53 18 20 99 30 88 90 62 45 70 56 70 73 72 96 48 7 86 61 71 37 52 95 60 98 79 58 24 12 42 100 64 12 71 14 41 58 3 3 2 24 10 23 96 82 19 95 
88 56 55 58 92 6 4 3 55 82 60 30 46 54 81 9 65 51 75 57 9 29 11 10 53 21 33 100 2 3 95 41 10 1 50 1 59 53 55 65 86 14 95 31 19 75 92 35 26 66 92 86 94 54 95 46 74 79 98 75 33 92 
67 42 44 16 94 54 68 48 19 6 14 13 36 84 39 27 19 64 44 62 49 90 15 96 87 89 26 84 15 59 75 82 52 71 49 98 24 69 45 42 74 10 6 61 94 45 40 12 60 83 25 61 72 39 56 59 27 33 42 94 43 69 
27 95 39 75 92 14 43 88 8 68 98 13 29 43 9 68 6 69 2 30 29 26 68 36 36 47 20 77 92 63 97 18 57 87 44 100 1 39 39 8 6 36 72 86 30 33 5 35 1 7 16 81 84 36 68 19 34 87 47 25 49 44 
94 57 30 37 8 82 75 47 41 81 34 65 18 64 97 23 50 97 81 66 29 64 53 48 82 86 34 28 62 35 23 55 43 53 91 51 86 18 97 27 98 30 91 67 45 87 89 95 35 69 12 15 84 64 62 65 1 47 45 14 33 67 
20 76 71 10 78 57 79 74 35 28 55 77 95 100 15 83 94 49 4 57 63 87 72 76 4 24 74 100 37 7 66 56 34 89 17 11 97 96 36 31 23 90 59 17 41 73 52 86 21 55 42 35 93 65 62 48 88 35 47 24 93 13 
79 26 1 48 88 49 43 75 79 17 65 37 86 57 61 37 43 81 43 36 67 35 1 28 83 88 14 81 64 7 93 94 84 45 41 24 93 35 98 23 4 14 11 89 71 71 25 65 3 19 52 21 5 52 48 39 92 14 20 55 72 64 
48 7 9 89 30 53 75 80 28 78 93 90 66 15 13 42 79 67 12 31 88 17 34 35 55 25 100 26 31 71 90 79 78 50 19 59 54 93 38 33 23 31 23 40 97 87 82 76 53 93 58 40 61 43 75 16 20 26 41 50 97 82 
80 26 31 98 84 85 43 22 17 17 4 91 56 100 77 37 27 30 82 36 69 42 79 95 9 98 21 2 47 69 83 27 94 66 76 77 2 70 50 18 86 53 61 42 5 89 30 31 18 11 67 39 5 45 33 13 94 5 14 92 73 49 
18 66 14 46 95 15 67 44 84 53 49 96 46 53 85 75 83 54 38 1 92 42 45 77 6 38 81 72 30 6 20 99 71 85 96 17 51 63 13 86 15 61 34 12 65 18 86 99 71 23 100 63 16 44 39 22 34 71 45 15 76 16 
65 99 100 61 67 2 75 79 39 41 91 72 52 55 89 37 6 12 12 5 26 27 100 16 100 85 86 44 99 14 59 64 12 10 76 78 63 2 9 2 42 99 73 93 6 14 81 11 25 92 67 50 71 66 65 70 51 2 66 1 15 76 
16 78 38 43 56 100 44 64 1 85 14 26 77 71 91 10 33 15 1 99 16 23 65 32 45 67 33 10 67 100 37 83 77 74 77 84 26 21 99 26 5 13 3 34 35 93 43 68 59 95 66 74 18 82 57 62 48 42 23 67 41 11 
1 17 85 77 1 10 97 99 87 54 63 42 87 98 86 81 65 45 27 82 70 96 64 27 9 11 68 83 29 60 94 29 76 30 6 28 91 54 79 29 7 41 70 45 90 56 77 6 52 4 88 21 51 51 99 60 13 18 42 42 77 35 
22 53 64 27 32 6 33 10 35 39 3 4 36 92 11 12 98 62 67 37 35 18 87 33 77 51 51 70 44 79 5 66 83 20 44 15 26 76 24 60 67 26 15 2 70 26 65 19 39 32 55 73 49 93 58 77 43 60 46 87 38 2 
52 21 74 95 35 51 23 10 62 89 88 76 90 9 53 54 27 44 37 81 16 37 25 25 13 67 84 11 5 22 12 8 94 85 3 28 35 77 89 96 65 76 24 6 84 28 11 62 71 48 42 87 84 66 63 49 85 47 59 89 68 22 
97 61 7 51 40 93 27 80 41 43 56 16 100 91 43 10 53 14 9 46 52 45 64 14 45 48 12 3 88 79 76 84 91 34 86 82 27 64 62 19 6 69 86 57 59 28 19 63 93 27 9 96 23 24 62 67 71 73 21 10 4 97 
46 46 82 31 28 8 47 41 78 4 9 63 61 19 43 79 34 87 57 94 83 80 17 44 98 39 16 71 48 19 19 93 65 100 76 44 60 22 36 37 25 44 52 37 14 46 15 99 32 72 92 66 3 8 9 100 98 77 22 98 47 40 
42 11 40 17 6 99 90 41 87 67 36 90 3 2 35 18 100 19 41 92 84 43 51 93 94 49 21 68 46 67 7 87 30 46 56 35 96 45 28 35 63 63 24 66 16 59 35 16 29 75 7 12 69 57 56 14 57 76 81 54 43 88 
41 24 85 48 10 33 92 37 67 55 52 90 72 67 100 6 82 28 80 40 92 100 49 47 13 57 75 46 11 17 33 3 92 69 50 1 53 93 90 19 99 41 61 70 59 12 75 93 92 6 32 83 5 32 29 70 89 3 15 99 71 99 
1 62 19 50 15 72 42 4 42 41 44 2 62 54 66 37 46 57 94 30 39 51 61 19 20 49 22 34 99 44 32 99 58 50 100 72 73 94 27 15 86 22 68 47 75 33 35 21 89 29 50 79 79 62 98 50 11 71 83 61 14 66 
12 23 67 11 46 40 56 72 6 41 93 73 40 68 58 74 40 98 54 41 77 84 2 26 33 64 96 67 25 61 32 88 84 51 98 29 42 54 53 47 46 45 71 85 64 80 11 55 78 64 47 6 48 49 31 32 64 78 99 40 38 82 
27 73 32 77 54 25 82 6 71 27 2 94 64 18 73 74 72 2 89 71 7 36 71 89 68 34 66 18 26 4 99 52 28 83 80 81 7 61 38 30 40 92 23 3 9 47 28 32 1 16 2 7 4 72 48 71 58 13 40 83 68 38 
86 96 72 66 28 79 78 18 8 17 9 82 71 17 80 98 100 80 14 2 39 17 25 86 39 82 50 78 16 18 67 54 65 39 19 44 69 96 61 28 65 69 9 35 37 40 33 37 72 46 90 10 14 14 47 4 48 96 81 15 65 99 
68 81 89 86 25 57 34 85 84 50 6 44 84 42 84 16 78 55 13 67 16 78 33 62 81 80 9 13 94 74 12 62 54 52 99 78 9 84 15 92 33 20 88 69 61 71 36 39 77 49 57 92 78 89 5 59 68 13 23 14 38 86 
27 92 38 77 21 46 61 35 89 45 54 28 13 67 50 49 57 26 49 13 69 78 2 25 88 21 38 11 86 27 96 12 18 85 41 91 30 1 25 71 97 31 98 62 49 100 62 5 25 62 69 46 39 22 70 27 95 59 89 80 86 84 
44 55 21 84 45 2 36 22 72 84 4 22 45 52 21 6 56 97 67 24 94 6 98 64 84 92 74 72 71 11 7 66 66 27 49 62 29 36 83 52 20 86 73 64 37 45 22 44 94 88 20 87 45 17 2 28 8 76 99 30 86 58 
96 3 84 96 65 12 32 99 64 51 85 88 66 73 85 87 69 78 75 40 16 19 56 18 99 15 45 49 44 82 6 91 85 90 87 1 53 18 99 68 20 35 8 85 60 92 72 28 21 98 67 88 16 74 5 66 40 1 15 35 83 72 
26 19 61 64 71 66 33 21 33 52 56 92 88 15 35 59 94 55 56 12 43 24 85 99 89 24 100 55 58 34 27 35 52 39 98 74 56 30 94 41 33 49 32 21 15 67 31 8 73 87 19 67 62 55 66 2 30 17 57 40 2 35 
74 5 25 24 78 81 5 71 21 90 72 52 10 86 18 40 46 91 78 16 57 39 71 74 41 100 42 49 91 43 83 65 47 7 40 24 87 96 47 59 85 18 11 94 3 80 86 48 22 63 16 31 54 86 4 94 37 98 42 28 40 76 
44 39 34 35 62 21 30 8 79 15 25 41 60 80 21 45 79 42 60 94 72 13 31 28 58 68 25 51 47 16 26 90 54 59 76 68 31 5 27 62 71 4 2 31 35 74 27 13 68 38 7 91 50 37 18 7 56 94 57 2 62 34 
43 15 93 18 34 75 75 13 36 45 16 90 27 50 15 54 14 82 91 72 73 93 61 42 51 16 36 8 70 97 93 12 63 37 82 49 12 56 61 99 100 76 88 27 77 55 32 90 36 22 62 60 66 22 2 17 89 89 76 58 85 68 
22 99 5 3 47 68 58 7 66 57 34 6 35 10 60 66 52 95 40 13 55 5 86 8 73 74 96 48 84 80 68 5 30 24 7 77 91 16 35 56 24 69 61 59 30 72 24 81 67 15 45 73 20 82 80 92 8 27 92 91 58 11 
47 87 34 53 15 24 20 2 31 43 70 44 1 51 15 77 84 33 91 28 57 62 62 88 6 69 14 97 59 71 7 57 10 40 61 24 15 80 25 97 22 46 40 75 49 7 51 32 39 41 11 48 3 72 35 8 40 1 56 50 71 14 
6 32 5 66 8 19 97 32 15 19 30 7 93 30 13 43 61 51 35 71 98 89 95 85 96 86 85 3 36 7 16 93 39 20 11 46 38 7 29 5 25 10 11 69 39 23 63 99 25 98 22 75 86 16 59 34 1 43 36 88 49 52 
33 87 71 43 84 61 1 13 65 78 22 27 46 13 49 9 11 25 58 84 99 95 51 57 28 4 99 64 43 100 67 75 38 37 69 22 97 70 86 13 99 59 39 44 71 39 4 34 64 13 17 62 8 68 71 35 71 21 50 13 20 16 
40 10 53 8 83 1 29 68 14 27 78 4 23 49 43 78 82 6 91 50 19 98 69 89 84 91 10 34 4 81 49 95 90 53 54 72 54 83 91 19 61 69 22 83 69 16 61 2 73 51 51 92 100 20 32 83 10 93 16 65 74 17 
11 15 69 65 39 74 47 29 92 59 49 66 42 17 81 54 18 54 56 21 97 55 40 28 89 1 21 5 18 46 21 28 60 41 44 98 15 90 79 58 1 27 23 42 44 4 95 13 9 2 33 5 56 24 84 44 77 4 100 46 49 72 
73 61 13 17 10 79 58 88 36 58 15 11 51 10 66 97 74 74 98 7 30 5 82 13 1 58 69 100 3 69 24 28 29 88 96 39 66 5 26 53 15 92 63 17 53 80 14 27 53 63 85 34 68 66 47 20 76 67 71 30 35 94 
57 16 33 4 54 98 9 31 3 23 75 17 39 27 97 4 5 1 67 41 35 86 7 33 57 34 99 27 63 85 73 72 100 5 75 5 55 83 36 57 57 10 25 48 88 21 3 45 22 21 85 8 58 43 40 14 76 90 93 91 74 65 
62 26 69 36 30 75 19 65 31 27 26 56 26 66 28 29 10 49 49 94 8 7 89 47 72 16 88 64 6 14 28 67 39 49 3 68 23 73 85 6 51 62 13 77 27 40 5 88 41 5 34 48 63 22 47 35 37 34 50 95 99 78 
61 37 78 15 57 100 87 93 57 38 6 69 66 33 9 22 72 1 26 57 48 41 78 46 75 67 80 24 61 30 53 73 67 30 88 75 82 26 67 38 63 72 59 28 56 19 49 80 19 27 36 18 67 66 64 93 84 95 68 96 24 21 
68 42 2 7 16 35 33 34 25 47 58 83 75 65 53 75 96 71 53 32 40 19 49 55 63 32 49 31 79 25 3 98 66 4 5 34 39 37 19 63 83 28 97 9 93 49 36 40 71 88 71 10 59 71 17 73 54 65 3 32 41 5 
30 59 9 86 92 99 22 62 61 56 90 57 17 34 5 52 73 27 91 96 36 1 66 52 74 20 69 28 3 61 33 84 19 93 69 62 91 42 24 3 98 65 11 66 50 67 17 22 93 59 69 80 12 35 84 85 6 4 12 60 64 96 
44 83 88 12 96 30 54 71 84 3 87 94 68 36 12 36 58 56 94 26 36 5 12 71 41 69 74 5 29 37 100 72 71 88 35 67 69 88 89 53 42 76 98 9 11 62 44 20 17 90 98 4 46 9 74 87 30 47 91 58 36 90 
81 6 29 67 24 50 7 65 54 48 40 3 57 2 64 52 22 33 41 19 88 87 79 62 25 8 60 67 17 47 8 49 5 89 16 28 38 22 44 91 69 83 45 77 85 61 29 58 93 69 76 32 7 54 93 83 62 5 49 30 51 57 
79 55 45 94 35 34 67 78 76 87 13 20 64 49 80 92 6 24 12 33 56 71 86 100 53 99 4 2 29 7 10 59 13 6 52 99 39 70 29 14 56 41 33 71 41 65 62 46 88 26 30 43 96 15 43 100 66 98 1 46 56 62 
4 21 67 7 19 57 76 47 70 31 39 55 2 79 19 15 76 6 92 5 49 87 72 43 87 89 92 39 34 48 53 37 68 71 43 38 28 70 85 97 52 23 3 5 54 21 72 81 27 63 38 27 2 9 21 40 49 12 30 82 11 82 
70 30 53 64 68 32 33 4 80 36 78 83 41 31 3 12 12 81 74 49 59 27 9 79 66 57 43 96 90 5 29 59 35 33 22 54 64 6 57 44 41 34 26 33 17 80 44 28 61 70 28 19 96 88 50 14 96 92 61 85 96 89 
95 82 74 16 35 37 73 91 80 65 77 57 98 93 37 41 72 97 62 99 67 10 38 16 23 33 59 35 69 7 75 63 88 48 30 75 85 2 65 16 66 41 73 63 33 61 56 4 9 69 54 75 78 43 43 52 27 1 86 95 7 61 
57 47 60 86 21 44 39 37 60 5 30 84 19 14 44 26 18 52 95 23 78 24 18 20 76 44 73 13 39 31 25 47 77 85 85 49 80 23 86 91 79 15 74 98 28 69 75 97 20 69 72 98 93 41 69 20 84 41 84 74 72 61 
73 100 97 57 49 76 79 86 67 58 52 92 7 31 61 81 80 32 2 3 81 94 43 50 65 78 42 100 52 65 60 76 65 56 32 65 84 62 2 50 71 5 93 77 35 53 10 66 37 11 68 17 56 10 18 72 40 60 71 43 24 31 
18 40 38 1 56 21 62 57 22 33 61 15 61 48 19 70 13 55 32 81 72 39 42 89 10 81 100 81 23 24 63 92 15 100 92 71 21 54 27 94 38 40 8 98 87 27 20 51 81 3 83 4 42 25 45 51 57 44 83 32 19 45 
23 34 45 15 56 17 20 82 10 57 73 18 6 11 96 77 62 28 32 44 32 73 20 28 75 77 71 58 60 90 2 82 75 98 48 30 14 19 63 24 27 88 93 85 98 88 61 11 67 44 7 50 16 26 77 43 54 48 100 13 89 53 
0 0 0 1 1 1 0 1 0 0 0 0 0 0 1 1 0 0 0 0 1 0 0 0 0 1 1 1 0 1 1 0 1 1 1 0 1 1 1 1 0 0 0 0 0 1 1 0 1 0 1 1 0 1 1 0 0 0 1 0 1 0 
0 0 0 0 0 1 1 1 0 1 1 0 0 1 0 1 0 1 1 1 0 1 0 1 1 0 1 0 1 0 1 1 0 1 1 0 0 1 0 0 0 1 1 0 1 1 0 1 0 1 0 1 1 0 0 0 0 0 1 1 0 0 
1 1 1 0 1 1 1 1 1 0 1 0 0 0 1 0 1 0 0 1 1 1 1 1 1 1 1 0 1 0 0 0 1 1 0 0 0 0 0 0 0 1 0 0 1 0 1 0 0 1 1 1 0 0 0 1 1 0 0 0 0 0 
0 1 0 1 1 0 1 1 0 1 0 1 1 1 1 0 1 1 1 0 0 1 0 0 1 0 0 1 0 0 1 1 1 1 0 1 0 1 0 0 0 1 1 1 0 0 0 0 1 1 0 1 1 1 0 0 1 0 1 1 1 0 
0 0 0 0 1 0 1 0 0 1 1 0 1 1 0 1 1 0 0 0 1 1 1 1 1 0 0 0 1 1 1 0 1 1 0 1 1 0 1 1 1 0 1 0 1 0 1 1 0 0 1 1 1 0 1 1 0 1 1 1 0 0 
1 1 1 0 0 0 0 1 0 1 1 1 0 1 1 1 0 1 1 1 1 1 1 0 0 1 1 1 0 1 0 0 0 1 0 1 0 0 0 0 1 0 1 1 1 1 1 1 0 0 0 1 1 1 1 1 0 0 1 0 1 1 
0 0 0 0 1 0 0 1 0 0 1 0 1 0 1 0 1 1 1 1 1 0 0 0 0 0 1 1 1 0 0 1 0 0 0 1 1 0 1 1 0 0 1 0 1 0 0 0 0 1 0 1 0 0 1 0 1 0 1 0 1 1 
1 1 1 1 1 0 0 0 0 0 0 1 0 1 0 1 0 0 0 0 1 0 0 0 0 1 1 1 1 0 0 1 1 0 0 0 0 0 0 0 1 1 0 1 0 0 0 0 0 1 0 1 1 1 1 0 0 0 1 0 0 0 
1 0 0 1 0 0 0 1 1 1 0 1 0 0 1 1 1 1 0 1 0 1 0 1 1 1 0 1 1 0 1 0 0 1 1 1 1 1 0 0 0 0 1 1 0 0 0 1 1 0 1 1 1 1 1 1 0 1 0 1 1 1 
1 0 0 1 1 1 0 1 0 1 1 1 0 1 0 0 1 1 0 0 1 1 1 0 0 0 1 0 1 0 1 1 0 1 0 1 1 0 0 1 1 1 0 1 1 0 1 0 0 1 0 1 1 1 1 1 1 0 0 1 0 1 
0 1 1 0 0 0 0 1 1 0 0 1 1 1 0 1 1 0 0 1 1 1 1 0 1 0 0 1 1 0 0 1 1 1 1 0 1 0 1 0 0 1 0 1 1 0 0 0 0 1 0 1 0 1 1 1 1 1 0 1 1 1 
0 1 0 0 1 0 0 0 0 0 1 0 1 0 0 0 1 0 1 1 1 1 0 0 1 1 1 1 0 1 0 1 0 1 1 1 1 1 1 1 1 0 0 0 1 0 0 0 1 1 1 0 1 1 1 0 0 0 1 1 1 0 
0 1 1 1 0 0 0 1 1 1 0 1 1 1 0 0 1 1 1 0 1 0 1 0 0 1 1 0 0 0 0 0 0 1 1 0 1 1 0 0 0 0 0 0 1 0 0 0 1 1 0 0 0 1 1 0 0 0 0 1 0 0 
1 0 1 1 1 0 0 1 1 1 1 1 1 0 1 1 0 0 0 0 0 0 1 1 1 1 1 1 0 0 0 0 0 1 1 1 0 1 0 1 0 1 0 1 1 1 0 1 1 1 1 1 1 0 1 0 0 0 0 0 0 0 
0 1 1 1 0 1 1 1 0 1 0 0 1 0 1 1 1 0 0 1 0 0 1 1 0 1 1 0 0 0 0 0 1 0 0 1 1 1 0 0 0 1 0 1 1 0 1 0 0 1 1 0 1 1 1 0 0 1 0 0 1 1 
1 0 1 1 1 0 0 0 0 0 1 1 0 0 1 1 0 1 0 0 0 0 1 1 0 1 0 0 0 1 1 1 1 0 0 1 1 0 1 1 0 0 0 0 0 1 1 0 1 0 0 1 0 1 0 0 1 1 0 1 0 0 
0 0 0 0 1 1 0 0 1 0 0 1 1 0 1 0 0 0 0 1 1 0 0 1 0 1 0 1 0 1 1 0 1 1 0 0 1 0 0 0 1 0 1 0 0 0 0 0 0 1 1 1 1 0 1 0 1 1 1 0 0 0 
0 1 1 1 1 0 1 1 0 0 1 0 0 1 0 1 0 1 0 1 0 1 1 1 1 1 1 0 1 1 0 1 1 0 0 0 0 0 0 1 0 1 1 1 1 1 0 1 0 0 0 1 1 0 0 1 1 1 1 0 1 0 
1 0 0 0 0 0 0 0 1 0 0 0 1 1 0 1 0 0 1 0 1 1 0 0 0 1 1 1 1 0 1 1 0 1 1 1 0 1 1 1 1 1 0 1 0 0 0 0 0 0 1 0 1 1 0 1 1 1 0 0 0 0 
1 0 1 0 1 1 1 1 1 1 0 1 0 1 1 0 1 1 0 0 1 1 0 1 0 1 1 1 1 1 1 1 1 0 1 1 0 1 0 1 0 0 0 0 1 1 0 1 0 1 1 0 0 1 1 1 0 0 0 0 1 1 
1 1 1 0 0 1 1 0 0 1 0 0 1 0 1 0 1 0 1 0 0 1 0 1 0 0 0 0 0 1 1 1 0 1 0 0 0 1 0 1 1 1 1 0 1 1 0 0 1 1 0 1 1 0 0 1 1 0 0 1 0 1 
1 0 0 1 1 1 0 1 0 1 0 1 0 1 0 0 1 1 0 0 0 1 0 1 0 1 1 0 1 1 0 0 0 0 1 1 1 1 0 1 1 1 1 1 0 1 1 0 1 1 0 1 0 0 0 1 0 0 1 1 1 1 
1 1 0 0 0 1 1 1 1 0 0 0 1 0 1 1 0 0 0 0 0 1 1 0 0 1 0 1 0 0 1 1 1 1 1 0 0 0 1 1 1 1 1 0 1 1 1 0 1 0 0 1 1 1 0 1 0 0 0 0 0 1 
1 0 0 0 0 1 1 1 0 0 0 0 0 1 1 0 1 0 0 0 0 1 1 0 0 0 0 0 0 1 0 0 1 0 0 1 1 1 0 0 1 0 0 0 1 1 0 1 1 0 1 1 1 0 1 1 0 0 1 1 1 1 
1 0 0 1 1 1 1 1 1 0 1 1 0 0 0 0 1 0 0 0 1 1 1 1 0 1 1 0 0 0 1 1 0 1 1 1 1 0 0 0 0 1 0 1 1 0 1 1 0 0 1 0 1 0 1 0 0 0 0 0 0 1 
0 0 1 1 1 0 1 1 0 1 0 0 0 1 1 0 0 1 0 0 1 1 0 0 1 0 0 1 1 0 1 1 0 0 0 1 0 1 0 0 0 0 1 1 0 0 1 0 1 1 0 1 0 1 1 0 1 0 1 0 0 0 
1 1 0 1 0 0 0 1 1 1 1 0 0 1 0 1 0 1 0 0 0 0 1 0 0 1 0 0 1 0 0 1 1 1 0 0 1 1 1 0 0 0 0 0 0 0 1 0 0 1 0 0 1 0 0 0 1 0 0 0 1 0 
1 0 1 0 0 1 1 1 1 1 0 0 1 0 0 0 0 0 1 0 1 0 0 1 0 1 0 0 0 1 1 1 1 0 1 0 1 0 1 1 1 1 1 0 1 1 0 1 0 1 0 1 0 0 0 0 0 0 1 0 1 0 
1 1 0 1 1 0 1 0 1 1 0 0 1 1 1 0 1 1 1 1 0 1 1 1 0 1 1 1 1 1 1 1 0 1 0 1 1 1 1 0 0 1 0 0 1 0 0 0 1 1 1 0 1 0 1 1 0 0 0 1 1 1 
0 1 0 0 0 0 0 0 0 0 1 1 0 0 1 0 0 0 0 1 0 1 0 1 0 0 0 0 1 1 1 0 1 1 0 1 1 0 1 0 1 1 1 1 1 0 0 0 0 0 1 1 1 1 0 1 1 0 1 1 0 0 
1 1 1 1 0 1 0 0 1 1 1 0 0 0 0 0 0 0 0 0 1 1 1 0 0 1 0 1 0 0 1 1 1 1 0 0 0 0 0 1 1 1 1 0 1 1 0 0 1 1 0 1 0 1 1 1 0 1 0 0 0 0 
1 1 1 0 1 1 0 1 0 0 0 1 0 0 0 0 0 1 1 0 0 0 1 1 1 0 1 1 0 1 1 0 0 0 0 0 1 0 1 1 0 0 0 0 0 0 1 0 0 0 0 0 0 1 0 1 1 1 1 0 0 0 
0 0 1 0 0 0 0 0 0 1 0 0 1 0 1 0 0 1 1 0 1 1 1 1 1 1 0 0 1 0 0 1 1 1 1 1 0 1 1 0 0 1 0 0 1 1 0 1 0 1 1 0 1 1 1 0 0 0 0 1 0 0 
0 1 0 1 1 0 0 0 0 1 0 0 1 1 0 1 1 0 1 0 0 0 1 0 0 1 0 0 0 0 0 0 0 0 1 1 0 0 1 0 1 1 1 0 1 1 1 0 1 0 0 0 0 0 0 0 1 0 0 0 0 1 
0 0 1 0 1 0 0 1 0 1 0 1 1 1 0 0 1 0 1 0 0 1 0 0 0 1 0 0 1 0 1 0 1 1 0 0 1 0 1 1 1 0 1 0 1 1 0 1 1 1 1 1 1 1 1 1 0 1 1 0 0 1 
0 1 0 0 1 1 0 1 0 1 1 1 1 0 1 1 1 0 1 0 0 0 1 1 1 0 1 0 0 1 1 0 0 1 0 1 0 0 0 1 1 1 0 0 0 1 1 1 0 0 0 0 0 1 1 1 1 0 0 1 1 1 
1 1 1 1 1 1 1 1 0 0 1 1 0 1 0 0 0 0 0 0 0 1 0 0 0 1 0 0 1 0 0 0 1 1 0 0 0 1 0 1 0 1 0 0 0 0 0 0 1 1 1 1 0 1 1 0 0 0 1 1 0 1 
0 1 0 0 0 0 1 0 1 1 1 1 0 1 0 0 1 1 1 0 0 1 1 0 0 0 0 1 1 0 0 1 1 0 1 1 0 1 1 0 0 0 1 0 1 1 1 1 0 0 1 1 0 1 1 0 1 1 1 0 1 1 
0 0 1 1 0 1 0 1 1 1 0 1 1 1 0 0 0 1 1 0 0 1 1 1 1 0 0 0 0 1 1 0 1 0 0 1 1 0 1 1 1 1 0 1 0 0 1 1 1 0 1 1 1 0 0 0 0 0 0 0 1 1 
1 1 1 1 0 1 1 1 0 1 0 0 0 1 0 1 0 0 0 1 1 1 1 0 0 1 0 0 1 0 0 0 1 1 1 1 0 1 1 0 0 1 0 0 0 1 1 0 1 1 1 0 1 0 0 1 1 1 1 1 1 1 
1 0 1 1 1 1 0 0 0 0 0 0 0 0 1 1 1 0 1 0 1 0 1 1 1 0 0 0 1 1 0 1 1 1 0 1 0 0 1 0 0 1 1 0 0 0 1 1 1 0 1 0 0 0 1 1 1 0 0 0 1 0 
1 1 1 1 0 1 1 1 0 1 1 1 1 1 1 1 0 0 1 1 0 0 0 0 1 1 0 1 1 1 1 1 0 0 0 0 0 0 0 0 1 1 1 1 0 0 0 0 1 1 1 1 1 1 1 1 0 1 0 0 1 0 
1 1 0 1 0 0 1 0 0 1 1 1 0 1 0 0 1 1 1 0 0 1 0 0 0 0 1 0 0 0 0 1 0 1 1 0 1 0 0 0 1 1 1 1 0 1 1 1 0 1 1 1 0 1 1 0 0 0 0 0 1 1 
0 1 0 1 1 1 1 1 1 1 0 1 0 0 0 0 1 1 1 0 0 1 0 1 1 0 1 1 0 0 0 0 1 0 1 0 0 1 1 1 0 1 0 0 1 1 0 0 0 1 1 0 0 1 1 1 1 0 1 1 1 1 
0 0 0 1 1 0 0 0 1 0 0 0 1 1 1 1 0 1 1 1 1 1 0 0 1 1 0 0 0 1 1 0 0 1 0 1 1 0 1 1 1 1 1 0 1 0 1 1 1 0 0 0 0 0 0 1 1 0 1 1 0 0 
0 0 0 0 1 1 0 0 0 1 0 1 1 1 1 1 0 0 1 0 0 1 0 0 0 1 1 1 0 1 0 0 1 0 0 0 1 1 0 0 0 0 1 0 1 1 1 1 1 0 1 0 0 1 0 0 0 1 0 1 0 0 
1 1 0 0 1 1 1 0 1 1 0 1 1 0 0 0 1 1 1 1 1 1 0 0 1 1 1 1 0 0 1 1 1 1 1 1 1 0 1 0 0 1 1 1 1 1 0 1 1 1 0 0 0 0 0 1 1 0 1 1 0 0 
1 1 0 0 0 1 1 1 1 1 1 1 0 0 0 0 1 1 1 1 0 1 0 0 1 1 0 0 1 0 0 0 0 0 0 0 1 1 0 1 0 1 0 1 1 0 1 1 0 1 0 0 0 0 0 1 0 1 1 1 1 0 
1 1 0 1 0 0 1 0 1 1 1 1 0 0 1 0 1 1 1 0 1 1 0 0 1 0 1 0 1 0 0 0 0 1 0 0 1 1 0 0 0 1 1 1 1 0 1 1 0 0 1 1 1 1 1 0 0 0 1 1 1 1 
0 1 0 0 1 1 1 1 1 1 0 0 0 1 1 1 0 1 1 1 0 1 1 0 1 1 0 0 0 1 0 0 0 0 0 1 0 1 0 1 1 0 0 1 0 1 1 0 0 0 0 0 1 1 0 1 0 1 1 0 0 1 
1 1 0 1 0 0 1 1 1 0 1 1 1 1 0 0 0 0 1 0 1 0 1 1 1 1 0 1 1 1 0 0 0 0 0 0 0 1 1 0 1 1 1 0 0 0 1 0 0 0 0 1 0 1 1 0 0 1 1 0 0 1 
0 0 0 0 1 0 1 0 0 0 1 0 1 0 0 0 0 0 0 1 0 0 0 1 0 1 0 1 1 1 1 1 1 1 0 0 1 1 1 0 0 0 0 1 0 0 1 1 0 1 0 0 1 0 1 0 1 0 1 0 1 0 
0 0 1 0 1 1 1 0 1 1 0 1 0 1 1 1 0 1 0 0 0 0 0 1 0 0 1 1 0 0 0 0 1 1 0 0 0 0 0 1 1 0 0 0 1 1 1 1 1 0 1 1 0 0 0 0 0 0 1 0 0 1 
1 1 1 1 1 1 1 1 1 1 0 1 1 1 1 0 1 0 0 0 1 0 0 1 0 0 1 0 1 0 1 0 1 0 1 1 0 1 0 1 0 0 0 1 0 1 1 1 1 0 1 0 0 0 0 1 0 1 1 1 1 0 
1 1 1 1 0 1 0 0 0 0 1 0 1 1 0 0 0 1 0 1 0 1 1 0 0 0 1 1 1 1 1 1 0 0 0 0 1 0 0 1 0 1 0 1 0 0 1 0 1 0 0 1 1 1 1 1 1 1 0 1 0 1 
0 0 0 0 0 1 0 0 1 0 0 1 1 0 1 0 1 0 0 1 0 1 0 1 0 0 0 0 1 0 0 1 0 0 1 0 1 1 1 0 1 1 1 0 1 0 0 0 1 1 1 1 0 0 0 1 0 1 1 1 1 1 
0 0 1 1 0 1 0 1 1 1 0 1 1 0 1 1 0 0 0 0 1 1 0 0 0 0 1 1 1 0 1 1 0 0 0 1 1 0 0 1 1 1 0 0 1 1 1 1 0 0 1 1 1 1 1 1 1 0 0 0 1 1 
1 1 0 1 0 1 1 1 0 0 0 0 0 1 0 0 0 0 0 0 1 1 1 1 0 1 1 0 1 0 0 1 0 0 0 0 1 0 1 0 0 1 0 1 0 0 1 1 0 1 1 0 0 0 1 0 1 0 0 1 1 0 
0 1 0 0 1 0 0 1 0 1 0 0 0 1 1 1 0 1 0 1 1 0 1 0 0 1 1 0 0 0 1 0 1 1 0 0 1 1 1 1 0 0 0 0 1 1 1 1 0 1 0 0 1 1 0 1 0 1 1 0 1 0 
0 0 0 1 1 1 0 0 1 0 0 1 0 1 0 1 0 0 0 0 0 1 0 1 0 0 0 1 1 0 0 1 0 0 0 1 1 0 0 0 0 0 1 0 0 1 1 0 0 1 1 0 0 1 1 0 1 0 0 0 0 0 
0 0 0 0 0 1 1 0 0 1 0 1 0 0 1 1 1 1 1 0 1 1 1 1 0 0 1 0 1 1 0 1 1 0 1 1 1 0 1 1 0 0 1 0 0 0 1 1 1 0 1 0 0 0 1 0 1 0 0 0 1 0 
1 1 0 0 0 1 1 0 1 1 0 0 1 0 0 0 0 1 1 1 1 1 0 1 1 1 1 1 1 1 1 0 0 1 0 0 0 1 0 1 0 0 1 1 1 1 0 1 0 1 0 0 0 0 1 1 1 0 0 0 1 1 
