63 62 451
64 44 80 43 87 28 81 34 55 84 72 9 22 31 84 83 66 42 1 79 40 57 31 66 7 51 35 1 44 76 1 7 20 80 1 6 59 81 91 13 17 14 21 90 45 4 72 62 98 24 92 89 81 22 54 87 24 88 39 67 64 39 
26 35 18 78 92 28 11 82 40 27 48 13 16 44 16 40 57 65 63 48 54 95 69 59 34 93 47 72 11 62 63 88 96 32 66 87 60 76 20 99 54 67 11 21 62 79 60 18 95 75 65 100 69 86 59 54 78 5 26 40 66 40 
28 13 71 93 99 30 20 70 81 25 89 43 45 50 73 57 68 68 31 32 67 51 17 25 57 46 81 82 38 98 21 65 10 43 9 60 73 80 30 53 4 18 47 48 67 20 56 86 87 38 18 5 41 86 30 97 84 62 30 21 60 2 
85 69 44 45 81 68 24 10 72 27 79 19 26 97 38 34 83 76 71 100 80 11 37 9 7 72 23 88 92 82 89 28 2 85 72 82 52 47 91 24 25 21 42 51 18 79 36 100 6 6 51 85 69 87 46 27 59 68 15 2 49 55 
30 50 39 53 32 91 100 74 66 24 95 7 26 12 37 61 63 42 19 13 78 87 99 23 13 9 90 27 11 38 82 92 40 72 44 71 14 95 96 79 71 42 37 96 5 73 9 67 66 27 79 44 65 30 66 77 90 8 56 100 45 89 
43 36 60 39 58 74 33 54 4 3 95 41 51 100 13 11 18 31 89 97 26 53 26 91 81 67 98 36 67 95 24 61 30 36 99 88 61 32 93 64 86 39 4 88 38 69 98 8 99 38 4 24 90 81 66 71 47 16 58 65 10 82 
26 91 69 24 30 29 7 22 92 93 61 96 32 50 64 30 57 14 67 12 37 9 92 54 31 91 69 88 55 30 21 32 73 89 56 2 17 14 76 61 6 36 56 38 37 71 19 46 84 37 57 72 45 1 25 75 91 46 63 97 75 35 
29 99 24 36 1 92 49 76 52 7 63 59 96 51 29 14 96 64 2 53 35 47 53 12 73 95 57 87 91 83 22 19 82 97 6 82 88 55 9 92 61 23 2 56 73 83 21 21 46 22 25 33 20 29 44 45 23 100 31 65 82 4 
36 63 52 41 96 92 95 56 83 7 78 36 62 3 18 34 75 64 8 99 96 27 27 91 23 1 90 6 65 23 61 100 38 13 41 33 4 87 41 38 94 18 73 7 72 91 41 46 6 48 44 53 26 22 43 1 22 32 6 87 6 66 
38 43 78 78 28 33 17 68 70 10 37 95 16 61 85 8 6 42 55 2 94 33 75 36 33 97 19 90 35 76 55 72 19 85 2 46 17 18 65 87 79 1 33 46 13 17 54 19 10 60 72 3 92 46 90 76 42 60 65 28 35 72 
100 5 56 53 2 72 22 66 10 100 19 42 45 31 10 50 1 19 10 72 73 53 18 14 29 11 25 45 91 12 16 42 16 23 94 18 47 67 83 56 18 53 50 62 84 11 64 84 82 73 8 54 25 77 20 5 39 96 2 29 7 17 
70 23 92 15 40 38 81 74 45 98 27 94 12 62 5 75 45 86 99 4 91 23 80 62 80 19 58 81 47 16 49 69 38 40 35 29 77 16 55 22 65 81 15 28 42 71 54 38 8 52 94 51 27 73 64 6 43 21 38 42 37 86 
10 26 26 44 55 54 11 9 75 28 41 42 55 34 64 61 23 72 64 16 74 90 41 37 47 83 10 36 24 98 22 33 75 99 29 81 52 39 89 27 66 81 68 73 66 83 33 89 54 48 56 79 90 96 16 36 79 77 24 2 26 45 
87 100 43 15 81 46 5 21 72 71 54 91 95 19 74 79 59 79 26 15 10 15 10 77 3 40 53 26 42 30 22 28 29 16 94 9 61 98 82 85 20 35 27 66 53 52 44 12 83 22 78 92 36 87 68 90 27 72 67 20 1 88 
99 29 55 92 90 16 41 71 52 13 57 78 78 9 82 22 72 64 43 49 55 30 88 22 20 66 45 86 37 45 26 35 25 80 78 66 47 70 88 98 82 44 28 60 5 9 33 28 72 27 77 78 56 16 51 27 81 95 13 17 39 90 
3 15 69 80 81 68 1 68 17 83 12 96 42 68 4 26 95 27 52 23 56 7 38 6 34 70 100 98 38 90 39 40 5 7 71 85 26 72 4 43 54 15 38 47 82 94 72 77 72 75 99 28 81 89 33 66 58 33 15 96 22 53 
87 78 12 58 62 37 29 66 31 34 32 69 32 66 62 55 94 33 29 44 60 61 32 45 79 42 77 45 37 50 98 23 28 61 32 41 49 12 58 80 97 42 48 28 7 61 34 52 45 14 95 57 27 79 1 5 20 77 49 8 78 98 
82 5 10 66 98 59 77 7 38 74 48 85 53 6 97 39 9 41 52 56 97 78 34 97 34 5 25 83 64 3 32 97 59 42 62 8 100 91 15 37 16 14 73 20 72 21 58 80 61 62 35 58 39 20 6 73 76 31 7 91 33 90 
88 43 31 1 51 82 91 65 70 58 30 42 78 1 62 35 33 75 96 19 84 87 39 89 11 66 71 17 57 55 58 96 98 89 96 48 70 39 64 40 48 45 33 25 46 47 12 30 21 7 48 4 45 38 44 55 4 15 23 12 69 81 
59 66 21 54 65 42 44 80 33 92 25 66 68 22 64 79 51 36 38 50 39 82 88 34 89 43 48 11 6 69 43 64 86 63 69 3 57 13 82 89 56 58 6 23 79 69 54 81 4 91 31 94 24 18 28 12 12 27 23 17 47 17 
80 33 32 48 35 88 12 16 76 19 26 82 94 4 2 47 37 58 37 67 51 60 36 30 24 47 9 98 15 55 14 46 87 45 93 73 84 57 41 12 75 66 93 68 21 46 66 57 3 54 23 6 14 10 87 89 8 95 86 22 2 99 
67 40 96 12 13 79 20 53 90 94 18 34 14 38 32 79 95 86 33 69 91 98 79 30 86 86 24 23 60 77 21 78 17 68 41 29 99 60 81 40 54 50 26 19 87 57 97 33 42 81 54 85 30 32 14 67 69 89 89 80 18 62 
58 34 29 98 62 79 58 94 19 63 43 44 81 81 52 29 66 45 62 19 81 91 50 94 58 70 35 98 2 52 59 59 37 88 8 50 66 17 43 36 31 37 31 63 69 82 92 34 27 5 52 7 95 53 53 4 23 39 2 24 42 12 
34 78 51 93 27 69 10 21 4 92 57 35 55 25 16 46 59 94 2 62 53 96 15 5 52 89 95 5 64 36 16 49 13 67 41 91 35 2 11 38 94 19 24 100 43 92 97 53 85 98 67 37 93 81 93 96 21 87 100 36 22 16 
84 86 34 76 76 68 78 86 57 23 4 81 22 99 72 18 3 8 67 69 97 11 1 89 7 21 76 58 56 49 73 91 35 58 67 10 77 96 48 34 70 3 66 91 1 89 60 4 48 78 24 44 88 25 33 94 45 60 52 53 8 76 
43 94 34 61 56 62 56 3 95 25 5 12 67 6 52 78 61 100 55 84 95 43 60 79 36 57 38 39 9 98 15 3 91 100 64 98 61 19 100 8 44 57 19 62 62 23 40 74 74 94 9 68 36 69 47 72 25 36 10 85 33 76 
39 76 75 2 73 88 73 25 95 68 81 65 29 94 87 68 67 12 62 27 80 97 47 78 20 71 13 82 7 98 57 46 25 84 99 97 71 71 73 65 38 53 81 67 46 20 86 64 31 47 43 62 96 89 39 15 12 4 48 18 1 5 
15 25 40 14 73 62 84 46 78 74 98 58 92 96 77 77 11 60 76 53 21 71 42 60 37 53 15 85 22 15 41 37 91 32 50 63 93 85 8 70 10 58 27 1 5 56 30 15 15 5 68 87 27 9 98 63 13 12 99 34 26 91 
70 16 74 71 31 66 8 90 87 17 99 14 18 3 21 47 18 87 3 37 73 29 97 71 43 9 82 94 94 60 36 64 27 10 86 57 27 93 47 14 10 45 79 79 100 99 77 17 85 79 5 57 7 1 79 1 9 61 94 2 20 30 
17 46 39 55 55 17 47 53 30 8 97 8 38 48 58 14 64 42 92 20 51 50 20 81 51 80 41 96 34 12 25 2 10 15 56 16 32 55 68 13 14 16 21 52 64 78 17 79 72 61 99 74 10 18 54 12 98 47 8 83 10 84 
84 19 51 40 86 34 94 53 46 59 69 66 10 32 96 27 10 19 87 8 92 48 78 97 12 27 43 71 9 53 54 44 23 4 83 9 89 28 61 35 87 81 52 48 12 47 74 74 65 12 33 8 60 62 5 23 88 47 93 48 51 46 
92 74 2 26 34 90 6 46 24 92 27 28 39 90 74 65 15 91 76 100 98 87 61 2 9 1 1 1 48 51 99 91 76 52 69 9 41 74 7 17 65 85 44 55 74 69 71 41 59 99 40 57 37 100 10 98 100 10 98 100 61 48 
42 88 99 10 49 92 83 55 60 99 39 3 6 64 23 76 4 82 26 95 90 63 95 99 60 46 61 9 97 73 9 39 60 7 100 8 50 83 62 9 33 52 63 38 16 86 66 71 19 91 66 60 5 12 10 64 9 70 25 58 42 33 
96 54 91 95 61 41 29 75 1 62 78 64 51 93 1 16 16 71 59 33 30 63 96 39 79 4 9 3 61 2 87 8 55 77 55 68 69 83 94 22 96 71 85 47 16 37 62 31 7 72 15 36 35 10 74 13 65 34 67 78 88 5 
85 94 81 91 13 2 74 6 23 21 29 59 67 44 47 81 26 53 52 40 40 86 49 65 50 13 51 68 90 38 72 27 83 5 17 96 58 42 1 80 63 81 90 81 24 36 61 49 40 13 88 79 50 88 95 52 1 45 19 42 82 43 
68 65 47 37 12 4 30 64 35 44 45 76 25 68 11 85 69 2 49 56 80 99 44 26 2 96 71 20 89 4 14 9 20 60 45 31 15 26 95 1 70 39 76 94 58 86 78 26 39 27 34 70 77 29 96 78 24 66 49 12 69 63 
20 41 74 16 71 89 42 17 89 11 7 65 4 65 2 33 42 41 11 75 10 87 3 57 16 78 22 65 42 43 79 13 35 52 29 5 92 22 74 33 32 80 49 87 96 50 19 90 42 30 16 4 68 71 60 36 48 34 100 41 28 30 
54 62 33 34 18 25 55 91 57 86 23 5 24 70 6 42 59 100 23 75 3 43 97 14 78 44 99 29 37 26 58 90 39 90 23 57 66 77 99 22 14 21 78 37 43 84 30 53 83 5 79 37 99 75 2 76 71 53 56 7 30 13 
48 69 54 70 25 20 98 75 93 63 96 71 51 90 6 32 42 40 88 21 28 86 95 81 61 65 33 16 71 63 80 18 31 86 39 7 5 88 81 49 50 28 19 52 17 76 84 59 15 71 79 42 57 73 23 69 90 7 37 12 69 68 
30 51 53 20 9 57 8 42 58 9 69 76 61 38 4 96 48 18 18 78 12 74 2 86 95 91 92 83 3 13 50 84 15 3 55 24 11 62 65 68 23 85 96 35 74 99 30 21 68 47 98 79 73 100 16 19 42 60 1 44 24 50 
79 38 52 34 13 15 47 29 82 69 14 77 55 39 75 84 60 43 83 9 73 7 60 89 25 2 100 77 97 23 26 28 12 30 61 25 44 7 53 77 28 18 54 82 57 80 18 68 74 100 28 47 58 88 87 82 41 38 10 89 60 35 
16 71 16 28 47 11 87 100 88 14 17 93 95 25 24 12 92 98 63 72 96 20 11 82 53 51 19 62 91 30 49 59 52 16 86 99 27 72 98 66 37 66 10 84 43 33 47 34 82 10 57 77 81 67 10 86 69 80 99 60 9 47 
70 13 63 7 11 41 31 60 58 67 77 67 50 19 51 97 5 33 58 61 9 90 28 19 27 96 98 26 7 59 72 76 71 86 35 33 78 65 44 35 83 20 53 85 39 56 81 95 88 90 55 48 31 82 18 58 30 68 83 36 26 6 
64 48 44 50 32 73 14 75 60 96 94 12 80 84 67 12 30 6 53 85 54 36 18 71 93 47 38 27 35 15 84 50 14 79 51 45 52 64 19 11 11 65 74 43 100 93 6 30 98 11 66 3 46 83 74 90 82 63 68 68 30 3 
69 43 82 19 88 85 34 58 47 44 74 20 38 26 12 96 55 62 6 20 64 3 54 89 44 87 52 11 54 33 65 74 75 46 92 14 30 77 24 28 73 97 48 10 74 11 5 28 72 62 99 36 16 5 24 59 91 27 21 97 59 86 
70 34 31 14 99 13 90 74 40 62 71 39 24 96 50 28 24 21 42 74 56 57 78 32 68 21 58 88 17 17 73 86 2 56 51 52 68 41 26 59 2 48 50 25 43 99 5 66 19 98 92 27 6 21 58 73 41 15 61 57 83 33 
95 84 88 45 88 7 85 13 18 39 60 67 15 2 17 71 20 87 68 63 13 74 83 22 46 24 89 58 32 71 91 26 7 30 23 46 89 59 58 6 97 17 24 64 70 40 34 41 26 54 3 91 27 86 12 24 61 52 82 92 75 24 
70 81 53 92 26 41 2 35 98 51 3 73 14 72 12 99 65 90 52 67 80 78 4 43 54 64 95 87 8 69 10 29 1 14 72 78 7 73 64 4 23 66 29 36 89 92 35 53 81 86 72 12 16 27 7 21 43 53 7 50 73 16 
30 73 81 1 2 87 73 17 43 96 82 71 83 22 62 17 75 95 55 98 6 22 24 64 42 66 16 48 67 88 15 96 12 95 96 65 34 69 81 76 16 62 46 98 84 59 15 10 53 21 59 11 42 82 74 83 100 90 82 66 29 48 
62 41 94 9 5 27 77 86 2 92 99 99 42 34 10 8 95 62 28 53 24 69 87 50 3 86 39 36 51 19 35 64 59 28 73 16 7 1 1 8 45 51 59 86 85 68 93 79 81 20 84 57 40 70 6 94 55 96 29 57 14 63 
21 73 42 45 88 48 45 40 8 89 90 66 26 74 85 18 5 17 89 88 73 28 57 78 21 63 73 1 19 87 63 91 11 5 87 50 4 32 89 11 72 78 76 98 4 12 67 60 29 56 47 1 35 55 79 56 69 3 8 39 89 23 
82 51 27 68 100 30 51 88 93 75 18 68 24 73 32 90 32 60 97 30 12 32 36 42 39 56 45 46 94 85 68 27 36 46 95 35 28 45 75 20 71 92 39 94 16 70 84 99 81 80 28 45 63 15 86 53 22 30 99 15 67 18 
42 2 16 88 36 43 84 10 14 55 53 52 48 68 74 83 18 6 15 97 50 77 11 88 30 32 17 80 99 83 97 92 36 12 31 24 6 14 85 19 20 38 23 68 57 48 50 75 5 64 71 55 93 34 42 22 17 10 1 67 45 49 
10 80 13 40 55 18 6 40 89 25 77 11 92 85 10 94 11 14 9 34 20 1 67 13 22 35 23 74 54 19 75 63 50 87 55 5 56 60 44 44 84 72 6 28 56 15 21 67 81 29 100 100 82 18 13 3 4 87 29 57 57 55 
72 6 41 26 10 96 37 5 92 20 76 97 99 84 12 71 2 44 100 1 43 81 70 7 35 25 45 15 34 1 69 5 7 61 82 68 9 18 25 100 89 100 96 88 35 59 10 36 2 9 88 97 41 57 55 28 34 100 94 67 100 15 
23 58 75 4 26 83 73 2 34 61 1 30 100 36 40 10 71 94 70 59 42 63 67 96 42 100 95 35 18 47 49 40 4 76 43 81 58 67 82 44 28 35 73 79 22 64 40 44 57 10 54 98 24 73 46 65 24 40 51 42 86 100 
81 90 27 76 22 36 42 4 79 21 90 3 52 11 67 91 54 75 52 8 25 75 80 70 91 3 61 42 96 47 93 77 88 19 4 9 54 97 64 33 70 53 35 21 15 53 11 69 28 63 28 52 89 59 73 80 13 33 21 9 31 13 
37 18 83 92 79 36 88 94 20 57 99 55 29 13 7 40 81 86 54 60 89 42 18 61 73 31 94 45 91 24 9 27 94 91 70 24 79 57 17 98 66 15 4 94 28 63 85 60 48 38 20 37 32 89 97 56 19 42 1 61 66 9 
87 11 52 8 34 30 65 2 79 82 17 83 75 96 45 60 55 92 49 26 80 32 15 77 88 33 70 40 46 35 48 32 97 99 92 30 80 56 32 59 89 100 41 63 95 37 74 1 80 75 27 60 6 41 88 45 25 57 84 70 44 84 
54 40 34 45 22 14 52 53 24 40 4 16 2 50 52 28 50 31 2 76 90 59 68 29 56 93 86 39 62 29 74 67 68 8 11 89 73 62 93 48 1 48 63 55 97 14 34 47 96 87 74 38 97 42 66 52 34 51 43 47 79 16 
14 99 75 76 39 99 38 84 46 90 31 8 96 28 21 29 26 69 67 99 6 64 40 71 15 25 22 57 72 100 25 37 50 99 12 89 50 1 72 95 43 54 3 38 81 75 19 6 43 85 57 48 48 48 19 15 73 40 23 96 91 47 
32 93 98 95 81 47 96 4 41 90 57 95 27 90 70 97 47 64 82 55 12 81 3 82 95 75 73 70 22 63 16 5 7 65 99 39 11 46 42 4 35 51 98 14 92 19 10 38 83 43 93 94 24 95 75 70 21 47 39 42 61 7 
46 20 71 96 58 34 94 100 37 28 2 34 93 93 5 3 82 87 45 26 32 20 72 6 90 44 4 80 85 16 86 82 35 9 78 93 42 71 44 78 50 97 63 43 41 67 97 22 53 41 100 84 13 71 41 2 15 96 33 51 64 71 
0 1 0 1 1 1 1 0 0 0 0 0 0 0 1 0 0 1 1 1 1 1 1 1 0 1 1 0 0 0 0 0 1 0 1 1 1 0 1 1 0 0 0 1 0 1 1 0 0 0 1 1 1 1 1 1 0 0 0 0 0 0 
0 1 1 1 0 0 1 0 0 0 0 0 1 0 1 0 1 1 1 0 1 0 1 0 0 0 0 0 0 0 0 1 1 1 0 0 0 0 0 0 0 0 0 1 0 1 1 1 0 0 0 1 1 1 1 1 1 1 1 0 1 1 
1 1 1 1 1 1 1 1 1 1 1 1 0 1 0 0 1 0 0 1 0 1 0 1 0 0 1 1 0 0 1 1 1 0 0 0 1 0 1 0 1 0 1 0 0 1 0 1 1 0 0 1 0 0 1 0 0 0 0 0 0 1 
1 0 1 0 0 0 0 0 0 1 0 1 1 0 0 1 1 1 0 1 1 0 0 0 0 0 0 0 1 0 1 0 0 0 0 1 0 0 1 0 0 1 1 1 0 1 1 1 1 1 1 0 1 1 0 1 1 0 0 0 0 1 
1 1 0 1 0 0 0 1 1 0 0 0 1 0 0 0 0 1 1 1 1 0 0 1 0 1 1 0 0 1 1 1 0 1 0 0 0 0 1 1 0 0 1 0 0 1 0 0 0 0 1 1 0 1 0 0 1 1 0 1 1 0 
0 1 1 0 0 1 1 1 0 1 1 0 1 0 1 0 0 0 0 0 1 0 1 0 1 0 1 1 1 0 1 1 0 1 0 0 0 1 1 1 0 1 1 0 1 0 0 1 0 0 1 0 0 1 0 1 1 1 1 1 0 0 
0 0 1 0 0 0 1 1 1 0 0 0 0 1 0 0 1 1 0 0 1 0 1 1 0 1 0 1 0 0 1 0 0 1 1 0 1 0 0 0 0 0 0 0 0 0 0 1 1 0 1 0 1 1 1 1 0 0 0 0 0 1 
0 1 0 1 1 1 0 1 1 0 0 1 1 0 0 1 1 1 0 0 0 1 1 1 0 1 1 0 1 0 1 0 1 0 1 0 1 1 0 1 0 0 0 1 0 0 0 1 0 0 1 0 1 1 1 1 0 1 1 0 1 1 
0 0 1 1 0 0 1 0 1 1 0 0 0 0 0 0 1 0 1 1 0 0 0 0 0 0 1 1 0 0 0 0 0 1 0 0 0 1 1 1 0 1 1 0 0 0 0 1 0 1 0 1 0 0 1 0 1 0 1 1 0 0 
0 0 1 0 0 1 1 1 1 1 1 0 1 1 0 1 0 1 1 1 0 1 1 1 1 0 1 0 0 1 0 0 1 0 0 1 1 1 1 0 0 0 1 1 1 1 0 1 0 1 0 0 0 0 1 1 0 0 0 0 1 0 
0 0 0 0 0 0 1 1 0 1 1 1 0 0 1 1 1 1 0 0 0 1 0 1 0 0 0 0 1 1 1 1 0 1 0 0 1 1 1 0 1 0 1 1 0 0 0 1 0 1 1 0 0 1 1 0 0 1 1 1 1 0 
0 1 1 0 1 1 0 0 1 1 0 0 0 0 1 1 1 1 0 1 1 0 0 0 0 0 0 1 1 1 1 0 0 1 0 1 0 0 1 1 1 1 1 0 1 0 1 0 1 1 1 0 1 0 1 1 0 1 1 0 0 0 
0 0 1 0 1 1 1 0 0 0 1 0 0 0 0 1 0 0 0 0 0 1 0 1 1 0 0 0 0 0 0 0 0 0 1 1 1 0 1 0 0 0 0 1 0 0 0 1 0 1 1 1 0 1 0 1 1 1 1 0 1 0 
0 0 0 1 1 1 1 1 1 0 1 1 1 0 0 1 1 0 0 0 1 1 1 0 0 0 1 0 0 0 0 1 0 0 0 0 1 0 1 1 0 0 0 1 0 0 0 1 1 1 1 0 0 0 0 0 1 1 0 1 0 0 
0 0 0 1 0 0 1 1 1 1 0 1 0 0 0 0 0 1 1 1 1 1 0 0 0 1 1 0 0 1 1 1 0 1 0 0 1 1 0 0 0 0 0 0 0 0 0 0 1 0 0 0 1 0 0 1 1 0 0 1 1 1 
0 1 0 0 0 0 1 0 0 1 0 0 1 0 0 0 1 1 0 1 0 1 1 0 1 0 0 1 1 0 0 0 1 0 0 1 0 0 1 1 1 1 1 1 0 0 1 1 1 1 0 1 0 1 0 1 1 0 0 0 0 0 
0 0 1 1 1 1 1 1 0 0 0 0 1 0 0 0 1 1 1 1 1 0 0 1 1 1 1 0 0 0 0 0 0 1 1 1 1 0 0 1 1 1 1 0 1 1 1 1 1 0 0 0 0 1 1 0 0 0 0 0 0 0 
1 0 0 0 0 1 1 0 0 0 1 0 0 1 1 1 0 0 0 0 0 0 1 1 0 0 0 0 0 0 1 1 1 1 0 1 0 1 1 0 1 1 0 1 0 0 1 0 0 1 0 1 1 0 0 0 0 0 0 0 1 1 
0 0 0 0 1 0 1 0 1 0 1 1 1 1 1 0 1 0 1 0 1 1 0 1 1 0 0 1 0 1 1 0 1 1 0 0 0 1 0 1 1 0 0 1 1 0 1 1 0 1 1 1 0 1 0 1 1 0 0 1 1 1 
0 0 1 0 0 1 0 1 0 1 1 0 0 0 0 0 1 0 1 0 1 1 1 0 0 0 0 0 0 0 0 0 0 1 0 1 0 0 0 0 0 1 0 0 1 1 0 1 1 1 1 1 0 1 1 0 1 1 1 1 1 1 
1 0 0 0 1 0 0 1 0 0 0 0 1 1 1 1 0 1 1 0 0 1 1 1 0 0 0 1 0 0 0 1 0 0 1 1 0 0 0 0 0 0 0 1 1 0 1 0 1 0 0 1 1 1 0 1 1 0 0 1 0 0 
1 0 0 0 1 0 0 1 0 1 1 1 0 1 1 1 1 0 1 1 1 1 0 1 0 1 1 1 1 0 1 0 0 0 0 0 0 1 1 1 0 1 0 0 0 1 0 1 1 1 0 0 0 0 1 1 1 0 0 0 0 1 
0 1 1 1 1 0 0 0 1 0 1 1 0 1 0 0 0 1 0 0 1 0 0 0 1 0 0 1 0 1 1 1 0 0 0 1 0 0 1 1 0 1 0 0 0 0 1 1 1 1 1 0 1 0 0 1 0 1 0 0 0 1 
1 0 0 1 1 0 1 0 0 1 1 0 0 0 1 1 1 0 0 0 1 1 0 1 0 0 0 1 1 0 0 0 0 0 0 1 1 1 0 1 1 1 1 1 1 0 0 0 1 0 1 0 1 1 1 0 0 0 1 1 0 1 
1 1 0 1 0 1 1 0 0 0 0 1 1 1 0 1 0 1 1 1 1 0 0 0 0 0 0 1 1 1 1 1 0 1 0 0 0 1 1 0 1 1 1 0 0 1 1 0 0 0 1 1 1 0 0 1 0 0 1 0 1 0 
1 1 1 1 0 1 1 1 1 0 0 0 1 0 0 0 1 0 1 0 0 0 0 0 1 1 0 0 1 0 0 0 1 1 1 1 0 0 0 1 1 0 0 0 1 0 0 0 0 1 0 0 1 1 0 1 0 1 1 1 1 0 
1 0 1 0 0 0 1 0 1 0 1 1 0 0 1 0 0 0 0 0 0 1 1 1 0 1 0 0 0 1 0 1 1 1 0 1 1 1 0 1 1 1 0 1 1 0 1 1 0 1 1 0 1 1 1 1 0 1 1 1 0 1 
0 0 1 0 1 0 1 1 1 0 0 0 1 1 0 1 0 0 0 0 0 1 1 0 1 1 1 0 0 0 0 1 0 1 1 1 1 1 1 1 1 1 1 1 1 1 0 1 1 0 1 1 0 0 1 1 0 1 1 0 1 1 
1 1 0 1 0 0 0 1 1 1 1 0 0 0 1 0 1 0 1 1 1 1 1 1 0 1 0 1 0 1 1 1 0 1 0 0 1 0 0 0 0 1 0 0 1 1 1 0 1 0 1 1 1 1 0 1 0 0 0 0 1 1 
0 1 1 0 1 0 1 1 1 1 0 1 1 1 1 0 0 0 0 1 1 1 0 1 0 1 1 1 1 0 0 1 1 1 0 1 0 1 0 1 0 1 0 1 0 1 0 0 0 0 0 1 0 0 1 0 1 0 1 1 1 0 
0 0 1 0 1 1 1 0 0 1 1 1 1 1 0 1 0 0 1 0 0 1 0 1 0 0 1 1 1 0 1 1 1 1 0 0 0 1 0 1 1 1 0 0 1 0 1 1 1 0 1 1 0 1 0 0 1 1 1 0 0 1 
0 1 0 0 1 0 1 0 1 0 1 1 0 0 0 1 1 1 0 0 0 0 0 0 0 1 1 1 0 1 0 0 0 0 0 0 1 1 0 0 0 1 0 0 0 0 0 1 1 0 0 1 0 0 1 0 1 0 1 1 0 0 
1 0 0 1 0 1 1 0 0 1 0 0 1 0 0 1 1 1 1 1 0 1 1 1 1 1 1 1 0 1 1 0 0 1 1 0 1 0 1 1 1 1 1 1 1 1 0 0 0 0 0 0 1 1 1 1 0 0 0 1 0 1 
1 0 0 0 0 1 1 1 0 0 0 1 1 1 0 0 0 0 0 0 0 1 1 1 0 0 0 0 1 0 1 0 0 0 0 0 1 1 0 0 0 0 1 1 0 0 1 0 0 1 0 1 1 1 0 1 1 0 0 0 0 1 
0 0 1 1 1 1 0 1 1 0 1 0 0 1 0 1 1 1 1 1 0 0 1 0 1 0 1 1 1 1 1 1 0 0 0 1 1 1 0 0 1 1 1 1 1 1 1 0 0 0 0 0 0 1 1 1 1 0 1 0 1 0 
0 1 0 0 0 0 1 0 0 1 0 1 0 1 1 1 1 1 1 1 0 1 0 1 1 0 1 0 0 0 0 0 0 0 1 0 0 0 1 1 1 1 0 0 0 1 1 1 1 1 1 1 0 1 0 1 1 1 1 0 1 1 
0 1 0 1 0 0 0 1 1 1 0 0 1 0 1 1 1 0 0 0 1 0 0 1 0 1 0 1 1 0 1 0 1 1 1 1 1 1 0 1 1 0 1 0 0 0 1 0 1 1 0 0 0 0 0 0 0 0 1 1 0 0 
1 0 1 1 1 1 0 0 0 1 0 1 0 1 1 1 1 0 1 1 1 1 0 1 1 0 1 0 1 0 1 1 0 0 0 1 1 0 1 1 0 0 0 0 1 0 1 0 0 0 1 1 1 1 0 0 1 0 1 1 0 0 
0 0 0 0 1 0 0 1 1 0 1 0 0 0 0 0 0 0 0 1 0 0 1 0 0 0 0 1 1 0 1 1 0 0 1 0 0 0 1 1 0 0 1 1 0 1 1 0 0 1 1 0 1 0 0 0 1 1 1 0 1 1 
0 0 1 1 0 1 1 1 0 0 1 0 1 1 1 0 1 1 1 0 1 1 1 0 1 0 1 0 0 0 1 0 0 0 0 0 1 1 1 0 1 0 0 0 1 1 0 0 1 0 1 0 1 0 0 0 0 1 0 0 0 0 
1 0 0 1 1 0 0 0 0 0 1 0 0 0 1 1 1 0 1 0 1 0 0 1 0 0 1 0 0 1 0 1 1 1 0 0 1 1 1 1 1 0 1 1 0 0 0 1 1 1 1 0 1 1 1 1 1 0 0 0 1 0 
1 1 1 0 1 0 1 0 1 0 0 0 1 1 1 0 0 0 1 0 0 1 1 1 0 1 0 0 1 1 1 0 0 0 0 0 1 1 0 0 1 1 1 1 0 0 1 0 0 0 0 0 1 0 1 0 1 1 0 0 1 1 
0 1 0 1 1 1 0 0 1 0 1 0 1 1 0 0 1 0 0 0 0 0 0 0 0 1 1 0 1 0 0 1 0 0 0 1 1 1 1 0 1 0 1 0 1 1 0 1 0 0 1 0 0 1 0 0 0 0 1 1 0 1 
0 0 1 1 0 0 0 1 0 1 0 1 1 1 1 1 0 1 1 1 1 0 0 0 0 0 0 1 1 0 0 0 1 1 1 1 1 1 0 0 0 0 1 1 0 0 0 0 1 1 0 1 1 0 1 0 1 1 1 0 1 0 
0 0 1 1 1 1 0 0 1 0 0 0 1 0 1 1 1 0 1 1 1 0 1 0 0 0 1 0 1 1 0 1 1 1 1 1 0 1 1 1 0 1 0 1 0 1 1 1 1 0 0 1 0 1 1 1 0 1 1 1 0 1 
0 1 0 1 0 1 1 1 0 1 1 0 0 1 1 1 0 1 1 0 0 0 1 1 1 1 0 0 0 0 1 1 0 1 0 0 0 1 0 1 0 1 1 1 0 1 0 0 0 0 0 0 0 1 1 1 1 0 1 1 0 0 
0 0 1 1 1 0 0 1 1 1 0 0 0 0 1 0 0 1 0 0 1 0 1 1 1 0 1 0 0 1 0 0 0 0 1 1 0 0 0 1 1 0 1 1 0 1 1 0 0 0 0 0 0 1 1 0 0 0 0 0 1 1 
0 1 1 0 0 1 0 0 0 1 0 1 0 0 0 1 0 1 1 0 1 0 0 0 0 0 0 0 0 1 1 0 1 0 0 1 1 0 0 1 1 0 1 1 1 1 1 1 0 0 0 1 0 0 1 0 0 1 1 0 1 0 
0 0 1 1 1 0 1 1 0 1 0 1 0 1 0 1 0 1 0 0 0 0 0 0 1 0 1 0 0 0 0 1 0 1 0 0 0 1 1 0 0 1 1 1 0 1 0 1 0 0 1 1 1 0 1 0 0 0 0 1 1 0 
0 1 0 0 1 0 1 1 0 0 0 1 1 1 0 1 0 1 0 1 0 1 1 1 1 0 1 1 1 0 1 1 0 1 1 1 1 0 0 1 0 1 0 1 0 1 1 0 0 1 1 0 0 1 1 1 1 0 0 0 1 1 
1 1 1 0 0 0 0 1 0 1 0 0 0 0 1 1 0 1 0 1 1 0 0 0 1 1 1 1 1 0 1 0 1 0 0 1 0 1 0 0 0 0 1 0 0 0 0 0 0 0 0 1 1 0 0 0 0 1 0 1 1 1 
0 0 1 0 1 1 1 0 0 1 0 1 0 1 1 0 1 1 0 1 1 1 0 1 0 0 0 0 1 1 1 1 1 0 0 0 1 1 0 1 1 1 0 1 0 0 1 1 1 1 1 0 1 1 1 1 1 1 1 0 0 0 
0 1 0 0 0 1 1 0 1 0 1 1 1 1 1 0 1 1 0 0 1 1 1 1 0 0 0 1 0 1 1 0 0 1 0 0 0 0 1 1 0 0 1 0 0 0 0 1 1 0 1 1 1 0 0 1 0 0 0 0 1 1 
1 0 0 1 0 1 1 1 0 0 0 1 0 0 0 0 1 1 1 0 0 0 0 0 0 0 1 0 0 0 0 1 0 0 1 1 1 0 0 0 0 0 1 0 0 1 1 1 1 0 1 1 0 1 0 0 1 1 1 0 1 1 
1 0 1 0 1 1 1 1 1 1 0 0 0 0 0 1 0 1 1 1 0 1 1 0 0 0 1 1 0 1 0 0 1 1 0 0 0 1 1 1 1 1 0 1 0 0 0 0 1 1 1 1 0 0 0 0 1 1 1 1 0 1 
1 1 1 0 1 1 1 1 1 0 0 1 1 0 1 1 0 0 0 0 1 1 0 1 1 1 1 1 1 1 0 0 1 1 0 0 1 0 1 0 0 0 1 0 0 0 1 1 0 0 1 1 1 1 1 0 1 0 1 0 1 0 
0 0 1 1 1 0 1 0 0 1 0 1 1 1 1 1 0 1 1 1 1 0 0 0 0 1 0 0 1 1 0 0 0 1 1 1 0 0 1 0 1 0 0 1 1 1 0 1 1 1 0 0 1 0 0 1 0 0 1 1 1 1 
1 1 1 0 0 1 0 0 1 0 0 1 1 1 1 1 0 0 0 0 0 1 0 0 0 0 0 0 0 1 1 1 1 0 0 1 1 0 1 1 0 1 0 1 0 1 0 0 1 0 0 1 1 1 1 0 1 1 0 1 1 1 
1 0 0 1 1 1 1 1 0 0 0 1 1 1 0 0 1 0 0 0 1 0 1 1 0 0 0 0 0 1 1 1 1 1 0 1 1 1 0 1 1 0 0 1 1 1 1 1 1 1 1 0 1 0 1 1 0 0 1 0 1 1 
1 1 0 1 0 1 1 0 1 0 0 1 1 0 0 0 1 1 0 0 0 1 0 1 1 0 1 0 1 1 1 0 0 0 0 0 1 1 0 0 1 0 0 1 0 0 1 1 0 1 1 0 1 1 1 0 0 1 0 1 0 0 
1 0 0 1 0 1 0 0 0 0 0 0 1 1 0 0 0 0 0 0 0 1 1 0 1 1 1 1 0 1 1 0 1 1 1 1 1 0 1 1 0 1 1 1 0 1 1 1 0 1 1 0 0 0 0 1 0 1 1 0 0 0 
0 1 0 0 0 1 0 1 0 0 1 1 1 1 0 0 0 0 0 1 1 0 0 1 0 0 1 1 0 1 1 1 1 1 1 1 0 1 1 0 1 0 1 0 1 0 0 0 0 0 1 1 1 1 1 1 1 0 0 0 1 1 
1 0 1 0 0 1 1 1 0 0 1 1 0 0 1 0 0 0 1 0 1 0 1 0 1 1 0 1 1 0 0 0 0 1 0 0 1 1 1 1 1 0 0 1 1 0 1 1 0 0 1 1 0 1 0 1 0 0 0 1 0 1 
