42 62 25
51 31 28 44 71 98 25 83 13 5 18 48 41 77 56 38 45 55 80 95 28 50 83 87 94 18 35 40 30 43 96 80 25 24 23 95 73 48 29 85 4 46 32 96 74 40 33 18 94 65 64 73 66 47 59 60 64 45 99 93 39 94 
72 15 69 47 10 42 94 90 26 49 88 10 96 61 49 29 31 94 45 94 66 10 40 77 69 55 73 19 47 12 65 71 26 33 17 87 74 62 29 52 62 16 13 57 28 13 37 58 6 81 4 23 91 95 51 11 50 24 30 96 35 94 
18 12 26 34 99 52 47 27 55 8 94 67 65 21 31 53 31 36 34 34 10 24 28 61 34 77 84 15 25 70 8 94 81 86 80 31 37 26 9 43 86 54 9 50 75 39 2 57 26 87 42 35 62 69 47 96 98 30 10 74 51 70 
19 32 55 98 14 43 24 23 85 61 76 45 10 2 83 63 10 60 2 51 46 63 72 93 10 21 74 20 46 25 41 64 8 95 62 73 89 37 95 73 97 23 17 58 76 51 72 86 62 73 36 7 88 59 51 97 79 25 68 24 1 8 
40 60 54 1 32 42 89 27 66 37 1 82 94 76 84 17 13 45 42 1 52 29 59 54 25 90 78 93 13 30 100 52 89 6 4 21 47 92 99 13 80 51 46 73 26 30 42 91 26 83 91 29 11 1 83 35 90 60 27 55 42 79 
6 30 84 62 2 82 5 100 94 85 50 92 9 28 73 50 18 98 32 60 27 42 60 9 29 50 20 7 56 61 37 61 43 20 74 44 2 79 44 47 15 45 90 23 72 62 73 41 60 56 100 86 50 12 46 78 13 65 36 68 26 73 
80 20 92 54 63 45 84 6 44 50 51 33 72 74 95 96 15 6 4 66 91 53 29 36 30 41 52 17 60 29 89 40 48 33 45 11 29 80 16 72 81 18 57 4 92 3 100 58 8 55 75 98 7 4 85 88 96 36 4 8 17 93 
99 64 25 95 74 53 26 42 77 6 59 33 9 2 87 60 11 94 14 38 43 20 93 79 7 88 14 63 47 30 55 45 46 31 39 19 83 64 60 11 21 71 95 30 24 81 89 35 74 3 24 68 74 16 46 33 55 12 95 2 93 49 
98 38 79 37 57 13 52 68 76 73 90 70 54 14 51 42 100 76 96 23 44 70 38 89 2 44 52 48 45 45 96 43 82 26 31 90 90 34 10 65 58 99 35 11 64 37 5 63 12 100 37 7 21 26 48 74 70 99 21 66 43 68 
8 77 45 90 66 35 24 75 51 81 26 37 44 89 73 48 4 37 99 40 43 72 18 90 45 39 41 18 4 35 37 12 11 82 53 29 68 76 3 18 9 28 55 52 69 27 51 72 15 49 63 58 20 80 99 17 18 39 86 22 74 22 
85 36 55 37 64 22 65 19 92 25 98 46 28 66 24 78 37 39 26 100 48 98 31 98 66 49 89 51 22 14 24 58 49 79 46 13 52 10 83 43 86 80 40 13 46 16 90 34 6 68 85 5 65 16 2 82 16 90 32 89 3 7 
46 52 85 91 16 89 53 98 83 38 77 23 51 74 90 92 60 95 59 44 99 75 11 52 56 78 42 39 66 96 46 63 99 82 54 66 70 58 63 53 95 92 27 97 17 16 41 76 62 51 72 12 26 82 63 33 60 56 72 77 52 17 
40 2 98 45 68 68 2 82 72 48 25 98 97 42 13 37 69 26 87 40 37 64 74 99 97 85 7 68 61 10 84 52 11 33 96 30 52 49 12 23 97 88 72 93 81 84 81 50 9 67 41 97 31 14 96 79 50 54 46 63 63 81 
14 73 65 62 55 17 10 66 39 6 5 11 50 86 46 30 35 7 49 27 3 79 93 50 57 42 3 54 4 17 86 70 42 50 83 96 66 92 61 57 50 65 19 99 2 64 81 88 22 29 15 77 59 7 78 67 100 33 20 56 49 5 
77 90 54 59 85 72 50 97 28 99 14 46 50 15 61 30 3 83 58 17 11 16 75 88 34 26 20 53 81 69 9 57 10 62 15 95 33 17 91 12 67 4 57 16 71 18 97 73 52 6 41 14 73 67 1 6 92 73 10 73 93 18 
29 2 32 96 96 16 12 39 28 78 42 84 46 12 53 42 36 56 100 76 21 72 94 74 30 86 46 39 58 38 57 38 91 88 33 87 3 96 77 82 74 18 18 71 82 22 64 69 30 63 97 50 87 90 23 16 75 68 6 32 57 62 
22 100 1 6 38 56 2 14 89 27 83 6 49 64 28 12 85 57 27 81 58 13 70 81 80 45 100 37 28 9 51 49 8 51 7 45 58 8 10 47 86 92 4 34 8 31 45 92 39 23 72 97 35 93 29 66 37 28 3 17 88 53 
17 95 55 23 91 65 82 52 63 19 44 66 52 51 49 49 94 39 71 17 87 58 9 15 75 98 95 77 14 82 81 82 29 88 5 19 52 38 71 14 57 66 79 60 68 79 60 61 18 83 29 4 40 37 19 66 86 13 95 99 46 75 
33 74 14 89 45 65 26 15 78 34 32 9 46 99 87 5 11 56 87 39 60 78 27 30 96 13 94 90 63 39 16 95 13 30 83 57 94 61 23 24 46 54 32 91 4 70 48 14 26 34 4 37 64 30 66 59 42 59 100 5 97 15 
51 9 44 86 17 90 46 39 13 43 44 96 34 99 17 33 12 94 18 67 30 81 97 95 91 90 5 90 94 2 5 97 62 100 82 31 89 79 69 53 21 65 100 6 63 17 38 27 10 56 93 92 88 89 86 79 79 43 20 24 44 76 
20 57 76 53 87 16 31 8 21 4 24 20 9 86 36 99 64 98 54 57 89 93 97 26 71 27 68 43 51 63 18 22 72 93 27 10 61 9 69 81 12 92 100 73 30 88 71 93 37 76 49 25 68 98 2 91 24 22 33 26 36 50 
100 59 95 26 69 7 34 37 87 98 29 38 70 10 25 40 2 61 15 3 37 34 100 91 24 75 64 56 1 99 58 100 58 52 77 78 10 10 14 96 7 94 33 28 3 10 67 57 22 33 59 11 67 10 53 42 84 16 98 36 66 7 
87 75 10 63 52 19 25 18 14 83 63 98 11 18 7 29 74 81 14 84 91 80 45 43 73 80 10 70 16 75 28 54 50 37 69 53 55 93 70 20 27 85 18 89 2 76 70 27 56 83 62 98 14 6 92 86 85 1 8 52 28 35 
6 29 72 74 81 78 18 3 98 96 87 15 85 40 42 6 18 98 88 79 47 53 36 91 38 20 91 97 24 70 32 81 98 55 54 31 32 23 33 29 18 71 95 54 62 37 59 79 86 46 9 32 50 44 22 88 15 65 36 38 34 67 
18 84 73 23 14 5 45 98 85 15 68 80 68 29 68 27 59 53 24 67 36 74 62 58 13 76 74 48 66 59 67 35 42 39 58 55 95 54 4 32 68 71 63 36 51 30 14 61 82 37 27 17 10 40 26 74 16 99 22 33 10 88 
67 51 78 76 58 73 82 61 56 49 84 18 36 34 47 49 95 80 38 73 48 99 13 74 73 80 24 94 64 33 33 30 36 10 58 93 34 39 5 89 39 88 6 27 74 4 27 20 83 64 92 31 15 56 56 87 87 79 32 50 64 64 
32 99 73 41 43 59 79 47 47 69 87 5 95 60 8 22 79 91 37 22 73 51 78 28 37 16 6 68 66 21 83 49 71 8 89 13 66 19 60 64 39 98 68 34 57 76 7 35 66 43 56 90 46 85 17 82 53 74 2 18 95 84 
18 65 43 58 78 8 28 89 72 66 86 39 99 94 66 5 28 83 100 35 72 45 72 88 78 24 62 31 93 8 67 62 72 9 19 1 17 46 41 40 11 78 30 62 71 96 66 50 78 17 37 2 13 60 89 91 83 2 21 27 9 87 
88 33 96 58 85 64 3 78 55 65 55 84 26 78 31 44 79 61 60 67 62 73 78 50 15 60 4 35 38 64 74 77 96 69 34 33 84 36 10 38 53 16 73 78 45 4 21 76 64 33 42 25 57 20 26 71 31 29 57 69 93 30 
97 40 50 31 72 33 18 33 22 70 49 95 48 93 98 20 68 61 52 62 37 60 33 62 82 63 43 39 83 87 68 80 26 70 10 50 54 79 82 76 49 82 22 96 27 19 67 46 31 71 7 67 30 91 80 12 54 22 2 88 60 69 
19 86 90 80 87 44 59 20 71 7 54 92 54 80 62 72 77 92 42 84 10 24 74 41 35 79 63 88 19 74 56 37 59 98 17 97 41 27 69 11 85 22 2 38 53 63 9 29 6 3 64 67 26 90 7 12 68 21 99 38 95 6 
75 5 3 43 2 95 21 22 57 5 43 10 94 95 24 2 75 29 56 39 47 81 28 54 44 47 74 94 85 20 100 11 25 54 53 78 49 25 99 57 29 93 67 22 39 90 75 13 71 31 51 17 63 78 70 7 25 96 100 61 15 51 
71 91 57 75 68 5 99 18 13 27 10 79 48 48 69 74 61 39 4 63 55 19 41 77 77 17 72 28 77 38 79 47 29 35 73 48 91 71 66 3 49 27 82 48 75 2 21 87 92 77 49 46 95 41 74 71 57 97 98 85 35 28 
83 15 62 55 62 4 77 27 59 25 54 92 24 80 93 45 66 84 73 66 81 67 7 55 89 15 51 86 100 37 66 82 51 79 89 13 83 65 91 41 42 44 32 65 75 76 61 40 11 33 58 91 51 64 97 39 78 100 77 29 36 94 
63 87 72 51 99 54 67 89 46 8 85 29 25 59 4 85 51 14 70 8 57 72 23 53 63 52 52 91 81 40 84 95 26 55 45 76 61 11 16 6 71 52 35 95 11 90 31 13 56 52 72 64 24 94 16 38 45 20 28 77 59 11 
71 36 17 67 63 77 30 78 83 100 82 69 46 92 10 28 56 65 80 27 28 55 20 96 92 16 67 71 93 77 33 15 12 49 82 26 26 11 55 60 62 36 80 7 79 89 86 34 6 17 60 85 71 31 80 14 47 98 84 91 74 16 
57 37 17 90 14 42 100 69 53 13 4 32 71 83 20 57 16 77 73 28 62 96 10 93 9 56 91 45 98 16 12 7 5 28 96 18 21 48 86 73 60 90 4 31 24 76 39 39 52 11 18 65 6 28 58 67 35 100 63 85 67 74 
91 71 54 86 89 74 85 26 47 45 15 2 27 90 77 65 29 81 27 98 45 33 25 2 51 12 53 13 96 20 38 86 90 91 23 30 65 8 56 63 4 22 64 82 12 41 46 92 21 24 89 17 8 66 19 58 77 23 22 72 42 60 
9 32 50 83 13 14 90 68 76 45 42 40 26 53 32 23 44 4 47 84 20 54 49 90 12 77 13 33 100 54 92 8 37 42 91 50 7 32 69 35 29 10 74 54 14 57 77 9 60 23 93 79 28 93 69 39 22 81 24 21 86 67 
29 23 60 71 24 19 54 92 53 82 2 78 36 15 34 64 76 45 38 68 75 65 12 43 56 33 75 79 54 13 97 34 35 57 56 58 75 9 49 27 91 2 56 78 69 89 93 44 33 30 63 7 94 74 2 49 59 28 79 12 40 76 
97 26 32 52 83 58 12 84 36 54 37 91 83 57 79 75 100 63 4 14 21 98 88 74 98 98 2 77 61 93 52 57 19 35 60 1 92 71 36 27 77 73 17 59 29 47 34 81 61 89 94 81 86 33 55 36 30 8 12 42 100 15 
98 18 1 9 71 44 32 6 70 8 30 38 18 11 36 51 43 96 40 36 28 77 21 34 64 2 41 27 44 41 41 93 10 41 2 80 84 33 86 5 92 67 94 9 77 81 12 19 76 3 7 4 31 79 89 95 80 30 21 75 22 14 
1 0 1 0 0 1 0 1 1 1 1 1 1 0 1 0 0 1 0 0 0 1 0 0 1 0 1 1 0 0 0 1 1 0 1 1 1 1 0 0 0 1 1 0 1 1 0 0 0 1 0 0 0 1 0 1 1 0 0 1 0 1 
1 1 1 0 0 0 0 0 0 0 0 0 0 1 1 1 1 1 0 0 1 0 1 1 1 0 1 1 1 0 0 0 1 1 1 0 1 1 0 0 1 0 0 0 0 1 1 1 0 1 1 1 1 0 0 0 0 0 1 0 0 0 
0 1 1 1 1 1 0 0 1 0 0 1 0 0 0 1 0 0 0 1 1 1 0 1 1 0 1 0 0 1 0 1 1 0 0 0 1 1 0 0 1 1 1 1 1 1 0 1 1 0 1 0 1 1 1 0 1 1 0 0 0 1 
1 1 1 1 0 0 0 0 0 1 1 1 0 1 0 0 0 1 0 1 1 1 0 0 1 0 1 0 0 0 1 1 1 0 0 1 0 1 0 0 0 1 1 1 0 1 1 1 0 0 0 1 1 1 1 1 1 1 1 1 1 0 
0 0 0 0 0 0 1 0 0 0 1 1 1 0 0 0 1 0 0 1 1 0 0 0 1 1 1 0 0 0 0 0 1 0 1 1 0 0 1 0 0 0 1 1 0 1 0 1 1 0 1 0 0 1 0 1 1 0 1 1 0 1 
0 1 1 1 0 1 1 1 1 0 0 0 1 0 1 1 0 0 0 1 0 0 0 1 0 1 1 1 1 1 1 1 1 0 0 1 0 1 1 1 1 1 0 1 1 1 0 1 0 0 0 0 1 1 1 1 0 0 0 1 0 1 
0 1 0 0 0 0 0 1 1 1 0 1 0 0 1 1 1 1 1 0 1 0 1 1 1 1 1 0 1 1 1 1 0 1 0 1 1 0 0 1 1 1 0 0 1 1 1 0 0 0 0 0 1 1 1 0 1 0 0 0 0 0 
1 0 1 1 1 1 1 0 0 1 1 0 1 0 0 0 0 0 0 1 0 1 0 1 0 1 0 0 1 0 0 1 0 0 0 0 1 0 0 1 1 1 1 0 1 1 0 1 0 0 0 0 0 1 0 0 0 0 0 0 0 1 
1 0 1 1 0 0 1 0 1 0 1 0 0 0 0 0 0 0 1 0 0 1 1 0 1 0 0 1 0 0 0 1 1 1 0 1 1 0 0 0 0 1 1 1 0 1 1 0 1 0 0 1 1 0 0 0 0 0 0 0 1 0 
1 0 0 1 1 1 1 1 0 0 1 1 1 1 0 0 1 1 1 1 0 0 1 0 1 1 1 1 1 0 1 0 0 1 0 1 1 1 1 1 1 0 0 0 1 0 1 0 1 0 1 1 0 1 0 1 0 1 0 0 1 0 
0 1 1 0 0 0 0 1 1 1 1 1 0 0 1 1 0 0 1 0 0 1 1 0 1 1 1 1 1 0 1 0 1 1 0 1 1 0 1 1 0 0 0 0 1 0 1 1 0 0 1 0 1 0 0 0 0 1 0 1 1 1 
1 0 0 0 0 0 0 1 1 0 1 1 0 0 1 1 0 0 1 1 0 1 0 1 1 0 0 1 1 0 1 1 0 1 1 0 1 1 1 0 0 1 0 0 1 1 0 1 1 1 1 0 0 1 1 0 1 1 1 0 1 0 
1 0 0 0 0 1 0 0 0 0 1 0 0 0 1 0 0 1 0 1 1 0 0 0 0 1 1 0 1 1 0 1 1 0 1 1 0 1 1 0 1 0 0 0 1 1 0 1 0 0 0 1 1 0 1 1 1 1 1 0 0 0 
1 1 0 1 0 0 0 0 0 0 0 0 0 1 0 0 0 0 1 0 0 0 0 1 1 1 0 1 0 0 1 1 1 1 0 0 0 1 0 0 1 0 1 1 0 1 1 0 1 0 1 1 0 1 1 0 1 1 1 1 0 0 
0 1 1 1 1 1 0 1 0 1 0 1 0 0 0 1 0 1 0 1 1 0 1 0 0 0 1 1 1 1 1 1 1 1 0 0 0 0 0 0 1 0 1 1 0 1 1 0 1 1 0 0 1 1 0 0 1 1 1 0 1 1 
1 0 0 0 0 0 0 0 1 0 0 0 1 0 0 0 1 1 1 1 1 1 0 1 1 1 0 0 1 1 1 0 1 1 0 0 0 1 0 1 1 1 1 0 1 1 1 0 0 0 1 1 1 1 0 0 0 1 1 1 0 0 
0 0 0 0 0 0 1 0 1 0 1 0 1 1 0 0 1 0 0 1 0 0 0 0 0 1 1 1 0 0 0 0 0 0 1 0 0 0 0 1 1 0 1 0 1 1 0 0 0 0 1 0 0 0 0 1 1 0 0 1 0 0 
0 0 0 1 0 0 1 0 1 0 0 1 0 1 0 0 0 0 1 1 0 1 1 1 0 0 1 1 0 1 1 0 1 0 1 1 0 0 1 0 1 0 1 1 1 1 0 1 0 1 1 0 0 0 1 1 1 0 0 1 1 1 
1 0 1 0 1 0 0 1 0 1 1 1 1 0 0 1 0 0 0 1 1 0 1 0 1 0 1 1 1 0 1 0 1 0 0 0 0 1 1 0 0 0 1 1 1 0 0 1 0 0 0 1 1 1 0 0 0 1 0 1 1 1 
0 0 1 0 1 0 1 0 0 0 1 0 1 0 0 0 1 0 0 1 0 1 0 0 0 0 1 0 0 0 1 0 1 0 0 0 0 0 0 1 0 1 1 1 1 1 1 0 1 0 1 1 1 0 1 1 0 0 1 0 1 0 
0 0 1 1 0 1 1 0 0 1 0 1 0 1 0 0 0 0 0 1 1 1 1 1 1 0 1 0 0 0 1 1 0 0 0 0 1 1 1 0 0 1 1 0 0 0 0 0 0 0 0 1 0 1 0 1 1 0 1 0 0 0 
1 1 0 1 1 0 0 0 0 0 1 1 0 0 1 1 0 1 1 0 1 1 0 1 0 1 1 0 1 0 0 0 1 1 1 0 1 1 1 1 1 0 0 0 0 0 1 1 1 0 1 0 0 1 0 0 1 1 0 0 1 1 
1 0 0 0 1 1 0 0 0 1 0 0 1 1 0 0 0 0 1 1 0 1 1 0 1 0 0 0 0 1 1 1 0 1 0 1 0 0 1 0 1 1 0 1 0 1 1 0 1 0 0 1 1 1 0 1 1 0 1 1 1 0 
1 1 1 1 0 1 1 1 1 0 1 1 1 1 0 1 0 1 1 0 1 1 1 1 0 0 1 1 1 0 1 0 0 0 1 0 1 0 0 0 1 1 1 0 0 0 1 0 1 1 0 0 0 1 1 0 1 0 1 1 1 0 
1 1 0 1 1 1 1 1 1 0 0 0 1 1 0 0 1 0 1 0 0 1 1 0 1 1 0 0 0 1 0 1 0 0 0 0 1 0 1 0 0 0 1 1 1 1 0 0 1 1 0 0 1 0 0 0 1 0 1 1 0 1 
0 0 0 1 0 1 1 0 0 1 0 1 1 1 0 1 1 0 0 0 0 1 0 0 0 1 0 1 0 0 0 0 1 0 1 1 0 0 1 0 0 1 1 1 0 1 0 0 1 0 0 1 0 0 1 0 1 0 1 1 0 1 
1 1 0 1 1 0 1 0 0 1 0 1 0 0 0 0 0 0 1 0 1 1 0 1 1 1 1 0 0 1 1 0 1 1 1 0 1 0 0 1 0 0 0 0 1 1 1 1 1 0 0 0 1 0 1 0 0 0 0 0 0 1 
0 1 1 1 1 0 0 1 0 0 0 0 0 1 1 1 0 0 1 0 1 0 1 0 0 1 1 0 1 1 0 0 0 1 1 1 1 1 0 1 1 0 0 0 1 1 1 0 0 1 0 1 1 1 1 0 0 0 0 0 1 0 
0 1 1 1 0 1 1 1 0 0 1 0 0 1 0 0 1 0 1 1 1 0 1 0 0 1 1 1 1 0 1 1 0 1 1 0 0 0 1 0 0 1 1 1 0 1 1 1 1 0 0 0 0 1 0 1 1 1 0 0 0 1 
0 0 0 1 0 0 1 0 1 1 1 0 0 1 1 1 0 0 1 0 0 0 0 0 1 1 0 1 1 0 0 1 0 1 0 0 1 1 0 0 1 1 0 1 0 1 1 0 1 0 1 1 0 1 0 1 0 0 0 1 0 1 
1 0 0 1 0 1 1 1 0 0 0 0 1 1 0 0 1 1 1 0 1 1 1 1 1 1 1 1 1 1 0 0 1 0 1 1 0 0 0 0 0 1 0 0 0 0 0 1 0 1 0 1 1 1 0 0 1 1 1 0 0 0 
0 1 0 1 0 0 0 1 0 0 0 1 0 0 1 1 1 1 0 1 0 1 1 0 1 0 1 1 0 1 1 0 0 1 1 1 0 1 0 0 0 0 1 0 0 1 1 1 0 0 1 1 1 0 1 1 0 1 0 0 0 1 
0 1 0 1 0 0 1 0 1 1 0 0 1 0 1 1 1 0 1 0 1 0 0 0 1 0 1 1 0 0 0 0 1 1 0 1 1 1 1 0 0 1 1 1 1 0 0 0 0 1 1 1 0 1 0 1 0 1 1 0 1 1 
1 0 0 1 1 0 0 0 0 0 1 1 1 0 0 0 1 0 1 0 0 1 1 0 1 1 1 0 0 1 1 1 1 0 0 1 0 0 1 0 0 1 0 1 1 0 1 0 0 1 0 0 0 0 0 1 1 0 1 1 1 1 
0 0 1 0 1 1 0 1 1 0 0 1 0 1 1 1 0 0 0 0 0 1 0 1 0 0 1 0 1 0 1 0 0 0 0 0 1 1 1 0 1 1 0 1 0 1 1 0 1 1 1 0 0 1 1 1 1 0 1 1 0 0 
1 0 0 1 0 1 0 1 1 0 0 1 1 1 1 0 1 0 0 0 0 0 0 1 1 1 1 0 0 1 0 1 0 0 1 0 1 1 0 1 1 0 0 1 1 1 1 1 0 1 1 0 0 1 0 1 1 1 0 1 1 0 
1 1 1 0 1 0 1 1 1 1 0 0 0 1 1 1 0 1 1 0 0 1 1 0 0 0 1 0 0 0 1 1 1 0 1 1 0 0 0 0 1 0 0 1 0 1 1 0 1 0 0 1 1 0 1 1 0 0 0 0 1 1 
1 0 1 0 1 1 1 0 1 0 0 1 0 0 1 1 1 0 1 1 1 0 1 0 1 0 0 1 0 1 0 0 0 1 0 1 1 1 1 0 0 0 0 0 0 1 1 1 1 0 1 0 0 0 0 1 0 0 1 1 0 1 
1 0 1 1 1 0 1 1 0 1 1 0 1 1 1 0 1 0 0 0 0 0 0 0 1 1 1 0 0 1 0 1 1 1 0 0 1 1 1 1 0 0 0 1 0 1 1 1 0 1 1 0 1 1 1 1 0 0 1 0 1 1 
1 0 0 0 0 1 1 0 1 0 0 1 1 0 0 1 1 0 0 0 1 0 0 0 1 0 0 0 1 1 0 0 1 0 0 1 0 0 1 1 0 0 0 1 0 0 0 0 1 1 0 0 1 0 0 0 1 0 0 0 1 0 
0 0 1 1 1 1 1 1 0 1 1 0 0 1 0 1 1 1 0 0 1 1 0 1 1 1 1 1 1 0 0 0 0 1 1 0 0 0 1 0 1 0 0 1 1 0 0 1 0 0 1 1 1 1 1 0 1 0 0 0 1 0 
0 1 1 1 1 1 1 0 1 0 0 1 0 0 1 0 1 1 1 0 1 0 1 0 1 0 0 1 1 1 1 1 1 0 1 0 1 0 1 0 1 1 1 1 1 0 1 0 0 0 0 1 1 0 1 0 0 1 1 1 1 0 
