40 46 457
45 47 86 79 65 59 52 15 5 58 18 53 52 66 40 100 51 78 32 89 2 27 21 59 96 34 20 38 46 88 54 90 34 91 68 99 49 71 65 5 28 34 10 79 99 49 
31 1 26 62 42 80 89 62 90 84 95 9 21 93 96 26 82 82 16 2 32 16 72 48 21 100 81 82 30 32 30 60 32 8 22 73 39 62 34 28 45 81 89 18 73 84 
95 6 17 11 59 48 78 31 95 98 82 76 79 63 7 61 23 38 20 96 63 10 9 48 37 53 28 77 22 52 61 17 10 29 79 68 77 56 98 23 6 31 98 36 94 56 
48 68 46 67 15 8 76 23 55 65 27 35 41 49 38 53 17 47 82 47 15 10 2 64 32 59 95 82 95 40 37 42 59 34 61 73 93 88 95 48 52 21 34 45 21 71 
97 89 70 30 35 84 39 89 47 23 47 93 4 93 84 40 35 42 26 47 14 18 34 60 17 38 33 2 34 53 73 82 94 42 12 28 77 2 68 23 24 15 68 27 7 51 
19 93 93 96 91 58 13 25 18 30 14 50 31 47 54 55 28 47 48 91 27 24 93 94 99 68 60 18 47 19 68 65 11 12 60 2 70 24 78 39 5 91 88 88 89 41 
42 16 40 42 7 66 17 51 11 15 18 71 84 64 89 52 80 51 15 91 4 36 15 81 74 19 23 61 6 63 54 100 79 45 41 37 10 9 87 72 24 56 94 7 20 82 
10 51 85 77 42 88 12 8 21 86 26 95 98 84 58 51 35 88 95 27 24 56 35 62 80 10 17 73 69 88 7 78 39 91 6 32 30 18 39 2 55 16 97 52 99 6 
55 33 45 1 11 68 9 46 81 88 55 49 60 23 37 66 53 27 8 58 10 38 27 100 39 81 15 87 33 66 44 39 98 88 39 9 55 47 6 87 86 60 36 46 35 24 
63 87 2 71 96 63 8 23 62 98 3 76 37 87 41 80 25 91 68 16 51 22 14 56 61 100 15 96 97 49 71 59 87 72 29 83 34 88 57 95 38 59 22 74 98 63 
53 74 53 20 89 55 94 3 10 54 2 76 1 98 77 71 8 63 94 89 97 79 76 53 25 65 64 98 38 13 60 91 86 64 62 75 18 55 29 27 60 30 55 60 79 31 
82 38 45 27 26 42 57 54 46 33 18 61 31 56 73 90 98 59 6 59 85 75 66 13 2 25 94 8 37 24 38 70 61 34 97 87 75 5 40 73 38 57 33 68 64 6 
9 61 64 66 72 48 41 37 12 94 13 5 1 49 28 90 19 88 23 67 74 50 71 13 22 8 22 54 27 85 11 88 98 74 53 69 73 93 57 84 86 69 40 38 18 67 
27 88 55 50 54 80 99 24 45 72 84 66 25 10 2 36 97 99 61 50 67 86 94 23 21 80 44 61 69 61 79 96 48 33 97 53 65 95 76 9 66 11 26 42 21 27 
29 69 26 42 70 44 79 64 19 99 95 62 11 63 74 90 10 21 74 6 25 38 100 52 98 17 63 23 11 35 2 39 3 27 80 25 22 10 88 40 9 34 53 71 48 26 
60 58 98 86 63 22 75 15 74 73 31 36 47 93 22 48 32 76 26 63 100 48 73 39 39 33 72 92 3 20 17 15 77 15 100 39 88 74 5 61 98 36 48 97 28 21 
44 11 97 22 26 96 21 98 35 59 82 58 2 84 77 71 98 5 37 49 96 24 75 100 37 72 87 36 68 67 57 64 77 5 85 54 100 57 3 86 67 84 96 69 20 24 
39 69 29 27 18 76 50 92 75 38 15 14 26 35 80 34 98 8 38 34 62 89 42 64 27 8 100 22 76 19 45 66 87 25 92 4 100 94 47 27 83 62 92 8 48 71 
41 45 30 78 30 43 19 71 59 45 78 58 66 6 76 10 23 14 87 67 70 86 12 68 64 94 29 55 2 28 77 94 24 7 24 53 1 42 75 59 86 5 16 3 62 43 
64 84 9 50 50 78 88 61 45 51 7 26 6 60 53 34 53 77 40 76 81 41 69 8 51 6 64 67 8 25 61 72 60 69 21 62 46 8 74 43 11 80 68 16 39 72 
1 44 48 41 71 81 33 40 88 35 45 51 1 53 27 14 76 86 82 96 47 80 56 21 74 66 52 41 33 43 64 33 86 12 25 56 44 9 47 83 44 92 85 96 96 11 
9 23 48 43 70 47 74 25 67 47 42 70 87 74 12 50 7 97 13 83 5 8 92 51 90 87 94 26 82 41 88 43 63 36 85 33 82 58 9 100 4 51 69 42 24 33 
43 82 29 8 65 85 67 8 88 57 94 81 34 75 74 22 17 36 57 53 20 38 10 29 89 65 79 57 58 54 89 1 36 70 60 52 6 26 59 93 34 4 74 68 30 47 
89 47 34 97 51 54 86 13 34 74 77 12 82 87 65 71 39 52 92 98 55 97 75 65 90 9 68 15 28 98 61 68 96 46 64 46 99 49 58 32 74 87 95 55 73 12 
25 11 15 68 60 70 65 34 34 6 42 2 20 21 51 32 88 46 77 51 43 28 51 53 11 24 39 6 31 11 69 7 73 83 75 32 52 91 65 38 96 59 91 15 79 41 
98 67 38 74 69 80 53 72 32 64 47 22 21 77 32 41 36 56 23 10 87 27 100 4 64 95 62 6 61 92 46 58 10 83 83 31 14 88 54 98 51 100 19 23 29 3 
63 64 58 37 25 97 63 24 100 78 70 13 35 82 4 80 91 66 14 25 96 80 12 49 77 62 100 95 36 80 97 50 95 7 87 19 3 1 94 2 31 15 14 65 96 69 
97 38 34 10 63 81 89 74 29 17 88 81 64 23 12 60 73 7 18 59 25 20 11 71 21 41 85 86 6 81 55 54 18 40 63 32 21 4 6 1 72 93 33 35 15 45 
47 39 51 64 49 27 84 60 97 56 52 82 94 9 14 48 62 83 39 77 15 11 80 72 12 3 64 96 38 30 40 84 69 90 99 69 69 82 80 65 90 32 98 83 40 63 
82 2 46 20 78 12 31 9 83 94 11 98 89 100 27 81 35 47 70 34 16 90 67 95 55 56 78 4 38 18 67 19 71 64 91 48 75 21 8 9 66 70 6 6 70 32 
86 56 31 8 89 98 97 56 92 3 11 22 7 1 39 25 19 9 88 9 8 14 81 15 22 98 36 79 4 57 62 89 13 92 96 1 89 45 8 33 47 71 54 5 71 92 
29 41 52 68 2 59 81 82 25 54 32 60 32 35 69 94 75 81 85 71 33 26 67 41 58 13 63 11 70 33 54 98 25 57 66 26 15 98 60 91 52 91 2 35 25 70 
80 99 2 65 21 35 42 87 27 99 52 89 61 21 73 66 70 97 22 87 75 88 85 34 30 88 24 83 74 100 53 54 50 6 70 71 40 11 9 18 61 60 58 73 32 82 
38 2 31 11 88 5 98 24 38 79 63 13 61 37 64 65 90 13 71 59 35 62 69 44 80 81 55 89 53 87 71 90 88 1 100 27 57 49 51 46 79 65 58 39 1 21 
4 90 33 74 100 68 87 68 63 66 100 17 7 52 3 77 41 42 29 92 21 85 92 23 30 70 87 39 61 88 11 64 29 95 89 29 62 75 48 76 93 48 93 99 99 47 
27 92 41 7 83 61 43 27 83 24 48 21 62 8 8 72 71 37 66 11 65 80 86 12 55 30 59 99 28 10 98 6 1 38 12 35 50 54 61 84 77 9 4 90 68 12 
13 39 100 30 1 16 9 86 27 16 15 38 66 94 99 63 51 99 52 62 33 1 67 46 84 95 6 40 84 73 3 48 63 2 78 64 17 38 1 95 53 68 84 71 13 82 
85 64 32 37 77 17 89 44 62 25 90 19 64 26 91 66 73 6 67 50 69 35 88 69 29 92 88 13 14 1 46 99 64 78 35 40 94 23 83 7 47 73 25 62 98 67 
27 22 72 45 72 92 79 11 13 8 54 100 72 20 100 69 18 63 98 4 3 91 78 37 49 77 61 73 38 10 92 65 32 15 9 55 7 40 17 19 47 22 70 70 41 70 
90 10 32 88 13 86 30 91 75 79 19 35 3 56 97 94 20 28 61 81 34 67 20 2 37 18 23 6 39 16 27 28 25 11 67 90 96 97 80 22 75 98 9 29 5 5 
0 0 1 0 0 0 0 1 1 0 0 1 1 0 0 0 1 1 0 0 0 1 0 1 1 0 0 1 0 0 1 0 0 0 0 0 0 0 1 1 0 1 0 0 1 1 
0 1 0 0 1 0 1 1 1 0 1 1 1 1 1 0 0 0 0 0 0 0 1 0 1 1 1 0 1 1 1 1 0 1 1 1 1 1 0 0 1 1 1 1 0 0 
1 0 0 0 1 1 0 0 1 0 1 0 0 1 1 1 0 1 0 0 0 1 1 0 1 0 1 0 1 0 0 1 0 1 1 1 0 1 1 1 1 1 1 1 0 1 
0 0 0 0 0 1 1 1 1 0 0 1 0 1 1 1 0 1 0 1 1 0 1 0 1 0 1 0 0 1 1 0 0 0 1 0 1 0 0 0 1 0 1 1 1 0 
0 0 0 0 1 1 0 0 1 1 1 1 0 1 0 1 1 0 1 0 1 0 1 1 1 0 1 0 1 0 1 0 0 1 0 0 0 1 0 1 0 1 0 0 0 1 
0 0 1 1 0 0 0 1 1 1 1 0 1 1 1 0 1 1 1 1 1 1 0 0 1 1 1 1 1 0 0 1 0 0 1 0 0 1 0 0 0 1 0 1 0 1 
0 1 1 1 1 0 1 1 0 0 0 0 1 0 0 0 1 0 0 0 0 0 1 0 0 1 0 1 1 0 0 1 0 1 0 1 0 1 0 0 1 1 0 1 1 0 
1 0 0 1 1 1 1 0 1 0 0 1 1 1 0 1 0 0 1 0 1 1 0 1 1 1 0 0 0 1 0 1 0 1 0 1 0 0 1 1 0 1 1 1 0 1 
0 0 1 1 1 0 0 1 1 0 0 0 0 1 1 0 0 1 1 1 0 1 1 0 1 1 1 0 0 0 1 0 0 0 0 1 0 0 0 1 0 1 1 0 0 1 
1 0 0 0 1 1 0 0 1 1 1 0 1 1 0 0 0 1 0 0 0 0 0 1 1 1 0 1 1 0 0 0 0 0 1 0 1 1 0 0 0 0 1 1 1 1 
1 1 0 1 1 1 1 0 0 0 1 0 1 0 0 1 1 0 0 0 0 1 1 1 0 1 1 1 0 0 0 1 0 1 0 1 0 1 1 0 1 0 0 1 1 0 
0 0 0 0 0 1 0 1 0 0 0 1 1 0 1 1 1 1 0 1 1 0 0 0 0 1 1 0 0 0 0 1 0 1 1 0 0 1 1 0 1 1 1 0 1 0 
0 0 0 0 1 1 1 1 1 1 0 0 0 1 0 0 0 0 1 1 0 1 1 1 1 0 0 0 1 1 1 1 1 1 1 0 0 0 1 1 0 0 0 0 1 0 
0 1 1 0 0 1 1 1 1 1 0 1 1 1 1 0 0 0 1 1 1 1 0 0 1 0 0 1 0 1 1 0 0 0 0 1 0 0 0 1 1 0 0 0 1 1 
1 1 0 0 1 1 0 1 1 1 1 0 0 1 1 1 1 0 0 0 1 0 0 1 1 1 0 1 1 1 1 0 1 1 1 0 0 1 1 1 0 0 1 0 1 1 
1 0 1 1 0 0 1 0 1 0 1 1 0 1 1 1 1 0 0 0 0 0 1 1 1 1 1 1 1 0 0 1 0 1 0 1 1 0 1 0 0 1 0 0 0 1 
1 1 1 1 0 1 1 1 0 1 1 1 0 0 1 0 1 1 1 0 0 0 0 0 0 0 1 0 1 1 1 0 0 0 0 0 1 1 0 1 0 1 0 0 1 1 
0 1 1 1 1 1 1 1 1 0 1 0 0 0 1 0 1 0 0 1 0 0 0 0 1 1 1 0 1 1 1 0 0 0 1 1 0 1 0 1 1 1 0 1 0 1 
1 1 1 0 0 0 0 0 0 1 1 0 1 1 1 1 1 1 1 0 0 1 1 0 1 0 1 1 0 1 0 1 0 0 1 0 0 1 1 0 1 0 0 0 1 1 
1 0 0 1 1 0 0 0 0 1 1 0 0 1 1 1 0 0 1 0 0 1 1 1 1 0 0 0 1 1 1 0 0 0 1 1 0 0 1 1 1 0 1 0 1 0 
1 0 0 0 0 1 1 1 0 0 0 0 0 1 0 0 1 0 0 1 1 0 1 0 1 0 1 0 0 0 1 1 0 1 1 0 0 0 0 1 1 0 1 1 1 1 
1 0 1 1 1 0 0 0 1 1 1 0 0 1 0 1 1 1 0 0 1 1 1 1 0 0 1 1 1 0 1 1 1 0 0 0 1 0 1 0 0 0 0 0 1 0 
1 0 1 1 1 1 0 0 0 0 0 0 0 1 0 1 0 1 1 1 0 0 1 1 0 1 1 0 1 0 1 0 1 0 0 0 1 0 0 0 1 0 0 1 1 0 
0 0 0 1 1 0 0 0 1 0 0 0 1 1 0 0 0 1 0 0 1 0 0 1 0 1 1 0 0 1 0 0 1 0 0 0 0 0 0 1 0 0 1 1 0 0 
1 0 1 0 0 1 0 0 0 0 0 0 0 0 1 0 1 0 1 1 0 1 1 0 1 1 1 0 1 1 0 0 1 0 0 1 1 0 1 1 0 1 1 0 0 0 
1 1 0 0 0 0 1 1 1 0 0 0 1 1 1 1 0 0 1 0 1 0 1 0 0 1 0 1 0 0 0 1 1 0 1 1 1 0 0 0 1 0 0 0 0 1 
1 0 1 1 0 0 1 1 0 1 1 0 1 1 0 1 0 1 1 1 0 0 1 0 0 0 1 0 0 1 1 0 1 0 1 1 0 0 1 1 0 0 1 1 1 0 
0 1 1 1 0 0 0 1 0 0 0 1 1 0 0 0 0 1 1 1 1 1 0 0 0 0 0 0 1 1 0 1 0 1 0 0 1 0 1 0 1 1 1 0 0 0 
0 0 1 1 0 0 1 0 0 1 0 0 1 1 1 1 0 1 1 0 1 0 1 1 0 0 0 0 0 0 0 0 1 1 0 1 0 1 1 0 0 1 1 0 0 0 
1 0 0 0 0 1 1 1 0 1 1 1 1 1 1 1 0 0 1 0 1 1 1 0 1 1 1 0 1 1 1 1 1 1 1 0 0 0 1 1 0 1 0 1 0 1 
1 0 0 0 0 1 1 1 0 0 1 1 1 0 1 0 1 0 1 1 0 1 1 0 0 1 1 0 1 1 0 0 0 0 0 0 1 1 0 1 1 1 1 0 1 0 
0 1 0 1 0 1 1 1 1 1 1 0 0 0 1 0 0 1 0 0 0 1 1 0 1 0 1 0 1 0 0 1 1 0 1 1 1 0 1 0 1 0 0 1 0 0 
1 0 1 1 0 1 1 1 1 0 1 0 0 0 1 0 0 0 0 1 0 0 1 1 0 0 1 1 0 1 1 1 1 0 1 1 0 0 0 1 0 1 0 0 0 1 
0 0 1 0 1 1 0 0 0 1 0 1 0 0 0 1 0 1 1 1 0 1 1 0 1 1 0 1 1 0 0 1 0 1 1 1 1 0 1 1 1 1 1 1 0 1 
0 0 1 1 1 1 1 0 0 0 1 0 1 0 0 1 1 0 0 0 1 1 0 0 1 1 1 0 0 1 1 0 1 0 0 0 0 1 0 0 1 1 0 0 1 0 
1 0 0 1 1 1 1 1 1 0 1 0 0 1 0 1 0 1 0 0 0 0 1 0 0 0 0 0 0 1 0 1 0 0 0 1 1 1 0 0 1 1 0 1 1 0 
1 1 0 1 1 0 1 0 0 1 0 0 1 0 0 1 1 0 1 1 1 0 1 1 0 0 1 0 0 0 1 1 1 1 0 0 1 1 0 1 0 0 0 1 0 0 
0 1 0 1 0 1 1 1 0 1 0 1 1 0 1 0 1 0 1 1 0 0 0 0 0 0 0 0 1 0 0 1 1 0 0 0 1 1 1 1 0 1 1 1 1 0 
0 0 1 1 1 1 0 1 0 0 1 0 0 0 1 0 1 0 0 1 0 1 0 0 0 0 1 1 0 1 0 0 1 1 1 1 0 1 0 0 1 0 1 1 0 0 
1 0 0 1 1 1 0 0 1 1 0 0 0 0 1 0 0 1 1 0 0 0 1 0 0 1 0 1 0 1 1 0 1 0 1 0 1 0 0 0 1 1 0 1 1 0 
