60 69 2639
89 41 77 2 7 69 2 29 65 88 15 97 39 92 27 21 24 58 43 4 41 40 46 70 31 88 98 36 40 38 14 29 78 90 30 37 11 84 65 75 71 31 23 9 74 1 81 49 58 24 52 98 15 97 67 45 37 16 80 76 53 46 4 30 35 34 18 45 69 
83 71 39 65 93 100 39 93 80 87 2 55 91 99 69 87 17 65 23 32 97 99 84 42 2 66 28 87 83 73 55 17 43 46 34 88 45 24 32 76 62 34 83 52 32 3 39 1 68 13 32 16 63 68 57 65 85 84 3 19 8 58 88 3 55 21 42 99 96 
73 26 57 58 8 9 42 63 99 42 82 11 73 97 74 92 5 90 76 40 92 47 100 1 34 2 55 6 43 5 1 67 83 57 25 42 65 66 4 63 59 85 26 83 33 99 75 37 40 2 29 31 48 28 84 81 29 90 86 23 47 38 41 29 95 65 70 11 82 
74 26 92 10 3 75 43 1 49 31 92 50 59 22 98 38 57 30 18 47 68 40 93 5 81 73 51 97 42 14 31 67 39 22 77 41 48 71 93 96 1 36 98 12 57 47 49 66 76 67 64 95 58 56 100 90 80 2 39 21 15 21 88 5 94 16 97 42 86 
41 37 38 76 86 1 85 32 2 50 60 68 13 54 77 20 5 67 99 7 5 71 21 77 10 78 70 25 74 11 62 15 100 52 42 85 52 26 17 53 27 76 72 39 29 49 10 86 67 60 92 23 31 64 99 40 41 68 17 67 31 78 33 30 29 74 14 33 100 
82 85 78 57 9 17 38 57 78 23 23 38 66 45 20 29 43 59 22 62 75 40 92 5 72 21 85 97 87 17 48 68 2 26 77 62 94 14 18 71 88 92 60 53 36 79 81 30 90 54 43 16 93 35 20 16 7 5 13 93 21 60 13 74 85 89 35 78 2 
4 49 89 95 60 41 82 39 73 63 80 79 6 95 71 92 15 39 98 71 51 43 43 10 55 69 47 43 55 24 44 59 24 84 5 84 76 39 74 100 53 53 78 10 47 1 1 13 39 51 35 89 93 78 50 47 98 96 89 52 20 84 62 95 19 19 78 94 57 
3 93 61 55 23 71 54 23 71 66 61 21 53 1 13 30 50 11 27 98 51 30 69 34 92 63 4 62 93 97 70 95 42 30 50 64 100 3 86 23 20 98 95 72 50 8 53 51 70 31 48 21 61 16 6 4 31 10 65 23 58 86 17 99 15 18 14 67 20 
51 89 92 48 83 15 49 42 68 100 64 50 99 84 10 67 41 65 97 2 81 19 60 66 35 10 33 53 24 99 24 74 39 67 74 73 82 22 67 1 73 30 50 24 65 12 90 5 76 86 59 9 56 70 74 42 79 58 94 54 8 70 80 46 88 53 71 69 26 
37 21 51 66 71 74 82 82 15 38 9 52 96 17 7 65 43 48 96 100 94 49 60 15 80 5 2 32 27 23 10 63 43 12 80 13 85 61 46 51 99 55 2 46 23 8 11 65 55 58 17 48 58 28 62 38 32 16 69 11 38 30 73 80 41 5 45 77 65 
90 27 15 96 28 61 71 35 23 87 42 80 3 41 37 30 55 74 14 70 95 24 7 24 48 38 17 52 82 93 69 24 72 35 19 99 95 89 86 69 76 27 48 30 67 37 12 73 62 77 42 56 52 100 32 51 38 100 3 71 44 23 94 15 57 65 14 4 5 
99 72 32 77 72 14 95 8 77 68 21 5 9 77 56 61 60 6 50 11 60 20 54 82 66 69 91 30 34 94 86 32 65 70 60 36 35 54 95 11 21 16 15 82 44 70 42 55 27 43 65 39 62 18 20 27 38 62 8 71 55 46 54 72 15 13 59 49 19 
54 11 39 21 25 72 16 46 65 70 24 7 86 62 69 3 34 47 93 95 7 63 2 52 69 73 18 81 31 18 51 84 28 90 56 4 13 71 49 78 40 24 84 25 86 4 80 19 51 24 65 9 38 66 60 6 38 29 39 69 46 89 4 25 30 60 28 43 82 
28 20 22 51 55 98 36 59 29 6 61 52 71 21 90 88 80 95 26 60 85 46 5 74 49 29 3 60 8 97 42 35 16 15 85 23 64 73 33 93 30 45 96 52 65 85 40 96 32 65 55 68 62 59 41 62 39 96 22 46 92 15 32 60 81 68 82 44 40 
66 36 70 10 84 21 74 20 12 69 3 28 23 71 89 33 11 51 23 58 24 68 2 38 51 61 18 18 94 13 58 59 1 79 68 84 51 93 3 15 13 6 42 35 76 31 19 38 81 41 96 56 60 49 93 10 9 62 27 54 26 36 12 26 66 31 9 69 75 
12 83 87 17 24 73 44 6 91 81 86 31 28 41 42 76 85 51 36 98 29 89 24 65 52 49 82 34 58 50 8 21 84 46 89 8 18 32 13 8 64 51 90 92 43 31 19 80 33 7 29 62 47 52 26 99 53 59 84 62 9 44 82 92 89 70 51 7 53 
16 66 16 18 8 59 12 90 78 91 23 36 20 84 82 23 61 32 75 71 16 36 79 59 69 23 99 38 25 57 90 92 75 6 61 34 16 73 23 93 15 97 80 86 32 62 61 92 93 35 63 60 23 93 70 91 67 21 29 44 77 70 87 51 27 48 36 43 72 
59 87 86 55 67 24 87 80 84 30 24 70 44 84 92 89 5 83 7 25 63 50 2 84 37 4 11 36 40 5 7 50 43 92 4 61 67 42 40 50 72 64 20 67 47 63 55 3 45 62 28 59 63 29 43 51 84 5 86 75 61 92 24 3 36 80 64 2 21 
3 4 44 18 75 63 16 37 17 19 82 30 46 92 45 26 34 95 9 90 33 36 50 24 59 5 11 38 20 65 11 74 68 54 92 42 16 7 78 85 25 11 66 22 3 62 47 88 9 8 30 41 43 31 16 1 87 79 91 6 43 1 80 62 6 71 3 74 29 
32 10 54 95 75 27 49 89 74 88 97 33 17 37 75 100 4 27 86 82 69 92 24 21 71 85 27 93 39 100 21 23 61 26 17 35 53 17 75 78 4 71 62 73 59 36 72 63 14 9 96 35 100 72 55 22 8 81 14 99 32 87 21 92 12 89 79 16 57 
53 93 60 76 54 84 34 41 7 48 7 16 96 41 67 67 47 89 26 28 54 24 11 40 96 55 52 36 85 19 92 37 12 4 64 17 39 98 10 46 97 16 13 92 8 79 10 54 19 36 33 73 11 44 12 59 50 15 94 34 34 38 70 97 41 34 65 79 83 
74 76 31 89 88 23 96 19 84 2 37 71 34 61 82 29 25 92 78 39 85 11 24 22 33 72 14 18 37 45 100 10 72 82 51 60 4 98 30 40 99 66 10 33 27 43 13 51 34 91 41 71 1 17 44 33 40 10 50 76 54 1 38 25 83 88 36 38 37 
17 77 36 83 39 20 61 81 32 63 67 22 3 89 75 71 32 7 11 41 9 86 46 9 75 23 43 62 58 81 99 75 9 86 9 47 57 21 80 88 83 98 62 37 86 88 8 69 94 18 10 54 55 7 15 30 29 57 43 39 89 93 65 98 30 73 96 86 45 
27 26 27 24 39 63 61 26 70 30 71 39 91 25 46 97 39 75 26 95 69 64 36 62 28 33 43 52 80 29 96 7 54 74 82 92 36 43 69 58 72 39 96 14 63 93 10 1 67 87 48 88 2 83 1 81 67 43 32 46 71 79 4 76 52 86 19 40 28 
87 97 51 26 44 64 40 37 25 41 55 12 40 94 13 74 94 94 40 37 77 37 59 8 41 87 59 78 57 50 5 44 98 7 21 94 70 60 82 94 52 88 57 91 82 70 16 75 15 55 63 91 44 74 98 36 12 9 13 68 10 69 63 8 75 83 1 44 95 
82 89 98 69 46 41 2 67 56 29 81 63 91 23 6 16 21 93 27 81 5 47 90 73 9 49 47 44 49 42 90 82 82 87 3 79 27 4 45 83 84 77 45 27 100 2 42 72 94 21 4 50 19 93 74 27 42 72 22 42 65 63 76 46 50 30 77 28 85 
21 10 69 50 6 95 1 59 88 72 4 8 75 5 26 19 78 5 12 49 78 6 13 41 33 11 42 62 87 69 46 59 31 14 60 36 8 60 47 96 31 2 55 57 7 33 28 84 89 91 85 66 48 49 58 80 59 99 41 97 68 87 8 98 100 67 85 60 27 
83 7 9 85 61 18 91 93 97 26 33 87 10 99 35 59 8 14 69 7 55 18 26 93 25 75 44 91 59 3 69 94 9 30 78 22 47 20 66 43 45 99 81 55 49 15 65 56 81 85 62 87 2 39 79 26 13 22 69 24 25 89 17 85 18 46 6 64 65 
24 58 61 22 39 15 70 5 31 25 85 16 39 71 17 77 1 95 42 23 15 17 99 3 85 35 21 30 93 36 46 16 94 6 37 84 73 6 88 55 82 25 70 72 95 39 1 48 85 42 22 99 10 20 53 94 6 25 75 98 61 72 13 6 29 1 89 1 58 
76 8 40 100 29 11 47 19 11 94 3 4 67 53 13 86 6 58 91 30 32 41 42 55 53 47 84 54 35 36 11 63 43 2 14 72 65 60 90 27 5 45 83 71 97 47 8 2 5 51 84 88 91 25 43 95 24 26 48 58 61 11 72 56 64 86 27 28 97 
68 55 54 12 37 24 9 83 84 62 39 34 97 27 76 22 21 70 97 98 70 54 58 32 78 65 95 63 91 75 59 11 81 12 22 69 88 82 3 23 96 42 8 92 20 83 65 40 4 61 89 25 67 98 56 44 63 3 6 53 77 16 15 57 80 37 25 19 70 
79 41 65 20 48 57 91 82 73 82 37 34 70 62 100 68 17 43 30 71 100 34 47 67 49 55 46 37 31 64 6 10 56 71 81 3 79 72 36 51 53 73 36 23 86 35 90 2 29 71 25 80 4 71 47 52 78 92 40 8 8 46 69 63 68 50 66 98 21 
53 100 73 77 36 47 62 70 88 16 51 58 40 30 62 62 76 65 39 20 5 99 27 50 67 89 69 68 6 66 88 59 65 13 35 100 59 49 22 47 64 24 56 3 53 17 64 29 82 3 100 86 53 26 87 19 14 7 87 20 24 26 30 88 90 16 40 1 64 
13 99 27 36 54 29 88 71 93 68 4 47 67 41 99 44 79 69 58 85 7 29 8 85 58 47 74 73 38 74 37 50 72 63 37 26 44 77 48 88 44 51 86 63 91 84 58 69 4 15 5 63 43 12 47 100 10 20 25 48 46 61 97 17 75 86 94 18 62 
41 5 57 91 90 19 81 25 29 1 81 43 5 43 38 16 89 89 78 60 13 25 5 25 73 74 100 58 67 69 19 8 26 76 98 15 46 31 92 74 31 24 69 88 66 6 55 6 94 32 17 59 56 74 83 29 47 82 86 13 51 57 72 28 32 70 94 77 52 
85 3 34 8 71 21 25 76 28 82 21 59 99 79 67 24 62 95 70 95 32 34 97 88 6 24 71 27 18 100 78 54 2 11 14 72 84 38 99 11 72 19 21 22 98 87 45 11 81 66 5 65 99 2 4 4 77 27 30 94 26 59 48 79 22 61 2 5 50 
100 67 73 70 87 94 19 74 90 29 6 55 86 22 6 39 78 9 15 4 91 61 29 1 60 7 22 72 60 78 21 59 96 46 80 83 91 99 8 81 79 65 87 64 39 92 54 16 53 69 19 95 81 99 95 40 57 17 11 16 46 83 26 42 28 5 76 19 3 
35 51 34 99 37 97 89 29 51 4 33 71 22 27 51 72 21 90 28 89 52 43 35 34 68 28 62 25 3 32 79 37 82 12 87 18 61 76 98 63 31 30 33 5 56 35 76 29 76 4 17 27 98 51 12 18 78 73 42 32 4 20 20 85 84 59 55 44 86 
52 58 16 34 42 20 89 76 96 17 3 51 86 81 48 88 92 65 18 65 6 49 20 78 69 57 13 79 11 56 64 62 65 79 95 6 51 36 33 98 4 35 48 89 15 95 77 6 12 94 22 69 94 42 46 14 98 58 92 60 65 55 21 29 86 68 86 88 55 
18 85 58 52 84 99 18 30 27 76 41 20 97 10 65 90 7 79 39 17 22 98 33 29 71 14 14 90 99 53 44 69 89 53 72 72 51 90 53 77 65 46 48 13 7 13 3 13 43 93 81 64 43 66 92 13 79 57 54 29 9 97 97 49 1 69 72 52 10 
25 80 74 70 80 38 28 44 92 92 86 85 73 1 27 38 93 91 68 1 44 96 62 40 45 10 92 13 34 43 22 58 75 47 79 54 84 6 97 76 49 34 12 73 34 38 10 78 28 29 31 71 77 92 62 21 53 53 33 86 48 6 95 74 4 73 79 87 30 
27 14 31 60 25 3 45 62 65 23 41 93 53 63 69 96 76 41 48 81 25 86 80 30 80 53 33 5 31 72 86 57 85 16 68 62 19 12 75 83 86 16 27 90 30 96 85 6 88 85 86 13 70 65 42 1 69 27 5 99 98 91 7 34 58 26 95 76 37 
70 10 75 37 37 64 66 84 1 71 71 37 8 83 58 72 77 58 92 55 15 42 52 57 48 37 14 25 84 42 14 5 3 88 41 91 3 58 74 55 81 97 43 88 31 100 12 59 10 3 13 76 45 16 84 44 5 49 69 88 90 82 92 45 21 32 35 23 41 
61 30 21 9 72 9 39 24 72 50 33 74 62 60 18 30 43 14 34 91 82 21 33 15 12 77 35 95 11 9 35 23 38 56 31 10 16 70 33 87 71 17 12 32 28 82 61 70 95 46 12 28 66 44 42 29 20 28 75 83 36 10 5 26 17 88 35 84 9 
19 22 79 87 33 62 14 14 75 35 60 20 46 87 38 90 80 66 61 7 41 95 95 2 52 20 70 39 6 5 47 76 26 77 14 58 38 27 24 12 13 83 32 58 70 69 99 1 34 12 60 26 6 54 79 57 25 100 47 82 4 45 9 29 21 22 87 59 100 
62 70 12 44 1 21 65 21 20 66 7 31 25 32 88 30 63 97 6 62 43 87 66 88 47 94 8 20 32 66 19 93 88 82 89 88 54 53 9 25 18 15 7 94 98 95 23 60 91 28 74 85 66 39 72 12 84 32 31 68 49 1 12 36 82 100 76 88 5 
36 12 22 50 19 68 99 13 90 11 55 70 84 39 35 74 63 99 57 46 29 24 94 82 88 82 15 87 57 2 91 92 14 65 93 84 32 43 48 73 53 54 94 36 44 81 9 6 79 18 3 59 93 49 40 80 30 7 19 38 8 9 29 73 25 73 56 8 15 
55 33 20 8 26 7 52 6 68 9 36 85 12 95 77 60 86 9 41 92 27 78 52 35 58 24 12 82 32 19 96 86 51 67 46 29 74 97 34 41 5 70 25 16 16 53 27 1 61 67 45 39 96 96 26 53 71 37 34 2 55 82 40 58 48 85 86 73 81 
71 13 37 92 89 5 7 42 83 60 54 2 56 93 97 51 18 2 73 6 87 27 12 20 66 69 20 2 6 92 34 29 5 70 20 93 26 79 86 9 90 92 10 45 36 6 47 5 59 19 10 46 45 21 65 62 42 84 63 47 76 48 27 32 70 47 76 95 25 
14 3 66 5 64 10 92 70 56 96 80 74 5 25 71 25 90 32 66 25 47 65 52 94 91 83 63 89 11 58 65 24 12 30 80 76 39 71 97 46 66 76 72 22 53 42 46 94 73 64 18 71 80 22 65 22 4 79 11 66 88 27 89 100 57 20 27 47 90 
75 93 7 2 64 28 54 57 26 47 81 41 17 52 72 38 68 93 93 46 55 59 34 82 99 85 90 19 63 88 60 37 80 19 38 95 98 44 51 23 90 32 15 58 35 86 95 2 31 88 47 85 46 32 18 96 16 7 14 78 95 26 66 26 44 4 73 93 99 
75 68 88 58 82 46 92 20 92 93 50 79 92 86 76 23 4 72 91 62 37 68 8 14 86 34 9 41 58 2 39 32 69 78 42 2 75 33 21 67 78 70 45 21 56 73 43 11 96 85 72 84 5 80 98 90 65 6 30 74 59 68 57 27 97 98 29 72 83 
1 38 12 23 34 32 78 58 26 40 53 11 11 37 15 42 86 4 6 43 85 79 2 4 88 80 100 85 60 71 67 61 60 78 83 94 61 12 51 87 51 56 49 13 44 63 55 29 18 12 71 54 43 72 57 30 4 8 14 63 31 33 23 90 62 57 35 23 68 
38 61 18 93 9 83 88 23 37 16 92 48 86 45 90 10 53 19 13 12 85 75 42 17 50 84 78 6 18 52 74 55 12 43 99 20 25 86 94 13 53 85 61 91 81 2 52 85 21 64 49 5 90 90 73 91 73 50 49 43 2 22 49 13 16 100 85 93 37 
30 57 90 67 17 80 99 19 31 36 91 46 84 47 87 73 19 78 98 68 26 92 21 99 92 86 66 91 22 10 28 51 67 17 17 35 48 16 5 78 51 47 75 34 93 61 58 11 90 7 31 67 50 51 17 42 88 35 32 9 96 11 60 14 27 28 1 74 43 
5 3 45 4 29 30 96 90 40 59 31 98 41 50 48 43 18 41 31 52 72 39 100 83 50 13 61 78 13 87 72 70 41 17 73 70 98 20 59 89 78 41 87 18 42 86 61 60 26 43 63 49 81 62 83 31 27 44 8 91 30 79 12 70 47 84 39 97 56 
49 85 85 42 23 55 83 8 67 94 85 9 57 34 41 70 16 71 48 11 30 39 40 61 50 62 59 86 52 55 93 53 92 77 46 14 31 80 74 49 74 58 57 82 43 98 3 11 20 51 21 50 41 61 62 42 74 20 79 77 27 71 29 70 100 74 83 82 54 
8 31 79 66 87 60 60 36 14 70 56 64 91 57 56 3 18 98 28 89 76 4 67 99 85 36 98 10 71 31 15 78 61 93 95 48 4 55 83 18 24 90 33 66 46 89 68 15 86 95 56 13 51 22 63 35 58 12 44 28 43 59 57 3 51 52 2 7 6 
37 24 81 26 56 47 24 96 66 38 81 61 93 46 11 15 60 97 24 72 40 3 66 98 59 20 1 62 22 7 67 10 82 100 35 89 46 58 85 63 48 17 75 40 62 37 6 74 33 81 97 73 83 62 22 94 81 74 55 54 32 74 63 65 25 98 54 22 7 
38 84 6 54 59 46 68 95 3 93 28 84 89 52 66 50 25 11 82 99 18 36 82 43 98 47 67 47 100 40 6 89 23 11 94 81 56 13 28 59 5 7 94 93 58 11 94 82 22 76 32 91 11 66 85 8 12 51 7 63 90 12 3 64 22 96 97 30 9 
1 1 0 1 0 1 0 0 0 1 1 1 1 1 1 0 1 1 1 1 1 1 0 0 1 0 1 0 0 0 0 1 1 1 0 1 0 0 0 0 1 1 0 0 1 1 0 0 0 1 0 1 0 0 1 1 0 1 0 0 1 0 1 1 1 1 0 1 1 
0 0 1 0 0 1 1 1 0 1 0 1 1 1 0 0 1 1 0 0 1 1 1 0 0 0 1 0 1 1 1 1 1 0 1 1 0 0 0 0 0 0 1 1 0 1 1 1 1 0 1 0 1 0 0 1 1 0 1 0 1 1 1 0 1 1 1 1 1 
1 1 1 0 1 1 0 0 0 1 1 0 0 0 1 0 0 1 1 0 0 1 1 1 1 1 1 0 0 0 1 0 0 1 0 1 0 0 1 0 1 1 1 1 1 0 1 1 1 1 0 0 0 1 1 1 1 0 1 1 1 1 1 1 0 1 0 0 1 
1 0 0 0 1 1 1 0 1 1 1 0 1 1 0 0 1 0 1 1 1 1 0 0 0 1 0 0 1 0 1 1 1 0 1 0 1 1 0 0 0 0 0 1 1 1 1 0 1 1 0 0 0 0 1 0 0 1 0 1 0 0 0 1 0 0 1 1 1 
0 0 1 0 0 0 1 1 1 0 0 0 0 1 0 0 0 1 0 1 1 0 1 1 0 0 1 0 0 1 1 0 1 0 0 1 0 1 1 0 1 1 0 1 0 1 0 0 0 0 0 1 0 1 1 1 0 0 1 0 1 1 0 0 1 0 0 0 1 
1 0 1 0 0 0 1 1 0 1 1 1 1 1 1 1 0 0 1 0 0 1 0 1 1 0 0 1 0 0 0 1 0 1 0 1 0 1 0 0 0 0 1 0 1 1 1 1 1 0 1 1 1 1 0 0 0 1 1 0 1 1 0 0 1 0 1 1 1 
1 1 1 1 1 1 0 0 0 1 1 0 1 1 1 0 1 1 0 0 0 1 0 0 1 0 1 1 1 0 0 0 1 1 0 0 1 0 0 1 0 0 0 1 1 1 1 0 1 0 1 1 1 1 1 0 1 0 1 0 0 1 0 0 0 0 0 1 1 
1 1 1 1 1 0 0 0 1 0 1 1 1 1 0 0 0 0 1 1 1 1 1 0 0 1 1 0 0 0 1 1 1 0 0 0 0 0 1 0 0 0 1 0 1 0 0 0 0 0 1 0 1 0 0 1 0 1 0 0 0 1 1 1 0 1 0 0 1 
1 0 1 1 0 1 1 0 0 1 0 0 0 0 1 0 1 1 0 0 1 0 0 0 1 0 0 0 0 1 1 1 1 1 0 1 0 1 1 0 0 0 0 0 0 0 1 1 1 1 0 0 0 0 0 1 0 1 0 0 0 1 1 1 0 0 1 1 1 
0 1 0 0 0 0 1 0 1 0 1 1 0 1 1 1 1 0 1 0 0 0 0 0 1 0 0 1 1 1 1 1 1 1 0 1 1 1 1 1 1 0 0 0 1 1 1 0 1 0 1 0 0 1 0 0 1 0 1 0 0 0 0 1 1 0 0 1 1 
1 0 0 1 0 0 0 1 1 0 0 0 1 0 0 1 0 0 0 1 0 1 1 0 1 0 0 1 0 1 0 1 1 0 0 1 1 0 0 0 0 0 0 0 1 1 1 1 1 1 0 1 0 1 0 1 1 0 0 1 1 0 0 0 1 0 1 0 0 
1 0 1 1 1 1 0 0 0 0 1 1 0 1 0 0 1 1 1 1 0 1 0 0 1 0 1 0 1 1 0 0 0 1 1 1 0 0 1 0 0 0 0 0 1 0 0 0 1 0 1 1 1 1 0 0 1 1 0 0 1 1 0 1 0 0 0 1 0 
1 1 0 1 1 0 1 1 1 1 1 1 1 0 0 0 0 0 0 0 1 0 1 0 1 0 0 1 0 1 1 1 1 1 0 0 1 1 0 0 1 1 1 0 1 1 0 0 0 0 0 1 1 1 1 0 1 1 1 1 1 0 0 0 1 0 0 0 0 
0 1 1 1 0 1 1 0 1 1 0 0 1 1 1 0 0 1 1 1 0 0 0 0 0 0 1 0 1 1 0 1 0 1 1 1 0 0 1 0 1 1 0 0 0 1 0 0 0 1 1 0 1 0 0 1 0 1 1 1 0 0 1 1 1 0 0 0 0 
1 0 1 0 0 1 0 1 1 0 1 0 1 1 1 1 1 0 0 0 1 1 0 1 0 1 1 0 1 1 0 0 1 1 0 1 0 0 0 1 0 1 1 0 0 0 1 1 0 1 1 0 1 1 1 1 1 0 0 0 1 0 1 0 0 1 1 0 0 
1 0 0 0 1 0 0 0 0 1 0 1 0 0 0 0 0 0 1 0 0 1 0 0 0 0 0 0 0 1 0 1 1 0 0 0 1 0 0 1 0 1 0 0 1 1 0 1 1 1 0 1 1 0 1 1 0 0 1 0 1 1 0 0 0 0 0 1 0 
1 0 0 0 0 1 1 1 1 1 0 1 1 1 0 1 1 1 1 1 1 0 0 0 0 0 0 0 0 1 0 1 1 1 1 0 0 1 1 1 0 0 0 1 1 0 0 0 0 1 1 1 1 1 1 1 1 0 1 0 1 0 1 1 1 1 1 1 0 
0 0 0 0 1 1 0 1 1 0 1 0 0 0 0 1 0 1 1 0 1 1 1 1 0 0 0 1 1 1 1 0 1 1 0 0 0 0 0 1 1 1 0 1 0 0 0 0 1 1 0 0 0 1 1 1 0 1 0 1 0 0 1 0 1 0 0 0 0 
0 1 1 0 1 0 0 1 1 0 1 0 0 1 1 1 1 0 1 0 0 1 1 0 0 1 0 0 1 0 1 0 1 0 0 1 1 0 0 0 0 1 0 0 1 1 1 0 1 1 0 0 0 1 0 0 0 0 1 0 0 0 0 0 0 0 1 1 0 
1 1 0 1 0 0 0 1 1 0 1 0 0 1 0 0 1 1 0 0 0 0 0 0 0 0 0 0 1 0 0 1 1 0 0 1 0 0 1 0 0 0 0 0 1 1 0 0 0 1 0 0 1 1 0 0 1 0 0 1 0 1 0 0 1 0 1 0 0 
0 0 0 0 0 0 1 1 1 0 1 0 0 1 1 1 1 1 1 0 0 0 0 1 0 0 0 0 0 0 0 0 0 0 1 1 0 0 0 1 0 0 1 1 1 1 0 1 0 1 1 0 1 1 1 1 0 0 1 0 0 1 0 1 1 1 0 0 0 
0 1 0 0 1 1 0 0 0 1 0 1 0 1 1 1 0 0 1 0 0 1 1 1 0 0 1 1 0 1 1 0 0 0 1 1 1 1 1 1 0 0 1 0 1 0 1 1 0 1 0 0 0 1 0 0 1 1 0 1 0 1 1 0 1 0 0 1 1 
1 0 1 1 1 1 0 1 1 0 0 0 0 0 0 1 0 1 0 1 1 1 1 0 0 0 0 1 0 1 0 1 1 0 1 1 1 1 0 0 1 0 0 1 1 1 0 1 0 0 1 1 1 0 1 0 0 1 1 0 0 1 0 0 1 1 1 1 0 
1 1 0 0 0 1 1 1 0 0 1 0 1 0 0 0 1 0 0 1 1 1 1 0 1 1 0 0 0 1 0 0 0 0 0 0 0 1 1 0 1 0 0 1 0 0 1 0 0 1 1 1 0 0 0 1 0 0 1 0 1 0 0 1 0 0 0 0 1 
1 0 1 0 1 0 0 1 1 0 0 0 1 1 1 0 1 0 0 1 0 0 0 0 1 0 0 1 0 1 1 1 1 0 1 0 0 0 0 1 0 0 1 0 1 0 0 1 1 0 0 1 0 1 1 1 1 1 1 1 0 0 0 0 0 0 0 0 0 
0 1 0 0 0 0 0 1 0 1 0 0 1 1 1 0 0 0 1 1 1 0 0 1 1 0 1 1 0 1 1 1 0 1 1 1 0 1 0 0 0 0 1 0 1 0 0 1 0 0 0 0 0 0 1 1 0 1 0 1 0 1 0 1 1 1 0 1 1 
0 1 1 0 0 1 1 0 0 0 1 0 0 1 0 1 0 0 1 1 0 0 0 0 0 1 1 0 1 0 1 1 1 0 1 0 0 0 0 0 0 1 0 0 0 0 1 1 0 1 0 1 1 0 1 0 1 0 0 0 0 1 1 1 1 0 1 1 0 
0 1 0 1 1 1 0 0 0 1 0 1 1 1 1 0 0 1 1 0 1 0 0 0 1 0 1 0 1 1 0 1 0 1 1 0 0 1 0 0 0 0 0 1 0 1 1 0 0 1 1 1 1 1 1 0 1 0 0 1 1 1 0 0 0 1 0 0 0 
0 0 0 0 0 0 0 1 1 1 1 0 0 0 1 1 1 0 1 0 0 0 1 1 0 1 1 0 1 1 0 1 0 1 0 0 1 0 0 0 1 1 1 1 0 0 1 1 0 0 1 1 0 1 0 0 0 0 0 0 1 1 1 1 0 1 0 1 0 
0 1 1 1 0 1 1 1 0 1 1 0 0 0 0 1 1 0 0 1 1 0 0 0 1 0 0 1 0 1 1 0 0 0 1 1 1 1 0 1 0 1 1 0 0 1 0 1 0 0 0 1 0 0 1 1 0 1 0 0 0 1 0 0 0 0 1 1 1 
1 1 1 1 0 1 1 0 1 0 0 1 0 1 1 0 0 1 1 1 1 1 1 1 0 1 1 0 1 0 1 0 1 0 1 0 1 0 0 1 0 0 0 0 1 0 1 1 1 0 0 0 1 1 1 1 0 0 1 1 1 0 0 0 0 1 0 0 0 
0 1 0 0 1 1 1 1 0 0 0 0 0 1 1 1 0 1 0 1 0 1 0 1 1 0 1 1 1 1 1 1 0 1 0 0 0 1 1 0 0 0 0 0 1 0 0 1 1 0 0 1 1 0 0 1 1 0 0 0 1 1 1 0 0 1 0 1 1 
1 1 1 1 0 1 0 0 1 0 1 1 0 0 1 1 1 0 0 1 0 0 0 1 1 0 1 1 0 0 0 0 0 1 1 0 0 0 0 0 0 1 1 0 1 0 1 0 0 1 1 0 1 0 1 1 0 1 0 1 1 0 1 1 1 0 1 1 0 
1 1 0 0 1 1 0 1 0 0 0 0 0 0 1 0 0 0 0 1 0 1 0 0 0 0 1 1 1 1 1 1 0 0 1 1 1 1 1 1 0 1 1 0 1 1 0 1 1 0 0 0 0 1 0 0 1 0 1 0 1 1 1 1 1 1 1 0 0 
0 1 0 1 1 0 0 0 0 0 1 1 0 1 1 1 0 1 0 0 1 1 1 0 0 0 1 1 1 1 0 1 0 0 0 1 1 1 1 1 1 1 0 1 0 1 1 0 1 1 0 0 0 1 0 1 0 1 0 1 0 0 1 0 1 1 0 0 0 
1 1 1 0 0 1 1 1 0 1 0 1 0 0 0 1 0 1 1 1 1 1 1 0 0 0 1 1 0 1 0 1 0 1 0 0 0 1 0 0 0 0 0 0 1 0 0 1 1 1 1 0 0 0 0 0 0 1 0 0 0 0 0 1 1 0 1 0 1 
1 0 1 0 0 0 1 0 0 0 1 1 1 0 0 0 0 0 0 0 0 1 0 0 1 1 0 1 1 0 0 0 0 1 0 1 1 1 1 1 0 1 1 1 1 1 1 1 1 0 1 0 1 0 0 0 1 0 1 0 0 1 1 1 0 1 0 0 1 
1 1 1 0 0 0 1 1 0 1 1 0 0 1 1 0 1 1 0 0 0 0 0 1 1 1 1 1 1 1 0 1 1 1 1 1 1 1 1 1 0 0 1 0 1 0 1 0 1 1 0 1 1 1 0 1 0 0 0 0 1 0 1 0 1 0 0 0 1 
1 0 1 1 1 0 0 0 1 0 1 0 1 1 1 0 1 0 0 1 0 0 1 0 1 1 1 0 1 0 1 0 0 1 1 1 1 1 1 0 0 1 0 1 0 1 1 1 0 1 1 0 0 0 1 1 1 0 1 1 0 1 1 0 0 1 0 1 0 
1 1 0 0 1 1 0 0 0 0 0 0 1 1 0 1 0 1 0 0 1 1 1 0 1 1 0 0 1 1 0 1 0 1 1 1 0 0 1 1 0 0 1 1 1 1 0 1 0 0 1 1 0 0 1 1 0 1 1 1 0 1 0 0 0 0 1 1 0 
1 0 0 1 1 1 0 0 1 1 0 1 0 0 1 1 1 0 1 1 1 0 1 1 1 0 1 1 1 0 1 0 0 1 1 1 0 1 1 1 0 0 0 1 0 0 0 1 0 1 0 0 1 0 1 0 0 0 1 1 1 0 0 1 1 1 1 1 1 
0 0 1 0 1 0 0 1 0 0 1 1 0 1 1 0 0 1 0 1 1 0 0 1 0 1 1 1 0 0 0 1 1 0 1 0 0 0 1 1 0 0 0 0 0 1 1 0 1 1 1 0 1 1 1 1 1 0 1 1 1 1 0 0 1 0 0 0 0 
1 1 0 1 1 0 1 1 1 0 0 1 1 0 0 1 1 0 0 0 1 1 1 0 0 1 0 0 1 0 0 0 1 0 1 0 0 1 1 0 1 1 1 0 1 1 1 1 1 1 1 0 1 0 1 1 1 1 1 0 1 1 0 0 1 1 0 1 0 
0 1 1 1 0 0 1 0 1 0 1 1 1 0 0 1 1 1 0 0 0 0 1 1 0 1 0 1 1 1 0 1 1 1 1 1 1 0 1 1 0 1 0 1 1 0 0 0 1 0 0 1 0 1 0 0 0 0 1 1 1 1 1 0 1 0 0 0 0 
1 1 0 0 1 1 1 1 1 1 0 1 1 1 1 0 1 1 0 1 0 0 1 0 1 1 1 1 1 1 1 1 1 1 1 0 0 1 0 1 0 0 0 0 0 1 0 1 0 1 1 0 1 0 0 0 1 1 1 1 1 0 0 0 1 1 0 1 0 
0 0 1 1 0 1 1 1 1 0 1 0 1 1 1 1 0 1 1 1 0 0 0 0 0 0 1 1 1 0 0 1 0 1 0 0 0 1 1 1 0 0 0 1 0 1 1 0 1 0 1 1 0 0 0 0 0 1 1 1 0 1 1 0 0 1 1 0 1 
0 0 1 1 0 0 1 1 1 1 0 1 0 0 1 0 0 1 1 1 1 0 1 0 1 0 1 1 1 1 0 1 1 1 0 1 1 1 1 1 0 1 0 1 1 0 1 1 1 0 1 0 1 0 1 0 0 0 1 1 1 1 1 1 0 1 0 0 1 
1 1 1 1 1 0 0 1 0 0 1 0 1 1 1 1 0 0 0 0 1 1 0 1 0 1 1 0 1 1 1 1 0 0 0 0 1 0 1 1 0 0 1 1 0 1 1 0 1 1 1 0 0 1 1 1 0 1 1 1 0 0 0 1 0 0 1 1 1 
0 0 1 1 0 1 1 1 0 1 0 1 0 0 1 1 0 0 1 1 1 1 1 1 1 0 0 0 1 1 1 0 0 0 1 0 1 0 1 1 1 1 0 0 1 0 1 1 0 1 0 0 0 0 1 1 0 1 1 0 1 0 0 1 1 1 1 0 1 
0 0 0 1 0 0 0 0 0 0 1 1 0 1 1 0 0 0 1 0 0 1 1 0 1 0 1 0 1 0 1 1 0 1 0 0 0 0 1 0 0 0 1 1 1 0 1 1 0 0 1 0 1 0 1 0 0 0 0 1 0 1 0 0 1 0 1 1 1 
0 1 1 0 0 0 1 0 0 0 0 0 0 1 0 0 0 0 1 0 1 0 1 0 1 1 1 1 0 0 0 0 1 0 0 1 0 1 1 0 0 0 1 0 1 1 0 1 1 1 1 0 0 0 1 1 0 0 0 0 1 1 1 0 1 1 0 1 1 
1 0 1 1 1 1 0 0 1 1 1 1 1 0 1 1 1 0 1 1 0 0 0 1 1 1 0 0 1 0 1 0 0 0 0 1 1 0 1 1 0 0 0 1 0 1 0 1 1 0 1 1 0 1 1 1 0 1 1 1 1 1 0 1 1 0 0 1 0 
1 0 0 0 0 1 0 1 0 0 0 0 1 1 0 0 0 1 1 0 0 0 1 1 0 1 1 0 1 0 1 1 0 1 1 0 1 1 1 1 1 1 1 0 0 1 1 1 0 0 1 0 0 0 0 1 1 1 1 1 1 0 0 1 0 1 1 1 0 
0 0 0 1 1 0 1 0 1 0 0 1 1 0 0 0 0 1 1 1 0 0 0 1 0 1 1 1 0 0 0 0 0 0 1 1 0 1 1 0 1 1 1 1 1 1 1 0 0 0 1 1 1 0 0 1 1 1 1 0 1 1 0 1 1 0 0 1 1 
1 1 0 0 1 1 1 0 0 1 1 1 1 0 0 1 0 1 0 1 0 0 0 1 1 1 0 1 1 0 0 0 1 0 0 0 0 1 1 0 1 0 1 0 0 1 1 0 1 1 1 1 0 1 1 1 0 1 0 1 1 0 1 1 0 1 1 0 0 
0 1 1 0 0 1 0 0 0 0 1 0 1 0 0 0 1 1 0 1 1 1 0 1 0 1 1 1 1 0 0 1 1 1 0 1 1 0 1 1 1 0 1 0 1 1 1 0 0 1 1 1 1 0 0 1 1 0 1 0 0 1 0 1 0 0 0 1 0 
0 1 1 0 0 0 1 0 1 0 0 0 1 0 1 1 0 1 1 0 0 1 0 1 1 1 1 1 0 1 0 0 0 1 0 0 1 0 0 0 0 1 1 1 1 0 1 1 1 0 0 1 1 0 0 1 0 0 0 0 1 0 0 1 0 0 1 1 0 
0 0 0 1 1 0 0 1 1 1 1 1 1 0 0 0 1 1 0 1 0 0 0 0 0 1 0 0 0 0 1 0 0 1 1 1 1 1 0 0 1 1 1 0 0 0 0 1 1 0 0 1 0 0 0 0 1 0 1 1 0 0 0 0 1 1 1 1 1 
0 1 0 1 1 0 1 1 1 0 0 1 0 0 0 0 0 0 1 0 1 1 1 1 1 1 1 0 1 0 1 1 1 1 0 0 0 0 1 1 0 0 0 1 0 0 1 0 1 1 0 0 0 1 0 1 1 1 1 0 1 1 1 0 0 1 1 0 1 
0 1 0 0 0 1 0 0 0 0 1 1 1 0 1 0 0 0 1 1 0 1 0 1 0 0 1 0 1 0 1 0 1 1 0 1 0 1 0 1 1 1 0 0 1 0 1 1 0 0 0 0 0 0 1 0 1 1 0 0 1 0 0 0 1 1 0 0 0 
