57 56 383
5 71 24 91 28 61 34 33 16 64 18 73 33 15 80 27 70 24 78 8 16 81 99 16 16 13 25 23 41 62 90 46 32 13 36 12 26 21 96 93 36 66 65 69 32 97 47 1 20 24 61 36 56 11 51 72 
23 28 46 16 89 87 13 72 52 100 35 77 21 83 69 8 48 86 76 79 34 22 32 53 98 44 40 5 54 43 76 77 70 74 44 10 60 56 33 63 55 20 39 27 2 60 35 1 97 62 79 30 36 62 34 33 
5 74 37 59 16 65 87 37 90 30 98 1 37 30 64 43 49 54 70 2 65 56 2 13 17 33 42 4 94 76 36 51 1 25 9 68 41 47 4 82 28 1 82 64 82 97 58 83 3 79 84 19 34 86 32 3 
70 73 6 63 100 94 65 52 70 73 19 62 71 74 43 98 26 76 13 8 25 71 90 79 49 25 97 35 62 28 89 31 53 94 46 4 39 10 56 8 35 26 69 5 52 63 55 77 39 67 36 15 89 77 93 90 
2 89 24 63 69 12 94 21 57 91 76 96 100 83 3 86 9 24 43 12 86 97 88 76 15 76 90 4 52 34 93 53 23 68 68 43 31 13 63 87 3 38 34 54 21 37 40 81 12 82 92 49 78 31 25 92 
6 66 47 10 100 39 14 74 58 81 16 88 93 30 27 47 19 60 1 91 96 40 71 59 73 14 8 50 97 32 93 54 49 92 63 100 30 77 73 40 9 40 27 54 69 53 100 88 13 100 78 60 91 1 19 63 
66 78 64 62 9 9 68 9 100 82 9 29 10 81 20 19 73 47 72 41 51 71 80 15 23 10 75 13 10 45 76 27 22 91 41 82 99 8 42 98 41 50 79 51 83 98 21 55 96 92 47 47 14 27 61 36 
36 87 1 97 83 76 23 56 66 15 89 17 22 31 14 15 32 92 65 14 42 85 68 37 28 15 83 41 93 96 29 28 34 29 76 69 56 50 76 73 65 65 89 38 47 3 52 78 46 16 92 87 52 11 24 79 
25 58 20 17 5 100 96 91 28 23 59 83 73 34 55 37 50 44 26 96 98 78 74 43 45 65 30 97 75 5 27 52 62 98 20 19 97 68 9 24 90 67 6 62 52 13 50 2 56 76 97 53 5 70 47 49 
86 76 97 61 32 24 64 94 21 83 12 18 50 20 41 40 38 99 53 89 11 3 42 18 30 39 22 34 60 68 34 46 96 83 58 27 6 73 72 78 55 35 95 57 54 88 48 43 38 100 84 100 54 25 17 35 
15 90 68 75 9 54 72 4 36 81 83 93 53 54 70 59 89 65 67 94 4 14 37 41 14 72 40 19 96 8 54 63 49 73 89 57 26 12 61 13 92 43 5 96 48 75 6 36 91 73 82 94 38 70 86 3 
41 25 22 88 84 75 50 32 99 38 88 77 1 100 89 44 94 46 91 42 20 97 29 10 21 10 55 58 79 40 61 71 16 34 59 99 60 60 82 58 50 21 34 50 21 75 94 14 20 84 7 91 32 36 52 52 
97 6 62 76 97 74 98 12 59 56 62 18 16 95 27 17 15 13 66 35 87 59 1 58 95 7 48 26 42 99 30 39 56 43 66 52 16 63 15 74 71 76 43 38 22 69 54 36 81 19 23 19 30 23 76 76 
29 23 1 23 73 82 13 80 24 78 83 91 92 97 16 62 24 58 99 45 27 52 33 59 23 55 78 4 29 53 79 9 28 31 31 52 13 95 32 88 72 14 79 16 63 94 29 86 52 28 83 30 31 15 40 5 
69 17 8 49 22 86 57 49 69 88 52 81 82 83 68 6 49 98 21 11 92 49 48 95 28 82 76 11 96 15 15 16 32 75 64 5 12 21 5 80 60 56 12 93 91 80 98 91 29 70 53 20 71 52 14 50 
34 41 60 29 56 27 97 39 53 12 43 64 84 47 96 43 54 7 36 44 38 85 86 67 7 38 86 77 90 52 78 23 92 90 3 99 16 99 37 68 63 79 83 46 77 78 89 31 85 76 26 22 60 12 40 66 
49 78 94 90 29 72 12 72 61 67 23 28 17 59 47 79 90 29 25 18 59 65 100 43 40 26 16 51 89 56 17 89 33 62 79 13 85 42 36 97 8 58 24 25 69 22 3 10 3 27 27 61 43 27 55 82 
4 70 33 92 77 1 80 61 14 10 25 99 52 13 95 59 22 71 35 90 92 38 99 94 16 78 54 59 4 8 92 7 30 76 50 58 76 81 19 90 91 95 40 94 7 34 4 29 4 39 70 96 28 69 41 43 
46 95 53 1 54 97 59 83 72 8 41 100 88 11 41 30 5 80 23 64 13 27 44 69 65 13 16 44 81 56 38 78 2 43 78 56 39 36 38 10 95 30 61 83 92 1 64 49 80 87 12 45 65 55 13 81 
67 80 24 100 35 61 29 89 3 7 44 41 94 33 3 41 15 15 23 6 16 38 6 95 24 17 91 88 23 55 20 42 34 43 93 21 56 21 9 58 79 52 51 25 36 5 65 50 19 39 56 86 76 13 81 52 
30 23 91 4 78 11 97 63 5 41 83 60 14 43 18 44 46 20 68 82 24 84 31 94 22 38 80 50 51 12 53 32 34 43 87 63 5 36 26 10 28 60 69 41 55 38 85 100 57 52 81 32 88 64 78 9 
53 57 10 55 20 62 38 53 57 77 68 61 12 45 70 39 4 91 32 58 80 16 10 89 19 42 20 6 5 97 67 10 5 28 16 24 90 54 29 98 30 96 58 93 40 80 83 95 22 14 5 1 81 14 89 100 
55 61 57 12 9 75 73 14 55 88 37 44 41 65 93 22 12 50 14 3 81 49 98 2 14 54 55 95 67 43 46 73 55 54 36 64 29 8 77 83 96 65 78 88 82 70 10 93 71 75 48 4 23 45 5 37 
50 59 31 68 54 28 40 8 81 28 71 61 35 99 95 82 64 24 70 45 45 79 89 16 5 36 19 28 32 75 16 81 86 98 100 91 25 92 98 57 19 21 18 5 19 12 87 34 36 56 30 80 86 19 47 42 
6 17 69 90 92 36 22 29 33 22 19 9 13 68 66 31 88 35 35 59 46 73 92 33 80 22 65 17 92 63 59 49 80 27 90 23 15 12 51 47 33 21 56 97 88 73 79 28 7 65 86 4 38 29 89 17 
2 53 34 45 15 92 94 46 70 83 20 84 46 22 83 78 42 90 26 82 62 4 9 20 69 94 23 6 74 11 74 76 15 7 20 82 50 13 27 72 48 99 55 93 20 89 23 62 78 48 43 91 52 3 10 72 
96 85 77 69 95 50 96 62 9 16 43 58 80 21 29 79 19 36 72 39 76 46 52 54 93 46 96 96 48 58 67 95 42 95 15 88 45 11 49 5 26 91 14 57 12 95 36 30 30 59 20 57 4 71 62 48 
16 58 44 63 15 62 9 8 57 24 95 53 34 44 57 11 34 70 67 97 64 2 27 45 60 46 54 15 69 15 63 36 72 58 51 38 19 59 45 27 82 40 79 67 83 87 77 68 9 44 65 24 97 43 21 9 
40 74 23 8 88 37 44 12 94 46 49 13 4 46 91 86 85 70 52 19 8 81 38 16 76 2 92 72 96 12 32 36 85 55 95 24 43 90 87 37 35 36 1 39 33 91 76 69 12 79 39 20 59 76 87 34 
78 78 58 25 89 89 60 25 95 55 1 38 44 87 26 31 74 26 69 6 68 96 74 80 26 12 99 85 88 37 70 17 15 79 41 55 68 53 80 14 59 80 3 54 66 28 84 40 5 4 97 73 99 71 52 25 
34 2 61 73 38 82 41 4 61 34 59 80 86 90 45 44 69 48 97 86 27 81 77 32 36 74 56 35 96 7 11 29 60 23 54 97 4 94 53 16 27 11 47 12 100 92 7 20 91 56 5 69 88 34 100 23 
7 7 9 2 13 19 82 24 93 35 21 49 29 25 64 55 35 63 19 86 6 25 5 96 80 61 16 19 94 68 42 100 74 50 53 87 21 35 62 13 21 34 61 49 58 77 56 92 39 26 77 96 2 33 43 34 
94 58 52 87 25 93 39 99 43 91 37 63 77 98 27 98 32 88 98 89 16 5 33 6 30 61 1 32 94 43 65 39 100 16 77 25 61 15 23 3 58 59 17 86 8 43 35 39 82 33 28 97 89 60 2 71 
20 2 2 65 96 18 3 96 85 80 20 45 46 94 99 3 4 67 89 11 10 75 50 43 59 29 40 48 88 93 18 59 95 71 76 90 88 30 37 24 9 56 21 7 1 71 9 4 38 49 15 99 76 16 41 34 
44 32 81 83 25 98 93 71 20 68 12 7 98 49 83 58 56 3 64 57 73 25 12 62 25 26 60 100 93 1 34 36 32 14 70 8 64 63 78 83 82 90 42 79 38 76 89 93 78 4 1 2 28 13 64 53 
90 23 4 83 75 37 18 59 3 40 66 18 2 96 52 83 85 45 14 74 20 54 18 49 57 19 3 85 31 66 89 72 40 44 54 67 81 24 77 35 63 42 52 16 89 55 98 73 100 63 98 19 16 16 20 25 
34 22 9 16 87 49 87 78 92 93 44 24 16 20 58 30 14 61 45 2 68 94 27 67 57 24 37 24 91 56 100 76 77 60 91 15 8 30 93 52 22 88 75 89 60 85 18 73 97 62 26 64 55 4 82 63 
80 19 39 70 74 38 46 51 98 88 17 57 69 9 8 90 97 35 30 56 71 47 80 19 60 57 35 67 61 16 29 40 34 19 61 60 9 6 62 6 46 78 62 14 87 22 56 35 8 85 42 78 84 73 48 43 
29 82 61 41 50 42 80 83 60 93 94 68 50 55 25 95 33 39 9 71 60 16 5 67 100 98 96 35 70 95 30 50 77 90 91 26 31 22 60 43 14 54 62 64 60 87 58 92 25 18 62 84 33 18 2 85 
15 49 19 36 43 48 86 71 90 76 48 72 97 8 14 63 13 76 26 72 62 35 16 38 53 29 21 85 47 74 69 13 22 40 49 16 39 86 87 28 61 34 100 9 93 13 23 5 40 48 29 1 83 96 38 87 
24 10 71 70 35 92 83 8 83 83 24 21 68 10 49 80 95 48 40 88 12 63 44 52 62 24 4 96 19 94 82 43 55 5 64 42 48 98 49 30 80 72 50 99 33 98 30 80 97 22 67 61 36 62 64 49 
86 19 45 56 64 26 98 19 82 62 60 29 59 8 58 91 32 8 41 16 57 71 95 6 44 13 18 31 27 81 79 64 99 23 19 63 1 69 33 82 30 44 11 40 3 68 82 34 27 23 2 84 45 48 41 88 
13 58 18 39 90 96 54 88 71 72 2 71 92 34 52 73 77 62 13 80 82 94 65 8 16 18 43 12 66 83 99 30 92 68 20 81 64 73 69 34 96 22 56 88 8 7 60 36 21 24 67 2 70 84 9 37 
1 52 49 18 86 47 47 78 15 66 58 30 90 78 15 86 100 70 25 7 28 36 94 48 60 61 49 29 44 58 65 44 61 13 62 46 12 60 23 78 78 33 59 67 10 25 4 61 46 28 19 73 64 13 21 75 
73 21 3 16 30 19 11 90 84 24 36 95 84 10 24 61 42 82 79 52 58 83 12 3 10 31 75 25 95 47 99 67 20 53 34 49 72 44 39 55 68 26 1 3 35 76 15 29 9 93 80 66 27 43 68 89 
25 94 13 19 93 64 37 12 16 70 60 87 14 50 93 33 75 45 87 62 20 1 90 28 45 21 45 24 15 64 12 40 58 76 10 2 39 47 65 55 16 24 93 81 26 86 65 100 82 51 61 2 3 2 81 100 
22 26 75 89 41 86 80 50 13 89 51 52 87 15 6 55 91 50 87 16 35 52 67 17 54 80 70 9 81 2 60 55 79 34 43 20 71 22 69 83 62 72 34 49 38 91 3 28 41 41 43 27 92 62 95 98 
41 16 6 21 18 65 27 96 98 69 15 20 42 36 2 4 7 36 4 44 26 58 24 18 98 18 97 42 79 91 39 19 7 44 92 76 60 18 71 9 39 38 28 80 73 29 35 31 16 90 26 94 47 1 11 45 
19 7 86 97 50 76 68 8 71 59 83 30 28 53 90 66 90 17 98 14 97 84 96 13 74 74 6 20 74 68 16 44 75 53 93 76 28 60 83 98 70 65 79 97 69 68 63 11 84 12 24 33 95 72 45 68 
97 2 40 22 69 7 66 95 12 58 70 39 69 52 89 38 68 19 34 37 87 48 47 22 59 22 54 54 45 50 73 41 51 64 15 20 71 32 14 34 89 36 72 9 87 12 46 7 31 31 43 69 79 41 90 89 
62 96 42 7 45 67 99 96 82 13 15 4 44 80 37 84 15 61 44 2 72 89 60 54 72 54 22 50 94 64 38 55 59 32 13 3 50 64 98 31 76 12 35 72 92 23 7 6 83 51 59 7 91 70 60 62 
23 34 63 16 97 53 23 55 36 35 57 37 98 55 67 26 18 53 97 61 76 55 19 10 5 29 16 48 99 76 9 21 9 24 89 57 28 11 11 63 45 67 51 95 73 17 20 91 22 68 3 49 22 21 58 79 
2 26 26 100 53 86 72 13 61 12 69 88 22 79 2 19 45 52 13 70 21 84 60 94 51 14 94 24 35 3 2 88 28 79 39 80 17 10 92 29 22 60 17 95 38 70 13 35 74 25 4 46 60 15 91 10 
28 84 86 14 86 39 1 14 18 91 45 86 1 37 14 74 48 82 20 38 4 33 24 77 9 27 74 69 93 64 30 72 47 15 38 84 54 38 49 23 81 94 8 33 82 73 6 81 55 77 18 58 9 93 86 70 
71 59 38 63 22 19 35 20 34 72 3 39 61 4 61 41 49 68 25 82 40 30 62 46 59 32 3 67 24 88 88 95 98 77 57 71 96 43 90 81 66 45 19 79 48 79 71 48 98 96 29 89 77 90 35 35 
21 89 54 97 29 41 91 26 70 99 97 65 94 38 45 59 82 63 89 81 93 12 28 90 7 8 78 35 98 64 70 70 53 75 66 81 67 56 58 36 7 54 100 100 44 96 10 25 10 51 58 2 62 37 43 68 
45 73 54 42 36 23 63 88 49 29 20 16 36 78 51 94 83 3 93 26 50 55 3 12 5 60 65 66 48 8 85 92 80 38 85 67 13 48 55 61 28 26 28 15 3 31 9 38 85 53 63 34 7 65 45 11 
1 1 1 1 0 1 0 1 1 1 1 1 0 1 1 1 1 1 1 1 1 1 0 1 0 1 0 0 1 1 1 1 0 0 0 0 0 0 1 1 1 0 0 1 0 1 0 1 0 0 0 1 1 1 0 1 
0 1 0 1 0 1 0 0 1 0 0 1 1 1 0 0 1 0 0 1 0 0 0 0 0 1 0 0 0 0 1 0 1 1 1 1 0 0 1 0 0 1 1 1 0 0 0 0 0 0 1 0 0 0 1 1 
1 1 1 1 1 0 1 1 0 0 0 0 0 0 0 1 1 0 0 0 0 0 0 0 0 1 1 1 1 0 0 0 1 1 1 0 1 0 1 1 1 0 0 1 0 0 0 1 0 1 1 0 1 1 1 0 
1 0 1 0 0 1 1 1 0 0 1 1 1 1 1 0 1 1 1 1 1 0 0 0 1 0 0 0 1 1 0 0 1 1 1 1 0 0 0 0 0 0 0 1 1 1 1 0 0 1 1 1 1 1 1 0 
1 0 0 1 1 1 1 1 0 0 0 1 0 1 1 1 1 1 0 0 0 0 0 0 1 1 0 0 0 1 0 0 1 0 1 1 1 0 0 0 1 0 1 1 1 0 0 0 0 1 0 0 1 0 1 0 
1 1 0 0 0 0 0 0 0 1 1 0 1 1 0 0 1 1 0 1 1 0 1 1 1 0 0 0 0 1 0 0 0 0 0 0 0 0 0 1 1 1 1 0 0 1 1 0 0 1 1 1 1 0 1 1 
0 1 1 1 0 0 1 0 0 1 0 1 1 1 0 0 0 1 0 1 0 1 1 0 0 0 1 0 0 0 1 1 1 0 0 1 0 1 1 1 0 0 0 1 1 0 1 1 1 1 0 1 1 1 1 1 
1 0 1 0 1 0 1 0 1 1 0 1 0 1 0 0 1 0 1 0 0 0 0 1 1 0 0 0 0 1 0 1 0 1 1 1 0 0 1 1 1 1 0 1 1 1 1 0 1 0 1 0 0 1 1 0 
1 0 0 1 1 0 1 1 0 0 0 0 1 0 1 0 1 1 0 0 0 1 1 0 0 0 0 0 1 1 0 0 1 1 0 1 1 1 0 1 1 1 1 0 1 0 1 0 0 1 1 0 0 0 0 0 
0 0 1 1 0 1 1 1 0 1 0 0 0 1 1 0 0 1 0 1 1 1 1 1 0 0 0 1 0 0 1 0 1 0 1 1 0 1 0 0 0 1 0 1 0 0 1 0 1 1 1 0 1 0 0 1 
1 0 0 1 0 0 0 1 0 1 0 0 0 1 1 1 0 1 0 0 1 1 0 0 0 1 1 1 1 1 1 0 1 1 0 1 1 0 1 0 1 1 0 0 0 1 1 0 1 1 0 0 0 0 1 0 
1 0 0 1 1 1 1 0 0 1 1 0 1 0 0 1 0 0 1 0 0 0 1 1 1 1 1 1 0 0 1 1 0 1 0 1 0 0 1 1 1 1 1 1 1 1 0 1 1 1 0 1 1 1 0 0 
0 0 1 0 0 0 0 1 0 0 0 0 0 0 1 0 1 0 1 0 1 1 0 1 0 0 0 1 1 1 1 1 1 0 0 1 0 0 0 0 0 1 1 1 1 0 1 0 1 0 0 0 1 0 1 1 
0 0 0 1 1 1 1 0 1 1 1 1 1 0 0 1 1 1 0 0 1 1 0 0 1 0 1 0 1 0 1 1 0 1 1 1 0 0 1 1 1 1 1 0 1 1 1 0 0 0 0 1 1 0 0 1 
0 1 1 1 1 1 1 0 0 0 1 1 0 1 0 1 0 1 1 1 0 0 1 0 0 1 0 0 1 0 1 1 1 0 1 0 1 0 0 0 0 0 1 0 1 1 1 1 1 0 0 1 0 1 0 1 
0 0 1 1 0 0 0 1 0 1 1 0 1 0 0 1 0 1 1 1 0 0 0 1 0 0 1 1 1 1 0 1 1 1 0 1 1 0 0 1 0 1 1 1 1 1 1 1 0 0 0 1 1 0 0 1 
0 1 0 1 0 0 0 1 1 0 0 0 1 0 0 1 0 1 0 1 1 1 1 1 0 1 0 1 0 1 0 0 0 1 0 1 1 0 0 1 1 1 1 0 1 1 1 1 1 1 1 0 1 0 1 1 
1 0 0 1 1 0 0 1 1 0 0 1 0 1 0 1 0 1 1 1 1 0 1 0 0 0 0 1 0 1 0 1 1 0 1 0 0 1 0 0 1 0 1 1 1 1 1 1 0 0 1 1 1 0 1 1 
0 1 0 0 1 0 1 0 0 0 1 0 1 1 0 0 1 1 0 1 0 1 0 1 1 1 0 0 1 0 1 1 1 1 1 0 1 1 1 1 1 0 0 1 1 0 1 0 0 1 1 0 0 0 1 0 
1 0 0 1 0 0 0 1 1 0 0 1 1 1 0 0 1 0 1 0 1 1 0 1 0 0 1 1 0 1 1 1 1 1 0 1 1 1 0 1 1 0 0 0 1 0 0 0 1 0 0 0 1 1 1 1 
1 0 0 1 1 1 0 0 1 1 1 0 0 0 1 1 0 1 1 0 0 1 0 1 1 1 1 0 0 0 0 1 0 0 0 0 0 0 0 1 1 0 1 1 0 1 0 0 0 1 0 0 1 1 1 0 
0 0 1 0 0 1 1 1 1 1 1 1 1 1 0 1 1 0 0 1 1 1 0 1 0 0 0 1 1 1 0 1 0 1 1 0 0 0 1 1 1 0 1 1 0 1 0 1 1 0 1 0 1 1 0 0 
1 0 1 1 1 1 0 1 0 0 0 0 0 1 0 0 0 1 1 0 0 1 1 0 1 0 0 1 1 0 1 1 0 0 0 0 0 0 1 0 0 1 1 1 1 1 1 1 0 0 1 0 1 0 0 0 
1 1 1 0 1 0 1 0 1 1 0 1 0 1 1 0 1 0 1 0 1 0 1 1 0 0 0 1 0 0 0 1 1 1 0 1 0 1 1 1 1 1 0 1 0 1 1 1 0 1 1 1 1 0 1 0 
0 1 1 1 1 1 0 1 1 0 0 1 0 1 0 1 0 0 0 0 1 1 0 1 0 1 1 0 0 0 0 0 1 1 1 0 1 0 1 0 0 1 1 0 0 1 1 0 1 1 1 0 1 1 0 1 
0 1 1 0 1 1 1 0 1 0 0 0 0 0 0 1 1 1 1 0 0 1 0 1 0 1 1 1 0 1 1 1 0 0 1 1 0 0 1 1 1 0 1 1 0 1 0 1 0 0 1 0 1 0 1 1 
1 0 1 0 0 0 1 0 0 0 0 0 1 1 1 0 1 0 1 1 1 0 1 1 0 0 1 1 0 0 0 0 1 1 0 1 1 1 1 0 1 1 0 0 1 0 0 0 0 0 0 0 0 1 1 0 
1 1 1 0 1 1 0 0 1 0 1 0 1 1 0 0 0 1 1 1 1 1 0 1 1 0 1 1 1 1 1 0 0 0 0 1 0 0 0 1 0 1 1 1 0 0 0 1 1 1 0 0 0 0 1 0 
0 1 1 1 0 1 0 0 1 0 1 1 1 1 0 1 1 0 1 1 0 1 0 1 0 1 1 0 1 0 0 0 1 0 1 1 1 1 1 0 0 1 0 1 0 0 0 1 0 1 1 0 0 1 1 0 
0 0 1 0 1 1 0 0 1 1 0 0 1 1 1 1 0 1 0 1 1 0 0 0 0 1 0 0 1 0 1 1 0 0 1 1 1 1 0 1 1 0 1 0 1 0 1 0 1 1 1 1 1 1 1 1 
1 1 0 0 1 1 1 0 1 1 1 0 0 1 1 1 1 1 1 1 1 0 1 1 1 0 0 1 1 1 0 0 0 0 0 0 1 0 0 0 1 1 1 1 1 0 1 0 1 0 1 1 1 0 0 0 
0 0 1 0 1 0 0 1 0 1 1 0 1 1 0 0 1 1 1 0 0 0 0 1 1 0 0 0 0 0 0 1 0 0 1 1 0 1 1 0 0 0 0 1 0 1 1 1 0 1 1 0 1 1 0 0 
1 0 0 0 1 1 1 1 1 0 1 1 1 0 1 0 0 0 1 0 1 1 1 1 0 0 0 1 0 0 0 1 0 0 1 1 1 0 1 0 0 0 1 0 0 1 0 0 1 1 1 0 0 0 1 0 
1 1 0 1 1 0 0 0 0 0 1 0 0 0 0 1 0 0 1 0 1 1 1 0 0 0 0 1 0 1 1 1 1 1 0 0 1 1 0 0 1 0 0 1 0 0 0 1 0 1 1 1 0 0 1 1 
0 1 0 1 1 1 0 0 1 1 0 0 0 1 0 1 1 0 0 1 1 1 0 1 0 0 1 1 0 0 0 1 0 0 0 1 1 0 1 0 1 1 1 1 0 1 0 1 0 1 1 1 0 1 0 0 
1 1 1 0 0 1 1 0 1 1 1 1 1 0 1 1 1 0 0 0 0 1 1 0 0 0 1 0 0 1 0 1 1 0 1 1 1 0 1 1 1 0 0 1 0 1 0 1 0 0 1 0 1 1 0 1 
1 1 1 1 0 0 1 1 0 0 0 1 1 1 0 0 1 0 1 1 0 1 1 0 0 0 0 1 1 0 1 1 1 0 0 1 0 1 1 0 0 1 0 1 1 0 1 0 1 1 0 1 0 1 1 0 
1 1 0 1 1 1 0 0 1 0 1 0 0 0 0 0 0 0 1 1 1 0 1 0 1 1 1 0 0 0 0 0 1 0 1 0 1 1 0 1 1 1 1 1 0 1 1 0 0 0 1 1 1 0 1 0 
0 0 0 0 0 1 0 1 1 1 1 1 0 1 0 0 0 1 1 0 0 1 0 0 1 1 1 0 0 0 1 0 0 1 0 0 0 1 1 0 0 0 1 1 1 1 1 0 0 0 0 0 1 1 1 1 
0 0 1 0 1 0 0 1 0 1 0 0 0 1 0 0 0 1 1 1 0 0 1 0 1 0 1 0 1 0 1 1 0 1 0 1 1 0 1 1 1 1 0 1 0 0 0 0 0 1 0 0 0 1 1 1 
1 0 1 0 0 1 0 0 0 0 0 1 0 1 1 0 0 1 1 0 1 1 1 1 1 1 0 1 0 1 0 0 1 1 0 1 0 0 1 0 0 1 0 1 0 1 1 0 0 0 1 1 0 0 1 1 
1 1 0 1 0 0 1 1 1 0 0 0 0 1 0 1 1 0 0 1 1 1 0 1 1 1 1 1 1 0 0 0 1 0 1 1 0 1 0 0 1 0 0 1 1 0 0 0 1 0 0 0 1 0 0 1 
1 1 0 0 1 1 0 0 1 1 1 0 0 1 0 1 1 0 1 0 0 1 1 1 0 1 0 1 1 0 0 0 1 1 0 0 0 0 0 1 1 1 1 0 0 1 1 1 1 0 1 0 0 0 1 0 
1 1 1 0 1 0 0 0 1 0 0 1 0 0 0 0 1 0 0 1 1 1 0 1 0 0 1 0 0 0 0 0 0 1 0 1 1 1 0 0 1 0 1 0 1 0 0 0 0 0 0 1 1 0 0 1 
0 1 1 1 0 1 1 0 1 1 1 0 0 1 1 0 0 0 0 1 0 0 1 0 0 1 0 1 0 0 1 0 0 0 1 0 0 0 0 1 0 1 1 0 1 0 0 1 1 0 0 1 0 1 0 0 
1 0 0 1 0 1 1 0 1 1 0 1 1 0 0 1 0 0 0 1 0 0 0 1 1 0 1 1 1 1 0 0 1 0 1 1 1 1 0 0 0 0 0 1 1 0 1 1 0 1 0 1 1 0 0 0 
0 1 0 1 0 0 0 1 0 1 1 1 0 1 1 0 1 1 0 0 0 1 1 0 0 1 1 1 1 0 0 1 1 0 1 0 0 1 1 0 0 0 1 1 1 0 1 1 0 1 1 0 0 1 0 0 
0 0 0 0 0 0 1 1 0 0 1 0 1 1 0 0 1 1 1 1 1 0 0 1 0 1 1 0 0 0 1 1 0 1 1 0 1 0 1 1 1 1 1 0 0 1 0 1 0 1 0 1 0 0 1 0 
0 0 0 0 0 1 1 0 0 0 0 1 1 0 0 0 1 1 0 1 0 1 0 0 0 1 0 0 1 1 0 1 1 1 0 0 0 1 0 1 0 1 0 1 1 1 1 0 0 1 1 1 0 1 1 1 
0 1 1 0 0 0 1 0 1 1 0 1 1 0 0 1 1 1 0 0 0 1 0 0 0 1 1 1 1 1 0 1 0 1 1 1 1 1 1 0 0 1 0 1 1 0 0 1 1 0 1 1 1 0 0 0 
1 1 1 0 0 1 0 1 0 1 0 0 0 1 0 1 0 0 0 1 1 1 0 0 1 0 0 1 0 0 1 1 1 0 0 0 1 0 1 1 1 1 1 0 0 0 1 0 0 1 1 1 0 0 0 0 
0 0 1 0 0 0 1 1 0 1 1 1 1 0 0 1 1 0 1 1 0 0 1 0 1 1 0 0 1 0 0 1 0 1 1 0 1 0 1 1 0 1 0 1 1 0 0 1 0 1 0 0 1 0 1 1 
1 1 1 0 1 1 1 1 0 0 1 1 0 0 0 0 1 0 0 1 0 0 0 1 0 0 1 1 0 0 0 1 1 1 1 0 0 0 1 0 0 0 1 1 1 1 1 0 1 1 1 0 0 1 1 0 
0 0 1 0 1 0 0 0 1 1 1 0 0 0 0 0 1 0 1 0 1 1 0 1 0 0 1 0 1 0 0 1 0 0 0 1 0 0 0 1 1 1 1 1 1 0 0 0 0 1 0 1 0 1 0 1 
1 1 1 0 1 0 0 0 0 0 1 0 0 1 1 1 0 1 1 0 1 1 0 1 0 1 0 1 0 1 0 1 0 1 1 0 1 1 0 1 1 1 1 1 1 1 1 1 0 0 1 1 1 0 0 1 
1 0 0 1 1 0 0 0 0 1 0 1 1 0 1 0 1 0 0 0 1 1 0 1 1 1 0 0 1 0 1 0 1 0 1 0 0 1 0 0 1 0 0 0 0 1 0 0 1 0 0 1 1 0 0 0 
0 1 0 1 1 0 0 0 0 1 1 0 1 1 1 0 0 1 0 0 0 0 0 1 1 1 0 0 1 1 1 1 0 1 1 1 1 1 0 1 0 1 0 1 0 1 1 0 0 1 1 0 0 1 1 1 
