43 61 1138
50 9 80 17 71 45 13 87 38 98 72 66 54 60 53 38 27 52 14 1 43 34 96 9 49 23 11 36 86 64 5 36 73 85 4 43 81 16 81 19 14 52 84 19 63 88 56 90 39 21 42 81 54 38 42 3 12 4 90 98 67 
94 85 91 78 88 86 59 3 66 29 68 70 64 87 32 52 94 21 90 15 15 23 68 4 16 22 15 19 63 12 37 57 48 80 86 35 65 96 90 82 24 57 51 40 95 83 91 89 55 32 3 21 6 22 24 21 96 39 91 58 2 
80 14 50 11 52 84 27 47 25 8 23 82 11 62 76 45 52 16 51 35 18 72 41 92 95 13 87 33 56 44 87 87 58 36 97 9 71 23 7 48 82 29 29 92 42 56 88 45 72 39 80 41 10 20 32 56 84 18 41 91 14 
27 77 71 14 73 31 36 47 89 83 81 70 11 72 11 19 12 56 42 50 35 82 11 6 66 66 41 35 6 32 48 84 8 70 97 33 52 33 31 41 15 11 10 78 35 20 48 46 75 89 47 61 22 57 66 87 74 7 74 32 90 
21 15 97 91 64 81 42 96 12 82 62 74 43 39 8 63 86 5 89 26 51 50 48 59 67 86 85 25 59 16 14 80 82 63 22 45 43 63 92 6 97 54 80 91 44 39 5 82 44 94 7 46 95 54 5 13 92 89 38 50 4 
3 81 37 65 2 82 60 17 73 17 65 26 48 55 22 87 12 3 30 5 9 75 51 15 31 63 6 19 100 7 74 3 40 11 19 41 44 30 9 16 47 25 94 94 32 15 80 43 69 61 99 77 88 49 43 18 11 100 89 63 7 
14 17 46 24 87 38 67 17 99 35 63 23 28 56 54 94 88 48 62 48 46 90 87 94 33 5 57 32 45 71 90 58 87 87 34 73 77 52 89 75 86 3 97 65 11 3 10 98 50 23 97 96 13 36 41 97 40 97 80 36 67 
22 93 5 8 26 30 84 78 70 58 15 73 7 80 35 61 41 32 10 64 80 57 28 15 50 24 6 98 55 41 17 76 86 21 84 63 2 19 92 72 29 7 96 87 38 30 47 78 13 56 93 92 65 20 59 14 95 16 11 50 57 
79 25 94 100 60 56 1 31 100 24 59 58 19 45 95 48 91 24 60 98 69 4 14 88 62 79 83 29 42 32 85 20 8 30 71 20 38 24 50 37 47 8 46 66 4 92 65 46 67 25 95 35 28 9 23 41 87 57 69 28 40 
6 100 99 87 70 18 24 93 67 12 92 74 57 57 29 48 21 74 15 97 69 1 76 77 75 68 15 31 37 95 22 94 94 21 32 15 38 8 60 5 71 51 30 28 59 59 27 79 32 93 76 100 46 3 28 20 71 43 3 59 89 
24 4 34 44 35 48 34 42 7 38 13 9 19 92 67 77 70 98 9 15 25 60 60 27 40 31 97 34 33 7 22 57 10 55 52 45 54 85 38 13 74 2 21 93 93 40 69 15 37 29 81 61 41 40 87 80 70 36 13 3 42 
86 11 52 40 14 48 45 99 85 9 24 87 82 16 31 21 37 97 57 17 77 17 57 68 55 88 38 90 100 92 84 85 54 35 76 67 82 73 17 18 81 41 56 62 8 39 82 96 35 90 13 12 58 21 79 13 9 68 54 8 11 
37 45 16 23 72 83 4 44 51 74 77 43 29 90 51 67 72 46 54 13 10 17 71 31 95 35 39 15 88 98 77 77 94 93 99 18 75 55 13 77 28 89 20 8 79 22 27 2 19 80 14 29 96 36 11 42 70 1 8 10 98 
85 38 44 77 36 61 3 42 73 79 21 14 50 29 92 71 55 45 90 86 10 18 33 46 80 26 67 80 34 28 29 18 65 72 46 53 84 100 94 57 78 15 70 80 95 13 50 1 57 39 86 66 8 70 63 87 95 82 66 28 9 
47 97 74 18 42 78 2 93 71 10 71 37 31 50 31 43 51 83 51 90 20 68 49 89 83 88 84 64 5 63 72 51 12 97 69 5 74 22 98 97 31 20 33 61 21 16 55 71 98 5 12 70 24 61 58 6 48 93 69 52 8 
41 3 19 89 23 23 63 44 20 11 26 39 43 38 59 10 92 82 60 48 93 29 23 53 38 29 52 31 49 4 38 41 58 8 30 80 30 92 75 2 54 100 92 96 37 3 58 80 84 69 79 28 97 1 81 86 29 84 16 78 39 
5 18 96 12 99 27 94 42 1 47 95 52 90 91 40 44 100 71 79 68 49 7 16 50 39 1 30 22 69 59 61 73 29 56 37 27 35 82 69 35 28 63 39 69 5 30 13 56 1 91 23 49 97 90 50 35 43 32 9 11 90 
69 35 70 76 71 97 10 4 17 97 83 79 87 52 36 16 16 91 16 6 66 17 55 55 18 41 49 49 49 59 91 69 94 12 45 16 8 6 72 24 54 54 55 92 57 90 8 72 32 75 78 97 43 84 4 13 24 52 13 73 63 
3 93 8 67 37 75 74 95 46 50 100 100 56 92 56 45 99 28 28 25 57 25 68 40 28 32 15 31 44 87 93 99 80 100 65 68 75 38 14 72 39 14 71 94 5 79 90 55 58 18 31 66 94 50 5 21 81 19 3 25 58 
48 23 89 47 87 8 73 76 22 45 15 87 67 60 91 97 50 97 54 19 27 19 12 77 75 84 57 46 86 81 55 33 3 43 32 41 50 56 17 23 52 31 9 19 42 51 67 91 47 21 61 26 91 72 2 18 55 10 63 93 43 
17 77 45 11 8 38 12 16 54 35 67 36 95 37 77 46 4 20 44 76 80 69 18 52 22 35 58 32 97 50 74 65 79 70 75 38 7 87 53 12 73 72 47 67 8 24 64 63 43 8 90 74 28 8 77 50 42 35 33 91 36 
58 55 14 27 82 52 86 20 56 97 44 27 44 62 87 19 26 49 13 85 91 86 12 98 15 13 91 49 97 33 36 54 88 50 33 21 53 70 92 8 66 35 87 61 96 73 31 73 73 95 57 63 81 21 12 47 85 55 95 34 87 
82 87 26 31 71 46 35 40 89 95 58 23 81 70 71 5 1 43 77 47 52 92 79 24 55 25 60 9 19 93 48 1 32 73 83 2 71 70 94 59 16 51 82 96 72 4 52 24 46 80 71 49 71 49 24 78 74 84 86 44 76 
33 44 7 58 79 61 28 100 54 86 15 56 19 62 27 22 13 3 68 92 73 68 15 21 92 92 46 27 29 90 54 14 85 13 71 15 73 50 14 78 35 28 33 54 89 11 75 53 13 94 45 37 62 11 10 5 2 55 31 82 44 
84 95 81 48 17 95 20 66 9 49 53 36 81 6 77 44 32 29 8 26 25 45 39 35 54 43 88 60 25 70 4 60 16 84 8 85 78 79 2 38 28 54 74 8 11 2 3 43 82 11 20 7 7 58 93 12 100 33 71 76 54 
74 35 21 9 42 5 39 21 59 76 100 64 1 7 75 2 62 69 36 24 88 94 30 45 86 41 96 18 11 71 71 37 57 92 97 51 48 35 23 58 63 22 22 63 28 96 17 41 16 52 64 3 45 45 47 82 85 42 100 48 64 
22 36 20 65 32 70 13 19 92 70 81 13 43 43 93 90 11 85 5 62 49 7 58 93 53 40 30 46 39 29 61 12 16 33 77 47 54 41 17 98 62 97 62 5 92 54 94 54 91 99 16 39 5 73 83 10 64 64 7 2 44 
20 66 59 52 42 58 5 82 74 54 95 23 16 99 66 21 45 19 11 43 86 1 99 11 84 60 74 99 19 76 43 38 93 1 41 34 10 97 67 84 51 13 58 66 12 23 86 8 93 97 2 79 97 52 89 32 12 14 83 82 41 
25 19 33 77 11 66 87 7 84 22 57 97 31 74 60 5 60 67 97 8 68 27 4 19 67 88 82 81 70 63 21 94 33 54 22 43 71 60 2 55 81 10 3 11 84 62 15 43 80 64 50 99 90 5 69 57 92 51 89 61 65 
9 6 50 62 80 44 85 39 45 39 20 55 93 82 90 6 49 32 85 12 33 35 53 89 3 9 81 5 97 93 22 58 51 71 19 30 14 55 20 11 45 91 17 37 73 6 42 73 89 78 84 73 12 36 61 67 97 93 71 45 38 
92 2 88 14 73 69 80 27 40 90 72 31 6 60 55 63 2 27 51 31 10 75 95 97 35 13 45 80 83 90 17 27 43 56 92 15 76 71 94 15 60 65 45 17 24 99 31 77 77 33 60 38 7 54 35 42 66 79 21 100 20 
89 78 63 44 22 77 19 92 22 33 4 38 30 72 62 80 3 90 57 35 1 94 42 6 80 35 23 59 7 75 30 95 52 92 38 25 21 56 17 42 40 72 80 21 43 93 1 45 34 57 32 35 2 73 40 82 7 63 92 13 37 
21 7 40 65 96 65 85 3 33 78 94 56 57 15 98 1 15 95 35 23 26 21 24 98 60 57 56 74 48 20 10 21 78 2 85 73 18 69 27 2 46 20 57 55 34 54 55 100 48 41 74 25 61 50 22 21 6 29 46 54 48 
56 74 77 9 10 1 78 78 27 79 75 47 35 29 32 40 36 84 40 76 57 64 37 6 38 9 64 18 54 17 18 61 42 94 69 51 95 98 80 21 76 54 19 62 35 3 2 70 86 93 97 94 56 33 52 45 93 15 63 47 83 
80 7 24 25 28 26 19 25 57 92 53 10 10 14 96 64 67 17 49 59 14 95 67 98 46 63 43 60 77 89 94 56 47 69 81 26 94 51 3 50 42 55 11 4 20 59 19 87 75 68 97 40 14 15 90 59 78 32 70 54 72 
15 62 18 83 94 44 28 96 46 77 38 52 39 93 71 49 11 9 24 30 58 15 95 72 4 53 1 87 74 55 58 88 68 76 22 61 71 49 56 68 77 45 19 68 89 41 16 52 50 91 33 7 6 28 30 61 32 31 48 58 37 
57 97 4 32 19 64 54 67 71 21 44 68 91 11 56 32 26 59 33 17 92 91 74 19 20 34 2 2 33 59 38 90 56 41 73 74 56 27 40 79 99 35 46 42 97 53 25 23 12 9 91 3 99 64 73 70 49 74 72 82 33 
61 23 40 2 95 13 9 73 4 87 24 39 84 65 35 37 41 9 100 49 51 54 47 14 26 68 15 51 91 48 35 52 70 74 5 16 86 65 41 90 52 64 80 87 80 66 75 20 75 74 68 25 27 66 91 4 85 57 55 76 4 
41 79 73 15 35 40 52 99 80 41 2 95 72 89 74 38 63 45 64 89 64 40 15 81 82 71 18 38 25 45 41 65 23 65 31 9 57 83 7 36 75 61 83 47 1 8 36 15 53 51 3 68 42 70 1 24 40 18 61 16 62 
54 80 84 70 63 44 26 45 50 14 19 62 96 17 62 3 4 77 7 54 31 75 96 100 27 71 39 44 83 54 5 36 86 40 6 48 83 83 44 84 96 62 46 91 31 59 94 34 87 52 40 18 78 35 17 4 57 56 47 39 61 
51 27 46 42 32 45 24 66 88 60 62 2 5 52 32 15 97 65 2 1 4 19 78 90 87 82 98 42 80 37 55 83 63 100 24 46 97 48 11 84 59 72 85 63 76 68 29 24 85 30 24 40 100 2 30 87 35 27 80 14 15 
34 96 77 86 72 74 82 19 37 17 77 8 54 91 35 21 71 59 57 1 82 97 52 35 78 38 69 56 18 35 71 3 82 99 88 53 73 21 23 61 38 51 68 91 93 55 63 64 13 20 16 46 16 67 81 93 5 1 48 74 35 
70 28 17 69 16 69 93 88 44 53 25 94 72 67 87 26 82 50 90 53 65 36 20 83 68 64 39 68 63 12 3 33 92 71 53 59 91 97 46 34 1 23 80 72 41 66 50 74 15 39 26 31 26 45 13 93 60 52 61 23 15 
0 0 1 0 0 1 0 0 1 0 0 1 1 1 1 0 0 1 0 1 0 0 0 1 0 1 0 1 1 0 0 1 0 1 1 0 1 1 0 0 1 0 1 0 0 0 0 0 1 0 1 0 0 0 1 1 1 1 0 0 0 
0 1 0 0 0 1 1 1 1 1 1 0 0 1 0 0 0 0 0 0 0 0 1 0 1 0 1 0 0 1 0 1 0 1 1 0 0 0 1 1 1 0 1 1 0 1 1 0 0 1 0 0 1 1 0 0 1 1 1 0 0 
1 1 0 0 0 0 0 0 1 0 1 0 1 0 0 1 1 0 1 1 0 1 0 0 1 1 1 0 0 1 0 1 0 0 0 0 0 0 0 1 0 1 1 0 1 1 1 1 1 0 0 0 1 0 0 0 1 1 0 1 1 
0 1 1 0 1 0 0 1 0 1 0 0 1 0 1 0 1 0 0 1 0 0 0 1 0 0 0 1 0 0 0 0 1 0 0 0 0 0 1 0 1 1 0 0 1 0 1 0 0 1 1 1 1 1 0 1 1 0 0 1 0 
1 1 1 1 1 1 1 1 1 1 1 0 0 1 0 0 0 0 0 1 0 1 0 1 1 1 1 0 0 0 0 1 0 0 0 1 1 1 1 0 0 0 1 0 1 1 0 0 1 1 1 1 0 0 1 0 1 0 0 1 0 
0 0 0 0 0 0 0 1 1 0 0 1 1 0 0 0 1 0 0 0 0 1 0 0 0 0 1 0 0 1 1 1 1 1 1 0 1 1 1 0 0 1 1 1 0 0 0 1 0 0 1 0 1 1 0 0 0 0 0 0 1 
1 1 0 1 1 0 0 0 0 1 0 1 0 0 1 0 0 0 1 0 1 1 1 1 0 1 1 0 0 1 1 1 1 1 0 0 0 1 0 0 0 1 1 0 1 1 1 1 1 0 1 1 1 0 0 1 0 1 1 0 0 
0 1 1 0 0 1 0 1 0 0 1 1 1 1 0 0 0 1 0 0 0 1 0 0 1 1 0 0 1 0 0 1 0 0 1 0 1 1 1 1 1 0 0 1 1 0 1 0 1 1 0 1 0 0 0 1 0 0 1 1 1 
0 0 1 0 0 1 1 1 0 1 1 0 1 0 1 0 1 1 1 1 0 1 1 0 1 1 0 1 0 1 0 0 0 1 0 0 0 0 1 0 1 0 0 0 0 0 0 0 1 0 1 1 1 0 0 0 1 0 1 0 0 
0 0 0 1 1 0 0 1 1 0 0 0 1 0 0 1 1 0 0 1 1 0 0 0 0 0 1 0 1 1 0 1 0 0 1 1 0 1 0 0 1 0 0 0 0 0 1 1 1 0 0 0 0 0 0 0 0 0 0 0 1 
1 1 1 1 0 0 0 1 0 0 1 0 0 1 1 0 1 0 1 1 1 0 1 1 0 1 0 0 1 0 0 0 1 1 0 0 0 0 1 0 0 0 1 0 0 0 0 1 0 0 0 1 0 1 1 0 0 1 1 1 1 
1 0 0 0 0 0 0 0 0 1 0 0 0 0 0 0 0 1 0 0 1 0 0 0 1 1 0 0 0 0 1 1 0 1 1 0 0 0 0 0 1 0 0 1 0 1 1 0 0 1 1 0 1 1 0 0 0 1 0 0 1 
1 1 1 1 1 1 1 1 1 1 0 1 1 1 1 0 0 1 1 1 0 1 1 0 1 1 0 0 0 1 1 1 0 0 0 1 1 1 0 0 0 0 1 0 1 0 0 1 0 1 1 0 0 0 0 0 1 1 0 1 0 
0 1 0 0 1 0 0 1 0 0 1 1 0 1 0 0 0 0 0 1 1 1 0 1 1 0 0 0 0 0 0 0 1 1 1 0 1 1 1 1 1 1 0 1 0 1 0 0 1 0 0 0 1 0 1 1 0 1 1 0 1 
0 1 0 1 0 1 0 1 0 1 0 1 0 0 0 1 0 0 0 0 0 0 0 0 1 1 0 0 0 1 0 0 0 0 1 0 1 1 1 0 1 1 1 1 1 1 0 1 0 0 0 0 0 0 1 1 1 1 1 1 0 
1 0 0 0 1 0 1 1 1 1 0 1 1 1 0 0 1 0 0 1 0 1 1 0 0 0 1 1 1 0 0 1 0 0 1 0 1 0 1 0 0 1 1 1 0 0 1 1 0 0 0 0 1 1 0 1 1 1 0 0 1 
0 1 0 1 0 0 0 1 1 0 1 0 0 0 0 0 1 1 0 1 1 0 0 0 0 1 1 1 0 1 0 0 1 0 1 1 0 1 0 1 0 1 1 0 1 1 0 1 0 0 0 1 0 1 1 0 0 0 1 0 0 
1 1 1 0 0 0 0 0 1 0 0 0 1 0 0 1 0 1 1 0 1 1 0 0 0 0 1 1 1 1 1 0 0 0 0 1 0 1 1 1 1 1 0 0 1 0 1 1 1 1 1 0 0 1 1 0 1 0 1 0 1 
0 0 0 0 1 1 1 0 0 0 1 1 0 1 0 0 1 1 1 0 0 0 0 1 1 0 0 1 0 0 0 0 0 0 1 1 1 0 1 1 0 0 0 1 0 0 1 1 1 1 1 1 1 1 0 0 1 0 1 1 0 
1 0 1 0 1 0 1 1 0 1 1 0 1 0 0 0 0 1 1 1 0 1 0 1 1 0 1 0 1 0 0 0 0 1 0 1 0 0 0 0 1 0 0 0 0 1 0 0 0 0 1 1 1 1 0 0 1 1 0 0 0 
1 1 0 0 1 0 0 1 0 0 0 0 1 1 1 0 1 1 0 1 1 1 0 0 0 1 0 1 1 0 1 0 1 0 1 1 0 1 0 0 0 1 1 1 0 0 1 1 1 1 1 0 1 1 1 1 0 1 0 0 1 
0 0 1 0 1 0 0 1 0 0 1 1 1 0 1 1 1 1 1 0 0 1 1 1 0 0 0 1 1 0 1 1 0 0 1 0 0 1 1 0 1 0 0 1 0 1 0 1 0 1 1 0 1 1 0 1 1 0 1 0 0 
0 1 0 0 0 0 0 1 1 0 1 1 0 0 1 0 0 0 0 0 0 1 1 1 1 0 0 1 1 1 1 1 0 1 1 1 0 1 0 1 0 1 1 0 1 0 0 0 1 1 0 1 0 1 0 1 1 0 0 1 1 
1 0 0 0 0 1 0 1 1 0 1 1 1 0 0 1 0 0 0 1 0 1 1 1 1 0 1 0 0 0 1 1 0 1 0 0 0 0 0 0 0 1 1 1 1 1 1 0 0 1 1 0 1 1 0 0 1 1 0 0 1 
0 1 1 1 1 0 0 0 0 0 0 1 1 0 1 0 1 1 0 0 0 1 1 1 1 0 1 0 0 1 1 0 0 0 0 0 0 0 0 0 0 0 0 1 0 1 1 1 0 0 0 0 1 1 0 0 1 1 0 0 0 
1 0 0 1 0 0 0 0 0 0 0 1 0 1 1 1 1 1 1 1 1 0 0 0 0 0 0 1 0 0 1 1 0 1 0 1 0 0 1 0 1 0 1 1 1 1 1 0 0 0 1 1 0 1 1 0 1 1 1 1 1 
0 0 0 0 1 1 0 1 0 0 0 0 0 0 0 1 1 0 1 1 0 0 0 1 1 0 1 1 0 0 0 0 1 0 0 0 1 0 1 0 1 0 0 1 0 0 0 1 1 1 0 1 1 0 0 0 1 1 1 1 0 
0 1 1 0 0 1 0 0 0 0 1 0 0 0 0 1 0 1 0 1 0 1 0 0 1 1 1 1 0 0 1 0 0 0 1 0 1 1 0 1 1 0 0 1 0 0 0 1 0 0 0 0 1 1 0 1 0 0 0 0 0 
1 1 0 1 0 0 0 1 1 1 0 1 1 1 1 0 0 0 0 0 1 0 0 0 0 1 0 0 1 0 1 0 1 1 1 1 0 1 0 1 0 0 0 0 0 1 0 0 0 0 0 1 0 0 1 0 1 1 1 0 1 
0 0 1 1 1 0 1 0 1 0 1 1 0 1 1 0 1 1 0 1 0 1 1 0 0 1 0 1 0 0 0 0 1 1 0 0 0 1 1 1 0 0 0 0 1 0 0 0 1 0 1 1 1 0 0 1 1 0 0 0 0 
1 0 1 0 0 0 0 0 1 1 0 1 0 0 0 0 1 0 1 1 1 1 1 1 1 0 0 1 1 0 1 0 1 1 0 1 1 1 1 0 0 1 1 0 0 1 0 1 1 0 0 0 1 1 1 0 0 1 1 1 0 
0 1 1 1 1 0 0 0 0 0 1 1 1 1 1 0 0 0 1 0 1 1 1 0 0 1 0 0 0 1 0 0 0 1 0 0 1 0 0 1 1 1 1 0 1 0 1 1 1 0 1 0 0 0 0 0 1 1 0 1 0 
0 1 1 1 1 1 1 0 1 0 1 1 1 1 0 0 0 1 1 1 0 1 1 0 1 1 1 0 0 0 1 0 1 0 0 1 1 1 1 0 1 0 1 1 1 1 1 0 0 0 1 0 1 0 0 0 1 1 1 1 1 
0 0 1 0 0 0 1 1 1 1 0 1 1 1 0 0 0 0 1 0 1 1 1 1 0 0 1 1 1 0 1 1 0 0 1 0 0 0 1 1 1 0 0 0 1 0 1 0 1 0 0 0 1 0 0 1 0 1 1 1 1 
0 0 0 0 1 0 0 1 0 1 0 0 1 1 1 1 0 1 0 0 0 1 1 0 1 1 0 0 0 1 1 0 1 1 0 0 0 0 1 0 1 1 0 0 0 1 1 0 1 0 0 1 1 0 1 0 1 1 0 1 0 
1 1 1 1 1 1 1 1 0 1 0 1 1 0 0 0 1 0 1 1 1 0 0 1 1 0 0 0 0 1 0 0 0 1 1 1 0 0 0 0 1 0 0 0 0 0 0 1 0 0 1 1 0 1 0 0 0 0 0 0 1 
1 0 1 0 1 0 1 1 0 1 0 0 1 0 0 1 1 0 0 1 1 1 1 0 0 1 0 0 0 1 0 1 1 1 1 1 0 0 0 0 0 1 1 1 1 1 1 0 1 1 1 0 0 1 1 0 0 1 1 0 0 
1 1 0 0 1 1 0 1 1 1 1 0 0 1 0 1 0 0 1 1 0 1 1 1 0 0 1 0 1 0 0 0 1 0 0 0 1 1 0 1 0 1 1 0 0 1 1 0 0 0 1 0 0 1 1 0 1 0 0 0 0 
1 0 0 1 0 0 1 1 0 0 1 0 1 1 0 1 1 1 1 1 0 1 1 1 0 0 0 0 0 0 1 1 0 1 1 1 1 0 0 0 0 0 0 1 1 0 0 0 1 1 0 0 0 1 1 0 1 0 1 0 0 
0 1 1 1 0 0 0 0 0 0 0 0 0 0 0 1 0 0 0 0 0 0 0 0 0 1 1 0 0 1 0 0 1 1 1 1 1 1 0 0 0 0 0 0 0 0 1 1 1 0 1 1 0 1 1 0 0 1 0 0 0 
1 0 1 0 1 1 0 1 1 0 1 1 0 1 0 1 1 1 0 1 0 1 1 1 1 0 0 0 0 0 0 1 1 0 0 0 1 0 1 0 0 0 1 0 0 1 1 1 0 1 0 0 1 1 0 0 1 0 0 0 0 
0 1 1 0 1 0 1 1 1 1 1 0 1 0 0 0 1 1 1 1 1 1 0 0 1 0 0 1 0 0 0 0 1 1 1 1 1 0 0 1 0 0 1 1 0 1 1 1 0 0 0 1 0 0 1 1 0 1 1 0 1 
1 1 1 0 0 0 0 0 0 1 0 0 0 1 0 1 1 0 1 1 0 0 1 1 1 1 1 1 0 0 0 1 1 1 1 1 1 1 1 0 0 0 0 0 1 1 1 0 1 0 0 1 0 1 0 0 0 0 1 0 0 
