53 42 1790
16 60 71 24 47 28 84 19 40 80 72 69 16 3 69 96 33 92 98 35 96 25 98 8 61 16 76 58 7 16 91 75 75 13 50 74 40 86 92 79 17 15 
47 33 18 16 28 2 59 25 89 55 1 86 14 61 54 42 70 12 57 12 86 83 24 88 8 15 73 100 93 89 66 92 21 83 59 100 37 69 24 25 75 76 
10 89 88 63 82 57 75 38 20 12 72 43 51 80 57 75 31 2 64 96 45 36 79 3 36 15 23 11 91 98 87 100 38 74 15 19 83 41 8 2 4 79 
97 55 58 5 29 88 58 44 84 2 80 14 56 67 28 79 77 18 76 15 69 13 41 35 83 23 75 90 24 79 68 72 85 26 77 13 13 34 9 48 88 40 
61 43 6 40 21 34 57 96 1 78 60 41 12 42 63 39 31 38 17 51 10 53 76 38 65 40 23 25 88 10 64 48 53 21 88 73 55 96 21 55 25 80 
95 37 74 9 27 56 46 43 6 7 95 33 44 11 73 67 36 12 76 51 59 28 72 98 53 26 94 73 32 18 52 78 6 77 86 32 33 83 26 90 90 72 
23 33 35 47 51 22 58 79 72 68 6 43 66 10 20 11 82 3 80 86 80 86 62 17 69 46 100 47 36 41 18 10 25 52 56 76 73 65 54 97 32 11 
91 49 21 63 59 54 65 39 39 97 76 53 13 44 98 64 90 85 4 60 94 29 11 1 56 36 65 9 84 97 71 74 45 43 36 56 97 1 94 35 49 69 
87 61 64 37 77 6 21 80 65 15 60 27 15 15 62 80 75 45 28 46 71 24 88 6 79 84 58 24 71 6 44 9 19 8 45 47 13 66 26 29 80 38 
55 46 52 17 77 27 13 56 72 83 80 11 41 10 95 98 34 17 56 77 25 26 36 70 72 100 35 49 28 66 86 83 63 38 51 40 16 63 95 87 98 26 
49 38 36 95 87 21 11 42 49 36 67 37 5 38 36 91 39 16 8 24 98 70 61 48 61 76 62 8 14 59 33 63 48 20 57 35 92 20 76 41 55 95 
29 11 84 64 1 22 79 60 46 28 81 58 27 42 86 89 49 51 99 33 65 47 5 22 33 96 93 8 88 47 54 16 57 38 80 9 59 10 68 56 38 48 
66 64 41 51 4 41 53 3 74 18 1 78 91 85 25 83 44 13 29 98 28 37 35 59 45 45 21 64 53 58 63 18 73 56 20 29 96 72 31 21 89 83 
50 79 67 75 61 10 87 41 59 66 77 45 25 73 42 45 88 94 54 3 63 26 58 82 6 5 5 36 26 46 70 75 24 88 49 37 50 87 29 8 53 58 
53 29 82 94 73 22 39 78 24 1 55 33 34 61 37 38 48 14 83 18 89 59 57 89 47 6 28 75 14 32 32 66 60 66 11 84 87 49 61 10 49 15 
94 34 75 30 71 23 96 6 92 36 64 48 76 62 54 3 36 19 34 20 36 45 37 46 28 23 94 88 84 94 3 77 27 29 58 49 51 53 54 42 88 69 
90 64 30 95 18 18 13 52 89 48 96 25 93 24 47 38 63 30 83 17 58 9 46 15 9 96 20 15 90 7 83 79 22 65 25 40 34 37 43 22 36 38 
46 80 13 44 17 28 25 51 44 82 11 89 48 19 85 67 33 74 26 68 4 47 32 80 86 65 16 28 38 3 18 83 82 82 78 50 61 2 100 5 83 10 
93 82 80 29 49 13 54 74 80 9 20 63 88 58 79 55 37 16 57 6 50 38 40 27 87 100 28 38 4 62 99 49 43 79 29 91 91 83 16 22 43 88 
84 31 97 62 85 33 77 94 91 26 31 30 4 70 29 31 7 33 44 6 33 86 84 61 29 26 95 96 47 38 83 30 20 79 43 4 64 71 97 54 48 80 
35 51 1 63 33 59 47 76 16 79 13 99 92 93 76 86 89 22 23 23 3 42 54 97 98 17 67 46 22 14 77 56 64 77 70 48 36 17 23 51 47 88 
2 38 80 77 24 20 51 98 43 5 40 96 2 89 64 68 86 85 34 63 92 49 39 61 97 26 29 71 77 76 58 30 13 90 6 88 9 8 86 51 13 77 
98 66 17 61 85 2 97 18 64 40 19 55 53 15 80 81 37 8 8 47 37 73 36 95 60 96 54 97 47 66 25 96 83 93 9 68 95 5 37 10 97 55 
64 49 21 96 81 58 55 89 4 92 61 91 38 72 86 91 69 84 9 45 80 91 38 88 58 32 44 47 93 92 1 9 40 22 4 73 79 10 61 34 1 21 
76 90 92 61 81 12 45 41 57 76 31 94 15 41 77 10 87 21 2 39 29 93 60 84 65 90 94 25 75 46 97 50 36 41 11 68 52 7 8 60 34 90 
5 48 82 81 57 20 2 10 59 82 3 18 66 67 8 59 44 82 56 40 84 43 32 94 10 84 52 69 43 85 59 48 84 92 80 40 12 33 2 70 67 4 
87 32 22 46 42 17 80 97 9 63 92 40 8 1 23 11 70 18 95 80 17 30 71 48 21 82 33 22 51 99 25 90 30 99 87 23 15 66 71 23 80 62 
63 39 15 37 49 84 54 95 15 22 24 37 70 45 19 2 66 21 100 43 62 81 41 49 3 7 66 25 30 98 87 44 36 1 80 37 36 86 31 2 7 7 
38 76 51 8 77 68 81 28 10 42 8 2 42 10 9 60 35 90 57 73 33 44 73 64 32 60 49 15 61 56 21 98 83 23 6 60 90 86 87 52 79 95 
53 21 56 13 32 42 54 88 14 38 83 38 2 15 97 2 81 9 57 1 7 40 23 64 51 64 1 37 15 31 83 68 51 91 32 34 32 86 73 98 75 56 
87 76 22 84 78 2 44 86 54 50 25 28 65 27 91 17 16 6 48 50 25 50 40 8 84 24 45 56 73 20 63 59 95 84 94 24 37 38 10 42 39 86 
69 4 65 12 72 80 17 19 29 93 69 69 100 52 44 45 7 16 64 22 74 10 57 68 86 46 57 95 87 95 32 8 50 96 19 22 75 87 40 56 79 60 
76 78 11 19 74 70 86 89 91 59 99 99 78 84 44 34 30 31 81 13 90 30 61 8 3 87 94 43 42 24 54 17 53 17 87 27 86 72 15 28 31 65 
26 60 100 22 94 29 52 26 94 41 55 54 100 58 40 45 52 82 68 5 50 20 21 37 98 58 8 65 37 90 29 15 2 29 36 47 9 39 72 2 31 26 
55 30 35 95 26 38 28 45 43 29 64 15 17 14 25 77 78 61 18 6 27 19 86 62 65 95 52 36 96 82 14 51 63 48 97 88 86 76 32 80 56 48 
46 73 13 70 49 90 83 66 47 61 85 33 75 1 27 26 37 74 8 50 76 22 49 24 62 86 51 93 65 7 92 11 79 4 32 79 45 66 44 92 27 80 
76 1 81 54 26 69 27 85 70 3 59 18 78 20 4 29 64 20 35 56 82 65 11 14 43 56 31 38 47 57 18 74 9 50 27 87 18 53 23 87 7 81 
56 85 100 59 65 64 31 99 71 12 15 81 77 57 36 8 94 34 16 63 7 25 64 85 63 33 90 85 71 96 66 27 32 17 37 48 32 67 46 2 31 12 
35 7 68 70 66 14 56 34 28 14 10 92 99 72 76 88 8 47 35 25 73 19 42 61 66 25 28 64 27 10 75 61 68 43 82 86 8 89 19 35 3 80 
78 1 51 54 88 58 52 74 83 24 92 76 84 58 100 63 21 78 72 47 90 40 89 72 25 48 60 95 35 14 74 12 14 76 17 53 85 68 27 67 43 70 
94 79 27 94 41 99 23 65 46 13 56 86 36 32 86 47 26 20 61 51 83 26 26 100 79 10 19 57 29 62 26 22 40 5 67 32 55 90 96 52 2 51 
90 89 82 75 35 59 94 95 9 76 21 34 27 51 44 46 59 24 7 84 45 98 40 12 29 47 53 77 98 6 27 87 94 61 13 28 19 6 23 28 82 95 
13 60 45 8 5 3 31 63 38 28 12 30 91 41 76 43 17 25 48 95 64 41 7 76 68 26 34 42 5 67 36 69 26 32 77 31 34 59 45 24 86 57 
53 76 49 80 18 17 56 65 11 19 57 18 47 25 95 80 18 51 46 54 19 71 37 95 53 23 6 98 46 91 6 50 67 54 81 36 70 88 53 32 59 9 
1 5 85 95 36 55 45 33 60 16 55 96 62 8 18 67 57 15 58 62 16 76 67 96 63 36 36 15 67 94 76 68 98 12 14 85 66 11 17 25 26 71 
21 87 30 90 54 38 57 63 51 72 38 17 20 100 52 55 67 71 48 42 90 97 53 3 81 71 13 49 95 90 19 67 77 1 57 82 38 13 44 89 36 33 
5 55 32 9 9 50 79 8 91 68 56 96 22 36 66 35 36 12 24 55 79 52 7 87 33 44 51 76 84 86 8 89 41 92 97 1 41 27 61 84 46 16 
79 67 4 96 53 39 7 29 45 85 80 51 23 65 47 73 92 30 59 100 70 51 43 18 3 35 44 15 18 41 31 48 8 34 43 60 24 50 40 69 86 20 
71 61 36 17 33 27 99 43 78 68 45 20 86 48 7 81 62 24 22 44 72 29 29 66 40 53 67 32 73 5 3 95 65 38 64 97 64 62 92 94 29 36 
65 66 35 71 47 49 95 68 92 18 48 73 83 39 25 2 70 49 6 72 43 70 9 6 18 25 19 9 18 48 45 82 13 79 53 11 79 99 30 71 68 77 
43 2 68 19 3 37 19 8 61 13 29 21 19 47 45 89 55 14 36 51 48 1 30 100 63 8 50 93 30 17 21 24 70 88 94 73 77 12 32 37 77 61 
9 95 59 6 83 13 19 71 64 66 23 45 17 85 4 18 77 34 34 50 9 4 37 3 28 13 66 59 1 42 71 62 88 29 67 23 94 37 45 57 3 19 
53 71 3 56 89 32 41 74 81 2 29 69 56 8 34 21 19 34 15 89 47 54 70 13 28 63 50 72 71 4 42 23 74 45 30 14 28 71 40 60 24 68 
1 0 1 0 0 1 0 0 1 0 0 0 1 1 0 0 1 0 1 0 0 0 0 0 0 1 0 1 0 1 0 0 1 1 0 1 0 0 0 0 1 0 
0 0 1 1 0 0 1 1 1 0 1 1 0 1 1 0 0 1 1 1 1 0 0 0 1 1 0 1 1 1 1 1 1 1 0 1 1 0 0 0 0 0 
0 0 1 1 0 0 0 1 1 0 1 1 0 0 0 0 0 1 0 1 1 1 0 1 1 0 1 1 0 1 1 0 1 1 1 1 1 0 0 0 0 1 
1 0 0 0 0 0 1 0 1 0 0 0 0 1 0 1 0 0 1 0 1 0 1 0 0 0 0 0 0 0 0 1 0 0 1 1 0 1 1 1 1 1 
1 1 0 1 1 1 0 0 1 1 0 0 1 0 0 0 1 0 0 1 1 1 1 1 0 1 0 1 0 1 1 0 1 1 1 0 0 1 0 1 0 0 
1 0 1 1 0 0 1 0 1 1 1 0 0 1 1 0 1 1 1 0 1 0 1 1 0 0 0 0 1 1 1 1 1 0 0 1 0 0 1 1 1 1 
1 1 0 0 1 1 1 0 1 1 1 1 0 1 1 0 0 0 1 1 1 0 1 0 1 1 0 1 0 1 0 1 0 0 1 1 0 0 1 1 1 0 
0 1 0 1 0 0 0 1 1 1 0 0 1 1 1 1 0 1 0 0 0 0 1 1 1 1 1 1 0 1 1 1 0 1 0 0 1 0 0 0 0 0 
0 1 1 1 1 0 0 1 0 0 0 1 1 1 0 1 0 1 0 0 0 0 1 0 1 1 1 1 1 1 1 0 0 0 1 1 0 0 1 1 0 1 
0 0 0 1 1 1 0 1 1 0 1 0 0 0 1 1 1 1 0 0 1 1 1 0 0 1 0 1 0 1 0 1 1 1 0 0 0 0 1 1 0 0 
1 0 1 1 0 0 0 0 1 1 1 0 1 0 1 0 1 0 1 0 1 0 1 1 0 1 1 1 0 1 1 1 1 0 0 1 1 0 0 0 1 1 
0 1 1 1 1 1 1 0 1 0 0 0 1 0 1 0 1 1 1 0 0 1 1 1 0 0 1 0 0 1 0 0 0 1 1 1 0 1 1 1 1 1 
1 1 1 0 1 0 1 1 0 0 0 1 1 0 1 0 1 1 1 1 1 1 0 1 0 1 0 1 0 1 0 0 0 1 0 0 1 0 1 0 0 1 
1 1 1 1 1 0 0 1 1 0 0 0 1 1 1 1 0 1 0 1 1 1 0 0 1 0 0 0 0 0 1 1 1 0 0 0 1 1 1 0 1 0 
0 0 1 1 1 1 1 1 0 0 0 1 0 1 1 0 1 1 0 0 0 1 1 1 0 0 0 1 0 1 1 1 1 0 0 0 0 1 1 0 0 0 
1 0 1 0 1 1 1 1 1 0 1 0 1 1 0 1 0 1 0 0 0 1 0 0 1 0 0 0 1 0 0 0 0 0 1 1 1 0 1 0 0 0 
1 1 1 1 0 1 0 0 1 0 1 0 1 0 0 1 1 1 1 1 0 1 1 1 1 0 1 0 1 0 0 0 1 1 1 0 0 0 0 0 0 0 
0 1 0 0 0 1 0 1 1 0 1 0 1 0 1 0 0 0 0 0 0 0 1 1 0 1 1 0 1 0 0 1 1 1 0 0 0 0 1 1 0 0 
0 1 0 1 1 0 1 0 0 1 0 1 0 0 1 0 0 0 0 1 0 1 0 0 1 0 0 1 0 0 1 0 1 0 1 0 0 0 0 1 1 0 
0 1 0 1 1 1 0 1 0 0 1 0 0 0 0 0 1 0 0 1 0 1 1 1 1 1 1 0 0 0 0 1 0 1 0 1 0 0 1 0 0 0 
0 0 0 0 0 0 1 0 1 1 1 0 1 1 1 0 1 0 1 1 1 1 0 1 0 0 0 1 0 0 1 0 1 0 1 1 0 0 0 1 1 1 
1 0 0 0 1 1 0 0 1 1 1 1 1 1 0 1 1 0 1 0 1 0 0 0 0 0 0 0 1 1 1 0 0 0 1 1 1 1 1 0 1 0 
0 0 1 0 1 0 0 0 1 1 1 1 1 1 0 1 1 1 1 0 0 1 0 1 0 0 0 1 0 1 1 0 1 0 0 0 1 1 1 0 0 0 
1 0 1 1 1 0 1 0 0 1 1 1 0 1 1 0 0 1 0 1 0 1 0 0 0 1 1 1 1 0 1 0 0 0 0 1 0 1 0 0 0 1 
1 0 1 0 0 1 0 0 1 0 0 1 0 0 0 0 1 1 0 0 1 0 0 1 1 0 0 1 0 0 1 0 0 0 0 1 1 0 1 0 0 1 
1 1 1 1 1 0 0 1 0 0 1 0 1 0 0 0 0 1 0 1 1 1 1 1 0 0 0 1 1 0 1 0 1 0 0 0 1 0 1 1 0 0 
0 0 1 0 0 1 1 0 0 0 1 1 0 1 1 0 1 0 0 0 1 0 0 1 0 1 1 0 1 0 0 1 0 1 1 0 0 1 0 0 1 0 
1 1 1 1 1 0 1 0 0 0 0 1 1 0 0 1 0 1 1 1 0 1 0 0 1 1 1 1 1 0 1 1 0 1 0 1 1 1 1 0 0 1 
1 1 0 1 0 0 1 1 1 1 0 0 1 1 1 0 1 0 1 0 1 1 1 1 0 1 1 0 1 1 1 0 0 1 1 1 0 0 0 1 0 1 
1 1 0 0 0 1 1 1 0 0 0 1 0 0 0 1 0 1 0 0 1 0 1 1 1 1 1 0 1 1 1 0 1 1 1 1 1 0 0 1 0 0 
0 0 0 1 1 1 0 1 1 0 0 0 1 1 0 0 1 1 0 0 1 1 0 0 0 1 0 0 0 1 0 0 1 0 1 1 1 0 0 0 0 0 
1 1 0 1 1 1 0 1 0 1 0 0 0 0 1 0 0 1 1 0 1 1 1 1 0 0 1 0 1 1 1 0 0 1 1 1 0 1 1 0 0 1 
0 0 0 1 1 0 0 0 1 0 1 0 1 1 0 0 0 1 1 1 1 1 0 0 0 0 1 1 1 0 1 1 0 1 1 1 1 1 0 0 1 1 
0 0 1 1 0 1 0 1 0 0 0 0 0 1 0 0 0 1 0 1 1 0 0 0 0 0 1 0 0 1 1 1 1 0 0 0 1 0 1 1 0 0 
1 1 1 0 1 1 1 1 1 0 1 1 0 1 1 0 1 0 1 1 1 0 1 1 0 1 1 0 0 0 0 0 1 1 0 0 0 1 1 1 0 0 
1 0 0 0 0 1 0 1 0 1 0 0 0 0 1 0 0 1 0 0 1 1 1 1 1 0 1 0 1 1 0 0 1 0 1 0 0 1 1 0 1 1 
0 1 0 1 1 0 1 1 1 0 0 0 0 1 0 1 1 0 0 0 0 1 0 1 1 0 1 1 1 0 0 1 1 0 1 1 1 0 0 0 0 1 
0 0 0 1 1 0 1 1 0 1 1 0 1 0 1 0 1 0 0 0 1 1 0 0 0 1 0 1 1 1 0 0 1 0 1 1 0 0 0 0 1 1 
1 0 0 0 0 1 0 0 1 1 0 0 0 0 1 0 1 1 1 1 1 1 0 0 0 0 0 0 1 1 0 0 0 0 0 0 1 0 1 1 1 1 
1 1 1 0 0 1 1 1 0 0 0 0 0 0 1 0 1 0 0 1 0 0 1 0 0 0 0 1 1 1 0 0 1 0 1 1 1 0 0 1 1 1 
0 1 1 1 0 0 1 0 1 1 0 0 1 0 1 1 0 0 0 0 1 1 0 0 0 1 0 1 1 1 0 1 1 1 0 1 0 1 1 1 0 1 
0 1 1 1 0 1 1 0 0 0 0 0 0 0 0 1 1 1 0 1 0 1 1 0 0 1 1 1 0 1 0 0 0 0 1 0 1 1 0 1 1 0 
0 0 1 0 1 0 1 1 0 1 1 1 1 1 0 0 1 0 1 1 1 1 1 0 1 1 1 1 0 1 0 0 1 1 0 0 1 1 1 1 0 0 
0 1 0 0 1 1 1 0 0 0 1 0 0 0 1 0 0 1 1 0 0 0 1 0 0 0 0 1 0 0 0 0 0 0 1 1 1 0 0 1 0 1 
1 0 0 0 0 0 0 1 0 0 1 1 0 1 1 0 1 1 1 1 0 1 1 1 0 0 1 0 1 1 0 1 1 0 1 0 0 1 1 0 1 1 
1 0 0 0 0 1 0 1 0 0 0 1 1 1 1 0 1 1 1 1 0 0 1 1 0 1 1 0 1 0 1 0 0 1 1 1 1 1 0 1 1 1 
1 0 0 0 0 1 1 1 1 1 1 0 1 0 0 0 0 1 0 1 0 1 0 1 0 1 0 0 1 1 1 0 1 1 0 1 1 0 0 0 1 1 
0 0 1 0 0 1 0 1 0 0 0 1 1 0 0 1 0 1 0 0 1 1 1 0 0 0 0 0 0 1 1 1 0 1 1 0 0 1 1 1 1 1 
0 0 1 0 1 0 0 1 0 1 0 1 1 0 0 1 0 0 1 0 1 1 1 1 1 1 0 1 0 0 0 0 0 0 1 0 0 1 1 0 0 0 
1 0 0 1 1 1 0 0 1 1 1 0 0 1 1 1 0 0 1 0 0 1 0 1 1 0 0 1 0 1 1 0 1 1 1 0 0 1 1 1 1 0 
1 1 1 1 0 1 1 1 0 1 1 0 1 0 1 1 1 1 0 0 1 1 0 1 0 0 0 1 0 1 1 1 1 1 0 1 0 1 1 0 1 0 
1 0 0 0 1 0 1 0 0 1 1 0 0 1 1 0 0 1 0 0 0 1 1 1 0 1 0 1 0 1 1 1 1 0 1 1 0 0 1 0 1 0 
1 1 0 0 0 0 1 0 0 1 1 1 0 1 1 1 1 1 0 0 0 0 0 1 1 0 1 0 1 1 0 0 0 0 0 0 1 1 0 1 0 1 
