58 50 30
92 100 17 40 20 21 97 43 2 84 17 93 92 12 58 55 72 97 14 93 71 14 68 66 75 49 6 70 62 95 99 54 95 16 45 14 88 41 8 89 24 76 82 67 87 91 73 59 39 39 
3 10 4 22 27 78 71 32 100 32 27 98 37 73 65 33 38 52 25 97 93 49 72 26 67 10 16 40 20 55 78 23 64 81 44 90 10 66 73 9 98 99 59 86 23 23 19 60 27 43 
8 19 43 79 44 62 89 59 1 8 65 30 82 80 62 78 69 23 43 42 32 92 92 42 30 67 64 48 78 42 42 86 60 37 64 55 98 4 14 50 64 30 79 45 10 92 22 30 14 17 
23 97 8 15 38 37 33 54 36 10 95 30 95 55 18 11 61 15 66 74 16 29 56 46 26 65 37 47 94 50 15 17 99 23 83 36 11 15 89 99 24 84 80 71 90 97 33 50 11 98 
76 26 27 83 71 52 47 59 50 92 60 65 8 58 39 42 94 1 56 34 51 32 69 30 54 10 26 86 12 88 83 87 65 61 21 87 64 67 45 66 58 5 82 18 62 72 59 7 24 67 
41 75 50 9 4 55 71 82 40 82 69 74 20 86 87 40 72 2 6 17 67 15 73 48 32 86 71 43 93 95 9 85 69 10 45 24 64 15 5 55 96 26 28 15 11 66 54 34 68 11 
50 34 78 74 34 9 60 4 3 4 98 11 88 18 72 32 42 35 99 98 89 94 75 69 61 85 34 66 19 1 29 20 87 6 46 72 14 5 75 17 8 25 79 47 42 3 78 35 89 76 
33 30 22 7 98 34 44 83 99 14 36 27 85 22 84 30 45 98 34 19 66 93 95 96 39 37 50 69 71 39 96 55 68 17 62 65 50 5 99 1 70 34 79 54 7 63 84 51 12 69 
22 29 62 16 76 52 4 26 20 75 64 16 29 83 84 42 99 86 98 97 38 67 83 16 21 89 30 4 92 41 72 65 21 85 80 97 37 84 22 8 10 37 23 90 19 59 32 17 44 81 
13 81 48 95 48 68 36 78 71 79 70 94 43 91 31 22 87 67 57 60 26 18 96 49 8 66 59 91 82 54 23 46 34 70 93 33 37 28 10 59 58 32 5 100 22 35 21 8 53 30 
67 78 47 14 78 6 79 36 48 12 89 71 57 74 92 1 59 29 80 68 39 37 99 43 36 72 29 9 31 81 38 49 11 36 62 40 94 92 28 41 3 68 63 12 42 55 12 100 35 44 
19 25 80 70 68 16 41 48 24 72 81 13 72 91 48 34 30 93 77 57 86 80 25 48 43 18 54 6 69 40 49 39 65 29 8 84 96 1 31 71 24 11 83 95 53 82 80 35 75 57 
91 60 88 67 59 30 36 65 87 4 4 36 95 20 16 54 3 11 54 86 33 29 48 15 76 1 48 7 35 22 63 77 33 2 44 92 31 31 56 70 87 11 5 81 31 72 34 85 82 40 
22 14 20 70 80 47 70 27 54 4 1 68 80 33 70 75 24 100 58 31 21 44 94 25 76 24 96 61 60 29 100 82 94 72 51 25 18 72 4 71 75 4 39 6 36 8 33 12 59 90 
94 80 85 87 56 60 62 4 20 74 32 72 55 78 43 57 2 60 28 5 83 54 60 73 11 48 32 43 11 42 84 4 73 68 43 29 27 4 84 99 77 15 70 83 44 64 91 98 23 18 
2 57 23 14 81 34 61 12 28 71 54 12 26 26 79 68 6 58 24 89 56 52 56 77 35 99 40 77 48 14 95 50 71 69 15 51 2 75 15 82 45 68 93 22 45 71 90 51 80 65 
91 35 16 46 11 2 97 2 79 44 16 25 45 38 93 59 40 47 33 54 28 29 73 72 51 18 42 92 20 22 56 10 8 71 8 71 25 56 72 3 99 87 79 96 76 71 6 16 69 39 
69 48 19 42 19 21 11 13 64 82 34 19 43 93 42 50 63 66 57 87 20 8 25 98 3 1 20 8 16 89 98 36 88 69 29 7 89 39 19 5 20 4 23 63 96 16 64 11 81 21 
49 52 28 73 49 82 73 69 89 40 9 39 76 96 7 56 54 47 95 72 51 66 27 26 80 75 41 96 85 74 16 85 25 95 57 26 76 82 46 16 73 54 6 100 1 64 56 55 63 2 
78 65 67 5 90 99 79 83 94 15 56 9 99 32 55 7 57 82 88 2 49 13 55 55 12 8 70 67 62 32 68 39 97 87 43 86 85 73 20 78 87 75 38 85 7 92 44 63 25 31 
17 73 95 23 79 7 30 49 73 43 32 93 82 28 79 76 66 63 49 85 92 35 12 29 72 18 72 15 32 96 97 100 20 92 23 51 50 52 99 74 95 82 66 28 10 96 55 27 58 3 
63 1 90 74 81 13 43 52 79 27 99 27 26 71 18 48 21 19 52 71 93 98 52 58 25 13 54 79 91 63 34 54 16 75 79 96 87 74 48 17 52 98 43 77 68 13 77 40 31 80 
10 23 77 14 33 53 78 38 83 69 100 68 74 67 42 52 63 80 77 62 96 28 59 39 5 79 51 33 18 33 12 80 56 40 93 88 92 70 77 26 90 28 94 63 95 87 67 57 67 43 
18 62 71 28 52 27 58 54 59 76 87 22 7 94 61 51 81 4 72 9 81 62 36 74 24 30 61 90 86 79 85 55 92 55 35 44 81 92 49 91 19 35 64 25 28 76 75 60 31 47 
68 11 60 4 37 35 85 97 25 23 27 61 77 18 15 63 13 47 55 62 89 73 48 52 50 28 79 76 87 9 22 7 19 33 62 55 68 46 3 44 68 29 4 97 99 70 59 63 16 65 
76 56 90 24 59 39 51 37 14 89 45 88 95 15 20 56 70 87 54 72 82 21 53 85 69 3 54 80 65 21 44 41 76 33 16 34 23 18 22 89 6 18 76 53 33 47 8 2 86 13 
25 67 34 29 52 54 31 5 33 96 26 29 88 53 13 3 39 36 72 60 24 77 78 99 29 10 97 89 63 82 1 39 49 86 68 52 92 98 56 24 45 33 52 84 86 65 38 24 52 9 
35 75 86 64 25 66 73 21 6 87 55 59 26 55 96 45 6 87 42 61 63 39 46 66 74 83 30 12 58 33 20 92 59 57 8 83 75 32 56 80 19 62 90 96 16 86 40 21 72 33 
33 86 71 30 52 97 12 33 8 69 66 27 13 24 36 20 59 10 51 66 41 21 27 31 16 42 16 55 62 39 40 46 25 62 76 28 58 87 60 65 8 77 44 72 53 79 43 11 40 45 
76 80 66 2 10 81 95 77 88 8 16 27 53 92 88 28 71 46 67 30 62 26 59 5 97 11 35 39 21 74 83 48 54 100 49 15 33 95 92 20 2 59 98 54 2 37 34 72 82 52 
53 96 77 11 100 25 21 35 15 41 8 49 40 13 49 88 28 81 82 19 52 35 29 49 89 30 85 74 1 19 25 53 14 53 64 13 77 84 99 91 77 59 39 16 23 39 56 50 19 89 
20 70 24 48 70 64 77 55 37 77 25 13 82 38 65 45 2 93 80 53 83 8 63 73 76 85 12 31 35 82 71 54 4 46 54 73 9 30 79 97 59 55 9 40 92 25 36 46 17 15 
50 51 23 12 76 98 96 39 80 30 72 2 36 75 48 41 100 56 70 30 5 80 85 65 71 28 90 6 73 58 21 22 61 95 33 36 44 29 26 75 10 97 76 97 24 23 37 23 31 59 
52 35 38 36 99 9 64 40 66 88 50 38 62 10 32 46 97 27 26 22 1 36 70 29 32 93 51 21 15 81 79 19 67 68 6 18 76 21 57 94 61 58 31 22 67 63 67 15 41 93 
88 94 80 58 22 63 50 72 83 17 5 13 87 71 81 92 88 8 65 97 1 25 54 32 46 73 46 64 87 86 56 75 79 87 84 100 50 85 24 84 1 28 97 39 50 77 31 38 84 95 
86 37 71 39 68 16 11 13 79 50 50 87 76 81 73 59 32 22 43 55 6 96 34 54 34 84 30 16 73 65 62 58 1 32 48 20 99 11 84 78 60 34 16 35 66 88 93 97 62 87 
4 19 34 89 72 20 24 53 87 96 69 49 5 22 32 5 41 31 15 77 60 74 10 75 60 27 14 4 23 75 90 78 93 24 67 16 95 90 20 81 38 89 29 42 10 13 46 2 95 12 
78 6 85 39 80 96 65 45 99 40 20 89 17 64 64 83 32 10 25 51 90 62 39 71 3 100 83 1 2 29 64 31 34 1 22 65 96 38 9 95 77 80 35 46 44 50 80 75 59 4 
25 48 65 16 18 20 15 52 72 68 80 35 51 65 87 72 29 83 9 38 29 38 17 63 35 12 12 14 38 22 70 63 69 34 30 39 5 44 42 28 64 74 15 14 38 1 37 19 83 45 
8 11 34 24 25 68 88 36 34 25 9 3 39 78 88 68 68 45 12 61 72 27 34 86 40 24 87 76 94 21 72 1 84 58 24 8 77 63 96 10 88 4 64 26 81 4 94 100 48 57 
13 71 83 98 9 74 21 95 1 66 67 72 66 50 81 42 58 58 4 53 19 91 56 35 69 89 38 62 40 37 70 52 59 4 50 67 77 22 13 77 88 80 100 53 81 81 94 38 90 50 
42 8 40 50 42 60 38 31 73 77 19 42 81 78 97 30 96 73 51 9 1 38 40 53 43 20 33 88 10 22 37 51 81 29 52 75 88 89 5 61 18 76 54 98 5 51 79 100 75 29 
60 76 19 99 28 13 71 12 100 32 85 37 34 65 65 86 39 4 26 96 64 43 71 70 92 27 20 70 26 94 51 38 21 21 36 48 33 58 11 84 41 95 20 75 60 36 60 50 40 85 
97 55 80 19 24 23 45 95 45 71 89 95 8 9 67 95 9 51 5 19 34 45 66 6 19 77 93 30 26 32 67 23 39 98 41 62 20 86 57 64 8 97 10 67 57 76 13 17 78 17 
88 64 14 53 69 84 29 13 14 54 97 32 28 35 29 21 48 48 58 56 64 17 4 73 83 61 1 95 77 78 64 64 93 77 68 61 60 96 26 25 2 22 56 81 56 84 1 55 84 58 
11 47 74 14 71 8 26 71 55 55 1 18 18 93 46 38 6 57 33 31 82 86 52 37 67 59 73 19 13 8 77 75 6 2 41 76 62 66 99 16 20 99 85 90 43 30 27 100 86 11 
30 19 97 33 56 15 43 80 33 8 87 61 82 44 15 74 19 76 92 17 43 63 67 27 52 62 8 30 61 45 93 43 64 89 75 71 55 18 50 87 25 88 48 58 31 62 32 1 89 23 
70 31 37 88 57 89 49 16 70 62 60 62 4 23 2 78 93 56 47 94 95 71 81 42 81 63 55 12 64 43 86 85 73 22 72 81 62 73 96 84 34 55 97 37 30 51 14 22 58 13 
16 52 83 48 45 15 63 99 78 78 41 15 62 65 37 85 45 50 57 92 85 90 47 34 26 76 84 92 49 93 4 16 45 38 16 41 53 78 40 30 55 32 45 68 49 33 52 93 34 9 
85 71 98 83 4 76 10 39 67 58 31 70 74 27 59 89 68 11 18 59 93 24 42 89 91 90 73 94 35 6 2 71 28 52 53 31 27 62 69 93 71 100 14 96 78 72 36 45 35 53 
55 79 28 97 67 18 38 39 12 72 96 65 94 24 16 46 6 42 59 75 86 82 26 51 77 55 75 65 100 61 69 6 39 97 2 57 66 92 47 77 15 94 94 9 17 9 6 75 3 65 
1 40 98 26 91 26 80 17 90 31 77 11 37 67 7 90 75 24 33 21 53 48 14 46 56 83 6 61 57 60 77 57 100 26 34 42 52 65 10 93 48 86 3 36 4 61 77 78 85 10 
98 89 57 63 34 64 97 91 76 5 51 53 13 50 30 98 43 81 63 52 74 62 89 28 97 92 41 73 69 77 34 18 65 90 32 50 5 29 40 81 33 90 85 98 91 14 95 85 95 57 
36 20 18 76 99 66 19 39 91 87 67 24 56 31 66 88 32 70 68 72 50 52 13 34 49 4 100 44 40 46 52 76 65 22 3 15 87 22 6 77 60 72 53 16 55 18 55 86 87 74 
9 89 25 22 74 26 77 73 69 16 18 72 43 34 93 46 49 32 67 54 60 26 77 12 93 31 29 99 69 68 24 77 56 49 50 29 26 26 2 46 42 19 17 36 5 10 81 53 41 99 
58 100 77 86 64 21 17 92 20 37 11 43 13 66 43 63 95 68 40 48 65 33 18 82 69 22 43 1 26 83 100 35 34 76 21 97 96 89 41 67 25 51 62 37 17 4 51 63 24 91 
62 88 75 31 69 43 53 11 44 30 45 95 65 31 70 37 27 17 25 19 36 49 70 97 85 38 100 88 52 75 30 65 63 4 95 83 47 99 46 42 29 42 36 45 72 57 81 51 73 5 
69 60 53 90 56 89 79 8 28 30 82 57 94 96 13 41 31 11 39 76 52 67 69 87 63 41 95 43 43 19 99 63 79 51 53 34 92 83 93 19 13 75 28 58 22 40 98 52 50 89 
0 0 0 1 0 1 1 0 1 1 0 0 1 0 0 1 0 1 0 0 0 0 0 1 1 0 0 1 1 1 1 0 1 1 1 1 0 0 1 0 1 1 0 0 0 0 0 0 0 0 
0 0 0 1 1 1 1 1 0 0 0 1 0 1 1 1 0 1 1 1 1 0 0 1 1 0 0 1 0 0 1 1 0 1 0 1 0 1 0 1 1 0 0 0 1 1 1 1 1 1 
0 0 1 0 0 0 1 0 1 1 0 0 0 0 1 0 1 0 1 1 1 1 1 1 1 0 1 0 1 0 1 1 0 1 1 0 1 0 0 1 0 0 1 0 0 1 1 1 1 0 
0 0 1 1 1 0 1 0 1 0 0 0 1 1 1 1 1 1 1 0 0 1 0 1 0 1 0 1 0 1 1 1 1 1 0 1 1 0 1 0 0 0 1 0 1 0 1 0 1 0 
0 1 0 1 1 0 0 1 1 0 1 0 1 0 1 0 1 1 0 1 1 0 1 0 0 0 1 1 0 0 0 1 0 0 0 1 0 0 0 1 0 1 1 0 0 1 0 1 0 0 
0 1 0 1 0 1 1 1 0 0 1 0 1 1 0 1 0 0 1 1 1 1 0 1 1 0 0 1 0 0 1 0 1 0 0 1 1 1 0 1 1 0 0 0 1 0 1 0 1 0 
1 0 0 1 1 1 0 1 1 0 1 0 0 1 0 0 0 1 0 1 1 1 1 1 0 0 1 1 0 0 0 1 1 0 1 0 1 1 0 0 1 1 1 1 0 1 0 1 1 0 
0 0 1 1 1 1 1 0 1 0 1 1 1 0 1 0 0 0 1 0 1 0 0 0 0 0 1 0 1 0 0 1 0 1 0 1 1 0 0 0 0 1 1 1 1 0 0 1 0 1 
0 1 0 0 1 0 0 1 0 0 1 0 1 0 1 0 1 0 0 1 0 0 0 1 1 1 1 1 1 0 1 1 1 1 1 1 1 1 0 1 1 1 1 1 1 0 1 1 1 1 
0 1 1 1 1 0 0 0 0 1 0 1 0 0 0 1 1 1 1 1 0 0 0 1 1 0 1 0 1 0 1 1 0 0 0 1 1 1 1 1 0 0 0 1 0 0 0 1 1 1 
0 1 0 0 0 1 0 1 0 1 0 1 1 0 0 1 1 1 0 0 0 1 0 0 0 0 0 0 1 1 0 1 0 0 0 0 1 0 1 1 0 1 1 1 1 1 0 0 0 1 
1 0 0 1 0 0 0 0 0 1 1 0 1 1 0 1 1 0 1 0 1 1 0 0 0 1 1 1 0 1 0 1 1 0 0 1 0 0 1 0 0 0 1 1 1 1 0 0 1 1 
1 1 1 1 1 1 0 1 0 0 0 0 1 0 0 0 1 0 0 1 1 0 1 0 1 1 1 1 1 1 1 0 0 0 1 1 1 0 0 0 0 1 0 0 1 1 0 0 1 0 
1 0 1 1 0 0 0 0 0 1 1 1 0 1 1 1 0 0 1 1 0 0 0 1 0 1 0 0 1 1 0 1 0 1 0 0 0 0 0 0 1 1 1 1 0 0 1 1 0 0 
0 1 0 0 0 0 1 0 0 0 1 1 1 1 0 1 0 0 1 0 0 1 0 1 0 0 1 1 1 0 0 1 1 0 1 1 1 0 1 1 1 0 0 0 0 1 0 0 1 1 
0 0 0 0 1 1 1 1 0 0 1 0 0 0 1 1 1 0 0 0 1 1 0 0 1 0 1 1 0 0 1 1 0 1 1 0 0 0 1 1 1 0 1 1 0 0 0 1 0 0 
1 0 1 1 0 1 0 1 0 0 1 1 1 0 1 1 0 1 1 1 0 0 1 0 1 1 0 0 0 1 0 1 1 0 0 1 1 0 0 1 1 1 1 0 1 0 1 1 1 1 
0 0 1 1 0 1 0 0 1 0 1 1 1 0 1 0 1 0 0 1 0 1 1 1 0 0 1 1 0 0 0 0 0 0 0 0 1 0 1 0 1 0 1 0 1 1 0 0 1 1 
0 1 0 1 0 0 1 1 0 1 0 0 0 0 0 0 1 1 0 0 1 1 0 1 0 1 0 0 0 1 1 0 1 0 1 1 0 0 1 0 0 1 1 0 1 1 0 0 1 0 
0 0 0 1 1 0 0 1 0 0 1 0 0 0 0 1 1 0 0 0 1 0 1 0 0 1 1 0 1 0 0 0 1 0 1 0 0 1 0 1 0 1 1 0 1 1 0 0 1 0 
1 0 0 0 0 0 1 0 0 1 0 0 1 1 1 0 0 1 1 0 0 1 1 1 0 0 0 0 0 0 0 1 0 0 0 1 0 1 1 0 0 1 0 1 1 1 1 1 1 1 
1 1 0 0 1 0 0 1 0 0 1 0 0 0 0 0 1 0 1 0 0 0 1 1 1 0 0 1 1 1 0 0 1 0 0 0 1 0 1 1 1 1 0 1 1 0 1 0 1 0 
0 1 0 1 0 0 0 1 1 1 0 1 0 1 1 0 1 0 1 1 0 0 0 0 1 1 0 0 1 1 0 1 1 1 0 1 1 0 0 0 0 1 1 0 0 0 0 0 1 1 
1 1 1 1 1 0 0 1 0 1 1 1 0 0 0 0 1 1 1 0 1 1 1 0 1 1 0 1 1 1 1 0 0 0 1 1 1 1 1 1 0 0 0 0 0 0 1 1 1 0 
1 0 1 0 0 0 0 1 1 1 0 0 0 1 1 1 0 0 1 1 1 1 1 0 0 1 0 1 1 0 1 0 0 0 1 1 0 1 0 1 0 0 0 0 1 1 0 0 1 1 
1 0 0 1 0 0 0 1 1 1 1 0 0 1 0 1 0 0 0 0 0 0 1 0 1 0 1 1 0 0 0 0 0 0 1 1 1 1 0 0 1 1 1 1 0 1 0 1 0 0 
1 0 0 0 0 1 1 1 0 1 1 0 1 1 1 0 0 0 0 0 0 1 1 1 0 0 1 0 1 1 0 0 1 0 1 1 0 0 0 0 1 1 1 1 0 0 1 1 0 1 
1 0 0 1 0 0 1 1 0 0 0 0 0 1 1 1 0 1 1 0 1 1 1 0 0 1 0 1 0 0 1 0 1 1 1 1 0 0 0 0 0 0 1 0 1 0 0 1 1 1 
1 0 0 0 1 0 1 1 0 0 0 1 0 1 0 1 0 0 1 0 1 1 0 0 1 1 0 1 0 1 1 1 1 1 1 0 0 0 0 0 0 0 1 0 1 1 1 1 0 0 
1 1 1 1 1 1 0 1 0 0 0 1 1 1 1 0 0 1 0 0 1 1 0 0 1 1 1 1 0 1 1 1 0 1 0 1 0 0 0 0 0 0 0 1 0 1 1 0 0 1 
0 1 0 0 1 0 1 0 1 1 0 0 0 0 1 0 0 1 0 0 0 0 1 0 1 1 1 0 1 1 1 1 0 0 1 1 0 0 1 1 1 1 1 1 0 1 1 0 0 1 
0 0 1 1 0 0 0 1 0 1 0 1 0 0 1 1 1 1 1 1 0 0 0 0 1 0 1 0 0 1 1 1 0 0 0 0 0 1 0 0 0 0 0 1 1 1 0 0 1 0 
1 1 0 0 1 0 0 0 0 1 0 0 0 0 0 0 0 1 1 0 1 0 1 1 1 0 1 1 0 0 1 0 1 0 0 1 0 0 1 0 1 1 0 1 1 1 0 0 0 1 
0 1 1 1 1 0 1 0 0 0 0 1 0 1 1 0 0 1 0 0 0 0 1 0 1 1 1 1 1 1 1 1 1 0 1 0 1 0 0 1 0 0 0 0 1 0 0 0 1 1 
0 1 1 1 0 0 0 1 0 1 1 1 1 0 1 0 0 0 0 0 1 1 0 0 1 1 0 0 1 1 1 1 1 0 1 1 0 1 0 0 1 1 1 0 1 1 0 1 1 0 
1 1 1 1 1 1 1 1 1 0 0 0 0 1 0 1 0 0 0 1 1 1 0 0 1 0 1 1 1 1 0 1 0 1 0 1 0 1 0 1 0 0 1 0 0 1 1 0 0 1 
1 1 1 0 1 0 0 1 0 1 0 0 0 0 1 1 1 0 0 1 1 0 1 1 0 1 0 1 0 0 1 1 1 0 1 1 0 1 0 0 1 0 0 1 0 0 0 1 0 1 
0 1 1 1 0 0 1 1 1 1 1 0 0 1 0 0 0 1 1 0 1 0 0 0 0 0 0 0 1 0 1 1 1 1 0 0 1 1 1 0 0 0 1 1 1 1 1 1 0 0 
1 0 1 1 0 1 1 0 1 0 0 1 1 1 0 0 1 1 1 0 1 0 1 0 1 0 0 0 0 0 0 1 0 1 1 0 0 0 0 0 1 0 1 0 0 1 0 1 0 0 
0 1 0 1 0 1 1 0 1 1 0 1 1 1 1 0 1 1 0 0 1 1 0 0 0 0 1 0 0 1 0 0 1 0 1 1 1 0 1 0 0 1 0 1 0 1 1 0 0 1 
0 0 1 0 0 1 1 0 1 1 1 0 1 0 0 0 1 0 0 0 0 0 0 0 1 0 1 0 0 0 0 0 0 1 1 0 0 0 0 1 1 0 1 0 0 0 0 0 0 0 
0 0 1 0 1 0 1 0 1 1 0 1 0 0 0 1 1 0 1 1 1 0 1 1 0 0 1 0 0 1 0 0 1 1 1 0 0 0 1 1 1 1 0 1 0 0 0 1 0 1 
0 1 1 0 0 1 0 1 1 0 0 0 0 0 1 1 0 1 1 1 0 1 1 0 0 1 0 1 0 0 0 0 0 0 0 0 1 0 0 1 0 0 1 1 0 0 0 1 0 0 
0 0 1 1 1 1 0 1 0 0 0 1 1 0 1 1 0 0 0 0 1 0 1 0 1 1 1 0 0 1 0 1 1 1 0 0 0 1 0 1 1 0 0 0 0 1 0 0 1 0 
1 1 0 0 1 0 1 0 0 0 1 0 1 1 1 1 1 1 0 1 0 0 1 0 0 1 1 0 0 1 0 1 0 1 1 1 1 0 0 1 0 1 1 1 0 0 1 0 1 1 
1 0 1 1 0 0 0 0 0 0 1 1 1 1 0 0 0 1 1 0 0 1 0 1 1 0 1 0 0 0 1 0 0 1 1 1 1 1 1 1 0 0 0 1 1 0 0 1 1 1 
0 1 0 0 0 1 0 1 1 1 0 1 1 0 0 0 1 1 1 0 0 1 0 1 1 1 1 1 1 1 0 1 0 0 1 1 0 1 0 1 0 0 0 1 1 0 1 0 1 1 
1 0 0 1 1 1 1 0 0 0 1 0 1 0 1 0 1 1 1 1 0 0 0 1 1 1 1 1 1 1 0 0 1 0 0 0 0 1 0 0 1 0 1 0 0 0 0 1 1 1 
0 1 1 0 0 1 1 0 0 1 1 0 1 0 0 1 0 0 0 0 1 1 0 0 1 0 0 1 1 1 1 0 0 0 0 1 1 0 1 1 1 0 1 0 0 0 0 0 0 0 
0 1 0 1 1 1 1 1 1 1 0 0 1 1 0 1 0 0 1 1 1 0 1 1 1 1 1 1 1 1 1 1 1 1 0 0 1 0 0 0 1 0 0 0 1 0 1 1 0 1 
0 0 1 1 1 0 0 0 1 1 1 1 1 0 0 1 1 1 1 1 1 0 1 1 0 1 0 0 0 0 1 1 0 0 0 1 1 1 1 0 0 1 1 1 1 0 1 0 1 0 
1 1 1 1 0 1 0 0 1 0 1 0 1 1 1 0 1 0 1 0 0 1 1 0 1 1 0 0 1 1 0 1 0 1 0 1 1 0 1 0 0 0 1 0 0 0 0 1 0 1 
1 0 0 1 0 1 0 0 1 1 0 0 0 0 1 0 1 0 0 1 1 1 1 0 1 1 0 1 0 0 0 0 0 0 1 1 0 1 1 1 0 1 1 1 0 1 1 1 1 0 
0 0 1 0 0 0 1 0 1 0 0 1 0 1 1 1 0 1 0 1 1 0 1 0 1 1 1 1 0 1 1 1 1 0 1 0 0 0 0 1 0 1 0 0 0 1 1 0 1 1 
1 0 0 0 0 1 1 0 0 0 1 1 1 0 1 0 0 1 0 1 0 1 0 0 1 0 0 1 0 1 0 1 1 0 0 1 0 1 1 0 1 0 0 0 1 1 0 1 1 1 
0 1 0 0 0 1 0 0 0 0 1 1 0 0 1 0 1 1 1 1 0 1 1 0 1 0 1 0 0 0 1 0 0 1 1 0 0 1 0 1 0 1 0 0 1 1 0 0 1 1 
1 1 0 1 1 0 1 0 0 1 1 1 0 1 0 1 1 0 0 1 1 0 0 1 0 1 1 0 1 0 0 1 1 0 0 0 0 1 0 0 1 1 1 1 0 1 0 1 0 0 
0 1 1 0 1 1 1 0 0 1 0 0 0 1 0 0 1 1 1 1 1 0 1 1 1 1 0 1 1 0 0 1 0 1 0 1 0 1 1 0 0 1 0 0 0 1 0 1 0 0 
