55 50 516
6 26 85 35 81 49 36 86 66 4 6 39 54 67 70 11 48 72 16 12 94 32 43 9 6 21 34 48 71 89 63 76 66 47 10 46 48 45 32 13 100 37 51 6 55 72 16 54 95 83 
65 89 14 7 97 72 79 82 19 49 22 33 76 87 31 85 33 78 81 16 91 81 4 41 86 58 13 53 63 59 36 79 47 49 38 96 20 16 29 90 17 51 22 92 37 53 77 21 30 9 
36 20 41 39 13 26 48 77 31 10 35 66 89 34 14 26 29 86 93 57 27 9 59 49 1 96 53 29 16 82 37 4 54 30 42 66 7 90 94 37 51 28 2 39 13 68 16 93 5 9 
50 31 17 8 79 69 55 31 97 23 65 86 26 18 15 67 35 21 8 28 10 59 7 11 49 20 30 65 12 34 25 13 65 93 73 95 62 79 78 10 1 42 47 26 11 13 45 97 86 4 
24 95 14 82 5 63 53 87 79 17 20 55 81 36 47 53 83 60 32 60 22 84 53 68 62 15 81 6 11 66 61 34 60 75 67 16 89 72 2 19 88 74 73 68 9 71 73 91 31 56 
2 52 39 6 71 100 20 51 57 30 68 70 15 27 96 82 95 84 53 96 54 92 69 78 59 30 48 83 72 30 38 26 33 29 31 4 80 51 6 37 80 74 58 95 52 53 76 46 36 80 
42 41 71 62 18 81 43 65 64 67 47 1 92 79 81 22 34 61 72 40 49 52 65 6 98 16 58 73 62 45 4 55 85 26 16 2 6 11 18 69 77 64 22 68 43 2 89 28 62 13 
19 10 64 83 15 61 99 24 85 12 68 40 66 4 65 33 5 70 43 23 91 71 38 12 38 32 65 79 60 79 91 78 40 6 61 55 18 11 30 54 22 50 93 87 53 57 19 10 78 14 
84 68 84 21 31 74 53 48 52 64 26 94 41 65 51 53 71 68 63 1 21 84 2 65 22 54 73 93 15 50 6 98 70 41 71 52 14 23 99 17 86 76 62 78 93 12 31 63 79 93 
15 51 29 16 15 50 22 39 42 36 89 99 86 10 92 56 13 57 30 64 74 67 39 35 44 31 99 74 46 77 19 60 80 47 28 46 48 1 85 90 36 25 40 73 34 31 28 46 88 9 
9 13 75 100 99 19 30 97 44 27 74 62 87 5 8 66 50 56 66 34 97 53 58 36 26 43 19 5 89 6 14 49 18 88 100 16 58 82 65 2 8 90 63 94 94 23 11 43 30 76 
77 26 29 34 13 6 77 31 62 17 88 75 17 57 15 69 25 72 50 89 25 57 78 88 3 71 62 13 13 91 41 41 68 69 27 80 26 55 63 87 23 50 14 91 59 28 59 83 51 8 
71 76 65 48 15 19 70 28 31 34 18 71 75 85 91 53 16 68 7 78 55 81 80 20 71 90 99 30 72 49 37 94 76 53 93 42 23 62 69 54 95 38 76 21 22 19 25 90 86 83 
19 92 63 50 11 86 39 61 15 10 62 3 55 89 8 47 31 30 8 51 35 55 89 11 27 62 81 52 51 66 86 22 10 49 71 72 34 10 33 100 71 94 54 26 82 61 72 64 43 32 
15 77 38 55 39 64 16 19 67 19 37 53 40 98 53 10 69 38 71 53 37 42 46 90 19 80 3 42 43 97 73 9 73 62 63 64 78 31 34 44 1 70 48 92 19 100 53 88 37 24 
40 25 17 38 67 87 69 69 28 63 17 53 72 89 14 86 52 91 68 38 87 68 7 34 11 26 86 64 65 74 39 56 99 7 45 65 93 13 85 20 76 1 72 99 41 38 84 45 28 4 
82 14 23 40 100 34 17 85 97 81 58 87 89 56 93 33 72 85 46 8 56 21 60 80 71 1 17 54 45 44 57 78 10 80 17 9 65 34 45 13 66 2 99 54 10 91 87 33 27 32 
41 82 4 100 61 74 52 29 79 48 25 88 25 34 19 42 94 83 27 38 95 92 91 93 46 52 35 84 85 13 15 77 94 70 28 7 95 80 35 25 27 11 12 4 44 30 97 89 12 23 
78 58 66 21 50 11 72 36 94 8 48 60 36 94 81 16 52 27 95 38 52 73 49 15 28 44 45 24 33 8 46 62 18 12 82 67 74 6 55 20 65 54 31 53 47 64 68 50 42 62 
88 93 86 36 60 14 31 56 37 63 15 35 77 32 98 58 51 23 15 5 94 80 58 25 32 57 40 99 6 81 12 93 26 49 80 85 14 11 40 3 25 54 37 1 86 86 11 36 8 77 
92 2 56 1 78 39 57 69 89 15 1 52 7 26 1 39 62 66 1 1 68 77 7 56 30 44 41 40 31 1 68 74 2 24 74 31 14 31 51 55 97 51 6 3 77 58 93 38 24 93 
91 91 22 49 47 51 44 87 42 26 87 9 99 40 84 72 22 98 54 72 4 50 75 9 5 51 67 97 40 90 42 82 32 63 82 78 65 25 17 6 50 55 14 100 47 50 72 20 99 77 
44 2 79 18 10 83 20 28 31 11 69 24 45 1 38 26 30 2 3 98 59 4 5 73 4 3 74 27 22 72 3 17 73 81 86 34 15 5 62 46 68 30 21 12 82 59 89 12 12 43 
61 71 47 65 95 2 67 68 28 41 39 82 57 63 15 43 96 81 99 9 78 18 39 99 81 20 9 70 83 20 64 44 90 10 60 84 63 27 3 42 67 93 76 75 55 42 69 3 22 20 
11 100 37 1 50 70 73 58 91 7 29 54 50 19 16 10 54 78 88 9 20 6 1 47 32 8 88 1 10 9 20 72 60 8 73 61 77 97 18 67 3 47 73 5 17 88 66 22 65 53 
82 36 10 83 34 41 90 21 41 51 82 12 74 93 72 98 54 100 94 23 19 49 21 91 53 37 78 18 11 94 22 92 82 31 26 67 71 15 88 64 17 21 27 91 13 98 88 66 50 34 
89 68 82 9 10 34 98 39 3 60 84 76 51 65 6 77 32 28 43 71 43 12 91 70 2 55 19 41 73 20 74 13 39 55 73 48 40 70 86 94 81 70 69 32 86 26 60 69 54 54 
39 48 65 81 69 18 36 40 59 60 59 84 72 98 39 44 45 30 66 83 24 46 52 92 29 37 18 88 58 23 94 96 70 58 29 91 28 16 30 86 75 40 69 98 37 59 41 34 89 6 
68 12 52 19 55 32 7 72 20 64 46 65 12 16 22 92 6 49 7 87 86 33 26 7 30 15 65 22 100 5 28 67 68 31 85 23 62 43 46 33 59 92 97 70 59 71 13 16 71 71 
54 9 3 79 15 84 93 31 5 92 88 84 58 55 66 94 29 80 37 27 12 95 70 61 16 80 83 28 95 5 50 48 13 52 78 79 87 23 10 43 66 97 27 76 3 44 69 84 23 57 
10 87 3 31 99 70 10 81 49 56 37 98 55 50 1 32 28 87 6 89 82 72 37 60 47 92 3 67 75 26 76 36 64 78 18 62 100 27 94 48 34 30 98 88 31 98 71 11 37 77 
99 18 100 88 77 46 79 31 64 5 56 39 40 71 69 57 32 68 35 25 15 68 55 12 55 85 62 77 95 98 53 46 67 52 33 95 49 63 25 13 67 33 3 58 3 71 66 35 38 100 
59 5 19 65 68 25 50 29 1 96 26 6 41 92 9 73 38 58 35 63 22 53 95 76 10 49 47 27 83 36 26 94 40 96 58 8 20 59 36 21 55 14 78 95 57 86 20 95 95 6 
57 68 59 3 44 20 51 90 47 86 77 24 79 17 72 88 24 91 47 11 63 53 24 40 47 81 78 18 27 72 24 83 40 34 37 35 5 39 24 51 24 100 27 54 68 98 42 91 40 40 
54 55 92 77 94 90 9 71 8 35 95 83 69 34 16 57 68 20 96 43 23 71 94 1 25 14 50 18 56 89 57 9 43 100 38 89 89 46 11 48 33 57 30 53 42 97 62 61 69 57 
3 91 27 49 43 3 62 44 20 69 84 28 78 27 27 15 67 68 12 29 15 96 86 97 1 27 93 62 88 61 18 42 3 96 42 97 51 55 40 70 24 24 98 1 2 76 67 68 95 78 
48 10 26 33 6 26 12 50 87 99 11 56 92 13 3 34 10 53 88 1 75 11 24 24 63 25 99 29 44 94 59 92 55 84 76 12 9 87 61 95 37 71 2 29 36 4 62 97 9 1 
97 83 64 73 6 26 97 56 7 41 1 65 32 55 48 7 66 8 46 79 54 82 1 55 10 88 10 23 84 18 76 33 52 91 57 57 68 53 13 74 45 13 90 76 20 37 35 37 96 32 
15 49 13 16 55 75 3 17 49 39 34 76 23 38 66 79 94 34 31 58 7 76 23 97 3 94 85 89 30 81 20 45 81 85 12 36 11 14 52 59 52 37 35 26 74 52 4 20 85 35 
29 92 62 51 40 16 44 76 5 26 56 76 70 89 12 81 76 22 46 27 33 50 15 19 75 41 70 79 60 55 65 40 98 26 91 37 93 86 64 49 11 72 25 32 60 36 64 35 10 10 
13 42 59 27 60 33 19 29 63 78 83 27 70 32 4 12 20 97 97 84 45 60 55 21 43 14 9 59 48 18 68 12 59 78 38 70 62 57 98 25 86 33 3 7 64 59 18 84 55 67 
67 51 78 73 24 20 86 32 78 85 1 97 96 11 26 85 80 88 93 29 64 31 61 66 37 77 24 55 12 30 21 30 33 98 2 56 69 39 39 99 23 39 95 70 49 21 54 80 60 99 
8 23 29 21 40 17 49 64 23 60 45 43 41 77 92 42 84 13 80 74 11 54 12 57 23 12 77 28 43 88 26 3 10 6 23 50 75 71 65 97 82 61 92 22 38 83 15 73 95 46 
47 57 99 10 14 73 74 42 100 68 30 78 70 91 35 44 40 9 66 56 6 47 17 97 20 6 31 34 30 78 79 28 34 29 38 99 1 63 93 53 30 22 82 52 12 68 95 4 77 61 
11 34 59 79 30 31 84 12 64 66 89 95 93 75 75 82 25 76 44 17 80 26 90 61 29 54 28 23 57 56 35 19 89 46 98 70 76 33 34 91 98 74 37 91 100 12 72 25 39 68 
41 18 45 31 30 73 84 9 47 92 17 34 62 5 31 59 27 6 44 60 48 41 85 37 83 85 48 7 9 86 74 1 55 70 83 84 94 66 44 40 9 60 25 23 17 55 33 43 12 76 
54 12 69 38 48 51 22 95 9 82 32 82 83 38 3 65 73 96 83 16 88 43 76 12 65 92 19 98 86 82 73 91 93 93 80 92 44 54 86 52 35 69 86 69 6 40 86 78 36 68 
46 75 62 21 38 27 64 8 24 1 90 48 43 34 41 22 26 36 27 63 39 14 32 76 82 89 68 67 19 55 86 64 29 48 36 66 74 51 74 49 3 15 48 45 48 40 18 73 27 45 
36 18 58 19 45 91 7 12 58 77 66 43 40 94 90 27 12 15 77 37 15 79 51 63 75 98 54 93 23 81 89 58 98 46 76 42 36 34 54 45 11 71 40 2 65 81 29 28 96 5 
64 62 36 14 76 10 63 30 54 85 10 42 94 59 39 69 52 27 55 57 23 65 28 62 66 44 43 94 71 90 51 34 51 86 99 27 47 13 8 53 98 69 46 43 27 85 12 30 63 66 
87 85 82 66 99 47 9 41 93 79 82 43 64 84 80 62 62 78 26 69 30 23 37 76 18 63 12 29 93 26 46 31 10 79 96 60 77 4 100 69 34 33 63 97 17 94 10 78 72 35 
47 53 10 83 28 27 98 91 7 42 16 4 24 78 82 19 37 58 74 37 27 7 21 41 55 37 35 64 67 6 50 13 58 59 47 38 37 96 28 43 89 44 46 12 21 27 82 57 37 7 
45 63 13 66 55 19 54 89 82 20 46 84 84 56 42 31 45 31 78 24 73 67 19 71 30 91 49 64 48 85 70 44 99 83 61 54 53 15 94 35 86 92 70 70 99 63 52 43 93 29 
66 66 47 85 88 77 75 36 40 74 21 61 70 19 43 82 24 96 96 18 82 34 9 3 3 59 65 54 1 58 82 18 75 81 2 62 57 29 97 48 54 69 8 23 40 3 57 63 50 52 
32 83 85 92 85 39 50 49 92 50 58 26 68 32 6 21 93 14 1 42 13 7 10 72 81 49 26 37 64 27 89 95 61 25 87 97 16 36 46 59 38 55 84 57 87 41 29 31 6 30 
1 1 1 1 1 1 1 0 0 0 1 0 1 1 0 1 0 1 0 1 0 1 1 1 1 1 0 0 0 1 1 1 1 0 0 0 1 0 0 1 0 1 1 1 1 0 0 1 1 1 
0 1 0 1 1 0 1 1 0 1 0 1 0 1 1 1 1 0 1 0 0 1 1 1 1 0 1 1 1 1 0 1 0 1 1 1 1 0 0 1 1 1 0 1 0 1 0 0 1 1 
0 1 1 1 1 0 0 0 1 1 1 0 1 0 1 0 1 0 0 0 1 1 1 1 0 1 0 1 1 1 0 1 1 1 1 0 1 1 0 1 0 0 1 1 0 0 1 1 0 1 
1 1 0 0 0 1 0 0 0 1 1 0 1 0 0 0 0 1 1 1 0 1 1 1 1 1 1 0 0 1 0 0 0 0 0 0 1 0 0 1 0 0 0 1 0 0 1 1 1 0 
0 0 1 1 1 0 0 1 1 0 0 1 0 1 1 1 1 1 1 0 0 1 0 0 0 0 0 1 1 0 1 1 0 1 0 1 1 0 0 0 1 1 1 1 0 1 0 1 0 0 
1 0 1 1 1 0 0 1 1 1 1 1 1 1 0 1 1 1 0 1 0 1 0 1 0 0 0 1 0 0 1 1 1 0 1 0 0 1 1 0 0 1 1 1 0 1 1 1 0 1 
1 0 0 1 0 0 0 0 1 0 1 0 1 0 1 0 0 1 1 1 1 0 0 0 1 1 1 0 0 0 1 1 0 1 1 0 0 1 1 1 1 0 0 0 0 1 1 0 0 0 
1 0 0 0 0 0 1 0 0 1 0 0 1 0 1 0 1 1 1 0 1 0 0 1 0 0 0 1 0 0 0 1 0 0 1 1 0 0 1 1 0 1 1 1 1 0 1 0 0 0 
0 1 0 0 0 0 0 0 0 0 0 0 0 1 0 1 0 1 0 1 0 0 0 1 1 1 1 0 0 1 0 0 0 0 1 0 0 1 0 0 0 1 0 0 0 1 1 0 0 1 
1 0 1 1 1 0 0 0 0 0 0 0 1 0 0 0 1 1 1 1 1 1 0 0 1 0 1 1 0 1 0 1 1 0 0 0 0 1 0 1 1 0 1 0 1 0 0 0 1 0 
1 0 1 0 0 1 0 1 0 1 0 0 0 1 0 1 1 1 0 0 0 1 0 1 0 1 1 0 1 0 0 1 1 0 1 1 1 1 1 1 0 1 1 1 1 0 0 0 1 0 
0 1 1 1 0 1 0 0 0 0 0 0 1 1 0 0 1 1 1 0 0 0 1 0 1 0 0 1 1 1 1 1 0 0 0 0 0 1 0 0 1 1 0 0 0 1 0 1 0 1 
1 1 1 1 1 0 1 1 1 0 0 0 0 0 1 0 0 1 1 1 1 0 0 1 0 0 0 0 0 1 0 1 0 1 0 1 0 0 0 1 0 0 0 0 0 1 1 0 0 0 
1 1 1 1 0 1 0 1 0 0 0 0 1 0 1 0 1 1 0 1 1 0 1 1 1 1 0 0 1 0 0 1 1 1 0 1 1 0 0 1 0 0 1 0 0 0 0 1 0 0 
0 1 0 1 0 1 0 0 1 0 0 0 1 1 1 1 0 0 0 1 1 0 1 0 0 0 1 0 1 1 0 0 0 1 1 0 0 0 0 0 0 0 0 1 1 1 0 1 0 0 
0 1 1 0 0 1 0 1 0 1 0 0 1 0 1 1 0 0 1 0 0 1 0 0 0 1 1 0 0 1 1 1 1 0 1 1 1 1 0 1 0 0 0 0 0 1 1 0 1 0 
0 1 1 0 1 1 1 1 1 1 0 0 0 1 0 1 0 0 0 0 1 1 0 1 1 0 1 0 0 0 0 0 0 1 0 1 0 1 0 1 1 1 0 1 0 0 1 1 0 1 
1 0 0 0 1 1 0 0 1 1 1 1 1 1 0 0 0 0 1 1 0 0 0 0 0 0 0 1 1 1 0 1 1 1 1 0 0 1 1 0 0 0 1 0 1 0 0 1 0 1 
0 0 0 0 0 0 1 1 1 0 0 1 1 1 0 0 1 1 0 0 1 0 0 0 0 1 0 0 1 1 0 1 1 0 0 0 0 1 1 1 1 1 0 1 0 1 1 1 0 1 
0 1 0 0 1 0 0 0 1 1 1 1 0 0 1 0 0 1 1 1 0 1 0 0 0 0 1 1 0 1 1 0 0 1 0 0 1 0 0 0 1 1 1 0 1 0 0 0 1 0 
1 1 1 0 0 1 0 1 0 0 1 1 0 1 0 1 1 0 1 1 0 1 0 0 1 0 0 1 0 0 1 1 1 0 1 1 1 0 1 0 0 0 1 1 1 0 0 1 0 1 
0 0 0 1 0 1 1 1 1 1 1 0 0 0 1 0 0 0 0 1 0 0 1 0 1 0 0 1 1 0 1 0 0 1 1 1 1 0 0 0 1 1 0 1 1 1 1 1 0 1 
0 0 0 1 0 1 0 0 1 1 0 0 1 1 1 0 0 0 0 0 0 1 1 1 1 0 0 0 0 0 0 0 1 0 0 1 1 0 0 0 1 0 0 1 1 0 1 1 0 0 
1 1 1 0 0 0 1 0 1 1 1 1 1 0 1 1 1 0 1 1 1 1 0 1 0 1 1 1 1 0 1 0 1 1 1 1 1 0 1 0 1 0 1 0 0 0 0 0 1 1 
1 0 0 1 1 0 1 1 0 0 1 1 0 0 0 1 1 0 1 0 0 0 1 0 1 1 0 1 1 1 0 1 1 1 0 1 1 1 0 1 1 1 1 0 1 1 1 0 1 1 
0 0 1 1 0 0 1 0 1 0 0 0 1 1 1 0 0 0 1 0 0 1 1 1 1 0 0 0 0 0 1 1 0 1 0 0 1 1 0 1 0 0 1 1 0 0 1 0 0 1 
1 0 0 0 1 1 1 0 1 1 0 1 0 0 0 1 0 1 0 0 0 0 1 1 0 1 1 1 1 0 0 0 0 0 1 0 1 0 0 1 1 0 0 0 0 0 1 0 1 1 
0 0 0 1 1 0 0 1 1 0 1 0 0 1 0 1 1 0 1 1 1 1 1 1 1 1 1 0 1 0 1 0 0 1 1 0 1 0 1 1 0 0 1 0 1 1 0 1 1 1 
0 0 0 0 1 1 1 0 1 1 1 1 1 1 0 0 1 0 0 0 1 0 0 0 1 0 1 1 1 1 0 1 1 1 1 1 0 1 1 0 0 0 1 1 0 1 1 1 1 0 
0 0 0 0 0 1 0 0 0 1 1 1 1 0 0 0 1 0 1 1 0 1 1 1 0 1 1 0 1 0 0 1 1 0 1 1 0 0 1 0 1 0 1 0 1 1 1 0 0 0 
1 0 0 1 0 0 0 1 0 1 1 0 0 0 1 0 0 1 0 1 1 1 0 1 0 1 0 1 1 0 1 1 1 1 0 1 0 0 0 0 0 1 1 0 0 0 0 0 1 0 
1 0 0 1 1 0 0 0 1 0 0 0 1 1 0 1 0 0 1 0 0 1 0 1 0 0 1 0 0 0 1 1 1 1 1 0 1 1 0 0 1 1 0 0 0 0 1 1 0 1 
1 1 0 1 0 0 1 0 1 1 0 0 1 1 1 0 0 0 1 0 0 1 1 0 1 0 1 1 1 1 0 0 0 0 0 1 1 1 1 0 1 1 0 0 1 1 0 1 1 1 
1 1 0 1 1 0 1 0 1 0 0 1 0 0 1 0 1 0 0 0 0 1 0 0 1 1 1 1 0 0 0 1 1 1 0 1 1 1 1 0 1 1 1 0 0 0 0 1 1 0 
0 1 1 0 0 0 1 1 1 1 0 0 0 1 1 1 0 0 0 0 0 0 1 1 0 1 1 0 1 0 1 1 0 0 1 0 1 0 1 0 1 1 0 1 1 1 0 1 1 1 
1 1 1 1 0 1 0 0 1 1 0 0 0 0 1 1 0 0 1 0 0 0 1 1 0 0 0 0 0 0 1 1 1 0 0 0 1 1 0 1 0 0 1 1 1 0 0 1 0 0 
1 1 0 1 0 0 1 0 1 1 0 0 1 0 1 1 0 0 0 0 1 1 0 1 0 1 1 0 1 0 0 0 1 1 1 1 1 1 1 0 0 0 1 1 0 0 1 0 0 1 
0 0 0 0 1 0 0 0 1 1 0 1 1 1 0 1 0 0 0 0 0 0 0 1 0 0 1 1 0 0 0 0 0 1 0 1 1 0 1 0 1 0 0 1 1 0 0 0 0 0 
0 1 0 0 0 0 0 0 1 0 0 0 0 0 1 0 1 0 1 0 1 0 0 1 1 0 1 1 0 0 1 0 1 0 0 1 0 0 1 0 0 1 0 0 1 1 0 0 1 1 
1 0 0 1 1 1 1 1 1 1 1 0 1 0 0 1 1 1 1 1 1 1 0 1 1 0 0 0 0 1 1 1 0 1 1 1 1 0 0 0 0 1 0 1 1 1 1 1 0 0 
0 1 0 0 0 1 0 0 1 1 1 1 0 1 0 1 1 1 0 1 1 0 1 0 1 0 1 0 1 1 1 1 0 1 0 0 0 0 0 0 1 1 1 0 1 1 1 0 1 1 
1 0 1 0 0 1 1 1 1 0 0 0 0 0 1 0 0 0 0 0 0 0 0 1 0 1 0 1 1 1 1 0 0 0 1 0 1 0 0 1 0 0 1 0 1 1 0 1 1 1 
0 1 1 0 0 1 1 0 0 0 0 1 0 0 0 1 0 1 1 0 0 0 1 0 0 0 1 1 1 0 0 1 1 1 1 1 0 0 1 0 0 1 0 1 1 0 0 0 1 0 
0 0 0 1 0 0 1 1 1 1 1 1 0 0 0 0 1 0 0 0 1 1 0 1 0 1 1 0 1 0 0 0 0 0 1 0 1 1 1 0 0 0 0 0 0 0 0 1 1 1 
0 0 0 0 1 0 1 0 0 1 0 1 1 1 1 0 1 0 1 1 1 1 1 1 0 0 1 0 1 0 1 1 0 1 1 1 1 1 1 0 0 0 1 1 1 0 1 0 1 1 
1 0 0 1 1 0 1 0 1 0 1 0 0 1 0 1 1 1 0 0 1 0 0 0 1 1 1 1 0 0 0 1 0 0 0 1 1 1 1 0 0 0 0 0 0 0 1 1 0 0 
1 1 0 0 0 0 1 1 1 1 1 1 1 1 1 1 0 0 1 1 0 1 0 1 1 0 1 0 1 1 0 0 1 1 0 1 1 0 0 0 1 1 1 0 0 0 0 0 1 1 
1 1 0 1 0 1 1 0 1 0 1 0 1 0 1 1 1 0 1 1 0 1 0 1 1 0 1 1 0 0 0 0 0 0 1 0 1 1 0 1 1 0 1 0 0 0 0 0 0 1 
1 0 0 0 1 0 0 0 1 1 1 0 1 1 0 0 1 0 1 0 1 1 0 0 1 0 0 1 0 0 1 0 0 1 0 1 1 0 1 1 1 0 1 0 1 1 1 1 1 0 
1 0 1 1 0 1 1 0 0 0 0 1 0 0 1 0 1 0 0 1 1 0 1 0 0 1 0 1 0 1 0 1 0 1 0 0 0 1 1 1 1 1 0 1 0 1 1 1 0 0 
0 1 0 0 0 0 1 0 0 1 1 0 0 1 1 0 0 0 1 1 1 1 0 1 0 0 1 0 0 1 0 0 0 0 0 0 0 1 0 0 0 0 0 0 1 0 0 1 0 0 
0 1 1 1 0 1 1 1 1 1 0 1 0 1 1 0 1 0 0 0 0 0 0 1 1 1 1 1 1 1 1 1 0 0 0 0 0 0 0 1 1 0 1 1 1 0 0 1 0 0 
1 1 0 1 0 1 0 1 1 1 0 0 1 0 1 1 0 1 1 0 0 1 1 1 0 0 0 0 1 0 0 0 1 1 1 1 0 0 0 1 1 0 0 0 0 1 0 1 0 1 
1 0 0 0 0 1 1 0 1 0 0 0 1 0 1 0 1 1 0 0 1 0 0 1 0 1 0 0 0 0 0 1 0 0 0 0 1 1 0 1 1 1 1 0 1 0 1 0 1 1 
0 0 1 1 1 0 0 1 0 0 1 0 1 0 1 1 0 0 0 1 1 0 0 0 0 1 0 1 1 0 1 0 0 0 1 0 0 1 1 1 1 1 1 0 1 0 0 1 1 0 
