52 46 750
67 28 76 85 62 97 91 63 84 36 55 7 25 55 24 41 9 54 40 55 11 46 83 30 26 21 80 90 28 53 39 95 32 14 31 93 62 21 8 98 8 62 56 84 17 31 
76 25 84 16 31 95 61 13 76 38 85 55 79 13 59 17 59 90 82 41 35 96 61 42 45 20 55 52 55 71 82 30 48 17 45 30 11 58 43 86 47 79 93 26 91 51 
94 1 93 28 93 27 75 53 20 19 24 74 22 78 97 3 8 44 19 4 73 82 13 67 67 60 46 11 37 88 14 30 41 6 9 33 84 83 38 55 1 61 28 22 91 76 
76 50 19 95 53 44 76 66 10 94 77 7 5 13 47 70 94 87 27 3 71 10 85 8 16 38 21 43 59 63 71 87 12 89 81 16 84 8 81 94 1 9 52 57 21 98 
78 15 36 4 17 7 13 1 66 80 38 38 75 49 100 45 35 63 33 67 79 17 74 11 62 26 20 65 35 40 15 12 6 50 16 22 8 80 75 26 60 64 63 34 12 15 
78 98 77 62 16 55 30 41 66 43 67 85 8 53 76 22 64 82 23 31 55 31 11 29 56 22 93 70 7 56 84 84 54 61 97 21 67 27 62 32 69 28 68 28 32 44 
49 95 77 24 26 31 6 88 60 61 9 52 82 67 59 66 50 64 78 98 85 44 24 46 28 45 25 47 24 56 90 25 2 66 48 79 49 53 66 8 65 26 11 46 92 69 
63 93 85 92 91 69 88 66 14 15 62 90 13 86 45 3 10 98 20 9 77 20 61 42 27 25 20 89 22 63 10 85 56 94 76 98 62 15 15 27 29 77 16 94 14 12 
96 75 9 67 83 37 87 43 31 65 19 50 6 40 64 15 76 19 8 4 68 21 18 83 47 99 11 14 92 76 77 39 50 85 57 32 74 95 26 4 60 44 5 65 83 68 
79 11 39 38 14 6 58 31 40 4 29 50 69 20 25 45 58 74 81 15 57 54 9 82 57 20 25 61 84 60 81 14 70 19 3 35 24 60 65 64 15 94 65 83 65 42 
27 23 67 8 89 24 13 97 5 70 17 82 82 52 93 14 18 14 32 20 48 8 32 12 23 46 57 87 29 22 28 7 96 47 14 84 70 79 80 26 48 48 59 81 100 51 
95 69 16 78 88 63 85 19 27 7 17 35 94 45 8 73 3 3 71 69 86 40 47 18 18 46 17 76 26 16 79 72 36 94 50 76 9 34 94 87 41 62 73 86 6 81 
10 61 35 81 29 73 72 75 90 41 20 6 17 97 74 47 69 61 92 70 36 52 55 82 90 47 43 63 84 1 95 94 61 29 26 89 1 49 15 42 90 34 100 58 82 25 
4 2 85 95 71 21 47 26 2 36 72 44 50 56 44 44 1 4 25 78 44 77 26 58 19 67 43 70 24 25 94 79 26 30 74 49 50 72 74 3 59 97 99 61 52 42 
4 4 98 80 81 93 57 59 51 27 25 93 48 1 69 41 79 47 22 4 95 72 27 68 26 86 16 24 98 68 66 1 23 15 33 4 7 89 14 9 67 38 54 14 38 22 
6 69 68 27 72 14 50 99 81 76 36 49 99 33 16 16 85 90 82 17 93 41 57 6 49 75 96 2 88 85 24 93 53 43 20 77 57 21 27 89 96 14 37 47 46 4 
14 82 94 96 51 38 88 59 96 36 34 91 38 21 27 13 66 32 55 37 8 63 57 86 4 5 99 40 3 96 96 16 77 41 63 79 78 50 38 73 86 23 15 75 95 42 
87 60 25 93 96 32 56 5 69 11 61 67 50 63 62 97 78 90 37 93 21 15 94 10 39 31 32 6 5 26 99 43 38 23 36 85 6 43 89 74 53 49 92 54 63 53 
51 93 94 39 85 66 53 78 75 44 61 6 49 65 84 99 8 21 21 95 57 26 89 98 51 41 46 42 46 61 46 48 53 91 87 37 57 91 66 31 34 26 89 34 43 72 
32 2 44 52 96 52 29 36 49 79 76 47 72 73 7 69 21 59 60 7 47 16 97 12 98 83 90 86 16 84 9 48 85 4 51 32 56 32 67 4 62 94 50 34 18 56 
2 38 66 61 96 12 28 45 24 26 27 65 63 94 48 24 41 84 27 44 15 34 75 33 90 36 78 39 21 95 47 75 33 12 87 80 24 15 24 99 92 50 63 54 44 62 
29 36 45 56 31 11 41 57 95 30 45 72 21 65 66 67 39 98 30 26 78 53 92 53 3 83 3 17 88 98 78 69 85 74 76 16 84 16 24 30 46 68 1 66 33 67 
84 23 16 13 100 45 18 43 98 20 77 100 37 17 49 66 85 33 40 60 100 75 75 24 5 72 91 5 89 75 23 72 50 39 85 1 83 2 44 80 73 20 31 9 36 79 
75 72 64 66 31 63 40 58 38 96 29 81 53 18 55 75 89 56 13 25 57 96 78 100 27 51 71 58 59 59 36 85 30 51 50 61 14 42 18 3 89 98 83 41 15 90 
68 56 45 80 80 53 27 58 4 54 8 27 11 18 85 98 55 14 49 56 26 14 49 95 16 38 93 51 30 59 40 97 66 36 29 98 41 55 55 44 60 14 70 22 83 6 
20 37 20 20 93 97 33 41 44 100 30 88 50 60 46 41 8 64 77 36 61 17 43 67 12 2 80 34 24 14 39 95 51 10 14 95 59 98 87 2 97 17 89 47 28 86 
87 35 49 15 23 9 83 65 75 47 18 6 80 93 20 70 39 22 80 52 16 38 49 54 39 98 70 79 44 97 64 82 84 65 49 6 73 83 22 100 29 91 57 60 36 28 
30 74 49 61 78 16 98 78 70 88 75 91 66 70 88 81 52 23 45 52 80 70 34 1 21 15 43 77 74 78 5 55 52 5 15 29 73 12 6 42 51 33 32 68 2 71 
49 5 45 45 56 24 14 90 76 86 56 19 15 29 96 71 36 99 75 50 27 47 14 85 40 64 69 24 84 70 94 32 75 91 28 30 14 94 71 90 79 26 8 93 7 55 
15 42 54 90 43 32 88 56 16 28 72 36 3 55 6 96 38 80 38 65 61 52 10 32 41 89 9 100 33 67 54 48 8 7 89 51 39 76 58 6 55 29 42 57 83 99 
5 20 78 42 37 90 45 46 21 37 86 82 36 71 48 42 18 56 48 58 58 38 85 15 96 40 44 89 48 78 87 4 50 16 98 38 5 42 83 78 79 21 59 66 91 58 
7 60 13 7 17 22 44 1 89 91 92 32 79 92 61 17 47 10 84 44 47 89 38 82 18 68 54 28 85 44 85 92 55 50 98 71 71 93 23 11 84 67 42 14 58 55 
83 4 16 66 100 63 6 89 96 23 8 49 2 92 44 87 83 98 36 32 20 58 25 42 69 60 60 62 25 17 16 7 73 84 25 24 46 82 12 93 57 19 93 58 10 36 
44 45 85 31 76 4 41 52 97 9 63 57 22 40 25 90 98 49 73 22 72 70 4 83 14 60 53 6 69 15 93 13 59 77 95 86 32 35 90 80 95 52 88 17 43 65 
58 41 13 30 62 85 51 17 19 64 28 24 69 97 38 13 61 48 89 55 33 72 42 22 51 36 26 91 4 68 55 61 8 67 42 22 3 92 90 22 7 70 45 75 66 34 
39 78 81 27 32 13 50 73 87 1 61 64 91 64 83 45 25 91 63 18 64 66 62 5 87 68 74 83 95 91 16 33 20 48 60 52 12 61 76 98 61 88 13 3 52 96 
99 28 38 62 45 1 79 6 57 17 74 83 99 20 25 66 52 45 65 63 48 76 24 75 74 36 63 86 39 14 33 89 93 70 2 37 22 80 95 79 96 20 13 46 39 37 
63 90 33 27 53 80 55 28 55 80 63 17 17 1 82 50 42 74 19 43 62 41 75 8 19 70 79 83 68 17 19 82 59 52 61 63 83 15 90 37 94 52 5 10 5 86 
59 46 11 78 40 25 70 14 32 40 36 11 22 3 79 40 36 89 43 96 51 26 10 92 14 55 96 19 65 100 56 75 97 19 4 88 43 73 2 74 12 37 36 85 91 67 
25 78 55 67 74 58 44 35 1 58 90 96 76 6 47 83 32 95 1 88 83 95 12 84 69 76 72 56 60 14 22 84 91 29 3 16 86 98 51 86 55 92 82 82 49 80 
65 80 75 17 67 57 12 79 92 32 6 63 39 65 28 61 1 70 89 3 86 26 100 88 11 7 79 44 88 27 24 4 58 98 73 77 6 84 7 97 67 12 11 5 76 38 
17 76 59 57 30 44 82 82 83 93 88 61 88 27 39 11 31 49 60 3 25 65 38 31 61 4 94 71 60 69 60 77 97 19 33 78 14 15 59 97 59 46 9 46 25 100 
9 55 48 68 9 24 33 46 6 45 1 99 16 60 19 27 36 67 45 21 45 59 87 3 7 97 1 15 94 25 66 2 31 13 22 39 88 54 36 93 98 36 43 65 47 62 
92 35 28 88 55 24 98 93 27 4 89 79 71 82 3 88 36 85 1 57 23 40 10 58 33 59 45 75 76 91 88 19 25 68 6 31 91 56 23 17 11 11 47 33 45 1 
21 80 85 73 36 59 12 97 16 44 7 12 71 82 55 10 100 79 77 58 62 68 65 84 36 75 47 83 8 43 35 80 22 20 52 9 78 63 5 46 59 11 57 81 45 11 
90 96 42 67 5 3 86 69 38 73 44 84 55 3 26 90 82 99 61 85 7 38 47 63 83 57 26 92 37 70 54 79 17 47 97 22 49 82 90 87 54 85 22 61 39 100 
2 72 98 62 56 57 51 55 19 34 11 96 77 100 65 30 78 34 77 74 55 77 7 96 15 60 33 89 72 71 88 73 95 37 34 50 45 85 56 64 70 19 59 98 18 76 
79 47 9 55 72 15 84 78 10 50 89 42 38 61 65 77 33 59 66 19 60 10 55 68 73 76 86 84 73 55 11 51 1 71 58 24 85 41 53 46 42 41 88 80 53 4 
8 38 14 73 56 73 83 62 92 7 37 77 42 9 31 52 11 83 74 68 6 58 60 10 4 2 51 43 33 3 98 40 92 11 13 99 35 95 60 27 1 48 55 43 8 86 
46 19 20 20 86 78 29 98 87 84 51 37 26 83 92 75 22 83 85 86 82 72 80 93 98 33 41 52 27 48 89 72 18 9 43 56 86 72 53 24 55 3 61 33 85 4 
59 58 38 44 44 71 15 75 16 64 59 56 67 85 55 56 9 73 16 3 28 1 74 32 24 81 34 36 65 70 91 23 79 29 18 74 51 84 49 66 47 59 73 14 44 28 
69 4 52 84 6 79 36 32 62 11 64 95 99 28 16 41 2 94 21 20 68 72 3 68 89 50 26 62 15 21 89 35 76 92 70 82 70 57 65 31 19 28 77 17 7 44 
1 1 0 1 0 1 0 1 0 1 0 0 0 0 0 0 0 0 1 1 1 0 1 1 0 1 0 0 0 0 1 1 1 1 0 0 1 1 1 1 0 1 1 0 1 0 
0 1 0 1 0 1 1 1 0 1 0 0 1 0 0 0 1 1 1 0 1 0 1 0 0 1 1 1 1 0 1 1 1 1 0 1 0 1 0 0 0 1 0 1 1 0 
1 1 0 0 1 1 1 0 0 1 1 1 0 0 0 0 1 1 1 1 1 0 0 1 0 0 0 1 1 0 1 0 1 1 0 0 1 1 0 1 0 1 0 1 1 0 
1 0 0 0 1 1 0 1 0 1 1 1 0 0 1 1 0 0 1 0 0 0 0 0 1 0 1 1 1 0 0 0 0 0 1 1 1 1 0 1 0 1 0 0 1 1 
0 1 1 1 1 1 1 1 1 0 0 0 1 1 0 1 0 0 1 1 1 0 0 1 0 1 0 0 1 1 0 1 0 1 0 0 1 1 1 0 1 1 1 1 1 1 
0 1 0 0 0 1 0 0 1 0 1 1 1 1 1 1 0 1 0 1 1 1 0 1 0 0 0 1 1 1 0 1 0 0 1 0 0 0 1 1 0 0 0 1 1 1 
0 0 1 1 1 0 0 1 1 0 1 0 1 0 1 0 0 0 0 1 0 0 1 1 1 0 0 0 1 1 1 0 1 0 1 0 1 1 0 0 0 1 0 1 0 0 
1 0 0 0 1 0 0 1 0 0 1 0 0 0 1 1 0 1 0 1 1 1 1 1 1 1 1 0 0 1 0 0 1 0 0 0 0 0 1 0 0 0 0 0 1 0 
0 1 1 0 1 0 1 0 0 0 1 1 0 1 0 0 1 1 0 1 1 1 0 1 1 0 1 0 1 0 0 1 0 1 1 1 1 0 1 1 0 0 0 1 1 0 
1 1 1 0 0 1 1 0 0 0 1 1 0 0 0 0 1 0 1 0 1 1 0 0 0 0 0 1 1 1 1 1 0 1 1 1 0 0 1 0 0 0 1 1 0 1 
1 1 1 1 1 0 0 1 0 0 0 0 1 1 0 1 0 0 0 1 1 0 1 1 0 0 1 1 1 0 1 0 1 0 1 1 1 1 0 1 0 0 0 1 0 0 
0 0 0 0 0 0 0 1 1 0 1 0 0 0 0 1 1 0 1 0 1 0 0 1 0 0 0 0 1 0 0 0 0 0 0 0 0 1 0 1 1 1 0 1 0 0 
0 1 0 0 1 1 0 1 1 0 1 1 0 1 1 0 1 1 1 1 0 1 0 0 1 0 1 1 1 1 1 0 0 0 0 0 1 0 1 0 1 1 1 1 0 0 
0 1 0 1 0 0 0 1 0 1 1 1 0 0 1 0 0 1 0 0 1 1 1 1 0 0 0 1 1 0 0 1 1 0 0 1 0 1 0 0 0 1 1 1 0 0 
1 0 0 1 1 1 0 0 0 0 0 0 0 1 0 0 1 1 0 1 1 0 0 1 0 1 1 1 0 1 0 1 1 0 0 0 1 0 0 0 1 0 0 1 0 1 
1 1 0 1 0 1 1 1 1 1 0 0 0 0 1 0 1 0 0 1 1 0 1 1 0 0 0 0 1 0 1 0 1 0 1 1 1 0 0 0 1 0 0 0 0 1 
0 1 0 1 0 1 1 0 0 1 0 0 1 0 0 1 0 1 1 0 1 0 0 1 1 0 0 1 0 0 1 0 0 1 1 0 0 0 0 0 1 1 1 1 1 1 
0 1 1 1 1 0 1 0 1 0 0 1 0 0 0 1 0 0 0 0 0 0 0 1 0 0 0 1 1 1 1 1 0 0 0 0 0 1 0 1 0 0 1 0 0 1 
1 0 1 1 0 1 1 1 0 1 1 0 1 0 1 0 1 0 0 1 0 0 0 0 1 0 0 0 0 0 1 1 0 0 0 1 0 1 0 0 1 1 1 0 1 0 
0 0 0 0 1 0 0 1 0 1 0 0 0 0 0 1 0 1 0 0 0 0 0 0 0 1 1 1 1 0 0 1 0 0 1 1 1 1 0 1 0 0 0 0 1 0 
0 1 1 0 1 1 0 1 1 0 0 0 0 1 0 0 0 0 0 1 1 1 0 0 1 1 0 1 1 1 1 1 0 1 1 0 0 1 1 0 0 0 0 0 1 1 
0 0 1 0 1 1 0 0 1 1 1 1 0 0 1 1 0 1 0 1 1 1 1 1 1 1 1 1 1 0 0 1 0 0 1 0 1 1 0 0 0 1 1 0 1 0 
0 1 0 0 1 1 1 0 0 0 1 1 0 0 0 0 1 0 0 0 0 1 0 0 1 0 1 1 1 1 1 1 0 1 1 1 1 1 1 1 1 0 1 1 0 1 
0 1 1 0 0 0 0 0 0 1 0 0 0 1 1 0 0 1 1 0 1 0 1 0 0 0 1 1 0 1 0 0 1 1 0 1 1 0 1 0 0 1 0 0 1 1 
0 1 0 0 1 1 0 0 0 0 1 1 1 1 0 1 1 1 1 1 0 0 0 1 0 0 1 0 0 0 1 1 1 0 1 1 1 1 1 1 0 0 0 1 1 1 
1 0 0 0 0 1 0 0 0 1 0 1 1 0 1 1 1 1 1 0 0 0 0 1 0 0 0 0 1 1 1 0 0 0 0 0 1 1 0 1 0 0 1 1 0 0 
0 0 1 1 0 1 0 0 1 0 0 1 0 0 0 0 0 0 0 1 0 1 0 0 0 0 0 1 1 1 0 0 1 1 1 1 1 1 0 0 1 0 1 0 0 1 
0 1 0 0 0 0 1 0 1 1 0 1 1 1 0 1 1 1 0 1 1 1 0 1 1 0 1 0 0 0 0 0 1 0 0 1 0 1 1 1 0 1 1 1 0 1 
0 0 1 1 1 0 0 1 1 0 1 0 0 1 0 0 1 1 0 1 0 1 0 1 0 1 0 1 0 1 1 1 1 0 0 0 0 0 1 1 0 1 1 1 0 0 
1 0 1 0 1 0 1 0 1 1 1 0 1 1 1 0 0 0 0 0 0 0 1 1 1 1 0 0 0 1 0 0 1 0 0 0 0 1 0 1 0 1 1 1 1 0 
1 1 0 1 0 0 1 1 0 0 0 0 1 1 1 1 1 0 1 1 1 1 0 1 1 0 1 0 0 0 1 1 1 1 1 1 0 0 0 0 1 1 0 0 0 0 
1 1 0 1 0 1 0 0 1 1 0 0 0 0 0 1 0 1 0 1 1 0 1 1 0 0 0 1 0 0 1 0 1 1 1 1 1 1 1 0 1 0 0 1 0 0 
0 0 1 0 1 0 1 1 0 1 1 0 0 0 1 1 0 0 1 1 0 0 0 1 0 1 1 0 0 0 0 0 0 1 1 0 0 0 1 0 1 0 0 0 0 1 
1 0 0 0 1 0 0 0 1 0 1 1 0 0 1 0 0 1 0 1 1 0 1 0 0 1 1 0 1 1 0 0 0 0 1 1 0 1 1 1 0 1 0 0 1 1 
1 1 1 1 1 0 1 0 1 1 1 0 1 0 1 1 1 1 1 0 1 1 1 0 1 1 1 1 0 0 1 1 0 0 0 1 0 1 1 1 0 1 1 1 1 1 
1 0 0 0 0 1 0 0 0 1 1 1 0 1 0 1 0 0 1 0 1 0 1 0 1 1 1 1 1 1 0 0 1 0 0 0 0 0 0 0 1 1 1 0 1 1 
1 1 1 1 0 0 1 1 1 0 1 0 1 0 1 1 0 1 0 0 1 0 1 1 0 0 0 1 0 1 1 0 1 0 1 1 1 0 0 0 0 1 0 0 1 0 
1 1 1 1 0 0 1 1 1 1 1 1 1 0 1 0 0 0 0 1 1 1 1 1 1 1 1 0 1 0 0 1 0 1 0 0 1 0 1 0 1 0 1 0 0 0 
0 0 0 1 1 1 0 0 1 0 0 0 0 1 0 0 0 0 1 1 0 0 1 1 0 0 0 1 1 0 0 1 1 0 0 0 0 1 1 1 1 1 1 1 0 1 
1 1 0 0 0 0 0 1 0 0 1 0 1 0 0 1 0 1 0 0 0 0 1 1 1 0 0 0 1 0 1 0 1 1 0 1 0 0 0 0 0 0 0 0 0 0 
1 0 0 1 1 0 1 0 1 0 1 1 0 0 1 0 1 1 1 1 0 1 0 1 1 0 1 1 0 1 0 0 0 0 1 1 0 1 1 1 1 0 0 0 1 1 
0 0 0 1 1 1 1 1 0 0 0 1 0 0 0 0 0 0 0 0 1 0 1 1 1 0 1 1 0 0 0 0 0 1 0 0 0 1 1 0 1 1 1 1 0 1 
1 0 0 1 0 1 1 1 0 0 0 0 1 0 0 0 1 1 1 1 1 1 0 0 1 1 0 0 1 0 1 0 0 1 0 1 1 1 0 1 0 0 1 1 1 0 
1 0 1 0 1 0 1 1 0 0 0 0 0 1 0 0 0 1 1 0 0 0 1 0 0 1 1 1 1 0 1 0 0 0 1 1 0 0 0 1 1 0 1 1 0 0 
1 0 1 1 0 1 1 1 1 1 1 0 1 0 0 0 0 0 1 1 1 1 0 1 0 1 0 0 0 0 0 0 0 1 1 0 0 0 1 1 0 0 0 1 0 0 
1 1 1 0 0 0 0 0 0 0 1 0 0 0 0 0 0 0 1 1 0 1 1 1 1 1 0 1 0 0 1 0 1 0 0 0 1 0 0 1 1 0 1 1 0 1 
0 0 1 1 1 1 1 0 0 0 0 0 1 0 1 0 0 0 1 1 0 0 1 1 1 0 1 0 0 1 1 0 1 0 1 0 1 0 0 1 0 0 0 1 1 1 
0 1 1 1 0 0 1 0 1 0 0 0 0 0 1 1 0 0 1 0 0 0 0 0 1 1 1 1 0 0 0 0 1 0 1 0 0 0 0 1 0 0 1 0 1 0 
1 1 0 0 1 0 0 0 0 0 1 1 1 1 1 0 0 1 0 1 1 0 0 1 1 0 1 0 1 0 0 0 0 0 1 1 0 1 1 0 1 0 0 1 0 1 
1 0 0 1 1 1 1 1 0 0 0 0 0 1 0 0 1 0 0 0 0 0 0 1 0 1 0 0 0 0 0 1 0 0 0 1 0 1 1 0 1 1 0 1 0 1 
1 1 1 1 0 1 1 0 1 0 1 1 0 0 1 0 1 1 1 0 0 1 1 1 1 1 0 0 0 0 1 0 0 0 1 0 0 1 0 1 1 1 0 1 1 1 
0 1 0 1 1 0 0 0 0 1 1 0 1 0 1 0 0 1 1 1 1 1 0 1 0 1 0 0 1 0 1 1 1 1 0 0 1 0 0 1 1 0 0 1 0 1 
