70 69 4769
52 59 54 85 70 25 68 93 58 89 59 69 53 53 46 69 90 7 77 9 83 19 30 93 14 11 33 51 66 14 90 69 24 95 5 94 20 72 38 29 12 96 97 17 100 43 37 90 49 13 50 31 84 79 76 97 41 8 99 58 21 40 26 97 35 30 90 54 54 
27 82 17 74 31 85 73 73 22 14 73 86 63 56 69 93 31 65 85 90 16 94 63 55 71 59 89 1 100 42 6 26 76 74 51 6 11 75 30 32 89 54 69 3 9 38 48 91 54 84 81 69 78 43 24 48 53 12 100 52 6 57 29 81 83 79 38 93 53 
19 76 93 72 44 48 81 81 95 71 35 30 3 55 7 97 78 7 49 42 6 100 99 63 28 31 97 58 68 89 63 86 64 55 57 7 54 89 40 100 12 26 30 14 80 36 11 10 42 11 51 100 11 49 14 90 79 10 48 98 98 10 83 13 16 91 71 70 32 
10 69 43 35 98 56 67 86 18 76 79 29 26 78 91 26 91 80 4 100 79 1 49 88 35 61 4 77 32 25 8 41 45 50 28 43 58 94 80 27 69 58 7 46 88 97 71 78 29 26 30 7 78 30 95 12 91 50 40 22 26 48 14 70 49 93 64 58 38 
43 85 58 53 91 3 40 40 73 69 68 98 98 74 75 28 20 38 70 21 78 43 46 77 8 16 25 1 79 35 90 74 71 48 26 61 50 65 52 75 33 71 72 83 45 99 62 16 88 83 37 65 25 82 93 32 49 70 84 80 4 74 53 74 73 30 86 22 94 
38 96 78 8 20 12 4 70 25 20 57 7 8 74 83 41 66 15 90 35 50 21 90 75 25 63 47 54 1 69 99 90 16 76 49 87 40 53 56 16 24 65 23 31 38 5 71 55 71 12 42 73 84 31 47 8 46 94 61 46 14 59 35 81 87 35 68 78 87 
75 93 62 39 15 44 76 72 67 83 94 78 24 66 14 54 13 21 51 58 82 96 71 92 82 3 30 69 70 7 55 45 100 69 83 66 12 11 37 78 93 83 8 68 48 21 73 12 41 24 69 74 71 91 18 5 94 47 73 15 54 79 59 5 47 94 70 11 56 
59 88 100 41 47 67 88 67 39 100 60 62 20 85 85 11 54 89 56 1 61 70 6 39 81 10 38 26 31 48 81 89 87 32 29 34 98 17 52 88 68 63 2 39 100 86 49 53 26 56 5 86 78 10 76 58 71 13 83 54 60 15 42 47 46 71 32 95 39 
83 82 58 46 35 96 45 72 97 97 97 52 54 82 29 15 58 38 38 22 20 91 34 86 32 80 31 54 63 25 92 45 59 1 90 45 97 86 17 93 35 13 96 88 47 77 2 4 14 39 77 86 81 10 71 13 41 54 66 3 30 10 48 40 62 89 85 58 27 
1 2 61 65 50 100 11 26 53 66 91 44 43 28 24 52 51 88 45 56 6 47 85 15 46 25 76 35 61 86 13 61 39 25 25 88 76 36 65 28 1 8 23 95 35 99 47 37 86 91 92 43 89 29 9 35 53 37 21 13 22 33 25 60 9 1 100 84 88 
16 63 41 23 38 35 10 36 33 98 73 75 90 16 64 18 24 50 22 60 70 86 33 54 10 45 14 10 96 97 50 11 11 90 34 48 24 95 35 57 92 8 31 33 75 46 50 50 95 23 62 16 8 46 21 17 90 34 79 37 82 28 48 93 69 33 40 92 27 
27 100 70 34 83 3 60 28 4 9 75 27 22 42 34 68 63 3 57 48 81 46 30 60 93 22 28 25 13 71 3 39 71 24 24 5 26 83 32 30 44 58 56 65 100 41 84 62 43 93 9 75 38 90 34 30 63 13 6 28 36 60 18 6 83 42 10 9 76 
93 90 71 51 97 88 2 37 71 15 80 63 75 6 100 65 40 81 27 4 86 6 39 45 24 96 80 17 57 40 44 2 81 15 52 77 54 5 65 24 19 44 87 93 50 38 57 41 19 36 96 56 41 87 53 16 82 32 32 39 23 76 40 3 42 43 79 95 47 
43 18 17 39 56 9 40 94 18 32 64 53 27 19 45 13 23 61 95 54 92 85 76 19 76 30 60 70 8 54 68 3 72 84 41 79 44 80 24 61 11 87 13 89 58 10 2 80 70 48 86 13 84 13 32 11 43 91 80 50 97 99 52 20 34 44 98 77 75 
22 38 37 60 2 26 69 63 79 49 32 26 86 97 61 98 28 71 40 70 2 42 66 52 45 85 85 41 83 13 15 56 2 52 67 4 29 36 66 7 84 50 84 21 46 44 18 25 14 10 94 67 3 12 18 99 96 54 39 30 66 6 37 68 9 4 23 37 39 
40 43 74 89 26 94 86 69 63 10 34 24 56 52 78 67 69 77 14 22 67 96 39 72 32 6 32 35 28 68 25 68 10 98 8 87 43 94 7 58 55 92 81 10 43 59 28 63 87 94 36 53 89 75 77 20 80 8 7 60 76 31 27 37 81 86 76 23 79 
82 32 86 26 13 47 68 23 75 31 9 68 66 13 56 40 89 27 72 49 33 31 76 16 9 64 96 46 39 70 77 73 2 62 98 66 8 17 88 34 47 48 53 65 60 60 56 1 39 79 1 71 61 76 86 21 39 33 67 30 3 43 2 56 4 51 21 63 67 
60 49 66 59 1 82 18 13 89 70 51 68 70 21 28 45 59 49 36 43 15 65 97 57 18 52 12 68 24 26 86 35 74 3 93 75 84 63 39 73 32 89 40 54 61 19 50 71 67 85 14 33 49 10 41 18 14 52 85 89 78 23 24 51 25 68 77 9 30 
15 33 14 55 24 67 16 42 68 86 61 53 99 45 53 61 86 71 74 89 7 14 66 29 37 69 54 57 97 14 86 64 98 51 18 21 69 33 14 37 19 26 41 69 71 93 29 8 15 54 96 22 68 14 2 56 34 7 12 30 72 50 45 69 52 63 41 21 47 
7 57 17 84 97 86 6 41 66 13 56 72 61 29 39 74 30 46 59 89 10 88 60 11 85 81 62 47 21 34 45 79 90 62 63 38 47 68 79 64 33 86 35 93 66 25 18 95 71 76 35 32 15 95 94 99 75 55 97 47 89 42 26 30 55 40 20 1 59 
50 64 91 35 51 35 100 75 4 46 97 79 33 28 46 27 21 96 53 28 45 99 68 86 76 49 92 67 68 44 26 69 59 68 3 9 55 54 84 58 52 80 89 84 60 34 62 32 29 14 59 25 64 78 62 92 79 53 58 98 96 35 67 55 3 21 63 9 75 
46 66 78 78 6 61 37 39 22 68 20 87 79 44 50 56 6 93 86 10 51 84 6 37 50 60 91 70 74 99 96 20 17 73 49 22 85 85 13 6 52 32 44 30 27 46 38 84 38 23 94 40 58 51 77 7 10 67 29 35 18 24 54 34 49 2 55 33 38 
67 91 90 50 34 71 29 79 8 64 69 83 9 8 40 59 84 99 20 3 27 55 20 2 60 53 2 14 59 35 51 26 77 40 27 10 63 55 41 70 71 9 52 79 68 44 38 52 42 57 6 20 63 77 21 23 29 23 36 39 9 86 64 85 78 43 46 40 49 
86 61 19 46 65 98 14 8 35 17 1 43 74 20 6 50 40 80 78 14 15 16 22 52 32 58 81 26 4 20 74 41 33 93 87 97 90 52 56 76 68 8 70 41 27 75 42 18 6 71 32 20 86 5 24 69 63 4 94 66 76 68 6 8 12 44 56 1 95 
63 76 14 70 97 6 96 72 47 65 77 17 96 49 55 53 72 75 15 75 21 32 2 88 89 9 51 85 16 51 79 78 78 45 99 74 50 94 97 97 59 26 65 6 26 19 58 97 46 24 23 66 7 77 5 96 85 55 80 53 5 10 82 34 54 81 59 56 26 
56 4 84 33 68 42 58 39 51 6 84 27 80 49 33 56 53 80 93 59 11 45 63 73 26 48 78 58 6 33 84 13 36 19 45 56 60 54 46 63 59 81 89 39 81 21 46 85 53 38 43 63 34 57 87 12 4 65 69 9 97 52 74 85 23 18 92 82 24 
89 44 82 69 32 72 49 5 18 33 9 7 75 23 41 31 10 4 86 74 72 46 22 76 19 58 98 89 49 31 12 89 27 93 57 10 17 57 66 86 89 74 92 15 97 84 97 6 87 82 31 11 28 52 38 46 62 87 34 62 69 45 51 95 90 7 5 6 64 
22 91 4 96 34 19 92 70 67 49 56 49 79 18 76 82 7 73 43 45 7 5 14 3 55 60 44 13 16 1 28 38 43 32 33 77 2 76 46 68 24 53 68 54 23 43 87 29 16 82 26 74 86 39 28 92 98 72 56 14 72 84 51 67 67 35 43 20 10 
40 39 85 44 7 90 66 1 76 47 68 9 72 93 94 62 21 37 59 44 93 24 15 28 26 81 46 60 75 65 21 66 55 57 10 61 98 75 14 74 73 81 34 44 74 80 57 94 16 16 89 60 91 55 39 17 88 84 28 62 48 1 28 55 57 89 15 55 15 
28 80 88 61 65 83 34 44 40 79 60 7 67 71 97 21 10 65 60 93 45 22 93 45 1 47 53 41 13 59 55 93 90 42 53 55 77 38 98 16 68 9 22 34 80 70 6 89 35 18 81 31 39 25 75 91 71 79 31 84 38 37 76 79 31 80 33 7 17 
83 74 84 91 47 69 70 16 26 10 2 43 91 32 33 67 58 23 38 37 5 73 26 94 100 4 24 79 89 30 95 71 3 30 61 49 98 83 16 23 92 70 66 34 1 50 1 11 73 90 47 29 62 24 22 61 27 45 91 15 26 85 37 80 14 50 80 63 32 
96 85 23 65 2 9 17 52 9 27 76 98 25 56 11 48 30 23 27 26 13 93 52 49 82 31 14 31 63 76 62 58 12 36 74 66 44 42 69 4 21 96 53 45 51 63 45 32 37 23 58 49 67 9 49 48 91 62 78 53 89 39 62 1 27 87 18 70 29 
86 74 49 81 26 45 83 41 41 15 77 15 72 78 82 32 26 29 74 40 59 79 28 97 40 28 75 79 45 45 59 82 70 7 14 47 3 97 39 96 11 68 10 34 45 43 17 22 72 90 61 30 68 89 78 60 68 53 38 65 49 96 46 70 54 60 68 8 8 
7 55 70 74 65 3 70 59 19 91 30 60 4 11 28 44 41 39 11 45 28 75 45 75 73 14 28 84 81 87 91 39 42 60 64 58 14 33 16 84 76 98 43 79 60 22 22 52 60 84 96 87 11 92 61 83 57 40 66 90 79 8 28 72 67 92 81 32 76 
48 15 3 45 9 33 57 31 6 8 42 90 56 81 100 47 93 34 4 85 51 45 63 58 72 34 76 15 66 7 43 13 73 45 58 81 78 66 63 83 73 57 72 80 37 23 79 29 56 34 13 6 78 27 63 1 12 90 16 77 96 58 90 20 54 99 53 31 64 
15 14 88 71 37 20 59 12 98 88 19 31 52 25 60 79 39 60 90 29 75 67 76 84 8 48 38 6 100 20 21 66 85 60 89 74 79 47 85 28 34 3 58 38 79 17 16 18 29 5 98 3 23 25 39 30 72 28 87 23 47 7 89 32 19 77 5 97 23 
41 25 9 43 34 46 22 3 13 91 31 17 40 85 92 64 23 73 88 2 60 10 49 18 50 32 36 78 88 85 53 28 9 61 22 94 58 95 96 70 37 78 38 76 63 81 92 37 54 31 39 13 92 39 82 42 70 18 19 9 2 71 88 62 83 9 55 92 56 
3 13 92 80 51 68 42 83 11 79 36 41 69 100 32 7 82 73 28 51 44 36 4 66 23 65 1 83 71 92 90 73 5 82 5 7 1 46 89 11 76 77 3 44 76 34 2 9 59 29 59 2 64 62 19 38 78 19 73 49 63 62 73 19 95 77 77 47 75 
17 9 2 93 11 98 21 97 99 29 55 28 40 8 43 53 26 33 31 97 5 31 59 18 55 29 65 84 5 63 58 21 72 59 14 34 8 34 30 7 14 84 34 53 43 28 6 69 60 88 17 16 70 75 86 76 3 50 59 59 64 68 79 35 79 44 21 86 29 
50 92 43 86 77 47 80 5 4 48 64 91 16 32 12 90 17 88 44 18 46 2 81 14 33 68 92 76 88 29 5 89 21 47 26 97 45 6 1 49 5 17 91 21 48 3 62 16 42 6 33 39 59 65 4 43 32 47 19 71 76 23 60 96 21 85 44 17 42 
45 65 47 13 56 67 12 10 28 79 51 85 11 41 96 27 45 38 59 91 56 81 18 30 40 13 2 77 57 19 18 53 35 16 17 90 82 28 51 62 6 53 98 68 94 93 94 90 31 4 32 38 85 50 20 76 62 73 4 70 43 74 22 78 89 90 19 23 17 
70 84 74 74 81 93 67 26 39 8 8 42 40 97 78 89 16 6 50 41 61 72 83 34 45 60 23 35 79 45 3 100 80 77 73 12 69 92 37 7 99 96 1 38 93 30 26 60 35 28 100 48 51 83 81 95 94 55 29 24 51 32 75 30 60 48 94 28 91 
82 87 89 78 39 79 70 68 56 81 55 35 81 2 85 15 82 80 60 37 60 84 39 43 58 69 2 57 14 82 47 95 20 88 72 58 66 93 25 21 26 31 56 6 32 92 72 66 71 83 54 83 18 92 25 76 12 79 84 25 60 83 72 79 70 95 36 35 40 
12 7 65 43 14 22 26 6 93 91 28 27 96 10 45 88 35 72 51 65 55 76 24 37 99 54 58 93 89 92 32 52 51 96 94 64 17 72 69 61 14 97 88 10 6 32 49 92 3 99 56 9 26 31 46 24 84 3 17 24 47 48 76 97 96 21 12 12 92 
81 25 58 29 12 67 34 95 15 78 97 13 85 5 91 16 2 14 51 57 82 75 55 30 2 51 77 74 62 88 18 94 12 75 22 75 41 8 69 7 37 17 19 21 74 9 88 75 75 39 83 56 65 37 37 18 39 13 91 53 1 8 46 64 34 20 91 74 27 
11 80 63 28 51 35 53 11 23 79 85 13 62 93 29 98 29 46 89 42 88 41 94 96 38 9 81 57 99 7 83 62 86 97 89 88 32 41 51 6 19 35 18 32 27 46 82 8 43 70 49 30 10 42 77 47 50 58 56 1 64 38 62 1 87 2 89 18 94 
91 23 64 77 92 96 56 89 77 63 31 98 11 60 7 4 37 5 53 94 12 5 57 2 66 57 88 19 97 57 12 87 31 76 16 22 23 71 10 99 33 40 48 43 99 6 98 35 10 2 80 22 7 36 23 24 45 62 43 93 18 54 32 48 81 47 21 3 17 
30 1 49 21 100 43 19 5 92 6 15 93 37 88 99 73 62 23 69 75 65 61 92 70 92 91 51 90 11 53 6 92 6 6 12 5 100 82 10 91 39 76 84 76 15 82 100 28 56 68 2 72 80 45 42 24 87 92 13 97 96 71 40 1 28 3 58 28 84 
67 70 75 94 53 2 8 87 1 87 94 20 40 66 51 84 7 74 70 50 39 18 45 9 9 98 36 11 55 15 46 73 85 72 18 89 73 77 27 73 63 21 44 2 86 95 37 44 20 58 45 58 75 41 18 35 38 6 45 44 20 90 68 56 62 85 45 86 61 
71 11 75 91 54 28 28 100 64 71 20 21 15 77 47 56 47 81 45 52 25 41 71 67 8 27 80 45 23 17 57 45 27 32 88 81 59 15 32 75 38 51 95 4 80 94 11 26 74 8 77 51 48 47 69 7 25 100 51 99 16 60 44 43 91 83 75 1 97 
6 75 86 57 22 90 36 15 52 61 40 59 89 90 6 87 10 13 64 9 15 62 25 74 57 67 16 39 41 17 88 46 43 73 54 16 14 41 82 66 1 22 24 89 63 82 28 73 46 91 81 60 52 57 34 61 23 49 51 15 17 38 13 12 63 66 79 28 59 
61 93 59 82 69 100 96 50 79 68 95 69 1 6 72 57 91 32 32 40 83 98 8 72 62 71 34 80 50 62 38 10 6 96 43 74 47 38 75 25 58 21 45 10 79 17 18 69 48 49 60 82 99 68 54 60 38 87 39 39 100 76 48 6 24 42 31 22 80 
58 99 89 30 43 98 8 59 15 77 7 16 36 88 14 55 93 73 45 80 12 83 31 39 31 36 62 72 19 84 3 76 82 91 5 24 40 65 35 55 41 41 70 28 80 35 83 73 7 27 4 70 9 34 9 91 22 70 15 40 5 17 67 38 60 23 62 99 87 
96 53 79 88 74 7 19 8 89 43 67 67 46 36 75 32 96 66 5 18 80 96 22 48 62 60 7 36 73 6 23 20 10 1 59 84 59 77 43 47 72 9 13 17 97 40 100 92 57 4 9 88 99 83 35 12 94 42 48 18 99 22 37 8 74 47 43 33 75 
38 79 46 46 44 15 42 83 14 34 39 70 94 26 20 76 12 32 69 53 31 86 3 52 74 63 25 20 57 9 47 94 88 92 40 83 58 33 17 24 66 55 93 12 32 64 87 43 95 8 48 77 45 2 80 19 64 57 90 21 65 36 66 4 80 5 86 89 38 
2 12 55 8 4 18 91 68 5 34 14 64 33 43 8 34 22 78 50 30 20 22 95 7 87 50 86 44 36 75 81 89 38 87 49 42 5 39 61 61 24 26 76 8 68 35 94 42 13 43 71 32 16 17 90 2 67 76 45 54 2 77 42 39 16 90 32 72 81 
44 84 4 22 59 12 89 93 57 82 57 99 5 40 14 21 30 67 87 57 64 40 10 40 34 100 55 23 32 26 55 27 9 11 48 19 22 89 12 78 22 20 28 26 60 93 47 89 59 33 97 22 25 6 14 58 5 20 32 88 98 87 15 58 97 14 77 70 2 
40 99 76 59 78 1 70 22 47 10 32 32 6 6 8 11 19 65 16 38 48 55 87 86 69 45 34 35 73 55 88 12 53 63 22 82 64 92 3 62 53 35 93 59 40 100 69 10 16 36 99 64 91 86 1 11 82 35 45 54 89 33 17 94 95 38 75 10 81 
30 72 34 16 16 44 7 68 12 16 83 100 66 98 90 3 51 52 84 85 97 89 73 81 5 66 27 95 93 37 27 74 60 60 89 75 55 95 94 19 62 29 18 79 78 59 82 28 10 65 12 58 54 37 38 10 54 17 4 98 5 31 71 64 42 59 90 97 5 
84 15 18 12 84 97 89 42 30 69 51 46 80 61 99 68 98 61 22 14 64 19 70 94 90 33 88 100 75 84 57 58 50 26 21 33 74 61 74 3 29 76 49 61 36 99 28 86 59 1 51 23 20 21 68 61 5 55 12 79 90 68 88 91 46 60 23 19 21 
48 22 1 76 70 61 63 20 41 48 79 41 51 53 12 71 20 24 27 27 36 6 68 55 45 11 100 5 85 19 25 85 40 77 60 61 90 74 80 30 74 58 22 24 62 34 46 34 9 72 12 44 29 79 99 74 89 98 78 26 16 54 10 7 30 69 67 19 42 
99 100 67 56 22 90 70 7 35 3 15 59 14 11 87 44 9 12 85 6 89 10 74 94 19 80 24 39 99 94 80 97 94 47 4 67 88 73 25 75 75 39 33 88 49 71 32 9 83 68 15 23 77 40 17 95 19 40 33 17 33 64 65 78 62 69 44 50 41 
68 76 68 59 8 55 59 30 38 68 12 57 34 35 33 73 3 27 43 42 11 12 26 75 76 56 88 96 51 89 37 71 64 4 29 23 10 39 53 100 6 16 56 91 2 41 15 4 67 58 97 30 21 23 4 48 30 43 44 80 32 32 50 95 87 30 18 96 69 
22 47 26 89 55 17 91 95 31 94 13 40 91 42 12 65 97 60 94 40 3 25 71 34 75 17 20 4 86 67 72 7 66 50 96 72 66 38 66 48 31 30 40 73 72 51 89 20 10 82 11 64 59 81 49 33 50 68 88 35 87 12 94 52 61 41 75 78 78 
40 77 60 21 16 33 44 19 73 64 28 7 74 44 65 7 92 97 56 12 84 90 98 47 35 1 7 75 75 84 4 66 61 64 86 28 48 30 46 20 45 26 26 18 69 42 24 60 38 31 23 74 73 20 20 7 72 27 34 98 62 37 63 74 52 1 2 51 82 
47 71 26 72 48 43 40 90 19 52 79 49 74 4 73 46 24 80 17 2 65 15 15 1 29 89 5 29 90 55 10 36 77 87 8 25 30 99 66 100 2 96 100 28 100 73 73 75 4 41 28 68 7 42 20 36 82 24 16 71 31 78 59 7 64 18 83 45 16 
48 96 70 96 96 97 95 20 69 21 23 61 48 42 68 41 13 55 23 37 70 93 67 99 51 25 63 68 8 59 36 7 55 57 2 2 53 48 21 73 68 43 33 67 36 100 8 48 54 30 36 76 74 54 74 77 79 88 96 86 99 83 92 5 39 46 6 43 93 
26 15 13 20 48 79 55 99 86 54 5 67 90 32 93 95 57 69 73 97 16 10 95 99 54 99 89 51 4 32 43 81 46 55 100 45 34 6 96 71 59 52 38 100 83 30 95 39 50 19 35 65 29 81 15 34 31 56 84 86 87 78 66 84 33 65 29 18 70 
76 88 81 27 77 80 61 58 74 99 7 93 86 24 73 18 90 58 49 45 41 34 31 18 52 67 2 16 95 19 38 22 59 18 48 87 97 60 45 23 10 3 67 95 78 39 65 68 48 65 64 40 50 47 9 1 13 11 69 59 81 6 80 91 23 79 78 71 38 
22 93 47 24 59 94 2 49 10 21 96 74 84 35 23 82 44 76 94 6 44 52 38 49 83 81 23 61 58 93 50 31 86 97 6 96 42 59 45 51 79 92 76 15 79 50 96 74 25 42 79 68 93 68 68 28 48 42 88 57 35 90 87 72 38 93 67 79 51 
0 0 1 0 1 1 0 0 0 1 1 1 1 0 0 0 0 1 0 1 0 0 1 1 1 0 0 1 1 0 1 1 0 0 1 1 1 1 0 0 0 1 1 1 1 1 0 1 0 0 1 1 0 0 0 1 1 1 0 0 1 0 1 0 0 1 1 0 0 
1 0 1 0 1 0 0 1 0 1 1 0 0 0 1 1 1 0 0 0 1 0 1 1 1 1 1 0 1 1 1 0 1 0 1 1 0 1 0 1 0 1 1 1 0 0 0 1 1 0 1 0 0 0 1 1 0 0 0 1 0 1 1 1 1 0 0 1 1 
0 0 0 0 0 1 0 0 1 1 1 1 0 1 1 0 0 0 0 1 0 1 1 1 1 0 0 1 1 0 1 1 0 1 1 0 0 1 1 1 0 0 0 0 0 1 1 0 1 1 1 0 1 0 1 0 1 0 1 0 0 0 1 0 1 1 1 1 0 
0 0 1 0 0 1 0 1 0 1 1 0 0 1 1 1 0 1 0 0 0 0 0 1 1 1 0 0 0 0 1 0 0 0 0 1 1 1 0 0 0 1 0 0 0 1 1 1 0 1 1 0 1 0 1 1 1 0 1 1 0 0 1 0 0 1 1 0 0 
0 0 0 1 0 1 0 1 0 1 1 0 0 1 1 0 1 0 1 1 0 0 1 0 1 1 1 1 1 1 1 1 1 0 0 1 1 0 0 1 1 1 1 0 0 1 0 1 1 0 0 1 0 1 0 0 1 1 1 0 0 0 1 1 0 1 0 1 0 
0 1 1 1 0 1 1 1 0 1 1 0 1 0 0 1 0 0 0 1 1 0 1 0 1 0 0 0 0 0 0 0 1 0 1 1 1 1 1 1 0 0 1 1 0 0 0 1 0 0 0 0 0 0 0 1 0 0 0 1 0 0 1 1 0 1 1 0 0 
0 1 0 0 1 1 0 1 0 1 1 0 0 1 1 0 1 0 0 0 0 1 0 1 1 0 1 0 1 1 0 1 1 0 1 0 1 1 1 1 1 0 0 1 0 1 1 1 1 1 1 0 1 0 1 0 0 0 0 1 0 0 0 1 0 1 1 1 0 
0 1 1 0 1 0 0 0 1 0 1 1 1 1 0 1 0 0 1 1 0 0 1 0 0 0 0 1 1 1 0 1 0 1 1 1 0 0 1 1 0 1 0 1 0 0 1 1 0 0 0 0 1 1 0 1 1 0 1 0 0 1 1 0 0 0 0 0 0 
1 0 0 0 0 0 1 1 1 0 1 1 0 0 0 1 0 0 0 1 1 0 1 0 1 1 0 1 1 1 0 1 1 0 1 1 0 0 0 1 0 0 1 0 0 1 1 0 1 1 1 0 1 0 0 0 0 1 0 1 0 0 0 1 0 0 0 1 0 
1 0 1 1 1 1 1 1 1 1 0 0 1 1 0 1 1 0 1 0 0 1 0 0 1 1 1 1 0 0 0 1 0 1 0 0 0 1 1 1 0 1 0 1 0 0 1 0 0 0 0 1 1 1 1 1 0 0 0 0 0 0 1 1 1 1 1 0 0 
0 1 1 1 1 0 0 1 1 0 0 0 0 1 1 1 0 0 0 1 1 0 1 1 0 0 1 1 1 1 0 1 0 1 1 0 1 1 1 1 1 1 1 1 0 0 1 1 1 1 0 0 1 1 1 1 0 0 1 1 1 1 1 0 0 0 0 1 1 
1 0 0 1 1 1 1 0 0 0 1 1 0 1 1 0 0 0 0 1 1 1 0 0 0 0 0 0 0 0 1 0 0 1 1 0 1 0 0 1 1 1 1 1 0 0 1 0 0 1 1 0 1 0 0 1 0 1 0 1 1 1 1 1 1 0 1 0 0 
1 1 1 0 0 1 0 0 0 1 1 0 0 1 1 0 1 0 1 0 0 0 1 0 1 1 1 1 0 1 1 0 0 1 0 1 0 1 1 0 0 0 0 0 1 1 1 1 0 0 1 0 0 1 0 1 0 1 0 0 0 1 0 1 0 1 0 0 0 
1 1 0 0 1 0 1 1 1 0 1 1 0 1 1 1 0 0 1 1 0 1 0 0 0 1 0 1 1 1 1 0 0 1 0 1 1 0 0 1 0 1 0 0 1 0 1 1 0 0 0 1 0 0 1 0 1 1 1 0 0 0 1 0 1 1 0 0 1 
0 1 0 0 0 0 1 0 0 0 0 0 0 1 0 1 0 0 0 0 1 1 0 1 0 1 0 1 1 1 1 1 0 1 1 0 1 0 0 1 0 1 0 1 0 0 0 1 1 0 1 0 1 1 0 1 0 0 1 1 1 0 1 0 1 0 0 0 1 
1 0 1 0 0 0 0 0 0 1 1 1 0 0 0 0 0 0 0 0 1 0 0 1 1 0 0 1 0 0 0 1 0 0 1 0 0 0 1 1 1 0 0 0 0 0 0 0 0 0 1 1 0 1 0 1 1 0 1 1 1 1 1 1 1 0 0 0 0 
1 1 0 1 1 0 0 1 0 0 0 0 1 1 1 0 0 0 1 0 1 1 1 1 0 1 0 0 1 0 1 0 1 1 1 0 1 1 0 1 0 0 1 1 1 0 0 1 1 1 0 0 0 1 1 0 0 0 1 1 0 0 1 0 1 1 0 0 0 
0 1 0 0 0 0 0 1 0 1 0 1 1 0 0 1 0 0 1 0 1 1 0 1 0 0 0 1 1 0 0 1 1 0 0 0 0 0 1 0 1 1 0 1 1 0 0 1 0 1 1 0 0 0 1 1 0 0 0 1 0 0 1 0 1 1 0 1 1 
1 0 0 0 0 1 1 0 1 1 0 1 0 0 1 0 0 0 1 0 1 0 0 1 1 0 0 0 0 0 1 1 0 0 1 0 1 1 0 1 0 0 0 0 1 1 1 1 0 0 1 1 0 1 0 0 0 1 0 0 1 0 0 1 0 1 1 1 0 
1 0 0 1 0 1 0 0 0 1 0 0 0 1 0 0 1 0 0 0 1 0 1 1 0 0 1 0 1 0 0 0 1 1 0 1 0 0 1 0 0 1 0 0 0 0 0 0 1 0 0 0 1 0 1 1 0 0 1 0 0 0 0 1 1 0 1 1 1 
0 1 1 0 1 1 0 1 0 0 0 0 1 0 1 1 1 1 1 1 0 1 0 0 0 1 1 0 0 0 1 1 1 0 1 0 0 1 0 0 0 0 0 1 1 0 0 0 1 1 0 1 1 0 0 1 1 1 1 0 0 1 1 1 1 0 0 1 1 
0 1 1 0 0 0 1 0 0 0 1 0 0 0 1 0 0 0 1 0 1 1 0 0 0 1 0 0 1 1 0 1 1 1 0 1 0 1 1 0 1 0 0 1 0 1 1 1 1 1 1 1 0 1 1 1 0 1 1 0 1 1 1 0 1 1 1 1 1 
0 1 0 0 0 0 0 1 1 1 1 0 0 0 1 1 1 0 0 1 1 0 0 1 1 0 0 1 1 1 0 1 0 0 1 0 0 1 0 0 1 1 0 1 1 1 1 0 1 1 1 1 1 1 0 0 1 0 1 0 1 1 1 1 0 0 0 0 0 
0 0 1 1 1 0 0 0 1 0 0 0 0 1 1 1 1 0 1 1 1 1 0 1 1 1 1 1 1 1 1 1 0 0 0 1 1 0 1 0 1 1 1 1 0 0 0 1 0 1 0 0 1 0 1 0 0 0 1 1 1 1 1 1 1 1 0 0 0 
0 1 1 1 0 0 0 0 0 1 1 0 0 1 1 0 0 1 0 0 0 0 1 1 1 1 1 0 1 1 0 1 0 1 1 0 1 1 1 0 0 0 0 0 1 1 1 1 0 1 1 0 1 0 0 0 1 1 1 1 0 1 0 1 1 1 1 0 0 
0 0 1 0 0 1 1 1 0 0 1 0 1 0 1 0 0 0 1 1 1 0 1 0 1 0 1 0 0 0 1 0 0 0 1 1 1 0 0 0 1 0 0 0 0 1 0 0 1 0 1 0 0 0 1 1 1 0 0 1 0 1 1 1 1 0 0 0 1 
0 0 0 0 0 0 0 0 1 0 1 1 1 0 1 0 1 1 1 1 1 0 0 0 1 1 1 0 1 1 1 1 0 1 0 0 1 0 0 0 1 0 1 0 0 1 0 1 0 1 0 1 1 0 1 1 1 0 1 0 1 0 0 1 1 0 0 0 0 
0 1 1 0 0 0 0 1 0 1 1 0 0 0 1 0 1 0 0 1 1 0 1 1 0 0 0 0 0 1 1 1 0 0 1 0 0 0 0 1 1 1 1 1 0 0 0 1 1 0 1 0 0 0 0 1 0 0 1 1 1 0 0 1 1 1 0 1 1 
0 0 1 1 1 0 1 0 0 1 1 0 0 1 1 0 1 0 0 0 1 1 1 0 1 1 1 1 1 0 0 1 1 1 0 0 0 0 0 0 1 1 1 1 1 0 1 0 0 1 0 1 1 0 1 0 1 0 1 0 1 0 1 0 1 1 0 1 1 
1 0 0 0 1 1 1 1 0 0 1 0 0 0 1 0 0 1 1 0 1 1 1 1 0 1 0 0 0 0 1 1 0 0 1 1 1 1 0 0 1 1 0 1 1 1 0 1 0 1 0 1 1 1 0 1 1 1 1 1 1 1 0 1 1 1 0 0 0 
0 0 1 1 0 1 0 1 1 0 0 0 0 1 1 1 0 1 0 1 0 1 0 1 1 1 0 1 1 1 1 1 1 1 0 0 0 0 1 1 0 1 1 0 1 1 0 1 0 0 0 0 0 0 0 1 1 0 0 0 1 0 1 1 1 1 1 1 1 
0 0 0 0 1 0 1 0 0 0 0 1 0 1 1 0 1 0 1 1 1 1 1 1 0 0 0 1 1 1 0 1 1 0 1 0 1 0 1 1 0 1 0 0 0 1 0 1 0 1 1 1 0 0 0 0 0 0 1 1 1 0 0 0 0 0 0 1 0 
1 1 1 1 1 1 1 1 0 1 1 1 0 0 0 0 0 0 0 0 0 1 1 0 1 1 0 1 1 0 0 1 1 1 0 0 0 1 1 0 0 0 0 0 0 0 0 0 0 0 0 0 1 1 0 1 0 1 0 0 1 0 1 0 1 1 0 0 0 
0 0 1 0 0 1 1 0 0 1 1 0 0 1 0 1 0 1 0 1 1 0 0 0 1 0 1 0 0 1 0 0 0 1 1 0 1 0 1 1 1 0 1 1 1 1 1 1 0 1 0 0 1 0 0 0 0 1 0 1 1 0 1 1 0 0 1 1 0 
0 0 0 0 1 1 0 1 0 1 1 1 0 1 0 0 1 0 1 1 0 0 0 1 1 1 1 0 0 0 0 1 0 0 1 1 0 1 0 0 1 0 0 1 1 0 1 1 1 0 0 1 0 0 0 0 1 1 0 1 1 0 0 1 1 0 1 1 1 
1 1 0 1 1 1 1 0 1 0 1 1 0 0 0 0 1 0 1 0 0 0 0 0 1 1 1 1 0 0 0 0 0 1 1 1 0 0 1 1 0 0 1 0 1 1 0 0 1 1 0 1 0 0 1 1 0 1 0 0 1 0 0 1 1 0 1 0 0 
0 1 1 1 0 1 0 1 0 0 0 1 0 1 1 1 1 0 1 0 0 1 1 1 0 1 0 0 0 0 0 0 0 1 1 0 1 1 0 1 1 0 0 0 0 0 1 1 0 0 1 1 1 0 0 1 1 0 1 1 1 0 0 1 1 1 1 0 1 
1 1 0 0 0 0 0 0 1 1 0 1 0 1 1 0 1 0 0 0 0 1 1 0 1 0 1 1 1 0 0 1 1 0 1 1 1 1 1 0 0 0 0 0 1 1 0 1 1 0 1 1 0 0 1 1 0 1 0 1 1 0 0 0 1 1 0 0 0 
1 0 0 1 0 0 1 1 1 0 1 1 1 0 1 1 0 1 1 1 1 0 0 0 1 0 1 0 0 1 1 0 1 1 1 0 0 0 1 1 0 0 0 1 1 0 0 1 1 1 0 0 0 0 0 1 0 1 1 1 0 0 1 0 0 0 0 0 1 
1 1 1 0 1 1 1 1 1 0 0 1 0 1 1 0 1 0 0 1 1 1 1 0 0 1 0 1 1 0 0 1 1 1 1 0 0 0 0 0 0 0 1 0 1 0 0 1 0 0 0 1 0 1 1 0 1 1 1 0 1 1 1 0 1 0 1 1 0 
1 1 0 1 0 0 1 0 0 0 0 1 0 0 1 1 1 1 0 1 1 1 0 0 0 1 1 1 0 1 1 1 0 0 0 1 0 1 1 1 1 0 0 1 0 1 1 1 0 1 0 1 0 1 0 1 0 1 0 0 0 1 1 1 1 1 0 0 1 
1 1 0 1 1 0 1 0 1 1 0 0 1 0 1 0 0 0 0 1 0 0 0 1 1 1 1 1 1 1 0 0 0 0 0 1 0 1 1 1 0 1 0 0 1 1 0 1 1 1 1 1 1 1 0 1 0 1 0 1 0 0 1 0 0 1 1 1 1 
0 0 1 0 0 1 1 1 0 1 0 1 0 1 0 1 0 1 1 1 1 0 0 1 1 0 0 1 0 1 0 0 1 1 0 0 1 0 1 1 1 0 0 1 1 0 0 1 0 1 1 1 1 1 1 0 1 1 1 1 0 1 0 1 1 0 1 0 0 
1 1 1 1 1 0 0 1 0 0 1 1 1 1 0 0 0 1 1 1 0 1 1 0 1 0 1 1 0 1 0 1 0 1 0 1 0 0 0 0 0 0 0 1 1 0 1 1 1 1 0 0 0 1 0 1 1 1 0 1 0 0 0 0 0 0 1 0 1 
1 0 1 1 0 1 0 1 0 1 0 1 1 0 1 0 0 0 0 1 1 1 1 1 0 1 1 0 0 1 1 0 0 1 1 0 0 0 1 0 1 0 0 1 0 1 1 1 0 1 0 1 1 0 0 1 1 0 1 0 1 1 0 1 0 1 0 0 1 
1 0 1 1 0 0 0 0 1 1 0 1 1 1 0 1 1 1 1 1 0 1 1 1 1 0 1 0 0 1 0 0 0 1 1 0 1 1 0 0 0 0 1 0 1 1 1 1 0 0 0 1 1 1 0 0 0 0 1 0 1 1 0 1 0 0 0 1 1 
0 1 0 1 1 0 0 0 1 1 1 0 0 0 1 1 0 0 1 0 1 0 0 0 0 1 0 0 1 1 0 0 0 0 1 1 0 1 0 1 1 1 1 1 1 1 0 1 1 0 0 0 0 0 0 0 1 0 1 1 1 1 1 1 1 0 1 1 1 
1 0 0 0 0 1 1 1 0 0 0 0 0 0 0 0 0 0 0 0 1 1 1 0 0 0 1 0 1 0 1 0 1 0 0 1 1 1 0 1 0 0 1 0 0 1 1 0 0 1 0 1 0 1 0 0 1 1 0 1 0 1 1 1 1 0 0 1 1 
0 0 1 0 0 0 0 1 1 0 1 0 0 1 0 1 1 0 0 0 0 1 0 1 1 1 1 1 1 0 0 1 0 0 1 0 0 1 0 1 1 1 1 1 0 1 0 1 1 1 0 1 0 0 0 1 0 1 0 1 1 1 1 0 1 0 0 1 0 
0 0 1 0 1 1 0 0 1 0 1 0 0 0 1 0 0 0 0 0 1 0 1 0 1 1 1 1 0 0 1 0 0 1 0 1 0 1 1 1 1 0 0 1 0 1 1 0 1 0 0 0 0 0 0 1 1 1 0 1 1 0 0 1 1 0 0 1 1 
1 0 0 1 0 1 1 1 1 0 1 1 0 1 1 0 0 0 0 1 0 1 1 0 1 0 1 0 1 0 1 0 1 0 0 1 1 1 1 0 1 0 1 0 1 0 0 1 0 0 1 1 0 0 1 1 0 1 1 1 1 1 0 0 1 0 0 0 1 
1 1 1 1 0 1 0 1 1 0 1 0 1 0 0 1 0 1 1 1 1 1 0 0 1 1 1 1 1 1 0 0 0 1 1 1 0 1 0 0 1 1 0 0 0 0 1 0 1 1 1 0 0 1 0 1 0 1 0 1 1 0 1 1 0 0 0 0 0 
0 0 1 0 0 0 0 0 1 0 0 0 1 0 0 0 1 1 1 0 1 0 1 0 0 1 0 0 1 0 0 0 1 0 0 1 0 0 0 1 0 0 0 1 0 0 1 1 0 0 0 1 1 1 1 1 0 1 1 0 0 0 0 1 0 0 0 0 0 
0 1 0 0 1 1 1 0 0 0 0 1 0 1 0 0 1 1 0 0 0 0 0 0 0 1 0 0 0 0 0 0 0 0 1 1 1 0 1 0 0 1 1 1 1 1 1 0 0 1 0 0 0 1 1 0 0 1 1 0 0 1 1 0 0 0 1 1 0 
1 1 0 0 0 1 1 1 0 1 1 0 0 0 0 1 1 0 1 0 1 0 0 1 1 0 1 1 0 0 1 1 0 1 1 0 1 1 0 1 0 1 1 0 1 1 1 0 0 1 1 1 1 1 0 0 0 1 1 0 0 0 1 0 1 0 0 0 1 
0 0 0 0 1 0 1 1 0 0 1 1 1 0 0 0 1 0 0 0 1 0 0 1 1 0 0 0 1 1 1 1 1 1 1 0 0 1 1 0 1 0 1 0 1 1 0 0 1 1 0 0 1 1 1 1 1 1 1 0 0 0 0 1 0 1 0 0 0 
1 0 1 0 1 1 1 0 0 1 1 1 1 1 0 0 0 1 0 1 0 0 0 1 0 1 1 0 1 1 0 1 1 0 1 0 1 0 0 1 1 1 0 0 0 1 1 0 0 1 1 1 1 1 0 0 1 1 0 0 0 0 1 1 0 0 1 0 0 
1 1 1 0 0 0 0 1 1 0 1 0 1 0 1 1 0 1 0 1 1 0 1 0 0 0 0 0 1 0 1 0 0 0 0 0 0 0 1 1 0 0 1 0 1 1 1 1 0 1 1 0 1 0 0 1 1 0 0 0 1 1 1 1 1 1 1 0 0 
0 1 0 0 1 0 1 0 1 1 0 0 0 0 0 0 0 1 1 1 1 0 0 0 1 1 0 0 0 0 0 0 1 1 0 0 1 0 0 1 1 1 1 1 1 1 1 0 1 1 1 0 1 1 1 0 0 1 0 0 1 1 0 0 0 0 1 1 0 
1 0 1 0 0 0 0 1 0 0 0 1 1 1 0 0 0 0 0 1 0 0 0 1 0 0 1 0 1 1 1 1 1 0 1 1 1 1 1 1 1 1 0 0 0 0 0 0 0 0 1 0 0 1 0 0 0 1 1 1 0 0 0 0 0 0 1 1 1 
0 0 1 0 0 1 0 0 0 1 0 0 0 1 1 0 1 1 0 0 0 1 1 0 0 1 1 0 0 0 1 1 1 0 1 1 0 1 0 0 0 0 0 1 1 1 1 0 1 1 1 1 0 0 0 0 1 1 0 1 1 0 0 0 0 1 0 0 1 
0 0 1 0 1 0 0 0 1 0 1 0 1 1 1 1 1 1 0 0 0 0 1 0 0 0 0 0 0 1 1 0 1 0 0 0 1 0 1 0 1 0 1 0 1 0 0 0 1 0 0 1 0 0 1 1 0 0 1 0 1 0 0 0 0 0 1 1 1 
0 0 0 0 1 0 0 1 0 0 0 1 1 0 1 1 1 0 1 1 1 1 0 1 1 1 0 1 0 1 0 0 1 0 0 0 1 0 1 1 1 0 0 0 0 0 1 1 0 0 1 0 1 1 1 0 0 1 1 0 1 0 0 0 0 1 1 1 1 
0 1 0 0 1 0 0 1 1 0 0 1 1 0 0 0 1 0 1 1 0 1 0 0 0 0 0 1 1 0 0 0 1 1 0 0 1 1 0 1 1 0 0 0 0 1 0 1 1 1 0 1 1 0 1 1 1 0 0 0 0 0 0 1 1 1 1 1 0 
1 0 1 1 0 1 1 1 1 1 1 1 1 0 0 0 0 1 1 0 1 1 0 1 0 1 1 1 0 0 1 0 0 0 1 0 1 1 0 0 0 1 1 1 1 1 1 1 0 0 1 1 0 1 1 0 0 0 1 1 0 0 1 0 0 0 0 1 1 
0 1 1 1 1 1 1 0 0 0 1 1 0 0 1 1 1 1 0 1 0 1 1 0 0 1 0 0 0 1 0 0 0 1 0 1 0 1 0 1 1 1 0 1 1 1 1 1 0 1 0 0 0 0 0 0 1 0 0 1 1 0 0 1 0 0 1 0 1 
1 1 0 0 1 0 1 0 1 0 0 0 1 0 0 1 0 0 0 0 0 0 1 1 0 1 1 0 0 1 1 1 1 1 1 0 1 0 1 0 1 1 0 0 0 0 1 0 0 1 1 1 1 0 0 1 1 1 1 1 0 0 0 1 0 1 0 1 0 
1 0 1 0 0 1 0 1 0 1 1 1 0 0 1 0 0 0 0 1 0 1 0 0 0 1 0 1 1 0 1 0 0 0 1 0 1 1 1 1 0 1 1 0 1 0 1 0 0 1 1 0 0 1 1 0 1 1 0 0 1 1 1 1 0 0 0 1 1 
1 1 0 0 0 0 0 0 1 0 0 0 1 1 1 1 0 1 0 1 1 0 1 1 1 0 1 1 0 0 1 0 1 1 0 1 1 0 1 1 0 0 1 0 1 0 1 1 0 1 0 1 1 1 0 1 0 1 0 0 0 1 0 1 0 1 1 0 1 
0 1 0 0 0 0 1 1 1 0 1 0 1 0 1 0 1 0 0 0 1 1 0 0 1 0 1 0 1 1 0 1 0 0 0 0 0 1 1 1 0 0 1 1 1 0 1 0 1 0 0 0 1 1 0 0 1 1 1 0 0 1 1 0 1 1 1 1 1 
