44 56 2441
50 96 77 24 88 16 21 16 35 49 1 64 51 47 10 91 46 42 98 59 15 35 25 96 17 35 39 1 12 74 17 61 21 94 84 8 61 56 75 47 57 75 10 59 21 71 49 18 12 98 28 26 85 53 73 1 
87 63 1 98 36 70 10 8 63 93 15 75 1 41 21 9 15 82 67 87 52 68 56 15 65 84 92 49 36 16 2 74 78 54 71 66 23 32 73 37 24 40 63 76 80 83 84 47 16 3 85 19 22 41 85 86 
24 76 87 11 91 40 36 69 93 58 86 68 89 58 56 64 97 19 92 29 53 75 75 69 29 59 39 50 51 24 36 26 99 74 88 42 13 23 62 57 80 47 24 20 4 80 84 53 98 75 81 2 1 7 22 30 
17 61 79 68 84 66 93 34 91 81 75 3 3 88 60 35 34 35 54 90 66 89 42 63 15 74 17 16 32 38 97 48 98 27 15 33 93 8 67 83 40 93 38 42 81 49 28 66 83 34 55 1 22 48 63 89 
21 31 4 52 69 52 100 66 78 66 51 22 25 17 57 64 61 94 58 93 94 85 59 28 18 13 28 92 61 43 32 33 73 35 37 41 38 88 59 15 53 9 37 78 77 93 93 89 38 50 82 31 35 92 58 4 
4 38 47 16 80 78 1 4 64 37 45 1 76 55 68 28 15 4 57 43 48 50 31 85 51 64 67 85 55 76 41 11 13 39 78 44 17 78 48 32 66 44 33 41 98 100 21 64 55 77 6 2 78 88 38 81 
52 4 17 6 79 57 68 44 96 46 87 64 23 34 47 41 77 79 81 26 30 1 89 36 30 46 89 59 34 26 39 37 29 56 94 60 64 62 3 11 7 89 26 81 75 73 21 51 3 2 29 33 54 69 20 35 
15 9 94 100 34 84 36 15 91 29 26 55 90 28 17 48 68 43 29 42 15 1 93 17 2 73 1 8 41 21 42 55 81 87 6 66 71 41 80 61 22 57 67 63 84 84 11 52 26 91 45 92 91 89 60 45 
61 61 52 2 33 45 8 65 32 14 30 2 6 62 14 79 18 33 42 54 16 4 57 93 94 1 84 36 90 95 80 50 55 83 3 39 28 11 3 59 76 85 12 81 46 25 60 15 57 53 68 24 56 76 16 1 
77 51 36 18 46 68 19 52 50 22 43 77 84 97 35 59 33 98 91 78 23 2 45 31 54 64 55 9 40 22 61 68 25 97 37 22 64 55 25 65 28 67 42 11 16 28 21 48 26 12 78 100 13 22 30 67 
37 36 27 28 10 88 95 86 36 83 7 51 38 31 15 17 50 8 28 65 36 100 12 61 11 89 12 76 62 93 94 99 29 20 26 90 59 73 75 94 55 33 96 44 63 11 61 64 18 40 28 5 39 40 17 2 
80 28 77 42 21 70 40 1 41 17 42 52 89 16 45 44 100 93 39 62 3 99 78 72 38 5 77 77 96 93 30 76 21 6 17 93 27 8 93 67 24 34 18 13 1 15 8 100 7 46 13 61 97 90 32 34 
47 60 62 42 53 91 17 25 48 33 69 74 40 13 93 64 46 62 28 98 76 87 49 34 32 13 46 80 55 78 66 1 89 27 42 41 70 59 17 69 43 85 95 83 97 87 98 94 48 77 43 76 63 91 9 94 
56 55 26 10 84 91 10 72 69 51 65 38 61 33 59 4 70 53 38 18 39 35 64 38 11 6 13 73 49 74 18 4 80 43 65 63 33 74 86 54 76 2 91 37 87 1 40 56 53 77 25 43 63 88 81 73 
46 93 97 46 18 66 1 97 9 65 11 93 38 49 46 13 50 89 1 36 41 40 43 94 68 68 36 30 7 68 2 52 13 50 97 30 16 97 79 76 13 89 20 50 37 18 15 39 58 15 26 98 7 69 43 74 
88 31 4 94 98 57 46 10 59 94 92 74 43 70 1 55 58 72 57 47 89 23 85 46 89 10 96 95 78 38 21 17 68 76 11 18 84 8 27 42 1 70 67 43 39 67 50 49 39 6 95 79 28 31 77 68 
40 72 63 70 61 35 86 29 10 48 46 93 55 24 87 8 46 53 2 84 20 51 84 10 8 30 88 35 60 16 55 52 87 69 21 100 3 58 28 64 6 25 56 12 100 42 19 45 47 21 81 66 71 64 27 79 
94 66 65 5 82 71 56 20 39 76 19 41 86 98 4 43 74 12 54 74 5 25 70 51 45 2 68 67 66 94 97 11 12 14 15 45 84 71 64 23 98 35 15 83 32 71 77 6 82 31 31 86 55 52 89 51 
54 56 17 71 2 66 81 65 79 47 9 14 69 24 88 67 58 3 1 42 73 78 99 6 8 29 43 14 32 31 64 85 87 32 7 40 49 39 4 79 86 12 93 54 35 32 72 45 34 73 86 58 2 84 63 61 
64 6 74 95 36 89 32 74 72 38 13 21 77 68 99 14 79 43 67 66 75 91 10 60 63 95 18 64 78 32 76 93 37 49 87 25 89 18 50 60 8 15 32 84 82 83 49 13 77 15 30 3 57 39 63 19 
85 32 34 14 63 9 6 52 9 44 28 49 14 77 61 21 43 92 56 25 26 4 89 55 70 18 57 27 8 19 97 92 2 83 57 17 43 14 68 52 57 47 52 70 75 12 90 18 56 97 42 33 100 30 87 22 
99 44 48 6 14 44 49 16 26 57 32 69 70 51 72 78 97 23 48 71 87 89 88 42 86 81 74 37 62 13 58 60 56 5 65 69 1 65 84 78 21 67 98 42 17 21 20 13 96 67 36 82 7 75 75 92 
56 100 81 17 12 38 29 67 95 45 88 95 10 71 72 82 90 22 24 6 42 43 71 37 61 58 18 67 32 92 11 87 44 91 56 55 80 84 74 74 28 61 20 89 83 44 23 72 65 46 78 6 40 100 43 52 
57 12 70 88 4 32 27 99 74 82 53 54 17 78 79 96 38 99 37 21 42 59 44 6 56 73 63 95 72 5 98 28 17 67 68 72 99 94 70 72 27 74 77 43 52 56 90 41 54 26 13 47 36 57 52 91 
29 14 37 1 71 34 80 87 53 47 10 3 40 31 26 18 4 3 12 7 10 2 48 15 79 12 61 15 68 12 57 49 77 94 1 47 79 80 85 31 27 46 85 18 76 63 36 80 65 47 38 26 100 37 40 79 
49 100 45 16 63 1 16 91 46 16 90 25 96 74 7 74 20 44 91 47 6 78 26 22 77 16 47 76 52 86 6 100 37 50 68 99 3 83 41 100 51 30 24 46 4 83 71 75 26 61 21 31 91 99 52 67 
66 50 94 17 87 100 69 23 1 88 73 55 22 13 55 72 43 78 17 98 12 39 24 37 100 96 19 42 46 22 8 11 23 1 80 9 52 48 83 53 35 55 59 56 20 13 80 14 43 96 63 54 35 38 43 86 
33 13 79 31 35 86 41 57 38 72 66 42 19 100 46 5 55 4 13 26 17 92 91 11 39 53 64 25 90 58 62 74 71 40 4 5 77 97 13 67 68 30 8 39 30 53 43 36 8 7 13 76 98 3 86 37 
55 2 13 96 11 75 69 81 14 73 37 43 21 2 9 88 31 16 78 12 20 73 47 79 79 59 55 29 61 92 65 67 45 29 62 56 3 31 88 69 55 25 11 75 26 19 14 8 86 92 20 57 64 18 35 94 
77 41 22 89 85 38 56 81 67 69 36 69 99 24 37 53 100 99 79 77 17 93 84 54 36 55 10 51 73 97 44 1 89 18 41 25 55 48 6 21 17 93 42 15 68 30 20 67 29 50 95 97 94 31 51 29 
85 12 31 9 60 27 61 1 44 2 25 50 1 30 23 17 23 16 84 90 45 55 9 25 4 3 74 98 33 76 78 70 39 9 30 99 87 43 99 82 44 75 31 96 5 5 13 79 20 48 68 17 2 28 93 5 
31 66 54 15 93 84 36 32 92 18 82 30 60 32 11 55 6 41 50 10 46 14 88 17 61 8 33 14 35 26 19 17 43 24 84 36 7 19 67 50 36 100 79 95 31 89 1 36 82 51 98 79 64 37 95 77 
44 80 90 79 5 60 47 99 84 30 34 42 49 52 92 36 51 22 83 33 63 83 69 96 85 18 74 49 54 20 77 98 51 66 28 55 26 26 6 61 56 39 2 56 43 45 43 93 67 25 78 81 60 98 76 44 
15 1 44 68 20 20 17 71 86 96 77 11 22 82 23 77 73 24 84 15 69 26 59 87 51 36 67 62 33 42 5 99 42 49 19 13 20 35 35 5 83 64 67 4 97 41 32 69 65 15 35 85 40 94 71 42 
81 89 3 14 82 60 64 75 60 82 39 79 69 74 36 51 89 54 6 85 95 37 6 59 3 40 95 94 33 17 36 14 5 90 79 38 49 94 12 8 76 2 39 44 27 74 46 15 27 51 52 73 39 57 83 41 
48 77 86 33 93 21 98 49 63 76 38 11 69 1 71 96 3 9 91 29 34 36 96 12 38 47 85 28 55 67 20 2 96 6 34 40 26 31 41 88 58 78 51 79 79 21 74 33 81 17 61 14 52 56 77 42 
2 61 69 56 80 41 10 75 46 43 66 23 26 6 63 83 84 13 13 14 85 87 46 17 3 58 82 6 14 58 99 67 71 20 75 50 60 84 76 5 78 41 27 55 47 41 90 82 5 2 47 89 40 44 57 94 
1 38 100 14 96 50 33 18 69 7 67 28 42 94 84 71 34 63 26 32 3 15 65 8 16 63 48 8 6 5 1 7 94 52 72 41 2 4 58 22 10 76 50 3 69 85 74 3 47 99 86 2 65 3 61 32 
65 60 39 71 64 40 77 10 43 48 50 44 4 60 66 65 35 67 68 4 51 41 58 50 91 95 3 55 97 63 86 62 22 77 84 38 68 60 47 10 59 48 6 14 59 23 79 94 89 98 49 91 38 6 92 80 
100 94 86 49 56 23 62 30 99 45 67 18 56 65 28 14 64 33 80 23 55 58 16 95 55 64 37 44 21 29 75 72 22 60 20 30 34 33 59 33 77 25 50 32 41 29 98 4 13 77 26 19 86 93 13 92 
8 50 87 28 30 61 52 51 72 23 32 5 56 90 89 32 66 91 64 6 19 13 62 32 89 87 50 26 32 15 17 39 16 3 19 45 15 70 47 38 44 79 42 99 20 83 31 86 73 46 43 43 58 4 26 98 
91 28 23 74 42 39 12 9 93 30 5 59 51 51 96 95 81 89 93 1 71 75 38 95 72 80 38 81 84 63 78 26 90 52 99 31 42 10 91 34 92 95 92 42 98 39 88 78 28 81 30 50 7 67 45 79 
47 82 11 82 44 89 7 86 92 5 68 34 66 59 19 9 53 11 51 50 1 90 80 28 70 9 30 29 76 74 59 74 55 69 55 50 9 61 35 1 17 3 34 34 61 52 43 65 14 45 67 67 34 46 46 56 
6 75 84 81 48 94 6 54 14 60 4 23 72 90 75 88 92 60 74 4 63 16 69 77 12 87 95 45 32 40 52 37 15 87 70 62 80 75 16 94 35 71 68 58 60 42 46 52 1 19 7 63 86 27 91 97 
0 0 0 1 0 0 0 0 0 1 1 0 1 0 1 1 0 0 1 0 1 0 1 1 0 1 1 1 0 0 1 0 0 1 0 0 1 0 0 0 1 0 0 0 0 1 0 1 1 1 1 0 1 0 1 1 
1 0 0 1 0 1 0 1 0 0 1 0 0 0 0 1 0 0 1 0 1 1 1 0 0 0 0 1 0 1 0 0 1 0 1 0 1 1 1 0 1 0 0 1 0 0 0 0 0 0 1 1 1 0 1 0 
1 1 1 1 0 0 1 1 0 1 1 0 0 0 0 0 1 0 1 1 0 0 0 0 0 1 1 1 1 0 1 0 1 1 0 1 1 1 0 1 0 0 1 1 0 1 1 1 1 0 1 1 0 1 1 0 
0 0 0 1 0 1 0 1 0 0 0 1 1 1 1 0 1 0 1 1 0 0 1 1 0 0 1 1 1 0 1 1 1 1 0 1 1 0 1 1 0 1 1 0 0 0 0 1 0 1 1 0 1 0 0 1 
0 1 0 1 1 0 0 0 1 0 0 0 1 1 0 1 0 1 1 1 1 1 0 1 0 1 0 1 1 0 1 1 1 1 0 0 1 0 1 1 1 1 1 0 0 1 1 0 0 1 1 1 0 0 1 1 
1 1 0 1 1 1 0 0 1 1 0 0 1 1 1 0 0 1 0 0 0 0 1 1 1 0 0 1 0 1 0 0 0 1 1 1 0 1 1 1 0 0 0 0 1 1 0 0 0 1 0 1 1 1 0 0 
0 0 1 0 0 0 0 0 1 1 0 1 1 1 1 1 1 1 1 1 0 0 1 1 1 1 0 0 1 0 0 1 0 1 1 0 1 0 1 0 1 1 0 0 0 1 0 0 0 1 1 0 1 0 1 0 
1 1 0 0 1 0 1 0 0 1 0 1 1 1 0 0 0 0 1 1 1 1 1 1 0 0 1 0 0 1 0 1 0 1 0 0 1 1 0 1 0 0 1 1 0 1 0 0 1 1 1 0 0 0 1 0 
0 0 0 0 1 1 0 0 0 0 0 1 1 0 1 0 0 0 1 0 1 1 1 0 0 0 0 0 1 1 1 1 1 1 0 1 0 0 1 0 0 1 0 1 1 1 1 1 1 1 0 0 0 1 0 1 
1 0 1 0 1 0 0 0 0 0 1 0 0 0 1 0 1 1 1 0 0 1 0 1 0 0 1 0 1 1 1 0 1 1 1 0 1 1 0 1 1 0 0 1 0 1 1 0 0 0 0 0 1 0 1 1 
0 0 0 1 1 1 0 0 0 1 0 0 0 0 1 1 0 1 0 1 0 1 1 0 1 1 0 1 0 1 0 0 1 0 0 0 0 0 0 0 1 0 0 1 1 0 0 1 1 0 0 0 1 1 0 0 
1 1 1 1 0 0 1 0 0 1 0 0 1 1 1 0 1 1 1 0 1 1 0 1 1 0 1 0 0 1 1 1 0 0 0 1 0 1 1 1 1 1 1 0 0 0 1 0 0 0 0 1 0 0 0 1 
1 1 0 1 1 1 0 1 1 0 0 0 1 1 1 0 1 0 1 1 1 0 1 1 0 0 0 0 0 1 0 1 0 0 0 1 1 0 1 0 0 1 0 0 1 1 0 0 0 1 1 1 1 1 0 0 
1 0 0 1 1 0 1 0 0 1 1 1 0 0 0 0 0 0 0 1 0 1 1 0 0 0 1 0 1 1 0 0 1 0 0 1 1 1 1 1 0 0 1 0 1 1 1 1 1 1 0 1 0 1 1 1 
1 0 1 1 1 1 1 1 1 1 0 0 0 1 0 1 1 1 1 0 0 0 1 1 0 1 1 0 0 0 1 0 1 0 1 0 1 0 1 1 0 1 1 0 0 1 1 0 0 1 0 0 1 0 0 1 
1 1 0 0 1 1 0 0 0 1 1 1 1 0 0 1 0 0 0 0 1 1 0 0 0 1 0 0 1 0 1 0 1 1 0 1 1 0 1 1 1 0 0 1 1 1 0 1 1 0 1 0 0 0 0 0 
1 1 0 0 1 0 0 1 1 1 0 0 1 1 1 1 0 0 0 1 1 0 0 0 1 1 0 1 1 1 1 0 0 0 0 1 0 1 0 1 0 0 0 1 0 1 0 0 1 0 1 0 1 1 0 0 
0 1 1 0 0 0 0 0 0 1 1 0 0 0 0 0 0 0 1 0 1 0 0 1 0 1 1 1 0 0 1 1 1 0 1 1 1 1 1 1 0 0 0 0 0 0 0 1 0 0 1 1 0 0 0 0 
1 0 0 0 0 1 1 1 0 0 0 1 1 1 0 0 1 0 0 0 0 1 1 0 1 0 0 1 0 0 1 0 0 1 0 0 1 1 1 1 1 1 0 0 0 0 0 0 1 1 0 1 0 1 0 1 
1 0 0 0 0 1 0 1 1 0 1 0 1 1 1 0 0 1 0 1 1 1 1 0 0 1 0 0 0 0 1 1 0 1 1 0 0 1 1 1 1 1 1 0 0 0 0 0 1 1 1 1 0 0 1 0 
1 1 0 1 1 1 1 1 0 0 0 0 0 1 0 1 0 1 0 0 0 0 1 1 1 0 0 1 1 0 1 0 1 1 0 1 0 1 0 0 1 0 1 1 0 1 1 0 0 1 1 0 1 0 0 1 
0 0 0 1 0 0 0 0 1 0 1 0 1 1 0 0 0 1 0 0 0 1 0 1 0 1 1 1 1 1 0 0 0 1 1 0 1 1 0 0 1 1 0 0 1 1 1 1 0 1 1 1 0 1 0 0 
1 1 1 0 1 0 0 1 1 0 1 0 1 0 0 1 1 1 1 0 0 0 1 0 1 0 1 1 0 1 1 1 1 1 1 0 1 0 1 0 0 0 0 1 0 0 0 0 1 0 0 1 0 0 0 0 
0 1 1 0 1 1 1 0 0 1 0 1 1 1 1 1 1 1 0 0 1 1 0 1 1 0 0 1 0 0 1 1 0 1 1 1 0 1 1 0 0 1 1 1 0 0 0 1 1 0 1 0 1 1 1 0 
0 0 0 0 0 1 1 0 0 1 1 0 0 0 0 0 1 1 1 1 1 1 1 0 1 0 1 1 0 0 1 0 0 1 0 1 1 0 1 1 1 1 0 1 1 0 1 1 0 0 0 1 1 1 0 0 
0 1 1 0 1 1 0 0 0 0 1 1 0 0 1 1 1 1 0 1 1 1 0 1 1 0 1 0 0 1 1 0 0 0 0 1 1 0 1 0 0 0 1 1 1 0 0 0 1 1 1 1 0 1 0 0 
0 1 0 0 0 1 0 0 0 0 0 1 0 1 1 0 0 1 1 1 1 0 1 1 1 1 0 1 0 0 1 0 0 0 0 0 1 0 1 1 0 1 1 0 0 0 1 0 1 0 1 1 0 1 0 1 
0 0 1 0 0 0 1 0 0 1 1 0 0 0 1 0 1 0 1 1 1 0 0 0 0 1 1 1 0 1 0 0 1 1 1 0 0 0 0 0 1 1 0 1 1 0 0 0 0 1 0 1 1 0 0 1 
1 1 0 0 1 1 0 0 0 1 0 0 1 1 1 1 0 1 0 0 1 0 0 0 1 0 1 0 0 1 0 0 1 0 0 0 1 0 0 0 0 1 0 1 0 1 0 0 1 1 0 0 1 1 0 1 
1 0 1 0 1 1 0 0 0 0 0 1 0 1 1 0 0 0 0 0 1 0 0 0 1 1 1 1 0 1 0 1 1 1 1 1 1 1 1 1 1 0 0 0 1 0 0 1 0 0 1 1 1 1 0 0 
0 1 1 0 0 1 0 0 1 1 1 0 1 0 1 0 0 1 0 1 1 1 0 1 1 1 1 0 1 1 1 1 0 0 0 0 0 0 0 1 1 1 1 0 0 0 1 0 1 1 0 1 0 0 0 0 
0 1 0 1 0 1 0 0 0 0 1 0 0 1 1 0 1 0 0 1 0 1 1 1 1 1 0 1 0 1 1 0 0 0 1 1 1 1 1 1 0 0 1 0 0 0 0 1 0 1 0 0 0 1 0 1 
1 0 1 1 1 0 1 0 0 0 1 0 1 0 1 1 1 1 0 1 1 0 0 0 1 0 0 0 1 0 1 0 1 0 1 0 1 0 0 1 0 1 1 0 0 1 1 1 0 1 0 1 0 0 1 1 
0 0 1 1 0 1 0 1 1 1 0 0 0 0 0 0 0 1 0 0 0 0 1 0 1 1 0 1 1 1 1 1 1 0 0 0 1 0 1 1 0 1 1 0 0 1 0 0 1 1 0 1 1 1 0 0 
0 0 0 1 1 1 0 1 1 0 1 1 1 0 0 1 0 1 1 0 1 1 0 0 0 0 1 1 1 1 0 1 1 0 0 1 1 0 0 0 0 1 1 1 1 1 0 1 1 1 1 0 1 1 0 1 
1 1 1 0 1 1 1 0 1 1 1 0 1 1 0 0 0 0 1 0 1 0 1 0 1 1 0 0 0 0 0 0 0 1 0 1 0 0 1 1 1 1 1 1 0 1 1 1 1 0 1 1 0 0 1 0 
1 0 0 0 0 0 0 0 1 0 1 1 0 1 0 0 0 1 1 0 1 0 1 0 0 0 1 1 1 1 1 0 1 1 0 1 0 0 0 1 1 1 1 1 0 1 1 0 1 0 1 0 0 0 0 1 
1 0 0 0 1 1 0 0 0 1 1 0 1 1 0 0 1 1 0 1 0 1 0 1 0 1 1 0 1 0 1 0 0 1 0 1 0 1 1 1 0 0 1 1 0 1 0 1 0 0 0 1 1 0 0 1 
1 0 0 1 0 1 1 0 1 0 1 1 1 0 0 1 0 0 0 0 1 0 1 0 0 0 1 0 0 1 1 0 1 1 1 1 1 0 1 0 0 0 1 1 0 0 0 1 0 1 1 1 1 1 1 0 
1 0 0 1 0 1 1 1 1 0 1 0 1 0 0 1 1 1 1 1 1 1 0 1 0 0 1 0 1 0 0 0 1 0 1 1 1 1 0 0 1 1 0 0 0 0 0 1 0 1 0 1 0 1 1 1 
1 0 1 0 0 1 0 1 1 1 0 0 0 1 1 0 0 1 0 0 0 0 1 0 1 0 1 0 1 0 1 0 0 0 0 1 1 0 0 0 1 1 0 0 0 1 0 0 1 0 1 1 1 0 1 0 
0 0 0 1 1 1 1 1 1 1 0 0 1 1 0 1 0 1 1 0 0 1 0 1 1 1 0 0 0 1 1 0 0 1 0 1 1 1 0 0 1 1 1 0 0 1 1 0 0 0 0 1 1 0 0 1 
0 1 1 0 0 0 0 0 0 0 1 1 0 0 1 1 1 0 1 1 0 1 1 0 1 1 1 1 1 0 0 1 1 1 1 1 0 0 0 0 0 1 1 0 1 0 1 0 1 1 1 1 0 0 1 1 
1 1 0 1 1 0 0 0 0 0 1 0 0 1 0 0 1 1 1 0 1 0 1 0 1 0 1 1 1 1 1 0 0 1 1 1 0 0 1 0 0 0 0 0 0 0 0 1 1 1 1 0 0 0 1 1 
