51 59 1688
65 78 4 95 1 77 3 58 72 3 15 32 25 70 62 22 54 36 86 62 56 6 10 9 86 19 66 92 3 74 83 19 3 38 14 4 14 16 13 85 71 79 17 47 100 30 21 5 18 6 66 73 11 28 34 48 46 51 91 
1 24 73 19 78 11 84 81 24 52 45 61 74 23 29 20 23 58 40 79 75 97 45 100 59 24 33 6 69 83 97 21 58 69 40 35 31 75 68 7 26 12 67 99 87 95 71 9 4 62 39 31 59 83 30 17 58 62 23 
27 44 71 99 1 91 90 87 74 65 54 80 42 66 46 93 52 92 63 12 95 76 50 25 34 85 6 3 42 67 77 20 62 47 71 14 89 60 1 62 76 6 41 18 71 38 10 74 29 24 37 76 99 39 52 85 75 58 87 
68 24 63 88 38 61 58 51 49 69 3 11 45 9 3 62 31 41 23 5 21 98 93 48 96 31 100 32 5 57 18 73 32 80 12 69 40 21 72 41 89 74 3 33 82 5 46 13 97 20 69 18 17 61 17 65 44 16 96 
100 24 66 24 8 45 35 28 37 7 99 29 96 25 31 80 58 35 78 22 32 97 90 1 14 3 17 30 98 85 25 97 8 90 21 67 87 55 95 75 14 93 55 9 69 85 40 27 19 17 48 2 14 90 54 79 92 23 8 
41 59 84 37 18 26 57 85 12 64 79 38 77 23 92 37 92 28 76 18 46 45 65 100 58 6 5 88 97 79 95 89 37 78 26 55 3 34 39 66 97 69 55 25 91 98 13 82 25 41 99 23 85 16 74 42 21 78 29 
70 57 75 58 45 52 35 99 7 69 89 24 17 57 79 94 48 76 6 81 53 46 32 75 30 99 48 23 71 77 3 40 85 29 50 30 33 36 80 39 4 69 14 21 77 92 14 76 20 71 57 72 17 40 98 98 38 45 73 
8 21 75 100 58 4 1 87 36 36 66 26 40 86 39 12 63 83 77 38 54 47 46 77 15 85 74 65 22 70 37 82 42 63 81 99 18 81 85 5 68 51 82 7 36 21 70 50 55 46 88 8 45 33 84 11 70 57 75 
43 26 63 24 67 26 56 66 95 88 2 100 56 4 81 14 92 53 84 41 7 81 80 14 77 65 97 88 34 5 14 76 82 29 52 49 6 7 66 100 95 19 51 2 23 32 15 14 36 98 54 43 31 86 8 7 50 57 46 
83 61 12 10 43 40 13 43 45 72 60 96 66 78 47 19 52 30 33 65 65 83 71 7 13 56 15 71 5 71 17 39 83 80 100 77 19 65 71 15 36 82 62 53 60 8 71 11 37 3 28 2 37 98 60 49 5 26 20 
61 96 88 51 31 19 50 59 37 14 30 3 49 11 64 1 22 24 23 85 12 26 12 13 62 61 25 63 65 50 34 77 98 73 27 80 91 28 38 79 42 67 81 42 30 96 95 51 71 69 87 83 94 98 47 8 10 71 22 
74 73 55 2 70 27 28 49 69 56 38 47 49 5 79 90 34 26 36 36 97 5 23 31 50 72 77 9 82 100 82 7 24 36 9 93 14 36 93 82 43 30 80 91 86 58 33 71 84 68 59 32 24 81 62 26 4 90 86 
85 41 68 44 64 55 52 8 69 39 52 2 82 34 34 72 19 91 56 90 26 24 100 9 99 80 70 76 83 12 62 20 52 29 15 68 83 18 75 3 56 27 57 89 60 90 13 30 32 68 71 58 43 70 66 94 1 88 69 
36 51 82 55 2 10 69 21 45 86 96 99 93 74 7 34 85 48 46 66 80 65 37 89 8 58 6 1 59 93 69 94 95 3 100 49 12 20 69 8 57 16 59 1 89 65 34 25 13 31 91 44 96 79 32 3 36 37 55 
46 82 75 91 76 77 90 24 89 61 45 48 17 60 58 70 1 23 3 25 87 34 67 30 29 97 13 83 85 1 37 30 82 11 21 10 88 62 85 28 23 29 27 91 89 85 60 89 59 15 65 45 48 32 26 28 80 90 10 
64 90 98 94 72 8 66 33 47 27 69 74 1 98 53 92 38 37 3 78 95 17 42 91 16 25 68 43 5 57 4 68 46 53 13 69 61 78 53 59 5 22 85 57 71 37 48 60 73 51 37 19 19 30 61 35 7 80 29 
63 88 85 82 85 37 95 6 49 24 58 8 80 31 92 37 1 80 36 60 4 86 48 74 57 78 34 91 36 65 71 98 52 55 31 88 92 77 93 40 1 3 99 80 33 90 68 86 69 4 97 72 41 45 45 97 74 30 39 
9 46 10 58 49 64 88 37 55 65 29 47 17 31 45 48 16 87 16 1 7 19 97 31 59 93 27 8 66 9 46 26 54 55 83 3 71 23 39 77 39 19 23 55 50 20 2 17 6 17 17 64 87 65 94 98 58 21 5 
23 29 2 49 34 9 83 36 79 5 26 55 43 45 30 49 46 49 51 62 6 19 30 69 58 94 15 55 51 35 11 26 15 12 26 48 20 8 36 98 65 61 5 59 5 34 8 50 34 10 63 91 80 92 11 37 86 25 43 
88 11 53 13 77 17 38 25 36 98 12 86 62 72 90 20 77 75 79 78 60 88 41 50 68 32 60 56 69 85 99 57 47 51 21 24 67 11 48 55 8 11 92 21 82 81 40 10 7 19 40 66 58 80 67 77 63 26 33 
84 62 31 92 9 33 12 32 52 74 31 58 81 41 49 1 22 81 93 84 39 63 23 4 20 2 70 49 16 47 81 51 9 63 42 17 47 6 48 50 79 78 7 60 70 7 12 91 87 56 74 25 18 96 80 90 49 1 38 
17 100 18 67 8 32 9 76 78 14 23 80 44 52 86 55 21 45 67 63 31 22 89 8 92 36 39 81 37 40 18 53 39 35 71 98 18 31 73 47 96 47 26 40 50 64 94 22 8 12 84 90 34 24 49 25 60 88 5 
48 79 74 100 17 8 22 66 77 53 38 23 48 36 1 87 85 64 33 6 23 44 41 12 77 65 61 53 76 100 9 23 78 82 22 46 41 95 11 17 47 100 92 47 35 92 85 19 7 17 24 29 61 64 92 89 80 4 94 
55 55 2 77 32 36 50 77 76 45 87 45 43 86 36 89 72 79 74 90 37 42 65 17 2 81 60 43 60 16 36 67 70 37 43 2 72 93 78 100 89 17 96 31 54 83 72 26 61 45 67 49 86 32 65 40 64 24 82 
23 39 17 89 9 5 84 10 29 28 39 80 16 7 75 46 61 57 69 38 69 13 4 17 51 87 81 42 50 56 23 25 95 91 65 55 47 48 16 75 75 54 54 90 13 80 88 73 36 56 10 4 21 65 20 23 52 52 64 
53 8 38 77 54 80 42 8 26 89 23 1 16 28 6 57 40 86 96 64 21 4 25 77 24 90 96 98 93 100 13 45 7 50 74 60 29 15 19 54 55 93 6 22 72 64 79 64 49 74 27 21 77 4 97 52 45 45 1 
37 44 13 33 2 14 6 13 94 72 83 100 79 75 5 100 98 20 30 61 68 56 40 41 84 43 89 36 87 85 88 75 28 1 7 81 66 65 45 60 88 27 11 18 53 67 18 51 87 99 11 6 54 50 46 38 44 35 25 
30 19 12 4 99 64 63 31 30 79 76 41 18 54 51 36 7 17 53 9 3 3 71 9 57 73 6 94 16 92 18 98 63 29 1 13 45 15 43 74 93 70 66 63 76 16 98 34 32 2 42 87 4 64 47 60 36 52 5 
4 44 22 1 58 3 53 70 47 68 64 72 12 86 37 74 61 4 71 94 87 72 87 73 76 50 71 87 38 23 92 41 18 65 41 75 67 93 96 65 12 59 88 24 44 76 49 56 79 20 1 18 43 39 42 70 41 13 57 
78 87 100 70 4 64 62 30 83 6 25 47 18 35 87 93 31 62 41 86 93 12 39 10 55 77 51 76 17 15 84 46 1 83 15 4 99 28 85 81 34 61 79 51 96 65 43 26 27 35 63 71 47 53 80 53 30 82 28 
98 97 12 44 97 46 10 53 44 38 37 76 23 98 55 73 45 19 67 22 97 53 84 67 99 89 98 3 18 80 31 67 76 94 10 72 91 72 76 87 61 13 62 83 62 68 7 6 87 25 27 35 77 62 54 28 50 51 30 
67 30 12 34 57 57 95 81 48 18 56 34 78 20 47 12 81 15 18 86 53 94 12 87 71 74 92 50 75 43 79 94 24 91 27 33 47 73 13 46 91 68 79 20 88 26 32 20 40 1 6 44 95 69 30 17 42 22 66 
17 16 96 62 39 86 40 71 85 12 35 30 54 55 61 26 94 38 9 13 29 9 18 72 55 87 1 23 80 74 88 48 41 84 9 32 21 48 2 57 12 89 87 17 43 47 42 36 84 50 100 64 11 18 35 17 56 87 40 
87 61 79 35 53 14 95 84 87 95 38 43 6 26 81 22 20 27 16 55 62 65 6 77 27 75 11 44 30 98 35 69 10 65 55 62 31 49 46 17 43 83 59 100 60 92 22 79 18 37 85 32 53 90 8 80 65 71 75 
46 68 61 14 29 25 68 42 55 69 87 23 63 21 34 63 32 25 84 10 94 72 94 77 76 36 37 55 52 7 81 97 26 41 63 6 18 82 47 24 50 86 99 13 6 32 27 38 56 62 99 1 33 45 78 8 80 14 15 
31 72 47 79 49 40 41 54 9 75 100 32 24 85 30 88 43 13 14 32 20 75 30 21 59 74 98 19 53 63 85 35 86 31 14 34 22 54 87 30 28 86 14 4 23 95 43 65 8 9 96 27 35 77 47 94 51 96 64 
55 10 48 90 47 30 55 80 52 60 18 33 88 4 46 43 26 41 37 42 100 45 37 26 80 65 25 25 67 72 88 22 34 87 63 80 16 69 12 19 28 29 52 67 84 49 9 61 41 98 2 40 42 90 18 73 55 42 97 
21 65 84 94 98 22 8 30 38 76 41 56 4 69 59 70 53 8 31 13 48 28 67 40 21 56 57 94 62 50 90 35 14 26 28 64 47 36 93 36 63 33 44 66 53 2 88 57 61 18 22 61 97 88 100 17 95 56 10 
57 5 52 91 70 77 70 33 75 57 25 11 20 9 54 85 14 7 72 70 68 41 43 80 37 30 79 54 77 86 63 85 42 14 27 11 42 96 44 69 53 20 31 72 81 84 56 94 42 80 15 61 20 58 40 57 39 18 62 
67 55 24 51 96 90 77 59 83 73 2 3 77 73 33 48 53 16 55 98 10 86 65 70 6 74 10 14 12 79 75 79 34 50 81 29 91 58 39 26 82 40 28 58 65 61 57 69 28 63 67 37 49 83 59 6 56 68 71 
19 46 97 97 79 46 30 60 89 39 98 66 20 90 93 29 6 5 85 74 33 99 92 21 47 74 79 4 29 98 74 48 44 70 96 74 68 77 85 56 15 35 73 34 76 65 14 81 70 50 6 54 49 98 26 47 23 57 51 
52 54 24 51 49 46 98 75 13 75 59 20 89 45 92 75 20 8 88 52 29 90 58 82 38 55 60 84 77 68 86 80 21 10 82 22 7 32 96 71 6 6 90 46 51 33 72 22 40 12 74 21 1 31 54 38 37 13 73 
13 80 59 45 53 20 78 74 26 9 21 96 66 26 37 12 28 69 35 2 60 46 75 80 98 57 34 87 93 98 60 57 30 70 53 82 89 31 7 66 39 27 61 5 4 49 68 84 17 54 85 28 100 11 60 49 19 45 36 
11 42 95 19 71 64 72 4 4 54 10 69 44 88 81 48 44 29 67 79 97 21 15 24 72 25 35 20 43 79 55 5 73 1 23 95 16 46 99 19 99 60 87 95 100 67 42 95 47 61 73 43 33 87 19 4 63 53 75 
57 84 30 61 56 82 35 50 98 33 100 68 83 12 7 77 63 25 19 57 72 31 81 14 63 67 32 18 81 37 92 37 20 73 97 75 55 31 76 4 63 28 71 98 39 29 74 1 54 44 9 25 74 89 90 36 55 74 53 
35 10 97 23 29 69 19 55 23 1 82 78 16 9 1 13 99 29 86 99 82 30 7 58 55 95 48 91 1 73 95 87 82 91 9 62 12 79 68 86 80 1 64 47 10 64 11 8 44 96 59 26 77 17 35 32 64 34 74 
16 6 20 3 39 63 63 100 74 42 19 59 73 20 74 19 81 89 29 40 33 76 50 10 5 67 96 36 82 30 61 97 35 80 51 74 94 14 25 19 55 96 78 79 15 3 49 47 44 29 86 76 4 36 37 8 54 32 95 
35 61 7 31 48 87 82 73 32 95 97 51 1 44 80 31 58 82 79 56 77 7 42 4 62 77 40 70 30 24 16 16 36 23 46 83 61 79 7 92 25 56 94 77 99 73 7 9 7 85 64 83 43 5 87 5 33 78 26 
14 1 41 29 37 15 75 71 75 53 30 19 30 85 12 6 83 37 13 91 43 49 55 25 92 11 63 96 44 41 73 57 41 65 38 29 80 64 52 6 68 81 76 97 17 40 3 99 76 15 42 70 63 96 46 6 6 9 53 
1 49 25 10 41 90 47 70 21 10 73 26 29 5 54 26 21 93 28 71 20 94 12 89 8 7 34 14 65 42 66 17 90 43 26 83 84 24 4 4 85 76 81 14 32 34 91 52 26 18 22 45 63 34 85 70 92 19 83 
8 12 1 77 2 95 54 36 78 78 39 81 14 14 61 79 45 47 69 48 24 86 69 69 48 54 5 70 98 23 4 57 35 4 33 88 50 87 23 27 64 61 59 29 26 72 8 70 18 76 69 41 14 89 61 13 43 66 82 
1 1 1 1 1 0 0 0 0 0 0 0 1 0 1 1 1 0 0 0 1 0 0 1 1 1 0 1 1 1 1 0 0 0 1 0 0 1 0 0 1 1 1 0 1 0 0 1 0 0 1 1 0 0 0 1 1 0 1 
0 1 0 0 0 0 1 0 0 1 0 1 0 1 0 1 1 0 1 0 0 1 1 1 0 1 1 1 0 0 0 0 1 0 0 1 0 0 1 1 1 0 0 1 1 0 0 0 0 1 0 0 1 0 1 1 1 0 0 
0 0 1 0 0 1 1 1 0 1 1 1 0 1 1 1 0 1 0 1 1 1 1 1 0 1 0 1 1 0 0 1 1 1 1 1 0 0 0 0 1 1 1 1 0 0 1 1 1 1 0 0 0 1 1 1 1 1 0 
0 0 0 1 1 1 0 0 0 1 0 0 0 0 0 0 0 0 1 1 0 0 1 0 0 1 0 1 0 1 0 0 1 0 1 0 0 1 0 0 0 1 0 1 1 0 1 1 1 0 1 1 0 0 1 0 1 1 0 
1 1 0 1 0 0 0 1 0 0 1 0 0 0 1 1 1 1 0 1 0 0 0 1 0 0 1 1 0 0 1 1 1 1 1 0 1 1 1 0 1 0 0 0 1 1 1 0 1 0 1 1 0 1 1 1 0 0 0 
0 0 1 1 0 0 0 0 1 0 1 1 1 1 0 1 0 1 1 1 0 1 0 0 1 0 1 0 0 1 0 0 1 1 1 1 1 0 1 1 0 0 0 1 0 0 1 0 0 0 1 0 1 0 0 0 0 1 1 
0 0 1 0 0 1 1 1 0 1 1 1 1 1 0 1 1 0 0 0 0 0 1 1 1 1 1 1 1 1 0 1 1 0 1 1 1 1 1 1 0 0 1 0 1 1 1 1 1 1 1 0 1 0 1 0 0 0 1 
1 1 0 1 1 0 0 0 1 1 1 0 0 1 1 0 1 0 1 0 0 0 1 0 1 1 1 1 1 1 0 1 1 0 0 0 0 0 0 1 0 0 0 0 1 1 0 0 0 1 0 0 1 1 0 0 1 1 1 
0 0 1 1 1 0 1 1 0 0 0 0 0 0 0 0 1 1 0 0 1 1 0 1 0 0 1 0 1 0 1 1 1 0 1 0 0 0 0 1 0 0 1 0 0 1 0 1 0 0 1 0 1 0 1 1 0 1 1 
1 1 0 0 0 1 1 1 1 0 1 0 0 1 1 1 1 0 1 0 1 0 0 1 1 0 0 1 0 1 0 1 1 1 1 1 0 1 0 1 1 1 0 1 0 1 0 1 0 0 0 1 0 0 0 1 0 0 0 
0 0 1 1 1 0 0 0 0 1 1 1 0 0 1 0 1 1 0 0 1 0 0 0 0 0 0 0 0 0 0 0 0 1 1 1 1 0 0 1 1 1 1 0 1 0 0 0 1 0 1 0 1 1 0 1 0 0 1 
0 1 0 1 1 1 0 1 1 0 1 0 0 0 1 0 1 0 0 0 1 0 1 0 1 0 0 1 0 1 0 1 0 0 0 1 0 0 0 1 1 1 1 1 1 1 1 1 1 1 1 0 1 0 0 1 0 1 0 
1 0 0 0 0 1 0 1 1 0 0 0 1 1 1 0 1 0 1 0 1 0 1 0 0 1 0 1 1 1 1 0 1 1 0 1 0 0 1 1 1 1 1 0 0 1 1 1 1 0 1 1 1 0 1 1 1 1 0 
1 1 1 1 0 0 0 0 1 0 1 0 1 0 0 0 0 1 1 0 0 1 1 1 0 0 0 1 1 0 1 0 1 0 0 1 1 0 1 0 0 0 0 0 0 0 0 1 1 1 1 0 0 0 1 1 0 0 0 
0 0 0 0 1 0 0 0 1 0 0 1 1 0 0 1 1 0 1 0 0 0 1 0 0 1 1 1 0 1 0 0 1 0 0 0 0 1 1 0 1 1 1 0 1 1 1 0 0 0 0 0 0 1 0 1 1 1 0 
1 1 0 1 0 0 1 1 1 0 0 1 0 1 0 0 0 0 0 1 0 0 1 0 1 1 0 0 0 1 0 1 0 1 0 1 1 1 0 0 0 0 1 0 1 0 0 1 0 0 0 0 1 0 0 0 1 0 0 
1 1 0 0 0 1 0 1 1 1 1 1 1 1 1 1 0 1 0 1 1 0 0 1 1 0 1 1 1 1 1 0 0 0 0 0 1 0 1 0 1 0 0 1 1 1 0 1 0 0 1 1 1 1 0 0 1 1 0 
0 0 1 0 0 1 0 1 1 0 0 1 1 1 1 0 0 0 1 0 0 1 1 1 0 0 1 1 1 0 1 1 0 0 1 1 0 1 0 1 1 0 0 0 1 0 1 0 0 0 0 1 1 1 0 0 1 0 1 
0 0 0 1 1 0 0 0 0 1 0 1 0 0 0 0 0 0 1 0 0 1 0 1 1 1 0 1 0 0 0 0 0 0 1 1 0 1 1 1 0 1 0 0 0 0 0 0 0 0 0 1 1 0 0 0 1 0 1 
1 0 1 1 1 1 0 0 0 1 0 1 1 1 1 1 1 0 1 1 0 1 1 1 1 1 0 1 0 0 1 1 1 0 0 0 0 0 0 0 1 0 1 0 0 0 1 1 0 1 1 1 0 0 0 1 0 0 1 
0 1 0 0 0 0 0 0 0 1 0 0 0 1 1 1 1 0 0 0 0 1 1 1 0 0 0 1 0 0 0 0 1 0 0 1 1 1 1 1 0 0 0 0 1 1 1 0 1 0 0 0 1 0 1 1 0 1 1 
0 0 1 0 1 0 1 1 1 0 0 0 0 0 0 0 1 0 0 1 1 0 0 1 1 0 1 1 0 0 0 0 0 1 0 0 1 1 1 0 1 1 1 1 0 1 0 1 1 0 1 1 0 1 0 1 1 1 0 
1 0 0 1 0 0 1 0 1 1 1 0 0 1 1 0 1 0 0 0 0 0 1 1 0 0 1 1 1 1 0 0 1 0 1 1 0 1 0 0 0 1 0 0 0 1 0 1 1 0 0 1 0 1 0 0 0 0 0 
1 1 0 0 0 0 1 1 1 0 1 1 0 1 1 1 1 0 1 1 1 0 1 1 0 0 1 1 0 1 1 0 0 1 0 0 1 1 0 0 0 1 1 0 0 0 1 0 0 1 1 0 1 0 1 1 0 0 0 
1 0 1 1 0 0 1 1 0 0 1 0 0 0 0 1 1 0 0 1 1 1 0 1 0 0 0 0 0 0 0 1 0 0 0 1 0 1 0 0 0 1 1 0 1 1 1 0 1 0 1 0 1 1 1 0 1 1 0 
0 0 0 1 0 0 0 1 1 1 1 1 1 0 0 0 0 1 1 0 1 1 0 1 1 1 1 1 1 0 1 1 0 1 0 1 0 0 0 1 0 0 0 1 0 1 1 0 0 1 1 1 0 1 1 1 0 0 0 
1 0 1 0 1 1 1 0 1 1 0 0 1 0 0 1 1 1 0 1 0 1 0 1 0 1 0 1 0 0 0 1 1 1 0 0 0 1 0 1 0 0 1 0 1 0 1 0 1 1 1 1 1 0 1 1 1 1 0 
1 0 0 1 1 0 1 1 0 0 1 0 0 1 1 0 0 1 1 0 1 1 0 0 0 0 1 1 1 1 1 1 1 0 0 0 0 1 1 0 1 0 0 1 1 0 0 0 1 1 0 0 0 0 1 0 0 0 1 
0 1 1 1 0 1 1 0 1 0 1 1 1 1 0 0 1 0 0 1 1 0 1 0 0 0 1 1 0 1 0 0 1 1 1 1 0 0 0 1 0 1 1 1 1 1 0 0 1 0 1 0 0 0 0 1 0 1 0 
1 1 0 1 0 0 1 1 0 1 1 0 0 1 1 1 0 0 1 0 1 0 1 1 0 1 0 1 0 1 1 1 0 0 0 0 0 1 0 0 1 1 0 1 0 1 0 0 1 0 0 0 0 1 0 0 1 0 0 
1 1 1 0 0 1 0 0 1 0 0 0 1 0 0 0 0 0 0 1 1 0 1 0 0 1 0 1 0 0 1 1 1 0 1 1 0 1 0 1 1 0 1 0 0 0 0 1 0 1 0 1 1 1 1 0 0 1 1 
0 1 0 1 1 0 0 0 0 0 0 0 1 1 1 0 1 1 0 0 1 1 0 1 1 0 0 1 0 0 0 1 1 0 0 0 0 1 1 1 1 1 1 0 0 0 0 0 0 1 0 1 0 1 0 1 1 1 0 
1 1 0 0 0 0 1 1 1 0 0 0 1 1 1 1 0 1 0 0 1 1 0 1 1 1 1 1 0 0 1 0 1 0 0 0 0 1 1 1 1 1 1 0 0 0 0 0 0 0 0 1 1 1 0 0 0 0 1 
1 0 1 1 0 1 1 0 1 1 1 1 0 0 0 1 0 1 1 1 1 1 1 0 0 0 1 0 1 1 0 0 1 1 1 1 0 0 1 1 1 0 0 0 0 1 1 1 0 0 0 1 1 1 1 1 0 0 1 
1 1 1 1 1 0 0 0 0 0 0 0 0 0 0 0 1 1 1 0 1 1 0 0 0 1 0 1 1 0 0 0 0 0 1 1 0 1 1 1 0 1 1 0 0 1 0 1 1 1 1 0 0 1 1 0 0 1 1 
0 1 1 0 1 1 0 0 0 1 0 1 1 1 0 1 1 1 1 0 0 0 1 1 0 0 0 0 1 1 1 1 0 1 1 0 0 1 0 0 1 0 1 0 0 1 0 1 1 1 0 1 0 1 0 0 0 0 1 
1 1 0 0 0 1 1 0 0 1 0 0 0 1 0 0 1 1 0 0 0 0 0 0 0 0 0 0 0 1 1 1 0 0 1 0 1 0 0 1 1 1 0 1 0 0 0 1 1 0 1 0 0 0 0 0 0 0 1 
0 1 0 1 0 0 0 0 0 0 1 1 0 0 1 1 0 1 1 1 1 0 0 1 0 0 1 1 0 1 0 0 1 0 1 1 1 1 1 1 0 0 0 0 0 0 1 0 1 1 1 0 1 0 1 1 0 0 0 
1 0 0 1 1 1 1 0 0 0 1 1 0 0 1 0 0 1 0 1 1 1 0 1 0 0 1 1 1 1 0 0 1 0 1 0 1 0 0 1 1 0 0 1 0 0 0 0 1 0 1 0 1 0 0 1 0 1 0 
1 0 0 1 0 1 1 0 0 1 1 0 0 1 0 0 1 0 0 1 0 0 1 0 1 1 0 0 1 1 0 1 0 1 0 0 0 1 0 0 1 1 0 1 0 1 1 1 1 1 1 1 1 0 0 0 1 0 0 
0 0 1 1 0 0 0 0 0 1 0 0 0 0 1 0 0 0 1 0 1 1 1 1 0 1 1 1 0 1 1 0 1 0 0 1 0 0 1 0 1 0 1 0 0 0 0 0 0 1 0 1 0 1 0 1 0 1 0 
0 1 1 1 0 0 1 0 0 1 1 1 0 1 0 0 1 0 0 0 0 0 0 1 0 0 0 1 0 1 1 1 0 1 0 1 1 1 1 1 0 0 0 0 0 0 1 1 0 1 1 0 1 0 0 0 0 0 1 
0 1 1 1 0 0 1 1 1 0 0 0 0 0 1 1 0 1 0 0 0 1 1 0 1 1 0 1 1 0 0 0 0 1 1 0 1 1 1 0 1 1 1 0 1 0 1 0 1 1 0 1 0 1 0 1 1 0 0 
0 1 1 0 1 0 0 1 0 1 0 0 0 1 1 0 0 1 1 0 1 0 0 0 1 0 0 0 1 1 1 1 0 0 0 1 0 0 0 0 1 0 1 1 1 0 0 1 0 1 0 1 0 0 1 1 0 0 1 
1 1 0 1 1 0 1 0 1 1 0 1 0 0 0 1 1 1 1 0 1 1 0 0 1 1 1 0 1 1 1 1 0 0 0 1 0 1 1 1 0 1 1 0 1 1 1 0 0 1 1 1 0 1 1 1 0 1 1 
0 0 0 1 1 0 1 0 1 0 0 0 0 1 1 0 1 1 1 1 1 0 0 1 0 0 0 1 0 1 0 0 0 1 1 1 1 0 1 0 0 1 1 0 1 0 0 0 1 0 1 1 0 0 0 1 0 0 0 
0 0 1 1 0 0 0 1 1 1 0 0 1 0 1 0 1 1 0 1 1 0 0 0 1 0 0 0 0 0 0 1 0 1 0 0 1 0 1 1 1 0 1 1 0 0 1 1 1 1 0 0 0 0 0 1 1 0 1 
1 1 1 0 1 1 0 0 0 1 1 1 0 1 0 1 1 0 0 0 0 0 0 0 0 1 1 1 0 1 0 1 0 1 0 0 0 0 0 1 1 1 0 0 1 1 1 0 1 0 1 1 0 1 0 0 0 1 1 
0 0 1 0 1 0 0 1 1 0 1 0 0 0 0 0 1 1 1 0 1 1 1 0 1 0 0 1 1 1 0 1 0 1 1 1 0 1 0 1 0 1 1 0 1 1 0 1 1 1 1 0 1 0 0 0 0 1 0 
1 0 0 1 0 0 0 1 0 0 1 1 0 0 0 0 0 1 0 1 0 1 0 0 0 0 1 1 0 0 1 0 0 1 1 1 1 1 0 1 1 0 0 1 0 0 1 0 0 1 1 0 1 1 1 1 1 0 0 
0 0 1 0 0 1 1 1 0 0 0 0 0 0 0 1 0 1 1 1 1 0 0 1 1 0 0 1 1 0 1 1 0 1 1 1 0 0 0 0 1 0 0 1 0 1 0 1 0 1 0 1 0 0 0 1 0 1 0 
