66 52 3133
69 32 18 87 24 29 16 41 53 41 70 69 100 95 92 93 83 36 26 45 9 57 54 42 19 19 97 95 61 59 79 82 90 96 20 65 24 35 5 76 76 26 96 27 21 87 20 3 75 97 100 83 
5 53 24 23 24 72 17 84 30 96 17 71 43 88 36 67 75 92 94 2 18 90 28 38 28 99 92 2 95 91 36 99 96 12 21 19 83 90 54 65 37 71 87 79 10 74 97 84 66 91 85 35 
32 13 24 59 11 15 13 58 58 48 56 53 11 29 71 94 70 24 10 6 46 96 84 56 22 33 91 39 23 76 73 6 40 96 16 2 62 28 59 19 28 67 71 38 47 93 83 16 69 44 73 14 
92 8 21 13 40 12 51 14 39 75 19 30 70 87 31 83 14 42 2 93 60 24 83 6 69 17 73 37 61 97 2 52 4 75 64 96 38 66 9 28 40 80 57 9 66 39 43 31 80 96 76 39 
20 58 96 40 26 20 76 86 16 29 37 72 3 52 67 92 17 27 19 56 58 75 16 75 14 59 58 93 54 85 84 25 94 31 16 19 51 91 5 18 72 41 41 26 45 59 18 61 38 36 17 95 
63 84 22 76 94 31 20 48 15 55 24 8 86 40 26 88 82 30 57 53 23 98 31 67 56 48 27 93 35 95 40 97 31 13 72 24 43 92 71 57 98 47 64 83 86 89 22 19 71 79 24 93 
76 54 11 83 1 89 28 35 84 67 32 14 79 55 37 73 98 60 29 96 58 44 30 43 84 52 13 54 82 36 98 57 89 8 91 41 97 18 28 32 84 11 97 14 65 85 86 15 44 66 10 1 
9 91 95 93 94 60 98 75 95 96 31 36 55 74 76 3 91 3 34 27 65 30 40 82 15 78 96 10 95 57 63 4 47 9 48 41 68 97 15 15 44 98 50 99 23 25 1 13 80 87 39 44 
16 31 25 82 60 72 44 54 28 58 9 27 18 8 19 38 5 85 52 48 82 1 98 56 77 99 69 8 85 59 52 52 89 28 86 48 52 81 2 79 90 10 57 7 70 75 44 74 60 47 73 93 
99 71 49 76 21 17 35 57 75 38 60 16 66 45 63 69 77 16 47 66 78 4 25 47 30 20 20 89 67 44 82 17 14 30 44 86 98 79 42 72 16 54 87 33 50 2 1 27 17 100 92 94 
3 68 40 84 88 11 73 54 55 6 22 20 35 66 6 84 44 99 7 59 52 46 92 2 47 92 80 15 91 23 9 45 91 100 81 78 11 53 83 17 58 4 36 44 69 93 27 12 92 85 23 95 
30 14 48 28 57 27 43 100 50 51 96 40 2 76 69 64 80 51 80 37 6 68 32 75 60 10 38 3 95 60 98 24 25 97 52 34 24 46 33 73 48 80 64 49 56 32 13 35 82 44 24 87 
11 7 13 23 17 3 25 63 62 74 38 39 71 41 72 94 86 56 18 33 35 81 82 42 12 46 29 45 89 52 83 52 58 48 74 26 50 98 88 63 72 26 1 94 18 24 87 4 79 56 36 66 
36 69 7 99 14 35 43 55 38 25 6 48 24 79 25 73 28 65 36 51 42 88 44 59 64 82 62 94 37 50 59 24 18 18 22 84 4 16 38 94 41 95 41 64 25 65 89 4 29 76 55 70 
63 50 81 78 84 42 72 20 91 82 96 61 51 17 44 55 33 33 48 25 79 40 40 3 56 80 6 37 55 12 58 70 62 38 47 45 80 18 16 22 52 63 82 2 32 25 8 16 9 55 40 87 
46 31 41 2 11 99 38 17 10 47 86 23 85 33 67 16 2 35 37 5 97 71 7 28 47 14 43 56 21 34 94 66 17 35 19 27 85 56 43 94 55 81 17 39 13 35 6 66 21 94 71 18 
64 29 97 11 94 40 18 14 25 63 80 41 97 50 19 33 58 14 27 12 94 95 50 58 81 7 75 2 100 45 71 64 25 67 26 19 58 43 32 35 5 63 75 54 13 94 86 70 7 64 33 52 
10 34 9 43 40 83 96 39 80 66 2 56 84 27 74 94 21 58 28 78 72 54 31 36 47 68 57 5 84 89 8 93 22 68 87 61 3 82 52 82 99 53 89 83 32 15 28 4 24 7 81 95 
60 11 83 59 31 39 63 14 80 23 58 53 90 45 66 92 26 17 25 25 69 14 59 52 28 38 56 51 44 36 97 3 99 79 61 29 70 76 94 1 98 51 53 39 95 18 31 73 34 55 49 55 
68 7 58 47 44 13 49 39 1 98 93 99 28 6 79 97 81 72 49 30 74 2 20 69 19 50 93 5 5 41 11 24 99 68 23 42 81 71 32 33 68 24 83 96 29 61 44 61 84 93 42 57 
46 62 77 16 11 69 20 67 61 30 43 59 98 65 52 30 87 83 62 7 7 96 54 87 56 97 48 91 41 41 47 86 2 76 2 65 96 73 83 57 55 25 15 52 89 67 33 28 49 46 34 7 
41 87 46 48 35 45 38 76 85 36 13 39 63 66 3 59 39 37 15 93 62 81 96 2 47 28 29 48 25 62 54 65 100 99 64 35 95 1 62 80 88 74 18 51 92 72 9 30 8 75 22 21 
55 69 23 54 48 3 1 72 17 6 88 16 57 3 2 51 3 63 30 42 89 99 92 80 70 52 61 30 26 34 50 33 2 24 86 49 27 86 72 43 91 11 10 47 13 12 50 67 26 79 8 14 
78 100 45 99 51 5 80 29 38 30 61 91 53 46 39 31 83 62 73 25 24 83 24 36 46 73 54 71 3 62 85 32 13 81 31 15 86 10 43 75 91 3 66 96 100 4 26 34 18 51 59 41 
85 82 29 30 54 82 100 56 95 36 88 7 17 70 22 2 31 16 76 74 19 41 69 70 97 46 4 66 48 62 58 32 95 38 61 48 72 13 55 66 48 94 25 16 63 46 69 46 61 97 19 31 
89 87 53 37 84 56 2 32 69 12 15 63 49 76 62 20 40 16 86 39 10 10 55 24 7 23 69 19 19 87 50 8 25 54 44 61 9 98 92 29 9 6 91 57 33 4 29 72 19 14 63 80 
75 17 56 33 91 24 51 10 63 52 69 39 5 12 99 65 61 90 93 69 48 35 78 80 38 6 4 9 71 18 40 97 34 95 29 24 19 31 85 33 35 53 71 91 17 70 56 77 11 100 46 10 
87 75 90 76 80 45 84 2 62 24 98 47 18 26 70 88 8 55 20 42 59 43 33 75 64 40 52 74 39 49 84 77 23 25 53 54 21 36 55 34 11 52 80 81 29 1 68 36 7 40 78 18 
34 62 92 97 1 95 70 39 43 5 68 17 81 20 22 1 7 76 86 18 79 17 98 7 70 17 95 76 8 24 93 41 85 37 37 85 31 59 75 26 15 42 42 96 61 16 48 68 91 86 37 22 
2 86 80 71 54 74 99 62 49 43 54 33 79 91 17 62 1 44 87 15 85 80 62 98 95 10 17 38 47 5 59 48 90 90 71 43 64 69 56 12 11 10 97 42 52 65 3 52 8 89 18 45 
20 80 94 15 41 10 52 87 14 62 34 55 51 4 49 66 24 5 30 87 66 26 28 17 42 82 68 50 70 85 46 41 16 39 55 56 100 58 42 65 71 28 19 74 83 19 39 7 23 20 45 40 
45 72 56 39 53 75 40 74 12 85 14 27 75 21 35 74 78 28 38 1 7 8 74 90 26 64 48 1 84 92 40 80 15 48 18 19 22 57 92 85 93 57 64 67 77 98 92 7 77 29 7 84 
88 32 73 14 95 72 66 78 15 5 10 29 52 27 47 26 36 90 10 28 46 73 95 75 22 38 81 99 67 39 82 6 22 6 19 16 29 84 46 43 41 55 23 44 33 21 69 68 10 31 48 7 
55 94 81 29 31 13 27 49 3 60 55 76 17 25 92 45 61 89 39 1 95 13 44 27 33 65 47 94 95 94 100 1 39 33 29 69 97 7 18 52 66 24 27 34 48 70 30 8 10 68 60 4 
80 56 83 64 20 81 57 66 26 9 66 64 93 47 32 41 53 1 92 19 24 71 4 72 92 34 31 2 1 91 57 33 46 91 48 17 71 5 82 96 65 99 59 57 45 43 49 50 43 41 20 67 
63 23 90 54 56 20 7 9 10 64 41 7 6 40 23 77 44 56 72 60 7 83 68 3 25 17 52 67 9 71 85 71 94 74 76 1 94 35 9 55 50 1 14 55 41 88 31 36 96 55 96 2 
37 63 56 13 31 8 31 39 30 16 61 75 41 89 76 86 23 84 93 72 85 6 78 25 45 61 60 40 15 7 41 3 22 49 67 52 56 97 43 37 64 3 12 57 91 87 42 65 22 34 88 6 
91 66 82 36 26 94 75 92 100 68 94 73 16 12 25 23 8 67 11 24 21 22 80 64 60 73 28 82 59 68 39 49 85 21 36 62 66 63 53 17 82 98 90 49 9 66 71 68 84 81 91 56 
55 22 19 14 95 99 47 5 66 86 5 2 58 41 63 75 55 67 91 36 64 32 84 24 49 6 91 32 38 34 88 92 55 58 58 1 56 56 5 73 93 10 26 2 2 88 76 56 54 19 91 69 
2 26 44 51 31 35 34 68 20 73 60 26 31 69 79 38 24 35 63 17 44 88 18 97 76 46 4 81 64 46 2 65 71 45 67 1 31 1 21 50 73 32 28 55 100 6 93 75 40 55 43 36 
94 61 84 21 58 88 2 21 33 55 37 56 51 4 8 82 56 28 83 80 59 62 35 10 67 79 37 59 85 79 94 78 91 77 99 48 16 52 20 1 58 9 56 8 64 15 41 19 43 24 50 53 
37 36 15 4 14 51 14 98 81 7 28 72 35 78 71 3 29 43 3 86 51 10 45 14 24 86 84 18 61 33 23 97 69 37 52 34 39 65 84 19 23 11 42 10 88 65 12 68 7 66 5 57 
27 49 22 50 86 57 68 46 41 90 95 61 78 46 95 16 63 30 86 85 92 80 46 31 44 9 98 50 74 54 58 100 54 31 2 40 87 21 37 79 62 31 40 39 29 86 6 91 15 43 27 6 
22 73 36 17 81 85 66 7 38 75 58 91 5 59 30 43 79 19 22 40 49 61 30 77 98 87 19 12 30 98 17 3 22 4 20 2 88 85 60 25 12 18 67 68 76 49 11 7 67 84 46 15 
44 28 44 93 14 14 4 95 11 72 98 32 75 17 86 14 53 45 38 64 62 56 32 90 4 94 96 70 77 93 37 20 20 80 12 86 45 67 80 56 38 77 39 64 93 24 77 46 69 66 61 82 
21 92 71 77 85 18 46 61 11 34 32 82 13 95 67 10 13 47 65 50 23 3 65 68 27 41 65 47 58 25 80 31 17 51 7 53 20 4 66 30 38 97 12 2 44 78 11 56 76 27 58 51 
30 22 18 8 15 34 6 24 58 85 54 26 87 12 79 7 16 96 36 53 92 99 6 87 29 17 43 4 43 52 54 24 25 23 83 91 56 88 15 66 25 68 91 63 32 21 69 47 16 57 51 60 
7 56 46 35 72 40 39 67 43 44 90 68 67 25 58 74 12 72 39 88 92 30 51 23 50 71 21 18 79 71 77 86 26 74 20 50 66 10 16 8 54 57 27 72 81 85 45 45 8 84 32 99 
13 34 73 14 57 93 31 35 15 59 72 41 85 92 90 2 53 5 61 6 13 88 77 94 72 22 38 79 5 21 30 69 7 54 82 63 47 65 97 61 75 69 53 11 12 42 12 16 98 73 74 63 
60 2 56 83 23 45 13 79 65 42 99 71 96 33 33 94 97 82 6 23 2 59 34 65 52 97 80 2 69 53 64 80 55 71 14 29 15 27 60 31 20 58 2 15 42 86 60 90 67 66 13 20 
76 98 84 79 94 16 32 15 20 47 46 74 17 60 55 83 86 66 14 5 75 67 72 17 52 83 6 71 100 18 90 75 67 26 6 61 41 37 27 12 36 24 86 4 83 92 87 20 57 52 77 83 
18 100 99 69 82 5 91 82 74 33 8 93 10 13 5 2 2 31 13 37 54 50 92 89 41 78 60 49 81 36 32 98 35 82 19 17 86 9 50 12 93 57 4 2 22 8 3 23 90 16 11 95 
65 2 83 58 32 43 6 12 30 89 62 65 71 80 33 8 40 34 71 85 90 26 86 11 33 41 85 74 56 47 69 72 1 3 29 32 97 87 95 27 75 8 43 97 87 27 5 79 60 75 63 49 
1 100 12 85 40 48 59 47 95 79 19 95 81 47 78 78 85 24 56 60 32 98 56 70 24 12 48 35 39 62 35 91 62 46 75 53 46 85 100 40 15 70 34 96 68 63 25 53 86 80 64 17 
29 71 87 4 83 86 38 21 100 72 11 13 70 37 65 67 22 16 6 36 85 91 83 53 53 59 5 90 90 20 59 18 90 45 73 72 82 10 44 81 34 54 45 55 43 10 21 16 77 78 3 62 
68 86 66 72 96 22 61 86 41 19 55 30 15 28 2 49 37 45 29 22 51 74 76 45 35 48 60 11 25 62 24 44 99 89 15 95 10 28 80 50 46 86 32 13 13 33 61 2 29 41 23 31 
66 51 75 100 98 86 63 75 48 86 18 98 27 33 92 88 12 23 38 9 9 21 21 73 53 33 74 33 74 97 16 39 99 42 91 96 28 5 22 27 42 40 76 68 24 20 56 35 94 45 43 2 
65 16 27 69 48 100 53 73 96 68 64 94 62 54 42 89 10 15 67 51 54 42 71 29 61 78 15 55 22 10 8 38 25 34 58 24 86 10 97 81 30 60 27 91 65 20 31 74 34 97 76 40 
90 98 68 3 75 35 57 48 44 16 85 20 2 94 43 87 4 91 19 85 50 97 75 66 16 57 91 2 53 67 41 94 64 60 96 91 46 4 38 89 20 75 8 73 68 3 59 23 93 29 7 95 
26 33 60 93 89 51 94 93 69 86 87 84 98 82 74 43 38 64 32 9 38 91 81 57 45 91 80 38 19 38 84 44 71 43 89 59 45 82 52 65 20 38 49 17 71 74 11 60 37 94 68 26 
85 48 83 81 90 14 70 9 51 53 4 21 48 92 80 44 26 83 9 45 72 9 13 42 82 23 54 71 17 21 48 1 21 30 33 10 43 3 18 94 55 74 66 54 65 45 98 90 79 6 86 50 
66 98 44 99 21 97 69 37 17 17 89 89 98 21 99 41 23 68 86 30 41 51 35 58 48 32 99 78 89 85 28 54 82 71 53 2 19 73 38 87 41 78 76 39 99 26 31 73 93 68 54 86 
70 89 43 69 20 93 47 61 77 26 66 59 48 70 12 66 43 2 4 35 79 79 73 29 4 55 2 49 74 55 86 44 43 80 64 15 72 10 75 49 87 92 59 34 62 70 51 4 23 55 38 2 
85 63 30 89 69 83 89 43 38 74 38 32 53 1 98 24 63 24 24 49 16 82 83 77 4 33 32 26 39 21 27 24 35 9 64 4 91 52 46 80 77 35 64 29 35 13 4 97 37 28 46 4 
9 80 80 64 12 63 90 3 83 68 26 18 76 89 73 19 40 70 98 16 4 13 96 38 26 99 87 62 78 32 17 39 11 96 2 74 10 91 76 92 59 1 61 86 41 33 4 80 54 54 47 57 
66 94 47 91 93 33 4 70 64 20 60 26 67 62 51 76 4 27 20 14 79 32 100 20 17 3 51 70 8 50 27 74 43 73 64 87 57 68 57 72 87 68 97 54 29 47 29 33 25 100 46 56 
1 0 0 1 1 0 0 0 1 0 1 0 0 1 0 0 0 0 1 0 0 1 1 0 0 0 0 0 1 0 1 0 0 1 1 1 0 0 0 1 0 1 1 1 0 0 1 0 0 1 1 0 
0 0 1 0 0 1 1 0 1 0 0 0 0 0 1 0 0 1 1 0 1 1 1 1 1 1 0 1 0 1 0 0 1 1 1 0 0 0 0 0 0 0 0 0 0 1 0 0 1 0 1 0 
1 0 1 0 1 1 1 1 0 1 0 0 0 1 0 1 1 0 1 1 0 1 0 1 0 0 1 1 0 0 1 1 1 1 1 0 0 1 0 1 0 0 1 1 1 1 0 0 1 1 1 1 
0 1 0 0 0 0 0 0 0 1 0 1 0 1 0 1 0 0 0 1 0 1 0 1 0 0 1 1 1 0 0 1 0 1 1 0 1 1 0 1 1 0 1 1 0 1 0 0 1 0 1 1 
1 1 0 1 1 1 0 0 1 1 1 1 0 1 1 1 0 0 0 1 0 1 1 0 0 1 1 1 0 0 0 1 0 0 1 1 1 1 0 1 0 1 0 0 0 0 1 1 0 0 0 0 
1 1 1 0 1 0 1 1 0 0 0 0 0 1 0 0 1 0 1 1 1 1 0 0 1 1 1 1 1 1 0 1 1 1 1 0 1 0 1 1 0 1 0 1 1 0 1 0 0 0 1 1 
1 1 1 1 1 0 0 0 0 0 1 1 1 0 1 0 1 0 0 1 1 0 0 0 0 1 0 0 1 0 1 1 1 1 0 0 1 0 1 1 1 0 0 0 1 1 1 0 1 1 1 1 
1 0 1 1 1 0 1 1 0 0 0 1 1 0 0 1 0 1 0 1 1 1 0 0 0 1 0 0 0 0 1 1 0 0 0 1 0 1 0 0 1 0 0 1 0 0 0 1 1 0 0 0 
1 0 1 0 1 1 0 1 1 1 0 1 1 0 1 0 1 1 0 1 0 0 0 0 0 0 1 1 0 0 0 0 0 1 0 0 0 0 1 0 1 0 1 0 0 0 0 0 0 1 1 0 
1 1 0 0 1 0 1 1 0 1 1 0 0 1 0 1 1 0 1 0 0 0 1 0 1 1 0 1 0 1 1 0 0 1 0 1 1 1 1 1 1 0 0 1 0 0 0 1 0 1 0 0 
0 1 1 1 0 1 0 1 1 1 1 1 0 1 1 0 0 0 1 1 0 1 1 0 0 1 0 0 1 0 1 1 1 0 0 1 1 0 0 0 1 1 0 1 0 1 1 1 1 1 0 1 
0 1 0 0 1 0 1 0 0 0 1 1 0 1 0 1 1 1 0 0 0 0 1 1 1 1 0 0 0 0 1 0 0 1 1 1 1 0 1 1 0 0 0 0 1 1 1 0 0 1 0 0 
1 1 1 0 0 1 0 0 0 0 1 0 1 0 1 1 0 0 0 0 0 1 0 1 0 1 1 0 1 1 0 0 0 0 1 1 1 1 1 1 1 0 1 1 0 0 0 0 0 0 0 0 
1 0 1 1 0 0 1 1 1 0 1 0 0 0 1 1 0 0 1 1 1 0 0 1 1 0 0 1 1 0 0 0 1 1 0 1 0 1 0 1 1 1 1 1 0 0 1 0 1 0 1 0 
0 0 1 1 0 1 1 1 0 1 0 1 0 0 0 0 1 0 0 1 1 1 0 1 0 1 1 1 1 1 1 0 1 0 1 1 0 0 1 0 1 1 1 0 1 1 0 0 1 0 1 0 
0 0 0 0 1 1 1 1 0 0 1 1 0 0 1 0 1 0 0 0 1 1 0 0 0 1 0 1 1 0 0 1 0 0 1 1 1 0 0 0 0 1 1 1 0 0 1 1 0 0 1 1 
1 0 1 0 1 0 1 0 0 1 0 0 1 1 1 1 0 0 1 0 1 0 1 1 1 1 0 1 1 0 1 0 0 0 0 1 0 0 1 0 1 1 0 1 1 0 0 1 0 1 1 1 
1 1 1 0 0 1 0 1 1 1 1 1 1 0 0 0 0 0 0 1 1 1 0 0 1 0 1 1 1 1 0 1 0 1 1 0 1 1 1 0 0 0 0 0 0 0 0 0 0 0 0 0 
1 0 0 0 1 0 1 0 1 0 1 1 1 1 1 0 0 0 1 1 0 1 1 1 1 1 1 0 1 1 0 1 0 0 1 1 0 1 1 1 1 1 0 0 0 1 1 0 1 0 1 0 
1 0 1 0 1 0 0 1 0 0 0 0 1 1 1 1 0 0 1 1 1 1 0 1 1 1 0 0 1 1 0 0 0 1 0 1 0 1 0 0 1 0 0 0 0 1 0 0 1 1 0 1 
0 0 0 1 1 0 0 0 0 0 0 0 0 0 1 0 1 0 0 1 0 0 1 0 1 1 1 0 0 1 1 1 1 0 0 0 0 0 0 0 1 0 0 1 0 0 1 0 0 1 1 0 
1 0 1 0 0 0 0 0 1 0 1 0 0 0 0 0 0 0 1 1 0 1 0 0 1 1 0 1 0 1 0 1 0 1 1 0 1 0 0 0 0 0 0 0 0 0 0 0 0 1 0 0 
1 0 0 0 0 1 0 0 0 0 0 0 1 1 0 0 1 1 0 1 1 0 1 1 0 0 1 0 1 1 0 0 0 0 1 0 1 1 0 0 1 0 0 0 0 1 0 1 0 0 1 1 
0 0 0 0 0 1 0 0 1 0 0 1 0 1 1 0 0 1 0 1 0 0 1 0 1 1 1 1 1 0 0 1 1 0 1 1 0 1 1 1 1 0 0 0 1 1 0 0 0 0 1 0 
0 1 0 0 0 0 1 0 0 0 1 1 0 1 1 0 0 0 1 0 0 1 0 0 0 0 0 1 0 1 1 0 0 0 0 1 0 0 1 0 0 0 0 0 1 1 1 0 1 0 0 0 
0 0 0 0 0 0 1 0 1 1 0 0 1 1 1 1 1 0 1 1 0 1 1 0 0 0 0 0 1 0 0 1 0 0 1 0 0 1 0 1 0 0 1 1 1 0 0 0 0 1 1 1 
1 1 1 1 1 1 1 0 1 1 1 1 1 1 1 1 0 1 1 0 1 0 1 1 1 1 1 1 0 1 0 1 0 1 1 1 0 0 0 1 0 1 0 1 0 1 1 0 0 0 0 0 
0 1 1 1 0 0 1 1 1 1 0 1 1 1 1 1 0 1 1 0 0 1 1 1 1 0 1 1 0 0 1 1 1 0 0 0 1 1 1 0 1 1 0 0 1 1 1 1 0 0 1 0 
0 0 1 1 1 1 0 1 1 0 0 0 0 1 0 1 0 1 0 1 1 0 1 0 1 1 1 1 1 0 1 1 0 1 0 1 0 1 1 1 1 1 1 1 0 0 1 1 1 1 0 0 
1 0 0 0 1 1 1 0 1 0 0 0 1 0 1 1 1 0 0 0 0 0 0 0 0 1 1 1 0 0 0 1 0 0 1 1 0 0 1 1 0 1 1 0 0 1 1 1 1 0 0 1 
0 0 0 0 1 1 1 1 1 1 0 1 0 1 0 0 1 0 1 1 1 1 1 1 0 1 1 1 1 1 1 1 1 1 1 0 0 0 1 0 0 1 1 0 0 0 0 1 0 1 0 1 
0 0 1 0 1 0 0 0 1 1 1 0 0 0 0 0 0 1 0 0 0 0 0 0 0 0 1 0 0 1 1 0 1 0 1 0 0 1 0 1 0 1 1 0 1 1 0 0 0 1 0 0 
1 1 0 1 1 1 1 1 1 0 0 0 1 1 1 1 0 1 1 0 1 0 0 0 0 0 0 0 1 1 1 0 0 1 1 1 1 0 1 0 1 1 0 0 0 1 1 0 1 0 0 0 
1 0 0 1 0 1 1 0 0 0 0 0 0 0 1 1 0 0 1 1 1 1 1 1 1 1 1 0 1 1 0 0 1 0 1 0 1 1 0 1 1 0 1 1 0 1 0 1 1 1 0 1 
1 0 0 0 1 0 0 0 1 0 1 1 0 0 1 0 1 1 1 1 1 1 0 0 0 1 1 1 0 1 0 1 1 1 1 0 1 1 1 0 1 0 1 0 0 0 0 0 1 1 1 1 
0 1 1 0 0 0 0 1 1 0 0 1 1 0 1 0 1 0 1 1 0 0 1 1 1 1 1 0 0 0 1 1 1 0 1 0 0 1 1 0 0 1 1 1 1 0 0 1 1 1 0 1 
1 1 0 0 0 1 1 0 1 0 1 1 1 1 1 1 0 0 1 0 1 0 0 1 1 0 0 0 1 0 1 0 1 0 1 1 1 0 1 1 0 1 0 1 0 1 1 0 1 0 1 0 
1 1 1 0 1 1 0 0 1 1 0 0 1 1 1 1 1 1 0 0 0 0 1 0 1 0 0 0 1 1 0 0 0 0 0 1 1 0 1 1 1 0 1 1 1 1 0 1 0 0 1 0 
0 0 0 1 1 0 1 0 0 1 0 0 1 0 0 1 0 1 0 1 1 1 0 1 0 0 0 0 0 1 0 0 1 0 1 0 1 0 0 1 0 0 1 1 0 1 0 0 1 0 0 0 
0 0 1 0 1 1 1 1 0 1 0 0 0 1 0 1 0 1 0 0 1 1 1 0 1 0 0 0 0 0 0 0 1 0 1 0 1 0 1 0 1 1 0 1 1 0 0 1 1 0 1 1 
0 0 1 1 0 1 1 1 0 1 1 1 1 0 1 1 0 0 1 0 0 1 1 1 1 0 0 1 0 1 0 0 1 1 1 0 0 0 1 0 0 0 1 1 1 0 0 1 1 1 1 1 
0 1 0 0 1 0 1 1 1 1 0 0 0 1 0 0 0 1 1 0 0 0 1 1 1 0 0 0 1 0 1 0 1 1 0 0 1 1 1 0 0 1 0 0 1 1 0 1 0 1 1 0 
0 0 1 1 0 0 1 0 0 0 0 1 1 0 1 0 1 0 0 1 0 0 1 1 1 1 0 0 1 1 0 1 1 0 0 0 0 1 0 0 1 0 1 0 0 0 0 1 0 0 0 0 
0 1 1 0 0 1 0 1 0 0 0 0 0 0 0 0 1 0 0 0 0 1 0 0 1 0 1 0 0 1 0 1 0 0 1 0 1 1 0 0 1 0 0 0 1 0 0 0 0 1 1 0 
0 1 0 0 0 1 0 0 0 0 1 0 0 0 0 0 1 0 0 1 1 0 1 0 0 1 0 0 0 1 0 1 1 0 1 1 1 1 1 1 1 1 1 0 1 1 0 1 0 0 0 1 
0 1 1 0 0 1 0 1 1 0 0 0 0 1 1 1 0 0 0 1 1 1 1 1 0 1 0 0 1 0 1 1 1 0 1 1 0 1 0 1 1 0 1 1 1 0 0 1 0 0 1 0 
1 0 1 0 0 1 0 1 1 0 1 0 0 0 1 0 0 0 1 1 0 0 1 0 0 1 1 1 0 0 1 1 1 0 1 1 1 0 0 0 0 1 0 0 0 1 1 0 1 0 1 0 
1 0 0 1 0 1 0 0 0 1 1 1 1 1 0 0 1 0 0 1 0 0 1 0 0 0 0 1 1 1 1 0 0 1 1 0 1 0 0 1 1 1 0 1 0 0 1 1 0 0 0 0 
0 0 0 0 0 0 0 1 0 1 1 0 1 1 0 0 1 0 1 0 1 1 1 0 1 1 1 1 1 0 0 1 0 0 0 0 1 0 0 1 1 1 1 0 0 1 0 1 1 1 0 0 
0 1 0 1 0 0 1 1 0 1 1 0 1 1 0 0 1 0 1 0 0 0 1 0 1 1 0 0 1 0 1 1 1 1 1 0 1 0 1 1 1 0 1 0 1 0 1 0 0 0 1 0 
1 0 1 0 1 1 1 0 1 0 0 0 1 1 0 1 1 0 0 0 0 0 0 0 0 1 0 0 0 1 1 1 1 0 1 1 1 0 1 0 0 1 0 0 0 1 1 1 1 1 1 1 
1 0 1 1 1 0 0 1 1 1 0 1 1 0 0 0 0 1 0 1 1 0 1 1 1 0 1 0 1 0 0 1 0 1 0 0 1 0 1 1 1 0 0 0 0 0 0 0 1 0 1 0 
1 0 0 0 0 1 1 0 1 1 1 0 0 1 0 0 0 1 1 1 1 1 0 1 1 0 0 0 1 1 1 0 0 1 0 0 0 1 0 1 0 1 1 1 1 1 1 1 1 0 0 0 
1 0 0 0 1 0 0 0 1 1 0 1 0 0 0 0 0 0 0 0 0 1 1 1 1 0 0 0 0 0 0 1 1 0 1 0 0 0 0 0 1 0 1 0 0 1 0 0 0 0 1 0 
0 0 1 1 1 1 1 1 1 1 1 0 0 0 0 0 0 0 0 0 0 0 0 1 1 0 1 1 1 0 1 1 1 0 0 0 1 1 1 1 0 0 1 0 1 0 1 1 0 1 1 1 
1 1 0 1 0 1 0 1 0 0 0 1 0 0 1 0 1 0 1 1 1 0 0 0 0 1 1 1 0 1 0 0 0 0 1 0 1 1 1 1 1 1 0 0 1 1 0 0 0 1 0 1 
1 0 1 0 1 0 1 1 1 1 1 0 1 0 0 0 0 0 0 1 1 0 1 1 0 1 1 0 0 1 1 0 1 0 0 0 0 1 0 0 0 1 0 1 0 0 1 0 0 1 1 0 
0 1 1 0 0 0 0 1 0 1 1 1 1 1 0 1 0 0 1 0 1 1 1 1 0 0 1 0 0 1 0 0 0 1 0 0 0 0 1 0 1 0 1 0 1 1 1 1 1 1 1 1 
0 0 0 0 1 0 1 1 1 1 1 1 1 1 1 1 1 1 1 0 1 0 0 1 0 1 0 1 0 0 0 1 0 1 1 1 1 0 0 0 0 1 1 1 0 0 0 1 1 1 1 1 
1 1 0 1 1 0 1 1 0 1 0 1 0 0 0 1 0 1 1 0 0 0 1 1 1 1 0 0 0 0 1 0 1 1 1 0 0 0 0 0 0 0 1 0 0 0 0 1 1 1 1 1 
0 1 0 1 0 1 1 1 1 1 1 0 0 0 1 0 1 1 1 1 1 0 1 0 0 1 1 1 1 0 1 1 1 1 0 0 0 1 1 1 0 0 0 1 0 1 1 1 0 0 0 1 
1 0 1 1 1 0 1 0 1 0 1 0 1 1 0 0 1 1 1 1 1 1 0 0 0 0 1 0 0 0 0 1 0 1 1 1 0 0 0 1 0 1 1 1 1 0 1 0 1 1 1 1 
0 0 1 1 0 0 1 0 0 1 0 0 1 1 0 1 1 0 0 1 1 1 0 0 1 0 0 1 1 0 0 1 0 1 0 0 1 0 0 0 1 0 0 0 1 0 1 0 0 1 1 0 
1 0 0 0 0 1 1 1 1 1 0 1 0 1 1 0 1 1 0 0 0 0 1 1 1 0 0 1 0 1 1 1 1 0 1 1 1 1 0 0 0 1 1 1 0 0 1 1 1 1 1 1 
1 0 1 0 1 1 0 1 0 1 0 0 1 1 1 0 0 0 0 1 1 1 0 1 1 1 0 1 0 1 0 1 0 1 0 1 0 0 0 1 1 0 1 1 1 0 1 0 0 0 1 1 
1 1 0 1 0 0 0 0 0 0 1 0 0 1 1 0 1 1 1 1 1 0 0 0 1 1 0 1 1 1 1 1 0 1 0 0 0 0 0 0 0 0 0 0 1 1 1 1 0 0 0 1 
