58 40 1687
9 58 77 87 91 51 10 21 91 89 77 43 43 26 63 18 18 34 49 65 69 96 34 38 94 7 8 13 21 17 91 29 74 67 68 16 69 77 89 59 
65 65 1 59 42 16 28 12 1 77 76 69 24 9 58 17 67 65 81 40 81 71 20 6 37 39 74 57 68 62 15 84 78 68 95 19 83 22 82 83 
50 9 4 73 69 61 41 88 78 21 27 58 43 98 16 79 89 89 87 56 50 2 39 79 69 85 49 3 7 31 37 56 39 40 29 60 1 69 47 78 
42 25 87 84 74 54 15 62 42 1 17 43 54 8 73 74 92 22 76 50 4 65 58 42 56 86 53 56 6 99 85 99 23 24 83 97 29 49 10 23 
49 79 17 3 38 90 28 81 11 56 31 14 20 88 7 75 25 12 83 82 10 19 81 85 94 15 33 23 63 42 45 63 20 61 17 57 2 45 90 12 
100 20 77 71 7 36 45 83 47 27 64 8 98 44 92 91 10 76 13 72 18 9 35 89 22 3 98 23 47 87 35 98 58 63 68 16 50 13 98 48 
91 13 56 88 57 99 31 66 75 95 90 44 4 76 84 77 78 33 99 25 71 85 22 28 48 42 95 49 54 92 97 96 5 4 36 13 54 66 30 80 
12 19 75 67 46 59 43 24 43 42 100 14 26 73 93 25 14 88 26 67 31 74 15 35 77 50 99 30 67 29 62 78 99 36 45 45 46 87 20 89 
80 19 54 58 91 98 82 5 85 7 23 68 80 37 54 8 38 53 90 4 33 51 82 83 86 78 79 32 64 98 72 96 16 25 53 59 74 34 15 59 
93 89 26 24 78 79 84 15 83 73 19 15 75 100 50 60 77 28 43 92 26 14 87 93 90 91 3 64 25 17 74 69 6 51 44 83 81 27 49 64 
51 67 30 25 66 79 85 94 59 79 86 84 93 24 28 34 15 31 49 91 99 22 11 56 24 54 90 5 33 39 20 83 5 49 8 23 80 44 16 38 
22 53 73 66 29 100 52 95 30 100 85 29 74 47 36 97 52 26 1 84 64 20 19 68 21 78 42 100 73 58 89 46 62 61 64 42 60 15 36 42 
66 72 22 91 18 57 88 22 82 40 57 97 12 75 17 32 4 58 83 76 67 71 74 29 83 37 70 42 3 58 83 68 29 56 59 99 13 98 20 46 
89 28 43 100 55 59 83 58 16 17 86 83 39 59 63 21 95 84 63 49 41 97 16 22 53 26 72 65 75 43 10 64 70 4 15 24 62 50 82 78 
66 19 12 5 77 74 25 23 9 39 71 50 88 38 23 40 16 94 56 42 36 17 5 5 21 72 81 34 21 62 11 38 32 74 42 60 99 19 82 8 
9 4 57 96 41 31 35 8 24 42 50 59 59 6 15 31 29 95 64 49 8 27 87 91 100 80 50 99 50 31 6 59 86 14 54 79 44 41 86 19 
82 87 29 92 93 43 22 21 90 38 22 49 64 60 40 15 91 89 13 41 72 70 51 57 35 4 35 78 96 73 96 78 59 76 69 3 71 43 76 60 
80 49 60 43 60 51 57 2 40 22 42 63 91 44 71 78 100 58 55 95 82 3 72 92 78 93 95 48 35 22 59 66 22 71 8 81 21 16 82 12 
89 76 74 32 71 45 9 70 54 63 65 35 17 88 26 47 32 72 46 18 93 5 83 66 75 42 98 95 10 32 59 98 59 32 29 29 28 37 99 33 
52 15 67 20 54 93 66 38 16 12 55 9 68 90 26 94 83 24 40 92 55 98 90 13 30 70 93 9 7 43 42 10 9 8 29 15 52 47 52 68 
58 58 28 25 47 53 70 30 28 9 73 34 7 62 98 88 84 91 96 42 33 89 51 94 49 31 8 100 77 59 19 86 16 98 10 15 3 31 96 30 
40 68 16 46 82 13 33 65 3 80 58 88 69 8 33 17 90 40 68 67 98 87 52 65 84 14 31 86 44 78 68 83 46 83 80 79 47 12 95 2 
92 52 89 12 11 73 28 100 12 47 66 61 33 70 77 69 83 8 6 78 85 25 61 82 7 92 12 6 4 6 7 47 9 95 10 71 19 37 71 30 
35 88 90 68 9 66 88 91 25 45 21 62 70 81 43 28 72 7 33 27 64 39 25 25 85 34 95 3 22 17 84 57 5 73 76 13 91 15 56 67 
59 76 28 80 8 23 8 31 29 92 10 44 31 34 68 67 20 63 22 41 79 5 49 35 30 76 100 20 90 55 38 1 30 66 80 89 40 87 19 20 
31 28 63 61 14 31 79 33 45 100 25 75 5 74 10 34 1 9 5 91 63 42 91 44 7 70 84 98 9 2 17 39 82 80 51 95 62 29 79 6 
81 3 80 85 28 41 70 29 49 74 19 63 15 61 58 74 82 41 71 42 43 40 32 76 19 82 22 32 63 100 37 95 2 68 79 30 9 100 58 57 
73 28 72 39 40 29 64 21 70 87 63 64 26 94 39 96 28 60 27 42 59 15 36 12 34 66 93 42 65 50 51 89 29 22 79 68 50 95 41 71 
81 55 34 58 100 24 5 27 83 83 68 93 97 3 5 30 20 49 24 84 99 74 72 79 47 3 99 48 97 39 19 29 93 4 86 92 28 42 71 10 
24 90 55 72 45 11 1 64 59 76 48 9 49 71 40 47 73 38 95 21 28 65 49 20 68 86 63 95 27 85 57 2 75 63 73 71 73 26 34 83 
1 33 92 2 4 83 48 28 20 94 49 47 58 97 18 78 35 32 72 61 17 80 15 43 42 87 13 66 64 46 49 65 31 92 18 34 74 65 13 45 
11 13 91 20 10 8 97 96 91 21 8 7 52 22 1 94 61 13 11 24 11 11 88 41 54 5 26 79 22 90 23 84 3 65 3 64 72 52 59 15 
72 66 21 23 88 74 68 48 38 79 23 100 41 11 92 95 67 17 73 40 7 96 23 61 60 78 24 84 29 82 50 52 99 22 26 38 95 94 37 33 
24 60 32 64 22 24 58 40 92 83 80 50 30 54 10 41 83 85 76 11 66 25 14 17 47 40 54 41 33 91 25 8 50 57 71 71 32 81 10 75 
15 41 25 44 47 86 84 29 71 12 92 88 36 57 4 34 96 10 75 80 100 99 87 1 7 10 23 90 42 84 65 8 77 89 51 23 26 86 3 96 
49 46 84 85 3 87 18 50 96 44 30 47 95 68 99 53 29 21 43 22 5 59 29 33 99 31 55 24 17 9 20 65 55 3 1 9 41 71 58 89 
14 39 87 60 7 86 13 87 58 7 9 62 65 89 94 63 20 100 86 88 61 57 4 15 11 5 23 52 27 32 92 92 71 30 52 29 15 16 15 73 
22 23 86 38 64 32 52 83 83 89 70 43 46 73 9 56 29 83 59 55 15 2 47 85 32 50 13 98 65 79 22 38 54 60 27 17 91 78 99 25 
18 20 68 63 44 76 71 73 59 81 79 73 35 25 9 18 26 73 15 90 51 89 79 56 48 5 72 38 34 22 62 52 41 81 66 85 57 36 9 67 
69 87 91 3 64 51 20 89 23 86 31 25 74 9 33 21 14 4 10 99 78 24 50 18 4 16 54 12 3 14 30 71 53 20 25 16 70 96 56 44 
82 86 21 7 47 5 28 12 8 89 10 37 64 60 7 20 27 60 31 29 26 13 52 78 84 28 45 6 24 100 49 57 38 21 63 36 25 42 47 85 
83 8 21 46 19 27 65 45 39 48 26 16 60 29 93 43 56 37 48 31 88 49 39 25 21 54 60 98 95 58 34 77 18 54 75 36 33 39 33 23 
38 10 38 97 38 30 92 45 18 91 28 5 91 66 82 12 19 41 9 66 51 42 94 68 47 68 55 31 59 87 53 96 96 42 45 85 23 36 30 40 
26 57 97 17 74 78 80 45 70 40 10 20 33 3 39 79 23 94 62 81 80 14 28 28 56 72 12 30 7 41 70 85 49 66 53 75 95 32 19 64 
23 28 36 55 82 74 85 56 67 46 88 99 60 16 26 67 87 89 96 46 30 17 82 30 34 34 4 28 17 22 92 39 1 79 45 83 52 29 38 71 
75 26 21 86 93 98 52 79 86 99 76 67 68 57 97 1 42 52 81 10 26 24 100 26 2 44 60 53 73 50 75 47 75 95 32 19 44 35 49 30 
85 25 96 52 33 44 5 27 48 85 36 73 8 88 98 61 31 10 13 3 59 40 1 85 86 84 3 30 18 51 59 3 75 6 6 60 2 10 86 49 
46 73 21 5 60 70 65 91 79 30 45 37 69 46 21 6 29 23 35 99 26 45 53 100 51 58 59 4 20 96 52 65 69 24 22 28 45 86 18 24 
67 15 12 35 60 85 41 40 59 27 38 84 72 90 36 74 100 46 77 19 42 80 35 10 3 8 89 99 94 7 22 12 73 86 47 32 70 39 23 28 
17 13 12 40 54 47 13 53 92 41 23 85 72 58 94 26 17 83 25 10 41 46 74 13 31 72 96 52 10 70 80 78 82 91 18 36 89 82 40 32 
23 63 17 46 72 62 72 88 96 96 50 88 93 23 52 76 94 47 27 55 69 6 84 2 48 1 89 88 83 29 20 57 43 88 2 14 49 25 53 45 
20 54 32 13 76 84 88 21 82 66 75 2 24 59 4 71 11 92 11 45 72 82 53 14 69 7 79 17 31 32 13 51 37 45 15 13 80 54 85 13 
19 12 15 42 22 18 65 32 61 75 29 33 56 81 98 76 87 77 92 18 60 5 68 96 1 34 60 80 87 45 92 57 56 58 99 77 75 15 60 36 
41 88 20 48 69 17 23 55 45 14 24 56 70 43 4 70 76 63 1 14 59 45 71 14 2 21 42 77 35 54 64 75 41 35 22 61 3 44 16 48 
9 91 3 79 34 58 100 61 21 1 75 79 97 45 45 98 65 38 26 51 91 41 77 84 75 98 44 30 93 11 77 1 2 31 31 35 89 83 95 61 
83 21 91 31 65 87 28 81 25 6 31 67 98 7 50 25 56 94 54 100 56 82 53 57 64 83 43 52 65 90 64 99 10 7 81 27 93 9 7 69 
66 90 88 63 48 37 87 56 82 92 55 38 73 7 46 37 42 89 40 58 78 4 9 87 10 89 13 54 49 72 23 14 61 10 29 60 98 67 15 32 
59 22 21 31 80 66 67 21 6 59 31 83 62 39 22 23 27 86 76 28 57 50 93 69 11 21 29 61 40 95 92 98 68 64 80 48 81 47 20 87 
0 1 0 1 1 1 1 0 1 0 1 1 0 1 0 0 0 0 0 1 0 1 0 0 0 1 1 1 1 0 1 1 0 1 0 1 1 1 1 0 
0 0 1 0 0 1 0 0 1 1 1 0 0 1 0 1 0 1 0 0 1 1 1 1 0 0 1 1 1 0 1 1 1 1 1 1 0 0 1 0 
1 0 0 1 1 0 0 1 1 0 1 0 1 1 0 0 1 1 1 0 1 1 0 0 0 1 1 0 1 0 0 0 0 0 0 1 0 0 1 1 
1 0 0 0 1 0 0 0 1 0 1 0 1 1 1 1 0 0 1 0 1 0 0 1 0 0 1 1 1 0 0 0 0 0 0 0 0 1 0 1 
1 1 0 0 0 1 1 1 1 0 1 0 0 1 0 1 0 1 0 1 1 0 1 1 1 1 1 1 0 0 1 1 1 1 1 0 0 0 1 1 
1 0 0 1 1 0 0 1 1 0 0 0 1 1 1 0 1 1 1 1 1 0 1 0 1 0 0 1 1 1 1 0 1 1 1 1 1 0 0 0 
0 1 0 1 0 1 1 1 0 1 1 1 1 0 0 1 0 0 0 1 0 1 1 1 0 1 0 1 1 1 1 1 0 1 1 0 1 0 0 1 
1 1 1 1 1 1 0 1 1 0 1 1 0 0 1 0 1 1 0 0 0 1 0 0 1 1 1 0 1 1 1 1 0 0 0 1 1 0 0 1 
0 1 0 0 0 1 1 1 1 1 0 1 0 0 0 1 1 1 1 0 0 1 1 0 1 1 1 1 1 1 0 0 1 0 0 1 0 1 0 1 
0 0 0 1 0 0 0 1 1 0 0 1 1 1 1 0 1 0 1 0 0 1 0 1 0 1 0 0 0 0 1 1 1 1 0 1 0 0 1 1 
0 1 1 1 0 0 0 1 1 1 0 1 1 0 0 1 1 0 1 0 0 0 1 1 1 1 1 1 1 0 1 0 1 0 1 1 0 1 1 1 
1 1 0 0 1 0 1 1 0 0 1 1 0 0 0 1 1 1 1 0 1 0 0 0 0 0 0 0 1 1 0 0 0 0 0 1 1 1 0 1 
1 1 0 1 1 1 1 0 0 0 1 0 0 1 0 0 1 0 0 1 1 0 1 1 1 0 1 0 1 1 1 1 1 0 0 0 1 1 1 1 
1 0 1 1 1 0 1 1 0 0 0 0 0 1 1 1 1 0 1 1 0 1 0 1 1 0 1 0 0 0 1 1 0 1 1 0 1 0 1 1 
0 1 1 1 0 1 0 0 1 0 1 1 1 1 0 0 1 0 0 1 0 1 1 1 0 0 1 1 0 0 1 1 1 0 0 1 1 0 1 1 
0 0 0 1 1 1 1 1 1 1 0 1 1 1 0 1 1 1 1 0 1 0 1 0 0 1 0 0 1 1 1 0 0 1 1 1 0 1 0 1 
0 1 1 1 0 1 1 0 1 0 0 0 0 1 1 0 0 1 0 1 0 1 1 0 1 1 0 1 0 0 1 0 1 0 0 0 1 1 0 0 
1 0 1 1 1 0 1 1 1 0 0 1 1 0 0 0 1 0 0 1 0 1 1 0 1 1 0 0 0 0 1 1 0 0 0 1 0 0 0 1 
0 0 0 1 0 0 0 1 0 0 0 1 1 0 1 0 1 1 0 0 1 1 1 1 1 0 0 1 0 0 0 0 0 1 1 1 1 1 0 0 
1 1 1 0 1 0 0 0 1 1 0 0 0 0 1 0 0 1 1 0 1 0 0 1 1 1 0 0 1 1 0 0 0 1 1 1 1 1 1 0 
0 0 0 1 0 1 1 0 0 0 0 1 0 0 1 1 1 1 0 0 0 0 1 0 0 0 1 1 1 1 0 0 1 0 1 1 0 0 1 0 
0 1 0 1 1 1 0 0 0 0 1 1 1 0 1 1 0 1 0 1 0 0 1 1 1 0 0 1 0 1 1 1 0 1 0 1 0 0 1 1 
1 0 0 0 0 1 1 0 0 1 0 0 0 1 1 1 0 1 0 0 0 1 1 0 1 1 1 1 0 1 0 1 1 0 1 0 0 0 0 0 
1 0 1 1 0 0 0 0 0 0 0 0 0 0 1 1 1 0 0 1 1 1 0 1 1 1 1 1 1 1 0 1 0 1 0 0 1 1 0 1 
1 0 0 1 0 1 0 0 1 1 1 1 0 0 0 1 1 1 1 1 0 1 0 0 0 0 0 1 1 0 1 1 1 1 0 1 0 1 1 1 
0 1 0 0 1 0 1 0 1 0 1 0 1 1 0 1 0 1 1 1 1 0 0 0 1 1 0 1 0 1 0 0 0 1 0 1 1 1 0 1 
0 1 1 1 1 1 1 1 0 0 0 0 0 1 0 1 0 0 0 0 0 0 0 0 1 0 0 1 1 0 0 1 1 1 1 0 0 0 1 1 
0 0 1 0 1 1 1 1 0 1 1 0 1 1 0 1 1 0 0 0 0 0 0 0 1 1 0 1 1 0 0 1 0 1 1 1 1 0 0 1 
1 1 1 0 0 1 1 1 0 1 1 0 1 1 0 0 0 1 0 1 1 0 0 1 0 1 0 1 1 0 0 0 1 1 1 1 0 0 0 0 
0 1 1 1 1 1 0 1 0 0 1 1 0 1 0 0 1 0 1 0 0 1 1 1 0 0 0 1 0 0 1 0 0 0 0 1 0 0 0 0 
0 1 0 0 1 0 1 0 1 0 0 1 0 1 1 0 1 1 1 0 0 1 0 0 1 0 1 1 0 1 0 0 1 0 1 0 0 0 0 1 
0 0 1 0 0 0 1 1 1 0 1 1 1 0 1 1 0 0 0 1 0 0 1 1 0 0 1 1 0 1 0 1 1 1 1 1 1 0 1 1 
1 0 0 0 0 0 1 1 0 0 0 0 0 1 1 1 0 0 0 0 1 0 1 1 0 1 0 1 1 1 0 0 0 1 1 0 1 0 1 1 
0 1 0 1 1 1 0 1 0 0 1 1 0 1 0 0 0 1 0 1 0 0 0 0 1 1 1 0 1 0 0 0 0 0 1 1 1 1 0 1 
1 1 1 1 0 1 0 0 0 0 0 1 0 0 1 0 1 0 0 0 1 0 0 1 0 1 0 0 0 0 1 1 1 0 1 0 0 1 0 0 
1 0 1 1 0 1 1 1 1 0 0 0 0 0 1 1 0 1 1 0 1 0 0 1 1 1 1 1 0 1 1 1 0 1 0 0 0 0 0 1 
0 0 0 0 0 1 1 0 1 0 1 0 1 1 1 0 0 0 1 0 0 0 1 0 1 1 0 1 1 0 1 1 0 1 0 1 0 1 1 1 
0 0 0 1 1 1 1 1 0 0 1 0 0 0 0 0 0 0 1 1 1 0 1 1 1 1 0 0 0 0 1 0 0 1 1 0 1 0 1 1 
0 1 1 1 1 1 1 1 1 0 1 0 1 0 0 0 1 0 0 1 0 0 0 1 1 1 1 0 0 0 1 0 1 0 1 1 1 0 0 1 
1 1 1 0 1 1 0 0 0 1 0 0 1 0 1 0 1 0 1 1 1 0 0 0 1 1 1 0 0 0 1 1 1 1 1 1 0 1 1 0 
0 1 1 1 1 0 0 1 1 1 0 0 1 0 0 0 0 0 1 0 0 0 1 1 1 0 0 0 1 0 0 0 1 1 1 1 0 1 0 1 
0 0 1 0 1 1 0 1 1 1 1 1 0 0 1 1 0 1 1 1 1 0 1 1 1 1 0 1 0 0 0 1 0 1 1 1 1 1 0 0 
1 1 0 1 1 1 0 1 0 0 1 0 0 0 1 1 1 1 1 0 1 1 1 1 1 0 1 0 1 1 0 0 1 0 1 0 1 0 0 0 
0 1 0 0 1 1 1 1 0 0 1 1 0 0 0 1 0 1 1 1 1 1 0 0 0 1 0 1 1 0 1 1 1 1 1 1 0 1 0 0 
1 1 1 1 1 0 0 1 1 1 0 0 1 0 0 1 0 1 0 1 1 0 1 1 1 0 0 0 1 0 0 1 1 0 0 0 0 1 1 1 
0 1 0 1 0 0 0 0 1 1 1 1 1 0 0 0 1 0 0 0 0 1 1 1 1 0 1 1 1 0 0 1 1 0 1 1 1 1 1 0 
0 1 1 1 1 1 0 0 1 0 1 1 1 0 0 0 0 1 1 1 1 0 1 1 0 0 0 1 1 0 0 0 1 1 1 0 1 1 1 0 
0 0 0 1 0 0 0 1 0 1 0 1 1 1 0 0 1 1 1 1 1 1 1 0 1 0 0 0 0 1 0 0 1 0 1 0 1 1 1 1 
1 1 0 0 1 1 0 0 0 0 1 1 1 0 1 0 1 1 0 1 1 1 1 0 1 0 0 0 0 1 1 1 1 0 1 0 1 0 0 1 
0 0 0 1 0 1 0 1 0 0 0 1 1 1 0 1 0 0 1 0 0 1 1 1 1 0 1 0 0 1 1 0 1 1 0 0 0 0 1 0 
0 0 0 0 1 0 1 1 0 0 1 0 1 0 1 0 1 0 0 1 0 1 0 1 0 0 1 0 0 1 1 0 1 1 0 0 1 1 0 1 
0 1 0 1 0 1 0 1 0 0 0 0 0 0 1 0 0 1 1 0 0 0 1 1 1 1 1 0 1 1 1 1 1 1 0 1 1 0 0 1 
1 0 1 1 1 0 1 1 1 0 0 1 0 1 0 1 0 0 1 1 1 1 0 0 0 1 1 1 1 1 0 0 0 1 1 1 0 1 0 1 
1 0 1 0 1 1 1 0 1 1 1 1 0 0 1 0 1 1 0 0 0 0 1 0 0 0 1 0 1 0 1 1 0 0 1 0 0 0 0 1 
1 1 0 1 1 0 0 0 1 0 1 1 0 0 0 0 0 1 0 0 1 0 1 0 0 0 0 0 0 0 0 0 1 0 1 1 0 1 1 1 
1 0 1 0 0 1 0 1 0 1 1 0 1 0 0 1 0 0 0 0 0 0 0 1 0 0 0 1 1 0 0 1 0 1 1 1 0 1 0 1 
0 1 1 1 1 1 1 1 1 1 1 1 1 0 0 1 0 1 0 1 1 1 0 1 0 1 0 1 1 0 0 1 1 1 1 0 0 0 1 1 
1 1 0 0 1 0 1 1 1 0 0 0 1 1 0 1 0 0 0 1 1 0 1 0 1 0 1 1 0 0 0 1 1 0 1 0 1 0 1 0 
