43 60 2397
45 81 28 36 27 3 78 84 68 81 31 33 99 96 34 100 21 76 47 64 60 90 73 26 83 30 10 34 85 92 71 82 73 50 17 51 4 94 86 71 26 16 55 25 63 89 76 84 64 23 99 75 12 72 100 46 53 61 32 38 
53 2 19 77 3 87 27 6 32 12 28 58 79 83 82 93 23 57 76 86 31 75 12 43 98 11 88 50 72 19 39 24 72 57 100 26 43 78 31 27 41 11 84 19 45 65 11 67 73 39 4 4 65 15 98 14 25 85 63 96 
56 2 71 79 10 22 5 5 99 87 31 39 97 14 9 93 30 72 59 54 62 62 57 78 76 6 91 53 43 53 100 98 6 71 28 16 92 32 72 43 19 54 33 67 67 94 60 48 65 70 1 78 32 10 55 59 15 45 11 57 
49 11 6 55 33 34 22 76 17 93 18 87 46 3 6 64 96 65 63 60 86 63 89 17 24 43 76 91 87 38 47 35 48 5 89 32 90 62 8 6 6 25 93 3 79 98 66 74 14 80 85 99 43 73 68 18 15 95 8 53 
32 55 88 32 11 28 63 100 90 22 5 47 99 49 50 77 98 67 51 11 47 35 62 41 8 29 58 74 23 66 27 6 72 66 89 82 93 52 33 34 25 89 33 23 38 82 100 87 100 50 50 46 36 11 86 95 91 96 69 65 
61 47 70 84 12 59 17 56 62 49 42 86 89 74 61 78 55 60 65 54 61 14 52 96 24 89 91 14 84 11 30 96 9 99 79 72 9 47 27 22 95 68 60 36 41 20 13 47 31 77 53 91 90 4 38 65 92 80 30 76 
90 59 23 50 10 2 21 70 48 48 92 95 67 3 30 60 74 42 6 4 71 58 94 12 61 83 29 5 63 58 80 4 69 2 54 30 55 74 99 55 73 42 1 92 96 30 51 69 23 8 72 93 66 17 57 78 100 85 82 14 
42 13 17 62 67 70 91 21 96 42 27 20 83 27 11 79 56 13 99 31 21 71 75 38 39 31 15 90 15 97 3 9 61 20 22 27 41 13 100 88 54 26 8 88 53 70 18 60 35 17 42 55 39 17 92 77 99 58 67 14 
54 21 74 15 40 95 93 33 59 92 20 64 18 79 52 22 49 21 81 35 37 23 89 27 91 32 4 89 89 22 2 95 42 27 61 34 22 53 66 32 45 85 96 14 16 99 35 16 19 15 50 8 89 90 34 79 21 89 68 61 
10 21 7 4 100 19 89 73 72 54 4 68 90 99 33 5 97 67 20 68 33 21 75 74 10 60 52 82 49 71 95 10 44 1 13 43 20 53 15 43 6 18 62 48 69 94 4 17 60 24 84 92 96 10 65 6 70 69 87 70 
91 81 31 34 34 96 76 5 48 42 47 54 12 8 53 80 1 56 96 12 31 32 55 27 41 72 32 62 40 70 83 82 3 14 16 36 9 43 40 56 37 38 61 48 97 13 27 97 21 22 60 51 5 14 29 46 85 12 59 76 
82 42 10 36 55 25 23 15 19 62 70 55 51 83 2 47 47 28 95 67 2 54 70 6 19 98 3 56 62 62 83 43 55 92 30 61 68 52 75 87 65 96 41 15 78 95 13 25 74 7 43 27 12 12 85 82 62 87 89 23 
100 72 17 54 15 46 14 83 97 40 69 61 36 61 27 13 7 39 89 81 97 32 7 60 95 43 41 56 82 30 30 81 53 46 87 67 43 52 49 39 92 69 51 27 82 77 91 40 15 80 20 63 11 79 22 5 21 15 13 2 
44 42 35 48 40 21 14 34 24 15 25 15 35 75 93 68 4 84 8 70 63 79 33 25 9 54 81 82 20 93 35 15 87 69 62 78 41 28 11 65 94 35 31 28 62 24 48 65 7 7 86 21 85 18 97 94 24 77 75 43 
22 9 58 60 30 71 89 22 98 99 38 43 86 69 23 99 92 70 15 50 76 100 22 12 70 18 5 93 46 31 87 67 92 96 78 73 67 66 94 16 17 32 11 2 100 33 52 43 2 66 44 29 65 17 40 34 34 97 78 79 
79 17 98 22 12 75 94 30 41 88 98 9 71 8 62 70 40 13 64 93 78 59 73 94 75 12 80 60 60 9 90 91 25 87 12 37 14 6 18 6 93 15 14 63 74 75 84 65 87 99 57 16 9 29 61 83 93 40 42 4 
49 31 94 25 70 6 61 83 11 31 88 55 97 53 69 71 27 4 35 65 54 92 80 62 72 92 44 16 32 37 20 32 67 65 56 88 70 69 70 32 99 9 38 95 61 6 65 39 61 52 3 14 95 34 75 66 26 70 34 9 
6 53 40 25 69 47 12 39 15 34 22 65 42 60 12 55 17 28 93 78 79 48 43 73 81 18 91 58 39 24 66 45 28 57 21 96 4 32 86 70 17 8 35 11 19 46 65 35 73 9 64 4 56 7 76 89 24 18 46 62 
41 64 58 20 20 78 16 23 62 53 45 78 60 31 40 30 76 4 65 100 65 28 55 72 34 31 60 9 48 58 23 41 21 32 60 40 10 27 15 23 80 59 100 91 89 40 21 16 95 37 67 11 64 22 83 50 4 94 10 3 
51 84 43 23 16 55 15 25 81 29 47 60 39 98 3 27 89 23 94 36 59 12 46 74 33 80 75 88 74 37 91 76 20 85 99 35 39 13 11 20 93 9 31 31 59 33 9 47 7 54 34 17 65 80 43 50 59 69 37 84 
5 27 60 25 64 10 11 2 22 22 73 66 82 56 96 40 40 56 87 47 9 72 15 73 3 57 22 14 26 11 97 82 89 8 58 52 17 21 6 90 42 78 55 23 33 2 63 73 57 1 71 65 72 85 90 75 94 63 88 71 
73 36 52 14 44 62 65 60 82 70 50 75 100 4 49 84 6 11 8 14 63 78 31 87 15 20 13 8 34 52 30 59 87 81 72 82 94 36 42 75 58 43 49 57 98 50 92 55 12 100 69 75 29 99 13 43 70 25 2 55 
28 31 13 66 64 84 48 57 72 41 84 29 83 84 37 32 33 28 87 45 27 7 71 8 5 83 50 26 59 4 80 86 34 45 3 49 28 50 6 51 42 41 31 76 24 67 8 57 47 94 53 25 100 23 32 56 57 34 33 15 
37 12 52 70 8 6 19 36 56 76 38 49 16 69 25 91 87 32 47 85 77 51 10 28 25 41 83 81 74 67 47 62 30 50 32 38 56 2 25 63 29 62 11 44 82 87 34 69 18 33 53 94 35 14 73 60 7 55 40 32 
73 39 94 3 88 77 40 95 78 16 9 6 77 20 1 59 6 34 79 76 18 83 21 53 97 94 12 3 100 3 34 73 41 27 75 81 3 66 75 32 81 84 89 9 55 89 19 12 75 97 87 44 80 60 96 28 53 59 30 52 
14 15 76 54 42 2 86 96 67 13 80 99 48 68 8 54 9 26 65 83 75 4 78 54 63 74 81 67 84 62 18 97 76 94 3 69 95 40 17 14 52 96 64 99 15 71 52 75 49 69 57 23 72 35 28 86 60 60 52 95 
73 21 92 48 66 46 69 13 85 85 78 89 32 41 39 98 64 91 73 64 11 81 38 34 67 65 19 78 76 22 73 100 94 16 47 12 13 67 24 97 3 53 37 34 93 76 84 8 66 56 71 28 36 8 61 55 24 31 32 51 
4 4 50 97 71 49 8 83 15 83 80 18 35 68 3 80 43 86 87 60 93 58 87 29 17 47 35 41 29 66 91 32 22 41 29 92 89 88 75 55 71 6 72 57 73 75 36 16 12 75 27 5 32 14 85 100 12 19 40 41 
36 83 72 57 75 52 49 63 40 75 69 62 80 41 18 4 67 6 19 78 80 46 34 63 11 18 62 22 88 54 14 24 36 86 80 10 37 80 24 76 54 92 37 33 84 7 37 50 12 7 80 43 4 13 5 14 83 18 88 70 
71 1 93 58 38 73 67 75 52 42 2 6 34 91 90 17 97 78 19 60 85 98 2 40 62 58 6 44 27 45 14 98 45 58 55 83 30 74 9 34 15 62 91 100 52 32 69 100 10 87 11 46 36 64 85 97 21 90 41 48 
86 6 97 31 63 3 65 45 28 25 78 43 86 20 94 90 51 62 89 60 48 100 5 83 63 42 32 36 83 24 35 69 29 31 51 43 85 67 87 13 91 16 7 28 35 100 17 38 62 6 97 61 57 54 96 19 47 27 6 29 
50 40 97 30 22 99 72 7 65 59 19 55 26 25 83 61 76 51 98 89 56 46 50 12 99 97 83 97 23 40 26 24 80 74 53 53 73 24 59 37 34 29 44 60 5 26 72 81 28 69 69 84 66 70 47 17 66 81 13 40 
21 38 63 52 12 67 4 36 43 15 72 76 43 15 87 48 92 58 28 20 78 48 55 44 18 1 12 35 34 24 27 6 14 89 57 77 8 12 12 50 26 83 77 69 50 64 68 41 73 95 12 51 94 66 46 63 19 57 98 4 
32 24 9 45 64 65 21 23 76 32 72 54 67 49 22 16 64 89 8 36 35 72 38 80 89 35 43 59 91 92 62 23 67 70 19 30 86 40 53 14 23 76 67 41 76 40 56 39 80 16 27 66 39 16 45 27 51 87 86 93 
30 99 67 96 21 86 26 58 77 30 71 99 5 89 40 81 80 47 71 59 14 49 76 52 65 21 31 15 59 68 7 89 66 74 84 38 11 61 96 87 42 18 37 47 59 28 79 38 27 1 49 40 50 24 44 66 96 26 80 55 
93 38 95 10 63 78 100 73 91 95 59 32 64 48 30 22 75 60 60 1 61 60 93 62 83 36 27 79 13 58 85 57 95 79 66 58 8 17 82 98 11 93 82 75 40 11 48 66 23 59 67 35 18 59 96 53 46 74 83 58 
31 67 66 77 97 31 86 4 100 68 54 10 12 87 36 51 49 84 16 71 42 34 5 12 44 52 64 41 25 46 98 7 64 63 84 12 46 21 67 45 88 20 6 51 58 94 1 7 29 69 77 22 54 82 33 98 33 48 38 10 
45 88 16 8 2 99 71 99 20 38 95 59 9 53 10 67 46 62 73 74 82 49 47 36 82 80 85 67 27 22 76 72 61 91 31 15 42 2 13 13 39 8 23 47 12 32 65 57 46 37 82 79 38 28 66 19 59 50 37 86 
24 12 9 36 55 39 50 48 92 63 60 30 22 82 29 33 66 45 41 63 82 74 41 19 1 7 89 12 8 78 97 31 89 5 67 95 95 16 42 87 30 1 68 51 35 48 35 100 93 75 14 26 48 54 96 1 60 36 12 20 
13 60 50 54 16 68 48 10 84 42 48 13 94 16 16 28 15 50 79 7 25 92 32 24 46 27 24 57 63 87 76 27 46 78 80 61 45 80 23 80 21 70 45 14 37 60 42 52 61 72 10 85 64 94 61 61 72 36 69 86 
23 97 13 20 74 92 33 70 71 55 2 91 76 46 57 65 57 98 16 17 21 77 54 84 70 14 96 42 49 17 27 23 13 39 43 38 83 75 7 53 81 8 96 56 5 52 20 61 1 87 78 21 64 31 57 85 44 4 26 44 
20 5 67 32 43 9 69 25 35 28 30 15 87 25 22 92 28 94 4 28 32 81 100 47 63 56 32 6 12 9 2 31 13 68 63 56 28 83 32 62 62 61 76 49 37 97 92 64 42 95 91 74 76 43 20 38 98 3 96 61 
12 97 92 24 16 6 31 43 88 63 4 2 75 31 50 12 79 93 27 21 87 70 94 14 12 65 4 61 68 99 22 79 47 13 2 62 18 85 4 57 47 59 58 73 89 59 84 67 51 63 87 90 32 32 3 43 97 6 3 16 
1 1 1 1 1 0 0 0 0 1 1 0 1 0 1 1 1 0 0 1 0 0 0 1 0 1 1 0 0 0 1 0 1 0 1 1 0 0 1 1 1 0 1 1 1 0 0 0 1 0 1 1 1 0 1 1 1 0 1 1 
0 0 1 0 0 1 1 0 1 0 1 0 1 1 1 0 1 0 0 0 0 1 0 1 1 1 0 0 1 1 0 0 1 1 0 1 0 1 0 1 1 1 0 0 0 1 0 0 1 0 0 0 0 0 1 1 1 0 0 1 
1 0 1 1 1 1 0 0 0 0 1 1 0 1 0 0 1 0 0 0 1 1 0 1 1 0 0 1 0 0 0 1 0 1 0 0 0 1 0 0 1 1 1 1 1 1 0 0 0 0 0 1 1 1 0 1 1 0 0 1 
1 0 0 1 1 1 1 1 0 1 1 1 1 0 1 0 0 1 0 0 1 0 1 1 1 1 0 0 1 0 1 0 0 0 0 1 1 1 0 1 1 1 0 0 1 1 0 1 0 0 1 0 0 0 1 0 1 1 0 1 
1 0 1 1 0 1 0 1 1 0 0 0 1 0 0 0 0 0 0 0 0 1 0 0 0 1 0 1 0 1 0 1 1 0 0 1 1 0 0 0 0 0 0 1 0 0 0 0 0 0 1 0 1 1 1 1 1 1 1 1 
0 1 1 1 1 1 0 1 0 0 1 0 0 0 0 1 0 0 1 1 0 0 1 1 0 0 1 1 0 0 0 0 1 1 0 1 1 0 0 1 1 1 1 1 1 1 0 0 1 0 1 1 0 0 1 0 1 0 1 1 
0 0 1 1 1 1 0 0 0 0 1 1 0 1 0 1 0 1 1 0 1 0 1 1 1 0 0 0 0 1 1 0 1 0 0 1 0 0 1 0 1 1 1 1 0 1 0 0 0 0 0 1 0 0 1 1 0 1 1 1 
0 0 1 0 1 1 1 1 0 0 1 1 1 0 0 1 1 0 0 0 0 0 1 1 0 0 0 1 1 0 0 0 0 1 0 1 1 1 0 1 1 1 0 1 1 0 0 1 0 0 1 1 1 0 0 1 1 0 0 0 
0 0 0 1 0 0 0 1 1 1 0 1 0 0 0 0 0 0 1 0 1 0 1 0 0 1 1 1 0 0 0 0 0 0 1 0 1 0 1 0 1 1 1 1 1 1 1 1 0 0 0 1 0 1 1 1 1 0 0 1 
0 0 1 1 1 1 1 0 1 1 0 0 0 0 1 0 1 1 1 1 1 1 0 0 1 1 1 0 0 1 1 0 0 0 1 1 1 1 1 0 0 1 0 0 1 0 0 1 1 0 0 0 1 1 0 0 0 1 0 0 
1 1 1 1 0 0 0 1 1 1 0 1 0 0 0 0 0 0 1 1 0 1 0 0 0 0 0 1 0 1 1 1 0 0 0 0 1 0 0 0 1 0 0 1 0 0 1 1 0 0 0 1 0 0 1 0 1 1 1 1 
0 1 0 1 1 0 1 0 0 1 1 1 1 1 0 0 1 0 1 1 0 1 0 0 0 1 1 1 1 0 0 1 1 0 0 1 0 0 1 0 1 0 1 1 1 1 1 0 1 0 0 0 1 0 0 1 0 1 0 1 
0 0 0 1 0 1 0 0 1 0 0 0 0 1 1 0 1 0 0 0 0 0 0 0 1 1 1 1 0 0 0 0 0 0 0 1 1 0 1 0 0 0 1 1 1 0 1 0 1 1 1 1 0 1 1 1 0 1 0 1 
1 0 1 1 0 1 0 0 0 0 0 0 0 1 1 1 0 0 0 1 0 1 0 0 0 0 1 1 1 1 0 0 1 1 1 1 1 0 1 1 0 0 1 0 1 1 1 1 1 1 0 1 0 1 1 1 1 0 0 0 
1 0 0 0 1 1 0 0 1 1 1 1 1 1 1 1 0 1 0 1 0 1 1 1 0 0 0 1 1 0 1 0 0 1 1 1 0 1 0 0 0 1 1 0 0 1 1 0 0 1 0 0 0 1 1 0 1 1 1 0 
1 0 1 1 1 0 1 0 1 1 0 1 0 1 1 1 0 0 1 0 0 1 1 0 0 0 1 0 0 0 0 1 1 1 1 0 1 0 0 0 1 0 0 1 0 1 0 0 0 0 1 0 1 0 0 0 0 1 0 0 
0 0 0 1 0 1 1 1 1 0 0 0 0 0 1 0 1 0 1 1 0 0 1 1 0 0 1 0 1 1 1 1 0 1 0 0 0 0 1 1 0 1 1 0 1 0 1 1 0 0 0 0 0 0 0 0 0 1 0 1 
1 1 1 1 0 1 1 0 1 0 1 1 0 0 0 1 1 1 0 1 1 1 0 1 1 0 1 1 1 1 0 0 1 1 1 1 1 0 0 0 1 1 0 1 0 0 0 1 1 1 0 0 0 0 1 1 0 0 0 0 
1 0 0 0 0 0 0 1 0 0 1 1 1 1 0 1 1 1 0 0 0 1 0 0 1 1 1 0 1 1 0 1 1 0 1 1 0 1 0 1 1 0 0 1 1 1 0 1 0 1 1 0 0 0 0 1 1 1 1 1 
0 1 0 1 0 1 1 0 1 1 1 0 1 0 1 1 1 0 0 1 1 1 1 1 1 1 0 1 0 0 0 0 1 0 1 1 1 0 0 0 0 1 1 1 1 0 0 0 0 0 1 1 0 0 0 1 1 1 0 1 
1 0 1 0 0 1 0 0 1 0 0 1 1 1 1 1 0 1 1 0 0 1 0 0 1 0 1 1 1 0 0 0 0 0 1 1 1 1 1 0 1 1 0 0 1 1 1 1 0 1 1 0 0 1 0 1 0 0 0 1 
0 1 0 0 1 1 1 0 0 0 0 1 0 0 1 1 1 1 0 0 0 1 0 0 1 1 1 1 1 0 0 1 1 0 1 0 1 1 0 1 1 0 0 1 1 0 0 0 1 0 0 1 0 1 1 1 0 0 0 1 
0 0 0 1 1 1 1 0 0 1 0 0 0 0 1 1 0 0 1 1 0 0 0 0 1 1 1 1 0 1 0 0 0 0 0 1 1 1 1 0 1 1 0 1 0 1 0 0 1 1 0 0 1 0 0 0 0 0 1 0 
1 1 0 1 1 0 0 1 0 0 1 1 1 1 0 1 0 0 0 0 1 0 0 1 0 0 1 0 0 1 0 0 0 1 1 0 1 0 1 1 0 0 0 1 1 0 1 1 0 1 1 0 1 1 1 1 0 0 0 0 
1 0 0 0 1 0 0 1 0 1 0 0 1 1 1 0 1 0 1 0 1 1 0 0 0 1 0 0 1 0 1 1 0 1 1 0 1 1 1 1 0 1 1 1 0 1 1 0 1 0 0 1 1 0 1 0 1 1 0 0 
1 1 1 0 1 0 0 0 1 1 0 1 0 1 0 1 0 1 1 0 0 1 1 1 1 0 1 0 0 0 0 1 1 0 1 0 0 1 1 0 0 1 1 1 0 0 0 1 1 1 1 1 0 0 1 1 0 0 1 0 
0 1 0 0 1 1 0 0 1 1 0 1 0 1 0 1 1 0 0 1 1 1 0 1 1 1 0 1 0 1 0 0 1 0 0 0 1 1 0 0 0 0 0 1 0 0 0 1 1 0 0 0 1 1 0 0 0 0 1 0 
0 1 1 1 1 1 1 1 0 0 1 1 0 1 0 0 0 0 0 1 0 0 1 1 1 1 1 0 0 0 0 0 0 1 1 1 1 0 0 1 0 0 0 1 1 0 1 1 0 1 0 0 0 0 1 1 1 0 1 1 
1 0 1 1 1 0 0 0 1 1 0 1 1 0 0 0 1 0 0 1 1 0 0 1 0 1 1 0 0 0 1 1 0 1 0 0 1 0 0 0 1 0 0 0 1 0 1 0 0 1 1 0 1 1 1 0 1 0 0 1 
1 1 0 1 0 0 1 0 0 0 0 0 0 0 0 1 1 1 1 1 0 1 1 0 0 1 0 1 1 0 0 0 1 0 0 0 0 1 0 1 1 0 1 0 1 1 1 0 1 1 1 1 0 1 1 0 0 1 0 1 
1 0 0 1 1 0 1 1 1 1 0 1 1 1 1 0 1 0 0 0 1 0 1 1 1 1 0 1 0 0 0 0 0 0 1 1 0 0 1 0 1 1 1 0 1 0 1 0 0 1 0 0 1 1 1 0 0 1 1 1 
1 0 1 0 0 0 1 1 0 0 1 1 0 0 1 1 0 0 1 0 0 1 0 1 0 0 0 1 1 1 0 1 1 1 1 0 1 0 1 1 1 0 0 1 0 1 0 0 0 1 0 0 0 1 1 0 1 1 1 0 
1 1 1 0 0 0 0 1 1 1 0 0 1 0 1 1 0 1 1 0 0 0 0 0 1 1 0 0 1 0 0 0 1 0 0 0 0 1 1 1 0 0 1 0 0 0 1 0 1 1 0 1 1 0 1 0 0 0 0 1 
0 0 1 1 0 1 1 1 0 1 0 1 1 0 1 1 0 0 0 0 1 0 1 0 1 1 0 1 1 0 0 1 1 1 0 1 0 0 0 1 1 1 0 0 1 1 1 1 1 1 1 1 0 1 1 1 0 0 0 1 
0 0 0 1 1 0 1 1 0 1 0 1 0 0 1 1 1 1 1 1 0 0 0 0 1 1 1 1 1 1 0 0 1 0 1 0 1 0 0 1 0 0 1 0 1 0 0 0 1 1 1 0 1 1 0 1 1 0 0 0 
1 1 0 1 1 0 1 0 0 1 0 0 0 1 1 1 1 1 1 1 0 1 1 1 0 1 0 1 1 1 0 1 0 0 0 1 0 1 0 1 1 0 1 1 1 0 0 0 1 1 1 1 0 0 1 1 0 1 0 1 
0 0 0 0 1 0 0 1 0 0 0 1 0 0 0 1 0 0 1 0 1 1 1 0 1 0 1 1 0 1 1 0 0 1 1 1 0 1 0 0 1 1 1 1 1 1 0 1 1 1 1 0 0 1 0 0 1 1 1 1 
1 0 0 1 0 1 0 0 0 0 0 1 1 1 0 0 0 0 0 1 1 1 1 0 0 0 0 0 1 1 1 0 0 1 1 0 0 1 0 0 0 0 1 1 1 1 0 1 1 0 0 1 1 1 1 0 1 1 0 1 
0 1 1 0 1 1 0 1 0 0 0 0 0 1 0 1 1 0 0 0 0 0 1 1 0 0 1 1 1 1 0 0 1 0 0 0 1 1 1 1 1 1 0 0 1 0 1 0 0 0 0 0 0 0 1 0 0 1 0 0 
0 0 0 1 0 0 1 1 1 1 1 1 0 1 1 1 1 0 1 1 0 0 1 1 0 0 1 0 1 1 0 0 0 0 1 0 1 1 0 0 0 1 1 0 0 0 0 1 1 1 0 1 1 1 0 1 1 0 0 1 
1 0 1 1 1 0 0 0 1 0 0 1 1 0 0 1 0 0 0 1 1 0 1 1 1 1 0 0 1 0 1 1 1 0 0 0 1 0 0 0 0 0 0 1 0 0 0 1 0 0 0 1 0 1 0 1 1 1 0 0 
1 1 1 0 0 0 0 1 0 0 1 1 1 1 0 1 1 1 0 1 1 1 1 0 0 1 1 1 0 1 0 0 1 1 0 1 1 1 0 0 1 1 1 0 1 1 0 0 0 0 0 0 1 1 0 0 0 1 1 1 
1 1 1 0 1 1 1 0 0 1 0 0 0 1 0 1 1 0 0 1 1 0 1 0 1 1 0 1 1 0 0 0 1 1 0 0 1 1 1 1 0 1 1 0 1 0 0 0 0 0 1 1 0 1 0 1 0 0 0 1 
