56 65 2686
70 56 28 26 15 75 50 53 9 57 48 52 55 13 36 50 85 50 31 3 33 58 71 41 76 17 29 26 8 41 32 78 96 11 55 11 37 4 63 97 13 62 48 67 75 36 69 11 85 99 66 69 56 36 62 83 52 90 8 11 30 91 40 25 54 
95 87 90 98 1 87 62 63 86 29 89 21 49 99 57 99 64 26 54 51 87 88 54 28 95 65 57 38 4 33 91 50 72 80 48 24 18 61 86 4 89 26 24 89 77 81 87 92 58 92 43 44 79 48 71 26 12 79 63 68 63 53 17 34 84 
16 58 2 77 95 57 17 73 80 6 49 12 44 40 69 36 34 64 14 82 86 39 45 64 53 64 27 5 81 12 89 48 69 42 76 16 98 93 88 29 50 36 41 93 27 61 28 61 25 94 94 10 84 90 26 37 54 52 93 34 63 81 33 84 22 
9 99 71 53 86 100 2 73 40 94 99 100 74 11 76 19 56 86 54 46 11 90 99 14 83 84 28 15 16 63 89 24 61 59 76 98 58 29 22 49 75 73 1 100 83 76 18 39 13 71 84 23 13 34 88 47 17 68 13 84 30 1 8 43 12 
35 40 21 16 14 22 90 86 22 89 68 97 58 58 62 28 93 84 92 26 24 90 94 91 3 78 20 55 37 62 66 71 54 39 38 67 60 27 52 81 15 71 29 24 29 90 52 73 26 95 99 1 85 92 91 87 21 62 93 57 24 59 80 29 97 
17 95 8 44 98 88 10 68 68 34 96 10 37 69 87 31 19 87 67 62 77 5 83 38 98 39 13 8 18 41 56 87 87 63 30 84 2 91 52 69 24 99 78 12 19 64 95 89 50 61 51 78 18 85 68 67 75 80 74 93 73 29 31 59 43 
60 43 44 50 46 12 26 44 42 89 15 57 83 3 7 96 53 36 13 37 3 79 12 35 4 56 7 32 38 65 74 97 59 17 98 4 80 75 48 21 64 62 78 46 16 36 93 69 23 5 57 78 35 20 12 38 27 18 69 64 34 94 12 93 62 
62 96 42 36 95 14 51 8 43 49 24 30 41 44 53 46 52 30 80 72 93 18 50 10 38 66 95 84 77 87 45 38 35 38 26 81 4 76 41 98 76 64 28 17 59 32 14 10 13 93 33 5 62 83 14 52 48 60 35 76 47 31 14 33 21 
91 65 24 66 5 73 94 20 100 10 78 31 23 88 43 67 72 47 81 54 12 32 53 24 18 29 22 48 94 54 20 84 18 95 1 75 68 94 94 67 55 72 50 77 11 44 96 82 43 76 88 6 59 92 29 76 20 50 75 65 55 95 100 25 41 
1 99 8 46 92 27 1 15 28 29 77 71 24 11 65 99 98 71 9 41 51 84 13 1 11 77 7 57 77 31 97 29 29 5 74 73 83 26 87 10 55 64 80 30 74 45 81 23 67 89 63 17 73 75 69 35 4 76 91 80 58 87 60 87 91 
85 59 25 11 97 34 17 60 14 46 85 10 78 7 28 67 22 96 91 96 65 25 51 92 15 30 49 1 41 87 44 26 45 68 88 42 2 4 53 67 1 38 28 79 96 7 97 17 2 87 65 18 11 15 9 77 97 10 77 37 96 72 14 93 92 
1 86 45 4 38 63 57 27 90 35 23 96 31 39 49 69 55 67 31 70 27 7 18 36 35 6 84 7 20 76 50 20 13 94 76 50 56 32 77 97 18 51 44 100 89 92 68 96 58 98 65 37 56 34 72 90 39 7 48 58 82 97 30 46 42 
5 96 49 36 24 45 5 74 40 4 14 32 23 9 41 72 25 77 27 10 1 68 49 7 68 58 41 64 87 86 58 91 33 6 78 8 3 82 81 42 37 47 25 59 7 66 30 84 94 8 93 46 76 41 53 43 99 45 58 37 82 67 28 67 25 
57 74 27 39 7 20 75 53 45 86 59 10 15 94 55 75 87 1 2 27 5 96 77 1 53 66 34 72 93 100 96 49 74 74 39 32 93 14 84 37 99 94 98 65 88 53 91 74 5 92 52 61 87 81 61 92 46 94 63 90 94 10 90 19 83 
29 50 75 94 85 12 44 78 61 60 17 13 51 42 69 94 46 29 81 78 89 72 23 35 86 64 28 95 53 98 29 33 47 3 78 31 66 73 60 27 33 29 91 35 70 60 28 67 88 60 44 29 83 18 63 68 81 42 14 86 39 42 70 37 97 
100 19 62 72 78 88 56 58 79 90 28 90 70 46 29 29 90 57 12 59 71 31 92 64 45 29 54 38 98 90 34 97 8 96 69 38 35 24 95 65 66 74 54 35 20 83 15 61 91 26 19 14 9 10 77 5 38 31 42 88 72 28 36 80 75 
4 69 9 80 63 26 97 89 79 83 8 13 97 20 56 75 38 69 83 100 97 87 89 79 80 76 51 59 12 82 33 67 50 94 98 64 19 46 52 49 28 11 62 25 30 69 51 20 37 33 71 33 71 11 64 2 39 14 61 2 47 45 68 96 90 
18 11 60 63 15 9 91 77 22 67 59 90 69 78 78 53 100 62 23 10 25 76 48 38 88 49 36 33 69 83 74 38 94 34 100 60 94 42 36 15 60 94 56 28 23 33 80 74 46 54 84 71 82 83 60 69 84 96 53 52 78 27 89 23 60 
40 82 53 34 18 19 45 63 74 73 86 58 4 59 3 10 94 25 91 29 85 59 12 32 12 63 9 90 3 84 49 94 65 53 27 34 23 72 97 48 96 34 5 51 44 59 60 38 36 2 66 72 13 29 3 76 43 63 65 45 46 65 90 63 69 
69 96 91 92 44 38 87 77 94 89 73 4 1 62 39 2 79 10 14 7 64 89 49 27 5 45 24 69 34 86 37 2 34 27 93 77 64 31 6 9 20 78 13 20 91 51 73 69 13 87 75 28 27 23 54 32 67 30 100 52 67 89 54 52 67 
98 29 83 29 86 91 100 15 3 19 5 6 91 73 70 29 99 97 8 21 3 39 39 32 90 42 50 78 95 2 45 45 82 79 73 19 69 72 33 24 42 89 29 84 13 50 65 11 46 72 83 48 10 21 31 51 62 33 29 9 34 25 53 67 3 
77 85 23 48 69 46 41 57 26 76 69 75 40 79 73 11 61 72 72 33 55 23 46 87 3 6 20 79 58 86 33 86 22 55 33 90 53 25 46 78 1 66 5 92 44 77 55 56 48 26 40 2 100 37 88 54 43 59 32 52 96 16 38 17 23 
22 58 75 47 3 4 99 20 8 90 15 84 44 70 84 22 61 85 73 98 25 27 92 35 58 43 83 26 80 51 48 2 9 22 100 63 77 50 83 85 39 97 20 35 19 3 8 31 40 80 28 16 58 19 50 68 14 84 93 93 35 40 46 43 13 
97 57 89 46 39 25 37 88 45 23 6 47 82 36 38 61 16 53 71 86 55 38 99 38 30 44 72 69 41 66 33 38 23 73 35 61 98 71 100 42 45 5 40 26 93 78 39 60 82 9 45 36 46 96 74 75 39 97 95 31 63 79 68 85 51 
3 97 48 25 97 89 70 53 81 95 97 58 85 56 39 93 1 75 38 96 100 12 86 96 58 16 58 36 36 94 87 90 43 86 14 91 27 35 95 7 82 92 64 66 47 54 59 99 28 96 46 79 60 31 75 69 99 84 57 34 30 43 23 24 80 
88 14 6 23 8 12 56 99 75 21 98 29 79 96 8 27 42 39 38 24 65 58 22 48 14 55 29 8 77 52 88 17 65 93 39 25 5 94 75 31 66 72 59 97 68 19 75 61 57 12 84 21 21 6 20 35 12 1 42 41 52 29 57 69 22 
47 45 78 92 19 8 57 91 19 53 10 37 27 22 45 90 5 17 11 62 36 97 26 88 38 66 92 19 22 60 40 68 56 69 59 74 76 67 16 94 72 25 82 50 98 78 40 55 94 2 16 82 98 41 69 87 58 60 5 79 71 96 98 26 64 
8 52 92 75 67 37 46 44 19 95 41 48 86 95 42 39 63 23 88 55 43 75 65 55 31 43 25 27 93 3 42 100 6 33 26 72 70 23 67 40 70 60 87 55 6 28 46 20 2 33 27 97 59 91 51 90 33 75 68 77 29 9 29 34 42 
54 58 11 77 24 50 46 35 88 52 41 16 49 60 69 82 86 65 92 76 15 81 61 42 48 37 22 57 17 8 50 71 65 12 99 40 61 96 75 48 47 15 15 96 26 36 29 64 52 20 39 19 53 51 12 52 40 33 60 56 40 9 26 56 20 
24 96 32 19 22 32 18 88 98 65 13 33 45 76 85 16 67 3 68 17 14 20 56 98 31 64 90 40 89 45 11 65 40 95 35 61 26 4 100 23 68 13 8 64 40 92 80 6 46 47 23 11 18 30 8 1 93 97 92 34 42 2 50 33 96 
84 46 73 40 45 96 59 9 3 23 49 46 2 54 43 100 28 53 70 10 60 70 2 9 61 87 2 14 36 86 10 72 83 34 11 28 29 69 88 83 43 36 80 96 42 22 96 21 74 17 30 86 86 32 94 98 70 47 11 6 32 72 29 15 6 
39 94 86 59 33 21 54 21 100 49 62 22 96 82 47 12 12 32 49 95 77 46 64 23 9 21 7 32 49 73 89 39 18 75 98 50 47 3 70 46 51 83 67 47 65 14 10 28 97 59 74 74 56 89 48 64 10 6 48 58 78 36 49 47 62 
46 97 8 48 18 6 50 1 72 96 17 37 6 96 86 16 69 59 71 57 58 87 18 64 34 28 93 21 76 40 35 73 88 94 72 5 99 21 57 23 69 73 11 26 68 96 41 88 54 63 97 64 49 14 27 34 41 71 7 68 10 41 40 49 34 
11 54 85 84 10 7 52 35 17 77 54 13 69 42 18 31 38 81 80 3 59 65 96 82 71 63 43 11 3 92 97 65 45 33 48 6 39 99 92 7 27 46 71 95 39 89 78 76 21 9 30 32 73 25 13 44 88 55 6 42 98 54 6 94 86 
54 100 76 4 91 35 31 88 5 77 26 93 54 53 66 14 83 97 87 59 61 82 46 67 87 39 65 93 97 58 78 50 57 6 5 100 40 87 87 44 64 13 89 69 65 6 35 99 54 21 58 14 2 55 80 40 94 44 32 42 54 62 91 62 19 
47 61 58 34 100 53 49 64 93 69 80 50 3 79 3 75 88 16 76 94 48 16 39 43 99 80 96 12 70 58 30 69 70 39 2 69 92 2 84 36 70 64 86 73 94 88 47 81 56 75 26 3 42 65 97 92 44 93 4 66 50 33 34 71 72 
35 40 15 36 23 50 57 38 87 81 31 27 80 63 82 54 89 36 47 53 32 38 48 76 41 13 77 74 46 48 97 80 39 11 67 13 12 24 51 51 4 33 77 35 48 10 88 88 97 34 92 80 72 39 56 64 52 32 37 97 31 85 29 69 95 
47 82 59 22 32 9 78 16 37 12 63 46 100 50 42 85 41 21 8 80 28 72 31 12 60 79 42 45 7 11 91 54 92 49 27 75 9 4 90 45 16 53 90 15 54 83 51 95 56 11 26 83 82 8 94 93 86 36 89 45 98 80 98 89 80 
24 15 89 80 56 33 95 60 75 61 14 57 11 60 12 21 85 47 54 92 40 47 77 27 35 21 24 66 70 64 46 46 78 34 25 86 18 71 45 44 31 58 53 93 69 64 14 53 62 19 96 2 17 25 28 4 97 52 69 67 67 14 64 45 99 
40 30 69 10 26 12 40 36 64 84 4 80 97 9 93 68 4 94 84 28 74 87 77 77 8 43 43 73 58 39 24 97 20 92 58 46 55 49 81 71 32 36 2 81 44 94 48 100 40 83 79 13 22 55 41 29 49 35 1 6 74 24 54 93 67 
63 90 74 11 70 44 43 58 97 23 1 90 22 52 29 4 31 93 25 85 33 5 34 68 6 91 93 29 97 85 48 59 27 21 70 96 64 64 5 60 38 6 1 11 57 30 14 39 74 91 24 59 95 9 78 52 51 70 33 47 6 80 58 32 100 
79 80 15 42 84 26 31 41 26 41 50 7 6 88 81 48 11 39 95 71 68 46 74 37 78 72 42 57 29 26 8 7 5 22 100 40 47 30 81 73 22 30 79 28 17 11 75 80 1 69 2 68 67 75 4 44 47 98 53 27 23 60 34 79 82 
33 70 28 15 50 52 36 31 83 63 100 93 90 31 94 10 32 61 76 59 17 72 57 14 24 83 88 83 68 18 16 53 87 96 67 37 47 54 19 29 69 18 74 58 48 67 19 32 27 47 42 43 18 98 8 41 32 95 75 100 12 91 52 99 86 
70 87 84 23 57 65 91 75 38 100 74 4 19 57 82 65 98 77 82 95 84 74 79 31 100 78 94 42 81 44 27 50 82 63 72 39 27 63 13 64 62 38 19 32 95 52 48 44 28 81 39 64 54 69 46 6 46 39 47 26 35 26 75 16 88 
98 54 66 60 18 29 74 56 99 57 2 50 5 45 30 85 35 93 91 3 90 96 100 28 42 25 14 67 51 30 6 49 83 71 60 1 51 85 8 1 94 61 51 98 5 80 34 92 24 24 94 13 19 94 92 13 70 6 31 73 35 37 73 69 59 
32 21 10 69 28 10 62 40 12 11 45 43 44 88 66 68 33 78 38 26 22 2 48 27 33 20 61 21 92 81 31 75 2 92 95 81 2 56 21 65 66 17 8 62 4 25 29 36 3 18 14 76 20 13 2 4 32 14 76 75 94 6 1 95 98 
96 76 51 3 48 15 21 64 74 82 19 99 62 54 53 79 19 28 50 31 29 5 14 94 80 88 87 86 41 34 83 88 61 33 90 8 99 62 23 73 43 41 71 56 94 75 35 65 2 36 95 82 41 9 75 20 48 13 5 88 46 39 27 58 23 
17 17 74 78 39 46 73 31 68 28 77 42 14 41 95 50 35 76 42 43 50 61 43 62 18 82 60 8 9 69 31 25 86 4 54 76 1 78 7 20 58 83 13 71 75 7 72 9 82 13 4 83 26 46 96 43 27 7 2 35 76 84 11 13 39 
17 88 39 94 46 10 51 80 22 74 54 28 45 63 61 10 66 95 35 63 91 29 89 97 30 76 72 66 86 84 4 2 24 43 48 69 52 98 49 26 23 2 53 68 16 66 29 33 60 63 95 50 43 36 99 24 11 70 89 96 6 93 50 81 35 
97 49 38 46 49 63 69 51 68 88 18 33 16 51 92 30 97 94 72 32 92 95 42 13 36 90 70 28 39 50 14 35 99 3 32 47 66 52 49 85 39 19 17 6 21 60 87 17 5 10 49 48 5 42 61 40 31 30 19 69 32 32 55 30 34 
39 28 51 90 29 35 29 47 3 86 67 15 73 35 19 82 83 19 38 25 79 29 7 60 47 28 91 30 82 72 64 20 52 14 10 80 1 90 78 3 75 96 69 99 30 40 33 65 58 70 41 88 51 47 47 97 74 90 79 8 61 42 79 12 7 
40 43 59 29 72 62 56 67 82 6 49 21 38 65 78 8 57 65 10 55 64 6 81 53 84 88 65 77 18 29 36 58 71 94 38 95 7 45 13 89 51 61 61 88 77 91 47 33 55 56 88 70 14 68 74 49 7 39 78 24 67 13 33 89 6 
71 83 13 15 96 53 17 8 13 57 37 3 3 69 10 11 8 79 76 27 5 24 33 43 1 9 61 13 41 1 71 63 36 35 30 83 87 46 90 99 54 26 54 57 47 63 19 54 93 94 33 97 17 65 91 70 25 3 34 66 4 56 80 39 90 
9 21 76 7 62 27 60 40 80 68 38 94 86 43 86 31 75 35 100 40 25 69 64 28 54 81 83 10 61 73 99 21 45 27 79 58 53 39 97 84 6 34 77 44 77 14 74 51 48 73 42 25 93 58 4 47 38 86 56 50 10 54 71 54 80 
49 11 84 39 60 19 97 45 47 92 21 61 65 24 60 90 17 84 34 74 39 80 64 24 35 13 85 41 35 38 72 36 1 8 74 12 26 22 56 73 13 29 85 30 4 44 71 20 80 4 94 18 84 57 94 70 21 78 62 8 68 86 43 20 93 
68 31 70 42 38 42 54 66 78 35 69 74 5 41 53 9 34 22 92 42 67 13 14 45 75 21 64 60 15 83 4 83 65 73 24 2 67 29 20 44 64 40 17 68 80 21 28 65 43 71 58 9 84 72 5 10 44 20 69 59 54 72 93 18 96 
1 1 1 1 0 1 0 1 1 0 1 0 1 1 0 0 1 0 1 0 1 0 1 0 0 1 0 1 1 1 0 0 0 0 0 0 1 0 0 0 0 1 0 0 0 0 0 1 1 1 1 0 1 1 0 1 0 0 0 0 0 0 0 0 0 
0 1 1 1 1 0 1 0 0 1 0 1 1 0 0 0 1 0 1 0 0 0 1 1 0 1 1 1 1 1 1 0 0 1 1 1 1 0 1 1 0 0 0 1 0 0 0 1 0 1 0 1 0 1 0 0 0 1 1 1 0 1 1 1 0 
0 0 1 1 0 0 1 0 1 0 0 1 0 1 0 0 1 1 0 0 1 0 0 0 0 0 0 1 1 1 1 0 0 0 1 0 0 0 0 1 0 0 1 1 1 1 1 1 0 1 1 1 1 0 1 1 0 1 0 1 1 1 1 1 1 
0 1 0 0 1 1 1 1 0 0 0 1 1 1 1 0 1 0 1 1 1 1 1 1 1 0 0 1 0 1 0 0 0 0 1 1 0 0 0 0 0 0 0 1 0 1 1 1 0 0 0 1 1 1 0 1 1 0 0 1 1 0 0 1 1 
1 0 1 1 0 1 1 1 1 0 1 1 1 0 1 1 0 0 1 1 1 0 0 1 0 0 1 0 0 0 1 1 1 0 0 1 0 1 0 1 1 1 0 0 1 1 1 1 0 0 0 1 0 1 0 0 1 1 1 1 0 0 0 1 1 
0 0 1 1 1 0 0 0 1 0 0 0 1 1 0 0 0 1 0 1 0 1 0 1 0 1 1 0 1 0 1 1 1 0 0 0 1 0 0 0 0 0 0 1 0 1 1 0 0 0 1 0 1 1 0 1 0 1 1 1 0 1 0 1 1 
0 1 0 0 1 0 0 0 1 1 0 0 1 0 0 1 1 1 0 0 1 1 0 0 0 1 0 1 1 1 1 1 0 1 1 0 0 1 0 1 0 0 1 1 0 1 0 1 0 0 1 1 1 1 0 0 0 0 1 1 0 0 0 0 0 
1 0 0 0 0 1 0 0 0 0 0 1 0 1 0 1 0 1 0 1 1 0 1 0 0 0 0 0 0 0 0 1 1 0 1 1 1 0 0 1 0 0 1 0 0 1 1 0 0 0 0 0 0 1 0 0 0 0 1 0 0 1 0 1 0 
1 1 1 1 1 1 1 1 0 0 1 1 1 0 1 1 0 1 0 1 1 0 1 1 1 0 0 1 0 1 1 1 0 0 1 1 1 0 1 1 0 0 0 0 0 0 1 0 1 1 0 1 0 1 0 1 1 0 0 1 0 1 1 0 0 
0 0 1 0 1 1 1 1 1 1 0 1 0 0 1 0 0 0 0 0 0 1 1 1 0 1 1 1 0 1 1 0 1 1 0 0 0 1 0 1 0 0 1 1 0 0 1 1 0 1 1 0 0 0 1 0 1 0 0 1 0 1 1 1 0 
0 0 0 1 0 0 0 0 1 1 0 1 0 1 1 1 0 1 1 1 1 0 0 1 0 0 1 1 1 1 0 1 1 0 1 1 0 1 1 1 0 1 0 0 1 1 1 1 1 0 0 0 0 1 1 0 1 1 0 0 0 0 0 1 0 
1 0 1 0 1 0 0 0 1 0 1 0 1 1 1 1 1 1 0 0 1 0 1 0 0 0 0 0 0 1 1 1 1 0 1 0 0 1 0 1 1 0 0 0 1 1 1 0 1 1 1 0 0 0 0 0 0 0 1 0 1 0 1 0 0 
0 0 0 1 0 0 0 0 0 0 1 1 0 0 0 1 1 0 1 1 0 0 0 0 1 0 1 1 0 1 1 0 1 1 0 0 1 0 0 1 1 0 1 1 0 1 0 1 0 0 0 0 0 0 1 1 1 0 0 1 0 1 1 1 0 
1 1 0 0 0 1 1 0 0 0 0 0 0 1 0 0 1 0 0 0 1 1 1 0 1 0 0 0 1 1 1 1 1 1 1 1 0 0 1 1 0 1 1 0 0 1 1 1 1 1 1 1 1 0 1 0 0 1 1 0 0 0 1 1 1 
0 0 1 0 1 0 0 0 1 0 0 0 1 0 0 1 1 1 0 0 0 0 0 1 1 0 1 1 1 1 0 1 1 0 1 1 0 1 1 0 0 0 0 1 0 0 0 1 1 0 1 1 1 0 0 0 0 0 0 0 1 0 1 0 0 
1 1 1 0 1 1 0 1 1 0 1 0 0 0 1 1 0 1 0 0 1 0 0 1 0 0 0 1 0 1 1 1 0 0 1 1 1 0 0 1 0 1 1 0 0 0 1 0 1 1 0 1 0 0 0 0 1 1 1 1 0 1 0 0 1 
1 0 1 1 0 0 1 0 1 0 0 1 1 0 1 1 0 0 1 0 0 1 1 1 1 0 1 0 0 0 1 0 0 0 1 0 0 1 0 1 1 0 1 0 0 0 1 0 0 0 1 0 0 0 0 1 1 1 1 1 1 0 1 1 1 
1 0 1 0 0 1 1 1 0 1 1 0 1 0 0 1 1 0 1 1 0 0 0 0 1 0 1 0 1 1 1 0 1 0 0 1 1 1 0 1 1 0 1 0 0 1 1 1 0 1 0 0 1 1 0 1 1 0 1 0 1 0 1 0 0 
1 1 0 1 0 1 0 0 1 0 0 0 1 1 0 0 1 1 0 0 1 1 1 1 0 0 0 0 1 0 0 0 0 0 1 0 0 1 0 1 1 0 1 1 1 0 1 0 1 1 1 0 0 0 0 0 0 0 0 1 1 1 0 1 1 
1 1 1 1 1 0 0 1 0 1 0 0 1 0 1 0 1 1 1 0 1 1 0 0 0 0 1 1 0 0 0 1 1 0 0 0 0 1 1 0 0 1 0 1 1 1 0 1 1 1 1 0 0 1 0 0 1 1 1 1 1 0 1 0 0 
1 0 0 0 1 1 1 0 1 0 0 1 0 1 0 1 0 0 0 1 1 0 1 0 0 0 0 0 1 0 0 1 1 0 1 0 1 0 1 1 1 1 0 1 0 0 1 0 0 1 1 1 1 0 0 1 1 0 1 0 0 1 1 1 0 
1 0 1 1 1 0 0 0 0 0 0 0 1 0 1 0 1 0 1 0 0 1 1 0 0 1 1 0 1 0 0 0 0 1 1 1 0 0 1 0 0 1 1 1 1 0 1 1 0 0 1 1 1 0 1 0 1 0 0 0 1 0 0 1 1 
0 1 1 0 0 0 0 0 1 1 1 1 0 0 1 0 1 0 0 1 0 0 1 0 0 1 1 0 0 1 1 0 0 1 0 0 1 0 0 0 1 0 1 1 0 0 1 0 1 1 1 1 1 0 1 1 0 1 1 0 0 1 0 0 0 
0 0 1 0 1 1 1 1 0 0 1 0 1 1 1 1 1 0 0 1 0 0 1 1 1 1 1 0 1 1 0 1 1 1 1 0 0 0 1 0 0 1 1 0 0 0 1 1 1 1 1 1 1 0 0 1 0 1 1 1 0 0 1 1 1 
0 0 0 1 1 0 1 0 1 1 1 0 0 0 1 0 1 0 1 0 0 0 0 1 0 1 1 0 0 0 1 1 0 1 0 0 0 1 0 1 1 1 1 1 0 0 1 1 0 1 1 0 1 1 1 1 1 0 1 1 1 1 0 1 0 
0 1 0 0 0 0 1 1 1 0 1 0 0 1 0 1 0 1 0 0 0 0 1 1 1 0 0 0 1 1 1 1 1 1 1 1 1 0 0 1 1 0 1 1 1 1 0 1 0 0 1 1 0 0 0 0 1 0 0 0 1 1 1 0 1 
1 1 0 1 0 1 0 0 0 1 1 0 1 0 0 0 0 1 0 0 1 0 1 1 1 1 1 0 1 1 1 0 1 0 1 1 1 0 1 0 1 0 0 1 0 0 1 0 0 1 1 1 0 0 1 1 0 0 1 1 1 1 1 0 1 
0 1 0 0 0 0 0 0 0 1 1 1 0 1 1 1 0 0 1 1 1 0 1 1 0 0 1 1 1 1 0 1 1 0 0 1 1 0 0 1 1 1 0 1 0 1 0 1 0 0 0 1 0 1 1 0 1 0 1 0 1 1 1 0 0 
1 0 1 1 0 0 0 1 1 1 1 0 0 0 0 0 0 0 0 1 1 1 0 1 0 0 0 0 0 1 0 1 1 1 1 1 1 1 0 0 1 1 1 1 0 1 1 0 1 1 0 0 0 0 1 1 1 0 1 1 1 1 0 0 0 
1 1 1 1 1 0 0 0 1 1 0 0 0 1 0 1 1 0 0 1 0 1 0 0 0 1 1 1 0 1 1 1 0 0 0 1 0 0 1 1 1 0 0 1 1 0 1 0 0 1 1 0 0 0 0 0 1 1 1 1 0 0 1 0 0 
1 1 1 0 1 0 1 1 0 1 0 0 0 0 1 1 1 1 1 1 0 1 1 1 0 0 0 0 1 0 0 1 0 1 1 1 0 0 0 0 1 0 1 1 0 0 0 1 1 1 1 1 0 0 1 0 0 1 0 0 1 1 1 1 0 
0 0 0 0 0 1 0 0 0 1 0 0 0 0 1 1 1 1 0 1 0 0 1 1 1 1 0 0 0 0 0 0 0 1 1 1 0 1 1 0 0 0 0 0 0 1 0 1 0 0 0 0 0 1 1 1 1 0 1 1 0 0 0 0 1 
1 1 1 0 1 1 0 1 1 1 1 0 1 0 1 1 0 1 1 1 1 1 0 1 0 0 1 0 0 1 1 1 1 0 1 0 1 1 1 0 0 0 1 1 0 0 0 0 1 0 1 0 1 0 1 1 0 0 0 0 0 1 1 1 0 
0 1 1 1 0 0 0 0 1 1 0 1 0 0 0 0 1 1 1 1 0 0 1 1 0 1 1 0 0 0 0 0 1 1 0 1 1 0 1 0 1 1 1 1 1 0 1 0 1 0 0 1 1 1 0 1 1 1 1 1 1 1 0 0 1 
0 1 0 0 0 1 1 1 0 1 0 0 0 1 1 1 1 1 0 0 1 1 1 1 1 1 0 0 1 1 1 1 0 0 1 1 1 0 0 1 1 1 0 0 0 1 1 1 0 1 1 0 0 1 1 1 0 1 0 1 0 1 0 1 1 
1 0 0 1 0 0 1 1 0 1 1 1 0 0 0 1 0 0 1 1 1 1 1 0 1 0 1 0 0 0 0 1 0 0 0 0 0 1 0 0 0 1 0 0 0 0 1 0 0 1 1 1 0 0 1 1 0 0 1 0 0 1 1 0 0 
1 1 0 1 1 1 1 0 1 0 0 1 1 0 1 0 1 0 0 1 1 1 1 0 1 1 0 0 0 1 0 0 0 1 1 1 0 0 1 1 0 0 0 0 0 1 0 0 1 1 1 0 0 1 0 1 0 1 0 1 0 0 1 0 1 
0 1 1 0 0 0 1 0 0 1 1 1 1 1 0 0 0 1 1 1 1 0 0 0 0 1 0 1 0 0 0 0 1 0 0 0 0 1 0 1 0 1 0 0 0 1 0 1 0 1 0 1 0 0 0 0 1 0 1 1 1 0 1 0 0 
0 0 0 1 1 1 0 0 0 0 1 1 0 0 1 0 0 0 0 1 0 0 0 1 0 0 0 0 1 0 0 1 1 0 1 0 0 1 0 0 1 1 1 1 1 0 1 0 0 1 1 1 0 1 0 0 1 0 0 1 0 0 0 1 0 
1 1 0 0 0 0 1 1 1 1 1 1 0 1 0 0 0 1 0 1 1 0 1 1 0 0 1 0 0 1 0 0 0 1 0 0 1 0 0 1 1 1 0 1 0 0 1 0 1 1 1 0 1 0 1 1 0 1 1 1 0 0 1 0 1 
1 1 0 1 1 1 0 0 0 0 0 0 1 0 0 1 1 0 0 0 0 0 0 1 1 1 1 1 0 1 0 0 0 1 1 1 0 0 1 0 0 1 1 1 1 1 0 1 1 1 1 1 1 1 0 0 1 1 0 1 1 0 1 1 1 
1 1 0 1 0 0 1 0 1 0 1 0 1 0 0 0 1 1 1 1 0 1 0 1 1 1 0 0 1 0 1 0 1 1 1 1 0 0 1 1 0 1 0 1 1 0 1 1 1 0 0 1 0 0 1 1 1 1 1 0 1 1 0 0 0 
1 0 0 1 1 0 0 0 0 1 0 0 1 1 1 1 1 1 1 1 0 1 0 1 0 1 1 1 1 1 0 1 1 0 0 1 0 0 1 0 0 1 0 1 0 0 0 1 1 0 0 1 1 1 0 1 0 1 1 1 1 1 0 0 1 
1 1 0 1 1 0 1 0 1 0 1 1 1 0 0 1 1 1 0 0 1 1 0 1 0 1 0 1 0 0 1 1 0 1 0 1 1 0 1 0 0 0 1 1 1 1 0 0 0 0 0 0 0 0 1 0 1 1 0 1 1 1 0 1 0 
1 0 1 1 0 0 1 0 1 1 1 1 1 1 1 0 1 1 0 1 0 0 1 1 0 0 1 1 1 0 1 0 1 1 1 1 1 0 1 0 1 1 1 1 0 1 1 0 0 1 1 1 1 0 0 0 1 1 1 0 0 1 0 1 0 
1 0 1 1 1 1 1 0 1 0 1 0 1 1 0 0 0 1 1 1 0 1 0 1 1 0 1 0 0 0 0 1 0 1 0 0 0 1 0 1 1 1 1 0 0 0 0 1 1 0 0 1 1 0 1 0 0 0 0 0 1 0 1 1 1 
1 1 0 1 0 1 0 1 1 1 0 1 1 1 0 1 1 0 1 1 1 1 1 1 0 1 0 0 0 0 0 1 1 0 0 1 1 1 1 0 0 1 1 1 0 0 1 1 0 0 0 1 1 1 0 1 0 1 0 0 1 0 1 0 0 
0 0 1 1 1 0 1 0 1 0 0 1 1 1 1 1 1 0 1 0 1 0 0 0 0 0 1 0 1 1 0 1 1 0 0 0 0 1 0 1 0 0 1 1 1 0 1 0 1 0 0 0 0 0 0 1 0 1 1 0 0 0 1 0 0 
0 0 0 1 1 1 1 1 0 1 1 1 0 1 0 0 0 0 0 0 0 1 1 1 1 1 1 1 0 1 1 0 0 1 0 1 0 1 0 1 0 1 0 0 1 0 0 1 0 1 1 0 0 0 1 1 1 0 0 0 0 1 0 0 0 
0 1 1 0 1 0 0 1 0 1 0 0 1 1 0 0 0 0 1 1 1 0 0 1 1 0 1 0 1 1 1 1 0 0 1 0 0 0 1 0 1 1 0 0 0 0 1 0 0 0 1 1 0 0 0 1 0 0 0 1 1 1 1 0 1 
0 0 1 0 1 1 1 0 1 0 0 1 1 0 1 1 0 0 1 0 0 1 0 0 1 0 0 0 1 0 1 1 0 0 0 1 1 1 1 0 1 1 1 0 1 0 1 1 0 1 1 0 0 0 1 1 0 1 1 1 1 0 0 1 0 
0 0 1 0 1 1 1 0 0 0 1 0 1 1 0 0 0 0 0 0 1 1 0 0 0 1 1 0 0 0 0 0 0 1 0 1 0 0 1 0 0 1 0 1 0 0 0 0 1 0 1 0 0 1 1 0 1 0 1 1 1 1 1 1 1 
0 1 1 0 0 0 0 1 0 1 1 1 1 0 0 0 1 0 0 0 1 0 1 0 1 0 1 1 0 0 0 0 1 1 0 0 1 0 1 0 1 1 1 1 1 1 1 0 1 1 0 1 1 0 1 1 0 0 0 0 0 0 0 0 1 
0 0 1 0 1 1 0 0 0 1 1 1 0 1 0 1 0 1 0 0 0 1 0 0 1 1 1 1 1 1 1 0 1 0 0 0 1 0 1 1 1 0 0 1 0 0 0 0 0 1 0 0 0 0 1 0 1 0 1 1 1 0 1 0 0 
1 0 1 0 1 0 1 0 0 1 0 1 1 0 1 0 0 1 1 0 0 1 0 0 0 1 1 1 0 1 1 1 0 1 1 1 1 1 1 0 0 1 1 1 1 0 0 1 1 1 0 0 0 0 0 0 1 0 1 1 1 1 0 1 0 
0 1 1 1 0 1 1 0 0 0 1 0 0 1 0 1 1 0 1 1 0 0 0 0 1 1 0 0 1 1 0 1 0 0 0 1 1 1 1 0 0 0 0 0 1 0 0 0 0 1 1 1 1 1 1 1 0 1 1 0 1 0 1 1 0 
