68 54 358
16 78 50 73 88 7 89 77 48 41 11 65 34 29 52 38 62 7 52 97 96 34 45 2 38 62 66 74 8 24 51 23 53 52 95 40 58 35 16 5 76 79 21 61 7 73 99 20 79 2 69 26 87 65 
27 25 26 44 50 33 67 52 7 19 3 53 59 12 87 26 69 62 56 89 75 15 61 73 86 91 26 6 69 13 70 47 89 95 91 90 79 57 41 85 28 95 37 38 6 76 15 74 89 71 63 63 37 75 
35 74 18 61 80 86 25 1 32 13 96 74 2 74 83 94 11 10 88 47 47 93 22 61 19 63 83 81 25 19 7 12 45 76 24 24 61 48 24 45 60 71 70 13 97 52 6 7 61 93 5 59 37 27 
20 55 89 2 87 65 73 94 76 69 21 99 44 82 46 19 78 57 90 47 69 38 51 74 44 11 18 48 70 55 26 41 9 66 94 48 31 18 41 58 86 13 57 29 94 54 48 23 11 89 22 31 26 72 
5 69 82 74 68 3 28 94 43 89 59 37 36 41 54 28 99 92 40 55 20 86 60 19 60 70 7 81 1 32 52 57 100 86 82 68 40 10 13 83 50 71 71 85 64 76 64 62 67 55 68 39 40 27 
57 100 49 64 32 1 95 84 57 47 21 38 66 60 99 78 94 100 100 16 36 63 92 99 76 10 6 95 100 45 74 57 96 74 72 28 74 18 63 82 64 83 71 29 94 70 6 88 21 6 55 57 20 46 
7 96 8 12 42 7 57 15 15 4 88 38 31 13 56 45 94 19 27 65 100 73 86 5 12 6 62 66 62 82 64 21 29 71 32 22 29 40 89 96 44 76 33 26 41 88 71 34 59 49 50 58 21 35 
14 32 93 76 98 6 9 61 26 89 83 58 10 63 97 98 10 40 26 43 18 66 82 88 51 40 36 1 49 57 35 63 88 79 38 37 85 98 49 10 86 83 19 47 98 16 45 7 7 22 1 24 39 35 
63 89 74 99 41 23 55 28 37 94 6 74 83 90 23 83 52 8 66 70 6 63 37 2 21 96 23 74 19 13 8 34 54 33 32 94 7 38 21 43 83 27 68 65 68 90 48 19 49 65 41 55 79 77 
56 51 72 31 24 43 43 31 76 96 16 7 90 22 96 62 65 78 40 84 95 8 74 42 78 74 58 18 28 36 95 36 86 18 66 10 60 60 92 87 56 7 45 97 81 40 10 45 18 50 80 64 57 53 
5 34 79 14 52 58 49 98 93 86 15 10 47 75 70 39 61 77 97 6 25 77 97 34 73 66 83 53 29 39 57 85 25 35 98 76 93 46 73 37 84 39 47 30 13 68 20 26 44 17 83 68 45 31 
53 18 97 36 22 25 26 30 10 50 65 59 77 9 5 1 97 40 40 43 69 4 10 89 81 5 57 15 24 1 46 77 70 42 12 43 18 37 73 79 39 89 38 15 49 94 16 45 33 7 40 53 10 49 
41 91 6 49 5 29 2 2 57 71 95 68 66 65 57 38 43 47 78 32 61 26 77 28 22 61 34 61 14 96 62 6 38 67 55 94 47 56 96 4 78 90 23 95 54 31 84 49 77 61 80 90 38 9 
69 60 69 3 72 82 50 33 40 87 99 94 80 98 1 75 1 30 17 75 77 22 6 60 70 34 73 2 75 10 10 44 21 30 98 93 12 47 77 51 33 28 96 64 25 48 39 77 29 7 51 5 28 8 
65 50 94 89 3 68 98 12 11 71 93 8 15 4 54 91 6 38 18 53 2 94 100 92 70 81 98 73 85 77 80 1 78 73 89 80 41 39 43 3 61 36 11 75 39 16 17 97 54 35 49 7 80 1 
98 50 81 47 22 17 75 53 18 53 78 58 32 70 48 75 72 8 10 82 82 100 50 51 48 3 37 49 61 16 49 58 65 81 56 38 49 82 91 18 34 20 76 18 89 23 92 12 83 53 94 16 4 95 
66 52 97 2 100 57 18 100 66 34 32 73 72 80 54 14 50 40 33 25 57 73 99 48 84 81 52 29 49 55 23 14 6 71 16 57 79 85 56 44 18 87 68 89 19 74 54 68 13 38 44 69 10 94 
16 94 27 19 22 75 73 97 88 79 67 55 87 46 91 43 41 9 81 9 49 99 82 3 18 94 40 13 14 2 7 29 95 33 47 68 59 71 64 98 1 31 53 88 28 43 30 68 3 62 28 52 13 61 
6 30 6 97 95 19 98 1 47 44 85 45 12 43 68 27 92 68 9 96 55 36 91 36 56 93 50 83 96 62 44 53 43 49 50 37 68 99 89 66 43 73 63 6 67 82 32 59 49 93 6 56 28 96 
43 35 89 92 18 36 53 13 89 48 13 90 84 32 88 73 50 82 97 12 87 64 45 71 74 93 63 79 100 42 27 43 77 15 86 46 2 39 58 42 86 22 31 21 54 71 45 3 52 42 66 91 57 10 
13 30 54 75 60 54 68 86 48 44 52 33 89 54 23 98 47 60 20 78 81 25 100 25 27 3 66 44 45 74 53 57 3 58 83 15 11 51 100 58 46 4 91 87 9 13 36 55 73 55 84 5 31 83 
81 57 38 47 52 82 20 4 39 75 62 73 41 24 23 40 34 21 95 76 7 3 88 42 58 12 49 41 68 79 76 49 88 13 47 39 94 18 95 84 44 8 57 84 31 79 76 16 51 70 91 57 73 31 
51 30 94 51 22 62 81 97 10 68 9 8 59 55 25 5 38 21 12 94 4 94 25 79 10 75 49 100 84 21 30 86 2 24 36 75 37 68 72 98 36 32 5 46 86 81 50 24 1 61 69 5 6 93 
35 15 20 83 67 3 55 96 88 8 71 75 83 7 42 6 4 29 37 8 74 23 41 75 98 41 87 66 97 93 11 32 59 30 66 25 32 73 73 71 80 43 45 14 2 38 19 5 67 56 65 92 30 5 
19 79 97 5 44 94 49 54 77 60 35 94 84 66 66 8 88 98 3 84 11 4 22 30 60 40 37 76 83 18 32 53 96 29 10 91 74 58 97 2 69 31 95 5 49 61 12 36 10 66 20 20 69 93 
1 81 84 89 56 18 6 88 71 1 16 80 44 41 89 40 42 58 70 88 14 18 100 25 54 9 91 25 81 11 69 81 91 52 22 47 69 27 86 39 80 53 70 23 93 59 62 86 68 83 73 81 1 73 
57 6 33 99 82 13 10 50 94 52 53 67 50 21 93 35 12 24 87 81 98 79 91 59 16 10 94 89 42 94 13 99 51 45 97 32 58 58 33 3 62 85 69 11 57 13 46 68 37 32 1 86 63 43 
45 78 53 90 18 46 83 30 44 85 27 93 68 36 2 52 38 63 36 58 74 44 22 19 64 10 2 64 96 64 58 92 42 62 81 59 8 15 41 3 99 67 95 66 2 49 17 91 11 4 100 36 47 21 
6 62 31 8 25 26 23 35 17 64 96 97 75 55 11 15 58 61 33 4 78 86 52 46 76 15 1 75 50 99 47 8 61 77 15 37 54 89 71 70 5 19 18 79 73 80 45 82 92 77 86 69 14 37 
66 89 51 66 15 53 65 61 60 25 90 26 61 43 14 84 65 18 54 82 48 26 14 92 8 57 20 45 26 33 81 91 73 84 9 87 36 73 100 47 49 89 72 61 31 37 44 95 55 49 29 2 75 94 
46 34 50 65 78 27 50 10 70 22 93 78 61 80 2 60 26 50 48 97 62 30 34 58 77 40 6 57 93 32 50 90 65 51 55 94 78 56 4 47 29 48 76 89 28 77 100 53 78 99 2 91 29 87 
48 5 26 54 61 70 85 62 60 2 12 66 95 41 21 50 87 49 98 14 90 77 42 89 29 19 88 82 10 68 68 9 24 45 62 36 15 99 97 74 100 60 39 46 1 11 48 39 11 97 53 100 73 94 
41 53 65 80 35 26 47 2 34 70 99 48 5 13 98 53 38 49 64 28 94 64 38 93 3 100 89 7 52 13 52 92 66 68 71 100 93 69 53 79 90 51 78 46 15 75 98 52 23 61 79 68 77 68 
61 31 68 1 37 19 14 88 62 79 8 84 30 100 52 34 30 41 37 7 38 3 33 35 55 55 47 33 75 23 53 35 5 20 87 41 90 100 81 51 30 88 34 11 39 37 97 69 29 33 27 66 35 60 
52 41 14 50 26 40 25 78 74 29 97 13 70 86 12 2 88 94 89 73 4 79 9 52 99 89 36 26 54 23 85 5 63 50 6 88 90 30 17 15 59 65 27 28 2 91 81 89 36 21 61 91 99 21 
43 98 9 78 75 14 100 11 70 63 60 76 2 1 5 71 68 63 35 46 42 37 88 22 77 23 94 38 14 93 10 8 42 19 85 16 32 85 78 2 99 89 77 52 90 33 22 9 96 9 6 89 45 94 
63 21 16 56 10 81 100 20 88 41 90 73 8 73 9 85 74 59 74 2 62 15 87 84 75 82 92 80 22 88 73 84 60 41 40 70 73 39 41 61 32 30 85 39 54 45 76 80 55 1 81 16 67 19 
51 93 100 42 72 22 81 97 57 41 89 96 62 61 35 2 73 66 83 9 56 36 53 83 15 59 83 48 75 1 66 25 93 18 19 65 91 99 13 47 39 1 95 100 61 29 53 86 46 35 94 53 23 99 
36 89 57 70 36 31 71 54 56 63 71 74 27 13 24 91 59 63 91 53 14 4 33 19 89 30 5 82 83 27 80 70 16 89 39 3 19 9 8 26 72 78 51 50 42 75 41 53 89 83 5 54 86 90 
72 74 71 77 8 5 55 39 74 22 27 13 25 46 21 32 23 44 62 74 46 3 48 86 55 36 68 12 41 6 53 13 79 23 89 86 28 43 77 53 65 3 65 41 100 38 24 23 33 37 96 78 92 95 
15 98 82 35 61 22 40 13 34 70 88 74 56 67 69 32 19 85 86 36 25 86 25 100 8 57 37 55 35 80 49 1 77 30 35 38 3 26 2 37 96 41 62 3 7 30 86 78 14 71 13 90 56 89 
90 15 45 78 69 31 9 17 32 37 98 18 26 1 44 28 89 39 20 50 41 79 80 26 56 45 48 20 35 4 8 76 70 4 5 39 35 13 7 18 49 5 35 75 57 30 54 45 20 73 94 12 3 25 
37 58 70 37 29 4 92 36 31 61 92 35 99 26 99 58 95 99 62 81 25 70 11 78 14 30 3 59 42 5 84 30 15 5 18 43 60 9 31 90 70 22 76 20 99 74 77 93 24 90 73 49 11 35 
78 24 65 32 35 58 89 18 39 3 74 57 97 33 17 79 22 86 52 97 58 50 22 86 94 97 28 67 45 38 53 75 62 17 6 48 26 94 17 17 48 90 73 97 22 89 27 43 27 31 91 36 80 64 
21 26 60 48 44 57 86 96 31 99 65 88 46 90 34 62 58 33 51 82 81 24 23 8 18 49 38 60 84 69 23 56 46 34 4 89 42 41 85 24 91 1 64 36 90 97 49 100 81 51 81 62 74 3 
21 91 51 58 50 86 78 24 94 24 9 97 64 51 89 48 26 79 48 89 14 90 37 14 41 18 64 21 79 37 24 99 27 26 8 28 64 37 51 57 60 59 5 76 61 93 23 87 71 23 75 36 64 64 
1 4 81 64 76 59 52 99 9 78 77 16 57 40 4 7 96 64 17 52 91 78 44 13 16 66 87 42 1 2 5 1 57 85 16 33 95 67 83 3 96 59 70 52 50 74 10 97 89 26 48 79 55 91 
43 22 56 82 64 8 83 20 60 92 5 27 76 51 93 58 54 40 69 75 91 18 48 52 15 88 30 14 66 84 5 61 58 12 42 73 72 76 92 83 67 48 10 42 99 54 52 4 94 20 78 36 89 78 
88 3 65 17 69 83 52 25 43 9 88 84 81 59 11 25 94 78 72 55 71 22 8 22 77 1 41 55 37 30 84 76 84 100 92 52 34 43 76 76 4 64 11 84 74 22 60 67 51 32 21 21 5 81 
43 82 33 83 88 69 64 71 96 48 22 87 99 56 30 27 83 33 42 94 68 15 67 28 34 17 11 6 89 15 86 31 96 71 66 35 91 29 5 87 28 79 73 27 34 54 5 16 38 98 61 6 12 27 
85 97 95 47 55 36 61 92 18 9 62 83 43 53 64 100 39 91 78 11 69 63 65 73 78 54 70 39 11 34 17 95 82 64 93 36 99 54 28 68 14 41 51 8 93 14 59 31 4 88 94 73 50 10 
97 28 63 19 18 74 52 86 68 85 49 13 73 99 66 100 67 31 92 69 90 85 82 49 15 37 36 60 61 86 69 58 65 32 76 34 5 79 19 24 15 20 36 87 70 53 86 88 35 78 56 25 14 89 
25 80 78 12 40 38 49 8 47 13 39 74 46 95 52 17 19 67 36 6 53 5 59 91 45 45 20 100 69 85 41 45 64 18 57 3 7 5 11 54 70 1 27 67 96 31 83 66 49 70 71 53 75 81 
95 71 26 14 70 46 98 62 91 14 31 99 16 38 55 78 43 24 31 21 91 78 51 25 95 51 95 17 4 21 98 98 91 75 64 12 72 13 74 14 26 56 12 94 45 67 23 87 42 53 8 84 82 10 
9 76 61 3 93 16 75 42 13 65 68 28 28 39 41 53 53 18 9 16 11 53 34 34 40 76 38 99 59 20 60 67 95 72 21 39 87 47 80 52 11 47 79 39 38 19 91 42 37 51 57 99 4 43 
84 95 18 22 45 76 93 4 95 39 76 67 78 14 14 9 65 76 56 44 66 45 62 9 86 50 59 94 1 14 36 84 8 5 57 4 33 49 8 27 40 35 45 17 48 10 25 13 86 32 56 3 28 69 
11 13 71 22 59 23 35 94 6 95 99 15 98 31 15 57 9 54 43 5 70 91 15 47 55 52 30 62 54 58 82 65 70 52 38 80 74 24 26 32 18 24 98 68 6 12 76 66 66 71 70 87 13 36 
85 67 87 15 80 41 72 61 57 93 65 46 73 90 69 98 73 39 73 70 58 30 82 33 47 99 3 68 85 15 4 70 33 90 36 12 82 7 73 90 51 89 35 75 78 4 24 51 42 48 20 99 77 53 
83 23 51 86 43 88 52 46 57 85 87 44 48 69 50 20 58 52 60 93 27 38 48 50 40 89 98 11 87 26 64 69 1 14 6 43 1 10 40 9 94 26 52 41 46 53 13 56 5 24 48 83 61 95 
84 52 35 81 63 73 59 26 93 59 39 51 53 92 60 92 52 53 17 4 45 15 8 9 70 64 33 17 46 45 63 30 97 49 62 59 21 20 36 65 30 26 15 82 17 74 73 21 78 42 24 75 56 83 
35 25 47 67 93 92 64 7 73 12 55 35 22 27 54 57 91 84 82 6 17 51 31 42 71 9 83 46 35 90 28 69 66 74 88 58 18 51 16 90 62 22 24 83 100 30 91 90 13 72 47 81 22 30 
22 44 90 4 89 24 45 17 92 10 42 79 19 59 81 86 49 42 7 24 76 6 53 18 48 17 90 46 98 63 27 19 7 16 75 47 39 19 63 83 81 57 61 51 15 42 37 15 35 95 39 63 53 91 
80 52 8 21 49 57 84 76 75 42 91 1 88 82 72 3 64 52 59 76 54 25 69 90 40 4 85 78 18 37 20 97 40 27 18 88 83 53 63 10 94 6 62 33 39 33 35 54 36 93 29 90 18 98 
79 9 53 15 86 70 3 57 18 42 36 87 82 18 39 44 79 84 1 41 17 39 73 3 44 61 96 73 50 65 22 80 73 26 47 10 47 49 66 16 43 1 3 24 71 93 19 1 29 72 93 97 62 18 
99 6 78 94 30 27 10 3 58 34 28 4 95 26 5 13 41 99 13 43 22 35 88 92 88 16 15 80 12 77 97 10 82 74 56 63 52 17 65 62 51 44 65 45 69 21 57 9 19 22 4 92 8 43 
84 47 58 98 27 21 26 75 82 59 1 89 21 52 58 85 65 8 80 30 4 48 2 13 57 21 86 12 12 45 54 95 92 63 45 70 35 70 44 16 29 44 57 1 96 14 38 12 73 17 93 28 65 95 
92 73 15 77 84 26 74 37 73 65 99 17 34 33 38 29 100 18 73 8 19 20 21 56 31 45 72 24 73 36 18 64 60 32 93 43 9 66 31 81 82 29 49 67 13 39 95 65 56 67 72 26 38 45 
81 69 89 5 92 61 92 9 77 52 92 69 94 100 86 25 81 19 5 81 37 70 19 83 86 75 50 57 52 87 53 33 7 42 89 98 54 80 58 30 31 49 50 77 49 87 53 81 5 9 61 93 78 32 
1 0 1 0 1 0 0 1 0 1 0 0 0 0 0 0 1 0 0 1 0 0 1 0 0 0 1 1 0 0 0 1 1 1 1 0 1 0 1 0 1 0 0 1 0 0 1 1 1 0 0 1 0 0 
0 1 0 1 0 0 1 0 0 0 1 1 0 0 1 0 0 0 0 1 0 0 1 1 1 0 1 0 0 0 0 0 1 0 1 1 0 0 1 0 1 0 0 1 0 1 1 1 0 1 0 0 1 1 
1 1 0 1 1 0 1 1 0 0 1 1 1 1 1 0 0 0 0 0 0 0 1 1 1 1 1 1 1 0 1 1 1 1 0 0 1 1 1 1 1 0 0 0 0 1 0 0 0 0 0 0 0 1 
1 0 1 0 1 0 1 0 1 0 1 1 1 0 0 0 1 1 1 1 1 1 1 1 1 1 1 1 1 0 0 0 0 1 1 1 0 0 0 1 0 1 1 1 0 1 0 1 1 1 1 0 0 0 
0 1 1 1 0 0 1 0 0 1 0 1 1 0 1 1 1 0 0 0 1 0 0 1 0 1 0 1 1 0 1 1 1 0 1 1 0 0 0 0 0 0 0 1 0 1 0 1 1 0 0 1 1 0 
0 1 1 1 0 0 1 1 0 1 1 1 0 1 1 0 1 1 0 1 0 0 1 0 0 0 1 0 1 0 0 0 1 1 1 1 1 0 0 1 1 1 0 0 0 0 0 1 1 1 1 0 1 0 
0 1 0 1 1 0 1 1 0 0 0 1 1 0 1 1 1 1 0 0 1 0 0 1 0 1 0 1 1 0 1 0 1 1 1 1 1 1 0 1 1 1 0 1 1 0 0 0 1 1 0 0 1 0 
1 1 0 0 0 1 0 1 1 1 1 1 0 0 0 1 0 1 0 0 0 1 0 1 1 1 0 0 1 1 0 1 1 0 1 1 0 1 1 1 0 0 0 1 0 0 0 0 0 0 1 0 1 1 
1 0 1 1 0 0 1 1 1 0 1 0 1 1 1 0 1 0 0 1 1 1 0 1 1 0 1 0 0 0 0 0 0 1 1 1 1 0 0 1 0 1 1 0 1 1 0 0 1 1 1 0 0 1 
1 1 1 0 0 0 0 0 0 0 1 1 1 0 0 1 1 0 1 1 0 0 0 1 0 1 0 1 1 0 1 0 1 0 0 1 0 0 1 0 0 0 0 0 1 0 1 0 0 0 1 1 0 1 
0 0 0 0 0 1 0 1 1 1 1 1 1 0 1 0 0 0 1 0 0 0 0 1 0 1 0 0 0 0 1 0 1 0 0 1 1 0 0 1 1 1 0 0 1 0 1 0 0 0 0 0 0 1 
1 0 0 1 0 0 0 0 0 1 0 0 0 1 0 0 0 1 1 1 0 1 1 1 1 1 1 1 1 1 0 0 1 0 0 0 0 0 0 0 1 0 0 1 1 0 1 0 0 0 1 0 1 0 
1 0 1 0 0 0 1 0 0 0 1 0 0 1 0 0 0 1 0 0 0 0 1 1 0 1 0 1 1 1 1 0 0 0 0 0 0 1 0 0 1 1 1 0 1 1 0 1 1 1 1 1 1 0 
1 1 1 1 0 0 0 1 0 0 1 0 0 1 1 1 1 1 0 0 1 1 0 1 0 1 0 0 0 1 0 1 0 0 0 0 0 1 1 1 1 0 1 0 1 1 1 1 0 1 1 1 1 1 
0 1 0 1 1 1 0 0 0 1 0 1 1 0 0 1 1 1 1 1 1 1 0 0 0 0 0 1 1 1 1 1 0 1 0 0 0 1 0 1 0 0 0 1 0 0 0 0 1 0 1 1 1 1 
1 1 1 1 0 0 0 1 1 1 1 0 1 1 1 1 0 1 1 0 0 1 0 1 1 0 1 0 1 0 1 0 1 0 0 1 0 0 1 0 1 0 0 0 1 1 1 0 0 0 0 0 0 1 
1 1 1 0 0 0 0 1 0 1 0 0 1 0 1 0 0 0 0 0 1 1 1 0 1 1 1 0 0 1 1 1 0 0 0 0 0 0 0 0 0 0 1 1 0 0 1 1 0 1 1 1 0 1 
0 0 0 1 0 0 0 1 0 0 1 0 1 1 0 1 1 0 1 0 1 1 0 0 0 1 1 0 0 0 1 0 0 1 1 0 0 1 1 0 0 0 0 1 1 0 0 0 1 1 1 0 0 1 
1 1 0 0 1 1 0 0 1 0 1 1 0 1 0 1 1 0 1 1 1 0 0 1 1 1 0 0 1 1 1 0 0 0 1 1 1 1 1 0 0 0 1 0 0 0 0 1 0 1 1 0 0 1 
1 1 0 0 1 1 1 0 0 1 0 1 0 1 0 1 0 0 1 1 1 1 1 1 1 0 0 0 0 0 1 1 1 1 1 0 0 0 1 0 1 1 1 1 1 0 0 1 0 0 0 1 1 0 
0 0 0 1 0 0 1 1 1 1 0 1 1 1 1 0 1 1 0 1 0 1 1 1 0 1 1 0 1 0 0 1 1 0 0 1 0 0 1 0 1 1 1 0 0 0 1 0 1 1 1 0 0 0 
1 0 1 0 0 0 0 1 0 1 1 0 1 0 0 0 0 1 1 1 0 0 1 1 0 1 0 1 1 0 1 0 0 0 0 0 1 0 1 1 0 1 1 1 1 0 1 1 1 0 0 1 0 1 
0 0 0 0 1 1 0 0 1 0 1 1 1 0 0 0 1 0 1 0 1 0 0 0 1 0 0 1 1 1 1 0 1 1 0 1 1 1 1 0 1 0 0 0 0 0 1 1 0 0 0 1 1 0 
1 0 0 1 0 0 0 1 0 0 0 0 1 1 1 0 0 1 1 0 1 1 0 0 1 0 1 1 1 0 1 0 0 0 1 0 0 0 1 0 0 0 0 1 1 0 1 1 1 0 1 0 0 1 
1 1 1 0 0 0 0 1 0 0 1 0 1 1 0 0 1 0 0 0 1 0 0 0 1 1 1 1 1 1 0 0 0 0 0 0 0 0 1 1 1 1 1 0 0 1 0 0 1 1 0 0 1 0 
0 0 1 1 1 0 0 0 1 0 0 1 0 0 0 0 1 1 1 0 1 1 1 1 1 0 0 1 0 1 1 1 0 0 0 1 1 1 1 0 1 1 1 0 0 1 0 1 0 1 0 1 0 1 
1 0 0 1 1 0 1 1 1 1 1 0 0 0 1 0 0 0 1 0 0 1 1 0 1 0 1 1 1 0 0 0 0 0 0 1 1 1 0 0 0 0 0 0 0 1 0 1 0 0 1 0 1 0 
1 0 0 0 1 0 0 0 0 0 0 0 0 1 1 0 0 1 0 0 0 1 0 0 0 0 0 1 0 0 1 1 0 0 0 0 0 0 0 0 1 0 1 1 0 0 1 0 0 0 0 0 1 0 
0 1 0 1 0 1 1 1 0 1 1 0 1 1 1 1 0 0 0 1 1 0 1 0 0 1 0 0 1 1 1 0 0 1 1 0 0 0 0 1 1 1 1 1 1 0 0 1 0 0 0 1 0 1 
0 0 1 0 1 0 0 0 0 0 1 1 1 0 1 1 1 1 0 0 0 1 1 0 0 1 1 0 1 1 0 1 0 1 1 1 1 1 1 0 0 0 1 1 0 1 0 1 0 0 0 0 0 1 
0 0 0 1 1 1 1 1 0 1 0 0 0 1 1 1 1 1 1 1 0 0 0 0 1 0 1 1 0 1 0 0 1 1 0 0 0 1 1 1 0 1 1 0 1 0 1 0 0 0 1 0 0 1 
1 0 1 0 1 1 1 0 0 0 1 0 1 1 1 0 0 1 0 1 1 1 0 0 1 0 0 1 0 1 0 1 1 0 1 0 1 0 0 1 1 1 1 0 1 0 0 1 1 0 1 0 1 1 
0 1 1 1 0 1 0 0 1 1 0 0 1 0 1 0 1 0 1 1 0 0 1 0 0 1 1 1 1 0 0 0 1 1 1 1 0 1 0 1 0 0 0 1 0 1 1 0 1 1 1 1 1 0 
1 1 1 0 0 1 1 0 1 0 1 0 0 0 1 0 1 1 0 1 0 1 0 0 1 1 1 0 0 0 0 0 0 0 0 0 1 1 1 0 0 0 0 0 0 1 0 0 0 0 1 0 1 0 
0 0 1 1 0 0 0 1 0 0 1 0 0 0 0 1 0 0 0 0 0 0 1 0 0 1 0 0 1 0 0 0 0 1 1 1 1 1 0 1 1 1 0 0 1 0 1 1 0 1 1 0 0 0 
0 0 1 0 0 0 0 0 0 1 0 0 0 1 1 0 1 1 1 1 1 0 1 0 1 1 0 0 1 0 0 1 0 1 1 1 1 0 1 0 1 1 0 1 1 1 1 0 0 0 1 1 0 0 
0 1 1 0 1 0 0 1 1 0 0 0 1 1 0 1 1 1 0 1 0 1 1 1 1 1 1 0 1 1 0 1 0 1 1 1 1 1 0 0 1 0 1 1 0 1 0 1 1 0 1 1 0 0 
1 1 1 0 0 0 0 0 1 0 0 0 0 1 1 0 0 1 1 1 0 1 0 0 0 1 0 1 1 0 1 0 0 1 0 0 1 0 0 1 1 0 1 1 0 1 1 0 0 0 1 0 1 1 
0 0 1 0 1 0 1 1 0 1 0 0 1 1 1 1 0 0 0 0 1 0 1 0 0 1 1 1 1 0 0 1 0 1 1 0 1 0 1 1 1 1 0 0 0 1 0 1 1 0 1 0 0 0 
0 0 1 1 1 0 0 1 1 0 1 0 0 0 1 1 0 0 0 0 1 1 1 1 0 0 1 1 0 1 1 0 1 0 0 0 0 0 1 1 0 0 1 1 1 0 0 1 1 1 1 0 0 0 
1 0 0 0 1 0 1 0 0 0 0 0 0 0 0 1 1 1 0 0 0 1 1 0 0 0 1 1 0 1 1 1 1 1 1 0 1 0 0 1 0 0 0 0 0 0 1 1 1 1 0 1 0 1 
0 0 1 1 1 1 1 0 0 0 1 1 1 0 1 1 0 1 0 0 1 0 0 0 0 0 0 0 1 0 1 1 1 0 1 0 1 0 1 1 0 0 0 1 1 1 1 1 0 1 1 1 1 1 
1 1 1 1 1 1 0 0 0 1 0 1 1 1 1 0 0 0 1 0 1 0 1 0 1 1 1 0 0 1 1 0 0 1 1 0 0 1 0 0 0 1 0 0 0 1 0 1 1 1 1 1 1 1 
1 0 0 1 0 1 0 0 1 0 1 0 0 1 0 1 1 0 0 1 0 0 1 1 1 0 0 1 1 0 0 1 0 0 0 1 1 0 1 0 0 0 1 1 1 1 0 0 1 0 0 0 0 1 
1 0 1 1 1 1 1 1 0 0 1 0 1 1 0 0 1 0 0 0 1 1 1 1 1 1 1 1 1 0 0 0 0 0 1 1 1 1 0 1 1 1 1 0 0 1 0 0 1 0 0 1 1 0 
0 0 1 0 0 0 0 0 0 0 0 1 1 1 0 1 0 1 0 1 1 1 0 1 1 0 1 1 1 0 1 1 1 0 1 1 0 1 1 0 1 0 0 0 1 0 1 0 0 0 1 1 1 0 
1 0 0 0 1 1 1 1 0 0 1 0 1 0 1 0 0 1 0 0 1 0 1 1 0 1 1 1 0 0 1 1 0 1 0 1 0 1 0 1 1 0 1 0 0 0 0 0 1 1 1 1 1 0 
0 1 1 1 0 1 1 0 1 1 1 1 0 0 0 1 1 1 1 0 1 1 0 1 1 0 0 0 1 1 0 1 0 1 0 1 1 1 1 0 0 0 1 0 0 1 1 1 0 0 1 1 1 0 
0 1 0 1 1 1 0 0 0 1 1 0 0 0 1 1 0 1 1 1 1 0 0 1 1 0 1 1 1 1 1 0 0 1 1 1 0 1 1 0 0 1 0 0 1 1 1 0 0 1 1 1 1 0 
0 0 0 0 1 0 1 0 0 1 1 1 0 1 0 0 1 1 1 1 1 0 0 1 0 0 0 0 0 1 0 0 1 0 0 1 0 1 1 0 0 1 1 1 0 0 1 0 1 0 1 0 0 0 
1 1 0 1 1 0 0 1 1 0 1 1 1 0 1 0 0 1 1 0 0 0 0 1 0 1 1 1 1 0 1 1 1 0 0 0 0 1 1 1 1 0 1 0 0 0 0 1 1 0 1 0 0 1 
1 0 0 1 1 1 1 1 0 0 1 1 0 1 0 1 1 1 1 0 1 0 0 1 1 1 1 0 1 1 1 1 1 1 0 1 0 1 0 1 1 1 0 1 0 0 0 1 1 1 1 0 1 1 
1 0 1 1 0 0 0 1 1 0 0 1 1 1 0 1 0 1 0 0 0 0 0 0 0 1 0 1 1 1 1 0 0 0 1 0 0 0 0 0 0 0 1 1 1 0 0 1 1 0 1 0 0 1 
0 0 0 0 0 1 0 1 0 0 1 1 0 1 1 0 1 1 1 1 0 0 1 0 0 0 0 1 0 1 1 1 1 1 1 1 1 1 0 1 1 1 0 0 1 0 0 0 1 1 1 0 0 0 
0 0 1 1 1 1 0 0 0 1 0 0 1 1 1 1 0 1 1 0 1 0 0 1 0 0 1 0 0 1 0 0 1 1 1 0 1 1 1 1 1 1 1 0 0 1 1 0 0 0 0 1 0 1 
0 1 1 1 1 1 0 1 1 1 1 1 0 0 0 1 1 1 0 1 1 0 0 1 0 0 1 0 1 0 1 1 1 0 1 0 1 1 1 1 1 0 0 1 0 0 0 0 0 0 1 1 0 1 
0 0 1 0 0 0 0 0 1 1 0 0 1 0 0 0 1 1 1 1 0 1 1 0 1 1 0 0 1 0 1 1 0 0 1 0 0 1 0 0 0 1 0 1 1 0 0 0 1 1 1 1 0 0 
1 0 0 1 0 1 1 0 0 1 0 0 0 1 1 0 1 0 1 1 1 0 0 1 0 1 0 1 1 1 0 0 1 0 0 1 1 1 1 1 1 0 1 1 1 1 1 0 1 1 1 0 1 1 
0 0 1 0 1 0 1 1 0 0 1 0 0 0 0 1 0 1 1 1 0 0 0 1 0 1 0 0 0 0 1 0 0 0 0 1 0 0 1 1 0 0 1 0 1 1 0 1 0 1 0 0 0 1 
0 0 0 0 0 0 0 0 0 0 0 1 0 1 1 1 0 1 1 1 0 0 1 0 1 1 1 0 0 1 1 0 0 1 0 0 0 1 0 0 1 1 1 1 0 0 0 0 0 0 1 0 0 0 
0 0 0 1 0 0 1 1 0 1 0 0 1 0 1 0 1 1 1 0 0 1 1 1 1 1 1 0 1 1 1 1 1 1 0 1 1 1 0 1 0 1 1 0 1 1 0 0 0 1 1 0 0 0 
1 1 1 0 1 0 0 0 1 1 1 1 1 0 1 1 1 1 0 1 1 0 0 1 0 0 0 1 0 0 1 0 1 0 0 1 0 0 1 1 0 1 1 1 1 0 0 1 1 1 0 1 1 0 
0 1 0 1 1 0 1 0 0 1 1 1 0 1 1 1 1 1 0 0 0 0 0 1 1 1 0 1 0 1 1 1 0 1 0 1 1 1 0 0 0 1 1 0 0 0 0 1 0 0 1 0 0 1 
1 1 1 1 0 1 0 1 0 1 0 0 0 0 0 0 0 0 1 1 1 0 1 1 1 1 1 1 0 0 0 1 1 1 1 0 1 1 1 1 0 0 0 1 0 0 1 0 0 1 1 1 1 0 
0 0 0 0 1 0 0 0 1 1 1 0 1 0 0 1 0 0 1 0 1 1 0 1 1 0 0 0 0 1 0 0 1 0 0 1 0 0 1 0 0 0 0 1 1 0 0 1 1 1 1 0 0 1 
1 1 1 1 1 1 0 0 0 0 0 0 1 1 1 0 1 1 0 1 0 1 0 1 0 1 0 1 1 1 0 1 0 0 0 0 1 1 0 1 1 0 0 0 1 1 0 0 0 0 0 0 0 0 
1 0 1 0 0 0 1 0 1 1 0 0 1 0 1 1 1 0 0 1 0 1 0 0 0 0 0 0 1 0 0 0 1 1 0 1 1 1 1 1 1 0 1 0 0 0 0 1 0 0 1 0 1 1 
0 1 0 0 1 1 1 1 1 0 0 0 1 0 1 0 1 0 0 0 1 0 0 1 0 0 1 1 0 0 0 0 0 0 0 1 1 1 1 1 1 1 1 0 1 0 1 0 1 1 0 0 0 0 
