47 62 2430
92 13 59 34 88 20 31 66 14 56 37 24 64 34 92 39 5 62 7 16 93 21 31 74 60 49 3 88 99 80 39 90 45 98 23 32 69 5 49 83 61 37 58 76 23 49 14 79 62 72 95 54 93 77 27 52 26 81 92 24 13 82 
65 57 31 39 40 100 44 88 34 56 77 91 31 99 91 45 77 52 16 23 57 60 100 83 12 77 15 55 52 27 36 16 35 67 54 74 18 97 14 51 52 90 93 83 40 83 79 68 86 94 91 42 6 42 76 69 18 90 23 69 69 10 
36 3 28 89 77 45 38 90 47 41 31 39 75 70 73 53 89 58 99 79 99 4 72 74 72 89 16 46 9 84 55 96 38 35 37 66 79 74 7 78 66 37 68 41 58 41 93 47 98 43 77 49 98 49 22 69 37 37 66 98 72 21 
93 10 55 29 75 85 54 82 14 20 70 82 60 28 74 4 74 71 99 2 71 96 50 93 17 39 81 82 36 53 54 80 14 60 61 40 97 14 73 10 85 43 91 96 22 16 52 47 39 50 48 9 97 98 1 13 36 82 47 23 86 52 
54 99 12 14 90 8 80 63 17 64 5 60 60 26 75 63 24 13 64 71 74 60 68 74 25 55 7 23 29 44 74 83 94 85 96 84 44 27 46 61 91 2 72 2 79 98 64 2 63 27 72 36 38 92 61 62 98 68 84 27 63 10 
9 57 94 56 40 38 83 37 50 73 38 73 26 16 70 41 69 84 19 92 19 56 83 80 70 81 99 53 7 61 14 67 17 8 22 8 97 4 44 98 28 33 22 53 100 43 93 68 27 11 60 97 19 94 76 88 26 26 92 32 87 6 
50 55 65 72 15 61 75 58 10 3 43 31 7 42 73 100 10 51 62 21 48 80 14 75 67 40 1 59 23 39 16 73 45 80 44 59 92 70 69 1 72 11 83 79 52 7 30 61 58 91 33 5 23 47 79 41 86 31 51 60 69 66 
32 14 45 27 24 88 97 92 40 68 2 22 98 54 81 79 66 38 22 51 94 44 97 24 84 34 55 87 93 75 52 77 88 49 3 12 36 99 55 76 19 57 49 68 62 29 47 79 18 68 29 11 63 77 87 98 10 41 84 55 15 36 
31 55 84 33 18 71 84 72 46 2 28 47 69 41 75 15 72 45 34 100 55 96 77 93 94 38 33 77 92 100 64 74 54 99 59 71 70 42 94 67 43 74 65 63 14 40 30 85 36 63 37 42 11 13 35 56 2 67 32 46 18 48 
19 23 98 77 45 67 70 39 86 64 12 50 27 77 41 56 62 76 70 98 18 80 62 4 35 15 70 19 60 40 18 31 62 15 7 7 34 29 45 19 92 56 20 70 32 13 77 45 40 47 94 9 78 7 12 65 22 34 35 33 73 4 
63 34 18 22 40 51 50 36 21 41 43 93 63 27 5 39 23 96 85 17 5 15 75 16 31 48 49 17 81 73 20 43 7 37 64 98 40 65 86 60 6 28 4 68 6 60 58 29 56 95 97 60 9 71 27 91 19 28 7 99 100 26 
93 58 14 9 8 53 73 93 65 30 72 68 49 78 28 7 58 35 1 54 46 61 76 72 51 94 51 9 44 3 34 89 60 47 97 67 52 69 11 16 99 83 83 99 12 62 5 69 48 57 74 93 17 49 17 19 95 67 79 38 21 64 
26 81 11 22 99 62 43 10 29 93 44 63 91 55 25 48 75 24 4 48 17 73 96 85 43 90 3 22 80 24 85 5 4 47 79 54 60 73 15 88 65 58 51 55 12 27 54 38 2 58 85 18 82 33 2 76 22 57 97 1 80 34 
58 35 32 88 88 92 60 3 31 24 12 33 30 76 11 36 13 13 93 98 82 26 30 36 1 3 92 50 56 71 35 65 57 66 52 96 57 11 50 40 86 62 72 67 37 35 2 49 47 46 98 28 23 79 15 24 82 6 25 89 28 59 
53 84 24 4 80 33 66 29 72 3 42 95 69 78 81 23 79 27 20 76 7 43 55 21 66 88 79 42 76 6 100 28 42 75 83 73 7 48 53 30 2 95 77 22 24 57 44 2 36 64 30 94 58 84 66 75 23 44 16 98 2 15 
77 95 89 59 67 48 58 19 29 59 65 5 32 89 14 28 42 1 43 71 94 100 6 11 74 28 7 89 77 8 55 53 2 95 63 20 42 72 90 71 30 55 27 14 95 40 41 36 40 83 7 85 82 64 96 55 44 2 95 20 61 49 
25 14 95 39 33 89 11 74 11 92 28 37 5 74 29 45 10 20 27 68 57 8 31 52 14 74 5 8 46 17 8 22 30 3 60 14 43 70 87 53 62 67 41 66 40 69 11 1 41 89 20 97 49 51 100 62 76 56 22 73 72 81 
94 53 35 54 18 77 75 56 29 36 22 70 54 14 90 16 66 30 4 86 78 52 88 77 66 63 84 87 88 7 19 81 59 54 86 76 82 61 32 11 96 5 32 49 70 73 16 36 3 20 21 32 23 8 61 88 22 44 26 9 51 45 
42 61 50 27 89 31 39 72 93 35 76 24 35 98 97 3 33 51 22 53 34 96 12 94 84 85 90 61 46 92 57 87 52 6 65 40 89 4 11 81 90 39 57 76 36 5 78 20 55 51 24 40 47 35 34 82 19 75 42 64 66 51 
2 69 56 67 61 96 22 71 77 63 61 33 38 48 37 68 67 43 70 90 34 16 76 19 49 95 93 91 10 10 93 12 79 100 30 39 96 3 61 72 65 74 56 54 21 44 73 40 38 43 29 71 10 57 42 59 51 34 1 12 96 93 
75 74 92 56 64 87 58 24 10 74 97 17 80 70 60 52 9 49 94 89 72 4 45 13 62 47 98 62 59 93 6 85 66 97 41 29 84 50 5 45 24 53 62 55 22 73 6 82 22 100 23 93 55 67 57 68 66 54 81 76 47 86 
60 64 82 52 93 17 2 49 14 77 1 75 31 75 47 36 8 68 87 30 12 93 49 68 12 14 22 92 89 68 77 48 83 11 100 75 79 53 75 92 81 28 18 11 54 65 98 61 84 37 43 48 81 91 15 93 4 88 84 92 7 13 
91 90 75 42 16 5 46 91 97 26 70 14 88 23 30 38 35 14 74 77 13 6 67 27 98 22 67 34 13 73 46 56 14 72 49 30 76 95 72 72 72 93 38 60 15 19 97 49 84 22 26 96 27 44 23 25 66 41 10 30 65 55 
85 79 78 86 60 53 32 83 77 3 75 66 62 41 84 10 89 68 83 66 63 10 10 37 86 75 77 95 4 42 1 41 72 78 78 83 82 9 17 58 11 91 23 25 83 59 86 23 26 69 89 88 78 50 77 15 76 53 61 31 46 61 
23 69 90 100 51 71 8 67 81 71 9 55 47 91 13 32 66 38 100 6 78 29 55 6 95 82 10 55 64 56 67 87 76 56 86 27 79 46 45 59 16 6 13 62 48 78 45 13 67 97 18 96 25 24 1 72 57 11 26 21 18 93 
7 93 100 44 71 78 41 16 88 56 73 53 69 20 30 66 33 96 62 2 44 38 78 44 9 34 6 87 6 23 31 64 16 30 8 86 60 48 53 99 56 25 51 76 45 32 41 29 80 54 82 23 92 59 18 100 45 24 38 2 46 68 
66 13 98 25 51 9 24 3 7 31 80 58 7 76 41 99 56 20 53 37 94 96 48 12 47 44 35 85 45 32 52 10 45 1 34 95 9 58 49 16 88 80 25 46 55 65 97 10 37 1 47 30 96 46 41 94 89 27 78 33 59 30 
95 3 30 80 49 39 89 49 6 29 29 82 74 83 98 22 93 34 22 91 16 69 88 8 63 76 35 40 60 93 21 54 47 3 34 47 93 22 95 98 50 23 79 76 58 76 97 50 62 71 92 77 39 31 84 1 6 70 93 65 14 13 
71 60 15 56 58 59 29 53 56 79 27 86 6 84 14 54 85 75 24 76 3 15 58 86 67 63 8 11 80 21 76 2 33 42 57 90 1 85 94 56 15 21 42 72 4 7 26 89 81 1 16 83 67 74 20 34 88 27 44 19 100 19 
20 32 13 28 73 13 13 67 68 79 87 61 51 42 67 76 30 99 28 98 81 95 71 53 80 10 31 75 29 30 94 48 13 6 76 38 70 40 4 37 18 42 50 68 35 68 95 65 67 75 14 99 69 84 51 48 93 34 22 73 15 67 
21 28 24 48 17 93 39 20 82 56 13 83 76 47 50 22 63 16 96 76 67 64 11 17 63 56 50 37 28 17 55 100 44 31 47 12 75 37 31 56 93 95 38 20 93 40 41 8 7 89 35 73 4 46 90 67 1 91 55 80 59 9 
80 2 39 78 13 66 15 95 21 59 41 11 78 86 2 70 93 8 58 27 81 62 24 22 80 76 64 34 56 23 94 87 76 85 64 41 50 30 87 22 88 80 84 65 65 85 87 9 45 44 35 25 5 11 98 36 86 61 69 93 35 15 
79 11 99 95 3 100 24 89 21 12 68 57 76 32 41 14 92 85 58 27 61 14 89 58 50 74 71 70 19 5 84 97 67 34 91 69 33 15 58 6 26 77 62 53 61 2 67 52 39 76 30 99 89 18 9 90 44 79 60 62 35 95 
10 2 29 1 22 13 67 31 18 44 8 79 96 20 33 14 71 71 41 1 21 30 70 81 71 13 11 30 26 46 25 36 99 5 36 20 17 54 51 35 97 10 65 44 29 97 58 99 19 50 51 92 79 73 72 2 37 35 31 63 80 7 
98 78 63 85 49 32 38 99 18 86 60 82 29 88 31 38 39 1 88 89 92 18 61 16 19 98 50 2 12 81 60 61 10 23 97 58 54 86 9 71 71 68 4 99 56 34 37 94 87 76 34 30 93 47 45 64 96 46 65 7 78 76 
19 87 50 15 97 3 100 57 25 70 24 81 68 31 66 56 76 52 83 10 82 28 8 78 91 3 76 7 61 53 82 79 92 32 93 40 86 92 96 63 13 19 95 32 2 60 88 77 12 22 38 45 49 45 22 91 99 97 97 59 2 31 
89 93 62 33 32 99 24 79 13 36 49 7 68 50 67 7 79 30 80 16 74 29 13 95 19 11 44 68 22 45 98 10 89 11 43 72 9 18 50 22 6 98 80 25 100 46 83 78 27 62 93 100 90 5 47 61 68 90 28 89 34 25 
50 74 35 44 45 95 14 94 68 19 43 48 95 42 45 77 19 24 38 64 23 80 20 69 40 87 10 19 27 95 95 29 68 81 72 12 75 85 57 95 55 100 94 49 93 38 77 12 61 15 27 36 94 46 56 85 85 66 55 11 60 49 
39 28 81 63 39 55 99 48 1 6 47 94 54 39 84 83 2 96 97 80 31 42 26 39 78 10 4 84 72 63 32 63 42 64 25 33 70 23 80 71 28 78 64 34 16 99 16 70 95 64 49 77 57 26 15 34 87 18 17 59 33 100 
21 74 63 45 58 32 19 37 54 99 14 70 84 82 68 51 3 62 66 3 91 22 29 5 7 15 75 23 25 7 74 45 32 88 41 42 71 12 78 25 10 44 94 45 77 13 95 31 75 12 33 17 33 13 21 39 28 47 13 52 5 86 
49 89 25 41 30 95 52 59 71 13 54 64 57 30 77 3 60 3 14 45 19 46 57 91 36 84 38 48 88 42 85 88 30 61 28 11 56 32 70 26 44 23 42 1 5 70 55 16 24 69 60 94 66 17 36 54 52 73 1 39 67 38 
78 48 98 58 11 5 89 80 83 32 54 76 84 58 45 39 74 20 59 33 13 24 49 48 77 53 73 30 43 91 19 21 90 68 78 100 25 18 79 7 49 85 82 33 42 78 23 67 49 81 52 61 56 52 60 85 4 84 66 47 26 36 
67 16 3 96 15 27 13 46 85 13 30 66 97 23 95 19 42 43 51 93 55 7 44 67 43 48 50 8 94 76 95 12 43 97 7 57 76 71 54 60 83 35 78 80 58 72 50 99 67 1 43 73 59 86 39 53 85 41 12 78 16 6 
41 58 2 99 66 77 69 20 89 4 54 66 35 63 89 84 13 7 36 55 80 94 93 18 98 77 58 9 7 25 14 47 34 68 46 100 96 66 71 84 69 76 49 3 39 90 39 51 96 74 58 75 20 50 45 17 26 2 26 32 27 91 
31 12 58 76 11 54 41 81 89 62 9 90 16 47 79 54 49 74 28 6 1 47 7 45 15 33 46 40 16 24 83 46 36 40 73 98 45 66 31 34 27 39 23 42 85 1 96 85 26 75 43 26 21 49 70 35 81 68 27 49 91 9 
94 78 100 67 76 45 84 6 30 10 96 52 3 32 4 50 16 29 24 58 7 96 7 28 83 39 95 61 87 38 69 33 15 68 51 42 64 34 99 93 43 94 96 97 77 99 47 93 80 22 2 38 70 60 65 52 99 60 12 37 49 32 
69 15 51 19 57 67 52 7 59 46 53 55 95 29 5 93 73 36 66 75 73 35 34 90 38 84 1 49 21 49 32 41 63 35 12 71 1 15 30 59 13 82 65 7 62 22 51 35 57 16 61 82 51 46 71 88 30 71 89 2 19 72 
1 0 1 0 1 1 1 0 0 1 1 0 1 0 1 1 0 0 0 0 1 0 0 1 0 1 1 0 0 1 1 1 1 1 0 0 0 1 0 0 0 1 1 1 0 0 0 0 0 0 1 1 1 1 0 1 0 1 1 0 0 0 
1 0 1 1 0 0 0 1 0 0 0 1 1 0 0 1 1 0 0 0 0 1 1 0 0 1 0 1 1 0 1 0 0 1 0 1 1 0 0 1 1 0 1 0 1 1 0 0 1 0 0 1 1 1 0 1 0 0 0 1 0 1 
1 1 0 1 0 1 0 0 1 1 0 0 1 1 1 1 1 0 1 1 0 0 0 0 1 0 0 1 1 0 1 1 1 1 0 1 1 0 1 0 1 0 0 1 1 1 0 1 1 0 0 1 0 1 1 0 1 1 1 1 0 0 
0 1 0 0 1 1 1 0 1 0 0 1 1 0 0 0 1 1 0 1 1 0 0 0 0 0 0 0 1 0 0 1 1 0 1 0 1 0 1 0 1 1 1 0 1 1 0 0 1 0 0 0 1 0 0 1 0 0 1 1 0 0 
0 0 0 0 0 0 0 1 0 1 1 0 0 0 1 0 1 0 1 1 0 0 1 1 1 0 1 1 1 0 1 0 0 1 0 0 1 0 0 0 0 1 0 0 1 1 0 0 0 1 1 0 1 1 1 1 1 1 0 0 1 1 
0 1 0 0 1 0 1 1 0 1 0 0 1 0 1 1 0 1 1 0 0 0 1 1 1 0 0 1 0 1 0 1 0 1 1 0 1 0 1 1 1 0 1 0 0 0 0 0 0 1 0 0 1 1 1 1 1 0 0 0 1 1 
1 0 0 0 0 1 1 1 0 0 1 1 1 1 1 1 0 1 0 0 1 1 0 1 0 1 1 1 1 0 0 0 0 0 1 0 1 0 0 1 0 1 0 1 1 1 0 1 1 0 1 0 0 1 1 0 1 0 1 0 1 1 
1 1 1 0 0 0 0 0 1 0 1 1 0 0 1 0 1 0 1 1 0 1 0 0 1 1 0 1 0 1 0 1 1 0 1 1 0 1 1 0 1 0 1 1 1 0 0 0 0 1 1 1 0 0 1 1 1 1 0 1 1 1 
0 0 1 1 1 1 0 0 1 0 0 1 1 1 1 1 0 0 0 1 1 0 1 0 0 1 1 0 0 0 1 1 0 0 0 1 0 1 1 1 1 0 0 0 1 0 0 1 0 0 1 1 1 0 1 1 1 0 1 0 1 1 
1 1 1 1 1 1 0 0 1 1 0 1 0 0 1 0 1 1 0 0 0 1 1 1 0 0 0 0 0 1 1 1 0 0 1 1 0 1 0 1 1 0 0 1 0 0 1 0 1 1 0 0 1 1 1 1 0 1 1 0 0 0 
0 1 1 1 0 1 0 0 0 1 1 0 0 1 0 1 1 0 1 0 0 0 1 1 1 1 1 1 0 1 1 0 0 0 1 1 1 1 1 1 1 0 0 1 0 0 1 1 0 0 1 0 0 1 0 1 0 1 0 0 0 0 
0 1 0 1 0 0 1 1 1 0 0 1 1 0 0 0 1 0 0 1 1 0 0 1 0 0 0 0 1 0 0 1 1 1 1 1 1 0 1 0 0 1 0 1 1 0 0 0 0 0 1 1 1 1 0 1 0 0 1 1 1 0 
0 0 1 1 0 0 1 1 0 1 0 0 1 1 0 1 1 1 1 1 0 0 0 1 1 0 1 1 1 0 1 0 1 0 1 1 0 1 0 0 0 0 1 1 1 1 0 0 0 0 1 1 0 0 0 0 0 1 1 0 0 0 
0 1 0 1 0 0 0 0 0 1 0 1 0 1 1 1 1 1 1 1 0 1 1 0 1 1 0 0 1 0 0 1 1 0 1 1 0 1 1 1 0 1 0 1 0 1 0 1 1 1 0 1 0 1 0 0 1 0 0 0 0 1 
0 1 1 1 0 0 0 1 1 1 0 1 0 0 1 0 1 0 1 0 1 1 1 1 1 0 1 0 1 1 1 1 0 0 0 0 0 0 1 1 1 1 1 1 1 0 1 1 0 0 1 1 0 0 1 1 1 0 1 0 0 0 
1 0 1 1 1 1 1 0 1 1 0 0 0 1 0 0 0 0 0 1 1 0 0 0 0 1 1 1 1 1 0 0 1 1 1 0 0 0 1 1 1 1 1 0 0 1 0 1 1 0 0 1 1 0 1 1 1 0 0 0 1 0 
0 1 1 1 1 0 0 0 1 1 1 1 1 0 0 1 1 0 0 1 1 1 0 0 0 1 1 0 0 0 1 0 1 0 0 1 0 0 1 0 1 1 1 1 1 1 0 0 1 0 1 0 1 1 1 1 1 0 0 1 0 1 
1 0 1 1 1 0 1 0 0 1 1 1 0 0 0 0 0 0 1 0 0 0 1 1 0 0 1 0 1 0 1 1 0 0 0 1 0 0 1 0 1 1 1 1 1 0 1 0 0 0 0 0 1 1 0 1 0 1 1 1 1 0 
0 1 0 1 0 1 1 0 1 0 1 1 1 0 1 0 0 1 1 0 1 0 0 1 1 0 1 0 1 0 0 0 0 0 1 0 1 0 0 1 0 1 0 1 0 1 1 0 0 0 1 1 0 1 1 1 1 0 1 0 0 1 
0 0 0 1 1 1 1 1 0 1 1 0 0 1 1 0 1 1 0 0 1 1 1 0 0 0 0 0 1 0 1 1 1 1 1 0 1 0 1 1 0 0 0 0 1 1 0 1 1 1 1 0 0 1 0 0 1 0 0 0 0 0 
0 1 1 1 1 0 1 1 0 1 1 0 0 1 1 0 0 0 1 1 0 1 0 0 0 0 0 0 0 1 0 0 0 0 1 0 0 1 1 0 0 0 0 0 1 0 1 1 0 0 1 1 0 1 1 0 1 0 0 0 1 1 
0 1 1 0 1 1 1 0 0 1 1 0 0 0 0 1 0 1 1 1 0 1 0 1 1 0 1 0 0 0 1 0 0 0 0 1 1 1 0 1 1 1 0 1 1 0 0 1 1 1 0 1 1 1 1 0 1 0 0 1 1 1 
1 1 1 0 0 1 1 0 0 0 1 0 1 1 1 1 0 0 1 1 0 0 0 1 0 1 1 1 0 0 0 1 1 0 1 0 1 1 0 1 1 0 0 1 1 1 0 1 1 1 0 1 1 0 0 0 1 0 1 1 0 1 
1 0 1 0 0 0 1 0 0 1 0 0 0 1 1 0 1 0 0 1 0 1 0 0 1 1 0 0 1 1 0 0 1 1 0 1 0 0 1 0 1 0 0 1 1 1 1 0 1 1 0 1 1 0 0 0 1 0 1 0 1 1 
0 0 0 1 1 0 1 1 0 0 1 0 1 0 1 0 1 1 0 1 0 1 1 0 1 0 1 0 1 0 1 1 1 0 0 0 0 1 1 1 1 0 1 0 1 1 1 0 0 1 1 0 0 0 1 1 0 0 0 1 0 1 
1 1 1 1 0 0 1 1 1 0 0 0 1 1 1 0 1 1 1 0 0 1 0 1 0 0 1 0 0 1 0 1 1 1 0 1 1 1 0 0 0 0 1 1 1 0 1 0 0 0 0 0 1 0 1 1 1 0 0 1 1 0 
0 0 1 0 1 1 0 0 1 0 0 0 1 0 1 0 0 1 0 1 1 1 1 0 0 0 0 0 1 1 0 1 0 0 0 1 1 0 1 0 0 0 1 1 0 0 1 0 1 1 1 0 0 1 0 0 1 0 1 1 1 1 
0 1 1 0 1 0 0 0 1 0 0 0 1 0 0 0 1 1 1 0 1 1 1 1 0 1 1 1 0 0 0 0 0 0 1 1 0 1 1 1 0 0 1 1 0 1 0 1 0 1 0 1 1 1 0 1 0 1 0 0 0 0 
1 0 0 0 1 1 1 0 0 1 0 0 1 1 1 1 0 0 0 0 1 1 0 0 0 0 1 0 1 1 1 0 1 1 0 0 0 1 1 1 1 1 1 0 0 0 1 1 0 1 1 0 1 1 0 1 0 1 0 1 1 1 
1 0 0 1 1 1 0 0 0 1 1 1 1 0 1 0 1 0 0 0 0 1 0 0 0 0 1 0 1 0 1 0 1 0 1 0 1 1 0 1 1 1 0 0 1 1 1 0 1 1 1 1 0 1 1 0 1 1 1 0 1 0 
0 0 0 1 0 1 0 0 0 1 0 0 0 1 0 1 0 1 0 1 1 0 0 0 0 1 1 1 1 1 0 1 1 0 0 0 0 0 0 0 0 0 1 0 0 1 1 0 0 1 1 1 1 1 0 1 0 1 1 1 0 1 
0 0 1 0 0 1 0 0 0 0 1 1 0 1 0 1 1 0 0 0 0 1 1 0 1 1 1 0 0 0 1 0 0 0 0 0 0 0 0 0 1 1 1 1 0 1 1 1 1 1 1 1 1 0 1 0 1 1 0 1 1 1 
1 1 1 1 1 1 0 1 1 1 1 0 0 1 1 1 1 1 1 0 0 0 1 0 0 0 1 0 0 0 1 1 1 0 1 0 0 1 1 1 0 0 0 0 0 1 0 1 0 1 1 1 1 0 1 1 1 0 1 1 0 0 
0 1 0 1 1 0 0 0 0 0 1 0 1 1 1 1 0 0 0 1 1 1 0 0 0 1 0 1 0 0 1 0 1 1 0 0 0 0 0 0 1 1 0 0 0 1 1 0 1 1 0 0 0 0 0 0 1 0 1 1 0 0 
1 1 1 1 1 1 0 0 1 1 1 1 1 0 1 0 0 0 1 0 1 1 0 1 1 1 0 0 0 0 0 0 0 1 1 1 1 1 1 0 0 1 0 1 1 1 1 1 1 0 0 0 1 0 0 0 0 0 0 0 0 0 
0 0 0 0 0 1 1 1 1 0 0 1 1 1 0 1 1 0 1 1 0 1 1 0 1 1 0 0 0 1 0 0 1 0 0 1 1 0 1 1 0 1 0 1 1 1 0 0 1 0 1 1 1 0 0 0 0 0 0 0 1 1 
0 1 1 1 0 1 1 1 0 1 1 0 0 0 1 1 0 0 1 1 0 0 1 0 0 1 0 1 1 0 0 0 1 1 1 1 0 0 1 0 1 0 1 1 0 0 0 0 1 1 1 1 1 0 1 0 0 1 1 1 1 1 
1 0 0 0 0 1 0 1 1 1 1 0 1 1 1 1 1 0 1 0 1 0 0 0 0 0 1 1 0 1 0 1 1 1 0 1 0 0 0 1 0 1 0 1 0 1 0 1 1 1 1 0 0 0 0 0 0 1 0 0 0 0 
0 0 1 0 1 1 0 0 1 0 1 1 1 0 0 0 1 1 1 1 1 1 1 1 0 1 0 0 0 1 0 0 1 0 0 0 1 0 0 0 1 0 1 0 0 1 0 1 0 0 0 1 1 1 0 1 1 1 1 1 0 0 
1 1 0 1 1 1 1 0 0 0 0 1 1 0 1 1 1 1 1 0 1 1 1 1 0 0 0 0 1 0 0 0 1 0 1 1 1 1 1 1 1 1 1 0 1 0 0 0 1 1 0 0 0 0 0 1 0 0 1 0 1 1 
0 0 1 0 1 0 1 0 0 0 1 1 1 0 1 1 1 0 0 1 1 1 1 1 0 0 1 1 0 0 0 0 1 1 0 0 1 1 1 1 0 0 0 1 1 1 0 0 0 0 1 1 1 1 0 1 1 1 0 1 0 0 
1 1 1 0 1 1 1 0 0 1 1 1 0 0 0 0 0 0 1 1 1 0 0 1 0 1 1 0 0 1 1 0 0 0 0 1 1 1 0 0 1 1 1 1 1 1 0 1 0 1 0 1 1 1 1 1 0 0 0 1 1 1 
1 1 1 1 0 1 0 0 1 1 1 0 1 0 1 1 1 1 0 0 1 1 1 0 1 1 0 1 0 1 0 1 0 1 0 0 0 1 1 1 0 0 1 1 1 1 0 0 0 0 0 1 0 1 1 1 1 1 0 1 0 0 
1 0 1 1 1 0 0 0 1 1 0 1 0 1 0 1 0 0 1 0 0 1 0 1 0 1 1 0 0 1 0 1 0 0 1 1 0 1 1 1 0 1 0 1 1 0 0 1 1 1 1 1 1 1 0 1 0 1 0 1 1 0 
0 1 0 1 0 0 1 1 0 1 0 0 0 1 1 0 0 0 0 0 1 1 1 1 0 0 1 0 1 0 1 1 1 1 1 1 0 0 0 0 1 0 0 0 0 1 0 0 1 0 0 0 1 0 0 0 0 1 0 1 1 1 
0 0 1 1 1 1 1 1 1 1 1 1 1 1 1 1 0 0 0 0 1 1 0 1 1 0 0 0 1 1 1 0 1 0 1 0 1 1 1 0 0 0 0 1 0 1 0 0 1 0 0 0 0 1 1 1 1 1 1 1 0 1 
1 1 1 0 1 1 1 0 1 1 1 1 0 1 0 1 1 0 1 1 0 1 0 0 1 0 1 0 1 0 1 0 1 1 0 1 0 0 1 1 1 0 1 0 1 1 1 0 1 0 0 0 0 0 0 1 0 1 1 1 1 1 
