44 40 507
48 6 75 10 82 31 19 66 90 36 57 12 81 92 88 24 31 60 78 37 87 6 47 34 80 15 96 77 71 12 23 18 18 49 27 51 32 97 17 21 
32 25 85 12 16 72 87 98 83 64 35 69 70 33 55 49 99 2 77 21 65 51 38 34 51 16 85 82 12 53 55 44 77 39 7 44 62 94 41 44 
9 27 65 78 59 19 78 57 72 6 77 36 56 66 70 7 33 6 40 45 58 94 40 34 32 98 77 93 91 69 89 100 96 53 29 6 23 59 15 94 
64 91 29 72 9 50 78 41 55 17 37 12 63 28 97 94 26 73 39 16 94 27 67 41 79 48 46 1 6 60 94 69 3 74 40 63 24 69 3 78 
38 92 42 100 19 38 45 44 63 83 12 56 9 30 48 39 77 93 39 82 5 84 3 59 10 94 21 85 63 75 14 52 66 55 51 85 45 95 80 7 
30 91 14 38 21 61 77 97 5 67 31 61 3 33 19 12 78 39 48 40 14 61 91 79 16 93 15 60 40 95 18 69 85 83 58 57 43 86 6 99 
5 36 60 7 20 78 70 49 69 17 89 82 29 31 12 96 76 27 7 67 73 24 35 9 6 44 66 100 30 71 51 86 58 10 92 29 39 13 77 7 
81 17 40 9 100 52 57 27 30 63 93 2 39 79 10 44 22 27 96 3 49 46 88 58 7 79 86 45 43 15 4 23 83 43 84 34 46 40 60 75 
2 52 28 40 30 38 36 52 64 83 6 13 80 94 70 86 24 8 82 67 74 37 41 8 80 76 42 77 15 53 52 69 5 79 60 86 68 47 89 84 
29 95 48 8 88 69 45 11 28 79 29 1 15 70 61 46 45 54 23 12 6 26 32 10 56 91 96 24 90 84 7 70 78 6 30 17 74 74 28 2 
52 8 54 67 77 14 12 74 67 86 85 73 11 68 34 67 58 81 42 99 65 100 69 94 5 98 63 78 23 42 79 27 49 33 93 26 98 56 51 65 
94 35 89 4 54 22 22 63 3 63 62 19 62 30 64 66 79 26 44 1 19 74 27 68 58 71 93 56 79 95 72 72 81 12 27 34 33 49 96 87 
11 57 57 73 86 73 38 16 50 33 17 69 7 43 36 64 14 80 71 44 74 42 15 54 5 41 87 90 89 34 76 100 91 85 24 28 57 61 44 58 
94 60 26 52 54 13 67 19 44 38 62 17 31 28 22 36 69 60 25 9 94 52 60 36 88 83 63 96 96 58 54 41 17 31 92 23 44 58 41 87 
47 55 56 30 82 29 65 50 41 41 11 34 44 22 21 32 5 83 27 52 41 32 92 9 63 83 31 58 92 24 96 39 78 3 20 59 32 84 61 72 
76 23 57 19 44 77 2 100 11 81 51 3 12 42 12 26 76 94 83 68 69 79 58 46 33 77 57 64 12 17 87 39 91 95 9 34 71 63 34 34 
43 36 36 54 78 99 32 5 93 14 24 61 44 81 59 77 9 15 92 72 83 79 62 73 73 71 58 96 85 43 81 27 79 16 32 8 15 63 12 59 
29 36 19 72 68 29 100 29 43 92 52 77 22 14 1 94 36 59 41 20 53 21 98 31 89 29 90 3 92 2 13 72 89 83 43 56 12 43 36 6 
34 88 83 7 1 83 100 88 93 93 7 46 65 56 28 53 84 18 7 27 71 71 98 59 54 93 66 65 35 2 70 20 89 4 26 41 39 77 28 31 
21 86 76 86 41 56 90 76 73 49 3 95 19 52 53 24 44 70 88 78 71 10 49 11 65 26 51 3 3 30 34 75 67 61 12 59 68 54 35 40 
54 89 86 24 40 38 48 84 8 87 13 30 48 14 41 13 39 43 15 93 73 100 68 91 13 31 50 80 84 84 72 37 72 57 61 63 47 8 46 6 
46 11 35 94 24 27 6 14 70 72 7 94 24 26 84 36 56 33 67 92 68 38 80 39 47 40 54 93 99 51 98 45 61 84 90 36 11 47 50 80 
70 8 73 93 33 56 80 40 41 47 83 8 36 63 99 82 54 52 26 53 2 75 49 63 59 90 98 69 36 99 100 5 6 24 98 90 79 29 30 71 
27 64 79 63 26 77 96 80 28 74 84 29 48 84 43 58 73 41 26 8 91 77 64 97 100 13 86 31 42 67 1 68 31 79 82 8 55 30 39 34 
3 22 63 2 57 57 60 29 49 85 88 40 14 4 36 13 16 73 43 9 40 44 29 22 74 62 81 81 91 20 14 45 93 28 47 2 85 6 82 33 
42 70 72 55 25 59 20 92 32 62 53 23 57 81 96 31 94 76 63 85 47 76 81 40 4 27 41 88 84 22 72 26 43 44 32 19 2 51 11 85 
65 63 7 21 95 2 3 88 78 65 24 24 93 5 15 96 83 7 35 67 29 6 92 23 1 75 42 55 26 4 39 90 66 46 62 12 47 17 99 76 
81 23 52 73 79 66 20 61 73 6 27 53 64 70 75 64 45 68 18 22 71 57 63 88 2 24 99 100 40 98 28 73 72 79 97 50 44 17 10 68 
74 89 20 37 58 47 1 54 66 70 75 89 26 89 76 79 65 75 79 56 24 6 28 47 36 25 96 79 93 57 99 66 45 70 3 55 68 55 8 34 
24 35 22 50 23 49 80 39 75 10 95 50 67 22 96 2 98 43 33 42 52 31 60 48 52 14 2 20 68 62 5 91 48 78 92 70 26 24 61 53 
33 55 2 100 76 50 53 26 92 85 19 43 67 78 91 19 91 44 90 58 5 94 1 52 71 44 74 48 67 34 52 52 88 54 3 15 3 55 92 46 
40 11 41 6 88 83 76 31 26 65 88 83 58 40 86 80 84 11 80 2 96 31 53 35 84 7 2 38 62 93 36 1 55 76 58 95 10 86 25 87 
50 64 69 60 4 7 39 39 69 70 92 65 1 97 99 36 3 52 26 64 45 61 16 51 88 26 45 97 11 69 83 60 33 4 71 88 10 62 26 78 
31 69 94 31 65 93 67 68 44 44 83 40 4 99 91 91 24 87 87 86 56 69 45 40 24 68 79 33 29 56 63 59 24 56 42 89 100 60 8 96 
3 90 87 6 40 29 48 15 16 34 100 23 54 97 14 78 64 92 62 92 47 24 2 70 32 43 10 83 54 69 30 56 59 17 13 50 97 60 65 12 
93 64 86 99 12 99 28 75 42 89 18 88 65 20 10 48 14 71 30 68 40 12 75 50 28 88 51 24 47 15 88 92 31 73 42 42 24 69 69 65 
57 86 5 73 57 66 20 71 88 2 90 27 13 64 28 92 3 79 15 2 45 54 45 75 27 86 69 2 54 37 18 62 22 22 35 31 39 6 1 27 
59 42 5 71 57 85 62 60 63 29 13 7 82 57 34 60 42 2 61 47 90 79 8 11 52 94 93 43 52 45 69 10 86 25 81 43 9 94 54 23 
74 18 82 8 74 15 19 15 68 32 61 57 10 20 19 13 14 12 55 65 56 75 74 94 100 6 88 60 52 93 83 77 10 16 84 83 82 3 49 49 
34 9 57 95 28 27 59 93 90 66 9 98 40 35 43 91 92 30 3 43 22 85 72 83 100 55 65 33 9 13 81 94 73 89 40 52 67 51 97 57 
16 5 6 7 39 48 50 31 77 52 25 50 88 96 84 39 3 48 71 63 12 3 57 36 91 48 39 57 98 35 65 65 40 70 72 78 69 73 8 45 
24 85 46 11 80 29 1 82 28 71 45 91 73 53 78 15 52 17 23 50 51 88 66 42 9 89 20 78 61 79 74 84 15 72 46 95 52 98 76 80 
68 72 22 92 76 100 58 28 68 81 77 70 20 94 12 80 83 83 9 43 13 35 79 28 6 76 22 57 74 49 88 93 73 62 37 48 13 94 75 80 
26 3 49 45 97 12 77 79 94 85 21 59 19 51 86 76 27 59 33 100 59 72 44 31 85 80 79 97 74 5 76 99 8 77 96 4 40 72 82 86 
1 1 1 0 0 0 1 0 0 1 1 0 1 0 1 1 0 1 0 1 1 1 1 0 1 0 1 1 1 0 0 1 0 1 1 0 1 0 0 1 
0 1 1 1 1 0 0 1 1 0 0 1 0 0 1 1 0 1 0 0 1 0 1 1 1 0 1 0 0 1 1 0 0 1 1 0 1 0 1 1 
0 0 0 0 0 1 0 0 0 0 0 0 1 1 1 0 1 1 1 0 0 0 0 1 1 0 1 1 0 0 0 0 0 0 1 0 1 1 1 0 
1 1 0 0 1 1 1 0 0 0 0 1 0 1 0 0 1 1 1 1 1 1 1 0 1 0 0 0 1 1 0 1 1 0 1 0 0 0 0 0 
0 1 1 1 0 1 1 1 0 0 0 0 1 1 0 0 0 0 0 1 0 1 0 1 1 0 1 1 0 1 0 1 0 1 0 0 1 1 1 1 
1 1 1 0 1 1 0 1 0 0 0 0 1 1 1 1 1 0 0 1 1 0 0 0 0 0 0 1 1 0 0 0 1 0 0 0 1 0 1 1 
1 0 1 0 1 0 1 0 0 0 1 0 0 0 0 0 0 0 1 0 0 0 0 0 0 1 0 1 1 0 1 0 0 0 1 1 1 0 1 1 
0 0 1 1 0 1 1 1 0 1 1 0 1 1 0 1 0 1 0 0 1 1 0 1 0 1 0 1 0 1 0 0 1 0 1 0 1 1 1 1 
0 0 0 1 1 0 0 0 1 0 0 0 0 0 1 0 0 1 1 0 0 1 0 0 1 0 0 1 1 1 0 1 1 0 0 0 1 0 0 0 
0 0 1 0 1 0 0 1 0 1 1 0 1 1 0 0 1 0 1 0 1 0 1 0 0 1 1 1 1 1 0 0 0 1 0 1 1 1 0 1 
0 1 0 1 0 0 0 0 1 1 0 0 1 0 1 0 1 0 1 1 1 1 1 1 0 1 0 0 0 0 1 1 1 1 0 0 0 0 0 1 
0 0 1 1 0 0 1 0 0 1 1 0 0 0 1 1 1 0 1 0 0 0 1 0 0 1 0 0 0 0 1 0 0 0 1 1 1 1 1 1 
0 0 1 0 0 1 1 1 1 0 1 1 1 0 1 1 0 1 1 0 1 0 0 0 0 1 1 1 0 0 1 0 0 0 1 0 1 0 1 0 
1 1 0 0 1 1 1 1 1 0 1 0 0 1 0 0 1 1 0 1 1 1 0 1 1 1 1 1 1 1 1 0 0 1 0 1 1 1 1 0 
1 0 0 1 0 1 0 1 0 0 0 0 1 0 1 0 1 1 1 1 0 1 1 0 0 0 1 1 1 0 1 1 1 0 0 1 1 0 0 1 
0 0 1 1 1 1 0 0 0 1 1 0 0 1 0 1 1 1 0 0 0 0 1 1 0 0 0 1 0 0 0 1 0 0 0 1 1 0 0 1 
0 1 1 0 0 1 1 1 0 0 0 0 0 1 1 0 1 1 1 0 1 1 1 0 1 1 1 0 0 1 1 0 1 0 0 1 1 0 1 0 
0 1 0 0 0 0 0 0 1 1 0 1 0 1 1 0 0 0 0 0 0 0 0 1 0 1 0 0 1 1 0 1 0 0 1 1 0 1 1 0 
0 1 1 0 0 0 0 0 0 1 1 0 1 1 1 1 0 0 1 1 1 1 0 0 0 1 1 0 0 0 0 0 1 1 1 1 1 1 1 0 
0 0 0 1 0 0 1 0 0 0 0 1 0 0 1 0 0 0 0 0 0 1 1 1 0 0 0 0 1 0 0 0 0 0 1 0 0 0 1 0 
1 1 0 1 1 1 1 1 0 1 0 0 0 1 0 1 1 0 1 0 0 1 0 1 1 0 1 0 0 0 0 1 1 0 0 1 0 1 0 0 
1 0 0 1 1 0 0 0 1 1 1 1 0 1 0 0 1 0 0 0 0 0 1 0 1 0 1 1 1 1 1 0 0 1 0 1 0 0 0 1 
0 1 0 0 0 1 0 0 1 0 0 1 1 1 1 0 1 0 1 1 0 0 1 0 1 1 1 1 0 1 0 0 0 1 0 1 0 1 1 1 
1 1 0 0 0 0 0 0 0 1 1 0 1 0 0 1 0 0 0 0 1 1 0 0 0 0 1 0 1 0 1 1 1 1 1 1 1 0 1 0 
1 0 0 1 1 1 0 1 1 0 1 0 1 1 0 1 1 1 1 1 1 0 0 0 0 1 0 1 1 1 1 1 0 0 0 1 1 0 0 0 
0 1 0 0 0 1 1 1 0 1 0 0 1 0 0 1 0 0 1 1 0 0 0 0 0 0 1 1 0 1 1 1 0 0 1 0 1 0 1 1 
1 0 1 1 0 0 0 0 0 1 0 0 0 0 0 0 1 1 0 1 0 1 0 0 1 1 0 0 0 0 0 1 0 1 0 0 1 1 1 0 
0 1 0 0 1 1 1 0 0 1 0 1 0 0 1 0 0 0 0 0 0 0 1 0 0 0 0 1 1 1 1 1 0 0 0 0 1 1 0 1 
0 0 0 0 1 0 0 1 0 1 1 0 1 0 0 1 0 0 1 1 0 0 1 0 0 1 0 1 0 1 1 0 1 1 0 0 1 1 1 1 
0 0 1 1 1 1 1 1 0 0 1 0 0 0 0 1 1 1 0 1 0 1 1 1 1 1 0 0 0 1 0 0 0 1 0 1 1 1 0 1 
1 1 1 1 1 1 0 0 0 1 1 0 0 0 0 1 0 0 0 0 1 0 1 1 1 1 0 0 0 1 1 1 0 0 0 0 0 1 0 0 
0 0 1 0 0 1 0 0 1 0 1 0 0 0 0 1 1 0 0 1 1 1 0 0 0 0 0 0 1 0 0 1 0 1 0 1 0 0 1 1 
0 0 0 0 0 0 1 1 0 1 0 0 1 0 0 1 1 0 1 0 0 1 0 1 1 0 0 1 0 1 1 0 0 1 0 0 1 1 0 1 
1 0 1 0 1 1 1 0 1 0 0 0 1 0 1 0 0 1 0 0 0 1 0 0 0 0 1 1 0 1 0 1 1 0 1 0 1 0 0 1 
0 1 1 1 1 0 0 0 1 0 0 1 1 1 0 1 1 1 0 1 0 0 0 1 0 1 0 0 1 0 1 1 1 0 1 1 0 1 1 1 
1 1 0 0 0 0 1 0 1 1 1 1 1 0 1 0 1 1 0 1 1 1 0 1 1 1 0 1 0 1 0 1 0 0 1 1 1 0 1 0 
1 0 0 1 0 1 1 0 0 1 1 1 0 1 0 1 1 0 0 1 1 0 1 0 0 0 1 1 1 0 0 0 0 0 1 1 1 0 1 1 
1 0 0 1 1 1 0 0 1 0 0 1 0 1 1 1 1 0 0 0 0 0 1 0 0 0 1 1 1 0 0 0 0 1 0 0 0 0 0 1 
1 0 0 1 1 1 0 1 1 1 1 1 1 0 0 0 1 1 1 0 0 0 0 0 1 0 0 1 1 1 0 0 1 1 1 1 0 0 0 0 
1 1 1 0 0 1 0 1 1 0 1 1 0 1 1 1 0 0 0 1 1 0 1 0 1 0 1 0 0 1 0 1 1 1 0 1 1 0 0 0 
0 1 1 0 0 0 1 0 0 1 1 1 0 0 0 1 1 1 1 1 1 1 1 0 1 1 1 0 1 1 0 0 0 1 0 0 1 0 1 0 
1 0 1 1 1 1 1 0 1 0 1 0 0 0 0 1 1 1 1 1 0 1 1 0 0 1 0 1 1 1 1 1 0 1 0 1 0 1 1 1 
0 0 1 0 1 1 1 0 0 0 1 0 1 0 0 1 0 1 0 1 0 0 0 0 1 1 1 1 0 0 1 0 1 0 0 0 0 1 0 0 
1 0 1 0 0 1 1 0 0 0 0 1 0 0 1 1 1 1 0 0 1 1 0 0 0 1 0 0 0 1 0 0 1 1 0 1 1 0 0 1 
