42 40 771
32 68 74 70 26 24 63 15 19 72 31 85 45 5 94 11 32 91 22 50 17 92 38 50 68 87 34 85 94 68 48 77 35 21 46 12 97 60 78 15 
31 9 51 27 65 96 89 96 87 63 97 55 54 87 5 73 73 38 10 19 57 57 47 92 29 93 55 77 52 33 43 35 41 45 13 57 41 2 5 79 
64 1 33 69 39 37 42 64 27 3 82 35 11 28 26 39 72 33 68 76 65 10 62 57 7 74 65 47 75 69 77 90 70 61 11 60 50 4 23 28 
6 56 62 16 36 40 6 7 72 73 34 88 35 95 96 41 69 60 39 95 29 67 85 50 27 95 9 28 50 84 55 55 39 17 70 74 56 75 33 27 
100 18 66 86 13 61 26 33 20 16 27 48 82 63 49 60 9 58 88 58 93 94 12 31 10 33 57 65 60 41 43 59 58 8 44 22 68 21 54 40 
88 81 87 21 95 36 32 4 45 19 61 37 13 25 19 74 57 27 91 16 67 33 26 77 93 21 98 12 93 52 51 80 84 90 100 78 77 32 81 73 
2 94 61 66 18 79 40 26 58 30 94 76 14 71 52 58 92 50 70 84 53 72 64 36 61 15 65 37 98 46 61 100 91 21 17 60 100 56 85 9 
37 30 84 3 1 36 12 92 37 81 27 41 5 90 28 65 57 92 54 54 89 14 5 79 35 22 38 86 29 75 94 18 4 29 72 4 64 83 47 52 
16 74 92 20 15 19 36 23 11 41 77 51 7 33 30 93 6 19 30 87 93 75 56 49 3 27 4 19 61 3 70 76 76 62 47 42 32 35 65 94 
27 93 45 85 77 74 77 83 44 58 69 89 32 24 37 35 2 92 53 62 94 74 90 21 87 36 15 19 22 31 64 49 23 8 33 99 33 62 33 77 
19 53 65 3 76 53 89 29 96 93 91 42 66 80 14 53 67 28 23 89 58 86 89 32 94 73 83 78 34 15 6 5 68 22 7 95 74 95 24 22 
87 66 63 52 45 76 56 63 56 78 51 13 64 39 97 9 12 79 38 97 45 44 1 12 65 7 59 91 53 34 12 39 99 26 43 95 1 98 57 56 
28 8 21 43 98 17 3 61 95 40 10 39 83 10 3 48 69 13 38 21 46 1 12 44 26 54 90 26 3 46 34 30 5 54 24 3 22 26 15 68 
66 24 6 48 86 60 47 54 72 36 74 69 36 85 64 61 90 53 39 93 99 72 74 55 77 98 57 98 75 24 65 40 99 22 40 84 34 38 37 57 
74 63 26 9 99 41 70 89 94 8 33 44 31 58 98 7 55 7 56 82 82 72 21 80 45 12 64 78 50 52 87 23 14 64 83 65 4 4 5 49 
11 37 92 93 94 42 99 1 100 6 82 81 77 54 60 74 66 75 51 67 27 89 41 92 52 23 56 56 79 60 56 89 48 100 34 42 41 32 94 40 
90 27 20 18 80 31 91 97 6 42 63 84 82 55 75 34 30 31 41 8 42 96 48 90 95 81 83 87 65 76 26 54 2 97 71 33 80 62 30 37 
55 44 20 88 99 94 21 80 76 13 87 70 9 34 59 55 67 41 42 31 68 19 36 21 68 58 53 47 71 82 83 77 26 54 65 76 47 37 55 75 
50 93 44 10 26 54 64 92 94 57 74 13 28 9 33 95 67 85 93 37 19 27 14 96 80 30 23 78 66 77 4 15 21 47 24 46 100 40 90 45 
48 15 57 75 24 41 21 42 78 65 30 96 91 95 43 22 24 65 52 90 93 55 56 13 2 80 10 53 71 51 98 18 66 6 93 41 99 65 82 76 
30 63 23 72 58 65 94 33 81 45 74 25 51 30 37 4 61 98 57 31 49 6 48 14 63 92 6 61 9 87 36 38 1 10 9 10 26 54 43 6 
98 16 30 1 97 18 4 57 16 60 87 64 17 87 29 80 30 34 40 38 72 28 27 72 89 36 34 15 89 76 72 39 43 54 39 40 71 94 96 38 
54 35 53 22 73 81 1 2 14 93 92 37 72 18 61 60 5 94 74 94 21 98 32 63 51 22 54 21 15 2 11 20 88 63 42 60 44 94 13 9 
86 56 98 9 74 58 69 78 51 94 23 23 91 6 37 41 27 91 14 94 44 24 13 31 86 6 42 81 100 54 42 37 10 39 46 35 96 66 12 98 
59 35 72 50 40 8 42 19 50 7 12 93 30 76 75 68 82 16 100 81 70 41 69 31 79 14 65 26 31 76 23 90 62 94 91 54 54 32 24 3 
39 35 48 20 10 22 39 43 38 39 75 59 79 44 89 58 9 53 83 40 80 58 81 94 3 71 47 56 54 22 11 44 56 58 64 17 79 54 60 68 
92 34 26 71 29 66 80 38 18 14 29 50 23 9 43 26 31 41 33 84 62 43 28 69 52 43 37 31 96 48 50 88 34 28 10 62 93 41 51 63 
54 31 12 77 39 6 54 69 98 86 5 11 81 32 31 32 26 67 14 21 15 64 60 100 91 21 61 83 61 64 97 15 94 8 43 85 65 96 5 62 
33 9 24 13 92 54 97 69 73 10 42 39 25 1 38 67 74 50 2 34 65 98 100 11 58 94 95 22 89 51 36 74 12 11 38 55 65 34 24 89 
96 65 27 72 17 64 39 42 65 40 76 30 37 27 40 94 21 86 68 61 88 55 34 51 65 72 6 29 57 81 69 4 45 95 76 13 10 14 55 75 
53 82 56 41 60 47 87 80 84 6 93 71 60 78 22 24 49 27 5 58 7 73 61 3 20 36 67 29 1 73 55 5 54 10 46 14 8 84 45 91 
89 89 62 100 67 35 23 67 61 79 24 19 52 85 73 23 72 91 51 73 64 58 77 17 19 74 82 27 9 79 17 49 67 30 48 33 64 71 100 76 
1 75 46 4 11 70 26 83 61 77 7 24 34 35 92 4 61 26 30 69 4 99 18 22 28 17 7 44 87 58 19 88 32 17 91 95 86 69 29 46 
45 87 21 30 21 13 33 33 38 15 54 93 13 23 66 92 39 72 35 26 81 54 65 65 70 7 59 7 75 39 53 71 25 73 52 45 37 37 30 26 
51 83 70 15 5 36 6 43 59 41 20 92 46 36 56 67 95 66 73 69 4 77 92 28 50 43 24 38 31 53 64 81 87 85 95 91 20 53 86 31 
45 57 22 90 93 29 56 87 94 80 7 49 57 50 76 58 93 51 95 23 56 10 56 42 95 2 85 66 54 22 96 98 78 69 39 70 97 46 8 42 
26 15 90 34 64 17 91 8 20 85 83 75 47 90 68 41 91 4 58 97 25 6 46 3 74 85 24 23 30 32 64 7 98 6 40 13 74 30 21 93 
67 55 19 65 44 87 5 34 42 14 82 19 19 28 73 93 64 96 67 93 79 30 52 28 87 43 41 61 73 13 53 91 67 72 55 62 10 11 47 3 
24 29 21 95 56 93 87 71 89 53 15 19 34 66 47 73 9 39 33 33 51 37 75 17 60 29 30 21 91 76 24 66 4 44 60 11 37 98 81 77 
2 96 47 88 13 45 60 21 83 44 5 33 80 79 1 40 7 30 12 49 6 35 15 61 31 74 72 19 72 4 95 25 99 93 12 12 38 71 84 20 
14 89 5 46 67 5 37 26 35 48 74 92 83 88 52 65 14 75 83 37 79 29 61 29 21 73 40 58 95 76 30 61 64 34 6 82 38 94 7 24 
41 81 67 75 20 71 39 85 45 21 21 75 49 34 4 70 58 95 79 52 70 60 64 85 93 21 67 83 14 25 58 55 5 77 29 77 47 20 61 43 
1 1 1 0 0 0 1 1 0 1 0 0 1 0 0 1 0 0 1 0 1 1 0 1 1 0 1 1 1 0 1 1 1 0 1 1 0 0 0 1 
1 0 1 0 0 1 0 1 0 1 1 1 0 1 0 1 1 0 0 1 0 0 0 1 0 1 0 1 1 0 0 0 0 1 1 1 0 1 0 0 
0 1 1 1 0 0 0 1 0 1 0 0 1 0 1 1 1 1 0 0 1 0 1 1 1 0 0 0 1 0 0 1 1 0 0 1 0 1 1 0 
0 1 0 1 0 1 0 1 0 1 0 1 1 1 0 1 1 1 1 0 1 1 1 1 1 0 0 1 1 1 1 1 1 1 0 1 0 0 0 0 
1 0 1 1 1 0 0 0 1 1 0 0 0 0 1 0 0 0 1 1 1 1 0 0 0 0 1 1 0 0 1 0 0 1 1 0 1 1 0 0 
0 1 0 0 1 0 0 1 0 0 0 1 1 0 0 1 0 1 0 0 1 0 0 0 1 1 0 0 0 0 0 0 1 0 1 0 0 1 1 0 
1 1 0 0 1 0 0 1 1 0 0 1 0 0 1 1 0 1 1 0 1 1 1 1 0 0 1 0 1 1 1 1 0 1 1 0 1 1 1 0 
0 1 1 0 0 0 0 0 1 1 0 1 1 1 0 1 1 1 1 1 0 0 0 1 1 1 1 0 1 0 1 1 0 0 1 0 1 1 0 0 
1 0 1 0 0 1 1 1 1 0 0 1 1 0 0 0 0 1 1 1 0 0 0 0 0 1 0 1 1 0 0 0 0 1 0 0 1 1 0 0 
1 0 1 0 1 0 1 1 1 0 0 1 0 0 1 0 1 1 0 0 1 0 0 0 1 0 0 0 1 0 0 1 1 0 1 0 0 0 1 1 
0 1 1 0 1 0 1 0 0 1 1 1 1 1 1 0 0 0 1 1 0 1 0 1 1 0 1 1 0 0 1 1 1 0 1 0 0 0 1 0 
1 0 0 0 1 1 1 1 1 0 1 0 1 1 1 1 1 1 0 0 1 1 1 1 1 0 1 0 1 0 0 0 0 0 1 0 0 0 1 1 
0 0 1 1 0 1 0 1 0 1 1 1 0 0 0 0 1 0 0 0 0 0 0 1 1 1 1 1 1 0 0 1 1 0 1 1 1 1 0 1 
0 0 0 1 0 1 1 1 1 1 1 1 1 0 0 0 1 1 1 1 0 0 0 1 0 1 0 1 1 0 0 1 0 0 0 1 1 1 0 0 
0 0 0 0 0 0 0 1 0 0 0 0 0 1 1 0 0 1 1 1 1 1 1 0 1 1 1 1 1 1 1 1 1 1 1 1 0 0 1 0 
0 1 0 0 0 1 0 1 0 1 0 1 0 1 1 1 1 0 0 0 0 0 1 1 1 1 1 1 1 0 1 1 1 1 1 0 0 1 1 0 
0 1 0 0 1 1 1 0 0 0 0 0 0 1 1 1 0 0 1 1 0 0 0 0 0 1 0 0 0 1 1 0 0 1 0 1 0 0 1 0 
0 1 0 0 1 0 1 1 0 0 1 1 1 1 1 1 1 1 1 1 0 0 0 0 1 0 0 0 0 1 0 0 1 1 0 0 1 0 1 1 
0 0 0 1 0 1 0 1 0 0 0 0 0 0 1 0 1 1 0 1 0 0 0 1 1 0 1 0 0 1 0 1 1 0 0 1 0 1 0 0 
1 1 1 1 1 0 1 0 1 1 0 1 0 0 1 1 0 0 0 1 1 0 0 1 0 0 0 0 1 1 1 0 0 0 0 1 0 1 0 1 
1 0 0 1 0 1 0 0 0 0 1 1 0 1 0 1 0 1 1 1 0 0 0 0 0 0 1 0 1 1 1 0 1 0 1 1 1 0 0 1 
0 1 1 1 1 1 0 1 0 1 0 0 0 0 0 0 0 0 1 0 1 0 0 1 0 0 0 0 0 0 1 0 0 0 1 1 0 1 0 0 
1 0 1 1 1 1 1 1 1 0 1 1 1 0 0 1 0 0 1 0 1 1 0 1 1 0 0 1 1 0 0 0 0 1 1 1 0 1 1 0 
1 0 1 0 0 1 0 0 1 1 0 0 0 1 1 0 1 1 1 0 1 1 1 0 0 0 1 1 1 0 1 1 1 0 1 1 1 1 0 0 
1 0 1 1 1 0 1 0 0 1 1 1 0 0 1 1 0 1 0 0 1 1 1 0 1 0 0 0 0 0 0 1 0 1 0 0 0 0 0 0 
1 1 1 1 1 1 0 0 0 0 0 1 1 1 0 0 1 0 0 1 0 1 0 0 0 1 0 0 1 1 0 0 0 0 1 0 1 0 0 1 
0 0 0 0 1 0 0 0 0 1 0 0 0 0 1 0 1 1 1 0 0 1 0 1 1 0 1 0 0 1 1 0 1 0 0 0 0 1 0 1 
0 0 1 0 1 0 0 0 0 1 1 0 1 1 1 0 1 0 1 1 1 0 0 0 0 0 0 1 1 1 0 1 1 1 1 0 0 0 1 0 
1 0 0 0 1 0 1 1 0 0 0 0 0 0 0 1 1 1 0 0 0 0 0 1 1 1 0 1 1 1 1 1 1 0 1 0 0 0 1 0 
0 0 0 1 0 1 0 1 0 0 0 0 0 0 1 1 1 1 1 1 0 0 0 1 0 1 0 0 0 1 1 0 1 1 1 0 0 1 1 0 
1 1 0 1 1 0 1 1 1 0 0 0 0 0 1 1 1 1 1 1 1 0 0 0 0 1 0 0 1 0 1 0 1 1 0 1 1 1 0 1 
1 0 1 1 0 0 0 1 0 0 1 1 0 1 1 0 0 0 1 1 0 0 0 1 1 0 0 1 1 0 0 0 0 1 1 0 1 0 0 1 
0 1 0 0 0 0 1 0 0 0 0 0 0 0 1 1 0 0 0 1 0 0 1 1 1 0 1 1 0 1 0 0 0 1 1 0 1 0 1 1 
0 1 1 0 1 0 1 1 0 0 0 1 0 1 0 0 1 1 1 0 1 1 0 1 0 1 0 1 1 1 0 1 0 1 1 1 0 1 0 0 
1 0 1 1 1 1 1 0 1 0 0 0 0 1 1 0 0 1 0 0 0 0 1 0 0 1 1 0 0 1 0 1 1 0 0 0 1 0 1 0 
0 1 0 0 0 0 1 1 1 1 1 0 1 0 0 1 1 0 1 1 1 0 0 1 0 1 1 1 1 0 0 1 0 0 0 0 0 1 1 0 
0 0 0 1 1 0 1 0 0 0 0 0 0 0 1 0 1 0 0 0 1 0 0 1 0 0 1 1 1 1 1 1 1 1 0 0 1 1 1 0 
0 1 0 0 1 1 1 1 1 1 1 0 1 1 1 1 1 1 0 0 0 1 1 1 0 0 0 0 1 1 0 1 0 0 0 1 1 1 0 0 
0 0 1 1 1 0 0 1 1 1 1 1 0 1 1 1 1 1 1 0 0 1 0 0 1 0 1 0 1 0 0 1 0 1 0 1 0 0 0 1 
1 0 1 0 1 0 1 0 1 0 0 1 1 0 1 0 0 0 0 1 0 0 0 0 0 0 0 0 1 0 1 0 0 0 0 1 0 1 1 1 
1 0 0 0 0 1 0 1 0 0 0 0 1 1 1 1 1 1 1 0 1 0 1 0 1 1 1 1 1 1 1 0 1 1 1 1 1 1 0 1 
0 1 1 1 0 0 0 1 1 1 0 1 1 1 1 0 0 0 0 1 1 1 0 0 0 1 0 1 0 0 0 0 1 0 1 1 0 1 1 0 
