46 52 722
99 97 4 13 15 28 27 29 58 52 59 76 82 81 35 6 16 34 90 32 46 79 20 82 51 73 48 14 91 9 79 41 5 82 53 71 61 31 100 70 83 10 97 64 43 31 21 10 16 10 93 13 
40 13 94 90 37 93 3 79 1 81 20 58 14 24 28 26 55 27 47 89 89 43 4 83 26 24 92 93 33 85 6 72 49 51 14 85 44 68 64 44 49 35 1 14 58 29 92 64 7 38 4 95 
81 7 77 58 30 21 50 14 57 7 38 5 58 51 41 1 18 56 96 18 42 97 84 100 25 75 15 83 12 19 78 44 25 6 53 7 26 3 20 82 61 57 38 18 59 31 70 29 38 18 46 80 
14 81 31 90 55 45 72 19 15 1 14 92 7 67 98 84 21 69 18 33 78 7 3 36 37 24 64 27 41 62 6 54 42 36 95 49 32 19 19 99 19 84 90 77 2 39 13 74 7 30 7 84 
88 9 72 77 32 35 3 73 48 8 78 42 95 25 90 26 43 60 24 13 43 65 42 45 3 54 18 10 35 24 45 22 84 16 98 16 3 52 40 50 59 69 91 53 93 32 31 87 91 6 100 34 
71 41 30 73 46 47 34 80 23 79 53 6 46 3 73 48 54 12 50 65 33 92 69 77 76 99 64 66 5 15 51 75 7 32 99 4 79 33 83 53 11 87 58 56 41 83 56 47 46 57 11 78 
48 79 55 23 30 70 41 86 84 43 12 42 75 10 45 53 42 79 57 4 17 14 12 58 96 67 4 42 75 66 71 22 96 77 97 25 46 37 62 81 79 73 22 53 83 18 57 76 96 13 80 65 
79 43 22 26 61 25 19 35 90 90 56 85 66 52 62 12 40 23 44 71 48 18 23 30 35 32 57 83 96 88 47 74 30 68 100 90 44 70 24 85 59 80 21 77 83 82 40 75 57 83 45 4 
100 67 85 87 50 93 69 46 81 67 71 10 86 22 100 81 92 75 65 2 6 37 78 89 71 17 15 27 100 59 82 51 77 18 37 27 10 5 24 90 23 94 52 8 16 3 88 7 77 4 8 83 
41 38 23 11 54 37 89 53 95 22 4 71 39 92 49 48 49 72 90 71 66 41 31 33 43 70 91 71 74 50 53 66 87 75 28 41 63 16 45 57 37 100 80 27 92 28 74 40 52 15 62 69 
7 92 1 1 62 91 72 87 40 24 4 79 51 31 19 13 98 15 22 86 15 53 12 58 80 37 49 83 4 62 51 10 54 51 11 67 93 82 5 85 57 60 63 59 90 33 24 39 47 45 24 13 
49 87 22 80 23 22 63 26 84 13 88 89 16 98 7 8 31 63 44 87 22 6 98 11 90 21 49 89 17 24 53 65 10 75 44 84 48 6 62 31 71 49 19 86 98 77 45 28 39 89 14 60 
46 63 22 36 83 70 24 99 45 28 15 6 54 59 90 2 16 51 32 86 51 3 23 48 79 68 75 70 56 40 29 1 3 51 88 85 72 63 36 17 91 50 22 44 60 63 45 76 65 29 13 15 
83 36 62 13 3 88 82 10 80 11 62 82 61 50 18 84 12 5 52 54 7 74 50 66 88 94 93 53 74 6 19 56 41 33 69 95 20 50 4 99 12 65 32 24 66 50 8 30 6 59 83 12 
84 32 78 72 78 70 76 51 27 94 59 67 26 79 13 98 80 68 48 92 33 80 15 50 81 74 79 86 85 62 98 68 45 27 91 22 48 66 25 75 12 35 93 89 13 6 86 92 73 34 35 57 
13 50 7 45 75 85 30 59 98 79 27 43 57 69 16 5 87 92 79 98 26 23 86 38 80 24 82 53 57 16 61 21 17 19 17 92 4 46 2 53 77 80 47 33 49 63 37 35 6 67 84 32 
90 21 21 69 44 54 73 52 70 34 24 38 52 40 81 7 38 83 12 14 62 58 46 62 72 35 48 78 1 31 61 42 52 33 63 95 87 35 99 56 20 22 45 24 62 26 82 99 60 45 64 73 
3 61 35 26 95 82 55 48 65 15 41 16 48 3 62 34 90 60 41 61 34 85 84 47 62 18 97 21 62 60 94 16 20 80 42 15 61 48 14 25 15 54 92 62 57 54 47 46 65 39 6 50 
75 42 96 37 11 92 9 72 51 54 88 23 33 81 89 94 28 2 70 42 55 14 55 11 67 53 8 83 43 66 85 70 59 80 58 69 24 66 92 26 20 31 48 52 63 36 97 43 37 19 84 92 
32 91 54 50 95 14 84 90 31 68 59 41 48 16 9 71 81 52 48 52 83 96 56 45 31 52 87 20 22 23 63 53 65 68 2 11 33 86 100 63 5 10 3 52 25 63 74 58 15 22 61 49 
69 16 45 99 68 84 70 41 6 32 94 22 100 47 32 32 84 84 47 89 93 1 40 70 64 66 79 30 39 39 30 7 55 74 57 74 57 27 14 14 10 7 35 61 54 19 93 37 54 91 25 98 
91 17 67 6 34 45 87 24 84 16 30 38 42 38 63 50 16 76 64 26 35 50 38 88 20 82 76 73 72 53 71 15 21 89 72 6 34 59 29 69 26 10 58 19 99 20 69 15 95 84 92 29 
85 29 68 5 63 96 29 34 100 51 100 72 40 72 77 25 82 57 45 59 66 2 78 64 21 98 30 15 33 73 96 17 54 15 73 16 10 2 1 61 4 1 32 95 72 8 71 5 64 15 63 81 
16 92 45 36 89 26 3 21 51 50 90 4 64 62 19 26 15 19 86 19 71 18 65 42 25 36 46 41 50 61 21 18 52 17 5 93 43 7 65 45 8 54 48 72 16 18 49 30 36 34 100 7 
51 65 100 28 100 98 20 1 58 40 18 61 9 23 5 3 81 70 47 89 23 94 12 90 11 60 72 98 45 71 56 96 87 8 75 86 5 94 39 14 85 56 26 93 30 31 95 11 100 41 51 74 
34 62 64 96 73 87 94 17 57 1 64 44 8 90 81 64 83 19 77 20 27 55 12 56 85 7 18 36 47 68 9 33 81 24 28 53 10 73 22 67 26 85 62 33 27 94 97 9 13 25 80 91 
79 92 46 15 50 64 50 48 31 59 80 12 34 60 16 44 84 89 62 9 74 75 94 52 68 90 12 32 66 92 22 97 83 68 11 32 31 13 79 13 23 11 76 56 22 44 99 5 32 12 66 57 
86 59 8 54 48 20 85 65 11 7 61 93 26 24 76 56 88 6 20 10 16 48 65 37 91 16 94 22 27 59 31 13 17 38 18 16 57 2 80 19 60 93 63 85 68 38 92 55 44 12 64 11 
11 80 100 1 47 93 74 74 51 56 38 19 94 55 34 2 8 65 73 68 9 35 52 76 25 96 82 20 59 97 30 69 29 29 21 75 21 46 48 23 2 37 41 95 91 74 48 51 91 20 70 99 
7 73 27 31 68 8 50 26 57 31 94 85 60 14 59 32 12 59 55 13 95 47 59 38 21 6 88 63 78 57 61 36 29 87 66 49 47 67 74 3 97 20 39 56 85 97 40 96 7 94 8 2 
40 66 39 12 24 78 74 53 86 87 88 66 25 5 14 71 71 88 25 67 7 15 75 91 64 14 39 70 59 46 23 50 12 61 14 87 90 39 39 75 25 78 93 50 82 6 72 52 45 49 70 51 
15 44 94 78 9 32 48 19 29 70 69 92 83 82 78 24 20 68 51 97 45 43 98 26 48 21 77 45 69 99 95 36 42 40 13 3 23 12 21 4 34 89 95 16 22 73 91 42 92 41 38 37 
35 35 62 35 55 91 79 76 89 25 63 82 17 75 84 39 87 57 94 20 97 89 87 19 13 29 12 4 70 1 40 56 87 54 90 93 44 68 20 32 93 82 65 9 57 1 99 95 57 45 66 53 
33 4 23 97 32 34 100 53 86 92 9 72 45 98 65 40 18 84 23 62 66 87 70 74 87 20 68 95 64 85 100 48 88 22 44 19 8 96 24 45 87 32 17 31 81 81 22 98 16 44 59 81 
30 80 6 69 52 73 63 67 9 14 15 96 88 10 67 47 5 90 91 91 73 7 73 53 39 94 51 55 37 61 87 19 41 93 87 92 17 1 10 26 15 24 73 2 34 91 48 90 32 38 81 4 
97 5 9 35 51 11 41 87 71 28 57 63 72 95 54 88 96 64 65 10 39 90 63 24 80 62 14 64 99 46 67 47 2 27 82 52 37 22 91 60 1 47 22 72 42 76 12 89 91 28 50 81 
17 12 57 49 73 70 12 23 67 30 70 68 9 51 72 45 24 62 4 77 60 26 48 53 53 11 41 95 91 42 27 7 53 83 7 77 52 70 100 70 52 69 90 60 71 61 56 46 74 12 22 85 
89 22 90 41 32 82 87 22 24 13 81 76 96 39 5 99 9 4 69 12 24 10 23 94 22 78 39 95 41 13 31 29 34 72 21 65 54 7 39 77 72 19 4 19 9 8 17 17 63 37 80 86 
46 2 31 67 32 22 13 72 34 96 1 67 67 73 83 20 32 21 48 3 91 4 21 100 63 89 68 26 26 48 63 23 1 94 42 32 15 54 56 48 1 8 14 68 80 96 39 11 69 39 13 59 
94 85 58 56 74 78 81 99 25 96 73 25 89 14 9 3 20 64 50 20 71 15 39 50 62 30 13 30 68 77 89 61 62 98 68 87 75 1 37 51 96 9 28 84 23 88 86 42 51 87 13 73 
53 52 74 14 81 38 44 100 15 84 12 28 33 79 14 60 79 2 62 26 10 89 9 84 28 46 25 30 84 90 2 36 41 28 2 73 65 97 72 79 80 35 58 64 65 71 23 96 72 85 21 34 
25 82 17 5 27 94 34 63 83 88 50 75 15 51 47 31 47 70 10 78 4 67 42 68 90 64 63 13 100 36 46 77 17 15 81 43 8 66 57 90 53 7 16 67 57 62 98 4 31 59 81 86 
77 74 5 18 90 68 31 89 3 28 17 19 42 49 13 49 15 70 90 67 28 5 86 84 18 83 39 48 93 72 85 21 45 90 39 86 9 69 27 63 48 43 33 90 92 45 38 58 66 80 24 93 
36 9 29 54 43 19 1 87 42 86 8 39 27 46 24 35 66 50 97 13 45 29 54 36 25 92 93 43 23 68 87 58 29 15 11 71 86 64 10 27 1 17 17 27 14 41 61 31 42 9 95 86 
37 49 21 13 92 65 55 14 85 42 23 13 8 34 35 93 49 96 72 49 12 88 27 77 80 39 59 22 47 6 7 35 6 80 47 97 96 2 62 80 95 36 44 2 21 31 47 69 26 18 69 90 
57 95 66 37 33 77 58 31 34 16 65 39 47 64 35 43 17 48 74 11 83 18 64 56 48 10 24 73 27 93 62 36 39 80 72 72 8 81 2 41 48 19 79 95 82 65 37 50 64 62 60 98 
0 0 0 1 0 0 0 0 0 1 1 0 0 0 1 1 0 1 1 0 1 1 0 0 1 0 1 0 1 0 0 0 0 0 1 0 0 1 1 0 1 0 1 1 1 0 1 1 1 0 1 0 
0 1 0 1 1 1 0 1 1 0 1 0 0 0 0 1 0 1 1 1 0 0 0 1 1 1 0 0 0 0 1 0 1 1 1 1 1 1 0 0 1 1 0 0 1 1 1 1 0 0 0 0 
1 1 1 0 0 0 0 0 0 1 0 1 1 0 0 0 1 0 0 1 1 1 1 1 0 0 0 0 0 1 1 1 0 0 1 0 0 0 1 0 1 1 0 0 1 0 0 1 1 1 0 0 
0 1 1 0 1 0 0 1 1 1 1 1 0 0 1 0 0 0 1 0 0 1 0 1 1 1 0 0 0 0 1 0 1 0 0 0 0 0 0 1 0 1 0 0 1 0 0 0 0 1 0 0 
0 0 0 0 1 0 0 1 1 1 1 0 0 1 1 0 0 1 0 0 0 0 0 1 0 0 1 1 0 1 1 0 0 1 0 1 0 1 1 1 0 0 1 0 0 0 1 0 1 1 0 1 
1 0 1 0 0 0 1 0 0 0 1 0 0 1 1 0 0 0 1 1 1 0 1 1 1 0 1 0 1 1 0 1 1 1 1 1 1 0 0 1 0 1 1 0 0 1 0 1 1 1 0 0 
0 1 1 1 0 0 1 1 1 1 0 0 0 1 0 0 1 0 1 0 1 1 0 1 0 1 0 1 0 0 0 0 0 1 1 0 0 1 1 1 0 0 0 1 1 0 1 1 0 0 1 1 
1 1 0 1 0 1 1 1 1 1 1 1 0 1 1 0 0 1 0 0 1 0 1 0 0 0 1 0 1 0 1 0 0 1 0 0 0 1 1 0 0 1 1 0 0 1 1 0 0 1 0 1 
1 0 1 1 0 1 1 1 1 0 0 1 1 0 0 0 1 1 0 1 0 1 1 0 0 0 0 0 1 1 1 0 1 1 1 1 0 0 1 1 0 1 1 0 1 1 0 0 0 0 1 1 
1 0 1 0 1 0 0 0 1 0 1 0 1 0 1 1 1 0 0 1 1 1 1 0 0 1 0 1 1 1 0 1 0 1 1 1 1 1 1 0 1 0 0 0 1 0 1 0 0 0 1 0 
1 1 0 0 0 1 1 0 0 1 1 0 0 0 1 0 1 1 0 1 1 1 1 0 1 1 0 1 1 0 1 0 1 0 0 1 1 1 1 1 0 0 0 1 0 1 1 0 0 1 1 0 
0 0 0 1 1 1 1 0 1 0 1 0 0 1 1 1 1 1 1 1 1 1 0 0 0 1 0 1 1 1 1 1 1 1 1 1 0 0 1 1 0 0 1 1 0 1 0 1 0 1 0 1 
0 1 1 1 0 1 0 1 0 1 1 0 0 0 1 1 0 0 0 0 1 0 1 1 1 0 0 1 1 0 0 0 1 0 1 0 1 1 1 0 0 0 0 0 0 1 1 0 1 0 1 0 
0 0 1 1 0 1 0 0 0 0 0 1 0 1 1 0 0 1 0 0 1 0 0 0 1 0 0 0 0 1 1 0 0 0 1 0 0 1 0 0 1 0 1 0 1 1 0 1 0 0 1 1 
0 0 1 1 0 0 1 0 1 0 0 1 1 1 0 1 0 0 1 1 1 0 1 0 1 1 0 1 1 1 1 1 1 0 0 1 0 0 1 0 0 1 1 1 0 1 0 0 0 1 0 1 
0 1 1 1 1 1 1 0 1 0 0 0 0 0 0 1 0 1 1 1 1 0 0 1 0 1 0 0 0 0 1 0 1 0 0 0 0 1 1 1 1 1 1 1 1 1 0 0 1 1 1 0 
0 1 1 0 0 1 0 1 1 1 1 1 1 1 1 1 0 0 0 1 1 0 1 1 1 1 1 0 1 0 0 1 1 0 1 0 1 1 1 1 0 0 0 1 0 1 1 0 0 1 0 1 
1 1 0 1 0 1 1 1 1 0 0 1 0 1 1 1 0 0 0 0 0 0 0 0 0 1 1 0 0 1 1 0 0 0 1 0 1 0 0 1 0 0 0 0 0 1 0 0 1 0 1 1 
1 1 0 1 0 1 1 0 0 0 0 0 0 1 0 0 0 0 1 0 1 1 1 1 0 1 1 1 1 0 0 0 1 0 1 1 1 0 0 1 1 0 1 1 0 0 1 0 0 0 0 1 
1 1 0 1 0 0 0 0 0 1 0 0 1 0 1 1 0 1 0 1 0 0 1 0 0 0 0 0 1 0 0 0 0 0 0 0 0 0 0 1 1 1 1 1 1 0 0 1 0 0 1 0 
0 0 0 0 0 0 1 1 0 1 0 0 1 0 1 0 0 1 1 0 0 0 1 1 0 1 1 0 1 0 0 0 0 0 0 0 0 1 0 1 0 0 1 0 0 0 0 0 0 1 0 0 
1 1 0 1 0 1 0 0 1 0 0 1 1 0 1 1 0 1 0 0 1 0 0 1 0 0 0 0 1 0 1 0 0 1 0 0 0 0 0 1 0 0 0 1 1 1 1 1 1 1 1 0 
1 0 0 0 0 0 0 0 0 1 0 0 0 0 1 0 0 1 1 1 0 1 0 1 1 1 0 0 1 1 0 0 1 0 0 0 0 1 0 1 0 0 1 1 1 0 1 1 0 1 0 0 
0 1 1 1 0 1 1 1 0 0 0 0 0 0 0 1 1 0 0 0 0 1 1 1 0 0 1 0 1 1 0 0 0 1 1 1 0 1 0 0 1 0 0 1 1 0 0 0 0 0 0 1 
0 1 0 0 0 1 0 1 1 0 1 1 1 1 0 1 0 1 1 1 1 0 0 0 0 1 1 1 1 1 0 1 1 0 1 1 0 1 0 1 1 0 0 0 1 1 1 1 0 1 0 1 
1 0 0 1 1 1 0 1 0 0 0 1 1 0 0 1 1 1 0 1 1 0 1 0 1 1 1 1 0 1 1 1 1 1 0 1 0 1 0 0 1 0 0 0 0 0 1 0 1 1 1 0 
0 0 0 1 1 1 1 1 0 0 0 0 1 1 1 1 0 1 1 1 1 1 0 0 0 1 0 1 1 1 0 1 1 0 0 1 0 1 0 0 1 1 0 0 0 1 1 0 0 1 1 0 
0 1 0 0 1 0 0 0 1 0 1 0 0 1 1 0 1 0 1 0 1 1 1 1 1 0 1 1 1 0 1 0 0 1 0 1 1 0 1 0 0 0 1 1 1 0 1 0 0 0 1 1 
0 0 0 1 0 1 0 0 0 0 0 0 1 0 1 1 1 0 1 1 0 0 0 1 1 0 0 1 0 1 1 0 1 1 1 1 1 0 1 1 0 1 1 1 0 0 0 1 0 0 0 0 
0 1 1 1 1 1 1 1 0 0 0 1 1 1 1 0 1 0 1 1 0 0 1 0 0 1 1 0 1 1 0 0 0 0 1 1 1 0 1 0 0 1 1 0 0 0 0 0 1 0 1 1 
0 0 1 1 0 0 1 1 1 0 1 0 0 1 1 1 1 0 1 0 1 1 0 0 1 0 0 0 0 1 1 1 0 0 0 0 0 1 1 0 1 1 0 1 0 1 1 1 0 0 1 1 
1 1 1 1 0 1 1 0 1 1 1 1 1 1 1 0 1 0 0 0 1 0 0 1 1 1 1 1 1 0 1 1 0 0 0 0 0 1 0 1 0 0 0 0 1 1 0 0 1 0 1 1 
0 1 0 1 0 1 1 1 0 0 0 0 0 0 0 0 0 0 1 0 0 1 0 0 0 0 0 0 0 1 1 0 0 1 0 0 1 1 0 1 1 0 1 1 1 1 0 1 1 1 1 0 
1 0 0 1 0 0 1 1 0 0 1 0 0 1 1 1 0 1 0 1 1 1 1 0 0 1 1 1 0 1 1 1 1 1 1 1 0 0 0 0 1 0 0 1 1 1 0 0 0 0 1 0 
1 0 0 1 1 0 0 0 1 0 1 0 1 0 1 1 1 0 1 0 0 0 1 1 1 1 1 0 1 1 0 0 1 0 1 1 0 1 1 1 1 0 1 1 1 1 0 0 1 0 0 1 
0 1 0 1 0 0 1 1 1 1 1 0 0 0 1 0 1 0 0 1 1 1 0 0 0 0 0 1 0 0 0 0 1 1 0 1 1 1 0 0 1 1 0 1 1 0 1 0 0 1 1 1 
1 1 1 1 0 1 1 0 1 1 1 0 0 1 1 1 0 1 1 1 0 0 0 1 0 0 0 0 1 1 0 0 1 1 0 1 1 1 1 0 0 0 1 1 1 0 0 0 0 0 1 0 
0 0 0 0 0 0 0 1 1 0 0 0 0 0 1 1 1 1 1 1 1 0 0 1 1 1 1 1 1 0 1 1 0 1 1 0 1 1 0 1 0 0 1 0 0 1 1 1 0 0 0 1 
1 1 0 0 0 1 1 1 0 0 0 0 0 1 1 1 0 1 0 0 1 0 0 1 1 1 0 1 0 0 0 1 1 1 1 1 0 0 0 0 0 0 1 0 1 0 0 0 1 0 0 0 
0 1 1 1 0 1 0 0 1 1 1 1 0 0 0 0 0 1 1 1 1 0 1 1 0 1 1 1 0 1 1 0 0 0 0 1 1 0 1 0 1 1 1 1 1 0 0 0 1 1 1 0 
1 0 1 1 0 0 0 0 0 1 0 0 1 0 1 0 1 1 0 0 0 0 0 1 0 0 1 1 1 0 1 0 1 1 1 1 1 1 1 1 0 1 0 1 0 1 1 1 0 1 1 0 
1 1 0 1 1 1 0 0 0 0 0 1 1 1 0 0 0 1 0 0 0 0 1 0 1 0 1 0 0 1 0 1 0 0 1 0 0 1 0 0 1 1 1 0 0 1 1 1 0 1 1 0 
1 1 1 0 1 0 0 1 1 1 1 0 1 0 0 1 1 0 1 1 1 0 1 0 1 0 1 1 1 0 0 0 1 1 1 1 1 1 0 1 0 1 1 0 1 1 1 1 1 1 0 1 
1 1 1 1 0 0 0 1 0 0 0 0 1 1 1 1 0 1 0 1 1 1 1 0 0 0 1 1 1 1 0 1 1 1 0 1 1 0 0 0 1 0 0 0 1 1 1 0 0 1 1 1 
0 0 0 0 0 1 0 0 1 0 1 0 0 1 1 1 1 1 1 0 0 1 1 1 0 0 1 1 0 0 0 0 0 0 1 1 0 1 1 1 1 0 1 1 1 0 1 0 1 0 1 1 
0 0 1 0 0 0 1 0 1 0 1 1 0 0 0 0 1 1 1 0 1 0 0 0 0 1 1 0 1 0 1 1 0 0 0 0 1 1 1 0 1 0 1 0 0 0 0 1 1 0 1 1 
