45 40 719
57 45 74 27 51 40 77 10 55 24 88 56 72 43 14 73 98 30 41 96 90 85 96 59 32 48 31 100 69 77 19 78 73 44 56 24 35 32 85 90 
55 24 45 78 66 10 50 15 40 90 11 81 27 58 39 10 5 21 9 26 97 79 3 70 75 58 45 9 89 29 98 43 52 43 72 69 4 21 83 95 
63 45 75 41 2 13 50 7 33 10 32 30 89 34 51 63 43 95 71 31 75 21 25 78 15 96 46 18 68 80 13 30 25 87 70 78 52 19 84 84 
81 67 65 69 52 15 83 94 61 5 24 35 25 48 64 39 95 61 9 63 41 73 92 17 11 14 94 62 84 30 98 64 48 62 32 100 29 66 93 41 
71 69 28 95 68 91 86 63 52 94 25 44 66 68 60 76 81 5 90 65 86 87 28 34 100 12 33 28 77 77 69 47 45 96 94 13 38 79 27 89 
24 51 32 89 18 43 16 99 48 5 15 85 43 94 18 43 5 2 22 34 79 90 32 75 37 25 39 75 55 65 15 78 67 99 18 37 41 34 87 40 
90 1 77 33 94 94 27 51 48 48 84 78 90 15 52 26 92 43 52 46 59 19 76 26 17 93 14 9 78 100 1 20 100 77 4 45 22 30 95 69 
77 30 46 66 45 50 44 88 92 47 85 2 65 12 79 33 5 92 42 34 91 94 53 42 70 8 87 43 37 81 12 66 11 57 83 7 6 26 46 49 
25 30 51 89 42 29 74 98 73 15 83 63 60 88 5 81 95 43 23 84 23 34 1 85 43 83 43 48 61 88 49 85 70 51 25 63 79 98 12 51 
64 94 66 23 33 22 3 80 64 26 63 86 59 63 23 1 45 65 1 57 5 1 41 26 51 66 88 81 63 51 84 27 96 49 1 29 22 4 8 85 
29 22 22 39 84 44 92 80 61 44 89 17 44 29 42 94 46 81 26 61 31 9 39 78 9 39 6 30 94 65 66 74 86 88 65 21 83 56 53 43 
99 41 11 94 21 52 39 19 84 64 79 66 25 69 44 85 59 1 67 53 66 32 78 3 19 42 76 2 97 80 96 47 72 7 92 92 58 30 62 94 
46 92 59 22 60 2 58 19 3 24 23 20 56 100 22 74 42 49 27 90 28 23 89 99 29 80 91 38 62 4 83 59 96 42 80 55 95 37 25 97 
13 47 16 68 47 90 93 88 38 20 29 66 94 17 64 74 97 6 63 10 10 46 68 57 87 99 11 81 87 36 30 99 34 97 66 80 86 11 19 76 
82 48 93 75 64 8 48 12 14 62 21 75 7 88 83 45 86 93 78 25 80 7 23 14 3 41 93 41 51 64 68 32 11 60 58 26 67 57 38 32 
18 58 58 25 98 40 21 35 85 98 59 64 56 82 29 11 74 22 3 24 37 70 7 47 29 64 72 47 20 61 31 37 71 88 13 68 80 86 2 64 
35 13 79 91 46 8 1 19 81 3 42 17 24 100 63 4 63 86 50 34 99 80 22 69 20 87 36 99 72 89 62 6 1 40 96 98 99 48 16 79 
2 9 95 25 8 9 28 70 47 30 3 45 61 77 13 80 63 100 30 34 40 43 39 93 35 87 90 33 86 6 12 88 14 6 64 74 67 44 95 13 
73 50 9 33 26 73 65 88 72 94 21 11 37 11 3 71 49 93 55 35 50 66 74 15 24 37 40 90 80 35 54 52 84 62 37 9 34 53 48 57 
98 20 19 34 30 74 56 31 18 11 65 67 28 38 33 51 26 73 92 6 7 45 9 42 58 97 2 43 49 49 51 47 20 70 32 49 43 40 79 60 
2 95 78 29 84 62 32 10 34 23 15 92 20 75 85 29 72 86 24 72 86 74 18 5 43 2 6 37 41 36 48 94 31 77 22 14 39 53 23 24 
28 89 68 47 64 52 27 87 90 50 58 75 24 28 32 18 29 89 7 21 24 54 14 54 83 35 20 73 40 94 96 67 83 63 65 98 67 91 84 56 
41 41 82 16 68 65 33 48 53 91 20 77 97 33 82 79 20 53 51 11 47 98 77 81 13 93 78 79 35 13 86 27 5 67 42 25 84 27 72 36 
17 92 64 13 76 98 91 95 50 93 57 48 43 33 28 55 77 57 85 12 21 70 38 26 88 32 50 71 58 73 59 26 16 22 39 92 71 81 38 21 
26 95 68 68 79 48 74 56 56 58 19 77 79 8 54 66 39 3 89 48 27 47 74 43 20 12 86 91 44 23 63 69 69 82 88 48 29 61 55 37 
18 25 13 96 32 66 14 71 20 2 70 46 100 43 40 71 6 25 13 2 48 75 70 68 9 58 15 37 70 21 73 88 45 37 35 77 2 48 99 73 
1 68 19 52 63 58 75 68 35 87 21 82 14 91 1 22 100 16 10 69 88 83 8 33 71 43 9 73 42 59 45 43 78 15 46 40 25 20 60 59 
7 80 92 20 22 92 93 73 59 2 94 47 36 1 79 7 43 39 79 37 97 75 79 74 42 24 66 18 44 25 76 2 56 67 73 78 10 65 2 69 
66 95 15 2 96 45 8 90 83 38 26 31 64 56 56 57 80 21 74 75 97 49 28 5 67 100 34 29 64 35 97 81 30 63 34 25 7 41 66 41 
30 92 71 46 47 78 2 78 51 76 4 47 76 31 51 95 30 84 23 45 71 71 26 100 33 59 76 91 52 41 83 33 84 5 78 83 82 80 60 32 
7 64 31 82 46 33 28 76 69 2 20 39 72 97 38 56 8 65 98 59 5 80 91 41 84 69 23 18 100 34 49 6 49 79 39 95 64 19 70 32 
20 41 70 44 90 59 99 97 23 97 7 79 28 49 19 12 17 93 29 68 27 29 25 75 60 64 69 23 34 90 54 53 83 23 96 72 33 47 20 55 
95 26 85 22 74 56 85 43 48 65 10 26 94 35 1 5 50 21 27 83 63 80 87 45 54 83 16 38 81 87 92 75 12 28 96 85 83 33 79 83 
97 89 8 42 75 8 46 76 81 72 10 43 3 96 87 56 30 54 93 10 40 36 84 3 16 32 87 98 64 66 80 12 6 88 54 32 47 99 7 27 
71 16 69 25 63 7 33 45 12 25 54 51 13 90 53 28 73 92 77 88 9 9 99 66 96 52 97 94 51 55 73 73 22 93 97 84 100 29 28 11 
6 34 14 70 75 18 49 99 9 77 86 69 85 84 34 32 88 82 26 90 36 98 14 57 42 62 93 93 91 72 56 48 57 69 69 83 86 69 81 47 
45 66 15 30 2 1 61 41 82 38 30 18 87 43 26 29 4 70 21 46 42 76 45 50 96 65 33 34 33 65 80 78 31 46 7 84 46 19 24 80 
57 5 49 43 47 74 23 2 96 44 100 89 71 96 38 67 61 22 100 93 87 31 22 69 76 80 52 74 99 27 53 7 31 1 1 77 26 24 30 73 
67 29 61 37 77 99 55 37 72 54 81 58 36 3 26 12 82 29 37 32 55 41 38 85 93 39 13 18 62 43 91 80 23 3 68 99 1 23 87 25 
28 68 82 64 70 60 27 51 88 63 35 43 3 72 79 95 62 92 64 23 86 6 54 60 9 22 11 61 96 97 37 23 64 19 38 33 78 64 36 17 
78 70 11 32 93 90 78 55 33 94 29 18 51 83 29 11 4 39 24 99 36 60 73 99 78 63 84 7 78 71 76 8 92 86 39 84 27 69 90 59 
62 19 28 64 1 57 75 56 95 98 6 82 57 30 81 87 92 16 45 70 86 20 77 77 58 67 12 84 35 2 43 48 20 22 12 72 78 86 27 25 
35 84 6 91 13 38 29 5 53 74 26 90 93 54 18 2 20 30 86 7 83 80 54 54 1 17 25 31 2 3 55 36 86 12 79 50 50 7 6 54 
32 31 44 77 84 13 78 56 94 63 62 76 94 67 81 47 84 57 77 37 59 83 25 96 94 55 98 95 13 3 49 45 34 44 21 69 56 98 76 2 
13 37 29 58 56 10 4 91 66 80 27 77 14 3 24 8 57 21 54 70 24 2 14 57 45 86 77 53 83 53 6 47 41 34 5 96 95 8 86 61 
1 0 0 0 0 1 1 1 0 1 0 1 0 1 1 1 0 1 1 0 1 0 1 0 1 1 1 0 0 1 0 1 1 0 0 1 1 1 0 1 
0 0 0 1 1 1 0 1 1 1 0 0 1 1 0 0 0 0 0 0 1 0 0 0 0 0 1 0 1 0 1 0 0 0 1 0 1 1 1 0 
0 1 1 1 0 1 1 0 1 0 1 0 0 1 0 1 1 0 1 0 0 0 0 0 0 1 0 0 0 0 0 0 1 1 1 0 1 1 0 0 
1 1 1 1 0 1 0 1 1 1 0 1 0 0 0 0 0 0 0 0 0 1 1 0 0 0 0 1 1 0 0 0 0 1 0 0 0 0 0 0 
0 0 1 0 0 1 0 0 0 1 1 0 0 0 0 0 0 0 0 0 1 0 0 1 1 0 1 1 1 1 1 1 1 1 1 0 0 1 0 0 
0 1 1 0 1 1 1 0 0 1 0 1 1 0 0 0 1 1 1 0 1 1 1 0 0 0 0 0 1 1 1 0 0 0 0 0 1 1 0 1 
0 0 0 1 0 0 1 1 0 1 1 1 0 0 1 0 0 0 0 0 1 1 0 1 1 0 1 1 0 1 0 0 1 1 0 0 1 1 1 1 
0 1 0 0 1 0 0 0 0 1 0 1 0 0 0 0 0 0 1 0 1 1 1 1 0 1 1 0 0 0 1 1 1 0 1 1 0 0 1 0 
1 1 1 1 1 1 1 1 1 0 0 1 0 1 0 0 0 1 0 0 1 0 1 1 0 1 0 0 1 1 0 0 0 1 1 1 0 1 0 0 
1 0 1 1 1 1 0 1 0 0 0 1 0 1 0 0 0 0 0 1 1 0 1 1 1 1 0 0 0 1 0 1 1 1 1 1 0 1 0 0 
1 0 1 0 0 0 0 0 0 1 0 0 1 1 1 1 0 0 1 0 1 1 0 0 0 1 1 0 0 0 0 1 0 1 1 0 1 0 1 0 
1 1 0 0 0 1 1 1 1 0 1 0 1 1 1 1 0 0 1 0 0 1 0 1 1 1 1 0 1 0 0 0 1 0 1 0 0 0 1 1 
1 0 0 0 0 1 0 0 1 1 1 0 1 1 1 0 0 0 0 0 1 1 0 0 1 1 0 1 0 1 1 1 0 1 1 0 0 1 0 1 
1 1 1 0 0 0 0 1 1 0 1 0 1 1 0 1 1 1 0 1 0 1 0 0 0 1 0 0 1 1 0 0 0 1 0 1 0 0 0 1 
0 1 1 0 0 1 1 1 0 1 0 1 1 0 1 1 0 0 0 1 1 0 1 1 1 1 0 1 1 0 0 1 1 1 1 0 1 0 1 1 
0 0 0 1 0 0 0 0 0 0 1 1 0 0 0 0 1 1 1 0 1 0 0 1 1 1 1 0 0 0 0 0 0 0 1 1 0 1 1 0 
0 1 1 0 1 0 0 1 1 0 1 0 0 1 1 1 1 0 0 1 1 0 1 1 0 0 0 1 1 0 1 1 1 1 0 0 1 0 1 0 
0 1 0 0 0 0 0 1 0 0 0 1 0 1 1 0 1 1 1 1 1 1 0 0 0 0 1 1 1 0 1 1 1 1 0 0 1 0 1 0 
0 0 1 0 1 0 0 1 0 0 0 1 1 0 0 1 1 1 0 0 1 1 1 1 0 1 1 0 1 0 0 1 0 1 1 0 0 0 1 0 
0 1 1 1 1 1 0 0 0 0 0 0 1 0 1 1 1 0 1 1 0 1 0 1 1 0 1 1 0 0 1 0 1 0 1 0 0 1 1 0 
1 1 0 0 1 1 1 1 1 1 0 0 0 0 1 1 0 0 0 0 0 1 0 1 0 1 1 0 0 0 0 1 0 1 1 1 0 1 0 0 
0 0 0 0 1 1 0 1 1 0 0 1 0 0 0 0 0 1 0 0 0 0 0 0 1 1 1 0 0 0 0 0 0 0 1 1 1 1 1 0 
1 1 1 1 1 1 1 1 0 1 0 0 0 0 0 1 1 0 1 0 0 1 0 0 1 1 0 0 0 1 0 0 0 1 1 1 0 1 1 1 
0 1 1 0 1 0 0 0 0 1 0 0 1 1 0 0 0 0 1 1 1 1 1 1 1 0 1 1 1 0 0 0 1 0 0 0 0 0 0 0 
0 1 0 1 0 0 1 0 1 0 1 0 0 0 0 1 1 1 0 0 1 1 0 0 1 1 0 1 1 0 1 1 1 1 0 1 1 0 0 0 
0 1 1 0 0 1 1 1 0 0 1 1 1 0 1 0 1 1 1 0 1 0 0 1 1 0 0 0 0 0 1 1 0 0 1 0 1 1 1 1 
1 0 0 0 0 1 0 1 0 1 0 1 1 0 0 0 0 1 0 1 1 1 0 1 1 1 1 0 0 0 1 1 1 1 1 1 0 1 1 0 
0 1 0 1 1 0 1 1 1 0 0 1 1 0 0 1 0 0 1 0 0 1 0 1 0 1 1 1 1 0 1 1 1 1 1 0 0 0 1 1 
0 0 0 0 0 1 1 0 1 0 1 1 1 1 1 0 0 0 1 1 0 0 1 1 0 0 1 0 0 0 1 1 0 0 1 1 1 0 1 0 
0 0 1 0 1 0 0 0 0 1 1 0 1 0 1 1 0 0 1 1 1 1 0 1 1 1 0 0 1 0 0 1 0 1 1 0 0 1 0 0 
0 1 1 0 0 0 1 0 1 1 1 0 0 1 1 1 0 0 1 1 0 1 1 0 0 0 0 0 0 0 1 0 0 0 0 0 0 0 0 1 
1 0 1 1 1 1 0 0 1 1 1 1 0 0 1 0 1 0 1 1 0 0 1 0 0 0 0 0 0 1 0 1 1 1 0 0 0 0 0 1 
1 0 0 1 0 0 1 1 0 0 0 0 0 0 1 0 0 1 1 0 0 1 1 1 0 1 0 1 1 0 0 0 0 1 1 1 1 0 0 1 
1 1 1 1 1 0 0 1 0 1 1 0 0 0 0 0 1 0 1 0 0 0 0 1 1 1 0 0 1 0 1 0 1 0 0 0 1 0 1 1 
1 0 1 1 0 1 1 1 1 1 1 0 1 1 1 0 0 1 0 0 1 1 0 1 1 0 1 0 0 1 1 1 1 1 0 0 0 0 1 0 
1 1 0 0 0 1 0 1 0 0 1 1 1 1 0 0 0 0 1 0 1 0 0 0 1 0 0 0 0 0 0 1 1 0 1 1 1 1 0 1 
1 1 0 0 1 1 1 1 1 0 1 0 0 1 0 0 0 1 0 0 1 0 0 0 0 1 1 1 1 0 0 0 1 0 1 0 1 0 1 0 
0 1 0 0 0 1 0 0 0 0 1 1 0 1 1 0 0 0 1 1 0 1 0 0 0 1 0 1 1 0 0 1 1 0 1 1 1 0 0 1 
0 1 0 1 0 1 1 0 0 1 0 0 0 0 0 0 1 1 0 0 1 0 1 0 0 0 1 0 0 1 1 1 0 0 0 0 1 1 1 1 
0 1 0 1 1 0 1 0 1 1 0 0 1 1 0 0 1 0 0 0 1 1 1 0 1 1 0 1 0 1 0 1 0 0 0 1 1 1 1 0 
1 1 1 0 0 1 0 0 1 0 0 1 0 1 1 1 0 1 0 0 1 1 1 1 1 1 1 0 1 0 1 0 0 0 0 0 1 1 0 1 
1 0 0 1 1 1 1 1 0 1 0 1 0 1 1 0 1 0 0 0 0 1 0 0 1 0 1 1 1 1 0 1 0 0 0 1 1 1 1 1 
1 1 1 1 0 0 1 1 0 0 1 0 1 1 1 1 0 0 0 1 1 0 0 1 0 1 1 1 0 0 0 1 1 1 1 1 1 0 1 1 
0 0 0 0 0 1 1 0 1 1 1 0 1 0 0 1 1 1 0 1 1 0 1 0 0 0 1 1 0 0 1 1 1 1 1 1 0 0 1 1 
1 0 1 0 0 1 1 1 0 1 1 1 1 0 1 1 0 1 1 0 1 0 1 0 1 0 1 1 0 0 0 1 1 1 1 1 1 0 1 1 
