68 70 741
80 100 4 36 63 50 97 45 73 54 17 34 51 83 17 50 15 4 25 53 23 62 67 19 28 1 84 87 100 90 20 31 41 23 66 56 24 62 52 97 67 68 82 18 50 99 67 64 54 44 17 76 57 35 94 84 35 29 23 86 70 94 16 63 68 81 18 91 94 69 
39 12 88 21 29 38 71 48 1 24 43 69 51 99 3 96 35 89 24 9 26 45 2 93 7 21 25 76 11 70 96 50 82 84 22 62 21 44 9 73 19 3 42 69 2 96 64 88 37 39 96 14 83 97 7 42 17 83 69 79 53 65 80 86 48 53 47 20 96 8 
92 66 10 85 34 63 81 49 50 69 87 45 82 22 93 40 15 61 75 83 40 79 47 19 64 46 24 62 65 19 69 57 85 31 41 70 93 73 71 43 41 9 87 75 30 32 66 96 92 40 79 31 70 77 2 33 23 25 95 87 95 15 43 79 45 84 1 38 8 71 
80 49 79 18 75 61 49 92 56 41 84 86 23 53 63 24 38 85 48 84 71 43 98 66 73 43 1 73 32 8 95 63 8 26 32 82 86 81 26 93 73 9 79 95 61 41 71 50 77 18 33 47 12 31 12 85 25 64 9 56 72 56 18 79 81 1 13 18 81 38 
10 5 46 88 52 58 80 22 8 8 91 40 55 3 22 18 39 46 82 47 53 5 2 22 83 34 23 95 51 55 84 61 60 81 100 63 39 32 84 98 39 26 89 45 28 11 15 66 8 48 65 13 52 18 34 86 4 56 33 54 63 16 66 22 97 18 84 87 49 19 
36 39 44 24 36 24 86 50 41 94 49 5 58 100 75 91 37 78 99 69 31 61 85 97 34 33 66 69 71 14 87 6 4 82 29 39 5 15 40 46 60 88 2 17 39 76 59 76 53 57 44 36 17 80 84 2 64 49 70 34 14 56 39 17 90 20 8 94 86 47 
91 45 35 93 13 73 20 71 48 25 80 44 60 48 75 95 50 91 95 19 24 8 27 15 76 16 34 83 61 19 30 52 15 64 96 27 88 15 49 88 39 28 83 50 28 57 44 77 47 90 95 23 97 73 37 25 88 70 7 49 40 88 52 54 3 47 32 91 61 80 
30 52 60 12 1 87 20 97 63 19 86 9 41 35 82 29 59 21 50 65 21 89 5 72 42 7 18 73 97 31 4 26 34 63 89 34 49 9 82 63 27 20 24 19 54 5 47 12 25 96 28 46 84 32 69 77 39 39 1 87 21 4 65 54 19 53 39 19 61 21 
82 87 40 5 5 45 61 3 56 37 98 35 34 33 19 3 61 9 93 61 95 13 17 59 66 35 12 56 53 24 76 86 63 67 42 19 11 2 22 18 91 19 5 76 4 75 30 64 83 22 25 29 34 41 88 51 75 51 7 79 26 34 65 88 53 6 7 15 60 28 
85 2 98 89 77 1 63 7 65 97 28 41 25 14 81 64 64 7 66 22 85 92 8 1 79 60 59 85 74 70 64 58 71 62 98 47 14 12 5 78 8 33 70 33 98 50 48 13 8 14 35 45 5 42 45 35 53 55 72 78 24 35 88 94 48 85 93 62 49 97 
91 8 29 61 40 78 62 40 91 70 53 25 66 57 18 10 43 22 17 14 99 40 1 86 34 48 23 78 61 23 74 4 30 55 64 22 32 77 61 22 98 13 98 63 21 15 25 63 88 41 29 87 80 29 24 65 28 98 42 89 20 68 44 2 22 59 23 53 35 83 
27 33 47 24 47 19 91 71 33 78 11 61 16 43 41 40 59 69 89 1 9 61 20 52 62 41 62 84 45 96 18 71 80 16 95 27 34 37 97 18 14 60 31 30 2 71 21 60 91 9 12 99 69 31 2 82 23 63 17 68 11 34 90 90 1 36 68 86 72 65 
4 86 76 34 67 77 56 87 88 47 95 52 45 16 34 99 97 57 13 14 76 23 99 65 65 100 1 32 37 24 48 40 61 23 25 27 51 81 13 39 27 60 42 23 75 75 73 71 83 86 36 58 60 35 75 76 86 27 8 22 50 7 14 11 30 38 89 80 70 2 
70 48 13 11 23 87 38 95 9 20 32 45 78 44 31 4 19 16 30 78 37 79 85 50 41 66 40 30 45 9 83 67 57 95 77 79 33 14 25 93 86 9 89 63 52 19 66 22 86 47 100 23 77 36 24 18 1 63 99 97 24 33 63 32 79 92 10 11 57 86 
55 42 94 44 56 97 14 73 19 100 19 18 74 96 53 49 65 5 12 63 1 87 47 64 18 25 55 79 87 63 64 41 5 10 84 60 6 50 33 24 49 3 93 74 98 97 22 62 1 85 76 2 71 22 17 88 46 23 18 32 85 82 25 89 43 8 1 48 9 85 
72 9 87 64 82 85 13 4 98 13 88 74 66 59 95 82 98 93 4 16 76 41 49 100 81 91 60 81 38 68 65 61 77 52 77 10 36 89 13 33 53 53 58 19 63 5 100 60 97 56 27 24 48 27 76 28 17 35 9 7 54 73 19 82 76 47 92 63 35 56 
48 40 8 5 58 70 9 9 82 57 16 60 81 63 87 56 91 55 42 51 61 47 23 32 29 51 78 72 13 65 27 60 4 87 65 13 56 25 21 89 82 37 49 14 51 87 21 93 41 14 43 54 60 18 85 40 68 14 11 80 78 38 92 33 24 8 45 31 32 66 
72 65 54 72 30 56 58 2 49 50 15 91 3 27 8 39 66 27 53 29 7 30 18 50 63 93 57 59 23 40 76 46 57 81 17 38 37 26 92 85 76 58 27 30 84 35 69 2 61 21 30 19 2 47 20 16 39 28 75 13 20 50 59 76 31 27 65 19 5 56 
55 32 14 81 61 49 67 81 50 80 1 79 50 55 77 70 70 15 97 96 80 16 98 38 43 80 16 60 98 20 67 52 51 80 84 64 29 51 44 30 82 45 61 31 51 37 100 20 4 49 68 83 16 65 72 11 44 39 70 41 59 36 44 61 68 27 24 48 29 68 
77 10 64 89 93 66 78 92 85 81 92 52 15 8 16 38 18 11 28 39 51 38 26 46 99 93 25 74 92 53 93 69 15 8 9 7 73 86 50 58 18 94 61 84 1 29 21 70 39 1 60 42 38 85 87 36 30 63 62 21 68 54 41 34 62 50 40 34 87 41 
43 5 34 56 88 86 84 61 7 74 61 66 67 98 3 6 86 32 68 47 52 35 100 45 68 13 94 59 47 32 52 89 36 37 44 76 23 79 36 81 5 48 99 71 97 1 76 82 84 44 80 87 30 32 31 98 44 76 8 90 8 59 31 43 96 26 70 70 5 57 
2 61 4 100 31 53 100 59 86 83 54 66 70 83 97 52 32 40 28 40 82 87 50 12 81 45 37 51 66 93 7 68 53 63 67 36 15 19 94 52 53 47 17 74 81 65 26 13 57 5 52 38 91 53 1 71 98 89 73 15 82 80 82 86 94 1 73 8 19 18 
59 23 64 28 97 45 44 74 9 100 30 12 89 20 64 89 42 13 78 15 28 11 46 9 48 39 61 21 98 31 38 56 54 54 35 2 50 79 27 10 30 56 21 19 75 84 59 68 97 36 34 76 98 79 36 98 17 97 18 14 27 7 22 32 12 8 33 13 38 59 
22 68 14 42 38 40 78 96 60 26 84 93 1 81 72 36 78 88 84 47 54 11 6 75 42 69 82 27 82 20 37 3 39 3 97 76 42 26 71 53 51 6 46 3 87 69 90 16 8 74 15 61 36 72 87 29 40 69 55 73 40 92 76 30 46 24 5 87 49 27 
92 51 33 37 53 71 5 42 38 12 15 52 25 50 75 11 79 15 31 85 87 70 28 14 51 73 89 55 12 37 34 3 87 66 91 91 88 47 33 25 10 99 29 34 1 3 45 31 69 27 15 8 49 95 73 99 19 62 54 30 50 39 84 89 4 26 79 43 72 63 
67 82 62 95 67 62 50 63 44 18 90 10 77 38 4 50 36 23 11 41 4 12 79 88 100 34 65 79 76 37 41 95 70 54 41 88 67 90 51 10 60 92 20 36 81 23 85 16 97 47 9 1 59 39 40 58 73 4 88 100 92 81 94 61 34 35 1 1 24 51 
10 35 94 81 71 74 4 7 41 52 6 49 4 16 40 43 73 12 99 13 11 90 93 57 3 78 91 3 78 66 5 40 1 50 20 23 23 75 81 63 79 86 64 82 1 3 25 26 66 75 90 28 16 34 84 18 11 26 72 41 92 28 80 44 77 51 18 99 78 98 
14 56 36 29 37 36 83 13 13 48 39 2 27 55 35 11 72 98 36 96 38 79 23 69 22 100 19 39 50 48 89 15 3 24 43 92 11 25 56 24 24 95 77 51 49 64 13 72 61 100 67 50 79 42 18 52 41 88 43 42 36 83 57 90 6 51 33 16 28 89 
91 51 83 20 53 31 35 17 54 47 17 21 96 47 62 13 50 54 100 44 47 87 26 3 77 83 6 9 51 33 49 93 35 31 12 88 13 98 4 19 44 72 39 39 18 52 3 20 57 55 63 3 41 41 58 69 23 63 30 73 95 78 66 29 61 29 68 25 27 24 
43 70 95 33 61 65 84 15 84 92 69 98 95 62 38 52 30 13 14 11 85 60 41 2 40 53 31 8 77 9 31 72 30 25 4 90 41 40 57 76 31 25 74 77 86 63 28 68 75 93 78 12 4 18 65 44 70 95 51 99 3 33 70 85 9 25 26 50 16 82 
25 99 7 50 75 92 13 55 11 39 99 89 2 3 58 67 46 28 13 48 78 68 80 99 52 88 75 77 37 91 59 14 41 17 63 67 60 27 73 71 66 72 59 19 74 16 85 71 95 98 18 24 65 97 22 16 36 97 44 25 39 2 38 31 18 100 97 78 79 70 
48 44 93 58 62 66 25 99 88 72 96 5 95 12 53 17 27 88 65 22 64 3 24 1 85 93 53 81 22 31 2 21 26 94 78 39 11 55 37 98 26 84 54 20 95 6 88 73 46 52 95 61 6 70 62 90 62 66 23 36 48 76 56 25 22 86 63 32 40 52 
82 17 87 35 88 82 93 76 6 38 79 100 98 37 21 11 26 35 28 100 70 27 76 25 51 97 10 66 80 1 69 61 17 55 48 5 36 40 80 94 29 10 45 78 46 66 41 24 100 68 23 69 47 50 93 97 98 55 14 78 55 82 90 24 37 37 28 72 28 59 
17 56 68 62 34 66 27 74 89 78 93 11 46 39 13 90 88 10 96 1 39 51 83 81 74 19 69 53 42 97 63 11 52 30 72 37 47 98 62 35 75 55 98 72 45 10 61 84 71 57 85 62 59 19 42 84 89 62 88 82 58 50 92 62 31 63 98 78 12 12 
12 38 66 61 9 62 70 22 46 93 30 82 6 40 100 99 75 40 60 62 21 18 63 65 31 93 27 28 22 91 39 34 28 56 46 89 70 16 10 67 60 91 48 65 82 99 63 56 38 74 69 10 91 31 74 73 23 53 53 97 43 91 82 70 99 27 10 20 42 19 
86 53 61 85 69 42 83 31 97 72 5 17 33 47 47 7 72 22 11 24 18 53 14 99 74 64 25 84 83 19 54 20 71 67 4 40 8 86 22 57 9 78 73 42 77 72 100 48 93 10 71 10 14 36 8 39 100 84 22 34 2 28 54 25 94 9 16 53 95 89 
61 55 67 34 48 43 5 47 42 97 8 12 58 73 99 17 12 98 52 85 84 54 12 89 30 57 97 97 10 43 85 70 50 51 55 97 45 11 44 38 59 3 49 16 76 48 84 87 97 36 71 32 41 35 72 70 91 69 66 52 63 2 22 12 53 28 9 49 39 4 
87 97 6 87 65 33 86 48 19 35 83 42 66 75 76 38 44 18 58 61 70 72 63 43 36 67 22 96 67 60 99 5 9 56 92 73 89 77 20 59 11 55 52 29 29 79 18 25 97 27 37 18 98 51 12 33 17 33 28 36 93 78 40 1 86 31 73 26 60 44 
36 22 50 88 50 31 66 19 55 14 45 91 31 43 94 42 27 10 75 7 97 19 36 37 19 21 19 43 98 78 38 34 52 88 21 53 18 38 72 24 52 16 66 34 10 59 76 89 21 2 47 17 20 82 53 90 55 24 84 52 1 21 37 52 60 9 5 29 47 28 
52 50 95 18 83 57 28 10 45 48 11 43 65 82 24 69 71 30 92 6 34 45 27 70 48 38 79 4 67 77 31 70 26 78 39 60 34 67 70 30 14 80 72 30 62 47 51 84 77 94 90 62 90 68 31 38 5 61 93 23 37 76 93 14 53 31 26 86 49 95 
67 63 26 38 44 39 36 46 23 64 92 64 25 81 83 56 70 87 68 63 62 57 38 6 22 90 36 47 27 85 41 93 99 19 30 94 57 17 40 31 81 31 46 5 63 28 12 33 67 32 95 28 88 32 33 9 73 20 8 99 56 100 91 54 18 72 100 75 40 91 
57 20 21 3 77 35 30 40 67 96 71 61 75 10 44 7 71 68 79 78 66 34 77 8 40 95 31 39 21 71 29 77 90 1 31 18 35 13 58 2 8 80 14 35 90 10 93 60 77 71 37 95 57 13 2 96 59 85 86 31 55 14 60 96 66 90 14 100 2 23 
53 62 2 19 96 91 80 40 50 56 11 38 2 67 3 56 14 61 40 99 92 94 64 3 89 29 92 54 80 46 76 33 7 78 3 54 20 82 93 22 89 55 59 91 21 61 46 86 74 85 84 17 30 47 19 70 27 62 76 7 7 51 91 13 80 45 66 100 26 11 
21 14 65 31 56 38 92 53 23 17 89 59 85 18 57 3 40 84 64 15 42 23 17 84 35 97 28 53 48 53 15 20 18 79 50 74 16 93 78 91 9 67 49 93 36 5 47 75 40 63 41 81 85 58 16 71 6 43 75 53 95 89 72 65 20 21 90 87 66 67 
77 74 33 77 19 69 82 17 95 73 79 36 6 15 45 21 38 50 64 12 54 10 53 25 74 24 97 63 10 14 82 39 88 14 15 58 34 48 74 29 21 5 16 26 19 60 98 8 9 61 72 62 71 24 38 96 99 86 59 60 100 40 98 39 5 13 96 39 60 21 
19 32 25 34 57 96 45 55 3 53 67 74 66 89 49 55 85 47 92 95 59 43 86 56 81 90 20 28 80 80 1 50 11 25 83 20 72 27 26 75 31 44 100 48 33 49 2 17 47 46 11 5 88 96 13 69 37 32 48 17 63 48 18 26 25 1 45 48 79 22 
22 62 17 74 9 49 74 63 65 72 8 27 29 47 74 41 67 11 72 15 79 35 14 96 12 90 48 8 38 79 29 11 40 45 84 48 46 57 62 62 29 21 89 57 68 14 49 34 24 72 100 54 58 14 50 69 3 49 76 40 27 56 51 66 53 86 66 98 95 79 
59 75 100 99 83 67 13 31 52 88 2 52 42 60 65 43 80 19 91 56 11 18 11 13 35 15 98 52 12 92 31 23 66 82 21 100 100 85 30 51 73 84 2 14 95 18 8 74 89 98 29 99 67 92 11 54 6 8 57 70 52 87 92 69 20 64 69 19 1 50 
22 73 33 23 38 27 93 45 1 81 94 81 31 13 72 41 66 30 100 22 99 51 61 42 20 80 57 40 51 57 89 72 29 22 46 18 48 90 62 100 70 8 81 52 20 4 92 37 85 92 58 83 94 70 76 65 2 33 4 52 89 93 75 70 14 20 87 13 10 1 
65 31 8 97 83 27 52 26 15 37 69 24 19 63 94 47 27 47 79 31 50 67 75 24 88 88 95 75 52 4 75 68 87 34 64 21 12 16 98 26 4 67 49 74 29 94 20 7 40 98 89 89 17 63 12 4 2 59 30 6 14 4 73 100 89 89 72 100 4 70 
25 59 88 74 32 16 67 52 74 7 1 63 47 69 25 11 73 27 69 54 84 82 10 56 34 98 44 5 98 99 26 22 57 13 47 89 80 66 92 54 24 92 68 70 61 92 80 85 70 100 38 53 82 99 61 15 97 4 71 46 55 49 67 11 61 66 51 93 31 42 
46 54 34 65 23 46 8 55 30 30 54 19 34 87 18 94 53 14 50 76 59 4 24 77 66 36 94 69 28 24 62 25 77 47 89 52 92 97 58 21 26 63 92 59 50 9 53 54 74 54 29 84 9 52 60 74 88 54 94 15 29 56 40 58 2 80 9 94 76 18 
66 1 80 57 12 81 17 64 35 90 69 63 73 77 67 85 2 54 90 96 20 18 3 11 75 4 91 35 49 18 52 67 19 84 75 30 16 92 45 50 33 65 65 6 41 83 42 42 36 31 37 7 48 39 70 75 95 60 9 95 77 13 61 47 48 88 28 63 79 24 
65 63 88 81 68 28 63 9 22 50 91 10 8 91 49 77 65 95 88 25 89 65 37 2 63 36 89 91 51 19 66 67 81 54 47 1 33 61 61 54 62 52 64 69 42 64 98 6 58 85 30 98 49 19 51 64 6 39 54 56 57 19 22 90 24 20 90 57 80 50 
62 93 53 77 14 94 40 11 51 49 95 33 99 96 3 49 59 8 40 64 64 48 34 37 37 58 57 26 66 88 28 79 81 32 56 94 26 47 4 28 96 50 12 46 45 14 94 55 22 33 18 37 81 52 73 17 61 81 95 78 69 74 8 1 5 63 94 82 10 49 
10 57 98 21 2 95 87 47 49 8 80 19 96 12 70 20 80 82 1 74 11 69 99 18 69 56 33 14 37 94 14 98 50 11 71 3 57 57 49 58 16 80 76 11 91 97 30 71 78 82 96 40 50 95 57 70 2 41 35 38 34 48 36 35 11 58 37 67 14 38 
24 81 17 51 91 60 47 72 82 76 54 77 15 55 23 24 77 24 64 11 14 98 59 1 32 21 58 21 39 71 10 15 51 78 65 93 37 12 16 18 87 69 47 2 76 69 25 52 45 40 62 58 37 72 58 21 44 15 93 83 37 2 97 39 79 61 83 68 24 98 
37 11 19 83 64 94 4 40 97 100 79 10 9 68 34 66 88 77 32 80 59 20 33 7 58 63 68 92 30 43 41 19 53 59 53 68 4 8 7 100 7 38 62 15 5 95 32 92 71 63 23 82 82 55 88 91 17 7 34 99 50 75 17 54 33 69 22 89 29 80 
40 35 17 1 2 21 95 33 64 18 48 86 99 81 92 38 24 9 45 57 59 46 31 75 99 16 95 72 56 23 52 95 10 20 96 11 93 42 43 56 59 42 94 9 23 85 47 46 45 91 2 3 88 85 29 86 52 76 10 7 98 61 1 59 32 48 69 24 90 64 
80 48 5 25 9 27 9 55 72 54 97 26 8 84 62 37 69 13 12 78 19 61 90 71 20 74 19 88 97 8 3 28 7 8 52 15 86 61 21 10 66 17 87 73 100 48 9 21 60 72 50 30 33 40 100 52 13 70 91 61 29 94 89 88 53 92 54 90 52 75 
99 69 91 85 42 43 84 2 63 95 26 12 24 58 3 76 61 67 97 51 28 26 96 68 13 100 59 18 90 63 92 40 83 83 77 24 25 60 78 39 55 3 2 30 12 5 57 72 23 54 74 2 31 22 69 95 73 80 12 62 94 4 54 76 38 30 52 14 89 81 
52 95 35 53 77 46 9 33 69 32 38 94 85 68 67 54 14 40 85 26 53 30 29 6 5 18 35 8 31 76 88 34 22 22 38 98 19 47 83 39 30 72 33 14 40 51 19 5 90 55 30 43 84 10 48 41 27 35 48 57 10 88 42 31 61 80 81 80 78 63 
18 59 34 2 72 25 53 43 30 94 49 11 36 33 21 36 25 47 70 24 56 79 11 97 61 72 28 41 51 5 55 20 63 41 74 87 17 26 81 98 71 29 9 7 13 29 42 37 27 63 61 34 41 71 83 53 94 10 46 96 67 100 16 29 92 41 67 9 66 47 
6 36 76 66 94 88 46 87 77 73 49 37 58 41 59 40 94 5 50 39 100 16 90 15 96 82 55 63 42 72 61 99 60 36 65 5 76 10 44 52 34 92 40 92 85 50 31 30 54 32 20 54 99 9 20 95 42 27 9 83 50 69 82 61 57 98 66 32 7 9 
35 93 52 26 84 36 75 66 65 81 50 36 34 48 45 5 42 38 83 2 21 33 71 54 93 27 51 10 10 9 70 44 53 22 69 88 9 95 54 26 75 55 61 60 2 57 17 96 95 99 97 67 83 19 20 28 97 22 37 6 82 59 1 87 80 21 74 40 68 79 
17 94 33 78 6 35 34 22 30 80 72 78 46 55 97 17 82 45 90 70 3 24 28 3 10 59 76 83 99 43 62 15 36 46 44 41 80 30 14 61 9 86 91 55 92 39 23 73 83 13 94 85 36 22 88 97 80 63 79 30 57 92 97 92 38 40 85 69 69 98 
30 30 35 20 36 26 58 58 50 92 22 44 77 9 17 16 5 48 30 36 78 86 27 26 29 16 65 13 37 86 63 66 15 97 37 50 75 46 59 76 89 81 19 65 41 87 32 46 35 61 33 64 98 11 89 27 27 5 91 63 90 53 80 56 2 68 57 28 65 16 
3 53 48 74 70 88 60 1 85 46 14 69 9 11 80 49 89 58 6 80 72 47 84 3 3 37 70 11 64 86 26 67 90 25 40 59 65 99 60 1 97 73 70 57 35 49 58 24 58 63 55 29 9 38 31 63 27 52 74 90 89 51 56 78 76 47 37 92 98 48 
1 1 1 0 1 1 0 0 0 1 0 0 1 1 0 1 1 0 0 0 1 0 1 1 0 0 1 0 1 0 1 0 1 0 1 1 1 1 1 0 1 0 0 0 1 0 0 0 0 0 1 0 1 0 1 1 0 0 1 1 1 0 1 0 0 0 1 1 0 1 
1 1 1 0 1 0 0 1 0 1 0 1 1 1 1 0 0 1 0 1 0 1 1 0 0 1 0 1 0 0 0 0 1 1 0 1 1 0 0 0 1 0 1 0 1 1 0 1 0 1 0 1 0 1 1 0 0 1 0 1 0 0 1 1 0 1 0 1 1 1 
1 1 1 1 1 1 0 0 0 0 1 1 1 1 0 0 0 1 0 0 0 0 0 1 1 0 0 0 0 1 1 1 0 0 0 0 1 0 0 0 1 1 1 0 0 1 1 0 0 1 0 0 1 1 1 0 1 1 0 1 1 1 1 1 0 1 1 1 0 1 
1 1 0 0 1 1 0 0 1 0 1 0 1 0 1 0 1 0 0 1 0 1 1 1 0 1 0 0 0 0 1 0 1 0 0 1 1 0 1 0 1 1 0 0 1 1 0 0 0 0 0 0 1 1 1 0 0 1 0 0 0 1 0 1 1 1 0 0 1 0 
1 0 1 1 0 0 1 1 1 1 1 1 1 1 0 0 1 0 1 1 0 1 0 1 1 0 0 1 0 1 1 1 0 0 1 0 1 0 1 0 1 1 1 0 0 1 0 1 1 1 0 1 1 0 0 0 0 0 1 1 0 1 0 0 1 1 0 0 1 0 
0 0 1 1 0 1 0 0 0 1 0 0 1 1 0 1 1 1 0 0 0 0 1 0 0 1 0 0 1 1 0 0 0 1 1 0 0 0 1 0 1 1 0 0 0 1 0 1 0 0 1 0 0 1 0 0 0 0 0 1 0 1 1 0 0 1 0 1 1 1 
1 0 0 0 1 0 1 1 1 1 1 1 1 1 0 1 1 0 0 1 1 0 0 1 0 1 0 0 0 1 0 1 1 0 1 0 1 0 1 0 1 0 1 0 1 1 0 0 1 0 0 1 0 0 0 0 1 0 0 1 1 0 1 0 1 0 1 0 1 0 
0 0 1 0 1 0 1 1 1 1 1 1 0 1 1 0 1 1 0 1 0 1 0 1 1 1 0 0 1 1 1 1 1 0 1 0 0 1 1 1 0 0 0 0 1 0 0 0 1 0 0 1 1 0 1 0 1 1 1 0 0 0 1 1 0 1 0 0 0 1 
0 0 0 0 0 1 0 0 0 1 0 0 1 1 0 0 1 1 1 0 1 1 0 0 0 0 1 0 1 1 0 1 1 0 1 1 1 0 1 1 1 1 1 0 0 1 0 0 0 1 0 1 0 1 0 1 1 1 1 0 1 1 1 0 1 1 0 1 1 1 
0 0 1 0 1 1 1 1 1 0 1 0 1 1 1 1 0 0 1 0 1 0 1 0 0 1 1 0 0 0 0 0 1 1 0 0 0 0 1 0 0 0 0 1 0 1 1 0 1 0 0 0 0 0 1 0 1 0 1 1 1 1 1 0 0 0 0 0 0 1 
0 0 0 0 1 0 1 0 0 1 0 1 1 0 1 0 1 0 1 0 1 0 1 0 0 1 0 0 1 0 1 0 0 1 0 0 1 0 0 0 1 1 1 0 1 0 1 0 0 0 0 1 0 1 1 0 0 0 0 0 0 1 0 1 1 0 1 0 0 1 
0 1 0 1 0 0 1 1 0 1 1 1 0 1 0 0 1 1 0 1 1 0 0 1 1 1 1 0 0 0 0 0 1 0 0 1 0 1 0 1 1 1 0 1 0 0 1 1 1 1 0 0 0 1 1 1 0 1 0 0 1 0 1 0 0 1 0 1 0 0 
0 1 0 0 1 0 0 0 0 0 0 0 0 0 1 0 1 0 1 1 0 0 1 1 0 0 0 0 1 1 1 1 0 1 1 1 1 1 0 1 1 0 0 0 0 1 0 1 1 1 1 0 1 0 1 1 0 0 0 1 1 1 0 1 0 1 1 1 1 1 
1 0 1 1 0 1 0 0 0 0 1 1 0 0 0 1 0 0 1 0 0 0 1 0 0 1 0 1 0 1 0 1 1 1 0 0 0 1 0 0 1 0 0 1 0 0 0 0 0 0 0 0 0 1 1 0 0 1 1 1 0 1 0 1 0 1 1 0 0 0 
1 1 0 1 0 0 1 0 1 1 0 1 0 1 1 1 1 1 0 1 0 0 0 1 1 1 0 1 1 0 1 0 1 1 1 1 1 0 1 0 0 0 0 0 1 1 1 0 0 1 1 1 1 0 0 0 1 0 1 0 0 0 1 1 1 0 0 1 1 1 
1 1 1 1 1 0 0 0 1 1 1 0 0 0 0 0 0 1 0 0 0 0 0 1 1 0 1 1 1 0 0 0 1 0 0 0 0 0 0 1 1 1 0 1 1 0 1 0 0 1 0 0 1 0 1 0 0 0 1 1 1 0 0 0 0 0 1 0 0 1 
0 0 1 0 1 0 0 1 0 0 0 0 0 0 1 1 0 1 0 0 1 1 0 1 1 0 1 0 0 1 0 0 1 1 0 1 1 1 0 0 1 0 0 0 0 1 1 1 1 1 1 0 0 1 1 0 1 0 0 1 1 0 0 1 1 0 0 1 1 0 
1 1 0 1 1 1 1 0 0 0 0 1 0 0 0 1 0 1 1 1 0 0 1 0 1 1 1 1 0 0 1 1 1 0 0 0 1 1 1 1 1 1 0 1 1 0 0 0 1 1 1 1 0 0 0 1 1 1 1 1 1 0 0 1 0 1 1 1 0 0 
0 0 1 0 1 1 0 0 1 1 1 0 1 1 0 1 1 0 0 0 1 1 0 0 0 1 1 0 0 1 0 1 1 0 1 1 1 0 1 0 1 0 0 0 0 0 1 1 0 1 1 0 1 1 0 1 0 1 1 1 0 0 0 0 0 1 1 1 1 0 
1 1 0 1 1 0 1 1 1 0 0 0 0 1 0 0 1 0 1 0 1 1 0 1 1 0 1 0 1 0 0 0 1 1 1 1 1 1 0 1 1 0 1 1 0 1 1 1 0 0 1 1 1 0 1 1 0 0 1 0 0 0 0 0 1 0 1 0 1 1 
1 0 1 1 1 1 0 0 0 0 0 0 0 1 0 1 0 0 1 0 0 1 0 1 1 1 1 0 1 0 1 1 0 1 0 1 0 0 1 1 1 1 1 1 0 1 0 1 1 1 1 0 0 1 1 0 0 0 0 1 0 0 0 0 1 0 1 1 1 0 
0 0 1 1 1 1 0 1 0 0 0 1 0 0 0 1 0 0 1 1 0 1 1 0 1 0 1 0 1 0 0 0 0 1 1 1 0 0 0 1 0 0 0 0 0 1 1 1 1 0 0 1 1 1 0 0 1 1 0 0 1 0 0 1 1 0 0 1 0 0 
0 0 0 1 0 0 0 1 1 1 1 1 1 0 0 1 0 1 0 0 0 1 0 0 0 1 0 0 0 0 0 1 0 0 0 0 0 0 1 0 1 0 1 0 0 0 1 0 1 1 0 1 0 0 0 0 1 0 0 0 1 0 1 1 0 1 0 1 1 1 
1 0 0 0 1 0 0 0 1 0 0 1 1 0 0 1 1 1 0 1 1 1 0 0 0 0 1 0 1 0 0 0 1 0 1 0 0 1 0 1 1 0 1 1 1 1 0 0 0 0 1 0 1 1 0 0 0 0 0 1 0 0 0 1 0 1 1 1 0 0 
0 0 0 1 1 1 0 1 1 1 0 1 1 1 0 1 1 0 1 0 0 0 0 0 1 1 1 1 0 1 1 0 1 1 0 0 1 0 0 0 1 0 1 0 1 0 0 1 0 1 1 0 1 1 0 1 0 1 0 0 1 1 1 0 0 1 1 1 1 1 
0 1 1 1 1 0 1 1 1 0 1 0 0 0 0 1 1 0 0 1 1 1 0 0 0 1 1 1 0 0 0 0 1 1 0 1 1 1 0 1 1 1 1 0 0 1 1 1 0 1 1 1 1 1 1 1 0 0 0 1 0 0 1 0 1 1 1 0 1 1 
1 0 1 1 0 1 0 1 0 0 1 1 1 0 1 0 1 1 0 1 0 1 1 0 1 0 1 0 0 0 1 0 1 0 1 1 1 1 1 0 0 0 1 1 0 0 0 1 0 0 0 0 1 1 0 0 1 0 0 1 0 0 1 1 0 0 1 0 0 0 
0 0 0 1 1 0 0 1 1 0 0 1 0 1 0 1 0 1 1 0 0 1 0 0 1 1 0 0 1 0 0 1 0 0 0 0 0 0 1 1 0 1 0 1 1 0 0 1 1 1 1 1 0 0 1 1 1 0 1 0 0 1 1 1 1 1 1 1 0 0 
0 0 0 0 1 1 0 1 0 1 0 1 1 1 1 0 0 0 0 0 0 1 1 1 0 1 1 1 0 1 1 1 1 1 1 1 0 0 0 0 1 1 0 0 0 1 1 0 0 1 0 0 0 0 0 0 1 1 1 1 0 1 0 1 0 0 0 1 0 1 
1 1 0 1 0 0 1 1 0 1 0 1 1 1 1 1 1 0 0 1 1 0 0 0 0 0 0 0 1 0 1 1 1 1 0 1 1 1 0 0 0 1 1 0 0 0 1 1 0 0 0 1 0 0 1 0 1 1 1 0 1 0 1 1 0 0 0 1 1 1 
1 0 0 0 0 0 0 1 1 0 1 0 0 0 0 1 0 1 1 1 0 0 0 1 1 0 1 0 1 1 1 1 1 1 1 1 1 0 0 0 0 0 0 0 0 1 0 0 0 1 0 0 1 0 0 1 0 1 1 1 0 0 0 1 1 0 0 0 0 1 
0 0 1 1 1 1 0 1 1 0 0 1 1 1 1 1 0 1 0 1 1 1 1 1 0 0 1 1 0 1 0 1 0 1 0 1 0 0 0 1 0 0 1 1 1 0 0 0 0 1 1 1 0 1 0 0 1 0 1 0 1 1 1 1 0 1 0 0 1 0 
0 1 0 1 1 0 1 1 0 1 0 1 0 0 0 1 1 0 1 0 0 0 0 1 0 0 0 0 1 1 1 1 0 1 0 1 1 1 1 1 1 1 1 1 0 1 0 1 1 1 1 1 0 1 0 0 0 0 0 1 1 1 0 0 1 0 1 0 1 0 
0 0 0 1 0 0 0 0 1 0 0 0 1 0 0 0 0 0 0 0 1 0 0 1 0 1 1 1 1 0 0 1 1 0 0 1 0 1 1 1 1 1 1 0 1 1 0 1 1 1 0 0 1 0 1 1 1 0 0 0 1 0 0 0 0 0 1 0 1 0 
1 0 0 1 1 1 0 1 1 0 0 1 0 1 1 0 0 0 0 1 0 1 1 0 1 0 1 0 0 0 1 0 1 1 1 0 0 1 1 1 1 0 0 0 1 1 0 0 1 0 1 0 0 0 0 1 0 1 0 1 0 1 1 1 0 0 1 0 1 0 
0 1 0 0 1 0 0 1 0 1 1 1 1 1 1 0 1 0 1 1 1 1 0 0 0 0 0 1 0 1 0 0 0 0 1 1 0 1 0 0 0 0 1 0 1 1 0 0 1 1 1 0 1 1 0 1 1 0 1 0 1 1 0 0 1 1 1 0 0 0 
0 1 0 0 1 1 1 1 0 0 0 1 0 1 1 0 1 0 0 0 0 1 1 1 1 0 0 1 0 1 1 1 0 1 1 1 0 0 0 0 0 0 0 0 0 1 0 1 1 0 1 0 1 0 1 1 0 1 0 1 0 1 0 0 0 1 1 0 1 1 
1 1 0 1 1 0 0 1 1 1 1 0 1 0 0 0 1 0 0 1 1 0 0 1 1 0 0 0 1 1 0 0 0 0 1 1 0 1 0 1 0 1 1 0 0 1 0 1 1 0 1 1 1 1 0 0 0 1 0 1 0 0 1 1 0 0 0 0 1 1 
1 1 0 0 1 0 1 0 0 1 0 1 0 1 0 0 1 0 1 0 1 0 0 0 1 1 0 1 1 1 0 1 1 1 1 0 1 1 0 1 0 1 0 0 0 1 0 0 1 0 0 1 0 0 1 1 1 0 0 1 1 1 0 0 0 1 1 1 0 1 
1 0 0 1 0 1 0 1 1 0 1 1 1 1 1 0 0 1 0 0 0 0 1 0 0 1 1 1 1 0 1 0 0 1 1 1 0 0 0 1 0 1 0 1 0 0 1 0 1 0 0 1 0 0 1 0 1 0 0 0 0 1 0 1 0 0 0 1 0 0 
0 0 1 1 1 1 1 0 1 0 0 1 1 0 1 0 1 1 0 1 1 1 0 0 0 0 0 0 1 0 0 0 0 1 1 1 0 0 1 1 0 0 0 1 0 0 1 1 1 1 0 0 0 0 0 0 1 0 0 0 0 0 0 0 1 1 1 1 1 1 
0 1 1 1 0 1 1 1 1 0 1 1 0 1 0 1 0 1 1 0 1 0 1 0 0 0 1 0 0 1 1 0 0 0 1 1 1 0 0 0 0 1 0 1 1 0 0 1 1 1 1 0 1 0 0 0 1 0 0 1 1 1 1 1 1 1 0 0 1 1 
1 0 0 1 1 1 1 1 0 0 0 0 0 0 0 1 0 1 1 0 0 0 1 0 1 0 1 0 0 0 1 1 0 1 0 1 1 1 0 1 1 1 1 0 1 0 1 1 1 0 1 0 0 0 0 1 0 1 1 0 1 0 0 0 0 0 1 1 0 0 
0 1 1 0 1 0 0 0 1 1 0 0 1 0 0 1 0 0 0 1 0 0 0 0 0 0 1 1 1 1 1 1 0 0 1 0 0 1 0 1 1 1 1 0 1 1 0 1 1 0 1 0 0 1 0 0 1 1 0 0 0 1 1 1 0 1 1 0 0 1 
0 1 0 1 0 0 1 0 1 0 0 0 0 1 1 1 1 0 0 1 0 1 1 0 0 1 1 1 1 1 0 1 1 1 1 1 1 0 1 0 0 1 1 1 0 0 0 0 1 0 1 1 1 0 1 1 1 0 0 1 0 1 0 1 0 1 0 1 1 1 
1 0 0 0 1 1 1 1 1 0 1 0 1 1 1 1 0 0 1 1 1 1 0 0 0 0 1 0 1 1 1 0 1 0 1 0 1 0 1 0 0 0 0 1 1 1 0 0 0 0 1 1 1 1 1 0 1 1 0 0 0 0 0 1 0 1 1 1 1 0 
1 1 0 1 1 0 1 1 0 1 1 1 0 1 0 0 1 1 1 1 1 1 1 1 0 1 1 1 0 0 1 1 0 1 1 1 1 0 0 1 1 0 0 1 1 0 1 0 1 0 1 0 1 1 0 1 0 1 0 1 1 1 0 1 1 1 0 0 1 1 
0 0 1 0 0 0 1 1 0 0 0 1 1 1 0 1 1 1 0 1 0 1 1 0 1 0 0 1 0 1 0 0 0 1 1 0 1 0 1 1 0 1 1 1 1 1 0 0 0 0 1 0 0 0 1 1 0 1 0 1 0 1 1 0 0 0 0 0 0 0 
1 1 1 0 0 0 0 1 0 0 1 0 1 1 0 0 0 1 1 1 0 1 0 1 0 0 0 0 0 0 0 0 1 0 0 0 0 0 1 1 1 0 1 0 0 1 0 0 0 1 1 0 0 1 0 0 0 0 1 0 0 1 0 0 1 1 0 0 1 1 
1 0 1 0 0 1 1 0 0 0 1 1 0 0 1 0 0 1 0 1 1 1 1 0 1 0 1 1 0 0 0 1 1 1 1 1 1 1 0 1 1 1 0 1 1 1 0 0 0 0 1 0 1 0 0 0 1 1 1 1 1 1 1 0 1 0 0 0 1 0 
1 0 1 1 0 1 1 0 1 1 0 0 1 0 1 1 0 0 0 0 1 0 1 0 0 0 1 0 0 0 0 1 1 0 1 1 1 0 1 0 1 1 0 1 1 1 0 0 1 1 0 1 1 1 1 1 0 0 0 0 1 0 0 0 0 1 1 1 1 0 
1 0 1 0 1 1 1 0 1 1 1 1 0 0 0 1 1 0 0 1 1 1 0 1 1 0 0 0 0 1 0 1 1 1 1 1 0 1 1 1 0 0 0 0 0 1 1 1 1 1 1 0 0 1 1 1 1 1 1 1 0 1 1 0 1 0 1 1 1 0 
1 1 0 1 1 0 0 1 1 0 0 0 0 1 1 0 0 1 1 0 0 0 1 1 0 0 0 1 0 1 1 1 1 1 0 0 1 1 1 0 1 0 1 1 1 0 1 1 1 1 1 0 1 1 1 1 1 1 0 1 1 1 0 0 0 1 0 1 0 0 
1 1 0 0 0 1 1 0 0 0 1 0 0 0 1 0 1 0 1 1 0 0 0 0 0 0 1 1 1 1 1 0 0 1 1 1 0 0 1 0 0 0 0 1 0 1 1 1 0 0 0 0 1 0 0 1 0 0 0 1 1 1 1 0 0 0 1 0 0 0 
1 1 0 1 0 0 1 1 1 1 1 1 1 0 1 1 0 1 1 0 0 1 0 1 1 0 0 0 1 0 0 0 1 0 1 1 0 0 0 1 1 0 0 0 0 1 0 0 0 1 1 0 0 1 1 1 1 1 1 0 0 1 0 1 1 0 1 1 0 1 
0 0 1 0 0 0 1 0 0 1 0 1 1 0 0 1 0 0 0 1 0 0 1 1 0 0 1 1 0 1 0 0 1 0 1 0 0 0 0 0 0 0 0 1 1 0 0 1 0 1 0 1 1 1 0 1 0 1 0 0 0 1 0 0 1 1 0 1 0 0 
1 0 1 1 1 0 0 0 1 0 1 1 1 0 1 1 0 1 0 0 1 1 1 1 1 0 1 1 1 1 1 1 1 0 0 0 0 0 0 1 1 1 1 0 0 0 0 0 1 0 0 0 1 0 1 0 0 0 1 0 1 1 1 0 1 1 1 0 0 1 
1 1 1 0 1 1 0 1 1 1 0 1 1 1 1 1 0 0 1 1 0 1 0 1 1 0 0 0 0 0 0 1 1 1 0 1 0 0 0 1 0 0 0 1 0 0 0 0 0 0 1 0 1 0 1 0 0 1 1 0 0 1 1 1 0 1 0 0 0 1 
1 0 1 1 1 1 1 0 1 1 0 1 1 1 1 0 1 1 0 0 1 0 1 0 1 1 0 0 1 0 1 0 0 0 0 1 0 1 1 1 1 1 0 0 0 1 1 0 0 1 0 1 1 0 0 0 1 0 0 1 0 1 1 0 0 1 1 0 1 1 
1 0 0 0 0 1 1 1 1 0 0 1 1 1 1 1 0 1 1 0 0 1 0 1 1 0 1 1 0 0 0 1 0 0 1 0 1 1 0 0 1 0 0 0 0 1 0 0 0 1 0 0 1 0 0 0 0 1 1 0 1 1 0 1 0 1 1 1 0 1 
0 1 0 0 0 0 1 0 0 0 1 0 0 0 1 0 1 1 1 0 0 0 0 0 1 0 1 1 1 0 0 1 1 0 1 1 0 1 1 0 1 1 1 1 1 0 0 0 1 1 1 1 0 1 1 1 1 1 0 0 1 1 0 0 1 1 0 0 0 1 
0 1 0 1 1 0 1 1 0 1 0 1 0 0 0 0 0 1 1 0 0 0 1 0 0 1 1 0 1 0 0 1 1 0 1 0 0 0 1 1 1 0 0 0 0 1 0 0 0 1 1 0 1 0 0 1 1 0 0 0 0 0 0 1 0 1 0 1 1 1 
0 1 1 0 1 0 1 1 0 0 0 1 0 1 0 1 0 1 1 0 0 1 0 0 0 1 1 0 0 0 0 0 1 1 0 0 1 0 1 0 0 1 1 0 0 1 1 1 1 0 1 1 1 0 1 0 1 0 0 1 0 0 1 0 0 1 0 1 1 0 
1 1 1 1 0 0 0 1 1 1 0 0 0 1 0 1 1 1 1 0 0 0 0 1 0 0 1 0 0 0 0 1 0 0 0 0 0 1 1 1 0 1 1 1 1 0 0 0 1 0 0 0 0 1 1 0 1 0 0 1 1 1 1 1 1 1 1 1 0 0 
0 1 0 1 0 1 1 0 1 1 0 0 1 0 1 0 0 0 1 1 0 0 0 1 1 1 0 0 0 1 0 0 0 0 1 0 1 1 0 1 0 1 1 1 1 0 1 0 0 0 1 0 0 1 1 1 0 0 1 0 1 0 0 1 0 1 1 0 0 1 
1 0 0 0 1 0 0 1 0 0 1 1 1 0 0 0 1 0 0 1 0 1 1 0 0 1 1 1 1 0 1 0 0 1 0 0 1 0 1 1 1 0 0 0 0 0 0 0 0 1 1 0 0 0 0 1 1 0 0 1 0 1 1 0 1 0 0 0 0 1 
0 1 0 0 1 0 1 0 0 1 1 1 0 1 1 0 0 1 0 1 0 0 0 1 1 1 1 1 0 0 1 0 1 1 0 1 1 1 1 0 1 0 1 1 1 1 1 0 0 0 1 0 0 1 1 1 1 1 1 1 1 0 1 0 1 1 1 0 1 0 
0 0 0 0 1 0 1 0 0 1 0 1 1 1 0 0 0 1 1 1 0 0 1 1 1 0 1 0 1 0 1 1 0 1 1 1 1 0 1 1 1 0 0 0 1 1 1 1 0 0 1 1 1 0 0 0 1 1 0 0 1 1 1 1 1 1 0 0 1 0 
