65 51 2626
73 50 52 91 82 50 65 74 26 96 34 91 20 49 15 49 44 25 55 57 1 6 66 21 39 46 15 71 34 75 13 6 24 16 96 5 17 12 30 42 59 15 33 78 16 99 79 11 75 85 68 
76 90 33 96 81 30 10 51 63 84 64 20 59 79 67 15 48 78 97 89 89 63 73 66 78 72 96 41 46 80 8 73 22 40 69 2 21 30 4 84 14 67 55 24 98 22 39 97 99 35 85 
87 97 10 5 27 33 52 67 30 32 26 3 5 17 71 6 37 100 61 72 65 28 27 89 77 48 79 25 98 65 9 37 13 70 41 91 2 44 9 32 27 34 34 31 50 56 88 87 7 49 10 
72 28 36 12 56 83 42 80 81 6 40 17 18 10 9 61 11 52 69 94 79 3 79 61 4 34 49 42 41 49 52 64 76 87 75 83 70 16 62 2 73 1 70 42 62 78 2 73 81 71 18 
11 25 97 72 80 30 72 22 22 20 25 85 47 11 59 29 32 26 90 85 98 42 54 92 4 83 93 28 16 15 45 26 39 93 49 19 75 72 92 96 91 16 81 89 78 91 17 10 69 58 94 
18 52 100 9 55 82 2 34 49 16 78 75 7 23 75 25 97 47 68 92 89 83 24 78 60 15 46 21 83 56 67 100 7 66 61 61 99 62 46 48 29 75 74 35 97 48 11 93 94 78 85 
35 60 8 12 72 74 9 92 8 64 58 60 70 75 20 82 74 33 27 73 61 2 46 48 98 45 58 43 39 88 79 25 99 38 88 70 12 96 14 71 60 71 30 81 98 1 63 71 33 41 43 
46 94 40 93 44 84 2 86 74 89 64 98 88 1 85 57 64 33 70 87 92 93 16 24 90 69 86 12 53 79 6 98 72 45 42 15 80 44 100 54 32 15 3 19 68 88 28 83 20 49 69 
63 93 85 86 82 5 24 45 57 54 2 55 25 98 96 40 78 91 91 31 23 6 33 93 25 72 20 7 43 21 76 57 13 12 95 47 16 70 91 72 23 93 78 47 90 26 38 19 16 81 49 
90 38 34 83 62 57 54 68 52 26 95 8 39 6 2 85 21 71 27 45 93 71 74 92 13 99 81 31 67 61 32 56 98 65 90 11 73 96 31 24 21 25 32 59 31 85 95 3 8 22 47 
52 92 21 43 4 71 76 35 37 36 66 45 86 82 34 96 6 81 78 30 2 3 13 12 33 97 7 87 56 80 86 8 71 58 2 27 28 77 61 17 65 78 61 50 11 46 97 16 27 75 97 
80 77 9 91 61 58 49 47 13 28 32 20 51 41 22 77 69 50 89 85 14 18 97 63 80 42 12 95 20 86 44 99 14 52 42 26 61 42 24 74 22 56 45 72 48 18 100 16 68 88 52 
81 57 48 96 36 42 7 30 61 44 25 12 9 77 5 34 89 46 57 14 67 64 59 90 12 28 89 79 95 28 31 28 84 30 23 19 71 81 1 84 24 25 47 84 53 51 17 42 96 25 55 
15 89 65 4 52 93 45 30 39 72 12 66 56 42 40 26 64 72 26 99 95 3 45 30 55 95 46 96 43 71 3 57 11 67 12 62 11 56 91 50 28 3 67 35 96 59 60 11 30 86 10 
77 40 54 6 94 49 52 42 43 74 44 51 84 62 62 97 73 70 39 74 97 93 40 83 88 98 42 99 80 79 60 56 18 13 61 64 13 64 5 55 89 100 5 24 61 19 20 85 88 11 58 
36 3 50 18 43 99 11 93 78 90 52 33 59 64 46 22 29 61 78 83 50 77 40 73 90 58 45 74 97 55 32 32 57 81 1 99 31 11 43 9 52 94 93 63 10 38 36 38 99 14 72 
48 90 63 72 31 72 16 5 68 70 88 51 27 20 51 77 50 62 20 58 65 65 51 27 74 40 63 63 38 28 87 37 69 49 9 100 73 76 4 40 46 91 91 24 62 93 52 11 6 71 69 
71 36 71 49 61 10 63 76 100 90 14 88 59 14 48 58 86 24 13 78 21 55 68 44 16 12 95 26 18 18 46 88 5 16 88 17 26 51 92 77 40 5 64 98 19 12 7 56 87 19 33 
7 73 52 50 40 64 96 66 81 13 11 20 17 27 7 34 4 9 77 32 49 34 95 98 4 58 5 59 44 75 92 2 100 43 3 39 6 99 56 38 63 67 57 80 45 16 65 100 24 93 83 
24 26 77 22 29 87 78 88 82 4 79 84 3 73 86 94 31 36 49 68 99 67 77 30 63 92 94 14 15 86 96 91 64 25 64 92 11 41 79 44 96 9 27 51 34 65 44 64 100 44 31 
50 11 7 79 25 50 72 39 17 10 34 7 73 58 70 64 20 62 95 64 57 55 90 7 88 6 2 51 58 46 34 7 8 92 86 32 42 9 22 58 18 56 16 42 65 85 58 85 98 52 48 
54 6 89 13 46 47 14 96 4 59 81 10 66 73 95 50 66 56 71 23 73 78 90 15 43 26 24 79 23 75 26 76 32 66 88 77 12 54 25 15 12 5 77 30 29 23 31 94 78 53 68 
3 31 57 69 25 82 92 3 4 66 80 32 49 45 71 78 9 24 2 75 88 58 51 69 87 74 99 80 3 51 48 5 33 56 73 57 38 64 11 93 81 42 24 30 39 95 59 47 70 60 21 
57 69 72 77 55 97 75 87 99 78 86 4 62 41 28 19 78 92 81 71 24 23 94 5 61 40 63 59 62 22 79 70 91 2 47 97 98 73 83 49 50 68 4 12 9 31 82 38 74 14 8 
98 88 54 2 100 45 17 58 58 90 89 28 80 90 26 29 40 98 63 88 100 31 43 63 91 73 96 80 99 61 40 96 49 93 49 48 89 65 6 47 55 94 26 86 35 3 66 74 100 29 13 
51 11 55 65 53 80 60 32 78 73 71 25 21 15 25 20 56 42 77 54 48 22 79 33 57 81 99 82 32 79 47 35 89 53 99 41 32 11 24 61 83 95 37 55 61 62 74 16 3 51 69 
50 24 99 34 80 31 84 14 15 62 60 49 50 12 99 42 96 61 66 56 43 12 93 49 72 6 75 40 8 25 60 9 48 59 42 80 41 26 93 55 39 52 55 41 15 6 82 10 66 99 66 
61 10 10 9 34 15 83 73 74 59 32 82 59 42 75 38 35 100 82 41 39 33 96 31 99 1 12 9 18 63 26 78 72 35 87 57 1 69 81 26 80 65 7 38 6 33 27 40 33 8 81 
23 92 28 53 90 80 16 98 97 78 23 75 2 9 13 58 61 33 91 86 12 55 44 1 60 77 27 52 61 34 84 35 25 63 39 15 42 6 64 90 84 39 16 37 47 28 46 60 13 36 45 
24 90 41 25 2 17 3 5 29 37 40 15 13 2 53 79 95 58 43 36 93 81 52 81 79 31 27 38 43 62 35 19 4 75 95 57 43 97 61 71 85 100 37 98 53 89 76 47 98 70 34 
43 2 85 23 33 68 49 70 10 63 56 80 18 30 74 74 24 23 34 46 7 85 82 56 89 22 32 35 72 53 20 14 55 5 88 87 72 89 8 33 51 16 65 20 45 90 93 21 12 78 66 
71 62 100 26 50 21 57 36 92 10 55 57 16 11 45 54 34 33 61 19 35 76 83 54 73 72 98 45 84 75 10 6 88 9 31 89 82 40 76 73 1 82 82 16 93 26 69 78 10 81 96 
96 9 78 49 33 50 98 77 85 72 38 90 11 99 20 99 32 59 26 56 59 7 37 26 99 14 46 77 23 79 72 18 87 2 18 71 51 15 99 87 38 88 76 48 38 47 98 69 6 23 25 
16 30 13 42 80 27 87 8 49 65 32 19 3 33 36 25 35 3 23 21 92 63 96 92 100 42 89 21 99 64 45 15 45 57 8 76 83 94 84 84 11 15 2 13 99 89 38 33 43 12 5 
35 26 52 26 78 45 66 98 44 29 94 10 73 2 17 49 37 62 84 20 72 50 73 37 48 61 26 32 56 37 88 90 15 39 15 92 83 80 89 78 61 82 39 85 83 55 33 19 69 68 90 
40 17 62 76 16 75 1 99 30 90 86 19 4 76 85 95 11 16 83 88 76 16 79 61 50 33 45 69 1 13 58 93 81 72 20 49 98 21 47 27 62 85 97 65 60 33 11 22 48 45 62 
24 60 40 36 9 72 80 29 25 44 39 69 25 10 88 73 7 8 71 85 21 55 33 85 67 65 95 88 12 91 49 87 50 88 22 11 12 54 91 88 97 29 56 73 90 95 97 48 3 68 84 
75 74 16 60 40 32 6 80 96 97 80 82 98 20 56 60 83 61 51 22 9 31 29 82 21 23 78 20 77 97 4 52 71 71 11 62 3 68 93 98 16 73 31 66 44 38 25 26 98 27 47 
7 58 75 40 30 49 69 49 26 66 4 77 88 75 39 49 29 6 94 26 74 66 8 39 61 46 63 38 95 90 36 53 99 62 92 80 10 61 80 35 78 84 63 65 10 1 65 38 59 58 15 
32 75 22 70 35 19 32 72 14 73 7 66 23 68 58 2 30 70 82 64 47 17 27 11 78 79 75 15 37 85 81 68 59 2 37 94 73 21 17 86 93 76 3 68 95 12 69 24 81 2 40 
79 18 18 89 47 96 16 61 85 100 93 52 10 47 41 3 19 61 72 4 5 47 6 72 93 18 93 17 50 94 8 29 64 25 69 62 72 36 23 56 87 67 8 97 13 48 51 31 60 74 86 
16 20 44 88 65 61 32 81 62 77 88 42 92 64 11 54 35 98 28 43 85 94 50 33 7 49 35 37 60 9 23 75 80 66 14 44 78 45 76 91 22 63 33 65 78 95 18 65 92 45 7 
28 91 8 60 97 56 95 85 67 55 7 41 34 24 55 78 53 51 53 44 24 68 76 89 45 70 58 61 13 55 67 41 45 74 52 41 81 46 25 47 100 84 40 86 7 46 63 12 96 67 55 
72 34 82 60 31 3 69 91 15 23 10 7 67 35 59 7 16 56 84 14 8 67 5 93 25 50 55 36 98 21 42 69 7 23 80 37 77 48 79 44 23 40 50 89 75 60 48 42 16 31 7 
23 49 12 15 73 61 21 61 10 93 2 78 99 77 9 87 5 9 18 48 31 57 50 19 83 9 18 24 76 48 31 98 48 94 64 73 6 84 33 16 29 86 45 27 14 6 66 19 14 83 18 
96 91 67 66 26 28 84 49 3 83 31 53 31 76 16 3 82 52 87 49 32 72 45 58 38 50 75 56 15 9 73 10 52 92 76 77 19 11 77 73 93 60 25 75 35 93 29 68 96 15 16 
27 39 61 36 76 62 11 31 77 19 55 86 22 46 13 98 16 23 75 89 16 34 65 90 20 57 19 88 4 85 55 30 23 67 18 50 29 28 32 5 98 87 42 20 84 55 69 100 77 43 40 
92 28 4 34 48 61 4 87 16 40 93 46 15 60 63 64 88 42 96 44 91 34 85 10 69 39 79 20 16 73 59 59 53 63 44 100 75 99 38 90 39 30 87 53 89 49 16 28 42 63 71 
33 48 56 94 17 46 24 88 61 97 47 72 1 9 15 52 35 14 89 24 4 70 11 56 11 11 23 38 53 38 9 37 85 16 30 53 61 54 41 74 2 87 97 2 47 11 53 81 76 93 4 
79 62 66 86 72 77 9 62 81 46 22 17 30 89 46 35 49 51 75 74 4 13 70 57 11 33 61 91 60 53 46 39 67 64 76 90 40 84 51 20 29 24 88 11 12 85 45 13 36 71 86 
91 35 8 48 45 40 8 87 51 13 32 41 31 95 17 20 86 100 23 57 29 46 44 91 58 29 87 70 16 57 7 6 43 14 5 87 5 65 73 56 77 56 96 7 3 12 78 40 12 100 97 
92 46 92 34 55 72 20 24 87 28 82 45 70 96 49 56 100 13 80 7 41 87 3 99 89 66 77 29 29 28 77 20 25 68 5 79 40 24 54 78 51 36 74 20 31 75 27 82 39 6 89 
80 45 91 30 33 56 6 13 37 86 89 56 10 9 13 89 100 36 42 29 39 29 3 58 11 77 37 93 15 94 81 46 38 23 76 71 30 33 35 66 18 76 74 28 36 86 68 35 73 9 15 
11 90 17 21 100 45 57 92 60 50 24 57 88 98 32 10 80 65 44 97 34 71 70 61 6 7 28 92 32 89 7 42 30 75 14 29 20 70 73 31 20 48 87 59 46 19 20 77 35 63 73 
20 86 95 81 91 1 60 35 32 100 41 26 29 15 39 10 34 61 82 64 32 29 51 90 26 21 9 2 7 23 75 26 60 21 58 51 21 18 37 5 69 77 82 50 91 72 59 77 32 40 92 
63 20 94 4 98 14 64 51 72 39 77 98 98 97 55 100 70 24 36 74 93 64 7 42 7 78 52 83 62 43 26 76 62 20 32 11 85 95 62 57 85 38 54 35 35 60 86 4 36 22 29 
28 37 87 21 43 64 72 77 77 14 3 53 27 22 84 90 58 30 51 14 67 88 19 1 74 31 86 29 66 59 9 45 96 95 17 90 11 88 67 87 53 69 91 31 42 26 20 51 56 22 65 
74 62 35 74 35 65 11 16 82 70 24 26 17 19 42 6 29 81 24 67 85 44 58 16 85 83 87 88 90 9 52 63 70 38 88 56 55 99 71 36 20 47 62 36 65 55 93 45 36 17 63 
20 60 20 87 97 3 26 36 44 86 87 7 55 76 94 62 30 92 85 66 63 31 79 98 47 33 43 43 68 11 5 40 22 25 78 70 79 3 5 22 88 43 80 94 19 74 56 100 17 92 17 
80 22 95 29 20 28 71 62 47 33 18 38 55 94 16 24 72 70 81 46 10 23 25 3 93 98 10 93 15 1 9 46 74 56 74 45 83 45 6 81 77 76 71 83 69 38 59 41 7 39 38 
16 61 62 71 6 12 80 98 78 33 58 23 6 13 96 3 47 92 60 80 69 35 50 3 4 87 61 96 45 99 33 61 12 94 31 17 57 10 66 34 94 23 56 52 88 52 54 34 43 13 65 
63 48 14 18 51 52 78 98 97 29 30 57 40 75 39 8 32 100 73 65 94 47 73 45 86 24 98 72 18 62 36 33 9 50 50 11 1 79 8 97 7 37 5 46 64 43 53 95 43 77 59 
88 76 31 32 61 6 81 32 76 94 20 60 3 69 9 65 21 87 25 70 94 13 26 91 76 21 96 70 63 24 81 2 99 63 33 12 21 65 95 96 58 14 55 12 34 15 29 55 53 53 76 
98 65 1 41 41 21 36 62 35 11 94 36 10 57 20 73 77 36 19 24 46 33 78 57 66 44 37 72 48 89 99 46 6 100 86 98 72 73 59 59 83 53 46 44 61 66 16 37 53 35 60 
98 19 89 7 36 84 43 8 31 84 58 76 89 9 13 86 81 37 96 91 20 48 36 63 8 53 31 96 6 17 7 55 35 47 13 70 30 56 29 61 91 87 88 79 95 53 64 27 89 59 17 
1 0 0 0 1 0 0 1 1 0 1 0 0 0 0 1 1 1 0 1 1 0 1 1 0 1 0 1 1 1 1 1 1 1 1 0 0 1 1 1 1 1 1 1 1 0 0 0 1 0 0 
1 0 1 0 1 0 1 0 1 0 1 0 1 1 1 1 1 0 1 0 1 0 0 0 1 0 1 1 1 1 1 0 0 0 1 1 0 0 1 0 0 0 0 1 1 0 0 0 0 1 1 
0 1 1 0 0 1 1 0 0 1 1 1 1 0 0 0 0 0 1 0 0 1 1 1 1 1 1 1 1 1 0 1 0 1 0 1 0 1 1 1 0 0 0 1 0 0 1 1 0 0 1 
0 0 0 1 1 1 0 0 1 1 1 0 0 0 0 1 1 0 0 0 0 0 0 0 1 0 1 0 0 0 1 0 0 0 1 1 1 1 1 0 1 0 1 1 1 1 0 0 1 0 0 
0 0 0 0 1 0 1 1 0 1 1 0 1 1 1 0 0 0 0 1 1 0 0 0 1 1 0 1 1 0 1 1 1 1 1 0 1 0 0 1 0 1 1 1 0 0 0 0 1 0 1 
0 0 1 1 0 1 1 1 0 0 1 1 1 0 0 1 0 0 1 1 0 0 1 0 0 1 0 1 0 0 0 1 0 0 0 0 1 1 0 1 1 1 0 0 1 0 0 1 0 1 1 
1 0 0 1 0 1 1 1 0 1 0 1 1 0 1 0 1 0 0 0 0 1 0 0 0 0 0 0 0 0 1 1 0 1 0 0 0 1 0 0 0 0 1 0 0 0 0 1 1 0 1 
1 1 1 1 1 1 0 1 1 0 0 1 0 1 1 0 0 1 0 0 1 0 0 1 0 0 1 1 1 1 0 0 0 1 0 0 0 0 1 0 0 0 1 0 1 0 0 1 1 1 0 
1 1 0 0 0 0 0 1 0 1 0 0 0 1 0 0 0 0 1 0 0 1 1 0 1 1 1 0 1 0 0 0 1 0 0 1 1 0 1 1 0 1 1 0 0 0 0 0 0 1 0 
1 1 1 1 0 1 0 0 0 0 1 0 0 1 0 1 0 1 0 1 1 1 1 1 0 1 1 0 1 0 1 0 1 0 0 1 1 0 0 1 1 1 1 1 0 0 0 1 1 1 0 
0 0 1 1 0 0 0 1 0 0 0 0 0 0 0 1 0 1 1 1 0 0 1 1 1 1 1 0 0 0 0 0 1 0 1 1 0 1 0 0 1 0 1 1 1 1 1 1 0 0 0 
0 1 1 1 0 0 1 0 0 1 0 0 0 0 1 0 1 0 0 1 0 1 0 1 0 0 0 1 0 1 1 1 0 1 0 0 1 1 0 0 1 0 0 1 1 0 1 0 0 0 1 
0 1 0 0 1 0 0 0 0 1 1 1 1 0 0 1 0 1 1 0 0 0 0 0 1 0 1 1 1 1 0 1 0 0 1 1 0 0 1 1 1 1 0 1 1 0 0 1 0 0 1 
0 0 0 0 1 0 0 0 1 1 0 1 0 1 0 1 1 0 1 0 0 0 1 1 1 1 1 1 1 1 0 0 1 0 0 0 1 0 0 0 0 1 1 0 0 0 1 1 0 0 0 
0 0 1 1 0 0 1 1 0 0 1 0 0 0 0 0 1 1 1 1 1 0 1 1 0 1 0 1 1 1 1 0 1 0 1 1 1 0 0 1 1 0 1 1 0 1 1 1 0 0 0 
1 0 1 0 0 0 1 0 0 0 1 0 1 0 1 1 1 0 1 0 1 1 1 0 1 0 1 0 1 0 1 0 0 0 1 1 1 0 1 1 0 0 1 1 0 0 0 1 0 0 1 
1 1 0 1 1 1 1 1 0 1 0 0 1 1 1 0 0 1 1 1 1 0 0 1 0 0 1 0 1 1 1 0 1 0 0 0 1 1 1 1 0 0 1 1 1 1 0 1 0 1 0 
0 1 0 1 0 0 0 0 1 0 1 0 1 1 0 1 0 1 0 1 1 0 1 0 1 0 0 0 0 0 0 0 1 0 1 1 1 0 1 0 0 1 0 1 0 0 0 1 1 0 0 
0 1 1 1 0 1 1 1 0 1 1 0 1 0 0 0 1 0 0 1 0 1 0 1 1 0 1 0 0 1 1 0 0 0 1 1 0 1 0 0 0 1 0 1 1 0 0 0 0 0 0 
0 1 0 1 0 0 0 1 0 0 0 1 0 0 0 1 0 1 1 0 0 1 1 1 0 1 1 1 0 1 1 0 0 1 0 1 1 0 0 0 0 0 1 1 0 1 0 1 1 0 1 
1 1 0 0 1 0 0 0 0 1 1 0 0 0 0 1 0 1 1 0 1 1 1 0 1 0 1 0 1 1 0 0 0 0 1 1 0 1 0 0 0 1 1 0 0 1 1 0 0 0 0 
0 1 1 0 1 1 1 1 1 0 1 1 0 0 0 0 0 1 0 1 0 1 0 0 1 1 0 1 0 0 1 0 0 0 0 1 0 0 0 1 0 0 0 1 0 1 1 0 0 1 1 
0 0 1 1 0 1 1 1 1 1 1 1 1 1 1 0 1 1 1 0 0 1 1 1 1 0 0 1 0 1 1 1 1 0 0 1 1 1 1 0 0 0 1 0 1 1 0 1 0 1 1 
0 0 0 1 1 0 1 1 1 0 0 0 0 0 0 1 0 1 0 0 1 0 0 1 0 1 0 1 1 1 0 0 0 1 1 1 1 1 0 0 1 0 0 1 1 0 1 1 1 1 1 
1 0 1 0 0 0 0 1 0 0 1 0 0 0 1 1 0 0 0 0 0 0 1 1 1 1 0 0 1 0 0 0 0 1 0 0 0 1 1 0 1 0 0 1 1 1 0 1 0 0 1 
0 1 0 1 0 0 0 1 1 0 1 1 0 0 1 0 0 0 1 0 1 1 0 0 0 0 1 1 0 1 1 0 0 1 1 1 1 1 0 0 1 1 1 1 1 1 1 0 1 0 0 
1 0 1 1 0 1 0 0 1 0 1 1 0 0 0 1 0 0 1 0 1 0 0 1 0 1 0 0 0 1 0 1 1 1 1 1 0 1 1 1 1 0 0 0 1 1 1 1 1 1 1 
0 1 1 1 1 0 0 1 1 1 0 0 0 1 1 1 0 1 1 1 0 1 0 0 0 1 0 1 0 1 1 0 0 0 0 0 1 0 1 0 1 1 0 1 1 0 0 1 1 1 0 
1 1 0 0 1 1 0 1 1 1 0 0 1 0 0 1 1 0 1 1 1 0 0 0 1 0 0 0 1 0 1 0 1 1 0 0 1 0 1 0 1 1 0 1 0 0 0 1 0 1 1 
1 0 1 1 1 1 0 0 0 0 1 0 1 0 1 1 1 1 1 0 1 0 0 0 0 1 0 0 1 0 1 1 0 0 0 1 1 0 1 1 0 0 1 1 1 0 1 0 0 0 0 
1 0 1 1 1 0 1 1 1 1 0 0 1 0 1 1 1 1 0 0 0 1 1 1 0 0 0 0 0 0 1 1 1 0 0 0 0 1 1 1 1 1 0 0 1 1 1 0 0 0 0 
0 1 1 0 1 1 0 1 1 1 0 0 0 0 0 0 0 0 1 0 1 0 0 1 1 1 1 1 1 1 1 0 0 0 0 1 0 0 0 1 1 1 0 1 1 0 1 0 0 0 0 
1 0 0 1 1 1 0 0 0 1 1 0 1 0 0 0 0 1 0 1 0 1 1 0 1 0 1 1 0 0 1 0 0 1 1 0 0 1 0 0 0 0 1 1 0 1 1 0 0 1 1 
1 1 1 1 0 1 0 1 1 0 0 1 1 1 0 1 1 1 1 1 1 1 0 0 1 0 1 1 0 1 1 1 0 0 0 0 1 1 1 0 1 1 0 0 0 0 1 1 0 1 0 
1 0 1 0 0 1 1 1 1 0 0 1 0 0 1 0 1 0 1 0 0 0 0 0 0 0 0 1 0 1 0 0 1 1 0 1 0 1 1 1 0 1 0 0 0 0 1 1 0 0 1 
0 1 1 1 1 0 1 1 0 0 1 0 1 0 0 1 0 0 0 1 0 1 0 0 1 0 1 1 0 0 0 1 1 0 0 0 0 1 1 0 1 0 1 0 0 1 1 0 1 1 0 
1 1 0 0 0 0 1 1 0 1 0 1 0 0 1 1 0 0 0 0 1 1 1 0 1 1 1 0 0 1 0 0 0 0 0 0 0 1 0 0 1 0 0 1 0 1 0 0 0 1 0 
1 0 0 1 1 1 1 1 1 0 1 1 0 1 1 0 1 1 0 0 0 0 0 1 0 1 0 0 1 1 1 1 1 1 0 0 0 1 0 1 1 1 1 1 1 0 0 0 1 0 0 
1 1 0 1 1 0 1 0 1 0 1 0 1 0 1 1 0 0 1 1 0 1 0 1 0 1 1 0 0 0 1 0 1 1 1 0 1 0 0 1 0 1 1 1 1 0 0 1 1 0 1 
1 1 1 0 1 0 0 1 1 0 0 1 1 0 0 1 1 0 0 0 0 1 0 1 1 0 1 0 1 1 1 0 0 1 1 1 1 1 1 0 1 1 1 0 1 1 1 1 1 1 1 
1 1 1 0 0 0 0 0 1 1 0 0 0 1 1 1 0 0 0 1 1 0 0 1 1 0 0 0 1 0 0 1 1 1 1 1 1 1 1 1 1 1 1 1 0 0 0 1 0 1 0 
1 1 0 0 0 0 0 1 0 0 1 1 1 0 0 0 0 0 0 1 1 1 0 0 0 0 0 1 0 1 1 1 0 1 1 1 0 1 0 0 0 1 1 1 1 1 0 1 1 0 0 
0 1 0 0 1 0 1 0 0 0 1 1 1 1 0 0 1 0 0 1 0 1 0 1 0 1 1 0 1 1 0 1 1 1 0 0 1 1 1 0 1 0 1 0 1 0 0 0 0 0 1 
0 1 1 1 0 1 1 0 0 0 0 1 1 1 1 0 1 0 1 1 0 1 0 0 1 0 1 1 0 1 1 0 1 0 0 1 1 1 1 1 1 1 1 1 1 0 1 0 1 0 1 
1 1 1 1 0 0 0 0 0 0 1 1 1 1 1 0 1 0 1 0 1 0 1 0 1 0 1 1 1 1 0 0 1 0 1 1 0 0 1 0 0 0 1 1 0 0 1 1 0 0 1 
0 0 1 0 0 1 0 1 0 1 0 0 0 0 1 0 0 1 1 0 1 0 0 0 0 0 1 1 1 1 0 1 0 1 1 0 0 1 1 0 1 1 0 1 1 0 1 1 1 1 0 
1 1 0 1 1 0 1 0 1 0 0 0 0 0 0 0 0 1 0 1 0 1 1 0 1 1 1 0 1 0 0 0 1 0 1 0 1 0 0 0 1 1 1 1 1 1 0 1 0 0 0 
1 1 0 1 0 1 0 1 0 1 1 0 0 0 0 1 1 0 1 1 1 0 0 1 1 1 1 1 0 1 1 1 0 1 0 1 1 0 0 1 1 1 0 0 1 0 1 0 0 0 0 
0 1 0 1 0 0 0 1 0 1 1 1 1 0 1 0 1 1 0 1 1 0 1 1 1 1 0 0 1 0 0 1 1 0 0 0 0 0 1 0 1 0 1 1 1 0 1 0 0 0 1 
1 0 0 0 1 1 0 1 1 0 1 0 0 0 1 0 0 1 1 1 1 0 0 0 1 1 1 1 1 1 1 0 1 1 0 1 1 0 0 0 0 0 0 0 0 1 0 0 1 0 1 
0 0 0 0 1 1 1 0 0 1 1 0 0 1 0 1 0 0 0 0 0 0 0 1 0 0 1 0 1 1 0 1 1 0 1 0 1 0 1 1 1 0 1 0 1 1 1 1 1 1 1 
1 1 0 0 1 0 0 0 1 1 0 0 1 0 1 1 1 1 0 0 1 1 1 1 0 0 0 0 1 0 1 0 1 1 1 1 1 1 1 0 0 1 0 1 1 1 1 0 1 1 0 
0 0 1 1 1 1 1 1 0 1 0 0 1 0 1 0 1 0 1 0 1 0 0 0 1 0 1 1 1 1 1 1 1 0 0 0 1 1 1 1 1 0 1 0 0 1 0 1 1 1 1 
0 1 0 1 0 0 0 1 1 1 0 0 1 0 0 1 1 1 1 0 0 1 1 0 1 0 0 0 0 1 0 0 0 0 1 0 0 0 1 1 1 1 1 0 1 1 0 0 0 1 0 
1 0 0 1 1 0 0 1 0 1 1 1 0 1 0 0 1 0 0 0 0 1 1 0 1 0 0 1 1 1 0 0 1 0 1 0 0 1 0 1 1 1 0 1 1 0 1 0 1 1 1 
1 1 0 1 0 1 0 1 0 1 1 0 1 1 1 1 0 1 1 1 0 1 1 1 0 1 0 0 0 0 1 1 1 0 1 1 1 1 0 1 0 0 1 1 1 0 1 1 1 0 0 
1 1 1 0 1 1 1 0 1 1 1 1 0 1 0 1 0 1 1 1 1 1 0 1 1 1 0 0 0 0 1 0 0 0 0 1 1 1 1 1 0 1 0 0 0 0 1 1 1 1 0 
0 0 1 1 1 0 1 0 0 0 1 0 0 1 1 1 1 0 1 0 1 0 0 1 0 0 1 1 1 0 0 1 0 1 1 0 1 0 0 1 0 1 0 0 0 1 0 1 1 1 1 
0 1 1 0 1 1 1 1 0 1 1 0 1 0 1 1 1 1 1 0 0 0 0 0 1 1 0 0 1 1 0 1 0 1 1 0 1 0 1 1 1 0 1 1 0 0 0 1 0 0 1 
0 0 0 0 1 1 1 0 0 0 0 0 1 1 1 1 0 0 0 0 1 0 1 0 0 0 1 1 0 1 0 0 1 0 0 1 0 1 1 0 0 1 0 1 0 0 0 1 0 0 1 
1 0 0 0 0 0 1 1 0 0 1 0 1 0 1 0 0 0 1 0 0 0 1 1 1 1 1 0 1 1 1 0 1 1 0 1 0 1 0 0 1 0 1 1 0 0 1 0 0 1 0 
1 1 1 0 0 0 0 0 1 1 1 0 1 1 0 0 1 0 1 1 1 1 0 0 1 0 0 1 1 1 1 0 0 1 0 1 1 0 1 1 0 1 1 1 0 1 1 1 1 0 0 
1 1 1 1 0 1 1 1 0 0 1 0 1 0 1 0 1 1 1 0 1 0 1 0 0 1 0 1 0 0 0 1 0 1 1 0 0 0 0 1 1 1 1 0 1 0 0 0 0 1 1 
1 0 0 0 0 1 0 0 0 0 0 1 0 1 0 1 1 1 1 0 0 0 0 0 1 0 0 1 0 1 0 0 1 1 0 0 0 0 0 0 0 0 0 1 1 0 0 0 1 1 1 
1 1 1 1 0 1 1 1 0 1 0 0 0 1 0 0 1 0 0 0 0 0 0 1 1 0 1 0 0 0 1 1 1 0 1 1 1 0 1 1 1 1 1 0 0 1 0 1 1 1 1 
