59 56 918
54 10 27 56 36 19 41 26 69 70 54 99 58 63 35 91 35 19 61 52 73 35 16 6 34 25 77 19 57 79 37 11 40 63 18 27 82 59 52 2 28 57 100 37 72 86 79 6 4 40 10 28 74 25 33 59 
1 62 78 10 40 14 20 31 28 37 57 61 47 60 62 26 16 61 62 87 46 41 45 1 80 54 29 5 30 13 63 30 26 92 39 65 5 10 47 85 99 55 45 45 14 7 71 82 19 84 20 17 24 64 69 55 
69 49 59 98 14 22 80 39 13 18 56 70 80 2 6 78 57 50 74 22 8 96 55 79 80 75 47 55 38 15 10 59 64 68 56 29 41 35 67 6 5 22 75 84 24 80 13 32 81 38 5 41 86 60 19 65 
34 65 71 23 31 80 81 46 100 37 74 92 23 41 97 27 62 71 62 37 2 74 20 35 64 25 75 49 84 93 65 17 9 35 91 39 67 72 37 18 60 10 9 82 2 6 61 64 28 22 52 30 48 72 16 11 
96 90 59 79 34 23 47 42 9 37 32 27 8 20 44 19 30 53 53 31 58 13 46 37 86 50 18 33 21 33 95 68 22 53 46 7 27 92 100 88 80 84 14 40 3 58 58 84 62 10 67 71 74 12 7 60 
13 25 44 33 57 39 100 31 43 97 37 70 40 37 9 20 72 22 59 74 31 68 58 92 78 24 62 3 87 21 62 100 45 6 84 53 96 36 35 38 32 24 7 72 12 15 43 83 89 53 56 19 20 65 63 49 
40 24 52 27 96 65 78 92 22 13 45 17 48 31 55 80 54 13 3 17 80 45 99 68 97 7 38 68 23 100 17 63 76 68 41 71 32 70 63 54 82 59 22 30 89 76 9 95 89 63 11 20 59 62 87 55 
20 24 74 42 76 90 4 51 57 96 21 41 65 83 46 47 41 67 76 30 95 36 76 83 98 86 54 56 99 40 62 18 15 35 60 90 77 15 92 33 11 13 25 75 95 22 21 88 89 48 69 83 83 44 17 32 
81 70 87 80 61 100 97 27 35 56 69 63 71 60 95 33 72 72 7 19 93 80 6 33 79 26 67 14 21 83 45 1 4 32 80 16 83 29 43 69 84 11 31 6 70 78 90 94 49 97 12 93 28 69 78 6 
46 44 19 66 79 16 66 82 99 98 98 81 26 40 50 61 2 80 19 71 9 8 64 9 56 27 2 83 47 79 41 92 74 11 57 52 26 23 34 76 72 83 57 97 74 58 9 75 89 27 97 98 87 13 6 42 
91 59 77 38 89 69 29 63 31 86 14 9 60 99 84 31 33 40 79 6 49 87 32 38 66 29 35 4 93 92 97 83 51 73 20 91 93 1 53 24 86 19 84 97 17 67 27 2 59 57 7 7 95 39 44 12 
19 30 15 63 74 12 45 24 36 17 66 29 17 19 4 54 89 87 50 57 5 28 58 15 84 65 22 78 55 17 90 25 99 4 39 72 67 35 47 3 51 12 83 19 82 38 72 70 76 73 27 32 100 36 47 35 
100 20 13 6 36 54 82 86 9 20 9 76 55 55 30 57 19 64 76 52 1 99 74 76 24 52 7 23 87 5 58 39 24 22 44 12 75 78 97 83 97 6 10 51 12 39 60 82 54 35 34 54 85 7 81 8 
58 40 83 96 44 92 34 68 65 30 79 91 7 27 25 3 32 35 6 96 25 65 29 79 51 62 84 87 20 65 47 29 4 81 25 47 24 10 66 88 39 44 78 45 71 2 48 54 88 5 1 65 21 30 43 23 
43 78 9 15 42 7 95 97 87 19 44 10 81 9 97 19 5 26 64 27 80 63 80 67 19 81 83 39 62 77 61 4 55 21 18 96 28 13 93 14 83 88 24 63 48 72 34 52 98 97 30 29 11 10 47 29 
42 30 19 3 6 79 6 60 51 76 8 78 40 52 92 22 39 67 37 38 90 70 42 39 18 71 67 80 80 14 8 73 43 26 75 100 56 33 60 6 60 19 36 99 70 79 72 8 45 8 45 34 29 86 25 46 
57 91 77 88 56 84 61 50 61 87 50 68 19 61 26 78 79 61 76 48 39 48 7 83 7 51 68 36 89 44 33 97 35 10 36 90 45 96 92 58 83 41 25 53 1 50 31 31 62 58 78 100 57 84 34 64 
86 54 51 26 97 35 22 31 96 10 73 93 5 64 50 39 56 26 44 8 76 74 38 37 83 15 89 40 50 22 55 35 75 57 13 72 91 86 54 39 95 78 31 52 93 80 90 48 57 33 55 32 58 92 21 93 
58 9 32 7 82 38 94 57 94 6 80 36 43 85 74 38 63 56 89 7 87 30 55 44 63 61 75 72 53 47 64 62 7 47 21 89 84 66 97 29 23 28 17 65 12 90 2 26 98 90 33 84 20 39 27 34 
99 54 5 3 52 21 65 59 19 37 99 55 2 47 83 24 74 99 88 37 41 90 15 90 79 47 73 50 37 100 83 35 5 40 90 56 12 54 14 30 90 64 84 43 10 19 66 35 69 53 72 9 42 86 98 73 
84 23 22 72 22 57 6 26 96 95 33 59 100 47 88 41 62 72 83 72 90 48 6 58 53 29 19 94 14 68 18 49 90 92 20 63 48 78 40 95 24 25 53 76 71 92 16 84 63 51 55 4 50 13 14 2 
41 84 48 7 3 17 55 45 8 27 7 7 4 99 1 79 23 5 54 45 97 22 28 11 72 35 67 73 47 80 75 39 15 74 45 17 90 52 61 50 30 20 56 33 70 9 63 92 13 17 88 61 38 67 72 61 
53 90 33 51 69 59 90 35 32 34 51 74 37 64 23 66 83 78 50 52 86 13 95 51 81 34 11 70 100 34 30 53 23 62 3 43 21 44 77 4 30 28 77 66 91 51 84 25 29 33 76 66 97 22 16 77 
55 27 46 6 12 27 58 35 89 13 77 61 56 54 16 37 33 45 3 75 95 86 99 75 70 26 41 67 47 8 95 53 86 41 58 98 19 16 32 7 80 8 19 87 13 87 24 45 31 78 71 77 63 69 52 84 
94 44 2 92 51 97 44 37 89 2 34 7 69 17 66 48 76 36 86 89 22 9 85 4 86 56 81 100 76 32 84 70 75 85 13 77 33 57 13 21 10 98 80 78 66 45 77 42 32 62 30 54 71 66 57 8 
21 37 8 97 20 43 18 46 79 30 23 12 38 87 84 47 37 15 24 2 59 100 43 91 62 24 96 84 90 52 91 62 41 50 58 12 92 27 58 23 57 32 34 94 70 69 93 6 84 16 60 94 68 54 36 81 
78 31 64 67 35 6 28 27 56 38 38 99 64 95 21 72 78 6 18 48 27 10 5 10 25 64 3 44 18 39 24 95 21 39 13 55 97 92 81 52 81 71 2 45 65 75 16 95 32 33 42 58 42 46 67 19 
62 22 62 79 12 38 25 32 76 89 39 72 32 71 75 13 41 29 57 58 3 24 52 34 9 45 44 2 42 10 20 3 83 34 33 94 23 9 78 50 97 68 74 81 38 48 93 31 28 1 40 82 76 43 68 84 
87 11 86 28 72 57 31 55 42 15 100 64 24 77 14 20 44 87 52 34 86 44 16 14 96 55 47 72 49 14 55 35 24 92 14 48 49 44 2 42 59 1 6 34 30 71 53 73 9 57 58 94 100 73 59 96 
79 6 19 27 71 73 13 47 17 27 94 17 22 95 58 32 47 15 65 76 85 70 1 93 26 58 39 77 83 97 72 13 54 42 92 25 67 4 71 83 82 64 99 4 10 8 87 8 75 52 84 59 21 36 4 98 
93 94 74 27 90 98 92 96 39 83 20 5 38 42 39 20 57 89 75 18 97 61 25 71 64 60 81 84 95 36 33 40 29 7 18 71 56 9 66 94 43 37 51 81 30 89 52 38 78 78 55 26 38 31 48 54 
91 28 37 85 16 22 76 44 80 94 66 35 2 83 80 45 71 30 77 100 71 80 37 100 9 43 77 98 74 24 51 16 3 40 52 18 61 28 14 40 21 79 74 74 62 53 70 32 35 98 84 57 29 72 8 37 
67 84 35 92 7 85 7 9 24 10 79 84 37 92 23 9 22 48 35 83 53 4 67 39 54 2 47 82 73 54 19 91 37 53 82 95 37 88 55 13 50 33 96 86 76 71 47 98 70 33 32 74 88 50 12 41 
51 58 23 76 11 93 66 99 45 48 93 33 87 48 45 36 80 93 74 56 15 72 5 84 4 36 58 91 86 21 32 88 79 6 63 41 98 81 40 94 28 32 26 66 79 23 2 11 67 27 18 81 98 22 64 1 
9 73 43 46 94 26 34 24 31 96 64 80 28 3 73 55 87 51 21 17 25 74 79 91 100 96 71 49 69 86 49 78 59 43 23 52 69 8 27 51 56 90 31 83 45 55 38 31 5 10 99 81 35 78 71 86 
25 93 34 94 79 34 23 37 76 97 40 96 5 66 47 60 7 77 42 51 31 31 33 88 40 84 68 26 61 91 11 37 83 96 30 61 29 4 49 57 1 40 52 5 57 98 16 64 74 57 66 57 88 51 44 79 
34 63 57 46 5 67 82 88 15 64 100 43 67 49 99 67 40 3 23 97 100 38 12 26 47 29 82 86 79 77 16 64 91 72 9 96 91 91 83 5 54 34 47 20 34 98 39 74 100 13 22 99 51 85 24 49 
13 57 34 44 33 49 7 76 21 68 71 63 58 5 67 63 38 65 34 72 62 72 45 13 37 18 64 39 2 39 87 66 96 72 61 80 20 68 55 92 35 25 54 44 29 72 58 19 37 91 90 98 15 86 11 51 
3 26 89 56 64 27 73 59 98 34 91 69 53 45 61 39 22 66 82 2 38 39 20 74 81 9 23 95 94 85 97 48 10 85 3 74 63 28 84 60 61 74 29 13 19 41 51 92 58 84 93 47 74 13 20 54 
73 95 1 67 79 97 66 89 34 21 14 48 48 97 8 8 71 88 20 41 80 22 84 89 57 76 36 30 88 7 35 61 1 87 79 32 84 44 72 69 16 85 16 63 33 75 70 55 14 41 47 45 14 30 34 70 
6 69 99 45 75 86 57 28 72 87 59 7 83 30 27 98 66 95 61 98 69 82 53 35 23 99 79 36 81 12 6 86 32 56 82 59 41 39 86 65 25 44 71 7 25 98 5 42 92 17 39 12 98 43 98 72 
94 29 8 74 40 65 59 24 72 92 82 65 30 67 29 7 62 99 65 38 48 21 79 91 37 69 55 35 12 52 6 57 80 65 30 72 81 40 47 53 31 28 17 13 46 97 19 7 47 35 96 95 56 26 37 92 
94 91 78 57 95 36 65 26 52 94 49 33 85 95 85 16 22 53 80 67 49 50 25 95 84 72 41 39 97 30 31 43 20 60 99 66 95 64 92 47 9 40 31 94 35 67 61 8 19 40 75 19 41 51 65 24 
23 58 63 19 87 45 61 58 56 12 24 51 27 67 49 35 58 31 80 44 97 40 52 67 31 78 85 71 80 1 47 2 10 61 73 96 5 85 6 60 48 81 62 74 47 62 61 56 92 40 100 88 32 3 54 14 
80 90 37 59 43 83 13 52 43 37 48 99 73 5 10 21 85 72 46 83 85 6 38 29 98 89 16 29 91 22 42 22 63 30 33 5 12 45 57 6 33 56 4 5 60 14 77 96 37 23 78 73 28 15 1 25 
4 17 5 46 90 99 68 52 28 100 9 92 96 65 97 28 72 53 84 83 66 61 78 54 83 55 26 62 21 27 39 76 95 43 22 84 41 89 87 21 40 95 12 35 11 8 14 34 60 97 16 77 9 93 82 43 
47 8 5 20 86 95 95 80 37 16 15 30 56 53 2 95 48 13 81 10 72 94 44 84 43 59 60 51 4 94 94 50 1 98 69 86 92 16 17 80 83 31 61 39 83 62 85 82 26 66 44 98 59 39 81 1 
49 92 4 52 85 97 2 37 46 22 74 89 89 90 68 72 72 81 62 7 42 46 40 68 63 83 17 74 73 97 74 22 40 29 73 25 25 26 13 70 100 87 58 88 76 78 59 100 58 20 6 51 18 45 70 80 
80 86 53 52 34 79 73 74 7 46 50 32 23 62 53 22 48 63 10 76 92 68 75 1 40 32 51 57 28 73 36 7 10 89 11 44 67 83 69 73 80 18 56 3 79 61 24 27 23 33 54 14 53 28 14 44 
59 16 100 86 40 35 45 50 75 55 45 41 89 13 66 21 30 21 23 60 81 98 38 55 83 91 68 87 70 33 30 28 1 29 66 92 15 62 41 90 16 37 82 56 49 47 76 30 20 50 42 52 48 79 7 82 
70 26 68 39 11 49 19 11 29 36 54 43 97 95 84 64 83 18 19 84 16 47 13 87 96 6 39 95 85 97 28 6 22 95 96 84 95 14 46 23 1 100 18 49 46 53 12 28 70 83 11 38 81 76 24 76 
81 14 23 65 10 50 22 84 97 18 67 91 83 13 66 36 64 83 84 9 35 48 36 57 82 47 94 62 22 69 89 54 83 11 71 44 13 92 27 9 9 46 51 44 10 16 79 73 50 14 33 85 61 68 93 42 
66 38 3 87 6 44 93 40 54 63 36 18 54 14 26 15 59 29 10 20 44 88 44 94 1 76 30 14 44 22 55 9 11 10 48 68 5 40 8 58 54 95 28 7 8 5 21 67 33 82 38 29 69 82 74 22 
57 3 35 100 76 41 61 86 2 60 5 6 51 64 16 4 58 43 62 66 47 35 32 32 16 69 60 85 2 33 58 59 87 44 10 62 36 22 99 90 81 3 95 83 67 62 38 76 56 100 41 55 34 24 86 49 
45 45 85 46 29 94 4 15 89 14 28 25 35 26 14 68 80 60 2 98 74 40 74 29 91 66 35 24 90 20 24 34 16 61 79 44 6 35 10 95 48 37 19 34 14 84 53 46 95 55 95 68 46 68 49 36 
86 83 11 75 3 86 8 70 46 38 66 52 72 75 98 71 12 16 57 77 51 9 22 45 15 17 65 12 36 13 99 21 95 9 47 49 47 54 71 44 44 36 95 15 10 44 86 73 59 42 50 61 2 23 6 69 
39 70 80 27 34 79 99 80 39 46 81 85 51 51 29 94 86 75 9 95 19 46 20 29 39 69 90 40 91 95 8 82 16 40 8 1 18 58 80 56 3 12 41 54 62 69 47 47 43 7 94 13 4 13 42 42 
33 31 34 75 77 93 56 44 32 15 44 49 25 75 57 27 87 97 32 48 17 79 47 11 37 92 24 41 56 17 82 40 47 67 14 23 60 22 18 91 88 61 92 12 87 48 39 25 96 70 73 64 100 71 74 37 
14 49 29 69 65 10 8 63 29 73 85 88 94 54 30 34 66 73 45 53 72 35 77 67 57 1 30 56 23 56 44 36 56 72 56 73 34 15 35 62 88 72 1 33 25 82 66 91 55 63 43 26 97 71 45 53 
1 1 0 1 0 1 1 0 1 0 0 0 1 0 1 0 1 1 0 0 0 0 0 0 0 0 0 0 0 0 1 1 1 1 1 0 0 0 0 1 0 0 1 1 0 0 1 0 1 0 0 0 0 0 0 0 
0 0 0 0 0 1 0 0 0 1 0 1 1 0 0 1 0 0 1 0 0 0 0 0 0 0 0 0 0 0 0 0 1 1 1 1 0 1 1 1 0 1 0 1 1 0 0 1 0 1 0 1 0 0 1 0 
1 1 1 1 1 1 0 0 0 1 0 1 0 1 0 0 1 0 1 0 0 1 0 1 1 0 0 1 0 1 1 1 0 0 1 1 0 1 0 0 0 0 1 0 1 1 0 0 1 1 1 0 0 1 1 1 
1 1 0 1 0 0 1 0 0 0 1 0 1 1 1 1 1 0 1 1 0 1 1 1 0 0 1 0 1 0 0 0 1 0 0 1 0 1 1 1 1 1 1 0 0 0 1 0 1 0 1 1 1 0 0 1 
1 0 1 0 0 1 1 0 0 1 1 0 0 1 1 1 0 1 1 0 1 0 0 0 0 1 1 1 0 0 0 1 0 1 1 0 1 0 0 1 1 0 1 1 1 1 0 1 0 1 1 1 1 0 0 1 
1 1 0 1 1 0 0 1 0 0 0 1 0 0 0 0 0 1 1 1 0 0 0 0 1 0 0 1 0 0 0 1 1 1 1 1 1 1 0 1 1 0 0 0 1 0 0 1 0 1 1 0 1 1 1 1 
1 1 0 1 1 0 1 0 1 0 1 1 1 0 0 1 0 1 1 1 1 1 1 1 0 0 0 0 1 1 1 1 0 1 0 1 1 1 1 1 1 1 0 1 1 0 0 1 1 1 1 1 0 0 0 0 
0 0 0 1 1 1 0 1 0 1 0 0 0 0 1 0 1 1 1 0 1 1 1 1 0 0 0 0 0 0 0 0 1 1 0 0 0 0 0 1 1 0 1 0 0 0 0 1 1 1 1 0 0 1 1 0 
1 1 0 0 0 0 0 1 1 0 1 0 1 1 1 0 0 0 0 0 0 0 0 1 1 1 1 1 0 1 1 0 0 1 0 0 0 0 1 1 1 1 1 0 0 0 0 0 0 1 1 0 1 1 1 1 
0 1 0 1 0 0 1 0 1 1 1 1 1 0 1 0 1 0 0 0 1 1 0 1 0 1 0 1 0 1 0 1 0 1 0 0 1 1 1 0 0 0 0 1 0 1 0 0 1 0 0 0 1 0 0 1 
0 0 1 0 1 1 1 0 0 1 0 1 0 1 0 0 1 0 0 0 1 0 0 0 0 0 1 0 0 1 1 0 1 0 1 0 0 0 0 0 0 1 0 0 0 0 1 0 0 1 0 1 1 0 1 1 
0 0 1 0 1 1 1 0 1 0 1 1 0 1 0 0 0 0 1 1 0 0 1 0 1 1 1 0 1 0 1 1 1 1 1 0 0 0 1 1 0 0 1 1 1 1 1 0 1 0 1 1 0 0 1 1 
1 0 1 0 0 1 1 1 0 0 0 0 1 1 1 1 1 0 0 0 1 0 0 0 0 1 1 1 1 0 0 0 0 0 0 1 1 1 0 1 0 0 1 1 1 0 0 0 1 1 1 0 1 1 1 1 
1 0 0 0 1 1 1 1 1 1 0 0 1 1 1 1 1 0 0 1 0 0 1 1 1 0 0 0 0 1 0 1 1 0 1 0 1 0 0 0 0 0 0 1 1 1 0 1 1 0 0 0 0 1 1 0 
0 1 0 0 0 0 1 0 1 0 0 0 1 0 1 1 1 1 0 0 1 0 1 0 0 1 0 0 1 0 0 1 1 1 1 0 1 0 0 0 0 0 1 1 1 0 0 0 1 0 0 0 0 0 1 0 
1 1 1 0 1 1 1 1 0 0 1 0 0 1 0 1 1 1 0 0 1 1 0 1 1 1 1 0 1 0 0 0 0 1 1 1 1 0 0 1 1 1 1 1 0 0 0 0 1 1 0 1 0 1 0 1 
0 1 1 1 0 0 1 0 1 0 1 0 1 0 0 0 1 1 1 0 1 0 0 1 1 0 0 1 1 0 0 1 1 0 0 1 0 0 1 1 0 1 0 1 1 0 1 0 1 1 0 1 1 0 0 0 
1 0 1 0 0 1 0 1 1 0 1 1 0 0 1 1 1 1 0 0 1 0 1 0 1 1 1 0 0 1 0 1 1 1 1 1 0 1 1 0 0 0 1 0 0 0 1 0 1 0 0 0 0 1 1 1 
1 0 1 1 0 1 0 1 0 1 1 0 1 0 0 1 0 0 1 0 0 1 0 0 1 1 0 1 0 1 0 1 0 1 0 0 0 0 1 0 0 0 0 1 0 1 0 0 1 1 1 1 0 1 1 1 
0 0 0 1 1 0 0 1 1 1 1 1 1 1 1 1 1 0 0 0 1 0 0 0 0 1 1 0 1 1 0 1 1 0 0 0 1 1 0 0 0 1 0 1 0 1 1 0 1 1 0 0 0 0 0 0 
0 0 0 1 1 0 0 0 1 1 0 0 0 0 0 0 0 0 1 0 0 0 0 1 0 0 0 0 1 0 0 1 0 0 0 1 1 0 1 0 1 0 0 1 0 0 1 0 1 1 1 1 1 1 0 1 
0 0 1 1 1 1 0 1 0 0 1 1 0 0 1 0 0 1 1 1 1 1 1 0 0 0 1 1 0 0 1 0 0 0 1 1 0 1 1 0 1 0 1 1 0 0 1 1 1 1 0 0 0 1 1 0 
0 0 1 0 0 0 0 1 1 1 0 1 0 1 1 1 1 0 0 0 0 0 1 1 1 1 1 1 0 0 1 0 1 0 0 1 1 0 0 0 1 1 1 1 0 0 0 0 0 1 0 0 1 1 1 0 
0 0 1 0 1 0 1 0 0 1 1 1 0 0 1 1 1 0 1 1 0 1 1 0 0 1 0 1 0 1 1 0 0 0 1 1 0 0 1 1 1 0 0 1 0 0 1 1 0 0 1 1 1 0 1 0 
0 0 1 0 1 1 1 1 1 0 0 0 0 1 1 1 0 1 1 0 1 0 0 0 0 1 1 1 1 0 1 1 0 1 0 0 0 1 1 1 1 0 1 1 1 0 0 1 0 1 0 1 1 0 1 1 
1 0 1 0 1 0 0 1 1 0 1 1 1 1 1 0 1 0 1 0 1 1 0 1 1 0 0 0 0 0 0 1 0 1 1 1 1 1 1 1 1 0 0 0 1 1 0 0 0 1 1 1 1 1 0 0 
1 0 0 1 0 0 0 1 1 1 0 1 1 1 0 0 0 0 1 1 0 1 0 0 1 1 1 0 0 1 0 1 1 0 0 0 1 0 1 0 1 1 1 0 1 1 1 1 0 0 0 0 1 0 0 0 
1 1 0 1 0 0 0 1 1 0 1 0 0 0 0 0 0 0 0 1 1 1 0 1 1 0 1 1 1 1 1 0 0 0 0 0 0 0 0 1 1 1 1 1 0 0 1 0 0 0 1 1 1 1 1 1 
1 0 0 0 0 1 1 0 1 1 1 0 1 1 1 0 0 1 0 0 1 1 0 1 1 1 0 1 0 1 0 0 0 0 0 0 1 1 0 1 0 1 1 0 0 0 0 1 1 0 1 0 0 0 1 1 
1 0 0 0 1 0 0 1 0 0 1 0 0 0 1 0 1 0 0 0 0 1 1 0 1 0 0 1 0 0 1 0 0 1 0 1 0 0 1 0 0 0 0 0 0 1 1 0 1 1 0 0 0 1 0 0 
1 0 1 0 0 0 0 0 0 0 0 0 0 1 0 0 1 1 1 0 0 0 0 0 1 0 0 0 1 0 0 0 0 1 0 1 0 0 1 0 0 1 0 0 0 0 1 0 1 0 0 0 0 0 0 1 
0 0 1 1 0 1 1 0 1 0 1 1 0 1 1 1 0 1 1 1 1 0 1 1 0 1 1 0 1 1 0 1 1 1 0 1 1 1 1 0 1 1 1 0 0 0 1 0 1 0 1 0 1 0 1 1 
1 0 0 0 1 0 1 0 1 1 1 0 1 1 0 0 0 1 0 0 1 1 0 0 0 0 1 1 0 0 0 0 1 0 0 0 0 0 1 0 1 0 0 0 1 1 1 1 0 1 1 0 1 0 0 1 
0 1 0 0 0 0 0 1 1 1 1 1 1 0 1 0 1 0 1 0 1 0 0 1 1 1 1 0 1 0 1 1 1 1 0 1 0 0 0 1 1 0 0 0 0 0 1 1 0 0 0 1 0 0 0 1 
1 0 0 1 0 1 0 1 1 0 1 1 1 1 0 0 1 0 1 0 0 0 1 0 0 1 1 0 1 0 1 1 0 1 0 0 1 0 1 0 1 0 1 0 0 1 0 1 1 1 1 0 1 1 0 1 
0 0 1 0 0 1 1 0 0 1 0 1 1 1 1 0 0 0 0 0 1 1 1 1 0 1 1 0 0 1 1 0 1 1 0 1 0 1 1 0 0 1 0 0 1 1 0 1 0 1 1 1 0 0 0 0 
1 1 0 1 1 0 0 0 1 0 0 1 0 1 1 0 1 1 0 0 1 1 1 1 0 0 0 0 0 1 0 0 0 1 1 1 1 1 0 0 0 0 1 0 1 0 0 0 0 1 0 1 0 1 0 0 
1 0 0 0 1 0 0 0 1 1 1 0 1 1 0 1 1 1 1 1 0 1 1 0 0 0 1 0 1 1 0 1 1 0 1 1 1 1 1 0 0 0 1 1 0 1 0 1 1 1 0 1 1 0 1 1 
0 0 0 1 1 0 0 0 1 1 1 0 0 0 0 1 1 1 0 1 1 1 0 0 0 1 1 1 1 0 1 1 0 1 0 1 1 1 1 0 0 1 0 1 1 1 0 0 0 0 1 1 1 0 1 0 
1 0 1 0 0 0 1 0 1 1 1 1 0 1 1 1 0 0 0 1 1 0 0 1 0 1 1 0 1 0 0 0 1 1 0 1 0 1 0 1 1 1 0 1 0 0 0 0 0 0 0 1 0 0 0 1 
1 1 1 1 0 1 1 1 0 0 0 0 1 0 0 0 0 0 0 0 0 0 1 0 1 1 1 1 1 0 0 0 1 1 1 1 0 1 0 1 1 1 1 0 1 1 1 1 0 1 0 0 1 1 1 0 
0 0 0 1 0 0 1 0 0 1 1 0 0 0 1 1 1 1 1 0 0 0 0 0 1 0 1 1 1 0 1 1 0 1 0 1 0 1 1 0 0 0 0 0 0 0 1 1 1 1 0 1 1 0 0 1 
0 1 0 1 1 1 0 1 1 0 0 1 1 1 1 0 0 1 0 0 1 0 0 0 1 0 0 0 0 0 1 0 1 1 1 0 1 1 1 0 1 0 1 0 1 0 0 1 1 1 0 1 1 0 1 0 
0 1 0 0 1 0 0 0 1 1 0 0 0 0 0 1 0 1 1 1 1 0 1 1 1 1 0 0 1 1 0 1 1 0 1 0 0 1 1 0 0 1 0 0 1 1 1 1 0 0 1 0 0 0 1 1 
1 1 1 0 0 1 1 1 0 0 0 0 1 1 0 1 0 1 1 0 0 0 1 0 0 0 0 1 0 1 0 1 0 0 1 1 1 0 0 1 0 0 0 1 1 0 0 0 1 1 0 1 1 1 0 0 
0 0 1 0 0 1 0 0 1 1 1 1 0 0 0 0 0 0 0 0 1 0 0 0 0 0 0 1 1 0 1 1 0 0 0 0 0 0 1 1 1 0 0 1 0 1 0 1 1 0 1 0 0 1 1 0 
1 1 0 0 1 1 0 1 0 0 0 0 0 1 1 1 1 0 1 0 1 1 1 0 1 0 1 1 1 0 0 0 1 0 0 0 1 0 1 1 0 1 1 0 0 1 0 0 1 1 0 0 0 1 0 1 
1 1 0 0 1 0 0 0 0 0 0 0 1 0 1 1 1 1 0 0 0 0 0 1 1 0 1 1 1 1 0 0 1 0 0 0 1 0 1 1 0 1 1 1 1 1 1 1 0 1 1 0 1 1 1 0 
1 0 1 0 1 1 0 0 1 0 1 0 0 0 0 0 1 1 0 1 0 1 0 0 0 1 0 1 0 1 1 1 1 0 1 1 1 1 1 0 1 0 1 1 0 1 1 0 0 1 1 1 0 1 1 0 
0 0 1 0 1 0 1 1 0 0 0 1 1 1 0 0 0 1 1 0 0 0 0 0 0 1 1 0 0 1 1 0 1 0 0 0 1 1 1 1 1 1 1 0 1 1 0 1 0 1 1 0 0 0 0 0 
1 0 0 0 1 1 0 0 0 1 0 1 0 0 0 0 1 1 0 0 0 1 1 0 0 1 0 0 1 1 0 0 1 1 0 0 0 1 0 0 0 0 1 0 0 0 0 0 1 1 0 0 0 0 0 0 
1 1 1 0 0 1 0 1 0 1 1 1 0 1 1 0 1 1 0 0 1 1 0 0 0 0 0 0 0 1 0 1 0 1 1 0 1 0 1 1 1 0 0 1 1 0 1 0 1 1 0 0 0 0 0 0 
1 1 0 1 0 1 1 0 0 0 0 1 0 1 1 1 1 1 0 0 1 1 0 0 1 1 0 1 1 1 0 0 0 0 0 0 1 1 0 0 1 0 1 0 1 0 1 0 0 0 0 1 1 0 0 0 
1 0 0 1 1 0 1 1 0 1 1 0 0 1 0 0 1 1 0 0 0 1 0 0 1 0 1 1 1 1 1 0 0 1 1 1 1 1 1 0 0 0 0 1 0 0 1 1 1 1 0 1 0 0 1 0 
1 1 1 0 0 0 0 0 0 0 0 1 1 1 1 1 1 1 0 1 1 1 1 1 0 1 0 1 1 0 1 0 1 0 0 1 0 1 0 0 1 0 0 0 1 1 1 0 1 0 0 0 1 1 1 0 
0 0 1 1 0 0 0 1 0 0 0 0 1 0 1 0 0 1 0 1 0 0 0 1 0 0 0 1 1 1 1 1 1 0 0 1 0 0 0 0 1 1 1 0 1 0 1 0 1 1 1 1 1 1 1 1 
1 1 1 0 0 0 1 0 1 0 1 1 0 0 0 1 1 1 0 0 1 1 0 0 0 0 1 0 1 0 1 1 1 0 1 0 1 1 0 0 1 1 1 1 1 1 1 0 0 1 1 1 0 1 1 0 
1 1 0 1 1 0 0 1 0 1 1 1 0 1 1 1 0 1 1 0 0 0 0 1 1 1 0 1 1 0 1 0 1 0 1 0 0 1 1 0 1 0 0 1 1 1 1 0 0 0 0 1 0 0 0 1 
0 0 0 1 0 1 1 1 1 1 0 1 0 1 0 1 0 0 1 1 1 0 1 0 0 1 1 0 0 1 1 0 1 1 1 0 0 0 1 0 1 1 1 0 1 1 1 1 1 0 0 1 0 0 1 0 
