59 67 981
15 89 15 51 56 80 91 36 61 12 79 77 16 6 78 86 27 56 88 29 72 73 57 65 35 81 82 28 98 23 51 13 12 65 15 67 44 5 3 57 17 33 33 84 39 11 69 17 18 8 97 41 32 54 58 66 34 39 46 31 61 96 95 24 60 9 43 
56 14 97 12 82 29 96 17 19 58 37 36 76 96 84 68 27 37 25 44 22 63 89 5 24 84 99 99 96 8 41 3 73 37 66 54 66 61 22 36 19 58 71 46 53 7 13 31 43 38 74 17 100 63 21 75 98 19 74 45 78 66 47 50 3 12 55 
20 25 76 55 43 33 78 40 37 84 52 67 78 41 41 94 41 55 14 67 4 85 92 49 62 58 47 64 12 11 18 31 87 94 37 29 78 14 20 15 49 71 33 27 12 73 20 4 79 86 22 35 70 14 35 83 23 81 46 34 43 16 16 29 9 52 9 
38 18 28 4 66 99 37 92 62 61 64 65 40 49 38 74 70 51 8 4 73 40 2 58 83 17 25 63 77 77 72 14 46 99 18 11 49 6 55 62 66 18 78 5 18 16 30 39 66 89 94 91 29 95 100 63 63 25 25 39 1 48 5 46 99 74 8 
47 79 14 9 44 31 86 1 100 1 82 38 19 71 84 61 51 78 60 65 41 84 41 31 84 89 35 81 87 60 41 85 38 54 45 34 37 83 86 36 83 67 26 53 89 9 13 39 38 73 3 78 56 96 61 92 84 95 24 22 55 16 58 44 70 3 77 
58 85 14 93 19 81 70 72 69 30 36 60 20 60 62 49 16 9 9 59 44 56 82 17 10 98 75 5 19 77 34 76 13 47 20 31 27 42 54 48 23 90 7 42 1 20 91 16 29 51 26 72 6 60 89 67 57 15 72 27 43 5 54 55 3 73 37 
82 66 91 29 89 32 35 30 32 54 72 100 34 23 25 58 80 84 46 47 92 12 18 18 54 74 23 8 28 96 44 9 61 86 37 1 17 23 83 1 77 6 100 62 28 76 19 60 60 16 6 3 27 75 73 80 100 95 39 27 90 83 36 3 68 24 55 
37 47 37 37 75 43 88 36 22 63 7 81 74 22 38 77 1 64 49 80 63 43 71 42 85 53 29 39 72 52 45 60 50 82 48 24 76 35 12 49 50 70 30 23 91 19 51 43 83 51 75 97 46 45 38 82 49 66 72 20 18 16 80 19 97 79 43 
24 14 6 73 15 75 54 89 17 72 40 60 6 42 34 3 87 30 40 68 78 58 39 49 75 7 80 45 55 59 87 79 24 44 51 38 70 56 26 87 79 17 98 85 59 83 39 97 12 78 65 41 35 55 89 61 61 69 6 16 27 44 46 50 40 48 87 
9 3 64 47 81 33 44 17 91 26 55 87 89 85 3 29 71 10 18 32 70 86 89 37 64 84 82 65 23 29 3 84 83 66 30 16 98 74 32 40 51 39 79 40 23 81 20 93 90 37 76 12 74 16 100 89 100 34 53 74 14 55 9 97 73 39 12 
70 64 95 62 14 33 40 5 55 72 25 100 62 13 75 25 39 91 76 27 42 9 80 67 23 34 76 71 6 66 34 28 29 28 89 94 13 28 99 19 99 75 18 12 87 93 88 25 35 64 52 28 24 83 94 46 16 21 68 74 86 1 53 14 29 41 8 
93 20 58 11 70 32 29 34 70 73 73 47 7 88 50 34 12 32 79 9 99 100 77 24 85 77 76 51 57 68 10 49 87 67 60 9 50 40 94 71 12 66 69 18 54 18 3 17 1 81 25 100 32 1 23 17 30 51 19 86 18 28 87 57 46 98 17 
47 37 10 17 100 27 86 69 32 55 71 48 56 3 73 7 35 25 81 3 54 31 21 92 49 48 30 57 45 79 73 91 15 82 59 66 60 96 34 92 51 56 39 58 58 63 64 44 40 44 46 45 75 18 36 75 17 17 31 61 95 3 51 61 36 10 26 
95 5 59 86 7 14 77 64 24 91 27 67 30 23 65 75 49 82 62 23 99 79 5 59 25 59 62 86 46 23 11 40 79 22 78 86 87 6 49 62 96 28 29 78 50 45 4 98 26 65 72 76 95 28 87 20 86 48 57 31 70 19 22 48 92 51 85 
79 56 34 40 4 13 20 81 62 64 36 11 42 100 34 69 47 61 55 18 98 2 26 80 23 44 1 23 36 52 7 66 59 40 57 62 4 77 94 65 92 29 27 85 81 12 54 79 24 8 96 21 62 21 52 84 16 5 6 3 56 13 68 66 4 25 80 
8 53 73 24 44 54 51 29 86 14 34 64 38 41 11 58 2 83 10 38 98 14 43 1 21 55 68 38 11 44 17 18 96 42 41 92 47 43 72 32 57 5 47 94 97 57 3 99 91 64 88 88 29 30 40 1 37 60 91 47 3 7 16 51 100 56 42 
46 51 13 29 59 69 75 4 65 83 6 15 73 22 2 13 2 32 52 3 20 11 93 66 66 51 81 16 51 88 57 48 90 21 29 48 89 55 3 53 38 61 20 62 82 21 74 35 4 78 37 23 40 81 40 5 84 72 20 86 60 28 33 1 48 61 1 
88 16 3 93 5 63 12 18 96 84 44 31 88 21 19 62 60 52 2 17 35 25 36 20 36 64 4 37 63 65 89 51 32 91 43 88 6 54 5 53 89 100 35 28 72 54 90 84 57 43 100 91 67 87 62 3 50 65 91 65 81 79 15 64 21 9 3 
26 14 60 31 2 59 65 30 31 70 19 14 26 13 65 68 31 51 81 85 53 46 75 17 78 5 83 42 26 91 96 3 4 55 33 57 14 98 86 96 19 56 61 45 68 25 64 51 27 45 35 79 42 62 47 19 66 29 12 43 71 8 46 26 62 30 83 
27 79 20 22 98 76 82 94 95 58 57 45 85 53 80 63 94 41 62 65 58 90 76 1 13 35 98 38 97 79 72 23 58 92 97 7 67 78 100 61 88 8 58 72 61 89 86 6 29 47 70 38 89 98 90 1 32 87 90 28 66 62 3 75 53 99 81 
71 28 32 83 15 39 40 38 51 28 24 9 8 70 78 98 10 75 87 10 59 26 52 86 43 13 40 17 17 90 49 39 70 80 73 84 70 13 22 73 92 97 81 52 18 10 1 28 37 87 37 95 64 40 32 6 52 24 74 20 13 74 10 82 5 83 18 
75 47 91 99 90 87 79 41 4 40 93 31 76 80 20 22 95 59 54 1 63 77 26 34 41 52 44 23 56 26 92 30 24 82 28 13 68 58 6 23 98 98 54 25 29 25 47 24 83 52 76 45 80 53 31 20 4 74 94 60 51 85 41 74 66 69 38 
85 78 43 8 27 41 13 4 69 37 2 44 19 53 19 16 84 72 46 55 75 71 49 34 21 85 75 46 3 95 83 39 24 26 46 51 18 10 54 38 46 55 82 17 59 52 84 94 23 81 48 50 51 48 35 23 85 9 68 87 55 50 77 31 27 75 33 
96 84 38 34 30 44 67 98 2 18 81 95 93 61 94 42 63 42 76 85 26 37 52 64 43 53 40 73 32 14 57 27 98 94 12 79 37 30 28 90 100 8 84 44 20 30 85 82 71 12 18 48 100 21 11 95 73 50 19 56 16 76 35 13 69 46 43 
6 28 70 95 27 29 31 22 48 60 6 81 82 69 98 29 69 70 39 15 42 40 33 50 55 8 84 19 29 81 13 34 60 82 80 38 62 62 59 61 73 64 41 54 85 90 82 5 59 72 19 53 12 51 54 18 11 37 37 39 69 49 24 29 83 3 66 
44 17 25 5 89 40 97 95 24 39 76 80 49 48 98 1 11 1 54 28 11 42 16 1 11 17 24 39 99 78 4 94 94 80 98 35 20 47 29 43 85 56 23 33 55 72 86 65 72 91 45 34 85 60 34 95 76 9 85 26 87 40 20 32 20 69 66 
39 15 94 33 51 50 7 84 4 79 21 21 2 63 65 88 47 76 21 93 4 30 77 29 68 69 100 99 40 69 65 78 35 10 62 86 11 69 21 67 99 41 87 52 55 3 39 2 30 12 94 85 93 23 14 60 43 65 10 82 33 74 11 20 36 72 5 
98 92 25 64 90 17 2 94 71 56 32 24 38 95 70 22 87 92 87 98 86 52 8 67 36 33 77 55 20 48 11 18 92 35 81 33 3 35 26 26 42 58 1 79 52 70 1 91 13 87 88 98 38 47 64 74 80 92 80 99 92 91 16 83 77 49 15 
32 35 41 57 76 50 9 55 53 79 55 43 91 41 83 41 31 29 4 56 60 48 35 59 39 25 26 21 54 74 87 85 8 27 41 36 28 1 90 81 79 96 75 22 36 9 62 18 90 17 73 49 64 60 7 2 84 33 74 89 58 61 73 18 39 65 53 
19 66 94 51 44 89 77 65 76 86 78 94 75 95 18 23 10 77 82 12 13 66 37 1 75 49 74 92 40 38 96 58 3 89 8 47 77 36 63 53 21 93 98 47 87 15 22 96 92 3 59 4 68 48 4 94 96 29 86 35 67 33 44 69 22 3 67 
50 39 82 54 11 74 51 58 12 18 79 59 9 33 18 64 52 65 19 45 12 48 30 47 14 15 90 34 36 45 53 37 83 34 43 93 59 45 50 70 62 80 80 22 12 97 37 63 13 56 60 25 3 41 23 68 55 64 53 42 8 5 79 90 90 21 83 
100 17 84 21 79 64 1 52 27 97 89 42 62 96 1 38 50 41 60 17 96 75 21 37 83 26 67 24 67 39 58 67 56 42 87 86 57 87 37 35 36 77 76 49 72 28 86 21 69 97 89 16 71 10 52 5 87 71 29 53 9 86 71 16 79 10 1 
35 48 90 22 35 18 97 83 90 25 20 10 45 16 51 60 39 60 63 43 46 33 71 50 94 9 73 61 87 82 14 22 29 3 95 64 20 43 98 61 67 18 23 63 85 73 74 75 32 37 18 29 21 40 30 66 48 2 27 35 83 40 8 12 94 2 27 
65 44 24 26 63 93 48 77 30 72 51 4 3 87 73 83 59 13 12 25 12 14 51 46 96 42 5 59 35 6 37 51 2 61 76 16 5 75 92 34 46 42 90 100 80 62 82 39 74 94 63 38 59 65 83 6 58 40 65 92 97 1 42 98 13 70 65 
70 44 57 55 42 50 44 41 30 6 23 68 31 68 82 68 78 98 3 83 55 42 47 98 38 100 39 88 64 60 52 85 56 8 40 97 58 83 37 39 88 11 58 71 30 39 38 7 36 92 90 42 85 88 39 23 39 29 62 55 89 13 39 44 73 78 40 
82 61 28 20 100 91 77 70 72 67 60 79 54 3 20 95 88 59 85 10 50 13 23 4 1 87 94 44 59 72 35 92 84 15 63 35 5 91 57 76 57 16 6 62 18 25 8 57 36 92 18 85 5 40 88 57 27 81 53 37 4 87 29 39 53 43 74 
57 34 30 85 42 97 90 4 66 67 11 23 54 55 40 38 59 80 77 67 58 9 19 94 13 58 74 51 10 17 76 19 50 5 55 91 1 44 46 67 62 9 89 15 63 80 4 73 59 80 39 68 41 10 62 5 67 35 7 28 3 83 98 52 87 52 95 
40 48 40 6 9 100 46 76 62 25 31 86 36 63 25 3 3 34 16 7 52 3 65 31 5 47 29 57 86 80 3 25 27 94 30 88 94 27 15 7 51 45 93 38 59 69 41 13 54 8 71 5 10 36 35 15 82 15 23 67 95 77 91 73 70 72 60 
63 98 74 22 1 71 14 90 81 82 30 94 87 90 64 91 99 99 77 65 81 44 87 99 38 63 42 10 85 13 22 99 63 47 20 15 17 85 4 98 66 86 43 4 75 6 94 25 5 23 90 37 66 28 87 55 43 28 16 27 93 37 77 7 84 97 21 
52 81 76 1 99 13 43 2 87 49 48 64 5 22 5 93 39 32 79 45 26 7 60 4 51 97 81 57 80 29 29 83 9 56 84 59 69 26 61 7 26 60 70 30 33 74 74 71 58 53 15 83 11 74 39 61 22 19 69 53 47 49 36 7 4 71 66 
72 96 78 31 74 89 52 55 21 26 29 43 35 81 57 69 43 82 7 55 56 77 23 8 75 71 95 82 26 65 99 50 61 28 80 86 68 31 40 88 8 68 30 42 100 38 11 94 71 69 48 26 46 70 34 20 92 28 53 70 93 3 19 5 82 50 42 
49 32 81 36 40 1 17 33 52 54 95 46 25 64 45 50 61 67 35 32 10 15 37 79 59 39 49 15 21 98 56 21 30 88 57 21 40 73 53 92 79 48 89 55 63 33 56 75 99 91 6 9 5 94 39 15 33 88 29 5 85 84 25 66 23 33 86 
63 58 91 54 88 90 94 42 52 78 97 78 77 39 83 37 95 77 27 9 61 14 37 17 51 72 93 16 95 26 54 57 35 44 62 22 33 55 63 36 32 11 13 60 50 47 48 44 75 27 53 35 40 41 3 42 13 96 10 59 73 63 15 7 58 28 80 
42 34 42 77 17 4 41 29 53 87 76 49 62 2 1 48 94 93 51 87 5 98 96 15 70 58 29 28 67 8 7 8 41 100 36 58 3 76 86 8 15 13 56 28 67 8 75 12 100 77 98 57 26 94 71 47 3 52 74 70 11 32 29 52 83 65 61 
86 92 46 45 58 10 52 85 76 59 12 39 10 40 37 18 66 82 41 64 84 44 90 5 54 21 34 57 4 50 17 41 93 14 37 51 24 88 35 51 98 98 90 59 38 78 77 55 59 69 18 42 64 59 99 17 32 84 74 87 33 42 79 77 56 15 27 
79 2 14 81 99 11 22 57 100 99 85 54 9 5 24 3 68 34 1 37 65 84 62 51 68 3 29 44 58 43 23 88 96 36 21 94 98 42 3 98 41 39 3 49 96 26 51 63 60 3 51 24 86 12 27 53 15 55 49 24 50 71 64 45 6 84 91 
3 25 45 100 17 83 55 18 30 80 68 45 91 23 95 67 8 7 93 13 73 99 61 96 100 83 11 97 40 94 87 42 19 31 94 35 65 48 52 47 79 72 91 22 94 85 88 53 43 32 17 15 82 29 63 82 11 73 78 50 67 16 44 37 98 37 23 
62 36 27 60 66 98 50 87 43 35 74 47 77 57 64 44 39 92 6 72 3 30 49 52 48 64 95 84 61 83 59 74 70 85 34 36 34 35 74 76 69 100 22 98 56 37 41 94 29 98 65 31 27 65 34 27 80 81 10 92 15 20 18 37 4 3 24 
37 37 97 64 58 96 86 55 4 22 47 97 2 44 14 32 22 30 18 48 10 50 10 53 64 29 70 100 33 72 75 69 61 72 85 18 19 70 72 22 43 18 71 97 13 84 80 34 65 97 82 74 46 43 27 62 71 48 13 55 20 88 76 32 59 60 49 
29 81 72 51 75 89 21 71 53 56 51 86 20 47 19 46 45 61 24 6 84 71 70 38 42 57 13 73 67 72 73 96 4 44 46 79 32 18 49 36 73 99 22 44 98 92 89 42 53 64 99 88 35 68 25 28 25 90 53 43 13 25 38 17 69 35 95 
52 52 43 88 76 94 61 20 91 52 60 84 4 76 82 43 10 1 68 89 77 9 41 20 73 18 9 89 86 44 35 89 95 30 76 23 23 36 42 65 88 53 48 43 28 81 38 89 33 57 30 10 65 70 81 37 39 89 78 24 32 64 65 79 93 40 1 
67 28 94 83 67 46 82 61 26 14 98 66 47 54 95 8 70 17 88 59 55 28 36 31 12 51 95 90 44 86 42 62 65 35 97 31 32 78 44 9 92 93 75 90 99 69 97 68 37 36 26 92 63 13 74 74 64 68 15 59 5 56 72 70 42 68 52 
26 46 95 34 89 40 8 78 38 29 74 5 17 61 83 8 23 95 33 49 58 100 15 68 5 23 40 26 64 59 77 89 56 24 75 44 63 34 73 100 62 98 4 79 58 86 38 81 33 71 81 42 22 95 10 78 69 1 3 33 59 80 73 15 3 47 10 
65 81 83 16 94 80 71 24 38 9 14 70 41 36 2 82 57 48 43 35 17 95 89 49 54 68 73 20 22 20 29 86 52 63 53 45 95 24 21 32 32 34 53 72 69 54 5 77 53 100 11 69 94 100 69 99 19 42 70 41 13 51 78 64 13 31 60 
7 54 80 90 37 65 42 8 85 47 64 62 100 15 72 20 9 23 89 59 94 30 29 34 94 79 11 9 43 93 68 50 98 100 91 34 16 85 93 1 83 57 62 34 71 85 54 31 8 42 42 1 23 70 86 16 100 48 24 42 41 43 43 38 94 34 72 
10 18 64 10 52 72 23 86 95 7 39 77 66 80 18 18 54 39 3 21 38 51 44 80 43 38 22 32 32 7 55 93 76 71 2 28 42 76 13 88 82 51 65 48 82 82 65 87 73 20 7 10 70 2 41 64 39 63 95 22 21 50 14 49 20 67 76 
13 42 40 1 76 42 17 23 75 50 39 61 22 58 67 32 27 20 72 42 10 86 37 32 59 38 97 7 9 16 82 21 9 21 73 84 62 89 58 88 39 97 48 12 54 66 43 33 85 67 74 94 52 62 77 10 51 74 16 59 41 49 32 49 21 4 85 
34 45 42 21 35 38 68 46 44 33 89 76 69 7 49 63 58 63 39 20 13 64 87 72 4 36 55 5 8 58 89 42 54 30 62 88 20 82 34 63 66 74 38 35 80 38 97 37 52 87 8 65 51 95 88 54 82 42 58 41 51 98 82 5 28 96 92 
99 29 25 61 94 50 98 28 29 87 76 66 39 63 25 55 65 71 42 70 52 35 80 93 85 77 26 41 56 73 85 54 1 61 14 95 11 63 74 39 50 50 56 40 64 81 94 80 51 87 49 55 21 28 99 57 5 76 50 60 49 34 14 49 94 79 43 
1 1 0 0 0 1 1 1 0 1 0 1 0 0 1 0 0 1 0 0 1 1 1 0 1 0 1 0 0 0 0 1 1 0 1 1 1 1 0 1 0 0 0 0 0 0 0 0 1 0 0 0 0 0 0 1 0 0 1 0 0 0 0 1 0 1 0 
0 0 0 1 1 0 0 1 0 0 0 0 1 0 0 1 0 0 1 0 1 1 1 1 1 1 1 0 0 1 0 0 1 0 1 0 0 1 0 0 1 0 0 0 0 1 1 1 1 1 1 0 0 0 0 0 0 1 0 0 0 1 0 0 1 1 0 
0 1 0 0 0 0 1 1 1 0 0 0 1 1 1 0 0 1 0 0 1 1 0 1 0 1 1 0 1 1 0 1 0 1 1 0 1 0 1 0 0 0 0 0 1 1 0 1 1 0 1 0 1 0 0 1 1 1 1 0 0 0 1 0 1 1 1 
0 1 0 1 0 0 1 0 0 1 0 1 0 0 1 0 1 1 0 1 0 0 0 1 0 0 0 1 1 1 0 0 1 0 1 1 1 0 1 1 1 1 0 1 1 1 0 0 0 0 1 1 0 0 0 1 0 0 0 0 0 0 0 1 0 1 0 
1 1 1 0 1 0 1 0 1 0 0 1 1 1 1 0 1 1 0 0 1 0 0 1 0 0 1 1 1 0 1 0 0 0 1 1 0 0 1 1 0 0 1 1 1 0 1 0 1 1 1 0 0 1 0 0 0 1 0 1 0 1 1 0 0 0 1 
0 0 0 0 1 0 1 0 1 1 0 0 0 1 1 0 1 0 0 0 0 0 0 1 0 1 1 0 1 1 1 0 0 1 0 1 0 1 1 1 0 1 1 0 1 0 0 0 1 1 0 1 1 0 1 1 0 0 1 1 1 0 1 1 1 1 0 
1 0 0 1 0 1 0 0 0 1 1 1 0 0 1 1 1 0 0 0 0 0 1 1 0 1 1 1 0 0 0 0 1 0 1 1 1 1 0 0 0 1 1 0 1 0 0 0 0 0 0 0 1 1 0 1 0 1 0 0 1 0 0 0 0 1 0 
0 1 0 0 1 1 1 0 0 1 0 0 0 0 0 0 1 1 0 0 1 1 1 1 1 1 0 1 0 1 1 0 0 1 0 0 0 1 0 0 0 0 0 0 0 0 1 0 1 1 0 0 1 1 0 0 1 0 1 1 1 1 1 0 0 1 0 
1 0 0 1 0 0 0 1 0 0 0 0 0 1 1 0 0 0 0 0 1 0 0 0 0 1 1 0 1 0 0 0 0 0 0 1 0 0 0 0 0 0 1 0 1 0 1 0 0 1 0 0 0 0 0 0 1 0 0 1 0 0 1 1 0 1 0 
0 1 0 0 0 0 1 0 1 1 1 1 0 1 0 0 1 0 0 1 0 0 1 1 1 1 0 0 1 0 0 1 1 0 1 1 0 1 0 1 0 1 1 0 0 1 0 1 1 1 0 1 1 1 0 0 0 1 0 1 1 0 0 0 0 0 0 
0 1 0 0 1 1 1 0 0 0 0 1 1 1 0 1 1 1 1 1 0 0 0 1 1 0 0 0 1 0 0 1 1 0 1 0 1 0 0 1 0 1 1 0 0 1 1 1 0 0 1 0 1 1 0 0 1 0 0 0 0 0 0 1 0 1 1 
0 0 0 1 0 1 0 0 1 1 1 1 0 0 0 0 1 1 0 1 0 0 0 1 0 0 1 1 1 0 1 1 0 1 0 1 0 1 1 1 0 1 0 0 1 0 1 0 1 1 1 0 0 1 1 0 0 0 0 1 0 1 0 1 0 0 0 
0 1 1 1 0 0 0 0 1 0 1 1 0 1 1 0 1 0 1 1 0 1 1 1 1 0 1 0 0 0 0 0 1 0 0 1 0 0 0 0 0 1 1 0 0 0 0 1 1 1 1 1 0 0 1 0 1 0 0 1 0 1 0 0 1 0 1 
1 0 1 1 0 1 1 1 1 1 1 1 0 1 0 0 1 0 1 1 1 1 0 1 0 1 1 0 0 1 1 1 1 1 1 1 0 0 0 1 1 0 0 0 1 0 0 0 1 1 0 0 0 0 1 0 1 0 0 1 1 0 0 0 1 1 0 
1 1 0 0 1 0 1 1 1 1 1 0 0 0 0 1 0 0 0 1 1 1 1 0 0 1 0 1 0 0 1 1 1 1 0 0 0 1 1 1 0 0 1 1 0 1 0 1 1 0 0 0 1 1 0 0 1 1 1 1 1 0 1 0 1 1 1 
1 0 0 1 0 1 0 1 1 0 1 0 1 0 0 0 1 0 0 1 1 1 0 0 0 0 1 1 0 0 0 1 0 0 0 1 1 1 0 1 1 0 1 0 0 0 0 1 0 1 1 1 0 1 1 1 0 1 0 0 1 0 1 0 0 0 1 
0 1 1 1 0 1 0 0 1 0 1 1 0 0 0 1 0 1 1 1 1 0 1 1 1 1 1 1 0 1 0 0 0 0 1 0 1 1 0 1 0 1 0 0 1 0 0 0 1 1 1 1 1 1 0 0 0 1 0 0 0 0 0 0 0 1 0 
0 1 1 1 1 0 1 1 0 1 1 0 0 0 1 1 1 0 0 0 1 1 0 1 0 0 0 0 1 1 1 1 0 0 0 1 0 1 1 0 0 0 0 0 1 0 0 0 0 0 0 1 1 0 1 1 1 1 0 0 0 1 1 1 1 1 0 
1 0 1 0 0 0 0 0 1 0 0 1 1 0 0 0 0 0 1 1 1 0 1 1 1 0 0 0 1 1 0 1 1 0 1 1 0 1 0 1 0 0 0 1 1 0 1 1 1 1 0 0 1 0 0 0 0 0 0 0 0 1 1 1 1 0 1 
1 1 1 0 1 1 0 0 0 1 0 1 0 1 0 0 0 0 0 1 0 1 1 0 1 0 1 0 1 1 1 0 1 0 0 0 0 1 1 0 0 1 0 0 0 0 0 0 0 1 1 0 0 1 1 1 1 0 1 1 0 1 1 1 1 0 1 
1 1 0 0 1 1 0 1 1 0 1 0 0 0 1 0 0 0 1 1 0 0 1 1 0 0 0 1 1 0 0 1 1 1 1 0 0 1 1 0 1 1 0 1 1 1 1 0 0 1 1 0 1 0 1 1 0 1 0 0 0 0 1 1 1 0 0 
0 1 1 0 0 0 0 1 0 1 0 0 1 1 1 1 0 0 0 1 0 0 1 0 0 0 1 1 1 1 1 1 0 1 1 0 1 1 1 1 1 0 1 0 1 1 0 0 1 0 1 1 0 1 0 0 1 1 0 0 1 1 0 1 0 1 0 
0 1 1 1 0 1 1 0 1 0 0 1 1 1 0 0 1 1 0 0 0 0 0 1 1 1 1 0 0 0 0 0 1 0 1 1 1 0 0 0 0 0 1 1 1 0 0 1 1 0 1 0 0 1 1 1 0 0 0 0 0 0 0 0 0 0 1 
0 0 1 0 1 0 0 0 1 0 0 0 1 1 1 1 1 0 0 1 1 0 1 1 1 1 0 1 0 0 0 0 0 0 0 1 0 0 0 1 0 0 0 0 1 1 1 1 0 0 0 1 0 1 0 1 0 0 0 0 0 1 0 1 1 1 0 
1 1 0 0 0 1 0 0 0 0 1 1 0 1 1 1 0 0 1 1 1 0 0 1 0 1 0 1 0 1 0 1 0 0 1 0 1 0 0 0 0 0 1 0 1 1 1 1 1 0 1 0 0 1 0 1 0 0 0 0 1 0 1 1 1 0 0 
0 0 0 0 0 0 0 0 0 1 1 1 0 0 0 1 0 1 1 1 1 1 0 1 0 0 0 1 1 1 1 0 1 0 0 0 0 0 0 0 1 0 0 0 0 0 1 0 0 0 0 1 1 0 1 1 0 1 0 0 0 0 0 0 0 0 0 
0 1 0 1 0 0 1 0 0 1 1 1 1 1 1 1 0 1 0 1 1 1 0 1 0 0 1 0 0 0 0 0 1 0 1 1 1 0 0 1 0 1 0 1 1 1 0 1 0 0 1 0 0 1 1 0 1 1 0 1 1 0 1 0 0 1 1 
1 1 1 1 1 1 1 1 0 1 1 1 1 0 0 1 0 1 1 0 0 0 0 1 1 0 1 1 0 0 0 0 1 0 1 1 1 0 0 1 1 1 0 1 1 1 0 1 0 1 1 1 1 1 0 0 1 1 1 0 1 0 0 1 0 1 0 
1 1 0 0 1 1 0 0 1 1 0 0 0 0 0 1 1 1 1 0 1 1 1 1 0 1 1 1 1 0 1 0 1 1 0 0 1 1 0 0 0 1 0 0 1 0 1 0 0 1 0 1 0 0 0 0 1 1 0 1 1 1 1 0 1 0 1 
0 1 1 0 1 0 0 0 1 1 1 0 1 0 0 0 0 0 0 1 0 1 1 1 0 0 0 0 1 0 1 1 1 1 1 1 1 0 1 1 1 0 1 0 1 1 0 1 0 0 0 0 1 1 1 1 0 1 1 1 0 1 1 1 0 0 0 
1 0 1 0 1 0 1 1 1 1 1 0 1 1 1 1 0 0 0 1 0 1 1 0 1 0 1 1 0 1 1 1 0 1 0 1 1 1 1 0 0 0 0 1 0 1 0 0 0 0 0 0 0 1 0 1 1 1 0 1 1 0 0 1 1 0 0 
0 0 1 0 0 0 0 0 0 0 0 0 0 1 0 0 1 1 1 0 0 0 1 1 1 1 0 0 0 0 1 0 0 0 0 1 0 0 1 0 0 1 1 0 0 1 1 1 1 0 0 1 0 1 1 0 0 1 0 0 1 1 0 0 0 0 1 
0 0 0 1 1 1 0 1 0 1 0 1 0 0 1 0 1 0 1 1 0 0 1 0 1 1 0 1 1 0 0 1 1 0 0 0 0 0 1 0 0 0 1 0 0 1 0 1 1 1 0 0 1 0 0 1 1 1 0 0 1 1 1 0 1 0 0 
1 0 0 1 0 0 1 1 0 0 1 0 1 1 0 1 0 0 0 1 1 1 0 1 0 1 1 1 0 1 1 0 1 1 1 0 1 0 1 0 0 0 0 0 1 0 1 0 1 1 1 0 0 1 0 1 0 1 0 1 0 1 1 1 1 0 1 
0 1 0 0 1 1 0 1 0 1 1 0 0 0 0 0 1 1 0 0 0 1 0 1 1 1 0 1 0 0 0 1 1 1 1 1 0 0 0 0 1 1 1 1 0 1 1 1 0 0 1 0 1 1 1 1 0 1 0 1 0 0 0 1 1 1 0 
1 1 1 0 0 0 1 1 0 0 1 1 0 1 0 1 0 1 0 1 0 0 1 1 0 0 1 1 1 0 0 1 0 1 1 0 1 0 0 0 0 1 1 0 0 0 1 0 1 0 0 1 0 1 0 0 1 1 1 1 0 1 0 0 0 1 0 
0 1 0 0 1 1 1 1 1 1 1 0 1 1 0 0 1 1 1 1 1 0 0 0 0 0 0 0 0 1 1 0 0 1 0 1 1 0 0 0 1 1 0 0 0 0 1 1 0 0 0 1 0 1 1 1 1 1 1 1 0 0 0 0 0 0 1 
1 0 1 1 0 1 0 0 1 0 1 1 0 1 1 1 0 0 0 1 1 1 0 1 1 1 1 1 1 1 0 0 0 0 1 0 1 1 0 0 0 0 1 0 1 1 0 1 1 0 0 1 0 1 0 1 0 1 1 1 0 1 1 0 1 0 0 
0 0 1 1 0 1 0 0 0 1 0 0 1 1 0 0 1 1 0 0 1 1 1 0 1 1 1 0 0 0 0 1 0 1 0 0 0 0 0 1 0 1 1 1 0 1 1 1 1 1 1 0 0 1 1 1 0 0 1 0 0 0 1 0 1 1 0 
0 0 1 1 0 0 0 1 0 1 0 1 0 1 0 1 1 1 0 0 1 0 0 0 1 0 1 1 1 1 0 1 1 1 0 1 1 0 0 1 0 0 0 0 1 0 1 0 0 1 0 1 0 0 1 1 0 1 0 0 0 0 1 1 1 0 0 
0 0 0 1 0 0 1 1 1 0 0 1 0 0 1 1 0 0 1 1 0 0 1 0 0 0 0 1 1 0 1 0 0 1 1 1 1 1 0 0 1 0 1 1 0 0 0 0 0 1 1 1 1 1 1 1 1 1 0 0 1 1 0 0 0 0 1 
1 1 1 1 0 1 0 1 0 1 1 0 1 1 0 0 0 1 0 0 0 1 0 0 1 0 1 1 0 1 0 0 0 1 1 0 0 0 1 0 1 0 1 0 1 1 1 0 0 1 0 0 0 0 0 1 0 1 0 1 0 0 1 0 1 0 0 
0 0 1 0 1 0 1 0 1 0 1 1 0 0 1 0 0 0 1 0 0 0 0 1 1 1 0 1 0 1 0 0 1 1 1 1 1 0 1 1 1 0 0 1 0 0 0 0 0 1 0 0 1 1 0 0 0 0 0 0 1 0 1 1 1 0 0 
1 0 1 0 1 1 0 1 1 0 1 1 0 0 0 1 1 1 1 0 1 1 0 1 1 0 0 0 1 0 0 0 1 1 0 0 0 1 1 1 1 0 0 0 0 0 1 0 1 0 0 0 1 0 0 0 0 0 0 1 1 0 0 0 1 0 0 
1 1 0 0 1 0 1 1 1 1 0 1 1 0 1 1 1 1 1 0 1 0 0 0 1 1 0 1 0 1 1 0 0 1 0 1 0 1 0 1 1 0 0 0 0 1 1 0 0 1 0 1 1 0 1 0 1 0 1 0 1 0 0 1 0 0 1 
0 0 1 1 1 0 1 1 0 0 0 0 0 1 0 1 0 1 0 0 0 0 1 0 1 0 0 1 0 1 0 0 1 1 1 0 1 0 1 0 0 1 0 0 1 1 1 1 0 1 0 0 0 1 1 1 1 1 0 1 0 0 1 1 0 0 1 
1 0 0 1 0 0 0 0 1 1 1 0 1 1 0 1 1 0 0 0 1 0 1 1 0 1 0 0 1 1 1 1 1 0 0 0 0 0 0 1 1 0 1 0 1 0 0 0 0 0 0 1 0 1 0 1 1 1 1 0 0 0 1 1 0 0 1 
0 0 0 1 0 0 1 0 1 1 0 1 1 1 1 0 1 1 1 0 0 0 1 0 0 0 0 1 0 0 1 1 0 1 0 0 1 1 1 0 0 1 1 1 0 0 0 0 1 1 0 1 1 0 0 1 0 0 0 0 0 1 1 0 0 0 1 
1 1 0 1 0 1 0 1 0 1 1 0 0 0 0 0 1 0 0 0 0 0 1 1 0 0 0 0 1 0 1 0 0 1 0 0 1 0 1 1 1 1 1 0 1 1 0 1 0 0 1 0 0 0 1 0 1 0 0 0 0 0 0 0 1 0 0 
0 1 0 1 0 1 0 0 0 0 0 1 0 0 1 0 0 1 0 0 0 0 1 0 0 1 1 1 0 1 1 1 0 1 0 1 0 1 1 1 1 0 0 1 0 1 1 1 1 1 1 1 1 0 0 0 1 1 1 0 0 0 1 1 0 1 0 
0 0 1 1 1 1 0 0 0 1 0 1 0 1 0 0 1 1 0 1 0 1 0 0 1 0 1 0 0 1 0 1 1 0 0 1 1 0 1 1 0 1 0 0 1 1 0 0 0 0 1 0 1 1 1 1 1 0 1 0 1 0 1 1 0 1 0 
1 0 1 1 0 1 1 0 0 0 1 0 0 1 1 1 1 0 0 0 1 0 1 1 0 1 0 1 1 0 1 1 0 0 0 0 1 1 0 1 0 1 1 0 1 0 1 0 0 1 0 0 0 1 1 0 1 0 1 0 0 0 1 0 0 1 0 
0 1 0 1 1 0 1 1 1 1 1 1 0 0 1 0 0 0 1 0 1 1 1 0 1 1 1 1 0 1 1 0 0 0 1 1 0 0 0 1 0 1 0 0 0 1 0 0 1 1 1 1 1 0 1 0 0 0 0 0 1 1 0 1 1 1 0 
1 0 1 0 0 0 0 0 0 1 0 1 1 1 0 0 0 0 1 1 0 1 1 0 1 0 0 0 0 0 1 1 0 0 0 0 0 0 0 1 0 0 0 1 1 0 1 0 0 0 1 1 1 0 1 0 0 0 1 0 0 0 0 0 0 0 0 
0 0 0 1 0 0 1 1 1 1 0 1 0 0 0 1 0 0 0 0 1 0 1 1 0 1 1 0 1 1 0 0 0 0 1 0 0 1 0 0 0 0 1 0 1 0 1 1 0 0 1 1 0 1 1 1 0 0 1 0 0 0 0 0 0 1 0 
1 0 0 1 1 1 0 1 0 0 1 1 1 1 0 0 1 1 1 0 0 0 0 0 0 0 0 0 0 1 0 1 0 1 0 1 0 1 0 0 1 1 1 0 0 1 1 0 1 0 0 1 0 0 1 0 0 1 0 1 0 1 0 0 0 1 1 
0 0 0 0 1 1 1 0 0 0 1 0 1 1 0 0 0 1 1 0 1 0 1 0 1 0 1 1 0 0 1 0 0 1 0 1 0 1 1 0 1 0 0 1 0 1 1 0 0 1 0 1 1 1 0 0 1 1 0 1 1 1 1 1 0 1 0 
0 0 0 1 0 0 1 1 0 0 0 0 0 1 1 0 1 0 0 1 0 1 1 1 0 0 1 1 0 0 1 1 1 1 0 1 0 1 0 0 0 0 1 0 0 0 0 1 0 0 0 0 1 0 0 1 0 1 0 1 1 0 0 0 1 0 1 
1 1 1 0 1 0 1 0 0 1 0 1 1 1 1 0 0 1 0 0 0 1 0 1 0 0 1 1 0 1 0 1 0 0 1 0 0 0 0 0 1 0 1 1 1 0 1 0 0 1 0 0 0 0 1 0 1 0 1 1 1 0 0 1 0 0 1 
