51 51 965
13 34 77 10 44 93 53 72 68 9 82 62 98 99 45 87 26 38 49 81 99 77 73 66 58 92 96 85 44 62 11 9 95 39 18 38 32 22 62 51 30 43 12 79 41 9 65 66 46 66 99 
97 42 23 14 99 66 9 36 62 71 46 70 17 84 87 7 67 8 68 18 89 10 29 19 51 89 36 68 35 53 18 31 46 40 44 96 6 4 31 19 74 28 88 91 12 26 49 78 85 16 47 
25 25 28 95 27 16 30 95 50 34 12 32 79 4 75 75 61 31 57 79 4 85 18 46 96 95 46 25 79 61 24 3 38 51 97 64 66 79 10 68 12 74 99 43 29 26 17 89 56 25 19 
11 9 36 9 56 30 54 81 60 15 4 14 4 6 62 67 71 92 29 38 4 2 89 98 30 14 14 70 69 38 88 79 99 75 87 54 56 93 86 15 7 41 80 10 46 41 28 69 33 56 58 
88 9 46 85 90 59 50 59 27 39 98 58 37 72 96 91 27 88 28 93 46 69 72 7 66 65 87 34 97 94 92 36 3 89 20 44 48 69 55 26 7 52 83 96 24 31 38 2 70 65 47 
16 85 18 74 51 34 60 36 82 6 79 17 60 68 36 3 15 56 57 40 15 9 75 10 84 57 47 37 26 63 83 93 48 53 67 98 86 78 33 68 83 64 84 42 31 72 97 45 27 53 36 
41 13 62 50 48 18 48 85 44 11 67 88 58 71 6 7 57 36 91 76 18 54 11 12 84 82 8 80 9 12 16 1 77 29 3 24 47 2 8 42 12 27 29 21 97 87 27 53 22 70 80 
91 23 91 2 59 72 61 38 32 25 5 85 1 34 87 24 32 88 84 73 52 10 53 72 6 39 51 11 12 20 90 3 94 80 4 4 4 17 42 87 41 98 71 93 31 57 68 62 97 51 86 
100 12 91 71 18 81 73 28 93 44 69 95 90 49 50 93 4 66 34 90 58 32 61 2 14 69 70 28 65 72 65 64 84 55 87 1 36 11 80 28 55 48 22 44 48 71 36 51 89 22 41 
46 5 1 48 18 21 69 97 38 40 62 1 75 16 39 27 51 50 6 30 56 6 51 99 53 74 86 56 62 7 96 59 11 48 6 81 68 26 29 57 18 90 58 92 58 48 19 60 49 76 90 
4 81 92 54 86 65 40 41 26 98 36 85 61 35 42 41 54 20 69 11 37 11 20 80 68 19 98 27 68 74 16 23 6 60 77 91 24 16 31 2 13 18 38 73 4 79 65 10 50 86 20 
86 96 91 66 15 61 15 41 28 40 9 51 46 68 79 88 43 94 19 44 58 88 81 83 44 12 99 53 61 36 24 99 31 14 64 45 26 30 38 54 70 98 56 15 65 34 2 59 79 72 3 
88 12 83 22 55 46 21 7 7 56 30 57 39 95 20 35 20 1 24 25 70 21 32 36 37 65 90 96 95 61 50 83 24 32 4 78 30 76 84 88 84 65 44 74 11 15 8 83 15 84 7 
85 4 39 20 93 55 9 40 50 22 89 32 45 72 87 75 1 15 10 88 98 75 31 71 37 97 30 19 12 13 78 96 69 16 67 13 70 28 52 71 1 40 54 45 11 41 71 64 55 81 3 
4 7 86 26 43 82 55 14 93 20 91 40 88 6 7 100 27 86 3 50 86 42 3 82 4 43 53 19 49 33 22 4 39 7 29 33 88 84 46 33 3 36 72 42 93 30 93 72 15 95 21 
52 36 23 34 91 18 86 10 66 70 31 22 60 89 50 92 76 33 90 8 87 25 32 80 70 61 72 41 28 66 13 79 53 35 64 96 52 49 5 70 70 87 91 29 75 92 73 2 77 62 10 
63 38 93 95 7 53 66 99 32 84 11 63 88 46 26 83 49 27 39 70 96 25 12 77 51 4 49 53 80 10 14 94 47 6 88 6 10 6 4 94 41 67 56 28 64 33 63 12 59 1 34 
7 26 45 35 28 100 83 80 31 44 45 77 42 50 64 47 12 21 3 5 61 69 60 41 32 92 3 95 3 3 80 61 80 77 95 60 76 29 39 59 72 84 35 13 85 50 12 96 71 66 100 
83 86 11 75 17 55 77 63 9 32 43 69 63 19 15 22 46 95 61 4 66 96 38 30 32 88 93 80 10 58 31 92 43 94 67 11 48 95 26 56 26 20 76 41 38 42 62 35 36 74 39 
53 21 28 82 53 15 27 84 76 36 14 68 31 7 86 93 54 32 18 61 10 37 88 50 26 81 11 13 16 85 51 68 5 30 2 9 97 80 92 72 15 6 91 45 64 76 38 18 60 7 30 
69 96 70 70 73 50 80 85 66 16 87 85 21 17 38 81 13 17 73 84 84 30 75 80 93 2 17 62 13 76 92 81 71 13 50 43 62 82 28 79 97 14 16 69 82 53 50 94 22 22 30 
57 51 56 36 95 9 5 57 22 80 100 54 2 12 56 44 25 37 23 4 33 89 19 54 70 23 3 16 96 76 45 4 78 52 92 72 60 96 80 81 27 79 35 28 42 90 23 67 26 98 70 
10 86 40 15 7 14 69 22 62 44 18 65 73 69 56 97 29 3 76 61 81 55 95 8 96 36 83 62 13 80 83 75 17 74 89 23 88 58 97 1 53 14 65 26 35 73 22 15 27 97 75 
8 3 22 67 51 57 49 64 70 80 99 96 48 72 84 71 59 93 19 11 46 84 76 71 18 100 44 32 26 92 59 33 47 80 100 97 88 100 12 57 32 10 4 79 82 88 1 92 32 19 3 
77 3 30 99 72 29 94 4 6 86 14 91 32 93 42 80 80 41 91 89 72 1 92 51 34 31 51 25 63 22 27 91 24 8 90 95 36 83 50 94 20 63 84 51 7 25 82 87 17 73 27 
89 25 70 91 58 1 93 82 15 14 61 5 89 68 46 36 56 81 85 49 100 100 84 3 6 8 84 44 24 8 70 64 32 40 54 89 92 99 23 6 64 83 62 53 2 60 40 57 92 76 57 
91 75 40 45 33 47 81 28 23 40 50 86 24 41 92 12 32 42 86 89 5 68 2 9 22 61 48 78 52 76 35 95 2 74 91 34 73 23 14 47 63 63 32 86 3 75 49 86 16 35 74 
73 54 27 81 27 40 81 5 43 56 91 37 57 16 80 43 88 54 56 86 16 18 18 53 72 44 54 57 12 40 82 84 45 8 16 72 47 96 76 90 51 18 78 60 33 9 2 73 63 9 58 
30 78 27 83 49 71 88 5 34 27 38 17 71 45 32 94 44 80 21 85 30 38 62 41 23 71 94 95 85 2 4 14 79 31 48 27 53 35 83 86 13 20 54 36 17 85 29 12 64 50 96 
46 87 57 38 9 79 32 55 63 33 59 29 12 41 28 90 93 15 25 30 27 96 83 14 12 19 43 23 83 44 70 80 82 27 17 43 57 48 97 72 33 7 100 44 47 79 85 91 93 9 20 
72 57 2 85 68 21 79 43 55 22 64 86 4 90 2 46 99 2 94 70 34 1 21 29 99 99 13 90 44 74 61 15 30 63 99 49 35 30 43 41 51 7 26 6 48 79 3 46 80 49 67 
65 49 87 93 99 38 58 40 81 83 1 95 64 15 45 12 49 74 7 41 77 65 66 34 12 44 37 10 76 85 76 40 85 15 85 83 52 42 23 32 24 75 78 87 89 22 50 37 48 8 29 
24 72 94 9 36 89 45 97 16 81 24 8 65 38 92 100 89 33 74 72 8 48 49 46 36 71 47 24 70 55 52 45 78 97 53 65 37 50 61 53 30 37 12 47 74 3 98 15 87 23 86 
46 70 35 91 57 57 89 32 78 95 35 22 25 83 74 89 19 75 2 23 5 38 34 3 63 88 100 77 74 22 63 19 43 49 61 51 57 50 82 34 96 16 7 20 50 32 61 68 7 14 43 
63 3 28 65 65 16 64 42 89 37 56 8 79 56 20 29 12 21 62 97 17 29 55 88 78 86 100 97 92 13 39 6 15 19 70 80 34 85 73 22 21 28 81 51 83 1 31 46 21 92 94 
89 72 48 77 49 85 76 46 29 41 36 34 55 54 4 86 39 88 58 13 61 37 93 11 71 45 42 16 18 85 61 6 57 60 34 57 45 62 54 73 2 90 6 56 95 9 94 34 49 51 46 
9 88 90 19 58 87 12 26 4 97 38 61 53 98 95 9 42 56 63 66 9 4 71 64 50 32 57 35 80 60 32 88 99 22 58 8 60 70 33 63 66 23 23 70 20 69 30 13 76 44 78 
84 47 48 100 49 79 8 83 10 67 15 97 65 88 7 25 47 76 57 61 93 79 35 14 50 4 43 62 31 39 39 15 37 87 14 85 17 21 68 27 40 34 75 56 21 81 80 19 8 89 79 
52 19 65 65 69 68 60 30 99 98 69 65 86 7 78 71 75 50 90 1 89 23 28 45 95 60 24 65 68 12 95 71 31 59 36 51 79 47 80 77 96 100 41 81 58 70 51 33 19 92 85 
8 66 12 4 60 72 79 76 91 43 70 61 25 29 48 75 7 94 6 35 89 6 27 22 15 96 24 47 66 16 32 25 81 95 28 93 66 59 68 56 1 90 17 25 70 64 99 76 10 4 62 
50 61 40 71 76 35 95 74 52 62 57 77 42 52 56 86 17 14 6 25 66 95 41 90 64 56 40 91 65 44 52 15 56 91 37 83 77 83 9 80 44 65 8 38 16 64 75 85 29 80 9 
95 74 1 36 37 56 76 27 73 71 30 39 78 72 75 61 48 10 69 80 5 33 87 94 1 2 69 37 31 48 97 77 74 97 64 10 4 39 89 76 61 70 66 39 42 93 99 41 2 19 20 
6 3 7 52 3 8 20 91 90 67 87 66 40 83 30 2 87 20 42 14 81 11 32 19 52 24 69 93 25 87 64 82 89 70 33 44 30 4 34 19 23 21 37 14 3 18 15 41 89 56 7 
69 67 38 39 70 13 7 14 89 93 78 70 34 47 55 77 28 58 10 47 80 30 35 94 85 52 60 77 40 68 35 61 86 72 99 55 36 58 69 24 50 46 94 35 44 100 11 72 9 21 70 
89 2 4 34 38 7 45 15 98 12 49 58 97 73 9 52 8 66 72 84 67 69 29 2 12 28 12 83 36 84 52 76 38 7 61 75 13 6 41 11 17 42 20 66 14 28 69 73 45 40 56 
12 8 84 65 71 63 28 6 51 12 57 78 1 16 39 27 28 96 68 90 64 9 10 29 74 37 49 46 82 88 54 45 47 89 9 70 4 36 75 54 99 83 31 51 98 21 78 26 16 45 15 
80 53 76 60 78 13 9 23 46 48 28 42 95 69 50 16 72 37 90 25 88 72 7 38 22 28 15 47 43 11 13 74 15 41 34 92 5 42 15 50 89 94 43 35 62 92 50 33 80 91 9 
67 63 16 57 84 43 23 82 37 34 46 11 48 86 44 40 90 85 6 91 25 99 33 60 13 76 61 97 56 52 6 74 66 21 82 49 15 5 82 51 38 79 61 85 17 4 24 6 40 29 49 
17 80 33 28 44 9 88 40 16 91 97 41 56 17 23 56 83 27 37 34 16 68 46 100 84 2 76 41 93 56 89 9 87 22 36 30 82 76 70 97 66 66 89 22 35 11 77 69 89 66 54 
4 85 100 4 68 1 31 60 45 86 49 54 73 22 41 54 55 16 23 3 82 41 91 55 27 54 83 95 42 48 49 46 32 100 1 51 52 83 11 96 68 11 49 92 84 42 46 38 57 20 92 
90 12 82 44 38 35 79 85 29 26 33 74 10 32 26 12 83 8 22 30 27 84 79 19 67 72 16 56 28 35 47 70 99 81 65 36 67 43 20 95 21 4 20 30 87 45 93 21 4 67 51 
0 1 0 0 0 1 1 1 0 1 0 1 1 0 0 1 0 0 0 1 0 0 0 1 0 1 0 1 0 0 1 0 1 1 0 1 0 1 1 0 1 1 0 0 1 0 1 1 0 0 0 
1 0 1 0 0 0 0 1 0 0 0 1 0 1 1 1 1 1 0 0 0 1 0 0 0 0 0 0 0 0 0 1 0 1 0 0 1 0 0 0 1 0 1 1 0 0 0 1 1 1 1 
1 0 1 0 1 1 0 1 0 0 1 1 0 1 1 0 0 0 0 0 1 1 1 0 1 0 0 0 1 1 0 1 0 1 1 1 1 1 0 1 1 1 0 1 0 0 1 1 0 0 1 
1 1 1 1 0 1 1 0 0 1 0 1 1 0 0 0 1 1 0 0 0 1 0 1 0 0 1 1 0 1 0 1 0 1 0 0 0 0 0 1 1 1 0 0 1 1 0 0 0 0 0 
1 1 0 0 1 1 1 0 1 0 1 1 0 0 1 0 1 1 1 0 0 0 0 0 1 1 0 1 0 0 1 1 0 1 1 1 0 1 0 0 1 1 1 0 1 0 0 0 0 1 0 
0 1 1 1 0 0 1 1 0 0 0 1 0 0 1 1 0 0 1 0 1 0 1 1 0 0 0 0 0 1 1 0 1 0 1 1 0 1 1 1 1 1 0 1 1 1 0 0 1 0 0 
1 0 0 0 0 0 0 1 0 0 0 0 1 0 0 0 0 1 1 1 0 1 0 1 0 1 1 0 1 1 1 0 0 1 0 0 1 1 1 1 1 1 1 0 1 1 0 0 0 0 1 
0 1 1 1 1 1 1 0 0 0 1 0 0 0 0 1 1 1 0 0 0 0 1 0 1 1 1 1 1 1 1 0 0 0 1 1 1 0 1 1 1 0 1 1 0 0 0 1 1 1 1 
0 1 1 0 0 0 1 0 1 0 1 1 0 1 1 0 1 1 1 0 0 0 0 0 0 0 0 0 1 1 1 1 0 0 0 1 0 1 1 0 0 0 1 0 1 0 0 0 0 0 1 
0 0 1 0 0 1 1 0 0 0 0 0 1 0 0 0 1 1 1 1 1 1 0 0 0 1 0 1 1 0 0 1 0 1 0 1 0 1 1 0 1 1 0 0 0 0 0 1 0 1 0 
1 0 0 1 1 1 0 0 0 0 0 0 1 1 0 0 1 1 1 1 0 1 0 1 1 0 1 0 0 1 0 0 1 0 1 0 0 1 0 0 0 0 0 1 1 0 1 0 1 0 0 
0 1 0 1 0 0 0 0 1 1 0 1 1 1 0 1 1 0 0 1 0 0 0 1 0 0 0 0 0 0 0 0 0 0 1 0 1 1 1 0 1 1 1 0 0 1 1 1 1 1 1 
1 0 1 0 0 1 0 0 1 1 1 1 1 1 0 1 0 0 0 0 1 0 1 1 0 1 0 0 0 0 1 0 0 0 0 0 1 1 0 1 0 1 0 1 1 1 0 1 1 1 0 
0 1 1 1 1 0 1 1 1 1 0 1 1 0 1 1 0 0 0 1 0 1 1 1 0 0 0 0 1 1 0 1 0 1 0 1 0 0 1 1 1 1 0 1 0 1 0 0 0 0 1 
0 0 0 0 0 1 0 0 0 1 0 0 1 0 0 0 0 0 1 1 0 1 1 1 1 0 1 1 0 0 0 1 0 0 1 0 1 1 1 0 0 1 0 1 1 0 1 1 1 1 0 
1 0 1 0 1 0 1 0 0 1 0 1 1 0 0 0 0 1 1 0 1 0 0 0 0 0 0 1 1 1 0 0 1 1 0 0 1 0 0 0 1 0 1 1 0 0 1 0 1 0 0 
1 0 0 1 0 1 1 0 0 0 0 1 1 1 1 1 1 1 1 1 1 1 0 0 0 0 1 0 0 1 1 1 1 1 0 0 0 0 0 1 0 0 0 0 1 1 1 0 1 1 1 
0 0 0 0 0 0 1 1 0 0 0 1 1 1 0 1 0 0 1 1 0 1 1 0 1 0 0 1 1 1 1 1 1 1 1 0 1 0 1 0 0 1 1 0 0 1 1 0 1 1 1 
0 0 0 0 1 1 0 1 0 1 0 0 1 1 1 1 0 0 0 0 0 1 0 0 1 1 0 0 1 1 1 1 1 0 1 1 1 0 0 1 1 0 1 0 1 1 1 1 1 1 0 
1 0 0 0 0 1 0 0 0 1 1 1 0 1 1 1 0 1 1 0 0 1 1 1 0 0 0 0 1 0 0 1 0 0 1 0 1 1 0 0 0 0 1 0 1 0 0 0 1 1 0 
0 1 1 1 1 0 1 1 1 1 1 0 0 1 1 0 1 0 1 1 0 1 0 1 0 1 1 0 0 0 0 0 1 0 1 1 0 1 0 1 0 0 0 0 1 1 1 0 0 0 1 
0 1 0 1 1 1 0 0 1 1 0 0 0 0 1 1 0 0 0 0 1 0 0 1 1 1 0 0 1 0 1 0 1 1 1 1 0 0 1 0 1 1 0 1 0 1 1 0 0 1 0 
1 1 0 0 0 0 1 0 1 1 0 1 1 1 1 0 0 1 1 0 0 0 0 1 0 1 0 1 1 1 1 0 0 0 1 1 0 0 1 1 1 1 1 0 1 0 0 1 1 1 1 
1 0 1 0 0 0 1 1 0 0 1 0 1 1 1 0 1 1 1 0 1 1 1 1 0 1 0 1 0 1 0 1 1 1 0 0 1 1 1 1 1 0 0 0 1 1 0 0 1 0 1 
0 1 0 1 1 0 1 0 0 1 0 0 0 1 0 0 0 1 0 0 0 0 0 1 0 1 1 0 0 1 1 0 0 0 0 1 0 1 1 0 0 1 0 1 0 0 1 1 1 1 1 
0 0 1 1 0 0 0 0 1 0 0 1 0 0 1 0 0 1 1 0 1 1 1 0 1 1 0 0 1 1 1 1 1 0 0 1 1 0 0 0 0 0 1 1 0 1 1 0 0 0 0 
1 1 1 0 1 1 0 1 0 1 1 1 1 1 1 0 0 1 0 0 0 0 0 1 0 1 0 0 1 0 1 0 0 0 0 1 1 0 0 1 0 1 0 1 1 1 1 1 1 0 0 
1 0 0 0 1 1 0 1 0 0 0 0 0 1 1 1 0 1 0 0 1 1 0 0 0 0 0 0 1 0 0 0 0 0 0 1 1 0 1 1 0 1 1 1 0 0 0 1 0 0 1 
1 0 1 0 0 1 0 0 0 0 0 0 0 0 0 0 1 0 1 0 1 0 0 0 1 0 0 0 0 1 1 0 1 0 0 1 0 0 0 0 0 0 1 0 1 1 0 0 0 1 1 
1 0 1 1 1 1 1 1 0 0 0 0 1 0 0 1 0 0 1 1 0 1 0 0 0 1 1 1 1 0 0 0 0 1 1 1 0 1 0 0 1 0 0 1 1 0 0 1 0 1 0 
0 0 0 1 1 0 0 0 1 0 0 0 1 1 1 0 1 0 1 0 0 1 0 1 0 1 1 0 1 0 0 0 0 1 1 1 1 1 1 0 1 1 0 0 0 0 1 0 0 0 0 
0 1 0 1 0 1 0 0 1 0 0 1 1 1 0 0 0 1 0 1 0 1 1 1 0 1 0 0 0 0 0 0 1 0 0 1 0 0 1 1 1 0 0 0 1 0 0 0 1 0 1 
1 0 0 0 0 0 0 0 0 0 0 0 0 0 0 1 0 1 1 1 0 1 1 0 0 1 0 0 0 1 1 0 1 0 0 1 0 1 1 0 1 1 0 1 1 1 1 0 0 0 1 
0 1 1 0 1 0 0 0 1 1 1 1 0 1 1 1 1 0 0 1 0 1 0 1 1 1 0 1 1 0 0 1 1 1 1 1 0 1 1 1 1 0 0 1 0 1 1 1 0 1 1 
0 1 1 1 0 0 0 1 1 0 1 0 0 1 1 1 1 0 0 0 1 0 0 1 0 1 0 0 1 1 1 1 0 0 1 0 0 1 1 1 1 1 1 1 0 0 0 1 0 0 1 
0 1 1 1 1 0 1 1 0 0 0 1 1 0 0 1 0 1 1 1 1 0 0 0 0 0 1 1 1 1 0 1 0 1 0 0 1 1 1 1 1 0 1 0 0 1 0 1 1 1 0 
0 1 1 0 1 1 1 0 0 1 0 1 1 1 1 1 0 0 1 0 0 1 1 0 1 0 0 0 1 1 1 1 0 0 0 1 1 1 1 0 0 1 1 0 0 1 1 1 1 0 1 
1 1 0 0 1 0 0 1 0 0 0 1 0 0 1 0 0 1 1 0 1 1 1 1 1 0 1 0 0 1 1 1 1 1 1 0 0 0 1 0 0 0 1 0 0 1 0 0 0 0 0 
1 1 0 1 0 0 0 1 0 1 0 0 0 0 1 0 0 1 0 0 1 0 1 0 0 0 0 1 0 0 1 0 1 1 1 0 0 1 1 0 0 1 0 1 1 0 1 1 1 1 1 
1 1 1 1 0 1 1 1 0 0 0 0 1 0 1 1 0 0 0 0 0 0 1 1 1 1 1 1 0 0 0 1 0 1 0 0 1 0 1 1 0 1 1 1 1 0 1 1 0 1 0 
0 1 1 0 1 0 1 0 0 1 0 0 1 0 0 1 1 0 0 0 0 0 1 0 1 1 1 1 1 0 1 1 0 0 1 1 0 0 1 0 0 1 0 1 1 1 1 0 1 1 0 
0 1 1 0 1 0 1 0 1 1 1 1 1 1 0 0 1 1 1 1 1 1 0 0 0 1 1 1 0 1 1 0 0 1 0 1 1 1 1 1 1 0 0 0 1 0 1 0 1 0 0 
0 1 0 1 0 1 0 1 1 1 0 0 0 1 0 1 1 0 1 0 1 1 0 1 1 0 0 1 0 1 1 0 0 1 1 0 0 0 1 0 1 0 0 1 1 0 1 0 0 0 0 
1 1 0 1 0 1 1 0 1 0 1 1 1 1 1 1 1 1 1 1 0 1 1 0 0 0 1 1 0 1 1 0 0 0 1 1 1 0 1 0 1 0 1 0 1 0 1 1 1 0 0 
0 1 0 0 0 0 1 1 0 0 0 0 0 0 1 1 1 0 0 1 1 1 1 1 0 1 0 1 1 1 0 1 0 0 1 0 0 0 1 0 0 0 1 0 0 0 0 0 0 0 1 
1 1 0 0 0 0 1 1 1 0 1 0 0 1 1 1 1 1 0 0 1 0 1 1 1 1 1 1 0 0 0 1 1 1 0 1 1 1 1 0 1 0 0 1 0 1 0 1 0 1 1 
1 1 0 0 0 0 0 1 0 0 0 1 1 1 1 1 0 0 0 0 1 0 0 1 0 1 1 0 1 0 1 0 0 0 0 0 0 0 0 0 0 0 1 0 1 1 1 1 1 1 1 
1 1 1 0 0 0 1 0 1 0 1 1 0 1 1 0 1 0 0 1 0 0 1 0 1 0 1 0 1 0 1 0 0 0 0 0 0 0 0 1 0 1 0 0 1 0 0 0 0 1 0 
0 1 1 1 1 1 0 1 0 1 1 1 1 1 1 1 0 1 1 1 1 0 0 1 1 0 0 0 0 1 0 0 0 1 1 1 0 0 1 0 1 0 1 0 1 1 1 1 0 0 1 
0 0 1 1 0 1 1 0 1 0 0 1 1 1 1 0 1 1 1 1 0 1 1 0 1 0 1 0 0 1 1 0 1 0 0 1 1 1 1 0 0 1 0 1 0 1 1 1 0 1 1 
0 0 0 0 1 0 1 0 0 0 1 1 1 0 1 1 1 0 0 0 0 0 0 1 0 1 1 0 1 0 1 1 0 1 1 0 1 0 0 1 0 1 0 1 1 1 0 1 0 1 1 
