50 52 1296
59 82 29 7 45 34 60 68 90 69 88 14 60 1 2 34 69 33 20 65 46 84 63 3 91 57 55 18 85 95 65 95 76 93 2 73 78 13 40 67 81 79 80 40 80 34 25 100 18 97 64 63 
32 26 66 22 82 20 91 18 14 55 13 41 99 14 13 28 78 4 94 59 35 25 50 66 10 27 65 27 23 28 90 54 53 7 27 86 78 69 55 43 75 67 83 73 32 48 52 10 51 97 20 85 
21 21 50 83 47 66 9 21 93 50 26 97 8 52 34 85 72 89 27 46 7 62 70 39 9 21 100 59 17 71 96 90 43 97 72 42 63 32 62 7 82 88 4 89 91 37 26 15 77 4 60 84 
65 30 22 25 2 73 36 19 95 31 60 37 79 31 78 93 14 92 100 47 31 3 88 21 91 13 87 68 16 47 51 33 28 24 57 29 48 44 99 42 26 58 78 5 40 56 97 6 47 96 52 29 
50 39 49 41 3 88 8 71 34 10 55 13 33 11 93 80 7 92 21 32 1 50 36 93 57 85 98 55 32 1 83 82 40 84 22 94 71 81 64 56 90 18 68 22 81 12 53 87 3 25 18 56 
74 6 100 31 42 49 37 73 49 20 54 40 3 27 34 73 7 49 28 48 67 47 21 99 58 73 85 13 49 54 20 23 11 19 5 52 19 41 25 67 60 30 59 14 9 44 86 67 92 65 15 58 
63 35 8 73 60 92 85 8 98 56 30 8 26 86 12 44 27 88 62 38 69 20 52 77 63 89 44 7 6 58 16 20 44 24 92 3 67 28 11 64 83 92 24 8 78 87 3 56 74 65 93 42 
36 96 19 51 85 14 57 42 71 72 61 14 95 53 17 14 80 79 77 15 70 52 22 47 38 77 2 63 41 47 5 28 42 75 78 26 88 86 19 10 58 80 23 4 32 91 17 63 69 46 77 91 
49 51 37 39 27 91 1 19 37 5 46 78 31 24 56 70 9 74 79 18 53 54 74 36 96 42 99 17 39 75 7 88 77 95 26 3 85 78 21 73 35 67 3 65 42 58 35 2 83 65 72 88 
18 45 23 66 86 73 82 77 100 40 64 76 34 41 79 71 70 51 95 4 17 97 69 10 6 55 12 89 71 83 28 41 79 2 6 16 75 87 92 74 26 7 1 11 99 31 33 69 82 28 72 50 
24 92 60 82 98 23 22 69 57 49 9 35 50 66 50 76 4 94 1 29 100 2 91 51 32 24 19 13 3 42 63 26 86 74 59 83 96 80 3 52 28 63 86 30 28 87 5 31 80 58 11 32 
59 2 82 90 77 52 55 79 93 69 56 78 42 67 13 37 46 15 40 26 78 77 55 5 15 11 88 95 68 98 78 78 51 11 20 79 62 74 9 54 94 17 84 35 83 96 23 28 10 14 53 39 
90 59 96 4 22 83 50 89 32 27 67 83 89 38 13 50 11 22 56 56 90 39 90 72 34 64 51 95 77 56 34 18 14 81 21 35 63 71 76 94 49 94 28 90 31 93 39 93 66 94 48 55 
84 89 26 69 4 28 16 80 83 1 97 49 81 69 83 95 91 10 88 92 55 68 81 37 12 19 29 77 65 28 31 100 68 8 69 71 35 36 2 70 36 50 18 16 71 52 10 61 62 49 52 68 
68 32 5 79 3 85 55 19 65 37 18 84 96 38 7 83 73 60 52 8 10 69 75 32 72 84 92 85 85 96 53 52 79 9 83 81 93 89 99 9 78 69 93 73 6 99 55 79 58 58 38 19 
78 13 50 50 48 94 34 32 89 86 36 67 46 70 100 39 10 50 47 87 18 91 60 76 89 66 6 99 24 43 17 1 7 19 50 55 12 84 38 52 21 25 18 19 46 69 57 56 19 55 42 88 
98 53 15 86 19 20 36 42 15 53 42 21 71 44 27 34 79 17 85 51 41 54 69 39 23 77 94 93 84 35 32 81 88 47 18 58 18 54 99 32 6 92 53 28 87 31 61 65 47 97 68 40 
50 36 78 72 65 23 16 48 57 48 28 96 46 97 5 63 50 3 95 7 47 99 34 33 81 46 50 28 42 17 19 44 52 96 67 68 18 83 15 26 82 94 74 27 91 78 89 40 33 35 99 31 
85 84 63 66 82 64 45 23 80 63 18 84 58 85 51 27 67 18 4 48 11 77 26 53 7 66 45 91 53 43 21 37 26 35 54 7 99 98 82 78 60 99 13 69 35 16 47 1 33 51 100 43 
79 25 48 85 43 92 75 95 34 47 83 11 82 37 70 80 34 51 9 46 1 22 66 36 89 13 88 21 15 88 15 93 64 62 78 6 53 4 52 38 51 35 49 32 71 18 63 56 20 71 53 72 
44 19 7 84 83 95 4 97 34 19 89 97 32 18 55 37 74 6 74 76 40 74 59 62 43 21 18 62 43 22 34 39 40 92 22 22 86 78 70 71 96 59 68 79 28 74 15 1 31 89 76 71 
14 34 84 57 6 53 18 49 75 3 39 66 95 60 40 32 37 9 3 84 19 22 63 47 47 29 99 77 17 27 99 83 60 83 39 18 87 8 18 61 11 56 27 57 67 18 40 56 26 94 39 45 
15 53 43 61 82 93 90 50 19 88 32 31 70 22 48 57 30 65 69 92 20 47 100 86 64 39 41 42 33 32 38 99 36 80 12 69 24 1 19 43 40 2 73 10 24 20 18 5 36 38 96 7 
85 95 44 100 85 37 41 69 68 78 68 55 9 31 24 85 83 94 27 22 95 51 83 70 22 52 74 57 90 21 63 26 15 6 25 52 42 18 20 61 47 39 16 8 69 39 92 3 84 18 25 30 
68 7 100 89 11 25 97 100 98 59 25 12 16 1 63 58 18 35 70 17 73 85 24 42 75 15 44 58 32 20 40 51 79 91 91 89 15 87 40 12 45 16 76 12 16 90 69 86 24 39 2 97 
75 77 90 2 91 85 59 74 5 50 76 83 40 66 71 55 52 10 18 48 25 45 59 92 35 80 29 10 70 82 58 44 58 47 45 48 32 56 73 36 5 48 70 45 65 92 51 16 1 20 15 77 
65 26 20 51 5 49 60 74 30 70 69 40 16 14 39 99 21 12 86 77 11 55 21 76 46 23 43 98 43 58 26 59 83 98 9 39 46 20 12 27 89 32 66 57 45 5 55 17 68 93 94 78 
99 66 5 45 89 48 94 83 57 72 41 91 69 49 29 66 20 92 92 9 23 10 17 20 14 71 36 33 15 81 10 14 47 15 10 87 14 55 69 70 26 9 12 46 9 40 11 28 31 55 88 5 
64 4 24 29 27 12 61 41 92 70 54 90 36 63 76 49 70 96 70 95 56 81 41 16 72 3 44 54 57 83 59 20 87 34 48 13 45 8 5 89 30 11 78 17 25 6 18 94 1 39 89 9 
20 81 24 43 83 19 97 92 2 7 63 40 40 63 4 85 22 8 25 51 18 2 20 43 59 37 88 60 75 76 20 46 8 95 89 43 14 37 34 67 43 96 58 34 58 61 70 80 20 94 82 90 
48 1 84 6 89 71 65 64 99 36 61 6 31 49 48 96 37 33 62 79 29 19 65 38 31 34 69 50 28 3 91 75 55 74 80 44 97 97 59 95 84 19 100 14 68 100 9 56 32 22 87 12 
92 51 2 74 84 70 76 63 24 66 37 79 92 69 22 88 17 32 34 100 50 33 14 69 84 74 25 16 48 11 27 91 61 28 65 44 50 40 7 73 57 95 3 48 15 76 87 31 7 20 31 57 
5 96 25 88 21 49 3 20 59 82 11 19 61 75 15 10 66 73 35 22 19 37 70 34 65 8 64 71 28 46 27 32 41 52 19 14 52 74 33 11 55 43 81 15 69 47 77 34 19 63 56 90 
51 77 23 15 84 86 86 63 32 12 94 24 15 65 37 19 38 22 81 44 64 61 10 85 60 38 18 30 100 25 19 51 53 41 17 37 79 2 51 10 66 45 85 32 61 74 50 98 95 30 93 10 
43 2 94 2 40 64 83 39 88 2 41 41 42 58 29 72 11 79 33 76 75 18 60 35 91 9 84 37 39 76 46 33 78 92 34 17 55 16 7 94 69 100 34 63 57 14 34 19 93 67 47 19 
36 6 54 26 14 37 14 4 13 11 36 42 2 21 10 8 89 68 2 57 67 35 19 75 49 5 94 93 71 40 11 6 45 64 83 10 53 48 66 17 58 1 10 60 74 19 67 14 86 20 70 5 
55 41 79 55 97 72 99 67 63 9 24 59 25 58 69 29 5 34 45 62 86 54 73 11 24 92 24 9 11 46 65 17 38 44 71 34 67 69 52 30 30 75 88 54 84 8 82 88 41 78 49 27 
83 74 89 6 65 13 66 75 58 31 44 95 74 14 28 40 35 79 21 64 5 9 69 88 16 50 75 9 27 75 87 61 100 75 66 64 87 31 91 96 13 34 90 86 99 69 78 33 99 98 48 55 
58 16 42 26 65 68 86 43 95 72 3 94 98 20 10 37 3 52 32 15 85 74 1 83 42 30 68 93 79 15 47 89 31 41 66 47 8 51 42 54 74 96 100 23 16 9 59 18 60 43 32 96 
16 84 30 9 13 97 1 44 64 100 32 94 40 97 92 99 99 85 53 24 81 52 46 48 12 57 17 23 99 48 18 14 84 47 74 48 96 75 91 59 74 74 4 65 22 47 63 20 32 15 95 12 
18 41 11 81 97 27 3 95 26 20 60 9 19 33 9 14 59 51 24 84 25 27 48 98 25 11 70 56 77 64 19 47 4 29 27 52 55 82 98 33 53 9 93 71 42 1 36 52 4 59 36 28 
37 35 25 62 97 94 69 26 10 88 72 65 16 50 17 23 31 66 55 84 75 47 6 68 100 42 19 3 52 6 82 41 41 58 54 89 4 22 14 13 9 37 77 77 87 45 99 69 11 5 4 85 
3 10 4 54 3 22 56 6 80 89 98 72 47 51 60 2 73 74 14 33 62 42 9 48 87 59 69 97 15 72 33 70 33 36 23 87 9 31 93 88 19 90 59 17 93 71 18 65 96 31 49 57 
73 10 5 11 68 73 59 35 96 91 4 29 78 26 15 86 56 59 26 27 1 36 43 93 6 13 9 1 95 57 58 67 66 14 29 86 38 87 20 33 29 23 13 6 100 80 44 8 38 21 34 90 
56 28 82 14 40 42 66 35 99 75 53 16 88 82 1 77 20 72 62 49 46 26 54 46 5 49 53 95 69 38 84 77 65 18 90 57 59 55 43 57 30 95 25 69 28 77 98 100 49 59 48 94 
84 53 39 89 54 43 35 22 32 18 50 49 35 39 5 46 46 99 54 27 45 78 47 25 55 44 24 3 54 71 48 38 75 39 78 28 33 12 2 65 81 51 13 68 42 69 13 39 67 66 17 11 
44 63 35 50 59 58 4 12 80 51 49 7 89 78 34 22 89 87 86 22 38 50 89 31 18 53 69 36 18 85 46 13 99 33 62 57 42 65 69 74 16 69 80 56 47 65 29 87 52 66 8 41 
15 96 23 84 48 91 19 18 27 17 30 77 1 44 34 94 8 54 67 75 22 98 83 68 63 11 7 66 77 14 58 43 62 80 27 61 22 97 78 48 65 60 24 65 3 9 59 62 62 77 89 36 
75 71 55 89 81 61 54 9 75 11 52 88 42 30 48 63 26 78 62 43 89 85 7 91 46 17 4 59 94 92 94 20 62 49 8 95 61 61 55 87 23 58 74 64 87 74 26 65 51 87 7 39 
23 65 81 20 34 84 79 79 28 72 98 41 72 5 35 85 17 42 71 39 99 45 54 86 70 79 2 72 17 60 62 91 24 42 11 9 77 89 87 56 12 84 97 36 88 83 20 4 24 90 94 75 
1 0 1 0 0 0 1 0 1 0 1 0 1 1 1 0 1 1 1 0 1 1 1 0 0 0 0 1 0 1 1 1 0 0 0 0 0 1 1 1 0 0 0 1 1 1 1 0 0 1 0 1 
0 0 0 0 0 0 0 0 1 1 0 1 0 0 0 0 1 1 0 1 1 0 1 0 1 0 0 1 1 0 1 0 0 1 0 1 1 0 1 0 0 1 0 0 1 0 0 1 1 0 0 0 
0 1 0 1 0 0 1 1 0 0 1 1 1 0 0 0 0 1 0 0 1 0 0 0 0 1 1 1 1 0 1 0 1 1 1 1 1 0 1 0 0 0 1 1 0 1 1 1 0 0 1 1 
0 0 0 1 1 1 0 0 1 0 0 1 1 0 0 1 0 1 1 1 0 0 0 0 1 0 1 1 0 1 1 0 1 1 1 0 0 0 0 0 0 1 1 1 1 1 0 1 1 1 0 1 
1 1 1 0 1 1 0 1 0 1 1 1 0 1 1 0 1 1 0 1 0 1 0 1 1 1 1 0 0 1 1 0 0 0 0 1 1 0 0 1 1 0 0 1 1 1 0 0 1 0 1 1 
0 1 1 1 0 0 1 1 1 0 1 0 0 1 1 0 0 0 1 1 0 0 1 1 1 1 1 0 1 0 0 1 1 1 0 0 1 1 1 0 1 0 0 0 1 0 0 1 0 1 1 0 
1 0 1 1 1 0 1 0 0 1 0 1 0 0 1 1 0 0 0 1 0 0 1 0 0 1 1 0 1 0 0 0 0 1 1 1 1 1 0 1 0 0 1 1 0 0 0 0 1 0 0 1 
1 1 1 1 1 1 0 0 1 0 0 0 0 0 1 1 1 1 1 1 1 0 0 0 0 1 0 1 1 0 1 0 0 0 0 1 1 0 1 1 0 1 1 0 1 0 0 0 0 1 0 1 
1 0 1 1 1 0 1 1 0 0 1 0 0 1 1 0 1 0 1 0 0 0 0 1 0 0 0 0 1 0 0 0 0 1 0 0 1 1 1 0 1 0 0 1 0 0 1 1 0 0 1 0 
0 0 0 1 0 0 1 0 0 1 0 0 1 0 0 0 1 1 0 0 0 1 0 0 1 1 1 1 0 1 0 0 1 0 1 1 0 1 1 0 0 0 0 1 0 1 0 0 0 0 0 0 
1 0 0 0 0 0 0 0 1 0 0 0 0 0 1 0 1 1 0 1 1 0 1 1 1 1 1 0 1 0 0 1 0 1 1 0 1 1 0 0 1 1 0 1 1 1 1 0 0 1 1 1 
0 0 1 1 1 0 1 1 0 0 0 1 1 1 1 0 1 0 0 0 1 0 0 0 1 1 0 0 1 1 1 1 0 0 0 1 1 0 0 1 0 0 0 1 0 0 1 1 0 1 1 1 
1 1 1 0 1 1 0 0 0 0 1 0 0 1 0 1 1 0 1 1 1 1 0 1 1 1 0 1 0 1 0 1 1 1 0 0 0 0 0 1 0 1 1 1 0 1 0 0 0 1 1 1 
1 0 0 0 1 0 0 0 1 0 1 0 0 1 0 0 0 0 1 0 1 1 1 0 0 0 0 0 1 1 1 0 1 1 1 1 1 1 1 1 1 0 1 1 0 0 0 0 0 1 0 0 
0 0 0 1 0 0 1 1 1 1 0 1 0 1 0 0 0 1 1 1 1 0 1 1 0 1 1 1 0 0 1 1 0 1 0 0 1 1 1 0 0 1 1 1 0 1 1 0 0 0 0 0 
0 1 1 1 0 1 0 0 1 1 1 1 0 1 1 1 1 0 1 1 0 1 0 0 0 1 1 1 1 1 1 0 0 0 1 0 1 1 0 0 0 0 1 0 1 0 1 0 1 0 0 1 
1 0 1 0 0 0 1 1 1 0 1 1 0 0 1 0 1 0 0 1 0 0 1 1 0 0 0 1 1 0 0 0 0 0 0 0 0 1 0 0 1 1 1 0 0 1 0 1 1 0 1 1 
0 0 0 1 1 0 0 0 0 1 0 1 1 1 1 1 0 1 1 0 1 1 0 1 0 0 0 1 0 1 0 1 0 0 0 1 1 0 1 1 1 1 0 0 0 0 0 1 1 1 1 0 
0 1 1 0 1 0 1 1 1 1 0 1 0 0 0 1 1 1 0 0 1 1 1 1 1 1 0 0 0 1 1 1 0 0 1 1 0 1 1 0 0 1 1 0 0 0 1 1 1 0 1 0 
1 0 0 0 1 0 0 0 0 1 1 0 0 0 0 0 1 1 0 0 0 0 0 0 0 0 1 1 0 1 0 1 1 0 1 1 0 1 1 0 1 0 1 1 0 1 1 0 0 0 0 0 
0 0 1 0 0 0 1 0 1 1 1 1 1 0 0 0 0 1 0 1 1 1 0 1 0 1 1 0 1 1 1 1 0 0 1 0 0 1 1 0 0 0 1 0 1 1 0 1 0 0 0 1 
0 0 0 0 1 0 1 1 1 0 0 1 0 0 0 0 1 1 0 1 1 1 1 0 0 1 1 0 0 1 1 0 1 0 0 1 0 1 0 1 1 0 1 1 0 1 0 1 0 0 1 1 
0 0 0 0 0 1 1 0 1 0 0 0 0 0 1 0 0 1 0 1 0 1 1 0 0 1 0 0 1 1 1 1 1 1 0 1 1 1 1 0 1 1 0 0 0 0 0 0 1 0 1 1 
1 0 0 1 1 0 1 1 1 1 0 0 0 0 0 1 1 1 1 1 1 0 1 1 0 1 1 1 0 0 1 1 1 1 1 0 1 0 1 0 1 0 0 0 0 0 1 0 0 1 1 1 
1 0 0 1 1 1 0 1 1 1 1 0 0 0 1 1 0 0 1 0 0 0 0 1 0 1 1 0 0 0 1 1 0 1 0 1 0 1 1 0 0 0 0 1 0 1 0 0 0 0 0 0 
0 0 1 0 0 0 1 0 0 0 0 0 0 0 0 0 1 1 0 0 1 1 1 1 0 1 1 0 1 0 1 1 0 0 0 0 1 1 1 1 1 1 0 1 1 0 0 1 1 0 1 0 
1 0 1 0 1 0 0 1 0 1 0 1 0 0 1 1 1 0 0 1 1 0 0 1 0 0 0 1 1 1 1 0 1 0 0 0 1 1 1 1 0 0 0 0 0 0 1 0 0 0 1 0 
0 1 1 1 0 1 0 1 0 0 1 1 0 0 1 1 1 1 1 1 1 1 0 1 1 1 1 0 1 0 0 0 0 1 1 0 0 1 1 0 1 0 1 0 0 0 1 1 1 0 1 0 
0 1 0 1 0 1 1 0 0 1 0 0 0 1 0 0 0 1 0 0 1 1 0 0 0 1 1 1 0 0 0 0 1 0 1 0 1 1 0 1 0 0 1 1 1 1 1 1 0 0 1 0 
1 1 0 1 1 1 1 1 0 1 1 1 1 0 1 0 1 1 0 0 1 1 1 0 1 0 0 1 0 1 1 0 1 1 1 0 1 0 1 1 1 0 0 0 0 0 1 0 1 1 0 1 
0 1 1 1 1 1 1 0 1 0 0 0 0 1 0 1 0 1 0 1 1 0 0 1 0 1 1 0 0 1 1 0 0 0 0 0 0 1 0 1 1 0 1 1 1 1 0 1 0 0 1 1 
1 1 0 1 0 0 1 0 1 0 0 0 1 0 0 1 1 0 0 1 0 1 0 1 0 1 1 0 1 0 1 0 1 1 0 1 1 1 1 1 0 1 1 1 0 1 0 1 1 0 0 1 
1 1 0 1 0 1 1 1 1 0 0 0 1 0 1 1 1 0 0 1 0 1 0 0 0 0 1 1 0 0 0 1 1 0 0 1 0 1 0 1 1 0 0 1 0 1 0 0 0 0 1 0 
1 0 0 1 0 1 0 1 1 0 0 0 0 1 1 0 0 0 0 0 0 0 1 1 1 1 1 1 1 0 1 0 0 1 1 1 1 1 0 0 1 0 1 1 1 0 0 0 0 0 0 1 
0 1 0 1 0 1 1 1 1 0 1 0 0 0 1 1 1 1 1 0 1 0 1 1 1 1 1 1 1 1 0 1 0 0 1 0 1 0 1 1 0 0 1 0 0 0 1 1 1 1 1 0 
1 0 1 0 0 0 0 1 1 0 1 1 1 0 1 0 0 0 1 0 0 0 1 0 0 0 1 1 1 0 0 1 1 1 1 1 0 1 0 1 0 1 1 1 1 0 1 1 1 1 0 1 
1 1 0 0 1 1 1 1 0 1 0 1 1 1 0 1 1 0 0 1 0 1 0 1 0 1 1 1 0 1 0 0 0 0 0 1 0 1 0 0 1 0 1 0 0 1 1 1 1 1 0 1 
1 0 1 1 1 0 0 0 1 0 0 1 1 0 0 1 1 1 1 0 1 0 0 1 1 1 0 0 1 0 0 0 0 1 1 0 1 1 0 0 1 0 1 0 0 1 1 1 0 0 0 0 
0 0 1 1 0 0 0 1 0 0 1 1 1 0 1 0 1 1 0 0 1 1 1 1 0 0 0 1 1 0 1 1 1 0 1 1 0 1 0 1 1 1 0 0 1 1 0 0 0 0 0 1 
1 1 0 1 0 0 0 1 1 1 0 0 0 1 1 0 0 1 1 1 0 1 1 1 0 1 1 0 1 1 1 0 1 1 0 1 0 0 0 1 0 0 1 0 0 0 0 0 1 0 0 1 
1 1 0 0 1 1 0 0 0 0 1 1 1 1 0 1 1 0 0 1 1 1 1 1 1 0 1 0 0 1 1 1 1 1 1 0 0 0 0 1 0 1 0 1 0 1 1 0 1 1 1 0 
1 1 1 0 1 1 1 1 0 0 0 1 0 0 1 0 0 0 1 0 1 0 1 0 1 0 0 0 0 1 1 1 0 0 1 1 1 0 0 0 1 1 1 1 1 1 1 1 1 1 1 0 
1 0 0 0 1 0 0 1 0 1 0 0 0 1 0 1 0 0 1 1 1 1 0 0 0 1 1 1 0 0 1 1 1 0 1 0 0 0 1 0 1 1 1 1 0 1 1 0 1 0 1 1 
1 1 1 1 1 1 0 1 1 0 1 0 0 0 0 0 0 1 1 0 0 0 1 1 1 0 1 0 1 1 1 0 0 1 0 1 0 0 1 1 0 0 0 0 0 0 1 1 0 0 1 0 
0 0 1 1 1 1 1 0 0 1 0 0 0 0 0 0 1 1 1 1 1 1 0 1 0 1 0 0 1 1 0 1 0 0 0 1 1 1 1 1 0 1 1 0 0 1 0 1 0 0 0 1 
1 0 1 1 1 1 1 0 1 0 1 1 0 1 0 1 1 1 0 1 0 1 0 0 1 0 1 1 0 0 1 0 0 0 1 0 1 1 0 0 1 0 1 1 1 1 0 0 0 0 0 1 
1 0 1 0 0 1 0 1 1 1 1 1 1 0 1 0 1 0 1 0 0 0 1 1 0 1 0 0 1 0 1 1 0 1 1 0 0 1 1 1 0 0 0 1 1 0 0 0 0 1 1 0 
1 0 1 1 0 1 0 1 1 1 0 1 0 0 0 0 1 1 1 0 0 0 1 1 0 1 1 0 0 0 0 0 1 1 1 1 1 1 0 0 1 1 0 1 1 0 0 0 1 1 0 1 
1 0 0 1 1 0 1 0 0 1 0 1 1 1 0 0 1 1 0 0 0 0 1 1 0 1 1 0 1 0 1 0 0 0 0 1 0 1 1 0 1 1 0 0 1 0 0 0 1 0 0 1 
1 1 0 1 1 0 1 0 0 1 0 0 1 0 1 1 0 1 1 1 0 1 1 1 0 1 1 1 1 1 1 0 1 1 0 0 1 1 0 1 0 0 1 1 1 1 0 1 0 0 0 0 
