54 40 406
34 84 68 47 2 71 11 81 76 53 16 77 16 26 9 79 83 88 85 69 64 72 72 55 34 95 47 6 62 73 83 47 8 51 94 10 21 56 42 49 
8 57 25 23 35 86 53 17 73 89 38 88 13 61 94 46 55 92 51 68 64 85 15 72 35 8 81 8 15 74 56 74 31 32 96 65 17 100 33 41 
88 70 80 100 30 73 97 37 64 99 4 28 84 18 51 70 77 83 77 91 56 84 16 38 68 63 2 84 62 87 77 50 56 56 1 38 81 50 74 44 
48 29 23 31 99 73 1 75 55 29 18 63 13 33 100 32 96 54 67 9 40 43 58 95 51 11 84 83 60 9 26 7 38 1 90 36 73 42 62 80 
22 31 94 86 64 93 17 11 46 84 19 37 26 29 84 28 39 67 10 50 28 88 8 65 88 49 52 12 90 65 43 64 96 36 49 11 81 66 21 78 
49 39 15 26 19 98 6 9 64 15 58 91 54 18 7 93 66 10 57 8 75 99 71 22 87 19 32 19 84 52 96 84 42 10 10 61 7 15 69 23 
81 79 65 35 96 72 79 61 33 35 20 59 86 90 80 72 9 11 42 44 62 37 28 56 47 89 16 5 3 36 79 35 14 44 69 61 67 100 74 99 
34 93 58 19 83 37 42 43 48 83 38 61 72 17 16 70 5 83 74 7 71 53 94 84 96 14 97 14 13 70 12 47 62 21 17 96 58 59 90 57 
93 28 17 64 44 85 33 49 19 59 7 89 63 100 73 10 14 69 23 78 90 34 24 51 55 93 99 64 51 88 20 95 67 88 11 11 24 95 11 43 
53 69 31 67 21 55 76 86 75 98 63 64 84 39 67 90 31 65 53 81 52 24 27 19 63 89 81 87 84 43 29 88 11 59 55 31 14 30 68 40 
80 31 4 63 69 70 4 99 86 8 31 37 31 57 7 93 46 39 79 81 81 59 68 44 70 74 26 83 4 94 22 35 24 77 49 92 46 52 42 31 
59 72 20 41 80 78 33 77 69 64 9 49 74 77 44 43 50 70 77 5 63 99 39 86 27 39 29 25 90 70 7 100 93 78 40 24 56 73 53 76 
88 61 76 61 37 20 4 39 89 80 95 51 30 34 88 9 72 68 33 14 89 39 13 81 17 53 56 24 77 8 99 16 69 26 28 5 45 31 95 85 
63 90 87 44 75 26 52 98 93 84 11 81 75 76 13 43 80 69 66 8 28 16 23 96 41 50 53 38 33 47 74 47 88 61 90 62 86 42 60 31 
77 22 11 3 49 76 45 28 96 62 35 23 77 9 71 70 11 23 59 43 21 32 41 9 92 30 22 30 23 81 60 52 55 22 54 55 49 99 83 96 
60 69 19 89 30 89 10 40 63 68 34 83 51 74 43 95 55 65 24 78 97 35 81 3 8 34 58 57 32 92 52 44 12 22 32 41 62 41 32 24 
60 17 59 10 90 53 4 97 69 79 74 66 13 54 20 21 39 77 29 23 68 32 66 80 54 49 72 15 41 4 91 100 20 1 61 62 53 17 58 22 
95 83 39 60 36 58 32 26 87 60 48 54 91 13 85 96 13 57 11 53 12 53 4 83 5 17 44 9 33 1 82 27 83 20 38 70 30 69 96 16 
28 43 21 71 8 58 66 72 66 28 25 29 32 80 11 36 96 55 45 28 7 26 7 90 98 44 11 79 13 58 94 92 53 66 14 12 75 32 83 40 
59 59 68 43 39 79 78 34 85 74 14 91 52 72 32 1 15 43 79 79 52 24 23 4 89 36 15 64 67 50 55 78 8 23 72 46 53 49 32 37 
75 97 27 78 68 59 78 34 53 56 65 56 79 87 60 19 74 26 82 93 27 89 22 35 11 93 32 15 93 63 51 67 11 29 44 78 39 21 64 43 
28 28 99 6 66 10 25 91 35 58 83 14 46 4 48 8 96 79 22 89 94 24 7 4 5 3 34 43 75 97 86 3 76 36 60 93 45 84 83 31 
94 66 44 91 21 91 99 69 70 72 9 15 96 67 18 52 69 51 94 44 99 31 98 74 66 57 66 10 93 49 93 86 66 36 28 38 27 26 6 48 
98 66 62 45 33 31 96 1 82 41 96 80 24 93 6 41 2 23 51 94 23 95 31 40 30 58 78 8 36 35 55 85 1 68 29 33 99 76 85 32 
68 81 63 91 25 20 32 26 43 34 71 65 28 1 5 9 11 34 17 46 68 71 30 68 91 10 52 41 37 37 24 56 69 38 47 93 58 30 71 100 
15 41 16 42 94 72 2 56 5 18 1 25 41 82 44 31 43 96 71 31 84 46 86 4 83 84 48 40 13 70 91 27 11 59 20 56 30 22 11 87 
39 63 11 79 96 6 61 90 1 83 20 36 28 5 91 11 89 39 2 53 8 93 80 70 3 51 25 32 24 87 70 15 1 32 45 96 38 6 85 90 
40 56 78 68 61 68 30 1 58 31 53 18 75 84 87 77 87 64 61 10 50 30 24 51 14 21 98 51 26 83 92 17 38 69 84 50 89 65 2 46 
96 55 63 22 90 2 99 76 65 11 86 66 40 61 68 5 81 66 7 58 100 99 75 89 19 10 39 7 75 40 53 22 46 67 95 36 68 93 11 84 
3 48 50 95 9 17 99 41 82 6 99 81 56 25 70 74 86 60 81 60 51 85 33 97 3 28 84 23 72 94 6 27 42 55 21 2 72 71 42 5 
28 92 38 83 68 7 57 54 18 89 65 68 25 98 16 27 77 99 1 48 93 7 74 86 61 46 39 84 69 32 89 96 24 26 79 91 84 87 96 1 
27 61 20 51 10 36 29 86 86 30 85 30 88 11 15 48 8 5 32 76 37 72 72 60 49 2 2 32 88 98 84 66 10 55 16 19 42 96 56 28 
77 40 57 64 2 24 64 10 28 47 85 64 18 8 75 66 9 77 49 48 26 32 13 87 38 28 5 80 76 60 7 4 51 15 68 53 38 83 14 18 
29 98 81 46 58 56 63 66 84 63 14 61 46 26 47 83 6 3 62 33 62 20 36 64 35 55 16 24 37 29 41 65 79 74 62 36 81 76 53 64 
38 66 76 83 44 74 66 49 76 79 81 37 51 68 100 37 23 68 60 11 48 53 28 78 26 89 13 58 17 66 73 54 83 48 89 26 21 6 26 96 
84 58 84 34 26 35 70 100 54 82 10 2 86 89 31 63 30 44 20 46 61 92 51 43 39 39 69 11 44 46 58 80 4 93 13 29 79 35 80 33 
16 41 86 1 30 16 63 59 11 34 4 71 25 6 66 15 45 86 77 40 31 34 19 34 78 32 62 56 18 93 88 33 34 25 85 63 41 99 21 3 
32 76 74 8 81 91 22 25 76 98 65 6 83 35 40 60 66 53 15 83 46 55 67 79 79 3 93 71 1 13 74 84 88 99 91 20 89 12 97 64 
61 61 21 43 47 12 54 13 65 69 47 62 75 66 92 5 68 84 76 69 48 1 52 35 51 95 54 39 6 50 54 19 62 74 61 9 38 67 73 2 
35 71 15 61 36 6 65 4 41 40 24 88 92 27 74 42 21 79 32 27 81 37 45 94 63 57 54 100 23 26 53 9 49 67 69 84 24 34 39 64 
25 62 3 69 89 76 62 9 54 94 87 86 30 83 80 92 92 33 43 66 11 95 75 59 61 95 42 36 80 33 51 57 94 53 25 34 80 86 43 86 
31 81 71 13 64 50 4 55 83 47 72 45 93 46 3 54 93 96 41 72 28 92 80 22 96 56 55 28 42 49 13 24 30 83 36 45 85 92 51 19 
90 22 63 82 20 65 87 12 60 28 35 40 71 15 13 66 22 19 93 15 20 57 39 49 40 74 45 76 65 95 94 6 68 56 88 87 72 74 98 83 
53 85 22 23 51 86 41 72 5 85 87 24 42 25 24 33 50 68 8 67 14 53 72 81 8 11 68 31 85 17 13 89 53 35 12 3 72 52 27 76 
88 13 51 29 89 74 61 90 93 20 8 6 72 32 39 31 42 58 61 78 74 74 67 79 60 78 81 31 81 59 59 68 23 9 49 63 35 9 53 27 
81 12 85 4 43 23 35 85 80 47 62 5 72 80 83 31 57 16 14 89 74 72 9 49 32 57 11 66 17 15 93 97 27 77 1 69 51 87 5 30 
85 67 86 57 46 69 87 55 84 52 95 9 75 3 57 7 59 68 72 76 34 16 72 60 44 24 29 94 62 85 75 47 51 61 55 49 29 41 55 64 
45 49 24 19 52 81 77 62 100 49 37 33 16 61 45 60 36 25 53 50 9 80 48 12 40 2 60 20 94 66 35 38 66 58 57 69 38 33 31 89 
33 67 74 49 27 18 60 15 94 64 64 2 43 11 13 34 12 24 53 5 89 87 43 7 45 51 75 34 35 5 75 20 72 100 20 50 69 79 16 62 
94 79 63 37 89 76 70 52 51 75 57 92 13 51 98 9 53 72 95 39 29 69 58 52 68 77 1 36 7 69 97 1 47 11 89 88 38 10 39 89 
36 47 80 49 49 77 57 1 100 51 40 28 71 49 79 90 78 32 25 84 100 73 36 98 36 76 85 73 86 76 61 21 22 92 21 71 20 78 23 20 
80 14 99 51 63 30 40 92 61 17 27 12 41 63 9 76 90 46 1 75 21 61 48 94 5 68 16 24 97 39 95 29 4 94 31 18 75 22 9 87 
38 36 98 31 50 58 58 39 3 58 14 75 71 13 69 75 32 84 98 81 74 45 9 78 90 39 95 64 60 56 50 50 91 99 80 40 8 37 78 63 
47 43 37 17 55 5 91 39 41 40 19 66 84 27 95 73 65 42 36 76 97 37 25 87 87 56 78 95 45 55 57 91 50 93 7 56 50 49 94 42 
1 1 0 1 1 1 1 1 0 1 1 0 1 1 0 0 1 1 0 1 1 0 1 0 0 1 0 1 1 1 0 0 1 1 1 0 0 1 0 0 
0 1 0 1 0 0 1 1 1 1 0 0 1 1 1 0 0 1 1 1 0 0 0 1 1 1 0 1 0 0 1 0 1 1 0 1 1 1 1 0 
1 1 0 0 1 1 0 1 0 0 1 1 0 1 0 1 0 0 0 1 0 1 1 1 0 1 1 1 1 0 1 0 1 1 0 0 1 1 0 1 
1 1 0 1 0 1 0 0 1 0 1 0 1 1 1 1 0 0 0 1 0 1 1 0 0 0 0 1 1 0 1 0 1 1 1 1 0 1 0 0 
1 1 0 0 0 1 1 1 0 1 0 0 0 0 0 0 0 1 0 1 1 1 1 1 0 0 0 1 1 0 1 0 0 1 0 0 0 1 1 0 
0 0 1 0 0 1 0 0 0 0 1 0 1 0 1 0 0 1 1 1 0 0 1 0 1 1 0 1 0 0 0 0 0 1 0 0 0 0 0 1 
1 1 1 0 1 0 0 1 1 1 0 1 1 1 1 0 0 0 0 0 0 0 0 0 1 0 0 1 0 0 0 1 1 1 0 0 1 0 1 1 
0 1 0 1 0 0 0 0 0 0 0 0 0 0 0 1 0 0 0 0 0 1 0 1 0 0 1 0 0 0 1 0 1 1 0 1 1 0 1 1 
0 1 1 0 1 1 1 1 1 1 1 1 0 1 0 1 1 1 1 0 1 0 0 0 1 0 1 1 0 0 0 0 1 0 0 0 1 1 1 1 
1 1 0 1 0 1 0 0 0 1 0 0 1 0 0 1 1 0 0 1 0 0 0 0 0 0 0 0 0 0 1 1 1 1 0 1 0 1 1 1 
0 1 1 0 0 1 1 1 1 1 0 0 1 0 0 0 1 0 0 1 0 1 0 1 0 0 1 1 1 0 0 0 0 1 0 0 0 1 1 0 
0 1 0 1 0 0 1 1 0 1 0 1 0 0 0 1 0 1 0 0 0 0 0 0 1 0 0 1 1 1 1 1 0 1 0 0 1 0 1 0 
1 1 1 0 1 1 1 0 1 1 0 1 1 0 1 0 0 1 1 1 0 1 0 0 0 0 1 0 0 0 0 0 0 1 0 1 0 1 1 1 
0 1 0 1 1 1 1 1 0 0 0 0 1 0 1 0 1 0 0 1 0 0 1 0 1 1 0 1 0 1 1 0 1 1 1 0 1 0 0 1 
1 0 0 0 1 1 0 0 1 0 1 1 0 1 0 1 0 0 1 1 1 0 1 0 1 1 1 0 1 1 0 0 1 0 1 0 1 1 0 0 
0 0 1 0 1 1 0 1 1 1 0 1 1 0 1 0 1 0 1 0 1 1 1 1 1 0 1 0 1 0 0 1 0 1 0 1 1 0 0 0 
1 1 1 0 1 1 0 0 1 1 0 1 0 1 0 1 1 1 1 1 1 1 0 1 1 0 0 0 0 1 0 1 0 0 1 1 1 0 1 0 
1 1 1 0 1 1 1 0 1 1 1 0 0 0 0 1 0 0 1 1 1 0 0 1 0 0 0 1 0 1 1 1 1 1 1 0 0 1 0 1 
0 0 0 0 0 0 0 0 0 1 1 0 1 0 1 1 0 0 0 0 1 0 1 0 1 1 0 1 0 1 1 0 1 1 0 1 1 0 1 1 
0 1 1 1 1 1 1 1 1 1 1 0 1 0 1 0 1 1 0 1 0 1 1 1 0 0 0 1 0 0 0 0 1 0 0 0 1 1 1 0 
0 0 0 0 0 1 0 0 1 0 1 1 1 1 1 1 1 1 0 1 1 1 0 0 1 0 0 0 1 1 0 1 1 0 1 0 0 0 0 1 
0 1 0 0 0 1 1 1 1 0 1 0 1 1 1 0 1 1 0 0 1 0 1 0 0 1 0 0 1 0 1 1 0 0 1 0 1 1 0 0 
1 1 1 0 0 0 0 1 1 0 1 0 0 0 1 0 1 1 1 0 0 0 0 0 0 1 0 0 0 0 0 1 1 1 1 1 1 1 0 1 
1 1 1 1 0 0 0 1 0 1 0 0 1 0 0 0 1 0 0 0 1 0 1 0 0 1 0 1 0 0 0 0 0 0 1 0 0 1 1 0 
0 1 0 0 1 0 0 1 1 0 1 0 0 0 0 0 1 0 0 0 1 0 0 1 0 1 1 1 1 0 1 1 0 0 1 1 0 1 0 1 
1 1 1 0 0 0 0 1 0 0 1 1 1 1 0 1 1 1 0 0 0 0 1 0 0 1 1 0 0 0 0 0 1 1 0 1 1 0 1 0 
1 0 1 0 0 0 1 1 1 0 1 1 0 0 1 0 1 1 0 0 1 0 0 0 0 0 0 1 0 1 1 1 1 1 1 1 1 1 0 0 
1 1 0 1 0 1 1 1 0 1 1 1 0 1 0 0 1 0 1 0 1 1 1 0 0 1 0 1 0 0 1 1 0 1 0 0 1 1 1 1 
0 1 1 0 0 1 0 0 1 0 0 0 1 1 0 1 0 0 0 0 1 1 1 1 1 1 1 0 0 0 1 1 1 0 1 0 1 0 0 0 
0 0 0 1 1 1 0 0 1 0 0 0 1 0 1 0 1 0 0 0 1 0 1 0 0 0 0 0 0 0 0 0 0 1 1 0 0 1 0 1 
1 0 0 1 0 1 1 0 0 0 0 1 0 1 1 0 1 0 0 0 0 1 0 1 0 0 1 0 1 1 1 1 1 1 0 0 1 1 0 1 
1 0 0 1 1 1 0 0 1 0 0 0 1 1 1 1 1 0 1 0 1 1 1 0 0 1 0 1 1 0 0 0 0 0 0 1 0 0 0 1 
0 0 1 0 1 0 1 0 0 1 1 1 0 0 0 0 0 0 0 1 1 0 1 1 1 1 1 1 1 1 0 0 1 0 0 1 0 1 1 1 
0 0 0 0 1 0 1 1 1 1 0 0 1 1 1 0 1 0 1 0 1 0 0 1 0 0 0 0 0 1 1 0 0 0 1 1 0 0 0 1 
1 0 1 0 1 1 1 0 1 0 1 1 0 1 0 0 0 0 1 0 1 0 0 1 0 1 0 1 1 0 0 0 0 0 1 0 1 0 0 0 
0 1 1 1 1 1 1 1 1 0 1 1 1 1 0 1 1 1 0 0 1 1 1 0 1 0 0 0 0 0 0 0 0 0 1 1 1 1 0 1 
1 1 0 0 0 0 0 1 1 0 0 1 1 1 1 0 1 1 0 1 1 1 1 1 1 1 0 0 0 0 1 1 1 1 0 0 0 0 1 1 
0 1 0 0 0 1 0 1 0 1 0 0 0 0 1 1 1 0 1 1 0 1 0 0 0 0 0 0 0 1 0 1 1 0 1 1 0 1 1 0 
0 1 0 0 1 0 1 0 0 1 1 0 0 0 0 0 0 0 1 1 0 1 0 1 1 1 0 1 0 1 0 1 1 0 1 0 0 1 1 0 
0 0 1 0 0 1 0 1 0 1 0 0 0 0 1 0 1 1 1 1 1 1 0 0 0 0 0 0 1 1 1 1 0 0 1 0 1 1 1 1 
1 1 1 1 1 0 1 0 0 1 0 1 0 0 1 0 0 1 1 1 1 0 0 1 0 1 1 1 1 1 1 0 0 0 1 0 1 1 0 1 
0 0 0 0 1 1 1 1 0 0 1 1 0 1 0 0 1 0 1 0 1 0 0 1 1 1 1 0 0 0 1 0 0 1 1 1 0 0 1 0 
0 0 0 0 1 0 0 0 0 1 0 1 0 0 1 1 0 0 1 0 0 0 1 1 1 0 0 1 0 1 1 0 1 1 0 1 0 0 1 0 
1 0 0 1 0 1 0 0 1 1 1 0 1 0 1 0 0 1 1 0 1 1 0 0 0 0 1 0 0 1 1 1 1 1 1 1 0 1 0 1 
1 1 1 0 1 0 1 1 0 0 1 1 1 1 1 0 1 1 0 1 0 1 0 1 0 1 0 0 1 0 0 0 1 1 0 0 0 1 1 0 
0 0 1 1 1 0 1 0 1 0 1 1 1 0 0 0 1 1 0 0 1 0 0 1 0 1 1 0 0 1 0 0 1 1 0 1 1 1 1 1 
1 1 0 1 1 1 1 0 0 1 1 1 0 1 0 0 0 0 0 1 1 0 1 0 1 1 1 0 1 1 1 0 0 0 1 1 1 0 1 1 
0 0 0 0 0 1 0 0 1 0 1 0 0 1 0 1 0 0 1 1 1 1 0 1 1 1 0 0 0 1 1 0 0 1 0 0 0 0 0 1 
0 0 1 0 1 0 1 1 0 0 1 1 1 1 0 0 0 0 0 0 1 1 0 1 1 0 1 1 0 0 1 0 0 0 0 1 0 1 0 0 
0 1 1 1 0 1 0 1 1 0 1 1 0 0 0 1 0 0 0 1 0 1 1 0 0 0 1 0 1 1 1 1 1 0 1 1 0 1 0 1 
1 0 0 1 0 1 0 0 1 1 1 1 0 1 1 0 1 0 1 0 1 0 0 0 0 1 0 0 0 0 0 1 0 0 1 0 1 1 1 0 
0 0 1 1 1 0 1 0 0 0 1 0 0 1 0 1 0 0 1 0 1 1 1 1 0 0 0 1 0 1 0 0 1 1 1 1 0 1 1 0 
1 0 0 0 1 1 1 1 1 0 1 0 0 1 0 0 1 0 1 1 1 1 0 0 1 1 1 1 0 1 1 0 1 0 0 1 1 1 0 0 
1 0 1 1 1 1 1 0 1 1 0 0 0 0 0 1 1 0 0 0 1 0 0 0 0 0 1 1 1 0 1 0 0 0 0 1 1 1 1 0 
