69 54 2673
8 76 17 33 39 31 7 7 44 27 5 16 27 69 28 98 19 14 100 86 50 66 82 37 72 90 74 52 81 55 41 88 30 9 20 20 91 79 78 34 5 82 1 83 2 28 80 20 42 31 58 43 48 39 
79 20 28 52 23 60 58 63 48 39 23 19 58 14 97 35 99 53 69 100 35 70 79 14 42 20 97 99 14 44 37 92 63 17 95 86 76 52 100 75 90 75 94 47 40 42 82 38 95 50 89 81 71 20 
47 12 39 43 62 5 86 99 96 1 67 43 38 42 94 89 69 84 63 62 82 2 55 15 92 49 16 80 82 87 99 28 50 90 70 12 94 7 62 41 7 28 83 96 21 29 85 89 64 99 2 45 1 57 
60 92 57 27 23 38 65 74 65 15 15 86 78 60 93 91 52 51 18 87 99 38 15 83 79 78 81 80 74 33 88 85 24 45 12 99 34 76 24 99 42 38 36 19 97 28 9 48 31 78 86 29 16 100 
63 46 77 43 25 3 76 65 87 51 61 98 1 94 74 24 44 15 13 80 86 61 59 46 61 41 24 46 69 91 46 31 36 74 26 12 76 53 76 63 55 36 12 56 82 37 31 25 4 44 56 89 56 15 
34 16 55 57 62 76 99 7 58 34 32 35 46 60 87 73 74 94 61 85 49 42 22 31 66 77 26 74 65 82 88 50 97 94 59 10 21 57 68 31 91 100 65 88 59 4 12 32 97 72 68 97 13 41 
79 31 17 5 4 33 38 43 83 34 88 93 96 61 49 63 91 91 62 7 30 72 10 42 3 58 65 23 54 78 63 33 60 32 89 15 64 26 9 98 11 48 90 6 8 91 69 50 81 30 9 63 54 70 
4 8 28 68 30 33 97 45 65 8 76 5 22 39 30 82 89 41 30 78 98 89 68 66 91 1 48 99 63 1 68 18 8 47 85 90 80 34 34 96 41 9 1 15 99 82 48 87 22 77 17 20 18 36 
37 8 36 84 58 50 36 77 67 44 24 4 85 55 89 18 50 29 78 2 95 76 84 43 15 57 71 83 28 40 18 65 47 6 100 56 7 36 85 74 31 8 29 67 14 17 84 15 97 61 69 44 88 52 
38 54 60 8 36 88 48 6 4 46 63 55 54 69 42 38 94 24 97 74 90 10 90 73 76 39 85 44 82 73 95 19 78 7 78 14 46 25 71 49 23 33 55 76 1 97 13 47 20 61 20 62 70 10 
34 97 100 71 41 81 43 87 51 72 93 28 85 38 5 55 38 79 39 93 54 40 41 18 38 12 78 57 73 99 18 59 95 17 29 87 49 23 74 99 94 66 79 79 56 83 85 45 61 24 37 66 15 29 
35 52 41 12 60 13 62 78 71 8 46 99 95 95 21 68 45 15 85 23 45 92 57 81 37 17 4 25 34 70 54 68 73 94 31 33 58 44 62 29 52 7 79 46 53 52 65 50 18 1 72 62 93 29 
42 81 97 98 5 31 19 58 50 92 3 81 76 61 24 89 41 75 47 19 72 100 70 88 49 39 89 72 100 33 100 94 13 49 43 17 31 13 27 80 56 29 60 31 41 84 71 81 10 18 52 34 17 73 
21 17 12 61 88 11 45 40 56 57 40 50 26 70 63 4 49 18 84 9 1 25 44 71 5 5 88 8 38 56 81 11 24 92 23 64 54 68 55 10 76 94 59 53 63 73 56 11 43 40 71 43 16 14 
65 72 19 5 80 8 12 60 18 36 51 41 51 4 60 5 65 35 98 76 88 60 100 95 22 42 86 45 84 1 58 1 73 28 57 52 88 68 63 57 55 13 49 5 68 8 9 85 43 58 12 82 69 11 
28 43 53 14 87 88 14 44 88 38 24 44 41 63 64 3 19 18 67 68 23 87 75 83 71 69 93 82 2 61 92 30 3 44 95 89 84 60 85 71 98 60 67 38 22 30 41 92 47 59 59 21 45 86 
56 67 54 48 48 8 60 92 89 15 87 83 55 70 42 91 93 39 50 59 29 23 40 21 15 38 79 25 59 76 10 66 42 16 65 90 23 24 33 11 90 19 93 45 89 86 35 33 77 37 91 5 11 30 
25 25 67 55 2 77 30 11 94 72 26 58 13 100 34 45 10 75 15 54 19 55 92 6 87 68 42 77 72 52 58 48 29 77 2 30 5 84 92 51 55 70 60 19 69 93 63 31 68 77 36 38 32 27 
43 70 94 36 47 17 88 56 16 68 84 18 49 41 53 40 91 7 9 50 25 30 95 39 12 14 67 99 51 50 26 46 20 71 81 18 40 20 73 55 87 9 24 35 49 76 27 39 82 35 88 58 16 82 
48 79 95 15 78 98 64 55 43 83 25 23 100 16 43 25 71 81 33 94 16 81 70 42 71 3 28 58 13 96 92 60 74 38 26 51 35 90 57 29 24 82 4 24 49 98 100 19 78 32 65 45 64 86 
38 34 40 66 43 52 13 34 64 86 24 41 89 10 30 45 91 6 78 94 81 27 91 80 97 20 11 13 65 26 98 2 59 38 19 1 41 31 87 56 69 62 97 9 71 26 53 61 83 83 6 63 61 96 
42 9 16 4 22 32 29 19 33 87 8 52 40 49 34 78 4 2 39 100 62 61 78 15 22 60 49 27 75 61 75 16 69 42 72 90 73 100 61 57 39 68 60 30 16 94 7 72 47 45 71 9 57 100 
75 78 60 75 57 34 35 83 1 3 24 72 45 48 24 5 4 14 72 64 43 40 9 49 11 55 45 33 15 1 33 89 31 44 15 39 29 49 73 29 4 96 53 48 95 28 4 98 41 27 13 83 66 21 
83 76 28 79 61 42 31 93 83 13 36 97 3 64 46 75 44 1 22 48 100 16 75 3 66 15 29 78 49 95 51 83 22 78 13 82 19 96 26 1 8 61 50 11 76 47 37 72 47 59 19 46 74 46 
100 91 12 28 69 13 74 19 95 48 48 8 81 66 3 7 19 62 19 20 24 47 66 61 18 64 19 88 61 44 33 60 35 45 87 55 57 13 25 3 60 72 62 40 89 16 98 59 78 69 30 53 15 95 
13 32 10 83 71 70 27 56 29 13 100 68 19 8 80 43 62 39 66 76 30 6 91 80 17 20 48 46 73 62 93 85 45 2 68 15 72 46 22 52 58 73 19 76 80 98 70 94 88 87 69 70 92 11 
49 8 31 48 54 3 9 46 39 5 47 58 71 70 3 93 22 12 65 92 39 97 42 60 42 81 46 10 50 38 20 50 45 2 97 50 4 57 95 95 13 94 52 84 15 7 76 88 70 92 80 9 88 21 
68 29 1 66 90 3 3 62 52 99 63 1 49 19 9 95 13 22 40 16 5 7 22 32 94 92 75 73 52 15 45 71 95 46 36 85 100 38 98 3 89 60 3 89 30 64 35 42 85 27 10 41 33 31 
72 26 74 46 99 25 60 95 48 55 40 83 91 91 73 88 94 61 99 48 49 29 11 35 22 47 61 31 87 93 14 58 19 87 56 69 64 67 63 11 73 55 93 15 45 65 54 90 77 53 38 77 33 100 
12 54 47 72 85 33 17 98 43 87 36 50 55 99 68 69 61 41 75 6 7 20 70 61 61 99 13 98 75 45 50 38 50 96 62 86 80 78 35 74 16 71 23 70 21 91 90 82 83 65 87 89 36 8 
1 96 58 13 46 85 9 95 22 11 42 83 96 73 12 31 47 27 1 69 48 73 11 90 6 45 54 44 34 41 4 34 36 61 99 33 45 59 79 67 69 20 1 65 45 65 47 91 43 99 11 91 71 22 
80 77 66 85 72 51 25 75 37 12 36 87 45 80 97 75 98 66 47 51 82 91 15 28 81 9 26 91 99 48 12 30 24 30 66 48 32 42 22 20 54 57 6 50 89 3 24 38 20 70 88 1 60 54 
80 92 63 5 83 13 52 46 95 28 27 60 75 59 2 48 30 7 5 88 8 93 42 83 30 61 53 70 13 64 23 92 8 37 48 90 50 51 87 44 30 14 55 56 24 8 4 53 14 60 92 21 52 33 
4 33 93 8 54 57 23 29 100 30 65 99 71 66 50 10 61 31 23 16 87 98 23 42 2 89 1 94 61 4 26 16 88 71 23 42 27 98 22 79 79 86 77 2 4 78 11 64 9 85 79 47 82 54 
40 35 42 40 80 2 95 6 18 82 28 92 75 6 41 96 84 20 34 13 21 37 90 31 100 98 15 31 96 48 84 35 82 77 74 62 78 20 19 47 2 98 91 28 3 31 24 39 50 9 51 70 45 40 
52 96 90 18 26 85 65 61 72 99 37 97 12 67 17 82 13 18 79 3 97 33 34 20 71 35 80 73 57 24 13 8 72 54 26 97 90 42 10 61 92 46 58 55 12 74 36 77 43 66 31 39 99 16 
11 21 51 90 94 7 66 58 66 37 63 43 85 52 85 94 65 28 92 22 83 55 47 70 83 41 36 14 31 86 29 93 58 31 35 3 37 100 12 55 88 74 97 24 78 81 70 42 61 61 15 43 67 13 
12 50 5 99 15 35 36 95 80 94 26 14 96 14 65 8 68 52 33 65 75 10 97 44 3 57 56 17 51 75 29 63 76 33 13 90 20 49 36 99 42 13 64 89 27 28 48 46 79 81 62 5 42 11 
1 45 67 8 61 70 82 42 84 57 26 96 98 45 96 34 95 37 98 58 78 76 85 25 22 15 5 35 72 99 45 72 43 64 31 3 33 13 96 16 21 22 63 71 18 59 56 13 47 53 22 24 29 59 
1 2 25 57 36 96 55 33 19 97 96 50 52 80 62 47 47 34 68 61 56 38 19 11 2 18 64 23 41 44 33 93 45 58 50 32 5 4 64 24 53 11 73 4 42 86 2 88 71 22 49 27 59 19 
37 60 36 52 82 29 47 67 21 91 24 22 75 28 26 38 3 30 1 75 33 42 12 34 30 83 55 30 9 65 100 97 24 88 1 58 16 47 24 88 90 99 10 64 78 87 53 81 16 53 7 100 95 71 
85 76 53 92 57 13 56 56 61 32 43 13 89 10 12 64 50 1 62 11 16 91 49 20 23 16 73 82 15 19 52 51 46 56 42 2 20 98 9 80 29 4 93 69 65 56 32 14 56 45 76 23 87 24 
42 10 39 66 91 5 36 94 56 81 49 49 34 68 98 95 99 78 98 43 46 14 98 29 28 5 73 55 27 12 79 21 21 69 38 63 74 74 56 81 6 4 29 40 23 79 86 21 56 83 64 2 96 13 
82 75 18 7 30 44 18 60 16 38 28 54 52 53 79 7 85 84 62 14 75 84 44 60 56 99 94 71 52 42 84 34 68 1 40 49 96 57 8 64 46 88 17 97 40 47 55 25 82 16 90 57 51 33 
68 58 31 14 29 35 55 64 68 74 64 59 23 11 15 30 74 12 17 42 60 9 88 14 85 22 81 74 30 31 58 97 40 40 62 20 74 16 83 41 42 98 99 64 9 65 45 34 76 14 76 35 74 15 
100 58 36 80 31 65 10 88 14 2 27 75 21 53 43 4 93 84 1 44 99 61 8 95 95 36 8 22 22 81 88 22 90 76 1 20 92 63 59 5 64 38 32 84 90 26 39 82 61 40 77 59 52 37 
5 98 24 13 71 45 45 59 18 35 34 71 6 77 85 65 82 100 54 65 35 43 90 74 76 50 65 53 60 16 41 64 66 64 28 36 60 25 94 78 11 79 100 68 56 36 84 89 35 37 53 69 79 94 
94 55 95 58 59 54 26 99 69 91 14 49 78 73 73 72 2 35 2 1 2 9 88 86 49 22 22 53 43 53 46 36 59 40 46 69 45 71 67 66 13 80 14 90 4 38 13 6 24 67 58 25 27 46 
62 76 19 36 28 61 40 74 49 98 65 94 66 62 16 84 79 80 63 92 69 18 81 34 23 4 100 81 80 26 26 94 53 44 29 81 57 68 6 5 17 22 50 82 35 17 17 13 96 31 56 16 48 36 
49 71 91 100 51 23 78 28 16 30 23 96 62 79 15 67 35 31 41 84 64 75 100 80 88 47 10 43 63 57 31 63 79 21 63 81 43 92 8 10 73 83 5 35 13 71 53 48 53 93 83 16 20 35 
47 59 81 8 1 95 17 83 58 95 56 20 76 98 63 35 60 35 17 16 69 30 87 74 29 39 18 11 7 37 97 5 95 78 13 48 72 29 30 29 75 85 100 2 35 14 37 46 49 5 61 69 86 99 
94 66 38 12 77 96 48 73 100 95 2 64 42 26 44 23 6 19 60 58 72 94 71 60 39 71 65 51 92 2 50 85 68 39 96 96 86 96 20 85 42 22 1 35 99 44 57 4 14 16 13 86 61 84 
45 51 6 61 2 97 63 3 82 82 41 29 77 26 76 96 62 17 69 14 51 19 58 60 75 23 27 87 8 40 22 5 90 28 17 43 24 79 45 57 12 37 38 88 14 13 36 28 82 56 41 32 75 98 
43 49 73 70 87 32 9 9 36 50 36 5 93 11 83 89 68 47 78 5 86 43 69 21 70 50 29 11 34 55 60 76 3 32 97 89 16 57 97 3 59 84 7 3 95 42 91 14 88 20 18 73 63 38 
46 32 88 74 94 73 28 6 100 82 89 49 22 4 5 71 7 63 54 13 17 48 54 8 13 41 79 82 66 93 20 11 25 59 84 70 31 63 75 82 44 64 30 17 19 87 87 25 1 41 90 18 40 43 
77 53 36 55 86 1 48 5 63 24 63 98 45 45 60 20 79 55 35 8 71 5 94 58 30 95 50 19 64 41 13 40 45 48 94 31 100 93 35 62 16 50 11 61 46 70 32 24 24 18 84 47 22 77 
56 3 23 5 21 86 97 34 25 42 33 71 24 85 63 10 98 31 11 9 43 57 78 74 32 54 43 15 52 64 44 7 67 18 63 39 56 59 24 32 52 9 2 75 93 17 37 42 47 47 50 89 55 80 
14 87 85 56 53 36 71 48 94 89 66 56 80 21 66 55 52 70 63 6 96 7 22 32 49 20 79 50 8 33 81 73 71 65 28 76 52 50 23 97 91 40 52 70 12 70 24 16 39 39 21 34 45 94 
66 45 13 96 47 20 80 27 92 51 44 71 26 47 72 48 44 62 88 47 83 99 16 59 14 6 97 86 92 93 79 9 90 91 4 36 62 83 14 5 85 57 27 10 4 51 10 99 64 49 45 47 99 13 
57 65 18 53 50 61 97 81 69 86 23 24 73 85 59 87 41 43 95 68 5 50 18 14 48 33 14 45 79 12 57 87 28 26 39 30 87 88 10 7 25 84 31 98 68 41 36 61 83 82 28 39 32 97 
52 31 29 17 27 60 81 35 46 8 61 37 37 99 76 98 57 100 82 39 49 1 79 36 61 14 18 40 52 1 88 56 83 69 72 10 80 52 44 77 12 56 13 100 54 40 50 11 40 31 1 88 83 80 
24 96 93 93 35 44 93 75 51 75 43 23 36 74 26 80 50 89 87 15 89 41 54 38 3 45 20 3 33 54 34 8 49 78 52 36 22 44 10 24 70 4 46 58 77 24 89 78 12 75 92 52 67 98 
89 21 42 60 76 26 14 9 85 14 87 36 49 60 79 58 83 1 13 81 58 41 56 46 19 67 72 62 19 39 59 59 59 1 71 34 78 84 43 63 97 81 98 98 40 29 55 74 81 20 6 38 60 61 
35 30 28 6 92 98 96 50 8 55 2 78 40 80 13 34 42 62 14 91 59 5 19 65 31 99 84 36 88 96 97 74 25 76 32 68 25 27 18 32 33 71 62 73 2 26 6 95 87 72 86 97 76 56 
62 6 7 97 42 94 44 90 20 21 65 3 88 41 29 57 24 14 28 85 86 29 63 43 24 49 14 61 98 42 16 11 99 22 59 40 68 3 81 39 23 97 41 62 37 21 19 61 34 98 45 71 78 7 
14 53 8 79 13 57 72 81 67 71 2 25 62 21 27 43 59 1 39 51 63 76 72 33 36 5 30 32 28 59 91 93 12 50 71 76 6 43 56 72 65 10 48 26 30 75 68 41 27 59 91 41 34 14 
73 21 19 54 4 46 13 46 38 24 47 60 99 4 54 55 27 18 16 75 44 45 49 63 37 27 21 80 68 6 93 40 78 63 94 82 60 58 79 49 81 26 9 31 81 14 37 8 32 52 82 27 49 82 
89 37 8 10 16 75 67 61 67 45 23 60 26 83 69 56 31 1 33 91 31 14 5 20 21 88 71 2 14 71 83 54 8 90 15 75 17 82 35 83 26 58 94 3 92 62 58 74 62 91 65 92 4 21 
11 24 60 34 77 25 56 59 78 63 100 93 38 16 74 24 98 51 81 91 53 24 52 10 98 65 52 14 9 55 86 71 30 45 4 6 69 60 16 46 74 68 90 63 83 15 87 33 65 19 23 17 43 27 
0 1 0 1 0 0 0 1 1 1 1 0 1 1 1 0 0 1 1 0 1 0 0 1 0 1 0 0 1 0 0 1 1 1 1 1 1 1 0 0 0 1 1 1 0 0 0 0 1 1 0 1 1 1 
0 1 0 0 0 1 0 0 1 1 1 0 0 1 1 0 1 1 1 0 1 1 1 1 0 0 0 0 1 0 1 0 1 1 0 1 1 1 0 0 0 1 0 1 0 1 1 0 0 1 0 1 0 1 
0 0 0 1 1 1 1 0 1 0 0 0 0 1 1 0 1 1 1 1 0 0 0 0 0 0 1 0 0 1 0 0 0 0 1 1 1 0 1 1 1 1 1 1 0 0 1 1 1 0 0 0 0 0 
0 0 1 1 1 1 0 1 1 0 1 1 1 0 1 1 1 0 0 0 1 1 0 0 0 0 1 1 0 1 1 0 0 0 1 1 1 1 0 1 0 1 0 1 1 1 0 1 0 1 1 1 0 0 
0 0 0 1 1 0 0 1 0 0 1 1 1 1 0 1 0 0 0 0 0 0 1 0 1 1 1 0 1 1 0 1 0 0 0 1 0 0 0 0 1 0 1 0 1 0 0 1 0 0 1 0 0 0 
1 1 0 0 0 1 0 0 0 0 1 0 1 1 0 0 0 1 0 1 0 1 1 0 0 0 0 1 0 1 1 1 0 1 0 0 0 0 1 0 0 0 0 1 1 1 1 1 0 1 1 0 0 0 
0 0 0 1 1 1 0 1 0 0 0 0 1 1 0 0 1 0 0 0 0 1 1 1 1 1 1 0 0 1 0 0 0 1 1 1 0 1 0 0 0 1 1 1 0 1 1 1 0 1 1 0 0 0 
1 1 0 0 1 0 0 0 0 0 1 0 1 1 1 0 1 1 1 0 0 1 0 1 0 0 0 0 0 1 0 1 0 0 0 0 0 0 0 1 0 1 1 1 0 0 1 1 0 0 0 0 1 0 
0 0 0 0 0 0 1 0 1 0 1 1 0 1 1 0 0 1 1 1 1 1 0 0 0 0 1 0 0 0 0 0 0 0 1 0 0 0 1 0 0 0 1 0 1 1 0 0 0 1 1 1 0 1 
0 1 1 1 1 0 1 0 0 0 0 1 0 1 0 1 1 0 1 0 1 1 1 1 1 0 1 0 1 1 0 1 0 1 0 0 1 0 0 0 0 0 1 0 1 1 0 0 0 1 1 1 0 0 
0 1 0 1 0 0 1 0 1 1 1 0 1 1 0 1 1 0 0 0 0 1 0 0 0 0 0 1 1 0 1 1 0 0 1 0 0 0 0 1 1 1 1 1 0 1 0 1 1 0 0 0 0 0 
0 0 0 0 1 1 1 0 0 1 0 1 1 0 1 1 0 1 0 1 0 1 1 0 0 0 1 0 0 1 0 1 1 0 1 0 1 0 0 0 1 1 1 0 1 1 1 1 0 0 1 0 1 0 
0 1 0 1 0 1 0 0 0 1 1 1 1 0 0 0 0 1 1 0 0 0 1 1 0 1 1 1 1 0 1 1 0 1 1 0 0 1 0 0 1 1 0 0 0 0 0 0 1 1 0 1 0 1 
1 0 0 0 1 1 1 0 1 1 1 0 1 0 1 1 0 0 1 0 1 1 0 1 1 0 1 0 1 1 1 0 1 0 1 0 1 0 0 0 1 1 0 0 1 0 1 0 0 0 0 1 1 1 
1 1 1 0 1 0 1 0 1 0 0 0 0 0 0 0 0 1 1 1 1 1 1 0 1 1 1 1 1 0 0 0 1 1 0 0 0 1 1 1 1 1 1 1 1 1 1 0 0 0 1 1 1 0 
1 0 1 0 0 0 1 0 0 0 0 0 1 0 1 0 1 0 1 0 1 1 1 0 1 1 1 0 0 0 0 1 1 1 0 1 0 1 1 0 1 1 1 0 1 0 0 0 1 0 0 0 1 1 
1 0 0 0 0 0 0 0 0 1 1 0 0 1 1 0 0 0 1 1 1 1 1 1 1 0 1 0 1 0 1 0 0 0 0 0 0 0 0 0 0 0 0 0 1 1 0 1 0 0 0 1 1 0 
0 0 0 0 0 1 0 0 1 1 0 1 1 0 0 0 1 0 0 1 0 1 1 1 1 1 1 1 0 0 1 0 0 0 0 1 1 1 1 1 0 1 0 1 1 0 1 0 0 1 0 1 1 1 
0 0 0 1 1 0 1 1 0 1 1 1 0 0 0 1 1 0 0 0 1 0 0 1 0 1 0 0 0 1 1 0 1 1 1 1 1 0 0 0 1 1 1 0 1 1 1 1 1 0 1 0 0 1 
1 0 0 0 1 0 1 0 0 1 0 1 0 1 1 0 1 1 1 0 1 0 1 0 1 0 0 0 1 0 0 0 1 0 0 0 1 0 0 1 1 0 1 1 0 0 1 1 1 0 0 0 0 1 
1 0 0 1 0 1 0 0 1 1 1 0 1 0 0 1 1 1 0 0 0 0 1 1 1 0 1 1 1 1 1 0 1 1 1 0 0 1 0 1 0 1 1 1 1 1 1 1 0 1 1 0 1 0 
1 0 1 0 0 0 0 1 0 1 0 1 1 0 1 0 1 1 1 1 1 1 0 0 0 1 1 1 1 0 0 1 0 1 1 0 1 1 1 1 1 1 0 0 1 1 0 1 1 0 0 0 1 0 
0 1 1 1 0 1 1 0 0 1 1 1 0 0 1 1 1 0 1 0 0 0 1 1 1 0 1 1 0 0 0 0 1 1 1 1 0 0 0 0 0 1 0 0 0 1 1 1 1 0 1 1 1 1 
0 0 1 1 0 0 1 0 0 0 1 0 0 0 0 0 0 0 1 0 0 1 1 0 1 0 0 0 0 1 1 0 0 1 0 0 1 1 0 1 0 1 1 0 1 0 0 0 0 1 0 1 1 0 
1 0 0 1 0 0 1 0 1 1 1 1 1 0 0 1 1 0 0 1 0 0 1 0 0 1 0 0 0 1 0 1 1 1 1 1 1 0 1 0 1 0 1 0 0 0 1 0 0 1 1 1 1 0 
1 1 1 1 0 0 0 0 1 1 1 0 1 1 0 0 1 1 1 1 1 1 1 0 1 1 0 0 0 1 0 0 1 0 1 1 0 0 1 1 1 1 0 0 0 0 1 1 0 0 0 1 1 1 
0 1 1 0 1 1 1 0 1 0 0 1 1 0 1 1 1 0 0 1 1 0 0 0 1 0 0 0 1 1 1 1 0 0 1 0 0 1 0 1 1 0 0 1 0 1 0 1 0 0 1 1 0 1 
1 1 1 1 1 0 0 1 0 1 1 1 1 1 0 1 1 0 1 1 1 1 1 1 0 1 1 1 0 1 0 1 0 1 0 0 0 0 1 0 1 0 1 0 0 0 1 1 0 0 0 1 1 1 
0 0 0 1 1 0 0 0 1 0 1 1 0 1 0 1 1 1 0 1 0 0 1 1 1 1 0 1 0 1 1 0 1 1 1 1 0 1 1 1 1 0 1 0 0 1 1 1 0 1 0 0 1 1 
0 0 0 0 0 0 1 1 0 1 0 1 0 0 0 1 0 0 1 1 0 1 0 1 1 0 1 1 1 0 1 1 1 1 1 1 0 0 0 0 1 0 0 1 1 0 0 1 0 0 0 0 1 0 
0 0 0 1 0 1 1 1 0 0 0 1 1 0 0 1 1 1 0 1 1 1 1 1 0 0 1 0 0 1 0 0 1 0 1 1 0 1 0 0 1 1 0 1 1 0 0 0 1 0 1 0 1 1 
0 1 1 1 1 1 0 1 0 0 0 1 1 0 0 0 0 0 1 0 1 0 0 1 1 0 0 0 0 1 1 0 1 0 0 0 0 0 0 0 0 0 1 0 0 0 0 0 0 1 1 1 1 1 
0 0 1 0 1 0 0 0 0 1 1 0 1 1 1 1 1 1 1 0 1 1 0 1 0 0 0 1 1 0 0 0 0 0 0 1 0 0 0 0 1 1 1 1 0 0 0 1 1 0 1 1 1 0 
0 1 0 1 0 0 1 1 0 1 1 0 1 1 1 1 1 0 0 0 1 0 0 0 1 0 0 0 1 1 0 1 1 1 0 1 1 1 0 1 1 1 1 0 0 0 1 0 1 1 0 0 1 1 
0 0 1 0 0 0 0 1 1 1 0 0 0 1 1 1 0 0 0 1 0 1 0 1 1 1 0 1 1 1 0 0 1 1 0 0 1 0 1 1 1 1 1 0 0 0 1 0 1 1 1 1 0 1 
1 1 0 1 1 0 1 1 0 0 1 0 0 0 1 1 1 0 0 0 0 0 1 1 0 0 1 0 1 1 1 0 1 0 0 0 0 1 1 0 1 0 0 0 1 1 1 0 0 0 1 0 0 0 
0 1 0 1 1 1 0 0 0 1 0 0 1 0 1 1 0 0 1 1 0 0 0 0 1 0 0 0 1 0 0 1 1 0 0 0 1 0 1 1 0 1 1 1 0 0 0 0 1 0 1 1 0 0 
1 1 0 1 1 1 0 1 0 1 1 0 0 1 1 1 0 1 0 0 0 0 0 1 1 1 1 0 1 1 0 0 1 1 0 0 0 0 0 1 1 1 1 1 0 0 0 1 1 1 1 0 1 1 
1 0 1 0 1 0 1 1 0 0 0 0 1 1 0 1 0 0 0 1 1 1 0 0 0 1 1 1 1 0 0 0 1 1 0 0 1 0 1 0 0 0 0 1 1 1 0 1 1 1 0 0 0 0 
0 0 0 1 1 1 0 1 0 1 1 0 1 0 0 0 0 1 0 1 0 1 0 1 0 1 0 1 1 0 1 0 0 1 1 1 1 1 0 1 0 1 1 1 0 0 0 0 1 0 1 1 0 1 
0 0 0 0 1 0 0 1 0 0 0 1 1 1 1 0 0 1 1 0 1 1 0 1 0 1 1 1 0 1 1 1 0 1 1 1 1 0 0 1 0 1 1 0 0 0 0 1 1 1 1 0 1 1 
1 1 0 1 0 0 0 1 1 0 1 1 0 0 1 0 0 1 1 1 1 0 1 1 1 0 1 0 1 0 1 0 1 1 1 1 1 0 1 1 0 0 0 0 0 1 1 0 0 0 1 0 0 0 
1 1 1 0 1 0 0 0 0 1 1 0 1 1 0 0 0 0 0 0 1 0 1 0 1 1 0 0 1 1 1 1 0 0 1 0 0 0 0 0 1 0 0 0 1 0 0 1 1 0 1 0 1 0 
0 0 1 0 0 1 1 1 0 0 1 1 0 1 1 0 0 1 0 0 1 1 1 0 0 0 0 1 0 1 1 0 1 1 0 0 0 0 1 0 0 1 1 0 0 1 0 0 0 1 1 1 0 0 
1 1 0 0 0 0 1 0 0 1 1 0 1 1 0 0 1 0 1 0 0 0 1 1 0 1 0 1 1 0 1 0 1 1 0 0 1 0 0 1 1 1 0 0 0 0 0 1 1 0 1 1 0 1 
0 0 0 0 0 1 1 1 0 0 1 0 0 0 0 0 0 1 1 0 1 1 0 0 0 1 0 0 1 0 1 1 0 1 0 0 1 1 0 1 1 1 1 0 1 0 0 1 1 0 1 1 1 0 
1 0 1 1 0 0 1 1 0 1 0 0 0 1 1 0 0 0 1 0 0 0 0 1 0 1 1 1 0 0 1 1 0 1 0 0 1 1 1 1 1 0 1 1 1 0 1 0 1 0 0 1 0 0 
0 0 1 1 0 0 0 1 1 0 0 0 1 0 1 0 1 0 0 1 1 0 1 0 0 0 0 0 0 1 0 0 1 1 0 1 1 0 1 1 0 1 1 1 1 0 0 1 1 0 0 0 0 1 
1 0 0 1 0 0 0 0 0 0 0 0 1 1 0 0 0 1 0 1 0 1 0 0 0 1 1 0 1 1 0 0 0 0 0 0 0 0 1 0 0 1 1 0 0 1 0 1 0 0 0 1 0 0 
1 0 1 0 1 1 0 1 1 0 1 1 0 1 0 1 1 0 0 0 0 1 0 1 0 0 1 0 1 1 1 1 0 0 1 1 1 1 0 1 1 1 0 0 0 0 1 1 1 0 0 1 1 0 
0 1 0 0 1 0 1 0 1 1 1 0 0 0 0 0 1 1 1 0 1 1 0 1 1 1 1 1 1 0 1 1 1 1 1 0 1 1 1 0 0 0 1 1 0 1 1 0 0 1 0 0 0 0 
1 1 0 0 0 1 0 1 0 1 1 0 1 0 1 0 1 1 0 0 0 1 1 0 1 1 1 1 1 1 1 0 1 1 0 1 0 0 1 1 1 0 1 1 0 0 1 1 1 0 1 0 1 0 
0 0 0 1 1 1 0 0 0 1 0 0 1 0 1 0 1 0 0 0 1 0 0 1 0 0 1 1 0 0 0 0 0 0 1 1 1 1 1 1 1 1 0 0 0 1 0 1 1 0 0 1 0 0 
0 0 0 1 0 0 1 0 0 1 0 1 0 1 1 1 1 0 1 1 0 1 0 0 0 1 0 0 0 0 1 0 1 1 1 1 0 0 1 0 1 1 0 1 0 1 1 1 1 0 0 1 1 0 
1 1 0 1 0 0 1 1 1 0 0 0 1 0 1 0 1 0 1 1 0 0 0 1 1 1 1 0 0 0 0 1 1 0 0 1 1 1 0 0 0 1 0 1 1 1 0 0 0 1 1 0 1 1 
1 1 0 0 1 0 0 1 1 1 0 1 1 1 1 1 1 1 0 1 0 0 1 0 0 1 0 0 1 1 1 0 0 0 0 1 0 0 1 0 1 1 1 0 0 0 0 1 1 0 0 0 0 1 
0 1 0 0 1 1 0 0 1 0 0 1 0 1 1 1 1 1 0 0 1 0 1 1 1 0 0 1 0 0 1 1 1 1 1 0 1 1 1 0 0 1 0 0 0 1 1 1 0 1 0 0 1 1 
1 0 1 1 1 0 0 0 1 1 0 0 0 1 0 1 1 0 0 1 0 1 1 1 0 1 0 0 1 1 1 1 1 1 0 0 1 0 1 0 0 1 0 0 0 0 1 1 0 1 1 0 0 0 
1 1 1 1 1 1 0 1 0 1 0 0 0 1 1 1 1 1 0 1 1 0 0 0 1 0 1 0 1 0 0 0 1 0 0 0 1 0 1 1 0 1 1 0 0 0 1 1 1 1 1 0 1 1 
0 0 1 0 1 0 0 1 1 1 1 1 1 0 1 1 1 1 0 1 1 1 1 0 0 1 1 1 1 0 0 0 1 0 0 0 0 0 1 1 1 1 0 0 1 0 1 1 1 0 0 1 1 1 
1 1 0 1 1 0 1 1 0 0 1 0 0 0 0 0 1 1 1 0 1 0 0 1 1 1 1 1 0 0 1 0 1 1 1 0 1 0 0 1 1 1 1 1 1 1 1 1 0 0 1 0 1 1 
1 0 0 0 0 1 0 1 1 1 0 0 0 0 0 0 1 1 1 1 1 1 0 0 0 1 1 1 1 0 0 0 0 0 0 0 1 0 1 0 1 0 0 1 0 1 1 1 0 1 0 1 0 1 
0 0 0 1 1 1 1 1 1 1 1 1 0 1 1 1 1 0 1 0 0 1 1 1 1 1 0 1 1 0 0 1 0 0 0 1 1 1 0 0 0 0 1 0 1 0 0 0 1 1 0 1 1 1 
0 0 1 1 1 0 1 0 1 0 0 1 1 0 0 0 0 0 0 0 1 1 0 1 1 1 0 0 0 1 1 1 1 0 0 1 0 1 1 1 1 1 0 1 1 0 1 0 1 1 0 0 0 0 
1 1 0 1 1 0 1 1 1 0 1 1 1 0 1 0 1 0 0 0 1 1 0 0 1 1 1 1 1 1 0 0 1 0 0 0 0 1 1 0 1 1 1 1 1 0 1 0 1 1 0 0 1 1 
1 0 0 0 0 0 0 0 0 1 0 0 1 0 1 1 0 1 0 0 0 1 0 1 1 1 1 0 0 0 1 1 0 1 1 0 1 1 0 0 0 0 0 0 1 0 1 1 1 1 1 1 0 0 
0 1 1 1 1 1 1 0 0 0 0 0 0 1 1 1 1 0 1 0 0 0 0 1 0 1 0 1 0 0 1 0 1 1 0 1 0 1 1 1 1 1 1 0 1 0 1 0 0 0 0 0 1 0 
1 1 1 1 0 1 1 0 0 1 1 0 0 1 1 1 0 1 1 1 1 0 0 0 0 0 0 1 1 1 1 0 0 1 0 1 0 1 1 0 0 0 0 0 1 0 0 0 1 1 1 0 1 1 
0 1 0 0 0 1 0 0 1 0 1 1 1 1 1 0 0 1 0 0 0 0 0 0 0 1 1 1 1 0 1 1 1 1 0 0 0 0 0 1 0 1 1 0 0 0 0 0 1 1 1 1 1 1 
