52 43 524
73 77 71 74 16 64 3 17 49 24 26 95 2 44 51 17 12 31 3 87 58 32 51 30 17 19 37 13 77 18 21 50 46 43 23 61 59 25 77 7 100 2 54 
1 98 4 70 9 86 72 47 44 4 98 25 72 68 13 85 45 30 57 46 75 51 68 35 9 44 64 68 43 17 21 95 14 76 64 75 61 36 21 4 91 70 28 
62 38 92 46 34 21 54 79 95 5 98 82 65 41 45 84 35 61 4 81 75 79 45 49 40 32 21 95 22 91 75 83 80 66 81 13 39 86 43 33 42 40 66 
7 32 10 90 18 23 46 98 97 76 42 97 67 25 17 62 46 7 88 81 86 53 13 50 91 50 92 76 92 83 41 50 66 3 39 83 25 36 81 21 12 74 69 
78 99 37 91 44 44 78 76 81 83 40 83 25 90 26 52 81 9 93 30 26 47 20 9 71 8 89 43 19 62 11 48 12 47 39 8 42 68 83 75 50 23 57 
75 64 82 26 44 42 70 25 68 16 44 28 38 51 16 80 21 29 42 69 93 41 59 100 34 26 34 8 28 8 16 54 71 50 31 14 91 53 90 10 20 34 37 
58 36 4 89 9 85 83 29 77 23 39 28 8 64 61 68 43 69 83 96 39 84 27 5 75 31 94 36 50 79 25 7 67 28 48 75 64 30 55 92 4 93 19 
63 8 80 30 51 100 65 46 38 48 24 94 74 6 40 10 56 18 34 14 36 13 61 10 29 42 64 20 97 56 91 60 16 22 41 66 21 5 63 10 5 39 56 
78 44 95 39 99 12 24 65 48 89 77 9 17 19 25 88 67 32 78 26 47 51 67 12 71 23 27 33 27 65 88 5 8 82 95 59 45 19 23 44 7 99 53 
75 69 29 62 36 60 92 13 59 42 31 22 65 54 48 49 32 12 36 88 72 69 83 82 13 53 4 57 59 54 61 85 75 41 98 62 52 89 74 10 83 5 84 
99 10 31 47 41 95 34 29 18 2 63 99 14 15 2 22 25 7 34 9 33 74 6 94 78 47 68 39 81 24 22 79 85 53 77 25 99 10 5 16 11 67 14 
76 81 67 50 5 25 35 65 58 61 71 51 38 17 70 76 49 93 98 79 29 2 55 54 100 16 10 15 78 29 80 5 61 46 54 18 70 89 82 27 49 52 30 
38 20 99 13 68 44 10 46 72 63 52 77 62 67 39 28 96 67 59 1 27 4 54 44 26 94 78 4 94 29 85 31 1 84 44 20 79 5 18 2 68 69 31 
81 88 69 61 83 87 19 35 13 75 41 9 100 34 38 55 28 66 40 10 18 75 5 90 53 10 7 54 29 27 84 61 66 4 21 1 90 40 35 55 66 75 15 
65 9 52 71 88 69 62 49 87 36 54 28 88 63 34 94 43 12 29 3 78 33 24 78 74 15 12 28 80 87 42 96 47 45 18 86 14 80 34 52 15 87 79 
55 1 64 48 95 75 28 98 52 60 73 29 34 39 93 13 18 31 7 65 77 51 82 62 64 61 47 67 28 86 45 82 38 8 81 33 35 8 30 86 20 54 67 
5 92 59 17 61 89 23 25 17 26 58 30 89 71 76 56 98 13 52 31 51 12 11 83 46 70 64 31 89 17 49 93 8 7 62 68 47 36 44 15 61 1 44 
50 71 72 57 20 84 60 50 34 71 60 16 16 30 79 99 70 95 47 15 54 6 76 21 4 11 16 19 72 17 62 73 39 33 81 59 17 40 8 50 63 68 18 
78 49 96 28 18 43 75 32 96 32 59 69 35 70 84 53 93 52 67 17 91 99 97 49 67 88 56 69 50 75 86 28 75 33 7 45 75 33 76 23 64 87 91 
51 8 26 3 52 78 21 68 68 72 64 16 38 3 23 58 53 50 95 32 24 28 38 68 2 71 96 76 86 82 66 36 89 92 91 40 21 11 59 88 82 22 55 
72 76 29 81 28 78 76 59 2 3 49 69 56 19 64 32 56 97 49 92 85 92 82 76 12 44 34 51 78 7 5 1 83 86 81 62 63 56 21 16 58 21 85 
14 91 100 97 46 97 45 89 33 37 22 9 48 66 94 51 95 53 7 95 35 92 75 48 7 31 20 22 88 40 6 53 30 58 1 28 54 46 16 38 34 38 46 
33 3 92 83 49 44 90 43 30 33 17 77 39 47 97 61 87 88 18 91 18 75 92 97 80 89 12 18 74 49 15 6 3 6 89 51 1 30 93 30 62 62 59 
1 8 7 61 46 94 30 89 63 5 32 59 84 72 23 53 45 71 68 50 26 25 90 76 26 19 21 7 81 82 17 33 41 23 45 39 69 74 79 31 30 10 42 
66 81 64 18 25 86 85 74 63 62 16 91 87 34 11 93 66 44 62 98 36 84 94 26 52 68 4 35 49 13 28 14 45 43 32 69 28 68 95 91 29 10 81 
67 95 43 12 13 38 73 10 73 56 56 51 60 75 54 46 23 19 73 37 63 15 20 84 94 39 30 36 20 91 68 86 85 62 97 97 99 21 59 24 29 14 74 
88 40 27 85 62 45 57 50 60 23 21 43 68 60 72 4 79 14 23 16 98 85 13 47 35 85 57 10 13 22 83 52 61 62 36 22 58 92 24 69 66 44 11 
34 3 34 89 33 47 11 49 97 47 13 95 34 97 51 43 10 72 78 13 32 91 49 5 48 92 28 17 58 72 79 91 74 65 31 59 63 41 7 11 40 19 5 
73 67 55 67 28 26 44 41 9 86 89 14 34 80 41 2 89 12 32 31 38 48 61 96 11 54 54 21 93 72 78 17 38 32 35 66 10 31 58 18 16 46 31 
1 77 72 54 66 35 86 96 24 33 9 71 95 62 24 68 6 95 45 74 85 28 8 2 89 38 59 7 6 4 89 6 32 12 60 97 99 97 45 22 81 53 93 
28 14 16 95 71 63 91 44 47 70 51 100 59 41 58 17 98 13 5 3 44 69 14 93 67 62 89 88 43 41 32 70 6 48 16 76 10 58 19 8 27 21 7 
37 13 16 53 10 28 10 65 23 30 78 67 96 40 55 35 34 47 67 3 52 66 70 79 75 27 49 34 53 22 92 42 34 7 94 44 86 55 60 60 84 37 27 
31 28 33 66 61 80 84 15 83 49 84 62 75 62 62 8 67 83 51 8 69 9 53 64 46 8 23 5 43 11 83 26 39 16 91 51 95 74 18 77 74 53 90 
48 15 52 7 81 86 57 88 54 65 92 17 10 99 39 66 94 50 49 19 40 64 61 90 58 86 59 86 59 12 76 6 26 79 12 6 64 20 45 18 36 36 34 
97 87 25 62 32 74 10 2 65 73 62 6 82 99 65 68 57 76 95 14 53 73 77 10 36 48 54 53 83 41 39 79 79 63 92 10 88 2 63 4 26 76 9 
60 74 73 79 82 100 73 47 52 45 75 61 32 22 66 37 56 7 75 86 37 89 78 99 28 31 61 31 8 37 39 67 62 64 45 96 63 17 42 15 13 69 27 
45 90 93 81 98 51 7 83 87 95 12 85 22 42 98 52 50 34 42 68 47 5 13 42 68 81 36 34 46 4 12 42 45 4 74 42 54 80 77 93 26 88 29 
99 30 26 2 31 11 43 98 58 48 62 99 67 95 86 52 40 89 63 33 34 19 6 75 72 37 3 16 62 91 45 12 72 70 13 2 81 55 51 90 54 13 40 
20 59 26 23 50 14 38 82 99 56 39 26 27 75 28 95 88 18 39 99 89 60 11 42 92 65 93 81 19 57 21 90 15 98 65 64 11 2 97 62 57 35 87 
35 61 14 29 48 84 19 46 72 79 8 66 22 24 58 3 94 14 75 84 80 72 100 95 34 1 91 95 9 77 33 43 37 47 24 84 82 42 81 53 72 40 70 
94 63 27 48 57 92 22 92 71 45 91 17 30 43 7 25 51 35 57 93 71 55 68 6 36 10 86 41 33 25 10 26 40 89 25 96 80 98 87 3 42 29 19 
72 71 78 48 73 12 4 65 35 11 85 40 46 94 78 38 26 54 100 4 93 88 28 88 67 26 26 69 19 54 40 90 76 69 89 48 80 93 65 14 55 49 6 
52 94 83 90 71 88 89 74 81 76 54 20 94 31 98 15 49 3 54 91 79 22 79 78 53 23 42 19 77 42 24 29 35 58 70 6 45 10 31 77 85 84 49 
78 14 46 44 15 48 97 5 78 70 35 56 23 10 49 41 86 91 16 66 25 73 87 30 69 96 61 98 80 96 46 10 62 91 53 76 90 2 32 68 71 18 75 
93 27 23 85 65 13 100 30 90 24 17 19 45 64 31 42 96 79 39 5 40 81 9 67 22 10 50 41 33 67 15 77 94 90 62 10 2 13 39 91 89 7 62 
85 23 44 78 18 22 16 22 13 48 82 31 69 44 80 10 76 99 76 4 44 65 65 53 67 30 43 9 18 2 22 54 24 66 31 41 39 98 14 4 45 95 34 
13 90 66 74 65 64 50 69 7 14 85 11 32 66 53 41 83 54 14 88 77 79 18 17 70 15 82 73 59 77 6 24 66 71 97 83 86 46 3 44 12 39 54 
43 5 7 35 39 12 49 27 41 79 44 57 48 11 91 20 69 67 78 44 84 48 41 18 86 38 72 29 49 11 83 44 15 41 78 53 52 26 31 92 5 75 1 
52 37 91 24 57 9 1 1 44 100 93 62 85 82 33 66 83 95 48 26 9 40 3 14 43 81 96 87 37 70 39 40 58 81 63 15 41 15 15 84 15 59 97 
51 40 82 16 22 76 15 47 37 6 2 2 49 34 97 87 22 19 25 61 76 5 76 90 45 90 56 80 56 14 29 7 6 10 74 27 37 89 26 25 94 79 26 
94 64 75 80 85 93 4 45 20 60 72 62 56 14 17 88 69 83 16 27 88 25 1 66 13 41 43 38 86 73 63 80 36 89 11 20 33 67 17 53 26 40 14 
34 53 82 21 22 64 88 100 3 12 100 21 76 92 63 13 30 88 28 9 23 16 71 95 49 37 63 53 15 2 66 100 55 47 20 28 63 7 27 17 70 79 37 
0 1 1 1 0 0 0 0 0 1 1 0 1 1 0 1 1 0 0 0 0 1 1 1 1 1 1 1 0 1 0 1 1 1 0 1 1 0 0 1 1 1 0 
1 0 0 0 0 0 1 0 0 0 0 1 1 1 1 0 0 0 0 1 1 1 1 1 0 1 1 0 0 0 0 1 0 0 0 0 1 1 1 1 1 1 1 
0 0 0 0 0 0 1 1 0 0 0 1 1 1 0 1 0 0 1 1 0 1 1 1 0 0 0 0 1 1 1 1 1 1 0 0 1 1 1 1 1 0 0 
0 1 0 1 1 0 0 1 1 0 0 0 0 1 0 0 0 1 1 0 0 0 0 0 0 1 0 1 0 0 0 1 1 0 0 1 1 1 0 0 1 0 0 
1 1 0 0 0 1 1 0 1 0 0 0 0 1 0 1 1 0 1 0 1 0 1 0 1 0 0 1 1 1 1 0 0 1 0 0 0 0 0 1 0 0 1 
0 1 1 1 1 1 1 1 1 1 0 1 0 0 0 1 1 1 0 0 1 1 0 0 1 0 0 0 0 1 0 0 0 1 0 1 1 1 1 0 0 1 1 
0 0 1 1 1 0 1 1 0 0 0 0 1 0 0 1 1 1 1 1 0 1 1 1 0 0 0 0 0 0 1 0 0 1 1 1 1 0 1 1 0 1 1 
1 1 0 1 0 1 0 0 1 1 1 1 1 0 1 1 0 1 1 1 1 0 0 1 1 1 0 1 1 1 0 1 0 0 0 1 0 0 1 1 0 0 0 
1 0 0 1 1 1 0 0 1 0 0 0 1 1 0 0 1 1 1 0 1 1 0 0 1 0 1 1 0 0 1 0 0 1 1 1 1 1 1 0 1 0 0 
0 1 0 1 0 1 0 0 0 1 0 1 1 1 0 0 1 0 1 1 1 1 0 0 0 1 0 0 0 0 0 1 1 0 0 0 1 0 0 1 1 1 0 
0 0 1 0 1 1 0 1 0 1 1 1 1 1 1 1 1 1 1 0 0 1 0 0 0 0 1 1 0 0 0 0 0 1 1 1 0 1 0 1 0 0 0 
1 1 1 0 0 0 1 1 0 0 1 1 0 0 0 1 0 0 1 0 0 0 1 1 1 0 0 0 0 0 0 1 1 1 1 1 1 0 0 1 0 0 0 
0 0 0 0 0 0 1 0 0 0 0 0 1 0 0 1 1 0 1 0 1 0 0 0 1 0 1 0 1 1 1 1 1 1 1 1 0 1 1 0 1 1 0 
0 0 0 1 1 0 0 1 1 0 1 0 1 0 1 1 1 0 0 0 1 0 0 0 0 1 1 0 0 1 1 0 1 1 1 0 0 1 1 1 1 1 1 
0 1 0 1 0 0 0 0 1 0 0 1 0 1 1 0 1 0 1 1 1 1 0 1 1 1 0 0 0 1 0 0 0 0 0 0 1 0 1 0 0 1 0 
0 1 1 0 0 1 0 0 0 1 0 1 0 0 1 0 0 1 0 1 1 1 1 0 0 1 1 0 1 0 0 1 1 1 1 0 0 1 0 0 0 0 1 
0 0 1 1 1 0 1 0 1 0 1 1 0 0 0 1 1 1 1 0 0 1 1 0 1 1 0 0 1 1 1 0 1 0 1 0 0 0 0 0 1 1 1 
1 1 0 0 0 1 0 0 1 1 0 0 0 1 0 0 0 1 0 0 1 0 1 1 1 0 0 1 1 1 0 0 1 0 1 1 1 1 0 1 0 0 1 
0 1 1 1 1 1 1 0 0 1 1 1 0 1 1 1 0 1 0 1 0 0 0 1 0 1 1 1 1 1 0 1 0 1 0 0 0 1 0 0 1 1 0 
1 1 1 1 1 0 1 0 0 1 0 0 1 1 1 0 0 1 0 0 1 0 0 1 0 0 1 1 1 1 1 0 0 0 1 1 1 0 0 1 0 0 1 
1 0 1 0 0 0 0 0 1 0 1 1 1 1 0 0 0 1 1 0 1 1 0 1 0 0 1 0 0 1 1 0 1 0 0 0 0 0 0 0 1 1 1 
0 0 1 0 0 1 1 1 0 0 1 1 1 1 0 1 0 0 0 0 1 1 0 1 1 0 0 1 1 1 0 1 0 0 1 0 1 0 1 1 1 0 1 
0 0 1 1 0 1 1 0 1 0 0 0 0 0 0 1 0 0 0 1 0 0 1 0 1 1 0 0 0 0 1 0 0 1 1 0 0 1 0 1 1 0 0 
1 1 0 1 1 0 1 0 0 1 1 1 0 1 1 0 1 1 0 0 0 1 1 0 1 0 1 1 0 1 1 1 0 1 0 1 0 1 0 0 0 1 1 
0 0 0 1 0 0 1 0 0 0 1 0 1 0 1 0 0 1 1 1 1 1 0 1 1 1 1 1 0 0 1 0 1 1 1 1 1 0 1 1 0 0 0 
0 0 1 0 0 0 0 0 0 1 0 1 0 1 0 1 1 0 0 0 1 0 1 0 1 0 1 1 0 0 1 0 0 0 1 1 1 1 1 1 0 1 0 
0 0 0 1 0 0 0 0 0 0 1 0 1 1 0 0 0 0 1 0 0 0 1 1 1 0 0 0 0 1 0 0 0 0 0 0 0 0 0 0 0 1 1 
1 1 1 0 1 1 1 1 1 1 1 1 0 1 1 0 0 1 0 0 1 0 0 1 1 0 1 1 0 0 0 0 1 1 0 0 0 1 0 0 1 1 1 
1 0 0 0 0 1 0 1 0 1 1 1 0 0 0 1 0 1 0 0 0 1 0 1 0 0 1 0 1 0 1 0 0 1 0 1 1 1 0 1 0 1 1 
0 1 1 1 0 0 1 0 1 1 1 0 1 1 1 1 0 1 0 0 1 1 1 0 0 0 0 0 0 0 1 0 1 0 1 1 1 1 0 0 0 1 0 
1 0 1 0 0 0 0 0 1 1 1 0 0 1 0 0 1 0 1 1 0 1 1 1 0 0 1 0 0 0 0 1 0 1 1 0 1 1 1 1 0 0 1 
0 0 1 0 1 0 1 1 0 1 0 1 1 0 1 0 0 1 0 1 0 0 0 0 1 1 1 0 1 0 1 0 0 1 0 1 1 0 0 1 1 0 0 
0 0 1 0 0 1 1 1 1 1 1 1 0 0 1 1 0 1 0 0 1 1 0 0 0 0 1 1 1 1 0 0 0 1 0 0 0 1 0 1 0 1 1 
1 0 0 0 0 1 0 0 0 0 0 0 0 1 1 0 0 1 0 0 1 1 1 1 0 0 1 1 1 1 0 0 1 0 0 1 1 0 1 1 0 1 0 
1 0 1 1 1 0 1 1 1 0 0 1 0 1 0 0 0 1 0 0 0 1 0 1 0 0 0 0 1 0 0 0 0 1 1 1 0 0 1 1 0 1 0 
1 0 1 1 0 0 1 0 1 0 0 0 1 1 1 1 0 1 1 0 1 0 1 1 0 1 0 0 1 1 0 0 0 1 1 0 0 1 1 1 1 1 1 
0 0 0 1 0 1 0 0 1 1 1 0 1 0 0 1 0 1 0 0 1 1 0 0 1 1 1 0 0 0 0 1 1 0 0 1 0 1 0 1 0 1 1 
1 0 1 1 0 0 1 0 0 0 0 0 0 1 1 0 0 1 0 1 0 1 1 0 1 0 0 0 0 1 1 0 1 0 1 1 0 0 0 0 0 0 0 
0 0 1 1 0 1 1 1 1 0 0 1 1 1 1 1 1 1 0 1 0 0 0 0 1 0 0 1 1 0 0 1 0 1 0 0 0 0 1 0 0 0 1 
0 1 1 1 0 0 0 0 0 0 0 0 1 1 0 1 0 1 1 1 1 0 0 0 1 0 1 1 0 1 0 0 0 1 0 1 1 0 1 0 0 1 0 
0 0 1 1 0 0 0 0 1 0 0 1 1 0 1 0 0 0 1 1 1 0 1 0 0 1 1 0 1 0 0 1 1 1 0 1 1 0 1 1 1 1 0 
0 1 1 1 0 0 0 1 1 0 0 1 0 1 0 0 0 0 1 0 1 0 0 1 0 1 0 1 0 0 1 0 1 1 1 1 1 1 0 0 0 0 1 
0 1 1 1 0 1 0 0 1 0 0 0 0 1 0 1 1 0 1 0 0 0 1 1 1 1 0 1 1 0 0 1 0 1 0 0 0 0 0 1 1 0 1 
1 0 0 1 1 0 0 1 0 0 1 0 1 0 0 0 1 0 0 0 0 1 1 0 1 1 0 1 0 1 0 0 1 0 1 0 1 1 0 1 1 1 1 
0 1 1 0 0 0 0 0 0 1 1 1 0 1 1 1 1 0 0 1 1 0 0 0 1 1 0 1 0 1 0 0 0 0 0 0 0 0 0 0 1 0 1 
0 1 1 1 0 1 1 0 1 0 0 1 1 0 1 0 0 0 1 1 0 1 1 0 1 0 0 1 1 0 1 1 1 0 1 0 1 0 0 0 0 0 1 
0 0 0 0 1 0 1 0 0 0 1 0 1 1 1 1 1 1 0 0 1 0 1 1 1 0 1 0 0 1 1 0 0 0 1 1 0 0 1 1 1 0 1 
0 0 0 1 1 0 1 1 1 1 1 0 1 1 1 1 1 0 0 0 0 0 1 1 1 1 0 0 0 1 1 1 1 0 0 0 0 0 1 1 1 0 1 
0 1 0 1 1 0 0 1 1 0 0 0 1 1 1 1 0 0 1 1 1 1 1 1 1 1 0 0 1 1 1 1 0 1 1 1 1 1 0 0 1 0 1 
1 0 0 0 0 0 1 1 1 0 0 0 1 0 0 1 1 1 0 0 0 1 1 1 1 0 0 1 0 0 0 1 0 0 1 0 0 1 1 1 1 0 1 
1 0 0 0 1 1 1 1 1 0 1 1 1 1 1 1 1 1 1 0 0 0 0 0 0 1 0 0 0 0 1 1 0 1 0 1 1 1 0 0 1 1 1 
1 1 0 0 0 0 1 1 0 1 1 0 0 0 0 0 0 0 1 0 0 1 0 1 0 1 0 0 0 1 0 1 0 0 1 1 0 1 0 0 0 1 1 
