59 64 308
16 23 93 13 31 25 11 46 27 82 70 82 98 39 13 72 78 25 36 52 46 74 95 80 33 54 59 7 82 41 99 97 63 43 62 93 20 24 38 46 5 59 27 2 49 91 26 78 15 13 30 61 86 24 92 70 29 51 77 10 43 75 59 6 
17 20 50 36 43 40 33 99 98 11 53 47 54 30 24 20 42 53 32 79 29 24 49 57 26 25 67 20 51 25 25 19 96 27 7 90 66 39 88 63 2 92 9 55 21 85 74 62 37 6 41 65 81 89 74 58 65 40 77 15 16 54 85 11 
80 91 100 45 82 39 59 83 31 20 37 3 4 62 65 92 19 57 9 51 97 82 60 61 73 37 27 88 42 11 50 21 2 49 17 83 39 75 17 69 46 5 24 49 66 88 41 37 96 49 87 92 82 47 52 54 35 30 41 76 40 90 48 93 
90 64 27 28 90 43 49 36 47 72 36 65 11 76 53 6 76 39 97 57 37 100 10 71 29 2 98 68 91 45 13 80 60 39 60 2 34 8 89 32 79 24 48 89 52 100 94 27 91 42 84 27 41 45 50 69 47 47 88 89 44 52 21 3 
91 80 4 76 87 44 7 17 68 7 5 19 6 50 45 96 91 80 23 83 77 72 3 23 70 90 63 13 94 83 68 84 14 23 11 100 67 69 68 34 75 24 52 81 25 48 76 15 80 50 49 56 73 51 30 95 93 92 7 86 27 74 21 40 
97 31 92 15 99 59 48 74 35 51 6 59 98 33 26 77 83 74 84 7 25 13 1 17 5 60 54 83 33 74 22 81 56 13 95 54 24 94 79 58 44 84 16 42 69 41 70 3 15 54 9 91 66 62 59 22 21 12 4 5 37 78 86 92 
90 32 45 65 26 76 22 21 11 90 14 79 82 84 81 96 89 42 38 6 3 96 80 23 59 83 27 95 60 64 86 2 48 83 18 25 10 40 45 20 81 59 51 62 94 31 10 82 24 47 87 26 95 18 100 5 1 27 100 12 42 37 65 41 
71 83 65 80 74 10 100 6 20 2 67 13 32 76 46 56 75 84 33 21 2 33 25 54 11 76 17 52 13 82 93 83 16 9 63 41 18 14 46 89 15 64 1 98 92 98 5 66 82 38 38 83 22 62 88 32 38 4 35 2 85 79 36 52 
88 50 92 57 63 89 46 29 53 98 79 44 96 35 61 29 72 98 63 45 59 50 76 48 53 11 1 90 41 37 93 28 38 85 37 1 25 82 81 77 31 11 20 78 46 80 6 69 77 20 14 88 69 41 87 74 3 40 15 44 28 7 23 65 
43 59 17 68 92 98 44 23 60 16 100 5 95 58 74 24 77 39 63 98 79 1 23 82 40 37 25 67 95 99 32 90 58 48 57 49 97 52 71 57 67 23 13 14 80 38 89 8 76 51 57 7 3 79 88 43 67 64 9 14 62 92 3 19 
92 59 20 40 62 42 48 81 64 61 94 95 98 34 55 26 36 11 32 38 42 19 80 60 34 41 73 47 84 75 18 75 85 37 15 99 78 14 79 94 74 24 88 24 57 94 49 44 5 80 81 98 50 13 57 35 53 82 81 88 8 98 63 45 
34 29 43 64 42 21 57 68 96 96 91 4 90 91 47 46 22 27 95 71 39 51 57 43 84 37 31 92 35 45 36 20 25 30 35 18 50 43 85 97 39 27 100 80 17 46 25 38 72 19 60 63 21 16 5 5 53 87 48 39 83 83 10 7 
12 97 77 13 39 13 61 29 40 60 8 8 5 84 46 28 54 57 90 75 73 47 31 77 85 78 67 68 12 28 26 75 24 2 39 15 15 99 43 54 58 51 13 14 34 58 41 88 67 83 14 91 81 96 19 17 73 85 84 36 64 62 10 40 
63 100 54 77 98 48 82 7 50 95 20 84 4 12 23 22 46 88 12 78 83 30 95 7 66 30 42 30 91 3 21 54 2 26 82 51 73 16 9 23 62 28 58 17 91 32 39 89 19 50 66 53 80 12 59 97 42 100 78 32 54 98 37 55 
75 19 57 100 86 65 22 47 44 31 63 86 14 1 74 32 3 92 84 34 3 42 30 44 93 8 28 46 57 64 52 32 34 60 31 19 24 4 17 19 86 32 4 99 32 78 82 86 21 65 19 23 58 49 67 2 8 94 99 16 9 50 47 43 
9 29 13 84 84 82 2 21 13 57 19 96 86 100 82 6 16 52 29 25 52 47 26 59 92 24 75 100 25 73 94 33 54 59 68 89 40 21 10 4 78 28 99 15 80 32 21 95 84 1 20 35 47 97 46 38 73 72 37 97 44 83 82 49 
41 49 38 32 22 99 35 99 26 85 13 57 17 85 52 52 85 23 38 31 71 83 20 43 54 9 40 50 91 73 98 83 21 87 66 94 85 100 92 63 36 57 71 4 93 22 55 78 96 93 60 19 75 80 61 81 40 52 30 30 24 79 64 97 
18 29 90 54 80 34 68 15 42 39 19 34 12 73 63 60 17 75 78 44 6 38 24 45 42 5 26 65 35 89 13 4 69 3 10 48 36 77 62 29 67 32 14 79 5 77 38 73 3 67 16 8 56 91 4 97 47 29 14 82 69 26 37 37 
28 46 84 15 23 97 95 89 29 9 19 85 85 8 57 39 74 73 46 30 15 49 26 62 29 39 95 97 65 31 33 44 29 68 11 3 64 5 43 92 13 62 76 49 21 85 87 95 9 84 24 23 84 1 36 12 92 30 8 8 13 92 51 93 
11 13 95 75 18 37 18 82 50 46 83 71 30 21 17 38 5 40 12 88 92 48 52 83 77 11 90 41 55 41 33 65 5 27 39 74 16 9 56 65 54 38 87 35 58 3 72 14 94 83 54 86 30 5 68 59 15 58 99 69 50 84 34 54 
10 24 28 77 84 35 94 37 24 80 71 33 35 94 47 28 29 100 13 10 56 33 20 70 42 71 91 91 54 76 96 15 51 75 92 35 61 85 23 84 64 46 17 50 39 63 78 19 14 42 81 69 74 100 90 67 70 32 57 75 7 5 90 10 
31 81 44 92 65 66 75 80 11 43 30 2 57 7 72 70 100 52 90 26 4 80 92 73 63 1 48 22 5 37 31 87 69 26 78 33 91 5 12 54 47 41 7 4 99 78 73 51 82 15 76 85 46 19 9 8 19 56 29 75 44 59 62 12 
84 91 96 27 95 8 80 42 100 38 45 51 15 69 1 48 83 28 32 28 46 41 36 17 48 16 91 44 75 4 55 58 95 3 36 89 62 67 82 13 4 78 63 71 47 15 18 81 42 50 61 40 90 48 56 89 63 98 32 89 2 87 99 48 
41 34 88 2 1 70 14 4 47 29 74 45 43 44 78 37 93 38 76 34 37 83 22 51 80 54 40 81 92 38 28 32 71 16 85 23 37 50 27 83 78 52 80 73 95 57 9 39 46 36 72 82 18 46 32 97 99 71 30 90 8 9 73 31 
24 57 53 60 6 31 95 36 83 74 8 29 82 68 68 27 3 91 8 72 36 91 68 86 62 49 27 21 58 99 3 33 7 56 45 65 38 39 100 72 64 59 1 45 26 20 23 80 62 30 51 50 20 70 35 33 19 62 6 28 12 8 60 19 
15 4 35 5 94 34 76 9 44 28 5 69 99 27 48 61 8 98 10 80 19 96 12 37 57 69 64 69 29 76 87 43 79 73 99 25 6 75 33 1 2 38 69 1 64 68 13 24 17 22 3 35 17 66 24 26 35 39 94 63 14 32 57 93 
4 56 69 61 82 1 61 83 38 81 35 54 48 47 77 64 20 79 98 89 44 73 14 30 12 59 92 25 42 1 69 97 8 37 9 89 38 69 71 27 1 58 32 48 4 8 63 76 38 60 16 34 33 29 63 44 39 7 20 32 59 89 28 66 
25 36 54 62 56 76 41 56 33 72 3 89 32 65 64 69 76 79 54 60 59 69 55 49 27 75 80 85 15 59 50 39 94 3 53 49 30 93 56 63 64 10 51 95 26 66 16 1 44 21 13 54 89 19 2 15 45 33 99 59 91 100 50 84 
54 2 84 84 46 91 46 9 100 48 56 25 13 23 77 56 43 89 61 32 60 14 98 4 46 97 63 88 48 64 71 2 65 6 85 10 96 82 70 47 29 77 71 41 99 47 48 42 88 60 25 47 73 22 50 18 70 64 5 18 27 27 71 43 
84 7 52 31 88 74 77 68 50 47 8 49 45 7 42 32 66 66 78 38 39 28 7 9 43 63 26 70 41 48 64 24 54 16 6 41 41 34 8 90 80 67 90 24 73 31 8 90 48 85 79 87 64 85 95 7 99 72 28 39 19 91 14 72 
58 71 64 98 4 71 40 35 89 29 10 13 12 17 2 59 2 80 45 65 16 91 23 14 62 50 4 32 93 17 3 50 39 18 100 42 88 39 76 28 19 85 40 30 2 41 89 55 72 85 19 39 28 42 52 89 43 7 73 35 75 27 37 13 
45 36 54 84 26 29 12 44 66 51 74 67 44 14 21 67 98 91 6 77 84 9 18 27 16 90 13 90 16 1 55 12 36 8 96 61 89 59 57 54 61 30 72 56 95 92 23 44 34 28 21 18 88 38 96 3 27 60 45 94 61 99 6 96 
6 53 9 46 63 65 99 23 46 70 79 40 13 53 83 99 80 3 16 67 40 63 22 18 22 66 12 34 16 69 82 21 73 42 19 35 6 17 9 3 39 39 94 3 91 28 1 22 31 68 41 22 30 62 92 4 79 55 37 94 23 18 66 47 
59 84 33 16 53 41 70 43 32 63 45 22 91 46 44 73 65 36 46 95 97 37 50 27 91 38 72 65 8 37 11 66 73 95 34 25 36 55 67 67 70 63 40 12 60 35 36 25 70 81 71 18 70 20 96 60 57 67 77 64 4 87 82 76 
82 67 52 69 73 70 87 42 32 78 53 92 13 40 16 34 21 38 52 90 57 47 1 65 14 77 81 69 16 14 96 49 80 99 69 4 68 7 46 51 84 50 42 96 90 9 82 62 46 33 3 54 31 3 71 96 32 51 64 47 64 11 47 95 
9 15 98 28 21 95 79 4 45 20 52 86 81 33 47 78 17 1 84 99 3 54 95 86 4 10 32 19 21 78 13 81 44 62 9 64 57 87 20 1 58 23 38 90 7 36 68 75 36 3 73 90 56 19 76 11 29 7 81 1 37 93 81 32 
6 89 48 62 75 19 14 85 41 51 74 99 86 41 73 21 43 97 11 50 16 86 12 44 44 92 44 32 84 24 64 42 65 11 3 91 29 17 75 21 19 49 71 5 41 95 77 36 91 39 85 58 76 97 1 20 40 96 3 24 72 18 65 88 
80 19 78 8 35 53 80 54 53 50 10 45 96 86 80 87 77 17 44 52 65 97 23 4 92 26 79 15 43 95 2 23 14 80 82 100 84 14 5 88 15 14 32 11 52 12 49 28 80 92 79 44 40 54 47 32 79 78 98 73 72 100 47 37 
31 81 37 66 46 41 53 60 55 84 22 58 95 70 85 74 14 15 69 53 68 68 36 98 45 34 23 68 85 21 5 15 53 41 80 98 81 84 10 87 67 31 44 14 1 80 39 14 95 8 66 14 75 2 12 71 87 86 38 71 6 42 37 59 
34 68 8 67 51 17 53 17 48 49 82 100 80 21 65 26 28 30 40 54 83 3 24 69 88 13 91 45 7 27 55 40 94 63 6 96 31 11 13 30 11 94 29 90 66 93 16 93 75 55 98 9 9 73 30 48 86 20 92 92 99 99 83 92 
13 89 40 43 99 52 73 9 97 53 50 15 46 65 7 72 71 57 80 79 29 9 26 14 81 70 57 79 20 40 22 32 80 61 26 78 64 50 38 13 3 87 27 100 4 85 71 74 41 2 53 70 63 30 35 43 51 44 21 70 83 94 53 62 
55 79 91 18 28 80 30 30 18 8 81 21 93 51 95 33 5 99 2 67 28 89 9 79 32 81 48 66 74 1 27 80 31 69 50 58 48 31 40 65 39 72 86 31 23 32 63 27 30 17 45 57 57 53 87 88 85 87 53 10 39 31 90 69 
99 91 78 98 21 69 14 59 41 51 41 15 82 56 41 63 24 37 20 80 89 58 67 25 44 71 34 82 53 75 2 51 65 80 100 86 100 13 96 40 16 37 54 97 92 46 60 67 82 31 46 22 40 64 46 84 86 32 17 38 58 19 40 23 
50 39 60 1 3 55 41 18 43 46 67 86 44 78 52 77 60 49 51 99 12 48 34 97 79 51 34 37 21 73 11 22 63 70 22 18 76 14 87 71 60 53 8 55 82 12 83 93 60 33 92 72 81 77 20 11 79 6 99 51 30 9 72 45 
30 46 62 58 59 48 80 70 53 87 24 34 98 59 79 58 91 22 81 23 98 52 86 77 57 84 27 39 45 51 83 26 96 44 83 54 43 14 76 95 1 51 81 98 9 59 7 52 80 39 74 29 91 59 57 99 95 84 89 91 86 71 16 33 
66 51 38 9 64 13 55 64 64 35 14 72 45 72 75 76 11 49 5 53 59 61 3 5 96 92 95 81 14 11 13 80 13 3 40 76 15 94 92 78 29 57 2 25 28 28 1 90 76 5 42 87 65 97 43 61 40 38 93 53 100 58 84 12 
60 23 39 74 17 30 4 97 86 57 21 66 84 21 55 12 25 49 50 42 45 92 54 36 81 46 88 80 55 72 43 14 94 82 40 62 63 95 58 1 3 31 66 38 51 20 1 28 20 50 69 16 94 74 51 74 71 39 6 26 62 48 91 7 
81 82 69 44 28 78 44 30 8 9 20 59 80 20 38 100 22 58 15 67 31 18 92 1 56 97 78 69 45 69 75 25 50 43 20 30 21 63 11 28 23 30 38 3 2 27 54 75 84 20 93 66 37 84 67 44 81 96 12 77 64 87 1 66 
81 21 95 1 35 5 81 58 87 70 12 40 97 17 14 80 36 6 46 25 89 64 20 21 59 32 97 75 70 98 92 50 70 38 3 4 94 83 13 80 4 76 19 100 92 84 32 80 41 29 4 30 44 75 50 54 6 47 28 27 96 71 77 17 
8 31 72 2 65 85 33 68 60 4 68 4 87 51 83 28 79 86 9 22 60 10 75 18 8 55 96 3 25 24 71 33 54 43 86 18 79 70 38 38 73 57 41 12 7 75 39 85 12 99 58 24 8 32 41 16 38 36 70 63 60 41 47 65 
35 84 83 13 53 20 2 78 76 95 89 34 69 27 18 81 25 27 4 84 58 96 99 48 83 69 10 42 61 8 59 95 43 93 7 95 12 60 72 39 54 60 24 23 38 41 55 14 67 58 98 76 5 48 75 87 68 84 81 28 43 39 74 85 
31 32 32 94 92 55 84 97 67 7 19 56 99 25 22 17 82 19 92 38 18 67 25 86 2 5 65 97 43 91 33 73 22 16 66 65 23 1 62 89 7 32 96 5 57 17 21 90 87 64 28 5 82 52 42 84 8 58 32 50 48 16 74 22 
32 91 38 54 91 51 94 97 83 89 53 91 6 73 32 44 36 59 48 18 62 41 53 21 99 36 70 98 51 95 71 82 85 61 87 27 11 80 23 93 21 27 35 78 99 67 21 87 77 21 56 91 61 8 11 11 95 33 61 45 27 83 79 64 
43 65 90 54 97 65 46 17 91 33 94 42 99 66 28 75 86 83 65 47 42 76 9 36 60 69 32 86 52 10 49 94 27 39 99 23 55 97 91 45 29 36 86 27 1 65 1 87 47 18 85 40 45 93 27 4 14 59 89 65 68 90 10 94 
80 9 68 34 57 58 30 85 93 68 11 94 84 63 32 83 32 16 22 76 8 49 31 21 7 72 37 26 61 99 72 92 59 39 77 15 49 6 99 93 25 61 38 9 75 69 91 7 84 64 34 44 64 65 16 70 88 53 48 48 3 19 39 61 
9 15 75 57 72 25 2 49 37 39 57 11 60 99 69 95 14 55 38 78 71 54 99 58 58 46 5 60 16 95 72 25 61 98 33 84 74 34 32 10 25 40 72 84 90 41 78 4 47 68 33 17 21 31 74 30 77 30 41 44 76 64 68 88 
61 53 71 34 86 55 95 10 94 66 45 36 58 23 91 4 90 23 20 62 53 45 43 81 74 35 25 1 98 44 88 58 96 59 43 34 65 37 43 10 54 40 45 64 62 35 67 51 9 39 64 62 35 6 94 61 40 70 61 37 14 49 46 61 
59 40 94 23 28 89 32 81 28 29 44 89 15 63 91 24 53 6 85 87 11 30 47 2 100 60 90 13 60 87 25 18 26 19 92 5 59 75 85 86 3 81 26 18 95 68 41 99 73 77 85 35 6 84 88 5 95 77 69 54 63 94 71 40 
64 14 44 22 88 80 59 91 12 84 8 6 3 100 56 75 76 93 61 33 28 48 90 22 76 58 75 38 3 97 29 18 10 72 39 97 51 49 39 15 32 98 72 86 97 28 60 24 20 72 57 47 19 98 68 94 55 94 83 10 42 11 79 3 
1 1 0 0 1 1 0 1 0 1 0 1 0 0 0 1 1 0 1 0 1 0 1 0 1 0 1 0 0 1 0 0 0 1 0 0 0 0 1 0 1 1 1 0 1 0 1 1 0 1 1 0 1 0 0 1 0 1 1 1 0 0 1 1 
1 1 1 1 1 0 1 0 1 1 0 1 1 0 0 1 1 1 1 0 1 1 1 0 0 1 1 1 1 0 0 0 1 1 1 0 1 0 0 0 1 1 1 0 1 1 0 0 0 1 0 0 1 0 0 1 1 1 0 0 1 0 0 0 
1 1 0 0 1 0 1 1 1 0 1 0 0 1 0 0 1 1 0 0 1 0 1 0 1 0 0 0 0 0 0 0 1 0 0 0 1 1 1 0 0 1 1 0 0 1 0 1 0 1 1 1 1 1 1 1 1 1 1 1 1 0 1 0 
0 0 1 1 1 0 0 1 1 1 1 0 0 0 1 1 1 1 0 0 0 0 1 1 1 1 0 1 1 0 1 1 0 0 1 1 1 1 1 0 0 0 0 0 0 0 1 1 1 0 0 1 0 1 0 1 0 0 0 1 0 0 1 0 
0 0 0 1 1 1 0 1 1 0 1 0 0 1 1 1 1 1 0 1 1 0 0 1 1 1 1 1 1 0 0 1 0 0 1 1 1 1 0 0 1 1 0 0 0 0 1 1 1 0 0 0 0 1 0 1 0 1 1 1 1 1 0 1 
1 1 0 0 0 0 0 0 1 1 0 0 1 1 1 0 1 0 1 0 1 1 1 1 0 0 0 1 1 0 0 0 0 0 0 0 0 1 0 1 0 0 1 1 0 1 1 1 1 0 1 0 1 1 1 1 1 1 0 1 1 0 1 1 
0 0 0 0 1 0 0 1 1 1 0 1 0 1 0 1 0 0 1 1 1 0 1 0 1 1 1 1 0 1 0 0 1 0 1 0 1 1 1 0 0 1 1 1 0 1 0 0 1 0 0 0 0 1 1 0 0 0 1 0 1 1 1 0 
0 0 0 1 1 1 1 1 0 0 0 1 1 1 1 1 1 1 1 1 0 0 1 1 1 0 1 0 0 0 1 0 0 1 1 1 1 0 1 1 0 1 0 1 0 0 0 1 1 0 1 0 0 0 1 1 1 0 0 1 1 1 1 1 
0 0 1 1 0 0 1 0 1 1 1 0 1 0 1 1 0 0 1 0 1 0 0 0 0 0 1 1 1 0 1 1 0 0 1 0 0 0 0 1 1 1 1 1 1 1 0 1 1 1 0 0 1 0 0 1 0 1 1 1 1 0 0 1 
0 1 1 0 1 1 1 1 1 1 0 0 0 0 0 1 1 0 0 0 0 0 1 0 0 0 1 1 0 1 1 0 1 0 0 0 0 0 1 1 1 1 1 1 1 1 0 0 1 0 0 1 1 0 1 1 0 0 0 1 0 1 1 1 
0 0 1 0 0 1 1 1 0 0 0 0 0 0 0 1 1 1 1 0 1 0 1 1 1 1 0 1 1 0 0 1 0 1 1 0 0 0 1 1 0 1 1 0 1 1 0 0 0 1 0 1 1 1 1 0 1 1 1 0 1 1 1 1 
1 0 1 1 0 0 0 0 1 1 1 1 1 1 1 1 0 0 1 1 1 0 0 0 1 1 0 1 1 1 0 0 1 0 1 1 0 0 0 0 1 1 1 0 0 0 0 0 0 1 1 0 1 1 0 0 1 1 1 0 0 0 0 0 
0 1 1 0 1 1 0 1 0 1 1 0 0 1 0 0 0 0 0 1 1 1 0 0 0 1 0 0 1 0 0 1 0 0 0 1 1 0 0 0 0 0 0 0 1 1 0 0 1 1 1 0 0 1 1 0 1 1 0 0 0 1 0 0 
1 0 1 0 0 0 0 0 0 1 0 1 0 1 1 1 0 1 1 0 0 0 0 1 0 0 0 0 1 0 0 0 0 1 1 0 1 1 1 1 0 1 1 0 0 0 1 0 1 1 0 0 1 0 1 1 1 1 1 0 1 1 1 1 
1 0 0 0 1 1 0 0 0 1 0 1 1 0 1 1 1 0 1 0 0 0 0 1 0 1 0 1 1 1 1 0 1 1 0 0 0 0 0 0 1 1 1 1 1 1 0 0 1 1 0 1 1 0 1 1 0 1 1 1 0 0 1 1 
1 1 1 1 0 0 1 1 1 1 0 0 0 0 0 1 1 0 0 1 1 1 0 1 0 1 0 0 1 1 1 0 0 1 1 0 1 1 0 0 0 0 0 0 1 0 1 0 0 1 1 1 1 0 0 1 1 0 0 1 1 1 1 0 
0 1 0 1 0 0 1 0 1 1 0 0 1 1 0 0 0 0 1 1 0 0 1 1 0 1 0 0 0 0 0 1 1 0 0 1 1 0 1 0 1 1 0 1 0 0 1 0 0 0 0 0 0 1 0 1 0 0 1 0 0 1 1 1 
1 0 0 0 0 1 0 1 0 0 0 0 1 1 1 1 0 1 0 0 0 0 1 0 0 0 0 1 1 0 0 1 0 1 1 0 0 0 1 1 0 0 1 1 1 0 1 1 1 1 0 1 1 1 1 1 0 0 0 1 0 1 0 0 
0 0 0 0 0 1 1 0 1 1 0 1 1 1 0 1 0 0 0 1 0 0 0 0 0 1 1 0 0 0 0 0 0 0 0 0 1 0 0 1 1 0 0 0 1 0 1 1 1 0 0 1 0 1 1 0 0 0 0 0 0 0 0 0 
0 0 0 1 0 1 0 1 1 0 0 1 1 1 0 0 1 1 1 1 0 0 1 0 0 1 0 1 1 0 1 1 0 0 1 1 1 1 0 0 0 0 1 1 0 0 1 1 1 0 1 1 0 0 1 0 0 1 1 1 1 1 1 1 
1 0 0 0 1 1 0 1 1 0 0 1 0 1 1 1 1 0 0 1 0 1 0 0 0 1 0 1 0 1 0 1 1 1 1 0 0 0 0 1 0 0 1 0 0 0 1 1 0 1 1 0 0 1 1 0 0 1 1 1 0 1 0 1 
0 0 1 0 0 1 0 0 0 1 0 0 1 1 1 1 0 0 1 0 1 0 0 0 1 1 1 1 0 1 0 1 1 0 1 1 1 1 1 1 0 1 1 1 0 1 0 0 1 0 0 1 0 0 1 0 1 0 1 0 1 0 1 1 
0 0 0 1 0 0 1 0 1 0 0 0 1 0 0 1 0 1 0 1 1 1 1 1 1 0 1 0 0 0 1 0 0 0 0 0 0 1 1 1 1 1 1 1 1 0 0 0 1 0 1 0 1 0 1 0 0 0 0 1 0 0 1 1 
0 1 1 0 0 0 1 0 1 1 1 1 1 1 1 0 1 0 0 0 0 0 0 0 0 0 1 1 0 1 0 0 0 1 0 1 0 0 1 1 1 0 0 0 1 1 0 0 1 0 0 1 0 0 0 1 0 1 0 1 0 0 1 1 
1 0 0 1 0 1 1 1 1 1 1 0 1 1 0 0 1 0 0 0 0 0 1 0 1 1 1 0 1 1 1 0 1 1 0 1 0 1 0 1 0 1 1 1 0 1 0 1 1 0 1 1 0 0 1 1 1 1 1 0 0 0 1 1 
1 1 0 1 0 0 0 0 1 1 0 1 0 0 0 1 0 0 0 0 0 0 1 0 1 1 0 1 1 1 0 1 0 0 0 0 0 1 1 1 0 1 0 1 1 0 0 1 0 1 1 1 1 0 1 0 1 1 1 1 1 1 0 1 
1 0 0 1 1 1 0 0 0 0 1 1 0 1 0 1 0 1 0 1 1 1 1 1 0 0 0 1 1 0 1 0 0 1 1 0 0 1 0 0 1 1 1 0 0 1 1 1 0 1 0 1 0 0 0 0 0 0 0 0 0 1 0 1 
0 0 1 0 1 1 0 1 0 1 1 0 0 0 1 0 1 0 1 1 0 0 1 0 0 1 0 1 0 1 0 0 1 1 0 0 0 0 1 0 1 0 0 1 0 0 1 1 0 1 0 0 1 0 0 1 1 1 0 0 0 0 0 1 
1 1 1 1 1 1 1 1 1 0 0 0 0 0 1 0 1 0 0 0 0 0 1 1 1 0 1 1 0 0 0 0 1 0 1 0 1 1 1 0 1 0 0 1 0 0 1 1 0 1 1 0 1 0 1 1 0 1 0 1 1 1 1 0 
1 0 0 0 1 0 0 0 0 1 1 0 1 0 1 1 1 0 1 1 0 0 0 1 1 0 0 0 1 1 0 0 1 1 0 1 1 1 1 1 0 1 1 1 1 0 0 1 0 1 0 0 1 0 1 1 0 1 1 0 0 0 0 0 
1 1 1 0 0 0 1 0 1 0 1 1 0 1 0 0 0 0 0 1 0 0 0 0 1 0 0 0 0 1 0 1 0 1 1 0 1 0 0 1 0 1 0 0 0 0 0 0 0 0 1 0 0 0 0 0 0 1 0 0 0 0 1 0 
1 0 0 0 0 0 1 0 1 1 0 1 1 0 1 1 0 0 1 1 0 0 1 0 1 1 0 1 1 1 1 0 1 1 0 1 1 0 1 0 1 1 1 1 1 0 0 0 0 0 1 1 0 0 1 1 1 0 0 0 1 1 0 1 
0 0 0 1 0 0 1 0 1 0 1 1 0 1 1 0 1 0 1 1 0 1 0 1 1 0 1 0 1 1 1 1 1 0 0 0 0 1 0 1 1 1 0 1 0 1 0 0 1 1 1 1 0 0 0 1 0 1 0 0 0 1 1 0 
1 0 0 1 1 0 1 1 1 1 0 1 1 0 1 0 0 1 0 0 1 0 0 1 0 0 1 0 1 1 0 1 1 0 0 0 0 1 1 1 1 0 1 0 0 0 0 0 1 0 1 0 1 1 0 1 1 1 1 0 0 0 1 1 
0 0 0 1 1 1 0 0 1 1 0 0 0 1 0 1 1 1 0 0 0 0 1 1 1 1 0 0 1 1 1 1 1 1 0 1 1 1 1 0 0 0 0 0 1 1 0 0 0 0 1 1 0 0 0 1 1 0 1 0 0 1 0 1 
0 0 0 1 1 0 0 0 0 0 0 1 1 0 1 0 0 0 1 0 1 1 0 0 0 1 1 0 0 1 1 1 1 0 0 1 0 0 1 0 1 1 1 0 0 0 0 0 1 1 1 0 1 1 0 1 0 1 1 1 0 0 0 0 
0 0 1 0 1 0 0 0 1 1 0 1 0 1 0 1 0 1 1 1 0 1 0 0 1 1 1 1 0 1 1 0 0 0 1 1 0 1 1 0 1 1 1 1 0 1 0 1 0 1 0 0 0 1 1 1 0 0 1 0 0 0 1 0 
1 0 1 1 1 0 1 0 1 1 1 0 0 1 1 1 0 1 1 1 0 0 0 1 1 1 1 1 0 0 1 1 0 0 0 0 0 0 0 1 1 0 1 1 1 0 0 0 0 0 1 0 0 1 1 1 1 1 0 1 1 1 0 0 
1 0 0 1 0 0 1 1 0 0 1 0 1 1 0 1 1 1 1 0 0 1 1 1 0 0 0 1 1 0 1 1 1 1 0 1 0 1 1 0 0 0 0 1 1 0 0 1 1 1 1 0 0 0 1 0 0 0 0 0 0 1 1 1 
1 1 1 1 1 0 1 1 0 0 0 1 0 0 0 0 1 1 0 0 0 1 0 0 1 0 0 0 0 1 1 1 1 0 0 0 0 1 1 0 1 1 0 0 1 0 0 0 0 0 0 0 1 1 0 1 1 1 1 1 0 0 0 1 
1 0 1 1 0 0 0 1 1 0 1 0 0 1 1 0 1 1 0 1 0 1 0 0 0 1 1 0 1 0 0 0 0 1 0 0 0 0 0 1 0 1 0 0 1 1 1 0 0 1 1 1 0 1 1 0 0 0 1 0 0 1 0 1 
0 0 1 0 0 1 0 0 1 0 1 0 1 0 0 1 1 0 0 0 1 1 0 0 0 1 0 0 0 0 1 1 1 1 1 1 0 1 0 1 1 1 1 0 1 0 0 0 0 0 0 1 0 1 1 0 0 1 0 1 0 0 0 1 
1 1 0 1 1 0 1 0 1 0 1 0 0 1 1 0 1 1 0 1 0 1 1 1 1 0 0 1 0 0 0 1 1 0 0 0 1 1 1 0 0 0 1 0 1 0 1 0 1 1 0 0 0 1 1 1 1 1 0 1 1 0 0 0 
1 1 1 0 0 0 0 0 0 1 1 1 1 0 1 1 1 1 1 1 1 0 1 0 1 1 0 0 0 0 0 1 1 1 1 0 1 1 0 1 1 1 0 0 1 0 1 0 1 0 0 0 0 1 1 1 0 1 1 0 1 0 1 1 
1 0 1 1 0 1 0 1 1 1 1 0 1 1 1 0 1 1 1 0 0 0 1 0 1 1 1 0 1 0 1 0 1 0 1 1 0 0 0 1 1 1 1 0 0 0 0 0 1 1 0 1 1 1 0 0 0 1 1 1 1 0 0 0 
1 1 1 1 1 1 0 0 1 1 0 1 0 1 1 1 0 1 1 0 1 1 0 1 0 1 1 1 0 1 0 1 0 1 0 0 1 0 0 0 1 1 1 1 0 1 1 0 0 0 0 1 1 1 1 1 0 0 0 0 1 0 1 1 
0 1 1 1 1 0 1 1 1 0 0 1 1 1 1 0 1 0 1 0 1 0 1 1 0 0 0 1 0 1 1 0 1 0 1 0 0 0 1 1 1 0 0 0 1 0 0 1 0 0 1 1 0 1 0 1 1 0 0 1 0 1 0 1 
0 1 1 0 0 1 0 1 1 0 1 0 0 0 1 0 0 1 1 0 0 0 1 1 0 0 0 0 1 0 1 1 0 1 0 0 0 0 1 1 0 0 1 1 0 1 1 0 0 1 1 0 1 0 1 1 0 1 0 0 0 1 1 0 
0 1 0 0 1 1 1 0 1 1 1 0 0 0 0 0 1 1 0 0 0 1 0 0 0 0 0 0 1 0 0 0 1 0 0 1 1 0 1 1 1 0 1 1 0 1 1 0 1 1 0 1 0 0 1 0 0 0 1 0 0 1 0 1 
0 0 0 1 0 1 0 1 1 1 0 0 1 1 0 0 0 0 1 0 1 0 1 1 0 0 1 0 1 1 0 1 0 0 1 0 0 1 0 1 1 0 1 0 0 1 0 0 0 1 1 1 1 0 0 0 0 0 0 1 1 0 1 1 
1 0 0 1 1 0 0 0 0 0 0 0 1 0 1 1 1 0 0 1 0 1 1 0 1 1 1 0 0 0 0 1 0 0 0 0 0 0 0 0 0 1 1 0 1 0 1 1 0 0 0 0 1 1 0 0 0 1 0 0 0 0 1 0 
0 1 0 0 0 1 1 0 0 0 0 1 0 0 0 0 0 0 0 1 1 0 1 0 1 1 0 1 0 0 0 0 1 0 1 1 1 0 0 1 0 0 1 0 0 1 0 0 0 0 1 1 0 0 1 1 0 0 1 0 0 1 0 1 
1 1 1 1 1 1 0 1 1 1 1 0 1 1 0 1 1 0 0 1 0 0 1 0 0 0 0 0 1 1 1 0 0 0 1 0 1 0 1 1 1 1 1 0 0 1 1 0 1 0 1 0 0 0 0 0 0 1 0 1 0 1 0 0 
0 1 0 1 1 0 0 1 1 1 1 1 1 1 1 0 1 1 0 1 1 1 1 0 0 1 1 0 0 1 0 0 1 1 0 0 1 0 1 0 0 1 1 1 0 1 1 1 0 0 0 1 1 1 1 1 0 1 1 0 0 1 1 1 
0 1 0 1 1 1 1 1 0 1 0 0 0 0 1 0 0 1 1 1 0 1 0 0 0 1 1 0 0 0 0 1 1 0 0 0 1 0 0 0 1 0 0 1 0 0 1 0 1 0 1 0 1 1 0 1 0 1 0 1 1 0 0 0 
0 0 1 1 0 1 1 1 1 0 0 0 0 1 0 1 0 0 1 1 1 0 1 0 1 1 1 1 1 1 1 1 1 0 0 0 1 0 1 1 0 0 1 0 1 1 1 1 1 1 1 1 1 0 1 0 1 0 1 0 1 1 1 0 
1 1 0 1 1 0 0 1 0 1 1 1 0 1 1 0 0 0 1 1 0 0 1 1 0 1 1 1 0 0 1 1 1 0 0 1 0 0 0 0 1 0 1 0 1 0 0 1 0 1 0 0 1 1 1 1 0 0 0 0 0 1 0 0 
1 0 1 1 1 1 1 0 1 1 0 0 1 0 1 0 1 1 0 0 1 0 1 1 0 1 0 1 1 0 1 0 0 0 0 1 1 1 0 1 0 0 1 0 1 1 0 0 0 0 1 1 0 0 1 1 0 1 0 1 1 1 1 1 
1 1 1 0 1 1 1 1 1 1 1 0 0 1 1 0 0 0 0 0 0 1 1 0 0 1 1 1 0 1 0 1 0 1 0 1 0 1 1 0 0 0 0 0 0 1 1 0 1 1 0 0 0 0 0 0 1 0 1 0 1 1 1 1 
